3240194843.75,-41.33301
3240195000.0,-41.31639
3240195156.25,-41.33445
3240195312.5,-41.30737
3240195468.75,-41.32085
3240195625.0,-41.31948
3240195781.25,-41.31766
3240195937.5,-41.34336
3240196093.75,-41.32569
3240196250.0,-41.32552
3240196406.25,-41.31761
3240196562.5,-41.33422
3240196718.75,-41.32473
3240196875.0,-41.32902
3240197031.25,-41.33443
3240197187.5,-41.30883
3240197343.75,-41.31961
3240197500.0,-41.31225
3240197656.25,-41.31772
3240197812.5,-41.29226
3240197968.75,-41.31401
3240198125.0,-41.32133
3240198281.25,-41.32002
3240198437.5,-41.31635
3240198593.75,-41.30383
3240198750.0,-41.32548
3240198906.25,-41.31553
3240199062.5,-41.30856
3240199218.75,-41.32439
3240199375.0,-41.30174
3240199531.25,-41.3253
3240199687.5,-41.32552
3240199843.75,-41.32695
3240200000.0,-41.31796
3240200156.25,-41.30864
3240200312.5,-41.30635
3240200468.75,-41.29011
3240200625.0,-41.30477
3240200781.25,-41.30558
3240200937.5,-41.30001
3240201093.75,-41.29479
3240201250.0,-41.3162
3240201406.25,-41.30565
3240201562.5,-41.31406
3240201718.75,-41.29264
3240201875.0,-41.30129
3240202031.25,-41.28899
3240202187.5,-41.28761
3240202343.75,-41.2933
3240202500.0,-41.32653
3240202656.25,-41.32988
3240202812.5,-41.30333
3240202968.75,-41.30334
3240203125.0,-41.30283
3240203281.25,-41.29539
3240203437.5,-41.30549
3240203593.75,-41.29396
3240203750.0,-41.31559
3240203906.25,-41.31034
3240204062.5,-41.28616
3240204218.75,-41.28951
3240204375.0,-41.28665
3240204531.25,-41.29172
3240204687.5,-41.28305
3240204843.75,-41.3001
3240205000.0,-41.29943
3240205156.25,-41.30009
3240205312.5,-41.30569
3240205468.75,-41.28637
3240205625.0,-41.28488
3240205781.25,-41.28619
3240205937.5,-41.28508
3240206093.75,-41.28672
3240206250.0,-41.28495
3240206406.25,-41.30001
3240206562.5,-41.29497
3240206718.75,-41.29557
3240206875.0,-41.30161
3240207031.25,-41.27528
3240207187.5,-41.27985
3240207343.75,-41.29952
3240207500.0,-41.28073
3240207656.25,-41.28317
3240207812.5,-41.29367
3240207968.75,-41.27527
3240208125.0,-41.30345
3240208281.25,-41.27869
3240208437.5,-41.30712
3240208593.75,-41.2753
3240208750.0,-41.28875
3240208906.25,-41.2928
3240209062.5,-41.26434
3240209218.75,-41.28361
3240209375.0,-41.30531
3240209531.25,-41.28272
3240209687.5,-41.27754
3240209843.75,-41.27927
3240210000.0,-41.2822
3240210156.25,-41.25831
3240210312.5,-41.27849
3240210468.75,-41.27573
3240210625.0,-41.27346
3240210781.25,-41.28621
3240210937.5,-41.27268
3240211093.75,-41.27934
3240211250.0,-41.24994
3240211406.25,-41.26467
3240211562.5,-41.24897
3240211718.75,-41.27022
3240211875.0,-41.24724
3240212031.25,-41.27551
3240212187.5,-41.28432
3240212343.75,-41.27206
3240212500.0,-41.28159
3240212656.25,-41.2607
3240212812.5,-41.26481
3240212968.75,-41.2652
3240213125.0,-41.28991
3240213281.25,-41.2806
3240213437.5,-41.27716
3240213593.75,-41.26712
3240213750.0,-41.23807
3240213906.25,-41.26436
3240214062.5,-41.26888
3240214218.75,-41.25412
3240214375.0,-41.27615
3240214531.25,-41.26003
3240214687.5,-41.27885
3240214843.75,-41.26787
3240215000.0,-41.24554
3240215156.25,-41.26965
3240215312.5,-41.26817
3240215468.75,-41.2621
3240215625.0,-41.25866
3240215781.25,-41.25272
3240215937.5,-41.26152
3240216093.75,-41.23883
3240216250.0,-41.24233
3240216406.25,-41.25692
3240216562.5,-41.263
3240216718.75,-41.25773
3240216875.0,-41.25552
3240217031.25,-41.25817
3240217187.5,-41.24728
3240217343.75,-41.24101
3240217500.0,-41.25223
3240217656.25,-41.25142
3240217812.5,-41.25139
3240217968.75,-41.24746
3240218125.0,-41.26471
3240218281.25,-41.23771
3240218437.5,-41.27095
3240218593.75,-41.242
3240218750.0,-41.23058
3240218906.25,-41.23283
3240219062.5,-41.22952
3240219218.75,-41.24682
3240219375.0,-41.23361
3240219531.25,-41.22962
3240219687.5,-41.23383
3240219843.75,-41.25319
3240220000.0,-41.23632
3240220156.25,-41.2482
3240220312.5,-41.23138
3240220468.75,-41.24657
3240220625.0,-41.24514
3240220781.25,-41.23899
3240220937.5,-41.22875
3240221093.75,-41.2422
3240221250.0,-41.24685
3240221406.25,-41.23532
3240221562.5,-41.24028
3240221718.75,-41.24258
3240221875.0,-41.23809
3240222031.25,-41.2406
3240222187.5,-41.23986
3240222343.75,-41.23441
3240222500.0,-41.22
3240222656.25,-41.21931
3240222812.5,-41.22695
3240222968.75,-41.22696
3240223125.0,-41.21925
3240223281.25,-41.20532
3240223437.5,-41.208
3240223593.75,-41.21881
3240223750.0,-41.23428
3240223906.25,-41.21247
3240224062.5,-41.23839
3240224218.75,-41.22853
3240224375.0,-41.23751
3240224531.25,-41.21264
3240224687.5,-41.22017
3240224843.75,-41.21075
3240225000.0,-41.22218
3240225156.25,-41.23533
3240225312.5,-41.23221
3240225468.75,-41.22324
3240225625.0,-41.22115
3240225781.25,-41.20478
3240225937.5,-41.23069
3240226093.75,-41.21642
3240226250.0,-41.22958
3240226406.25,-41.21579
3240226562.5,-41.23455
3240226718.75,-41.20961
3240226875.0,-41.22833
3240227031.25,-41.21157
3240227187.5,-41.21037
3240227343.75,-41.21477
3240227500.0,-41.23112
3240227656.25,-41.20209
3240227812.5,-41.22871
3240227968.75,-41.22385
3240228125.0,-41.20767
3240228281.25,-41.19826
3240228437.5,-41.20341
3240228593.75,-41.23304
3240228750.0,-41.20183
3240228906.25,-41.21093
3240229062.5,-41.19768
3240229218.75,-41.18874
3240229375.0,-41.20128
3240229531.25,-41.20093
3240229687.5,-41.20008
3240229843.75,-41.22948
3240230000.0,-41.20348
3240230156.25,-41.2155
3240230312.5,-41.2072
3240230468.75,-41.19661
3240230625.0,-41.20008
3240230781.25,-41.17748
3240230937.5,-41.19932
3240231093.75,-41.18554
3240231250.0,-41.22082
3240231406.25,-41.19087
3240231562.5,-41.20049
3240231718.75,-41.19659
3240231875.0,-41.18107
3240232031.25,-41.18585
3240232187.5,-41.19881
3240232343.75,-41.18995
3240232500.0,-41.18545
3240232656.25,-41.2087
3240232812.5,-41.20141
3240232968.75,-41.187
3240233125.0,-41.20523
3240233281.25,-41.21279
3240233437.5,-41.21689
3240233593.75,-41.19218
3240233750.0,-41.19963
3240233906.25,-41.20368
3240234062.5,-41.20002
3240234218.75,-41.1899
3240234375.0,-41.20448
3240234531.25,-41.19165
3240234687.5,-41.18939
3240234843.75,-41.20636
3240235000.0,-41.2041
3240235156.25,-41.17899
3240235312.5,-41.19547
3240235468.75,-41.16653
3240235625.0,-41.18847
3240235781.25,-41.20758
3240235937.5,-41.18804
3240236093.75,-41.17874
3240236250.0,-41.19453
3240236406.25,-41.16776
3240236562.5,-41.20764
3240236718.75,-41.18924
3240236875.0,-41.1793
3240237031.25,-41.17929
3240237187.5,-41.19845
3240237343.75,-41.16157
3240237500.0,-41.20279
3240237656.25,-41.18106
3240237812.5,-41.17876
3240237968.75,-41.16615
3240238125.0,-41.18584
3240238281.25,-41.15626
3240238437.5,-41.18519
3240238593.75,-41.15714
3240238750.0,-41.19373
3240238906.25,-41.16636
3240239062.5,-41.1738
3240239218.75,-41.17451
3240239375.0,-41.17654
3240239531.25,-41.17103
3240239687.5,-41.18861
3240239843.75,-41.17632
3240240000.0,-41.16744
3240240156.25,-41.18524
3240240312.5,-41.17663
3240240468.75,-41.16537
3240240625.0,-41.16727
3240240781.25,-41.16984
3240240937.5,-41.17118
3240241093.75,-41.17566
3240241250.0,-41.16757
3240241406.25,-41.16135
3240241562.5,-41.16133
3240241718.75,-41.16555
3240241875.0,-41.1459
3240242031.25,-41.16987
3240242187.5,-41.18736
3240242343.75,-41.16187
3240242500.0,-41.16671
3240242656.25,-41.16751
3240242812.5,-41.1735
3240242968.75,-41.1646
3240243125.0,-41.15727
3240243281.25,-41.1765
3240243437.5,-41.14206
3240243593.75,-41.15903
3240243750.0,-41.14777
3240243906.25,-41.16666
3240244062.5,-41.14434
3240244218.75,-41.16116
3240244375.0,-41.14501
3240244531.25,-41.14845
3240244687.5,-41.15481
3240244843.75,-41.12635
3240245000.0,-41.15033
3240245156.25,-41.14404
3240245312.5,-41.14758
3240245468.75,-41.13614
3240245625.0,-41.16281
3240245781.25,-41.13326
3240245937.5,-41.1581
3240246093.75,-41.1464
3240246250.0,-41.16544
3240246406.25,-41.13222
3240246562.5,-41.13497
3240246718.75,-41.14571
3240246875.0,-41.13112
3240247031.25,-41.169
3240247187.5,-41.1241
3240247343.75,-41.16512
3240247500.0,-41.1403
3240247656.25,-41.16637
3240247812.5,-41.1482
3240247968.75,-41.14769
3240248125.0,-41.15636
3240248281.25,-41.12427
3240248437.5,-41.16211
3240248593.75,-41.11019
3240248750.0,-41.1383
3240248906.25,-41.13535
3240249062.5,-41.14368
3240249218.75,-41.14072
3240249375.0,-41.14405
3240249531.25,-41.13317
3240249687.5,-41.13372
3240249843.75,-41.15096
3240250000.0,-41.14544
3240250156.25,-41.15981
3240250312.5,-41.12517
3240250468.75,-41.14939
3240250625.0,-41.14965
3240250781.25,-41.14056
3240250937.5,-41.11474
3240251093.75,-41.13374
3240251250.0,-41.13577
3240251406.25,-41.11807
3240251562.5,-41.10825
3240251718.75,-41.13646
3240251875.0,-41.11544
3240252031.25,-41.13604
3240252187.5,-41.12723
3240252343.75,-41.13968
3240252500.0,-41.15378
3240252656.25,-41.14145
3240252812.5,-41.14757
3240252968.75,-41.11304
3240253125.0,-41.12126
3240253281.25,-41.1247
3240253437.5,-41.15011
3240253593.75,-41.11733
3240253750.0,-41.11003
3240253906.25,-41.11208
3240254062.5,-41.12864
3240254218.75,-41.14348
3240254375.0,-41.10263
3240254531.25,-41.1149
3240254687.5,-41.11789
3240254843.75,-41.12447
3240255000.0,-41.12773
3240255156.25,-41.1071
3240255312.5,-41.11024
3240255468.75,-41.11177
3240255625.0,-41.12003
3240255781.25,-41.11546
3240255937.5,-41.10553
3240256093.75,-41.10874
3240256250.0,-41.10761
3240256406.25,-41.10925
3240256562.5,-41.1136
3240256718.75,-41.12627
3240256875.0,-41.10277
3240257031.25,-41.10434
3240257187.5,-41.0797
3240257343.75,-41.09582
3240257500.0,-41.09492
3240257656.25,-41.10954
3240257812.5,-41.11058
3240257968.75,-41.10126
3240258125.0,-41.11429
3240258281.25,-41.12381
3240258437.5,-41.10888
3240258593.75,-41.09674
3240258750.0,-41.10721
3240258906.25,-41.11002
3240259062.5,-41.09686
3240259218.75,-41.09442
3240259375.0,-41.09298
3240259531.25,-41.0934
3240259687.5,-41.1111
3240259843.75,-41.09827
3240260000.0,-41.0813
3240260156.25,-41.08857
3240260312.5,-41.12424
3240260468.75,-41.09884
3240260625.0,-41.09804
3240260781.25,-41.09208
3240260937.5,-41.08497
3240261093.75,-41.10223
3240261250.0,-41.0914
3240261406.25,-41.09135
3240261562.5,-41.08653
3240261718.75,-41.09749
3240261875.0,-41.0882
3240262031.25,-41.09637
3240262187.5,-41.08609
3240262343.75,-41.09167
3240262500.0,-41.09891
3240262656.25,-41.0886
3240262812.5,-41.09682
3240262968.75,-41.09772
3240263125.0,-41.08381
3240263281.25,-41.09688
3240263437.5,-41.09446
3240263593.75,-41.07317
3240263750.0,-41.0815
3240263906.25,-41.06357
3240264062.5,-41.07846
3240264218.75,-41.07589
3240264375.0,-41.05935
3240264531.25,-41.08266
3240264687.5,-41.07314
3240264843.75,-41.09692
3240265000.0,-41.07968
3240265156.25,-41.08638
3240265312.5,-41.07904
3240265468.75,-41.08483
3240265625.0,-41.07684
3240265781.25,-41.07479
3240265937.5,-41.05272
3240266093.75,-41.08724
3240266250.0,-41.07782
3240266406.25,-41.0727
3240266562.5,-41.07566
3240266718.75,-41.06873
3240266875.0,-41.05878
3240267031.25,-41.0813
3240267187.5,-41.06078
3240267343.75,-41.0592
3240267500.0,-41.06512
3240267656.25,-41.07529
3240267812.5,-41.0806
3240267968.75,-41.08354
3240268125.0,-41.07228
3240268281.25,-41.06624
3240268437.5,-41.07618
3240268593.75,-41.06807
3240268750.0,-41.07428
3240268906.25,-41.06828
3240269062.5,-41.04324
3240269218.75,-41.0698
3240269375.0,-41.06778
3240269531.25,-41.05236
3240269687.5,-41.057
3240269843.75,-41.07366
3240270000.0,-41.0704
3240270156.25,-41.06813
3240270312.5,-41.06099
3240270468.75,-41.06688
3240270625.0,-41.0377
3240270781.25,-41.04584
3240270937.5,-41.06149
3240271093.75,-41.04193
3240271250.0,-41.06167
3240271406.25,-41.05976
3240271562.5,-41.05292
3240271718.75,-41.05343
3240271875.0,-41.05555
3240272031.25,-41.05581
3240272187.5,-41.06134
3240272343.75,-41.05864
3240272500.0,-41.05052
3240272656.25,-41.06364
3240272812.5,-41.0524
3240272968.75,-41.05128
3240273125.0,-41.04852
3240273281.25,-41.05018
3240273437.5,-41.02724
3240273593.75,-41.04637
3240273750.0,-41.05643
3240273906.25,-41.06296
3240274062.5,-41.03496
3240274218.75,-41.04596
3240274375.0,-41.04779
3240274531.25,-41.04577
3240274687.5,-41.04478
3240274843.75,-41.04743
3240275000.0,-41.05365
3240275156.25,-41.04953
3240275312.5,-41.04364
3240275468.75,-41.05639
3240275625.0,-41.02365
3240275781.25,-41.03802
3240275937.5,-41.04199
3240276093.75,-41.03291
3240276250.0,-41.04369
3240276406.25,-41.03581
3240276562.5,-41.03155
3240276718.75,-41.05145
3240276875.0,-41.03305
3240277031.25,-41.0247
3240277187.5,-41.02367
3240277343.75,-41.03094
3240277500.0,-41.01508
3240277656.25,-41.01892
3240277812.5,-41.03477
3240277968.75,-41.04719
3240278125.0,-41.03485
3240278281.25,-41.04331
3240278437.5,-41.01221
3240278593.75,-41.01214
3240278750.0,-41.03971
3240278906.25,-41.03605
3240279062.5,-41.00114
3240279218.75,-41.04041
3240279375.0,-41.03614
3240279531.25,-41.02477
3240279687.5,-41.02259
3240279843.75,-41.02224
3240280000.0,-41.02807
3240280156.25,-41.02654
3240280312.5,-41.04436
3240280468.75,-41.02979
3240280625.0,-41.01013
3240280781.25,-41.02335
3240280937.5,-41.01851
3240281093.75,-41.01338
3240281250.0,-41.02922
3240281406.25,-41.02545
3240281562.5,-41.00292
3240281718.75,-41.00958
3240281875.0,-41.02237
3240282031.25,-41.02436
3240282187.5,-41.01768
3240282343.75,-41.00959
3240282500.0,-41.02005
3240282656.25,-41.01373
3240282812.5,-41.02985
3240282968.75,-41.02693
3240283125.0,-41.01584
3240283281.25,-41.02221
3240283437.5,-41.01287
3240283593.75,-41.02045
3240283750.0,-41.01833
3240283906.25,-40.98319
3240284062.5,-41.02151
3240284218.75,-41.01272
3240284375.0,-41.0037
3240284531.25,-41.01744
3240284687.5,-41.0004
3240284843.75,-41.01989
3240285000.0,-40.99452
3240285156.25,-41.00741
3240285312.5,-40.99648
3240285468.75,-41.01658
3240285625.0,-41.02198
3240285781.25,-41.01341
3240285937.5,-41.0132
3240286093.75,-41.0181
3240286250.0,-41.00095
3240286406.25,-40.99832
3240286562.5,-41.01038
3240286718.75,-40.99612
3240286875.0,-41.03629
3240287031.25,-40.99842
3240287187.5,-41.00919
3240287343.75,-40.98683
3240287500.0,-41.00946
3240287656.25,-40.99594
3240287812.5,-40.98513
3240287968.75,-41.0048
3240288125.0,-40.99692
3240288281.25,-40.98994
3240288437.5,-40.99024
3240288593.75,-40.99019
3240288750.0,-40.99043
3240288906.25,-41.00274
3240289062.5,-40.98812
3240289218.75,-40.96876
3240289375.0,-40.98423
3240289531.25,-41.00191
3240289687.5,-40.99712
3240289843.75,-40.98426
3240290000.0,-40.98602
3240290156.25,-41.01492
3240290312.5,-40.98475
3240290468.75,-40.98045
3240290625.0,-41.00092
3240290781.25,-40.98656
3240290937.5,-40.99724
3240291093.75,-41.00145
3240291250.0,-40.99708
3240291406.25,-40.98355
3240291562.5,-40.98185
3240291718.75,-40.96383
3240291875.0,-40.99383
3240292031.25,-40.96543
3240292187.5,-40.99043
3240292343.75,-40.97539
3240292500.0,-40.983
3240292656.25,-40.98028
3240292812.5,-40.9871
3240292968.75,-41.00495
3240293125.0,-40.98395
3240293281.25,-40.99484
3240293437.5,-40.95967
3240293593.75,-40.96437
3240293750.0,-40.96624
3240293906.25,-40.96769
3240294062.5,-40.99303
3240294218.75,-40.95109
3240294375.0,-40.9593
3240294531.25,-40.97346
3240294687.5,-40.98855
3240294843.75,-40.97141
3240295000.0,-40.95317
3240295156.25,-40.97616
3240295312.5,-40.96629
3240295468.75,-40.95481
3240295625.0,-40.95369
3240295781.25,-40.97556
3240295937.5,-40.96906
3240296093.75,-40.96434
3240296250.0,-40.97485
3240296406.25,-40.98103
3240296562.5,-40.94704
3240296718.75,-40.97852
3240296875.0,-40.96647
3240297031.25,-40.96286
3240297187.5,-40.95728
3240297343.75,-40.9411
3240297500.0,-40.95584
3240297656.25,-40.95612
3240297812.5,-40.94823
3240297968.75,-40.98208
3240298125.0,-40.94308
3240298281.25,-40.94411
3240298437.5,-40.95219
3240298593.75,-40.95667
3240298750.0,-40.95322
3240298906.25,-40.94514
3240299062.5,-40.96122
3240299218.75,-40.94773
3240299375.0,-40.96886
3240299531.25,-40.98037
3240299687.5,-40.96531
3240299843.75,-40.95129
3240300000.0,-40.95178
3240300156.25,-40.94778
3240300312.5,-40.96115
3240300468.75,-40.96901
3240300625.0,-40.96171
3240300781.25,-40.94581
3240300937.5,-40.95578
3240301093.75,-40.94016
3240301250.0,-40.93616
3240301406.25,-40.95233
3240301562.5,-40.95956
3240301718.75,-40.93258
3240301875.0,-40.95406
3240302031.25,-40.94384
3240302187.5,-40.95616
3240302343.75,-40.93521
3240302500.0,-40.9465
3240302656.25,-40.94722
3240302812.5,-40.95227
3240302968.75,-40.94666
3240303125.0,-40.93139
3240303281.25,-40.95103
3240303437.5,-40.952
3240303593.75,-40.92848
3240303750.0,-40.96104
3240303906.25,-40.93844
3240304062.5,-40.92996
3240304218.75,-40.9399
3240304375.0,-40.94593
3240304531.25,-40.93611
3240304687.5,-40.9304
3240304843.75,-40.95125
3240305000.0,-40.94135
3240305156.25,-40.94113
3240305312.5,-40.93908
3240305468.75,-40.9373
3240305625.0,-40.93623
3240305781.25,-40.9293
3240305937.5,-40.93954
3240306093.75,-40.9264
3240306250.0,-40.93276
3240306406.25,-40.93258
3240306562.5,-40.91541
3240306718.75,-40.93256
3240306875.0,-40.92862
3240307031.25,-40.92812
3240307187.5,-40.92932
3240307343.75,-40.91223
3240307500.0,-40.9196
3240307656.25,-40.93151
3240307812.5,-40.93132
3240307968.75,-40.91729
3240308125.0,-40.93663
3240308281.25,-40.92303
3240308437.5,-40.9035
3240308593.75,-40.91698
3240308750.0,-40.92307
3240308906.25,-40.94382
3240309062.5,-40.94073
3240309218.75,-40.90799
3240309375.0,-40.93629
3240309531.25,-40.90318
3240309687.5,-40.91147
3240309843.75,-40.92225
3240310000.0,-40.92083
3240310156.25,-40.92215
3240310312.5,-40.92103
3240310468.75,-40.92101
3240310625.0,-40.90386
3240310781.25,-40.93571
3240310937.5,-40.91838
3240311093.75,-40.91613
3240311250.0,-40.91494
3240311406.25,-40.92854
3240311562.5,-40.90625
3240311718.75,-40.92343
3240311875.0,-40.91077
3240312031.25,-40.9033
3240312187.5,-40.91376
3240312343.75,-40.92873
3240312500.0,-40.91555
3240312656.25,-40.90619
3240312812.5,-40.90068
3240312968.75,-40.89658
3240313125.0,-40.9112
3240313281.25,-40.9063
3240313437.5,-40.91056
3240313593.75,-40.90034
3240313750.0,-40.90004
3240313906.25,-40.91109
3240314062.5,-40.90894
3240314218.75,-40.9013
3240314375.0,-40.86985
3240314531.25,-40.88897
3240314687.5,-40.88924
3240314843.75,-40.90327
3240315000.0,-40.88274
3240315156.25,-40.90828
3240315312.5,-40.90894
3240315468.75,-40.90107
3240315625.0,-40.91365
3240315781.25,-40.89548
3240315937.5,-40.90345
3240316093.75,-40.89999
3240316250.0,-40.91158
3240316406.25,-40.91414
3240316562.5,-40.88558
3240316718.75,-40.89628
3240316875.0,-40.89221
3240317031.25,-40.89566
3240317187.5,-40.9026
3240317343.75,-40.87045
3240317500.0,-40.88439
3240317656.25,-40.88037
3240317812.5,-40.89741
3240317968.75,-40.87733
3240318125.0,-40.88593
3240318281.25,-40.89578
3240318437.5,-40.86985
3240318593.75,-40.87714
3240318750.0,-40.88021
3240318906.25,-40.88258
3240319062.5,-40.87251
3240319218.75,-40.86712
3240319375.0,-40.8948
3240319531.25,-40.86528
3240319687.5,-40.89134
3240319843.75,-40.8716
3240320000.0,-40.86568
3240320156.25,-40.87607
3240320312.5,-40.88382
3240320468.75,-40.8786
3240320625.0,-40.87266
3240320781.25,-40.88609
3240320937.5,-40.86403
3240321093.75,-40.89154
3240321250.0,-40.88632
3240321406.25,-40.88015
3240321562.5,-40.87015
3240321718.75,-40.87514
3240321875.0,-40.87521
3240322031.25,-40.86887
3240322187.5,-40.88721
3240322343.75,-40.85462
3240322500.0,-40.86574
3240322656.25,-40.86365
3240322812.5,-40.86621
3240322968.75,-40.87532
3240323125.0,-40.85198
3240323281.25,-40.87403
3240323437.5,-40.862
3240323593.75,-40.87384
3240323750.0,-40.85213
3240323906.25,-40.87453
3240324062.5,-40.87963
3240324218.75,-40.87865
3240324375.0,-40.86364
3240324531.25,-40.89225
3240324687.5,-40.86403
3240324843.75,-40.85048
3240325000.0,-40.85996
3240325156.25,-40.85049
3240325312.5,-40.85736
3240325468.75,-40.85434
3240325625.0,-40.85979
3240325781.25,-40.85234
3240325937.5,-40.87017
3240326093.75,-40.86378
3240326250.0,-40.85258
3240326406.25,-40.87822
3240326562.5,-40.85039
3240326718.75,-40.85529
3240326875.0,-40.85925
3240327031.25,-40.84804
3240327187.5,-40.85695
3240327343.75,-40.85963
3240327500.0,-40.84888
3240327656.25,-40.84392
3240327812.5,-40.84412
3240327968.75,-40.85536
3240328125.0,-40.86168
3240328281.25,-40.85764
3240328437.5,-40.85767
3240328593.75,-40.83689
3240328750.0,-40.82953
3240328906.25,-40.84068
3240329062.5,-40.85895
3240329218.75,-40.84016
3240329375.0,-40.83284
3240329531.25,-40.84356
3240329687.5,-40.82668
3240329843.75,-40.83509
3240330000.0,-40.84718
3240330156.25,-40.82771
3240330312.5,-40.85095
3240330468.75,-40.83891
3240330625.0,-40.83838
3240330781.25,-40.83714
3240330937.5,-40.83057
3240331093.75,-40.83462
3240331250.0,-40.84224
3240331406.25,-40.81654
3240331562.5,-40.83935
3240331718.75,-40.83696
3240331875.0,-40.83462
3240332031.25,-40.83139
3240332187.5,-40.83797
3240332343.75,-40.82242
3240332500.0,-40.84122
3240332656.25,-40.85234
3240332812.5,-40.84235
3240332968.75,-40.82874
3240333125.0,-40.81685
3240333281.25,-40.85315
3240333437.5,-40.81618
3240333593.75,-40.8446
3240333750.0,-40.85505
3240333906.25,-40.81916
3240334062.5,-40.81745
3240334218.75,-40.82691
3240334375.0,-40.83085
3240334531.25,-40.83903
3240334687.5,-40.81377
3240334843.75,-40.81675
3240335000.0,-40.82152
3240335156.25,-40.82764
3240335312.5,-40.82481
3240335468.75,-40.83191
3240335625.0,-40.80361
3240335781.25,-40.81036
3240335937.5,-40.83556
3240336093.75,-40.8308
3240336250.0,-40.80665
3240336406.25,-40.81625
3240336562.5,-40.83125
3240336718.75,-40.81813
3240336875.0,-40.83934
3240337031.25,-40.84055
3240337187.5,-40.81498
3240337343.75,-40.81609
3240337500.0,-40.81116
3240337656.25,-40.82148
3240337812.5,-40.81428
3240337968.75,-40.83146
3240338125.0,-40.81409
3240338281.25,-40.81199
3240338437.5,-40.81096
3240338593.75,-40.80343
3240338750.0,-40.81028
3240338906.25,-40.81691
3240339062.5,-40.7916
3240339218.75,-40.82162
3240339375.0,-40.80254
3240339531.25,-40.79926
3240339687.5,-40.80768
3240339843.75,-40.80849
3240340000.0,-40.7928
3240340156.25,-40.81445
3240340312.5,-40.80431
3240340468.75,-40.81807
3240340625.0,-40.78803
3240340781.25,-40.79064
3240340937.5,-40.79745
3240341093.75,-40.78925
3240341250.0,-40.79018
3240341406.25,-40.81838
3240341562.5,-40.80515
3240341718.75,-40.81012
3240341875.0,-40.81511
3240342031.25,-40.80965
3240342187.5,-40.78424
3240342343.75,-40.78582
3240342500.0,-40.81313
3240342656.25,-40.78034
3240342812.5,-40.81633
3240342968.75,-40.79222
3240343125.0,-40.79295
3240343281.25,-40.77406
3240343437.5,-40.79375
3240343593.75,-40.80082
3240343750.0,-40.80101
3240343906.25,-40.79458
3240344062.5,-40.80195
3240344218.75,-40.79878
3240344375.0,-40.78322
3240344531.25,-40.78354
3240344687.5,-40.77848
3240344843.75,-40.77526
3240345000.0,-40.80543
3240345156.25,-40.7985
3240345312.5,-40.80405
3240345468.75,-40.77911
3240345625.0,-40.78207
3240345781.25,-40.78544
3240345937.5,-40.79539
3240346093.75,-40.77138
3240346250.0,-40.77369
3240346406.25,-40.80498
3240346562.5,-40.78274
3240346718.75,-40.78773
3240346875.0,-40.78248
3240347031.25,-40.78642
3240347187.5,-40.77433
3240347343.75,-40.76151
3240347500.0,-40.78189
3240347656.25,-40.78193
3240347812.5,-40.77595
3240347968.75,-40.77401
3240348125.0,-40.7823
3240348281.25,-40.77707
3240348437.5,-40.78129
3240348593.75,-40.75952
3240348750.0,-40.79102
3240348906.25,-40.78266
3240349062.5,-40.74544
3240349218.75,-40.78633
3240349375.0,-40.76134
3240349531.25,-40.77977
3240349687.5,-40.78008
3240349843.75,-40.77243
3240350000.0,-40.77683
3240350156.25,-40.77234
3240350312.5,-40.74907
3240350468.75,-40.77621
3240350625.0,-40.75666
3240350781.25,-40.77791
3240350937.5,-40.75848
3240351093.75,-40.76797
3240351250.0,-40.76327
3240351406.25,-40.76778
3240351562.5,-40.76617
3240351718.75,-40.78174
3240351875.0,-40.77843
3240352031.25,-40.77167
3240352187.5,-40.78122
3240352343.75,-40.76699
3240352500.0,-40.76549
3240352656.25,-40.759
3240352812.5,-40.77209
3240352968.75,-40.75612
3240353125.0,-40.75596
3240353281.25,-40.76164
3240353437.5,-40.76648
3240353593.75,-40.75685
3240353750.0,-40.7632
3240353906.25,-40.73762
3240354062.5,-40.75945
3240354218.75,-40.76633
3240354375.0,-40.7564
3240354531.25,-40.72116
3240354687.5,-40.73456
3240354843.75,-40.73693
3240355000.0,-40.76477
3240355156.25,-40.75523
3240355312.5,-40.76854
3240355468.75,-40.75935
3240355625.0,-40.7588
3240355781.25,-40.73213
3240355937.5,-40.74546
3240356093.75,-40.75636
3240356250.0,-40.72036
3240356406.25,-40.73378
3240356562.5,-40.72136
3240356718.75,-40.74543
3240356875.0,-40.75078
3240357031.25,-40.72913
3240357187.5,-40.74561
3240357343.75,-40.74696
3240357500.0,-40.74668
3240357656.25,-40.7584
3240357812.5,-40.73584
3240357968.75,-40.74685
3240358125.0,-40.74229
3240358281.25,-40.73878
3240358437.5,-40.73932
3240358593.75,-40.73195
3240358750.0,-40.73701
3240358906.25,-40.73631
3240359062.5,-40.73699
3240359218.75,-40.73695
3240359375.0,-40.73925
3240359531.25,-40.74169
3240359687.5,-40.73631
3240359843.75,-40.73751
3240360000.0,-40.73519
3240360156.25,-40.73532
3240360312.5,-40.71645
3240360468.75,-40.73188
3240360625.0,-40.73522
3240360781.25,-40.7275
3240360937.5,-40.74109
3240361093.75,-40.72288
3240361250.0,-40.72655
3240361406.25,-40.71469
3240361562.5,-40.73274
3240361718.75,-40.71985
3240361875.0,-40.71849
3240362031.25,-40.72705
3240362187.5,-40.74781
3240362343.75,-40.71741
3240362500.0,-40.72982
3240362656.25,-40.71735
3240362812.5,-40.73933
3240362968.75,-40.72506
3240363125.0,-40.7056
3240363281.25,-40.72854
3240363437.5,-40.71999
3240363593.75,-40.70064
3240363750.0,-40.71978
3240363906.25,-40.71307
3240364062.5,-40.71557
3240364218.75,-40.72042
3240364375.0,-40.72795
3240364531.25,-40.72566
3240364687.5,-40.7025
3240364843.75,-40.72764
3240365000.0,-40.70542
3240365156.25,-40.71778
3240365312.5,-40.69469
3240365468.75,-40.70353
3240365625.0,-40.69711
3240365781.25,-40.72004
3240365937.5,-40.70512
3240366093.75,-40.71184
3240366250.0,-40.7126
3240366406.25,-40.70779
3240366562.5,-40.71484
3240366718.75,-40.71555
3240366875.0,-40.69626
3240367031.25,-40.70838
3240367187.5,-40.70822
3240367343.75,-40.7284
3240367500.0,-40.69979
3240367656.25,-40.68648
3240367812.5,-40.69464
3240367968.75,-40.68603
3240368125.0,-40.70194
3240368281.25,-40.71131
3240368437.5,-40.6957
3240368593.75,-40.70567
3240368750.0,-40.70677
3240368906.25,-40.69487
3240369062.5,-40.6994
3240369218.75,-40.69053
3240369375.0,-40.71738
3240369531.25,-40.70199
3240369687.5,-40.70401
3240369843.75,-40.69173
3240370000.0,-40.71597
3240370156.25,-40.69417
3240370312.5,-40.69378
3240370468.75,-40.70684
3240370625.0,-40.71521
3240370781.25,-40.71868
3240370937.5,-40.71039
3240371093.75,-40.69812
3240371250.0,-40.70557
3240371406.25,-40.70841
3240371562.5,-40.68001
3240371718.75,-40.69152
3240371875.0,-40.70207
3240372031.25,-40.70453
3240372187.5,-40.67509
3240372343.75,-40.6875
3240372500.0,-40.70227
3240372656.25,-40.67607
3240372812.5,-40.68401
3240372968.75,-40.70014
3240373125.0,-40.68247
3240373281.25,-40.68131
3240373437.5,-40.70185
3240373593.75,-40.66552
3240373750.0,-40.68121
3240373906.25,-40.67385
3240374062.5,-40.68974
3240374218.75,-40.67668
3240374375.0,-40.67179
3240374531.25,-40.67426
3240374687.5,-40.67677
3240374843.75,-40.67619
3240375000.0,-40.66818
3240375156.25,-40.66776
3240375312.5,-40.6711
3240375468.75,-40.67868
3240375625.0,-40.67925
3240375781.25,-40.67246
3240375937.5,-40.66018
3240376093.75,-40.66997
3240376250.0,-40.67356
3240376406.25,-40.67536
3240376562.5,-40.6637
3240376718.75,-40.64028
3240376875.0,-40.66267
3240377031.25,-40.66162
3240377187.5,-40.67681
3240377343.75,-40.67157
3240377500.0,-40.64554
3240377656.25,-40.67138
3240377812.5,-40.66528
3240377968.75,-40.67279
3240378125.0,-40.6566
3240378281.25,-40.67125
3240378437.5,-40.65698
3240378593.75,-40.66265
3240378750.0,-40.66257
3240378906.25,-40.65927
3240379062.5,-40.67339
3240379218.75,-40.67279
3240379375.0,-40.64866
3240379531.25,-40.6698
3240379687.5,-40.66248
3240379843.75,-40.6497
3240380000.0,-40.65598
3240380156.25,-40.66568
3240380312.5,-40.65586
3240380468.75,-40.6525
3240380625.0,-40.66356
3240380781.25,-40.64725
3240380937.5,-40.6647
3240381093.75,-40.64542
3240381250.0,-40.65868
3240381406.25,-40.67169
3240381562.5,-40.65417
3240381718.75,-40.65139
3240381875.0,-40.62836
3240382031.25,-40.64549
3240382187.5,-40.66093
3240382343.75,-40.63856
3240382500.0,-40.66631
3240382656.25,-40.65517
3240382812.5,-40.65127
3240382968.75,-40.64331
3240383125.0,-40.62654
3240383281.25,-40.65213
3240383437.5,-40.66457
3240383593.75,-40.65307
3240383750.0,-40.65492
3240383906.25,-40.62731
3240384062.5,-40.64104
3240384218.75,-40.64379
3240384375.0,-40.65191
3240384531.25,-40.64082
3240384687.5,-40.6309
3240384843.75,-40.62684
3240385000.0,-40.65973
3240385156.25,-40.62841
3240385312.5,-40.62925
3240385468.75,-40.6323
3240385625.0,-40.64453
3240385781.25,-40.63549
3240385937.5,-40.63473
3240386093.75,-40.63759
3240386250.0,-40.63041
3240386406.25,-40.63314
3240386562.5,-40.62471
3240386718.75,-40.6165
3240386875.0,-40.61776
3240387031.25,-40.63264
3240387187.5,-40.63834
3240387343.75,-40.63487
3240387500.0,-40.61434
3240387656.25,-40.63808
3240387812.5,-40.63376
3240387968.75,-40.64148
3240388125.0,-40.63282
3240388281.25,-40.63268
3240388437.5,-40.6262
3240388593.75,-40.6218
3240388750.0,-40.62315
3240388906.25,-40.61112
3240389062.5,-40.61396
3240389218.75,-40.61615
3240389375.0,-40.63546
3240389531.25,-40.63318
3240389687.5,-40.62408
3240389843.75,-40.61594
3240390000.0,-40.61269
3240390156.25,-40.61297
3240390312.5,-40.62041
3240390468.75,-40.63177
3240390625.0,-40.63514
3240390781.25,-40.61316
3240390937.5,-40.61285
3240391093.75,-40.626
3240391250.0,-40.63052
3240391406.25,-40.61007
3240391562.5,-40.60514
3240391718.75,-40.61462
3240391875.0,-40.62439
3240392031.25,-40.60078
3240392187.5,-40.59693
3240392343.75,-40.61555
3240392500.0,-40.61383
3240392656.25,-40.60594
3240392812.5,-40.62212
3240392968.75,-40.62625
3240393125.0,-40.60556
3240393281.25,-40.62402
3240393437.5,-40.59508
3240393593.75,-40.62487
3240393750.0,-40.61598
3240393906.25,-40.61974
3240394062.5,-40.60613
3240394218.75,-40.58946
3240394375.0,-40.58904
3240394531.25,-40.59763
3240394687.5,-40.59523
3240394843.75,-40.59181
3240395000.0,-40.59274
3240395156.25,-40.62082
3240395312.5,-40.61332
3240395468.75,-40.61578
3240395625.0,-40.60887
3240395781.25,-40.59069
3240395937.5,-40.59904
3240396093.75,-40.59629
3240396250.0,-40.60288
3240396406.25,-40.59231
3240396562.5,-40.59292
3240396718.75,-40.58983
3240396875.0,-40.60013
3240397031.25,-40.58392
3240397187.5,-40.59371
3240397343.75,-40.59359
3240397500.0,-40.58022
3240397656.25,-40.58842
3240397812.5,-40.58892
3240397968.75,-40.585
3240398125.0,-40.58764
3240398281.25,-40.58807
3240398437.5,-40.5596
3240398593.75,-40.58836
3240398750.0,-40.59269
3240398906.25,-40.57482
3240399062.5,-40.57213
3240399218.75,-40.59429
3240399375.0,-40.5896
3240399531.25,-40.58132
3240399687.5,-40.59804
3240399843.75,-40.58612
3240400000.0,-40.59116
3240400156.25,-40.56878
3240400312.5,-40.58775
3240400468.75,-40.5671
3240400625.0,-40.58661
3240400781.25,-40.58703
3240400937.5,-40.58621
3240401093.75,-40.57995
3240401250.0,-40.57956
3240401406.25,-40.56889
3240401562.5,-40.58482
3240401718.75,-40.56832
3240401875.0,-40.58547
3240402031.25,-40.55867
3240402187.5,-40.57691
3240402343.75,-40.57802
3240402500.0,-40.56555
3240402656.25,-40.57089
3240402812.5,-40.56006
3240402968.75,-40.56543
3240403125.0,-40.57406
3240403281.25,-40.57069
3240403437.5,-40.57321
3240403593.75,-40.56337
3240403750.0,-40.57604
3240403906.25,-40.57139
3240404062.5,-40.5783
3240404218.75,-40.54885
3240404375.0,-40.56855
3240404531.25,-40.5761
3240404687.5,-40.57318
3240404843.75,-40.5526
3240405000.0,-40.56953
3240405156.25,-40.56515
3240405312.5,-40.56461
3240405468.75,-40.56882
3240405625.0,-40.56591
3240405781.25,-40.5679
3240405937.5,-40.55957
3240406093.75,-40.56574
3240406250.0,-40.56614
3240406406.25,-40.56099
3240406562.5,-40.55783
3240406718.75,-40.56767
3240406875.0,-40.56341
3240407031.25,-40.56911
3240407187.5,-40.56155
3240407343.75,-40.56721
3240407500.0,-40.5492
3240407656.25,-40.5606
3240407812.5,-40.54726
3240407968.75,-40.54575
3240408125.0,-40.57839
3240408281.25,-40.53896
3240408437.5,-40.53593
3240408593.75,-40.55492
3240408750.0,-40.5444
3240408906.25,-40.53477
3240409062.5,-40.55365
3240409218.75,-40.55587
3240409375.0,-40.54443
3240409531.25,-40.5471
3240409687.5,-40.54955
3240409843.75,-40.52213
3240410000.0,-40.53578
3240410156.25,-40.53783
3240410312.5,-40.54627
3240410468.75,-40.54282
3240410625.0,-40.557
3240410781.25,-40.5279
3240410937.5,-40.53174
3240411093.75,-40.5477
3240411250.0,-40.53245
3240411406.25,-40.53181
3240411562.5,-40.54028
3240411718.75,-40.53788
3240411875.0,-40.54273
3240412031.25,-40.54729
3240412187.5,-40.5334
3240412343.75,-40.54158
3240412500.0,-40.54158
3240412656.25,-40.52763
3240412812.5,-40.53981
3240412968.75,-40.54504
3240413125.0,-40.52999
3240413281.25,-40.52466
3240413437.5,-40.53015
3240413593.75,-40.52707
3240413750.0,-40.5127
3240413906.25,-40.5225
3240414062.5,-40.51979
3240414218.75,-40.52122
3240414375.0,-40.52478
3240414531.25,-40.51894
3240414687.5,-40.53043
3240414843.75,-40.51474
3240415000.0,-40.52592
3240415156.25,-40.53678
3240415312.5,-40.52702
3240415468.75,-40.52484
3240415625.0,-40.52826
3240415781.25,-40.52491
3240415937.5,-40.52411
3240416093.75,-40.5157
3240416250.0,-40.53419
3240416406.25,-40.51878
3240416562.5,-40.51461
3240416718.75,-40.53827
3240416875.0,-40.52198
3240417031.25,-40.52365
3240417187.5,-40.51366
3240417343.75,-40.50003
3240417500.0,-40.51456
3240417656.25,-40.51113
3240417812.5,-40.51929
3240417968.75,-40.51461
3240418125.0,-40.50011
3240418281.25,-40.50593
3240418437.5,-40.49543
3240418593.75,-40.5164
3240418750.0,-40.51268
3240418906.25,-40.51985
3240419062.5,-40.51738
3240419218.75,-40.51491
3240419375.0,-40.52004
3240419531.25,-40.51646
3240419687.5,-40.50167
3240419843.75,-40.50299
3240420000.0,-40.5064
3240420156.25,-40.50333
3240420312.5,-40.51235
3240420468.75,-40.50441
3240420625.0,-40.49537
3240420781.25,-40.50884
3240420937.5,-40.51434
3240421093.75,-40.50068
3240421250.0,-40.51843
3240421406.25,-40.50319
3240421562.5,-40.48659
3240421718.75,-40.50002
3240421875.0,-40.49567
3240422031.25,-40.48455
3240422187.5,-40.49669
3240422343.75,-40.51247
3240422500.0,-40.50156
3240422656.25,-40.48322
3240422812.5,-40.49981
3240422968.75,-40.49155
3240423125.0,-40.49147
3240423281.25,-40.47465
3240423437.5,-40.49951
3240423593.75,-40.48661
3240423750.0,-40.49249
3240423906.25,-40.48798
3240424062.5,-40.48331
3240424218.75,-40.48081
3240424375.0,-40.47677
3240424531.25,-40.49349
3240424687.5,-40.49277
3240424843.75,-40.49037
3240425000.0,-40.48816
3240425156.25,-40.4934
3240425312.5,-40.49146
3240425468.75,-40.47631
3240425625.0,-40.49314
3240425781.25,-40.48243
3240425937.5,-40.47956
3240426093.75,-40.4864
3240426250.0,-40.47196
3240426406.25,-40.46473
3240426562.5,-40.47813
3240426718.75,-40.4703
3240426875.0,-40.46872
3240427031.25,-40.47448
3240427187.5,-40.47511
3240427343.75,-40.48236
3240427500.0,-40.45808
3240427656.25,-40.48361
3240427812.5,-40.47248
3240427968.75,-40.47229
3240428125.0,-40.47137
3240428281.25,-40.48825
3240428437.5,-40.45937
3240428593.75,-40.48151
3240428750.0,-40.47469
3240428906.25,-40.48243
3240429062.5,-40.47116
3240429218.75,-40.47871
3240429375.0,-40.46331
3240429531.25,-40.45126
3240429687.5,-40.47755
3240429843.75,-40.47853
3240430000.0,-40.45753
3240430156.25,-40.46652
3240430312.5,-40.46232
3240430468.75,-40.45608
3240430625.0,-40.46997
3240430781.25,-40.47547
3240430937.5,-40.45753
3240431093.75,-40.46206
3240431250.0,-40.45902
3240431406.25,-40.46338
3240431562.5,-40.46301
3240431718.75,-40.46195
3240431875.0,-40.46297
3240432031.25,-40.45264
3240432187.5,-40.44989
3240432343.75,-40.46479
3240432500.0,-40.46449
3240432656.25,-40.46293
3240432812.5,-40.47981
3240432968.75,-40.47279
3240433125.0,-40.44043
3240433281.25,-40.46467
3240433437.5,-40.45485
3240433593.75,-40.4482
3240433750.0,-40.4468
3240433906.25,-40.45947
3240434062.5,-40.47234
3240434218.75,-40.48087
3240434375.0,-40.44242
3240434531.25,-40.44643
3240434687.5,-40.45081
3240434843.75,-40.45747
3240435000.0,-40.4566
3240435156.25,-40.46181
3240435312.5,-40.4372
3240435468.75,-40.4522
3240435625.0,-40.44672
3240435781.25,-40.43464
3240435937.5,-40.45195
3240436093.75,-40.44585
3240436250.0,-40.44348
3240436406.25,-40.45479
3240436562.5,-40.43665
3240436718.75,-40.44382
3240436875.0,-40.43755
3240437031.25,-40.44585
3240437187.5,-40.45003
3240437343.75,-40.42051
3240437500.0,-40.42884
3240437656.25,-40.44082
3240437812.5,-40.43488
3240437968.75,-40.43317
3240438125.0,-40.43483
3240438281.25,-40.43816
3240438437.5,-40.44509
3240438593.75,-40.43539
3240438750.0,-40.43737
3240438906.25,-40.43094
3240439062.5,-40.43947
3240439218.75,-40.44736
3240439375.0,-40.42103
3240439531.25,-40.45578
3240439687.5,-40.44306
3240439843.75,-40.44003
3240440000.0,-40.44227
3240440156.25,-40.42869
3240440312.5,-40.41658
3240440468.75,-40.42977
3240440625.0,-40.41257
3240440781.25,-40.4277
3240440937.5,-40.42625
3240441093.75,-40.41655
3240441250.0,-40.42643
3240441406.25,-40.42047
3240441562.5,-40.4548
3240441718.75,-40.42499
3240441875.0,-40.4168
3240442031.25,-40.43482
3240442187.5,-40.40849
3240442343.75,-40.41165
3240442500.0,-40.41773
3240442656.25,-40.42848
3240442812.5,-40.41077
3240442968.75,-40.41299
3240443125.0,-40.42178
3240443281.25,-40.4104
3240443437.5,-40.41954
3240443593.75,-40.43364
3240443750.0,-40.40523
3240443906.25,-40.43409
3240444062.5,-40.41594
3240444218.75,-40.41518
3240444375.0,-40.41164
3240444531.25,-40.4251
3240444687.5,-40.42097
3240444843.75,-40.4065
3240445000.0,-40.39595
3240445156.25,-40.41865
3240445312.5,-40.40402
3240445468.75,-40.41178
3240445625.0,-40.40604
3240445781.25,-40.40804
3240445937.5,-40.40066
3240446093.75,-40.38536
3240446250.0,-40.40149
3240446406.25,-40.40857
3240446562.5,-40.41351
3240446718.75,-40.39484
3240446875.0,-40.4165
3240447031.25,-40.40203
3240447187.5,-40.40485
3240447343.75,-40.4164
3240447500.0,-40.40817
3240447656.25,-40.39777
3240447812.5,-40.41063
3240447968.75,-40.40608
3240448125.0,-40.39633
3240448281.25,-40.40014
3240448437.5,-40.37934
3240448593.75,-40.39697
3240448750.0,-40.37908
3240448906.25,-40.39498
3240449062.5,-40.38004
3240449218.75,-40.38811
3240449375.0,-40.39577
3240449531.25,-40.39567
3240449687.5,-40.38433
3240449843.75,-40.39779
3240450000.0,-40.39398
3240450156.25,-40.39124
3240450312.5,-40.3755
3240450468.75,-40.39302
3240450625.0,-40.38117
3240450781.25,-40.39016
3240450937.5,-40.38554
3240451093.75,-40.38781
3240451250.0,-40.39276
3240451406.25,-40.3726
3240451562.5,-40.39271
3240451718.75,-40.38772
3240451875.0,-40.4016
3240452031.25,-40.379
3240452187.5,-40.39724
3240452343.75,-40.3911
3240452500.0,-40.38633
3240452656.25,-40.38046
3240452812.5,-40.37054
3240452968.75,-40.38602
3240453125.0,-40.37464
3240453281.25,-40.38299
3240453437.5,-40.37314
3240453593.75,-40.39062
3240453750.0,-40.39132
3240453906.25,-40.34998
3240454062.5,-40.36362
3240454218.75,-40.37016
3240454375.0,-40.40458
3240454531.25,-40.37034
3240454687.5,-40.36108
3240454843.75,-40.38171
3240455000.0,-40.37985
3240455156.25,-40.37333
3240455312.5,-40.3738
3240455468.75,-40.36745
3240455625.0,-40.37248
3240455781.25,-40.35083
3240455937.5,-40.36193
3240456093.75,-40.35041
3240456250.0,-40.37076
3240456406.25,-40.36357
3240456562.5,-40.34825
3240456718.75,-40.36288
3240456875.0,-40.36831
3240457031.25,-40.35828
3240457187.5,-40.35948
3240457343.75,-40.36729
3240457500.0,-40.37128
3240457656.25,-40.36866
3240457812.5,-40.35598
3240457968.75,-40.36267
3240458125.0,-40.34763
3240458281.25,-40.34939
3240458437.5,-40.35802
3240458593.75,-40.36909
3240458750.0,-40.36724
3240458906.25,-40.35904
3240459062.5,-40.35529
3240459218.75,-40.34824
3240459375.0,-40.32798
3240459531.25,-40.33977
3240459687.5,-40.35617
3240459843.75,-40.33315
3240460000.0,-40.38337
3240460156.25,-40.36964
3240460312.5,-40.35632
3240460468.75,-40.35505
3240460625.0,-40.33698
3240460781.25,-40.33641
3240460937.5,-40.34543
3240461093.75,-40.35658
3240461250.0,-40.35046
3240461406.25,-40.3512
3240461562.5,-40.3549
3240461718.75,-40.3404
3240461875.0,-40.33702
3240462031.25,-40.35218
3240462187.5,-40.3416
3240462343.75,-40.34475
3240462500.0,-40.3358
3240462656.25,-40.34171
3240462812.5,-40.36277
3240462968.75,-40.36792
3240463125.0,-40.33173
3240463281.25,-40.34558
3240463437.5,-40.35012
3240463593.75,-40.31735
3240463750.0,-40.34886
3240463906.25,-40.35174
3240464062.5,-40.33829
3240464218.75,-40.32291
3240464375.0,-40.33416
3240464531.25,-40.34842
3240464687.5,-40.3343
3240464843.75,-40.33104
3240465000.0,-40.33559
3240465156.25,-40.33035
3240465312.5,-40.34474
3240465468.75,-40.33453
3240465625.0,-40.33279
3240465781.25,-40.32995
3240465937.5,-40.31581
3240466093.75,-40.33116
3240466250.0,-40.31994
3240466406.25,-40.32886
3240466562.5,-40.33034
3240466718.75,-40.34772
3240466875.0,-40.33234
3240467031.25,-40.32589
3240467187.5,-40.32929
3240467343.75,-40.32406
3240467500.0,-40.33411
3240467656.25,-40.31753
3240467812.5,-40.32064
3240467968.75,-40.32832
3240468125.0,-40.3234
3240468281.25,-40.33522
3240468437.5,-40.29911
3240468593.75,-40.31486
3240468750.0,-40.32821
3240468906.25,-40.31942
3240469062.5,-40.32052
3240469218.75,-40.3353
3240469375.0,-40.30909
3240469531.25,-40.314
3240469687.5,-40.31401
3240469843.75,-40.33185
3240470000.0,-40.32101
3240470156.25,-40.31126
3240470312.5,-40.30618
3240470468.75,-40.30852
3240470625.0,-40.305
3240470781.25,-40.32067
3240470937.5,-40.31251
3240471093.75,-40.29957
3240471250.0,-40.3105
3240471406.25,-40.32034
3240471562.5,-40.30962
3240471718.75,-40.30349
3240471875.0,-40.28885
3240472031.25,-40.3004
3240472187.5,-40.28932
3240472343.75,-40.31053
3240472500.0,-40.32927
3240472656.25,-40.29676
3240472812.5,-40.29819
3240472968.75,-40.31826
3240473125.0,-40.29941
3240473281.25,-40.30493
3240473437.5,-40.28257
3240473593.75,-40.30202
3240473750.0,-40.301
3240473906.25,-40.28975
3240474062.5,-40.30268
3240474218.75,-40.28659
3240474375.0,-40.31461
3240474531.25,-40.30291
3240474687.5,-40.27624
3240474843.75,-40.28259
3240475000.0,-40.27339
3240475156.25,-40.28384
3240475312.5,-40.29426
3240475468.75,-40.29189
3240475625.0,-40.29661
3240475781.25,-40.28976
3240475937.5,-40.29138
3240476093.75,-40.27966
3240476250.0,-40.29375
3240476406.25,-40.28239
3240476562.5,-40.2916
3240476718.75,-40.28596
3240476875.0,-40.29165
3240477031.25,-40.30097
3240477187.5,-40.28019
3240477343.75,-40.28107
3240477500.0,-40.27902
3240477656.25,-40.30247
3240477812.5,-40.27449
3240477968.75,-40.29238
3240478125.0,-40.29829
3240478281.25,-40.29437
3240478437.5,-40.26912
3240478593.75,-40.28236
3240478750.0,-40.28575
3240478906.25,-40.27334
3240479062.5,-40.28261
3240479218.75,-40.27301
3240479375.0,-40.27664
3240479531.25,-40.29061
3240479687.5,-40.29478
3240479843.75,-40.27175
3240480000.0,-40.29141
3240480156.25,-40.28668
3240480312.5,-40.27547
3240480468.75,-40.25746
3240480625.0,-40.27562
3240480781.25,-40.27816
3240480937.5,-40.24541
3240481093.75,-40.2638
3240481250.0,-40.25166
3240481406.25,-40.27193
3240481562.5,-40.26469
3240481718.75,-40.27729
3240481875.0,-40.26513
3240482031.25,-40.26362
3240482187.5,-40.25418
3240482343.75,-40.27511
3240482500.0,-40.25042
3240482656.25,-40.24733
3240482812.5,-40.2639
3240482968.75,-40.25503
3240483125.0,-40.265
3240483281.25,-40.24615
3240483437.5,-40.2536
3240483593.75,-40.2658
3240483750.0,-40.26655
3240483906.25,-40.26819
3240484062.5,-40.25445
3240484218.75,-40.25463
3240484375.0,-40.25811
3240484531.25,-40.26467
3240484687.5,-40.24984
3240484843.75,-40.24596
3240485000.0,-40.26012
3240485156.25,-40.27504
3240485312.5,-40.25068
3240485468.75,-40.23566
3240485625.0,-40.24408
3240485781.25,-40.25618
3240485937.5,-40.24617
3240486093.75,-40.24745
3240486250.0,-40.25996
3240486406.25,-40.25114
3240486562.5,-40.2321
3240486718.75,-40.25393
3240486875.0,-40.25378
3240487031.25,-40.24589
3240487187.5,-40.2531
3240487343.75,-40.23002
3240487500.0,-40.24247
3240487656.25,-40.22692
3240487812.5,-40.24284
3240487968.75,-40.23639
3240488125.0,-40.24152
3240488281.25,-40.23538
3240488437.5,-40.24412
3240488593.75,-40.22959
3240488750.0,-40.24295
3240488906.25,-40.23333
3240489062.5,-40.22575
3240489218.75,-40.23899
3240489375.0,-40.2294
3240489531.25,-40.23797
3240489687.5,-40.22416
3240489843.75,-40.24805
3240490000.0,-40.23793
3240490156.25,-40.22839
3240490312.5,-40.22307
3240490468.75,-40.21983
3240490625.0,-40.22412
3240490781.25,-40.23896
3240490937.5,-40.2197
3240491093.75,-40.23773
3240491250.0,-40.22527
3240491406.25,-40.22359
3240491562.5,-40.22753
3240491718.75,-40.22087
3240491875.0,-40.23965
3240492031.25,-40.22409
3240492187.5,-40.21453
3240492343.75,-40.23916
3240492500.0,-40.22194
3240492656.25,-40.21852
3240492812.5,-40.20629
3240492968.75,-40.2247
3240493125.0,-40.2347
3240493281.25,-40.22079
3240493437.5,-40.22938
3240493593.75,-40.23884
3240493750.0,-40.21154
3240493906.25,-40.21842
3240494062.5,-40.2308
3240494218.75,-40.21318
3240494375.0,-40.20441
3240494531.25,-40.20588
3240494687.5,-40.21524
3240494843.75,-40.23975
3240495000.0,-40.22408
3240495156.25,-40.21079
3240495312.5,-40.21484
3240495468.75,-40.20233
3240495625.0,-40.19743
3240495781.25,-40.20475
3240495937.5,-40.1967
3240496093.75,-40.2089
3240496250.0,-40.20949
3240496406.25,-40.19021
3240496562.5,-40.22744
3240496718.75,-40.19846
3240496875.0,-40.19361
3240497031.25,-40.21003
3240497187.5,-40.18507
3240497343.75,-40.2081
3240497500.0,-40.19981
3240497656.25,-40.20136
3240497812.5,-40.19391
3240497968.75,-40.20344
3240498125.0,-40.20859
3240498281.25,-40.1893
3240498437.5,-40.21006
3240498593.75,-40.20107
3240498750.0,-40.20236
3240498906.25,-40.21599
3240499062.5,-40.1982
3240499218.75,-40.18393
3240499375.0,-40.21588
3240499531.25,-40.20163
3240499687.5,-40.17342
3240499843.75,-40.20008
3240500000.0,-40.18732
3240500156.25,-40.19809
3240500312.5,-40.17444
3240500468.75,-40.19236
3240500625.0,-40.19628
3240500781.25,-40.19238
3240500937.5,-40.17883
3240501093.75,-40.18128
3240501250.0,-40.18063
3240501406.25,-40.18772
3240501562.5,-40.18966
3240501718.75,-40.19729
3240501875.0,-40.19385
3240502031.25,-40.18372
3240502187.5,-40.1813
3240502343.75,-40.18425
3240502500.0,-40.19131
3240502656.25,-40.18869
3240502812.5,-40.20151
3240502968.75,-40.184
3240503125.0,-40.17099
3240503281.25,-40.18336
3240503437.5,-40.1778
3240503593.75,-40.18227
3240503750.0,-40.18335
3240503906.25,-40.16376
3240504062.5,-40.18306
3240504218.75,-40.16473
3240504375.0,-40.1925
3240504531.25,-40.17831
3240504687.5,-40.16439
3240504843.75,-40.18361
3240505000.0,-40.20087
3240505156.25,-40.1829
3240505312.5,-40.17626
3240505468.75,-40.17677
3240505625.0,-40.18143
3240505781.25,-40.17499
3240505937.5,-40.16994
3240506093.75,-40.16913
3240506250.0,-40.18083
3240506406.25,-40.16581
3240506562.5,-40.16656
3240506718.75,-40.17268
3240506875.0,-40.17471
3240507031.25,-40.16664
3240507187.5,-40.1673
3240507343.75,-40.16986
3240507500.0,-40.14145
3240507656.25,-40.17862
3240507812.5,-40.16176
3240507968.75,-40.17492
3240508125.0,-40.17126
3240508281.25,-40.16952
3240508437.5,-40.16452
3240508593.75,-40.16323
3240508750.0,-40.14566
3240508906.25,-40.14789
3240509062.5,-40.15079
3240509218.75,-40.16635
3240509375.0,-40.16763
3240509531.25,-40.1684
3240509687.5,-40.17302
3240509843.75,-40.15105
3240510000.0,-40.15544
3240510156.25,-40.14688
3240510312.5,-40.16693
3240510468.75,-40.13958
3240510625.0,-40.15393
3240510781.25,-40.14094
3240510937.5,-40.14863
3240511093.75,-40.13627
3240511250.0,-40.1582
3240511406.25,-40.1498
3240511562.5,-40.15109
3240511718.75,-40.16761
3240511875.0,-40.14503
3240512031.25,-40.15968
3240512187.5,-40.14029
3240512343.75,-40.13964
3240512500.0,-40.15156
3240512656.25,-40.15244
3240512812.5,-40.16257
3240512968.75,-40.15435
3240513125.0,-40.13338
3240513281.25,-40.15173
3240513437.5,-40.12668
3240513593.75,-40.14592
3240513750.0,-40.133
3240513906.25,-40.14321
3240514062.5,-40.13625
3240514218.75,-40.1333
3240514375.0,-40.12907
3240514531.25,-40.14523
3240514687.5,-40.13089
3240514843.75,-40.12141
3240515000.0,-40.11491
3240515156.25,-40.13789
3240515312.5,-40.1559
3240515468.75,-40.1362
3240515625.0,-40.13334
3240515781.25,-40.13479
3240515937.5,-40.13372
3240516093.75,-40.13806
3240516250.0,-40.12663
3240516406.25,-40.12819
3240516562.5,-40.12561
3240516718.75,-40.12411
3240516875.0,-40.13555
3240517031.25,-40.13182
3240517187.5,-40.12045
3240517343.75,-40.11992
3240517500.0,-40.10366
3240517656.25,-40.13112
3240517812.5,-40.13951
3240517968.75,-40.13211
3240518125.0,-40.12837
3240518281.25,-40.1346
3240518437.5,-40.12245
3240518593.75,-40.11788
3240518750.0,-40.13876
3240518906.25,-40.12548
3240519062.5,-40.12288
3240519218.75,-40.12308
3240519375.0,-40.12677
3240519531.25,-40.13739
3240519687.5,-40.12671
3240519843.75,-40.10278
3240520000.0,-40.10192
3240520156.25,-40.12543
3240520312.5,-40.11514
3240520468.75,-40.10643
3240520625.0,-40.1118
3240520781.25,-40.11562
3240520937.5,-40.10681
3240521093.75,-40.11446
3240521250.0,-40.11653
3240521406.25,-40.12367
3240521562.5,-40.11679
3240521718.75,-40.1281
3240521875.0,-40.1105
3240522031.25,-40.1132
3240522187.5,-40.10375
3240522343.75,-40.10937
3240522500.0,-40.1191
3240522656.25,-40.09605
3240522812.5,-40.08452
3240522968.75,-40.10789
3240523125.0,-40.10097
3240523281.25,-40.09734
3240523437.5,-40.08727
3240523593.75,-40.09917
3240523750.0,-40.10888
3240523906.25,-40.10004
3240524062.5,-40.10913
3240524218.75,-40.09814
3240524375.0,-40.11855
3240524531.25,-40.11922
3240524687.5,-40.09486
3240524843.75,-40.08946
3240525000.0,-40.07962
3240525156.25,-40.10028
3240525312.5,-40.08845
3240525468.75,-40.09351
3240525625.0,-40.09089
3240525781.25,-40.0816
3240525937.5,-40.08178
3240526093.75,-40.07786
3240526250.0,-40.10132
3240526406.25,-40.09486
3240526562.5,-40.08987
3240526718.75,-40.07538
3240526875.0,-40.09814
3240527031.25,-40.07674
3240527187.5,-40.09634
3240527343.75,-40.09079
3240527500.0,-40.09311
3240527656.25,-40.09459
3240527812.5,-40.08106
3240527968.75,-40.09008
3240528125.0,-40.09998
3240528281.25,-40.07428
3240528437.5,-40.07557
3240528593.75,-40.08852
3240528750.0,-40.08171
3240528906.25,-40.06345
3240529062.5,-40.06404
3240529218.75,-40.08638
3240529375.0,-40.07124
3240529531.25,-40.06861
3240529687.5,-40.07452
3240529843.75,-40.07351
3240530000.0,-40.08006
3240530156.25,-40.05943
3240530312.5,-40.0761
3240530468.75,-40.08267
3240530625.0,-40.05352
3240530781.25,-40.07757
3240530937.5,-40.06483
3240531093.75,-40.07647
3240531250.0,-40.06356
3240531406.25,-40.07134
3240531562.5,-40.0527
3240531718.75,-40.08403
3240531875.0,-40.07002
3240532031.25,-40.0624
3240532187.5,-40.06576
3240532343.75,-40.05881
3240532500.0,-40.07407
3240532656.25,-40.06538
3240532812.5,-40.05659
3240532968.75,-40.06385
3240533125.0,-40.06363
3240533281.25,-40.05797
3240533437.5,-40.0693
3240533593.75,-40.05952
3240533750.0,-40.05828
3240533906.25,-40.05528
3240534062.5,-40.06155
3240534218.75,-40.06303
3240534375.0,-40.06867
3240534531.25,-40.04598
3240534687.5,-40.06505
3240534843.75,-40.06917
3240535000.0,-40.05865
3240535156.25,-40.06451
3240535312.5,-40.05977
3240535468.75,-40.05815
3240535625.0,-40.05043
3240535781.25,-40.06451
3240535937.5,-40.06344
3240536093.75,-40.05493
3240536250.0,-40.04934
3240536406.25,-40.05677
3240536562.5,-40.0479
3240536718.75,-40.04051
3240536875.0,-40.05413
3240537031.25,-40.04445
3240537187.5,-40.0494
3240537343.75,-40.03817
3240537500.0,-40.05792
3240537656.25,-40.04753
3240537812.5,-40.03085
3240537968.75,-40.0542
3240538125.0,-40.058
3240538281.25,-40.04936
3240538437.5,-40.02776
3240538593.75,-40.04863
3240538750.0,-40.04687
3240538906.25,-40.03086
3240539062.5,-40.04675
3240539218.75,-40.03914
3240539375.0,-40.0171
3240539531.25,-40.04732
3240539687.5,-40.04538
3240539843.75,-40.0424
3240540000.0,-40.03961
3240540156.25,-40.04019
3240540312.5,-40.03992
3240540468.75,-40.03353
3240540625.0,-40.03833
3240540781.25,-40.0538
3240540937.5,-40.04039
3240541093.75,-40.03278
3240541250.0,-40.04416
3240541406.25,-40.03135
3240541562.5,-40.00874
3240541718.75,-40.03101
3240541875.0,-40.02631
3240542031.25,-40.04567
3240542187.5,-40.02729
3240542343.75,-40.04091
3240542500.0,-40.03341
3240542656.25,-40.0294
3240542812.5,-40.02684
3240542968.75,-40.03068
3240543125.0,-40.03534
3240543281.25,-40.022
3240543437.5,-40.01833
3240543593.75,-40.01949
3240543750.0,-40.01627
3240543906.25,-40.0294
3240544062.5,-40.01057
3240544218.75,-40.0216
3240544375.0,-40.01376
3240544531.25,-39.99597
3240544687.5,-40.01875
3240544843.75,-40.00321
3240545000.0,-40.01358
3240545156.25,-40.01635
3240545312.5,-40.02787
3240545468.75,-40.01968
3240545625.0,-40.0069
3240545781.25,-40.00175
3240545937.5,-40.02118
3240546093.75,-40.02335
3240546250.0,-40.00293
3240546406.25,-40.01447
3240546562.5,-40.01423
3240546718.75,-40.01384
3240546875.0,-40.00692
3240547031.25,-40.00778
3240547187.5,-40.01119
3240547343.75,-40.00647
3240547500.0,-40.00085
3240547656.25,-40.01923
3240547812.5,-40.01925
3240547968.75,-40.01157
3240548125.0,-39.99919
3240548281.25,-39.99098
3240548437.5,-40.00142
3240548593.75,-40.01294
3240548750.0,-40.00129
3240548906.25,-39.98973
3240549062.5,-39.98151
3240549218.75,-40.00794
3240549375.0,-40.00121
3240549531.25,-39.99244
3240549687.5,-39.99979
3240549843.75,-40.002
3240550000.0,-39.99707
3240550156.25,-39.99274
3240550312.5,-39.99746
3240550468.75,-39.98449
3240550625.0,-39.99969
3240550781.25,-39.97886
3240550937.5,-40.00311
3240551093.75,-39.98644
3240551250.0,-39.99082
3240551406.25,-39.9826
3240551562.5,-39.98167
3240551718.75,-39.98901
3240551875.0,-39.97537
3240552031.25,-40.0081
3240552187.5,-39.99876
3240552343.75,-40.00079
3240552500.0,-39.99637
3240552656.25,-39.97194
3240552812.5,-39.98602
3240552968.75,-39.99457
3240553125.0,-39.98883
3240553281.25,-39.98874
3240553437.5,-39.9884
3240553593.75,-39.98549
3240553750.0,-39.95988
3240553906.25,-39.97783
3240554062.5,-39.96938
3240554218.75,-40.0079
3240554375.0,-39.97729
3240554531.25,-39.98706
3240554687.5,-39.98818
3240554843.75,-39.98091
3240555000.0,-39.9916
3240555156.25,-39.96651
3240555312.5,-39.97689
3240555468.75,-39.96754
3240555625.0,-39.97521
3240555781.25,-39.97404
3240555937.5,-39.97708
3240556093.75,-39.97945
3240556250.0,-39.96863
3240556406.25,-39.95712
3240556562.5,-39.96904
3240556718.75,-39.97483
3240556875.0,-39.96441
3240557031.25,-39.97416
3240557187.5,-39.96272
3240557343.75,-39.99569
3240557500.0,-39.96444
3240557656.25,-39.95693
3240557812.5,-39.94698
3240557968.75,-39.96259
3240558125.0,-39.95599
3240558281.25,-39.97232
3240558437.5,-39.97688
3240558593.75,-39.95299
3240558750.0,-39.95684
3240558906.25,-39.95249
3240559062.5,-39.93845
3240559218.75,-39.95657
3240559375.0,-39.96183
3240559531.25,-39.93877
3240559687.5,-39.94095
3240559843.75,-39.95301
3240560000.0,-39.96578
3240560156.25,-39.95502
3240560312.5,-39.95319
3240560468.75,-39.94806
3240560625.0,-39.94482
3240560781.25,-39.94835
3240560937.5,-39.95005
3240561093.75,-39.94783
3240561250.0,-39.96485
3240561406.25,-39.93967
3240561562.5,-39.94686
3240561718.75,-39.95309
3240561875.0,-39.94307
3240562031.25,-39.94671
3240562187.5,-39.95062
3240562343.75,-39.93933
3240562500.0,-39.93519
3240562656.25,-39.93705
3240562812.5,-39.94291
3240562968.75,-39.94812
3240563125.0,-39.95082
3240563281.25,-39.95018
3240563437.5,-39.93245
3240563593.75,-39.93548
3240563750.0,-39.96309
3240563906.25,-39.92068
3240564062.5,-39.94146
3240564218.75,-39.92865
3240564375.0,-39.93718
3240564531.25,-39.93365
3240564687.5,-39.92887
3240564843.75,-39.9493
3240565000.0,-39.9288
3240565156.25,-39.94098
3240565312.5,-39.93704
3240565468.75,-39.92254
3240565625.0,-39.90642
3240565781.25,-39.92525
3240565937.5,-39.92051
3240566093.75,-39.93969
3240566250.0,-39.93375
3240566406.25,-39.91983
3240566562.5,-39.92376
3240566718.75,-39.92514
3240566875.0,-39.91941
3240567031.25,-39.9369
3240567187.5,-39.92513
3240567343.75,-39.91088
3240567500.0,-39.93274
3240567656.25,-39.92229
3240567812.5,-39.92269
3240567968.75,-39.92589
3240568125.0,-39.90896
3240568281.25,-39.91356
3240568437.5,-39.92148
3240568593.75,-39.92842
3240568750.0,-39.93443
3240568906.25,-39.92188
3240569062.5,-39.92612
3240569218.75,-39.91801
3240569375.0,-39.92267
3240569531.25,-39.92648
3240569687.5,-39.92544
3240569843.75,-39.90288
3240570000.0,-39.90246
3240570156.25,-39.94005
3240570312.5,-39.90863
3240570468.75,-39.91199
3240570625.0,-39.89783
3240570781.25,-39.90084
3240570937.5,-39.89597
3240571093.75,-39.90483
3240571250.0,-39.90545
3240571406.25,-39.92359
3240571562.5,-39.90128
3240571718.75,-39.90698
3240571875.0,-39.91112
3240572031.25,-39.90442
3240572187.5,-39.88689
3240572343.75,-39.91121
3240572500.0,-39.90015
3240572656.25,-39.90953
3240572812.5,-39.88811
3240572968.75,-39.89965
3240573125.0,-39.89365
3240573281.25,-39.90549
3240573437.5,-39.88899
3240573593.75,-39.89703
3240573750.0,-39.90199
3240573906.25,-39.8979
3240574062.5,-39.91368
3240574218.75,-39.90442
3240574375.0,-39.88264
3240574531.25,-39.90462
3240574687.5,-39.90327
3240574843.75,-39.90392
3240575000.0,-39.87933
3240575156.25,-39.90009
3240575312.5,-39.89875
3240575468.75,-39.89665
3240575625.0,-39.88916
3240575781.25,-39.89556
3240575937.5,-39.89167
3240576093.75,-39.87927
3240576250.0,-39.88416
3240576406.25,-39.88861
3240576562.5,-39.89433
3240576718.75,-39.89407
3240576875.0,-39.87602
3240577031.25,-39.90091
3240577187.5,-39.89135
3240577343.75,-39.88652
3240577500.0,-39.87967
3240577656.25,-39.8884
3240577812.5,-39.87705
3240577968.75,-39.87299
3240578125.0,-39.87352
3240578281.25,-39.87226
3240578437.5,-39.87001
3240578593.75,-39.87376
3240578750.0,-39.874
3240578906.25,-39.87756
3240579062.5,-39.88134
3240579218.75,-39.87836
3240579375.0,-39.87613
3240579531.25,-39.85222
3240579687.5,-39.86335
3240579843.75,-39.87814
3240580000.0,-39.86193
3240580156.25,-39.87379
3240580312.5,-39.86272
3240580468.75,-39.87285
3240580625.0,-39.87329
3240580781.25,-39.87723
3240580937.5,-39.86296
3240581093.75,-39.87423
3240581250.0,-39.86581
3240581406.25,-39.87723
3240581562.5,-39.8659
3240581718.75,-39.87501
3240581875.0,-39.86647
3240582031.25,-39.86872
3240582187.5,-39.86116
3240582343.75,-39.86413
3240582500.0,-39.88177
3240582656.25,-39.86844
3240582812.5,-39.87177
3240582968.75,-39.84174
3240583125.0,-39.86759
3240583281.25,-39.86666
3240583437.5,-39.84491
3240583593.75,-39.84028
3240583750.0,-39.84957
3240583906.25,-39.86352
3240584062.5,-39.84721
3240584218.75,-39.86166
3240584375.0,-39.85098
3240584531.25,-39.84863
3240584687.5,-39.84926
3240584843.75,-39.84647
3240585000.0,-39.86314
3240585156.25,-39.85456
3240585312.5,-39.85846
3240585468.75,-39.84188
3240585625.0,-39.86557
3240585781.25,-39.84315
3240585937.5,-39.84902
3240586093.75,-39.84348
3240586250.0,-39.84879
3240586406.25,-39.84968
3240586562.5,-39.85523
3240586718.75,-39.84974
3240586875.0,-39.85674
3240587031.25,-39.85446
3240587187.5,-39.85282
3240587343.75,-39.8368
3240587500.0,-39.84454
3240587656.25,-39.84821
3240587812.5,-39.83884
3240587968.75,-39.85142
3240588125.0,-39.82938
3240588281.25,-39.83804
3240588437.5,-39.8483
3240588593.75,-39.83295
3240588750.0,-39.82768
3240588906.25,-39.85194
3240589062.5,-39.82415
3240589218.75,-39.83692
3240589375.0,-39.85024
3240589531.25,-39.83358
3240589687.5,-39.83073
3240589843.75,-39.82654
3240590000.0,-39.83732
3240590156.25,-39.81918
3240590312.5,-39.81922
3240590468.75,-39.828
3240590625.0,-39.81791
3240590781.25,-39.83556
3240590937.5,-39.82846
3240591093.75,-39.84634
3240591250.0,-39.82611
3240591406.25,-39.82732
3240591562.5,-39.83783
3240591718.75,-39.82049
3240591875.0,-39.82582
3240592031.25,-39.82481
3240592187.5,-39.80993
3240592343.75,-39.83947
3240592500.0,-39.81985
3240592656.25,-39.83542
3240592812.5,-39.82866
3240592968.75,-39.82937
3240593125.0,-39.81923
3240593281.25,-39.8081
3240593437.5,-39.78939
3240593593.75,-39.81504
3240593750.0,-39.81484
3240593906.25,-39.82692
3240594062.5,-39.81303
3240594218.75,-39.80777
3240594375.0,-39.80915
3240594531.25,-39.81475
3240594687.5,-39.79623
3240594843.75,-39.82381
3240595000.0,-39.79692
3240595156.25,-39.80211
3240595312.5,-39.81312
3240595468.75,-39.79836
3240595625.0,-39.80226
3240595781.25,-39.80925
3240595937.5,-39.81301
3240596093.75,-39.80906
3240596250.0,-39.80119
3240596406.25,-39.80174
3240596562.5,-39.81485
3240596718.75,-39.81112
3240596875.0,-39.81497
3240597031.25,-39.82371
3240597187.5,-39.80976
3240597343.75,-39.78163
3240597500.0,-39.80446
3240597656.25,-39.8064
3240597812.5,-39.79674
3240597968.75,-39.78543
3240598125.0,-39.78484
3240598281.25,-39.80858
3240598437.5,-39.81392
3240598593.75,-39.79353
3240598750.0,-39.78193
3240598906.25,-39.79668
3240599062.5,-39.77298
3240599218.75,-39.78217
3240599375.0,-39.7835
3240599531.25,-39.79436
3240599687.5,-39.80033
3240599843.75,-39.78341
3240600000.0,-39.78106
3240600156.25,-39.77864
3240600312.5,-39.79162
3240600468.75,-39.78263
3240600625.0,-39.78144
3240600781.25,-39.79799
3240600937.5,-39.78739
3240601093.75,-39.78209
3240601250.0,-39.78906
3240601406.25,-39.7868
3240601562.5,-39.77008
3240601718.75,-39.77606
3240601875.0,-39.79105
3240602031.25,-39.78641
3240602187.5,-39.79095
3240602343.75,-39.78773
3240602500.0,-39.79332
3240602656.25,-39.77891
3240602812.5,-39.78795
3240602968.75,-39.7785
3240603125.0,-39.78158
3240603281.25,-39.7757
3240603437.5,-39.77698
3240603593.75,-39.76743
3240603750.0,-39.76147
3240603906.25,-39.79084
3240604062.5,-39.77064
3240604218.75,-39.76815
3240604375.0,-39.78164
3240604531.25,-39.77634
3240604687.5,-39.767
3240604843.75,-39.77604
3240605000.0,-39.76601
3240605156.25,-39.76614
3240605312.5,-39.76006
3240605468.75,-39.75961
3240605625.0,-39.74803
3240605781.25,-39.77124
3240605937.5,-39.75523
3240606093.75,-39.73624
3240606250.0,-39.78292
3240606406.25,-39.77789
3240606562.5,-39.75417
3240606718.75,-39.76949
3240606875.0,-39.76908
3240607031.25,-39.75526
3240607187.5,-39.74963
3240607343.75,-39.76912
3240607500.0,-39.75768
3240607656.25,-39.75373
3240607812.5,-39.77715
3240607968.75,-39.76466
3240608125.0,-39.76511
3240608281.25,-39.76397
3240608437.5,-39.7615
3240608593.75,-39.7528
3240608750.0,-39.75766
3240608906.25,-39.75317
3240609062.5,-39.73722
3240609218.75,-39.74142
3240609375.0,-39.73429
3240609531.25,-39.7251
3240609687.5,-39.74246
3240609843.75,-39.73862
3240610000.0,-39.74024
3240610156.25,-39.75011
3240610312.5,-39.75196
3240610468.75,-39.7583
3240610625.0,-39.73379
3240610781.25,-39.74529
3240610937.5,-39.73659
3240611093.75,-39.7377
3240611250.0,-39.75168
3240611406.25,-39.75488
3240611562.5,-39.74901
3240611718.75,-39.75008
3240611875.0,-39.75469
3240612031.25,-39.74498
3240612187.5,-39.75173
3240612343.75,-39.73245
3240612500.0,-39.744
3240612656.25,-39.73612
3240612812.5,-39.72435
3240612968.75,-39.73853
3240613125.0,-39.74001
3240613281.25,-39.72812
3240613437.5,-39.73919
3240613593.75,-39.73718
3240613750.0,-39.72803
3240613906.25,-39.73347
3240614062.5,-39.73092
3240614218.75,-39.72462
3240614375.0,-39.71412
3240614531.25,-39.72085
3240614687.5,-39.72763
3240614843.75,-39.75232
3240615000.0,-39.75762
3240615156.25,-39.71243
3240615312.5,-39.74967
3240615468.75,-39.72386
3240615625.0,-39.73156
3240615781.25,-39.71969
3240615937.5,-39.72925
3240616093.75,-39.72917
3240616250.0,-39.72815
3240616406.25,-39.71743
3240616562.5,-39.71729
3240616718.75,-39.71038
3240616875.0,-39.71957
3240617031.25,-39.7365
3240617187.5,-39.71225
3240617343.75,-39.72338
3240617500.0,-39.71801
3240617656.25,-39.71643
3240617812.5,-39.69849
3240617968.75,-39.7165
3240618125.0,-39.70583
3240618281.25,-39.68704
3240618437.5,-39.71931
3240618593.75,-39.70792
3240618750.0,-39.70041
3240618906.25,-39.70707
3240619062.5,-39.70439
3240619218.75,-39.70563
3240619375.0,-39.71158
3240619531.25,-39.69899
3240619687.5,-39.70577
3240619843.75,-39.69057
3240620000.0,-39.70302
3240620156.25,-39.70378
3240620312.5,-39.70541
3240620468.75,-39.7136
3240620625.0,-39.71471
3240620781.25,-39.69356
3240620937.5,-39.69153
3240621093.75,-39.71056
3240621250.0,-39.69202
3240621406.25,-39.68817
3240621562.5,-39.70472
3240621718.75,-39.69973
3240621875.0,-39.68517
3240622031.25,-39.69941
3240622187.5,-39.67968
3240622343.75,-39.68878
3240622500.0,-39.69987
3240622656.25,-39.68356
3240622812.5,-39.69283
3240622968.75,-39.69741
3240623125.0,-39.69683
3240623281.25,-39.70259
3240623437.5,-39.69263
3240623593.75,-39.69516
3240623750.0,-39.68804
3240623906.25,-39.70413
3240624062.5,-39.68355
3240624218.75,-39.69631
3240624375.0,-39.67176
3240624531.25,-39.70151
3240624687.5,-39.69977
3240624843.75,-39.69974
3240625000.0,-39.68163
3240625156.25,-39.68362
3240625312.5,-39.68612
3240625468.75,-39.67976
3240625625.0,-39.66343
3240625781.25,-39.66965
3240625937.5,-39.66788
3240626093.75,-39.6923
3240626250.0,-39.6817
3240626406.25,-39.69231
3240626562.5,-39.67899
3240626718.75,-39.68882
3240626875.0,-39.68654
3240627031.25,-39.67475
3240627187.5,-39.65149
3240627343.75,-39.68742
3240627500.0,-39.68074
3240627656.25,-39.69619
3240627812.5,-39.66945
3240627968.75,-39.67103
3240628125.0,-39.68861
3240628281.25,-39.66864
3240628437.5,-39.66467
3240628593.75,-39.66706
3240628750.0,-39.67041
3240628906.25,-39.6877
3240629062.5,-39.66658
3240629218.75,-39.676
3240629375.0,-39.67682
3240629531.25,-39.65212
3240629687.5,-39.67121
3240629843.75,-39.65383
3240630000.0,-39.67022
3240630156.25,-39.64454
3240630312.5,-39.66068
3240630468.75,-39.67209
3240630625.0,-39.65945
3240630781.25,-39.67001
3240630937.5,-39.66915
3240631093.75,-39.63581
3240631250.0,-39.65569
3240631406.25,-39.66236
3240631562.5,-39.6741
3240631718.75,-39.66194
3240631875.0,-39.6609
3240632031.25,-39.65802
3240632187.5,-39.65384
3240632343.75,-39.65075
3240632500.0,-39.65274
3240632656.25,-39.65543
3240632812.5,-39.64327
3240632968.75,-39.65642
3240633125.0,-39.66073
3240633281.25,-39.66581
3240633437.5,-39.63439
3240633593.75,-39.65668
3240633750.0,-39.65444
3240633906.25,-39.64576
3240634062.5,-39.65051
3240634218.75,-39.63381
3240634375.0,-39.65136
3240634531.25,-39.63246
3240634687.5,-39.64009
3240634843.75,-39.64824
3240635000.0,-39.64854
3240635156.25,-39.63513
3240635312.5,-39.62071
3240635468.75,-39.65185
3240635625.0,-39.64487
3240635781.25,-39.64093
3240635937.5,-39.65289
3240636093.75,-39.64896
3240636250.0,-39.63466
3240636406.25,-39.64267
3240636562.5,-39.63398
3240636718.75,-39.63634
3240636875.0,-39.63588
3240637031.25,-39.62545
3240637187.5,-39.62893
3240637343.75,-39.60748
3240637500.0,-39.61199
3240637656.25,-39.64378
3240637812.5,-39.6258
3240637968.75,-39.63212
3240638125.0,-39.63498
3240638281.25,-39.63222
3240638437.5,-39.62852
3240638593.75,-39.62519
3240638750.0,-39.63509
3240638906.25,-39.6246
3240639062.5,-39.63313
3240639218.75,-39.60169
3240639375.0,-39.63429
3240639531.25,-39.64348
3240639687.5,-39.63077
3240639843.75,-39.62105
3240640000.0,-39.62354
3240640156.25,-39.62822
3240640312.5,-39.63472
3240640468.75,-39.61578
3240640625.0,-39.6182
3240640781.25,-39.62083
3240640937.5,-39.61586
3240641093.75,-39.61196
3240641250.0,-39.63259
3240641406.25,-39.60067
3240641562.5,-39.61633
3240641718.75,-39.61684
3240641875.0,-39.61945
3240642031.25,-39.63414
3240642187.5,-39.59939
3240642343.75,-39.59206
3240642500.0,-39.60708
3240642656.25,-39.61757
3240642812.5,-39.62593
3240642968.75,-39.62844
3240643125.0,-39.60783
3240643281.25,-39.59552
3240643437.5,-39.60913
3240643593.75,-39.5893
3240643750.0,-39.62018
3240643906.25,-39.62262
3240644062.5,-39.59194
3240644218.75,-39.59933
3240644375.0,-39.61221
3240644531.25,-39.59407
3240644687.5,-39.61176
3240644843.75,-39.60887
3240645000.0,-39.61382
3240645156.25,-39.59827
3240645312.5,-39.61172
3240645468.75,-39.59792
3240645625.0,-39.59516
3240645781.25,-39.58526
3240645937.5,-39.60353
3240646093.75,-39.6089
3240646250.0,-39.60142
3240646406.25,-39.59329
3240646562.5,-39.60868
3240646718.75,-39.58472
3240646875.0,-39.59399
3240647031.25,-39.59071
3240647187.5,-39.57928
3240647343.75,-39.59586
3240647500.0,-39.59278
3240647656.25,-39.60695
3240647812.5,-39.57716
3240647968.75,-39.59262
3240648125.0,-39.57161
3240648281.25,-39.59744
3240648437.5,-39.60336
3240648593.75,-39.58154
3240648750.0,-39.59583
3240648906.25,-39.58356
3240649062.5,-39.56834
3240649218.75,-39.59043
3240649375.0,-39.57365
3240649531.25,-39.57701
3240649687.5,-39.58037
3240649843.75,-39.57198
3240650000.0,-39.59025
3240650156.25,-39.57542
3240650312.5,-39.58366
3240650468.75,-39.57497
3240650625.0,-39.57421
3240650781.25,-39.56968
3240650937.5,-39.57983
3240651093.75,-39.57011
3240651250.0,-39.57502
3240651406.25,-39.57851
3240651562.5,-39.5838
3240651718.75,-39.56478
3240651875.0,-39.59146
3240652031.25,-39.58068
3240652187.5,-39.56969
3240652343.75,-39.57272
3240652500.0,-39.57072
3240652656.25,-39.57674
3240652812.5,-39.56542
3240652968.75,-39.56699
3240653125.0,-39.56184
3240653281.25,-39.58474
3240653437.5,-39.55983
3240653593.75,-39.55378
3240653750.0,-39.55952
3240653906.25,-39.57084
3240654062.5,-39.5694
3240654218.75,-39.56165
3240654375.0,-39.56318
3240654531.25,-39.53888
3240654687.5,-39.55709
3240654843.75,-39.56801
3240655000.0,-39.57137
3240655156.25,-39.56988
3240655312.5,-39.55679
3240655468.75,-39.56157
3240655625.0,-39.55756
3240655781.25,-39.55317
3240655937.5,-39.53776
3240656093.75,-39.56137
3240656250.0,-39.55137
3240656406.25,-39.55804
3240656562.5,-39.53791
3240656718.75,-39.54749
3240656875.0,-39.56517
3240657031.25,-39.55147
3240657187.5,-39.55048
3240657343.75,-39.54543
3240657500.0,-39.54837
3240657656.25,-39.55755
3240657812.5,-39.52449
3240657968.75,-39.54279
3240658125.0,-39.54168
3240658281.25,-39.53957
3240658437.5,-39.53545
3240658593.75,-39.54377
3240658750.0,-39.54784
3240658906.25,-39.56005
3240659062.5,-39.5449
3240659218.75,-39.54181
3240659375.0,-39.53362
3240659531.25,-39.53532
3240659687.5,-39.55394
3240659843.75,-39.53057
3240660000.0,-39.5406
3240660156.25,-39.53659
3240660312.5,-39.53208
3240660468.75,-39.54885
3240660625.0,-39.53716
3240660781.25,-39.53099
3240660937.5,-39.54485
3240661093.75,-39.52752
3240661250.0,-39.51381
3240661406.25,-39.54835
3240661562.5,-39.52463
3240661718.75,-39.52356
3240661875.0,-39.51328
3240662031.25,-39.53612
3240662187.5,-39.53255
3240662343.75,-39.52455
3240662500.0,-39.51912
3240662656.25,-39.52989
3240662812.5,-39.53185
3240662968.75,-39.53067
3240663125.0,-39.53113
3240663281.25,-39.51606
3240663437.5,-39.5238
3240663593.75,-39.51603
3240663750.0,-39.5198
3240663906.25,-39.52777
3240664062.5,-39.52588
3240664218.75,-39.52338
3240664375.0,-39.52372
3240664531.25,-39.52311
3240664687.5,-39.53661
3240664843.75,-39.51951
3240665000.0,-39.53182
3240665156.25,-39.51126
3240665312.5,-39.51006
3240665468.75,-39.51104
3240665625.0,-39.51751
3240665781.25,-39.51452
3240665937.5,-39.52683
3240666093.75,-39.52243
3240666250.0,-39.50465
3240666406.25,-39.51381
3240666562.5,-39.51292
3240666718.75,-39.51849
3240666875.0,-39.51949
3240667031.25,-39.50787
3240667187.5,-39.5038
3240667343.75,-39.52087
3240667500.0,-39.50452
3240667656.25,-39.51453
3240667812.5,-39.52048
3240667968.75,-39.51208
3240668125.0,-39.47728
3240668281.25,-39.4888
3240668437.5,-39.51129
3240668593.75,-39.51451
3240668750.0,-39.51123
3240668906.25,-39.49195
3240669062.5,-39.51009
3240669218.75,-39.51812
3240669375.0,-39.50067
3240669531.25,-39.5
3240669687.5,-39.49862
3240669843.75,-39.47336
3240670000.0,-39.5123
3240670156.25,-39.49508
3240670312.5,-39.49507
3240670468.75,-39.50128
3240670625.0,-39.4724
3240670781.25,-39.49475
3240670937.5,-39.4957
3240671093.75,-39.48893
3240671250.0,-39.49701
3240671406.25,-39.47297
3240671562.5,-39.48723
3240671718.75,-39.4863
3240671875.0,-39.48679
3240672031.25,-39.48088
3240672187.5,-39.48746
3240672343.75,-39.48756
3240672500.0,-39.49126
3240672656.25,-39.47138
3240672812.5,-39.48997
3240672968.75,-39.48888
3240673125.0,-39.48085
3240673281.25,-39.47246
3240673437.5,-39.48555
3240673593.75,-39.48329
3240673750.0,-39.47995
3240673906.25,-39.47548
3240674062.5,-39.47213
3240674218.75,-39.48018
3240674375.0,-39.48101
3240674531.25,-39.4814
3240674687.5,-39.49269
3240674843.75,-39.4683
3240675000.0,-39.46448
3240675156.25,-39.48426
3240675312.5,-39.49554
3240675468.75,-39.47846
3240675625.0,-39.46686
3240675781.25,-39.47444
3240675937.5,-39.46828
3240676093.75,-39.46957
3240676250.0,-39.45108
3240676406.25,-39.47785
3240676562.5,-39.48017
3240676718.75,-39.47172
3240676875.0,-39.46807
3240677031.25,-39.46866
3240677187.5,-39.47467
3240677343.75,-39.46108
3240677500.0,-39.46678
3240677656.25,-39.46284
3240677812.5,-39.47525
3240677968.75,-39.47146
3240678125.0,-39.44537
3240678281.25,-39.44436
3240678437.5,-39.44933
3240678593.75,-39.46621
3240678750.0,-39.47437
3240678906.25,-39.47552
3240679062.5,-39.4589
3240679218.75,-39.44834
3240679375.0,-39.45032
3240679531.25,-39.4534
3240679687.5,-39.45929
3240679843.75,-39.45042
3240680000.0,-39.45366
3240680156.25,-39.45686
3240680312.5,-39.4552
3240680468.75,-39.45877
3240680625.0,-39.44315
3240680781.25,-39.44118
3240680937.5,-39.43336
3240681093.75,-39.44871
3240681250.0,-39.44391
3240681406.25,-39.44219
3240681562.5,-39.44498
3240681718.75,-39.46321
3240681875.0,-39.44356
3240682031.25,-39.44518
3240682187.5,-39.44619
3240682343.75,-39.4438
3240682500.0,-39.45575
3240682656.25,-39.45375
3240682812.5,-39.43674
3240682968.75,-39.43611
3240683125.0,-39.4466
3240683281.25,-39.43872
3240683437.5,-39.45097
3240683593.75,-39.43108
3240683750.0,-39.4529
3240683906.25,-39.42616
3240684062.5,-39.418
3240684218.75,-39.42981
3240684375.0,-39.42414
3240684531.25,-39.4196
3240684687.5,-39.4142
3240684843.75,-39.42706
3240685000.0,-39.44673
3240685156.25,-39.42148
3240685312.5,-39.43968
3240685468.75,-39.42855
3240685625.0,-39.42814
3240685781.25,-39.43825
3240685937.5,-39.42239
3240686093.75,-39.42988
3240686250.0,-39.43599
3240686406.25,-39.4103
3240686562.5,-39.43534
3240686718.75,-39.41961
3240686875.0,-39.43033
3240687031.25,-39.41457
3240687187.5,-39.42382
3240687343.75,-39.42227
3240687500.0,-39.42899
3240687656.25,-39.41988
3240687812.5,-39.40385
3240687968.75,-39.43008
3240688125.0,-39.41991
3240688281.25,-39.4194
3240688437.5,-39.40636
3240688593.75,-39.41724
3240688750.0,-39.41736
3240688906.25,-39.40952
3240689062.5,-39.40195
3240689218.75,-39.4156
3240689375.0,-39.40124
3240689531.25,-39.42049
3240689687.5,-39.39573
3240689843.75,-39.43036
3240690000.0,-39.41401
3240690156.25,-39.40818
3240690312.5,-39.41898
3240690468.75,-39.41347
3240690625.0,-39.40779
3240690781.25,-39.40639
3240690937.5,-39.41784
3240691093.75,-39.39289
3240691250.0,-39.41018
3240691406.25,-39.40792
3240691562.5,-39.40665
3240691718.75,-39.41657
3240691875.0,-39.42282
3240692031.25,-39.39746
3240692187.5,-39.39626
3240692343.75,-39.40651
3240692500.0,-39.40009
3240692656.25,-39.38736
3240692812.5,-39.39767
3240692968.75,-39.38431
3240693125.0,-39.39879
3240693281.25,-39.39832
3240693437.5,-39.38387
3240693593.75,-39.41312
3240693750.0,-39.40484
3240693906.25,-39.38803
3240694062.5,-39.38972
3240694218.75,-39.3988
3240694375.0,-39.39631
3240694531.25,-39.37635
3240694687.5,-39.39048
3240694843.75,-39.38425
3240695000.0,-39.38345
3240695156.25,-39.3853
3240695312.5,-39.3821
3240695468.75,-39.37176
3240695625.0,-39.37886
3240695781.25,-39.37818
3240695937.5,-39.38477
3240696093.75,-39.37859
3240696250.0,-39.38837
3240696406.25,-39.39308
3240696562.5,-39.38186
3240696718.75,-39.37946
3240696875.0,-39.3699
3240697031.25,-39.36584
3240697187.5,-39.38083
3240697343.75,-39.37459
3240697500.0,-39.36897
3240697656.25,-39.38094
3240697812.5,-39.36787
3240697968.75,-39.38339
3240698125.0,-39.37367
3240698281.25,-39.35246
3240698437.5,-39.37735
3240698593.75,-39.37714
3240698750.0,-39.36033
3240698906.25,-39.37027
3240699062.5,-39.37025
3240699218.75,-39.37242
3240699375.0,-39.39013
3240699531.25,-39.37267
3240699687.5,-39.36894
3240699843.75,-39.35798
3240700000.0,-39.36177
3240700156.25,-39.34867
3240700312.5,-39.38049
3240700468.75,-39.36749
3240700625.0,-39.36527
3240700781.25,-39.34786
3240700937.5,-39.36755
3240701093.75,-39.36231
3240701250.0,-39.35641
3240701406.25,-39.34951
3240701562.5,-39.35904
3240701718.75,-39.36531
3240701875.0,-39.34653
3240702031.25,-39.36499
3240702187.5,-39.36032
3240702343.75,-39.35672
3240702500.0,-39.36755
3240702656.25,-39.35784
3240702812.5,-39.3451
3240702968.75,-39.37066
3240703125.0,-39.35876
3240703281.25,-39.35905
3240703437.5,-39.36074
3240703593.75,-39.33278
3240703750.0,-39.34989
3240703906.25,-39.34475
3240704062.5,-39.34497
3240704218.75,-39.35357
3240704375.0,-39.34846
3240704531.25,-39.33388
3240704687.5,-39.32925
3240704843.75,-39.35269
3240705000.0,-39.35563
3240705156.25,-39.35528
3240705312.5,-39.33892
3240705468.75,-39.35541
3240705625.0,-39.34194
3240705781.25,-39.34764
3240705937.5,-39.33862
3240706093.75,-39.33486
3240706250.0,-39.33853
3240706406.25,-39.3423
3240706562.5,-39.335
3240706718.75,-39.32114
3240706875.0,-39.33582
3240707031.25,-39.34286
3240707187.5,-39.33089
3240707343.75,-39.33281
3240707500.0,-39.32974
3240707656.25,-39.34768
3240707812.5,-39.33966
3240707968.75,-39.32869
3240708125.0,-39.32233
3240708281.25,-39.33678
3240708437.5,-39.31582
3240708593.75,-39.33029
3240708750.0,-39.32626
3240708906.25,-39.33469
3240709062.5,-39.32589
3240709218.75,-39.3196
3240709375.0,-39.31614
3240709531.25,-39.3321
3240709687.5,-39.32307
3240709843.75,-39.32115
3240710000.0,-39.31089
3240710156.25,-39.31144
3240710312.5,-39.31366
3240710468.75,-39.31833
3240710625.0,-39.31743
3240710781.25,-39.3265
3240710937.5,-39.32056
3240711093.75,-39.31854
3240711250.0,-39.31321
3240711406.25,-39.33519
3240711562.5,-39.31374
3240711718.75,-39.31028
3240711875.0,-39.32747
3240712031.25,-39.30321
3240712187.5,-39.31355
3240712343.75,-39.31616
3240712500.0,-39.31051
3240712656.25,-39.30998
3240712812.5,-39.30276
3240712968.75,-39.30844
3240713125.0,-39.3164
3240713281.25,-39.30468
3240713437.5,-39.30142
3240713593.75,-39.28604
3240713750.0,-39.30743
3240713906.25,-39.29944
3240714062.5,-39.31087
3240714218.75,-39.30511
3240714375.0,-39.30168
3240714531.25,-39.30313
3240714687.5,-39.2983
3240714843.75,-39.29162
3240715000.0,-39.30763
3240715156.25,-39.31083
3240715312.5,-39.29703
3240715468.75,-39.29913
3240715625.0,-39.30238
3240715781.25,-39.28784
3240715937.5,-39.28275
3240716093.75,-39.30916
3240716250.0,-39.29734
3240716406.25,-39.28933
3240716562.5,-39.28387
3240716718.75,-39.28638
3240716875.0,-39.28846
3240717031.25,-39.29438
3240717187.5,-39.28875
3240717343.75,-39.28833
3240717500.0,-39.28977
3240717656.25,-39.29206
3240717812.5,-39.29078
3240717968.75,-39.29867
3240718125.0,-39.28576
3240718281.25,-39.30399
3240718437.5,-39.28142
3240718593.75,-39.29434
3240718750.0,-39.26657
3240718906.25,-39.27847
3240719062.5,-39.29562
3240719218.75,-39.27406
3240719375.0,-39.30306
3240719531.25,-39.27531
3240719687.5,-39.27959
3240719843.75,-39.29501
3240720000.0,-39.30026
3240720156.25,-39.28068
3240720312.5,-39.28741
3240720468.75,-39.27945
3240720625.0,-39.27338
3240720781.25,-39.26681
3240720937.5,-39.28519
3240721093.75,-39.25342
3240721250.0,-39.2821
3240721406.25,-39.26181
3240721562.5,-39.26772
3240721718.75,-39.25826
3240721875.0,-39.26868
3240722031.25,-39.27499
3240722187.5,-39.27198
3240722343.75,-39.27375
3240722500.0,-39.25938
3240722656.25,-39.2711
3240722812.5,-39.26347
3240722968.75,-39.26297
3240723125.0,-39.26665
3240723281.25,-39.27581
3240723437.5,-39.26751
3240723593.75,-39.26754
3240723750.0,-39.26055
3240723906.25,-39.25792
3240724062.5,-39.2723
3240724218.75,-39.26375
3240724375.0,-39.27468
3240724531.25,-39.26222
3240724687.5,-39.24294
3240724843.75,-39.26105
3240725000.0,-39.2515
3240725156.25,-39.25406
3240725312.5,-39.25245
3240725468.75,-39.26052
3240725625.0,-39.24677
3240725781.25,-39.25397
3240725937.5,-39.25846
3240726093.75,-39.24869
3240726250.0,-39.27488
3240726406.25,-39.24643
3240726562.5,-39.24224
3240726718.75,-39.26968
3240726875.0,-39.25896
3240727031.25,-39.2494
3240727187.5,-39.23792
3240727343.75,-39.24973
3240727500.0,-39.23071
3240727656.25,-39.24276
3240727812.5,-39.22712
3240727968.75,-39.23829
3240728125.0,-39.23864
3240728281.25,-39.24519
3240728437.5,-39.24491
3240728593.75,-39.23281
3240728750.0,-39.24817
3240728906.25,-39.24189
3240729062.5,-39.22477
3240729218.75,-39.22974
3240729375.0,-39.23446
3240729531.25,-39.23704
3240729687.5,-39.24535
3240729843.75,-39.24863
3240730000.0,-39.24407
3240730156.25,-39.23895
3240730312.5,-39.23754
3240730468.75,-39.23098
3240730625.0,-39.22345
3240730781.25,-39.21487
3240730937.5,-39.24097
3240731093.75,-39.22337
3240731250.0,-39.22166
3240731406.25,-39.2371
3240731562.5,-39.23097
3240731718.75,-39.22805
3240731875.0,-39.22428
3240732031.25,-39.21308
3240732187.5,-39.22874
3240732343.75,-39.2304
3240732500.0,-39.21435
3240732656.25,-39.20765
3240732812.5,-39.23033
3240732968.75,-39.20861
3240733125.0,-39.21789
3240733281.25,-39.21864
3240733437.5,-39.20753
3240733593.75,-39.21731
3240733750.0,-39.21353
3240733906.25,-39.22614
3240734062.5,-39.21894
3240734218.75,-39.21506
3240734375.0,-39.21306
3240734531.25,-39.19424
3240734687.5,-39.20988
3240734843.75,-39.21545
3240735000.0,-39.21688
3240735156.25,-39.20899
3240735312.5,-39.22552
3240735468.75,-39.21061
3240735625.0,-39.22324
3240735781.25,-39.2112
3240735937.5,-39.22228
3240736093.75,-39.20396
3240736250.0,-39.2085
3240736406.25,-39.21421
3240736562.5,-39.2028
3240736718.75,-39.21107
3240736875.0,-39.20318
3240737031.25,-39.1948
3240737187.5,-39.21394
3240737343.75,-39.21444
3240737500.0,-39.20569
3240737656.25,-39.20565
3240737812.5,-39.19724
3240737968.75,-39.18433
3240738125.0,-39.20944
3240738281.25,-39.20403
3240738437.5,-39.19218
3240738593.75,-39.19445
3240738750.0,-39.18332
3240738906.25,-39.1912
3240739062.5,-39.20243
3240739218.75,-39.19216
3240739375.0,-39.19864
3240739531.25,-39.20146
3240739687.5,-39.18658
3240739843.75,-39.17355
3240740000.0,-39.19757
3240740156.25,-39.17917
3240740312.5,-39.19667
3240740468.75,-39.18666
3240740625.0,-39.21128
3240740781.25,-39.19175
3240740937.5,-39.181
3240741093.75,-39.18487
3240741250.0,-39.18097
3240741406.25,-39.1914
3240741562.5,-39.18412
3240741718.75,-39.20039
3240741875.0,-39.18129
3240742031.25,-39.18401
3240742187.5,-39.16636
3240742343.75,-39.16031
3240742500.0,-39.17797
3240742656.25,-39.18265
3240742812.5,-39.17972
3240742968.75,-39.18369
3240743125.0,-39.18999
3240743281.25,-39.18703
3240743437.5,-39.17186
3240743593.75,-39.17389
3240743750.0,-39.16796
3240743906.25,-39.16341
3240744062.5,-39.17966
3240744218.75,-39.1844
3240744375.0,-39.1603
3240744531.25,-39.18463
3240744687.5,-39.18419
3240744843.75,-39.15665
3240745000.0,-39.16065
3240745156.25,-39.16877
3240745312.5,-39.16203
3240745468.75,-39.17388
3240745625.0,-39.1642
3240745781.25,-39.17552
3240745937.5,-39.15845
3240746093.75,-39.1578
3240746250.0,-39.16483
3240746406.25,-39.15764
3240746562.5,-39.1639
3240746718.75,-39.17281
3240746875.0,-39.15895
3240747031.25,-39.16241
3240747187.5,-39.15706
3240747343.75,-39.15763
3240747500.0,-39.15534
3240747656.25,-39.15282
3240747812.5,-39.16614
3240747968.75,-39.16337
3240748125.0,-39.161
3240748281.25,-39.15769
3240748437.5,-39.14531
3240748593.75,-39.16539
3240748750.0,-39.1331
3240748906.25,-39.17052
3240749062.5,-39.13727
3240749218.75,-39.14867
3240749375.0,-39.15662
3240749531.25,-39.15564
3240749687.5,-39.1425
3240749843.75,-39.14088
3240750000.0,-39.1541
3240750156.25,-39.14494
3240750312.5,-39.13745
3240750468.75,-39.14816
3240750625.0,-39.15258
3240750781.25,-39.14471
3240750937.5,-39.1571
3240751093.75,-39.14055
3240751250.0,-39.13958
3240751406.25,-39.14979
3240751562.5,-39.14846
3240751718.75,-39.12548
3240751875.0,-39.13152
3240752031.25,-39.1312
3240752187.5,-39.14166
3240752343.75,-39.14729
3240752500.0,-39.15503
3240752656.25,-39.13228
3240752812.5,-39.13827
3240752968.75,-39.14888
3240753125.0,-39.13511
3240753281.25,-39.12507
3240753437.5,-39.12893
3240753593.75,-39.13315
3240753750.0,-39.12854
3240753906.25,-39.12976
3240754062.5,-39.12952
3240754218.75,-39.13516
3240754375.0,-39.12268
3240754531.25,-39.12918
3240754687.5,-39.12733
3240754843.75,-39.13602
3240755000.0,-39.12627
3240755156.25,-39.12029
3240755312.5,-39.11894
3240755468.75,-39.12038
3240755625.0,-39.12764
3240755781.25,-39.12588
3240755937.5,-39.12087
3240756093.75,-39.10999
3240756250.0,-39.1223
3240756406.25,-39.11026
3240756562.5,-39.11005
3240756718.75,-39.11177
3240756875.0,-39.11847
3240757031.25,-39.11537
3240757187.5,-39.12784
3240757343.75,-39.12237
3240757500.0,-39.10974
3240757656.25,-39.11734
3240757812.5,-39.11758
3240757968.75,-39.10631
3240758125.0,-39.11624
3240758281.25,-39.10859
3240758437.5,-39.10185
3240758593.75,-39.10468
3240758750.0,-39.10631
3240758906.25,-39.11179
3240759062.5,-39.09641
3240759218.75,-39.10512
3240759375.0,-39.09003
3240759531.25,-39.10559
3240759687.5,-39.1034
3240759843.75,-39.09524
3240760000.0,-39.11142
3240760156.25,-39.10925
3240760312.5,-39.09969
3240760468.75,-39.10629
3240760625.0,-39.10414
3240760781.25,-39.09507
3240760937.5,-39.0906
3240761093.75,-39.11426
3240761250.0,-39.08999
3240761406.25,-39.09484
3240761562.5,-39.09001
3240761718.75,-39.0775
3240761875.0,-39.08992
3240762031.25,-39.09786
3240762187.5,-39.10282
3240762343.75,-39.10341
3240762500.0,-39.10069
3240762656.25,-39.09464
3240762812.5,-39.09102
3240762968.75,-39.08133
3240763125.0,-39.08198
3240763281.25,-39.08573
3240763437.5,-39.08875
3240763593.75,-39.09198
3240763750.0,-39.09167
3240763906.25,-39.07854
3240764062.5,-39.09354
3240764218.75,-39.08382
3240764375.0,-39.08483
3240764531.25,-39.07505
3240764687.5,-39.08245
3240764843.75,-39.06751
3240765000.0,-39.07024
3240765156.25,-39.09602
3240765312.5,-39.08151
3240765468.75,-39.06493
3240765625.0,-39.06141
3240765781.25,-39.05796
3240765937.5,-39.07436
3240766093.75,-39.06983
3240766250.0,-39.07651
3240766406.25,-39.07313
3240766562.5,-39.06881
3240766718.75,-39.07348
3240766875.0,-39.07153
3240767031.25,-39.08391
3240767187.5,-39.08705
3240767343.75,-39.08292
3240767500.0,-39.07101
3240767656.25,-39.07046
3240767812.5,-39.07631
3240767968.75,-39.08358
3240768125.0,-39.05568
3240768281.25,-39.06867
3240768437.5,-39.08842
3240768593.75,-39.06533
3240768750.0,-39.05024
3240768906.25,-39.07338
3240769062.5,-39.05483
3240769218.75,-39.04516
3240769375.0,-39.07254
3240769531.25,-39.06549
3240769687.5,-39.05255
3240769843.75,-39.07624
3240770000.0,-39.06524
3240770156.25,-39.05515
3240770312.5,-39.05669
3240770468.75,-39.05811
3240770625.0,-39.05404
3240770781.25,-39.05664
3240770937.5,-39.05254
3240771093.75,-39.05252
3240771250.0,-39.04165
3240771406.25,-39.04556
3240771562.5,-39.04549
3240771718.75,-39.04257
3240771875.0,-39.04059
3240772031.25,-39.0578
3240772187.5,-39.05681
3240772343.75,-39.043
3240772500.0,-39.03533
3240772656.25,-39.07004
3240772812.5,-39.05326
3240772968.75,-39.03894
3240773125.0,-39.04009
3240773281.25,-39.03753
3240773437.5,-39.03517
3240773593.75,-39.04135
3240773750.0,-39.0278
3240773906.25,-39.03595
3240774062.5,-39.02913
3240774218.75,-39.04644
3240774375.0,-39.0274
3240774531.25,-39.03345
3240774687.5,-39.0359
3240774843.75,-39.03006
3240775000.0,-39.03158
3240775156.25,-39.02069
3240775312.5,-39.03546
3240775468.75,-39.03379
3240775625.0,-39.01806
3240775781.25,-39.04929
3240775937.5,-39.02588
3240776093.75,-39.0355
3240776250.0,-39.02418
3240776406.25,-39.02423
3240776562.5,-39.02282
3240776718.75,-39.02044
3240776875.0,-39.02732
3240777031.25,-39.01627
3240777187.5,-39.03873
3240777343.75,-39.01917
3240777500.0,-39.01503
3240777656.25,-39.03546
3240777812.5,-39.02716
3240777968.75,-39.02073
3240778125.0,-39.01344
3240778281.25,-39.01579
3240778437.5,-39.01008
3240778593.75,-39.0162
3240778750.0,-39.02475
3240778906.25,-39.01065
3240779062.5,-39.02134
3240779218.75,-39.02758
3240779375.0,-39.00163
3240779531.25,-39.03226
3240779687.5,-39.01399
3240779843.75,-39.01737
3240780000.0,-39.00097
3240780156.25,-39.01345
3240780312.5,-39.01103
3240780468.75,-39.00508
3240780625.0,-38.98712
3240780781.25,-39.00853
3240780937.5,-39.0209
3240781093.75,-39.00733
3240781250.0,-39.00002
3240781406.25,-39.00664
3240781562.5,-38.9996
3240781718.75,-39.0077
3240781875.0,-39.01038
3240782031.25,-39.00795
3240782187.5,-38.98776
3240782343.75,-38.99727
3240782500.0,-39.01186
3240782656.25,-39.00746
3240782812.5,-38.9804
3240782968.75,-38.98798
3240783125.0,-39.00433
3240783281.25,-39.00256
3240783437.5,-38.9954
3240783593.75,-38.99177
3240783750.0,-39.00504
3240783906.25,-39.00323
3240784062.5,-38.99158
3240784218.75,-38.99041
3240784375.0,-38.99918
3240784531.25,-39.00552
3240784687.5,-38.99078
3240784843.75,-38.98724
3240785000.0,-38.9721
3240785156.25,-38.97846
3240785312.5,-38.98429
3240785468.75,-38.98379
3240785625.0,-38.98015
3240785781.25,-38.99191
3240785937.5,-38.97174
3240786093.75,-38.99037
3240786250.0,-38.98172
3240786406.25,-38.98338
3240786562.5,-38.98776
3240786718.75,-38.98092
3240786875.0,-38.97273
3240787031.25,-38.98587
3240787187.5,-38.97684
3240787343.75,-38.97676
3240787500.0,-38.95822
3240787656.25,-38.98108
3240787812.5,-38.97932
3240787968.75,-38.97857
3240788125.0,-38.97958
3240788281.25,-38.98056
3240788437.5,-38.99102
3240788593.75,-38.97775
3240788750.0,-38.9649
3240788906.25,-38.97963
3240789062.5,-38.95313
3240789218.75,-38.96355
3240789375.0,-38.95907
3240789531.25,-38.979
3240789687.5,-38.97068
3240789843.75,-38.95485
3240790000.0,-38.97092
3240790156.25,-38.96364
3240790312.5,-38.95263
3240790468.75,-38.96243
3240790625.0,-38.95792
3240790781.25,-38.9622
3240790937.5,-38.96823
3240791093.75,-38.95804
3240791250.0,-38.9559
3240791406.25,-38.94307
3240791562.5,-38.96045
3240791718.75,-38.95606
3240791875.0,-38.97483
3240792031.25,-38.96298
3240792187.5,-38.95668
3240792343.75,-38.96807
3240792500.0,-38.95217
3240792656.25,-38.95465
3240792812.5,-38.96819
3240792968.75,-38.96487
3240793125.0,-38.95248
3240793281.25,-38.96112
3240793437.5,-38.95808
3240793593.75,-38.9442
3240793750.0,-38.94967
3240793906.25,-38.93537
3240794062.5,-38.93265
3240794218.75,-38.94537
3240794375.0,-38.95076
3240794531.25,-38.95887
3240794687.5,-38.95002
3240794843.75,-38.93213
3240795000.0,-38.93718
3240795156.25,-38.9353
3240795312.5,-38.9425
3240795468.75,-38.93969
3240795625.0,-38.95049
3240795781.25,-38.9333
3240795937.5,-38.94483
3240796093.75,-38.94224
3240796250.0,-38.93357
3240796406.25,-38.94407
3240796562.5,-38.93123
3240796718.75,-38.92065
3240796875.0,-38.93261
3240797031.25,-38.92664
3240797187.5,-38.92762
3240797343.75,-38.94987
3240797500.0,-38.93269
3240797656.25,-38.93635
3240797812.5,-38.91922
3240797968.75,-38.9458
3240798125.0,-38.92378
3240798281.25,-38.92981
3240798437.5,-38.931
3240798593.75,-38.91577
3240798750.0,-38.91568
3240798906.25,-38.92348
3240799062.5,-38.91813
3240799218.75,-38.9171
3240799375.0,-38.92854
3240799531.25,-38.92355
3240799687.5,-38.93621
3240799843.75,-38.91198
3240800000.0,-38.92778
3240800156.25,-38.91142
3240800312.5,-38.9206
3240800468.75,-38.9285
3240800625.0,-38.91252
3240800781.25,-38.90985
3240800937.5,-38.91304
3240801093.75,-38.9234
3240801250.0,-38.92871
3240801406.25,-38.91785
3240801562.5,-38.91789
3240801718.75,-38.89664
3240801875.0,-38.92253
3240802031.25,-38.90684
3240802187.5,-38.91478
3240802343.75,-38.906
3240802500.0,-38.92655
3240802656.25,-38.91031
3240802812.5,-38.92695
3240802968.75,-38.91299
3240803125.0,-38.91758
3240803281.25,-38.90656
3240803437.5,-38.90984
3240803593.75,-38.90651
3240803750.0,-38.89195
3240803906.25,-38.89444
3240804062.5,-38.89911
3240804218.75,-38.90407
3240804375.0,-38.90123
3240804531.25,-38.88791
3240804687.5,-38.90572
3240804843.75,-38.89735
3240805000.0,-38.91594
3240805156.25,-38.88902
3240805312.5,-38.89391
3240805468.75,-38.90189
3240805625.0,-38.88364
3240805781.25,-38.88783
3240805937.5,-38.88515
3240806093.75,-38.88148
3240806250.0,-38.8902
3240806406.25,-38.88943
3240806562.5,-38.89287
3240806718.75,-38.89584
3240806875.0,-38.90686
3240807031.25,-38.87627
3240807187.5,-38.8891
3240807343.75,-38.88219
3240807500.0,-38.88329
3240807656.25,-38.88123
3240807812.5,-38.88749
3240807968.75,-38.86844
3240808125.0,-38.87803
3240808281.25,-38.87095
3240808437.5,-38.89433
3240808593.75,-38.89639
3240808750.0,-38.87282
3240808906.25,-38.87411
3240809062.5,-38.87479
3240809218.75,-38.87924
3240809375.0,-38.87949
3240809531.25,-38.88956
3240809687.5,-38.86806
3240809843.75,-38.87381
3240810000.0,-38.88068
3240810156.25,-38.87643
3240810312.5,-38.87666
3240810468.75,-38.87323
3240810625.0,-38.8671
3240810781.25,-38.87764
3240810937.5,-38.88202
3240811093.75,-38.87466
3240811250.0,-38.86445
3240811406.25,-38.86591
3240811562.5,-38.86111
3240811718.75,-38.86367
3240811875.0,-38.85867
3240812031.25,-38.85669
3240812187.5,-38.84566
3240812343.75,-38.8613
3240812500.0,-38.85388
3240812656.25,-38.85652
3240812812.5,-38.87551
3240812968.75,-38.85794
3240813125.0,-38.86155
3240813281.25,-38.86576
3240813437.5,-38.85815
3240813593.75,-38.85582
3240813750.0,-38.8707
3240813906.25,-38.84846
3240814062.5,-38.85225
3240814218.75,-38.85852
3240814375.0,-38.84857
3240814531.25,-38.84624
3240814687.5,-38.85206
3240814843.75,-38.84858
3240815000.0,-38.85001
3240815156.25,-38.86261
3240815312.5,-38.83936
3240815468.75,-38.84816
3240815625.0,-38.85567
3240815781.25,-38.8539
3240815937.5,-38.85452
3240816093.75,-38.84902
3240816250.0,-38.85888
3240816406.25,-38.85127
3240816562.5,-38.83968
3240816718.75,-38.8532
3240816875.0,-38.84867
3240817031.25,-38.83765
3240817187.5,-38.83788
3240817343.75,-38.84403
3240817500.0,-38.84608
3240817656.25,-38.82839
3240817812.5,-38.85263
3240817968.75,-38.83343
3240818125.0,-38.84078
3240818281.25,-38.82524
3240818437.5,-38.83367
3240818593.75,-38.84944
3240818750.0,-38.83241
3240818906.25,-38.84879
3240819062.5,-38.83327
3240819218.75,-38.83263
3240819375.0,-38.83909
3240819531.25,-38.83393
3240819687.5,-38.84281
3240819843.75,-38.83023
3240820000.0,-38.83532
3240820156.25,-38.8413
3240820312.5,-38.8357
3240820468.75,-38.83115
3240820625.0,-38.8187
3240820781.25,-38.83661
3240820937.5,-38.83193
3240821093.75,-38.83476
3240821250.0,-38.8215
3240821406.25,-38.82605
3240821562.5,-38.81857
3240821718.75,-38.82425
3240821875.0,-38.81235
3240822031.25,-38.82552
3240822187.5,-38.80346
3240822343.75,-38.83604
3240822500.0,-38.81503
3240822656.25,-38.81388
3240822812.5,-38.8232
3240822968.75,-38.82402
3240823125.0,-38.80443
3240823281.25,-38.81342
3240823437.5,-38.81115
3240823593.75,-38.81702
3240823750.0,-38.80711
3240823906.25,-38.80156
3240824062.5,-38.80783
3240824218.75,-38.81181
3240824375.0,-38.8007
3240824531.25,-38.80703
3240824687.5,-38.80695
3240824843.75,-38.81883
3240825000.0,-38.79716
3240825156.25,-38.80281
3240825312.5,-38.79715
3240825468.75,-38.80892
3240825625.0,-38.81108
3240825781.25,-38.81517
3240825937.5,-38.81247
3240826093.75,-38.80404
3240826250.0,-38.79484
3240826406.25,-38.79213
3240826562.5,-38.80186
3240826718.75,-38.79003
3240826875.0,-38.79678
3240827031.25,-38.80292
3240827187.5,-38.80597
3240827343.75,-38.79585
3240827500.0,-38.80356
3240827656.25,-38.80372
3240827812.5,-38.79837
3240827968.75,-38.80048
3240828125.0,-38.79469
3240828281.25,-38.78779
3240828437.5,-38.79576
3240828593.75,-38.79937
3240828750.0,-38.79964
3240828906.25,-38.78209
3240829062.5,-38.79464
3240829218.75,-38.7973
3240829375.0,-38.77969
3240829531.25,-38.77323
3240829687.5,-38.77524
3240829843.75,-38.79392
3240830000.0,-38.78845
3240830156.25,-38.78088
3240830312.5,-38.77591
3240830468.75,-38.7804
3240830625.0,-38.76556
3240830781.25,-38.76385
3240830937.5,-38.77107
3240831093.75,-38.7758
3240831250.0,-38.79013
3240831406.25,-38.76664
3240831562.5,-38.778
3240831718.75,-38.78126
3240831875.0,-38.7765
3240832031.25,-38.7666
3240832187.5,-38.78116
3240832343.75,-38.77542
3240832500.0,-38.7676
3240832656.25,-38.75757
3240832812.5,-38.77448
3240832968.75,-38.76521
3240833125.0,-38.7794
3240833281.25,-38.77035
3240833437.5,-38.76151
3240833593.75,-38.77081
3240833750.0,-38.76311
3240833906.25,-38.76509
3240834062.5,-38.78193
3240834218.75,-38.76938
3240834375.0,-38.76023
3240834531.25,-38.76434
3240834687.5,-38.76606
3240834843.75,-38.7631
3240835000.0,-38.75811
3240835156.25,-38.76625
3240835312.5,-38.75696
3240835468.75,-38.76615
3240835625.0,-38.73862
3240835781.25,-38.75028
3240835937.5,-38.76558
3240836093.75,-38.75044
3240836250.0,-38.76686
3240836406.25,-38.74083
3240836562.5,-38.73957
3240836718.75,-38.75095
3240836875.0,-38.74348
3240837031.25,-38.75037
3240837187.5,-38.75116
3240837343.75,-38.74673
3240837500.0,-38.75025
3240837656.25,-38.74364
3240837812.5,-38.74699
3240837968.75,-38.72643
3240838125.0,-38.73685
3240838281.25,-38.76726
3240838437.5,-38.74573
3240838593.75,-38.74173
3240838750.0,-38.74149
3240838906.25,-38.74108
3240839062.5,-38.7338
3240839218.75,-38.72561
3240839375.0,-38.73365
3240839531.25,-38.73019
3240839687.5,-38.73996
3240839843.75,-38.72274
3240840000.0,-38.74149
3240840156.25,-38.74209
3240840312.5,-38.73964
3240840468.75,-38.74239
3240840625.0,-38.76051
3240840781.25,-38.73479
3240840937.5,-38.73777
3240841093.75,-38.73655
3240841250.0,-38.73413
3240841406.25,-38.72556
3240841562.5,-38.72416
3240841718.75,-38.72047
3240841875.0,-38.72795
3240842031.25,-38.7324
3240842187.5,-38.72154
3240842343.75,-38.71973
3240842500.0,-38.72448
3240842656.25,-38.71719
3240842812.5,-38.73092
3240842968.75,-38.72329
3240843125.0,-38.71778
3240843281.25,-38.72095
3240843437.5,-38.71645
3240843593.75,-38.72617
3240843750.0,-38.70899
3240843906.25,-38.71687
3240844062.5,-38.7219
3240844218.75,-38.7098
3240844375.0,-38.71629
3240844531.25,-38.71909
3240844687.5,-38.71638
3240844843.75,-38.71233
3240845000.0,-38.71398
3240845156.25,-38.72253
3240845312.5,-38.70988
3240845468.75,-38.71021
3240845625.0,-38.70254
3240845781.25,-38.70641
3240845937.5,-38.7136
3240846093.75,-38.70513
3240846250.0,-38.7045
3240846406.25,-38.71101
3240846562.5,-38.7195
3240846718.75,-38.70539
3240846875.0,-38.7077
3240847031.25,-38.70447
3240847187.5,-38.71212
3240847343.75,-38.69798
3240847500.0,-38.69155
3240847656.25,-38.69698
3240847812.5,-38.70528
3240847968.75,-38.70263
3240848125.0,-38.69175
3240848281.25,-38.68822
3240848437.5,-38.696
3240848593.75,-38.69278
3240848750.0,-38.68871
3240848906.25,-38.69962
3240849062.5,-38.6933
3240849218.75,-38.68459
3240849375.0,-38.68039
3240849531.25,-38.66905
3240849687.5,-38.67485
3240849843.75,-38.70286
3240850000.0,-38.69935
3240850156.25,-38.68321
3240850312.5,-38.6851
3240850468.75,-38.68143
3240850625.0,-38.67414
3240850781.25,-38.69284
3240850937.5,-38.66872
3240851093.75,-38.66336
3240851250.0,-38.68673
3240851406.25,-38.67901
3240851562.5,-38.69316
3240851718.75,-38.68179
3240851875.0,-38.68651
3240852031.25,-38.68208
3240852187.5,-38.66493
3240852343.75,-38.68876
3240852500.0,-38.68584
3240852656.25,-38.67787
3240852812.5,-38.67163
3240852968.75,-38.67748
3240853125.0,-38.67719
3240853281.25,-38.67083
3240853437.5,-38.67739
3240853593.75,-38.66191
3240853750.0,-38.66177
3240853906.25,-38.66198
3240854062.5,-38.67287
3240854218.75,-38.67015
3240854375.0,-38.65824
3240854531.25,-38.67271
3240854687.5,-38.66488
3240854843.75,-38.66085
3240855000.0,-38.67046
3240855156.25,-38.67035
3240855312.5,-38.66825
3240855468.75,-38.65858
3240855625.0,-38.65716
3240855781.25,-38.66276
3240855937.5,-38.66655
3240856093.75,-38.65711
3240856250.0,-38.67097
3240856406.25,-38.66797
3240856562.5,-38.66308
3240856718.75,-38.66413
3240856875.0,-38.65358
3240857031.25,-38.66096
3240857187.5,-38.64566
3240857343.75,-38.66315
3240857500.0,-38.64809
3240857656.25,-38.65685
3240857812.5,-38.64959
3240857968.75,-38.65921
3240858125.0,-38.6446
3240858281.25,-38.6496
3240858437.5,-38.65808
3240858593.75,-38.63535
3240858750.0,-38.6412
3240858906.25,-38.64884
3240859062.5,-38.64389
3240859218.75,-38.65567
3240859375.0,-38.6537
3240859531.25,-38.64299
3240859687.5,-38.64828
3240859843.75,-38.62667
3240860000.0,-38.6481
3240860156.25,-38.62667
3240860312.5,-38.63376
3240860468.75,-38.63634
3240860625.0,-38.63357
3240860781.25,-38.63949
3240860937.5,-38.62868
3240861093.75,-38.63045
3240861250.0,-38.63423
3240861406.25,-38.65
3240861562.5,-38.64178
3240861718.75,-38.63266
3240861875.0,-38.63956
3240862031.25,-38.63015
3240862187.5,-38.63496
3240862343.75,-38.61623
3240862500.0,-38.63941
3240862656.25,-38.63234
3240862812.5,-38.62305
3240862968.75,-38.62944
3240863125.0,-38.64317
3240863281.25,-38.62226
3240863437.5,-38.62955
3240863593.75,-38.61966
3240863750.0,-38.62465
3240863906.25,-38.61271
3240864062.5,-38.61859
3240864218.75,-38.63352
3240864375.0,-38.60456
3240864531.25,-38.61202
3240864687.5,-38.62766
3240864843.75,-38.61944
3240865000.0,-38.60326
3240865156.25,-38.63589
3240865312.5,-38.61541
3240865468.75,-38.62069
3240865625.0,-38.62113
3240865781.25,-38.62127
3240865937.5,-38.6059
3240866093.75,-38.62032
3240866250.0,-38.61655
3240866406.25,-38.60991
3240866562.5,-38.59695
3240866718.75,-38.60584
3240866875.0,-38.60778
3240867031.25,-38.6111
3240867187.5,-38.62061
3240867343.75,-38.60498
3240867500.0,-38.60809
3240867656.25,-38.61049
3240867812.5,-38.61333
3240867968.75,-38.60733
3240868125.0,-38.59222
3240868281.25,-38.6072
3240868437.5,-38.61779
3240868593.75,-38.6125
3240868750.0,-38.61386
3240868906.25,-38.60226
3240869062.5,-38.607
3240869218.75,-38.58719
3240869375.0,-38.58667
3240869531.25,-38.60055
3240869687.5,-38.60353
3240869843.75,-38.59391
3240870000.0,-38.5914
3240870156.25,-38.60943
3240870312.5,-38.5871
3240870468.75,-38.60043
3240870625.0,-38.58945
3240870781.25,-38.61021
3240870937.5,-38.58834
3240871093.75,-38.59615
3240871250.0,-38.60335
3240871406.25,-38.60151
3240871562.5,-38.58472
3240871718.75,-38.57883
3240871875.0,-38.57885
3240872031.25,-38.56852
3240872187.5,-38.5846
3240872343.75,-38.58307
3240872500.0,-38.57495
3240872656.25,-38.5834
3240872812.5,-38.59272
3240872968.75,-38.5785
3240873125.0,-38.57883
3240873281.25,-38.58519
3240873437.5,-38.57209
3240873593.75,-38.58614
3240873750.0,-38.57642
3240873906.25,-38.58924
3240874062.5,-38.575
3240874218.75,-38.56858
3240874375.0,-38.58699
3240874531.25,-38.57013
3240874687.5,-38.58094
3240874843.75,-38.57026
3240875000.0,-38.5735
3240875156.25,-38.56668
3240875312.5,-38.578
3240875468.75,-38.56903
3240875625.0,-38.57017
3240875781.25,-38.5694
3240875937.5,-38.56662
3240876093.75,-38.57658
3240876250.0,-38.56631
3240876406.25,-38.56161
3240876562.5,-38.56487
3240876718.75,-38.58125
3240876875.0,-38.56539
3240877031.25,-38.56668
3240877187.5,-38.55565
3240877343.75,-38.55442
3240877500.0,-38.55134
3240877656.25,-38.54883
3240877812.5,-38.55793
3240877968.75,-38.55315
3240878125.0,-38.54908
3240878281.25,-38.55353
3240878437.5,-38.55836
3240878593.75,-38.55779
3240878750.0,-38.54358
3240878906.25,-38.54428
3240879062.5,-38.55414
3240879218.75,-38.56909
3240879375.0,-38.55353
3240879531.25,-38.54044
3240879687.5,-38.55894
3240879843.75,-38.55437
3240880000.0,-38.55536
3240880156.25,-38.54045
3240880312.5,-38.5403
3240880468.75,-38.54598
3240880625.0,-38.54851
3240880781.25,-38.53111
3240880937.5,-38.55617
3240881093.75,-38.53935
3240881250.0,-38.54281
3240881406.25,-38.53118
3240881562.5,-38.54428
3240881718.75,-38.53733
3240881875.0,-38.54055
3240882031.25,-38.54179
3240882187.5,-38.52016
3240882343.75,-38.53194
3240882500.0,-38.54355
3240882656.25,-38.54525
3240882812.5,-38.5426
3240882968.75,-38.54745
3240883125.0,-38.52148
3240883281.25,-38.53229
3240883437.5,-38.53004
3240883593.75,-38.52827
3240883750.0,-38.54874
3240883906.25,-38.54084
3240884062.5,-38.52686
3240884218.75,-38.51616
3240884375.0,-38.52658
3240884531.25,-38.52727
3240884687.5,-38.52185
3240884843.75,-38.53006
3240885000.0,-38.51448
3240885156.25,-38.51677
3240885312.5,-38.52235
3240885468.75,-38.53168
3240885625.0,-38.51208
3240885781.25,-38.5223
3240885937.5,-38.53136
3240886093.75,-38.52316
3240886250.0,-38.52217
3240886406.25,-38.51847
3240886562.5,-38.52808
3240886718.75,-38.51594
3240886875.0,-38.51332
3240887031.25,-38.52269
3240887187.5,-38.52487
3240887343.75,-38.51656
3240887500.0,-38.51202
3240887656.25,-38.51406
3240887812.5,-38.50886
3240887968.75,-38.52025
3240888125.0,-38.51131
3240888281.25,-38.51067
3240888437.5,-38.503
3240888593.75,-38.50623
3240888750.0,-38.50412
3240888906.25,-38.51233
3240889062.5,-38.51519
3240889218.75,-38.50727
3240889375.0,-38.49017
3240889531.25,-38.50979
3240889687.5,-38.49207
3240889843.75,-38.51317
3240890000.0,-38.50373
3240890156.25,-38.49139
3240890312.5,-38.49526
3240890468.75,-38.47894
3240890625.0,-38.49238
3240890781.25,-38.50093
3240890937.5,-38.49713
3240891093.75,-38.49324
3240891250.0,-38.48442
3240891406.25,-38.5076
3240891562.5,-38.49781
3240891718.75,-38.49547
3240891875.0,-38.49036
3240892031.25,-38.50257
3240892187.5,-38.48176
3240892343.75,-38.4744
3240892500.0,-38.49483
3240892656.25,-38.48568
3240892812.5,-38.48903
3240892968.75,-38.47686
3240893125.0,-38.47589
3240893281.25,-38.48526
3240893437.5,-38.48003
3240893593.75,-38.48372
3240893750.0,-38.47623
3240893906.25,-38.48085
3240894062.5,-38.48306
3240894218.75,-38.4822
3240894375.0,-38.46071
3240894531.25,-38.46658
3240894687.5,-38.49082
3240894843.75,-38.48425
3240895000.0,-38.46946
3240895156.25,-38.46748
3240895312.5,-38.46526
3240895468.75,-38.46614
3240895625.0,-38.47115
3240895781.25,-38.47939
3240895937.5,-38.47077
3240896093.75,-38.45867
3240896250.0,-38.47178
3240896406.25,-38.45864
3240896562.5,-38.46612
3240896718.75,-38.46687
3240896875.0,-38.47511
3240897031.25,-38.46701
3240897187.5,-38.46437
3240897343.75,-38.46173
3240897500.0,-38.4729
3240897656.25,-38.47093
3240897812.5,-38.46024
3240897968.75,-38.47464
3240898125.0,-38.46984
3240898281.25,-38.45153
3240898437.5,-38.44551
3240898593.75,-38.45212
3240898750.0,-38.45057
3240898906.25,-38.46289
3240899062.5,-38.45315
3240899218.75,-38.45796
3240899375.0,-38.45913
3240899531.25,-38.45904
3240899687.5,-38.45594
3240899843.75,-38.45416
3240900000.0,-38.45296
3240900156.25,-38.45925
3240900312.5,-38.44974
3240900468.75,-38.44874
3240900625.0,-38.45758
3240900781.25,-38.44388
3240900937.5,-38.46302
3240901093.75,-38.44523
3240901250.0,-38.43879
3240901406.25,-38.44355
3240901562.5,-38.42848
3240901718.75,-38.4405
3240901875.0,-38.4468
3240902031.25,-38.43242
3240902187.5,-38.43541
3240902343.75,-38.44262
3240902500.0,-38.44281
3240902656.25,-38.44705
3240902812.5,-38.44784
3240902968.75,-38.43627
3240903125.0,-38.4461
3240903281.25,-38.43063
3240903437.5,-38.44286
3240903593.75,-38.42986
3240903750.0,-38.42343
3240903906.25,-38.43415
3240904062.5,-38.43037
3240904218.75,-38.44124
3240904375.0,-38.42906
3240904531.25,-38.42178
3240904687.5,-38.43206
3240904843.75,-38.42886
3240905000.0,-38.43581
3240905156.25,-38.4259
3240905312.5,-38.42337
3240905468.75,-38.42538
3240905625.0,-38.40826
3240905781.25,-38.42435
3240905937.5,-38.4125
3240906093.75,-38.4329
3240906250.0,-38.41769
3240906406.25,-38.41756
3240906562.5,-38.40466
3240906718.75,-38.40987
3240906875.0,-38.43639
3240907031.25,-38.41846
3240907187.5,-38.42337
3240907343.75,-38.43013
3240907500.0,-38.42549
3240907656.25,-38.40736
3240907812.5,-38.42294
3240907968.75,-38.40913
3240908125.0,-38.42058
3240908281.25,-38.40919
3240908437.5,-38.42026
3240908593.75,-38.41599
3240908750.0,-38.40617
3240908906.25,-38.40582
3240909062.5,-38.40844
3240909218.75,-38.40685
3240909375.0,-38.40168
3240909531.25,-38.40673
3240909687.5,-38.39486
3240909843.75,-38.40863
3240910000.0,-38.38496
3240910156.25,-38.40826
3240910312.5,-38.40126
3240910468.75,-38.40971
3240910625.0,-38.39633
3240910781.25,-38.38688
3240910937.5,-38.39989
3240911093.75,-38.39604
3240911250.0,-38.40217
3240911406.25,-38.41048
3240911562.5,-38.41459
3240911718.75,-38.40084
3240911875.0,-38.39675
3240912031.25,-38.39832
3240912187.5,-38.40008
3240912343.75,-38.39556
3240912500.0,-38.37491
3240912656.25,-38.40828
3240912812.5,-38.39594
3240912968.75,-38.36927
3240913125.0,-38.38624
3240913281.25,-38.38362
3240913437.5,-38.37945
3240913593.75,-38.39317
3240913750.0,-38.38345
3240913906.25,-38.40142
3240914062.5,-38.38832
3240914218.75,-38.38136
3240914375.0,-38.37867
3240914531.25,-38.37909
3240914687.5,-38.38454
3240914843.75,-38.3816
3240915000.0,-38.3791
3240915156.25,-38.3647
3240915312.5,-38.38823
3240915468.75,-38.36826
3240915625.0,-38.36965
3240915781.25,-38.37359
3240915937.5,-38.38334
3240916093.75,-38.36465
3240916250.0,-38.36491
3240916406.25,-38.35793
3240916562.5,-38.37707
3240916718.75,-38.36909
3240916875.0,-38.36588
3240917031.25,-38.36613
3240917187.5,-38.35846
3240917343.75,-38.37128
3240917500.0,-38.36955
3240917656.25,-38.36839
3240917812.5,-38.37726
3240917968.75,-38.36936
3240918125.0,-38.36279
3240918281.25,-38.36094
3240918437.5,-38.36438
3240918593.75,-38.36143
3240918750.0,-38.37048
3240918906.25,-38.37316
3240919062.5,-38.34855
3240919218.75,-38.35576
3240919375.0,-38.36631
3240919531.25,-38.34983
3240919687.5,-38.34763
3240919843.75,-38.35736
3240920000.0,-38.36166
3240920156.25,-38.34454
3240920312.5,-38.36095
3240920468.75,-38.34845
3240920625.0,-38.35532
3240920781.25,-38.35131
3240920937.5,-38.35725
3240921093.75,-38.35186
3240921250.0,-38.35204
3240921406.25,-38.34851
3240921562.5,-38.35789
3240921718.75,-38.3472
3240921875.0,-38.345
3240922031.25,-38.34109
3240922187.5,-38.34453
3240922343.75,-38.33613
3240922500.0,-38.33893
3240922656.25,-38.35165
3240922812.5,-38.34984
3240922968.75,-38.35271
3240923125.0,-38.33841
3240923281.25,-38.33799
3240923437.5,-38.33645
3240923593.75,-38.33312
3240923750.0,-38.33613
3240923906.25,-38.33749
3240924062.5,-38.34126
3240924218.75,-38.33025
3240924375.0,-38.32491
3240924531.25,-38.33487
3240924687.5,-38.32604
3240924843.75,-38.33016
3240925000.0,-38.32294
3240925156.25,-38.31598
3240925312.5,-38.31876
3240925468.75,-38.3245
3240925625.0,-38.33718
3240925781.25,-38.32768
3240925937.5,-38.32509
3240926093.75,-38.31327
3240926250.0,-38.31895
3240926406.25,-38.33401
3240926562.5,-38.33394
3240926718.75,-38.32754
3240926875.0,-38.31956
3240927031.25,-38.32841
3240927187.5,-38.31842
3240927343.75,-38.31187
3240927500.0,-38.31968
3240927656.25,-38.33679
3240927812.5,-38.30628
3240927968.75,-38.32356
3240928125.0,-38.30161
3240928281.25,-38.3102
3240928437.5,-38.31822
3240928593.75,-38.30654
3240928750.0,-38.30993
3240928906.25,-38.3136
3240929062.5,-38.29635
3240929218.75,-38.31337
3240929375.0,-38.2956
3240929531.25,-38.30197
3240929687.5,-38.31255
3240929843.75,-38.30933
3240930000.0,-38.31277
3240930156.25,-38.29634
3240930312.5,-38.30909
3240930468.75,-38.2987
3240930625.0,-38.30798
3240930781.25,-38.31006
3240930937.5,-38.30865
3240931093.75,-38.29801
3240931250.0,-38.29152
3240931406.25,-38.29915
3240931562.5,-38.29063
3240931718.75,-38.29988
3240931875.0,-38.30055
3240932031.25,-38.29559
3240932187.5,-38.2948
3240932343.75,-38.29202
3240932500.0,-38.29429
3240932656.25,-38.29821
3240932812.5,-38.28696
3240932968.75,-38.29555
3240933125.0,-38.29377
3240933281.25,-38.2897
3240933437.5,-38.29492
3240933593.75,-38.27031
3240933750.0,-38.28303
3240933906.25,-38.28226
3240934062.5,-38.27823
3240934218.75,-38.28936
3240934375.0,-38.28268
3240934531.25,-38.27783
3240934687.5,-38.26882
3240934843.75,-38.29155
3240935000.0,-38.28783
3240935156.25,-38.28371
3240935312.5,-38.27214
3240935468.75,-38.28493
3240935625.0,-38.27355
3240935781.25,-38.28207
3240935937.5,-38.27367
3240936093.75,-38.27904
3240936250.0,-38.27213
3240936406.25,-38.26684
3240936562.5,-38.26702
3240936718.75,-38.2631
3240936875.0,-38.26498
3240937031.25,-38.27025
3240937187.5,-38.2749
3240937343.75,-38.2716
3240937500.0,-38.27304
3240937656.25,-38.25533
3240937812.5,-38.25983
3240937968.75,-38.2679
3240938125.0,-38.25582
3240938281.25,-38.26471
3240938437.5,-38.26085
3240938593.75,-38.25954
3240938750.0,-38.25235
3240938906.25,-38.25342
3240939062.5,-38.25979
3240939218.75,-38.26142
3240939375.0,-38.26712
3240939531.25,-38.26373
3240939687.5,-38.2655
3240939843.75,-38.24516
3240940000.0,-38.26111
3240940156.25,-38.25583
3240940312.5,-38.26257
3240940468.75,-38.25523
3240940625.0,-38.27035
3240940781.25,-38.26278
3240940937.5,-38.27009
3240941093.75,-38.24198
3240941250.0,-38.25606
3240941406.25,-38.25669
3240941562.5,-38.2393
3240941718.75,-38.24231
3240941875.0,-38.24576
3240942031.25,-38.25161
3240942187.5,-38.24392
3240942343.75,-38.25332
3240942500.0,-38.24516
3240942656.25,-38.24749
3240942812.5,-38.24416
3240942968.75,-38.23633
3240943125.0,-38.24651
3240943281.25,-38.23809
3240943437.5,-38.24828
3240943593.75,-38.23698
3240943750.0,-38.23731
3240943906.25,-38.2463
3240944062.5,-38.24035
3240944218.75,-38.23796
3240944375.0,-38.24156
3240944531.25,-38.2335
3240944687.5,-38.23763
3240944843.75,-38.24042
3240945000.0,-38.2299
3240945156.25,-38.23235
3240945312.5,-38.23027
3240945468.75,-38.23035
3240945625.0,-38.23206
3240945781.25,-38.21914
3240945937.5,-38.24229
3240946093.75,-38.21516
3240946250.0,-38.22134
3240946406.25,-38.23465
3240946562.5,-38.22478
3240946718.75,-38.22026
3240946875.0,-38.23772
3240947031.25,-38.21788
3240947187.5,-38.21529
3240947343.75,-38.21651
3240947500.0,-38.22307
3240947656.25,-38.20379
3240947812.5,-38.21814
3240947968.75,-38.21096
3240948125.0,-38.2101
3240948281.25,-38.21336
3240948437.5,-38.2082
3240948593.75,-38.21725
3240948750.0,-38.21978
3240948906.25,-38.20844
3240949062.5,-38.20168
3240949218.75,-38.2221
3240949375.0,-38.22383
3240949531.25,-38.19856
3240949687.5,-38.21653
3240949843.75,-38.20894
3240950000.0,-38.20318
3240950156.25,-38.21711
3240950312.5,-38.2113
3240950468.75,-38.20032
3240950625.0,-38.20309
3240950781.25,-38.20724
3240950937.5,-38.20703
3240951093.75,-38.21756
3240951250.0,-38.19913
3240951406.25,-38.21107
3240951562.5,-38.20105
3240951718.75,-38.18694
3240951875.0,-38.20098
3240952031.25,-38.19857
3240952187.5,-38.19801
3240952343.75,-38.19769
3240952500.0,-38.19674
3240952656.25,-38.19235
3240952812.5,-38.18677
3240952968.75,-38.19597
3240953125.0,-38.19604
3240953281.25,-38.18409
3240953437.5,-38.18164
3240953593.75,-38.19719
3240953750.0,-38.20148
3240953906.25,-38.19985
3240954062.5,-38.2
3240954218.75,-38.20169
3240954375.0,-38.18132
3240954531.25,-38.1899
3240954687.5,-38.17999
3240954843.75,-38.18564
3240955000.0,-38.1867
3240955156.25,-38.17121
3240955312.5,-38.17947
3240955468.75,-38.16888
3240955625.0,-38.18031
3240955781.25,-38.17912
3240955937.5,-38.18319
3240956093.75,-38.18336
3240956250.0,-38.18287
3240956406.25,-38.16913
3240956562.5,-38.17358
3240956718.75,-38.16439
3240956875.0,-38.17873
3240957031.25,-38.15856
3240957187.5,-38.19154
3240957343.75,-38.15687
3240957500.0,-38.17949
3240957656.25,-38.18443
3240957812.5,-38.1764
3240957968.75,-38.15902
3240958125.0,-38.18054
3240958281.25,-38.1867
3240958437.5,-38.1558
3240958593.75,-38.16091
3240958750.0,-38.1562
3240958906.25,-38.16787
3240959062.5,-38.16032
3240959218.75,-38.16109
3240959375.0,-38.15965
3240959531.25,-38.16073
3240959687.5,-38.15493
3240959843.75,-38.1511
3240960000.0,-38.15538
3240960156.25,-38.15963
3240960312.5,-38.16489
3240960468.75,-38.15425
3240960625.0,-38.15584
3240960781.25,-38.15228
3240960937.5,-38.15867
3240961093.75,-38.15005
3240961250.0,-38.14405
3240961406.25,-38.13179
3240961562.5,-38.1499
3240961718.75,-38.14417
3240961875.0,-38.15056
3240962031.25,-38.14849
3240962187.5,-38.15165
3240962343.75,-38.14518
3240962500.0,-38.15089
3240962656.25,-38.13864
3240962812.5,-38.14752
3240962968.75,-38.15225
3240963125.0,-38.14945
3240963281.25,-38.14207
3240963437.5,-38.1319
3240963593.75,-38.12865
3240963750.0,-38.13096
3240963906.25,-38.14565
3240964062.5,-38.14221
3240964218.75,-38.14463
3240964375.0,-38.13931
3240964531.25,-38.13133
3240964687.5,-38.13775
3240964843.75,-38.14032
3240965000.0,-38.14353
3240965156.25,-38.12911
3240965312.5,-38.12807
3240965468.75,-38.13179
3240965625.0,-38.14252
3240965781.25,-38.11755
3240965937.5,-38.12963
3240966093.75,-38.12829
3240966250.0,-38.11533
3240966406.25,-38.12743
3240966562.5,-38.13077
3240966718.75,-38.13218
3240966875.0,-38.11946
3240967031.25,-38.12923
3240967187.5,-38.11869
3240967343.75,-38.12854
3240967500.0,-38.12171
3240967656.25,-38.11357
3240967812.5,-38.11835
3240967968.75,-38.12217
3240968125.0,-38.11569
3240968281.25,-38.13349
3240968437.5,-38.11122
3240968593.75,-38.11994
3240968750.0,-38.1083
3240968906.25,-38.10721
3240969062.5,-38.106
3240969218.75,-38.10968
3240969375.0,-38.10891
3240969531.25,-38.11034
3240969687.5,-38.11676
3240969843.75,-38.10495
3240970000.0,-38.11831
3240970156.25,-38.09613
3240970312.5,-38.09621
3240970468.75,-38.09057
3240970625.0,-38.10696
3240970781.25,-38.11081
3240970937.5,-38.09123
3240971093.75,-38.10225
3240971250.0,-38.10244
3240971406.25,-38.10908
3240971562.5,-38.08776
3240971718.75,-38.09042
3240971875.0,-38.10314
3240972031.25,-38.10816
3240972187.5,-38.10388
3240972343.75,-38.10826
3240972500.0,-38.10609
3240972656.25,-38.09262
3240972812.5,-38.0933
3240972968.75,-38.08223
3240973125.0,-38.08411
3240973281.25,-38.08795
3240973437.5,-38.08146
3240973593.75,-38.08649
3240973750.0,-38.09112
3240973906.25,-38.08548
3240974062.5,-38.10703
3240974218.75,-38.09442
3240974375.0,-38.08786
3240974531.25,-38.09035
3240974687.5,-38.0764
3240974843.75,-38.08005
3240975000.0,-38.08583
3240975156.25,-38.08219
3240975312.5,-38.08133
3240975468.75,-38.07321
3240975625.0,-38.0747
3240975781.25,-38.07942
3240975937.5,-38.08648
3240976093.75,-38.07115
3240976250.0,-38.08071
3240976406.25,-38.08043
3240976562.5,-38.06279
3240976718.75,-38.05766
3240976875.0,-38.06839
3240977031.25,-38.0656
3240977187.5,-38.06251
3240977343.75,-38.06683
3240977500.0,-38.05654
3240977656.25,-38.0707
3240977812.5,-38.07062
3240977968.75,-38.06473
3240978125.0,-38.07415
3240978281.25,-38.06835
3240978437.5,-38.06217
3240978593.75,-38.06449
3240978750.0,-38.07951
3240978906.25,-38.06682
3240979062.5,-38.05864
3240979218.75,-38.0612
3240979375.0,-38.05916
3240979531.25,-38.06479
3240979687.5,-38.06643
3240979843.75,-38.0659
3240980000.0,-38.0614
3240980156.25,-38.05756
3240980312.5,-38.04765
3240980468.75,-38.04512
3240980625.0,-38.06085
3240980781.25,-38.05371
3240980937.5,-38.0343
3240981093.75,-38.04748
3240981250.0,-38.04849
3240981406.25,-38.06594
3240981562.5,-38.04985
3240981718.75,-38.04469
3240981875.0,-38.04057
3240982031.25,-38.04669
3240982187.5,-38.05839
3240982343.75,-38.05552
3240982500.0,-38.04163
3240982656.25,-38.03875
3240982812.5,-38.05128
3240982968.75,-38.05386
3240983125.0,-38.04223
3240983281.25,-38.04084
3240983437.5,-38.04308
3240983593.75,-38.02709
3240983750.0,-38.02944
3240983906.25,-38.03293
3240984062.5,-38.02831
3240984218.75,-38.05046
3240984375.0,-38.04536
3240984531.25,-38.03017
3240984687.5,-38.036
3240984843.75,-38.02786
3240985000.0,-38.04188
3240985156.25,-38.0361
3240985312.5,-38.03482
3240985468.75,-38.03073
3240985625.0,-38.02005
3240985781.25,-38.03336
3240985937.5,-38.02621
3240986093.75,-38.02005
3240986250.0,-38.03638
3240986406.25,-38.03841
3240986562.5,-38.02361
3240986718.75,-38.0238
3240986875.0,-38.04389
3240987031.25,-38.02286
3240987187.5,-38.0202
3240987343.75,-38.02877
3240987500.0,-38.03223
3240987656.25,-38.01649
3240987812.5,-38.01625
3240987968.75,-38.01918
3240988125.0,-38.00904
3240988281.25,-38.01546
3240988437.5,-38.0091
3240988593.75,-38.01282
3240988750.0,-38.01311
3240988906.25,-38.00127
3240989062.5,-38.0099
3240989218.75,-38.02238
3240989375.0,-38.01607
3240989531.25,-38.00776
3240989687.5,-38.00835
3240989843.75,-37.99837
3240990000.0,-38.00999
3240990156.25,-38.00652
3240990312.5,-38.01937
3240990468.75,-38.01425
3240990625.0,-38.00436
3240990781.25,-38.00526
3240990937.5,-37.99857
3240991093.75,-38.00165
3240991250.0,-38.00506
3240991406.25,-37.98806
3240991562.5,-38.00273
3240991718.75,-37.99647
3240991875.0,-38.00552
3240992031.25,-37.98989
3240992187.5,-38.00583
3240992343.75,-37.99506
3240992500.0,-38.00362
3240992656.25,-37.99206
3240992812.5,-38.00266
3240992968.75,-37.99788
3240993125.0,-37.97859
3240993281.25,-37.99271
3240993437.5,-37.99282
3240993593.75,-37.98346
3240993750.0,-37.99176
3240993906.25,-37.98008
3240994062.5,-37.97917
3240994218.75,-37.9852
3240994375.0,-37.98551
3240994531.25,-37.99547
3240994687.5,-37.9832
3240994843.75,-37.98706
3240995000.0,-37.99274
3240995156.25,-37.98119
3240995312.5,-37.97191
3240995468.75,-37.98443
3240995625.0,-37.97846
3240995781.25,-37.98746
3240995937.5,-37.9821
3240996093.75,-37.98491
3240996250.0,-37.97001
3240996406.25,-37.97432
3240996562.5,-37.98638
3240996718.75,-37.97298
3240996875.0,-37.97576
3240997031.25,-37.96025
3240997187.5,-37.97095
3240997343.75,-37.97609
3240997500.0,-37.96935
3240997656.25,-37.97158
3240997812.5,-37.96765
3240997968.75,-37.95807
3240998125.0,-37.96467
3240998281.25,-37.96601
3240998437.5,-37.96894
3240998593.75,-37.96458
3240998750.0,-37.96627
3240998906.25,-37.97503
3240999062.5,-37.95594
3240999218.75,-37.9602
3240999375.0,-37.95865
3240999531.25,-37.96445
3240999687.5,-37.95381
3240999843.75,-37.95724
3241000000.0,-37.96069
3241000156.25,-37.95876
3241000312.5,-37.9492
3241000468.75,-37.94637
3241000625.0,-37.94606
3241000781.25,-37.96134
3241000937.5,-37.94861
3241001093.75,-37.95059
3241001250.0,-37.94331
3241001406.25,-37.95331
3241001562.5,-37.94799
3241001718.75,-37.94931
3241001875.0,-37.95343
3241002031.25,-37.94214
3241002187.5,-37.95308
3241002343.75,-37.92746
3241002500.0,-37.94541
3241002656.25,-37.9429
3241002812.5,-37.92575
3241002968.75,-37.94765
3241003125.0,-37.94923
3241003281.25,-37.94666
3241003437.5,-37.93547
3241003593.75,-37.93611
3241003750.0,-37.94017
3241003906.25,-37.95411
3241004062.5,-37.94628
3241004218.75,-37.94499
3241004375.0,-37.93859
3241004531.25,-37.91936
3241004687.5,-37.94376
3241004843.75,-37.93337
3241005000.0,-37.92736
3241005156.25,-37.94294
3241005312.5,-37.91191
3241005468.75,-37.92587
3241005625.0,-37.92952
3241005781.25,-37.92224
3241005937.5,-37.92857
3241006093.75,-37.92653
3241006250.0,-37.9217
3241006406.25,-37.91168
3241006562.5,-37.94252
3241006718.75,-37.91632
3241006875.0,-37.92597
3241007031.25,-37.92953
3241007187.5,-37.9133
3241007343.75,-37.92765
3241007500.0,-37.9178
3241007656.25,-37.92141
3241007812.5,-37.92249
3241007968.75,-37.91956
3241008125.0,-37.9203
3241008281.25,-37.922
3241008437.5,-37.91495
3241008593.75,-37.90638
3241008750.0,-37.90356
3241008906.25,-37.90398
3241009062.5,-37.91351
3241009218.75,-37.9053
3241009375.0,-37.89951
3241009531.25,-37.90928
3241009687.5,-37.9127
3241009843.75,-37.90371
3241010000.0,-37.91117
3241010156.25,-37.92229
3241010312.5,-37.89554
3241010468.75,-37.90125
3241010625.0,-37.90278
3241010781.25,-37.89256
3241010937.5,-37.90183
3241011093.75,-37.89855
3241011250.0,-37.91139
3241011406.25,-37.89382
3241011562.5,-37.89014
3241011718.75,-37.89584
3241011875.0,-37.89582
3241012031.25,-37.89644
3241012187.5,-37.89648
3241012343.75,-37.89286
3241012500.0,-37.89083
3241012656.25,-37.88316
3241012812.5,-37.89972
3241012968.75,-37.90131
3241013125.0,-37.90666
3241013281.25,-37.88896
3241013437.5,-37.89182
3241013593.75,-37.87955
3241013750.0,-37.87894
3241013906.25,-37.88384
3241014062.5,-37.89172
3241014218.75,-37.88961
3241014375.0,-37.88385
3241014531.25,-37.88254
3241014687.5,-37.87393
3241014843.75,-37.8722
3241015000.0,-37.88547
3241015156.25,-37.88844
3241015312.5,-37.8786
3241015468.75,-37.88203
3241015625.0,-37.87484
3241015781.25,-37.88337
3241015937.5,-37.86961
3241016093.75,-37.85713
3241016250.0,-37.87361
3241016406.25,-37.85705
3241016562.5,-37.86372
3241016718.75,-37.87191
3241016875.0,-37.87631
3241017031.25,-37.8802
3241017187.5,-37.87707
3241017343.75,-37.87406
3241017500.0,-37.87198
3241017656.25,-37.85678
3241017812.5,-37.85941
3241017968.75,-37.86782
3241018125.0,-37.87372
3241018281.25,-37.87003
3241018437.5,-37.8651
3241018593.75,-37.87013
3241018750.0,-37.85776
3241018906.25,-37.86152
3241019062.5,-37.86351
3241019218.75,-37.85756
3241019375.0,-37.86826
3241019531.25,-37.86477
3241019687.5,-37.84969
3241019843.75,-37.85536
3241020000.0,-37.86325
3241020156.25,-37.85818
3241020312.5,-37.85266
3241020468.75,-37.8655
3241020625.0,-37.84891
3241020781.25,-37.84058
3241020937.5,-37.8494
3241021093.75,-37.85946
3241021250.0,-37.84918
3241021406.25,-37.8466
3241021562.5,-37.85313
3241021718.75,-37.83994
3241021875.0,-37.84489
3241022031.25,-37.84848
3241022187.5,-37.84478
3241022343.75,-37.85244
3241022500.0,-37.84111
3241022656.25,-37.8411
3241022812.5,-37.8276
3241022968.75,-37.83865
3241023125.0,-37.83241
3241023281.25,-37.84581
3241023437.5,-37.83534
3241023593.75,-37.82973
3241023750.0,-37.83282
3241023906.25,-37.84208
3241024062.5,-37.85037
3241024218.75,-37.82631
3241024375.0,-37.81912
3241024531.25,-37.83729
3241024687.5,-37.83767
3241024843.75,-37.83537
3241025000.0,-37.83316
3241025156.25,-37.83231
3241025312.5,-37.83128
3241025468.75,-37.83268
3241025625.0,-37.83097
3241025781.25,-37.82109
3241025937.5,-37.82629
3241026093.75,-37.82104
3241026250.0,-37.81672
3241026406.25,-37.81997
3241026562.5,-37.80938
3241026718.75,-37.80669
3241026875.0,-37.82226
3241027031.25,-37.80674
3241027187.5,-37.8167
3241027343.75,-37.82513
3241027500.0,-37.80369
3241027656.25,-37.81505
3241027812.5,-37.8165
3241027968.75,-37.82653
3241028125.0,-37.81
3241028281.25,-37.80705
3241028437.5,-37.81332
3241028593.75,-37.81479
3241028750.0,-37.80583
3241028906.25,-37.81694
3241029062.5,-37.80421
3241029218.75,-37.80207
3241029375.0,-37.80334
3241029531.25,-37.80651
3241029687.5,-37.80478
3241029843.75,-37.8035
3241030000.0,-37.80054
3241030156.25,-37.79988
3241030312.5,-37.80341
3241030468.75,-37.79784
3241030625.0,-37.80219
3241030781.25,-37.79062
3241030937.5,-37.79631
3241031093.75,-37.79697
3241031250.0,-37.80802
3241031406.25,-37.80071
3241031562.5,-37.80676
3241031718.75,-37.79411
3241031875.0,-37.7938
3241032031.25,-37.79079
3241032187.5,-37.79169
3241032343.75,-37.78777
3241032500.0,-37.79903
3241032656.25,-37.78987
3241032812.5,-37.79271
3241032968.75,-37.78778
3241033125.0,-37.79156
3241033281.25,-37.78067
3241033437.5,-37.7857
3241033593.75,-37.77485
3241033750.0,-37.78646
3241033906.25,-37.78953
3241034062.5,-37.79386
3241034218.75,-37.77177
3241034375.0,-37.76957
3241034531.25,-37.77742
3241034687.5,-37.7729
3241034843.75,-37.78187
3241035000.0,-37.78905
3241035156.25,-37.77848
3241035312.5,-37.77428
3241035468.75,-37.76647
3241035625.0,-37.7862
3241035781.25,-37.77043
3241035937.5,-37.77122
3241036093.75,-37.7582
3241036250.0,-37.75856
3241036406.25,-37.76128
3241036562.5,-37.77061
3241036718.75,-37.76198
3241036875.0,-37.76765
3241037031.25,-37.78429
3241037187.5,-37.76289
3241037343.75,-37.76825
3241037500.0,-37.7602
3241037656.25,-37.76708
3241037812.5,-37.76118
3241037968.75,-37.77239
3241038125.0,-37.75647
3241038281.25,-37.76139
3241038437.5,-37.75748
3241038593.75,-37.76064
3241038750.0,-37.76074
3241038906.25,-37.75222
3241039062.5,-37.75888
3241039218.75,-37.76101
3241039375.0,-37.75577
3241039531.25,-37.74189
3241039687.5,-37.75971
3241039843.75,-37.75875
3241040000.0,-37.75888
3241040156.25,-37.75211
3241040312.5,-37.7508
3241040468.75,-37.75293
3241040625.0,-37.74535
3241040781.25,-37.74848
3241040937.5,-37.73882
3241041093.75,-37.73732
3241041250.0,-37.74173
3241041406.25,-37.75023
3241041562.5,-37.73363
3241041718.75,-37.74846
3241041875.0,-37.74652
3241042031.25,-37.73424
3241042187.5,-37.74464
3241042343.75,-37.73956
3241042500.0,-37.74499
3241042656.25,-37.7351
3241042812.5,-37.72691
3241042968.75,-37.742
3241043125.0,-37.74839
3241043281.25,-37.72763
3241043437.5,-37.72536
3241043593.75,-37.73416
3241043750.0,-37.72054
3241043906.25,-37.74415
3241044062.5,-37.73108
3241044218.75,-37.72743
3241044375.0,-37.72819
3241044531.25,-37.71505
3241044687.5,-37.72583
3241044843.75,-37.73428
3241045000.0,-37.72638
3241045156.25,-37.7185
3241045312.5,-37.72318
3241045468.75,-37.71851
3241045625.0,-37.72377
3241045781.25,-37.72652
3241045937.5,-37.71971
3241046093.75,-37.7102
3241046250.0,-37.72817
3241046406.25,-37.7182
3241046562.5,-37.70493
3241046718.75,-37.71016
3241046875.0,-37.72261
3241047031.25,-37.7187
3241047187.5,-37.71968
3241047343.75,-37.70932
3241047500.0,-37.70751
3241047656.25,-37.7116
3241047812.5,-37.71637
3241047968.75,-37.71894
3241048125.0,-37.69762
3241048281.25,-37.69634
3241048437.5,-37.70938
3241048593.75,-37.69995
3241048750.0,-37.70454
3241048906.25,-37.69474
3241049062.5,-37.7159
3241049218.75,-37.6803
3241049375.0,-37.70536
3241049531.25,-37.70763
3241049687.5,-37.68846
3241049843.75,-37.69969
3241050000.0,-37.69254
3241050156.25,-37.7064
3241050312.5,-37.67689
3241050468.75,-37.69531
3241050625.0,-37.69861
3241050781.25,-37.69281
3241050937.5,-37.6923
3241051093.75,-37.68902
3241051250.0,-37.68341
3241051406.25,-37.69389
3241051562.5,-37.69332
3241051718.75,-37.68111
3241051875.0,-37.68183
3241052031.25,-37.69512
3241052187.5,-37.69065
3241052343.75,-37.68461
3241052500.0,-37.69842
3241052656.25,-37.6776
3241052812.5,-37.67258
3241052968.75,-37.69404
3241053125.0,-37.67538
3241053281.25,-37.6865
3241053437.5,-37.67674
3241053593.75,-37.68173
3241053750.0,-37.6712
3241053906.25,-37.67354
3241054062.5,-37.68646
3241054218.75,-37.66301
3241054375.0,-37.67289
3241054531.25,-37.67081
3241054687.5,-37.685
3241054843.75,-37.66831
3241055000.0,-37.66861
3241055156.25,-37.67542
3241055312.5,-37.66601
3241055468.75,-37.67093
3241055625.0,-37.67096
3241055781.25,-37.6668
3241055937.5,-37.67336
3241056093.75,-37.66464
3241056250.0,-37.66247
3241056406.25,-37.6589
3241056562.5,-37.67784
3241056718.75,-37.65702
3241056875.0,-37.66024
3241057031.25,-37.6605
3241057187.5,-37.6774
3241057343.75,-37.66129
3241057500.0,-37.66848
3241057656.25,-37.66279
3241057812.5,-37.66115
3241057968.75,-37.65206
3241058125.0,-37.66219
3241058281.25,-37.65925
3241058437.5,-37.64332
3241058593.75,-37.65063
3241058750.0,-37.65207
3241058906.25,-37.6552
3241059062.5,-37.64465
3241059218.75,-37.65421
3241059375.0,-37.6572
3241059531.25,-37.65464
3241059687.5,-37.64587
3241059843.75,-37.64264
3241060000.0,-37.63322
3241060156.25,-37.65512
3241060312.5,-37.63332
3241060468.75,-37.64016
3241060625.0,-37.64993
3241060781.25,-37.6275
3241060937.5,-37.62614
3241061093.75,-37.64248
3241061250.0,-37.63032
3241061406.25,-37.63408
3241061562.5,-37.63212
3241061718.75,-37.65395
3241061875.0,-37.64502
3241062031.25,-37.63265
3241062187.5,-37.63798
3241062343.75,-37.6423
3241062500.0,-37.64354
3241062656.25,-37.63887
3241062812.5,-37.63186
3241062968.75,-37.6262
3241063125.0,-37.63122
3241063281.25,-37.63762
3241063437.5,-37.6267
3241063593.75,-37.61861
3241063750.0,-37.62264
3241063906.25,-37.62058
3241064062.5,-37.6217
3241064218.75,-37.61935
3241064375.0,-37.62369
3241064531.25,-37.62994
3241064687.5,-37.62042
3241064843.75,-37.62857
3241065000.0,-37.6324
3241065156.25,-37.60421
3241065312.5,-37.61872
3241065468.75,-37.61658
3241065625.0,-37.62115
3241065781.25,-37.6184
3241065937.5,-37.62342
3241066093.75,-37.60611
3241066250.0,-37.60324
3241066406.25,-37.61717
3241066562.5,-37.60585
3241066718.75,-37.61235
3241066875.0,-37.59972
3241067031.25,-37.61502
3241067187.5,-37.608
3241067343.75,-37.61283
3241067500.0,-37.6176
3241067656.25,-37.60475
3241067812.5,-37.61298
3241067968.75,-37.5973
3241068125.0,-37.59898
3241068281.25,-37.60814
3241068437.5,-37.59272
3241068593.75,-37.59467
3241068750.0,-37.60413
3241068906.25,-37.60073
3241069062.5,-37.59017
3241069218.75,-37.60112
3241069375.0,-37.59181
3241069531.25,-37.59116
3241069687.5,-37.58948
3241069843.75,-37.59475
3241070000.0,-37.57925
3241070156.25,-37.599
3241070312.5,-37.58367
3241070468.75,-37.5878
3241070625.0,-37.57827
3241070781.25,-37.57809
3241070937.5,-37.58821
3241071093.75,-37.59837
3241071250.0,-37.58212
3241071406.25,-37.59352
3241071562.5,-37.58614
3241071718.75,-37.58099
3241071875.0,-37.58315
3241072031.25,-37.57803
3241072187.5,-37.59743
3241072343.75,-37.58888
3241072500.0,-37.56704
3241072656.25,-37.57595
3241072812.5,-37.56678
3241072968.75,-37.57235
3241073125.0,-37.58435
3241073281.25,-37.58386
3241073437.5,-37.58783
3241073593.75,-37.57899
3241073750.0,-37.57388
3241073906.25,-37.5682
3241074062.5,-37.58297
3241074218.75,-37.58052
3241074375.0,-37.57003
3241074531.25,-37.57158
3241074687.5,-37.56758
3241074843.75,-37.57169
3241075000.0,-37.58274
3241075156.25,-37.55983
3241075312.5,-37.56828
3241075468.75,-37.56207
3241075625.0,-37.56752
3241075781.25,-37.56797
3241075937.5,-37.55918
3241076093.75,-37.56498
3241076250.0,-37.56385
3241076406.25,-37.56221
3241076562.5,-37.56717
3241076718.75,-37.543
3241076875.0,-37.55661
3241077031.25,-37.56166
3241077187.5,-37.5588
3241077343.75,-37.54831
3241077500.0,-37.5561
3241077656.25,-37.55657
3241077812.5,-37.55284
3241077968.75,-37.55954
3241078125.0,-37.54694
3241078281.25,-37.55815
3241078437.5,-37.55101
3241078593.75,-37.54646
3241078750.0,-37.55545
3241078906.25,-37.54165
3241079062.5,-37.54549
3241079218.75,-37.55124
3241079375.0,-37.536
3241079531.25,-37.54062
3241079687.5,-37.55206
3241079843.75,-37.53978
3241080000.0,-37.53194
3241080156.25,-37.53607
3241080312.5,-37.55444
3241080468.75,-37.54139
3241080625.0,-37.54612
3241080781.25,-37.53522
3241080937.5,-37.5335
3241081093.75,-37.5318
3241081250.0,-37.52707
3241081406.25,-37.53721
3241081562.5,-37.53148
3241081718.75,-37.54484
3241081875.0,-37.53313
3241082031.25,-37.53418
3241082187.5,-37.52211
3241082343.75,-37.52574
3241082500.0,-37.53607
3241082656.25,-37.53779
3241082812.5,-37.52021
3241082968.75,-37.52973
3241083125.0,-37.52556
3241083281.25,-37.52363
3241083437.5,-37.52313
3241083593.75,-37.51756
3241083750.0,-37.51913
3241083906.25,-37.52371
3241084062.5,-37.519
3241084218.75,-37.53239
3241084375.0,-37.51733
3241084531.25,-37.51537
3241084687.5,-37.51543
3241084843.75,-37.52029
3241085000.0,-37.51293
3241085156.25,-37.51245
3241085312.5,-37.50743
3241085468.75,-37.51797
3241085625.0,-37.50875
3241085781.25,-37.51814
3241085937.5,-37.50967
3241086093.75,-37.51274
3241086250.0,-37.51653
3241086406.25,-37.51123
3241086562.5,-37.508
3241086718.75,-37.50199
3241086875.0,-37.51081
3241087031.25,-37.49837
3241087187.5,-37.48565
3241087343.75,-37.50153
3241087500.0,-37.51052
3241087656.25,-37.50436
3241087812.5,-37.50092
3241087968.75,-37.49648
3241088125.0,-37.49719
3241088281.25,-37.49819
3241088437.5,-37.50463
3241088593.75,-37.50277
3241088750.0,-37.49535
3241088906.25,-37.49718
3241089062.5,-37.49543
3241089218.75,-37.48313
3241089375.0,-37.48716
3241089531.25,-37.49125
3241089687.5,-37.4928
3241089843.75,-37.48698
3241090000.0,-37.4959
3241090156.25,-37.4833
3241090312.5,-37.48557
3241090468.75,-37.48357
3241090625.0,-37.4868
3241090781.25,-37.49158
3241090937.5,-37.48703
3241091093.75,-37.48383
3241091250.0,-37.48126
3241091406.25,-37.47654
3241091562.5,-37.47777
3241091718.75,-37.48459
3241091875.0,-37.47442
3241092031.25,-37.4773
3241092187.5,-37.47152
3241092343.75,-37.47389
3241092500.0,-37.46574
3241092656.25,-37.46913
3241092812.5,-37.46541
3241092968.75,-37.47145
3241093125.0,-37.4652
3241093281.25,-37.47475
3241093437.5,-37.45895
3241093593.75,-37.46119
3241093750.0,-37.47404
3241093906.25,-37.45427
3241094062.5,-37.46431
3241094218.75,-37.45377
3241094375.0,-37.47374
3241094531.25,-37.46746
3241094687.5,-37.45142
3241094843.75,-37.45914
3241095000.0,-37.47238
3241095156.25,-37.45619
3241095312.5,-37.45607
3241095468.75,-37.45013
3241095625.0,-37.45324
3241095781.25,-37.45501
3241095937.5,-37.45717
3241096093.75,-37.46025
3241096250.0,-37.45548
3241096406.25,-37.45931
3241096562.5,-37.45623
3241096718.75,-37.44857
3241096875.0,-37.46046
3241097031.25,-37.45322
3241097187.5,-37.44253
3241097343.75,-37.44118
3241097500.0,-37.46165
3241097656.25,-37.45449
3241097812.5,-37.44847
3241097968.75,-37.44747
3241098125.0,-37.44958
3241098281.25,-37.42809
3241098437.5,-37.4413
3241098593.75,-37.43291
3241098750.0,-37.43181
3241098906.25,-37.43541
3241099062.5,-37.43722
3241099218.75,-37.44213
3241099375.0,-37.44138
3241099531.25,-37.42825
3241099687.5,-37.42722
3241099843.75,-37.44194
3241100000.0,-37.42935
3241100156.25,-37.42844
3241100312.5,-37.42284
3241100468.75,-37.43898
3241100625.0,-37.43623
3241100781.25,-37.41759
3241100937.5,-37.43439
3241101093.75,-37.43732
3241101250.0,-37.41806
3241101406.25,-37.42908
3241101562.5,-37.42884
3241101718.75,-37.41916
3241101875.0,-37.4338
3241102031.25,-37.41852
3241102187.5,-37.42903
3241102343.75,-37.42524
3241102500.0,-37.41558
3241102656.25,-37.42484
3241102812.5,-37.4236
3241102968.75,-37.42926
3241103125.0,-37.41263
3241103281.25,-37.41386
3241103437.5,-37.42434
3241103593.75,-37.42438
3241103750.0,-37.40799
3241103906.25,-37.40733
3241104062.5,-37.41248
3241104218.75,-37.4054
3241104375.0,-37.41458
3241104531.25,-37.41525
3241104687.5,-37.41618
3241104843.75,-37.40891
3241105000.0,-37.40749
3241105156.25,-37.40892
3241105312.5,-37.40229
3241105468.75,-37.40104
3241105625.0,-37.39199
3241105781.25,-37.39214
3241105937.5,-37.40562
3241106093.75,-37.40371
3241106250.0,-37.39651
3241106406.25,-37.39233
3241106562.5,-37.40313
3241106718.75,-37.39863
3241106875.0,-37.41209
3241107031.25,-37.38727
3241107187.5,-37.39151
3241107343.75,-37.3925
3241107500.0,-37.39895
3241107656.25,-37.38684
3241107812.5,-37.39008
3241107968.75,-37.39083
3241108125.0,-37.38073
3241108281.25,-37.38731
3241108437.5,-37.38691
3241108593.75,-37.3808
3241108750.0,-37.36943
3241108906.25,-37.38391
3241109062.5,-37.38559
3241109218.75,-37.39138
3241109375.0,-37.39166
3241109531.25,-37.38103
3241109687.5,-37.39134
3241109843.75,-37.3749
3241110000.0,-37.36735
3241110156.25,-37.3805
3241110312.5,-37.38174
3241110468.75,-37.39011
3241110625.0,-37.36796
3241110781.25,-37.36687
3241110937.5,-37.38002
3241111093.75,-37.36549
3241111250.0,-37.38107
3241111406.25,-37.36574
3241111562.5,-37.3624
3241111718.75,-37.37009
3241111875.0,-37.36391
3241112031.25,-37.36145
3241112187.5,-37.36752
3241112343.75,-37.35973
3241112500.0,-37.37745
3241112656.25,-37.3629
3241112812.5,-37.35662
3241112968.75,-37.368
3241113125.0,-37.35104
3241113281.25,-37.35126
3241113437.5,-37.36027
3241113593.75,-37.35466
3241113750.0,-37.35164
3241113906.25,-37.36399
3241114062.5,-37.35349
3241114218.75,-37.35542
3241114375.0,-37.35291
3241114531.25,-37.34816
3241114687.5,-37.337
3241114843.75,-37.35286
3241115000.0,-37.35037
3241115156.25,-37.35492
3241115312.5,-37.35488
3241115468.75,-37.35445
3241115625.0,-37.35647
3241115781.25,-37.34948
3241115937.5,-37.34949
3241116093.75,-37.3478
3241116250.0,-37.35559
3241116406.25,-37.33071
3241116562.5,-37.33117
3241116718.75,-37.3452
3241116875.0,-37.32925
3241117031.25,-37.34698
3241117187.5,-37.33035
3241117343.75,-37.34135
3241117500.0,-37.33648
3241117656.25,-37.34779
3241117812.5,-37.34513
3241117968.75,-37.32909
3241118125.0,-37.33463
3241118281.25,-37.33797
3241118437.5,-37.33368
3241118593.75,-37.32899
3241118750.0,-37.33097
3241118906.25,-37.32219
3241119062.5,-37.32816
3241119218.75,-37.33063
3241119375.0,-37.32779
3241119531.25,-37.32714
3241119687.5,-37.3305
3241119843.75,-37.32365
3241120000.0,-37.32919
3241120156.25,-37.33089
3241120312.5,-37.32812
3241120468.75,-37.31819
3241120625.0,-37.31921
3241120781.25,-37.31758
3241120937.5,-37.31038
3241121093.75,-37.30914
3241121250.0,-37.3231
3241121406.25,-37.31094
3241121562.5,-37.30359
3241121718.75,-37.30804
3241121875.0,-37.31973
3241122031.25,-37.31724
3241122187.5,-37.30334
3241122343.75,-37.314
3241122500.0,-37.30679
3241122656.25,-37.31461
3241122812.5,-37.30062
3241122968.75,-37.31374
3241123125.0,-37.32188
3241123281.25,-37.32311
3241123437.5,-37.29663
3241123593.75,-37.30984
3241123750.0,-37.30695
3241123906.25,-37.30328
3241124062.5,-37.29631
3241124218.75,-37.302
3241124375.0,-37.29251
3241124531.25,-37.30882
3241124687.5,-37.29913
3241124843.75,-37.28909
3241125000.0,-37.30334
3241125156.25,-37.29902
3241125312.5,-37.30216
3241125468.75,-37.30578
3241125625.0,-37.30553
3241125781.25,-37.28949
3241125937.5,-37.29995
3241126093.75,-37.28532
3241126250.0,-37.29745
3241126406.25,-37.27589
3241126562.5,-37.28906
3241126718.75,-37.29148
3241126875.0,-37.28021
3241127031.25,-37.28513
3241127187.5,-37.28311
3241127343.75,-37.28234
3241127500.0,-37.28665
3241127656.25,-37.28486
3241127812.5,-37.278
3241127968.75,-37.27169
3241128125.0,-37.26547
3241128281.25,-37.28716
3241128437.5,-37.28511
3241128593.75,-37.27383
3241128750.0,-37.26461
3241128906.25,-37.27896
3241129062.5,-37.27082
3241129218.75,-37.28776
3241129375.0,-37.26825
3241129531.25,-37.27354
3241129687.5,-37.27861
3241129843.75,-37.26937
3241130000.0,-37.27768
3241130156.25,-37.26378
3241130312.5,-37.27223
3241130468.75,-37.28205
3241130625.0,-37.26888
3241130781.25,-37.25611
3241130937.5,-37.27011
3241131093.75,-37.25837
3241131250.0,-37.2636
3241131406.25,-37.26434
3241131562.5,-37.27563
3241131718.75,-37.26543
3241131875.0,-37.26406
3241132031.25,-37.26072
3241132187.5,-37.25621
3241132343.75,-37.25396
3241132500.0,-37.26033
3241132656.25,-37.24709
3241132812.5,-37.25338
3241132968.75,-37.25941
3241133125.0,-37.24856
3241133281.25,-37.25994
3241133437.5,-37.25641
3241133593.75,-37.2604
3241133750.0,-37.25716
3241133906.25,-37.25735
3241134062.5,-37.24926
3241134218.75,-37.24227
3241134375.0,-37.23809
3241134531.25,-37.25105
3241134687.5,-37.2504
3241134843.75,-37.25127
3241135000.0,-37.2396
3241135156.25,-37.24322
3241135312.5,-37.2431
3241135468.75,-37.24897
3241135625.0,-37.24642
3241135781.25,-37.24107
3241135937.5,-37.24157
3241136093.75,-37.22893
3241136250.0,-37.23345
3241136406.25,-37.24241
3241136562.5,-37.24545
3241136718.75,-37.24252
3241136875.0,-37.22754
3241137031.25,-37.22933
3241137187.5,-37.23249
3241137343.75,-37.23102
3241137500.0,-37.23096
3241137656.25,-37.22542
3241137812.5,-37.22774
3241137968.75,-37.22124
3241138125.0,-37.21731
3241138281.25,-37.22945
3241138437.5,-37.22828
3241138593.75,-37.22175
3241138750.0,-37.22239
3241138906.25,-37.2236
3241139062.5,-37.22595
3241139218.75,-37.20505
3241139375.0,-37.21358
3241139531.25,-37.2312
3241139687.5,-37.22078
3241139843.75,-37.20615
3241140000.0,-37.21341
3241140156.25,-37.20214
3241140312.5,-37.2133
3241140468.75,-37.20953
3241140625.0,-37.21377
3241140781.25,-37.20873
3241140937.5,-37.20711
3241141093.75,-37.19881
3241141250.0,-37.20565
3241141406.25,-37.21109
3241141562.5,-37.21677
3241141718.75,-37.20269
3241141875.0,-37.20472
3241142031.25,-37.1995
3241142187.5,-37.21275
3241142343.75,-37.21099
3241142500.0,-37.20005
3241142656.25,-37.20844
3241142812.5,-37.1853
3241142968.75,-37.21018
3241143125.0,-37.20003
3241143281.25,-37.21058
3241143437.5,-37.20408
3241143593.75,-37.1841
3241143750.0,-37.1948
3241143906.25,-37.18584
3241144062.5,-37.18165
3241144218.75,-37.20247
3241144375.0,-37.17532
3241144531.25,-37.18874
3241144687.5,-37.18998
3241144843.75,-37.1903
3241145000.0,-37.18348
3241145156.25,-37.19202
3241145312.5,-37.19268
3241145468.75,-37.18778
3241145625.0,-37.18849
3241145781.25,-37.17455
3241145937.5,-37.19359
3241146093.75,-37.18467
3241146250.0,-37.1787
3241146406.25,-37.18152
3241146562.5,-37.17698
3241146718.75,-37.18521
3241146875.0,-37.1846
3241147031.25,-37.17696
3241147187.5,-37.17688
3241147343.75,-37.17029
3241147500.0,-37.17304
3241147656.25,-37.16642
3241147812.5,-37.16839
3241147968.75,-37.17474
3241148125.0,-37.16857
3241148281.25,-37.1716
3241148437.5,-37.17332
3241148593.75,-37.16678
3241148750.0,-37.17467
3241148906.25,-37.16415
3241149062.5,-37.16722
3241149218.75,-37.16158
3241149375.0,-37.16228
3241149531.25,-37.1667
3241149687.5,-37.16552
3241149843.75,-37.17102
3241150000.0,-37.16233
3241150156.25,-37.15057
3241150312.5,-37.15629
3241150468.75,-37.15672
3241150625.0,-37.16452
3241150781.25,-37.14993
3241150937.5,-37.15871
3241151093.75,-37.15713
3241151250.0,-37.15928
3241151406.25,-37.1585
3241151562.5,-37.15145
3241151718.75,-37.1508
3241151875.0,-37.15138
3241152031.25,-37.16213
3241152187.5,-37.14597
3241152343.75,-37.13425
3241152500.0,-37.15306
3241152656.25,-37.14038
3241152812.5,-37.14667
3241152968.75,-37.14003
3241153125.0,-37.13712
3241153281.25,-37.1368
3241153437.5,-37.13448
3241153593.75,-37.14484
3241153750.0,-37.14021
3241153906.25,-37.14339
3241154062.5,-37.13254
3241154218.75,-37.13393
3241154375.0,-37.128
3241154531.25,-37.12849
3241154687.5,-37.13309
3241154843.75,-37.14182
3241155000.0,-37.1408
3241155156.25,-37.13532
3241155312.5,-37.1326
3241155468.75,-37.12401
3241155625.0,-37.13411
3241155781.25,-37.13669
3241155937.5,-37.12987
3241156093.75,-37.13184
3241156250.0,-37.1335
3241156406.25,-37.1196
3241156562.5,-37.11483
3241156718.75,-37.1236
3241156875.0,-37.13053
3241157031.25,-37.12506
3241157187.5,-37.13033
3241157343.75,-37.12379
3241157500.0,-37.09914
3241157656.25,-37.13218
3241157812.5,-37.11825
3241157968.75,-37.10917
3241158125.0,-37.10589
3241158281.25,-37.11342
3241158437.5,-37.11074
3241158593.75,-37.1138
3241158750.0,-37.11251
3241158906.25,-37.11851
3241159062.5,-37.11214
3241159218.75,-37.11779
3241159375.0,-37.10194
3241159531.25,-37.11843
3241159687.5,-37.11395
3241159843.75,-37.10191
3241160000.0,-37.10785
3241160156.25,-37.10754
3241160312.5,-37.1021
3241160468.75,-37.09409
3241160625.0,-37.10275
3241160781.25,-37.10688
3241160937.5,-37.09595
3241161093.75,-37.08997
3241161250.0,-37.09369
3241161406.25,-37.09497
3241161562.5,-37.10751
3241161718.75,-37.08471
3241161875.0,-37.10023
3241162031.25,-37.08334
3241162187.5,-37.10416
3241162343.75,-37.08976
3241162500.0,-37.08345
3241162656.25,-37.08564
3241162812.5,-37.08287
3241162968.75,-37.07845
3241163125.0,-37.08865
3241163281.25,-37.08782
3241163437.5,-37.0778
3241163593.75,-37.08086
3241163750.0,-37.08954
3241163906.25,-37.08255
3241164062.5,-37.08333
3241164218.75,-37.07768
3241164375.0,-37.09194
3241164531.25,-37.07703
3241164687.5,-37.07753
3241164843.75,-37.06876
3241165000.0,-37.05938
3241165156.25,-37.06143
3241165312.5,-37.08057
3241165468.75,-37.07442
3241165625.0,-37.07618
3241165781.25,-37.06975
3241165937.5,-37.07195
3241166093.75,-37.07266
3241166250.0,-37.06673
3241166406.25,-37.06942
3241166562.5,-37.0699
3241166718.75,-37.06434
3241166875.0,-37.05952
3241167031.25,-37.05901
3241167187.5,-37.06352
3241167343.75,-37.05653
3241167500.0,-37.06147
3241167656.25,-37.05465
3241167812.5,-37.06237
3241167968.75,-37.07333
3241168125.0,-37.04557
3241168281.25,-37.05898
3241168437.5,-37.04995
3241168593.75,-37.05338
3241168750.0,-37.04441
3241168906.25,-37.04813
3241169062.5,-37.05943
3241169218.75,-37.05528
3241169375.0,-37.04873
3241169531.25,-37.05123
3241169687.5,-37.04366
3241169843.75,-37.05302
3241170000.0,-37.05384
3241170156.25,-37.04894
3241170312.5,-37.05288
3241170468.75,-37.0405
3241170625.0,-37.03378
3241170781.25,-37.03089
3241170937.5,-37.04234
3241171093.75,-37.0448
3241171250.0,-37.04876
3241171406.25,-37.0426
3241171562.5,-37.03432
3241171718.75,-37.03209
3241171875.0,-37.03828
3241172031.25,-37.03202
3241172187.5,-37.0316
3241172343.75,-37.03526
3241172500.0,-37.03322
3241172656.25,-37.03777
3241172812.5,-37.0231
3241172968.75,-37.0453
3241173125.0,-37.02853
3241173281.25,-37.02814
3241173437.5,-37.02718
3241173593.75,-37.03045
3241173750.0,-37.027
3241173906.25,-37.03312
3241174062.5,-37.02869
3241174218.75,-37.02205
3241174375.0,-37.0155
3241174531.25,-37.02674
3241174687.5,-37.01748
3241174843.75,-37.01193
3241175000.0,-37.02572
3241175156.25,-37.01743
3241175312.5,-37.01962
3241175468.75,-37.0144
3241175625.0,-37.0095
3241175781.25,-37.01205
3241175937.5,-37.01612
3241176093.75,-37.01159
3241176250.0,-36.99934
3241176406.25,-37.0104
3241176562.5,-37.01555
3241176718.75,-37.01154
3241176875.0,-37.01149
3241177031.25,-37.00183
3241177187.5,-37.00795
3241177343.75,-37.01713
3241177500.0,-37.01019
3241177656.25,-37.00542
3241177812.5,-37.00925
3241177968.75,-37.00392
3241178125.0,-36.99999
3241178281.25,-37.00348
3241178437.5,-36.99336
3241178593.75,-36.98951
3241178750.0,-36.99726
3241178906.25,-36.9939
3241179062.5,-36.99599
3241179218.75,-36.99586
3241179375.0,-36.99592
3241179531.25,-36.99735
3241179687.5,-36.99474
3241179843.75,-36.9928
3241180000.0,-36.97239
3241180156.25,-36.98782
3241180312.5,-36.99163
3241180468.75,-36.99929
3241180625.0,-36.97917
3241180781.25,-36.97524
3241180937.5,-36.97715
3241181093.75,-36.98947
3241181250.0,-36.97334
3241181406.25,-36.98585
3241181562.5,-36.98877
3241181718.75,-36.99112
3241181875.0,-36.97847
3241182031.25,-36.9839
3241182187.5,-36.98423
3241182343.75,-36.97748
3241182500.0,-36.9743
3241182656.25,-36.97755
3241182812.5,-36.973
3241182968.75,-36.96472
3241183125.0,-36.96763
3241183281.25,-36.97152
3241183437.5,-36.98083
3241183593.75,-36.96722
3241183750.0,-36.96939
3241183906.25,-36.96741
3241184062.5,-36.95774
3241184218.75,-36.98052
3241184375.0,-36.96324
3241184531.25,-36.96616
3241184687.5,-36.95723
3241184843.75,-36.96135
3241185000.0,-36.96223
3241185156.25,-36.95856
3241185312.5,-36.97686
3241185468.75,-36.96878
3241185625.0,-36.96905
3241185781.25,-36.96241
3241185937.5,-36.96284
3241186093.75,-36.95732
3241186250.0,-36.95916
3241186406.25,-36.94642
3241186562.5,-36.95087
3241186718.75,-36.94867
3241186875.0,-36.95116
3241187031.25,-36.93886
3241187187.5,-36.95472
3241187343.75,-36.95469
3241187500.0,-36.94129
3241187656.25,-36.94719
3241187812.5,-36.95554
3241187968.75,-36.9412
3241188125.0,-36.95906
3241188281.25,-36.93647
3241188437.5,-36.95378
3241188593.75,-36.94522
3241188750.0,-36.93996
3241188906.25,-36.94081
3241189062.5,-36.93427
3241189218.75,-36.94825
3241189375.0,-36.94242
3241189531.25,-36.93449
3241189687.5,-36.94157
3241189843.75,-36.9402
3241190000.0,-36.94351
3241190156.25,-36.93418
3241190312.5,-36.93336
3241190468.75,-36.92966
3241190625.0,-36.92264
3241190781.25,-36.93383
3241190937.5,-36.93126
3241191093.75,-36.92877
3241191250.0,-36.93687
3241191406.25,-36.91841
3241191562.5,-36.92245
3241191718.75,-36.92978
3241191875.0,-36.9278
3241192031.25,-36.93158
3241192187.5,-36.92392
3241192343.75,-36.92762
3241192500.0,-36.92043
3241192656.25,-36.91805
3241192812.5,-36.91877
3241192968.75,-36.91155
3241193125.0,-36.91655
3241193281.25,-36.91742
3241193437.5,-36.92567
3241193593.75,-36.92162
3241193750.0,-36.90569
3241193906.25,-36.91622
3241194062.5,-36.91908
3241194218.75,-36.91453
3241194375.0,-36.91119
3241194531.25,-36.91956
3241194687.5,-36.90917
3241194843.75,-36.90923
3241195000.0,-36.90993
3241195156.25,-36.89951
3241195312.5,-36.91083
3241195468.75,-36.89125
3241195625.0,-36.89582
3241195781.25,-36.90783
3241195937.5,-36.90602
3241196093.75,-36.90019
3241196250.0,-36.90355
3241196406.25,-36.89498
3241196562.5,-36.88521
3241196718.75,-36.89633
3241196875.0,-36.8926
3241197031.25,-36.89853
3241197187.5,-36.89893
3241197343.75,-36.88778
3241197500.0,-36.89069
3241197656.25,-36.9013
3241197812.5,-36.89249
3241197968.75,-36.88821
3241198125.0,-36.89234
3241198281.25,-36.88002
3241198437.5,-36.89217
3241198593.75,-36.88513
3241198750.0,-36.89096
3241198906.25,-36.88373
3241199062.5,-36.86365
3241199218.75,-36.87555
3241199375.0,-36.88111
3241199531.25,-36.88119
3241199687.5,-36.88187
3241199843.75,-36.87881
3241200000.0,-36.88238
3241200156.25,-36.86797
3241200312.5,-36.88828
3241200468.75,-36.87098
3241200625.0,-36.87608
3241200781.25,-36.8716
3241200937.5,-36.87762
3241201093.75,-36.87254
3241201250.0,-36.88246
3241201406.25,-36.87566
3241201562.5,-36.87272
3241201718.75,-36.85321
3241201875.0,-36.86279
3241202031.25,-36.86158
3241202187.5,-36.86157
3241202343.75,-36.86268
3241202500.0,-36.86426
3241202656.25,-36.873
3241202812.5,-36.85409
3241202968.75,-36.86553
3241203125.0,-36.8561
3241203281.25,-36.86668
3241203437.5,-36.85766
3241203593.75,-36.85886
3241203750.0,-36.84658
3241203906.25,-36.84301
3241204062.5,-36.85101
3241204218.75,-36.855
3241204375.0,-36.84374
3241204531.25,-36.8487
3241204687.5,-36.85641
3241204843.75,-36.85478
3241205000.0,-36.85454
3241205156.25,-36.84341
3241205312.5,-36.84528
3241205468.75,-36.84994
3241205625.0,-36.85261
3241205781.25,-36.85159
3241205937.5,-36.844
3241206093.75,-36.84434
3241206250.0,-36.84135
3241206406.25,-36.84602
3241206562.5,-36.84747
3241206718.75,-36.83549
3241206875.0,-36.8325
3241207031.25,-36.84354
3241207187.5,-36.83669
3241207343.75,-36.83875
3241207500.0,-36.839
3241207656.25,-36.84124
3241207812.5,-36.82993
3241207968.75,-36.82978
3241208125.0,-36.82925
3241208281.25,-36.83262
3241208437.5,-36.83381
3241208593.75,-36.82346
3241208750.0,-36.82549
3241208906.25,-36.80864
3241209062.5,-36.82639
3241209218.75,-36.8256
3241209375.0,-36.81414
3241209531.25,-36.81818
3241209687.5,-36.82881
3241209843.75,-36.82817
3241210000.0,-36.81942
3241210156.25,-36.82584
3241210312.5,-36.81614
3241210468.75,-36.8204
3241210625.0,-36.80799
3241210781.25,-36.81015
3241210937.5,-36.81659
3241211093.75,-36.80689
3241211250.0,-36.80036
3241211406.25,-36.81929
3241211562.5,-36.82381
3241211718.75,-36.81343
3241211875.0,-36.80829
3241212031.25,-36.81124
3241212187.5,-36.82472
3241212343.75,-36.81193
3241212500.0,-36.80119
3241212656.25,-36.80281
3241212812.5,-36.80201
3241212968.75,-36.79929
3241213125.0,-36.8049
3241213281.25,-36.8093
3241213437.5,-36.80105
3241213593.75,-36.79391
3241213750.0,-36.79554
3241213906.25,-36.7931
3241214062.5,-36.7855
3241214218.75,-36.79242
3241214375.0,-36.78946
3241214531.25,-36.78736
3241214687.5,-36.78939
3241214843.75,-36.79499
3241215000.0,-36.79255
3241215156.25,-36.79597
3241215312.5,-36.78768
3241215468.75,-36.78252
3241215625.0,-36.80246
3241215781.25,-36.78347
3241215937.5,-36.78549
3241216093.75,-36.77743
3241216250.0,-36.78566
3241216406.25,-36.78292
3241216562.5,-36.79
3241216718.75,-36.77799
3241216875.0,-36.77829
3241217031.25,-36.7812
3241217187.5,-36.78965
3241217343.75,-36.77966
3241217500.0,-36.76252
3241217656.25,-36.77261
3241217812.5,-36.77014
3241217968.75,-36.77604
3241218125.0,-36.76004
3241218281.25,-36.76748
3241218437.5,-36.76223
3241218593.75,-36.76506
3241218750.0,-36.75955
3241218906.25,-36.76439
3241219062.5,-36.76566
3241219218.75,-36.76536
3241219375.0,-36.77081
3241219531.25,-36.75793
3241219687.5,-36.76032
3241219843.75,-36.75923
3241220000.0,-36.76701
3241220156.25,-36.76906
3241220312.5,-36.75506
3241220468.75,-36.76104
3241220625.0,-36.74415
3241220781.25,-36.75025
3241220937.5,-36.76295
3241221093.75,-36.75454
3241221250.0,-36.75483
3241221406.25,-36.7616
3241221562.5,-36.74681
3241221718.75,-36.74667
3241221875.0,-36.74253
3241222031.25,-36.74821
3241222187.5,-36.74923
3241222343.75,-36.74014
3241222500.0,-36.75131
3241222656.25,-36.74186
3241222812.5,-36.74597
3241222968.75,-36.74193
3241223125.0,-36.75023
3241223281.25,-36.74404
3241223437.5,-36.74795
3241223593.75,-36.73463
3241223750.0,-36.74202
3241223906.25,-36.72154
3241224062.5,-36.74083
3241224218.75,-36.73456
3241224375.0,-36.73119
3241224531.25,-36.7292
3241224687.5,-36.74237
3241224843.75,-36.72456
3241225000.0,-36.7262
3241225156.25,-36.74717
3241225312.5,-36.72636
3241225468.75,-36.73256
3241225625.0,-36.74039
3241225781.25,-36.73206
3241225937.5,-36.73144
3241226093.75,-36.73253
3241226250.0,-36.73518
3241226406.25,-36.71495
3241226562.5,-36.71658
3241226718.75,-36.71851
3241226875.0,-36.72419
3241227031.25,-36.71696
3241227187.5,-36.72264
3241227343.75,-36.72721
3241227500.0,-36.71229
3241227656.25,-36.7142
3241227812.5,-36.71407
3241227968.75,-36.7082
3241228125.0,-36.7145
3241228281.25,-36.72168
3241228437.5,-36.71923
3241228593.75,-36.7184
3241228750.0,-36.71181
3241228906.25,-36.71214
3241229062.5,-36.69796
3241229218.75,-36.71072
3241229375.0,-36.71206
3241229531.25,-36.71661
3241229687.5,-36.69835
3241229843.75,-36.69876
3241230000.0,-36.69429
3241230156.25,-36.70891
3241230312.5,-36.70098
3241230468.75,-36.70557
3241230625.0,-36.7015
3241230781.25,-36.69324
3241230937.5,-36.68503
3241231093.75,-36.70257
3241231250.0,-36.70605
3241231406.25,-36.68092
3241231562.5,-36.70155
3241231718.75,-36.69636
3241231875.0,-36.69855
3241232031.25,-36.69262
3241232187.5,-36.70069
3241232343.75,-36.69302
3241232500.0,-36.69456
3241232656.25,-36.69509
3241232812.5,-36.69326
3241232968.75,-36.68834
3241233125.0,-36.67366
3241233281.25,-36.67917
3241233437.5,-36.68155
3241233593.75,-36.68059
3241233750.0,-36.68996
3241233906.25,-36.68021
3241234062.5,-36.67521
3241234218.75,-36.67471
3241234375.0,-36.67609
3241234531.25,-36.67886
3241234687.5,-36.68201
3241234843.75,-36.66342
3241235000.0,-36.68026
3241235156.25,-36.66746
3241235312.5,-36.67283
3241235468.75,-36.66765
3241235625.0,-36.67539
3241235781.25,-36.66762
3241235937.5,-36.67104
3241236093.75,-36.66854
3241236250.0,-36.66248
3241236406.25,-36.67656
3241236562.5,-36.66114
3241236718.75,-36.6677
3241236875.0,-36.65739
3241237031.25,-36.65651
3241237187.5,-36.66459
3241237343.75,-36.66016
3241237500.0,-36.65412
3241237656.25,-36.65253
3241237812.5,-36.65784
3241237968.75,-36.65602
3241238125.0,-36.65085
3241238281.25,-36.65186
3241238437.5,-36.65499
3241238593.75,-36.64036
3241238750.0,-36.65841
3241238906.25,-36.64272
3241239062.5,-36.66424
3241239218.75,-36.63994
3241239375.0,-36.64348
3241239531.25,-36.65151
3241239687.5,-36.63944
3241239843.75,-36.65741
3241240000.0,-36.63582
3241240156.25,-36.64075
3241240312.5,-36.6436
3241240468.75,-36.63878
3241240625.0,-36.63615
3241240781.25,-36.64168
3241240937.5,-36.64176
3241241093.75,-36.62972
3241241250.0,-36.63523
3241241406.25,-36.64068
3241241562.5,-36.63263
3241241718.75,-36.63285
3241241875.0,-36.63569
3241242031.25,-36.62823
3241242187.5,-36.62828
3241242343.75,-36.63113
3241242500.0,-36.63702
3241242656.25,-36.62984
3241242812.5,-36.63384
3241242968.75,-36.62779
3241243125.0,-36.63203
3241243281.25,-36.62318
3241243437.5,-36.62103
3241243593.75,-36.62677
3241243750.0,-36.62562
3241243906.25,-36.61639
3241244062.5,-36.61723
3241244218.75,-36.62964
3241244375.0,-36.62225
3241244531.25,-36.60886
3241244687.5,-36.62677
3241244843.75,-36.61502
3241245000.0,-36.61012
3241245156.25,-36.61436
3241245312.5,-36.61352
3241245468.75,-36.61637
3241245625.0,-36.60762
3241245781.25,-36.61595
3241245937.5,-36.60514
3241246093.75,-36.59859
3241246250.0,-36.61763
3241246406.25,-36.61213
3241246562.5,-36.59923
3241246718.75,-36.61148
3241246875.0,-36.60483
3241247031.25,-36.61121
3241247187.5,-36.6046
3241247343.75,-36.60556
3241247500.0,-36.60312
3241247656.25,-36.61595
3241247812.5,-36.59142
3241247968.75,-36.60625
3241248125.0,-36.59386
3241248281.25,-36.59381
3241248437.5,-36.59654
3241248593.75,-36.5973
3241248750.0,-36.58912
3241248906.25,-36.58465
3241249062.5,-36.58757
3241249218.75,-36.58414
3241249375.0,-36.59491
3241249531.25,-36.59412
3241249687.5,-36.59539
3241249843.75,-36.59013
3241250000.0,-36.592
3241250156.25,-36.58876
3241250312.5,-36.57606
3241250468.75,-36.58465
3241250625.0,-36.58347
3241250781.25,-36.58214
3241250937.5,-36.57999
3241251093.75,-36.59133
3241251250.0,-36.58795
3241251406.25,-36.5811
3241251562.5,-36.5738
3241251718.75,-36.56739
3241251875.0,-36.56497
3241252031.25,-36.56655
3241252187.5,-36.57037
3241252343.75,-36.57905
3241252500.0,-36.56243
3241252656.25,-36.57045
3241252812.5,-36.56931
3241252968.75,-36.57174
3241253125.0,-36.57174
3241253281.25,-36.56752
3241253437.5,-36.56606
3241253593.75,-36.56913
3241253750.0,-36.57476
3241253906.25,-36.57022
3241254062.5,-36.57019
3241254218.75,-36.56668
3241254375.0,-36.57187
3241254531.25,-36.56528
3241254687.5,-36.55901
3241254843.75,-36.55267
3241255000.0,-36.56034
3241255156.25,-36.5517
3241255312.5,-36.56658
3241255468.75,-36.55609
3241255625.0,-36.56118
3241255781.25,-36.55176
3241255937.5,-36.55714
3241256093.75,-36.54717
3241256250.0,-36.54318
3241256406.25,-36.54597
3241256562.5,-36.54273
3241256718.75,-36.5534
3241256875.0,-36.54449
3241257031.25,-36.54403
3241257187.5,-36.54781
3241257343.75,-36.54057
3241257500.0,-36.53414
3241257656.25,-36.55142
3241257812.5,-36.53845
3241257968.75,-36.54323
3241258125.0,-36.53752
3241258281.25,-36.53605
3241258437.5,-36.52855
3241258593.75,-36.53698
3241258750.0,-36.54333
3241258906.25,-36.53963
3241259062.5,-36.53395
3241259218.75,-36.53236
3241259375.0,-36.53534
3241259531.25,-36.52423
3241259687.5,-36.52896
3241259843.75,-36.52103
3241260000.0,-36.51528
3241260156.25,-36.52475
3241260312.5,-36.51936
3241260468.75,-36.53251
3241260625.0,-36.52673
3241260781.25,-36.52098
3241260937.5,-36.52506
3241261093.75,-36.51423
3241261250.0,-36.53576
3241261406.25,-36.52676
3241261562.5,-36.51515
3241261718.75,-36.51334
3241261875.0,-36.51128
3241262031.25,-36.51204
3241262187.5,-36.51163
3241262343.75,-36.51733
3241262500.0,-36.50605
3241262656.25,-36.51558
3241262812.5,-36.50637
3241262968.75,-36.50928
3241263125.0,-36.51674
3241263281.25,-36.51041
3241263437.5,-36.49951
3241263593.75,-36.51724
3241263750.0,-36.50716
3241263906.25,-36.5041
3241264062.5,-36.51485
3241264218.75,-36.49662
3241264375.0,-36.49281
3241264531.25,-36.498
3241264687.5,-36.49588
3241264843.75,-36.48999
3241265000.0,-36.49467
3241265156.25,-36.49121
3241265312.5,-36.49133
3241265468.75,-36.49406
3241265625.0,-36.47992
3241265781.25,-36.4983
3241265937.5,-36.48866
3241266093.75,-36.49566
3241266250.0,-36.48904
3241266406.25,-36.48591
3241266562.5,-36.4754
3241266718.75,-36.48927
3241266875.0,-36.47104
3241267031.25,-36.49534
3241267187.5,-36.47823
3241267343.75,-36.47606
3241267500.0,-36.48489
3241267656.25,-36.47783
3241267812.5,-36.47085
3241267968.75,-36.47812
3241268125.0,-36.47923
3241268281.25,-36.47419
3241268437.5,-36.48222
3241268593.75,-36.48351
3241268750.0,-36.47112
3241268906.25,-36.46803
3241269062.5,-36.47668
3241269218.75,-36.464
3241269375.0,-36.4701
3241269531.25,-36.47707
3241269687.5,-36.47252
3241269843.75,-36.46752
3241270000.0,-36.46534
3241270156.25,-36.46379
3241270312.5,-36.46661
3241270468.75,-36.45887
3241270625.0,-36.45881
3241270781.25,-36.45746
3241270937.5,-36.46349
3241271093.75,-36.46556
3241271250.0,-36.45663
3241271406.25,-36.46165
3241271562.5,-36.46122
3241271718.75,-36.45223
3241271875.0,-36.45763
3241272031.25,-36.44658
3241272187.5,-36.4537
3241272343.75,-36.44338
3241272500.0,-36.45156
3241272656.25,-36.4528
3241272812.5,-36.45444
3241272968.75,-36.44669
3241273125.0,-36.45301
3241273281.25,-36.45017
3241273437.5,-36.44703
3241273593.75,-36.44265
3241273750.0,-36.44567
3241273906.25,-36.44437
3241274062.5,-36.44867
3241274218.75,-36.44513
3241274375.0,-36.43204
3241274531.25,-36.44049
3241274687.5,-36.43998
3241274843.75,-36.43135
3241275000.0,-36.43501
3241275156.25,-36.43551
3241275312.5,-36.4324
3241275468.75,-36.44226
3241275625.0,-36.4192
3241275781.25,-36.43195
3241275937.5,-36.42241
3241276093.75,-36.43241
3241276250.0,-36.41699
3241276406.25,-36.4257
3241276562.5,-36.43094
3241276718.75,-36.42229
3241276875.0,-36.42529
3241277031.25,-36.42341
3241277187.5,-36.4292
3241277343.75,-36.42739
3241277500.0,-36.42224
3241277656.25,-36.42927
3241277812.5,-36.42746
3241277968.75,-36.42624
3241278125.0,-36.42562
3241278281.25,-36.41667
3241278437.5,-36.42049
3241278593.75,-36.41935
3241278750.0,-36.4083
3241278906.25,-36.40818
3241279062.5,-36.40527
3241279218.75,-36.41292
3241279375.0,-36.41018
3241279531.25,-36.40609
3241279687.5,-36.41003
3241279843.75,-36.39746
3241280000.0,-36.40409
3241280156.25,-36.40476
3241280312.5,-36.40755
3241280468.75,-36.4038
3241280625.0,-36.40005
3241280781.25,-36.39003
3241280937.5,-36.40075
3241281093.75,-36.39991
3241281250.0,-36.39609
3241281406.25,-36.40596
3241281562.5,-36.39428
3241281718.75,-36.40842
3241281875.0,-36.40151
3241282031.25,-36.37965
3241282187.5,-36.39837
3241282343.75,-36.39139
3241282500.0,-36.39796
3241282656.25,-36.38877
3241282812.5,-36.39339
3241282968.75,-36.38794
3241283125.0,-36.38608
3241283281.25,-36.39966
3241283437.5,-36.38648
3241283593.75,-36.38371
3241283750.0,-36.38863
3241283906.25,-36.38074
3241284062.5,-36.37449
3241284218.75,-36.37955
3241284375.0,-36.37151
3241284531.25,-36.38208
3241284687.5,-36.37728
3241284843.75,-36.36969
3241285000.0,-36.37113
3241285156.25,-36.37454
3241285312.5,-36.36848
3241285468.75,-36.37448
3241285625.0,-36.36972
3241285781.25,-36.37263
3241285937.5,-36.37508
3241286093.75,-36.3729
3241286250.0,-36.36873
3241286406.25,-36.36744
3241286562.5,-36.36835
3241286718.75,-36.3683
3241286875.0,-36.36248
3241287031.25,-36.36943
3241287187.5,-36.36453
3241287343.75,-36.36661
3241287500.0,-36.37661
3241287656.25,-36.35632
3241287812.5,-36.36151
3241287968.75,-36.35364
3241288125.0,-36.35207
3241288281.25,-36.34804
3241288437.5,-36.34934
3241288593.75,-36.34883
3241288750.0,-36.34662
3241288906.25,-36.35143
3241289062.5,-36.35876
3241289218.75,-36.34897
3241289375.0,-36.34551
3241289531.25,-36.35897
3241289687.5,-36.3438
3241289843.75,-36.34061
3241290000.0,-36.33867
3241290156.25,-36.35007
3241290312.5,-36.34501
3241290468.75,-36.34187
3241290625.0,-36.34737
3241290781.25,-36.33492
3241290937.5,-36.34723
3241291093.75,-36.34129
3241291250.0,-36.32368
3241291406.25,-36.34006
3241291562.5,-36.34037
3241291718.75,-36.33441
3241291875.0,-36.32777
3241292031.25,-36.33126
3241292187.5,-36.3393
3241292343.75,-36.33573
3241292500.0,-36.32949
3241292656.25,-36.32417
3241292812.5,-36.34035
3241292968.75,-36.32461
3241293125.0,-36.32615
3241293281.25,-36.32513
3241293437.5,-36.32676
3241293593.75,-36.32496
3241293750.0,-36.31895
3241293906.25,-36.31617
3241294062.5,-36.31984
3241294218.75,-36.31943
3241294375.0,-36.3163
3241294531.25,-36.3132
3241294687.5,-36.32329
3241294843.75,-36.30977
3241295000.0,-36.30994
3241295156.25,-36.31064
3241295312.5,-36.31672
3241295468.75,-36.30733
3241295625.0,-36.31549
3241295781.25,-36.3132
3241295937.5,-36.30472
3241296093.75,-36.30919
3241296250.0,-36.309
3241296406.25,-36.30888
3241296562.5,-36.30922
3241296718.75,-36.31355
3241296875.0,-36.3017
3241297031.25,-36.30086
3241297187.5,-36.30589
3241297343.75,-36.29401
3241297500.0,-36.29563
3241297656.25,-36.29533
3241297812.5,-36.306
3241297968.75,-36.29454
3241298125.0,-36.29007
3241298281.25,-36.30249
3241298437.5,-36.30252
3241298593.75,-36.28762
3241298750.0,-36.28347
3241298906.25,-36.29186
3241299062.5,-36.29211
3241299218.75,-36.284
3241299375.0,-36.27998
3241299531.25,-36.28436
3241299687.5,-36.28276
3241299843.75,-36.28604
3241300000.0,-36.29093
3241300156.25,-36.28309
3241300312.5,-36.27837
3241300468.75,-36.28006
3241300625.0,-36.28307
3241300781.25,-36.2755
3241300937.5,-36.27561
3241301093.75,-36.27921
3241301250.0,-36.27271
3241301406.25,-36.27601
3241301562.5,-36.27231
3241301718.75,-36.26514
3241301875.0,-36.26247
3241302031.25,-36.28186
3241302187.5,-36.27275
3241302343.75,-36.26409
3241302500.0,-36.28244
3241302656.25,-36.25782
3241302812.5,-36.2686
3241302968.75,-36.26681
3241303125.0,-36.27074
3241303281.25,-36.26774
3241303437.5,-36.25531
3241303593.75,-36.26181
3241303750.0,-36.26143
3241303906.25,-36.26054
3241304062.5,-36.26653
3241304218.75,-36.27089
3241304375.0,-36.25977
3241304531.25,-36.25195
3241304687.5,-36.2574
3241304843.75,-36.25028
3241305000.0,-36.24733
3241305156.25,-36.24328
3241305312.5,-36.25927
3241305468.75,-36.24731
3241305625.0,-36.24329
3241305781.25,-36.24463
3241305937.5,-36.24123
3241306093.75,-36.25021
3241306250.0,-36.23542
3241306406.25,-36.24648
3241306562.5,-36.24994
3241306718.75,-36.24241
3241306875.0,-36.24364
3241307031.25,-36.25455
3241307187.5,-36.24724
3241307343.75,-36.24823
3241307500.0,-36.23297
3241307656.25,-36.25118
3241307812.5,-36.24548
3241307968.75,-36.23287
3241308125.0,-36.2309
3241308281.25,-36.22216
3241308437.5,-36.21421
3241308593.75,-36.23207
3241308750.0,-36.22626
3241308906.25,-36.23575
3241309062.5,-36.23011
3241309218.75,-36.22517
3241309375.0,-36.23453
3241309531.25,-36.21801
3241309687.5,-36.22802
3241309843.75,-36.22196
3241310000.0,-36.22145
3241310156.25,-36.22296
3241310312.5,-36.21771
3241310468.75,-36.21461
3241310625.0,-36.21093
3241310781.25,-36.226
3241310937.5,-36.21905
3241311093.75,-36.21523
3241311250.0,-36.21892
3241311406.25,-36.21227
3241311562.5,-36.21276
3241311718.75,-36.21286
3241311875.0,-36.21735
3241312031.25,-36.21513
3241312187.5,-36.21119
3241312343.75,-36.20827
3241312500.0,-36.21838
3241312656.25,-36.21121
3241312812.5,-36.22102
3241312968.75,-36.20469
3241313125.0,-36.197
3241313281.25,-36.18695
3241313437.5,-36.19622
3241313593.75,-36.20048
3241313750.0,-36.19966
3241313906.25,-36.19674
3241314062.5,-36.19894
3241314218.75,-36.19427
3241314375.0,-36.18005
3241314531.25,-36.2059
3241314687.5,-36.19308
3241314843.75,-36.18938
3241315000.0,-36.18443
3241315156.25,-36.19359
3241315312.5,-36.19749
3241315468.75,-36.19434
3241315625.0,-36.18674
3241315781.25,-36.18755
3241315937.5,-36.19211
3241316093.75,-36.17944
3241316250.0,-36.18279
3241316406.25,-36.17253
3241316562.5,-36.18347
3241316718.75,-36.17278
3241316875.0,-36.1682
3241317031.25,-36.18869
3241317187.5,-36.17866
3241317343.75,-36.17544
3241317500.0,-36.17314
3241317656.25,-36.18185
3241317812.5,-36.17643
3241317968.75,-36.17262
3241318125.0,-36.16776
3241318281.25,-36.17131
3241318437.5,-36.16888
3241318593.75,-36.18046
3241318750.0,-36.16079
3241318906.25,-36.15825
3241319062.5,-36.16498
3241319218.75,-36.17102
3241319375.0,-36.16231
3241319531.25,-36.1687
3241319687.5,-36.17077
3241319843.75,-36.1682
3241320000.0,-36.15479
3241320156.25,-36.16467
3241320312.5,-36.15712
3241320468.75,-36.17154
3241320625.0,-36.14979
3241320781.25,-36.1461
3241320937.5,-36.15062
3241321093.75,-36.16031
3241321250.0,-36.13536
3241321406.25,-36.1671
3241321562.5,-36.14476
3241321718.75,-36.15743
3241321875.0,-36.15346
3241322031.25,-36.14757
3241322187.5,-36.14857
3241322343.75,-36.14357
3241322500.0,-36.14977
3241322656.25,-36.14622
3241322812.5,-36.14044
3241322968.75,-36.13535
3241323125.0,-36.14232
3241323281.25,-36.12919
3241323437.5,-36.13892
3241323593.75,-36.14224
3241323750.0,-36.14039
3241323906.25,-36.13314
3241324062.5,-36.1436
3241324218.75,-36.13886
3241324375.0,-36.13494
3241324531.25,-36.138
3241324687.5,-36.13528
3241324843.75,-36.13433
3241325000.0,-36.12132
3241325156.25,-36.12809
3241325312.5,-36.11983
3241325468.75,-36.13134
3241325625.0,-36.12562
3241325781.25,-36.122
3241325937.5,-36.12862
3241326093.75,-36.12446
3241326250.0,-36.12548
3241326406.25,-36.11891
3241326562.5,-36.11867
3241326718.75,-36.11266
3241326875.0,-36.12568
3241327031.25,-36.11981
3241327187.5,-36.11127
3241327343.75,-36.1236
3241327500.0,-36.1192
3241327656.25,-36.11957
3241327812.5,-36.1117
3241327968.75,-36.11241
3241328125.0,-36.1111
3241328281.25,-36.10976
3241328437.5,-36.11407
3241328593.75,-36.11323
3241328750.0,-36.1032
3241328906.25,-36.10858
3241329062.5,-36.10562
3241329218.75,-36.10584
3241329375.0,-36.09862
3241329531.25,-36.10019
3241329687.5,-36.10368
3241329843.75,-36.10668
3241330000.0,-36.09357
3241330156.25,-36.09037
3241330312.5,-36.0979
3241330468.75,-36.08894
3241330625.0,-36.09288
3241330781.25,-36.10245
3241330937.5,-36.09615
3241331093.75,-36.09063
3241331250.0,-36.08767
3241331406.25,-36.0804
3241331562.5,-36.08871
3241331718.75,-36.09359
3241331875.0,-36.08989
3241332031.25,-36.08607
3241332187.5,-36.08631
3241332343.75,-36.08221
3241332500.0,-36.09034
3241332656.25,-36.07848
3241332812.5,-36.06912
3241332968.75,-36.07393
3241333125.0,-36.09177
3241333281.25,-36.08193
3241333437.5,-36.07455
3241333593.75,-36.07271
3241333750.0,-36.08963
3241333906.25,-36.08337
3241334062.5,-36.07658
3241334218.75,-36.05798
3241334375.0,-36.06337
3241334531.25,-36.0799
3241334687.5,-36.06832
3241334843.75,-36.06141
3241335000.0,-36.06253
3241335156.25,-36.06662
3241335312.5,-36.05899
3241335468.75,-36.05925
3241335625.0,-36.07572
3241335781.25,-36.05183
3241335937.5,-36.06009
3241336093.75,-36.06511
3241336250.0,-36.05336
3241336406.25,-36.06419
3241336562.5,-36.07008
3241336718.75,-36.05138
3241336875.0,-36.05828
3241337031.25,-36.05249
3241337187.5,-36.04644
3241337343.75,-36.06301
3241337500.0,-36.04743
3241337656.25,-36.06336
3241337812.5,-36.04658
3241337968.75,-36.04731
3241338125.0,-36.04319
3241338281.25,-36.03416
3241338437.5,-36.04689
3241338593.75,-36.04646
3241338750.0,-36.04483
3241338906.25,-36.04832
3241339062.5,-36.03542
3241339218.75,-36.03971
3241339375.0,-36.0476
3241339531.25,-36.03827
3241339687.5,-36.0332
3241339843.75,-36.03048
3241340000.0,-36.04807
3241340156.25,-36.03199
3241340312.5,-36.04235
3241340468.75,-36.0255
3241340625.0,-36.03239
3241340781.25,-36.01834
3241340937.5,-36.02062
3241341093.75,-36.03571
3241341250.0,-36.03904
3241341406.25,-36.02782
3241341562.5,-36.03519
3241341718.75,-36.01591
3241341875.0,-36.02294
3241342031.25,-36.02916
3241342187.5,-36.01624
3241342343.75,-36.03123
3241342500.0,-36.01735
3241342656.25,-36.02712
3241342812.5,-36.02141
3241342968.75,-36.0137
3241343125.0,-36.02078
3241343281.25,-36.0191
3241343437.5,-36.01181
3241343593.75,-36.01155
3241343750.0,-36.01401
3241343906.25,-36.02416
3241344062.5,-36.01114
3241344218.75,-36.01394
3241344375.0,-36.00766
3241344531.25,-36.001
3241344687.5,-36.00415
3241344843.75,-36.00787
3241345000.0,-36.00597
3241345156.25,-36.00474
3241345312.5,-35.99488
3241345468.75,-36.00864
3241345625.0,-36.00549
3241345781.25,-35.99318
3241345937.5,-35.99978
3241346093.75,-35.99032
3241346250.0,-35.9905
3241346406.25,-35.99051
3241346562.5,-35.99857
3241346718.75,-35.9906
3241346875.0,-35.98159
3241347031.25,-35.999
3241347187.5,-35.98127
3241347343.75,-35.98574
3241347500.0,-35.99012
3241347656.25,-35.99305
3241347812.5,-35.99393
3241347968.75,-35.99003
3241348125.0,-35.99383
3241348281.25,-35.9823
3241348437.5,-35.98917
3241348593.75,-35.97976
3241348750.0,-35.98568
3241348906.25,-35.97262
3241349062.5,-35.98265
3241349218.75,-35.96931
3241349375.0,-35.96861
3241349531.25,-35.97837
3241349687.5,-35.96622
3241349843.75,-35.98027
3241350000.0,-35.9649
3241350156.25,-35.97131
3241350312.5,-35.98257
3241350468.75,-35.96584
3241350625.0,-35.96111
3241350781.25,-35.97676
3241350937.5,-35.95676
3241351093.75,-35.96643
3241351250.0,-35.96891
3241351406.25,-35.96366
3241351562.5,-35.97999
3241351718.75,-35.95571
3241351875.0,-35.96423
3241352031.25,-35.94962
3241352187.5,-35.9616
3241352343.75,-35.96027
3241352500.0,-35.9605
3241352656.25,-35.96012
3241352812.5,-35.94707
3241352968.75,-35.95059
3241353125.0,-35.96058
3241353281.25,-35.95158
3241353437.5,-35.948
3241353593.75,-35.94432
3241353750.0,-35.9411
3241353906.25,-35.94014
3241354062.5,-35.95438
3241354218.75,-35.94511
3241354375.0,-35.93828
3241354531.25,-35.95088
3241354687.5,-35.94228
3241354843.75,-35.93412
3241355000.0,-35.93665
3241355156.25,-35.94165
3241355312.5,-35.93414
3241355468.75,-35.93962
3241355625.0,-35.93427
3241355781.25,-35.94515
3241355937.5,-35.93029
3241356093.75,-35.94201
3241356250.0,-35.93636
3241356406.25,-35.92765
3241356562.5,-35.92731
3241356718.75,-35.92879
3241356875.0,-35.93103
3241357031.25,-35.93197
3241357187.5,-35.93923
3241357343.75,-35.92047
3241357500.0,-35.92754
3241357656.25,-35.93054
3241357812.5,-35.92514
3241357968.75,-35.9199
3241358125.0,-35.92258
3241358281.25,-35.92442
3241358437.5,-35.90978
3241358593.75,-35.90746
3241358750.0,-35.92254
3241358906.25,-35.91676
3241359062.5,-35.92475
3241359218.75,-35.91954
3241359375.0,-35.91063
3241359531.25,-35.90278
3241359687.5,-35.90794
3241359843.75,-35.89445
3241360000.0,-35.91996
3241360156.25,-35.91035
3241360312.5,-35.90565
3241360468.75,-35.90965
3241360625.0,-35.91318
3241360781.25,-35.89705
3241360937.5,-35.9076
3241361093.75,-35.90235
3241361250.0,-35.911
3241361406.25,-35.89758
3241361562.5,-35.90084
3241361718.75,-35.90065
3241361875.0,-35.90371
3241362031.25,-35.90417
3241362187.5,-35.89647
3241362343.75,-35.88745
3241362500.0,-35.90573
3241362656.25,-35.89109
3241362812.5,-35.89151
3241362968.75,-35.88271
3241363125.0,-35.8947
3241363281.25,-35.889
3241363437.5,-35.89124
3241363593.75,-35.88958
3241363750.0,-35.87692
3241363906.25,-35.88705
3241364062.5,-35.87966
3241364218.75,-35.888
3241364375.0,-35.8951
3241364531.25,-35.8834
3241364687.5,-35.88041
3241364843.75,-35.8784
3241365000.0,-35.88262
3241365156.25,-35.8646
3241365312.5,-35.87873
3241365468.75,-35.87269
3241365625.0,-35.88034
3241365781.25,-35.87195
3241365937.5,-35.86976
3241366093.75,-35.86046
3241366250.0,-35.87676
3241366406.25,-35.87121
3241366562.5,-35.87189
3241366718.75,-35.85945
3241366875.0,-35.87128
3241367031.25,-35.85772
3241367187.5,-35.86026
3241367343.75,-35.85868
3241367500.0,-35.85058
3241367656.25,-35.87032
3241367812.5,-35.86374
3241367968.75,-35.85598
3241368125.0,-35.84604
3241368281.25,-35.86382
3241368437.5,-35.85067
3241368593.75,-35.85776
3241368750.0,-35.85527
3241368906.25,-35.85734
3241369062.5,-35.8461
3241369218.75,-35.85468
3241369375.0,-35.84896
3241369531.25,-35.85569
3241369687.5,-35.84909
3241369843.75,-35.83992
3241370000.0,-35.84753
3241370156.25,-35.84758
3241370312.5,-35.84628
3241370468.75,-35.83041
3241370625.0,-35.84455
3241370781.25,-35.82352
3241370937.5,-35.83409
3241371093.75,-35.84525
3241371250.0,-35.82911
3241371406.25,-35.82332
3241371562.5,-35.83587
3241371718.75,-35.81994
3241371875.0,-35.83274
3241372031.25,-35.8385
3241372187.5,-35.82712
3241372343.75,-35.82204
3241372500.0,-35.82867
3241372656.25,-35.82193
3241372812.5,-35.83849
3241372968.75,-35.809
3241373125.0,-35.8335
3241373281.25,-35.82027
3241373437.5,-35.82632
3241373593.75,-35.81823
3241373750.0,-35.82158
3241373906.25,-35.81168
3241374062.5,-35.82103
3241374218.75,-35.81632
3241374375.0,-35.8174
3241374531.25,-35.81144
3241374687.5,-35.83133
3241374843.75,-35.82156
3241375000.0,-35.81342
3241375156.25,-35.8191
3241375312.5,-35.79853
3241375468.75,-35.80068
3241375625.0,-35.80539
3241375781.25,-35.81
3241375937.5,-35.80861
3241376093.75,-35.79698
3241376250.0,-35.80791
3241376406.25,-35.81388
3241376562.5,-35.79884
3241376718.75,-35.81515
3241376875.0,-35.805
3241377031.25,-35.80072
3241377187.5,-35.79858
3241377343.75,-35.80287
3241377500.0,-35.8
3241377656.25,-35.79344
3241377812.5,-35.79345
3241377968.75,-35.7915
3241378125.0,-35.79524
3241378281.25,-35.7934
3241378437.5,-35.78439
3241378593.75,-35.79185
3241378750.0,-35.79287
3241378906.25,-35.77814
3241379062.5,-35.79541
3241379218.75,-35.79156
3241379375.0,-35.78401
3241379531.25,-35.77076
3241379687.5,-35.78449
3241379843.75,-35.77064
3241380000.0,-35.77991
3241380156.25,-35.79052
3241380312.5,-35.77465
3241380468.75,-35.76652
3241380625.0,-35.76818
3241380781.25,-35.77135
3241380937.5,-35.7713
3241381093.75,-35.77213
3241381250.0,-35.77095
3241381406.25,-35.77059
3241381562.5,-35.77288
3241381718.75,-35.76887
3241381875.0,-35.77057
3241382031.25,-35.77509
3241382187.5,-35.77432
3241382343.75,-35.76872
3241382500.0,-35.76808
3241382656.25,-35.77011
3241382812.5,-35.76854
3241382968.75,-35.75362
3241383125.0,-35.76126
3241383281.25,-35.75879
3241383437.5,-35.76639
3241383593.75,-35.76093
3241383750.0,-35.75808
3241383906.25,-35.76334
3241384062.5,-35.76479
3241384218.75,-35.74177
3241384375.0,-35.75874
3241384531.25,-35.75381
3241384687.5,-35.74717
3241384843.75,-35.74813
3241385000.0,-35.74656
3241385156.25,-35.75043
3241385312.5,-35.74297
3241385468.75,-35.75004
3241385625.0,-35.73602
3241385781.25,-35.74748
3241385937.5,-35.74445
3241386093.75,-35.74561
3241386250.0,-35.75363
3241386406.25,-35.72651
3241386562.5,-35.73668
3241386718.75,-35.72657
3241386875.0,-35.7334
3241387031.25,-35.72876
3241387187.5,-35.7274
3241387343.75,-35.7351
3241387500.0,-35.73982
3241387656.25,-35.73673
3241387812.5,-35.72206
3241387968.75,-35.7311
3241388125.0,-35.73077
3241388281.25,-35.7164
3241388437.5,-35.7258
3241388593.75,-35.71725
3241388750.0,-35.72615
3241388906.25,-35.72302
3241389062.5,-35.70279
3241389218.75,-35.72237
3241389375.0,-35.71947
3241389531.25,-35.69953
3241389687.5,-35.71328
3241389843.75,-35.70356
3241390000.0,-35.71666
3241390156.25,-35.71105
3241390312.5,-35.7187
3241390468.75,-35.70919
3241390625.0,-35.70834
3241390781.25,-35.71222
3241390937.5,-35.70773
3241391093.75,-35.70842
3241391250.0,-35.70664
3241391406.25,-35.69965
3241391562.5,-35.71392
3241391718.75,-35.70357
3241391875.0,-35.69856
3241392031.25,-35.68939
3241392187.5,-35.69289
3241392343.75,-35.69241
3241392500.0,-35.70135
3241392656.25,-35.69461
3241392812.5,-35.69359
3241392968.75,-35.70646
3241393125.0,-35.69689
3241393281.25,-35.70275
3241393437.5,-35.68852
3241393593.75,-35.69556
3241393750.0,-35.68203
3241393906.25,-35.69053
3241394062.5,-35.69515
3241394218.75,-35.68602
3241394375.0,-35.68161
3241394531.25,-35.68214
3241394687.5,-35.69736
3241394843.75,-35.69872
3241395000.0,-35.6802
3241395156.25,-35.68935
3241395312.5,-35.68218
3241395468.75,-35.6841
3241395625.0,-35.68018
3241395781.25,-35.67953
3241395937.5,-35.67171
3241396093.75,-35.66772
3241396250.0,-35.67812
3241396406.25,-35.6769
3241396562.5,-35.66808
3241396718.75,-35.66885
3241396875.0,-35.67106
3241397031.25,-35.66697
3241397187.5,-35.66487
3241397343.75,-35.66409
3241397500.0,-35.67745
3241397656.25,-35.67777
3241397812.5,-35.66714
3241397968.75,-35.65899
3241398125.0,-35.65524
3241398281.25,-35.66771
3241398437.5,-35.65835
3241398593.75,-35.64758
3241398750.0,-35.65335
3241398906.25,-35.65636
3241399062.5,-35.6523
3241399218.75,-35.6601
3241399375.0,-35.65831
3241399531.25,-35.64999
3241399687.5,-35.64711
3241399843.75,-35.65276
3241400000.0,-35.64061
3241400156.25,-35.64825
3241400312.5,-35.65344
3241400468.75,-35.64955
3241400625.0,-35.6482
3241400781.25,-35.64295
3241400937.5,-35.64323
3241401093.75,-35.64473
3241401250.0,-35.63908
3241401406.25,-35.63781
3241401562.5,-35.63713
3241401718.75,-35.63757
3241401875.0,-35.64399
3241402031.25,-35.63316
3241402187.5,-35.62616
3241402343.75,-35.63556
3241402500.0,-35.63268
3241402656.25,-35.62836
3241402812.5,-35.62898
3241402968.75,-35.62404
3241403125.0,-35.62546
3241403281.25,-35.62358
3241403437.5,-35.60627
3241403593.75,-35.62793
3241403750.0,-35.61552
3241403906.25,-35.63629
3241404062.5,-35.63195
3241404218.75,-35.6278
3241404375.0,-35.61049
3241404531.25,-35.62651
3241404687.5,-35.62786
3241404843.75,-35.61511
3241405000.0,-35.60748
3241405156.25,-35.61269
3241405312.5,-35.6162
3241405468.75,-35.61663
3241405625.0,-35.60951
3241405781.25,-35.61193
3241405937.5,-35.61333
3241406093.75,-35.60768
3241406250.0,-35.60995
3241406406.25,-35.60846
3241406562.5,-35.60869
3241406718.75,-35.61393
3241406875.0,-35.60466
3241407031.25,-35.59687
3241407187.5,-35.59589
3241407343.75,-35.61221
3241407500.0,-35.60661
3241407656.25,-35.60905
3241407812.5,-35.60249
3241407968.75,-35.59
3241408125.0,-35.59274
3241408281.25,-35.59662
3241408437.5,-35.59764
3241408593.75,-35.60552
3241408750.0,-35.60695
3241408906.25,-35.59076
3241409062.5,-35.58953
3241409218.75,-35.58778
3241409375.0,-35.5887
3241409531.25,-35.58297
3241409687.5,-35.58746
3241409843.75,-35.57283
3241410000.0,-35.59242
3241410156.25,-35.58223
3241410312.5,-35.56979
3241410468.75,-35.57527
3241410625.0,-35.5758
3241410781.25,-35.5822
3241410937.5,-35.58334
3241411093.75,-35.58885
3241411250.0,-35.56724
3241411406.25,-35.56702
3241411562.5,-35.5797
3241411718.75,-35.58175
3241411875.0,-35.56309
3241412031.25,-35.58067
3241412187.5,-35.57641
3241412343.75,-35.56173
3241412500.0,-35.56441
3241412656.25,-35.56112
3241412812.5,-35.56924
3241412968.75,-35.56088
3241413125.0,-35.55967
3241413281.25,-35.56188
3241413437.5,-35.56505
3241413593.75,-35.5551
3241413750.0,-35.55883
3241413906.25,-35.55215
3241414062.5,-35.56289
3241414218.75,-35.56098
3241414375.0,-35.55398
3241414531.25,-35.54503
3241414687.5,-35.54929
3241414843.75,-35.54958
3241415000.0,-35.556
3241415156.25,-35.54998
3241415312.5,-35.54999
3241415468.75,-35.54593
3241415625.0,-35.54335
3241415781.25,-35.54949
3241415937.5,-35.53789
3241416093.75,-35.54305
3241416250.0,-35.54543
3241416406.25,-35.53919
3241416562.5,-35.54727
3241416718.75,-35.54567
3241416875.0,-35.54186
3241417031.25,-35.54153
3241417187.5,-35.54013
3241417343.75,-35.53922
3241417500.0,-35.53618
3241417656.25,-35.53069
3241417812.5,-35.53109
3241417968.75,-35.52943
3241418125.0,-35.52339
3241418281.25,-35.53033
3241418437.5,-35.52692
3241418593.75,-35.53112
3241418750.0,-35.53573
3241418906.25,-35.52451
3241419062.5,-35.51741
3241419218.75,-35.51376
3241419375.0,-35.51883
3241419531.25,-35.51985
3241419687.5,-35.51498
3241419843.75,-35.52057
3241420000.0,-35.51212
3241420156.25,-35.51523
3241420312.5,-35.5076
3241420468.75,-35.52247
3241420625.0,-35.50445
3241420781.25,-35.51648
3241420937.5,-35.51883
3241421093.75,-35.50938
3241421250.0,-35.50532
3241421406.25,-35.51556
3241421562.5,-35.5058
3241421718.75,-35.50952
3241421875.0,-35.50932
3241422031.25,-35.49849
3241422187.5,-35.49874
3241422343.75,-35.49647
3241422500.0,-35.50591
3241422656.25,-35.50322
3241422812.5,-35.50852
3241422968.75,-35.49102
3241423125.0,-35.49258
3241423281.25,-35.50289
3241423437.5,-35.49858
3241423593.75,-35.48579
3241423750.0,-35.49261
3241423906.25,-35.48633
3241424062.5,-35.47952
3241424218.75,-35.49376
3241424375.0,-35.49078
3241424531.25,-35.48539
3241424687.5,-35.48898
3241424843.75,-35.48679
3241425000.0,-35.47898
3241425156.25,-35.47408
3241425312.5,-35.48763
3241425468.75,-35.48637
3241425625.0,-35.48135
3241425781.25,-35.48015
3241425937.5,-35.4813
3241426093.75,-35.47888
3241426250.0,-35.47831
3241426406.25,-35.47477
3241426562.5,-35.47402
3241426718.75,-35.47258
3241426875.0,-35.46606
3241427031.25,-35.47348
3241427187.5,-35.47496
3241427343.75,-35.46673
3241427500.0,-35.46012
3241427656.25,-35.45798
3241427812.5,-35.47111
3241427968.75,-35.45867
3241428125.0,-35.46449
3241428281.25,-35.46034
3241428437.5,-35.46865
3241428593.75,-35.46349
3241428750.0,-35.45989
3241428906.25,-35.45501
3241429062.5,-35.45936
3241429218.75,-35.45455
3241429375.0,-35.45942
3241429531.25,-35.44732
3241429687.5,-35.45279
3241429843.75,-35.44677
3241430000.0,-35.44733
3241430156.25,-35.4428
3241430312.5,-35.45487
3241430468.75,-35.44029
3241430625.0,-35.44738
3241430781.25,-35.44193
3241430937.5,-35.44261
3241431093.75,-35.44065
3241431250.0,-35.44331
3241431406.25,-35.43996
3241431562.5,-35.44085
3241431718.75,-35.4305
3241431875.0,-35.43725
3241432031.25,-35.43363
3241432187.5,-35.44196
3241432343.75,-35.42969
3241432500.0,-35.44119
3241432656.25,-35.44172
3241432812.5,-35.43314
3241432968.75,-35.4315
3241433125.0,-35.42878
3241433281.25,-35.42922
3241433437.5,-35.42446
3241433593.75,-35.42495
3241433750.0,-35.43226
3241433906.25,-35.41433
3241434062.5,-35.42629
3241434218.75,-35.41545
3241434375.0,-35.42509
3241434531.25,-35.41167
3241434687.5,-35.41685
3241434843.75,-35.40796
3241435000.0,-35.41297
3241435156.25,-35.4154
3241435312.5,-35.40985
3241435468.75,-35.41277
3241435625.0,-35.40923
3241435781.25,-35.42796
3241435937.5,-35.41354
3241436093.75,-35.40985
3241436250.0,-35.4197
3241436406.25,-35.40886
3241436562.5,-35.40825
3241436718.75,-35.41229
3241436875.0,-35.40726
3241437031.25,-35.39677
3241437187.5,-35.39827
3241437343.75,-35.39765
3241437500.0,-35.40156
3241437656.25,-35.39671
3241437812.5,-35.39273
3241437968.75,-35.4
3241438125.0,-35.40215
3241438281.25,-35.38974
3241438437.5,-35.39276
3241438593.75,-35.38588
3241438750.0,-35.39116
3241438906.25,-35.39353
3241439062.5,-35.39179
3241439218.75,-35.38272
3241439375.0,-35.38536
3241439531.25,-35.39767
3241439687.5,-35.38271
3241439843.75,-35.37797
3241440000.0,-35.37771
3241440156.25,-35.3833
3241440312.5,-35.37955
3241440468.75,-35.37569
3241440625.0,-35.36955
3241440781.25,-35.36908
3241440937.5,-35.37543
3241441093.75,-35.36719
3241441250.0,-35.37609
3241441406.25,-35.36148
3241441562.5,-35.37029
3241441718.75,-35.3683
3241441875.0,-35.37709
3241442031.25,-35.37852
3241442187.5,-35.3776
3241442343.75,-35.37038
3241442500.0,-35.36991
3241442656.25,-35.37294
3241442812.5,-35.36218
3241442968.75,-35.3702
3241443125.0,-35.36149
3241443281.25,-35.35379
3241443437.5,-35.35239
3241443593.75,-35.35507
3241443750.0,-35.36028
3241443906.25,-35.3592
3241444062.5,-35.3631
3241444218.75,-35.35446
3241444375.0,-35.35904
3241444531.25,-35.34693
3241444687.5,-35.351
3241444843.75,-35.34672
3241445000.0,-35.34732
3241445156.25,-35.34638
3241445312.5,-35.34696
3241445468.75,-35.35266
3241445625.0,-35.34154
3241445781.25,-35.34731
3241445937.5,-35.34435
3241446093.75,-35.34373
3241446250.0,-35.33538
3241446406.25,-35.34135
3241446562.5,-35.33271
3241446718.75,-35.33761
3241446875.0,-35.34067
3241447031.25,-35.32775
3241447187.5,-35.33894
3241447343.75,-35.33859
3241447500.0,-35.32541
3241447656.25,-35.34017
3241447812.5,-35.32554
3241447968.75,-35.32383
3241448125.0,-35.32832
3241448281.25,-35.33778
3241448437.5,-35.31897
3241448593.75,-35.32458
3241448750.0,-35.32468
3241448906.25,-35.315
3241449062.5,-35.31395
3241449218.75,-35.31918
3241449375.0,-35.31791
3241449531.25,-35.3032
3241449687.5,-35.31431
3241449843.75,-35.32197
3241450000.0,-35.31003
3241450156.25,-35.30259
3241450312.5,-35.30775
3241450468.75,-35.31339
3241450625.0,-35.29608
3241450781.25,-35.30159
3241450937.5,-35.30816
3241451093.75,-35.29634
3241451250.0,-35.31198
3241451406.25,-35.31321
3241451562.5,-35.30722
3241451718.75,-35.30454
3241451875.0,-35.30252
3241452031.25,-35.29765
3241452187.5,-35.29587
3241452343.75,-35.30727
3241452500.0,-35.29399
3241452656.25,-35.29939
3241452812.5,-35.29823
3241452968.75,-35.29251
3241453125.0,-35.30114
3241453281.25,-35.29209
3241453437.5,-35.30279
3241453593.75,-35.28387
3241453750.0,-35.29023
3241453906.25,-35.2793
3241454062.5,-35.29708
3241454218.75,-35.29075
3241454375.0,-35.28929
3241454531.25,-35.28196
3241454687.5,-35.28346
3241454843.75,-35.28398
3241455000.0,-35.28638
3241455156.25,-35.27687
3241455312.5,-35.28449
3241455468.75,-35.28051
3241455625.0,-35.27327
3241455781.25,-35.27999
3241455937.5,-35.26845
3241456093.75,-35.273
3241456250.0,-35.2722
3241456406.25,-35.26885
3241456562.5,-35.26507
3241456718.75,-35.2697
3241456875.0,-35.27152
3241457031.25,-35.26954
3241457187.5,-35.2607
3241457343.75,-35.26935
3241457500.0,-35.26839
3241457656.25,-35.26066
3241457812.5,-35.26126
3241457968.75,-35.26857
3241458125.0,-35.26112
3241458281.25,-35.25174
3241458437.5,-35.26019
3241458593.75,-35.26069
3241458750.0,-35.26221
3241458906.25,-35.25341
3241459062.5,-35.25756
3241459218.75,-35.25816
3241459375.0,-35.24202
3241459531.25,-35.24673
3241459687.5,-35.25101
3241459843.75,-35.24919
3241460000.0,-35.25394
3241460156.25,-35.25357
3241460312.5,-35.24667
3241460468.75,-35.2388
3241460625.0,-35.24683
3241460781.25,-35.24421
3241460937.5,-35.23502
3241461093.75,-35.23697
3241461250.0,-35.24646
3241461406.25,-35.24322
3241461562.5,-35.23648
3241461718.75,-35.22855
3241461875.0,-35.23936
3241462031.25,-35.23575
3241462187.5,-35.22669
3241462343.75,-35.23917
3241462500.0,-35.22076
3241462656.25,-35.23203
3241462812.5,-35.22985
3241462968.75,-35.21669
3241463125.0,-35.23208
3241463281.25,-35.21525
3241463437.5,-35.23051
3241463593.75,-35.21894
3241463750.0,-35.22029
3241463906.25,-35.20965
3241464062.5,-35.22242
3241464218.75,-35.21095
3241464375.0,-35.19998
3241464531.25,-35.22186
3241464687.5,-35.21148
3241464843.75,-35.21075
3241465000.0,-35.20984
3241465156.25,-35.20641
3241465312.5,-35.21001
3241465468.75,-35.21155
3241465625.0,-35.21212
3241465781.25,-35.21547
3241465937.5,-35.2129
3241466093.75,-35.20069
3241466250.0,-35.1955
3241466406.25,-35.20554
3241466562.5,-35.20004
3241466718.75,-35.19418
3241466875.0,-35.20613
3241467031.25,-35.19608
3241467187.5,-35.18943
3241467343.75,-35.19897
3241467500.0,-35.19148
3241467656.25,-35.19424
3241467812.5,-35.19505
3241467968.75,-35.1982
3241468125.0,-35.1986
3241468281.25,-35.19545
3241468437.5,-35.1849
3241468593.75,-35.18152
3241468750.0,-35.19003
3241468906.25,-35.18762
3241469062.5,-35.18604
3241469218.75,-35.16965
3241469375.0,-35.19251
3241469531.25,-35.17408
3241469687.5,-35.1706
3241469843.75,-35.18322
3241470000.0,-35.17001
3241470156.25,-35.17117
3241470312.5,-35.17296
3241470468.75,-35.18348
3241470625.0,-35.17152
3241470781.25,-35.17363
3241470937.5,-35.17312
3241471093.75,-35.17656
3241471250.0,-35.16913
3241471406.25,-35.17031
3241471562.5,-35.17533
3241471718.75,-35.16118
3241471875.0,-35.16782
3241472031.25,-35.16805
3241472187.5,-35.16335
3241472343.75,-35.16885
3241472500.0,-35.15172
3241472656.25,-35.16182
3241472812.5,-35.15565
3241472968.75,-35.15741
3241473125.0,-35.14548
3241473281.25,-35.15394
3241473437.5,-35.14797
3241473593.75,-35.14861
3241473750.0,-35.15352
3241473906.25,-35.1571
3241474062.5,-35.15315
3241474218.75,-35.14956
3241474375.0,-35.14969
3241474531.25,-35.146
3241474687.5,-35.13615
3241474843.75,-35.14554
3241475000.0,-35.13456
3241475156.25,-35.14285
3241475312.5,-35.14191
3241475468.75,-35.14206
3241475625.0,-35.13269
3241475781.25,-35.13972
3241475937.5,-35.13869
3241476093.75,-35.1374
3241476250.0,-35.12642
3241476406.25,-35.1282
3241476562.5,-35.13314
3241476718.75,-35.13389
3241476875.0,-35.12945
3241477031.25,-35.13045
3241477187.5,-35.12677
3241477343.75,-35.1274
3241477500.0,-35.12299
3241477656.25,-35.12527
3241477812.5,-35.11509
3241477968.75,-35.12712
3241478125.0,-35.12493
3241478281.25,-35.11837
3241478437.5,-35.12796
3241478593.75,-35.11006
3241478750.0,-35.10844
3241478906.25,-35.11844
3241479062.5,-35.11685
3241479218.75,-35.11479
3241479375.0,-35.10592
3241479531.25,-35.11489
3241479687.5,-35.10158
3241479843.75,-35.10448
3241480000.0,-35.10416
3241480156.25,-35.09906
3241480312.5,-35.10345
3241480468.75,-35.09883
3241480625.0,-35.10097
3241480781.25,-35.10775
3241480937.5,-35.0971
3241481093.75,-35.10597
3241481250.0,-35.10011
3241481406.25,-35.0988
3241481562.5,-35.09977
3241481718.75,-35.09632
3241481875.0,-35.08532
3241482031.25,-35.09094
3241482187.5,-35.09103
3241482343.75,-35.08378
3241482500.0,-35.09318
3241482656.25,-35.08468
3241482812.5,-35.08546
3241482968.75,-35.08004
3241483125.0,-35.0825
3241483281.25,-35.07573
3241483437.5,-35.08438
3241483593.75,-35.08514
3241483750.0,-35.0875
3241483906.25,-35.07986
3241484062.5,-35.078
3241484218.75,-35.07767
3241484375.0,-35.0802
3241484531.25,-35.0768
3241484687.5,-35.08224
3241484843.75,-35.07127
3241485000.0,-35.07224
3241485156.25,-35.07326
3241485312.5,-35.07403
3241485468.75,-35.07249
3241485625.0,-35.0627
3241485781.25,-35.06176
3241485937.5,-35.06246
3241486093.75,-35.06227
3241486250.0,-35.0711
3241486406.25,-35.06107
3241486562.5,-35.06098
3241486718.75,-35.06391
3241486875.0,-35.05788
3241487031.25,-35.0643
3241487187.5,-35.06398
3241487343.75,-35.0599
3241487500.0,-35.04977
3241487656.25,-35.06342
3241487812.5,-35.05564
3241487968.75,-35.05743
3241488125.0,-35.05082
3241488281.25,-35.04389
3241488437.5,-35.05272
3241488593.75,-35.0434
3241488750.0,-35.03722
3241488906.25,-35.03977
3241489062.5,-35.03561
3241489218.75,-35.04656
3241489375.0,-35.05044
3241489531.25,-35.03667
3241489687.5,-35.035
3241489843.75,-35.03202
3241490000.0,-35.04389
3241490156.25,-35.02728
3241490312.5,-35.02394
3241490468.75,-35.03476
3241490625.0,-35.02973
3241490781.25,-35.02855
3241490937.5,-35.0319
3241491093.75,-35.03263
3241491250.0,-35.03
3241491406.25,-35.02421
3241491562.5,-35.01846
3241491718.75,-35.02953
3241491875.0,-35.02979
3241492031.25,-35.02048
3241492187.5,-35.0203
3241492343.75,-35.02095
3241492500.0,-35.02235
3241492656.25,-35.01685
3241492812.5,-35.00433
3241492968.75,-35.01548
3241493125.0,-35.02057
3241493281.25,-35.01803
3241493437.5,-35.01359
3241493593.75,-35.01888
3241493750.0,-35.00827
3241493906.25,-35.02017
3241494062.5,-35.00397
3241494218.75,-35.01517
3241494375.0,-34.99961
3241494531.25,-35.01921
3241494687.5,-34.99629
3241494843.75,-35.00595
3241495000.0,-35.00249
3241495156.25,-34.99891
3241495312.5,-35.01396
3241495468.75,-34.99269
3241495625.0,-34.98808
3241495781.25,-34.99537
3241495937.5,-34.99601
3241496093.75,-35.00172
3241496250.0,-34.99684
3241496406.25,-34.98706
3241496562.5,-34.98372
3241496718.75,-34.98411
3241496875.0,-34.98954
3241497031.25,-34.98362
3241497187.5,-34.99519
3241497343.75,-34.99274
3241497500.0,-34.98601
3241497656.25,-34.98089
3241497812.5,-34.98371
3241497968.75,-34.98467
3241498125.0,-34.98766
3241498281.25,-34.98087
3241498437.5,-34.97689
3241498593.75,-34.98523
3241498750.0,-34.97569
3241498906.25,-34.981
3241499062.5,-34.96791
3241499218.75,-34.96793
3241499375.0,-34.97218
3241499531.25,-34.96434
3241499687.5,-34.97861
3241499843.75,-34.97298
3241500000.0,-34.97443
3241500156.25,-34.97237
3241500312.5,-34.9627
3241500468.75,-34.95557
3241500625.0,-34.96181
3241500781.25,-34.95148
3241500937.5,-34.96738
3241501093.75,-34.95833
3241501250.0,-34.95686
3241501406.25,-34.96352
3241501562.5,-34.9579
3241501718.75,-34.95883
3241501875.0,-34.96026
3241502031.25,-34.94255
3241502187.5,-34.95227
3241502343.75,-34.9493
3241502500.0,-34.95018
3241502656.25,-34.94823
3241502812.5,-34.94408
3241502968.75,-34.94388
3241503125.0,-34.94751
3241503281.25,-34.94991
3241503437.5,-34.94443
3241503593.75,-34.94104
3241503750.0,-34.9464
3241503906.25,-34.93987
3241504062.5,-34.93304
3241504218.75,-34.94057
3241504375.0,-34.92832
3241504531.25,-34.9302
3241504687.5,-34.92816
3241504843.75,-34.93407
3241505000.0,-34.93349
3241505156.25,-34.92004
3241505312.5,-34.92631
3241505468.75,-34.93056
3241505625.0,-34.9273
3241505781.25,-34.93071
3241505937.5,-34.92366
3241506093.75,-34.91891
3241506250.0,-34.93127
3241506406.25,-34.91772
3241506562.5,-34.91414
3241506718.75,-34.92046
3241506875.0,-34.9227
3241507031.25,-34.91559
3241507187.5,-34.91973
3241507343.75,-34.90757
3241507500.0,-34.91963
3241507656.25,-34.90925
3241507812.5,-34.91136
3241507968.75,-34.91021
3241508125.0,-34.90563
3241508281.25,-34.90987
3241508437.5,-34.91885
3241508593.75,-34.90122
3241508750.0,-34.91318
3241508906.25,-34.89977
3241509062.5,-34.88801
3241509218.75,-34.90271
3241509375.0,-34.9034
3241509531.25,-34.89825
3241509687.5,-34.89116
3241509843.75,-34.89558
3241510000.0,-34.89908
3241510156.25,-34.89725
3241510312.5,-34.89482
3241510468.75,-34.89016
3241510625.0,-34.89165
3241510781.25,-34.8946
3241510937.5,-34.89066
3241511093.75,-34.88321
3241511250.0,-34.8853
3241511406.25,-34.87464
3241511562.5,-34.87961
3241511718.75,-34.88132
3241511875.0,-34.88662
3241512031.25,-34.88039
3241512187.5,-34.88112
3241512343.75,-34.87714
3241512500.0,-34.87711
3241512656.25,-34.88602
3241512812.5,-34.88523
3241512968.75,-34.86888
3241513125.0,-34.86292
3241513281.25,-34.87338
3241513437.5,-34.86971
3241513593.75,-34.86457
3241513750.0,-34.86812
3241513906.25,-34.87381
3241514062.5,-34.87177
3241514218.75,-34.86691
3241514375.0,-34.86189
3241514531.25,-34.86713
3241514687.5,-34.86654
3241514843.75,-34.86221
3241515000.0,-34.85241
3241515156.25,-34.85516
3241515312.5,-34.84914
3241515468.75,-34.85684
3241515625.0,-34.84982
3241515781.25,-34.84687
3241515937.5,-34.85998
3241516093.75,-34.84772
3241516250.0,-34.84779
3241516406.25,-34.85158
3241516562.5,-34.85793
3241516718.75,-34.85869
3241516875.0,-34.84739
3241517031.25,-34.85135
3241517187.5,-34.84937
3241517343.75,-34.84839
3241517500.0,-34.84691
3241517656.25,-34.84
3241517812.5,-34.83904
3241517968.75,-34.83825
3241518125.0,-34.83884
3241518281.25,-34.82718
3241518437.5,-34.84134
3241518593.75,-34.83979
3241518750.0,-34.82907
3241518906.25,-34.84358
3241519062.5,-34.82652
3241519218.75,-34.8271
3241519375.0,-34.82803
3241519531.25,-34.82121
3241519687.5,-34.81904
3241519843.75,-34.82302
3241520000.0,-34.82838
3241520156.25,-34.81892
3241520312.5,-34.82521
3241520468.75,-34.81623
3241520625.0,-34.81525
3241520781.25,-34.81328
3241520937.5,-34.82282
3241521093.75,-34.81013
3241521250.0,-34.82492
3241521406.25,-34.80905
3241521562.5,-34.82228
3241521718.75,-34.81406
3241521875.0,-34.80644
3241522031.25,-34.81075
3241522187.5,-34.81508
3241522343.75,-34.79473
3241522500.0,-34.8037
3241522656.25,-34.80068
3241522812.5,-34.81059
3241522968.75,-34.80327
3241523125.0,-34.80338
3241523281.25,-34.80139
3241523437.5,-34.79605
3241523593.75,-34.79223
3241523750.0,-34.79373
3241523906.25,-34.79078
3241524062.5,-34.79539
3241524218.75,-34.7917
3241524375.0,-34.78089
3241524531.25,-34.79313
3241524687.5,-34.7883
3241524843.75,-34.79431
3241525000.0,-34.78814
3241525156.25,-34.79026
3241525312.5,-34.79544
3241525468.75,-34.77941
3241525625.0,-34.78465
3241525781.25,-34.78593
3241525937.5,-34.78376
3241526093.75,-34.78024
3241526250.0,-34.76997
3241526406.25,-34.77531
3241526562.5,-34.77217
3241526718.75,-34.79572
3241526875.0,-34.77084
3241527031.25,-34.77167
3241527187.5,-34.77568
3241527343.75,-34.76668
3241527500.0,-34.76684
3241527656.25,-34.76796
3241527812.5,-34.76672
3241527968.75,-34.76033
3241528125.0,-34.76421
3241528281.25,-34.76305
3241528437.5,-34.7674
3241528593.75,-34.76324
3241528750.0,-34.76617
3241528906.25,-34.76501
3241529062.5,-34.7632
3241529218.75,-34.7607
3241529375.0,-34.75002
3241529531.25,-34.75728
3241529687.5,-34.75648
3241529843.75,-34.75624
3241530000.0,-34.74489
3241530156.25,-34.74344
3241530312.5,-34.7567
3241530468.75,-34.75462
3241530625.0,-34.75077
3241530781.25,-34.74924
3241530937.5,-34.7378
3241531093.75,-34.73904
3241531250.0,-34.74394
3241531406.25,-34.7324
3241531562.5,-34.73851
3241531718.75,-34.73838
3241531875.0,-34.73661
3241532031.25,-34.7328
3241532187.5,-34.73968
3241532343.75,-34.73103
3241532500.0,-34.72778
3241532656.25,-34.73392
3241532812.5,-34.73026
3241532968.75,-34.725
3241533125.0,-34.73161
3241533281.25,-34.71928
3241533437.5,-34.72495
3241533593.75,-34.72544
3241533750.0,-34.72022
3241533906.25,-34.71447
3241534062.5,-34.72047
3241534218.75,-34.72278
3241534375.0,-34.71492
3241534531.25,-34.72266
3241534687.5,-34.71465
3241534843.75,-34.71581
3241535000.0,-34.72053
3241535156.25,-34.7115
3241535312.5,-34.72223
3241535468.75,-34.71576
3241535625.0,-34.70366
3241535781.25,-34.71671
3241535937.5,-34.71071
3241536093.75,-34.70047
3241536250.0,-34.70081
3241536406.25,-34.70615
3241536562.5,-34.70397
3241536718.75,-34.69889
3241536875.0,-34.69162
3241537031.25,-34.69494
3241537187.5,-34.69933
3241537343.75,-34.69286
3241537500.0,-34.69044
3241537656.25,-34.70417
3241537812.5,-34.69
3241537968.75,-34.68925
3241538125.0,-34.6981
3241538281.25,-34.68512
3241538437.5,-34.68859
3241538593.75,-34.69361
3241538750.0,-34.68546
3241538906.25,-34.68603
3241539062.5,-34.6909
3241539218.75,-34.68935
3241539375.0,-34.68567
3241539531.25,-34.67759
3241539687.5,-34.67937
3241539843.75,-34.69186
3241540000.0,-34.68012
3241540156.25,-34.6759
3241540312.5,-34.67408
3241540468.75,-34.68027
3241540625.0,-34.674
3241540781.25,-34.66618
3241540937.5,-34.67172
3241541093.75,-34.67451
3241541250.0,-34.65499
3241541406.25,-34.66969
3241541562.5,-34.66931
3241541718.75,-34.6639
3241541875.0,-34.67179
3241542031.25,-34.67082
3241542187.5,-34.66595
3241542343.75,-34.66255
3241542500.0,-34.66138
3241542656.25,-34.65897
3241542812.5,-34.6643
3241542968.75,-34.65361
3241543125.0,-34.64872
3241543281.25,-34.66042
3241543437.5,-34.65122
3241543593.75,-34.64909
3241543750.0,-34.65521
3241543906.25,-34.65925
3241544062.5,-34.64735
3241544218.75,-34.64558
3241544375.0,-34.64957
3241544531.25,-34.6473
3241544687.5,-34.64727
3241544843.75,-34.64283
3241545000.0,-34.63554
3241545156.25,-34.64078
3241545312.5,-34.63818
3241545468.75,-34.64095
3241545625.0,-34.63536
3241545781.25,-34.63679
3241545937.5,-34.63163
3241546093.75,-34.63005
3241546250.0,-34.62854
3241546406.25,-34.63755
3241546562.5,-34.61809
3241546718.75,-34.62943
3241546875.0,-34.62762
3241547031.25,-34.6272
3241547187.5,-34.62673
3241547343.75,-34.61923
3241547500.0,-34.62105
3241547656.25,-34.61297
3241547812.5,-34.62136
3241547968.75,-34.62942
3241548125.0,-34.62749
3241548281.25,-34.61314
3241548437.5,-34.61593
3241548593.75,-34.6128
3241548750.0,-34.61353
3241548906.25,-34.62335
3241549062.5,-34.60961
3241549218.75,-34.61307
3241549375.0,-34.60984
3241549531.25,-34.61648
3241549687.5,-34.6044
3241549843.75,-34.60371
3241550000.0,-34.61321
3241550156.25,-34.59629
3241550312.5,-34.59907
3241550468.75,-34.59706
3241550625.0,-34.5959
3241550781.25,-34.6007
3241550937.5,-34.60359
3241551093.75,-34.60046
3241551250.0,-34.59609
3241551406.25,-34.59916
3241551562.5,-34.59389
3241551718.75,-34.59206
3241551875.0,-34.59327
3241552031.25,-34.58898
3241552187.5,-34.5821
3241552343.75,-34.59101
3241552500.0,-34.58809
3241552656.25,-34.57869
3241552812.5,-34.58224
3241552968.75,-34.58244
3241553125.0,-34.58693
3241553281.25,-34.582
3241553437.5,-34.58416
3241553593.75,-34.56418
3241553750.0,-34.57461
3241553906.25,-34.57225
3241554062.5,-34.57898
3241554218.75,-34.57453
3241554375.0,-34.57256
3241554531.25,-34.57516
3241554687.5,-34.56244
3241554843.75,-34.57473
3241555000.0,-34.57431
3241555156.25,-34.57544
3241555312.5,-34.56657
3241555468.75,-34.57338
3241555625.0,-34.56604
3241555781.25,-34.55904
3241555937.5,-34.56563
3241556093.75,-34.56372
3241556250.0,-34.56304
3241556406.25,-34.55593
3241556562.5,-34.55708
3241556718.75,-34.55267
3241556875.0,-34.556
3241557031.25,-34.55676
3241557187.5,-34.5524
3241557343.75,-34.54699
3241557500.0,-34.55045
3241557656.25,-34.55349
3241557812.5,-34.54633
3241557968.75,-34.53843
3241558125.0,-34.55151
3241558281.25,-34.53833
3241558437.5,-34.54981
3241558593.75,-34.5374
3241558750.0,-34.54079
3241558906.25,-34.54079
3241559062.5,-34.54056
3241559218.75,-34.53024
3241559375.0,-34.53425
3241559531.25,-34.5387
3241559687.5,-34.52259
3241559843.75,-34.53066
3241560000.0,-34.52973
3241560156.25,-34.53376
3241560312.5,-34.52859
3241560468.75,-34.5305
3241560625.0,-34.52037
3241560781.25,-34.52556
3241560937.5,-34.52359
3241561093.75,-34.5306
3241561250.0,-34.52722
3241561406.25,-34.5177
3241561562.5,-34.5094
3241561718.75,-34.51846
3241561875.0,-34.51928
3241562031.25,-34.52008
3241562187.5,-34.51549
3241562343.75,-34.5148
3241562500.0,-34.51331
3241562656.25,-34.505
3241562812.5,-34.50364
3241562968.75,-34.51172
3241563125.0,-34.50531
3241563281.25,-34.51023
3241563437.5,-34.50451
3241563593.75,-34.5037
3241563750.0,-34.50035
3241563906.25,-34.50309
3241564062.5,-34.50583
3241564218.75,-34.50396
3241564375.0,-34.5011
3241564531.25,-34.50269
3241564687.5,-34.49151
3241564843.75,-34.49664
3241565000.0,-34.49734
3241565156.25,-34.48815
3241565312.5,-34.49681
3241565468.75,-34.49019
3241565625.0,-34.49332
3241565781.25,-34.48772
3241565937.5,-34.49208
3241566093.75,-34.47768
3241566250.0,-34.49003
3241566406.25,-34.47995
3241566562.5,-34.47929
3241566718.75,-34.4791
3241566875.0,-34.48816
3241567031.25,-34.48062
3241567187.5,-34.47395
3241567343.75,-34.4745
3241567500.0,-34.47649
3241567656.25,-34.47889
3241567812.5,-34.46948
3241567968.75,-34.46973
3241568125.0,-34.47576
3241568281.25,-34.46778
3241568437.5,-34.47028
3241568593.75,-34.46103
3241568750.0,-34.46053
3241568906.25,-34.46088
3241569062.5,-34.46641
3241569218.75,-34.46255
3241569375.0,-34.46539
3241569531.25,-34.46032
3241569687.5,-34.46518
3241569843.75,-34.46307
3241570000.0,-34.45679
3241570156.25,-34.45641
3241570312.5,-34.45301
3241570468.75,-34.45244
3241570625.0,-34.45707
3241570781.25,-34.45596
3241570937.5,-34.44441
3241571093.75,-34.44814
3241571250.0,-34.44377
3241571406.25,-34.44566
3241571562.5,-34.44316
3241571718.75,-34.44738
3241571875.0,-34.4408
3241572031.25,-34.43575
3241572187.5,-34.43525
3241572343.75,-34.43866
3241572500.0,-34.43584
3241572656.25,-34.4352
3241572812.5,-34.4348
3241572968.75,-34.43756
3241573125.0,-34.43613
3241573281.25,-34.43563
3241573437.5,-34.42785
3241573593.75,-34.43065
3241573750.0,-34.43293
3241573906.25,-34.42344
3241574062.5,-34.42939
3241574218.75,-34.42714
3241574375.0,-34.41662
3241574531.25,-34.42655
3241574687.5,-34.4141
3241574843.75,-34.41591
3241575000.0,-34.41855
3241575156.25,-34.40952
3241575312.5,-34.41528
3241575468.75,-34.40814
3241575625.0,-34.41859
3241575781.25,-34.41734
3241575937.5,-34.41395
3241576093.75,-34.41386
3241576250.0,-34.39989
3241576406.25,-34.40257
3241576562.5,-34.4168
3241576718.75,-34.40017
3241576875.0,-34.40121
3241577031.25,-34.39961
3241577187.5,-34.40506
3241577343.75,-34.39789
3241577500.0,-34.39973
3241577656.25,-34.39383
3241577812.5,-34.39043
3241577968.75,-34.39542
3241578125.0,-34.39309
3241578281.25,-34.39101
3241578437.5,-34.39157
3241578593.75,-34.39837
3241578750.0,-34.39108
3241578906.25,-34.39167
3241579062.5,-34.38039
3241579218.75,-34.38437
3241579375.0,-34.3775
3241579531.25,-34.38242
3241579687.5,-34.38738
3241579843.75,-34.38161
3241580000.0,-34.37435
3241580156.25,-34.37584
3241580312.5,-34.38695
3241580468.75,-34.38451
3241580625.0,-34.37521
3241580781.25,-34.37816
3241580937.5,-34.36005
3241581093.75,-34.37464
3241581250.0,-34.36808
3241581406.25,-34.37749
3241581562.5,-34.36673
3241581718.75,-34.3746
3241581875.0,-34.37248
3241582031.25,-34.37778
3241582187.5,-34.37123
3241582343.75,-34.36496
3241582500.0,-34.35813
3241582656.25,-34.3639
3241582812.5,-34.36457
3241582968.75,-34.36353
3241583125.0,-34.34981
3241583281.25,-34.35199
3241583437.5,-34.35918
3241583593.75,-34.34663
3241583750.0,-34.34869
3241583906.25,-34.34693
3241584062.5,-34.35493
3241584218.75,-34.3549
3241584375.0,-34.35307
3241584531.25,-34.34922
3241584687.5,-34.35141
3241584843.75,-34.35018
3241585000.0,-34.33659
3241585156.25,-34.33981
3241585312.5,-34.34531
3241585468.75,-34.33541
3241585625.0,-34.33729
3241585781.25,-34.3324
3241585937.5,-34.33485
3241586093.75,-34.33419
3241586250.0,-34.34369
3241586406.25,-34.32503
3241586562.5,-34.33767
3241586718.75,-34.32524
3241586875.0,-34.32733
3241587031.25,-34.33273
3241587187.5,-34.32229
3241587343.75,-34.32649
3241587500.0,-34.3191
3241587656.25,-34.32517
3241587812.5,-34.32436
3241587968.75,-34.32872
3241588125.0,-34.32325
3241588281.25,-34.31834
3241588437.5,-34.31907
3241588593.75,-34.31153
3241588750.0,-34.31327
3241588906.25,-34.3171
3241589062.5,-34.3051
3241589218.75,-34.30954
3241589375.0,-34.32351
3241589531.25,-34.31471
3241589687.5,-34.31237
3241589843.75,-34.30931
3241590000.0,-34.30474
3241590156.25,-34.30842
3241590312.5,-34.29381
3241590468.75,-34.3022
3241590625.0,-34.30272
3241590781.25,-34.2976
3241590937.5,-34.29457
3241591093.75,-34.29655
3241591250.0,-34.29708
3241591406.25,-34.29565
3241591562.5,-34.2874
3241591718.75,-34.29356
3241591875.0,-34.27973
3241592031.25,-34.29519
3241592187.5,-34.28776
3241592343.75,-34.29515
3241592500.0,-34.2861
3241592656.25,-34.28005
3241592812.5,-34.27703
3241592968.75,-34.28196
3241593125.0,-34.29224
3241593281.25,-34.28195
3241593437.5,-34.2753
3241593593.75,-34.28553
3241593750.0,-34.27629
3241593906.25,-34.27202
3241594062.5,-34.27613
3241594218.75,-34.26976
3241594375.0,-34.27267
3241594531.25,-34.26527
3241594687.5,-34.26024
3241594843.75,-34.26155
3241595000.0,-34.2664
3241595156.25,-34.26997
3241595312.5,-34.26892
3241595468.75,-34.27036
3241595625.0,-34.26136
3241595781.25,-34.25764
3241595937.5,-34.26504
3241596093.75,-34.25752
3241596250.0,-34.25264
3241596406.25,-34.25616
3241596562.5,-34.25436
3241596718.75,-34.24096
3241596875.0,-34.24617
3241597031.25,-34.24894
3241597187.5,-34.25383
3241597343.75,-34.23686
3241597500.0,-34.24684
3241597656.25,-34.25783
3241597812.5,-34.24591
3241597968.75,-34.24302
3241598125.0,-34.24902
3241598281.25,-34.24106
3241598437.5,-34.23672
3241598593.75,-34.24202
3241598750.0,-34.23761
3241598906.25,-34.23213
3241599062.5,-34.2401
3241599218.75,-34.2341
3241599375.0,-34.2367
3241599531.25,-34.22971
3241599687.5,-34.22412
3241599843.75,-34.22243
3241600000.0,-34.22189
3241600156.25,-34.23328
3241600312.5,-34.22818
3241600468.75,-34.23073
3241600625.0,-34.22903
3241600781.25,-34.2183
3241600937.5,-34.2123
3241601093.75,-34.22028
3241601250.0,-34.22099
3241601406.25,-34.22155
3241601562.5,-34.21048
3241601718.75,-34.21114
3241601875.0,-34.20958
3241602031.25,-34.2103
3241602187.5,-34.21277
3241602343.75,-34.20464
3241602500.0,-34.21607
3241602656.25,-34.21779
3241602812.5,-34.20558
3241602968.75,-34.20174
3241603125.0,-34.2039
3241603281.25,-34.19847
3241603437.5,-34.20003
3241603593.75,-34.1967
3241603750.0,-34.19756
3241603906.25,-34.20774
3241604062.5,-34.18917
3241604218.75,-34.20284
3241604375.0,-34.19364
3241604531.25,-34.20091
3241604687.5,-34.19762
3241604843.75,-34.19424
3241605000.0,-34.18874
3241605156.25,-34.18779
3241605312.5,-34.17979
3241605468.75,-34.18414
3241605625.0,-34.18812
3241605781.25,-34.17958
3241605937.5,-34.17972
3241606093.75,-34.18303
3241606250.0,-34.17752
3241606406.25,-34.18517
3241606562.5,-34.17655
3241606718.75,-34.18254
3241606875.0,-34.18698
3241607031.25,-34.17574
3241607187.5,-34.17666
3241607343.75,-34.18101
3241607500.0,-34.17476
3241607656.25,-34.17081
3241607812.5,-34.17112
3241607968.75,-34.16418
3241608125.0,-34.17106
3241608281.25,-34.15981
3241608437.5,-34.1613
3241608593.75,-34.16124
3241608750.0,-34.1539
3241608906.25,-34.15926
3241609062.5,-34.15994
3241609218.75,-34.14834
3241609375.0,-34.15797
3241609531.25,-34.15915
3241609687.5,-34.15048
3241609843.75,-34.14175
3241610000.0,-34.14772
3241610156.25,-34.15005
3241610312.5,-34.14997
3241610468.75,-34.16042
3241610625.0,-34.1494
3241610781.25,-34.14968
3241610937.5,-34.14075
3241611093.75,-34.13812
3241611250.0,-34.1414
3241611406.25,-34.1378
3241611562.5,-34.13154
3241611718.75,-34.13551
3241611875.0,-34.13636
3241612031.25,-34.13174
3241612187.5,-34.13224
3241612343.75,-34.13421
3241612500.0,-34.13003
3241612656.25,-34.1298
3241612812.5,-34.13327
3241612968.75,-34.12611
3241613125.0,-34.12344
3241613281.25,-34.12579
3241613437.5,-34.12013
3241613593.75,-34.11857
3241613750.0,-34.12178
3241613906.25,-34.12062
3241614062.5,-34.12572
3241614218.75,-34.11799
3241614375.0,-34.11657
3241614531.25,-34.12074
3241614687.5,-34.10737
3241614843.75,-34.11986
3241615000.0,-34.11341
3241615156.25,-34.10943
3241615312.5,-34.10636
3241615468.75,-34.10746
3241615625.0,-34.11327
3241615781.25,-34.10714
3241615937.5,-34.10324
3241616093.75,-34.10462
3241616250.0,-34.11246
3241616406.25,-34.09433
3241616562.5,-34.10223
3241616718.75,-34.10017
3241616875.0,-34.09687
3241617031.25,-34.09951
3241617187.5,-34.10692
3241617343.75,-34.09146
3241617500.0,-34.09633
3241617656.25,-34.10073
3241617812.5,-34.08812
3241617968.75,-34.08195
3241618125.0,-34.08736
3241618281.25,-34.08602
3241618437.5,-34.08229
3241618593.75,-34.08237
3241618750.0,-34.0807
3241618906.25,-34.0906
3241619062.5,-34.07726
3241619218.75,-34.0778
3241619375.0,-34.08204
3241619531.25,-34.07489
3241619687.5,-34.07787
3241619843.75,-34.07574
3241620000.0,-34.06921
3241620156.25,-34.06948
3241620312.5,-34.0668
3241620468.75,-34.07235
3241620625.0,-34.06949
3241620781.25,-34.06791
3241620937.5,-34.06473
3241621093.75,-34.06982
3241621250.0,-34.05503
3241621406.25,-34.0646
3241621562.5,-34.05433
3241621718.75,-34.05231
3241621875.0,-34.05739
3241622031.25,-34.06308
3241622187.5,-34.05482
3241622343.75,-34.05443
3241622500.0,-34.0456
3241622656.25,-34.0512
3241622812.5,-34.04109
3241622968.75,-34.04279
3241623125.0,-34.04783
3241623281.25,-34.05244
3241623437.5,-34.05039
3241623593.75,-34.04187
3241623750.0,-34.04185
3241623906.25,-34.03674
3241624062.5,-34.03541
3241624218.75,-34.04221
3241624375.0,-34.04653
3241624531.25,-34.03955
3241624687.5,-34.03953
3241624843.75,-34.03618
3241625000.0,-34.03315
3241625156.25,-34.03785
3241625312.5,-34.03315
3241625468.75,-34.03759
3241625625.0,-34.02544
3241625781.25,-34.03228
3241625937.5,-34.02501
3241626093.75,-34.03183
3241626250.0,-34.02055
3241626406.25,-34.0213
3241626562.5,-34.02632
3241626718.75,-34.02718
3241626875.0,-34.02491
3241627031.25,-34.02046
3241627187.5,-34.02401
3241627343.75,-34.01571
3241627500.0,-34.01318
3241627656.25,-34.01842
3241627812.5,-34.01014
3241627968.75,-34.00737
3241628125.0,-33.99938
3241628281.25,-34.00886
3241628437.5,-34.00139
3241628593.75,-34.01117
3241628750.0,-34.00719
3241628906.25,-34.00796
3241629062.5,-34.00169
3241629218.75,-34.00636
3241629375.0,-34.00326
3241629531.25,-34.00198
3241629687.5,-33.99484
3241629843.75,-33.99261
3241630000.0,-34.00216
3241630156.25,-34.00443
3241630312.5,-33.99566
3241630468.75,-33.98566
3241630625.0,-33.98358
3241630781.25,-33.98267
3241630937.5,-33.99319
3241631093.75,-33.98655
3241631250.0,-33.98897
3241631406.25,-33.98923
3241631562.5,-33.98584
3241631718.75,-33.98133
3241631875.0,-33.97872
3241632031.25,-33.98137
3241632187.5,-33.98584
3241632343.75,-33.96893
3241632500.0,-33.97445
3241632656.25,-33.97744
3241632812.5,-33.95996
3241632968.75,-33.97551
3241633125.0,-33.96461
3241633281.25,-33.97305
3241633437.5,-33.96879
3241633593.75,-33.96682
3241633750.0,-33.96908
3241633906.25,-33.96367
3241634062.5,-33.97115
3241634218.75,-33.95648
3241634375.0,-33.96527
3241634531.25,-33.95796
3241634687.5,-33.95757
3241634843.75,-33.95018
3241635000.0,-33.96049
3241635156.25,-33.95057
3241635312.5,-33.95058
3241635468.75,-33.9584
3241635625.0,-33.95329
3241635781.25,-33.94316
3241635937.5,-33.94902
3241636093.75,-33.9515
3241636250.0,-33.95108
3241636406.25,-33.94665
3241636562.5,-33.93447
3241636718.75,-33.94417
3241636875.0,-33.95281
3241637031.25,-33.94498
3241637187.5,-33.93434
3241637343.75,-33.93434
3241637500.0,-33.9394
3241637656.25,-33.92382
3241637812.5,-33.93915
3241637968.75,-33.93167
3241638125.0,-33.94035
3241638281.25,-33.92827
3241638437.5,-33.9242
3241638593.75,-33.9197
3241638750.0,-33.92689
3241638906.25,-33.93039
3241639062.5,-33.92476
3241639218.75,-33.93032
3241639375.0,-33.92271
3241639531.25,-33.92407
3241639687.5,-33.91956
3241639843.75,-33.90933
3241640000.0,-33.92081
3241640156.25,-33.91224
3241640312.5,-33.91725
3241640468.75,-33.90665
3241640625.0,-33.90987
3241640781.25,-33.91146
3241640937.5,-33.90472
3241641093.75,-33.90417
3241641250.0,-33.9044
3241641406.25,-33.91232
3241641562.5,-33.91017
3241641718.75,-33.90966
3241641875.0,-33.90632
3241642031.25,-33.90542
3241642187.5,-33.89616
3241642343.75,-33.88688
3241642500.0,-33.88812
3241642656.25,-33.89441
3241642812.5,-33.88541
3241642968.75,-33.8945
3241643125.0,-33.88325
3241643281.25,-33.89572
3241643437.5,-33.88784
3241643593.75,-33.88863
3241643750.0,-33.89531
3241643906.25,-33.89218
3241644062.5,-33.89083
3241644218.75,-33.88642
3241644375.0,-33.88255
3241644531.25,-33.87963
3241644687.5,-33.87929
3241644843.75,-33.88208
3241645000.0,-33.88191
3241645156.25,-33.87372
3241645312.5,-33.877
3241645468.75,-33.86801
3241645625.0,-33.8718
3241645781.25,-33.86948
3241645937.5,-33.86961
3241646093.75,-33.86546
3241646250.0,-33.8671
3241646406.25,-33.8735
3241646562.5,-33.86742
3241646718.75,-33.86054
3241646875.0,-33.85617
3241647031.25,-33.86056
3241647187.5,-33.8554
3241647343.75,-33.86404
3241647500.0,-33.85466
3241647656.25,-33.85443
3241647812.5,-33.85224
3241647968.75,-33.8558
3241648125.0,-33.84127
3241648281.25,-33.85019
3241648437.5,-33.84941
3241648593.75,-33.84691
3241648750.0,-33.85065
3241648906.25,-33.85235
3241649062.5,-33.84606
3241649218.75,-33.84034
3241649375.0,-33.83379
3241649531.25,-33.8438
3241649687.5,-33.84102
3241649843.75,-33.83131
3241650000.0,-33.83743
3241650156.25,-33.84505
3241650312.5,-33.84444
3241650468.75,-33.82526
3241650625.0,-33.83176
3241650781.25,-33.82207
3241650937.5,-33.82555
3241651093.75,-33.83331
3241651250.0,-33.81555
3241651406.25,-33.82387
3241651562.5,-33.82341
3241651718.75,-33.8284
3241651875.0,-33.8207
3241652031.25,-33.8223
3241652187.5,-33.81118
3241652343.75,-33.81394
3241652500.0,-33.82328
3241652656.25,-33.81836
3241652812.5,-33.81462
3241652968.75,-33.81378
3241653125.0,-33.81503
3241653281.25,-33.80648
3241653437.5,-33.80711
3241653593.75,-33.80618
3241653750.0,-33.80889
3241653906.25,-33.80792
3241654062.5,-33.80073
3241654218.75,-33.79568
3241654375.0,-33.80516
3241654531.25,-33.80922
3241654687.5,-33.7923
3241654843.75,-33.79512
3241655000.0,-33.79682
3241655156.25,-33.79308
3241655312.5,-33.79407
3241655468.75,-33.79353
3241655625.0,-33.78278
3241655781.25,-33.80124
3241655937.5,-33.78688
3241656093.75,-33.78722
3241656250.0,-33.79568
3241656406.25,-33.78456
3241656562.5,-33.78235
3241656718.75,-33.78167
3241656875.0,-33.78052
3241657031.25,-33.77744
3241657187.5,-33.77941
3241657343.75,-33.7725
3241657500.0,-33.76917
3241657656.25,-33.78167
3241657812.5,-33.76846
3241657968.75,-33.76939
3241658125.0,-33.76812
3241658281.25,-33.77202
3241658437.5,-33.77765
3241658593.75,-33.77124
3241658750.0,-33.75838
3241658906.25,-33.76032
3241659062.5,-33.76545
3241659218.75,-33.75838
3241659375.0,-33.77089
3241659531.25,-33.76014
3241659687.5,-33.75309
3241659843.75,-33.75305
3241660000.0,-33.76012
3241660156.25,-33.74968
3241660312.5,-33.75543
3241660468.75,-33.75884
3241660625.0,-33.74697
3241660781.25,-33.7445
3241660937.5,-33.75024
3241661093.75,-33.74088
3241661250.0,-33.75122
3241661406.25,-33.74263
3241661562.5,-33.74412
3241661718.75,-33.73953
3241661875.0,-33.74331
3241662031.25,-33.73518
3241662187.5,-33.73455
3241662343.75,-33.73652
3241662500.0,-33.73387
3241662656.25,-33.72663
3241662812.5,-33.73485
3241662968.75,-33.7276
3241663125.0,-33.72242
3241663281.25,-33.73368
3241663437.5,-33.73537
3241663593.75,-33.72528
3241663750.0,-33.72744
3241663906.25,-33.7183
3241664062.5,-33.72274
3241664218.75,-33.71991
3241664375.0,-33.71763
3241664531.25,-33.71749
3241664687.5,-33.72589
3241664843.75,-33.71976
3241665000.0,-33.72328
3241665156.25,-33.71733
3241665312.5,-33.71757
3241665468.75,-33.711
3241665625.0,-33.70232
3241665781.25,-33.70423
3241665937.5,-33.71117
3241666093.75,-33.70531
3241666250.0,-33.70576
3241666406.25,-33.70631
3241666562.5,-33.70712
3241666718.75,-33.70058
3241666875.0,-33.69959
3241667031.25,-33.69572
3241667187.5,-33.71086
3241667343.75,-33.69162
3241667500.0,-33.70038
3241667656.25,-33.6931
3241667812.5,-33.68777
3241667968.75,-33.68182
3241668125.0,-33.6884
3241668281.25,-33.68407
3241668437.5,-33.68583
3241668593.75,-33.6922
3241668750.0,-33.6966
3241668906.25,-33.6891
3241669062.5,-33.68467
3241669218.75,-33.67087
3241669375.0,-33.69157
3241669531.25,-33.67362
3241669687.5,-33.67355
3241669843.75,-33.68074
3241670000.0,-33.68117
3241670156.25,-33.6748
3241670312.5,-33.67454
3241670468.75,-33.67496
3241670625.0,-33.67221
3241670781.25,-33.67112
3241670937.5,-33.6571
3241671093.75,-33.65902
3241671250.0,-33.66335
3241671406.25,-33.66033
3241671562.5,-33.65638
3241671718.75,-33.66331
3241671875.0,-33.66525
3241672031.25,-33.65506
3241672187.5,-33.64656
3241672343.75,-33.6556
3241672500.0,-33.65471
3241672656.25,-33.64762
3241672812.5,-33.65167
3241672968.75,-33.65168
3241673125.0,-33.64895
3241673281.25,-33.64544
3241673437.5,-33.64781
3241673593.75,-33.65055
3241673750.0,-33.64169
3241673906.25,-33.64603
3241674062.5,-33.64412
3241674218.75,-33.63886
3241674375.0,-33.6391
3241674531.25,-33.63623
3241674687.5,-33.63693
3241674843.75,-33.63253
3241675000.0,-33.6252
3241675156.25,-33.62757
3241675312.5,-33.62848
3241675468.75,-33.63227
3241675625.0,-33.62856
3241675781.25,-33.63084
3241675937.5,-33.63006
3241676093.75,-33.627
3241676250.0,-33.62337
3241676406.25,-33.62917
3241676562.5,-33.6179
3241676718.75,-33.61914
3241676875.0,-33.61532
3241677031.25,-33.61887
3241677187.5,-33.62001
3241677343.75,-33.61079
3241677500.0,-33.61198
3241677656.25,-33.60931
3241677812.5,-33.60189
3241677968.75,-33.60461
3241678125.0,-33.61045
3241678281.25,-33.608
3241678437.5,-33.60029
3241678593.75,-33.6101
3241678750.0,-33.5924
3241678906.25,-33.59546
3241679062.5,-33.60516
3241679218.75,-33.60037
3241679375.0,-33.59767
3241679531.25,-33.59023
3241679687.5,-33.59132
3241679843.75,-33.58877
3241680000.0,-33.5937
3241680156.25,-33.59261
3241680312.5,-33.59403
3241680468.75,-33.58899
3241680625.0,-33.5905
3241680781.25,-33.58479
3241680937.5,-33.58519
3241681093.75,-33.58358
3241681250.0,-33.58179
3241681406.25,-33.57973
3241681562.5,-33.57468
3241681718.75,-33.57893
3241681875.0,-33.57581
3241682031.25,-33.56607
3241682187.5,-33.58201
3241682343.75,-33.57545
3241682500.0,-33.56432
3241682656.25,-33.56213
3241682812.5,-33.57042
3241682968.75,-33.56546
3241683125.0,-33.56107
3241683281.25,-33.55626
3241683437.5,-33.56169
3241683593.75,-33.56373
3241683750.0,-33.5596
3241683906.25,-33.56387
3241684062.5,-33.55119
3241684218.75,-33.54925
3241684375.0,-33.55091
3241684531.25,-33.54704
3241684687.5,-33.55772
3241684843.75,-33.55297
3241685000.0,-33.55075
3241685156.25,-33.54189
3241685312.5,-33.55156
3241685468.75,-33.53976
3241685625.0,-33.53893
3241685781.25,-33.54173
3241685937.5,-33.54655
3241686093.75,-33.54617
3241686250.0,-33.54067
3241686406.25,-33.53431
3241686562.5,-33.53678
3241686718.75,-33.53904
3241686875.0,-33.53688
3241687031.25,-33.53051
3241687187.5,-33.52802
3241687343.75,-33.52906
3241687500.0,-33.52752
3241687656.25,-33.52474
3241687812.5,-33.53314
3241687968.75,-33.53289
3241688125.0,-33.52644
3241688281.25,-33.52932
3241688437.5,-33.51936
3241688593.75,-33.51545
3241688750.0,-33.5186
3241688906.25,-33.51669
3241689062.5,-33.51635
3241689218.75,-33.51706
3241689375.0,-33.5169
3241689531.25,-33.51619
3241689687.5,-33.50935
3241689843.75,-33.50801
3241690000.0,-33.50613
3241690156.25,-33.50753
3241690312.5,-33.50898
3241690468.75,-33.50716
3241690625.0,-33.50255
3241690781.25,-33.50644
3241690937.5,-33.50258
3241691093.75,-33.50042
3241691250.0,-33.49706
3241691406.25,-33.50163
3241691562.5,-33.49498
3241691718.75,-33.49839
3241691875.0,-33.4934
3241692031.25,-33.48498
3241692187.5,-33.49326
3241692343.75,-33.49029
3241692500.0,-33.48362
3241692656.25,-33.49147
3241692812.5,-33.48427
3241692968.75,-33.48076
3241693125.0,-33.48004
3241693281.25,-33.48538
3241693437.5,-33.4859
3241693593.75,-33.48481
3241693750.0,-33.48049
3241693906.25,-33.47909
3241694062.5,-33.4725
3241694218.75,-33.47713
3241694375.0,-33.47371
3241694531.25,-33.46804
3241694687.5,-33.47436
3241694843.75,-33.46583
3241695000.0,-33.46482
3241695156.25,-33.4669
3241695312.5,-33.46864
3241695468.75,-33.45979
3241695625.0,-33.46096
3241695781.25,-33.46266
3241695937.5,-33.45333
3241696093.75,-33.46413
3241696250.0,-33.45457
3241696406.25,-33.4627
3241696562.5,-33.45385
3241696718.75,-33.45045
3241696875.0,-33.45568
3241697031.25,-33.44419
3241697187.5,-33.4464
3241697343.75,-33.46202
3241697500.0,-33.45197
3241697656.25,-33.45593
3241697812.5,-33.44633
3241697968.75,-33.44756
3241698125.0,-33.4423
3241698281.25,-33.44287
3241698437.5,-33.43619
3241698593.75,-33.43776
3241698750.0,-33.4368
3241698906.25,-33.44165
3241699062.5,-33.42634
3241699218.75,-33.42689
3241699375.0,-33.42534
3241699531.25,-33.42396
3241699687.5,-33.42091
3241699843.75,-33.43454
3241700000.0,-33.43146
3241700156.25,-33.42503
3241700312.5,-33.42343
3241700468.75,-33.42022
3241700625.0,-33.41596
3241700781.25,-33.42221
3241700937.5,-33.41623
3241701093.75,-33.41979
3241701250.0,-33.41182
3241701406.25,-33.40514
3241701562.5,-33.41706
3241701718.75,-33.4045
3241701875.0,-33.40612
3241702031.25,-33.40668
3241702187.5,-33.41619
3241702343.75,-33.40539
3241702500.0,-33.40272
3241702656.25,-33.39601
3241702812.5,-33.39779
3241702968.75,-33.39407
3241703125.0,-33.40279
3241703281.25,-33.39666
3241703437.5,-33.3929
3241703593.75,-33.39477
3241703750.0,-33.39232
3241703906.25,-33.39412
3241704062.5,-33.39219
3241704218.75,-33.39049
3241704375.0,-33.38173
3241704531.25,-33.38722
3241704687.5,-33.39265
3241704843.75,-33.37981
3241705000.0,-33.37792
3241705156.25,-33.37813
3241705312.5,-33.38662
3241705468.75,-33.38384
3241705625.0,-33.38037
3241705781.25,-33.3773
3241705937.5,-33.37488
3241706093.75,-33.3672
3241706250.0,-33.36651
3241706406.25,-33.37179
3241706562.5,-33.37532
3241706718.75,-33.37124
3241706875.0,-33.37427
3241707031.25,-33.37181
3241707187.5,-33.36389
3241707343.75,-33.36702
3241707500.0,-33.35504
3241707656.25,-33.35438
3241707812.5,-33.36257
3241707968.75,-33.35695
3241708125.0,-33.35895
3241708281.25,-33.35224
3241708437.5,-33.35234
3241708593.75,-33.34794
3241708750.0,-33.35084
3241708906.25,-33.35631
3241709062.5,-33.3376
3241709218.75,-33.34852
3241709375.0,-33.33778
3241709531.25,-33.34602
3241709687.5,-33.34478
3241709843.75,-33.33669
3241710000.0,-33.34833
3241710156.25,-33.33888
3241710312.5,-33.33902
3241710468.75,-33.33053
3241710625.0,-33.34073
3241710781.25,-33.33812
3241710937.5,-33.33305
3241711093.75,-33.32254
3241711250.0,-33.32901
3241711406.25,-33.33038
3241711562.5,-33.32117
3241711718.75,-33.32717
3241711875.0,-33.32861
3241712031.25,-33.32407
3241712187.5,-33.32167
3241712343.75,-33.31956
3241712500.0,-33.32164
3241712656.25,-33.30702
3241712812.5,-33.31842
3241712968.75,-33.30923
3241713125.0,-33.31994
3241713281.25,-33.32029
3241713437.5,-33.30544
3241713593.75,-33.30792
3241713750.0,-33.30076
3241713906.25,-33.31136
3241714062.5,-33.31021
3241714218.75,-33.30454
3241714375.0,-33.30774
3241714531.25,-33.30424
3241714687.5,-33.30152
3241714843.75,-33.29572
3241715000.0,-33.29543
3241715156.25,-33.29661
3241715312.5,-33.29479
3241715468.75,-33.29096
3241715625.0,-33.29239
3241715781.25,-33.28435
3241715937.5,-33.2847
3241716093.75,-33.2906
3241716250.0,-33.28341
3241716406.25,-33.28859
3241716562.5,-33.28996
3241716718.75,-33.28542
3241716875.0,-33.28429
3241717031.25,-33.28075
3241717187.5,-33.27553
3241717343.75,-33.27902
3241717500.0,-33.27784
3241717656.25,-33.27594
3241717812.5,-33.27674
3241717968.75,-33.27061
3241718125.0,-33.27064
3241718281.25,-33.2693
3241718437.5,-33.26751
3241718593.75,-33.2641
3241718750.0,-33.26756
3241718906.25,-33.2681
3241719062.5,-33.26636
3241719218.75,-33.26407
3241719375.0,-33.26932
3241719531.25,-33.26396
3241719687.5,-33.25867
3241719843.75,-33.25646
3241720000.0,-33.25589
3241720156.25,-33.25785
3241720312.5,-33.24886
3241720468.75,-33.24702
3241720625.0,-33.26216
3241720781.25,-33.25057
3241720937.5,-33.24632
3241721093.75,-33.24512
3241721250.0,-33.24432
3241721406.25,-33.24517
3241721562.5,-33.23668
3241721718.75,-33.2408
3241721875.0,-33.23489
3241722031.25,-33.24139
3241722187.5,-33.24292
3241722343.75,-33.23705
3241722500.0,-33.23634
3241722656.25,-33.23457
3241722812.5,-33.23377
3241722968.75,-33.23389
3241723125.0,-33.22765
3241723281.25,-33.22874
3241723437.5,-33.22002
3241723593.75,-33.21766
3241723750.0,-33.22712
3241723906.25,-33.2193
3241724062.5,-33.22306
3241724218.75,-33.21751
3241724375.0,-33.22145
3241724531.25,-33.21617
3241724687.5,-33.21534
3241724843.75,-33.21999
3241725000.0,-33.20895
3241725156.25,-33.20557
3241725312.5,-33.20778
3241725468.75,-33.20749
3241725625.0,-33.20802
3241725781.25,-33.20162
3241725937.5,-33.20639
3241726093.75,-33.20364
3241726250.0,-33.20085
3241726406.25,-33.20472
3241726562.5,-33.19555
3241726718.75,-33.19713
3241726875.0,-33.20037
3241727031.25,-33.19757
3241727187.5,-33.19106
3241727343.75,-33.19872
3241727500.0,-33.1933
3241727656.25,-33.18986
3241727812.5,-33.19014
3241727968.75,-33.18375
3241728125.0,-33.1839
3241728281.25,-33.17886
3241728437.5,-33.18402
3241728593.75,-33.18372
3241728750.0,-33.18316
3241728906.25,-33.18675
3241729062.5,-33.17622
3241729218.75,-33.17783
3241729375.0,-33.17208
3241729531.25,-33.18581
3241729687.5,-33.17207
3241729843.75,-33.17434
3241730000.0,-33.1724
3241730156.25,-33.17137
3241730312.5,-33.16954
3241730468.75,-33.16198
3241730625.0,-33.16355
3241730781.25,-33.15944
3241730937.5,-33.16153
3241731093.75,-33.16738
3241731250.0,-33.15862
3241731406.25,-33.15284
3241731562.5,-33.15728
3241731718.75,-33.1502
3241731875.0,-33.14596
3241732031.25,-33.15719
3241732187.5,-33.15331
3241732343.75,-33.14614
3241732500.0,-33.15339
3241732656.25,-33.14546
3241732812.5,-33.14761
3241732968.75,-33.14262
3241733125.0,-33.14405
3241733281.25,-33.14146
3241733437.5,-33.14366
3241733593.75,-33.13536
3241733750.0,-33.14151
3241733906.25,-33.13908
3241734062.5,-33.1361
3241734218.75,-33.13557
3241734375.0,-33.13292
3241734531.25,-33.12695
3241734687.5,-33.13031
3241734843.75,-33.12811
3241735000.0,-33.12994
3241735156.25,-33.12875
3241735312.5,-33.12626
3241735468.75,-33.12033
3241735625.0,-33.11907
3241735781.25,-33.12188
3241735937.5,-33.12208
3241736093.75,-33.11782
3241736250.0,-33.11732
3241736406.25,-33.11212
3241736562.5,-33.1092
3241736718.75,-33.10564
3241736875.0,-33.1063
3241737031.25,-33.10272
3241737187.5,-33.10469
3241737343.75,-33.10977
3241737500.0,-33.10721
3241737656.25,-33.10338
3241737812.5,-33.10366
3241737968.75,-33.1049
3241738125.0,-33.09933
3241738281.25,-33.09718
3241738437.5,-33.10008
3241738593.75,-33.09714
3241738750.0,-33.08918
3241738906.25,-33.09175
3241739062.5,-33.09074
3241739218.75,-33.09059
3241739375.0,-33.09213
3241739531.25,-33.08503
3241739687.5,-33.0825
3241739843.75,-33.0775
3241740000.0,-33.08201
3241740156.25,-33.07128
3241740312.5,-33.07344
3241740468.75,-33.08604
3241740625.0,-33.07649
3241740781.25,-33.07741
3241740937.5,-33.0745
3241741093.75,-33.07309
3241741250.0,-33.07343
3241741406.25,-33.07045
3241741562.5,-33.06958
3241741718.75,-33.07008
3241741875.0,-33.07179
3241742031.25,-33.06116
3241742187.5,-33.06077
3241742343.75,-33.0685
3241742500.0,-33.05346
3241742656.25,-33.0588
3241742812.5,-33.06416
3241742968.75,-33.05774
3241743125.0,-33.0571
3241743281.25,-33.05017
3241743437.5,-33.05012
3241743593.75,-33.05167
3241743750.0,-33.05341
3241743906.25,-33.03563
3241744062.5,-33.04337
3241744218.75,-33.04238
3241744375.0,-33.04143
3241744531.25,-33.04365
3241744687.5,-33.04363
3241744843.75,-33.0357
3241745000.0,-33.04168
3241745156.25,-33.03608
3241745312.5,-33.03811
3241745468.75,-33.03863
3241745625.0,-33.04024
3241745781.25,-33.03363
3241745937.5,-33.02699
3241746093.75,-33.02705
3241746250.0,-33.03231
3241746406.25,-33.02084
3241746562.5,-33.02134
3241746718.75,-33.02919
3241746875.0,-33.02801
3241747031.25,-33.01715
3241747187.5,-33.0099
3241747343.75,-33.02366
3241747500.0,-33.01125
3241747656.25,-33.01533
3241747812.5,-33.01706
3241747968.75,-33.01561
3241748125.0,-33.00581
3241748281.25,-33.00793
3241748437.5,-33.00808
3241748593.75,-33.01217
3241748750.0,-33.01714
3241748906.25,-33.00612
3241749062.5,-32.99803
3241749218.75,-33.00803
3241749375.0,-32.99197
3241749531.25,-33.00183
3241749687.5,-32.99522
3241749843.75,-33.00055
3241750000.0,-32.99718
3241750156.25,-32.99038
3241750312.5,-32.99139
3241750468.75,-32.99055
3241750625.0,-32.99161
3241750781.25,-32.99149
3241750937.5,-32.99022
3241751093.75,-32.98258
3241751250.0,-32.97936
3241751406.25,-32.98212
3241751562.5,-32.97583
3241751718.75,-32.98389
3241751875.0,-32.9815
3241752031.25,-32.96666
3241752187.5,-32.97965
3241752343.75,-32.9692
3241752500.0,-32.97313
3241752656.25,-32.97187
3241752812.5,-32.97331
3241752968.75,-32.97086
3241753125.0,-32.96961
3241753281.25,-32.96407
3241753437.5,-32.9699
3241753593.75,-32.97226
3241753750.0,-32.96638
3241753906.25,-32.96289
3241754062.5,-32.95757
3241754218.75,-32.95905
3241754375.0,-32.95155
3241754531.25,-32.96233
3241754687.5,-32.95448
3241754843.75,-32.95609
3241755000.0,-32.95247
3241755156.25,-32.95491
3241755312.5,-32.94553
3241755468.75,-32.94705
3241755625.0,-32.94419
3241755781.25,-32.94695
3241755937.5,-32.94638
3241756093.75,-32.93448
3241756250.0,-32.93847
3241756406.25,-32.94116
3241756562.5,-32.9343
3241756718.75,-32.94184
3241756875.0,-32.93209
3241757031.25,-32.93743
3241757187.5,-32.92813
3241757343.75,-32.93087
3241757500.0,-32.93367
3241757656.25,-32.92929
3241757812.5,-32.92597
3241757968.75,-32.9236
3241758125.0,-32.92073
3241758281.25,-32.9272
3241758437.5,-32.92189
3241758593.75,-32.92179
3241758750.0,-32.91518
3241758906.25,-32.92592
3241759062.5,-32.91624
3241759218.75,-32.92208
3241759375.0,-32.918
3241759531.25,-32.91611
3241759687.5,-32.90759
3241759843.75,-32.91376
3241760000.0,-32.90086
3241760156.25,-32.90651
3241760312.5,-32.89563
3241760468.75,-32.89809
3241760625.0,-32.89877
3241760781.25,-32.90958
3241760937.5,-32.90456
3241761093.75,-32.89677
3241761250.0,-32.89698
3241761406.25,-32.89529
3241761562.5,-32.89194
3241761718.75,-32.89074
3241761875.0,-32.88745
3241762031.25,-32.88828
3241762187.5,-32.88667
3241762343.75,-32.89158
3241762500.0,-32.88846
3241762656.25,-32.89164
3241762812.5,-32.87908
3241762968.75,-32.88155
3241763125.0,-32.87469
3241763281.25,-32.87507
3241763437.5,-32.87337
3241763593.75,-32.88727
3241763750.0,-32.87456
3241763906.25,-32.87385
3241764062.5,-32.87504
3241764218.75,-32.86781
3241764375.0,-32.8612
3241764531.25,-32.86883
3241764687.5,-32.86531
3241764843.75,-32.86214
3241765000.0,-32.85675
3241765156.25,-32.84974
3241765312.5,-32.8584
3241765468.75,-32.85936
3241765625.0,-32.85306
3241765781.25,-32.85563
3241765937.5,-32.85346
3241766093.75,-32.85183
3241766250.0,-32.84881
3241766406.25,-32.84822
3241766562.5,-32.84601
3241766718.75,-32.85015
3241766875.0,-32.84298
3241767031.25,-32.8504
3241767187.5,-32.8418
3241767343.75,-32.8425
3241767500.0,-32.83872
3241767656.25,-32.84858
3241767812.5,-32.83557
3241767968.75,-32.84439
3241768125.0,-32.83076
3241768281.25,-32.82312
3241768437.5,-32.82891
3241768593.75,-32.82596
3241768750.0,-32.83209
3241768906.25,-32.8348
3241769062.5,-32.82875
3241769218.75,-32.82512
3241769375.0,-32.8273
3241769531.25,-32.82395
3241769687.5,-32.82164
3241769843.75,-32.81787
3241770000.0,-32.80724
3241770156.25,-32.81721
3241770312.5,-32.81422
3241770468.75,-32.81248
3241770625.0,-32.81519
3241770781.25,-32.81274
3241770937.5,-32.80613
3241771093.75,-32.81091
3241771250.0,-32.81492
3241771406.25,-32.8046
3241771562.5,-32.8005
3241771718.75,-32.80942
3241771875.0,-32.80869
3241772031.25,-32.79544
3241772187.5,-32.79699
3241772343.75,-32.79576
3241772500.0,-32.7956
3241772656.25,-32.79462
3241772812.5,-32.79982
3241772968.75,-32.79132
3241773125.0,-32.79027
3241773281.25,-32.78339
3241773437.5,-32.78721
3241773593.75,-32.77753
3241773750.0,-32.78359
3241773906.25,-32.77781
3241774062.5,-32.78227
3241774218.75,-32.78183
3241774375.0,-32.78442
3241774531.25,-32.77114
3241774687.5,-32.77425
3241774843.75,-32.77385
3241775000.0,-32.77444
3241775156.25,-32.77624
3241775312.5,-32.7669
3241775468.75,-32.76962
3241775625.0,-32.75963
3241775781.25,-32.76943
3241775937.5,-32.77455
3241776093.75,-32.76383
3241776250.0,-32.75854
3241776406.25,-32.76857
3241776562.5,-32.7613
3241776718.75,-32.75491
3241776875.0,-32.76003
3241777031.25,-32.74827
3241777187.5,-32.74942
3241777343.75,-32.75846
3241777500.0,-32.74164
3241777656.25,-32.75535
3241777812.5,-32.75153
3241777968.75,-32.74932
3241778125.0,-32.74237
3241778281.25,-32.74297
3241778437.5,-32.73172
3241778593.75,-32.74864
3241778750.0,-32.74284
3241778906.25,-32.73679
3241779062.5,-32.73561
3241779218.75,-32.73123
3241779375.0,-32.73173
3241779531.25,-32.73072
3241779687.5,-32.73022
3241779843.75,-32.72758
3241780000.0,-32.73213
3241780156.25,-32.7291
3241780312.5,-32.72652
3241780468.75,-32.72163
3241780625.0,-32.71715
3241780781.25,-32.72721
3241780937.5,-32.71752
3241781093.75,-32.71693
3241781250.0,-32.71692
3241781406.25,-32.71988
3241781562.5,-32.70957
3241781718.75,-32.71191
3241781875.0,-32.7157
3241782031.25,-32.71403
3241782187.5,-32.69789
3241782343.75,-32.70844
3241782500.0,-32.70658
3241782656.25,-32.7077
3241782812.5,-32.70484
3241782968.75,-32.7066
3241783125.0,-32.69928
3241783281.25,-32.6931
3241783437.5,-32.70036
3241783593.75,-32.6929
3241783750.0,-32.6939
3241783906.25,-32.69695
3241784062.5,-32.69675
3241784218.75,-32.68672
3241784375.0,-32.68963
3241784531.25,-32.68775
3241784687.5,-32.68931
3241784843.75,-32.68439
3241785000.0,-32.6814
3241785156.25,-32.67624
3241785312.5,-32.68322
3241785468.75,-32.67471
3241785625.0,-32.67925
3241785781.25,-32.67781
3241785937.5,-32.67133
3241786093.75,-32.67664
3241786250.0,-32.67328
3241786406.25,-32.66841
3241786562.5,-32.6681
3241786718.75,-32.66318
3241786875.0,-32.66626
3241787031.25,-32.66372
3241787187.5,-32.66536
3241787343.75,-32.6718
3241787500.0,-32.65607
3241787656.25,-32.65306
3241787812.5,-32.6551
3241787968.75,-32.66221
3241788125.0,-32.64567
3241788281.25,-32.65946
3241788437.5,-32.65979
3241788593.75,-32.65082
3241788750.0,-32.65551
3241788906.25,-32.6535
3241789062.5,-32.64251
3241789218.75,-32.6406
3241789375.0,-32.64058
3241789531.25,-32.63966
3241789687.5,-32.63465
3241789843.75,-32.64479
3241790000.0,-32.63919
3241790156.25,-32.63656
3241790312.5,-32.6324
3241790468.75,-32.63081
3241790625.0,-32.6321
3241790781.25,-32.62255
3241790937.5,-32.63226
3241791093.75,-32.62691
3241791250.0,-32.62271
3241791406.25,-32.61794
3241791562.5,-32.61971
3241791718.75,-32.62186
3241791875.0,-32.61806
3241792031.25,-32.61365
3241792187.5,-32.61266
3241792343.75,-32.61807
3241792500.0,-32.61454
3241792656.25,-32.61309
3241792812.5,-32.60548
3241792968.75,-32.60185
3241793125.0,-32.60464
3241793281.25,-32.60593
3241793437.5,-32.60849
3241793593.75,-32.60385
3241793750.0,-32.60331
3241793906.25,-32.60025
3241794062.5,-32.60438
3241794218.75,-32.60218
3241794375.0,-32.59366
3241794531.25,-32.59564
3241794687.5,-32.59491
3241794843.75,-32.59407
3241795000.0,-32.59771
3241795156.25,-32.58718
3241795312.5,-32.58784
3241795468.75,-32.58699
3241795625.0,-32.58582
3241795781.25,-32.58602
3241795937.5,-32.58372
3241796093.75,-32.57367
3241796250.0,-32.58313
3241796406.25,-32.56772
3241796562.5,-32.57856
3241796718.75,-32.57184
3241796875.0,-32.58713
3241797031.25,-32.56805
3241797187.5,-32.57188
3241797343.75,-32.56854
3241797500.0,-32.56418
3241797656.25,-32.56702
3241797812.5,-32.56848
3241797968.75,-32.55579
3241798125.0,-32.56011
3241798281.25,-32.56688
3241798437.5,-32.55952
3241798593.75,-32.5449
3241798750.0,-32.55633
3241798906.25,-32.54855
3241799062.5,-32.5581
3241799218.75,-32.55225
3241799375.0,-32.55195
3241799531.25,-32.54439
3241799687.5,-32.54697
3241799843.75,-32.5499
3241800000.0,-32.54472
3241800156.25,-32.54947
3241800312.5,-32.54798
3241800468.75,-32.54741
3241800625.0,-32.54342
3241800781.25,-32.53301
3241800937.5,-32.53707
3241801093.75,-32.53605
3241801250.0,-32.53587
3241801406.25,-32.52552
3241801562.5,-32.53078
3241801718.75,-32.52571
3241801875.0,-32.524
3241802031.25,-32.52454
3241802187.5,-32.52217
3241802343.75,-32.52254
3241802500.0,-32.52396
3241802656.25,-32.51771
3241802812.5,-32.52389
3241802968.75,-32.52179
3241803125.0,-32.5175
3241803281.25,-32.51068
3241803437.5,-32.51484
3241803593.75,-32.51209
3241803750.0,-32.51387
3241803906.25,-32.50642
3241804062.5,-32.50938
3241804218.75,-32.49903
3241804375.0,-32.49842
3241804531.25,-32.50396
3241804687.5,-32.49775
3241804843.75,-32.50291
3241805000.0,-32.49595
3241805156.25,-32.49276
3241805312.5,-32.49171
3241805468.75,-32.50053
3241805625.0,-32.48801
3241805781.25,-32.48937
3241805937.5,-32.49673
3241806093.75,-32.49121
3241806250.0,-32.48858
3241806406.25,-32.48506
3241806562.5,-32.48993
3241806718.75,-32.48186
3241806875.0,-32.48357
3241807031.25,-32.48271
3241807187.5,-32.48003
3241807343.75,-32.47593
3241807500.0,-32.47716
3241807656.25,-32.47727
3241807812.5,-32.47219
3241807968.75,-32.47438
3241808125.0,-32.47116
3241808281.25,-32.47194
3241808437.5,-32.46424
3241808593.75,-32.45935
3241808750.0,-32.46138
3241808906.25,-32.4584
3241809062.5,-32.46002
3241809218.75,-32.45675
3241809375.0,-32.45097
3241809531.25,-32.45812
3241809687.5,-32.44894
3241809843.75,-32.45948
3241810000.0,-32.45498
3241810156.25,-32.44301
3241810312.5,-32.44076
3241810468.75,-32.44822
3241810625.0,-32.44361
3241810781.25,-32.44521
3241810937.5,-32.4373
3241811093.75,-32.4417
3241811250.0,-32.43518
3241811406.25,-32.43909
3241811562.5,-32.43556
3241811718.75,-32.43418
3241811875.0,-32.42978
3241812031.25,-32.44121
3241812187.5,-32.42921
3241812343.75,-32.42459
3241812500.0,-32.42826
3241812656.25,-32.42933
3241812812.5,-32.4199
3241812968.75,-32.43048
3241813125.0,-32.42804
3241813281.25,-32.42412
3241813437.5,-32.41761
3241813593.75,-32.41558
3241813750.0,-32.41227
3241813906.25,-32.41692
3241814062.5,-32.41641
3241814218.75,-32.4026
3241814375.0,-32.40789
3241814531.25,-32.41421
3241814687.5,-32.40575
3241814843.75,-32.40745
3241815000.0,-32.41574
3241815156.25,-32.40187
3241815312.5,-32.39578
3241815468.75,-32.40199
3241815625.0,-32.40251
3241815781.25,-32.39863
3241815937.5,-32.3993
3241816093.75,-32.39022
3241816250.0,-32.39028
3241816406.25,-32.39025
3241816562.5,-32.38845
3241816718.75,-32.38857
3241816875.0,-32.39242
3241817031.25,-32.3831
3241817187.5,-32.3813
3241817343.75,-32.38346
3241817500.0,-32.38208
3241817656.25,-32.38898
3241817812.5,-32.3796
3241817968.75,-32.38613
3241818125.0,-32.38036
3241818281.25,-32.37605
3241818437.5,-32.37518
3241818593.75,-32.37171
3241818750.0,-32.37033
3241818906.25,-32.36646
3241819062.5,-32.36496
3241819218.75,-32.36189
3241819375.0,-32.36037
3241819531.25,-32.36028
3241819687.5,-32.35777
3241819843.75,-32.35887
3241820000.0,-32.36114
3241820156.25,-32.35563
3241820312.5,-32.34995
3241820468.75,-32.35868
3241820625.0,-32.34906
3241820781.25,-32.34857
3241820937.5,-32.34468
3241821093.75,-32.34586
3241821250.0,-32.34061
3241821406.25,-32.3472
3241821562.5,-32.35032
3241821718.75,-32.34401
3241821875.0,-32.34256
3241822031.25,-32.33792
3241822187.5,-32.33319
3241822343.75,-32.33385
3241822500.0,-32.34152
3241822656.25,-32.33475
3241822812.5,-32.33183
3241822968.75,-32.32981
3241823125.0,-32.33737
3241823281.25,-32.32891
3241823437.5,-32.32512
3241823593.75,-32.3209
3241823750.0,-32.31927
3241823906.25,-32.32109
3241824062.5,-32.31974
3241824218.75,-32.31932
3241824375.0,-32.32195
3241824531.25,-32.30743
3241824687.5,-32.30727
3241824843.75,-32.31618
3241825000.0,-32.30369
3241825156.25,-32.31247
3241825312.5,-32.30936
3241825468.75,-32.30526
3241825625.0,-32.29534
3241825781.25,-32.31202
3241825937.5,-32.30286
3241826093.75,-32.29984
3241826250.0,-32.2999
3241826406.25,-32.30258
3241826562.5,-32.29216
3241826718.75,-32.29433
3241826875.0,-32.29192
3241827031.25,-32.29051
3241827187.5,-32.28998
3241827343.75,-32.28736
3241827500.0,-32.2908
3241827656.25,-32.28268
3241827812.5,-32.28327
3241827968.75,-32.28726
3241828125.0,-32.27746
3241828281.25,-32.27785
3241828437.5,-32.27468
3241828593.75,-32.27257
3241828750.0,-32.27011
3241828906.25,-32.27122
3241829062.5,-32.26928
3241829218.75,-32.2673
3241829375.0,-32.27039
3241829531.25,-32.26717
3241829687.5,-32.27141
3241829843.75,-32.26905
3241830000.0,-32.26184
3241830156.25,-32.25677
3241830312.5,-32.26062
3241830468.75,-32.26298
3241830625.0,-32.26038
3241830781.25,-32.25854
3241830937.5,-32.2544
3241831093.75,-32.25124
3241831250.0,-32.25273
3241831406.25,-32.24866
3241831562.5,-32.24411
3241831718.75,-32.24907
3241831875.0,-32.24195
3241832031.25,-32.24058
3241832187.5,-32.2364
3241832343.75,-32.24444
3241832500.0,-32.24223
3241832656.25,-32.23797
3241832812.5,-32.23218
3241832968.75,-32.23851
3241833125.0,-32.23337
3241833281.25,-32.2258
3241833437.5,-32.23397
3241833593.75,-32.22878
3241833750.0,-32.22767
3241833906.25,-32.22949
3241834062.5,-32.21552
3241834218.75,-32.22221
3241834375.0,-32.22116
3241834531.25,-32.2233
3241834687.5,-32.21853
3241834843.75,-32.21381
3241835000.0,-32.21164
3241835156.25,-32.22047
3241835312.5,-32.21245
3241835468.75,-32.21033
3241835625.0,-32.20767
3241835781.25,-32.20803
3241835937.5,-32.20168
3241836093.75,-32.20824
3241836250.0,-32.19961
3241836406.25,-32.20235
3241836562.5,-32.20322
3241836718.75,-32.19201
3241836875.0,-32.19538
3241837031.25,-32.19492
3241837187.5,-32.19513
3241837343.75,-32.19834
3241837500.0,-32.195
3241837656.25,-32.18792
3241837812.5,-32.18113
3241837968.75,-32.18846
3241838125.0,-32.18925
3241838281.25,-32.18258
3241838437.5,-32.18808
3241838593.75,-32.181
3241838750.0,-32.17605
3241838906.25,-32.1763
3241839062.5,-32.1733
3241839218.75,-32.17666
3241839375.0,-32.17558
3241839531.25,-32.17071
3241839687.5,-32.16228
3241839843.75,-32.17176
3241840000.0,-32.16116
3241840156.25,-32.16289
3241840312.5,-32.16178
3241840468.75,-32.16473
3241840625.0,-32.16561
3241840781.25,-32.15175
3241840937.5,-32.15242
3241841093.75,-32.15257
3241841250.0,-32.15436
3241841406.25,-32.15581
3241841562.5,-32.15423
3241841718.75,-32.15459
3241841875.0,-32.15389
3241842031.25,-32.1481
3241842187.5,-32.15256
3241842343.75,-32.15119
3241842500.0,-32.14371
3241842656.25,-32.14506
3241842812.5,-32.13354
3241842968.75,-32.1415
3241843125.0,-32.13349
3241843281.25,-32.13965
3241843437.5,-32.13377
3241843593.75,-32.12952
3241843750.0,-32.12609
3241843906.25,-32.12202
3241844062.5,-32.12608
3241844218.75,-32.12732
3241844375.0,-32.1189
3241844531.25,-32.12626
3241844687.5,-32.12183
3241844843.75,-32.12589
3241845000.0,-32.12381
3241845156.25,-32.12177
3241845312.5,-32.1129
3241845468.75,-32.11091
3241845625.0,-32.11085
3241845781.25,-32.11302
3241845937.5,-32.10441
3241846093.75,-32.1145
3241846250.0,-32.10461
3241846406.25,-32.10551
3241846562.5,-32.1116
3241846718.75,-32.105
3241846875.0,-32.09699
3241847031.25,-32.09572
3241847187.5,-32.09928
3241847343.75,-32.09239
3241847500.0,-32.0949
3241847656.25,-32.09206
3241847812.5,-32.09103
3241847968.75,-32.09039
3241848125.0,-32.09297
3241848281.25,-32.08133
3241848437.5,-32.08621
3241848593.75,-32.08043
3241848750.0,-32.09122
3241848906.25,-32.08784
3241849062.5,-32.07132
3241849218.75,-32.08638
3241849375.0,-32.0827
3241849531.25,-32.08765
3241849687.5,-32.07627
3241849843.75,-32.07124
3241850000.0,-32.07467
3241850156.25,-32.0712
3241850312.5,-32.07154
3241850468.75,-32.07079
3241850625.0,-32.06551
3241850781.25,-32.06697
3241850937.5,-32.0605
3241851093.75,-32.06183
3241851250.0,-32.05515
3241851406.25,-32.05815
3241851562.5,-32.05196
3241851718.75,-32.0613
3241851875.0,-32.05809
3241852031.25,-32.05543
3241852187.5,-32.06114
3241852343.75,-32.04466
3241852500.0,-32.04066
3241852656.25,-32.04531
3241852812.5,-32.04299
3241852968.75,-32.04559
3241853125.0,-32.03827
3241853281.25,-32.03921
3241853437.5,-32.0304
3241853593.75,-32.03239
3241853750.0,-32.03102
3241853906.25,-32.02571
3241854062.5,-32.03211
3241854218.75,-32.02552
3241854375.0,-32.03427
3241854531.25,-32.02557
3241854687.5,-32.02726
3241854843.75,-32.02471
3241855000.0,-32.02148
3241855156.25,-32.01699
3241855312.5,-32.01417
3241855468.75,-32.01411
3241855625.0,-32.01554
3241855781.25,-32.01206
3241855937.5,-32.0227
3241856093.75,-32.01779
3241856250.0,-32.01339
3241856406.25,-32.00415
3241856562.5,-31.9979
3241856718.75,-32.00705
3241856875.0,-32.00102
3241857031.25,-32.00719
3241857187.5,-32.00143
3241857343.75,-32.00083
3241857500.0,-31.9945
3241857656.25,-31.99521
3241857812.5,-31.99376
3241857968.75,-31.99815
3241858125.0,-31.99298
3241858281.25,-31.98971
3241858437.5,-31.98386
3241858593.75,-31.99401
3241858750.0,-31.97812
3241858906.25,-31.98487
3241859062.5,-31.98234
3241859218.75,-31.98051
3241859375.0,-31.97849
3241859531.25,-31.97172
3241859687.5,-31.97921
3241859843.75,-31.97268
3241860000.0,-31.9787
3241860156.25,-31.96908
3241860312.5,-31.96824
3241860468.75,-31.96312
3241860625.0,-31.96703
3241860781.25,-31.96635
3241860937.5,-31.96548
3241861093.75,-31.9616
3241861250.0,-31.9573
3241861406.25,-31.95765
3241861562.5,-31.95472
3241861718.75,-31.95514
3241861875.0,-31.94813
3241862031.25,-31.95558
3241862187.5,-31.95114
3241862343.75,-31.94734
3241862500.0,-31.94604
3241862656.25,-31.94653
3241862812.5,-31.94721
3241862968.75,-31.94349
3241863125.0,-31.93714
3241863281.25,-31.94129
3241863437.5,-31.94158
3241863593.75,-31.93925
3241863750.0,-31.93585
3241863906.25,-31.93387
3241864062.5,-31.93057
3241864218.75,-31.93252
3241864375.0,-31.92901
3241864531.25,-31.92838
3241864687.5,-31.93087
3241864843.75,-31.92648
3241865000.0,-31.91945
3241865156.25,-31.92002
3241865312.5,-31.9176
3241865468.75,-31.91575
3241865625.0,-31.91877
3241865781.25,-31.92072
3241865937.5,-31.91541
3241866093.75,-31.9108
3241866250.0,-31.90993
3241866406.25,-31.90984
3241866562.5,-31.90576
3241866718.75,-31.90598
3241866875.0,-31.90575
3241867031.25,-31.90063
3241867187.5,-31.91305
3241867343.75,-31.90152
3241867500.0,-31.89789
3241867656.25,-31.90059
3241867812.5,-31.89856
3241867968.75,-31.88876
3241868125.0,-31.89346
3241868281.25,-31.89398
3241868437.5,-31.88709
3241868593.75,-31.89314
3241868750.0,-31.89171
3241868906.25,-31.88764
3241869062.5,-31.88098
3241869218.75,-31.88162
3241869375.0,-31.87717
3241869531.25,-31.87755
3241869687.5,-31.87298
3241869843.75,-31.88151
3241870000.0,-31.87641
3241870156.25,-31.86948
3241870312.5,-31.87193
3241870468.75,-31.87744
3241870625.0,-31.86832
3241870781.25,-31.86949
3241870937.5,-31.86706
3241871093.75,-31.86348
3241871250.0,-31.86109
3241871406.25,-31.85436
3241871562.5,-31.85575
3241871718.75,-31.85407
3241871875.0,-31.85125
3241872031.25,-31.85436
3241872187.5,-31.84594
3241872343.75,-31.8531
3241872500.0,-31.8396
3241872656.25,-31.85104
3241872812.5,-31.84151
3241872968.75,-31.85041
3241873125.0,-31.84699
3241873281.25,-31.85054
3241873437.5,-31.84198
3241873593.75,-31.83588
3241873750.0,-31.83542
3241873906.25,-31.83677
3241874062.5,-31.82947
3241874218.75,-31.83216
3241874375.0,-31.83319
3241874531.25,-31.82932
3241874687.5,-31.83053
3241874843.75,-31.81847
3241875000.0,-31.81978
3241875156.25,-31.83201
3241875312.5,-31.82772
3241875468.75,-31.814
3241875625.0,-31.82148
3241875781.25,-31.81631
3241875937.5,-31.81381
3241876093.75,-31.81343
3241876250.0,-31.81476
3241876406.25,-31.81092
3241876562.5,-31.81246
3241876718.75,-31.8151
3241876875.0,-31.80599
3241877031.25,-31.79881
3241877187.5,-31.79514
3241877343.75,-31.79535
3241877500.0,-31.80499
3241877656.25,-31.8012
3241877812.5,-31.7992
3241877968.75,-31.79488
3241878125.0,-31.79464
3241878281.25,-31.79297
3241878437.5,-31.79386
3241878593.75,-31.78973
3241878750.0,-31.78791
3241878906.25,-31.78227
3241879062.5,-31.79079
3241879218.75,-31.78443
3241879375.0,-31.78207
3241879531.25,-31.7796
3241879687.5,-31.78111
3241879843.75,-31.77346
3241880000.0,-31.77517
3241880156.25,-31.77756
3241880312.5,-31.76557
3241880468.75,-31.76964
3241880625.0,-31.76993
3241880781.25,-31.76634
3241880937.5,-31.75852
3241881093.75,-31.76252
3241881250.0,-31.76046
3241881406.25,-31.76055
3241881562.5,-31.75417
3241881718.75,-31.76694
3241881875.0,-31.75291
3241882031.25,-31.75428
3241882187.5,-31.75112
3241882343.75,-31.75427
3241882500.0,-31.74875
3241882656.25,-31.74511
3241882812.5,-31.73865
3241882968.75,-31.74798
3241883125.0,-31.73928
3241883281.25,-31.74328
3241883437.5,-31.74721
3241883593.75,-31.73795
3241883750.0,-31.73616
3241883906.25,-31.734
3241884062.5,-31.73854
3241884218.75,-31.73223
3241884375.0,-31.73138
3241884531.25,-31.73141
3241884687.5,-31.72688
3241884843.75,-31.72303
3241885000.0,-31.72133
3241885156.25,-31.72265
3241885312.5,-31.72133
3241885468.75,-31.72105
3241885625.0,-31.71432
3241885781.25,-31.71662
3241885937.5,-31.7174
3241886093.75,-31.70942
3241886250.0,-31.71137
3241886406.25,-31.70971
3241886562.5,-31.71002
3241886718.75,-31.70802
3241886875.0,-31.70012
3241887031.25,-31.7008
3241887187.5,-31.70626
3241887343.75,-31.69879
3241887500.0,-31.69945
3241887656.25,-31.69484
3241887812.5,-31.69397
3241887968.75,-31.70117
3241888125.0,-31.69101
3241888281.25,-31.68663
3241888437.5,-31.68924
3241888593.75,-31.69325
3241888750.0,-31.68717
3241888906.25,-31.68882
3241889062.5,-31.68042
3241889218.75,-31.68479
3241889375.0,-31.67511
3241889531.25,-31.67882
3241889687.5,-31.67543
3241889843.75,-31.67345
3241890000.0,-31.67548
3241890156.25,-31.67208
3241890312.5,-31.67029
3241890468.75,-31.67286
3241890625.0,-31.6647
3241890781.25,-31.6635
3241890937.5,-31.66109
3241891093.75,-31.66099
3241891250.0,-31.66258
3241891406.25,-31.66088
3241891562.5,-31.66268
3241891718.75,-31.65543
3241891875.0,-31.64707
3241892031.25,-31.65675
3241892187.5,-31.65109
3241892343.75,-31.65123
3241892500.0,-31.64421
3241892656.25,-31.64737
3241892812.5,-31.65071
3241892968.75,-31.64965
3241893125.0,-31.63844
3241893281.25,-31.64328
3241893437.5,-31.63465
3241893593.75,-31.6401
3241893750.0,-31.63906
3241893906.25,-31.63077
3241894062.5,-31.63789
3241894218.75,-31.63002
3241894375.0,-31.61899
3241894531.25,-31.62781
3241894687.5,-31.6246
3241894843.75,-31.62446
3241895000.0,-31.62134
3241895156.25,-31.61801
3241895312.5,-31.61992
3241895468.75,-31.61527
3241895625.0,-31.61368
3241895781.25,-31.61333
3241895937.5,-31.61056
3241896093.75,-31.60952
3241896250.0,-31.60899
3241896406.25,-31.60796
3241896562.5,-31.61502
3241896718.75,-31.60565
3241896875.0,-31.60178
3241897031.25,-31.59692
3241897187.5,-31.598
3241897343.75,-31.60087
3241897500.0,-31.598
3241897656.25,-31.59459
3241897812.5,-31.5951
3241897968.75,-31.59349
3241898125.0,-31.59178
3241898281.25,-31.5879
3241898437.5,-31.58635
3241898593.75,-31.58353
3241898750.0,-31.58465
3241898906.25,-31.58659
3241899062.5,-31.5838
3241899218.75,-31.57925
3241899375.0,-31.57487
3241899531.25,-31.57703
3241899687.5,-31.57766
3241899843.75,-31.57857
3241900000.0,-31.57569
3241900156.25,-31.56762
3241900312.5,-31.57187
3241900468.75,-31.57073
3241900625.0,-31.56514
3241900781.25,-31.56015
3241900937.5,-31.56653
3241901093.75,-31.56209
3241901250.0,-31.56081
3241901406.25,-31.55713
3241901562.5,-31.55297
3241901718.75,-31.55714
3241901875.0,-31.55105
3241902031.25,-31.54668
3241902187.5,-31.54923
3241902343.75,-31.54853
3241902500.0,-31.55093
3241902656.25,-31.54439
3241902812.5,-31.54534
3241902968.75,-31.54395
3241903125.0,-31.54085
3241903281.25,-31.53827
3241903437.5,-31.53433
3241903593.75,-31.53408
3241903750.0,-31.5372
3241903906.25,-31.53197
3241904062.5,-31.53094
3241904218.75,-31.52337
3241904375.0,-31.52018
3241904531.25,-31.5277
3241904687.5,-31.52218
3241904843.75,-31.51968
3241905000.0,-31.51805
3241905156.25,-31.51949
3241905312.5,-31.51899
3241905468.75,-31.51177
3241905625.0,-31.51404
3241905781.25,-31.50416
3241905937.5,-31.51532
3241906093.75,-31.51216
3241906250.0,-31.50844
3241906406.25,-31.50079
3241906562.5,-31.50845
3241906718.75,-31.50224
3241906875.0,-31.50169
3241907031.25,-31.49666
3241907187.5,-31.49505
3241907343.75,-31.49751
3241907500.0,-31.49175
3241907656.25,-31.49269
3241907812.5,-31.48809
3241907968.75,-31.48756
3241908125.0,-31.49147
3241908281.25,-31.48909
3241908437.5,-31.48118
3241908593.75,-31.48518
3241908750.0,-31.48318
3241908906.25,-31.48162
3241909062.5,-31.48182
3241909218.75,-31.48283
3241909375.0,-31.47457
3241909531.25,-31.47904
3241909687.5,-31.47069
3241909843.75,-31.46927
3241910000.0,-31.46694
3241910156.25,-31.46701
3241910312.5,-31.47007
3241910468.75,-31.4644
3241910625.0,-31.46456
3241910781.25,-31.46079
3241910937.5,-31.45918
3241911093.75,-31.45519
3241911250.0,-31.44562
3241911406.25,-31.45873
3241911562.5,-31.45117
3241911718.75,-31.45201
3241911875.0,-31.44932
3241912031.25,-31.45233
3241912187.5,-31.44433
3241912343.75,-31.43993
3241912500.0,-31.44432
3241912656.25,-31.44059
3241912812.5,-31.43485
3241912968.75,-31.43473
3241913125.0,-31.43341
3241913281.25,-31.44002
3241913437.5,-31.43078
3241913593.75,-31.43941
3241913750.0,-31.4357
3241913906.25,-31.42693
3241914062.5,-31.42522
3241914218.75,-31.42358
3241914375.0,-31.42187
3241914531.25,-31.42585
3241914687.5,-31.41828
3241914843.75,-31.41629
3241915000.0,-31.41363
3241915156.25,-31.40771
3241915312.5,-31.41201
3241915468.75,-31.41625
3241915625.0,-31.41565
3241915781.25,-31.40705
3241915937.5,-31.40693
3241916093.75,-31.40457
3241916250.0,-31.40053
3241916406.25,-31.40951
3241916562.5,-31.40004
3241916718.75,-31.40472
3241916875.0,-31.40253
3241917031.25,-31.39525
3241917187.5,-31.39501
3241917343.75,-31.39198
3241917500.0,-31.39068
3241917656.25,-31.3836
3241917812.5,-31.38373
3241917968.75,-31.38044
3241918125.0,-31.38807
3241918281.25,-31.37671
3241918437.5,-31.38063
3241918593.75,-31.37975
3241918750.0,-31.36959
3241918906.25,-31.3784
3241919062.5,-31.37206
3241919218.75,-31.37442
3241919375.0,-31.37184
3241919531.25,-31.36811
3241919687.5,-31.36861
3241919843.75,-31.37052
3241920000.0,-31.37043
3241920156.25,-31.37142
3241920312.5,-31.35523
3241920468.75,-31.35932
3241920625.0,-31.35529
3241920781.25,-31.36108
3241920937.5,-31.35779
3241921093.75,-31.35052
3241921250.0,-31.35181
3241921406.25,-31.35066
3241921562.5,-31.35316
3241921718.75,-31.35389
3241921875.0,-31.34515
3241922031.25,-31.34722
3241922187.5,-31.34621
3241922343.75,-31.34015
3241922500.0,-31.34056
3241922656.25,-31.34182
3241922812.5,-31.33169
3241922968.75,-31.33415
3241923125.0,-31.33345
3241923281.25,-31.33748
3241923437.5,-31.32682
3241923593.75,-31.3271
3241923750.0,-31.3265
3241923906.25,-31.32282
3241924062.5,-31.32223
3241924218.75,-31.31895
3241924375.0,-31.32245
3241924531.25,-31.32152
3241924687.5,-31.31961
3241924843.75,-31.31603
3241925000.0,-31.31572
3241925156.25,-31.31303
3241925312.5,-31.30224
3241925468.75,-31.30716
3241925625.0,-31.30411
3241925781.25,-31.29934
3241925937.5,-31.30203
3241926093.75,-31.30343
3241926250.0,-31.29608
3241926406.25,-31.29705
3241926562.5,-31.29664
3241926718.75,-31.30138
3241926875.0,-31.29381
3241927031.25,-31.28602
3241927187.5,-31.28734
3241927343.75,-31.2837
3241927500.0,-31.28481
3241927656.25,-31.27551
3241927812.5,-31.27849
3241927968.75,-31.27783
3241928125.0,-31.2795
3241928281.25,-31.27228
3241928437.5,-31.27678
3241928593.75,-31.27951
3241928750.0,-31.26987
3241928906.25,-31.27541
3241929062.5,-31.27074
3241929218.75,-31.26679
3241929375.0,-31.2667
3241929531.25,-31.26263
3241929687.5,-31.26485
3241929843.75,-31.26694
3241930000.0,-31.25739
3241930156.25,-31.24872
3241930312.5,-31.25044
3241930468.75,-31.25453
3241930625.0,-31.25005
3241930781.25,-31.2504
3241930937.5,-31.2479
3241931093.75,-31.24833
3241931250.0,-31.2516
3241931406.25,-31.24324
3241931562.5,-31.24364
3241931718.75,-31.24463
3241931875.0,-31.24298
3241932031.25,-31.23864
3241932187.5,-31.23594
3241932343.75,-31.23971
3241932500.0,-31.23769
3241932656.25,-31.2305
3241932812.5,-31.22996
3241932968.75,-31.23126
3241933125.0,-31.22613
3241933281.25,-31.21692
3241933437.5,-31.22248
3241933593.75,-31.21484
3241933750.0,-31.21716
3241933906.25,-31.21456
3241934062.5,-31.21922
3241934218.75,-31.21363
3241934375.0,-31.21398
3241934531.25,-31.21139
3241934687.5,-31.20416
3241934843.75,-31.20536
3241935000.0,-31.20421
3241935156.25,-31.20211
3241935312.5,-31.20042
3241935468.75,-31.19841
3241935625.0,-31.19957
3241935781.25,-31.19891
3241935937.5,-31.19882
3241936093.75,-31.1979
3241936250.0,-31.18515
3241936406.25,-31.19287
3241936562.5,-31.19147
3241936718.75,-31.18292
3241936875.0,-31.18471
3241937031.25,-31.18174
3241937187.5,-31.18116
3241937343.75,-31.18018
3241937500.0,-31.17702
3241937656.25,-31.18083
3241937812.5,-31.17533
3241937968.75,-31.17359
3241938125.0,-31.17419
3241938281.25,-31.1746
3241938437.5,-31.17109
3241938593.75,-31.1628
3241938750.0,-31.1636
3241938906.25,-31.1669
3241939062.5,-31.16097
3241939218.75,-31.158
3241939375.0,-31.16045
3241939531.25,-31.15566
3241939687.5,-31.15303
3241939843.75,-31.15036
3241940000.0,-31.1517
3241940156.25,-31.15519
3241940312.5,-31.15017
3241940468.75,-31.14719
3241940625.0,-31.14711
3241940781.25,-31.14522
3241940937.5,-31.14358
3241941093.75,-31.14536
3241941250.0,-31.13216
3241941406.25,-31.13623
3241941562.5,-31.13027
3241941718.75,-31.13745
3241941875.0,-31.14099
3241942031.25,-31.12928
3241942187.5,-31.12562
3241942343.75,-31.12618
3241942500.0,-31.12962
3241942656.25,-31.12021
3241942812.5,-31.11866
3241942968.75,-31.12581
3241943125.0,-31.11796
3241943281.25,-31.11322
3241943437.5,-31.12029
3241943593.75,-31.119
3241943750.0,-31.10419
3241943906.25,-31.11889
3241944062.5,-31.10726
3241944218.75,-31.10581
3241944375.0,-31.10332
3241944531.25,-31.10542
3241944687.5,-31.09947
3241944843.75,-31.09988
3241945000.0,-31.09905
3241945156.25,-31.10276
3241945312.5,-31.0916
3241945468.75,-31.09416
3241945625.0,-31.09839
3241945781.25,-31.08906
3241945937.5,-31.08657
3241946093.75,-31.08212
3241946250.0,-31.08388
3241946406.25,-31.08826
3241946562.5,-31.08126
3241946718.75,-31.08349
3241946875.0,-31.08687
3241947031.25,-31.07973
3241947187.5,-31.08035
3241947343.75,-31.07516
3241947500.0,-31.0754
3241947656.25,-31.06722
3241947812.5,-31.06214
3241947968.75,-31.06777
3241948125.0,-31.06544
3241948281.25,-31.06183
3241948437.5,-31.06706
3241948593.75,-31.05732
3241948750.0,-31.06132
3241948906.25,-31.05712
3241949062.5,-31.05508
3241949218.75,-31.05067
3241949375.0,-31.05178
3241949531.25,-31.05188
3241949687.5,-31.0536
3241949843.75,-31.05111
3241950000.0,-31.04085
3241950156.25,-31.04291
3241950312.5,-31.0404
3241950468.75,-31.04061
3241950625.0,-31.03826
3241950781.25,-31.03571
3241950937.5,-31.03445
3241951093.75,-31.03262
3241951250.0,-31.02695
3241951406.25,-31.02734
3241951562.5,-31.02641
3241951718.75,-31.02478
3241951875.0,-31.02423
3241952031.25,-31.02044
3241952187.5,-31.02247
3241952343.75,-31.02102
3241952500.0,-31.01632
3241952656.25,-31.02495
3241952812.5,-31.0115
3241952968.75,-31.00975
3241953125.0,-31.01226
3241953281.25,-31.00759
3241953437.5,-31.01019
3241953593.75,-30.99803
3241953750.0,-31.0033
3241953906.25,-31.00095
3241954062.5,-31.00127
3241954218.75,-31.00106
3241954375.0,-30.99103
3241954531.25,-30.99481
3241954687.5,-30.99483
3241954843.75,-30.98728
3241955000.0,-30.97977
3241955156.25,-30.98791
3241955312.5,-30.987
3241955468.75,-30.99511
3241955625.0,-30.98505
3241955781.25,-30.98565
3241955937.5,-30.98365
3241956093.75,-30.97218
3241956250.0,-30.97965
3241956406.25,-30.97771
3241956562.5,-30.96615
3241956718.75,-30.97063
3241956875.0,-30.96989
3241957031.25,-30.9699
3241957187.5,-30.96704
3241957343.75,-30.96252
3241957500.0,-30.96675
3241957656.25,-30.95868
3241957812.5,-30.96206
3241957968.75,-30.96201
3241958125.0,-30.95411
3241958281.25,-30.95246
3241958437.5,-30.95445
3241958593.75,-30.95023
3241958750.0,-30.95006
3241958906.25,-30.94442
3241959062.5,-30.94576
3241959218.75,-30.94457
3241959375.0,-30.94516
3241959531.25,-30.94107
3241959687.5,-30.93583
3241959843.75,-30.93672
3241960000.0,-30.93643
3241960156.25,-30.93206
3241960312.5,-30.92994
3241960468.75,-30.93163
3241960625.0,-30.92036
3241960781.25,-30.92264
3241960937.5,-30.92705
3241961093.75,-30.92449
3241961250.0,-30.92307
3241961406.25,-30.92572
3241961562.5,-30.91654
3241961718.75,-30.91829
3241961875.0,-30.91253
3241962031.25,-30.91609
3241962187.5,-30.91728
3241962343.75,-30.91147
3241962500.0,-30.90579
3241962656.25,-30.90587
3241962812.5,-30.90443
3241962968.75,-30.90033
3241963125.0,-30.91044
3241963281.25,-30.90081
3241963437.5,-30.89702
3241963593.75,-30.8961
3241963750.0,-30.89672
3241963906.25,-30.88608
3241964062.5,-30.89078
3241964218.75,-30.89274
3241964375.0,-30.88467
3241964531.25,-30.88676
3241964687.5,-30.88796
3241964843.75,-30.88596
3241965000.0,-30.88438
3241965156.25,-30.88613
3241965312.5,-30.88038
3241965468.75,-30.87785
3241965625.0,-30.87638
3241965781.25,-30.87289
3241965937.5,-30.87827
3241966093.75,-30.86327
3241966250.0,-30.86869
3241966406.25,-30.86716
3241966562.5,-30.86204
3241966718.75,-30.85671
3241966875.0,-30.86002
3241967031.25,-30.86165
3241967187.5,-30.86062
3241967343.75,-30.85478
3241967500.0,-30.85451
3241967656.25,-30.85026
3241967812.5,-30.84912
3241967968.75,-30.8438
3241968125.0,-30.85227
3241968281.25,-30.84516
3241968437.5,-30.84322
3241968593.75,-30.8365
3241968750.0,-30.83963
3241968906.25,-30.8368
3241969062.5,-30.83563
3241969218.75,-30.83115
3241969375.0,-30.83057
3241969531.25,-30.83532
3241969687.5,-30.82614
3241969843.75,-30.82726
3241970000.0,-30.82371
3241970156.25,-30.82747
3241970312.5,-30.82275
3241970468.75,-30.81998
3241970625.0,-30.81817
3241970781.25,-30.81548
3241970937.5,-30.81482
3241971093.75,-30.81145
3241971250.0,-30.81304
3241971406.25,-30.80548
3241971562.5,-30.80234
3241971718.75,-30.80911
3241971875.0,-30.80755
3241972031.25,-30.80047
3241972187.5,-30.80238
3241972343.75,-30.7945
3241972500.0,-30.79902
3241972656.25,-30.80392
3241972812.5,-30.79621
3241972968.75,-30.79367
3241973125.0,-30.7896
3241973281.25,-30.7851
3241973437.5,-30.78632
3241973593.75,-30.78338
3241973750.0,-30.79056
3241973906.25,-30.78303
3241974062.5,-30.77739
3241974218.75,-30.77581
3241974375.0,-30.77644
3241974531.25,-30.7749
3241974687.5,-30.76965
3241974843.75,-30.77624
3241975000.0,-30.76543
3241975156.25,-30.77059
3241975312.5,-30.76383
3241975468.75,-30.76428
3241975625.0,-30.76209
3241975781.25,-30.75852
3241975937.5,-30.76024
3241976093.75,-30.76114
3241976250.0,-30.76105
3241976406.25,-30.75545
3241976562.5,-30.75216
3241976718.75,-30.7518
3241976875.0,-30.74625
3241977031.25,-30.74242
3241977187.5,-30.74635
3241977343.75,-30.74696
3241977500.0,-30.74113
3241977656.25,-30.73555
3241977812.5,-30.74275
3241977968.75,-30.7381
3241978125.0,-30.72799
3241978281.25,-30.73895
3241978437.5,-30.72671
3241978593.75,-30.73229
3241978750.0,-30.73149
3241978906.25,-30.72401
3241979062.5,-30.72318
3241979218.75,-30.72405
3241979375.0,-30.72636
3241979531.25,-30.72037
3241979687.5,-30.714
3241979843.75,-30.71712
3241980000.0,-30.71431
3241980156.25,-30.70846
3241980312.5,-30.70978
3241980468.75,-30.70454
3241980625.0,-30.7046
3241980781.25,-30.70207
3241980937.5,-30.70478
3241981093.75,-30.69785
3241981250.0,-30.69765
3241981406.25,-30.69088
3241981562.5,-30.70125
3241981718.75,-30.69563
3241981875.0,-30.69627
3241982031.25,-30.69639
3241982187.5,-30.69085
3241982343.75,-30.6829
3241982500.0,-30.68572
3241982656.25,-30.68303
3241982812.5,-30.6882
3241982968.75,-30.68073
3241983125.0,-30.67832
3241983281.25,-30.68091
3241983437.5,-30.67497
3241983593.75,-30.67231
3241983750.0,-30.6713
3241983906.25,-30.67008
3241984062.5,-30.66568
3241984218.75,-30.66882
3241984375.0,-30.67055
3241984531.25,-30.66232
3241984687.5,-30.66429
3241984843.75,-30.65541
3241985000.0,-30.65726
3241985156.25,-30.65615
3241985312.5,-30.65618
3241985468.75,-30.6454
3241985625.0,-30.65769
3241985781.25,-30.6477
3241985937.5,-30.64852
3241986093.75,-30.64998
3241986250.0,-30.63585
3241986406.25,-30.63766
3241986562.5,-30.63796
3241986718.75,-30.63471
3241986875.0,-30.63609
3241987031.25,-30.6382
3241987187.5,-30.63266
3241987343.75,-30.63201
3241987500.0,-30.62582
3241987656.25,-30.63061
3241987812.5,-30.62709
3241987968.75,-30.62366
3241988125.0,-30.62162
3241988281.25,-30.62415
3241988437.5,-30.61706
3241988593.75,-30.60851
3241988750.0,-30.61971
3241988906.25,-30.60842
3241989062.5,-30.60619
3241989218.75,-30.61222
3241989375.0,-30.61129
3241989531.25,-30.61065
3241989687.5,-30.60233
3241989843.75,-30.60358
3241990000.0,-30.59948
3241990156.25,-30.6009
3241990312.5,-30.59507
3241990468.75,-30.59711
3241990625.0,-30.59264
3241990781.25,-30.59612
3241990937.5,-30.58802
3241991093.75,-30.5962
3241991250.0,-30.58245
3241991406.25,-30.5871
3241991562.5,-30.57909
3241991718.75,-30.58509
3241991875.0,-30.58
3241992031.25,-30.57093
3241992187.5,-30.57782
3241992343.75,-30.57942
3241992500.0,-30.56975
3241992656.25,-30.56709
3241992812.5,-30.56838
3241992968.75,-30.56314
3241993125.0,-30.56585
3241993281.25,-30.55989
3241993437.5,-30.5593
3241993593.75,-30.56264
3241993750.0,-30.55533
3241993906.25,-30.5527
3241994062.5,-30.55236
3241994218.75,-30.5506
3241994375.0,-30.55331
3241994531.25,-30.54878
3241994687.5,-30.54269
3241994843.75,-30.54697
3241995000.0,-30.54277
3241995156.25,-30.53957
3241995312.5,-30.54226
3241995468.75,-30.54201
3241995625.0,-30.53679
3241995781.25,-30.53792
3241995937.5,-30.53694
3241996093.75,-30.53809
3241996250.0,-30.5298
3241996406.25,-30.52885
3241996562.5,-30.52805
3241996718.75,-30.52883
3241996875.0,-30.52061
3241997031.25,-30.51922
3241997187.5,-30.5219
3241997343.75,-30.52016
3241997500.0,-30.51162
3241997656.25,-30.51533
3241997812.5,-30.50534
3241997968.75,-30.50562
3241998125.0,-30.51658
3241998281.25,-30.5061
3241998437.5,-30.5079
3241998593.75,-30.50099
3241998750.0,-30.49875
3241998906.25,-30.50045
3241999062.5,-30.49999
3241999218.75,-30.50291
3241999375.0,-30.49806
3241999531.25,-30.48935
3241999687.5,-30.48948
3241999843.75,-30.48947
3242000000.0,-30.48774
3242000156.25,-30.48959
3242000312.5,-30.48102
3242000468.75,-30.47964
3242000625.0,-30.48141
3242000781.25,-30.47873
3242000937.5,-30.47198
3242001093.75,-30.47408
3242001250.0,-30.46873
3242001406.25,-30.47451
3242001562.5,-30.46478
3242001718.75,-30.46977
3242001875.0,-30.46053
3242002031.25,-30.46745
3242002187.5,-30.45784
3242002343.75,-30.46539
3242002500.0,-30.45836
3242002656.25,-30.45741
3242002812.5,-30.45507
3242002968.75,-30.44823
3242003125.0,-30.45437
3242003281.25,-30.44929
3242003437.5,-30.44618
3242003593.75,-30.44455
3242003750.0,-30.44714
3242003906.25,-30.43765
3242004062.5,-30.44134
3242004218.75,-30.43796
3242004375.0,-30.43431
3242004531.25,-30.435
3242004687.5,-30.43423
3242004843.75,-30.43533
3242005000.0,-30.4296
3242005156.25,-30.42591
3242005312.5,-30.42126
3242005468.75,-30.4256
3242005625.0,-30.42221
3242005781.25,-30.42631
3242005937.5,-30.41714
3242006093.75,-30.41454
3242006250.0,-30.41378
3242006406.25,-30.41522
3242006562.5,-30.40606
3242006718.75,-30.41036
3242006875.0,-30.40782
3242007031.25,-30.40563
3242007187.5,-30.4042
3242007343.75,-30.39644
3242007500.0,-30.40268
3242007656.25,-30.39855
3242007812.5,-30.39535
3242007968.75,-30.39635
3242008125.0,-30.38902
3242008281.25,-30.39052
3242008437.5,-30.39303
3242008593.75,-30.37899
3242008750.0,-30.3806
3242008906.25,-30.38404
3242009062.5,-30.38476
3242009218.75,-30.37715
3242009375.0,-30.38714
3242009531.25,-30.37694
3242009687.5,-30.37961
3242009843.75,-30.37041
3242010000.0,-30.37316
3242010156.25,-30.3706
3242010312.5,-30.36953
3242010468.75,-30.36456
3242010625.0,-30.36117
3242010781.25,-30.36259
3242010937.5,-30.35949
3242011093.75,-30.35399
3242011250.0,-30.3529
3242011406.25,-30.35631
3242011562.5,-30.35414
3242011718.75,-30.35479
3242011875.0,-30.34805
3242012031.25,-30.34476
3242012187.5,-30.34627
3242012343.75,-30.34488
3242012500.0,-30.34369
3242012656.25,-30.34415
3242012812.5,-30.33743
3242012968.75,-30.33304
3242013125.0,-30.34169
3242013281.25,-30.33651
3242013437.5,-30.33358
3242013593.75,-30.3281
3242013750.0,-30.3278
3242013906.25,-30.32946
3242014062.5,-30.32048
3242014218.75,-30.3241
3242014375.0,-30.3193
3242014531.25,-30.31654
3242014687.5,-30.31641
3242014843.75,-30.30925
3242015000.0,-30.31435
3242015156.25,-30.31056
3242015312.5,-30.30984
3242015468.75,-30.30316
3242015625.0,-30.31108
3242015781.25,-30.30094
3242015937.5,-30.29713
3242016093.75,-30.29663
3242016250.0,-30.29609
3242016406.25,-30.29708
3242016562.5,-30.29238
3242016718.75,-30.28931
3242016875.0,-30.29061
3242017031.25,-30.28187
3242017187.5,-30.29508
3242017343.75,-30.28635
3242017500.0,-30.28157
3242017656.25,-30.2765
3242017812.5,-30.28081
3242017968.75,-30.27062
3242018125.0,-30.27567
3242018281.25,-30.27576
3242018437.5,-30.26876
3242018593.75,-30.27044
3242018750.0,-30.26628
3242018906.25,-30.26829
3242019062.5,-30.27044
3242019218.75,-30.26401
3242019375.0,-30.25879
3242019531.25,-30.26069
3242019687.5,-30.25753
3242019843.75,-30.26184
3242020000.0,-30.25192
3242020156.25,-30.24718
3242020312.5,-30.24671
3242020468.75,-30.25165
3242020625.0,-30.24833
3242020781.25,-30.24129
3242020937.5,-30.24374
3242021093.75,-30.23825
3242021250.0,-30.24277
3242021406.25,-30.23771
3242021562.5,-30.23266
3242021718.75,-30.23101
3242021875.0,-30.23185
3242022031.25,-30.23602
3242022187.5,-30.22516
3242022343.75,-30.22076
3242022500.0,-30.22298
3242022656.25,-30.22334
3242022812.5,-30.21827
3242022968.75,-30.22334
3242023125.0,-30.2205
3242023281.25,-30.21302
3242023437.5,-30.21446
3242023593.75,-30.21126
3242023750.0,-30.21033
3242023906.25,-30.20547
3242024062.5,-30.20894
3242024218.75,-30.20231
3242024375.0,-30.20253
3242024531.25,-30.19603
3242024687.5,-30.20215
3242024843.75,-30.19954
3242025000.0,-30.19587
3242025156.25,-30.19713
3242025312.5,-30.18546
3242025468.75,-30.18974
3242025625.0,-30.19043
3242025781.25,-30.18638
3242025937.5,-30.18376
3242026093.75,-30.18168
3242026250.0,-30.18235
3242026406.25,-30.17988
3242026562.5,-30.17387
3242026718.75,-30.17373
3242026875.0,-30.16958
3242027031.25,-30.16928
3242027187.5,-30.17074
3242027343.75,-30.16718
3242027500.0,-30.16933
3242027656.25,-30.16561
3242027812.5,-30.1638
3242027968.75,-30.16319
3242028125.0,-30.16317
3242028281.25,-30.14896
3242028437.5,-30.15351
3242028593.75,-30.1545
3242028750.0,-30.15043
3242028906.25,-30.14906
3242029062.5,-30.1463
3242029218.75,-30.14377
3242029375.0,-30.14192
3242029531.25,-30.14603
3242029687.5,-30.14597
3242029843.75,-30.13636
3242030000.0,-30.13853
3242030156.25,-30.12966
3242030312.5,-30.13498
3242030468.75,-30.13144
3242030625.0,-30.12752
3242030781.25,-30.12772
3242030937.5,-30.12106
3242031093.75,-30.11887
3242031250.0,-30.11771
3242031406.25,-30.11628
3242031562.5,-30.11974
3242031718.75,-30.11429
3242031875.0,-30.11017
3242032031.25,-30.11534
3242032187.5,-30.1104
3242032343.75,-30.1056
3242032500.0,-30.10357
3242032656.25,-30.11166
3242032812.5,-30.10555
3242032968.75,-30.10413
3242033125.0,-30.10259
3242033281.25,-30.09986
3242033437.5,-30.09535
3242033593.75,-30.09913
3242033750.0,-30.09087
3242033906.25,-30.087
3242034062.5,-30.09669
3242034218.75,-30.09204
3242034375.0,-30.08349
3242034531.25,-30.08742
3242034687.5,-30.08527
3242034843.75,-30.07706
3242035000.0,-30.07882
3242035156.25,-30.07679
3242035312.5,-30.0698
3242035468.75,-30.07236
3242035625.0,-30.06568
3242035781.25,-30.06868
3242035937.5,-30.06585
3242036093.75,-30.06155
3242036250.0,-30.06536
3242036406.25,-30.0588
3242036562.5,-30.06115
3242036718.75,-30.05949
3242036875.0,-30.05383
3242037031.25,-30.04825
3242037187.5,-30.04712
3242037343.75,-30.04468
3242037500.0,-30.04229
3242037656.25,-30.04379
3242037812.5,-30.04031
3242037968.75,-30.04104
3242038125.0,-30.03893
3242038281.25,-30.03609
3242038437.5,-30.04563
3242038593.75,-30.03046
3242038750.0,-30.03578
3242038906.25,-30.02718
3242039062.5,-30.02512
3242039218.75,-30.02224
3242039375.0,-30.02697
3242039531.25,-30.02389
3242039687.5,-30.01906
3242039843.75,-30.0169
3242040000.0,-30.01732
3242040156.25,-30.01078
3242040312.5,-30.01546
3242040468.75,-30.00424
3242040625.0,-30.00969
3242040781.25,-30.00664
3242040937.5,-30.00501
3242041093.75,-30.00445
3242041250.0,-30.00519
3242041406.25,-30.00106
3242041562.5,-29.99725
3242041718.75,-29.99532
3242041875.0,-29.98732
3242042031.25,-29.99171
3242042187.5,-29.99731
3242042343.75,-29.99019
3242042500.0,-29.98864
3242042656.25,-29.97907
3242042812.5,-29.98609
3242042968.75,-29.97876
3242043125.0,-29.97674
3242043281.25,-29.97671
3242043437.5,-29.9733
3242043593.75,-29.97242
3242043750.0,-29.96767
3242043906.25,-29.96884
3242044062.5,-29.96355
3242044218.75,-29.96121
3242044375.0,-29.96315
3242044531.25,-29.96546
3242044687.5,-29.96383
3242044843.75,-29.95091
3242045000.0,-29.95827
3242045156.25,-29.95314
3242045312.5,-29.95393
3242045468.75,-29.94417
3242045625.0,-29.94911
3242045781.25,-29.94973
3242045937.5,-29.94856
3242046093.75,-29.94093
3242046250.0,-29.93922
3242046406.25,-29.94248
3242046562.5,-29.93152
3242046718.75,-29.93434
3242046875.0,-29.9374
3242047031.25,-29.92699
3242047187.5,-29.92695
3242047343.75,-29.9369
3242047500.0,-29.92287
3242047656.25,-29.92565
3242047812.5,-29.92101
3242047968.75,-29.91587
3242048125.0,-29.91639
3242048281.25,-29.91911
3242048437.5,-29.91142
3242048593.75,-29.91307
3242048750.0,-29.91131
3242048906.25,-29.9078
3242049062.5,-29.90619
3242049218.75,-29.91003
3242049375.0,-29.89907
3242049531.25,-29.90366
3242049687.5,-29.89892
3242049843.75,-29.89255
3242050000.0,-29.89329
3242050156.25,-29.89219
3242050312.5,-29.89147
3242050468.75,-29.88917
3242050625.0,-29.88498
3242050781.25,-29.8843
3242050937.5,-29.88645
3242051093.75,-29.88238
3242051250.0,-29.88089
3242051406.25,-29.88344
3242051562.5,-29.87915
3242051718.75,-29.87428
3242051875.0,-29.87208
3242052031.25,-29.86932
3242052187.5,-29.87125
3242052343.75,-29.86735
3242052500.0,-29.86576
3242052656.25,-29.86339
3242052812.5,-29.86567
3242052968.75,-29.86269
3242053125.0,-29.85979
3242053281.25,-29.85047
3242053437.5,-29.85199
3242053593.75,-29.84995
3242053750.0,-29.8526
3242053906.25,-29.84838
3242054062.5,-29.84428
3242054218.75,-29.84078
3242054375.0,-29.84333
3242054531.25,-29.84133
3242054687.5,-29.83543
3242054843.75,-29.84092
3242055000.0,-29.83494
3242055156.25,-29.83146
3242055312.5,-29.83293
3242055468.75,-29.82623
3242055625.0,-29.82434
3242055781.25,-29.82259
3242055937.5,-29.82379
3242056093.75,-29.81849
3242056250.0,-29.81256
3242056406.25,-29.81596
3242056562.5,-29.8155
3242056718.75,-29.80846
3242056875.0,-29.80945
3242057031.25,-29.80843
3242057187.5,-29.80884
3242057343.75,-29.8105
3242057500.0,-29.79885
3242057656.25,-29.80016
3242057812.5,-29.80429
3242057968.75,-29.80072
3242058125.0,-29.79278
3242058281.25,-29.79272
3242058437.5,-29.79762
3242058593.75,-29.79187
3242058750.0,-29.79343
3242058906.25,-29.7876
3242059062.5,-29.78714
3242059218.75,-29.78536
3242059375.0,-29.77922
3242059531.25,-29.77761
3242059687.5,-29.77087
3242059843.75,-29.77098
3242060000.0,-29.77384
3242060156.25,-29.76952
3242060312.5,-29.76981
3242060468.75,-29.76564
3242060625.0,-29.76208
3242060781.25,-29.76251
3242060937.5,-29.75946
3242061093.75,-29.75938
3242061250.0,-29.75748
3242061406.25,-29.75924
3242061562.5,-29.74966
3242061718.75,-29.75063
3242061875.0,-29.75095
3242062031.25,-29.75139
3242062187.5,-29.73863
3242062343.75,-29.74508
3242062500.0,-29.73845
3242062656.25,-29.74095
3242062812.5,-29.73834
3242062968.75,-29.73331
3242063125.0,-29.73371
3242063281.25,-29.72729
3242063437.5,-29.72999
3242063593.75,-29.72337
3242063750.0,-29.72794
3242063906.25,-29.72122
3242064062.5,-29.71819
3242064218.75,-29.72411
3242064375.0,-29.7174
3242064531.25,-29.71499
3242064687.5,-29.71619
3242064843.75,-29.71551
3242065000.0,-29.71204
3242065156.25,-29.70392
3242065312.5,-29.70993
3242065468.75,-29.70804
3242065625.0,-29.70129
3242065781.25,-29.70067
3242065937.5,-29.69701
3242066093.75,-29.69991
3242066250.0,-29.69737
3242066406.25,-29.69371
3242066562.5,-29.68865
3242066718.75,-29.69232
3242066875.0,-29.68427
3242067031.25,-29.68645
3242067187.5,-29.68032
3242067343.75,-29.68051
3242067500.0,-29.67952
3242067656.25,-29.67629
3242067812.5,-29.66971
3242067968.75,-29.67146
3242068125.0,-29.66926
3242068281.25,-29.66829
3242068437.5,-29.66861
3242068593.75,-29.67019
3242068750.0,-29.66032
3242068906.25,-29.66395
3242069062.5,-29.65508
3242069218.75,-29.65798
3242069375.0,-29.64802
3242069531.25,-29.65098
3242069687.5,-29.6541
3242069843.75,-29.65241
3242070000.0,-29.64301
3242070156.25,-29.64531
3242070312.5,-29.64307
3242070468.75,-29.64768
3242070625.0,-29.6402
3242070781.25,-29.63535
3242070937.5,-29.63088
3242071093.75,-29.63104
3242071250.0,-29.63157
3242071406.25,-29.62737
3242071562.5,-29.62848
3242071718.75,-29.62411
3242071875.0,-29.62758
3242072031.25,-29.61835
3242072187.5,-29.62642
3242072343.75,-29.61485
3242072500.0,-29.61576
3242072656.25,-29.61446
3242072812.5,-29.6169
3242072968.75,-29.60849
3242073125.0,-29.60604
3242073281.25,-29.60875
3242073437.5,-29.59623
3242073593.75,-29.60333
3242073750.0,-29.60546
3242073906.25,-29.59932
3242074062.5,-29.59573
3242074218.75,-29.60099
3242074375.0,-29.59008
3242074531.25,-29.59116
3242074687.5,-29.58615
3242074843.75,-29.58664
3242075000.0,-29.58662
3242075156.25,-29.58493
3242075312.5,-29.5812
3242075468.75,-29.57206
3242075625.0,-29.57834
3242075781.25,-29.57226
3242075937.5,-29.57431
3242076093.75,-29.57408
3242076250.0,-29.5658
3242076406.25,-29.56977
3242076562.5,-29.56364
3242076718.75,-29.56135
3242076875.0,-29.55779
3242077031.25,-29.56602
3242077187.5,-29.55917
3242077343.75,-29.55648
3242077500.0,-29.55262
3242077656.25,-29.55479
3242077812.5,-29.55074
3242077968.75,-29.54833
3242078125.0,-29.54652
3242078281.25,-29.54438
3242078437.5,-29.53781
3242078593.75,-29.5365
3242078750.0,-29.53555
3242078906.25,-29.53832
3242079062.5,-29.54277
3242079218.75,-29.52748
3242079375.0,-29.53144
3242079531.25,-29.52962
3242079687.5,-29.53223
3242079843.75,-29.52092
3242080000.0,-29.52184
3242080156.25,-29.51714
3242080312.5,-29.51788
3242080468.75,-29.5118
3242080625.0,-29.51375
3242080781.25,-29.51253
3242080937.5,-29.50568
3242081093.75,-29.50327
3242081250.0,-29.49863
3242081406.25,-29.50532
3242081562.5,-29.50098
3242081718.75,-29.49657
3242081875.0,-29.50036
3242082031.25,-29.49123
3242082187.5,-29.49618
3242082343.75,-29.49517
3242082500.0,-29.49134
3242082656.25,-29.49196
3242082812.5,-29.48891
3242082968.75,-29.48305
3242083125.0,-29.48281
3242083281.25,-29.47933
3242083437.5,-29.4772
3242083593.75,-29.47915
3242083750.0,-29.47425
3242083906.25,-29.46966
3242084062.5,-29.47386
3242084218.75,-29.46992
3242084375.0,-29.47111
3242084531.25,-29.46667
3242084687.5,-29.46496
3242084843.75,-29.45713
3242085000.0,-29.45518
3242085156.25,-29.45992
3242085312.5,-29.45345
3242085468.75,-29.45307
3242085625.0,-29.45175
3242085781.25,-29.44843
3242085937.5,-29.44655
3242086093.75,-29.44749
3242086250.0,-29.43356
3242086406.25,-29.44207
3242086562.5,-29.44034
3242086718.75,-29.43979
3242086875.0,-29.43303
3242087031.25,-29.43344
3242087187.5,-29.43112
3242087343.75,-29.43245
3242087500.0,-29.4271
3242087656.25,-29.4231
3242087812.5,-29.42023
3242087968.75,-29.42317
3242088125.0,-29.41848
3242088281.25,-29.41783
3242088437.5,-29.41671
3242088593.75,-29.41031
3242088750.0,-29.40977
3242088906.25,-29.41149
3242089062.5,-29.40527
3242089218.75,-29.39893
3242089375.0,-29.40092
3242089531.25,-29.4008
3242089687.5,-29.39732
3242089843.75,-29.39532
3242090000.0,-29.39395
3242090156.25,-29.39113
3242090312.5,-29.3885
3242090468.75,-29.3806
3242090625.0,-29.38848
3242090781.25,-29.38398
3242090937.5,-29.37954
3242091093.75,-29.37823
3242091250.0,-29.38434
3242091406.25,-29.37597
3242091562.5,-29.37332
3242091718.75,-29.37249
3242091875.0,-29.36957
3242092031.25,-29.36596
3242092187.5,-29.36718
3242092343.75,-29.36559
3242092500.0,-29.36449
3242092656.25,-29.35345
3242092812.5,-29.36166
3242092968.75,-29.35564
3242093125.0,-29.35771
3242093281.25,-29.34987
3242093437.5,-29.34697
3242093593.75,-29.34924
3242093750.0,-29.34535
3242093906.25,-29.34713
3242094062.5,-29.34265
3242094218.75,-29.34224
3242094375.0,-29.34294
3242094531.25,-29.33787
3242094687.5,-29.33158
3242094843.75,-29.32817
3242095000.0,-29.33017
3242095156.25,-29.3254
3242095312.5,-29.32549
3242095468.75,-29.32285
3242095625.0,-29.3206
3242095781.25,-29.32055
3242095937.5,-29.31771
3242096093.75,-29.31162
3242096250.0,-29.3083
3242096406.25,-29.30986
3242096562.5,-29.30933
3242096718.75,-29.30853
3242096875.0,-29.31297
3242097031.25,-29.30688
3242097187.5,-29.2989
3242097343.75,-29.3006
3242097500.0,-29.29775
3242097656.25,-29.29511
3242097812.5,-29.29093
3242097968.75,-29.29119
3242098125.0,-29.2849
3242098281.25,-29.28623
3242098437.5,-29.28844
3242098593.75,-29.28393
3242098750.0,-29.28115
3242098906.25,-29.27862
3242099062.5,-29.27608
3242099218.75,-29.27605
3242099375.0,-29.27525
3242099531.25,-29.27272
3242099687.5,-29.27069
3242099843.75,-29.26634
3242100000.0,-29.2637
3242100156.25,-29.25964
3242100312.5,-29.26048
3242100468.75,-29.25676
3242100625.0,-29.25745
3242100781.25,-29.25452
3242100937.5,-29.24979
3242101093.75,-29.25188
3242101250.0,-29.24531
3242101406.25,-29.2482
3242101562.5,-29.24602
3242101718.75,-29.24471
3242101875.0,-29.24288
3242102031.25,-29.24075
3242102187.5,-29.23853
3242102343.75,-29.23632
3242102500.0,-29.22942
3242102656.25,-29.2332
3242102812.5,-29.22598
3242102968.75,-29.226
3242103125.0,-29.22335
3242103281.25,-29.22286
3242103437.5,-29.22147
3242103593.75,-29.21655
3242103750.0,-29.21636
3242103906.25,-29.21217
3242104062.5,-29.21569
3242104218.75,-29.20943
3242104375.0,-29.20547
3242104531.25,-29.20659
3242104687.5,-29.20512
3242104843.75,-29.1994
3242105000.0,-29.20161
3242105156.25,-29.19231
3242105312.5,-29.1959
3242105468.75,-29.19553
3242105625.0,-29.18991
3242105781.25,-29.18788
3242105937.5,-29.19003
3242106093.75,-29.18799
3242106250.0,-29.18466
3242106406.25,-29.18039
3242106562.5,-29.17272
3242106718.75,-29.18197
3242106875.0,-29.17194
3242107031.25,-29.17346
3242107187.5,-29.17607
3242107343.75,-29.16823
3242107500.0,-29.16291
3242107656.25,-29.16266
3242107812.5,-29.16472
3242107968.75,-29.16257
3242108125.0,-29.16399
3242108281.25,-29.16113
3242108437.5,-29.15688
3242108593.75,-29.14799
3242108750.0,-29.15145
3242108906.25,-29.14529
3242109062.5,-29.14998
3242109218.75,-29.14526
3242109375.0,-29.14092
3242109531.25,-29.13611
3242109687.5,-29.13777
3242109843.75,-29.1349
3242110000.0,-29.13331
3242110156.25,-29.13185
3242110312.5,-29.13346
3242110468.75,-29.12684
3242110625.0,-29.1284
3242110781.25,-29.12599
3242110937.5,-29.12158
3242111093.75,-29.12412
3242111250.0,-29.11721
3242111406.25,-29.1216
3242111562.5,-29.11442
3242111718.75,-29.11132
3242111875.0,-29.10708
3242112031.25,-29.11325
3242112187.5,-29.10655
3242112343.75,-29.10351
3242112500.0,-29.10155
3242112656.25,-29.09952
3242112812.5,-29.09632
3242112968.75,-29.0909
3242113125.0,-29.09365
3242113281.25,-29.09167
3242113437.5,-29.08473
3242113593.75,-29.0887
3242113750.0,-29.0863
3242113906.25,-29.08626
3242114062.5,-29.08511
3242114218.75,-29.0776
3242114375.0,-29.07881
3242114531.25,-29.07031
3242114687.5,-29.07191
3242114843.75,-29.06742
3242115000.0,-29.07339
3242115156.25,-29.0687
3242115312.5,-29.05769
3242115468.75,-29.06131
3242115625.0,-29.05989
3242115781.25,-29.05503
3242115937.5,-29.0622
3242116093.75,-29.05223
3242116250.0,-29.05422
3242116406.25,-29.05106
3242116562.5,-29.04719
3242116718.75,-29.04548
3242116875.0,-29.04031
3242117031.25,-29.03907
3242117187.5,-29.03638
3242117343.75,-29.03628
3242117500.0,-29.0367
3242117656.25,-29.03095
3242117812.5,-29.02647
3242117968.75,-29.02806
3242118125.0,-29.02455
3242118281.25,-29.02265
3242118437.5,-29.02023
3242118593.75,-29.02414
3242118750.0,-29.02177
3242118906.25,-29.01795
3242119062.5,-29.01262
3242119218.75,-29.01653
3242119375.0,-29.00715
3242119531.25,-29.0072
3242119687.5,-29.00404
3242119843.75,-29.00624
3242120000.0,-28.99919
3242120156.25,-28.99803
3242120312.5,-29.00117
3242120468.75,-28.99861
3242120625.0,-28.9869
3242120781.25,-28.98792
3242120937.5,-28.99085
3242121093.75,-28.99007
3242121250.0,-28.98177
3242121406.25,-28.97519
3242121562.5,-28.98059
3242121718.75,-28.97877
3242121875.0,-28.9759
3242122031.25,-28.97527
3242122187.5,-28.96591
3242122343.75,-28.97502
3242122500.0,-28.971
3242122656.25,-28.96556
3242122812.5,-28.96401
3242122968.75,-28.96474
3242123125.0,-28.96082
3242123281.25,-28.95726
3242123437.5,-28.9536
3242123593.75,-28.9548
3242123750.0,-28.95049
3242123906.25,-28.9524
3242124062.5,-28.94803
3242124218.75,-28.94043
3242124375.0,-28.94059
3242124531.25,-28.9427
3242124687.5,-28.93967
3242124843.75,-28.93395
3242125000.0,-28.93431
3242125156.25,-28.92624
3242125312.5,-28.93071
3242125468.75,-28.92315
3242125625.0,-28.92804
3242125781.25,-28.9221
3242125937.5,-28.91953
3242126093.75,-28.92095
3242126250.0,-28.91607
3242126406.25,-28.91498
3242126562.5,-28.91277
3242126718.75,-28.91225
3242126875.0,-28.90864
3242127031.25,-28.90788
3242127187.5,-28.90681
3242127343.75,-28.90548
3242127500.0,-28.90079
3242127656.25,-28.89581
3242127812.5,-28.89499
3242127968.75,-28.89601
3242128125.0,-28.8892
3242128281.25,-28.89252
3242128437.5,-28.88978
3242128593.75,-28.88354
3242128750.0,-28.88344
3242128906.25,-28.88223
3242129062.5,-28.87945
3242129218.75,-28.87821
3242129375.0,-28.87449
3242129531.25,-28.8762
3242129687.5,-28.87088
3242129843.75,-28.87105
3242130000.0,-28.86434
3242130156.25,-28.86319
3242130312.5,-28.86558
3242130468.75,-28.8543
3242130625.0,-28.86108
3242130781.25,-28.85765
3242130937.5,-28.85381
3242131093.75,-28.85311
3242131250.0,-28.84777
3242131406.25,-28.85069
3242131562.5,-28.84713
3242131718.75,-28.84354
3242131875.0,-28.84086
3242132031.25,-28.8374
3242132187.5,-28.83915
3242132343.75,-28.83613
3242132500.0,-28.8345
3242132656.25,-28.83258
3242132812.5,-28.83008
3242132968.75,-28.8263
3242133125.0,-28.82482
3242133281.25,-28.82064
3242133437.5,-28.82009
3242133593.75,-28.81557
3242133750.0,-28.81473
3242133906.25,-28.81552
3242134062.5,-28.80883
3242134218.75,-28.812
3242134375.0,-28.80922
3242134531.25,-28.80693
3242134687.5,-28.80356
3242134843.75,-28.8004
3242135000.0,-28.80607
3242135156.25,-28.79667
3242135312.5,-28.79327
3242135468.75,-28.78885
3242135625.0,-28.78557
3242135781.25,-28.7862
3242135937.5,-28.78789
3242136093.75,-28.78271
3242136250.0,-28.78404
3242136406.25,-28.77823
3242136562.5,-28.77552
3242136718.75,-28.77464
3242136875.0,-28.77507
3242137031.25,-28.7719
3242137187.5,-28.76698
3242137343.75,-28.76451
3242137500.0,-28.76705
3242137656.25,-28.76124
3242137812.5,-28.76221
3242137968.75,-28.75976
3242138125.0,-28.7616
3242138281.25,-28.75471
3242138437.5,-28.75278
3242138593.75,-28.74757
3242138750.0,-28.74617
3242138906.25,-28.74648
3242139062.5,-28.74644
3242139218.75,-28.73705
3242139375.0,-28.73784
3242139531.25,-28.73716
3242139687.5,-28.73259
3242139843.75,-28.73175
3242140000.0,-28.73054
3242140156.25,-28.73089
3242140312.5,-28.72731
3242140468.75,-28.72557
3242140625.0,-28.71946
3242140781.25,-28.71721
3242140937.5,-28.71877
3242141093.75,-28.71413
3242141250.0,-28.7122
3242141406.25,-28.70943
3242141562.5,-28.70617
3242141718.75,-28.70776
3242141875.0,-28.70545
3242142031.25,-28.70244
3242142187.5,-28.70172
3242142343.75,-28.69936
3242142500.0,-28.69461
3242142656.25,-28.69654
3242142812.5,-28.69152
3242142968.75,-28.68795
3242143125.0,-28.68562
3242143281.25,-28.68334
3242143437.5,-28.68512
3242143593.75,-28.67859
3242143750.0,-28.68139
3242143906.25,-28.67659
3242144062.5,-28.6736
3242144218.75,-28.67565
3242144375.0,-28.67344
3242144531.25,-28.66818
3242144687.5,-28.66786
3242144843.75,-28.66366
3242145000.0,-28.65718
3242145156.25,-28.65583
3242145312.5,-28.65896
3242145468.75,-28.66037
3242145625.0,-28.65563
3242145781.25,-28.65415
3242145937.5,-28.65042
3242146093.75,-28.64551
3242146250.0,-28.64369
3242146406.25,-28.64416
3242146562.5,-28.64015
3242146718.75,-28.64012
3242146875.0,-28.63383
3242147031.25,-28.6279
3242147187.5,-28.63313
3242147343.75,-28.62609
3242147500.0,-28.62748
3242147656.25,-28.62466
3242147812.5,-28.62048
3242147968.75,-28.61849
3242148125.0,-28.61938
3242148281.25,-28.61655
3242148437.5,-28.61525
3242148593.75,-28.61446
3242148750.0,-28.60629
3242148906.25,-28.60712
3242149062.5,-28.60655
3242149218.75,-28.60578
3242149375.0,-28.59952
3242149531.25,-28.59708
3242149687.5,-28.596
3242149843.75,-28.59526
3242150000.0,-28.59603
3242150156.25,-28.58889
3242150312.5,-28.58474
3242150468.75,-28.58684
3242150625.0,-28.5836
3242150781.25,-28.57548
3242150937.5,-28.58247
3242151093.75,-28.57928
3242151250.0,-28.57786
3242151406.25,-28.57148
3242151562.5,-28.57028
3242151718.75,-28.57121
3242151875.0,-28.56844
3242152031.25,-28.56306
3242152187.5,-28.56293
3242152343.75,-28.56
3242152500.0,-28.55393
3242152656.25,-28.56037
3242152812.5,-28.55159
3242152968.75,-28.55151
3242153125.0,-28.55088
3242153281.25,-28.54943
3242153437.5,-28.54515
3242153593.75,-28.54425
3242153750.0,-28.53819
3242153906.25,-28.53759
3242154062.5,-28.53481
3242154218.75,-28.53751
3242154375.0,-28.53879
3242154531.25,-28.5304
3242154687.5,-28.52681
3242154843.75,-28.52922
3242155000.0,-28.52413
3242155156.25,-28.52271
3242155312.5,-28.51775
3242155468.75,-28.51688
3242155625.0,-28.51785
3242155781.25,-28.51463
3242155937.5,-28.51219
3242156093.75,-28.50303
3242156250.0,-28.50643
3242156406.25,-28.50519
3242156562.5,-28.50101
3242156718.75,-28.49978
3242156875.0,-28.4974
3242157031.25,-28.49668
3242157187.5,-28.49475
3242157343.75,-28.48662
3242157500.0,-28.4867
3242157656.25,-28.48359
3242157812.5,-28.48485
3242157968.75,-28.48202
3242158125.0,-28.47811
3242158281.25,-28.48074
3242158437.5,-28.48007
3242158593.75,-28.47433
3242158750.0,-28.46914
3242158906.25,-28.46728
3242159062.5,-28.4654
3242159218.75,-28.46338
3242159375.0,-28.46457
3242159531.25,-28.46132
3242159687.5,-28.45741
3242159843.75,-28.45311
3242160000.0,-28.45127
3242160156.25,-28.45236
3242160312.5,-28.44565
3242160468.75,-28.44606
3242160625.0,-28.44467
3242160781.25,-28.44039
3242160937.5,-28.44013
3242161093.75,-28.43853
3242161250.0,-28.43427
3242161406.25,-28.43312
3242161562.5,-28.43191
3242161718.75,-28.42388
3242161875.0,-28.42674
3242162031.25,-28.42538
3242162187.5,-28.4244
3242162343.75,-28.4187
3242162500.0,-28.41724
3242162656.25,-28.41891
3242162812.5,-28.40757
3242162968.75,-28.41175
3242163125.0,-28.41026
3242163281.25,-28.40194
3242163437.5,-28.40688
3242163593.75,-28.40705
3242163750.0,-28.39903
3242163906.25,-28.39953
3242164062.5,-28.39584
3242164218.75,-28.39798
3242164375.0,-28.38651
3242164531.25,-28.38311
3242164687.5,-28.38325
3242164843.75,-28.38711
3242165000.0,-28.38406
3242165156.25,-28.37874
3242165312.5,-28.37496
3242165468.75,-28.37305
3242165625.0,-28.37348
3242165781.25,-28.3662
3242165937.5,-28.36727
3242166093.75,-28.37063
3242166250.0,-28.35872
3242166406.25,-28.3629
3242166562.5,-28.35926
3242166718.75,-28.36106
3242166875.0,-28.35345
3242167031.25,-28.35355
3242167187.5,-28.34907
3242167343.75,-28.34688
3242167500.0,-28.3462
3242167656.25,-28.34454
3242167812.5,-28.34576
3242167968.75,-28.33781
3242168125.0,-28.34004
3242168281.25,-28.33769
3242168437.5,-28.33376
3242168593.75,-28.33328
3242168750.0,-28.32836
3242168906.25,-28.32415
3242169062.5,-28.32796
3242169218.75,-28.32059
3242169375.0,-28.31626
3242169531.25,-28.31747
3242169687.5,-28.32051
3242169843.75,-28.31649
3242170000.0,-28.31042
3242170156.25,-28.3055
3242170312.5,-28.30996
3242170468.75,-28.30296
3242170625.0,-28.30595
3242170781.25,-28.29858
3242170937.5,-28.29773
3242171093.75,-28.29331
3242171250.0,-28.29546
3242171406.25,-28.2901
3242171562.5,-28.29133
3242171718.75,-28.28853
3242171875.0,-28.28434
3242172031.25,-28.27863
3242172187.5,-28.27795
3242172343.75,-28.28136
3242172500.0,-28.2718
3242172656.25,-28.27394
3242172812.5,-28.27415
3242172968.75,-28.26621
3242173125.0,-28.26226
3242173281.25,-28.26336
3242173437.5,-28.25893
3242173593.75,-28.26032
3242173750.0,-28.25864
3242173906.25,-28.25462
3242174062.5,-28.2522
3242174218.75,-28.24693
3242174375.0,-28.24326
3242174531.25,-28.24783
3242174687.5,-28.24627
3242174843.75,-28.23842
3242175000.0,-28.23688
3242175156.25,-28.23657
3242175312.5,-28.23293
3242175468.75,-28.23093
3242175625.0,-28.23487
3242175781.25,-28.22985
3242175937.5,-28.22621
3242176093.75,-28.22443
3242176250.0,-28.21716
3242176406.25,-28.21936
3242176562.5,-28.21476
3242176718.75,-28.21319
3242176875.0,-28.20996
3242177031.25,-28.20963
3242177187.5,-28.21161
3242177343.75,-28.20835
3242177500.0,-28.20338
3242177656.25,-28.20265
3242177812.5,-28.19806
3242177968.75,-28.19637
3242178125.0,-28.19332
3242178281.25,-28.19297
3242178437.5,-28.1902
3242178593.75,-28.18546
3242178750.0,-28.1837
3242178906.25,-28.18396
3242179062.5,-28.1783
3242179218.75,-28.17969
3242179375.0,-28.17812
3242179531.25,-28.17386
3242179687.5,-28.17172
3242179843.75,-28.16724
3242180000.0,-28.16635
3242180156.25,-28.1652
3242180312.5,-28.16151
3242180468.75,-28.16372
3242180625.0,-28.1603
3242180781.25,-28.15587
3242180937.5,-28.15139
3242181093.75,-28.15229
3242181250.0,-28.14645
3242181406.25,-28.15069
3242181562.5,-28.14742
3242181718.75,-28.14404
3242181875.0,-28.13431
3242182031.25,-28.14032
3242182187.5,-28.13242
3242182343.75,-28.13073
3242182500.0,-28.13531
3242182656.25,-28.12716
3242182812.5,-28.12518
3242182968.75,-28.12103
3242183125.0,-28.11781
3242183281.25,-28.11547
3242183437.5,-28.11517
3242183593.75,-28.11633
3242183750.0,-28.11431
3242183906.25,-28.11091
3242184062.5,-28.10233
3242184218.75,-28.10365
3242184375.0,-28.10274
3242184531.25,-28.10149
3242184687.5,-28.09869
3242184843.75,-28.09778
3242185000.0,-28.09049
3242185156.25,-28.09325
3242185312.5,-28.0853
3242185468.75,-28.08753
3242185625.0,-28.08482
3242185781.25,-28.08126
3242185937.5,-28.08262
3242186093.75,-28.07713
3242186250.0,-28.07757
3242186406.25,-28.07473
3242186562.5,-28.06643
3242186718.75,-28.06671
3242186875.0,-28.06423
3242187031.25,-28.06452
3242187187.5,-28.06296
3242187343.75,-28.06406
3242187500.0,-28.05392
3242187656.25,-28.05377
3242187812.5,-28.05268
3242187968.75,-28.0494
3242188125.0,-28.05378
3242188281.25,-28.04775
3242188437.5,-28.04408
3242188593.75,-28.04411
3242188750.0,-28.04262
3242188906.25,-28.03495
3242189062.5,-28.0375
3242189218.75,-28.03366
3242189375.0,-28.03276
3242189531.25,-28.02907
3242189687.5,-28.02874
3242189843.75,-28.02731
3242190000.0,-28.02188
3242190156.25,-28.02232
3242190312.5,-28.02142
3242190468.75,-28.01538
3242190625.0,-28.01077
3242190781.25,-28.01122
3242190937.5,-28.00789
3242191093.75,-28.00322
3242191250.0,-28.00038
3242191406.25,-28.00178
3242191562.5,-28.00031
3242191718.75,-27.99465
3242191875.0,-27.99527
3242192031.25,-27.9891
3242192187.5,-27.98873
3242192343.75,-27.98498
3242192500.0,-27.98576
3242192656.25,-27.98146
3242192812.5,-27.97703
3242192968.75,-27.97639
3242193125.0,-27.97633
3242193281.25,-27.97208
3242193437.5,-27.96974
3242193593.75,-27.96974
3242193750.0,-27.96885
3242193906.25,-27.96545
3242194062.5,-27.96446
3242194218.75,-27.9628
3242194375.0,-27.95923
3242194531.25,-27.95233
3242194687.5,-27.95154
3242194843.75,-27.94982
3242195000.0,-27.94873
3242195156.25,-27.94623
3242195312.5,-27.94814
3242195468.75,-27.94251
3242195625.0,-27.93447
3242195781.25,-27.93928
3242195937.5,-27.92976
3242196093.75,-27.93338
3242196250.0,-27.93096
3242196406.25,-27.92303
3242196562.5,-27.92703
3242196718.75,-27.91984
3242196875.0,-27.92033
3242197031.25,-27.91788
3242197187.5,-27.91096
3242197343.75,-27.91187
3242197500.0,-27.9099
3242197656.25,-27.90484
3242197812.5,-27.90634
3242197968.75,-27.90618
3242198125.0,-27.90025
3242198281.25,-27.89889
3242198437.5,-27.89794
3242198593.75,-27.89336
3242198750.0,-27.89349
3242198906.25,-27.89129
3242199062.5,-27.88567
3242199218.75,-27.88641
3242199375.0,-27.88513
3242199531.25,-27.87929
3242199687.5,-27.87878
3242199843.75,-27.8771
3242200000.0,-27.87274
3242200156.25,-27.87522
3242200312.5,-27.86776
3242200468.75,-27.86375
3242200625.0,-27.86429
3242200781.25,-27.8594
3242200937.5,-27.85933
3242201093.75,-27.85362
3242201250.0,-27.85472
3242201406.25,-27.85242
3242201562.5,-27.85003
3242201718.75,-27.84966
3242201875.0,-27.84695
3242202031.25,-27.84645
3242202187.5,-27.83929
3242202343.75,-27.84183
3242202500.0,-27.83706
3242202656.25,-27.83588
3242202812.5,-27.83379
3242202968.75,-27.83293
3242203125.0,-27.82395
3242203281.25,-27.82404
3242203437.5,-27.82227
3242203593.75,-27.82164
3242203750.0,-27.81729
3242203906.25,-27.81715
3242204062.5,-27.81227
3242204218.75,-27.80975
3242204375.0,-27.80527
3242204531.25,-27.80795
3242204687.5,-27.80873
3242204843.75,-27.79959
3242205000.0,-27.801
3242205156.25,-27.7973
3242205312.5,-27.79251
3242205468.75,-27.79187
3242205625.0,-27.7893
3242205781.25,-27.79091
3242205937.5,-27.78297
3242206093.75,-27.78424
3242206250.0,-27.77836
3242206406.25,-27.77793
3242206562.5,-27.77752
3242206718.75,-27.77189
3242206875.0,-27.773
3242207031.25,-27.76719
3242207187.5,-27.76454
3242207343.75,-27.76011
3242207500.0,-27.76415
3242207656.25,-27.75638
3242207812.5,-27.7594
3242207968.75,-27.75417
3242208125.0,-27.75186
3242208281.25,-27.74894
3242208437.5,-27.75235
3242208593.75,-27.74639
3242208750.0,-27.74458
3242208906.25,-27.74134
3242209062.5,-27.73559
3242209218.75,-27.73269
3242209375.0,-27.73069
3242209531.25,-27.73427
3242209687.5,-27.72901
3242209843.75,-27.72493
3242210000.0,-27.72772
3242210156.25,-27.722
3242210312.5,-27.71774
3242210468.75,-27.71664
3242210625.0,-27.71361
3242210781.25,-27.71502
3242210937.5,-27.70887
3242211093.75,-27.71231
3242211250.0,-27.70577
3242211406.25,-27.70653
3242211562.5,-27.70022
3242211718.75,-27.69758
3242211875.0,-27.69461
3242212031.25,-27.69277
3242212187.5,-27.69071
3242212343.75,-27.68483
3242212500.0,-27.68368
3242212656.25,-27.67793
3242212812.5,-27.68782
3242212968.75,-27.68127
3242213125.0,-27.67511
3242213281.25,-27.67027
3242213437.5,-27.67305
3242213593.75,-27.66734
3242213750.0,-27.66591
3242213906.25,-27.66106
3242214062.5,-27.66235
3242214218.75,-27.6591
3242214375.0,-27.66341
3242214531.25,-27.65499
3242214687.5,-27.65105
3242214843.75,-27.64832
3242215000.0,-27.64923
3242215156.25,-27.64539
3242215312.5,-27.64275
3242215468.75,-27.64172
3242215625.0,-27.63658
3242215781.25,-27.63574
3242215937.5,-27.62799
3242216093.75,-27.63037
3242216250.0,-27.63211
3242216406.25,-27.62532
3242216562.5,-27.62482
3242216718.75,-27.62073
3242216875.0,-27.61681
3242217031.25,-27.61412
3242217187.5,-27.61232
3242217343.75,-27.61109
3242217500.0,-27.60862
3242217656.25,-27.60746
3242217812.5,-27.60517
3242217968.75,-27.60205
3242218125.0,-27.60282
3242218281.25,-27.59792
3242218437.5,-27.59358
3242218593.75,-27.59404
3242218750.0,-27.58845
3242218906.25,-27.5893
3242219062.5,-27.58689
3242219218.75,-27.58188
3242219375.0,-27.57878
3242219531.25,-27.57953
3242219687.5,-27.57758
3242219843.75,-27.57642
3242220000.0,-27.57222
3242220156.25,-27.56682
3242220312.5,-27.56441
3242220468.75,-27.56487
3242220625.0,-27.56207
3242220781.25,-27.56
3242220937.5,-27.55557
3242221093.75,-27.55647
3242221250.0,-27.54999
3242221406.25,-27.55006
3242221562.5,-27.5466
3242221718.75,-27.54922
3242221875.0,-27.54531
3242222031.25,-27.54048
3242222187.5,-27.53967
3242222343.75,-27.53437
3242222500.0,-27.54005
3242222656.25,-27.52996
3242222812.5,-27.53102
3242222968.75,-27.52671
3242223125.0,-27.52306
3242223281.25,-27.52209
3242223437.5,-27.51577
3242223593.75,-27.5195
3242223750.0,-27.51476
3242223906.25,-27.514
3242224062.5,-27.50914
3242224218.75,-27.50336
3242224375.0,-27.50782
3242224531.25,-27.50169
3242224687.5,-27.5021
3242224843.75,-27.49921
3242225000.0,-27.49561
3242225156.25,-27.48939
3242225312.5,-27.49582
3242225468.75,-27.48662
3242225625.0,-27.48564
3242225781.25,-27.47958
3242225937.5,-27.47715
3242226093.75,-27.4793
3242226250.0,-27.48102
3242226406.25,-27.47606
3242226562.5,-27.46737
3242226718.75,-27.47011
3242226875.0,-27.47259
3242227031.25,-27.46583
3242227187.5,-27.46117
3242227343.75,-27.46102
3242227500.0,-27.4549
3242227656.25,-27.45115
3242227812.5,-27.45115
3242227968.75,-27.44988
3242228125.0,-27.45282
3242228281.25,-27.44327
3242228437.5,-27.44476
3242228593.75,-27.43561
3242228750.0,-27.43897
3242228906.25,-27.43526
3242229062.5,-27.43398
3242229218.75,-27.42978
3242229375.0,-27.42444
3242229531.25,-27.42467
3242229687.5,-27.42234
3242229843.75,-27.41961
3242230000.0,-27.41976
3242230156.25,-27.41761
3242230312.5,-27.41465
3242230468.75,-27.41351
3242230625.0,-27.40594
3242230781.25,-27.40585
3242230937.5,-27.40851
3242231093.75,-27.40232
3242231250.0,-27.39543
3242231406.25,-27.3923
3242231562.5,-27.39347
3242231718.75,-27.39548
3242231875.0,-27.38682
3242232031.25,-27.38712
3242232187.5,-27.38391
3242232343.75,-27.3809
3242232500.0,-27.38024
3242232656.25,-27.37537
3242232812.5,-27.37375
3242232968.75,-27.37024
3242233125.0,-27.36873
3242233281.25,-27.36541
3242233437.5,-27.36609
3242233593.75,-27.36229
3242233750.0,-27.35901
3242233906.25,-27.35339
3242234062.5,-27.3552
3242234218.75,-27.3539
3242234375.0,-27.34885
3242234531.25,-27.3501
3242234687.5,-27.34509
3242234843.75,-27.34297
3242235000.0,-27.34094
3242235156.25,-27.33377
3242235312.5,-27.3329
3242235468.75,-27.33278
3242235625.0,-27.33248
3242235781.25,-27.3282
3242235937.5,-27.32428
3242236093.75,-27.32425
3242236250.0,-27.31774
3242236406.25,-27.31522
3242236562.5,-27.3134
3242236718.75,-27.31598
3242236875.0,-27.31393
3242237031.25,-27.30523
3242237187.5,-27.30674
3242237343.75,-27.30876
3242237500.0,-27.30078
3242237656.25,-27.30235
3242237812.5,-27.29512
3242237968.75,-27.29697
3242238125.0,-27.2896
3242238281.25,-27.28781
3242238437.5,-27.28626
3242238593.75,-27.28353
3242238750.0,-27.27924
3242238906.25,-27.28264
3242239062.5,-27.28007
3242239218.75,-27.27462
3242239375.0,-27.27141
3242239531.25,-27.27349
3242239687.5,-27.2641
3242239843.75,-27.26681
3242240000.0,-27.26331
3242240156.25,-27.25661
3242240312.5,-27.25867
3242240468.75,-27.25538
3242240625.0,-27.25573
3242240781.25,-27.24941
3242240937.5,-27.24815
3242241093.75,-27.247
3242241250.0,-27.24184
3242241406.25,-27.23763
3242241562.5,-27.23629
3242241718.75,-27.2333
3242241875.0,-27.2324
3242242031.25,-27.22995
3242242187.5,-27.23062
3242242343.75,-27.22746
3242242500.0,-27.22043
3242242656.25,-27.21647
3242242812.5,-27.2195
3242242968.75,-27.21495
3242243125.0,-27.20869
3242243281.25,-27.20975
3242243437.5,-27.20985
3242243593.75,-27.20545
3242243750.0,-27.20101
3242243906.25,-27.20263
3242244062.5,-27.19735
3242244218.75,-27.19441
3242244375.0,-27.18853
3242244531.25,-27.18796
3242244687.5,-27.18697
3242244843.75,-27.18613
3242245000.0,-27.18273
3242245156.25,-27.17946
3242245312.5,-27.1766
3242245468.75,-27.1762
3242245625.0,-27.17344
3242245781.25,-27.16833
3242245937.5,-27.16971
3242246093.75,-27.16643
3242246250.0,-27.16222
3242246406.25,-27.16231
3242246562.5,-27.15586
3242246718.75,-27.15389
3242246875.0,-27.14989
3242247031.25,-27.15489
3242247187.5,-27.14872
3242247343.75,-27.14836
3242247500.0,-27.13928
3242247656.25,-27.13797
3242247812.5,-27.14071
3242247968.75,-27.13803
3242248125.0,-27.13387
3242248281.25,-27.13126
3242248437.5,-27.1288
3242248593.75,-27.12749
3242248750.0,-27.12411
3242248906.25,-27.12316
3242249062.5,-27.11689
3242249218.75,-27.11536
3242249375.0,-27.11307
3242249531.25,-27.11243
3242249687.5,-27.10565
3242249843.75,-27.11026
3242250000.0,-27.10416
3242250156.25,-27.09538
3242250312.5,-27.09948
3242250468.75,-27.098
3242250625.0,-27.09128
3242250781.25,-27.0912
3242250937.5,-27.08792
3242251093.75,-27.08762
3242251250.0,-27.08626
3242251406.25,-27.08062
3242251562.5,-27.07514
3242251718.75,-27.07466
3242251875.0,-27.07151
3242252031.25,-27.07244
3242252187.5,-27.06776
3242252343.75,-27.06525
3242252500.0,-27.06613
3242252656.25,-27.05827
3242252812.5,-27.05423
3242252968.75,-27.05295
3242253125.0,-27.05554
3242253281.25,-27.05152
3242253437.5,-27.04868
3242253593.75,-27.04627
3242253750.0,-27.04152
3242253906.25,-27.04067
3242254062.5,-27.03708
3242254218.75,-27.03563
3242254375.0,-27.0293
3242254531.25,-27.03073
3242254687.5,-27.02756
3242254843.75,-27.0258
3242255000.0,-27.02209
3242255156.25,-27.01958
3242255312.5,-27.01879
3242255468.75,-27.01588
3242255625.0,-27.01391
3242255781.25,-27.01235
3242255937.5,-27.00784
3242256093.75,-27.0057
3242256250.0,-27.00097
3242256406.25,-27.00337
3242256562.5,-26.99935
3242256718.75,-26.99924
3242256875.0,-26.99154
3242257031.25,-26.99128
3242257187.5,-26.9909
3242257343.75,-26.98462
3242257500.0,-26.98108
3242257656.25,-26.98442
3242257812.5,-26.97586
3242257968.75,-26.97384
3242258125.0,-26.9727
3242258281.25,-26.97325
3242258437.5,-26.97008
3242258593.75,-26.96625
3242258750.0,-26.95766
3242258906.25,-26.96034
3242259062.5,-26.9578
3242259218.75,-26.95646
3242259375.0,-26.95045
3242259531.25,-26.95012
3242259687.5,-26.94466
3242259843.75,-26.94416
3242260000.0,-26.94294
3242260156.25,-26.94111
3242260312.5,-26.93976
3242260468.75,-26.93577
3242260625.0,-26.93611
3242260781.25,-26.93306
3242260937.5,-26.92984
3242261093.75,-26.92978
3242261250.0,-26.92046
3242261406.25,-26.91739
3242261562.5,-26.92054
3242261718.75,-26.91461
3242261875.0,-26.91154
3242262031.25,-26.91158
3242262187.5,-26.90921
3242262343.75,-26.90208
3242262500.0,-26.90307
3242262656.25,-26.90015
3242262812.5,-26.89779
3242262968.75,-26.89458
3242263125.0,-26.8944
3242263281.25,-26.88744
3242263437.5,-26.88756
3242263593.75,-26.8872
3242263750.0,-26.87905
3242263906.25,-26.87809
3242264062.5,-26.87568
3242264218.75,-26.8736
3242264375.0,-26.87321
3242264531.25,-26.87273
3242264687.5,-26.86577
3242264843.75,-26.86273
3242265000.0,-26.85965
3242265156.25,-26.8584
3242265312.5,-26.85653
3242265468.75,-26.85111
3242265625.0,-26.85075
3242265781.25,-26.84524
3242265937.5,-26.84549
3242266093.75,-26.84098
3242266250.0,-26.83919
3242266406.25,-26.83849
3242266562.5,-26.83498
3242266718.75,-26.83758
3242266875.0,-26.82965
3242267031.25,-26.82968
3242267187.5,-26.82292
3242267343.75,-26.82459
3242267500.0,-26.82141
3242267656.25,-26.82085
3242267812.5,-26.81362
3242267968.75,-26.81131
3242268125.0,-26.81273
3242268281.25,-26.80272
3242268437.5,-26.80124
3242268593.75,-26.8035
3242268750.0,-26.79746
3242268906.25,-26.79616
3242269062.5,-26.79143
3242269218.75,-26.79157
3242269375.0,-26.79072
3242269531.25,-26.78587
3242269687.5,-26.78297
3242269843.75,-26.78281
3242270000.0,-26.78226
3242270156.25,-26.77389
3242270312.5,-26.77311
3242270468.75,-26.77438
3242270625.0,-26.76841
3242270781.25,-26.76584
3242270937.5,-26.76239
3242271093.75,-26.76011
3242271250.0,-26.76247
3242271406.25,-26.75554
3242271562.5,-26.75307
3242271718.75,-26.75205
3242271875.0,-26.74582
3242272031.25,-26.74638
3242272187.5,-26.74189
3242272343.75,-26.74293
3242272500.0,-26.73907
3242272656.25,-26.73933
3242272812.5,-26.73658
3242272968.75,-26.73132
3242273125.0,-26.72826
3242273281.25,-26.7261
3242273437.5,-26.72286
3242273593.75,-26.72148
3242273750.0,-26.71612
3242273906.25,-26.71425
3242274062.5,-26.71214
3242274218.75,-26.70782
3242274375.0,-26.70573
3242274531.25,-26.70498
3242274687.5,-26.70203
3242274843.75,-26.70169
3242275000.0,-26.69772
3242275156.25,-26.69205
3242275312.5,-26.68891
3242275468.75,-26.69216
3242275625.0,-26.68946
3242275781.25,-26.68654
3242275937.5,-26.67955
3242276093.75,-26.67925
3242276250.0,-26.67678
3242276406.25,-26.67052
3242276562.5,-26.67262
3242276718.75,-26.67116
3242276875.0,-26.66479
3242277031.25,-26.66555
3242277187.5,-26.65918
3242277343.75,-26.65862
3242277500.0,-26.65421
3242277656.25,-26.65331
3242277812.5,-26.64958
3242277968.75,-26.64755
3242278125.0,-26.64482
3242278281.25,-26.64655
3242278437.5,-26.64214
3242278593.75,-26.63913
3242278750.0,-26.63524
3242278906.25,-26.62956
3242279062.5,-26.63134
3242279218.75,-26.63098
3242279375.0,-26.62292
3242279531.25,-26.62375
3242279687.5,-26.61685
3242279843.75,-26.61898
3242280000.0,-26.6117
3242280156.25,-26.61122
3242280312.5,-26.60622
3242280468.75,-26.60484
3242280625.0,-26.60753
3242280781.25,-26.59921
3242280937.5,-26.59606
3242281093.75,-26.59373
3242281250.0,-26.59509
3242281406.25,-26.59204
3242281562.5,-26.58914
3242281718.75,-26.58226
3242281875.0,-26.58526
3242282031.25,-26.58004
3242282187.5,-26.57745
3242282343.75,-26.5756
3242282500.0,-26.57408
3242282656.25,-26.57019
3242282812.5,-26.5705
3242282968.75,-26.56566
3242283125.0,-26.5638
3242283281.25,-26.5613
3242283437.5,-26.55463
3242283593.75,-26.55267
3242283750.0,-26.55026
3242283906.25,-26.54907
3242284062.5,-26.54829
3242284218.75,-26.54564
3242284375.0,-26.53794
3242284531.25,-26.53915
3242284687.5,-26.53444
3242284843.75,-26.53484
3242285000.0,-26.52873
3242285156.25,-26.52902
3242285312.5,-26.52555
3242285468.75,-26.52209
3242285625.0,-26.52224
3242285781.25,-26.51705
3242285937.5,-26.51232
3242286093.75,-26.51517
3242286250.0,-26.50748
3242286406.25,-26.50677
3242286562.5,-26.50552
3242286718.75,-26.50607
3242286875.0,-26.50144
3242287031.25,-26.49948
3242287187.5,-26.4936
3242287343.75,-26.49224
3242287500.0,-26.49134
3242287656.25,-26.48648
3242287812.5,-26.48321
3242287968.75,-26.48356
3242288125.0,-26.47492
3242288281.25,-26.4756
3242288437.5,-26.47286
3242288593.75,-26.47158
3242288750.0,-26.47159
3242288906.25,-26.46767
3242289062.5,-26.46149
3242289218.75,-26.46019
3242289375.0,-26.46011
3242289531.25,-26.45378
3242289687.5,-26.4515
3242289843.75,-26.44754
3242290000.0,-26.44611
3242290156.25,-26.44597
3242290312.5,-26.44129
3242290468.75,-26.44086
3242290625.0,-26.43667
3242290781.25,-26.43636
3242290937.5,-26.42936
3242291093.75,-26.42638
3242291250.0,-26.42616
3242291406.25,-26.4217
3242291562.5,-26.41827
3242291718.75,-26.41924
3242291875.0,-26.41363
3242292031.25,-26.41018
3242292187.5,-26.4087
3242292343.75,-26.40694
3242292500.0,-26.40451
3242292656.25,-26.39931
3242292812.5,-26.39892
3242292968.75,-26.39672
3242293125.0,-26.39446
3242293281.25,-26.38802
3242293437.5,-26.38682
3242293593.75,-26.38554
3242293750.0,-26.38218
3242293906.25,-26.37971
3242294062.5,-26.3762
3242294218.75,-26.3742
3242294375.0,-26.37595
3242294531.25,-26.37041
3242294687.5,-26.3689
3242294843.75,-26.36693
3242295000.0,-26.36225
3242295156.25,-26.36066
3242295312.5,-26.35443
3242295468.75,-26.3582
3242295625.0,-26.35461
3242295781.25,-26.34894
3242295937.5,-26.34742
3242296093.75,-26.34154
3242296250.0,-26.33757
3242296406.25,-26.34315
3242296562.5,-26.33476
3242296718.75,-26.33385
3242296875.0,-26.32907
3242297031.25,-26.32806
3242297187.5,-26.32403
3242297343.75,-26.32124
3242297500.0,-26.32156
3242297656.25,-26.31968
3242297812.5,-26.31709
3242297968.75,-26.30894
3242298125.0,-26.30963
3242298281.25,-26.30971
3242298437.5,-26.30045
3242298593.75,-26.30186
3242298750.0,-26.29864
3242298906.25,-26.29574
3242299062.5,-26.28928
3242299218.75,-26.28998
3242299375.0,-26.28915
3242299531.25,-26.28694
3242299687.5,-26.28312
3242299843.75,-26.27942
3242300000.0,-26.27555
3242300156.25,-26.27173
3242300312.5,-26.27298
3242300468.75,-26.27075
3242300625.0,-26.26851
3242300781.25,-26.26255
3242300937.5,-26.26237
3242301093.75,-26.25931
3242301250.0,-26.25644
3242301406.25,-26.2521
3242301562.5,-26.24862
3242301718.75,-26.24635
3242301875.0,-26.24684
3242302031.25,-26.24425
3242302187.5,-26.23633
3242302343.75,-26.23465
3242302500.0,-26.23932
3242302656.25,-26.2282
3242302812.5,-26.22723
3242302968.75,-26.22461
3242303125.0,-26.22343
3242303281.25,-26.2201
3242303437.5,-26.21541
3242303593.75,-26.21403
3242303750.0,-26.21576
3242303906.25,-26.20669
3242304062.5,-26.20565
3242304218.75,-26.20647
3242304375.0,-26.2011
3242304531.25,-26.19968
3242304687.5,-26.19732
3242304843.75,-26.19314
3242305000.0,-26.19401
3242305156.25,-26.18791
3242305312.5,-26.18514
3242305468.75,-26.18423
3242305625.0,-26.18073
3242305781.25,-26.17564
3242305937.5,-26.17326
3242306093.75,-26.17354
3242306250.0,-26.16959
3242306406.25,-26.16978
3242306562.5,-26.1667
3242306718.75,-26.16087
3242306875.0,-26.15603
3242307031.25,-26.15626
3242307187.5,-26.15228
3242307343.75,-26.1515
3242307500.0,-26.14832
3242307656.25,-26.14565
3242307812.5,-26.14288
3242307968.75,-26.14131
3242308125.0,-26.13698
3242308281.25,-26.13407
3242308437.5,-26.133
3242308593.75,-26.13109
3242308750.0,-26.12636
3242308906.25,-26.12372
3242309062.5,-26.12255
3242309218.75,-26.11713
3242309375.0,-26.11418
3242309531.25,-26.11283
3242309687.5,-26.11258
3242309843.75,-26.1063
3242310000.0,-26.10488
3242310156.25,-26.10393
3242310312.5,-26.10007
3242310468.75,-26.09745
3242310625.0,-26.09459
3242310781.25,-26.08961
3242310937.5,-26.08645
3242311093.75,-26.08396
3242311250.0,-26.0798
3242311406.25,-26.08202
3242311562.5,-26.07763
3242311718.75,-26.07511
3242311875.0,-26.07339
3242312031.25,-26.07123
3242312187.5,-26.06871
3242312343.75,-26.06248
3242312500.0,-26.06056
3242312656.25,-26.05856
3242312812.5,-26.05706
3242312968.75,-26.05458
3242313125.0,-26.04536
3242313281.25,-26.05055
3242313437.5,-26.04352
3242313593.75,-26.04387
3242313750.0,-26.04219
3242313906.25,-26.03261
3242314062.5,-26.03429
3242314218.75,-26.03226
3242314375.0,-26.02986
3242314531.25,-26.02393
3242314687.5,-26.01751
3242314843.75,-26.0202
3242315000.0,-26.01893
3242315156.25,-26.01916
3242315312.5,-26.01395
3242315468.75,-26.00754
3242315625.0,-26.00806
3242315781.25,-26.00413
3242315937.5,-26.00088
3242316093.75,-25.9958
3242316250.0,-25.99479
3242316406.25,-25.9921
3242316562.5,-25.99484
3242316718.75,-25.99002
3242316875.0,-25.98507
3242317031.25,-25.98427
3242317187.5,-25.98022
3242317343.75,-25.97302
3242317500.0,-25.97338
3242317656.25,-25.97094
3242317812.5,-25.96865
3242317968.75,-25.96607
3242318125.0,-25.96022
3242318281.25,-25.95922
3242318437.5,-25.95531
3242318593.75,-25.95371
3242318750.0,-25.95097
3242318906.25,-25.95109
3242319062.5,-25.94881
3242319218.75,-25.94187
3242319375.0,-25.94211
3242319531.25,-25.93414
3242319687.5,-25.93418
3242319843.75,-25.93148
3242320000.0,-25.93151
3242320156.25,-25.92886
3242320312.5,-25.92495
3242320468.75,-25.92493
3242320625.0,-25.9196
3242320781.25,-25.91371
3242320937.5,-25.91234
3242321093.75,-25.90942
3242321250.0,-25.90804
3242321406.25,-25.90635
3242321562.5,-25.90247
3242321718.75,-25.90078
3242321875.0,-25.89818
3242322031.25,-25.89953
3242322187.5,-25.89153
3242322343.75,-25.89241
3242322500.0,-25.88921
3242322656.25,-25.88432
3242322812.5,-25.88519
3242322968.75,-25.87652
3242323125.0,-25.8764
3242323281.25,-25.87447
3242323437.5,-25.87131
3242323593.75,-25.86622
3242323750.0,-25.86569
3242323906.25,-25.86086
3242324062.5,-25.85787
3242324218.75,-25.85114
3242324375.0,-25.8559
3242324531.25,-25.84615
3242324687.5,-25.84685
3242324843.75,-25.84025
3242325000.0,-25.83986
3242325156.25,-25.83901
3242325312.5,-25.83696
3242325468.75,-25.82929
3242325625.0,-25.83054
3242325781.25,-25.82462
3242325937.5,-25.82214
3242326093.75,-25.8207
3242326250.0,-25.81581
3242326406.25,-25.81692
3242326562.5,-25.81403
3242326718.75,-25.81097
3242326875.0,-25.80609
3242327031.25,-25.80472
3242327187.5,-25.80332
3242327343.75,-25.80143
3242327500.0,-25.80119
3242327656.25,-25.79473
3242327812.5,-25.79113
3242327968.75,-25.78741
3242328125.0,-25.78894
3242328281.25,-25.78301
3242328437.5,-25.78275
3242328593.75,-25.77592
3242328750.0,-25.77796
3242328906.25,-25.77197
3242329062.5,-25.7688
3242329218.75,-25.76544
3242329375.0,-25.76591
3242329531.25,-25.76165
3242329687.5,-25.76012
3242329843.75,-25.7549
3242330000.0,-25.75617
3242330156.25,-25.7511
3242330312.5,-25.75029
3242330468.75,-25.74546
3242330625.0,-25.7457
3242330781.25,-25.73865
3242330937.5,-25.73756
3242331093.75,-25.73431
3242331250.0,-25.73094
3242331406.25,-25.73028
3242331562.5,-25.72392
3242331718.75,-25.72137
3242331875.0,-25.71817
3242332031.25,-25.71492
3242332187.5,-25.71526
3242332343.75,-25.70695
3242332500.0,-25.70875
3242332656.25,-25.7066
3242332812.5,-25.70225
3242332968.75,-25.70144
3242333125.0,-25.7003
3242333281.25,-25.69289
3242333437.5,-25.69452
3242333593.75,-25.6888
3242333750.0,-25.68739
3242333906.25,-25.68192
3242334062.5,-25.67665
3242334218.75,-25.67554
3242334375.0,-25.67579
3242334531.25,-25.6714
3242334687.5,-25.67079
3242334843.75,-25.66724
3242335000.0,-25.66216
3242335156.25,-25.65981
3242335312.5,-25.65464
3242335468.75,-25.65358
3242335625.0,-25.65022
3242335781.25,-25.65099
3242335937.5,-25.64389
3242336093.75,-25.64391
3242336250.0,-25.6399
3242336406.25,-25.63461
3242336562.5,-25.63256
3242336718.75,-25.63018
3242336875.0,-25.62933
3242337031.25,-25.63142
3242337187.5,-25.62603
3242337343.75,-25.62472
3242337500.0,-25.61386
3242337656.25,-25.6167
3242337812.5,-25.61517
3242337968.75,-25.6111
3242338125.0,-25.61124
3242338281.25,-25.60058
3242338437.5,-25.60361
3242338593.75,-25.59972
3242338750.0,-25.59607
3242338906.25,-25.59221
3242339062.5,-25.58916
3242339218.75,-25.58839
3242339375.0,-25.58506
3242339531.25,-25.5834
3242339687.5,-25.58191
3242339843.75,-25.57707
3242340000.0,-25.57331
3242340156.25,-25.57141
3242340312.5,-25.56524
3242340468.75,-25.56535
3242340625.0,-25.56093
3242340781.25,-25.55777
3242340937.5,-25.55407
3242341093.75,-25.55485
3242341250.0,-25.55194
3242341406.25,-25.54867
3242341562.5,-25.543
3242341718.75,-25.54216
3242341875.0,-25.54312
3242342031.25,-25.53891
3242342187.5,-25.53214
3242342343.75,-25.53039
3242342500.0,-25.52727
3242342656.25,-25.52205
3242342812.5,-25.52441
3242342968.75,-25.52272
3242343125.0,-25.5176
3242343281.25,-25.51301
3242343437.5,-25.51255
3242343593.75,-25.50779
3242343750.0,-25.50499
3242343906.25,-25.5039
3242344062.5,-25.50102
3242344218.75,-25.49844
3242344375.0,-25.49154
3242344531.25,-25.48958
3242344687.5,-25.48605
3242344843.75,-25.48878
3242345000.0,-25.48201
3242345156.25,-25.47809
3242345312.5,-25.47849
3242345468.75,-25.47445
3242345625.0,-25.47181
3242345781.25,-25.46772
3242345937.5,-25.46679
3242346093.75,-25.46406
3242346250.0,-25.46039
3242346406.25,-25.46115
3242346562.5,-25.4534
3242346718.75,-25.45288
3242346875.0,-25.44659
3242347031.25,-25.44703
3242347187.5,-25.44743
3242347343.75,-25.44446
3242347500.0,-25.43387
3242347656.25,-25.43948
3242347812.5,-25.43418
3242347968.75,-25.42806
3242348125.0,-25.42707
3242348281.25,-25.42402
3242348437.5,-25.41587
3242348593.75,-25.41725
3242348750.0,-25.41255
3242348906.25,-25.41068
3242349062.5,-25.4091
3242349218.75,-25.40542
3242349375.0,-25.40391
3242349531.25,-25.40246
3242349687.5,-25.40297
3242349843.75,-25.39305
3242350000.0,-25.39212
3242350156.25,-25.39168
3242350312.5,-25.3877
3242350468.75,-25.3834
3242350625.0,-25.38098
3242350781.25,-25.3771
3242350937.5,-25.37516
3242351093.75,-25.37011
3242351250.0,-25.37001
3242351406.25,-25.36322
3242351562.5,-25.362
3242351718.75,-25.35887
3242351875.0,-25.35967
3242352031.25,-25.35433
3242352187.5,-25.3504
3242352343.75,-25.34985
3242352500.0,-25.34607
3242352656.25,-25.34297
3242352812.5,-25.33742
3242352968.75,-25.33605
3242353125.0,-25.33663
3242353281.25,-25.33278
3242353437.5,-25.33105
3242353593.75,-25.32654
3242353750.0,-25.32532
3242353906.25,-25.31994
3242354062.5,-25.32
3242354218.75,-25.31741
3242354375.0,-25.31157
3242354531.25,-25.30792
3242354687.5,-25.3074
3242354843.75,-25.30016
3242355000.0,-25.30116
3242355156.25,-25.2963
3242355312.5,-25.29626
3242355468.75,-25.29196
3242355625.0,-25.28723
3242355781.25,-25.28566
3242355937.5,-25.2835
3242356093.75,-25.27985
3242356250.0,-25.27767
3242356406.25,-25.27193
3242356562.5,-25.27463
3242356718.75,-25.26933
3242356875.0,-25.2652
3242357031.25,-25.26196
3242357187.5,-25.25998
3242357343.75,-25.25489
3242357500.0,-25.25531
3242357656.25,-25.25051
3242357812.5,-25.24837
3242357968.75,-25.24669
3242358125.0,-25.24279
3242358281.25,-25.2389
3242358437.5,-25.23526
3242358593.75,-25.23177
3242358750.0,-25.22873
3242358906.25,-25.2263
3242359062.5,-25.22681
3242359218.75,-25.22329
3242359375.0,-25.2191
3242359531.25,-25.21708
3242359687.5,-25.21369
3242359843.75,-25.21149
3242360000.0,-25.20862
3242360156.25,-25.20542
3242360312.5,-25.20239
3242360468.75,-25.19934
3242360625.0,-25.19365
3242360781.25,-25.19405
3242360937.5,-25.19249
3242361093.75,-25.19145
3242361250.0,-25.18407
3242361406.25,-25.18274
3242361562.5,-25.17977
3242361718.75,-25.17395
3242361875.0,-25.17582
3242362031.25,-25.17085
3242362187.5,-25.16618
3242362343.75,-25.16217
3242362500.0,-25.16233
3242362656.25,-25.15824
3242362812.5,-25.15343
3242362968.75,-25.15109
3242363125.0,-25.15024
3242363281.25,-25.15036
3242363437.5,-25.144
3242363593.75,-25.13881
3242363750.0,-25.13457
3242363906.25,-25.13491
3242364062.5,-25.12963
3242364218.75,-25.12807
3242364375.0,-25.12529
3242364531.25,-25.12358
3242364687.5,-25.12207
3242364843.75,-25.11766
3242365000.0,-25.11658
3242365156.25,-25.11088
3242365312.5,-25.10689
3242365468.75,-25.10475
3242365625.0,-25.10239
3242365781.25,-25.10294
3242365937.5,-25.09665
3242366093.75,-25.09294
3242366250.0,-25.0902
3242366406.25,-25.08869
3242366562.5,-25.08185
3242366718.75,-25.08432
3242366875.0,-25.08134
3242367031.25,-25.07785
3242367187.5,-25.07266
3242367343.75,-25.07226
3242367500.0,-25.06618
3242367656.25,-25.0644
3242367812.5,-25.0592
3242367968.75,-25.0577
3242368125.0,-25.05579
3242368281.25,-25.05382
3242368437.5,-25.05218
3242368593.75,-25.04866
3242368750.0,-25.04409
3242368906.25,-25.04099
3242369062.5,-25.04115
3242369218.75,-25.03412
3242369375.0,-25.03299
3242369531.25,-25.03247
3242369687.5,-25.0288
3242369843.75,-25.02379
3242370000.0,-25.02337
3242370156.25,-25.01899
3242370312.5,-25.01363
3242370468.75,-25.01265
3242370625.0,-25.01157
3242370781.25,-25.00794
3242370937.5,-25.00377
3242371093.75,-25.00159
3242371250.0,-24.99905
3242371406.25,-24.99557
3242371562.5,-24.99382
3242371718.75,-24.99009
3242371875.0,-24.98807
3242372031.25,-24.98421
3242372187.5,-24.98077
3242372343.75,-24.97616
3242372500.0,-24.97327
3242372656.25,-24.97025
3242372812.5,-24.96891
3242372968.75,-24.96369
3242373125.0,-24.95958
3242373281.25,-24.95825
3242373437.5,-24.95711
3242373593.75,-24.95507
3242373750.0,-24.95416
3242373906.25,-24.94701
3242374062.5,-24.94229
3242374218.75,-24.94049
3242374375.0,-24.93707
3242374531.25,-24.93803
3242374687.5,-24.9322
3242374843.75,-24.92561
3242375000.0,-24.92553
3242375156.25,-24.92436
3242375312.5,-24.92247
3242375468.75,-24.92106
3242375625.0,-24.91403
3242375781.25,-24.91271
3242375937.5,-24.90891
3242376093.75,-24.90742
3242376250.0,-24.90721
3242376406.25,-24.90193
3242376562.5,-24.89908
3242376718.75,-24.89263
3242376875.0,-24.8913
3242377031.25,-24.88874
3242377187.5,-24.88359
3242377343.75,-24.8823
3242377500.0,-24.87961
3242377656.25,-24.87725
3242377812.5,-24.87487
3242377968.75,-24.86924
3242378125.0,-24.86849
3242378281.25,-24.86179
3242378437.5,-24.86238
3242378593.75,-24.8618
3242378750.0,-24.85637
3242378906.25,-24.85
3242379062.5,-24.84896
3242379218.75,-24.84645
3242379375.0,-24.84824
3242379531.25,-24.84064
3242379687.5,-24.83577
3242379843.75,-24.83414
3242380000.0,-24.83511
3242380156.25,-24.82694
3242380312.5,-24.83023
3242380468.75,-24.82354
3242380625.0,-24.81894
3242380781.25,-24.81826
3242380937.5,-24.81504
3242381093.75,-24.81385
3242381250.0,-24.81156
3242381406.25,-24.80738
3242381562.5,-24.8015
3242381718.75,-24.80175
3242381875.0,-24.79889
3242382031.25,-24.79412
3242382187.5,-24.79018
3242382343.75,-24.78673
3242382500.0,-24.78597
3242382656.25,-24.78086
3242382812.5,-24.7748
3242382968.75,-24.7782
3242383125.0,-24.77059
3242383281.25,-24.77119
3242383437.5,-24.76592
3242383593.75,-24.7636
3242383750.0,-24.7577
3242383906.25,-24.75863
3242384062.5,-24.75879
3242384218.75,-24.75499
3242384375.0,-24.74847
3242384531.25,-24.74463
3242384687.5,-24.74361
3242384843.75,-24.73829
3242385000.0,-24.73821
3242385156.25,-24.73474
3242385312.5,-24.7293
3242385468.75,-24.72948
3242385625.0,-24.72572
3242385781.25,-24.7241
3242385937.5,-24.71637
3242386093.75,-24.71866
3242386250.0,-24.71465
3242386406.25,-24.71114
3242386562.5,-24.7062
3242386718.75,-24.70299
3242386875.0,-24.70071
3242387031.25,-24.69921
3242387187.5,-24.69754
3242387343.75,-24.69522
3242387500.0,-24.69169
3242387656.25,-24.68787
3242387812.5,-24.68227
3242387968.75,-24.6811
3242388125.0,-24.67909
3242388281.25,-24.67414
3242388437.5,-24.67141
3242388593.75,-24.66776
3242388750.0,-24.66718
3242388906.25,-24.66011
3242389062.5,-24.66004
3242389218.75,-24.65692
3242389375.0,-24.65134
3242389531.25,-24.64896
3242389687.5,-24.64766
3242389843.75,-24.64563
3242390000.0,-24.63931
3242390156.25,-24.63839
3242390312.5,-24.63589
3242390468.75,-24.63574
3242390625.0,-24.63076
3242390781.25,-24.62666
3242390937.5,-24.62228
3242391093.75,-24.62243
3242391250.0,-24.61977
3242391406.25,-24.61269
3242391562.5,-24.61092
3242391718.75,-24.61092
3242391875.0,-24.60438
3242392031.25,-24.60061
3242392187.5,-24.59885
3242392343.75,-24.59563
3242392500.0,-24.5898
3242392656.25,-24.58916
3242392812.5,-24.58654
3242392968.75,-24.58559
3242393125.0,-24.58403
3242393281.25,-24.57942
3242393437.5,-24.57697
3242393593.75,-24.57014
3242393750.0,-24.56898
3242393906.25,-24.56888
3242394062.5,-24.56265
3242394218.75,-24.5617
3242394375.0,-24.55718
3242394531.25,-24.55468
3242394687.5,-24.5531
3242394843.75,-24.54506
3242395000.0,-24.54716
3242395156.25,-24.5412
3242395312.5,-24.53933
3242395468.75,-24.53658
3242395625.0,-24.53348
3242395781.25,-24.52957
3242395937.5,-24.52574
3242396093.75,-24.52381
3242396250.0,-24.52115
3242396406.25,-24.51643
3242396562.5,-24.5178
3242396718.75,-24.51268
3242396875.0,-24.50963
3242397031.25,-24.50582
3242397187.5,-24.50217
3242397343.75,-24.49755
3242397500.0,-24.49887
3242397656.25,-24.49379
3242397812.5,-24.49318
3242397968.75,-24.48959
3242398125.0,-24.48231
3242398281.25,-24.47917
3242398437.5,-24.47662
3242398593.75,-24.47731
3242398750.0,-24.47343
3242398906.25,-24.46757
3242399062.5,-24.46794
3242399218.75,-24.46385
3242399375.0,-24.46018
3242399531.25,-24.45868
3242399687.5,-24.45705
3242399843.75,-24.44969
3242400000.0,-24.44992
3242400156.25,-24.44459
3242400312.5,-24.44108
3242400468.75,-24.43664
3242400625.0,-24.43537
3242400781.25,-24.43301
3242400937.5,-24.42978
3242401093.75,-24.42738
3242401250.0,-24.42599
3242401406.25,-24.42333
3242401562.5,-24.41536
3242401718.75,-24.41642
3242401875.0,-24.41478
3242402031.25,-24.40581
3242402187.5,-24.40693
3242402343.75,-24.40321
3242402500.0,-24.39957
3242402656.25,-24.39604
3242402812.5,-24.39639
3242402968.75,-24.39083
3242403125.0,-24.38689
3242403281.25,-24.38432
3242403437.5,-24.38252
3242403593.75,-24.37708
3242403750.0,-24.37403
3242403906.25,-24.36978
3242404062.5,-24.36972
3242404218.75,-24.36736
3242404375.0,-24.36093
3242404531.25,-24.35964
3242404687.5,-24.3579
3242404843.75,-24.35241
3242405000.0,-24.35327
3242405156.25,-24.34481
3242405312.5,-24.34287
3242405468.75,-24.34089
3242405625.0,-24.33587
3242405781.25,-24.33623
3242405937.5,-24.33105
3242406093.75,-24.33045
3242406250.0,-24.32969
3242406406.25,-24.32614
3242406562.5,-24.32117
3242406718.75,-24.31719
3242406875.0,-24.31581
3242407031.25,-24.31078
3242407187.5,-24.30847
3242407343.75,-24.30901
3242407500.0,-24.30174
3242407656.25,-24.30079
3242407812.5,-24.29412
3242407968.75,-24.29249
3242408125.0,-24.28856
3242408281.25,-24.28646
3242408437.5,-24.28312
3242408593.75,-24.2816
3242408750.0,-24.27957
3242408906.25,-24.27539
3242409062.5,-24.26976
3242409218.75,-24.26717
3242409375.0,-24.26513
3242409531.25,-24.26126
3242409687.5,-24.26113
3242409843.75,-24.25575
3242410000.0,-24.25328
3242410156.25,-24.24899
3242410312.5,-24.2492
3242410468.75,-24.24324
3242410625.0,-24.23897
3242410781.25,-24.23829
3242410937.5,-24.23453
3242411093.75,-24.23322
3242411250.0,-24.22796
3242411406.25,-24.22765
3242411562.5,-24.2226
3242411718.75,-24.21882
3242411875.0,-24.2141
3242412031.25,-24.21048
3242412187.5,-24.20949
3242412343.75,-24.21021
3242412500.0,-24.20275
3242412656.25,-24.20124
3242412812.5,-24.19635
3242412968.75,-24.1942
3242413125.0,-24.19156
3242413281.25,-24.19101
3242413437.5,-24.18538
3242413593.75,-24.18076
3242413750.0,-24.18253
3242413906.25,-24.17477
3242414062.5,-24.17171
3242414218.75,-24.16906
3242414375.0,-24.1678
3242414531.25,-24.16264
3242414687.5,-24.15984
3242414843.75,-24.15841
3242415000.0,-24.15509
3242415156.25,-24.15447
3242415312.5,-24.1489
3242415468.75,-24.14384
3242415625.0,-24.14017
3242415781.25,-24.13919
3242415937.5,-24.13748
3242416093.75,-24.13448
3242416250.0,-24.13088
3242416406.25,-24.12624
3242416562.5,-24.124
3242416718.75,-24.11825
3242416875.0,-24.1176
3242417031.25,-24.11659
3242417187.5,-24.11382
3242417343.75,-24.11106
3242417500.0,-24.10535
3242417656.25,-24.10173
3242417812.5,-24.10085
3242417968.75,-24.09881
3242418125.0,-24.09138
3242418281.25,-24.09311
3242418437.5,-24.08742
3242418593.75,-24.08541
3242418750.0,-24.08117
3242418906.25,-24.07688
3242419062.5,-24.07702
3242419218.75,-24.07139
3242419375.0,-24.06643
3242419531.25,-24.06718
3242419687.5,-24.06206
3242419843.75,-24.05847
3242420000.0,-24.05842
3242420156.25,-24.05313
3242420312.5,-24.05289
3242420468.75,-24.04888
3242420625.0,-24.04503
3242420781.25,-24.03525
3242420937.5,-24.03508
3242421093.75,-24.03595
3242421250.0,-24.03074
3242421406.25,-24.02805
3242421562.5,-24.02486
3242421718.75,-24.02379
3242421875.0,-24.01939
3242422031.25,-24.01743
3242422187.5,-24.01466
3242422343.75,-24.01019
3242422500.0,-24.00338
3242422656.25,-24.00254
3242422812.5,-24.00135
3242422968.75,-23.99644
3242423125.0,-23.99418
3242423281.25,-23.99091
3242423437.5,-23.98797
3242423593.75,-23.98475
3242423750.0,-23.98159
3242423906.25,-23.97915
3242424062.5,-23.97596
3242424218.75,-23.97248
3242424375.0,-23.96789
3242424531.25,-23.96609
3242424687.5,-23.96281
3242424843.75,-23.96011
3242425000.0,-23.95704
3242425156.25,-23.95177
3242425312.5,-23.95078
3242425468.75,-23.94841
3242425625.0,-23.94603
3242425781.25,-23.94289
3242425937.5,-23.93974
3242426093.75,-23.93316
3242426250.0,-23.93156
3242426406.25,-23.92901
3242426562.5,-23.92608
3242426718.75,-23.92363
3242426875.0,-23.91751
3242427031.25,-23.91571
3242427187.5,-23.91385
3242427343.75,-23.9076
3242427500.0,-23.90653
3242427656.25,-23.9034
3242427812.5,-23.90131
3242427968.75,-23.90176
3242428125.0,-23.89686
3242428281.25,-23.89325
3242428437.5,-23.88944
3242428593.75,-23.88537
3242428750.0,-23.8826
3242428906.25,-23.87929
3242429062.5,-23.8782
3242429218.75,-23.87175
3242429375.0,-23.86823
3242429531.25,-23.86952
3242429687.5,-23.8653
3242429843.75,-23.8597
3242430000.0,-23.86086
3242430156.25,-23.85416
3242430312.5,-23.85206
3242430468.75,-23.84716
3242430625.0,-23.84573
3242430781.25,-23.8418
3242430937.5,-23.83933
3242431093.75,-23.83303
3242431250.0,-23.83413
3242431406.25,-23.82524
3242431562.5,-23.82496
3242431718.75,-23.82538
3242431875.0,-23.81984
3242432031.25,-23.81631
3242432187.5,-23.8129
3242432343.75,-23.81002
3242432500.0,-23.80769
3242432656.25,-23.80257
3242432812.5,-23.79951
3242432968.75,-23.79761
3242433125.0,-23.79493
3242433281.25,-23.79005
3242433437.5,-23.78796
3242433593.75,-23.78666
3242433750.0,-23.78179
3242433906.25,-23.77787
3242434062.5,-23.77528
3242434218.75,-23.76987
3242434375.0,-23.76998
3242434531.25,-23.76586
3242434687.5,-23.7631
3242434843.75,-23.75908
3242435000.0,-23.75753
3242435156.25,-23.75606
3242435312.5,-23.75084
3242435468.75,-23.74889
3242435625.0,-23.74586
3242435781.25,-23.741
3242435937.5,-23.73854
3242436093.75,-23.73504
3242436250.0,-23.73284
3242436406.25,-23.72853
3242436562.5,-23.72326
3242436718.75,-23.72533
3242436875.0,-23.71957
3242437031.25,-23.71827
3242437187.5,-23.71177
3242437343.75,-23.70968
3242437500.0,-23.70788
3242437656.25,-23.70205
3242437812.5,-23.70203
3242437968.75,-23.6983
3242438125.0,-23.6972
3242438281.25,-23.69355
3242438437.5,-23.68694
3242438593.75,-23.68595
3242438750.0,-23.68084
3242438906.25,-23.68032
3242439062.5,-23.67701
3242439218.75,-23.67088
3242439375.0,-23.67147
3242439531.25,-23.66572
3242439687.5,-23.66207
3242439843.75,-23.66381
3242440000.0,-23.65589
3242440156.25,-23.65524
3242440312.5,-23.65057
3242440468.75,-23.64979
3242440625.0,-23.64747
3242440781.25,-23.64298
3242440937.5,-23.63749
3242441093.75,-23.63628
3242441250.0,-23.63223
3242441406.25,-23.62926
3242441562.5,-23.62535
3242441718.75,-23.62524
3242441875.0,-23.61889
3242442031.25,-23.61483
3242442187.5,-23.61293
3242442343.75,-23.61039
3242442500.0,-23.60826
3242442656.25,-23.60257
3242442812.5,-23.59779
3242442968.75,-23.59713
3242443125.0,-23.59477
3242443281.25,-23.58807
3242443437.5,-23.58595
3242443593.75,-23.58518
3242443750.0,-23.5815
3242443906.25,-23.57908
3242444062.5,-23.57286
3242444218.75,-23.57239
3242444375.0,-23.57008
3242444531.25,-23.56577
3242444687.5,-23.56373
3242444843.75,-23.55858
3242445000.0,-23.55453
3242445156.25,-23.55241
3242445312.5,-23.55179
3242445468.75,-23.54501
3242445625.0,-23.54318
3242445781.25,-23.54161
3242445937.5,-23.53523
3242446093.75,-23.53186
3242446250.0,-23.53112
3242446406.25,-23.52632
3242446562.5,-23.52567
3242446718.75,-23.51978
3242446875.0,-23.51634
3242447031.25,-23.51907
3242447187.5,-23.5143
3242447343.75,-23.51134
3242447500.0,-23.50438
3242447656.25,-23.50287
3242447812.5,-23.49905
3242447968.75,-23.49636
3242448125.0,-23.49469
3242448281.25,-23.48847
3242448437.5,-23.48618
3242448593.75,-23.48351
3242448750.0,-23.48256
3242448906.25,-23.47901
3242449062.5,-23.47274
3242449218.75,-23.47067
3242449375.0,-23.47019
3242449531.25,-23.46609
3242449687.5,-23.46194
3242449843.75,-23.45777
3242450000.0,-23.4539
3242450156.25,-23.45212
3242450312.5,-23.44917
3242450468.75,-23.44894
3242450625.0,-23.44257
3242450781.25,-23.43958
3242450937.5,-23.43473
3242451093.75,-23.43178
3242451250.0,-23.43347
3242451406.25,-23.42764
3242451562.5,-23.42288
3242451718.75,-23.42035
3242451875.0,-23.41748
3242452031.25,-23.41647
3242452187.5,-23.40973
3242452343.75,-23.4099
3242452500.0,-23.40142
3242452656.25,-23.401
3242452812.5,-23.39827
3242452968.75,-23.39633
3242453125.0,-23.39374
3242453281.25,-23.38909
3242453437.5,-23.38508
3242453593.75,-23.38116
3242453750.0,-23.37735
3242453906.25,-23.37798
3242454062.5,-23.37544
3242454218.75,-23.37078
3242454375.0,-23.36809
3242454531.25,-23.36416
3242454687.5,-23.36158
3242454843.75,-23.35873
3242455000.0,-23.35333
3242455156.25,-23.35089
3242455312.5,-23.34881
3242455468.75,-23.34701
3242455625.0,-23.34153
3242455781.25,-23.33995
3242455937.5,-23.33425
3242456093.75,-23.33316
3242456250.0,-23.3278
3242456406.25,-23.32723
3242456562.5,-23.32225
3242456718.75,-23.32146
3242456875.0,-23.31373
3242457031.25,-23.31378
3242457187.5,-23.30691
3242457343.75,-23.30582
3242457500.0,-23.30179
3242457656.25,-23.29963
3242457812.5,-23.29876
3242457968.75,-23.29135
3242458125.0,-23.29068
3242458281.25,-23.28853
3242458437.5,-23.28474
3242458593.75,-23.2791
3242458750.0,-23.28145
3242458906.25,-23.2745
3242459062.5,-23.2727
3242459218.75,-23.26656
3242459375.0,-23.26646
3242459531.25,-23.26311
3242459687.5,-23.26004
3242459843.75,-23.25705
3242460000.0,-23.25547
3242460156.25,-23.2482
3242460312.5,-23.24795
3242460468.75,-23.2458
3242460625.0,-23.23885
3242460781.25,-23.24036
3242460937.5,-23.23371
3242461093.75,-23.23065
3242461250.0,-23.22808
3242461406.25,-23.22494
3242461562.5,-23.22283
3242461718.75,-23.22006
3242461875.0,-23.2143
3242462031.25,-23.21338
3242462187.5,-23.21117
3242462343.75,-23.20596
3242462500.0,-23.20045
3242462656.25,-23.20055
3242462812.5,-23.19549
3242462968.75,-23.19217
3242463125.0,-23.18944
3242463281.25,-23.18563
3242463437.5,-23.18418
3242463593.75,-23.18059
3242463750.0,-23.1766
3242463906.25,-23.1774
3242464062.5,-23.17018
3242464218.75,-23.16459
3242464375.0,-23.16359
3242464531.25,-23.15892
3242464687.5,-23.15973
3242464843.75,-23.15544
3242465000.0,-23.15185
3242465156.25,-23.1487
3242465312.5,-23.14374
3242465468.75,-23.14283
3242465625.0,-23.13697
3242465781.25,-23.13758
3242465937.5,-23.13217
3242466093.75,-23.12934
3242466250.0,-23.12533
3242466406.25,-23.12399
3242466562.5,-23.11877
3242466718.75,-23.1148
3242466875.0,-23.11255
3242467031.25,-23.10898
3242467187.5,-23.1053
3242467343.75,-23.10322
3242467500.0,-23.10004
3242467656.25,-23.09955
3242467812.5,-23.09275
3242467968.75,-23.09093
3242468125.0,-23.09029
3242468281.25,-23.08261
3242468437.5,-23.08175
3242468593.75,-23.07841
3242468750.0,-23.07623
3242468906.25,-23.07139
3242469062.5,-23.06797
3242469218.75,-23.06633
3242469375.0,-23.06391
3242469531.25,-23.06061
3242469687.5,-23.05502
3242469843.75,-23.05171
3242470000.0,-23.0491
3242470156.25,-23.04574
3242470312.5,-23.04424
3242470468.75,-23.03904
3242470625.0,-23.03523
3242470781.25,-23.03442
3242470937.5,-23.0311
3242471093.75,-23.02616
3242471250.0,-23.0241
3242471406.25,-23.02022
3242471562.5,-23.01712
3242471718.75,-23.01513
3242471875.0,-23.01265
3242472031.25,-23.00675
3242472187.5,-23.0031
3242472343.75,-23.00085
3242472500.0,-22.99813
3242472656.25,-22.9947
3242472812.5,-22.99399
3242472968.75,-22.99387
3242473125.0,-22.98712
3242473281.25,-22.98294
3242473437.5,-22.98039
3242473593.75,-22.97997
3242473750.0,-22.97324
3242473906.25,-22.96876
3242474062.5,-22.96582
3242474218.75,-22.96229
3242474375.0,-22.96204
3242474531.25,-22.95666
3242474687.5,-22.95362
3242474843.75,-22.9504
3242475000.0,-22.94548
3242475156.25,-22.94231
3242475312.5,-22.94162
3242475468.75,-22.94019
3242475625.0,-22.93106
3242475781.25,-22.93438
3242475937.5,-22.92909
3242476093.75,-22.92608
3242476250.0,-22.92495
3242476406.25,-22.91771
3242476562.5,-22.91633
3242476718.75,-22.90933
3242476875.0,-22.9094
3242477031.25,-22.90577
3242477187.5,-22.90126
3242477343.75,-22.9026
3242477500.0,-22.897
3242477656.25,-22.89388
3242477812.5,-22.89029
3242477968.75,-22.88607
3242478125.0,-22.88297
3242478281.25,-22.87777
3242478437.5,-22.87885
3242478593.75,-22.87313
3242478750.0,-22.86953
3242478906.25,-22.86681
3242479062.5,-22.86521
3242479218.75,-22.86194
3242479375.0,-22.85839
3242479531.25,-22.85875
3242479687.5,-22.85384
3242479843.75,-22.84917
3242480000.0,-22.84569
3242480156.25,-22.84328
3242480312.5,-22.84166
3242480468.75,-22.83545
3242480625.0,-22.83317
3242480781.25,-22.83087
3242480937.5,-22.82529
3242481093.75,-22.82063
3242481250.0,-22.81615
3242481406.25,-22.81676
3242481562.5,-22.81344
3242481718.75,-22.8095
3242481875.0,-22.80645
3242482031.25,-22.80528
3242482187.5,-22.80379
3242482343.75,-22.7957
3242482500.0,-22.7952
3242482656.25,-22.79362
3242482812.5,-22.78773
3242482968.75,-22.78234
3242483125.0,-22.78131
3242483281.25,-22.7772
3242483437.5,-22.77504
3242483593.75,-22.77193
3242483750.0,-22.77072
3242483906.25,-22.76412
3242484062.5,-22.76109
3242484218.75,-22.7607
3242484375.0,-22.75679
3242484531.25,-22.75475
3242484687.5,-22.75079
3242484843.75,-22.74681
3242485000.0,-22.74214
3242485156.25,-22.74141
3242485312.5,-22.73762
3242485468.75,-22.73405
3242485625.0,-22.729
3242485781.25,-22.72511
3242485937.5,-22.72702
3242486093.75,-22.71996
3242486250.0,-22.71736
3242486406.25,-22.71536
3242486562.5,-22.71142
3242486718.75,-22.70782
3242486875.0,-22.70727
3242487031.25,-22.70206
3242487187.5,-22.69805
3242487343.75,-22.69414
3242487500.0,-22.69127
3242487656.25,-22.68861
3242487812.5,-22.68787
3242487968.75,-22.68271
3242488125.0,-22.6796
3242488281.25,-22.67564
3242488437.5,-22.67303
3242488593.75,-22.67006
3242488750.0,-22.66819
3242488906.25,-22.66457
3242489062.5,-22.6633
3242489218.75,-22.65834
3242489375.0,-22.65513
3242489531.25,-22.65232
3242489687.5,-22.64744
3242489843.75,-22.64472
3242490000.0,-22.64144
3242490156.25,-22.63617
3242490312.5,-22.63169
3242490468.75,-22.63365
3242490625.0,-22.62733
3242490781.25,-22.62472
3242490937.5,-22.62254
3242491093.75,-22.61746
3242491250.0,-22.61689
3242491406.25,-22.61326
3242491562.5,-22.60917
3242491718.75,-22.60587
3242491875.0,-22.60295
3242492031.25,-22.599
3242492187.5,-22.59706
3242492343.75,-22.59501
3242492500.0,-22.59023
3242492656.25,-22.59048
3242492812.5,-22.58216
3242492968.75,-22.58272
3242493125.0,-22.57936
3242493281.25,-22.57364
3242493437.5,-22.57146
3242493593.75,-22.56988
3242493750.0,-22.56797
3242493906.25,-22.5628
3242494062.5,-22.55948
3242494218.75,-22.55512
3242494375.0,-22.55217
3242494531.25,-22.54882
3242494687.5,-22.5451
3242494843.75,-22.54111
3242495000.0,-22.54128
3242495156.25,-22.53785
3242495312.5,-22.53188
3242495468.75,-22.53229
3242495625.0,-22.5285
3242495781.25,-22.52256
3242495937.5,-22.52368
3242496093.75,-22.51778
3242496250.0,-22.51322
3242496406.25,-22.51223
3242496562.5,-22.50951
3242496718.75,-22.50588
3242496875.0,-22.49943
3242497031.25,-22.49687
3242497187.5,-22.49635
3242497343.75,-22.49284
3242497500.0,-22.48785
3242497656.25,-22.48748
3242497812.5,-22.48102
3242497968.75,-22.47939
3242498125.0,-22.47615
3242498281.25,-22.47445
3242498437.5,-22.46811
3242498593.75,-22.46753
3242498750.0,-22.46408
3242498906.25,-22.46273
3242499062.5,-22.45723
3242499218.75,-22.45327
3242499375.0,-22.44973
3242499531.25,-22.44737
3242499687.5,-22.44473
3242499843.75,-22.44249
3242500000.0,-22.43948
3242500156.25,-22.43719
3242500312.5,-22.42865
3242500468.75,-22.42737
3242500625.0,-22.42345
3242500781.25,-22.42123
3242500937.5,-22.41986
3242501093.75,-22.41989
3242501250.0,-22.41674
3242501406.25,-22.40941
3242501562.5,-22.40764
3242501718.75,-22.40257
3242501875.0,-22.39915
3242502031.25,-22.39802
3242502187.5,-22.39523
3242502343.75,-22.38994
3242502500.0,-22.38773
3242502656.25,-22.38634
3242502812.5,-22.38313
3242502968.75,-22.3768
3242503125.0,-22.37733
3242503281.25,-22.37187
3242503437.5,-22.36925
3242503593.75,-22.36671
3242503750.0,-22.36264
3242503906.25,-22.3586
3242504062.5,-22.35645
3242504218.75,-22.35286
3242504375.0,-22.35121
3242504531.25,-22.34655
3242504687.5,-22.34401
3242504843.75,-22.33793
3242505000.0,-22.33858
3242505156.25,-22.32946
3242505312.5,-22.33167
3242505468.75,-22.3272
3242505625.0,-22.32428
3242505781.25,-22.32124
3242505937.5,-22.32004
3242506093.75,-22.31643
3242506250.0,-22.31049
3242506406.25,-22.30701
3242506562.5,-22.30449
3242506718.75,-22.30233
3242506875.0,-22.30033
3242507031.25,-22.29857
3242507187.5,-22.29342
3242507343.75,-22.28913
3242507500.0,-22.2865
3242507656.25,-22.28512
3242507812.5,-22.28073
3242507968.75,-22.27731
3242508125.0,-22.27147
3242508281.25,-22.26748
3242508437.5,-22.26721
3242508593.75,-22.26543
3242508750.0,-22.26278
3242508906.25,-22.25799
3242509062.5,-22.2563
3242509218.75,-22.25161
3242509375.0,-22.24737
3242509531.25,-22.24341
3242509687.5,-22.24436
3242509843.75,-22.24057
3242510000.0,-22.23486
3242510156.25,-22.23242
3242510312.5,-22.23058
3242510468.75,-22.22655
3242510625.0,-22.22233
3242510781.25,-22.21511
3242510937.5,-22.21532
3242511093.75,-22.21522
3242511250.0,-22.20929
3242511406.25,-22.20936
3242511562.5,-22.20648
3242511718.75,-22.19957
3242511875.0,-22.19801
3242512031.25,-22.19563
3242512187.5,-22.19246
3242512343.75,-22.18897
3242512500.0,-22.1859
3242512656.25,-22.17854
3242512812.5,-22.18008
3242512968.75,-22.17578
3242513125.0,-22.17204
3242513281.25,-22.17209
3242513437.5,-22.16861
3242513593.75,-22.16413
3242513750.0,-22.16326
3242513906.25,-22.15798
3242514062.5,-22.15576
3242514218.75,-22.15292
3242514375.0,-22.14833
3242514531.25,-22.14421
3242514687.5,-22.14215
3242514843.75,-22.13889
3242515000.0,-22.13462
3242515156.25,-22.13321
3242515312.5,-22.12979
3242515468.75,-22.12791
3242515625.0,-22.12181
3242515781.25,-22.1197
3242515937.5,-22.11571
3242516093.75,-22.11175
3242516250.0,-22.1113
3242516406.25,-22.10826
3242516562.5,-22.10359
3242516718.75,-22.10182
3242516875.0,-22.09747
3242517031.25,-22.09263
3242517187.5,-22.09136
3242517343.75,-22.08889
3242517500.0,-22.08456
3242517656.25,-22.08231
3242517812.5,-22.08042
3242517968.75,-22.07553
3242518125.0,-22.07409
3242518281.25,-22.07268
3242518437.5,-22.06576
3242518593.75,-22.06269
3242518750.0,-22.06002
3242518906.25,-22.05767
3242519062.5,-22.05282
3242519218.75,-22.05386
3242519375.0,-22.04931
3242519531.25,-22.04482
3242519687.5,-22.03967
3242519843.75,-22.03813
3242520000.0,-22.03208
3242520156.25,-22.03355
3242520312.5,-22.03063
3242520468.75,-22.02274
3242520625.0,-22.02367
3242520781.25,-22.02089
3242520937.5,-22.01722
3242521093.75,-22.01159
3242521250.0,-22.01166
3242521406.25,-22.00639
3242521562.5,-22.00463
3242521718.75,-22.00186
3242521875.0,-21.99702
3242522031.25,-21.99417
3242522187.5,-21.99256
3242522343.75,-21.98791
3242522500.0,-21.98582
3242522656.25,-21.98026
3242522812.5,-21.97785
3242522968.75,-21.97877
3242523125.0,-21.97277
3242523281.25,-21.96986
3242523437.5,-21.96847
3242523593.75,-21.9652
3242523750.0,-21.96008
3242523906.25,-21.95757
3242524062.5,-21.95482
3242524218.75,-21.94985
3242524375.0,-21.94909
3242524531.25,-21.9428
3242524687.5,-21.9441
3242524843.75,-21.94239
3242525000.0,-21.93628
3242525156.25,-21.93304
3242525312.5,-21.93059
3242525468.75,-21.92489
3242525625.0,-21.92299
3242525781.25,-21.92168
3242525937.5,-21.91853
3242526093.75,-21.91613
3242526250.0,-21.91142
3242526406.25,-21.90775
3242526562.5,-21.90415
3242526718.75,-21.90176
3242526875.0,-21.89905
3242527031.25,-21.89669
3242527187.5,-21.89192
3242527343.75,-21.89083
3242527500.0,-21.8875
3242527656.25,-21.88378
3242527812.5,-21.88028
3242527968.75,-21.8783
3242528125.0,-21.87492
3242528281.25,-21.87282
3242528437.5,-21.8684
3242528593.75,-21.86476
3242528750.0,-21.86211
3242528906.25,-21.85999
3242529062.5,-21.85427
3242529218.75,-21.854
3242529375.0,-21.84918
3242529531.25,-21.8472
3242529687.5,-21.8452
3242529843.75,-21.83913
3242530000.0,-21.83589
3242530156.25,-21.83452
3242530312.5,-21.83262
3242530468.75,-21.82901
3242530625.0,-21.82398
3242530781.25,-21.82397
3242530937.5,-21.81743
3242531093.75,-21.81485
3242531250.0,-21.81219
3242531406.25,-21.81184
3242531562.5,-21.80569
3242531718.75,-21.80458
3242531875.0,-21.80032
3242532031.25,-21.79815
3242532187.5,-21.79286
3242532343.75,-21.79346
3242532500.0,-21.78534
3242532656.25,-21.78539
3242532812.5,-21.7816
3242532968.75,-21.7782
3242533125.0,-21.7767
3242533281.25,-21.77308
3242533437.5,-21.76989
3242533593.75,-21.76774
3242533750.0,-21.76412
3242533906.25,-21.76098
3242534062.5,-21.76075
3242534218.75,-21.75334
3242534375.0,-21.74932
3242534531.25,-21.74886
3242534687.5,-21.74662
3242534843.75,-21.74189
3242535000.0,-21.74101
3242535156.25,-21.73817
3242535312.5,-21.73459
3242535468.75,-21.73023
3242535625.0,-21.72764
3242535781.25,-21.72199
3242535937.5,-21.72127
3242536093.75,-21.71916
3242536250.0,-21.7147
3242536406.25,-21.71162
3242536562.5,-21.70815
3242536718.75,-21.70537
3242536875.0,-21.70214
3242537031.25,-21.69907
3242537187.5,-21.69784
3242537343.75,-21.6934
3242537500.0,-21.69225
3242537656.25,-21.68826
3242537812.5,-21.68729
3242537968.75,-21.67978
3242538125.0,-21.67624
3242538281.25,-21.67684
3242538437.5,-21.67226
3242538593.75,-21.67135
3242538750.0,-21.66621
3242538906.25,-21.66404
3242539062.5,-21.66228
3242539218.75,-21.65679
3242539375.0,-21.65576
3242539531.25,-21.65152
3242539687.5,-21.64935
3242539843.75,-21.64666
3242540000.0,-21.64302
3242540156.25,-21.64062
3242540312.5,-21.63665
3242540468.75,-21.63241
3242540625.0,-21.62943
3242540781.25,-21.62924
3242540937.5,-21.62525
3242541093.75,-21.61996
3242541250.0,-21.61809
3242541406.25,-21.61467
3242541562.5,-21.61145
3242541718.75,-21.60909
3242541875.0,-21.6063
3242542031.25,-21.60236
3242542187.5,-21.59932
3242542343.75,-21.59946
3242542500.0,-21.59377
3242542656.25,-21.59102
3242542812.5,-21.58838
3242542968.75,-21.58486
3242543125.0,-21.5814
3242543281.25,-21.58189
3242543437.5,-21.5757
3242543593.75,-21.57205
3242543750.0,-21.57046
3242543906.25,-21.56663
3242544062.5,-21.56574
3242544218.75,-21.56294
3242544375.0,-21.55677
3242544531.25,-21.55591
3242544687.5,-21.55255
3242544843.75,-21.54977
3242545000.0,-21.54708
3242545156.25,-21.54441
3242545312.5,-21.54167
3242545468.75,-21.53754
3242545625.0,-21.53498
3242545781.25,-21.53281
3242545937.5,-21.52755
3242546093.75,-21.5275
3242546250.0,-21.5228
3242546406.25,-21.51907
3242546562.5,-21.51543
3242546718.75,-21.51435
3242546875.0,-21.51062
3242547031.25,-21.5065
3242547187.5,-21.503
3242547343.75,-21.50124
3242547500.0,-21.49866
3242547656.25,-21.49691
3242547812.5,-21.4955
3242547968.75,-21.49044
3242548125.0,-21.48723
3242548281.25,-21.48567
3242548437.5,-21.48111
3242548593.75,-21.47717
3242548750.0,-21.47504
3242548906.25,-21.47187
3242549062.5,-21.46943
3242549218.75,-21.46637
3242549375.0,-21.46291
3242549531.25,-21.46059
3242549687.5,-21.45711
3242549843.75,-21.45677
3242550000.0,-21.45184
3242550156.25,-21.4494
3242550312.5,-21.44692
3242550468.75,-21.44332
3242550625.0,-21.43861
3242550781.25,-21.43639
3242550937.5,-21.4333
3242551093.75,-21.43265
3242551250.0,-21.42816
3242551406.25,-21.42478
3242551562.5,-21.42259
3242551718.75,-21.41866
3242551875.0,-21.41673
3242552031.25,-21.41376
3242552187.5,-21.40898
3242552343.75,-21.40933
3242552500.0,-21.40346
3242552656.25,-21.40176
3242552812.5,-21.39858
3242552968.75,-21.3969
3242553125.0,-21.39483
3242553281.25,-21.3914
3242553437.5,-21.38677
3242553593.75,-21.38239
3242553750.0,-21.38106
3242553906.25,-21.38104
3242554062.5,-21.37582
3242554218.75,-21.37325
3242554375.0,-21.37028
3242554531.25,-21.3658
3242554687.5,-21.36439
3242554843.75,-21.35882
3242555000.0,-21.35792
3242555156.25,-21.35438
3242555312.5,-21.35266
3242555468.75,-21.35078
3242555625.0,-21.34691
3242555781.25,-21.34366
3242555937.5,-21.34013
3242556093.75,-21.33805
3242556250.0,-21.33543
3242556406.25,-21.33315
3242556562.5,-21.3278
3242556718.75,-21.32675
3242556875.0,-21.32359
3242557031.25,-21.32091
3242557187.5,-21.31639
3242557343.75,-21.31524
3242557500.0,-21.31207
3242557656.25,-21.30975
3242557812.5,-21.30527
3242557968.75,-21.30361
3242558125.0,-21.30054
3242558281.25,-21.2961
3242558437.5,-21.2948
3242558593.75,-21.29085
3242558750.0,-21.28933
3242558906.25,-21.2851
3242559062.5,-21.28352
3242559218.75,-21.27827
3242559375.0,-21.27772
3242559531.25,-21.27348
3242559687.5,-21.27047
3242559843.75,-21.26912
3242560000.0,-21.26427
3242560156.25,-21.26308
3242560312.5,-21.26138
3242560468.75,-21.25704
3242560625.0,-21.25267
3242560781.25,-21.2528
3242560937.5,-21.24868
3242561093.75,-21.24656
3242561250.0,-21.24298
3242561406.25,-21.24006
3242561562.5,-21.23925
3242561718.75,-21.23686
3242561875.0,-21.2333
3242562031.25,-21.22713
3242562187.5,-21.22605
3242562343.75,-21.22293
3242562500.0,-21.22091
3242562656.25,-21.21776
3242562812.5,-21.21456
3242562968.75,-21.21223
3242563125.0,-21.20905
3242563281.25,-21.20566
3242563437.5,-21.20268
3242563593.75,-21.1995
3242563750.0,-21.19653
3242563906.25,-21.19527
3242564062.5,-21.19208
3242564218.75,-21.18966
3242564375.0,-21.1848
3242564531.25,-21.18199
3242564687.5,-21.1811
3242564843.75,-21.17736
3242565000.0,-21.1747
3242565156.25,-21.1722
3242565312.5,-21.17226
3242565468.75,-21.16964
3242565625.0,-21.16456
3242565781.25,-21.1612
3242565937.5,-21.15898
3242566093.75,-21.15317
3242566250.0,-21.15227
3242566406.25,-21.14927
3242566562.5,-21.14628
3242566718.75,-21.14533
3242566875.0,-21.14118
3242567031.25,-21.1387
3242567187.5,-21.13626
3242567343.75,-21.13234
3242567500.0,-21.13093
3242567656.25,-21.12891
3242567812.5,-21.12686
3242567968.75,-21.12307
3242568125.0,-21.11822
3242568281.25,-21.11749
3242568437.5,-21.11577
3242568593.75,-21.11175
3242568750.0,-21.10962
3242568906.25,-21.10644
3242569062.5,-21.10335
3242569218.75,-21.10046
3242569375.0,-21.09485
3242569531.25,-21.09596
3242569687.5,-21.09361
3242569843.75,-21.08801
3242570000.0,-21.08484
3242570156.25,-21.08413
3242570312.5,-21.08095
3242570468.75,-21.07684
3242570625.0,-21.07379
3242570781.25,-21.07267
3242570937.5,-21.06879
3242571093.75,-21.06768
3242571250.0,-21.06619
3242571406.25,-21.06002
3242571562.5,-21.05781
3242571718.75,-21.05728
3242571875.0,-21.05272
3242572031.25,-21.05046
3242572187.5,-21.04631
3242572343.75,-21.04462
3242572500.0,-21.04286
3242572656.25,-21.03969
3242572812.5,-21.03744
3242572968.75,-21.03497
3242573125.0,-21.03273
3242573281.25,-21.02765
3242573437.5,-21.02846
3242573593.75,-21.02354
3242573750.0,-21.01887
3242573906.25,-21.01783
3242574062.5,-21.01482
3242574218.75,-21.01173
3242574375.0,-21.01098
3242574531.25,-21.00836
3242574687.5,-21.0034
3242574843.75,-20.99995
3242575000.0,-20.99986
3242575156.25,-20.99624
3242575312.5,-20.9914
3242575468.75,-20.99071
3242575625.0,-20.98784
3242575781.25,-20.98563
3242575937.5,-20.98166
3242576093.75,-20.97998
3242576250.0,-20.97966
3242576406.25,-20.97342
3242576562.5,-20.96918
3242576718.75,-20.97026
3242576875.0,-20.96771
3242577031.25,-20.96318
3242577187.5,-20.96133
3242577343.75,-20.95898
3242577500.0,-20.95479
3242577656.25,-20.95246
3242577812.5,-20.95242
3242577968.75,-20.94705
3242578125.0,-20.94592
3242578281.25,-20.94307
3242578437.5,-20.94011
3242578593.75,-20.93894
3242578750.0,-20.93405
3242578906.25,-20.93094
3242579062.5,-20.92849
3242579218.75,-20.92598
3242579375.0,-20.92428
3242579531.25,-20.92268
3242579687.5,-20.91799
3242579843.75,-20.91808
3242580000.0,-20.91447
3242580156.25,-20.90955
3242580312.5,-20.90835
3242580468.75,-20.90592
3242580625.0,-20.90212
3242580781.25,-20.90164
3242580937.5,-20.89808
3242581093.75,-20.89612
3242581250.0,-20.89335
3242581406.25,-20.88949
3242581562.5,-20.88758
3242581718.75,-20.88508
3242581875.0,-20.88439
3242582031.25,-20.87716
3242582187.5,-20.87865
3242582343.75,-20.87248
3242582500.0,-20.87085
3242582656.25,-20.86835
3242582812.5,-20.86574
3242582968.75,-20.861
3242583125.0,-20.86107
3242583281.25,-20.85814
3242583437.5,-20.85352
3242583593.75,-20.85477
3242583750.0,-20.85061
3242583906.25,-20.84991
3242584062.5,-20.84688
3242584218.75,-20.84277
3242584375.0,-20.83965
3242584531.25,-20.83796
3242584687.5,-20.83599
3242584843.75,-20.83332
3242585000.0,-20.82986
3242585156.25,-20.82872
3242585312.5,-20.8252
3242585468.75,-20.8226
3242585625.0,-20.82176
3242585781.25,-20.81658
3242585937.5,-20.81519
3242586093.75,-20.81338
3242586250.0,-20.81005
3242586406.25,-20.80824
3242586562.5,-20.80344
3242586718.75,-20.80322
3242586875.0,-20.79845
3242587031.25,-20.7945
3242587187.5,-20.79344
3242587343.75,-20.79412
3242587500.0,-20.78965
3242587656.25,-20.78913
3242587812.5,-20.78341
3242587968.75,-20.78339
3242588125.0,-20.77721
3242588281.25,-20.77865
3242588437.5,-20.77348
3242588593.75,-20.77069
3242588750.0,-20.77024
3242588906.25,-20.76778
3242589062.5,-20.76444
3242589218.75,-20.76357
3242589375.0,-20.7587
3242589531.25,-20.75866
3242589687.5,-20.75557
3242589843.75,-20.75294
3242590000.0,-20.74692
3242590156.25,-20.74815
3242590312.5,-20.74596
3242590468.75,-20.74324
3242590625.0,-20.73883
3242590781.25,-20.73661
3242590937.5,-20.73283
3242591093.75,-20.73208
3242591250.0,-20.72913
3242591406.25,-20.7268
3242591562.5,-20.72665
3242591718.75,-20.72078
3242591875.0,-20.7188
3242592031.25,-20.71736
3242592187.5,-20.71411
3242592343.75,-20.71375
3242592500.0,-20.71037
3242592656.25,-20.70719
3242592812.5,-20.70458
3242592968.75,-20.70401
3242593125.0,-20.69977
3242593281.25,-20.69892
3242593437.5,-20.69572
3242593593.75,-20.69271
3242593750.0,-20.68908
3242593906.25,-20.68917
3242594062.5,-20.6866
3242594218.75,-20.68403
3242594375.0,-20.67926
3242594531.25,-20.67734
3242594687.5,-20.67467
3242594843.75,-20.67289
3242595000.0,-20.67125
3242595156.25,-20.66859
3242595312.5,-20.66667
3242595468.75,-20.66303
3242595625.0,-20.66161
3242595781.25,-20.65536
3242595937.5,-20.65592
3242596093.75,-20.65584
3242596250.0,-20.65142
3242596406.25,-20.64827
3242596562.5,-20.64697
3242596718.75,-20.64417
3242596875.0,-20.64287
3242597031.25,-20.63791
3242597187.5,-20.63756
3242597343.75,-20.63479
3242597500.0,-20.63354
3242597656.25,-20.62963
3242597812.5,-20.62667
3242597968.75,-20.62438
3242598125.0,-20.6239
3242598281.25,-20.61937
3242598437.5,-20.61684
3242598593.75,-20.61655
3242598750.0,-20.61513
3242598906.25,-20.61151
3242599062.5,-20.60892
3242599218.75,-20.60666
3242599375.0,-20.60486
3242599531.25,-20.60299
3242599687.5,-20.59903
3242599843.75,-20.59756
3242600000.0,-20.59566
3242600156.25,-20.59019
3242600312.5,-20.58949
3242600468.75,-20.58805
3242600625.0,-20.58649
3242600781.25,-20.58481
3242600937.5,-20.5801
3242601093.75,-20.57854
3242601250.0,-20.57589
3242601406.25,-20.57462
3242601562.5,-20.57112
3242601718.75,-20.57024
3242601875.0,-20.56753
3242602031.25,-20.56328
3242602187.5,-20.56163
3242602343.75,-20.56136
3242602500.0,-20.55938
3242602656.25,-20.55591
3242602812.5,-20.55287
3242602968.75,-20.55125
3242603125.0,-20.54929
3242603281.25,-20.54593
3242603437.5,-20.54424
3242603593.75,-20.54184
3242603750.0,-20.54162
3242603906.25,-20.5382
3242604062.5,-20.5354
3242604218.75,-20.53302
3242604375.0,-20.52956
3242604531.25,-20.52742
3242604687.5,-20.52579
3242604843.75,-20.5242
3242605000.0,-20.52233
3242605156.25,-20.5203
3242605312.5,-20.51678
3242605468.75,-20.51458
3242605625.0,-20.51417
3242605781.25,-20.51045
3242605937.5,-20.50874
3242606093.75,-20.50609
3242606250.0,-20.50421
3242606406.25,-20.50107
3242606562.5,-20.49978
3242606718.75,-20.49851
3242606875.0,-20.49548
3242607031.25,-20.49323
3242607187.5,-20.49098
3242607343.75,-20.48841
3242607500.0,-20.48699
3242607656.25,-20.48598
3242607812.5,-20.48189
3242607968.75,-20.47869
3242608125.0,-20.47647
3242608281.25,-20.47652
3242608437.5,-20.47313
3242608593.75,-20.47071
3242608750.0,-20.46687
3242608906.25,-20.46774
3242609062.5,-20.46517
3242609218.75,-20.46168
3242609375.0,-20.46089
3242609531.25,-20.45868
3242609687.5,-20.45672
3242609843.75,-20.45185
3242610000.0,-20.45199
3242610156.25,-20.44937
3242610312.5,-20.44671
3242610468.75,-20.44589
3242610625.0,-20.44159
3242610781.25,-20.44053
3242610937.5,-20.43848
3242611093.75,-20.4376
3242611250.0,-20.43322
3242611406.25,-20.43227
3242611562.5,-20.43133
3242611718.75,-20.43063
3242611875.0,-20.42594
3242612031.25,-20.42388
3242612187.5,-20.41963
3242612343.75,-20.42048
3242612500.0,-20.41835
3242612656.25,-20.41478
3242612812.5,-20.41306
3242612968.75,-20.4132
3242613125.0,-20.40889
3242613281.25,-20.40709
3242613437.5,-20.40475
3242613593.75,-20.40199
3242613750.0,-20.40057
3242613906.25,-20.39898
3242614062.5,-20.39507
3242614218.75,-20.39435
3242614375.0,-20.39203
3242614531.25,-20.39115
3242614687.5,-20.38774
3242614843.75,-20.3854
3242615000.0,-20.38428
3242615156.25,-20.38155
3242615312.5,-20.3795
3242615468.75,-20.37753
3242615625.0,-20.37552
3242615781.25,-20.3737
3242615937.5,-20.37014
3242616093.75,-20.36929
3242616250.0,-20.36691
3242616406.25,-20.36536
3242616562.5,-20.36341
3242616718.75,-20.36249
3242616875.0,-20.36155
3242617031.25,-20.35566
3242617187.5,-20.35623
3242617343.75,-20.35344
3242617500.0,-20.3502
3242617656.25,-20.34928
3242617812.5,-20.34878
3242617968.75,-20.34506
3242618125.0,-20.34463
3242618281.25,-20.34351
3242618437.5,-20.33893
3242618593.75,-20.33952
3242618750.0,-20.33708
3242618906.25,-20.33438
3242619062.5,-20.33175
3242619218.75,-20.32973
3242619375.0,-20.3277
3242619531.25,-20.32557
3242619687.5,-20.32573
3242619843.75,-20.32353
3242620000.0,-20.32029
3242620156.25,-20.31827
3242620312.5,-20.31551
3242620468.75,-20.31496
3242620625.0,-20.312
3242620781.25,-20.30898
3242620937.5,-20.30895
3242621093.75,-20.3076
3242621250.0,-20.30349
3242621406.25,-20.30157
3242621562.5,-20.30069
3242621718.75,-20.29761
3242621875.0,-20.2972
3242622031.25,-20.29459
3242622187.5,-20.29281
3242622343.75,-20.29202
3242622500.0,-20.28861
3242622656.25,-20.28637
3242622812.5,-20.28588
3242622968.75,-20.28364
3242623125.0,-20.28269
3242623281.25,-20.278
3242623437.5,-20.27891
3242623593.75,-20.27767
3242623750.0,-20.27366
3242623906.25,-20.27158
3242624062.5,-20.26952
3242624218.75,-20.26984
3242624375.0,-20.26654
3242624531.25,-20.26329
3242624687.5,-20.26272
3242624843.75,-20.25979
3242625000.0,-20.25937
3242625156.25,-20.258
3242625312.5,-20.25598
3242625468.75,-20.2524
3242625625.0,-20.252
3242625781.25,-20.25034
3242625937.5,-20.2488
3242626093.75,-20.24573
3242626250.0,-20.2448
3242626406.25,-20.24335
3242626562.5,-20.24002
3242626718.75,-20.2389
3242626875.0,-20.23849
3242627031.25,-20.23827
3242627187.5,-20.23369
3242627343.75,-20.23228
3242627500.0,-20.23133
3242627656.25,-20.22801
3242627812.5,-20.22584
3242627968.75,-20.22514
3242628125.0,-20.22133
3242628281.25,-20.22309
3242628437.5,-20.21877
3242628593.75,-20.21902
3242628750.0,-20.21656
3242628906.25,-20.21247
3242629062.5,-20.21368
3242629218.75,-20.2101
3242629375.0,-20.20907
3242629531.25,-20.2076
3242629687.5,-20.20549
3242629843.75,-20.20336
3242630000.0,-20.20267
3242630156.25,-20.19879
3242630312.5,-20.19828
3242630468.75,-20.19675
3242630625.0,-20.1956
3242630781.25,-20.19242
3242630937.5,-20.19058
3242631093.75,-20.19034
3242631250.0,-20.1889
3242631406.25,-20.18925
3242631562.5,-20.18573
3242631718.75,-20.18394
3242631875.0,-20.18279
3242632031.25,-20.18187
3242632187.5,-20.17704
3242632343.75,-20.17888
3242632500.0,-20.17449
3242632656.25,-20.17354
3242632812.5,-20.17191
3242632968.75,-20.16847
3242633125.0,-20.16922
3242633281.25,-20.16703
3242633437.5,-20.16577
3242633593.75,-20.1629
3242633750.0,-20.16267
3242633906.25,-20.16099
3242634062.5,-20.16003
3242634218.75,-20.15709
3242634375.0,-20.15549
3242634531.25,-20.15509
3242634687.5,-20.15296
3242634843.75,-20.15196
3242635000.0,-20.14849
3242635156.25,-20.14791
3242635312.5,-20.14592
3242635468.75,-20.14566
3242635625.0,-20.14295
3242635781.25,-20.14122
3242635937.5,-20.13891
3242636093.75,-20.13786
3242636250.0,-20.13697
3242636406.25,-20.13496
3242636562.5,-20.13341
3242636718.75,-20.13104
3242636875.0,-20.12993
3242637031.25,-20.12999
3242637187.5,-20.12692
3242637343.75,-20.12418
3242637500.0,-20.12625
3242637656.25,-20.12072
3242637812.5,-20.12093
3242637968.75,-20.11975
3242638125.0,-20.11872
3242638281.25,-20.11576
3242638437.5,-20.11526
3242638593.75,-20.11257
3242638750.0,-20.11213
3242638906.25,-20.1103
3242639062.5,-20.10758
3242639218.75,-20.1075
3242639375.0,-20.10423
3242639531.25,-20.1051
3242639687.5,-20.10009
3242639843.75,-20.10138
3242640000.0,-20.09812
3242640156.25,-20.09799
3242640312.5,-20.09738
3242640468.75,-20.0941
3242640625.0,-20.09345
3242640781.25,-20.09361
3242640937.5,-20.08977
3242641093.75,-20.08768
3242641250.0,-20.08779
3242641406.25,-20.0866
3242641562.5,-20.08493
3242641718.75,-20.08327
3242641875.0,-20.08198
3242642031.25,-20.08177
3242642187.5,-20.07761
3242642343.75,-20.07637
3242642500.0,-20.07591
3242642656.25,-20.07366
3242642812.5,-20.07173
3242642968.75,-20.0722
3242643125.0,-20.06844
3242643281.25,-20.06849
3242643437.5,-20.06844
3242643593.75,-20.06742
3242643750.0,-20.06467
3242643906.25,-20.06388
3242644062.5,-20.06078
3242644218.75,-20.05977
3242644375.0,-20.05985
3242644531.25,-20.05845
3242644687.5,-20.05712
3242644843.75,-20.05444
3242645000.0,-20.05323
3242645156.25,-20.05184
3242645312.5,-20.05021
3242645468.75,-20.05019
3242645625.0,-20.04966
3242645781.25,-20.04694
3242645937.5,-20.04745
3242646093.75,-20.04338
3242646250.0,-20.04296
3242646406.25,-20.04294
3242646562.5,-20.04231
3242646718.75,-20.03914
3242646875.0,-20.03856
3242647031.25,-20.03673
3242647187.5,-20.03433
3242647343.75,-20.03505
3242647500.0,-20.03159
3242647656.25,-20.03003
3242647812.5,-20.02892
3242647968.75,-20.02865
3242648125.0,-20.02624
3242648281.25,-20.02664
3242648437.5,-20.02598
3242648593.75,-20.025
3242648750.0,-20.02345
3242648906.25,-20.02186
3242649062.5,-20.01915
3242649218.75,-20.01838
3242649375.0,-20.01826
3242649531.25,-20.01483
3242649687.5,-20.01582
3242649843.75,-20.01147
3242650000.0,-20.01356
3242650156.25,-20.01088
3242650312.5,-20.00871
3242650468.75,-20.0084
3242650625.0,-20.00732
3242650781.25,-20.00603
3242650937.5,-20.00457
3242651093.75,-20.00376
3242651250.0,-20.0018
3242651406.25,-20.00339
3242651562.5,-20.00155
3242651718.75,-20.0009
3242651875.0,-19.99878
3242652031.25,-19.99638
3242652187.5,-19.99564
3242652343.75,-19.99547
3242652500.0,-19.99113
3242652656.25,-19.991
3242652812.5,-19.99106
3242652968.75,-19.99017
3242653125.0,-19.98923
3242653281.25,-19.98788
3242653437.5,-19.98763
3242653593.75,-19.98382
3242653750.0,-19.98552
3242653906.25,-19.98474
3242654062.5,-19.98169
3242654218.75,-19.98007
3242654375.0,-19.97914
3242654531.25,-19.97841
3242654687.5,-19.97826
3242654843.75,-19.97732
3242655000.0,-19.97581
3242655156.25,-19.97324
3242655312.5,-19.97215
3242655468.75,-19.97084
3242655625.0,-19.96872
3242655781.25,-19.96946
3242655937.5,-19.96941
3242656093.75,-19.96695
3242656250.0,-19.9676
3242656406.25,-19.96368
3242656562.5,-19.96348
3242656718.75,-19.96274
3242656875.0,-19.9631
3242657031.25,-19.95996
3242657187.5,-19.96037
3242657343.75,-19.95891
3242657500.0,-19.95703
3242657656.25,-19.95743
3242657812.5,-19.95682
3242657968.75,-19.95335
3242658125.0,-19.95512
3242658281.25,-19.95135
3242658437.5,-19.95283
3242658593.75,-19.9515
3242658750.0,-19.94813
3242658906.25,-19.94919
3242659062.5,-19.94675
3242659218.75,-19.9458
3242659375.0,-19.94509
3242659531.25,-19.94691
3242659687.5,-19.94395
3242659843.75,-19.94155
3242660000.0,-19.94265
3242660156.25,-19.9418
3242660312.5,-19.94126
3242660468.75,-19.93829
3242660625.0,-19.93811
3242660781.25,-19.93695
3242660937.5,-19.93705
3242661093.75,-19.93564
3242661250.0,-19.93417
3242661406.25,-19.93237
3242661562.5,-19.93326
3242661718.75,-19.93102
3242661875.0,-19.92939
3242662031.25,-19.93035
3242662187.5,-19.92946
3242662343.75,-19.92855
3242662500.0,-19.92802
3242662656.25,-19.92647
3242662812.5,-19.92482
3242662968.75,-19.9225
3242663125.0,-19.92284
3242663281.25,-19.92377
3242663437.5,-19.921
3242663593.75,-19.92138
3242663750.0,-19.91949
3242663906.25,-19.91871
3242664062.5,-19.91837
3242664218.75,-19.91758
3242664375.0,-19.91784
3242664531.25,-19.91522
3242664687.5,-19.91578
3242664843.75,-19.91599
3242665000.0,-19.91398
3242665156.25,-19.912
3242665312.5,-19.91336
3242665468.75,-19.91099
3242665625.0,-19.90979
3242665781.25,-19.91102
3242665937.5,-19.91099
3242666093.75,-19.90574
3242666250.0,-19.90641
3242666406.25,-19.90798
3242666562.5,-19.90628
3242666718.75,-19.90415
3242666875.0,-19.90524
3242667031.25,-19.90327
3242667187.5,-19.90376
3242667343.75,-19.90327
3242667500.0,-19.90128
3242667656.25,-19.90249
3242667812.5,-19.90112
3242667968.75,-19.89903
3242668125.0,-19.89911
3242668281.25,-19.8965
3242668437.5,-19.89547
3242668593.75,-19.89602
3242668750.0,-19.89438
3242668906.25,-19.89425
3242669062.5,-19.89477
3242669218.75,-19.89476
3242669375.0,-19.89443
3242669531.25,-19.8918
3242669687.5,-19.89028
3242669843.75,-19.89176
3242670000.0,-19.89011
3242670156.25,-19.88853
3242670312.5,-19.88863
3242670468.75,-19.88891
3242670625.0,-19.88666
3242670781.25,-19.8872
3242670937.5,-19.88661
3242671093.75,-19.88366
3242671250.0,-19.88434
3242671406.25,-19.8839
3242671562.5,-19.88205
3242671718.75,-19.88168
3242671875.0,-19.88202
3242672031.25,-19.8819
3242672187.5,-19.88075
3242672343.75,-19.87912
3242672500.0,-19.87854
3242672656.25,-19.87839
3242672812.5,-19.877
3242672968.75,-19.87709
3242673125.0,-19.87725
3242673281.25,-19.87593
3242673437.5,-19.87589
3242673593.75,-19.87709
3242673750.0,-19.87494
3242673906.25,-19.87715
3242674062.5,-19.87272
3242674218.75,-19.87198
3242674375.0,-19.87238
3242674531.25,-19.87285
3242674687.5,-19.87166
3242674843.75,-19.86847
3242675000.0,-19.87059
3242675156.25,-19.86913
3242675312.5,-19.8694
3242675468.75,-19.86919
3242675625.0,-19.86819
3242675781.25,-19.8681
3242675937.5,-19.8668
3242676093.75,-19.86601
3242676250.0,-19.86599
3242676406.25,-19.86558
3242676562.5,-19.86567
3242676718.75,-19.86583
3242676875.0,-19.86315
3242677031.25,-19.86308
3242677187.5,-19.86465
3242677343.75,-19.86366
3242677500.0,-19.86098
3242677656.25,-19.8622
3242677812.5,-19.86172
3242677968.75,-19.86101
3242678125.0,-19.86064
3242678281.25,-19.85806
3242678437.5,-19.85972
3242678593.75,-19.85892
3242678750.0,-19.85948
3242678906.25,-19.85869
3242679062.5,-19.85733
3242679218.75,-19.85831
3242679375.0,-19.85619
3242679531.25,-19.85819
3242679687.5,-19.85586
3242679843.75,-19.85657
3242680000.0,-19.85595
3242680156.25,-19.85695
3242680312.5,-19.8558
3242680468.75,-19.85451
3242680625.0,-19.85299
3242680781.25,-19.85331
3242680937.5,-19.85147
3242681093.75,-19.85243
3242681250.0,-19.85109
3242681406.25,-19.85262
3242681562.5,-19.85585
3242681718.75,-19.85243
3242681875.0,-19.85174
3242682031.25,-19.85068
3242682187.5,-19.85087
3242682343.75,-19.85044
3242682500.0,-19.85093
3242682656.25,-19.85103
3242682812.5,-19.84783
3242682968.75,-19.84704
3242683125.0,-19.84957
3242683281.25,-19.8495
3242683437.5,-19.84705
3242683593.75,-19.84809
3242683750.0,-19.84614
3242683906.25,-19.84686
3242684062.5,-19.84686
3242684218.75,-19.84529
3242684375.0,-19.84857
3242684531.25,-19.84505
3242684687.5,-19.84619
3242684843.75,-19.84587
3242685000.0,-19.84353
3242685156.25,-19.84453
3242685312.5,-19.84533
3242685468.75,-19.84513
3242685625.0,-19.84668
3242685781.25,-19.84433
3242685937.5,-19.84334
3242686093.75,-19.84584
3242686250.0,-19.84205
3242686406.25,-19.8442
3242686562.5,-19.84186
3242686718.75,-19.84342
3242686875.0,-19.84228
3242687031.25,-19.84385
3242687187.5,-19.84303
3242687343.75,-19.84117
3242687500.0,-19.8428
3242687656.25,-19.84248
3242687812.5,-19.84157
3242687968.75,-19.84161
3242688125.0,-19.84158
3242688281.25,-19.84184
3242688437.5,-19.84133
3242688593.75,-19.83918
3242688750.0,-19.84262
3242688906.25,-19.84265
3242689062.5,-19.8427
3242689218.75,-19.84065
3242689375.0,-19.84078
3242689531.25,-19.84197
3242689687.5,-19.84037
3242689843.75,-19.83826
3242690000.0,-19.84168
3242690156.25,-19.84066
3242690312.5,-19.84064
3242690468.75,-19.83735
3242690625.0,-19.83908
3242690781.25,-19.83798
3242690937.5,-19.84038
3242691093.75,-19.84161
3242691250.0,-19.83795
3242691406.25,-19.84066
3242691562.5,-19.84223
3242691718.75,-19.84035
3242691875.0,-19.84004
3242692031.25,-19.84106
3242692187.5,-19.8397
3242692343.75,-19.84084
3242692500.0,-19.84015
3242692656.25,-19.83812
3242692812.5,-19.83988
3242692968.75,-19.83763
3242693125.0,-19.84119
3242693281.25,-19.83994
3242693437.5,-19.84025
3242693593.75,-19.83931
3242693750.0,-19.8386
3242693906.25,-19.83853
3242694062.5,-19.83874
3242694218.75,-19.84017
3242694375.0,-19.83957
3242694531.25,-19.84135
3242694687.5,-19.83924
3242694843.75,-19.83833
3242695000.0,-19.84102
3242695156.25,-19.83823
3242695312.5,-19.83919
3242695468.75,-19.84013
3242695625.0,-19.84131
3242695781.25,-19.84207
3242695937.5,-19.84056
3242696093.75,-19.84118
3242696250.0,-19.8408
3242696406.25,-19.84091
3242696562.5,-19.83871
3242696718.75,-19.8412
3242696875.0,-19.84218
3242697031.25,-19.84287
3242697187.5,-19.84169
3242697343.75,-19.84264
3242697500.0,-19.84241
3242697656.25,-19.84141
3242697812.5,-19.84107
3242697968.75,-19.84118
3242698125.0,-19.8441
3242698281.25,-19.84132
3242698437.5,-19.84271
3242698593.75,-19.84097
3242698750.0,-19.84291
3242698906.25,-19.84242
3242699062.5,-19.84354
3242699218.75,-19.84272
3242699375.0,-19.84268
3242699531.25,-19.84446
3242699687.5,-19.84274
3242699843.75,-19.84584
3242700000.0,-19.84428
3242700156.25,-19.8437
3242700312.5,-19.84421
3242700468.75,-19.84321
3242700625.0,-19.84489
3242700781.25,-19.84475
3242700937.5,-19.8448
3242701093.75,-19.8463
3242701250.0,-19.84728
3242701406.25,-19.84778
3242701562.5,-19.84628
3242701718.75,-19.84825
3242701875.0,-19.8478
3242702031.25,-19.8478
3242702187.5,-19.84824
3242702343.75,-19.84615
3242702500.0,-19.84947
3242702656.25,-19.84955
3242702812.5,-19.84911
3242702968.75,-19.85033
3242703125.0,-19.84995
3242703281.25,-19.85078
3242703437.5,-19.85134
3242703593.75,-19.84855
3242703750.0,-19.84953
3242703906.25,-19.85121
3242704062.5,-19.8529
3242704218.75,-19.85276
3242704375.0,-19.85154
3242704531.25,-19.85296
3242704687.5,-19.85416
3242704843.75,-19.85286
3242705000.0,-19.85242
3242705156.25,-19.85521
3242705312.5,-19.85416
3242705468.75,-19.85366
3242705625.0,-19.85459
3242705781.25,-19.85528
3242705937.5,-19.85549
3242706093.75,-19.85477
3242706250.0,-19.85737
3242706406.25,-19.85594
3242706562.5,-19.85676
3242706718.75,-19.85851
3242706875.0,-19.85836
3242707031.25,-19.85918
3242707187.5,-19.85648
3242707343.75,-19.86083
3242707500.0,-19.85978
3242707656.25,-19.8614
3242707812.5,-19.86192
3242707968.75,-19.86216
3242708125.0,-19.86263
3242708281.25,-19.86298
3242708437.5,-19.86303
3242708593.75,-19.86225
3242708750.0,-19.86327
3242708906.25,-19.86461
3242709062.5,-19.86276
3242709218.75,-19.865
3242709375.0,-19.86642
3242709531.25,-19.86681
3242709687.5,-19.86594
3242709843.75,-19.86741
3242710000.0,-19.86891
3242710156.25,-19.86618
3242710312.5,-19.86954
3242710468.75,-19.86811
3242710625.0,-19.86923
3242710781.25,-19.86944
3242710937.5,-19.87002
3242711093.75,-19.8706
3242711250.0,-19.87119
3242711406.25,-19.87225
3242711562.5,-19.87203
3242711718.75,-19.87414
3242711875.0,-19.8723
3242712031.25,-19.87391
3242712187.5,-19.87366
3242712343.75,-19.87535
3242712500.0,-19.87487
3242712656.25,-19.87396
3242712812.5,-19.87876
3242712968.75,-19.87771
3242713125.0,-19.87742
3242713281.25,-19.87962
3242713437.5,-19.87952
3242713593.75,-19.88168
3242713750.0,-19.88188
3242713906.25,-19.88157
3242714062.5,-19.88276
3242714218.75,-19.88333
3242714375.0,-19.88183
3242714531.25,-19.88396
3242714687.5,-19.88548
3242714843.75,-19.88493
3242715000.0,-19.88461
3242715156.25,-19.88855
3242715312.5,-19.88701
3242715468.75,-19.89004
3242715625.0,-19.88914
3242715781.25,-19.89008
3242715937.5,-19.88959
3242716093.75,-19.89203
3242716250.0,-19.89218
3242716406.25,-19.89098
3242716562.5,-19.89277
3242716718.75,-19.89292
3242716875.0,-19.89364
3242717031.25,-19.89349
3242717187.5,-19.8952
3242717343.75,-19.89625
3242717500.0,-19.89531
3242717656.25,-19.89923
3242717812.5,-19.89848
3242717968.75,-19.89785
3242718125.0,-19.89917
3242718281.25,-19.90033
3242718437.5,-19.90231
3242718593.75,-19.90107
3242718750.0,-19.90268
3242718906.25,-19.9037
3242719062.5,-19.90507
3242719218.75,-19.90446
3242719375.0,-19.90499
3242719531.25,-19.90766
3242719687.5,-19.90622
3242719843.75,-19.90812
3242720000.0,-19.90885
3242720156.25,-19.90878
3242720312.5,-19.91063
3242720468.75,-19.91286
3242720625.0,-19.91015
3242720781.25,-19.91248
3242720937.5,-19.91434
3242721093.75,-19.91467
3242721250.0,-19.91475
3242721406.25,-19.91632
3242721562.5,-19.91782
3242721718.75,-19.91929
3242721875.0,-19.91873
3242722031.25,-19.91983
3242722187.5,-19.92004
3242722343.75,-19.92061
3242722500.0,-19.92166
3242722656.25,-19.92351
3242722812.5,-19.92394
3242722968.75,-19.92437
3242723125.0,-19.92395
3242723281.25,-19.92729
3242723437.5,-19.9267
3242723593.75,-19.92897
3242723750.0,-19.92866
3242723906.25,-19.9298
3242724062.5,-19.93142
3242724218.75,-19.93144
3242724375.0,-19.9338
3242724531.25,-19.93207
3242724687.5,-19.93407
3242724843.75,-19.9359
3242725000.0,-19.93749
3242725156.25,-19.93604
3242725312.5,-19.9382
3242725468.75,-19.94052
3242725625.0,-19.94117
3242725781.25,-19.94218
3242725937.5,-19.9427
3242726093.75,-19.94319
3242726250.0,-19.94361
3242726406.25,-19.947
3242726562.5,-19.9454
3242726718.75,-19.94734
3242726875.0,-19.94797
3242727031.25,-19.94954
3242727187.5,-19.9514
3242727343.75,-19.95053
3242727500.0,-19.95116
3242727656.25,-19.95222
3242727812.5,-19.95397
3242727968.75,-19.95679
3242728125.0,-19.95575
3242728281.25,-19.95881
3242728437.5,-19.95893
3242728593.75,-19.95982
3242728750.0,-19.9608
3242728906.25,-19.96066
3242729062.5,-19.96215
3242729218.75,-19.96464
3242729375.0,-19.96486
3242729531.25,-19.96716
3242729687.5,-19.96761
3242729843.75,-19.96637
3242730000.0,-19.96741
3242730156.25,-19.97091
3242730312.5,-19.97139
3242730468.75,-19.97129
3242730625.0,-19.97398
3242730781.25,-19.97546
3242730937.5,-19.97418
3242731093.75,-19.97558
3242731250.0,-19.97721
3242731406.25,-19.98051
3242731562.5,-19.98098
3242731718.75,-19.98077
3242731875.0,-19.98158
3242732031.25,-19.9829
3242732187.5,-19.98583
3242732343.75,-19.98399
3242732500.0,-19.98672
3242732656.25,-19.98772
3242732812.5,-19.98954
3242732968.75,-19.98903
3242733125.0,-19.99074
3242733281.25,-19.99398
3242733437.5,-19.99363
3242733593.75,-19.99396
3242733750.0,-19.99793
3242733906.25,-19.99638
3242734062.5,-19.99943
3242734218.75,-20.00192
3242734375.0,-20.00118
3242734531.25,-20.00367
3242734687.5,-20.00378
3242734843.75,-20.00434
3242735000.0,-20.00379
3242735156.25,-20.00665
3242735312.5,-20.00709
3242735468.75,-20.00962
3242735625.0,-20.00961
3242735781.25,-20.01084
3242735937.5,-20.0116
3242736093.75,-20.01455
3242736250.0,-20.01535
3242736406.25,-20.01731
3242736562.5,-20.01799
3242736718.75,-20.01919
3242736875.0,-20.01875
3242737031.25,-20.02189
3242737187.5,-20.02249
3242737343.75,-20.02423
3242737500.0,-20.0261
3242737656.25,-20.0256
3242737812.5,-20.0289
3242737968.75,-20.02938
3242738125.0,-20.03029
3242738281.25,-20.031
3242738437.5,-20.03212
3242738593.75,-20.03604
3242738750.0,-20.03675
3242738906.25,-20.03871
3242739062.5,-20.03742
3242739218.75,-20.0377
3242739375.0,-20.04165
3242739531.25,-20.04238
3242739687.5,-20.0441
3242739843.75,-20.04643
3242740000.0,-20.04672
3242740156.25,-20.04959
3242740312.5,-20.04935
3242740468.75,-20.04973
3242740625.0,-20.05095
3242740781.25,-20.04965
3242740937.5,-20.05275
3242741093.75,-20.05501
3242741250.0,-20.05507
3242741406.25,-20.05782
3242741562.5,-20.05999
3242741718.75,-20.06093
3242741875.0,-20.06203
3242742031.25,-20.06446
3242742187.5,-20.06648
3242742343.75,-20.06581
3242742500.0,-20.06726
3242742656.25,-20.07031
3242742812.5,-20.07034
3242742968.75,-20.07288
3242743125.0,-20.07388
3242743281.25,-20.07461
3242743437.5,-20.07586
3242743593.75,-20.07997
3242743750.0,-20.07977
3242743906.25,-20.08097
3242744062.5,-20.08269
3242744218.75,-20.08373
3242744375.0,-20.08372
3242744531.25,-20.08569
3242744687.5,-20.08749
3242744843.75,-20.09064
3242745000.0,-20.09237
3242745156.25,-20.09299
3242745312.5,-20.092
3242745468.75,-20.09454
3242745625.0,-20.09546
3242745781.25,-20.09608
3242745937.5,-20.09883
3242746093.75,-20.1017
3242746250.0,-20.10334
3242746406.25,-20.10285
3242746562.5,-20.10403
3242746718.75,-20.1074
3242746875.0,-20.11016
3242747031.25,-20.10987
3242747187.5,-20.11234
3242747343.75,-20.11438
3242747500.0,-20.11551
3242747656.25,-20.1184
3242747812.5,-20.1181
3242747968.75,-20.1189
3242748125.0,-20.12058
3242748281.25,-20.12308
3242748437.5,-20.12319
3242748593.75,-20.12535
3242748750.0,-20.12703
3242748906.25,-20.13022
3242749062.5,-20.13057
3242749218.75,-20.13295
3242749375.0,-20.13405
3242749531.25,-20.13473
3242749687.5,-20.13564
3242749843.75,-20.13664
3242750000.0,-20.14026
3242750156.25,-20.13993
3242750312.5,-20.14541
3242750468.75,-20.14594
3242750625.0,-20.14667
3242750781.25,-20.14682
3242750937.5,-20.14916
3242751093.75,-20.15056
3242751250.0,-20.15387
3242751406.25,-20.15378
3242751562.5,-20.15501
3242751718.75,-20.15657
3242751875.0,-20.15969
3242752031.25,-20.16055
3242752187.5,-20.16164
3242752343.75,-20.16335
3242752500.0,-20.16608
3242752656.25,-20.16706
3242752812.5,-20.16986
3242752968.75,-20.17062
3242753125.0,-20.17208
3242753281.25,-20.17332
3242753437.5,-20.17676
3242753593.75,-20.17716
3242753750.0,-20.17931
3242753906.25,-20.18231
3242754062.5,-20.18312
3242754218.75,-20.18483
3242754375.0,-20.18558
3242754531.25,-20.18789
3242754687.5,-20.18792
3242754843.75,-20.19122
3242755000.0,-20.19388
3242755156.25,-20.19439
3242755312.5,-20.19571
3242755468.75,-20.19722
3242755625.0,-20.20207
3242755781.25,-20.20248
3242755937.5,-20.204
3242756093.75,-20.2065
3242756250.0,-20.20696
3242756406.25,-20.2086
3242756562.5,-20.21007
3242756718.75,-20.21119
3242756875.0,-20.21204
3242757031.25,-20.21503
3242757187.5,-20.21497
3242757343.75,-20.21808
3242757500.0,-20.21966
3242757656.25,-20.22016
3242757812.5,-20.22447
3242757968.75,-20.22458
3242758125.0,-20.2255
3242758281.25,-20.22888
3242758437.5,-20.23331
3242758593.75,-20.23289
3242758750.0,-20.23187
3242758906.25,-20.23789
3242759062.5,-20.23896
3242759218.75,-20.23867
3242759375.0,-20.24193
3242759531.25,-20.24336
3242759687.5,-20.24721
3242759843.75,-20.24479
3242760000.0,-20.24912
3242760156.25,-20.25196
3242760312.5,-20.25304
3242760468.75,-20.25561
3242760625.0,-20.25578
3242760781.25,-20.2563
3242760937.5,-20.25895
3242761093.75,-20.26064
3242761250.0,-20.26353
3242761406.25,-20.26658
3242761562.5,-20.26806
3242761718.75,-20.269
3242761875.0,-20.27034
3242762031.25,-20.27303
3242762187.5,-20.27465
3242762343.75,-20.2772
3242762500.0,-20.27882
3242762656.25,-20.28024
3242762812.5,-20.28198
3242762968.75,-20.28333
3242763125.0,-20.28538
3242763281.25,-20.28857
3242763437.5,-20.2889
3242763593.75,-20.29179
3242763750.0,-20.29435
3242763906.25,-20.29454
3242764062.5,-20.29877
3242764218.75,-20.29988
3242764375.0,-20.30169
3242764531.25,-20.30358
3242764687.5,-20.30415
3242764843.75,-20.30667
3242765000.0,-20.31013
3242765156.25,-20.30952
3242765312.5,-20.31198
3242765468.75,-20.31537
3242765625.0,-20.31733
3242765781.25,-20.31828
3242765937.5,-20.3213
3242766093.75,-20.32373
3242766250.0,-20.32238
3242766406.25,-20.3271
3242766562.5,-20.32937
3242766718.75,-20.33015
3242766875.0,-20.33133
3242767031.25,-20.33335
3242767187.5,-20.33549
3242767343.75,-20.33845
3242767500.0,-20.34157
3242767656.25,-20.34262
3242767812.5,-20.34505
3242767968.75,-20.34768
3242768125.0,-20.34828
3242768281.25,-20.34945
3242768437.5,-20.3525
3242768593.75,-20.35273
3242768750.0,-20.35765
3242768906.25,-20.35697
3242769062.5,-20.36169
3242769218.75,-20.36153
3242769375.0,-20.36542
3242769531.25,-20.3667
3242769687.5,-20.36866
3242769843.75,-20.36975
3242770000.0,-20.37158
3242770156.25,-20.37511
3242770312.5,-20.3758
3242770468.75,-20.37852
3242770625.0,-20.38074
3242770781.25,-20.38273
3242770937.5,-20.38406
3242771093.75,-20.38787
3242771250.0,-20.38917
3242771406.25,-20.39264
3242771562.5,-20.39417
3242771718.75,-20.39495
3242771875.0,-20.39698
3242772031.25,-20.40021
3242772187.5,-20.40044
3242772343.75,-20.4053
3242772500.0,-20.40548
3242772656.25,-20.4062
3242772812.5,-20.40844
3242772968.75,-20.41205
3242773125.0,-20.41255
3242773281.25,-20.41556
3242773437.5,-20.41913
3242773593.75,-20.4201
3242773750.0,-20.42155
3242773906.25,-20.42291
3242774062.5,-20.42725
3242774218.75,-20.42953
3242774375.0,-20.43074
3242774531.25,-20.4325
3242774687.5,-20.43562
3242774843.75,-20.4377
3242775000.0,-20.43832
3242775156.25,-20.44107
3242775312.5,-20.44201
3242775468.75,-20.44551
3242775625.0,-20.44578
3242775781.25,-20.45062
3242775937.5,-20.45433
3242776093.75,-20.45648
3242776250.0,-20.45602
3242776406.25,-20.45781
3242776562.5,-20.45993
3242776718.75,-20.46262
3242776875.0,-20.463
3242777031.25,-20.46606
3242777187.5,-20.46943
3242777343.75,-20.46938
3242777500.0,-20.47222
3242777656.25,-20.4747
3242777812.5,-20.47654
3242777968.75,-20.48074
3242778125.0,-20.48239
3242778281.25,-20.48348
3242778437.5,-20.48673
3242778593.75,-20.48691
3242778750.0,-20.49101
3242778906.25,-20.49141
3242779062.5,-20.49749
3242779218.75,-20.49719
3242779375.0,-20.50059
3242779531.25,-20.50168
3242779687.5,-20.50477
3242779843.75,-20.507
3242780000.0,-20.50723
3242780156.25,-20.51064
3242780312.5,-20.51325
3242780468.75,-20.51542
3242780625.0,-20.51854
3242780781.25,-20.52015
3242780937.5,-20.52252
3242781093.75,-20.52552
3242781250.0,-20.52525
3242781406.25,-20.53203
3242781562.5,-20.52983
3242781718.75,-20.53334
3242781875.0,-20.53612
3242782031.25,-20.53975
3242782187.5,-20.53812
3242782343.75,-20.54224
3242782500.0,-20.54434
3242782656.25,-20.54639
3242782812.5,-20.54808
3242782968.75,-20.552
3242783125.0,-20.5534
3242783281.25,-20.55688
3242783437.5,-20.55808
3242783593.75,-20.55993
3242783750.0,-20.56357
3242783906.25,-20.56527
3242784062.5,-20.5701
3242784218.75,-20.57025
3242784375.0,-20.56942
3242784531.25,-20.57468
3242784687.5,-20.57665
3242784843.75,-20.57901
3242785000.0,-20.58318
3242785156.25,-20.58415
3242785312.5,-20.5842
3242785468.75,-20.59027
3242785625.0,-20.59023
3242785781.25,-20.5934
3242785937.5,-20.5956
3242786093.75,-20.59837
3242786250.0,-20.59822
3242786406.25,-20.60349
3242786562.5,-20.60495
3242786718.75,-20.60518
3242786875.0,-20.60914
3242787031.25,-20.61048
3242787187.5,-20.61513
3242787343.75,-20.61539
3242787500.0,-20.61839
3242787656.25,-20.62211
3242787812.5,-20.62321
3242787968.75,-20.6251
3242788125.0,-20.62816
3242788281.25,-20.62821
3242788437.5,-20.63296
3242788593.75,-20.63362
3242788750.0,-20.63535
3242788906.25,-20.64072
3242789062.5,-20.64228
3242789218.75,-20.647
3242789375.0,-20.64913
3242789531.25,-20.64788
3242789687.5,-20.65213
3242789843.75,-20.65329
3242790000.0,-20.65602
3242790156.25,-20.65892
3242790312.5,-20.66265
3242790468.75,-20.66378
3242790625.0,-20.66725
3242790781.25,-20.66935
3242790937.5,-20.67068
3242791093.75,-20.66976
3242791250.0,-20.67388
3242791406.25,-20.67669
3242791562.5,-20.68166
3242791718.75,-20.68308
3242791875.0,-20.68474
3242792031.25,-20.68853
3242792187.5,-20.69024
3242792343.75,-20.69109
3242792500.0,-20.69463
3242792656.25,-20.6991
3242792812.5,-20.70163
3242792968.75,-20.70139
3242793125.0,-20.70452
3242793281.25,-20.70593
3242793437.5,-20.70853
3242793593.75,-20.71401
3242793750.0,-20.71426
3242793906.25,-20.71691
3242794062.5,-20.71893
3242794218.75,-20.7215
3242794375.0,-20.72568
3242794531.25,-20.72722
3242794687.5,-20.72778
3242794843.75,-20.73178
3242795000.0,-20.73382
3242795156.25,-20.73771
3242795312.5,-20.74159
3242795468.75,-20.74378
3242795625.0,-20.74274
3242795781.25,-20.74688
3242795937.5,-20.74923
3242796093.75,-20.74998
3242796250.0,-20.75381
3242796406.25,-20.75514
3242796562.5,-20.7592
3242796718.75,-20.76169
3242796875.0,-20.76312
3242797031.25,-20.76662
3242797187.5,-20.76918
3242797343.75,-20.77229
3242797500.0,-20.77467
3242797656.25,-20.77633
3242797812.5,-20.78257
3242797968.75,-20.78316
3242798125.0,-20.78444
3242798281.25,-20.78504
3242798437.5,-20.7904
3242798593.75,-20.78993
3242798750.0,-20.7953
3242798906.25,-20.79643
3242799062.5,-20.79919
3242799218.75,-20.80151
3242799375.0,-20.80484
3242799531.25,-20.80637
3242799687.5,-20.80989
3242799843.75,-20.81138
3242800000.0,-20.81601
3242800156.25,-20.81853
3242800312.5,-20.82136
3242800468.75,-20.82248
3242800625.0,-20.82413
3242800781.25,-20.82784
3242800937.5,-20.82829
3242801093.75,-20.83223
3242801250.0,-20.83467
3242801406.25,-20.83889
3242801562.5,-20.84087
3242801718.75,-20.8439
3242801875.0,-20.84452
3242802031.25,-20.84749
3242802187.5,-20.85163
3242802343.75,-20.85207
3242802500.0,-20.8555
3242802656.25,-20.85875
3242802812.5,-20.86156
3242802968.75,-20.86361
3242803125.0,-20.86563
3242803281.25,-20.86691
3242803437.5,-20.86871
3242803593.75,-20.87571
3242803750.0,-20.87755
3242803906.25,-20.87945
3242804062.5,-20.88236
3242804218.75,-20.88418
3242804375.0,-20.88528
3242804531.25,-20.88998
3242804687.5,-20.89371
3242804843.75,-20.89556
3242805000.0,-20.89909
3242805156.25,-20.89911
3242805312.5,-20.90263
3242805468.75,-20.9064
3242805625.0,-20.90877
3242805781.25,-20.91128
3242805937.5,-20.91389
3242806093.75,-20.91681
3242806250.0,-20.92067
3242806406.25,-20.92217
3242806562.5,-20.92256
3242806718.75,-20.92608
3242806875.0,-20.9288
3242807031.25,-20.93116
3242807187.5,-20.93563
3242807343.75,-20.93788
3242807500.0,-20.93836
3242807656.25,-20.94222
3242807812.5,-20.94317
3242807968.75,-20.94816
3242808125.0,-20.95038
3242808281.25,-20.95113
3242808437.5,-20.95371
3242808593.75,-20.95949
3242808750.0,-20.95822
3242808906.25,-20.96515
3242809062.5,-20.9648
3242809218.75,-20.96729
3242809375.0,-20.97092
3242809531.25,-20.97309
3242809687.5,-20.97829
3242809843.75,-20.9783
3242810000.0,-20.98259
3242810156.25,-20.98366
3242810312.5,-20.98699
3242810468.75,-20.98862
3242810625.0,-20.99328
3242810781.25,-20.99532
3242810937.5,-20.99725
3242811093.75,-21.00248
3242811250.0,-21.00295
3242811406.25,-21.00408
3242811562.5,-21.00838
3242811718.75,-21.01028
3242811875.0,-21.01426
3242812031.25,-21.01676
3242812187.5,-21.02025
3242812343.75,-21.0246
3242812500.0,-21.02585
3242812656.25,-21.02882
3242812812.5,-21.03108
3242812968.75,-21.03242
3242813125.0,-21.03437
3242813281.25,-21.03827
3242813437.5,-21.04171
3242813593.75,-21.04381
3242813750.0,-21.04769
3242813906.25,-21.052
3242814062.5,-21.0517
3242814218.75,-21.05394
3242814375.0,-21.05975
3242814531.25,-21.06196
3242814687.5,-21.06324
3242814843.75,-21.06445
3242815000.0,-21.0671
3242815156.25,-21.07172
3242815312.5,-21.07319
3242815468.75,-21.07628
3242815625.0,-21.08161
3242815781.25,-21.0829
3242815937.5,-21.08362
3242816093.75,-21.08912
3242816250.0,-21.09083
3242816406.25,-21.09273
3242816562.5,-21.09735
3242816718.75,-21.09887
3242816875.0,-21.10294
3242817031.25,-21.10481
3242817187.5,-21.108
3242817343.75,-21.10993
3242817500.0,-21.11419
3242817656.25,-21.11467
3242817812.5,-21.117
3242817968.75,-21.12034
3242818125.0,-21.12269
3242818281.25,-21.12726
3242818437.5,-21.12714
3242818593.75,-21.13055
3242818750.0,-21.13553
3242818906.25,-21.13818
3242819062.5,-21.13957
3242819218.75,-21.14319
3242819375.0,-21.14453
3242819531.25,-21.14988
3242819687.5,-21.15319
3242819843.75,-21.15523
3242820000.0,-21.15696
3242820156.25,-21.15998
3242820312.5,-21.16265
3242820468.75,-21.16526
3242820625.0,-21.16823
3242820781.25,-21.17112
3242820937.5,-21.17266
3242821093.75,-21.17761
3242821250.0,-21.18002
3242821406.25,-21.18245
3242821562.5,-21.18475
3242821718.75,-21.1877
3242821875.0,-21.19178
3242822031.25,-21.19327
3242822187.5,-21.19637
3242822343.75,-21.19892
3242822500.0,-21.20264
3242822656.25,-21.20576
3242822812.5,-21.20695
3242822968.75,-21.208
3242823125.0,-21.21336
3242823281.25,-21.21515
3242823437.5,-21.21707
3242823593.75,-21.22198
3242823750.0,-21.22465
3242823906.25,-21.22676
3242824062.5,-21.22999
3242824218.75,-21.23402
3242824375.0,-21.23577
3242824531.25,-21.2401
3242824687.5,-21.24109
3242824843.75,-21.24586
3242825000.0,-21.24594
3242825156.25,-21.24948
3242825312.5,-21.25389
3242825468.75,-21.25618
3242825625.0,-21.25946
3242825781.25,-21.26082
3242825937.5,-21.26541
3242826093.75,-21.26803
3242826250.0,-21.26991
3242826406.25,-21.27312
3242826562.5,-21.27547
3242826718.75,-21.27868
3242826875.0,-21.28062
3242827031.25,-21.28491
3242827187.5,-21.28668
3242827343.75,-21.28912
3242827500.0,-21.29335
3242827656.25,-21.29319
3242827812.5,-21.29959
3242827968.75,-21.30248
3242828125.0,-21.30496
3242828281.25,-21.30685
3242828437.5,-21.31018
3242828593.75,-21.31402
3242828750.0,-21.31612
3242828906.25,-21.31938
3242829062.5,-21.32111
3242829218.75,-21.32592
3242829375.0,-21.32765
3242829531.25,-21.33052
3242829687.5,-21.332
3242829843.75,-21.33516
3242830000.0,-21.33756
3242830156.25,-21.34031
3242830312.5,-21.34572
3242830468.75,-21.34753
3242830625.0,-21.35328
3242830781.25,-21.35273
3242830937.5,-21.35849
3242831093.75,-21.35985
3242831250.0,-21.36295
3242831406.25,-21.36433
3242831562.5,-21.36818
3242831718.75,-21.37238
3242831875.0,-21.37508
3242832031.25,-21.37537
3242832187.5,-21.38093
3242832343.75,-21.3813
3242832500.0,-21.38575
3242832656.25,-21.3899
3242832812.5,-21.39262
3242832968.75,-21.39414
3242833125.0,-21.39713
3242833281.25,-21.40024
3242833437.5,-21.4032
3242833593.75,-21.4041
3242833750.0,-21.40839
3242833906.25,-21.41199
3242834062.5,-21.41445
3242834218.75,-21.41833
3242834375.0,-21.42159
3242834531.25,-21.42399
3242834687.5,-21.42593
3242834843.75,-21.42864
3242835000.0,-21.43221
3242835156.25,-21.43416
3242835312.5,-21.43821
3242835468.75,-21.44363
3242835625.0,-21.44285
3242835781.25,-21.44835
3242835937.5,-21.44948
3242836093.75,-21.45155
3242836250.0,-21.45561
3242836406.25,-21.45826
3242836562.5,-21.46372
3242836718.75,-21.46186
3242836875.0,-21.46679
3242837031.25,-21.47107
3242837187.5,-21.47408
3242837343.75,-21.47765
3242837500.0,-21.47778
3242837656.25,-21.48374
3242837812.5,-21.48579
3242837968.75,-21.48697
3242838125.0,-21.49062
3242838281.25,-21.49536
3242838437.5,-21.49676
3242838593.75,-21.49934
3242838750.0,-21.50334
3242838906.25,-21.50717
3242839062.5,-21.50947
3242839218.75,-21.51261
3242839375.0,-21.51591
3242839531.25,-21.51689
3242839687.5,-21.51968
3242839843.75,-21.52352
3242840000.0,-21.52701
3242840156.25,-21.53176
3242840312.5,-21.5319
3242840468.75,-21.537
3242840625.0,-21.53817
3242840781.25,-21.54288
3242840937.5,-21.54178
3242841093.75,-21.54803
3242841250.0,-21.5512
3242841406.25,-21.55563
3242841562.5,-21.55797
3242841718.75,-21.55988
3242841875.0,-21.56267
3242842031.25,-21.56446
3242842187.5,-21.56588
3242842343.75,-21.5737
3242842500.0,-21.572
3242842656.25,-21.5795
3242842812.5,-21.58072
3242842968.75,-21.58495
3242843125.0,-21.5854
3242843281.25,-21.59008
3242843437.5,-21.59269
3242843593.75,-21.59592
3242843750.0,-21.59823
3242843906.25,-21.60018
3242844062.5,-21.60419
3242844218.75,-21.60857
3242844375.0,-21.61176
3242844531.25,-21.61387
3242844687.5,-21.61596
3242844843.75,-21.62001
3242845000.0,-21.62295
3242845156.25,-21.62616
3242845312.5,-21.62888
3242845468.75,-21.6317
3242845625.0,-21.63536
3242845781.25,-21.63577
3242845937.5,-21.64049
3242846093.75,-21.64645
3242846250.0,-21.64623
3242846406.25,-21.65122
3242846562.5,-21.65214
3242846718.75,-21.65479
3242846875.0,-21.65878
3242847031.25,-21.66121
3242847187.5,-21.66327
3242847343.75,-21.66819
3242847500.0,-21.67114
3242847656.25,-21.67243
3242847812.5,-21.67688
3242847968.75,-21.68167
3242848125.0,-21.68378
3242848281.25,-21.68333
3242848437.5,-21.68804
3242848593.75,-21.6928
3242848750.0,-21.69592
3242848906.25,-21.69826
3242849062.5,-21.70114
3242849218.75,-21.70355
3242849375.0,-21.70535
3242849531.25,-21.71075
3242849687.5,-21.71327
3242849843.75,-21.71416
3242850000.0,-21.71909
3242850156.25,-21.72372
3242850312.5,-21.72389
3242850468.75,-21.72721
3242850625.0,-21.73271
3242850781.25,-21.73445
3242850937.5,-21.73791
3242851093.75,-21.74042
3242851250.0,-21.74438
3242851406.25,-21.74717
3242851562.5,-21.74976
3242851718.75,-21.75373
3242851875.0,-21.75489
3242852031.25,-21.762
3242852187.5,-21.76257
3242852343.75,-21.76452
3242852500.0,-21.76789
3242852656.25,-21.77088
3242852812.5,-21.77403
3242852968.75,-21.7752
3242853125.0,-21.78046
3242853281.25,-21.78459
3242853437.5,-21.7899
3242853593.75,-21.78756
3242853750.0,-21.79218
3242853906.25,-21.7932
3242854062.5,-21.79746
3242854218.75,-21.80206
3242854375.0,-21.80499
3242854531.25,-21.80827
3242854687.5,-21.8107
3242854843.75,-21.81269
3242855000.0,-21.81644
3242855156.25,-21.81987
3242855312.5,-21.82337
3242855468.75,-21.82508
3242855625.0,-21.82683
3242855781.25,-21.833
3242855937.5,-21.83327
3242856093.75,-21.83832
3242856250.0,-21.84415
3242856406.25,-21.84366
3242856562.5,-21.84806
3242856718.75,-21.8482
3242856875.0,-21.85549
3242857031.25,-21.85707
3242857187.5,-21.86018
3242857343.75,-21.86333
3242857500.0,-21.86457
3242857656.25,-21.8704
3242857812.5,-21.87176
3242857968.75,-21.87559
3242858125.0,-21.87996
3242858281.25,-21.88108
3242858437.5,-21.88437
3242858593.75,-21.88638
3242858750.0,-21.89164
3242858906.25,-21.89461
3242859062.5,-21.89538
3242859218.75,-21.9009
3242859375.0,-21.9021
3242859531.25,-21.90693
3242859687.5,-21.90889
3242859843.75,-21.9133
3242860000.0,-21.91333
3242860156.25,-21.91773
3242860312.5,-21.92093
3242860468.75,-21.92593
3242860625.0,-21.92893
3242860781.25,-21.93207
3242860937.5,-21.93181
3242861093.75,-21.93421
3242861250.0,-21.9399
3242861406.25,-21.94025
3242861562.5,-21.9468
3242861718.75,-21.94802
3242861875.0,-21.95156
3242862031.25,-21.95479
3242862187.5,-21.95825
3242862343.75,-21.96195
3242862500.0,-21.96362
3242862656.25,-21.96616
3242862812.5,-21.96856
3242862968.75,-21.97278
3242863125.0,-21.97316
3242863281.25,-21.97917
3242863437.5,-21.98341
3242863593.75,-21.98665
3242863750.0,-21.99027
3242863906.25,-21.99251
3242864062.5,-21.9928
3242864218.75,-21.99761
3242864375.0,-22.00135
3242864531.25,-22.00491
3242864687.5,-22.00666
3242864843.75,-22.01118
3242865000.0,-22.01482
3242865156.25,-22.01579
3242865312.5,-22.01998
3242865468.75,-22.0249
3242865625.0,-22.0265
3242865781.25,-22.03003
3242865937.5,-22.03286
3242866093.75,-22.03522
3242866250.0,-22.04003
3242866406.25,-22.04303
3242866562.5,-22.04395
3242866718.75,-22.04927
3242866875.0,-22.04892
3242867031.25,-22.05351
3242867187.5,-22.05729
3242867343.75,-22.0583
3242867500.0,-22.06262
3242867656.25,-22.06707
3242867812.5,-22.07138
3242867968.75,-22.07029
3242868125.0,-22.07654
3242868281.25,-22.0784
3242868437.5,-22.0796
3242868593.75,-22.08403
3242868750.0,-22.09033
3242868906.25,-22.09092
3242869062.5,-22.09504
3242869218.75,-22.09754
3242869375.0,-22.10267
3242869531.25,-22.10235
3242869687.5,-22.10859
3242869843.75,-22.10737
3242870000.0,-22.11351
3242870156.25,-22.11581
3242870312.5,-22.12148
3242870468.75,-22.12339
3242870625.0,-22.1246
3242870781.25,-22.12886
3242870937.5,-22.13148
3242871093.75,-22.13825
3242871250.0,-22.14022
3242871406.25,-22.14314
3242871562.5,-22.14659
3242871718.75,-22.14734
3242871875.0,-22.14968
3242872031.25,-22.15346
3242872187.5,-22.15881
3242872343.75,-22.16112
3242872500.0,-22.16262
3242872656.25,-22.16723
3242872812.5,-22.17064
3242872968.75,-22.1721
3242873125.0,-22.17601
3242873281.25,-22.17826
3242873437.5,-22.18266
3242873593.75,-22.1851
3242873750.0,-22.18865
3242873906.25,-22.1907
3242874062.5,-22.19416
3242874218.75,-22.19818
3242874375.0,-22.20285
3242874531.25,-22.20446
3242874687.5,-22.20641
3242874843.75,-22.20845
3242875000.0,-22.21257
3242875156.25,-22.21659
3242875312.5,-22.21902
3242875468.75,-22.22356
3242875625.0,-22.22833
3242875781.25,-22.23019
3242875937.5,-22.23413
3242876093.75,-22.23614
3242876250.0,-22.24093
3242876406.25,-22.24177
3242876562.5,-22.2451
3242876718.75,-22.24717
3242876875.0,-22.25068
3242877031.25,-22.25619
3242877187.5,-22.25698
3242877343.75,-22.26186
3242877500.0,-22.26217
3242877656.25,-22.26724
3242877812.5,-22.26899
3242877968.75,-22.27298
3242878125.0,-22.27669
3242878281.25,-22.28101
3242878437.5,-22.28103
3242878593.75,-22.28677
3242878750.0,-22.29062
3242878906.25,-22.29409
3242879062.5,-22.29342
3242879218.75,-22.29869
3242879375.0,-22.30306
3242879531.25,-22.30433
3242879687.5,-22.31084
3242879843.75,-22.31172
3242880000.0,-22.31389
3242880156.25,-22.31902
3242880312.5,-22.3202
3242880468.75,-22.32374
3242880625.0,-22.32634
3242880781.25,-22.3286
3242880937.5,-22.33274
3242881093.75,-22.34028
3242881250.0,-22.33953
3242881406.25,-22.34226
3242881562.5,-22.3456
3242881718.75,-22.35118
3242881875.0,-22.35064
3242882031.25,-22.35723
3242882187.5,-22.35916
3242882343.75,-22.36117
3242882500.0,-22.36288
3242882656.25,-22.36845
3242882812.5,-22.37347
3242882968.75,-22.37514
3242883125.0,-22.37607
3242883281.25,-22.37856
3242883437.5,-22.38332
3242883593.75,-22.38752
3242883750.0,-22.39031
3242883906.25,-22.3932
3242884062.5,-22.39541
3242884218.75,-22.39899
3242884375.0,-22.40191
3242884531.25,-22.40431
3242884687.5,-22.40907
3242884843.75,-22.41376
3242885000.0,-22.41444
3242885156.25,-22.41869
3242885312.5,-22.42094
3242885468.75,-22.42493
3242885625.0,-22.42738
3242885781.25,-22.43022
3242885937.5,-22.43433
3242886093.75,-22.43894
3242886250.0,-22.44201
3242886406.25,-22.44298
3242886562.5,-22.448
3242886718.75,-22.45191
3242886875.0,-22.45293
3242887031.25,-22.45631
3242887187.5,-22.45874
3242887343.75,-22.46083
3242887500.0,-22.46826
3242887656.25,-22.46824
3242887812.5,-22.47363
3242887968.75,-22.47642
3242888125.0,-22.47858
3242888281.25,-22.48055
3242888437.5,-22.48482
3242888593.75,-22.48714
3242888750.0,-22.49047
3242888906.25,-22.49517
3242889062.5,-22.49815
3242889218.75,-22.49999
3242889375.0,-22.5027
3242889531.25,-22.50661
3242889687.5,-22.50905
3242889843.75,-22.51515
3242890000.0,-22.51867
3242890156.25,-22.52012
3242890312.5,-22.52218
3242890468.75,-22.52906
3242890625.0,-22.53212
3242890781.25,-22.53008
3242890937.5,-22.53701
3242891093.75,-22.53871
3242891250.0,-22.54221
3242891406.25,-22.5444
3242891562.5,-22.54746
3242891718.75,-22.5522
3242891875.0,-22.55405
3242892031.25,-22.55751
3242892187.5,-22.56026
3242892343.75,-22.56449
3242892500.0,-22.566
3242892656.25,-22.5686
3242892812.5,-22.573
3242892968.75,-22.57504
3242893125.0,-22.57898
3242893281.25,-22.58426
3242893437.5,-22.58599
3242893593.75,-22.5891
3242893750.0,-22.59148
3242893906.25,-22.59427
3242894062.5,-22.60056
3242894218.75,-22.60179
3242894375.0,-22.60716
3242894531.25,-22.60892
3242894687.5,-22.61255
3242894843.75,-22.61607
3242895000.0,-22.61727
3242895156.25,-22.62122
3242895312.5,-22.62303
3242895468.75,-22.62709
3242895625.0,-22.63148
3242895781.25,-22.63471
3242895937.5,-22.63706
3242896093.75,-22.6425
3242896250.0,-22.64441
3242896406.25,-22.64414
3242896562.5,-22.64962
3242896718.75,-22.65352
3242896875.0,-22.65408
3242897031.25,-22.65694
3242897187.5,-22.66231
3242897343.75,-22.66634
3242897500.0,-22.66887
3242897656.25,-22.67078
3242897812.5,-22.67547
3242897968.75,-22.67906
3242898125.0,-22.68098
3242898281.25,-22.68491
3242898437.5,-22.68918
3242898593.75,-22.69432
3242898750.0,-22.69543
3242898906.25,-22.69703
3242899062.5,-22.70014
3242899218.75,-22.70461
3242899375.0,-22.70631
3242899531.25,-22.71004
3242899687.5,-22.71123
3242899843.75,-22.71676
3242900000.0,-22.72057
3242900156.25,-22.72331
3242900312.5,-22.72441
3242900468.75,-22.73006
3242900625.0,-22.73204
3242900781.25,-22.73405
3242900937.5,-22.73806
3242901093.75,-22.74509
3242901250.0,-22.74709
3242901406.25,-22.74693
3242901562.5,-22.75291
3242901718.75,-22.75337
3242901875.0,-22.75729
3242902031.25,-22.76109
3242902187.5,-22.7646
3242902343.75,-22.76608
3242902500.0,-22.76902
3242902656.25,-22.77349
3242902812.5,-22.77858
3242902968.75,-22.77784
3242903125.0,-22.78151
3242903281.25,-22.78696
3242903437.5,-22.7879
3242903593.75,-22.7914
3242903750.0,-22.79574
3242903906.25,-22.79923
3242904062.5,-22.80174
3242904218.75,-22.80555
3242904375.0,-22.81169
3242904531.25,-22.8109
3242904687.5,-22.814
3242904843.75,-22.81629
3242905000.0,-22.82067
3242905156.25,-22.82488
3242905312.5,-22.82682
3242905468.75,-22.83258
3242905625.0,-22.83264
3242905781.25,-22.83543
3242905937.5,-22.83998
3242906093.75,-22.84243
3242906250.0,-22.84746
3242906406.25,-22.85081
3242906562.5,-22.85487
3242906718.75,-22.85711
3242906875.0,-22.85674
3242907031.25,-22.86296
3242907187.5,-22.86665
3242907343.75,-22.87039
3242907500.0,-22.8725
3242907656.25,-22.87321
3242907812.5,-22.88057
3242907968.75,-22.88051
3242908125.0,-22.88749
3242908281.25,-22.88881
3242908437.5,-22.88964
3242908593.75,-22.89422
3242908750.0,-22.89932
3242908906.25,-22.90105
3242909062.5,-22.90418
3242909218.75,-22.90755
3242909375.0,-22.90999
3242909531.25,-22.91363
3242909687.5,-22.91644
3242909843.75,-22.91832
3242910000.0,-22.91971
3242910156.25,-22.92529
3242910312.5,-22.92533
3242910468.75,-22.93205
3242910625.0,-22.93654
3242910781.25,-22.93997
3242910937.5,-22.94242
3242911093.75,-22.94656
3242911250.0,-22.9498
3242911406.25,-22.95131
3242911562.5,-22.95611
3242911718.75,-22.95849
3242911875.0,-22.96206
3242912031.25,-22.96146
3242912187.5,-22.96641
3242912343.75,-22.97185
3242912500.0,-22.97498
3242912656.25,-22.97958
3242912812.5,-22.97852
3242912968.75,-22.9845
3242913125.0,-22.98601
3242913281.25,-22.98929
3242913437.5,-22.99399
3242913593.75,-22.99516
3242913750.0,-22.9992
3242913906.25,-23.00233
3242914062.5,-23.004
3242914218.75,-23.00523
3242914375.0,-23.01055
3242914531.25,-23.01475
3242914687.5,-23.01687
3242914843.75,-23.02177
3242915000.0,-23.02366
3242915156.25,-23.02778
3242915312.5,-23.03045
3242915468.75,-23.03411
3242915625.0,-23.03716
3242915781.25,-23.04063
3242915937.5,-23.04122
3242916093.75,-23.04539
3242916250.0,-23.05135
3242916406.25,-23.0521
3242916562.5,-23.05707
3242916718.75,-23.06071
3242916875.0,-23.06189
3242917031.25,-23.0646
3242917187.5,-23.07044
3242917343.75,-23.07204
3242917500.0,-23.07477
3242917656.25,-23.07652
3242917812.5,-23.08012
3242917968.75,-23.08786
3242918125.0,-23.08729
3242918281.25,-23.09282
3242918437.5,-23.09524
3242918593.75,-23.0953
3242918750.0,-23.0998
3242918906.25,-23.10245
3242919062.5,-23.1063
3242919218.75,-23.10953
3242919375.0,-23.1129
3242919531.25,-23.11708
3242919687.5,-23.12145
3242919843.75,-23.12271
3242920000.0,-23.12524
3242920156.25,-23.12986
3242920312.5,-23.13236
3242920468.75,-23.1354
3242920625.0,-23.13698
3242920781.25,-23.14324
3242920937.5,-23.14528
3242921093.75,-23.14886
3242921250.0,-23.15197
3242921406.25,-23.15516
3242921562.5,-23.15845
3242921718.75,-23.1602
3242921875.0,-23.16409
3242922031.25,-23.16527
3242922187.5,-23.17047
3242922343.75,-23.17413
3242922500.0,-23.17782
3242922656.25,-23.18344
3242922812.5,-23.18247
3242922968.75,-23.18855
3242923125.0,-23.18793
3242923281.25,-23.19257
3242923437.5,-23.19541
3242923593.75,-23.19607
3242923750.0,-23.20287
3242923906.25,-23.20407
3242924062.5,-23.20925
3242924218.75,-23.21343
3242924375.0,-23.21554
3242924531.25,-23.21884
3242924687.5,-23.22123
3242924843.75,-23.22513
3242925000.0,-23.22674
3242925156.25,-23.23053
3242925312.5,-23.23407
3242925468.75,-23.23789
3242925625.0,-23.24021
3242925781.25,-23.24158
3242925937.5,-23.24706
3242926093.75,-23.25057
3242926250.0,-23.24966
3242926406.25,-23.25534
3242926562.5,-23.26108
3242926718.75,-23.2652
3242926875.0,-23.26524
3242927031.25,-23.27104
3242927187.5,-23.27191
3242927343.75,-23.27418
3242927500.0,-23.27695
3242927656.25,-23.28064
3242927812.5,-23.28387
3242927968.75,-23.2868
3242928125.0,-23.29062
3242928281.25,-23.29426
3242928437.5,-23.29762
3242928593.75,-23.29941
3242928750.0,-23.30067
3242928906.25,-23.3037
3242929062.5,-23.31247
3242929218.75,-23.31136
3242929375.0,-23.31533
3242929531.25,-23.32151
3242929687.5,-23.32238
3242929843.75,-23.32403
3242930000.0,-23.32574
3242930156.25,-23.33104
3242930312.5,-23.33555
3242930468.75,-23.33764
3242930625.0,-23.33916
3242930781.25,-23.34487
3242930937.5,-23.34571
3242931093.75,-23.35065
3242931250.0,-23.35281
3242931406.25,-23.35746
3242931562.5,-23.36092
3242931718.75,-23.3624
3242931875.0,-23.36524
3242932031.25,-23.37201
3242932187.5,-23.37166
3242932343.75,-23.37526
3242932500.0,-23.38032
3242932656.25,-23.38363
3242932812.5,-23.38669
3242932968.75,-23.38902
3242933125.0,-23.39394
3242933281.25,-23.39296
3242933437.5,-23.39718
3242933593.75,-23.40438
3242933750.0,-23.40664
3242933906.25,-23.4071
3242934062.5,-23.41048
3242934218.75,-23.41382
3242934375.0,-23.41887
3242934531.25,-23.42011
3242934687.5,-23.42094
3242934843.75,-23.42692
3242935000.0,-23.42828
3242935156.25,-23.43237
3242935312.5,-23.43478
3242935468.75,-23.43648
3242935625.0,-23.44184
3242935781.25,-23.44522
3242935937.5,-23.44505
3242936093.75,-23.45481
3242936250.0,-23.45732
3242936406.25,-23.45789
3242936562.5,-23.45944
3242936718.75,-23.46352
3242936875.0,-23.46837
3242937031.25,-23.46968
3242937187.5,-23.47317
3242937343.75,-23.47756
3242937500.0,-23.47902
3242937656.25,-23.4835
3242937812.5,-23.48647
3242937968.75,-23.48945
3242938125.0,-23.49541
3242938281.25,-23.49793
3242938437.5,-23.49693
3242938593.75,-23.50229
3242938750.0,-23.50618
3242938906.25,-23.50968
3242939062.5,-23.50835
3242939218.75,-23.51363
3242939375.0,-23.51613
3242939531.25,-23.51943
3242939687.5,-23.5239
3242939843.75,-23.52802
3242940000.0,-23.53204
3242940156.25,-23.53291
3242940312.5,-23.536
3242940468.75,-23.53766
3242940625.0,-23.54077
3242940781.25,-23.54803
3242940937.5,-23.54994
3242941093.75,-23.55206
3242941250.0,-23.55635
3242941406.25,-23.55938
3242941562.5,-23.56118
3242941718.75,-23.56271
3242941875.0,-23.56693
3242942031.25,-23.5697
3242942187.5,-23.57618
3242942343.75,-23.57614
3242942500.0,-23.58093
3242942656.25,-23.5824
3242942812.5,-23.58524
3242942968.75,-23.59061
3242943125.0,-23.59223
3242943281.25,-23.59688
3242943437.5,-23.60044
3242943593.75,-23.60329
3242943750.0,-23.60608
3242943906.25,-23.60761
3242944062.5,-23.60971
3242944218.75,-23.61514
3242944375.0,-23.61845
3242944531.25,-23.62017
3242944687.5,-23.625
3242944843.75,-23.62724
3242945000.0,-23.63081
3242945156.25,-23.63555
3242945312.5,-23.63421
3242945468.75,-23.63822
3242945625.0,-23.64175
3242945781.25,-23.64461
3242945937.5,-23.64807
3242946093.75,-23.65403
3242946250.0,-23.65288
3242946406.25,-23.66039
3242946562.5,-23.66062
3242946718.75,-23.6649
3242946875.0,-23.66869
3242947031.25,-23.67286
3242947187.5,-23.67657
3242947343.75,-23.67682
3242947500.0,-23.67888
3242947656.25,-23.68152
3242947812.5,-23.68815
3242947968.75,-23.69421
3242948125.0,-23.69435
3242948281.25,-23.69697
3242948437.5,-23.69954
3242948593.75,-23.70387
3242948750.0,-23.70786
3242948906.25,-23.70868
3242949062.5,-23.71124
3242949218.75,-23.7156
3242949375.0,-23.71883
3242949531.25,-23.71875
3242949687.5,-23.72266
3242949843.75,-23.72839
3242950000.0,-23.73136
3242950156.25,-23.7319
3242950312.5,-23.73949
3242950468.75,-23.74229
3242950625.0,-23.74162
3242950781.25,-23.74322
3242950937.5,-23.75001
3242951093.75,-23.75201
3242951250.0,-23.75595
3242951406.25,-23.75863
3242951562.5,-23.76265
3242951718.75,-23.76335
3242951875.0,-23.76949
3242952031.25,-23.77298
3242952187.5,-23.77486
3242952343.75,-23.77682
3242952500.0,-23.78209
3242952656.25,-23.78459
3242952812.5,-23.78645
3242952968.75,-23.79091
3242953125.0,-23.79264
3242953281.25,-23.79519
3242953437.5,-23.79967
3242953593.75,-23.80317
3242953750.0,-23.80285
3242953906.25,-23.80966
3242954062.5,-23.81197
3242954218.75,-23.81483
3242954375.0,-23.82066
3242954531.25,-23.82059
3242954687.5,-23.82374
3242954843.75,-23.82855
3242955000.0,-23.82862
3242955156.25,-23.83296
3242955312.5,-23.83548
3242955468.75,-23.8412
3242955625.0,-23.84143
3242955781.25,-23.84811
3242955937.5,-23.8491
3242956093.75,-23.85283
3242956250.0,-23.85312
3242956406.25,-23.85808
3242956562.5,-23.86052
3242956718.75,-23.8674
3242956875.0,-23.86621
3242957031.25,-23.86819
3242957187.5,-23.87183
3242957343.75,-23.87872
3242957500.0,-23.88322
3242957656.25,-23.88247
3242957812.5,-23.88616
3242957968.75,-23.89017
3242958125.0,-23.8936
3242958281.25,-23.89502
3242958437.5,-23.90087
3242958593.75,-23.90158
3242958750.0,-23.90582
3242958906.25,-23.9065
3242959062.5,-23.91249
3242959218.75,-23.91268
3242959375.0,-23.91854
3242959531.25,-23.91941
3242959687.5,-23.92435
3242959843.75,-23.9243
3242960000.0,-23.92857
3242960156.25,-23.93448
3242960312.5,-23.93593
3242960468.75,-23.93675
3242960625.0,-23.9444
3242960781.25,-23.94506
3242960937.5,-23.94874
3242961093.75,-23.95043
3242961250.0,-23.95561
3242961406.25,-23.95531
3242961562.5,-23.95964
3242961718.75,-23.96247
3242961875.0,-23.96793
3242962031.25,-23.97021
3242962187.5,-23.97107
3242962343.75,-23.97741
3242962500.0,-23.97966
3242962656.25,-23.98281
3242962812.5,-23.98693
3242962968.75,-23.99112
3242963125.0,-23.9912
3242963281.25,-23.99745
3242963437.5,-24.00201
3242963593.75,-24.00288
3242963750.0,-24.00389
3242963906.25,-24.00783
3242964062.5,-24.00939
3242964218.75,-24.01299
3242964375.0,-24.01725
3242964531.25,-24.0216
3242964687.5,-24.02043
3242964843.75,-24.0259
3242965000.0,-24.0256
3242965156.25,-24.03364
3242965312.5,-24.03673
3242965468.75,-24.03547
3242965625.0,-24.04125
3242965781.25,-24.04154
3242965937.5,-24.04708
3242966093.75,-24.04772
3242966250.0,-24.05346
3242966406.25,-24.05615
3242966562.5,-24.06079
3242966718.75,-24.0626
3242966875.0,-24.06623
3242967031.25,-24.0681
3242967187.5,-24.07484
3242967343.75,-24.07309
3242967500.0,-24.07797
3242967656.25,-24.08229
3242967812.5,-24.08478
3242967968.75,-24.0884
3242968125.0,-24.09038
3242968281.25,-24.09412
3242968437.5,-24.09548
3242968593.75,-24.09594
3242968750.0,-24.10191
3242968906.25,-24.10814
3242969062.5,-24.10678
3242969218.75,-24.11044
3242969375.0,-24.11504
3242969531.25,-24.11614
3242969687.5,-24.12179
3242969843.75,-24.12424
3242970000.0,-24.12895
3242970156.25,-24.12952
3242970312.5,-24.13209
3242970468.75,-24.13841
3242970625.0,-24.1381
3242970781.25,-24.14182
3242970937.5,-24.14704
3242971093.75,-24.15019
3242971250.0,-24.15064
3242971406.25,-24.1542
3242971562.5,-24.15889
3242971718.75,-24.16136
3242971875.0,-24.16259
3242972031.25,-24.16747
3242972187.5,-24.17127
3242972343.75,-24.1715
3242972500.0,-24.17414
3242972656.25,-24.18198
3242972812.5,-24.17984
3242972968.75,-24.18276
3242973125.0,-24.18792
3242973281.25,-24.19141
3242973437.5,-24.19448
3242973593.75,-24.19803
3242973750.0,-24.20028
3242973906.25,-24.2034
3242974062.5,-24.20511
3242974218.75,-24.20681
3242974375.0,-24.21199
3242974531.25,-24.21548
3242974687.5,-24.21938
3242974843.75,-24.22304
3242975000.0,-24.22343
3242975156.25,-24.22382
3242975312.5,-24.2333
3242975468.75,-24.23317
3242975625.0,-24.23737
3242975781.25,-24.24057
3242975937.5,-24.24289
3242976093.75,-24.24446
3242976250.0,-24.25066
3242976406.25,-24.25461
3242976562.5,-24.25523
3242976718.75,-24.26055
3242976875.0,-24.26054
3242977031.25,-24.26452
3242977187.5,-24.26786
3242977343.75,-24.26957
3242977500.0,-24.27121
3242977656.25,-24.27764
3242977812.5,-24.27825
3242977968.75,-24.28391
3242978125.0,-24.28477
3242978281.25,-24.29157
3242978437.5,-24.29363
3242978593.75,-24.29339
3242978750.0,-24.29683
3242978906.25,-24.30069
3242979062.5,-24.30391
3242979218.75,-24.30598
3242979375.0,-24.31011
3242979531.25,-24.31108
3242979687.5,-24.31753
3242979843.75,-24.31811
3242980000.0,-24.32274
3242980156.25,-24.32389
3242980312.5,-24.32761
3242980468.75,-24.3318
3242980625.0,-24.33717
3242980781.25,-24.33794
3242980937.5,-24.34314
3242981093.75,-24.34522
3242981250.0,-24.34518
3242981406.25,-24.35055
3242981562.5,-24.3523
3242981718.75,-24.35449
3242981875.0,-24.36105
3242982031.25,-24.35988
3242982187.5,-24.36279
3242982343.75,-24.36616
3242982500.0,-24.37195
3242982656.25,-24.37199
3242982812.5,-24.37777
3242982968.75,-24.37852
3242983125.0,-24.38582
3242983281.25,-24.3878
3242983437.5,-24.39072
3242983593.75,-24.39398
3242983750.0,-24.39572
3242983906.25,-24.39806
3242984062.5,-24.39935
3242984218.75,-24.40332
3242984375.0,-24.406
3242984531.25,-24.4105
3242984687.5,-24.41339
3242984843.75,-24.4153
3242985000.0,-24.41689
3242985156.25,-24.42288
3242985312.5,-24.4254
3242985468.75,-24.42399
3242985625.0,-24.43351
3242985781.25,-24.43426
3242985937.5,-24.43638
3242986093.75,-24.43798
3242986250.0,-24.44452
3242986406.25,-24.44604
3242986562.5,-24.44719
3242986718.75,-24.45489
3242986875.0,-24.45788
3242987031.25,-24.45375
3242987187.5,-24.4631
3242987343.75,-24.46556
3242987500.0,-24.46783
3242987656.25,-24.47122
3242987812.5,-24.4742
3242987968.75,-24.47808
3242988125.0,-24.48212
3242988281.25,-24.4823
3242988437.5,-24.48746
3242988593.75,-24.49137
3242988750.0,-24.49174
3242988906.25,-24.49543
3242989062.5,-24.49634
3242989218.75,-24.50185
3242989375.0,-24.50673
3242989531.25,-24.50856
3242989687.5,-24.50832
3242989843.75,-24.51389
3242990000.0,-24.51562
3242990156.25,-24.52004
3242990312.5,-24.52183
3242990468.75,-24.52646
3242990625.0,-24.53184
3242990781.25,-24.53105
3242990937.5,-24.53539
3242991093.75,-24.53821
3242991250.0,-24.53876
3242991406.25,-24.54265
3242991562.5,-24.54812
3242991718.75,-24.549
3242991875.0,-24.55036
3242992031.25,-24.55613
3242992187.5,-24.55755
3242992343.75,-24.56179
3242992500.0,-24.56419
3242992656.25,-24.56652
3242992812.5,-24.5692
3242992968.75,-24.57515
3242993125.0,-24.57385
3242993281.25,-24.57689
3242993437.5,-24.58291
3242993593.75,-24.58281
3242993750.0,-24.58897
3242993906.25,-24.59028
3242994062.5,-24.59298
3242994218.75,-24.598
3242994375.0,-24.59855
3242994531.25,-24.60084
3242994687.5,-24.60703
3242994843.75,-24.61135
3242995000.0,-24.61414
3242995156.25,-24.61331
3242995312.5,-24.6182
3242995468.75,-24.61926
3242995625.0,-24.62417
3242995781.25,-24.62997
3242995937.5,-24.62966
3242996093.75,-24.63008
3242996250.0,-24.63626
3242996406.25,-24.63875
3242996562.5,-24.64159
3242996718.75,-24.64515
3242996875.0,-24.64931
3242997031.25,-24.65096
3242997187.5,-24.65412
3242997343.75,-24.65753
3242997500.0,-24.66201
3242997656.25,-24.66188
3242997812.5,-24.66701
3242997968.75,-24.67189
3242998125.0,-24.67286
3242998281.25,-24.67669
3242998437.5,-24.67863
3242998593.75,-24.68067
3242998750.0,-24.68652
3242998906.25,-24.68671
3242999062.5,-24.69225
3242999218.75,-24.69362
3242999375.0,-24.69406
3242999531.25,-24.7012
3242999687.5,-24.70124
3242999843.75,-24.70662
3243000000.0,-24.70739
3243000156.25,-24.71087
3243000312.5,-24.71343
3243000468.75,-24.71557
3243000625.0,-24.72147
3243000781.25,-24.72202
3243000937.5,-24.72594
3243001093.75,-24.7264
3243001250.0,-24.73294
3243001406.25,-24.73297
3243001562.5,-24.73729
3243001718.75,-24.74063
3243001875.0,-24.74208
3243002031.25,-24.74801
3243002187.5,-24.74892
3243002343.75,-24.75136
3243002500.0,-24.75479
3243002656.25,-24.75829
3243002812.5,-24.76112
3243002968.75,-24.76198
3243003125.0,-24.76849
3243003281.25,-24.76911
3243003437.5,-24.77226
3243003593.75,-24.77416
3243003750.0,-24.78046
3243003906.25,-24.78153
3243004062.5,-24.78639
3243004218.75,-24.78477
3243004375.0,-24.79118
3243004531.25,-24.79365
3243004687.5,-24.79639
3243004843.75,-24.80095
3243005000.0,-24.8005
3243005156.25,-24.80718
3243005312.5,-24.81049
3243005468.75,-24.81156
3243005625.0,-24.81288
3243005781.25,-24.81742
3243005937.5,-24.81874
3243006093.75,-24.82572
3243006250.0,-24.82535
3243006406.25,-24.82926
3243006562.5,-24.83144
3243006718.75,-24.83558
3243006875.0,-24.83815
3243007031.25,-24.84075
3243007187.5,-24.84495
3243007343.75,-24.84836
3243007500.0,-24.85046
3243007656.25,-24.85498
3243007812.5,-24.85345
3243007968.75,-24.85811
3243008125.0,-24.86299
3243008281.25,-24.86614
3243008437.5,-24.86787
3243008593.75,-24.87346
3243008750.0,-24.87112
3243008906.25,-24.87497
3243009062.5,-24.87984
3243009218.75,-24.88424
3243009375.0,-24.88506
3243009531.25,-24.89009
3243009687.5,-24.89144
3243009843.75,-24.895
3243010000.0,-24.89765
3243010156.25,-24.90325
3243010312.5,-24.90113
3243010468.75,-24.90423
3243010625.0,-24.90438
3243010781.25,-24.91164
3243010937.5,-24.91346
3243011093.75,-24.91495
3243011250.0,-24.91772
3243011406.25,-24.92356
3243011562.5,-24.92714
3243011718.75,-24.93104
3243011875.0,-24.93085
3243012031.25,-24.9363
3243012187.5,-24.93926
3243012343.75,-24.94263
3243012500.0,-24.94426
3243012656.25,-24.95019
3243012812.5,-24.95205
3243012968.75,-24.95327
3243013125.0,-24.95309
3243013281.25,-24.96103
3243013437.5,-24.96156
3243013593.75,-24.96265
3243013750.0,-24.96733
3243013906.25,-24.97083
3243014062.5,-24.97509
3243014218.75,-24.97682
3243014375.0,-24.97742
3243014531.25,-24.9806
3243014687.5,-24.9855
3243014843.75,-24.98838
3243015000.0,-24.99066
3243015156.25,-24.99316
3243015312.5,-24.99532
3243015468.75,-25.00119
3243015625.0,-25.00362
3243015781.25,-25.00263
3243015937.5,-25.00701
3243016093.75,-25.00932
3243016250.0,-25.01468
3243016406.25,-25.01711
3243016562.5,-25.01884
3243016718.75,-25.02358
3243016875.0,-25.02648
3243017031.25,-25.0295
3243017187.5,-25.03385
3243017343.75,-25.03247
3243017500.0,-25.03932
3243017656.25,-25.03875
3243017812.5,-25.04607
3243017968.75,-25.04913
3243018125.0,-25.04991
3243018281.25,-25.05
3243018437.5,-25.05521
3243018593.75,-25.05589
3243018750.0,-25.06042
3243018906.25,-25.06296
3243019062.5,-25.0644
3243019218.75,-25.07022
3243019375.0,-25.06997
3243019531.25,-25.07602
3243019687.5,-25.07771
3243019843.75,-25.07936
3243020000.0,-25.0844
3243020156.25,-25.08978
3243020312.5,-25.08996
3243020468.75,-25.09609
3243020625.0,-25.09406
3243020781.25,-25.09929
3243020937.5,-25.1001
3243021093.75,-25.10709
3243021250.0,-25.10921
3243021406.25,-25.11076
3243021562.5,-25.11007
3243021718.75,-25.11731
3243021875.0,-25.11732
3243022031.25,-25.12251
3243022187.5,-25.1281
3243022343.75,-25.1253
3243022500.0,-25.13215
3243022656.25,-25.1333
3243022812.5,-25.13781
3243022968.75,-25.14241
3243023125.0,-25.13863
3243023281.25,-25.145
3243023437.5,-25.14707
3243023593.75,-25.15014
3243023750.0,-25.15404
3243023906.25,-25.15723
3243024062.5,-25.16004
3243024218.75,-25.16255
3243024375.0,-25.16553
3243024531.25,-25.1708
3243024687.5,-25.17048
3243024843.75,-25.17429
3243025000.0,-25.17328
3243025156.25,-25.18128
3243025312.5,-25.18145
3243025468.75,-25.18732
3243025625.0,-25.18949
3243025781.25,-25.19177
3243025937.5,-25.19313
3243026093.75,-25.19567
3243026250.0,-25.20038
3243026406.25,-25.20221
3243026562.5,-25.20618
3243026718.75,-25.20712
3243026875.0,-25.21216
3243027031.25,-25.21389
3243027187.5,-25.21765
3243027343.75,-25.22029
3243027500.0,-25.2245
3243027656.25,-25.22383
3243027812.5,-25.22787
3243027968.75,-25.23032
3243028125.0,-25.23535
3243028281.25,-25.23726
3243028437.5,-25.23883
3243028593.75,-25.24452
3243028750.0,-25.24371
3243028906.25,-25.24666
3243029062.5,-25.25081
3243029218.75,-25.25642
3243029375.0,-25.25648
3243029531.25,-25.25933
3243029687.5,-25.26828
3243029843.75,-25.26468
3243030000.0,-25.26999
3243030156.25,-25.2726
3243030312.5,-25.27802
3243030468.75,-25.27939
3243030625.0,-25.28086
3243030781.25,-25.28213
3243030937.5,-25.28461
3243031093.75,-25.28778
3243031250.0,-25.29235
3243031406.25,-25.29506
3243031562.5,-25.29822
3243031718.75,-25.30202
3243031875.0,-25.30179
3243032031.25,-25.30524
3243032187.5,-25.30802
3243032343.75,-25.31209
3243032500.0,-25.31447
3243032656.25,-25.3161
3243032812.5,-25.32037
3243032968.75,-25.32137
3243033125.0,-25.32482
3243033281.25,-25.33074
3243033437.5,-25.33252
3243033593.75,-25.3341
3243033750.0,-25.33787
3243033906.25,-25.33974
3243034062.5,-25.34456
3243034218.75,-25.34492
3243034375.0,-25.35002
3243034531.25,-25.35366
3243034687.5,-25.35582
3243034843.75,-25.35509
3243035000.0,-25.36134
3243035156.25,-25.36161
3243035312.5,-25.36395
3243035468.75,-25.36783
3243035625.0,-25.37136
3243035781.25,-25.37456
3243035937.5,-25.37696
3243036093.75,-25.38
3243036250.0,-25.38247
3243036406.25,-25.38519
3243036562.5,-25.39036
3243036718.75,-25.39284
3243036875.0,-25.39085
3243037031.25,-25.39946
3243037187.5,-25.40194
3243037343.75,-25.40733
3243037500.0,-25.40279
3243037656.25,-25.40734
3243037812.5,-25.40977
3243037968.75,-25.41399
3243038125.0,-25.41881
3243038281.25,-25.42192
3243038437.5,-25.42453
3243038593.75,-25.43051
3243038750.0,-25.43016
3243038906.25,-25.43163
3243039062.5,-25.43682
3243039218.75,-25.43781
3243039375.0,-25.43787
3243039531.25,-25.44474
3243039687.5,-25.44737
3243039843.75,-25.4474
3243040000.0,-25.45262
3243040156.25,-25.45371
3243040312.5,-25.4611
3243040468.75,-25.46162
3243040625.0,-25.46533
3243040781.25,-25.4641
3243040937.5,-25.46864
3243041093.75,-25.46822
3243041250.0,-25.47408
3243041406.25,-25.47638
3243041562.5,-25.47962
3243041718.75,-25.48567
3243041875.0,-25.48407
3243042031.25,-25.4888
3243042187.5,-25.49384
3243042343.75,-25.49678
3243042500.0,-25.4975
3243042656.25,-25.49877
3243042812.5,-25.50298
3243042968.75,-25.5022
3243043125.0,-25.50629
3243043281.25,-25.51084
3243043437.5,-25.511
3243043593.75,-25.51621
3243043750.0,-25.51927
3243043906.25,-25.52165
3243044062.5,-25.52516
3243044218.75,-25.52714
3243044375.0,-25.52748
3243044531.25,-25.5326
3243044687.5,-25.53816
3243044843.75,-25.54116
3243045000.0,-25.54362
3243045156.25,-25.54565
3243045312.5,-25.54732
3243045468.75,-25.55149
3243045625.0,-25.5548
3243045781.25,-25.55482
3243045937.5,-25.55945
3243046093.75,-25.56374
3243046250.0,-25.56472
3243046406.25,-25.56683
3243046562.5,-25.57189
3243046718.75,-25.56936
3243046875.0,-25.57576
3243047031.25,-25.57931
3243047187.5,-25.58116
3243047343.75,-25.58291
3243047500.0,-25.58767
3243047656.25,-25.59054
3243047812.5,-25.59116
3243047968.75,-25.59575
3243048125.0,-25.59717
3243048281.25,-25.5998
3243048437.5,-25.60025
3243048593.75,-25.60329
3243048750.0,-25.60831
3243048906.25,-25.61262
3243049062.5,-25.61657
3243049218.75,-25.62044
3243049375.0,-25.62263
3243049531.25,-25.62335
3243049687.5,-25.6269
3243049843.75,-25.62604
3243050000.0,-25.63184
3243050156.25,-25.63496
3243050312.5,-25.63492
3243050468.75,-25.63974
3243050625.0,-25.64552
3243050781.25,-25.64603
3243050937.5,-25.64902
3243051093.75,-25.65203
3243051250.0,-25.65408
3243051406.25,-25.65951
3243051562.5,-25.65651
3243051718.75,-25.66113
3243051875.0,-25.66411
3243052031.25,-25.6701
3243052187.5,-25.67134
3243052343.75,-25.67403
3243052500.0,-25.67652
3243052656.25,-25.67754
3243052812.5,-25.68613
3243052968.75,-25.68291
3243053125.0,-25.68774
3243053281.25,-25.69222
3243053437.5,-25.69412
3243053593.75,-25.69455
3243053750.0,-25.70015
3243053906.25,-25.70297
3243054062.5,-25.70514
3243054218.75,-25.70573
3243054375.0,-25.71147
3243054531.25,-25.7096
3243054687.5,-25.71759
3243054843.75,-25.71529
3243055000.0,-25.72092
3243055156.25,-25.72376
3243055312.5,-25.72653
3243055468.75,-25.72916
3243055625.0,-25.7295
3243055781.25,-25.73562
3243055937.5,-25.73642
3243056093.75,-25.74016
3243056250.0,-25.74252
3243056406.25,-25.74165
3243056562.5,-25.74511
3243056718.75,-25.75264
3243056875.0,-25.7526
3243057031.25,-25.75693
3243057187.5,-25.75742
3243057343.75,-25.76601
3243057500.0,-25.76044
3243057656.25,-25.7696
3243057812.5,-25.77108
3243057968.75,-25.7694
3243058125.0,-25.77544
3243058281.25,-25.77535
3243058437.5,-25.78522
3243058593.75,-25.78391
3243058750.0,-25.78736
3243058906.25,-25.78962
3243059062.5,-25.79364
3243059218.75,-25.79552
3243059375.0,-25.79807
3243059531.25,-25.80199
3243059687.5,-25.80272
3243059843.75,-25.8069
3243060000.0,-25.8112
3243060156.25,-25.80949
3243060312.5,-25.81313
3243060468.75,-25.81469
3243060625.0,-25.82178
3243060781.25,-25.82501
3243060937.5,-25.82331
3243061093.75,-25.82603
3243061250.0,-25.83048
3243061406.25,-25.83474
3243061562.5,-25.8394
3243061718.75,-25.84063
3243061875.0,-25.83994
3243062031.25,-25.84519
3243062187.5,-25.84516
3243062343.75,-25.84803
3243062500.0,-25.85341
3243062656.25,-25.85685
3243062812.5,-25.85997
3243062968.75,-25.86247
3243063125.0,-25.86515
3243063281.25,-25.8656
3243063437.5,-25.86939
3243063593.75,-25.87222
3243063750.0,-25.87413
3243063906.25,-25.87693
3243064062.5,-25.88054
3243064218.75,-25.88705
3243064375.0,-25.88721
3243064531.25,-25.88972
3243064687.5,-25.89336
3243064843.75,-25.89643
3243065000.0,-25.89837
3243065156.25,-25.90311
3243065312.5,-25.90366
3243065468.75,-25.90488
3243065625.0,-25.90887
3243065781.25,-25.90986
3243065937.5,-25.91527
3243066093.75,-25.91638
3243066250.0,-25.91739
3243066406.25,-25.92066
3243066562.5,-25.92394
3243066718.75,-25.92757
3243066875.0,-25.92736
3243067031.25,-25.93307
3243067187.5,-25.93603
3243067343.75,-25.93387
3243067500.0,-25.94404
3243067656.25,-25.94513
3243067812.5,-25.94664
3243067968.75,-25.95315
3243068125.0,-25.95124
3243068281.25,-25.95409
3243068437.5,-25.95852
3243068593.75,-25.95731
3243068750.0,-25.95894
3243068906.25,-25.96997
3243069062.5,-25.96744
3243069218.75,-25.97337
3243069375.0,-25.97349
3243069531.25,-25.97553
3243069687.5,-25.98137
3243069843.75,-25.98153
3243070000.0,-25.98502
3243070156.25,-25.99132
3243070312.5,-25.98878
3243070468.75,-25.99213
3243070625.0,-25.99525
3243070781.25,-26.00348
3243070937.5,-25.99861
3243071093.75,-26.00208
3243071250.0,-26.00772
3243071406.25,-26.0095
3243071562.5,-26.01472
3243071718.75,-26.01602
3243071875.0,-26.02055
3243072031.25,-26.01979
3243072187.5,-26.02043
3243072343.75,-26.02617
3243072500.0,-26.03024
3243072656.25,-26.03196
3243072812.5,-26.03521
3243072968.75,-26.03694
3243073125.0,-26.03868
3243073281.25,-26.03954
3243073437.5,-26.04179
3243073593.75,-26.04647
3243073750.0,-26.0501
3243073906.25,-26.05145
3243074062.5,-26.05166
3243074218.75,-26.05783
3243074375.0,-26.06267
3243074531.25,-26.06266
3243074687.5,-26.06688
3243074843.75,-26.06723
3243075000.0,-26.06993
3243075156.25,-26.07673
3243075312.5,-26.07757
3243075468.75,-26.08043
3243075625.0,-26.08177
3243075781.25,-26.08641
3243075937.5,-26.0895
3243076093.75,-26.09068
3243076250.0,-26.09406
3243076406.25,-26.09917
3243076562.5,-26.10166
3243076718.75,-26.09908
3243076875.0,-26.10198
3243077031.25,-26.10732
3243077187.5,-26.10914
3243077343.75,-26.1109
3243077500.0,-26.11524
3243077656.25,-26.11563
3243077812.5,-26.11968
3243077968.75,-26.1183
3243078125.0,-26.12407
3243078281.25,-26.1291
3243078437.5,-26.13199
3243078593.75,-26.13274
3243078750.0,-26.13402
3243078906.25,-26.13842
3243079062.5,-26.1429
3243079218.75,-26.14473
3243079375.0,-26.14926
3243079531.25,-26.1534
3243079687.5,-26.15503
3243079843.75,-26.15371
3243080000.0,-26.15612
3243080156.25,-26.16129
3243080312.5,-26.16423
3243080468.75,-26.16506
3243080625.0,-26.17196
3243080781.25,-26.16888
3243080937.5,-26.173
3243081093.75,-26.17835
3243081250.0,-26.17719
3243081406.25,-26.18287
3243081562.5,-26.18087
3243081718.75,-26.1865
3243081875.0,-26.1883
3243082031.25,-26.19151
3243082187.5,-26.19218
3243082343.75,-26.19621
3243082500.0,-26.20419
3243082656.25,-26.20333
3243082812.5,-26.20685
3243082968.75,-26.20658
3243083125.0,-26.2108
3243083281.25,-26.216
3243083437.5,-26.21692
3243083593.75,-26.22017
3243083750.0,-26.2229
3243083906.25,-26.2289
3243084062.5,-26.22936
3243084218.75,-26.23335
3243084375.0,-26.23497
3243084531.25,-26.23546
3243084687.5,-26.23732
3243084843.75,-26.24235
3243085000.0,-26.24548
3243085156.25,-26.24274
3243085312.5,-26.24559
3243085468.75,-26.25117
3243085625.0,-26.25317
3243085781.25,-26.25739
3243085937.5,-26.25839
3243086093.75,-26.26439
3243086250.0,-26.26258
3243086406.25,-26.26692
3243086562.5,-26.27306
3243086718.75,-26.27586
3243086875.0,-26.27537
3243087031.25,-26.27372
3243087187.5,-26.27859
3243087343.75,-26.28182
3243087500.0,-26.28602
3243087656.25,-26.28698
3243087812.5,-26.28975
3243087968.75,-26.29465
3243088125.0,-26.29421
3243088281.25,-26.29884
3243088437.5,-26.30177
3243088593.75,-26.30102
3243088750.0,-26.30614
3243088906.25,-26.31005
3243089062.5,-26.30993
3243089218.75,-26.31415
3243089375.0,-26.31844
3243089531.25,-26.31988
3243089687.5,-26.32242
3243089843.75,-26.32844
3243090000.0,-26.32649
3243090156.25,-26.33143
3243090312.5,-26.33278
3243090468.75,-26.33572
3243090625.0,-26.33853
3243090781.25,-26.33923
3243090937.5,-26.34271
3243091093.75,-26.34788
3243091250.0,-26.34785
3243091406.25,-26.35375
3243091562.5,-26.35348
3243091718.75,-26.35777
3243091875.0,-26.35967
3243092031.25,-26.36154
3243092187.5,-26.36328
3243092343.75,-26.37031
3243092500.0,-26.37617
3243092656.25,-26.37338
3243092812.5,-26.37943
3243092968.75,-26.377
3243093125.0,-26.37954
3243093281.25,-26.38932
3243093437.5,-26.3869
3243093593.75,-26.38803
3243093750.0,-26.39129
3243093906.25,-26.39376
3243094062.5,-26.39883
3243094218.75,-26.39881
3243094375.0,-26.39974
3243094531.25,-26.40506
3243094687.5,-26.40912
3243094843.75,-26.40725
3243095000.0,-26.4143
3243095156.25,-26.41743
3243095312.5,-26.41511
3243095468.75,-26.42291
3243095625.0,-26.42116
3243095781.25,-26.42592
3243095937.5,-26.42992
3243096093.75,-26.42906
3243096250.0,-26.43134
3243096406.25,-26.44173
3243096562.5,-26.43885
3243096718.75,-26.44163
3243096875.0,-26.44363
3243097031.25,-26.44605
3243097187.5,-26.44574
3243097343.75,-26.45477
3243097500.0,-26.45113
3243097656.25,-26.45933
3243097812.5,-26.46419
3243097968.75,-26.46051
3243098125.0,-26.46693
3243098281.25,-26.46464
3243098437.5,-26.47091
3243098593.75,-26.47462
3243098750.0,-26.47812
3243098906.25,-26.48006
3243099062.5,-26.48167
3243099218.75,-26.4829
3243099375.0,-26.48213
3243099531.25,-26.48859
3243099687.5,-26.4924
3243099843.75,-26.4963
3243100000.0,-26.49622
3243100156.25,-26.49633
3243100312.5,-26.50259
3243100468.75,-26.50418
3243100625.0,-26.5021
3243100781.25,-26.51248
3243100937.5,-26.51295
3243101093.75,-26.51734
3243101250.0,-26.51447
3243101406.25,-26.52065
3243101562.5,-26.52226
3243101718.75,-26.5281
3243101875.0,-26.5282
3243102031.25,-26.52842
3243102187.5,-26.53522
3243102343.75,-26.53316
3243102500.0,-26.53795
3243102656.25,-26.54049
3243102812.5,-26.54667
3243102968.75,-26.55199
3243103125.0,-26.54729
3243103281.25,-26.55102
3243103437.5,-26.55305
3243103593.75,-26.5543
3243103750.0,-26.56504
3243103906.25,-26.56092
3243104062.5,-26.56566
3243104218.75,-26.5706
3243104375.0,-26.56854
3243104531.25,-26.57491
3243104687.5,-26.57776
3243104843.75,-26.57576
3243105000.0,-26.58007
3243105156.25,-26.57979
3243105312.5,-26.58326
3243105468.75,-26.58853
3243105625.0,-26.59113
3243105781.25,-26.59115
3243105937.5,-26.59305
3243106093.75,-26.59869
3243106250.0,-26.59949
3243106406.25,-26.60558
3243106562.5,-26.60408
3243106718.75,-26.60681
3243106875.0,-26.61299
3243107031.25,-26.61461
3243107187.5,-26.61649
3243107343.75,-26.61525
3243107500.0,-26.62359
3243107656.25,-26.62473
3243107812.5,-26.62622
3243107968.75,-26.63062
3243108125.0,-26.63202
3243108281.25,-26.63305
3243108437.5,-26.63745
3243108593.75,-26.63766
3243108750.0,-26.64485
3243108906.25,-26.6429
3243109062.5,-26.64642
3243109218.75,-26.65105
3243109375.0,-26.65211
3243109531.25,-26.6555
3243109687.5,-26.65401
3243109843.75,-26.65934
3243110000.0,-26.66423
3243110156.25,-26.66614
3243110312.5,-26.66572
3243110468.75,-26.66713
3243110625.0,-26.67444
3243110781.25,-26.67582
3243110937.5,-26.67633
3243111093.75,-26.67952
3243111250.0,-26.68505
3243111406.25,-26.68244
3243111562.5,-26.68871
3243111718.75,-26.69275
3243111875.0,-26.69284
3243112031.25,-26.69885
3243112187.5,-26.6979
3243112343.75,-26.70189
3243112500.0,-26.70244
3243112656.25,-26.70983
3243112812.5,-26.70571
3243112968.75,-26.71005
3243113125.0,-26.71729
3243113281.25,-26.71559
3243113437.5,-26.7205
3243113593.75,-26.72313
3243113750.0,-26.72756
3243113906.25,-26.7248
3243114062.5,-26.72551
3243114218.75,-26.73074
3243114375.0,-26.73317
3243114531.25,-26.73851
3243114687.5,-26.73797
3243114843.75,-26.74409
3243115000.0,-26.74449
3243115156.25,-26.74678
3243115312.5,-26.74954
3243115468.75,-26.75609
3243115625.0,-26.75517
3243115781.25,-26.75814
3243115937.5,-26.76232
3243116093.75,-26.75945
3243116250.0,-26.76188
3243116406.25,-26.76528
3243116562.5,-26.76928
3243116718.75,-26.77462
3243116875.0,-26.77335
3243117031.25,-26.7753
3243117187.5,-26.78147
3243117343.75,-26.7819
3243117500.0,-26.78501
3243117656.25,-26.79203
3243117812.5,-26.79344
3243117968.75,-26.79567
3243118125.0,-26.79263
3243118281.25,-26.79384
3243118437.5,-26.80495
3243118593.75,-26.80178
3243118750.0,-26.806
3243118906.25,-26.80783
3243119062.5,-26.81329
3243119218.75,-26.81453
3243119375.0,-26.81529
3243119531.25,-26.81971
3243119687.5,-26.81992
3243119843.75,-26.82392
3243120000.0,-26.82571
3243120156.25,-26.82645
3243120312.5,-26.832
3243120468.75,-26.83349
3243120625.0,-26.83807
3243120781.25,-26.83552
3243120937.5,-26.84221
3243121093.75,-26.84527
3243121250.0,-26.84488
3243121406.25,-26.85044
3243121562.5,-26.85096
3243121718.75,-26.85541
3243121875.0,-26.85638
3243122031.25,-26.8596
3243122187.5,-26.86116
3243122343.75,-26.86495
3243122500.0,-26.863
3243122656.25,-26.86602
3243122812.5,-26.87057
3243122968.75,-26.87618
3243123125.0,-26.87919
3243123281.25,-26.88398
3243123437.5,-26.87814
3243123593.75,-26.88179
3243123750.0,-26.88539
3243123906.25,-26.88943
3243124062.5,-26.88802
3243124218.75,-26.89541
3243124375.0,-26.89938
3243124531.25,-26.89849
3243124687.5,-26.90326
3243124843.75,-26.90294
3243125000.0,-26.90566
3243125156.25,-26.90633
3243125312.5,-26.91546
3243125468.75,-26.91826
3243125625.0,-26.91529
3243125781.25,-26.91784
3243125937.5,-26.91986
3243126093.75,-26.92411
3243126250.0,-26.92666
3243126406.25,-26.93264
3243126562.5,-26.93421
3243126718.75,-26.9357
3243126875.0,-26.93513
3243127031.25,-26.93826
3243127187.5,-26.94214
3243127343.75,-26.94415
3243127500.0,-26.94798
3243127656.25,-26.94801
3243127812.5,-26.95023
3243127968.75,-26.95191
3243128125.0,-26.95552
3243128281.25,-26.96213
3243128437.5,-26.96702
3243128593.75,-26.96608
3243128750.0,-26.96666
3243128906.25,-26.9712
3243129062.5,-26.97214
3243129218.75,-26.9767
3243129375.0,-26.97654
3243129531.25,-26.97962
3243129687.5,-26.9809
3243129843.75,-26.98334
3243130000.0,-26.98478
3243130156.25,-26.99009
3243130312.5,-26.99099
3243130468.75,-26.99914
3243130625.0,-26.99763
3243130781.25,-26.99485
3243130937.5,-27.00079
3243131093.75,-27.00471
3243131250.0,-27.00792
3243131406.25,-27.01136
3243131562.5,-27.01757
3243131718.75,-27.01314
3243131875.0,-27.01714
3243132031.25,-27.01767
3243132187.5,-27.02147
3243132343.75,-27.02268
3243132500.0,-27.02407
3243132656.25,-27.0314
3243132812.5,-27.02886
3243132968.75,-27.0372
3243133125.0,-27.03381
3243133281.25,-27.04215
3243133437.5,-27.04412
3243133593.75,-27.0398
3243133750.0,-27.04702
3243133906.25,-27.04853
3243134062.5,-27.05184
3243134218.75,-27.05396
3243134375.0,-27.05502
3243134531.25,-27.06232
3243134687.5,-27.0612
3243134843.75,-27.06716
3243135000.0,-27.06756
3243135156.25,-27.0679
3243135312.5,-27.07181
3243135468.75,-27.0752
3243135625.0,-27.07668
3243135781.25,-27.07738
3243135937.5,-27.08529
3243136093.75,-27.08642
3243136250.0,-27.08591
3243136406.25,-27.08525
3243136562.5,-27.09432
3243136718.75,-27.09485
3243136875.0,-27.10192
3243137031.25,-27.10137
3243137187.5,-27.09982
3243137343.75,-27.10546
3243137500.0,-27.10793
3243137656.25,-27.11185
3243137812.5,-27.11329
3243137968.75,-27.11397
3243138125.0,-27.11953
3243138281.25,-27.11701
3243138437.5,-27.11949
3243138593.75,-27.12625
3243138750.0,-27.1263
3243138906.25,-27.13272
3243139062.5,-27.13235
3243139218.75,-27.1318
3243139375.0,-27.13729
3243139531.25,-27.13777
3243139687.5,-27.14255
3243139843.75,-27.14557
3243140000.0,-27.14666
3243140156.25,-27.15161
3243140312.5,-27.15102
3243140468.75,-27.15286
3243140625.0,-27.1581
3243140781.25,-27.16334
3243140937.5,-27.16037
3243141093.75,-27.1646
3243141250.0,-27.16719
3243141406.25,-27.16977
3243141562.5,-27.17174
3243141718.75,-27.17542
3243141875.0,-27.17315
3243142031.25,-27.17713
3243142187.5,-27.17782
3243142343.75,-27.18456
3243142500.0,-27.18503
3243142656.25,-27.18685
3243142812.5,-27.18709
3243142968.75,-27.19283
3243143125.0,-27.19583
3243143281.25,-27.19643
3243143437.5,-27.2021
3243143593.75,-27.20525
3243143750.0,-27.20632
3243143906.25,-27.20467
3243144062.5,-27.20703
3243144218.75,-27.21293
3243144375.0,-27.21261
3243144531.25,-27.21821
3243144687.5,-27.22003
3243144843.75,-27.22071
3243145000.0,-27.2244
3243145156.25,-27.22839
3243145312.5,-27.22883
3243145468.75,-27.23238
3243145625.0,-27.23291
3243145781.25,-27.23645
3243145937.5,-27.24051
3243146093.75,-27.24269
3243146250.0,-27.23989
3243146406.25,-27.24288
3243146562.5,-27.25409
3243146718.75,-27.25357
3243146875.0,-27.25626
3243147031.25,-27.25662
3243147187.5,-27.25783
3243147343.75,-27.25837
3243147500.0,-27.26192
3243147656.25,-27.26911
3243147812.5,-27.26989
3243147968.75,-27.2684
3243148125.0,-27.2739
3243148281.25,-27.27709
3243148437.5,-27.27696
3243148593.75,-27.27787
3243148750.0,-27.28674
3243148906.25,-27.29307
3243149062.5,-27.28534
3243149218.75,-27.29283
3243149375.0,-27.29831
3243149531.25,-27.29611
3243149687.5,-27.29791
3243149843.75,-27.29878
3243150000.0,-27.30668
3243150156.25,-27.3078
3243150312.5,-27.30742
3243150468.75,-27.30961
3243150625.0,-27.31144
3243150781.25,-27.31207
3243150937.5,-27.31754
3243151093.75,-27.32025
3243151250.0,-27.32191
3243151406.25,-27.3262
3243151562.5,-27.32553
3243151718.75,-27.33339
3243151875.0,-27.33196
3243152031.25,-27.33485
3243152187.5,-27.33683
3243152343.75,-27.34448
3243152500.0,-27.33815
3243152656.25,-27.34394
3243152812.5,-27.34754
3243152968.75,-27.34875
3243153125.0,-27.34935
3243153281.25,-27.35583
3243153437.5,-27.35551
3243153593.75,-27.36034
3243153750.0,-27.36077
3243153906.25,-27.35938
3243154062.5,-27.36742
3243154218.75,-27.36712
3243154375.0,-27.37033
3243154531.25,-27.37357
3243154687.5,-27.37825
3243154843.75,-27.37655
3243155000.0,-27.37841
3243155156.25,-27.38531
3243155312.5,-27.3877
3243155468.75,-27.38559
3243155625.0,-27.3932
3243155781.25,-27.38653
3243155937.5,-27.39294
3243156093.75,-27.39941
3243156250.0,-27.40481
3243156406.25,-27.40472
3243156562.5,-27.40494
3243156718.75,-27.40166
3243156875.0,-27.41005
3243157031.25,-27.41326
3243157187.5,-27.41663
3243157343.75,-27.41773
3243157500.0,-27.41697
3243157656.25,-27.42034
3243157812.5,-27.42423
3243157968.75,-27.42654
3243158125.0,-27.43096
3243158281.25,-27.4294
3243158437.5,-27.43446
3243158593.75,-27.44045
3243158750.0,-27.43417
3243158906.25,-27.44004
3243159062.5,-27.44278
3243159218.75,-27.45061
3243159375.0,-27.451
3243159531.25,-27.45255
3243159687.5,-27.44851
3243159843.75,-27.4564
3243160000.0,-27.45823
3243160156.25,-27.46198
3243160312.5,-27.46441
3243160468.75,-27.46648
3243160625.0,-27.46685
3243160781.25,-27.46834
3243160937.5,-27.47723
3243161093.75,-27.4738
3243161250.0,-27.47512
3243161406.25,-27.48074
3243161562.5,-27.48371
3243161718.75,-27.48657
3243161875.0,-27.48469
3243162031.25,-27.49084
3243162187.5,-27.49129
3243162343.75,-27.49269
3243162500.0,-27.49197
3243162656.25,-27.50074
3243162812.5,-27.49842
3243162968.75,-27.50035
3243163125.0,-27.50644
3243163281.25,-27.50521
3243163437.5,-27.51016
3243163593.75,-27.50931
3243163750.0,-27.51674
3243163906.25,-27.51745
3243164062.5,-27.51727
3243164218.75,-27.52025
3243164375.0,-27.52513
3243164531.25,-27.52831
3243164687.5,-27.53052
3243164843.75,-27.53167
3243165000.0,-27.53371
3243165156.25,-27.53633
3243165312.5,-27.53582
3243165468.75,-27.54239
3243165625.0,-27.54589
3243165781.25,-27.5462
3243165937.5,-27.54681
3243166093.75,-27.55073
3243166250.0,-27.54926
3243166406.25,-27.55752
3243166562.5,-27.556
3243166718.75,-27.56001
3243166875.0,-27.5629
3243167031.25,-27.5694
3243167187.5,-27.56733
3243167343.75,-27.56812
3243167500.0,-27.57137
3243167656.25,-27.57092
3243167812.5,-27.57981
3243167968.75,-27.57858
3243168125.0,-27.58031
3243168281.25,-27.58207
3243168437.5,-27.58451
3243168593.75,-27.59126
3243168750.0,-27.59192
3243168906.25,-27.59469
3243169062.5,-27.59613
3243169218.75,-27.60163
3243169375.0,-27.60235
3243169531.25,-27.6014
3243169687.5,-27.60461
3243169843.75,-27.61187
3243170000.0,-27.61073
3243170156.25,-27.60822
3243170312.5,-27.61809
3243170468.75,-27.61748
3243170625.0,-27.62016
3243170781.25,-27.62416
3243170937.5,-27.62516
3243171093.75,-27.62322
3243171250.0,-27.62831
3243171406.25,-27.628
3243171562.5,-27.63006
3243171718.75,-27.63561
3243171875.0,-27.63666
3243172031.25,-27.63883
3243172187.5,-27.64135
3243172343.75,-27.64614
3243172500.0,-27.64415
3243172656.25,-27.65422
3243172812.5,-27.65332
3243172968.75,-27.65153
3243173125.0,-27.65714
3243173281.25,-27.66405
3243173437.5,-27.66278
3243173593.75,-27.66072
3243173750.0,-27.66903
3243173906.25,-27.67048
3243174062.5,-27.67285
3243174218.75,-27.67361
3243174375.0,-27.67216
3243174531.25,-27.68253
3243174687.5,-27.67641
3243174843.75,-27.68509
3243175000.0,-27.68426
3243175156.25,-27.68371
3243175312.5,-27.68863
3243175468.75,-27.69223
3243175625.0,-27.6942
3243175781.25,-27.692
3243175937.5,-27.70593
3243176093.75,-27.70021
3243176250.0,-27.70404
3243176406.25,-27.70588
3243176562.5,-27.71188
3243176718.75,-27.70868
3243176875.0,-27.71
3243177031.25,-27.71164
3243177187.5,-27.71931
3243177343.75,-27.71972
3243177500.0,-27.72022
3243177656.25,-27.72724
3243177812.5,-27.73027
3243177968.75,-27.7286
3243178125.0,-27.73205
3243178281.25,-27.73282
3243178437.5,-27.73709
3243178593.75,-27.7373
3243178750.0,-27.73795
3243178906.25,-27.74247
3243179062.5,-27.74513
3243179218.75,-27.74861
3243179375.0,-27.75245
3243179531.25,-27.7558
3243179687.5,-27.75948
3243179843.75,-27.76024
3243180000.0,-27.75875
3243180156.25,-27.76012
3243180312.5,-27.7714
3243180468.75,-27.76898
3243180625.0,-27.76607
3243180781.25,-27.77519
3243180937.5,-27.77342
3243181093.75,-27.77713
3243181250.0,-27.78258
3243181406.25,-27.7813
3243181562.5,-27.78095
3243181718.75,-27.78842
3243181875.0,-27.7914
3243182031.25,-27.79028
3243182187.5,-27.79093
3243182343.75,-27.79523
3243182500.0,-27.80182
3243182656.25,-27.80333
3243182812.5,-27.79967
3243182968.75,-27.80486
3243183125.0,-27.80699
3243183281.25,-27.80618
3243183437.5,-27.81126
3243183593.75,-27.81055
3243183750.0,-27.81582
3243183906.25,-27.81983
3243184062.5,-27.82112
3243184218.75,-27.82277
3243184375.0,-27.82598
3243184531.25,-27.8289
3243184687.5,-27.82793
3243184843.75,-27.83458
3243185000.0,-27.83489
3243185156.25,-27.84406
3243185312.5,-27.83838
3243185468.75,-27.84076
3243185625.0,-27.84349
3243185781.25,-27.84573
3243185937.5,-27.84899
3243186093.75,-27.84842
3243186250.0,-27.85547
3243186406.25,-27.85679
3243186562.5,-27.85577
3243186718.75,-27.86047
3243186875.0,-27.86309
3243187031.25,-27.8639
3243187187.5,-27.8727
3243187343.75,-27.87143
3243187500.0,-27.87712
3243187656.25,-27.86988
3243187812.5,-27.87434
3243187968.75,-27.88276
3243188125.0,-27.88155
3243188281.25,-27.88391
3243188437.5,-27.88231
3243188593.75,-27.89242
3243188750.0,-27.89044
3243188906.25,-27.89728
3243189062.5,-27.89733
3243189218.75,-27.89912
3243189375.0,-27.89698
3243189531.25,-27.90016
3243189687.5,-27.90596
3243189843.75,-27.90446
3243190000.0,-27.91153
3243190156.25,-27.90868
3243190312.5,-27.91729
3243190468.75,-27.91588
3243190625.0,-27.91487
3243190781.25,-27.9193
3243190937.5,-27.92112
3243191093.75,-27.927
3243191250.0,-27.92428
3243191406.25,-27.92521
3243191562.5,-27.92674
3243191718.75,-27.93804
3243191875.0,-27.94013
3243192031.25,-27.93641
3243192187.5,-27.93921
3243192343.75,-27.9433
3243192500.0,-27.94846
3243192656.25,-27.94441
3243192812.5,-27.94947
3243192968.75,-27.95161
3243193125.0,-27.95284
3243193281.25,-27.95582
3243193437.5,-27.95765
3243193593.75,-27.9628
3243193750.0,-27.96244
3243193906.25,-27.96771
3243194062.5,-27.96335
3243194218.75,-27.96757
3243194375.0,-27.97338
3243194531.25,-27.98026
3243194687.5,-27.97442
3243194843.75,-27.97977
3243195000.0,-27.9829
3243195156.25,-27.98182
3243195312.5,-27.98589
3243195468.75,-27.98923
3243195625.0,-27.99197
3243195781.25,-27.99301
3243195937.5,-27.99269
3243196093.75,-27.99922
3243196250.0,-27.99386
3243196406.25,-28.00582
3243196562.5,-28.00499
3243196718.75,-28.00517
3243196875.0,-28.00863
3243197031.25,-28.01367
3243197187.5,-28.01303
3243197343.75,-28.01554
3243197500.0,-28.0191
3243197656.25,-28.01942
3243197812.5,-28.02215
3243197968.75,-28.02538
3243198125.0,-28.02879
3243198281.25,-28.03535
3243198437.5,-28.03259
3243198593.75,-28.03172
3243198750.0,-28.03662
3243198906.25,-28.03872
3243199062.5,-28.04209
3243199218.75,-28.04478
3243199375.0,-28.0418
3243199531.25,-28.04976
3243199687.5,-28.04721
3243199843.75,-28.05302
3243200000.0,-28.05648
3243200156.25,-28.05671
3243200312.5,-28.06047
3243200468.75,-28.06006
3243200625.0,-28.06031
3243200781.25,-28.06647
3243200937.5,-28.06498
3243201093.75,-28.06929
3243201250.0,-28.07191
3243201406.25,-28.08009
3243201562.5,-28.07736
3243201718.75,-28.0793
3243201875.0,-28.08267
3243202031.25,-28.08546
3243202187.5,-28.08995
3243202343.75,-28.0929
3243202500.0,-28.09176
3243202656.25,-28.09408
3243202812.5,-28.09598
3243202968.75,-28.0969
3243203125.0,-28.1025
3243203281.25,-28.10005
3243203437.5,-28.10695
3243203593.75,-28.10622
3243203750.0,-28.11027
3243203906.25,-28.11057
3243204062.5,-28.11531
3243204218.75,-28.11486
3243204375.0,-28.12309
3243204531.25,-28.12186
3243204687.5,-28.12483
3243204843.75,-28.12117
3243205000.0,-28.12239
3243205156.25,-28.13248
3243205312.5,-28.1337
3243205468.75,-28.13504
3243205625.0,-28.14142
3243205781.25,-28.13898
3243205937.5,-28.13899
3243206093.75,-28.1466
3243206250.0,-28.14637
3243206406.25,-28.14762
3243206562.5,-28.14887
3243206718.75,-28.15281
3243206875.0,-28.15264
3243207031.25,-28.15861
3243207187.5,-28.15981
3243207343.75,-28.16611
3243207500.0,-28.16318
3243207656.25,-28.16335
3243207812.5,-28.16766
3243207968.75,-28.16719
3243208125.0,-28.16996
3243208281.25,-28.17438
3243208437.5,-28.17682
3243208593.75,-28.17888
3243208750.0,-28.18163
3243208906.25,-28.1818
3243209062.5,-28.18146
3243209218.75,-28.18716
3243209375.0,-28.19002
3243209531.25,-28.18991
3243209687.5,-28.18905
3243209843.75,-28.19923
3243210000.0,-28.198
3243210156.25,-28.19929
3243210312.5,-28.2
3243210468.75,-28.20844
3243210625.0,-28.20483
3243210781.25,-28.21194
3243210937.5,-28.21264
3243211093.75,-28.21998
3243211250.0,-28.22111
3243211406.25,-28.21465
3243211562.5,-28.22221
3243211718.75,-28.2245
3243211875.0,-28.22658
3243212031.25,-28.2287
3243212187.5,-28.2283
3243212343.75,-28.23437
3243212500.0,-28.23818
3243212656.25,-28.23464
3243212812.5,-28.23769
3243212968.75,-28.24314
3243213125.0,-28.23972
3243213281.25,-28.24593
3243213437.5,-28.24538
3243213593.75,-28.25624
3243213750.0,-28.25511
3243213906.25,-28.25534
3243214062.5,-28.25868
3243214218.75,-28.25928
3243214375.0,-28.26101
3243214531.25,-28.26603
3243214687.5,-28.27031
3243214843.75,-28.26614
3243215000.0,-28.26983
3243215156.25,-28.27152
3243215312.5,-28.27557
3243215468.75,-28.27606
3243215625.0,-28.28172
3243215781.25,-28.27874
3243215937.5,-28.28807
3243216093.75,-28.28864
3243216250.0,-28.29583
3243216406.25,-28.29173
3243216562.5,-28.29306
3243216718.75,-28.29575
3243216875.0,-28.2992
3243217031.25,-28.29978
3243217187.5,-28.30828
3243217343.75,-28.30317
3243217500.0,-28.30977
3243217656.25,-28.30418
3243217812.5,-28.307
3243217968.75,-28.31037
3243218125.0,-28.31822
3243218281.25,-28.31748
3243218437.5,-28.31761
3243218593.75,-28.32262
3243218750.0,-28.32454
3243218906.25,-28.32788
3243219062.5,-28.31803
3243219218.75,-28.33133
3243219375.0,-28.33297
3243219531.25,-28.33562
3243219687.5,-28.33676
3243219843.75,-28.34347
3243220000.0,-28.34217
3243220156.25,-28.34928
3243220312.5,-28.34959
3243220468.75,-28.34219
3243220625.0,-28.34624
3243220781.25,-28.35578
3243220937.5,-28.35323
3243221093.75,-28.3551
3243221250.0,-28.36137
3243221406.25,-28.36184
3243221562.5,-28.36284
3243221718.75,-28.36493
3243221875.0,-28.37045
3243222031.25,-28.36892
3243222187.5,-28.37851
3243222343.75,-28.37842
3243222500.0,-28.37777
3243222656.25,-28.37632
3243222812.5,-28.3779
3243222968.75,-28.38409
3243223125.0,-28.38778
3243223281.25,-28.38718
3243223437.5,-28.3875
3243223593.75,-28.38826
3243223750.0,-28.39412
3243223906.25,-28.39423
3243224062.5,-28.39725
3243224218.75,-28.40013
3243224375.0,-28.40796
3243224531.25,-28.40245
3243224687.5,-28.40866
3243224843.75,-28.41018
3243225000.0,-28.41301
3243225156.25,-28.4164
3243225312.5,-28.41627
3243225468.75,-28.42005
3243225625.0,-28.42239
3243225781.25,-28.42323
3243225937.5,-28.42704
3243226093.75,-28.42986
3243226250.0,-28.42723
3243226406.25,-28.43058
3243226562.5,-28.43236
3243226718.75,-28.43422
3243226875.0,-28.43843
3243227031.25,-28.44084
3243227187.5,-28.44185
3243227343.75,-28.44485
3243227500.0,-28.44752
3243227656.25,-28.45065
3243227812.5,-28.45258
3243227968.75,-28.45369
3243228125.0,-28.45687
3243228281.25,-28.45218
3243228437.5,-28.4615
3243228593.75,-28.46441
3243228750.0,-28.46593
3243228906.25,-28.46584
3243229062.5,-28.47237
3243229218.75,-28.47321
3243229375.0,-28.47136
3243229531.25,-28.4758
3243229687.5,-28.4744
3243229843.75,-28.47782
3243230000.0,-28.47709
3243230156.25,-28.48333
3243230312.5,-28.4855
3243230468.75,-28.48363
3243230625.0,-28.49354
3243230781.25,-28.49113
3243230937.5,-28.49241
3243231093.75,-28.49518
3243231250.0,-28.49884
3243231406.25,-28.49675
3243231562.5,-28.5041
3243231718.75,-28.50376
3243231875.0,-28.51003
3243232031.25,-28.51011
3243232187.5,-28.51498
3243232343.75,-28.51259
3243232500.0,-28.52027
3243232656.25,-28.51534
3243232812.5,-28.51734
3243232968.75,-28.52387
3243233125.0,-28.52623
3243233281.25,-28.52442
3243233437.5,-28.5235
3243233593.75,-28.53154
3243233750.0,-28.53502
3243233906.25,-28.53477
3243234062.5,-28.53878
3243234218.75,-28.54155
3243234375.0,-28.54319
3243234531.25,-28.54614
3243234687.5,-28.54899
3243234843.75,-28.55197
3243235000.0,-28.55194
3243235156.25,-28.55323
3243235312.5,-28.55869
3243235468.75,-28.55471
3243235625.0,-28.55543
3243235781.25,-28.56191
3243235937.5,-28.5602
3243236093.75,-28.57149
3243236250.0,-28.56704
3243236406.25,-28.57132
3243236562.5,-28.57308
3243236718.75,-28.57622
3243236875.0,-28.57549
3243237031.25,-28.58176
3243237187.5,-28.57986
3243237343.75,-28.58068
3243237500.0,-28.58528
3243237656.25,-28.58832
3243237812.5,-28.58194
3243237968.75,-28.58966
3243238125.0,-28.59313
3243238281.25,-28.59289
3243238437.5,-28.59872
3243238593.75,-28.60075
3243238750.0,-28.60526
3243238906.25,-28.60522
3243239062.5,-28.60668
3243239218.75,-28.60922
3243239375.0,-28.61068
3243239531.25,-28.6145
3243239687.5,-28.61768
3243239843.75,-28.61936
3243240000.0,-28.61981
3243240156.25,-28.62558
3243240312.5,-28.62101
3243240468.75,-28.62861
3243240625.0,-28.62737
3243240781.25,-28.62925
3243240937.5,-28.63256
3243241093.75,-28.63561
3243241250.0,-28.63378
3243241406.25,-28.63903
3243241562.5,-28.63986
3243241718.75,-28.64211
3243241875.0,-28.65102
3243242031.25,-28.6488
3243242187.5,-28.64791
3243242343.75,-28.64858
3243242500.0,-28.65606
3243242656.25,-28.65308
3243242812.5,-28.66085
3243242968.75,-28.66077
3243243125.0,-28.66312
3243243281.25,-28.66255
3243243437.5,-28.66612
3243243593.75,-28.66973
3243243750.0,-28.67025
3243243906.25,-28.67271
3243244062.5,-28.6732
3243244218.75,-28.67571
3243244375.0,-28.67886
3243244531.25,-28.67969
3243244687.5,-28.68521
3243244843.75,-28.68522
3243245000.0,-28.68657
3243245156.25,-28.69115
3243245312.5,-28.69683
3243245468.75,-28.69598
3243245625.0,-28.6907
3243245781.25,-28.70119
3243245937.5,-28.70565
3243246093.75,-28.70126
3243246250.0,-28.70589
3243246406.25,-28.7043
3243246562.5,-28.70762
3243246718.75,-28.71419
3243246875.0,-28.71478
3243247031.25,-28.71555
3243247187.5,-28.71919
3243247343.75,-28.72278
3243247500.0,-28.71976
3243247656.25,-28.72209
3243247812.5,-28.72472
3243247968.75,-28.72746
3243248125.0,-28.73455
3243248281.25,-28.73758
3243248437.5,-28.73819
3243248593.75,-28.73254
3243248750.0,-28.73557
3243248906.25,-28.74109
3243249062.5,-28.74468
3243249218.75,-28.74961
3243249375.0,-28.75034
3243249531.25,-28.75324
3243249687.5,-28.74823
3243249843.75,-28.75918
3243250000.0,-28.75419
3243250156.25,-28.7541
3243250312.5,-28.76233
3243250468.75,-28.76063
3243250625.0,-28.76606
3243250781.25,-28.76845
3243250937.5,-28.7678
3243251093.75,-28.77116
3243251250.0,-28.77117
3243251406.25,-28.77865
3243251562.5,-28.77584
3243251718.75,-28.78326
3243251875.0,-28.78412
3243252031.25,-28.78025
3243252187.5,-28.78778
3243252343.75,-28.79109
3243252500.0,-28.79091
3243252656.25,-28.79096
3243252812.5,-28.79267
3243252968.75,-28.80154
3243253125.0,-28.80289
3243253281.25,-28.80071
3243253437.5,-28.80737
3243253593.75,-28.80187
3243253750.0,-28.81042
3243253906.25,-28.80976
3243254062.5,-28.81296
3243254218.75,-28.81213
3243254375.0,-28.81417
3243254531.25,-28.81715
3243254687.5,-28.82123
3243254843.75,-28.82306
3243255000.0,-28.8265
3243255156.25,-28.82336
3243255312.5,-28.83
3243255468.75,-28.83099
3243255625.0,-28.83696
3243255781.25,-28.83453
3243255937.5,-28.83733
3243256093.75,-28.84164
3243256250.0,-28.8385
3243256406.25,-28.84358
3243256562.5,-28.84347
3243256718.75,-28.84597
3243256875.0,-28.85061
3243257031.25,-28.85594
3243257187.5,-28.85619
3243257343.75,-28.85408
3243257500.0,-28.85822
3243257656.25,-28.86092
3243257812.5,-28.85782
3243257968.75,-28.86857
3243258125.0,-28.86615
3243258281.25,-28.86736
3243258437.5,-28.86989
3243258593.75,-28.87041
3243258750.0,-28.87173
3243258906.25,-28.87384
3243259062.5,-28.87272
3243259218.75,-28.88121
3243259375.0,-28.88245
3243259531.25,-28.8844
3243259687.5,-28.88679
3243259843.75,-28.89113
3243260000.0,-28.88815
3243260156.25,-28.8962
3243260312.5,-28.89904
3243260468.75,-28.89671
3243260625.0,-28.90397
3243260781.25,-28.89936
3243260937.5,-28.9037
3243261093.75,-28.90725
3243261250.0,-28.90627
3243261406.25,-28.91079
3243261562.5,-28.91504
3243261718.75,-28.91478
3243261875.0,-28.91822
3243262031.25,-28.91866
3243262187.5,-28.92105
3243262343.75,-28.92297
3243262500.0,-28.92265
3243262656.25,-28.92572
3243262812.5,-28.92769
3243262968.75,-28.93122
3243263125.0,-28.93188
3243263281.25,-28.93066
3243263437.5,-28.93775
3243263593.75,-28.93687
3243263750.0,-28.94164
3243263906.25,-28.94621
3243264062.5,-28.94724
3243264218.75,-28.95069
3243264375.0,-28.94643
3243264531.25,-28.95627
3243264687.5,-28.95282
3243264843.75,-28.95982
3243265000.0,-28.95633
3243265156.25,-28.96194
3243265312.5,-28.96183
3243265468.75,-28.9656
3243265625.0,-28.96866
3243265781.25,-28.96774
3243265937.5,-28.97163
3243266093.75,-28.96995
3243266250.0,-28.97444
3243266406.25,-28.98127
3243266562.5,-28.98258
3243266718.75,-28.98241
3243266875.0,-28.98134
3243267031.25,-28.98604
3243267187.5,-28.9922
3243267343.75,-28.98513
3243267500.0,-28.99549
3243267656.25,-28.99619
3243267812.5,-28.99545
3243267968.75,-29.00137
3243268125.0,-28.99919
3243268281.25,-29.00279
3243268437.5,-29.00192
3243268593.75,-29.00516
3243268750.0,-29.01187
3243268906.25,-29.01293
3243269062.5,-29.00908
3243269218.75,-29.01143
3243269375.0,-29.01823
3243269531.25,-29.02035
3243269687.5,-29.02401
3243269843.75,-29.0286
3243270000.0,-29.02119
3243270156.25,-29.02634
3243270312.5,-29.02815
3243270468.75,-29.03238
3243270625.0,-29.03057
3243270781.25,-29.03638
3243270937.5,-29.03481
3243271093.75,-29.03584
3243271250.0,-29.03837
3243271406.25,-29.04412
3243271562.5,-29.04794
3243271718.75,-29.0468
3243271875.0,-29.04614
3243272031.25,-29.05559
3243272187.5,-29.05128
3243272343.75,-29.05734
3243272500.0,-29.06216
3243272656.25,-29.05617
3243272812.5,-29.06483
3243272968.75,-29.06397
3243273125.0,-29.06756
3243273281.25,-29.07148
3243273437.5,-29.06957
3243273593.75,-29.07588
3243273750.0,-29.07627
3243273906.25,-29.07605
3243274062.5,-29.07552
3243274218.75,-29.08128
3243274375.0,-29.08012
3243274531.25,-29.08683
3243274687.5,-29.08328
3243274843.75,-29.09202
3243275000.0,-29.09351
3243275156.25,-29.08981
3243275312.5,-29.09513
3243275468.75,-29.09572
3243275625.0,-29.09517
3243275781.25,-29.0976
3243275937.5,-29.10234
3243276093.75,-29.10431
3243276250.0,-29.10597
3243276406.25,-29.11041
3243276562.5,-29.11437
3243276718.75,-29.11012
3243276875.0,-29.11449
3243277031.25,-29.11499
3243277187.5,-29.12082
3243277343.75,-29.12417
3243277500.0,-29.11798
3243277656.25,-29.12279
3243277812.5,-29.12577
3243277968.75,-29.13236
3243278125.0,-29.13098
3243278281.25,-29.12856
3243278437.5,-29.13694
3243278593.75,-29.13702
3243278750.0,-29.14743
3243278906.25,-29.14268
3243279062.5,-29.1463
3243279218.75,-29.14157
3243279375.0,-29.14836
3243279531.25,-29.14663
3243279687.5,-29.14928
3243279843.75,-29.15404
3243280000.0,-29.15766
3243280156.25,-29.16562
3243280312.5,-29.1584
3243280468.75,-29.15987
3243280625.0,-29.16485
3243280781.25,-29.1626
3243280937.5,-29.16899
3243281093.75,-29.16778
3243281250.0,-29.17572
3243281406.25,-29.17568
3243281562.5,-29.17446
3243281718.75,-29.17776
3243281875.0,-29.177
3243282031.25,-29.17813
3243282187.5,-29.18261
3243282343.75,-29.18584
3243282500.0,-29.19169
3243282656.25,-29.19335
3243282812.5,-29.19398
3243282968.75,-29.19836
3243283125.0,-29.19618
3243283281.25,-29.19821
3243283437.5,-29.20122
3243283593.75,-29.2054
3243283750.0,-29.20796
3243283906.25,-29.20735
3243284062.5,-29.20569
3243284218.75,-29.21157
3243284375.0,-29.21494
3243284531.25,-29.21397
3243284687.5,-29.22259
3243284843.75,-29.22248
3243285000.0,-29.22316
3243285156.25,-29.22181
3243285312.5,-29.22617
3243285468.75,-29.22969
3243285625.0,-29.22576
3243285781.25,-29.23079
3243285937.5,-29.23053
3243286093.75,-29.23631
3243286250.0,-29.23684
3243286406.25,-29.2368
3243286562.5,-29.23856
3243286718.75,-29.24335
3243286875.0,-29.24486
3243287031.25,-29.25064
3243287187.5,-29.25137
3243287343.75,-29.25257
3243287500.0,-29.2525
3243287656.25,-29.25949
3243287812.5,-29.25603
3243287968.75,-29.2585
3243288125.0,-29.26107
3243288281.25,-29.26163
3243288437.5,-29.26735
3243288593.75,-29.26776
3243288750.0,-29.2639
3243288906.25,-29.27009
3243289062.5,-29.2732
3243289218.75,-29.27161
3243289375.0,-29.27688
3243289531.25,-29.28058
3243289687.5,-29.28472
3243289843.75,-29.28695
3243290000.0,-29.28892
3243290156.25,-29.28513
3243290312.5,-29.28708
3243290468.75,-29.28963
3243290625.0,-29.29365
3243290781.25,-29.2935
3243290937.5,-29.29544
3243291093.75,-29.29713
3243291250.0,-29.29969
3243291406.25,-29.30774
3243291562.5,-29.30466
3243291718.75,-29.30828
3243291875.0,-29.30867
3243292031.25,-29.30532
3243292187.5,-29.31468
3243292343.75,-29.31815
3243292500.0,-29.32013
3243292656.25,-29.31894
3243292812.5,-29.32059
3243292968.75,-29.32663
3243293125.0,-29.32256
3243293281.25,-29.33233
3243293437.5,-29.32792
3243293593.75,-29.33433
3243293750.0,-29.3328
3243293906.25,-29.33322
3243294062.5,-29.33527
3243294218.75,-29.34277
3243294375.0,-29.34568
3243294531.25,-29.34483
3243294687.5,-29.35192
3243294843.75,-29.35086
3243295000.0,-29.34483
3243295156.25,-29.34985
3243295312.5,-29.35431
3243295468.75,-29.35566
3243295625.0,-29.3554
3243295781.25,-29.36029
3243295937.5,-29.36229
3243296093.75,-29.36611
3243296250.0,-29.36406
3243296406.25,-29.36365
3243296562.5,-29.37356
3243296718.75,-29.37097
3243296875.0,-29.37314
3243297031.25,-29.37641
3243297187.5,-29.37615
3243297343.75,-29.38294
3243297500.0,-29.38605
3243297656.25,-29.38503
3243297812.5,-29.38955
3243297968.75,-29.38624
3243298125.0,-29.38619
3243298281.25,-29.39115
3243298437.5,-29.38683
3243298593.75,-29.39404
3243298750.0,-29.39932
3243298906.25,-29.40091
3243299062.5,-29.40157
3243299218.75,-29.39965
3243299375.0,-29.40743
3243299531.25,-29.40694
3243299687.5,-29.4124
3243299843.75,-29.41397
3243300000.0,-29.41573
3243300156.25,-29.41595
3243300312.5,-29.41783
3243300468.75,-29.41848
3243300625.0,-29.42448
3243300781.25,-29.42489
3243300937.5,-29.42828
3243301093.75,-29.42647
3243301250.0,-29.42565
3243301406.25,-29.43266
3243301562.5,-29.43457
3243301718.75,-29.43745
3243301875.0,-29.44048
3243302031.25,-29.44323
3243302187.5,-29.44213
3243302343.75,-29.44243
3243302500.0,-29.44565
3243302656.25,-29.44802
3243302812.5,-29.44792
3243302968.75,-29.44774
3243303125.0,-29.45176
3243303281.25,-29.4571
3243303437.5,-29.45895
3243303593.75,-29.45864
3243303750.0,-29.4632
3243303906.25,-29.46536
3243304062.5,-29.46631
3243304218.75,-29.47309
3243304375.0,-29.46272
3243304531.25,-29.46578
3243304687.5,-29.47219
3243304843.75,-29.47595
3243305000.0,-29.47563
3243305156.25,-29.47884
3243305312.5,-29.47819
3243305468.75,-29.48144
3243305625.0,-29.486
3243305781.25,-29.48716
3243305937.5,-29.48835
3243306093.75,-29.484
3243306250.0,-29.48997
3243306406.25,-29.49002
3243306562.5,-29.49273
3243306718.75,-29.50247
3243306875.0,-29.50327
3243307031.25,-29.49779
3243307187.5,-29.50605
3243307343.75,-29.50853
3243307500.0,-29.51042
3243307656.25,-29.51354
3243307812.5,-29.50756
3243307968.75,-29.51256
3243308125.0,-29.51436
3243308281.25,-29.52155
3243308437.5,-29.52031
3243308593.75,-29.51892
3243308750.0,-29.52469
3243308906.25,-29.53199
3243309062.5,-29.52859
3243309218.75,-29.52959
3243309375.0,-29.5321
3243309531.25,-29.53689
3243309687.5,-29.5313
3243309843.75,-29.54062
3243310000.0,-29.53883
3243310156.25,-29.54335
3243310312.5,-29.54128
3243310468.75,-29.54675
3243310625.0,-29.54551
3243310781.25,-29.55183
3243310937.5,-29.55185
3243311093.75,-29.54892
3243311250.0,-29.55523
3243311406.25,-29.55607
3243311562.5,-29.55331
3243311718.75,-29.56171
3243311875.0,-29.56359
3243312031.25,-29.56454
3243312187.5,-29.56736
3243312343.75,-29.56345
3243312500.0,-29.56774
3243312656.25,-29.57183
3243312812.5,-29.5768
3243312968.75,-29.57491
3243313125.0,-29.5801
3243313281.25,-29.57771
3243313437.5,-29.58523
3243313593.75,-29.58336
3243313750.0,-29.58722
3243313906.25,-29.5897
3243314062.5,-29.58494
3243314218.75,-29.59296
3243314375.0,-29.5946
3243314531.25,-29.5959
3243314687.5,-29.60147
3243314843.75,-29.59949
3243315000.0,-29.60336
3243315156.25,-29.60667
3243315312.5,-29.60886
3243315468.75,-29.60889
3243315625.0,-29.60637
3243315781.25,-29.6064
3243315937.5,-29.61432
3243316093.75,-29.61675
3243316250.0,-29.62005
3243316406.25,-29.61563
3243316562.5,-29.61111
3243316718.75,-29.6249
3243316875.0,-29.62903
3243317031.25,-29.6254
3243317187.5,-29.62951
3243317343.75,-29.6343
3243317500.0,-29.63715
3243317656.25,-29.63226
3243317812.5,-29.63663
3243317968.75,-29.63938
3243318125.0,-29.63513
3243318281.25,-29.6423
3243318437.5,-29.63984
3243318593.75,-29.64637
3243318750.0,-29.6502
3243318906.25,-29.6459
3243319062.5,-29.64923
3243319218.75,-29.6558
3243319375.0,-29.65592
3243319531.25,-29.65685
3243319687.5,-29.65801
3243319843.75,-29.65967
3243320000.0,-29.66566
3243320156.25,-29.66842
3243320312.5,-29.66646
3243320468.75,-29.67357
3243320625.0,-29.67373
3243320781.25,-29.67336
3243320937.5,-29.67731
3243321093.75,-29.67812
3243321250.0,-29.67584
3243321406.25,-29.68478
3243321562.5,-29.68129
3243321718.75,-29.68472
3243321875.0,-29.68909
3243322031.25,-29.69458
3243322187.5,-29.68583
3243322343.75,-29.69419
3243322500.0,-29.69632
3243322656.25,-29.69716
3243322812.5,-29.70119
3243322968.75,-29.70486
3243323125.0,-29.70011
3243323281.25,-29.70529
3243323437.5,-29.70867
3243323593.75,-29.71155
3243323750.0,-29.71507
3243323906.25,-29.7128
3243324062.5,-29.71655
3243324218.75,-29.71534
3243324375.0,-29.71654
3243324531.25,-29.71769
3243324687.5,-29.71848
3243324843.75,-29.72474
3243325000.0,-29.72185
3243325156.25,-29.73008
3243325312.5,-29.73084
3243325468.75,-29.73409
3243325625.0,-29.73728
3243325781.25,-29.73864
3243325937.5,-29.73741
3243326093.75,-29.74101
3243326250.0,-29.74172
3243326406.25,-29.74384
3243326562.5,-29.74138
3243326718.75,-29.74898
3243326875.0,-29.74612
3243327031.25,-29.75424
3243327187.5,-29.752
3243327343.75,-29.75261
3243327500.0,-29.75363
3243327656.25,-29.75963
3243327812.5,-29.75808
3243327968.75,-29.76336
3243328125.0,-29.764
3243328281.25,-29.7666
3243328437.5,-29.76738
3243328593.75,-29.76636
3243328750.0,-29.77122
3243328906.25,-29.77628
3243329062.5,-29.77421
3243329218.75,-29.78014
3243329375.0,-29.78362
3243329531.25,-29.78334
3243329687.5,-29.78227
3243329843.75,-29.7867
3243330000.0,-29.78703
3243330156.25,-29.79512
3243330312.5,-29.79328
3243330468.75,-29.79193
3243330625.0,-29.79247
3243330781.25,-29.7954
3243330937.5,-29.79397
3243331093.75,-29.79948
3243331250.0,-29.80327
3243331406.25,-29.80267
3243331562.5,-29.80422
3243331718.75,-29.80382
3243331875.0,-29.80378
3243332031.25,-29.81144
3243332187.5,-29.80901
3243332343.75,-29.80899
3243332500.0,-29.81788
3243332656.25,-29.82229
3243332812.5,-29.82211
3243332968.75,-29.82439
3243333125.0,-29.82738
3243333281.25,-29.82885
3243333437.5,-29.82664
3243333593.75,-29.83457
3243333750.0,-29.83013
3243333906.25,-29.83382
3243334062.5,-29.8358
3243334218.75,-29.83892
3243334375.0,-29.84193
3243334531.25,-29.84508
3243334687.5,-29.84451
3243334843.75,-29.84851
3243335000.0,-29.84464
3243335156.25,-29.84998
3243335312.5,-29.85436
3243335468.75,-29.85558
3243335625.0,-29.85006
3243335781.25,-29.85771
3243335937.5,-29.85553
3243336093.75,-29.86083
3243336250.0,-29.86062
3243336406.25,-29.8615
3243336562.5,-29.86742
3243336718.75,-29.8669
3243336875.0,-29.86818
3243337031.25,-29.87132
3243337187.5,-29.87108
3243337343.75,-29.87748
3243337500.0,-29.88128
3243337656.25,-29.88253
3243337812.5,-29.88632
3243337968.75,-29.88164
3243338125.0,-29.8855
3243338281.25,-29.88681
3243338437.5,-29.89341
3243338593.75,-29.89248
3243338750.0,-29.8905
3243338906.25,-29.89667
3243339062.5,-29.89051
3243339218.75,-29.89799
3243339375.0,-29.89751
3243339531.25,-29.90208
3243339687.5,-29.90345
3243339843.75,-29.91125
3243340000.0,-29.90862
3243340156.25,-29.90582
3243340312.5,-29.90563
3243340468.75,-29.91175
3243340625.0,-29.91702
3243340781.25,-29.92355
3243340937.5,-29.91541
3243341093.75,-29.92571
3243341250.0,-29.92377
3243341406.25,-29.9257
3243341562.5,-29.92512
3243341718.75,-29.92983
3243341875.0,-29.9297
3243342031.25,-29.93415
3243342187.5,-29.92647
3243342343.75,-29.93102
3243342500.0,-29.93868
3243342656.25,-29.94379
3243342812.5,-29.94584
3243342968.75,-29.94378
3243343125.0,-29.94445
3243343281.25,-29.95022
3243343437.5,-29.95171
3243343593.75,-29.94775
3243343750.0,-29.94803
3243343906.25,-29.95197
3243344062.5,-29.95599
3243344218.75,-29.95998
3243344375.0,-29.9549
3243344531.25,-29.9633
3243344687.5,-29.96452
3243344843.75,-29.96576
3243345000.0,-29.96433
3243345156.25,-29.97073
3243345312.5,-29.97246
3243345468.75,-29.97208
3243345625.0,-29.97323
3243345781.25,-29.98099
3243345937.5,-29.98173
3243346093.75,-29.98283
3243346250.0,-29.98667
3243346406.25,-29.988
3243346562.5,-29.98623
3243346718.75,-29.99114
3243346875.0,-29.9895
3243347031.25,-29.99467
3243347187.5,-29.99866
3243347343.75,-29.98927
3243347500.0,-30.00147
3243347656.25,-29.99898
3243347812.5,-30.0001
3243347968.75,-29.99303
3243348125.0,-30.00702
3243348281.25,-30.00368
3243348437.5,-30.00527
3243348593.75,-30.01639
3243348750.0,-30.01236
3243348906.25,-30.01498
3243349062.5,-30.01201
3243349218.75,-30.01927
3243349375.0,-30.02271
3243349531.25,-30.02353
3243349687.5,-30.02175
3243349843.75,-30.02438
3243350000.0,-30.02849
3243350156.25,-30.03177
3243350312.5,-30.0291
3243350468.75,-30.03493
3243350625.0,-30.04008
3243350781.25,-30.03952
3243350937.5,-30.04006
3243351093.75,-30.03698
3243351250.0,-30.04272
3243351406.25,-30.04794
3243351562.5,-30.04604
3243351718.75,-30.05234
3243351875.0,-30.04982
3243352031.25,-30.04868
3243352187.5,-30.04973
3243352343.75,-30.05379
3243352500.0,-30.05541
3243352656.25,-30.06162
3243352812.5,-30.06352
3243352968.75,-30.05674
3243353125.0,-30.06493
3243353281.25,-30.07299
3243353437.5,-30.06377
3243353593.75,-30.07127
3243353750.0,-30.07065
3243353906.25,-30.07552
3243354062.5,-30.07994
3243354218.75,-30.07941
3243354375.0,-30.08244
3243354531.25,-30.08252
3243354687.5,-30.08622
3243354843.75,-30.08446
3243355000.0,-30.08377
3243355156.25,-30.08531
3243355312.5,-30.08456
3243355468.75,-30.09593
3243355625.0,-30.09244
3243355781.25,-30.09817
3243355937.5,-30.09995
3243356093.75,-30.09854
3243356250.0,-30.10295
3243356406.25,-30.10155
3243356562.5,-30.10984
3243356718.75,-30.10596
3243356875.0,-30.11014
3243357031.25,-30.10789
3243357187.5,-30.11333
3243357343.75,-30.11608
3243357500.0,-30.11787
3243357656.25,-30.1184
3243357812.5,-30.11963
3243357968.75,-30.1288
3243358125.0,-30.12236
3243358281.25,-30.1232
3243358437.5,-30.12855
3243358593.75,-30.12973
3243358750.0,-30.13205
3243358906.25,-30.1383
3243359062.5,-30.13897
3243359218.75,-30.13701
3243359375.0,-30.1376
3243359531.25,-30.14092
3243359687.5,-30.14163
3243359843.75,-30.14341
3243360000.0,-30.14733
3243360156.25,-30.1485
3243360312.5,-30.1482
3243360468.75,-30.15296
3243360625.0,-30.15449
3243360781.25,-30.15856
3243360937.5,-30.15523
3243361093.75,-30.15821
3243361250.0,-30.16269
3243361406.25,-30.16182
3243361562.5,-30.15602
3243361718.75,-30.16458
3243361875.0,-30.16808
3243362031.25,-30.16824
3243362187.5,-30.17709
3243362343.75,-30.17227
3243362500.0,-30.1703
3243362656.25,-30.17456
3243362812.5,-30.18387
3243362968.75,-30.17752
3243363125.0,-30.18463
3243363281.25,-30.18111
3243363437.5,-30.18633
3243363593.75,-30.19052
3243363750.0,-30.19282
3243363906.25,-30.19169
3243364062.5,-30.19329
3243364218.75,-30.19472
3243364375.0,-30.19495
3243364531.25,-30.20275
3243364687.5,-30.20229
3243364843.75,-30.20022
3243365000.0,-30.20657
3243365156.25,-30.209
3243365312.5,-30.21519
3243365468.75,-30.21367
3243365625.0,-30.21422
3243365781.25,-30.22141
3243365937.5,-30.21657
3243366093.75,-30.21496
3243366250.0,-30.22108
3243366406.25,-30.21979
3243366562.5,-30.22189
3243366718.75,-30.22655
3243366875.0,-30.22454
3243367031.25,-30.23088
3243367187.5,-30.22334
3243367343.75,-30.22809
3243367500.0,-30.23029
3243367656.25,-30.23198
3243367812.5,-30.23989
3243367968.75,-30.23907
3243368125.0,-30.24595
3243368281.25,-30.24892
3243368437.5,-30.24353
3243368593.75,-30.24704
3243368750.0,-30.25059
3243368906.25,-30.25694
3243369062.5,-30.25625
3243369218.75,-30.25721
3243369375.0,-30.26227
3243369531.25,-30.25657
3243369687.5,-30.26109
3243369843.75,-30.25546
3243370000.0,-30.26599
3243370156.25,-30.26675
3243370312.5,-30.2634
3243370468.75,-30.26979
3243370625.0,-30.27122
3243370781.25,-30.27365
3243370937.5,-30.27357
3243371093.75,-30.28088
3243371250.0,-30.28033
3243371406.25,-30.27959
3243371562.5,-30.28361
3243371718.75,-30.28222
3243371875.0,-30.28677
3243372031.25,-30.28857
3243372187.5,-30.28701
3243372343.75,-30.28456
3243372500.0,-30.29932
3243372656.25,-30.29086
3243372812.5,-30.29882
3243372968.75,-30.30464
3243373125.0,-30.29759
3243373281.25,-30.30072
3243373437.5,-30.30304
3243373593.75,-30.29988
3243373750.0,-30.30947
3243373906.25,-30.30844
3243374062.5,-30.31104
3243374218.75,-30.3086
3243374375.0,-30.3159
3243374531.25,-30.32378
3243374687.5,-30.31483
3243374843.75,-30.32281
3243375000.0,-30.32392
3243375156.25,-30.32062
3243375312.5,-30.32284
3243375468.75,-30.32196
3243375625.0,-30.32432
3243375781.25,-30.32562
3243375937.5,-30.33201
3243376093.75,-30.33669
3243376250.0,-30.33542
3243376406.25,-30.33792
3243376562.5,-30.34312
3243376718.75,-30.34761
3243376875.0,-30.34542
3243377031.25,-30.34423
3243377187.5,-30.34491
3243377343.75,-30.34844
3243377500.0,-30.35026
3243377656.25,-30.34707
3243377812.5,-30.3574
3243377968.75,-30.36092
3243378125.0,-30.36509
3243378281.25,-30.36091
3243378437.5,-30.36267
3243378593.75,-30.36293
3243378750.0,-30.36144
3243378906.25,-30.36847
3243379062.5,-30.36852
3243379218.75,-30.37316
3243379375.0,-30.37288
3243379531.25,-30.37848
3243379687.5,-30.37192
3243379843.75,-30.37764
3243380000.0,-30.38049
3243380156.25,-30.37839
3243380312.5,-30.38561
3243380468.75,-30.38248
3243380625.0,-30.38569
3243380781.25,-30.39041
3243380937.5,-30.38978
3243381093.75,-30.39463
3243381250.0,-30.3936
3243381406.25,-30.38934
3243381562.5,-30.39951
3243381718.75,-30.40093
3243381875.0,-30.39787
3243382031.25,-30.40309
3243382187.5,-30.40831
3243382343.75,-30.40333
3243382500.0,-30.41025
3243382656.25,-30.4099
3243382812.5,-30.4088
3243382968.75,-30.40792
3243383125.0,-30.41692
3243383281.25,-30.42044
3243383437.5,-30.42208
3243383593.75,-30.42455
3243383750.0,-30.42292
3243383906.25,-30.42307
3243384062.5,-30.42833
3243384218.75,-30.43127
3243384375.0,-30.43175
3243384531.25,-30.42998
3243384687.5,-30.43624
3243384843.75,-30.43991
3243385000.0,-30.43571
3243385156.25,-30.43448
3243385312.5,-30.43712
3243385468.75,-30.4454
3243385625.0,-30.44626
3243385781.25,-30.44216
3243385937.5,-30.4463
3243386093.75,-30.45508
3243386250.0,-30.45332
3243386406.25,-30.44897
3243386562.5,-30.4536
3243386718.75,-30.45695
3243386875.0,-30.45943
3243387031.25,-30.46188
3243387187.5,-30.46513
3243387343.75,-30.46381
3243387500.0,-30.4605
3243387656.25,-30.46836
3243387812.5,-30.47158
3243387968.75,-30.47048
3243388125.0,-30.46754
3243388281.25,-30.47871
3243388437.5,-30.47897
3243388593.75,-30.47744
3243388750.0,-30.48023
3243388906.25,-30.4753
3243389062.5,-30.48505
3243389218.75,-30.48125
3243389375.0,-30.48424
3243389531.25,-30.48993
3243389687.5,-30.49254
3243389843.75,-30.4922
3243390000.0,-30.49498
3243390156.25,-30.49457
3243390312.5,-30.49756
3243390468.75,-30.50143
3243390625.0,-30.50084
3243390781.25,-30.4964
3243390937.5,-30.50247
3243391093.75,-30.50582
3243391250.0,-30.51265
3243391406.25,-30.50952
3243391562.5,-30.512
3243391718.75,-30.51434
3243391875.0,-30.51786
3243392031.25,-30.5198
3243392187.5,-30.51764
3243392343.75,-30.51835
3243392500.0,-30.51823
3243392656.25,-30.52355
3243392812.5,-30.53156
3243392968.75,-30.52687
3243393125.0,-30.53058
3243393281.25,-30.53102
3243393437.5,-30.53206
3243393593.75,-30.53523
3243393750.0,-30.54098
3243393906.25,-30.53617
3243394062.5,-30.53508
3243394218.75,-30.54411
3243394375.0,-30.54397
3243394531.25,-30.54514
3243394687.5,-30.54021
3243394843.75,-30.55201
3243395000.0,-30.55377
3243395156.25,-30.54902
3243395312.5,-30.54905
3243395468.75,-30.55179
3243395625.0,-30.56211
3243395781.25,-30.5663
3243395937.5,-30.56532
3243396093.75,-30.56101
3243396250.0,-30.56204
3243396406.25,-30.56681
3243396562.5,-30.56846
3243396718.75,-30.56957
3243396875.0,-30.56939
3243397031.25,-30.57528
3243397187.5,-30.57429
3243397343.75,-30.57695
3243397500.0,-30.58084
3243397656.25,-30.57627
3243397812.5,-30.58303
3243397968.75,-30.584
3243398125.0,-30.58728
3243398281.25,-30.59079
3243398437.5,-30.59397
3243398593.75,-30.5884
3243398750.0,-30.59821
3243398906.25,-30.59294
3243399062.5,-30.59466
3243399218.75,-30.60116
3243399375.0,-30.59976
3243399531.25,-30.60307
3243399687.5,-30.59711
3243399843.75,-30.6062
3243400000.0,-30.60972
3243400156.25,-30.61122
3243400312.5,-30.60876
3243400468.75,-30.61135
3243400625.0,-30.60862
3243400781.25,-30.61874
3243400937.5,-30.61849
3243401093.75,-30.61802
3243401250.0,-30.61639
3243401406.25,-30.62274
3243401562.5,-30.6211
3243401718.75,-30.62111
3243401875.0,-30.62811
3243402031.25,-30.63211
3243402187.5,-30.63452
3243402343.75,-30.63677
3243402500.0,-30.6338
3243402656.25,-30.63532
3243402812.5,-30.64233
3243402968.75,-30.6437
3243403125.0,-30.63475
3243403281.25,-30.64285
3243403437.5,-30.65052
3243403593.75,-30.64741
3243403750.0,-30.65185
3243403906.25,-30.64634
3243404062.5,-30.65359
3243404218.75,-30.65417
3243404375.0,-30.65454
3243404531.25,-30.65972
3243404687.5,-30.65604
3243404843.75,-30.66235
3243405000.0,-30.66434
3243405156.25,-30.66372
3243405312.5,-30.66603
3243405468.75,-30.66531
3243405625.0,-30.67223
3243405781.25,-30.67256
3243405937.5,-30.67621
3243406093.75,-30.68532
3243406250.0,-30.68259
3243406406.25,-30.67829
3243406562.5,-30.68192
3243406718.75,-30.68131
3243406875.0,-30.68764
3243407031.25,-30.68457
3243407187.5,-30.68828
3243407343.75,-30.69039
3243407500.0,-30.6882
3243407656.25,-30.69154
3243407812.5,-30.69607
3243407968.75,-30.69479
3243408125.0,-30.69916
3243408281.25,-30.70282
3243408437.5,-30.70725
3243408593.75,-30.70651
3243408750.0,-30.70693
3243408906.25,-30.70342
3243409062.5,-30.70883
3243409218.75,-30.71323
3243409375.0,-30.71201
3243409531.25,-30.71477
3243409687.5,-30.71141
3243409843.75,-30.71773
3243410000.0,-30.72137
3243410156.25,-30.72606
3243410312.5,-30.72052
3243410468.75,-30.72486
3243410625.0,-30.72559
3243410781.25,-30.73142
3243410937.5,-30.73332
3243411093.75,-30.73043
3243411250.0,-30.73716
3243411406.25,-30.73554
3243411562.5,-30.73543
3243411718.75,-30.73631
3243411875.0,-30.74381
3243412031.25,-30.73773
3243412187.5,-30.74255
3243412343.75,-30.74749
3243412500.0,-30.743
3243412656.25,-30.74575
3243412812.5,-30.74545
3243412968.75,-30.74621
3243413125.0,-30.75452
3243413281.25,-30.75688
3243413437.5,-30.75878
3243413593.75,-30.76019
3243413750.0,-30.76965
3243413906.25,-30.76007
3243414062.5,-30.76011
3243414218.75,-30.76609
3243414375.0,-30.76649
3243414531.25,-30.76817
3243414687.5,-30.76269
3243414843.75,-30.76731
3243415000.0,-30.77435
3243415156.25,-30.77329
3243415312.5,-30.7787
3243415468.75,-30.7852
3243415625.0,-30.77731
3243415781.25,-30.7887
3243415937.5,-30.78695
3243416093.75,-30.78149
3243416250.0,-30.78536
3243416406.25,-30.79073
3243416562.5,-30.78801
3243416718.75,-30.78831
3243416875.0,-30.79147
3243417031.25,-30.7927
3243417187.5,-30.79951
3243417343.75,-30.80294
3243417500.0,-30.79641
3243417656.25,-30.80526
3243417812.5,-30.80301
3243417968.75,-30.80766
3243418125.0,-30.80875
3243418281.25,-30.80166
3243418437.5,-30.81935
3243418593.75,-30.8125
3243418750.0,-30.81439
3243418906.25,-30.81285
3243419062.5,-30.82162
3243419218.75,-30.81224
3243419375.0,-30.82568
3243419531.25,-30.8301
3243419687.5,-30.82728
3243419843.75,-30.82852
3243420000.0,-30.82547
3243420156.25,-30.83059
3243420312.5,-30.83864
3243420468.75,-30.83612
3243420625.0,-30.83554
3243420781.25,-30.84212
3243420937.5,-30.83987
3243421093.75,-30.83777
3243421250.0,-30.83547
3243421406.25,-30.83473
3243421562.5,-30.84053
3243421718.75,-30.84491
3243421875.0,-30.84357
3243422031.25,-30.84634
3243422187.5,-30.84745
3243422343.75,-30.85288
3243422500.0,-30.85463
3243422656.25,-30.86057
3243422812.5,-30.85412
3243422968.75,-30.86011
3243423125.0,-30.86475
3243423281.25,-30.85968
3243423437.5,-30.85816
3243423593.75,-30.86869
3243423750.0,-30.8659
3243423906.25,-30.8657
3243424062.5,-30.87656
3243424218.75,-30.87689
3243424375.0,-30.88178
3243424531.25,-30.88046
3243424687.5,-30.88264
3243424843.75,-30.87913
3243425000.0,-30.87721
3243425156.25,-30.8795
3243425312.5,-30.88935
3243425468.75,-30.88945
3243425625.0,-30.89564
3243425781.25,-30.89677
3243425937.5,-30.89852
3243426093.75,-30.89531
3243426250.0,-30.8928
3243426406.25,-30.9032
3243426562.5,-30.90137
3243426718.75,-30.89823
3243426875.0,-30.90491
3243427031.25,-30.90661
3243427187.5,-30.90675
3243427343.75,-30.90728
3243427500.0,-30.91385
3243427656.25,-30.91224
3243427812.5,-30.9177
3243427968.75,-30.9169
3243428125.0,-30.91201
3243428281.25,-30.9243
3243428437.5,-30.9164
3243428593.75,-30.92239
3243428750.0,-30.92342
3243428906.25,-30.92486
3243429062.5,-30.93038
3243429218.75,-30.9279
3243429375.0,-30.93326
3243429531.25,-30.93626
3243429687.5,-30.93685
3243429843.75,-30.93682
3243430000.0,-30.9401
3243430156.25,-30.94038
3243430312.5,-30.93812
3243430468.75,-30.93752
3243430625.0,-30.95075
3243430781.25,-30.94844
3243430937.5,-30.9517
3243431093.75,-30.94997
3243431250.0,-30.9588
3243431406.25,-30.96056
3243431562.5,-30.95539
3243431718.75,-30.9562
3243431875.0,-30.9595
3243432031.25,-30.95719
3243432187.5,-30.95406
3243432343.75,-30.95995
3243432500.0,-30.96495
3243432656.25,-30.97009
3243432812.5,-30.96923
3243432968.75,-30.97097
3243433125.0,-30.97709
3243433281.25,-30.96618
3243433437.5,-30.9801
3243433593.75,-30.97238
3243433750.0,-30.97952
3243433906.25,-30.98326
3243434062.5,-30.97992
3243434218.75,-30.98141
3243434375.0,-30.98857
3243434531.25,-30.98737
3243434687.5,-30.98871
3243434843.75,-30.9868
3243435000.0,-30.99971
3243435156.25,-30.99357
3243435312.5,-30.99259
3243435468.75,-31.00553
3243435625.0,-30.99166
3243435781.25,-31.00218
3243435937.5,-30.999
3243436093.75,-31.0058
3243436250.0,-31.00525
3243436406.25,-31.01084
3243436562.5,-31.0131
3243436718.75,-31.01296
3243436875.0,-31.00653
3243437031.25,-31.0181
3243437187.5,-31.01302
3243437343.75,-31.01486
3243437500.0,-31.02253
3243437656.25,-31.01456
3243437812.5,-31.02317
3243437968.75,-31.022
3243438125.0,-31.03026
3243438281.25,-31.02676
3243438437.5,-31.02491
3243438593.75,-31.0301
3243438750.0,-31.03507
3243438906.25,-31.03114
3243439062.5,-31.03725
3243439218.75,-31.03817
3243439375.0,-31.04144
3243439531.25,-31.03801
3243439687.5,-31.03807
3243439843.75,-31.05202
3243440000.0,-31.04553
3243440156.25,-31.04941
3243440312.5,-31.04212
3243440468.75,-31.05139
3243440625.0,-31.0519
3243440781.25,-31.05716
3243440937.5,-31.0579
3243441093.75,-31.06123
3243441250.0,-31.06165
3243441406.25,-31.06435
3243441562.5,-31.05704
3243441718.75,-31.06323
3243441875.0,-31.06464
3243442031.25,-31.06677
3243442187.5,-31.07065
3243442343.75,-31.0721
3243442500.0,-31.07094
3243442656.25,-31.07614
3243442812.5,-31.07818
3243442968.75,-31.07615
3243443125.0,-31.07529
3243443281.25,-31.07922
3243443437.5,-31.08884
3243443593.75,-31.08518
3243443750.0,-31.08778
3243443906.25,-31.08593
3243444062.5,-31.09143
3243444218.75,-31.09147
3243444375.0,-31.09918
3243444531.25,-31.09473
3243444687.5,-31.09821
3243444843.75,-31.09596
3243445000.0,-31.09809
3243445156.25,-31.10038
3243445312.5,-31.10123
3243445468.75,-31.10505
3243445625.0,-31.11029
3243445781.25,-31.11299
3243445937.5,-31.10453
3243446093.75,-31.10879
3243446250.0,-31.11337
3243446406.25,-31.10772
3243446562.5,-31.12025
3243446718.75,-31.11496
3243446875.0,-31.11965
3243447031.25,-31.12417
3243447187.5,-31.12532
3243447343.75,-31.13378
3243447500.0,-31.12403
3243447656.25,-31.13122
3243447812.5,-31.12994
3243447968.75,-31.127
3243448125.0,-31.13321
3243448281.25,-31.12916
3243448437.5,-31.13763
3243448593.75,-31.13838
3243448750.0,-31.14179
3243448906.25,-31.14181
3243449062.5,-31.13635
3243449218.75,-31.14504
3243449375.0,-31.14601
3243449531.25,-31.14924
3243449687.5,-31.14984
3243449843.75,-31.15304
3243450000.0,-31.14974
3243450156.25,-31.15326
3243450312.5,-31.157
3243450468.75,-31.15946
3243450625.0,-31.15995
3243450781.25,-31.15675
3243450937.5,-31.16274
3243451093.75,-31.15604
3243451250.0,-31.16228
3243451406.25,-31.16705
3243451562.5,-31.16376
3243451718.75,-31.17151
3243451875.0,-31.16854
3243452031.25,-31.17537
3243452187.5,-31.17011
3243452343.75,-31.18001
3243452500.0,-31.17596
3243452656.25,-31.17771
3243452812.5,-31.18232
3243452968.75,-31.19043
3243453125.0,-31.18758
3243453281.25,-31.1864
3243453437.5,-31.19204
3243453593.75,-31.18408
3243453750.0,-31.19258
3243453906.25,-31.19713
3243454062.5,-31.19572
3243454218.75,-31.19911
3243454375.0,-31.20541
3243454531.25,-31.19642
3243454687.5,-31.2025
3243454843.75,-31.20691
3243455000.0,-31.20776
3243455156.25,-31.20411
3243455312.5,-31.20827
3243455468.75,-31.20694
3243455625.0,-31.20618
3243455781.25,-31.20932
3243455937.5,-31.21262
3243456093.75,-31.21986
3243456250.0,-31.2175
3243456406.25,-31.22263
3243456562.5,-31.21829
3243456718.75,-31.22853
3243456875.0,-31.22668
3243457031.25,-31.22054
3243457187.5,-31.22869
3243457343.75,-31.23201
3243457500.0,-31.22714
3243457656.25,-31.23259
3243457812.5,-31.23208
3243457968.75,-31.24063
3243458125.0,-31.24108
3243458281.25,-31.23655
3243458437.5,-31.23683
3243458593.75,-31.24116
3243458750.0,-31.24555
3243458906.25,-31.24348
3243459062.5,-31.24567
3243459218.75,-31.24788
3243459375.0,-31.25347
3243459531.25,-31.25
3243459687.5,-31.25482
3243459843.75,-31.25246
3243460000.0,-31.25437
3243460156.25,-31.26245
3243460312.5,-31.26638
3243460468.75,-31.26801
3243460625.0,-31.26003
3243460781.25,-31.27087
3243460937.5,-31.26328
3243461093.75,-31.26638
3243461250.0,-31.27612
3243461406.25,-31.27321
3243461562.5,-31.27731
3243461718.75,-31.27392
3243461875.0,-31.27795
3243462031.25,-31.27486
3243462187.5,-31.28556
3243462343.75,-31.28251
3243462500.0,-31.28188
3243462656.25,-31.28257
3243462812.5,-31.28016
3243462968.75,-31.28671
3243463125.0,-31.29408
3243463281.25,-31.29123
3243463437.5,-31.29535
3243463593.75,-31.29293
3243463750.0,-31.29243
3243463906.25,-31.30087
3243464062.5,-31.30195
3243464218.75,-31.30326
3243464375.0,-31.30181
3243464531.25,-31.31078
3243464687.5,-31.30305
3243464843.75,-31.31115
3243465000.0,-31.30684
3243465156.25,-31.30994
3243465312.5,-31.31627
3243465468.75,-31.31276
3243465625.0,-31.31647
3243465781.25,-31.31819
3243465937.5,-31.32262
3243466093.75,-31.32377
3243466250.0,-31.32069
3243466406.25,-31.32536
3243466562.5,-31.32292
3243466718.75,-31.33323
3243466875.0,-31.33991
3243467031.25,-31.32955
3243467187.5,-31.33207
3243467343.75,-31.33392
3243467500.0,-31.3393
3243467656.25,-31.3391
3243467812.5,-31.34062
3243467968.75,-31.3406
3243468125.0,-31.3416
3243468281.25,-31.34237
3243468437.5,-31.34869
3243468593.75,-31.3456
3243468750.0,-31.34572
3243468906.25,-31.35501
3243469062.5,-31.35229
3243469218.75,-31.35105
3243469375.0,-31.3557
3243469531.25,-31.35845
3243469687.5,-31.35789
3243469843.75,-31.35915
3243470000.0,-31.3543
3243470156.25,-31.36274
3243470312.5,-31.36179
3243470468.75,-31.36652
3243470625.0,-31.36716
3243470781.25,-31.37177
3243470937.5,-31.37088
3243471093.75,-31.37181
3243471250.0,-31.37107
3243471406.25,-31.37969
3243471562.5,-31.37392
3243471718.75,-31.38472
3243471875.0,-31.38521
3243472031.25,-31.38488
3243472187.5,-31.38586
3243472343.75,-31.3844
3243472500.0,-31.37915
3243472656.25,-31.39127
3243472812.5,-31.38965
3243472968.75,-31.3988
3243473125.0,-31.39648
3243473281.25,-31.39947
3243473437.5,-31.3961
3243473593.75,-31.39544
3243473750.0,-31.4045
3243473906.25,-31.40057
3243474062.5,-31.40267
3243474218.75,-31.40367
3243474375.0,-31.40615
3243474531.25,-31.40987
3243474687.5,-31.41189
3243474843.75,-31.40858
3243475000.0,-31.41436
3243475156.25,-31.41656
3243475312.5,-31.42017
3243475468.75,-31.4202
3243475625.0,-31.41786
3243475781.25,-31.422
3243475937.5,-31.42726
3243476093.75,-31.42512
3243476250.0,-31.4204
3243476406.25,-31.42566
3243476562.5,-31.43107
3243476718.75,-31.42864
3243476875.0,-31.4359
3243477031.25,-31.4369
3243477187.5,-31.43962
3243477343.75,-31.43507
3243477500.0,-31.44603
3243477656.25,-31.44254
3243477812.5,-31.43938
3243477968.75,-31.44461
3243478125.0,-31.4432
3243478281.25,-31.45103
3243478437.5,-31.45069
3243478593.75,-31.45136
3243478750.0,-31.44696
3243478906.25,-31.44854
3243479062.5,-31.45494
3243479218.75,-31.46096
3243479375.0,-31.45972
3243479531.25,-31.46023
3243479687.5,-31.46293
3243479843.75,-31.46675
3243480000.0,-31.46775
3243480156.25,-31.47497
3243480312.5,-31.46695
3243480468.75,-31.46689
3243480625.0,-31.47231
3243480781.25,-31.472
3243480937.5,-31.47264
3243481093.75,-31.47271
3243481250.0,-31.48013
3243481406.25,-31.48266
3243481562.5,-31.48618
3243481718.75,-31.48322
3243481875.0,-31.48188
3243482031.25,-31.48921
3243482187.5,-31.47969
3243482343.75,-31.49099
3243482500.0,-31.48888
3243482656.25,-31.49199
3243482812.5,-31.49911
3243482968.75,-31.49753
3243483125.0,-31.50469
3243483281.25,-31.4968
3243483437.5,-31.49485
3243483593.75,-31.49562
3243483750.0,-31.50375
3243483906.25,-31.50616
3243484062.5,-31.50459
3243484218.75,-31.51136
3243484375.0,-31.51309
3243484531.25,-31.51464
3243484687.5,-31.51476
3243484843.75,-31.51745
3243485000.0,-31.51915
3243485156.25,-31.52035
3243485312.5,-31.51654
3243485468.75,-31.52244
3243485625.0,-31.52168
3243485781.25,-31.52326
3243485937.5,-31.52435
3243486093.75,-31.52582
3243486250.0,-31.53491
3243486406.25,-31.53092
3243486562.5,-31.53338
3243486718.75,-31.53717
3243486875.0,-31.529
3243487031.25,-31.53311
3243487187.5,-31.53597
3243487343.75,-31.53375
3243487500.0,-31.53736
3243487656.25,-31.54262
3243487812.5,-31.54504
3243487968.75,-31.54726
3243488125.0,-31.54937
3243488281.25,-31.5522
3243488437.5,-31.54652
3243488593.75,-31.55406
3243488750.0,-31.5492
3243488906.25,-31.55641
3243489062.5,-31.55984
3243489218.75,-31.5632
3243489375.0,-31.5632
3243489531.25,-31.56574
3243489687.5,-31.56055
3243489843.75,-31.56591
3243490000.0,-31.56792
3243490156.25,-31.56993
3243490312.5,-31.57139
3243490468.75,-31.56953
3243490625.0,-31.57157
3243490781.25,-31.57697
3243490937.5,-31.57726
3243491093.75,-31.577
3243491250.0,-31.58452
3243491406.25,-31.58167
3243491562.5,-31.58065
3243491718.75,-31.5826
3243491875.0,-31.58824
3243492031.25,-31.58619
3243492187.5,-31.58473
3243492343.75,-31.58145
3243492500.0,-31.59342
3243492656.25,-31.59853
3243492812.5,-31.59903
3243492968.75,-31.59866
3243493125.0,-31.59522
3243493281.25,-31.602
3243493437.5,-31.60169
3243493593.75,-31.60094
3243493750.0,-31.60707
3243493906.25,-31.60582
3243494062.5,-31.61267
3243494218.75,-31.6084
3243494375.0,-31.60466
3243494531.25,-31.6103
3243494687.5,-31.60833
3243494843.75,-31.62348
3243495000.0,-31.61698
3243495156.25,-31.62039
3243495312.5,-31.61758
3243495468.75,-31.62374
3243495625.0,-31.62746
3243495781.25,-31.62136
3243495937.5,-31.6327
3243496093.75,-31.62764
3243496250.0,-31.62357
3243496406.25,-31.63556
3243496562.5,-31.64228
3243496718.75,-31.63218
3243496875.0,-31.63831
3243497031.25,-31.63672
3243497187.5,-31.64502
3243497343.75,-31.64342
3243497500.0,-31.64646
3243497656.25,-31.64762
3243497812.5,-31.6415
3243497968.75,-31.64196
3243498125.0,-31.64554
3243498281.25,-31.65012
3243498437.5,-31.64429
3243498593.75,-31.65218
3243498750.0,-31.65646
3243498906.25,-31.66013
3243499062.5,-31.65789
3243499218.75,-31.67139
3243499375.0,-31.6687
3243499531.25,-31.65976
3243499687.5,-31.67136
3243499843.75,-31.66511
3243500000.0,-31.66992
3243500156.25,-31.66792
3243500312.5,-31.67294
3243500468.75,-31.67425
3243500625.0,-31.67376
3243500781.25,-31.68159
3243500937.5,-31.67997
3243501093.75,-31.67643
3243501250.0,-31.67533
3243501406.25,-31.67901
3243501562.5,-31.69548
3243501718.75,-31.6855
3243501875.0,-31.68926
3243502031.25,-31.69067
3243502187.5,-31.69216
3243502343.75,-31.69195
3243502500.0,-31.69244
3243502656.25,-31.69558
3243502812.5,-31.70363
3243502968.75,-31.70253
3243503125.0,-31.69994
3243503281.25,-31.69676
3243503437.5,-31.70257
3243503593.75,-31.7081
3243503750.0,-31.70778
3243503906.25,-31.70605
3243504062.5,-31.7109
3243504218.75,-31.70576
3243504375.0,-31.70782
3243504531.25,-31.71842
3243504687.5,-31.71439
3243504843.75,-31.71799
3243505000.0,-31.7132
3243505156.25,-31.71843
3243505312.5,-31.71867
3243505468.75,-31.729
3243505625.0,-31.7266
3243505781.25,-31.72226
3243505937.5,-31.72456
3243506093.75,-31.72684
3243506250.0,-31.7345
3243506406.25,-31.7356
3243506562.5,-31.7308
3243506718.75,-31.73052
3243506875.0,-31.72911
3243507031.25,-31.73798
3243507187.5,-31.74413
3243507343.75,-31.73805
3243507500.0,-31.74211
3243507656.25,-31.74166
3243507812.5,-31.74105
3243507968.75,-31.74772
3243508125.0,-31.7501
3243508281.25,-31.75845
3243508437.5,-31.75928
3243508593.75,-31.74813
3243508750.0,-31.75602
3243508906.25,-31.76222
3243509062.5,-31.76046
3243509218.75,-31.76145
3243509375.0,-31.76064
3243509531.25,-31.77006
3243509687.5,-31.76637
3243509843.75,-31.77001
3243510000.0,-31.76506
3243510156.25,-31.76648
3243510312.5,-31.7689
3243510468.75,-31.77101
3243510625.0,-31.77885
3243510781.25,-31.77774
3243510937.5,-31.77516
3243511093.75,-31.77531
3243511250.0,-31.77375
3243511406.25,-31.77676
3243511562.5,-31.78331
3243511718.75,-31.78999
3243511875.0,-31.78678
3243512031.25,-31.78884
3243512187.5,-31.7841
3243512343.75,-31.79549
3243512500.0,-31.79783
3243512656.25,-31.79399
3243512812.5,-31.78677
3243512968.75,-31.79474
3243513125.0,-31.8001
3243513281.25,-31.80265
3243513437.5,-31.80031
3243513593.75,-31.79656
3243513750.0,-31.80312
3243513906.25,-31.80409
3243514062.5,-31.805
3243514218.75,-31.81277
3243514375.0,-31.81178
3243514531.25,-31.81506
3243514687.5,-31.81207
3243514843.75,-31.81692
3243515000.0,-31.81394
3243515156.25,-31.82619
3243515312.5,-31.82126
3243515468.75,-31.8192
3243515625.0,-31.8273
3243515781.25,-31.82346
3243515937.5,-31.8222
3243516093.75,-31.82257
3243516250.0,-31.82889
3243516406.25,-31.8275
3243516562.5,-31.83432
3243516718.75,-31.83164
3243516875.0,-31.83615
3243517031.25,-31.82767
3243517187.5,-31.84262
3243517343.75,-31.84534
3243517500.0,-31.83584
3243517656.25,-31.84252
3243517812.5,-31.84599
3243517968.75,-31.8407
3243518125.0,-31.84756
3243518281.25,-31.84761
3243518437.5,-31.84997
3243518593.75,-31.85136
3243518750.0,-31.84635
3243518906.25,-31.85817
3243519062.5,-31.85482
3243519218.75,-31.86548
3243519375.0,-31.86841
3243519531.25,-31.86569
3243519687.5,-31.86712
3243519843.75,-31.86143
3243520000.0,-31.86903
3243520156.25,-31.87048
3243520312.5,-31.86624
3243520468.75,-31.87599
3243520625.0,-31.87425
3243520781.25,-31.87224
3243520937.5,-31.88203
3243521093.75,-31.88426
3243521250.0,-31.88342
3243521406.25,-31.87771
3243521562.5,-31.88544
3243521718.75,-31.88245
3243521875.0,-31.88651
3243522031.25,-31.88816
3243522187.5,-31.88202
3243522343.75,-31.89233
3243522500.0,-31.88653
3243522656.25,-31.89131
3243522812.5,-31.89304
3243522968.75,-31.90166
3243523125.0,-31.90158
3243523281.25,-31.90114
3243523437.5,-31.90365
3243523593.75,-31.89918
3243523750.0,-31.90418
3243523906.25,-31.90046
3243524062.5,-31.90807
3243524218.75,-31.91114
3243524375.0,-31.90957
3243524531.25,-31.91036
3243524687.5,-31.91112
3243524843.75,-31.91289
3243525000.0,-31.9102
3243525156.25,-31.91919
3243525312.5,-31.91914
3243525468.75,-31.91681
3243525625.0,-31.92048
3243525781.25,-31.91864
3243525937.5,-31.92978
3243526093.75,-31.92807
3243526250.0,-31.92683
3243526406.25,-31.92703
3243526562.5,-31.93011
3243526718.75,-31.93216
3243526875.0,-31.93613
3243527031.25,-31.93647
3243527187.5,-31.93465
3243527343.75,-31.94238
3243527500.0,-31.94324
3243527656.25,-31.93793
3243527812.5,-31.94033
3243527968.75,-31.94601
3243528125.0,-31.94496
3243528281.25,-31.94798
3243528437.5,-31.94621
3243528593.75,-31.94959
3243528750.0,-31.95416
3243528906.25,-31.95585
3243529062.5,-31.95671
3243529218.75,-31.95949
3243529375.0,-31.96007
3243529531.25,-31.95971
3243529687.5,-31.96761
3243529843.75,-31.96571
3243530000.0,-31.96157
3243530156.25,-31.97051
3243530312.5,-31.96224
3243530468.75,-31.96983
3243530625.0,-31.97105
3243530781.25,-31.96945
3243530937.5,-31.96989
3243531093.75,-31.96756
3243531250.0,-31.9741
3243531406.25,-31.97855
3243531562.5,-31.98339
3243531718.75,-31.97687
3243531875.0,-31.98068
3243532031.25,-31.98021
3243532187.5,-31.98772
3243532343.75,-31.98522
3243532500.0,-31.98743
3243532656.25,-31.99129
3243532812.5,-31.994
3243532968.75,-31.99522
3243533125.0,-31.9904
3243533281.25,-31.9992
3243533437.5,-31.99834
3243533593.75,-31.99376
3243533750.0,-32.00387
3243533906.25,-32.00098
3243534062.5,-32.00579
3243534218.75,-32.00262
3243534375.0,-32.00848
3243534531.25,-32.01233
3243534687.5,-32.00809
3243534843.75,-32.01041
3243535000.0,-32.01273
3243535156.25,-32.01277
3243535312.5,-32.01072
3243535468.75,-32.0264
3243535625.0,-32.01767
3243535781.25,-32.0204
3243535937.5,-32.0212
3243536093.75,-32.01984
3243536250.0,-32.02303
3243536406.25,-32.02655
3243536562.5,-32.03208
3243536718.75,-32.03053
3243536875.0,-32.02653
3243537031.25,-32.03678
3243537187.5,-32.0354
3243537343.75,-32.03545
3243537500.0,-32.03718
3243537656.25,-32.04427
3243537812.5,-32.04599
3243537968.75,-32.03816
3243538125.0,-32.04651
3243538281.25,-32.04752
3243538437.5,-32.04165
3243538593.75,-32.04574
3243538750.0,-32.05195
3243538906.25,-32.05785
3243539062.5,-32.0518
3243539218.75,-32.05684
3243539375.0,-32.05063
3243539531.25,-32.04798
3243539687.5,-32.06213
3243539843.75,-32.06169
3243540000.0,-32.06779
3243540156.25,-32.06303
3243540312.5,-32.06465
3243540468.75,-32.06299
3243540625.0,-32.06639
3243540781.25,-32.07084
3243540937.5,-32.07439
3243541093.75,-32.07482
3243541250.0,-32.07086
3243541406.25,-32.07681
3243541562.5,-32.07533
3243541718.75,-32.07856
3243541875.0,-32.07597
3243542031.25,-32.08551
3243542187.5,-32.07692
3243542343.75,-32.08146
3243542500.0,-32.08295
3243542656.25,-32.08192
3243542812.5,-32.09019
3243542968.75,-32.09057
3243543125.0,-32.08854
3243543281.25,-32.08593
3243543437.5,-32.09541
3243543593.75,-32.09125
3243543750.0,-32.09487
3243543906.25,-32.10007
3243544062.5,-32.10486
3243544218.75,-32.10863
3243544375.0,-32.10898
3243544531.25,-32.10392
3243544687.5,-32.10109
3243544843.75,-32.10565
3243545000.0,-32.11147
3243545156.25,-32.1092
3243545312.5,-32.11526
3243545468.75,-32.11499
3243545625.0,-32.12021
3243545781.25,-32.11078
3243545937.5,-32.11112
3243546093.75,-32.12594
3243546250.0,-32.10907
3243546406.25,-32.12488
3243546562.5,-32.12403
3243546718.75,-32.13008
3243546875.0,-32.12837
3243547031.25,-32.12774
3243547187.5,-32.12721
3243547343.75,-32.1358
3243547500.0,-32.13437
3243547656.25,-32.13231
3243547812.5,-32.13493
3243547968.75,-32.13389
3243548125.0,-32.13287
3243548281.25,-32.13607
3243548437.5,-32.14242
3243548593.75,-32.13978
3243548750.0,-32.146
3243548906.25,-32.14231
3243549062.5,-32.14867
3243549218.75,-32.15561
3243549375.0,-32.15528
3243549531.25,-32.1552
3243549687.5,-32.1557
3243549843.75,-32.15772
3243550000.0,-32.15943
3243550156.25,-32.16143
3243550312.5,-32.16002
3243550468.75,-32.15918
3243550625.0,-32.15493
3243550781.25,-32.16301
3243550937.5,-32.16207
3243551093.75,-32.17091
3243551250.0,-32.17706
3243551406.25,-32.17476
3243551562.5,-32.17908
3243551718.75,-32.17329
3243551875.0,-32.16955
3243552031.25,-32.17079
3243552187.5,-32.18307
3243552343.75,-32.17569
3243552500.0,-32.18141
3243552656.25,-32.18546
3243552812.5,-32.17998
3243552968.75,-32.17806
3243553125.0,-32.17457
3243553281.25,-32.19082
3243553437.5,-32.19333
3243553593.75,-32.19016
3243553750.0,-32.19216
3243553906.25,-32.19134
3243554062.5,-32.19203
3243554218.75,-32.20051
3243554375.0,-32.19718
3243554531.25,-32.19706
3243554687.5,-32.19532
3243554843.75,-32.20729
3243555000.0,-32.20708
3243555156.25,-32.20645
3243555312.5,-32.20989
3243555468.75,-32.21271
3243555625.0,-32.2161
3243555781.25,-32.21331
3243555937.5,-32.21132
3243556093.75,-32.21727
3243556250.0,-32.21631
3243556406.25,-32.2146
3243556562.5,-32.21877
3243556718.75,-32.21901
3243556875.0,-32.21982
3243557031.25,-32.23251
3243557187.5,-32.23382
3243557343.75,-32.22918
3243557500.0,-32.23342
3243557656.25,-32.23294
3243557812.5,-32.22773
3243557968.75,-32.23414
3243558125.0,-32.2328
3243558281.25,-32.23487
3243558437.5,-32.23671
3243558593.75,-32.24544
3243558750.0,-32.24075
3243558906.25,-32.24008
3243559062.5,-32.24095
3243559218.75,-32.24698
3243559375.0,-32.2416
3243559531.25,-32.24631
3243559687.5,-32.24813
3243559843.75,-32.25702
3243560000.0,-32.25469
3243560156.25,-32.25067
3243560312.5,-32.25839
3243560468.75,-32.25891
3243560625.0,-32.25589
3243560781.25,-32.26139
3243560937.5,-32.25753
3243561093.75,-32.26644
3243561250.0,-32.26329
3243561406.25,-32.26617
3243561562.5,-32.26138
3243561718.75,-32.2662
3243561875.0,-32.27404
3243562031.25,-32.26929
3243562187.5,-32.27367
3243562343.75,-32.27267
3243562500.0,-32.27367
3243562656.25,-32.26687
3243562812.5,-32.28197
3243562968.75,-32.28318
3243563125.0,-32.27767
3243563281.25,-32.27536
3243563437.5,-32.28316
3243563593.75,-32.27882
3243563750.0,-32.28035
3243563906.25,-32.28934
3243564062.5,-32.28662
3243564218.75,-32.28878
3243564375.0,-32.29297
3243564531.25,-32.28845
3243564687.5,-32.28912
3243564843.75,-32.29611
3243565000.0,-32.30009
3243565156.25,-32.29374
3243565312.5,-32.30491
3243565468.75,-32.30218
3243565625.0,-32.30212
3243565781.25,-32.30433
3243565937.5,-32.30201
3243566093.75,-32.3088
3243566250.0,-32.31026
3243566406.25,-32.30994
3243566562.5,-32.30759
3243566718.75,-32.30976
3243566875.0,-32.3109
3243567031.25,-32.31232
3243567187.5,-32.31529
3243567343.75,-32.31962
3243567500.0,-32.32135
3243567656.25,-32.31981
3243567812.5,-32.32278
3243567968.75,-32.32165
3243568125.0,-32.32228
3243568281.25,-32.32742
3243568437.5,-32.32471
3243568593.75,-32.33208
3243568750.0,-32.33119
3243568906.25,-32.32712
3243569062.5,-32.33566
3243569218.75,-32.34247
3243569375.0,-32.3368
3243569531.25,-32.34317
3243569687.5,-32.33704
3243569843.75,-32.33292
3243570000.0,-32.33955
3243570156.25,-32.3482
3243570312.5,-32.34644
3243570468.75,-32.34755
3243570625.0,-32.35329
3243570781.25,-32.34544
3243570937.5,-32.35816
3243571093.75,-32.36005
3243571250.0,-32.35292
3243571406.25,-32.35661
3243571562.5,-32.36045
3243571718.75,-32.36148
3243571875.0,-32.35799
3243572031.25,-32.36159
3243572187.5,-32.36162
3243572343.75,-32.37143
3243572500.0,-32.36923
3243572656.25,-32.3675
3243572812.5,-32.36549
3243572968.75,-32.37244
3243573125.0,-32.37149
3243573281.25,-32.3763
3243573437.5,-32.37291
3243573593.75,-32.37732
3243573750.0,-32.37753
3243573906.25,-32.38019
3243574062.5,-32.38247
3243574218.75,-32.38139
3243574375.0,-32.38046
3243574531.25,-32.3886
3243574687.5,-32.38261
3243574843.75,-32.3889
3243575000.0,-32.3947
3243575156.25,-32.3873
3243575312.5,-32.39536
3243575468.75,-32.39692
3243575625.0,-32.38912
3243575781.25,-32.40233
3243575937.5,-32.39625
3243576093.75,-32.3969
3243576250.0,-32.40293
3243576406.25,-32.40104
3243576562.5,-32.39881
3243576718.75,-32.41065
3243576875.0,-32.41088
3243577031.25,-32.40329
3243577187.5,-32.40672
3243577343.75,-32.41284
3243577500.0,-32.40955
3243577656.25,-32.41331
3243577812.5,-32.41356
3243577968.75,-32.41951
3243578125.0,-32.41803
3243578281.25,-32.42048
3243578437.5,-32.42842
3243578593.75,-32.4324
3243578750.0,-32.42603
3243578906.25,-32.42746
3243579062.5,-32.42751
3243579218.75,-32.43246
3243579375.0,-32.42792
3243579531.25,-32.43016
3243579687.5,-32.43619
3243579843.75,-32.43563
3243580000.0,-32.43303
3243580156.25,-32.43787
3243580312.5,-32.43582
3243580468.75,-32.43508
3243580625.0,-32.44265
3243580781.25,-32.44113
3243580937.5,-32.44288
3243581093.75,-32.45297
3243581250.0,-32.44759
3243581406.25,-32.45134
3243581562.5,-32.44731
3243581718.75,-32.4612
3243581875.0,-32.4586
3243582031.25,-32.45401
3243582187.5,-32.45963
3243582343.75,-32.45875
3243582500.0,-32.46169
3243582656.25,-32.46004
3243582812.5,-32.46933
3243582968.75,-32.46261
3243583125.0,-32.47062
3243583281.25,-32.47471
3243583437.5,-32.47038
3243583593.75,-32.46722
3243583750.0,-32.47485
3243583906.25,-32.46455
3243584062.5,-32.4741
3243584218.75,-32.47937
3243584375.0,-32.48446
3243584531.25,-32.47402
3243584687.5,-32.47516
3243584843.75,-32.4954
3243585000.0,-32.49278
3243585156.25,-32.48142
3243585312.5,-32.48198
3243585468.75,-32.4895
3243585625.0,-32.49263
3243585781.25,-32.49207
3243585937.5,-32.49545
3243586093.75,-32.5012
3243586250.0,-32.49176
3243586406.25,-32.49642
3243586562.5,-32.5005
3243586718.75,-32.5053
3243586875.0,-32.49552
3243587031.25,-32.49964
3243587187.5,-32.5076
3243587343.75,-32.50584
3243587500.0,-32.51347
3243587656.25,-32.50803
3243587812.5,-32.50095
3243587968.75,-32.51298
3243588125.0,-32.5125
3243588281.25,-32.51226
3243588437.5,-32.51479
3243588593.75,-32.51762
3243588750.0,-32.52618
3243588906.25,-32.52465
3243589062.5,-32.51398
3243589218.75,-32.51814
3243589375.0,-32.527
3243589531.25,-32.53252
3243589687.5,-32.53176
3243589843.75,-32.52971
3243590000.0,-32.53003
3243590156.25,-32.53131
3243590312.5,-32.52633
3243590468.75,-32.5355
3243590625.0,-32.53657
3243590781.25,-32.5365
3243590937.5,-32.53864
3243591093.75,-32.53024
3243591250.0,-32.53897
3243591406.25,-32.54742
3243591562.5,-32.53939
3243591718.75,-32.53921
3243591875.0,-32.54334
3243592031.25,-32.54658
3243592187.5,-32.54536
3243592343.75,-32.55054
3243592500.0,-32.55739
3243592656.25,-32.55958
3243592812.5,-32.55753
3243592968.75,-32.55622
3243593125.0,-32.55722
3243593281.25,-32.56085
3243593437.5,-32.55546
3243593593.75,-32.56328
3243593750.0,-32.55786
3243593906.25,-32.5627
3243594062.5,-32.56387
3243594218.75,-32.56484
3243594375.0,-32.56838
3243594531.25,-32.57267
3243594687.5,-32.57594
3243594843.75,-32.56783
3243595000.0,-32.5698
3243595156.25,-32.57409
3243595312.5,-32.5758
3243595468.75,-32.57727
3243595625.0,-32.57967
3243595781.25,-32.5744
3243595937.5,-32.58422
3243596093.75,-32.58398
3243596250.0,-32.59006
3243596406.25,-32.5881
3243596562.5,-32.59036
3243596718.75,-32.59603
3243596875.0,-32.59291
3243597031.25,-32.59829
3243597187.5,-32.59389
3243597343.75,-32.59473
3243597500.0,-32.59712
3243597656.25,-32.605
3243597812.5,-32.59459
3243597968.75,-32.60461
3243598125.0,-32.60622
3243598281.25,-32.5969
3243598437.5,-32.60854
3243598593.75,-32.60231
3243598750.0,-32.61383
3243598906.25,-32.61086
3243599062.5,-32.60508
3243599218.75,-32.61056
3243599375.0,-32.61304
3243599531.25,-32.61738
3243599687.5,-32.61374
3243599843.75,-32.62617
3243600000.0,-32.62281
3243600156.25,-32.62255
3243600312.5,-32.62701
3243600468.75,-32.62285
3243600625.0,-32.62439
3243600781.25,-32.62549
3243600937.5,-32.62496
3243601093.75,-32.62825
3243601250.0,-32.62991
3243601406.25,-32.63264
3243601562.5,-32.63746
3243601718.75,-32.63165
3243601875.0,-32.63669
3243602031.25,-32.64067
3243602187.5,-32.6421
3243602343.75,-32.63951
3243602500.0,-32.64515
3243602656.25,-32.64868
3243602812.5,-32.64148
3243602968.75,-32.64923
3243603125.0,-32.64166
3243603281.25,-32.64933
3243603437.5,-32.65373
3243603593.75,-32.64902
3243603750.0,-32.649
3243603906.25,-32.64871
3243604062.5,-32.65544
3243604218.75,-32.65503
3243604375.0,-32.66343
3243604531.25,-32.66131
3243604687.5,-32.67002
3243604843.75,-32.6557
3243605000.0,-32.66592
3243605156.25,-32.6674
3243605312.5,-32.67303
3243605468.75,-32.67247
3243605625.0,-32.66632
3243605781.25,-32.66657
3243605937.5,-32.67112
3243606093.75,-32.6713
3243606250.0,-32.67565
3243606406.25,-32.68064
3243606562.5,-32.67825
3243606718.75,-32.67841
3243606875.0,-32.6904
3243607031.25,-32.68155
3243607187.5,-32.68981
3243607343.75,-32.68685
3243607500.0,-32.69054
3243607656.25,-32.6951
3243607812.5,-32.69367
3243607968.75,-32.69201
3243608125.0,-32.68357
3243608281.25,-32.69732
3243608437.5,-32.69897
3243608593.75,-32.70127
3243608750.0,-32.70076
3243608906.25,-32.70116
3243609062.5,-32.70158
3243609218.75,-32.70365
3243609375.0,-32.70673
3243609531.25,-32.70034
3243609687.5,-32.70275
3243609843.75,-32.70786
3243610000.0,-32.71451
3243610156.25,-32.70665
3243610312.5,-32.71412
3243610468.75,-32.70575
3243610625.0,-32.72316
3243610781.25,-32.72209
3243610937.5,-32.72805
3243611093.75,-32.72118
3243611250.0,-32.72018
3243611406.25,-32.72365
3243611562.5,-32.72409
3243611718.75,-32.72764
3243611875.0,-32.72819
3243612031.25,-32.72832
3243612187.5,-32.73602
3243612343.75,-32.73376
3243612500.0,-32.74073
3243612656.25,-32.7294
3243612812.5,-32.7334
3243612968.75,-32.73151
3243613125.0,-32.7364
3243613281.25,-32.74578
3243613437.5,-32.74205
3243613593.75,-32.74446
3243613750.0,-32.73945
3243613906.25,-32.74389
3243614062.5,-32.75108
3243614218.75,-32.74103
3243614375.0,-32.75169
3243614531.25,-32.74816
3243614687.5,-32.75001
3243614843.75,-32.7542
3243615000.0,-32.75147
3243615156.25,-32.75137
3243615312.5,-32.75917
3243615468.75,-32.75727
3243615625.0,-32.75934
3243615781.25,-32.76057
3243615937.5,-32.7638
3243616093.75,-32.75821
3243616250.0,-32.76654
3243616406.25,-32.76728
3243616562.5,-32.76723
3243616718.75,-32.77549
3243616875.0,-32.77465
3243617031.25,-32.77649
3243617187.5,-32.77056
3243617343.75,-32.77412
3243617500.0,-32.77288
3243617656.25,-32.77499
3243617812.5,-32.7778
3243617968.75,-32.78397
3243618125.0,-32.78779
3243618281.25,-32.78724
3243618437.5,-32.78362
3243618593.75,-32.78913
3243618750.0,-32.78777
3243618906.25,-32.79298
3243619062.5,-32.78506
3243619218.75,-32.79113
3243619375.0,-32.79604
3243619531.25,-32.78978
3243619687.5,-32.80421
3243619843.75,-32.79097
3243620000.0,-32.80003
3243620156.25,-32.79714
3243620312.5,-32.80019
3243620468.75,-32.79654
3243620625.0,-32.80884
3243620781.25,-32.80571
3243620937.5,-32.8081
3243621093.75,-32.80651
3243621250.0,-32.8088
3243621406.25,-32.81734
3243621562.5,-32.81078
3243621718.75,-32.81588
3243621875.0,-32.81183
3243622031.25,-32.81756
3243622187.5,-32.81895
3243622343.75,-32.83068
3243622500.0,-32.81422
3243622656.25,-32.82557
3243622812.5,-32.82304
3243622968.75,-32.83103
3243623125.0,-32.82399
3243623281.25,-32.83755
3243623437.5,-32.83044
3243623593.75,-32.83727
3243623750.0,-32.82817
3243623906.25,-32.83924
3243624062.5,-32.8406
3243624218.75,-32.83966
3243624375.0,-32.83864
3243624531.25,-32.83458
3243624687.5,-32.84214
3243624843.75,-32.8514
3243625000.0,-32.85176
3243625156.25,-32.84417
3243625312.5,-32.84618
3243625468.75,-32.85627
3243625625.0,-32.84523
3243625781.25,-32.84359
3243625937.5,-32.85223
3243626093.75,-32.84364
3243626250.0,-32.85316
3243626406.25,-32.86578
3243626562.5,-32.85849
3243626718.75,-32.85754
3243626875.0,-32.85905
3243627031.25,-32.8602
3243627187.5,-32.86749
3243627343.75,-32.87097
3243627500.0,-32.8642
3243627656.25,-32.86919
3243627812.5,-32.86639
3243627968.75,-32.86488
3243628125.0,-32.86637
3243628281.25,-32.87164
3243628437.5,-32.87594
3243628593.75,-32.87173
3243628750.0,-32.87675
3243628906.25,-32.88003
3243629062.5,-32.8725
3243629218.75,-32.88604
3243629375.0,-32.88099
3243629531.25,-32.88338
3243629687.5,-32.87981
3243629843.75,-32.88633
3243630000.0,-32.89055
3243630156.25,-32.89093
3243630312.5,-32.8898
3243630468.75,-32.8899
3243630625.0,-32.90266
3243630781.25,-32.88799
3243630937.5,-32.89875
3243631093.75,-32.89413
3243631250.0,-32.89647
3243631406.25,-32.90207
3243631562.5,-32.90233
3243631718.75,-32.89874
3243631875.0,-32.90026
3243632031.25,-32.90794
3243632187.5,-32.91512
3243632343.75,-32.90775
3243632500.0,-32.90536
3243632656.25,-32.90797
3243632812.5,-32.91759
3243632968.75,-32.91272
3243633125.0,-32.9219
3243633281.25,-32.90967
3243633437.5,-32.92019
3243633593.75,-32.91425
3243633750.0,-32.92381
3243633906.25,-32.91192
3243634062.5,-32.9291
3243634218.75,-32.92484
3243634375.0,-32.92706
3243634531.25,-32.91804
3243634687.5,-32.93061
3243634843.75,-32.93222
3243635000.0,-32.93341
3243635156.25,-32.92952
3243635312.5,-32.93613
3243635468.75,-32.93238
3243635625.0,-32.93332
3243635781.25,-32.94129
3243635937.5,-32.93318
3243636093.75,-32.94554
3243636250.0,-32.93877
3243636406.25,-32.94315
3243636562.5,-32.93974
3243636718.75,-32.94785
3243636875.0,-32.95076
3243637031.25,-32.94236
3243637187.5,-32.95512
3243637343.75,-32.95997
3243637500.0,-32.95177
3243637656.25,-32.95667
3243637812.5,-32.95019
3243637968.75,-32.95389
3243638125.0,-32.96032
3243638281.25,-32.95
3243638437.5,-32.96619
3243638593.75,-32.96091
3243638750.0,-32.96407
3243638906.25,-32.97527
3243639062.5,-32.95938
3243639218.75,-32.9696
3243639375.0,-32.96717
3243639531.25,-32.97216
3243639687.5,-32.97165
3243639843.75,-32.97323
3243640000.0,-32.97812
3243640156.25,-32.97505
3243640312.5,-32.98448
3243640468.75,-32.97365
3243640625.0,-32.98216
3243640781.25,-32.98118
3243640937.5,-32.97938
3243641093.75,-32.9829
3243641250.0,-32.98353
3243641406.25,-32.99215
3243641562.5,-32.98731
3243641718.75,-32.98622
3243641875.0,-32.99194
3243642031.25,-32.9852
3243642187.5,-32.99451
3243642343.75,-32.99587
3243642500.0,-32.99959
3243642656.25,-33.00283
3243642812.5,-33.00257
3243642968.75,-33.00428
3243643125.0,-32.99958
3243643281.25,-33.00679
3243643437.5,-33.00736
3243643593.75,-32.99804
3243643750.0,-33.00515
3243643906.25,-33.01391
3243644062.5,-33.01068
3243644218.75,-33.00816
3243644375.0,-33.00799
3243644531.25,-33.02069
3243644687.5,-33.0116
3243644843.75,-33.02056
3243645000.0,-33.01771
3243645156.25,-33.02206
3243645312.5,-33.01516
3243645468.75,-33.02341
3243645625.0,-33.02225
3243645781.25,-33.02473
3243645937.5,-33.01733
3243646093.75,-33.0323
3243646250.0,-33.03069
3243646406.25,-33.03769
3243646562.5,-33.03588
3243646718.75,-33.02864
3243646875.0,-33.02955
3243647031.25,-33.03671
3243647187.5,-33.03862
3243647343.75,-33.04023
3243647500.0,-33.03531
3243647656.25,-33.05438
3243647812.5,-33.03727
3243647968.75,-33.04265
3243648125.0,-33.04327
3243648281.25,-33.05418
3243648437.5,-33.04634
3243648593.75,-33.05799
3243648750.0,-33.05268
3243648906.25,-33.05815
3243649062.5,-33.05853
3243649218.75,-33.0598
3243649375.0,-33.06706
3243649531.25,-33.0629
3243649687.5,-33.0629
3243649843.75,-33.05627
3243650000.0,-33.05625
3243650156.25,-33.05985
3243650312.5,-33.06397
3243650468.75,-33.06781
3243650625.0,-33.0638
3243650781.25,-33.07045
3243650937.5,-33.062
3243651093.75,-33.07414
3243651250.0,-33.07024
3243651406.25,-33.06856
3243651562.5,-33.07404
3243651718.75,-33.08192
3243651875.0,-33.07584
3243652031.25,-33.0765
3243652187.5,-33.07379
3243652343.75,-33.08233
3243652500.0,-33.08382
3243652656.25,-33.08804
3243652812.5,-33.08794
3243652968.75,-33.09192
3243653125.0,-33.08838
3243653281.25,-33.08648
3243653437.5,-33.09264
3243653593.75,-33.08317
3243653750.0,-33.09145
3243653906.25,-33.09376
3243654062.5,-33.08868
3243654218.75,-33.09888
3243654375.0,-33.09774
3243654531.25,-33.10526
3243654687.5,-33.0951
3243654843.75,-33.09682
3243655000.0,-33.11248
3243655156.25,-33.10879
3243655312.5,-33.11035
3243655468.75,-33.1102
3243655625.0,-33.1076
3243655781.25,-33.10534
3243655937.5,-33.11352
3243656093.75,-33.11538
3243656250.0,-33.11769
3243656406.25,-33.12216
3243656562.5,-33.11047
3243656718.75,-33.11023
3243656875.0,-33.1261
3243657031.25,-33.1221
3243657187.5,-33.11851
3243657343.75,-33.12012
3243657500.0,-33.12709
3243657656.25,-33.12086
3243657812.5,-33.12844
3243657968.75,-33.13209
3243658125.0,-33.12891
3243658281.25,-33.13406
3243658437.5,-33.12731
3243658593.75,-33.13558
3243658750.0,-33.13811
3243658906.25,-33.14257
3243659062.5,-33.13826
3243659218.75,-33.14541
3243659375.0,-33.14145
3243659531.25,-33.13914
3243659687.5,-33.13843
3243659843.75,-33.14955
3243660000.0,-33.14518
3243660156.25,-33.15272
3243660312.5,-33.14618
3243660468.75,-33.15413
3243660625.0,-33.15082
3243660781.25,-33.15492
3243660937.5,-33.15391
3243661093.75,-33.15374
3243661250.0,-33.14882
3243661406.25,-33.15835
3243661562.5,-33.15909
3243661718.75,-33.15805
3243661875.0,-33.1684
3243662031.25,-33.16893
3243662187.5,-33.16658
3243662343.75,-33.16246
3243662500.0,-33.17083
3243662656.25,-33.1685
3243662812.5,-33.17422
3243662968.75,-33.16614
3243663125.0,-33.16789
3243663281.25,-33.17077
3243663437.5,-33.17766
3243663593.75,-33.17405
3243663750.0,-33.17691
3243663906.25,-33.17565
3243664062.5,-33.18428
3243664218.75,-33.1864
3243664375.0,-33.18441
3243664531.25,-33.18097
3243664687.5,-33.19215
3243664843.75,-33.19093
3243665000.0,-33.18534
3243665156.25,-33.19108
3243665312.5,-33.18749
3243665468.75,-33.19248
3243665625.0,-33.19477
3243665781.25,-33.19859
3243665937.5,-33.20642
3243666093.75,-33.19511
3243666250.0,-33.19748
3243666406.25,-33.20068
3243666562.5,-33.20223
3243666718.75,-33.19527
3243666875.0,-33.20668
3243667031.25,-33.20033
3243667187.5,-33.21126
3243667343.75,-33.21084
3243667500.0,-33.21369
3243667656.25,-33.21671
3243667812.5,-33.21302
3243667968.75,-33.209
3243668125.0,-33.21351
3243668281.25,-33.2206
3243668437.5,-33.21695
3243668593.75,-33.22224
3243668750.0,-33.21941
3243668906.25,-33.221
3243669062.5,-33.22738
3243669218.75,-33.2258
3243669375.0,-33.22448
3243669531.25,-33.22729
3243669687.5,-33.22087
3243669843.75,-33.2322
3243670000.0,-33.23424
3243670156.25,-33.23028
3243670312.5,-33.24128
3243670468.75,-33.23891
3243670625.0,-33.24019
3243670781.25,-33.24199
3243670937.5,-33.23146
3243671093.75,-33.23722
3243671250.0,-33.23923
3243671406.25,-33.25219
3243671562.5,-33.24205
3243671718.75,-33.24733
3243671875.0,-33.24548
3243672031.25,-33.24895
3243672187.5,-33.25079
3243672343.75,-33.25488
3243672500.0,-33.25452
3243672656.25,-33.2589
3243672812.5,-33.25081
3243672968.75,-33.25472
3243673125.0,-33.25892
3243673281.25,-33.25874
3243673437.5,-33.2622
3243673593.75,-33.25654
3243673750.0,-33.25659
3243673906.25,-33.27432
3243674062.5,-33.26959
3243674218.75,-33.26733
3243674375.0,-33.26921
3243674531.25,-33.27637
3243674687.5,-33.26761
3243674843.75,-33.27175
3243675000.0,-33.26992
3243675156.25,-33.27304
3243675312.5,-33.27623
3243675468.75,-33.2757
3243675625.0,-33.28162
3243675781.25,-33.27674
3243675937.5,-33.28457
3243676093.75,-33.27999
3243676250.0,-33.28772
3243676406.25,-33.2802
3243676562.5,-33.29197
3243676718.75,-33.29237
3243676875.0,-33.29018
3243677031.25,-33.29519
3243677187.5,-33.2909
3243677343.75,-33.29411
3243677500.0,-33.30267
3243677656.25,-33.28433
3243677812.5,-33.30404
3243677968.75,-33.29934
3243678125.0,-33.30128
3243678281.25,-33.29678
3243678437.5,-33.30283
3243678593.75,-33.30174
3243678750.0,-33.31127
3243678906.25,-33.30266
3243679062.5,-33.31116
3243679218.75,-33.31316
3243679375.0,-33.30468
3243679531.25,-33.3117
3243679687.5,-33.31502
3243679843.75,-33.3229
3243680000.0,-33.31023
3243680156.25,-33.31661
3243680312.5,-33.31676
3243680468.75,-33.31927
3243680625.0,-33.32536
3243680781.25,-33.32233
3243680937.5,-33.32751
3243681093.75,-33.3297
3243681250.0,-33.32635
3243681406.25,-33.32671
3243681562.5,-33.32647
3243681718.75,-33.32605
3243681875.0,-33.33314
3243682031.25,-33.32862
3243682187.5,-33.33176
3243682343.75,-33.34252
3243682500.0,-33.33654
3243682656.25,-33.33619
3243682812.5,-33.34308
3243682968.75,-33.33988
3243683125.0,-33.34993
3243683281.25,-33.34924
3243683437.5,-33.33368
3243683593.75,-33.3509
3243683750.0,-33.34708
3243683906.25,-33.34558
3243684062.5,-33.33829
3243684218.75,-33.34876
3243684375.0,-33.35767
3243684531.25,-33.35718
3243684687.5,-33.3534
3243684843.75,-33.35839
3243685000.0,-33.35382
3243685156.25,-33.35556
3243685312.5,-33.36127
3243685468.75,-33.36999
3243685625.0,-33.35511
3243685781.25,-33.36834
3243685937.5,-33.36764
3243686093.75,-33.3634
3243686250.0,-33.37694
3243686406.25,-33.36871
3243686562.5,-33.37456
3243686718.75,-33.36903
3243686875.0,-33.37577
3243687031.25,-33.37352
3243687187.5,-33.36982
3243687343.75,-33.37603
3243687500.0,-33.38331
3243687656.25,-33.37667
3243687812.5,-33.38018
3243687968.75,-33.39001
3243688125.0,-33.38419
3243688281.25,-33.39252
3243688437.5,-33.38703
3243688593.75,-33.3807
3243688750.0,-33.39057
3243688906.25,-33.39173
3243689062.5,-33.38799
3243689218.75,-33.39525
3243689375.0,-33.39919
3243689531.25,-33.39809
3243689687.5,-33.40024
3243689843.75,-33.40227
3243690000.0,-33.39967
3243690156.25,-33.39875
3243690312.5,-33.40587
3243690468.75,-33.40369
3243690625.0,-33.40485
3243690781.25,-33.40588
3243690937.5,-33.40276
3243691093.75,-33.40594
3243691250.0,-33.40715
3243691406.25,-33.40469
3243691562.5,-33.40521
3243691718.75,-33.40936
3243691875.0,-33.41106
3243692031.25,-33.42275
3243692187.5,-33.41005
3243692343.75,-33.42038
3243692500.0,-33.41565
3243692656.25,-33.42361
3243692812.5,-33.42863
3243692968.75,-33.42453
3243693125.0,-33.42985
3243693281.25,-33.42897
3243693437.5,-33.42575
3243693593.75,-33.42766
3243693750.0,-33.42947
3243693906.25,-33.42951
3243694062.5,-33.43824
3243694218.75,-33.43973
3243694375.0,-33.43547
3243694531.25,-33.44546
3243694687.5,-33.44005
3243694843.75,-33.44076
3243695000.0,-33.43893
3243695156.25,-33.43705
3243695312.5,-33.44176
3243695468.75,-33.4479
3243695625.0,-33.45641
3243695781.25,-33.44527
3243695937.5,-33.4421
3243696093.75,-33.45023
3243696250.0,-33.45067
3243696406.25,-33.4514
3243696562.5,-33.44777
3243696718.75,-33.45218
3243696875.0,-33.45452
3243697031.25,-33.45396
3243697187.5,-33.45343
3243697343.75,-33.45972
3243697500.0,-33.46294
3243697656.25,-33.4619
3243697812.5,-33.46017
3243697968.75,-33.4637
3243698125.0,-33.47352
3243698281.25,-33.47441
3243698437.5,-33.46763
3243698593.75,-33.47319
3243698750.0,-33.46256
3243698906.25,-33.47304
3243699062.5,-33.47904
3243699218.75,-33.48038
3243699375.0,-33.47492
3243699531.25,-33.48218
3243699687.5,-33.48068
3243699843.75,-33.48051
3243700000.0,-33.47916
3243700156.25,-33.48336
3243700312.5,-33.47876
3243700468.75,-33.49067
3243700625.0,-33.49286
3243700781.25,-33.48712
3243700937.5,-33.48505
3243701093.75,-33.49124
3243701250.0,-33.4975
3243701406.25,-33.48892
3243701562.5,-33.50061
3243701718.75,-33.49042
3243701875.0,-33.50165
3243702031.25,-33.49565
3243702187.5,-33.5004
3243702343.75,-33.51136
3243702500.0,-33.5002
3243702656.25,-33.5018
3243702812.5,-33.51077
3243702968.75,-33.50503
3243703125.0,-33.50826
3243703281.25,-33.51073
3243703437.5,-33.50899
3243703593.75,-33.50271
3243703750.0,-33.50626
3243703906.25,-33.51661
3243704062.5,-33.51517
3243704218.75,-33.5137
3243704375.0,-33.51586
3243704531.25,-33.52063
3243704687.5,-33.51437
3243704843.75,-33.52005
3243705000.0,-33.53452
3243705156.25,-33.53081
3243705312.5,-33.52504
3243705468.75,-33.52368
3243705625.0,-33.52041
3243705781.25,-33.53423
3243705937.5,-33.52957
3243706093.75,-33.52972
3243706250.0,-33.54253
3243706406.25,-33.52998
3243706562.5,-33.54157
3243706718.75,-33.54103
3243706875.0,-33.53428
3243707031.25,-33.53783
3243707187.5,-33.54117
3243707343.75,-33.54333
3243707500.0,-33.54042
3243707656.25,-33.54433
3243707812.5,-33.54306
3243707968.75,-33.54351
3243708125.0,-33.55443
3243708281.25,-33.5521
3243708437.5,-33.54999
3243708593.75,-33.5491
3243708750.0,-33.54285
3243708906.25,-33.54396
3243709062.5,-33.55474
3243709218.75,-33.55493
3243709375.0,-33.55312
3243709531.25,-33.55185
3243709687.5,-33.56562
3243709843.75,-33.56404
3243710000.0,-33.5638
3243710156.25,-33.55978
3243710312.5,-33.56414
3243710468.75,-33.56108
3243710625.0,-33.5725
3243710781.25,-33.57415
3243710937.5,-33.57725
3243711093.75,-33.57666
3243711250.0,-33.57676
3243711406.25,-33.57668
3243711562.5,-33.57301
3243711718.75,-33.58461
3243711875.0,-33.58024
3243712031.25,-33.58179
3243712187.5,-33.57336
3243712343.75,-33.58246
3243712500.0,-33.58485
3243712656.25,-33.58117
3243712812.5,-33.58537
3243712968.75,-33.58931
3243713125.0,-33.58821
3243713281.25,-33.59034
3243713437.5,-33.59274
3243713593.75,-33.59545
3243713750.0,-33.59139
3243713906.25,-33.59719
3243714062.5,-33.60243
3243714218.75,-33.60405
3243714375.0,-33.59631
3243714531.25,-33.60189
3243714687.5,-33.61058
3243714843.75,-33.60235
3243715000.0,-33.60428
3243715156.25,-33.60469
3243715312.5,-33.59933
3243715468.75,-33.60645
3243715625.0,-33.61053
3243715781.25,-33.60379
3243715937.5,-33.61513
3243716093.75,-33.61248
3243716250.0,-33.61904
3243716406.25,-33.61976
3243716562.5,-33.62464
3243716718.75,-33.6139
3243716875.0,-33.61335
3243717031.25,-33.6264
3243717187.5,-33.62234
3243717343.75,-33.62251
3243717500.0,-33.62773
3243717656.25,-33.62211
3243717812.5,-33.62984
3243717968.75,-33.62706
3243718125.0,-33.63652
3243718281.25,-33.63544
3243718437.5,-33.63501
3243718593.75,-33.62538
3243718750.0,-33.63594
3243718906.25,-33.63461
3243719062.5,-33.64493
3243719218.75,-33.64037
3243719375.0,-33.64017
3243719531.25,-33.63467
3243719687.5,-33.63789
3243719843.75,-33.6447
3243720000.0,-33.65416
3243720156.25,-33.64739
3243720312.5,-33.64775
3243720468.75,-33.63787
3243720625.0,-33.64886
3243720781.25,-33.65022
3243720937.5,-33.65339
3243721093.75,-33.65319
3243721250.0,-33.65899
3243721406.25,-33.65253
3243721562.5,-33.66014
3243721718.75,-33.65945
3243721875.0,-33.66
3243722031.25,-33.66324
3243722187.5,-33.66592
3243722343.75,-33.66519
3243722500.0,-33.65963
3243722656.25,-33.65981
3243722812.5,-33.6663
3243722968.75,-33.66488
3243723125.0,-33.67116
3243723281.25,-33.66903
3243723437.5,-33.67868
3243723593.75,-33.67113
3243723750.0,-33.67231
3243723906.25,-33.67951
3243724062.5,-33.67503
3243724218.75,-33.67771
3243724375.0,-33.68324
3243724531.25,-33.68389
3243724687.5,-33.67912
3243724843.75,-33.67905
3243725000.0,-33.67925
3243725156.25,-33.68155
3243725312.5,-33.68987
3243725468.75,-33.69429
3243725625.0,-33.68621
3243725781.25,-33.69488
3243725937.5,-33.68882
3243726093.75,-33.68849
3243726250.0,-33.69066
3243726406.25,-33.70461
3243726562.5,-33.69677
3243726718.75,-33.69875
3243726875.0,-33.7019
3243727031.25,-33.70604
3243727187.5,-33.70243
3243727343.75,-33.70406
3243727500.0,-33.6985
3243727656.25,-33.70985
3243727812.5,-33.70792
3243727968.75,-33.69834
3243728125.0,-33.70541
3243728281.25,-33.72121
3243728437.5,-33.71449
3243728593.75,-33.72519
3243728750.0,-33.71114
3243728906.25,-33.71203
3243729062.5,-33.71595
3243729218.75,-33.72296
3243729375.0,-33.72021
3243729531.25,-33.72292
3243729687.5,-33.71681
3243729843.75,-33.72878
3243730000.0,-33.7287
3243730156.25,-33.73206
3243730312.5,-33.72626
3243730468.75,-33.72289
3243730625.0,-33.73796
3243730781.25,-33.73217
3243730937.5,-33.73631
3243731093.75,-33.73212
3243731250.0,-33.73552
3243731406.25,-33.73133
3243731562.5,-33.73981
3243731718.75,-33.73199
3243731875.0,-33.74103
3243732031.25,-33.73766
3243732187.5,-33.74434
3243732343.75,-33.74736
3243732500.0,-33.74528
3243732656.25,-33.74396
3243732812.5,-33.75163
3243732968.75,-33.75585
3243733125.0,-33.75636
3243733281.25,-33.75463
3243733437.5,-33.74877
3243733593.75,-33.75673
3243733750.0,-33.75977
3243733906.25,-33.75932
3243734062.5,-33.74875
3243734218.75,-33.754
3243734375.0,-33.76036
3243734531.25,-33.76444
3243734687.5,-33.76117
3243734843.75,-33.75994
3243735000.0,-33.77277
3243735156.25,-33.7739
3243735312.5,-33.76597
3243735468.75,-33.77358
3243735625.0,-33.77046
3243735781.25,-33.77221
3243735937.5,-33.78041
3243736093.75,-33.7733
3243736250.0,-33.78007
3243736406.25,-33.77471
3243736562.5,-33.7812
3243736718.75,-33.78113
3243736875.0,-33.77365
3243737031.25,-33.78568
3243737187.5,-33.77299
3243737343.75,-33.78597
3243737500.0,-33.78185
3243737656.25,-33.78227
3243737812.5,-33.78991
3243737968.75,-33.78998
3243738125.0,-33.80037
3243738281.25,-33.79326
3243738437.5,-33.7935
3243738593.75,-33.80262
3243738750.0,-33.79576
3243738906.25,-33.798
3243739062.5,-33.80045
3243739218.75,-33.79957
3243739375.0,-33.79827
3243739531.25,-33.79299
3243739687.5,-33.79656
3243739843.75,-33.80876
3243740000.0,-33.81444
3243740156.25,-33.797
3243740312.5,-33.81343
3243740468.75,-33.81591
3243740625.0,-33.81783
3243740781.25,-33.80906
3243740937.5,-33.81974
3243741093.75,-33.81418
3243741250.0,-33.81364
3243741406.25,-33.81789
3243741562.5,-33.81811
3243741718.75,-33.81829
3243741875.0,-33.82011
3243742031.25,-33.82711
3243742187.5,-33.82394
3243742343.75,-33.8242
3243742500.0,-33.8254
3243742656.25,-33.83237
3243742812.5,-33.83731
3243742968.75,-33.8303
3243743125.0,-33.82769
3243743281.25,-33.82846
3243743437.5,-33.83706
3243743593.75,-33.83356
3243743750.0,-33.8255
3243743906.25,-33.83047
3243744062.5,-33.84131
3243744218.75,-33.84312
3243744375.0,-33.83818
3243744531.25,-33.83952
3243744687.5,-33.85021
3243744843.75,-33.833
3243745000.0,-33.84071
3243745156.25,-33.85324
3243745312.5,-33.85474
3243745468.75,-33.84803
3243745625.0,-33.85369
3243745781.25,-33.85472
3243745937.5,-33.8626
3243746093.75,-33.85327
3243746250.0,-33.8566
3243746406.25,-33.85639
3243746562.5,-33.85669
3243746718.75,-33.84932
3243746875.0,-33.85885
3243747031.25,-33.85897
3243747187.5,-33.85538
3243747343.75,-33.85177
3243747500.0,-33.87167
3243747656.25,-33.87293
3243747812.5,-33.87053
3243747968.75,-33.86533
3243748125.0,-33.87306
3243748281.25,-33.87699
3243748437.5,-33.86648
3243748593.75,-33.87873
3243748750.0,-33.87109
3243748906.25,-33.88068
3243749062.5,-33.887
3243749218.75,-33.87498
3243749375.0,-33.88173
3243749531.25,-33.87848
3243749687.5,-33.87987
3243749843.75,-33.88698
3243750000.0,-33.88803
3243750156.25,-33.8815
3243750312.5,-33.89262
3243750468.75,-33.8934
3243750625.0,-33.88839
3243750781.25,-33.88652
3243750937.5,-33.89061
3243751093.75,-33.89489
3243751250.0,-33.90072
3243751406.25,-33.89337
3243751562.5,-33.89938
3243751718.75,-33.89877
3243751875.0,-33.90121
3243752031.25,-33.89821
3243752187.5,-33.90054
3243752343.75,-33.90776
3243752500.0,-33.90206
3243752656.25,-33.90334
3243752812.5,-33.90478
3243752968.75,-33.904
3243753125.0,-33.90792
3243753281.25,-33.91875
3243753437.5,-33.91495
3243753593.75,-33.9085
3243753750.0,-33.9133
3243753906.25,-33.91048
3243754062.5,-33.91578
3243754218.75,-33.91462
3243754375.0,-33.92683
3243754531.25,-33.91467
3243754687.5,-33.921
3243754843.75,-33.92367
3243755000.0,-33.92371
3243755156.25,-33.92211
3243755312.5,-33.91744
3243755468.75,-33.93085
3243755625.0,-33.93204
3243755781.25,-33.938
3243755937.5,-33.92512
3243756093.75,-33.92644
3243756250.0,-33.93316
3243756406.25,-33.93153
3243756562.5,-33.92747
3243756718.75,-33.93794
3243756875.0,-33.93858
3243757031.25,-33.94099
3243757187.5,-33.94263
3243757343.75,-33.93869
3243757500.0,-33.94711
3243757656.25,-33.94472
3243757812.5,-33.95317
3243757968.75,-33.9405
3243758125.0,-33.93865
3243758281.25,-33.95036
3243758437.5,-33.94847
3243758593.75,-33.94477
3243758750.0,-33.95021
3243758906.25,-33.95458
3243759062.5,-33.96224
3243759218.75,-33.95789
3243759375.0,-33.96264
3243759531.25,-33.95047
3243759687.5,-33.95931
3243759843.75,-33.96236
3243760000.0,-33.96212
3243760156.25,-33.95751
3243760312.5,-33.96479
3243760468.75,-33.96508
3243760625.0,-33.95857
3243760781.25,-33.96512
3243760937.5,-33.96915
3243761093.75,-33.96951
3243761250.0,-33.9787
3243761406.25,-33.97088
3243761562.5,-33.97424
3243761718.75,-33.97832
3243761875.0,-33.97803
3243762031.25,-33.97944
3243762187.5,-33.98946
3243762343.75,-33.98591
3243762500.0,-33.98042
3243762656.25,-33.9861
3243762812.5,-33.98128
3243762968.75,-33.9921
3243763125.0,-33.987
3243763281.25,-33.98855
3243763437.5,-33.99035
3243763593.75,-33.98703
3243763750.0,-33.98962
3243763906.25,-34.00085
3243764062.5,-33.99393
3243764218.75,-33.99454
3243764375.0,-33.99987
3243764531.25,-33.99776
3243764687.5,-34.00045
3243764843.75,-34.00122
3243765000.0,-34.00312
3243765156.25,-33.99962
3243765312.5,-34.00273
3243765468.75,-34.01116
3243765625.0,-34.00063
3243765781.25,-34.0076
3243765937.5,-34.01451
3243766093.75,-34.00671
3243766250.0,-34.01561
3243766406.25,-34.01453
3243766562.5,-34.02134
3243766718.75,-34.01498
3243766875.0,-34.01428
3243767031.25,-34.02008
3243767187.5,-34.01857
3243767343.75,-34.01729
3243767500.0,-34.02397
3243767656.25,-34.02079
3243767812.5,-34.02608
3243767968.75,-34.02175
3243768125.0,-34.0274
3243768281.25,-34.02911
3243768437.5,-34.04063
3243768593.75,-34.02383
3243768750.0,-34.03225
3243768906.25,-34.03328
3243769062.5,-34.0348
3243769218.75,-34.03969
3243769375.0,-34.03521
3243769531.25,-34.03271
3243769687.5,-34.04408
3243769843.75,-34.03795
3243770000.0,-34.04015
3243770156.25,-34.04292
3243770312.5,-34.04449
3243770468.75,-34.04888
3243770625.0,-34.04331
3243770781.25,-34.05154
3243770937.5,-34.05077
3243771093.75,-34.04761
3243771250.0,-34.04685
3243771406.25,-34.05005
3243771562.5,-34.04579
3243771718.75,-34.05878
3243771875.0,-34.04719
3243772031.25,-34.0621
3243772187.5,-34.0533
3243772343.75,-34.06128
3243772500.0,-34.05486
3243772656.25,-34.06319
3243772812.5,-34.06814
3243772968.75,-34.06087
3243773125.0,-34.07033
3243773281.25,-34.07084
3243773437.5,-34.05871
3243773593.75,-34.07212
3243773750.0,-34.0686
3243773906.25,-34.08037
3243774062.5,-34.07521
3243774218.75,-34.06697
3243774375.0,-34.07283
3243774531.25,-34.07862
3243774687.5,-34.07978
3243774843.75,-34.07072
3243775000.0,-34.07751
3243775156.25,-34.08166
3243775312.5,-34.07874
3243775468.75,-34.07893
3243775625.0,-34.08569
3243775781.25,-34.09453
3243775937.5,-34.09222
3243776093.75,-34.09146
3243776250.0,-34.08393
3243776406.25,-34.08134
3243776562.5,-34.0926
3243776718.75,-34.09687
3243776875.0,-34.08506
3243777031.25,-34.09735
3243777187.5,-34.09112
3243777343.75,-34.09373
3243777500.0,-34.09264
3243777656.25,-34.10628
3243777812.5,-34.09252
3243777968.75,-34.11475
3243778125.0,-34.1029
3243778281.25,-34.10472
3243778437.5,-34.09924
3243778593.75,-34.1038
3243778750.0,-34.10678
3243778906.25,-34.10398
3243779062.5,-34.10642
3243779218.75,-34.11202
3243779375.0,-34.10978
3243779531.25,-34.11639
3243779687.5,-34.12163
3243779843.75,-34.1195
3243780000.0,-34.11949
3243780156.25,-34.11261
3243780312.5,-34.12399
3243780468.75,-34.12297
3243780625.0,-34.12788
3243780781.25,-34.12463
3243780937.5,-34.12372
3243781093.75,-34.13082
3243781250.0,-34.12386
3243781406.25,-34.12869
3243781562.5,-34.13779
3243781718.75,-34.13001
3243781875.0,-34.12974
3243782031.25,-34.12877
3243782187.5,-34.13557
3243782343.75,-34.13679
3243782500.0,-34.14
3243782656.25,-34.13839
3243782812.5,-34.1338
3243782968.75,-34.13553
3243783125.0,-34.14687
3243783281.25,-34.1482
3243783437.5,-34.14651
3243783593.75,-34.14633
3243783750.0,-34.13915
3243783906.25,-34.14603
3243784062.5,-34.14834
3243784218.75,-34.14771
3243784375.0,-34.15587
3243784531.25,-34.14428
3243784687.5,-34.1502
3243784843.75,-34.16244
3243785000.0,-34.15487
3243785156.25,-34.16415
3243785312.5,-34.15395
3243785468.75,-34.15833
3243785625.0,-34.16073
3243785781.25,-34.16235
3243785937.5,-34.16278
3243786093.75,-34.16615
3243786250.0,-34.16788
3243786406.25,-34.17037
3243786562.5,-34.16719
3243786718.75,-34.1772
3243786875.0,-34.1701
3243787031.25,-34.1734
3243787187.5,-34.17057
3243787343.75,-34.16913
3243787500.0,-34.17607
3243787656.25,-34.17104
3243787812.5,-34.17796
3243787968.75,-34.18181
3243788125.0,-34.17924
3243788281.25,-34.18354
3243788437.5,-34.17705
3243788593.75,-34.18708
3243788750.0,-34.18644
3243788906.25,-34.18575
3243789062.5,-34.17112
3243789218.75,-34.18428
3243789375.0,-34.18816
3243789531.25,-34.18635
3243789687.5,-34.18467
3243789843.75,-34.18603
3243790000.0,-34.19558
3243790156.25,-34.19496
3243790312.5,-34.20298
3243790468.75,-34.20008
3243790625.0,-34.19683
3243790781.25,-34.19947
3243790937.5,-34.19581
3243791093.75,-34.20038
3243791250.0,-34.20247
3243791406.25,-34.20106
3243791562.5,-34.20142
3243791718.75,-34.21049
3243791875.0,-34.20619
3243792031.25,-34.20601
3243792187.5,-34.21209
3243792343.75,-34.21197
3243792500.0,-34.21028
3243792656.25,-34.2107
3243792812.5,-34.21699
3243792968.75,-34.21364
3243793125.0,-34.22684
3243793281.25,-34.21634
3243793437.5,-34.22179
3243793593.75,-34.22311
3243793750.0,-34.22319
3243793906.25,-34.21667
3243794062.5,-34.22068
3243794218.75,-34.2195
3243794375.0,-34.23106
3243794531.25,-34.22897
3243794687.5,-34.23056
3243794843.75,-34.23114
3243795000.0,-34.22359
3243795156.25,-34.22824
3243795312.5,-34.2365
3243795468.75,-34.2304
3243795625.0,-34.23746
3243795781.25,-34.24047
3243795937.5,-34.23759
3243796093.75,-34.2382
3243796250.0,-34.24289
3243796406.25,-34.24068
3243796562.5,-34.24128
3243796718.75,-34.24747
3243796875.0,-34.24781
3243797031.25,-34.2469
3243797187.5,-34.25081
3243797343.75,-34.25161
3243797500.0,-34.25954
3243797656.25,-34.26252
3243797812.5,-34.24184
3243797968.75,-34.24945
3243798125.0,-34.25847
3243798281.25,-34.25401
3243798437.5,-34.25744
3243798593.75,-34.26173
3243798750.0,-34.24777
3243798906.25,-34.26077
3243799062.5,-34.264
3243799218.75,-34.26717
3243799375.0,-34.27063
3243799531.25,-34.26561
3243799687.5,-34.26605
3243799843.75,-34.26398
3243800000.0,-34.26865
3243800156.25,-34.26638
3243800312.5,-34.26257
3243800468.75,-34.27298
3243800625.0,-34.28159
3243800781.25,-34.28274
3243800937.5,-34.27457
3243801093.75,-34.27164
3243801250.0,-34.27534
3243801406.25,-34.27879
3243801562.5,-34.28439
3243801718.75,-34.28675
3243801875.0,-34.27724
3243802031.25,-34.29126
3243802187.5,-34.28484
3243802343.75,-34.28463
3243802500.0,-34.28984
3243802656.25,-34.28712
3243802812.5,-34.28937
3243802968.75,-34.29571
3243803125.0,-34.28703
3243803281.25,-34.28534
3243803437.5,-34.28975
3243803593.75,-34.30488
3243803750.0,-34.2948
3243803906.25,-34.29708
3243804062.5,-34.29936
3243804218.75,-34.30169
3243804375.0,-34.31536
3243804531.25,-34.30928
3243804687.5,-34.29814
3243804843.75,-34.31076
3243805000.0,-34.31263
3243805156.25,-34.30513
3243805312.5,-34.3088
3243805468.75,-34.31139
3243805625.0,-34.31934
3243805781.25,-34.31647
3243805937.5,-34.31194
3243806093.75,-34.31024
3243806250.0,-34.31468
3243806406.25,-34.31643
3243806562.5,-34.32139
3243806718.75,-34.31556
3243806875.0,-34.31742
3243807031.25,-34.32965
3243807187.5,-34.31927
3243807343.75,-34.32335
3243807500.0,-34.31656
3243807656.25,-34.32471
3243807812.5,-34.32989
3243807968.75,-34.32493
3243808125.0,-34.32648
3243808281.25,-34.33378
3243808437.5,-34.32677
3243808593.75,-34.33393
3243808750.0,-34.33477
3243808906.25,-34.32981
3243809062.5,-34.34106
3243809218.75,-34.33235
3243809375.0,-34.33467
3243809531.25,-34.34208
3243809687.5,-34.34321
3243809843.75,-34.34432
3243810000.0,-34.34332
3243810156.25,-34.34687
3243810312.5,-34.33847
3243810468.75,-34.34749
3243810625.0,-34.35275
3243810781.25,-34.35723
3243810937.5,-34.35609
3243811093.75,-34.35541
3243811250.0,-34.35852
3243811406.25,-34.35964
3243811562.5,-34.34571
3243811718.75,-34.3727
3243811875.0,-34.35888
3243812031.25,-34.3586
3243812187.5,-34.35407
3243812343.75,-34.36189
3243812500.0,-34.36364
3243812656.25,-34.36433
3243812812.5,-34.36821
3243812968.75,-34.37283
3243813125.0,-34.3718
3243813281.25,-34.36579
3243813437.5,-34.37503
3243813593.75,-34.36106
3243813750.0,-34.36438
3243813906.25,-34.36956
3243814062.5,-34.36766
3243814218.75,-34.37775
3243814375.0,-34.37125
3243814531.25,-34.38588
3243814687.5,-34.38218
3243814843.75,-34.38129
3243815000.0,-34.38216
3243815156.25,-34.37275
3243815312.5,-34.38157
3243815468.75,-34.39267
3243815625.0,-34.38432
3243815781.25,-34.38794
3243815937.5,-34.37621
3243816093.75,-34.39551
3243816250.0,-34.39256
3243816406.25,-34.39883
3243816562.5,-34.39175
3243816718.75,-34.38982
3243816875.0,-34.40492
3243817031.25,-34.39938
3243817187.5,-34.40541
3243817343.75,-34.3974
3243817500.0,-34.39814
3243817656.25,-34.4066
3243817812.5,-34.4086
3243817968.75,-34.40361
3243818125.0,-34.4143
3243818281.25,-34.41306
3243818437.5,-34.40548
3243818593.75,-34.40884
3243818750.0,-34.40818
3243818906.25,-34.41297
3243819062.5,-34.4145
3243819218.75,-34.41367
3243819375.0,-34.40942
3243819531.25,-34.42477
3243819687.5,-34.41148
3243819843.75,-34.42084
3243820000.0,-34.422
3243820156.25,-34.4178
3243820312.5,-34.4296
3243820468.75,-34.42277
3243820625.0,-34.42583
3243820781.25,-34.4276
3243820937.5,-34.42287
3243821093.75,-34.4223
3243821250.0,-34.4247
3243821406.25,-34.43443
3243821562.5,-34.42229
3243821718.75,-34.42915
3243821875.0,-34.43233
3243822031.25,-34.43129
3243822187.5,-34.43403
3243822343.75,-34.43543
3243822500.0,-34.43839
3243822656.25,-34.43652
3243822812.5,-34.43966
3243822968.75,-34.44347
3243823125.0,-34.44431
3243823281.25,-34.44842
3243823437.5,-34.44573
3243823593.75,-34.44361
3243823750.0,-34.45544
3243823906.25,-34.44478
3243824062.5,-34.44637
3243824218.75,-34.45037
3243824375.0,-34.44573
3243824531.25,-34.4477
3243824687.5,-34.45111
3243824843.75,-34.4467
3243825000.0,-34.44995
3243825156.25,-34.44474
3243825312.5,-34.4548
3243825468.75,-34.4639
3243825625.0,-34.4572
3243825781.25,-34.46844
3243825937.5,-34.46661
3243826093.75,-34.46149
3243826250.0,-34.47154
3243826406.25,-34.47236
3243826562.5,-34.45924
3243826718.75,-34.46252
3243826875.0,-34.4671
3243827031.25,-34.46541
3243827187.5,-34.4761
3243827343.75,-34.47438
3243827500.0,-34.4753
3243827656.25,-34.47063
3243827812.5,-34.47728
3243827968.75,-34.47942
3243828125.0,-34.47417
3243828281.25,-34.48233
3243828437.5,-34.48584
3243828593.75,-34.48306
3243828750.0,-34.48581
3243828906.25,-34.47968
3243829062.5,-34.48203
3243829218.75,-34.49794
3243829375.0,-34.49072
3243829531.25,-34.49389
3243829687.5,-34.49142
3243829843.75,-34.48907
3243830000.0,-34.50267
3243830156.25,-34.49027
3243830312.5,-34.49494
3243830468.75,-34.49825
3243830625.0,-34.49888
3243830781.25,-34.49787
3243830937.5,-34.49752
3243831093.75,-34.50111
3243831250.0,-34.51126
3243831406.25,-34.48864
3243831562.5,-34.5093
3243831718.75,-34.4995
3243831875.0,-34.50802
3243832031.25,-34.50332
3243832187.5,-34.50578
3243832343.75,-34.51178
3243832500.0,-34.51349
3243832656.25,-34.50497
3243832812.5,-34.51363
3243832968.75,-34.51443
3243833125.0,-34.50711
3243833281.25,-34.51767
3243833437.5,-34.52072
3243833593.75,-34.51545
3243833750.0,-34.53195
3243833906.25,-34.51783
3243834062.5,-34.51675
3243834218.75,-34.52075
3243834375.0,-34.52958
3243834531.25,-34.52966
3243834687.5,-34.52199
3243834843.75,-34.53254
3243835000.0,-34.53559
3243835156.25,-34.52641
3243835312.5,-34.53749
3243835468.75,-34.54416
3243835625.0,-34.53714
3243835781.25,-34.53492
3243835937.5,-34.54783
3243836093.75,-34.53435
3243836250.0,-34.54404
3243836406.25,-34.53994
3243836562.5,-34.54248
3243836718.75,-34.54702
3243836875.0,-34.54494
3243837031.25,-34.54407
3243837187.5,-34.54263
3243837343.75,-34.547
3243837500.0,-34.53814
3243837656.25,-34.54712
3243837812.5,-34.55178
3243837968.75,-34.55546
3243838125.0,-34.55015
3243838281.25,-34.55551
3243838437.5,-34.55
3243838593.75,-34.55553
3243838750.0,-34.56261
3243838906.25,-34.55804
3243839062.5,-34.55857
3243839218.75,-34.56848
3243839375.0,-34.56334
3243839531.25,-34.56278
3243839687.5,-34.56767
3243839843.75,-34.56636
3243840000.0,-34.56468
3243840156.25,-34.56319
3243840312.5,-34.56792
3243840468.75,-34.57406
3243840625.0,-34.56922
3243840781.25,-34.56996
3243840937.5,-34.57497
3243841093.75,-34.58126
3243841250.0,-34.58501
3243841406.25,-34.57657
3243841562.5,-34.58289
3243841718.75,-34.57217
3243841875.0,-34.58181
3243842031.25,-34.57991
3243842187.5,-34.58242
3243842343.75,-34.58098
3243842500.0,-34.58312
3243842656.25,-34.59136
3243842812.5,-34.58663
3243842968.75,-34.58993
3243843125.0,-34.58902
3243843281.25,-34.57606
3243843437.5,-34.59502
3243843593.75,-34.59257
3243843750.0,-34.5916
3243843906.25,-34.58943
3243844062.5,-34.58891
3243844218.75,-34.60291
3243844375.0,-34.6007
3243844531.25,-34.59775
3243844687.5,-34.59365
3243844843.75,-34.60229
3243845000.0,-34.59781
3243845156.25,-34.60271
3243845312.5,-34.61082
3243845468.75,-34.6072
3243845625.0,-34.60238
3243845781.25,-34.60855
3243845937.5,-34.60585
3243846093.75,-34.61715
3243846250.0,-34.60695
3243846406.25,-34.60757
3243846562.5,-34.61459
3243846718.75,-34.61494
3243846875.0,-34.61443
3243847031.25,-34.6172
3243847187.5,-34.61775
3243847343.75,-34.62166
3243847500.0,-34.62327
3243847656.25,-34.62753
3243847812.5,-34.61259
3243847968.75,-34.61116
3243848125.0,-34.62879
3243848281.25,-34.62403
3243848437.5,-34.6311
3243848593.75,-34.63307
3243848750.0,-34.63031
3243848906.25,-34.63121
3243849062.5,-34.62766
3243849218.75,-34.63091
3243849375.0,-34.62804
3243849531.25,-34.63894
3243849687.5,-34.62812
3243849843.75,-34.63571
3243850000.0,-34.63933
3243850156.25,-34.64455
3243850312.5,-34.63675
3243850468.75,-34.65356
3243850625.0,-34.64204
3243850781.25,-34.64394
3243850937.5,-34.6502
3243851093.75,-34.65281
3243851250.0,-34.63988
3243851406.25,-34.64631
3243851562.5,-34.64475
3243851718.75,-34.64608
3243851875.0,-34.64513
3243852031.25,-34.65327
3243852187.5,-34.65098
3243852343.75,-34.65977
3243852500.0,-34.65813
3243852656.25,-34.67014
3243852812.5,-34.65534
3243852968.75,-34.66221
3243853125.0,-34.6608
3243853281.25,-34.66506
3243853437.5,-34.66486
3243853593.75,-34.6624
3243853750.0,-34.65827
3243853906.25,-34.67252
3243854062.5,-34.67312
3243854218.75,-34.66606
3243854375.0,-34.66559
3243854531.25,-34.67281
3243854687.5,-34.67018
3243854843.75,-34.67533
3243855000.0,-34.66584
3243855156.25,-34.67187
3243855312.5,-34.67817
3243855468.75,-34.67031
3243855625.0,-34.68701
3243855781.25,-34.68239
3243855937.5,-34.67996
3243856093.75,-34.67929
3243856250.0,-34.67041
3243856406.25,-34.67408
3243856562.5,-34.68146
3243856718.75,-34.67893
3243856875.0,-34.69758
3243857031.25,-34.68558
3243857187.5,-34.69284
3243857343.75,-34.69049
3243857500.0,-34.70604
3243857656.25,-34.69542
3243857812.5,-34.6925
3243857968.75,-34.69414
3243858125.0,-34.69518
3243858281.25,-34.70527
3243858437.5,-34.70353
3243858593.75,-34.69506
3243858750.0,-34.70646
3243858906.25,-34.70657
3243859062.5,-34.69722
3243859218.75,-34.70636
3243859375.0,-34.70702
3243859531.25,-34.70154
3243859687.5,-34.70281
3243859843.75,-34.70538
3243860000.0,-34.70412
3243860156.25,-34.70957
3243860312.5,-34.71043
3243860468.75,-34.71749
3243860625.0,-34.70015
3243860781.25,-34.71898
3243860937.5,-34.72726
3243861093.75,-34.7187
3243861250.0,-34.72377
3243861406.25,-34.71356
3243861562.5,-34.72948
3243861718.75,-34.73082
3243861875.0,-34.72159
3243862031.25,-34.72179
3243862187.5,-34.72884
3243862343.75,-34.72819
3243862500.0,-34.72335
3243862656.25,-34.73225
3243862812.5,-34.71893
3243862968.75,-34.73466
3243863125.0,-34.72369
3243863281.25,-34.74012
3243863437.5,-34.7419
3243863593.75,-34.74256
3243863750.0,-34.73017
3243863906.25,-34.73339
3243864062.5,-34.73329
3243864218.75,-34.74666
3243864375.0,-34.74116
3243864531.25,-34.74184
3243864687.5,-34.73823
3243864843.75,-34.74522
3243865000.0,-34.74118
3243865156.25,-34.75296
3243865312.5,-34.74803
3243865468.75,-34.7507
3243865625.0,-34.7485
3243865781.25,-34.75399
3243865937.5,-34.75896
3243866093.75,-34.75944
3243866250.0,-34.76247
3243866406.25,-34.75836
3243866562.5,-34.76162
3243866718.75,-34.75827
3243866875.0,-34.75788
3243867031.25,-34.76877
3243867187.5,-34.75526
3243867343.75,-34.76685
3243867500.0,-34.75229
3243867656.25,-34.76637
3243867812.5,-34.77177
3243867968.75,-34.75841
3243868125.0,-34.76915
3243868281.25,-34.77168
3243868437.5,-34.76421
3243868593.75,-34.77145
3243868750.0,-34.77129
3243868906.25,-34.76961
3243869062.5,-34.77292
3243869218.75,-34.78273
3243869375.0,-34.77785
3243869531.25,-34.78134
3243869687.5,-34.78113
3243869843.75,-34.78933
3243870000.0,-34.77581
3243870156.25,-34.78449
3243870312.5,-34.77651
3243870468.75,-34.78582
3243870625.0,-34.79938
3243870781.25,-34.78834
3243870937.5,-34.79327
3243871093.75,-34.79027
3243871250.0,-34.79457
3243871406.25,-34.79068
3243871562.5,-34.7794
3243871718.75,-34.78991
3243871875.0,-34.79455
3243872031.25,-34.79329
3243872187.5,-34.801
3243872343.75,-34.79794
3243872500.0,-34.80671
3243872656.25,-34.80067
3243872812.5,-34.79456
3243872968.75,-34.79318
3243873125.0,-34.81223
3243873281.25,-34.81144
3243873437.5,-34.81609
3243873593.75,-34.81136
3243873750.0,-34.80515
3243873906.25,-34.81898
3243874062.5,-34.81228
3243874218.75,-34.813
3243874375.0,-34.81203
3243874531.25,-34.81058
3243874687.5,-34.80891
3243874843.75,-34.82301
3243875000.0,-34.8137
3243875156.25,-34.82178
3243875312.5,-34.82347
3243875468.75,-34.8198
3243875625.0,-34.8195
3243875781.25,-34.82183
3243875937.5,-34.82142
3243876093.75,-34.83791
3243876250.0,-34.83576
3243876406.25,-34.82367
3243876562.5,-34.82317
3243876718.75,-34.84022
3243876875.0,-34.82638
3243877031.25,-34.83289
3243877187.5,-34.83367
3243877343.75,-34.84703
3243877500.0,-34.83445
3243877656.25,-34.83096
3243877812.5,-34.83574
3243877968.75,-34.83252
3243878125.0,-34.84111
3243878281.25,-34.841
3243878437.5,-34.8463
3243878593.75,-34.84835
3243878750.0,-34.84469
3243878906.25,-34.85114
3243879062.5,-34.85743
3243879218.75,-34.84985
3243879375.0,-34.84717
3243879531.25,-34.84244
3243879687.5,-34.85228
3243879843.75,-34.86329
3243880000.0,-34.85468
3243880156.25,-34.85582
3243880312.5,-34.85034
3243880468.75,-34.85608
3243880625.0,-34.86161
3243880781.25,-34.87069
3243880937.5,-34.87327
3243881093.75,-34.85141
3243881250.0,-34.85859
3243881406.25,-34.8586
3243881562.5,-34.86943
3243881718.75,-34.85661
3243881875.0,-34.86544
3243882031.25,-34.86474
3243882187.5,-34.86202
3243882343.75,-34.86812
3243882500.0,-34.87023
3243882656.25,-34.87517
3243882812.5,-34.86744
3243882968.75,-34.87257
3243883125.0,-34.87237
3243883281.25,-34.88057
3243883437.5,-34.87426
3243883593.75,-34.87951
3243883750.0,-34.88446
3243883906.25,-34.87902
3243884062.5,-34.87946
3243884218.75,-34.88213
3243884375.0,-34.88855
3243884531.25,-34.89499
3243884687.5,-34.88863
3243884843.75,-34.88942
3243885000.0,-34.87704
3243885156.25,-34.89761
3243885312.5,-34.89672
3243885468.75,-34.89764
3243885625.0,-34.88906
3243885781.25,-34.87658
3243885937.5,-34.8943
3243886093.75,-34.89632
3243886250.0,-34.89281
3243886406.25,-34.88871
3243886562.5,-34.89828
3243886718.75,-34.9024
3243886875.0,-34.9017
3243887031.25,-34.90669
3243887187.5,-34.90828
3243887343.75,-34.90557
3243887500.0,-34.90566
3243887656.25,-34.90399
3243887812.5,-34.89798
3243887968.75,-34.90693
3243888125.0,-34.91197
3243888281.25,-34.90937
3243888437.5,-34.91158
3243888593.75,-34.91959
3243888750.0,-34.91944
3243888906.25,-34.91293
3243889062.5,-34.91592
3243889218.75,-34.9149
3243889375.0,-34.91207
3243889531.25,-34.92009
3243889687.5,-34.91328
3243889843.75,-34.92435
3243890000.0,-34.91615
3243890156.25,-34.93295
3243890312.5,-34.93133
3243890468.75,-34.93026
3243890625.0,-34.92573
3243890781.25,-34.92274
3243890937.5,-34.93163
3243891093.75,-34.93738
3243891250.0,-34.93453
3243891406.25,-34.93755
3243891562.5,-34.93385
3243891718.75,-34.9292
3243891875.0,-34.93898
3243892031.25,-34.93245
3243892187.5,-34.93797
3243892343.75,-34.94806
3243892500.0,-34.93592
3243892656.25,-34.93996
3243892812.5,-34.94236
3243892968.75,-34.944
3243893125.0,-34.95215
3243893281.25,-34.95002
3243893437.5,-34.94735
3243893593.75,-34.95399
3243893750.0,-34.95531
3243893906.25,-34.94464
3243894062.5,-34.94281
3243894218.75,-34.94247
3243894375.0,-34.95428
3243894531.25,-34.94576
3243894687.5,-34.95053
3243894843.75,-34.96223
3243895000.0,-34.96505
3243895156.25,-34.9613
3243895312.5,-34.96305
3243895468.75,-34.96478
3243895625.0,-34.96238
3243895781.25,-34.9665
3243895937.5,-34.96374
3243896093.75,-34.9762
3243896250.0,-34.96128
3243896406.25,-34.96321
3243896562.5,-34.96748
3243896718.75,-34.95839
3243896875.0,-34.96622
3243897031.25,-34.97493
3243897187.5,-34.96897
3243897343.75,-34.97878
3243897500.0,-34.98124
3243897656.25,-34.97827
3243897812.5,-34.97576
3243897968.75,-34.97396
3243898125.0,-34.97495
3243898281.25,-34.97337
3243898437.5,-34.97597
3243898593.75,-34.99615
3243898750.0,-34.9864
3243898906.25,-34.98468
3243899062.5,-34.99009
3243899218.75,-34.99652
3243899375.0,-34.98514
3243899531.25,-34.99707
3243899687.5,-34.98595
3243899843.75,-34.99722
3243900000.0,-34.98384
3243900156.25,-34.99384
3243900312.5,-34.99594
3243900468.75,-34.98838
3243900625.0,-34.99547
3243900781.25,-34.99854
3243900937.5,-35.00138
3243901093.75,-35.00282
3243901250.0,-35.00367
3243901406.25,-34.99382
3243901562.5,-35.00838
3243901718.75,-35.0145
3243901875.0,-35.01019
3243902031.25,-35.01775
3243902187.5,-35.00827
3243902343.75,-35.00723
3243902500.0,-35.01553
3243902656.25,-35.01402
3243902812.5,-35.01209
3243902968.75,-35.0198
3243903125.0,-35.0119
3243903281.25,-35.02649
3243903437.5,-35.01983
3243903593.75,-35.01891
3243903750.0,-35.01751
3243903906.25,-35.01394
3243904062.5,-35.02637
3243904218.75,-35.02198
3243904375.0,-35.02193
3243904531.25,-35.01418
3243904687.5,-35.02872
3243904843.75,-35.02075
3243905000.0,-35.02849
3243905156.25,-35.02336
3243905312.5,-35.03139
3243905468.75,-35.02822
3243905625.0,-35.03559
3243905781.25,-35.03287
3243905937.5,-35.04088
3243906093.75,-35.03757
3243906250.0,-35.03959
3243906406.25,-35.03822
3243906562.5,-35.03747
3243906718.75,-35.03753
3243906875.0,-35.03717
3243907031.25,-35.03343
3243907187.5,-35.04506
3243907343.75,-35.04473
3243907500.0,-35.04305
3243907656.25,-35.03995
3243907812.5,-35.04694
3243907968.75,-35.04799
3243908125.0,-35.05461
3243908281.25,-35.05372
3243908437.5,-35.05178
3243908593.75,-35.04794
3243908750.0,-35.05653
3243908906.25,-35.05217
3243909062.5,-35.05462
3243909218.75,-35.06113
3243909375.0,-35.05373
3243909531.25,-35.06495
3243909687.5,-35.05997
3243909843.75,-35.05439
3243910000.0,-35.0605
3243910156.25,-35.06107
3243910312.5,-35.05938
3243910468.75,-35.06933
3243910625.0,-35.07694
3243910781.25,-35.07235
3243910937.5,-35.0765
3243911093.75,-35.07276
3243911250.0,-35.06671
3243911406.25,-35.07592
3243911562.5,-35.08229
3243911718.75,-35.07384
3243911875.0,-35.06418
3243912031.25,-35.0829
3243912187.5,-35.08222
3243912343.75,-35.07211
3243912500.0,-35.08212
3243912656.25,-35.07501
3243912812.5,-35.07411
3243912968.75,-35.08693
3243913125.0,-35.07693
3243913281.25,-35.09421
3243913437.5,-35.08562
3243913593.75,-35.08992
3243913750.0,-35.0841
3243913906.25,-35.09454
3243914062.5,-35.08262
3243914218.75,-35.09461
3243914375.0,-35.09689
3243914531.25,-35.10271
3243914687.5,-35.07691
3243914843.75,-35.10049
3243915000.0,-35.09483
3243915156.25,-35.09417
3243915312.5,-35.09207
3243915468.75,-35.1054
3243915625.0,-35.10453
3243915781.25,-35.09592
3243915937.5,-35.09569
3243916093.75,-35.09527
3243916250.0,-35.10482
3243916406.25,-35.11013
3243916562.5,-35.10977
3243916718.75,-35.10651
3243916875.0,-35.1158
3243917031.25,-35.11231
3243917187.5,-35.10614
3243917343.75,-35.11096
3243917500.0,-35.10714
3243917656.25,-35.10933
3243917812.5,-35.10905
3243917968.75,-35.119
3243918125.0,-35.11945
3243918281.25,-35.11246
3243918437.5,-35.12004
3243918593.75,-35.12119
3243918750.0,-35.1267
3243918906.25,-35.13009
3243919062.5,-35.12024
3243919218.75,-35.13211
3243919375.0,-35.13698
3243919531.25,-35.11794
3243919687.5,-35.13052
3243919843.75,-35.12639
3243920000.0,-35.14072
3243920156.25,-35.13007
3243920312.5,-35.13767
3243920468.75,-35.13997
3243920625.0,-35.13121
3243920781.25,-35.13329
3243920937.5,-35.13289
3243921093.75,-35.14266
3243921250.0,-35.14011
3243921406.25,-35.13866
3243921562.5,-35.13445
3243921718.75,-35.14265
3243921875.0,-35.15024
3243922031.25,-35.1434
3243922187.5,-35.14336
3243922343.75,-35.14268
3243922500.0,-35.14004
3243922656.25,-35.14639
3243922812.5,-35.14943
3243922968.75,-35.15289
3243923125.0,-35.15049
3243923281.25,-35.1657
3243923437.5,-35.15664
3243923593.75,-35.1601
3243923750.0,-35.15927
3243923906.25,-35.15485
3243924062.5,-35.1543
3243924218.75,-35.15902
3243924375.0,-35.16269
3243924531.25,-35.16409
3243924687.5,-35.17081
3243924843.75,-35.16261
3243925000.0,-35.16977
3243925156.25,-35.17142
3243925312.5,-35.16969
3243925468.75,-35.16739
3243925625.0,-35.16684
3243925781.25,-35.1591
3243925937.5,-35.16872
3243926093.75,-35.16925
3243926250.0,-35.17374
3243926406.25,-35.1764
3243926562.5,-35.16664
3243926718.75,-35.18612
3243926875.0,-35.1804
3243927031.25,-35.18741
3243927187.5,-35.18619
3243927343.75,-35.19151
3243927500.0,-35.18137
3243927656.25,-35.17527
3243927812.5,-35.18973
3243927968.75,-35.18234
3243928125.0,-35.17897
3243928281.25,-35.18631
3243928437.5,-35.19484
3243928593.75,-35.18507
3243928750.0,-35.17971
3243928906.25,-35.1876
3243929062.5,-35.18843
3243929218.75,-35.19363
3243929375.0,-35.19794
3243929531.25,-35.19994
3243929687.5,-35.19309
3243929843.75,-35.20205
3243930000.0,-35.20654
3243930156.25,-35.19994
3243930312.5,-35.20013
3243930468.75,-35.21189
3243930625.0,-35.20626
3243930781.25,-35.21339
3243930937.5,-35.20248
3243931093.75,-35.21642
3243931250.0,-35.20696
3243931406.25,-35.20471
3243931562.5,-35.2141
3243931718.75,-35.2059
3243931875.0,-35.20736
3243932031.25,-35.20824
3243932187.5,-35.21293
3243932343.75,-35.21429
3243932500.0,-35.20477
3243932656.25,-35.22585
3243932812.5,-35.22368
3243932968.75,-35.22282
3243933125.0,-35.21991
3243933281.25,-35.22862
3243933437.5,-35.22254
3243933593.75,-35.22386
3243933750.0,-35.22724
3243933906.25,-35.22522
3243934062.5,-35.23178
3243934218.75,-35.23478
3243934375.0,-35.22008
3243934531.25,-35.22179
3243934687.5,-35.22775
3243934843.75,-35.23759
3243935000.0,-35.23066
3243935156.25,-35.23378
3243935312.5,-35.2333
3243935468.75,-35.24226
3243935625.0,-35.23696
3243935781.25,-35.24075
3243935937.5,-35.23577
3243936093.75,-35.23745
3243936250.0,-35.24821
3243936406.25,-35.23391
3243936562.5,-35.2396
3243936718.75,-35.23875
3243936875.0,-35.25572
3243937031.25,-35.2541
3243937187.5,-35.25172
3243937343.75,-35.24089
3243937500.0,-35.24449
3243937656.25,-35.24611
3243937812.5,-35.25533
3243937968.75,-35.25194
3243938125.0,-35.24943
3243938281.25,-35.26731
3243938437.5,-35.26109
3243938593.75,-35.26049
3243938750.0,-35.26094
3243938906.25,-35.26106
3243939062.5,-35.26546
3243939218.75,-35.26017
3243939375.0,-35.2652
3243939531.25,-35.26796
3243939687.5,-35.27363
3243939843.75,-35.25881
3243940000.0,-35.26881
3243940156.25,-35.2602
3243940312.5,-35.26809
3243940468.75,-35.27192
3243940625.0,-35.27163
3243940781.25,-35.27246
3243940937.5,-35.26973
3243941093.75,-35.27299
3243941250.0,-35.2693
3243941406.25,-35.28032
3243941562.5,-35.27454
3243941718.75,-35.27123
3243941875.0,-35.26766
3243942031.25,-35.2843
3243942187.5,-35.27964
3243942343.75,-35.29548
3243942500.0,-35.28333
3243942656.25,-35.28977
3243942812.5,-35.29085
3243942968.75,-35.28012
3243943125.0,-35.29132
3243943281.25,-35.29258
3243943437.5,-35.29189
3243943593.75,-35.28415
3243943750.0,-35.29881
3243943906.25,-35.2896
3243944062.5,-35.30271
3243944218.75,-35.2989
3243944375.0,-35.29503
3243944531.25,-35.2923
3243944687.5,-35.29417
3243944843.75,-35.2958
3243945000.0,-35.29474
3243945156.25,-35.299
3243945312.5,-35.29567
3243945468.75,-35.30709
3243945625.0,-35.30677
3243945781.25,-35.30024
3243945937.5,-35.31256
3243946093.75,-35.31434
3243946250.0,-35.31443
3243946406.25,-35.29128
3243946562.5,-35.31975
3243946718.75,-35.31796
3243946875.0,-35.31192
3243947031.25,-35.32487
3243947187.5,-35.31756
3243947343.75,-35.32029
3243947500.0,-35.30981
3243947656.25,-35.31166
3243947812.5,-35.32178
3243947968.75,-35.32295
3243948125.0,-35.31591
3243948281.25,-35.3114
3243948437.5,-35.32281
3243948593.75,-35.31518
3243948750.0,-35.32897
3243948906.25,-35.32738
3243949062.5,-35.33736
3243949218.75,-35.32495
3243949375.0,-35.33137
3243949531.25,-35.32949
3243949687.5,-35.33005
3243949843.75,-35.33393
3243950000.0,-35.33347
3243950156.25,-35.33707
3243950312.5,-35.33368
3243950468.75,-35.33572
3243950625.0,-35.35404
3243950781.25,-35.34259
3243950937.5,-35.33104
3243951093.75,-35.34428
3243951250.0,-35.33615
3243951406.25,-35.34947
3243951562.5,-35.34263
3243951718.75,-35.34664
3243951875.0,-35.35084
3243952031.25,-35.34425
3243952187.5,-35.33936
3243952343.75,-35.34717
3243952500.0,-35.35114
3243952656.25,-35.35191
3243952812.5,-35.35233
3243952968.75,-35.35635
3243953125.0,-35.35161
3243953281.25,-35.34954
3243953437.5,-35.35412
3243953593.75,-35.36053
3243953750.0,-35.35637
3243953906.25,-35.36802
3243954062.5,-35.36661
3243954218.75,-35.36124
3243954375.0,-35.3648
3243954531.25,-35.36597
3243954687.5,-35.37183
3243954843.75,-35.36764
3243955000.0,-35.36151
3243955156.25,-35.36468
3243955312.5,-35.36745
3243955468.75,-35.34987
3243955625.0,-35.36859
3243955781.25,-35.37622
3243955937.5,-35.37703
3243956093.75,-35.36923
3243956250.0,-35.36727
3243956406.25,-35.37775
3243956562.5,-35.37368
3243956718.75,-35.37116
3243956875.0,-35.38073
3243957031.25,-35.36974
3243957187.5,-35.38957
3243957343.75,-35.39054
3243957500.0,-35.38229
3243957656.25,-35.39353
3243957812.5,-35.38764
3243957968.75,-35.38633
3243958125.0,-35.37959
3243958281.25,-35.38818
3243958437.5,-35.39172
3243958593.75,-35.38296
3243958750.0,-35.39012
3243958906.25,-35.39257
3243959062.5,-35.38914
3243959218.75,-35.38714
3243959375.0,-35.39356
3243959531.25,-35.404
3243959687.5,-35.40104
3243959843.75,-35.40057
3243960000.0,-35.39991
3243960156.25,-35.40053
3243960312.5,-35.40417
3243960468.75,-35.3992
3243960625.0,-35.40974
3243960781.25,-35.41134
3243960937.5,-35.41247
3243961093.75,-35.41408
3243961250.0,-35.41085
3243961406.25,-35.40841
3243961562.5,-35.40206
3243961718.75,-35.40921
3243961875.0,-35.41045
3243962031.25,-35.41381
3243962187.5,-35.41501
3243962343.75,-35.41594
3243962500.0,-35.41325
3243962656.25,-35.41139
3243962812.5,-35.4151
3243962968.75,-35.4228
3243963125.0,-35.41446
3243963281.25,-35.4308
3243963437.5,-35.42307
3243963593.75,-35.41488
3243963750.0,-35.43992
3243963906.25,-35.42146
3243964062.5,-35.42036
3243964218.75,-35.42988
3243964375.0,-35.42952
3243964531.25,-35.4303
3243964687.5,-35.43227
3243964843.75,-35.42575
3243965000.0,-35.43207
3243965156.25,-35.43135
3243965312.5,-35.43888
3243965468.75,-35.43296
3243965625.0,-35.42916
3243965781.25,-35.44506
3243965937.5,-35.44583
3243966093.75,-35.45266
3243966250.0,-35.43607
3243966406.25,-35.45251
3243966562.5,-35.44119
3243966718.75,-35.45254
3243966875.0,-35.4394
3243967031.25,-35.44725
3243967187.5,-35.44755
3243967343.75,-35.44223
3243967500.0,-35.45729
3243967656.25,-35.44724
3243967812.5,-35.45613
3243967968.75,-35.45165
3243968125.0,-35.45534
3243968281.25,-35.45232
3243968437.5,-35.46735
3243968593.75,-35.46635
3243968750.0,-35.46675
3243968906.25,-35.47191
3243969062.5,-35.46043
3243969218.75,-35.46145
3243969375.0,-35.46056
3243969531.25,-35.46737
3243969687.5,-35.46144
3243969843.75,-35.4674
3243970000.0,-35.45993
3243970156.25,-35.47415
3243970312.5,-35.45812
3243970468.75,-35.47048
3243970625.0,-35.4703
3243970781.25,-35.46854
3243970937.5,-35.46838
3243971093.75,-35.47108
3243971250.0,-35.47474
3243971406.25,-35.47123
3243971562.5,-35.48309
3243971718.75,-35.46992
3243971875.0,-35.47091
3243972031.25,-35.47905
3243972187.5,-35.48997
3243972343.75,-35.487
3243972500.0,-35.48946
3243972656.25,-35.48147
3243972812.5,-35.49073
3243972968.75,-35.48053
3243973125.0,-35.48356
3243973281.25,-35.48998
3243973437.5,-35.48173
3243973593.75,-35.49223
3243973750.0,-35.48695
3243973906.25,-35.49049
3243974062.5,-35.49527
3243974218.75,-35.4968
3243974375.0,-35.48849
3243974531.25,-35.4896
3243974687.5,-35.48433
3243974843.75,-35.4991
3243975000.0,-35.49858
3243975156.25,-35.49886
3243975312.5,-35.5105
3243975468.75,-35.50847
3243975625.0,-35.49873
3243975781.25,-35.51057
3243975937.5,-35.49428
3243976093.75,-35.50759
3243976250.0,-35.51218
3243976406.25,-35.5074
3243976562.5,-35.51468
3243976718.75,-35.51542
3243976875.0,-35.51542
3243977031.25,-35.517
3243977187.5,-35.52674
3243977343.75,-35.50888
3243977500.0,-35.51046
3243977656.25,-35.52144
3243977812.5,-35.51692
3243977968.75,-35.52276
3243978125.0,-35.51554
3243978281.25,-35.51571
3243978437.5,-35.52419
3243978593.75,-35.52932
3243978750.0,-35.51831
3243978906.25,-35.52553
3243979062.5,-35.53675
3243979218.75,-35.52097
3243979375.0,-35.52547
3243979531.25,-35.52725
3243979687.5,-35.53421
3243979843.75,-35.53347
3243980000.0,-35.52647
3243980156.25,-35.53219
3243980312.5,-35.53923
3243980468.75,-35.53039
3243980625.0,-35.53907
3243980781.25,-35.54029
3243980937.5,-35.54137
3243981093.75,-35.54424
3243981250.0,-35.54162
3243981406.25,-35.53746
3243981562.5,-35.54246
3243981718.75,-35.5374
3243981875.0,-35.54869
3243982031.25,-35.5485
3243982187.5,-35.54951
3243982343.75,-35.53889
3243982500.0,-35.54367
3243982656.25,-35.54145
3243982812.5,-35.54427
3243982968.75,-35.5502
3243983125.0,-35.55062
3243983281.25,-35.55783
3243983437.5,-35.55845
3243983593.75,-35.56554
3243983750.0,-35.5633
3243983906.25,-35.55037
3243984062.5,-35.55774
3243984218.75,-35.55677
3243984375.0,-35.56667
3243984531.25,-35.56153
3243984687.5,-35.57081
3243984843.75,-35.56908
3243985000.0,-35.57357
3243985156.25,-35.57051
3243985312.5,-35.56567
3243985468.75,-35.57036
3243985625.0,-35.57363
3243985781.25,-35.56651
3243985937.5,-35.5774
3243986093.75,-35.56883
3243986250.0,-35.56997
3243986406.25,-35.56993
3243986562.5,-35.56886
3243986718.75,-35.57331
3243986875.0,-35.57967
3243987031.25,-35.5768
3243987187.5,-35.57727
3243987343.75,-35.57498
3243987500.0,-35.57839
3243987656.25,-35.58351
3243987812.5,-35.58272
3243987968.75,-35.58693
3243988125.0,-35.57771
3243988281.25,-35.59216
3243988437.5,-35.58708
3243988593.75,-35.58146
3243988750.0,-35.58598
3243988906.25,-35.58313
3243989062.5,-35.59339
3243989218.75,-35.59492
3243989375.0,-35.58871
3243989531.25,-35.5918
3243989687.5,-35.59565
3243989843.75,-35.59417
3243990000.0,-35.58849
3243990156.25,-35.59583
3243990312.5,-35.59949
3243990468.75,-35.60558
3243990625.0,-35.60036
3243990781.25,-35.59424
3243990937.5,-35.59724
3243991093.75,-35.59534
3243991250.0,-35.60114
3243991406.25,-35.60455
3243991562.5,-35.61416
3243991718.75,-35.60124
3243991875.0,-35.60686
3243992031.25,-35.61293
3243992187.5,-35.6189
3243992343.75,-35.61799
3243992500.0,-35.6193
3243992656.25,-35.61265
3243992812.5,-35.62815
3243992968.75,-35.60638
3243993125.0,-35.61703
3243993281.25,-35.61214
3243993437.5,-35.61839
3243993593.75,-35.62361
3243993750.0,-35.61892
3243993906.25,-35.63059
3243994062.5,-35.63077
3243994218.75,-35.62075
3243994375.0,-35.62516
3243994531.25,-35.6348
3243994687.5,-35.62931
3243994843.75,-35.63503
3243995000.0,-35.62243
3243995156.25,-35.63869
3243995312.5,-35.62492
3243995468.75,-35.63468
3243995625.0,-35.63645
3243995781.25,-35.64761
3243995937.5,-35.63526
3243996093.75,-35.63638
3243996250.0,-35.6446
3243996406.25,-35.63742
3243996562.5,-35.64431
3243996718.75,-35.63832
3243996875.0,-35.6369
3243997031.25,-35.64706
3243997187.5,-35.64847
3243997343.75,-35.65256
3243997500.0,-35.63739
3243997656.25,-35.64823
3243997812.5,-35.64707
3243997968.75,-35.64992
3243998125.0,-35.65357
3243998281.25,-35.64469
3243998437.5,-35.63832
3243998593.75,-35.64971
3243998750.0,-35.65463
3243998906.25,-35.66323
3243999062.5,-35.65948
3243999218.75,-35.66439
3243999375.0,-35.64754
3243999531.25,-35.65673
3243999687.5,-35.6565
3243999843.75,-35.64947
3244000000.0,-35.65836
3244000156.25,-35.66201
3244000312.5,-35.66684
3244000468.75,-35.67219
3244000625.0,-35.67157
3244000781.25,-35.67004
3244000937.5,-35.66648
3244001093.75,-35.65987
3244001250.0,-35.66084
3244001406.25,-35.6695
3244001562.5,-35.67042
3244001718.75,-35.6715
3244001875.0,-35.67416
3244002031.25,-35.66048
3244002187.5,-35.68104
3244002343.75,-35.67367
3244002500.0,-35.67792
3244002656.25,-35.68224
3244002812.5,-35.69073
3244002968.75,-35.68381
3244003125.0,-35.69122
3244003281.25,-35.68943
3244003437.5,-35.67339
3244003593.75,-35.67652
3244003750.0,-35.68171
3244003906.25,-35.68222
3244004062.5,-35.68251
3244004218.75,-35.68084
3244004375.0,-35.67969
3244004531.25,-35.69461
3244004687.5,-35.68918
3244004843.75,-35.69429
3244005000.0,-35.69427
3244005156.25,-35.69627
3244005312.5,-35.70709
3244005468.75,-35.69609
3244005625.0,-35.68779
3244005781.25,-35.69921
3244005937.5,-35.70456
3244006093.75,-35.69319
3244006250.0,-35.70488
3244006406.25,-35.70967
3244006562.5,-35.70884
3244006718.75,-35.704
3244006875.0,-35.70476
3244007031.25,-35.70524
3244007187.5,-35.70885
3244007343.75,-35.71028
3244007500.0,-35.71395
3244007656.25,-35.71446
3244007812.5,-35.71376
3244007968.75,-35.71125
3244008125.0,-35.70896
3244008281.25,-35.71286
3244008437.5,-35.71893
3244008593.75,-35.70944
3244008750.0,-35.72786
3244008906.25,-35.7226
3244009062.5,-35.71882
3244009218.75,-35.72625
3244009375.0,-35.73162
3244009531.25,-35.71814
3244009687.5,-35.7228
3244009843.75,-35.7267
3244010000.0,-35.72325
3244010156.25,-35.72535
3244010312.5,-35.7351
3244010468.75,-35.73857
3244010625.0,-35.73097
3244010781.25,-35.72726
3244010937.5,-35.73726
3244011093.75,-35.73458
3244011250.0,-35.7308
3244011406.25,-35.72877
3244011562.5,-35.73328
3244011718.75,-35.73684
3244011875.0,-35.7256
3244012031.25,-35.73051
3244012187.5,-35.74387
3244012343.75,-35.73805
3244012500.0,-35.74607
3244012656.25,-35.736
3244012812.5,-35.73285
3244012968.75,-35.73751
3244013125.0,-35.75122
3244013281.25,-35.73613
3244013437.5,-35.73951
3244013593.75,-35.74332
3244013750.0,-35.74458
3244013906.25,-35.74549
3244014062.5,-35.75024
3244014218.75,-35.76082
3244014375.0,-35.75924
3244014531.25,-35.75174
3244014687.5,-35.76142
3244014843.75,-35.75339
3244015000.0,-35.76183
3244015156.25,-35.75651
3244015312.5,-35.77126
3244015468.75,-35.76443
3244015625.0,-35.76599
3244015781.25,-35.76205
3244015937.5,-35.78253
3244016093.75,-35.77159
3244016250.0,-35.76632
3244016406.25,-35.76135
3244016562.5,-35.77483
3244016718.75,-35.77418
3244016875.0,-35.76259
3244017031.25,-35.76767
3244017187.5,-35.77035
3244017343.75,-35.75995
3244017500.0,-35.77424
3244017656.25,-35.78658
3244017812.5,-35.7726
3244017968.75,-35.77303
3244018125.0,-35.7825
3244018281.25,-35.78275
3244018437.5,-35.78498
3244018593.75,-35.78505
3244018750.0,-35.78277
3244018906.25,-35.78455
3244019062.5,-35.78133
3244019218.75,-35.78166
3244019375.0,-35.77831
3244019531.25,-35.7883
3244019687.5,-35.79564
3244019843.75,-35.77774
3244020000.0,-35.80172
3244020156.25,-35.7943
3244020312.5,-35.8064
3244020468.75,-35.78799
3244020625.0,-35.79546
3244020781.25,-35.80202
3244020937.5,-35.80085
3244021093.75,-35.79378
3244021250.0,-35.80434
3244021406.25,-35.79964
3244021562.5,-35.7927
3244021718.75,-35.79889
3244021875.0,-35.79959
3244022031.25,-35.79821
3244022187.5,-35.79669
3244022343.75,-35.80339
3244022500.0,-35.79599
3244022656.25,-35.8135
3244022812.5,-35.81024
3244022968.75,-35.80988
3244023125.0,-35.80197
3244023281.25,-35.80423
3244023437.5,-35.82081
3244023593.75,-35.81153
3244023750.0,-35.82656
3244023906.25,-35.81438
3244024062.5,-35.81126
3244024218.75,-35.81742
3244024375.0,-35.81182
3244024531.25,-35.81536
3244024687.5,-35.82935
3244024843.75,-35.82663
3244025000.0,-35.81258
3244025156.25,-35.82419
3244025312.5,-35.82454
3244025468.75,-35.82027
3244025625.0,-35.83089
3244025781.25,-35.82372
3244025937.5,-35.8168
3244026093.75,-35.82034
3244026250.0,-35.82888
3244026406.25,-35.82343
3244026562.5,-35.81789
3244026718.75,-35.83465
3244026875.0,-35.83772
3244027031.25,-35.82773
3244027187.5,-35.83546
3244027343.75,-35.82846
3244027500.0,-35.83497
3244027656.25,-35.84085
3244027812.5,-35.84005
3244027968.75,-35.83851
3244028125.0,-35.84827
3244028281.25,-35.83817
3244028437.5,-35.83411
3244028593.75,-35.84783
3244028750.0,-35.84515
3244028906.25,-35.84613
3244029062.5,-35.83774
3244029218.75,-35.83994
3244029375.0,-35.85813
3244029531.25,-35.8505
3244029687.5,-35.8514
3244029843.75,-35.85326
3244030000.0,-35.84554
3244030156.25,-35.85844
3244030312.5,-35.86121
3244030468.75,-35.85418
3244030625.0,-35.85515
3244030781.25,-35.85339
3244030937.5,-35.86268
3244031093.75,-35.86411
3244031250.0,-35.87339
3244031406.25,-35.86632
3244031562.5,-35.85651
3244031718.75,-35.86238
3244031875.0,-35.87273
3244032031.25,-35.86364
3244032187.5,-35.87991
3244032343.75,-35.8656
3244032500.0,-35.87618
3244032656.25,-35.85826
3244032812.5,-35.87601
3244032968.75,-35.87697
3244033125.0,-35.86406
3244033281.25,-35.88247
3244033437.5,-35.8764
3244033593.75,-35.88252
3244033750.0,-35.86308
3244033906.25,-35.87481
3244034062.5,-35.8764
3244034218.75,-35.88064
3244034375.0,-35.87107
3244034531.25,-35.8888
3244034687.5,-35.88603
3244034843.75,-35.88071
3244035000.0,-35.89473
3244035156.25,-35.89316
3244035312.5,-35.88223
3244035468.75,-35.88681
3244035625.0,-35.89072
3244035781.25,-35.88594
3244035937.5,-35.88483
3244036093.75,-35.9017
3244036250.0,-35.89201
3244036406.25,-35.89084
3244036562.5,-35.88852
3244036718.75,-35.89351
3244036875.0,-35.90302
3244037031.25,-35.89626
3244037187.5,-35.9041
3244037343.75,-35.89661
3244037500.0,-35.91615
3244037656.25,-35.89437
3244037812.5,-35.90224
3244037968.75,-35.90932
3244038125.0,-35.90236
3244038281.25,-35.90297
3244038437.5,-35.91711
3244038593.75,-35.90017
3244038750.0,-35.90805
3244038906.25,-35.91785
3244039062.5,-35.90888
3244039218.75,-35.91611
3244039375.0,-35.91529
3244039531.25,-35.90806
3244039687.5,-35.90623
3244039843.75,-35.91525
3244040000.0,-35.91673
3244040156.25,-35.91795
3244040312.5,-35.91436
3244040468.75,-35.92103
3244040625.0,-35.92024
3244040781.25,-35.92264
3244040937.5,-35.91943
3244041093.75,-35.92325
3244041250.0,-35.91928
3244041406.25,-35.92703
3244041562.5,-35.92789
3244041718.75,-35.92747
3244041875.0,-35.92648
3244042031.25,-35.93367
3244042187.5,-35.9347
3244042343.75,-35.92757
3244042500.0,-35.9284
3244042656.25,-35.94033
3244042812.5,-35.93901
3244042968.75,-35.94016
3244043125.0,-35.92855
3244043281.25,-35.93888
3244043437.5,-35.93218
3244043593.75,-35.94424
3244043750.0,-35.93753
3244043906.25,-35.94458
3244044062.5,-35.93526
3244044218.75,-35.93839
3244044375.0,-35.94341
3244044531.25,-35.9486
3244044687.5,-35.94308
3244044843.75,-35.94647
3244045000.0,-35.9457
3244045156.25,-35.94083
3244045312.5,-35.95673
3244045468.75,-35.95575
3244045625.0,-35.95034
3244045781.25,-35.95424
3244045937.5,-35.94757
3244046093.75,-35.9661
3244046250.0,-35.94361
3244046406.25,-35.95049
3244046562.5,-35.95031
3244046718.75,-35.95984
3244046875.0,-35.95967
3244047031.25,-35.95453
3244047187.5,-35.94826
3244047343.75,-35.96409
3244047500.0,-35.96441
3244047656.25,-35.96482
3244047812.5,-35.96923
3244047968.75,-35.97059
3244048125.0,-35.96832
3244048281.25,-35.97593
3244048437.5,-35.9661
3244048593.75,-35.9691
3244048750.0,-35.97413
3244048906.25,-35.97578
3244049062.5,-35.978
3244049218.75,-35.97039
3244049375.0,-35.9799
3244049531.25,-35.97363
3244049687.5,-35.97631
3244049843.75,-35.97554
3244050000.0,-35.9732
3244050156.25,-35.99011
3244050312.5,-35.97456
3244050468.75,-35.98281
3244050625.0,-35.98379
3244050781.25,-35.98931
3244050937.5,-35.98557
3244051093.75,-35.98285
3244051250.0,-35.98576
3244051406.25,-35.99644
3244051562.5,-35.99596
3244051718.75,-35.99043
3244051875.0,-35.98796
3244052031.25,-35.99906
3244052187.5,-35.99794
3244052343.75,-35.99795
3244052500.0,-35.98817
3244052656.25,-35.99073
3244052812.5,-35.98805
3244052968.75,-36.00239
3244053125.0,-36.00505
3244053281.25,-35.98837
3244053437.5,-36.0027
3244053593.75,-36.00375
3244053750.0,-36.00257
3244053906.25,-36.00298
3244054062.5,-36.00309
3244054218.75,-36.00106
3244054375.0,-36.00176
3244054531.25,-36.0065
3244054687.5,-36.00343
3244054843.75,-35.99276
3244055000.0,-36.00662
3244055156.25,-36.00877
3244055312.5,-36.01441
3244055468.75,-36.01785
3244055625.0,-36.01768
3244055781.25,-36.01551
3244055937.5,-36.02509
3244056093.75,-36.01918
3244056250.0,-36.01424
3244056406.25,-36.01773
3244056562.5,-36.02757
3244056718.75,-36.01675
3244056875.0,-36.01668
3244057031.25,-36.01665
3244057187.5,-36.03058
3244057343.75,-36.02
3244057500.0,-36.02863
3244057656.25,-36.02708
3244057812.5,-36.02847
3244057968.75,-36.03703
3244058125.0,-36.03022
3244058281.25,-36.0242
3244058437.5,-36.02591
3244058593.75,-36.03172
3244058750.0,-36.02666
3244058906.25,-36.03588
3244059062.5,-36.0386
3244059218.75,-36.03778
3244059375.0,-36.03032
3244059531.25,-36.04289
3244059687.5,-36.04679
3244059843.75,-36.03312
3244060000.0,-36.03562
3244060156.25,-36.05041
3244060312.5,-36.03601
3244060468.75,-36.04129
3244060625.0,-36.04021
3244060781.25,-36.04212
3244060937.5,-36.04106
3244061093.75,-36.05543
3244061250.0,-36.05584
3244061406.25,-36.05157
3244061562.5,-36.05263
3244061718.75,-36.05274
3244061875.0,-36.04877
3244062031.25,-36.06235
3244062187.5,-36.06524
3244062343.75,-36.04507
3244062500.0,-36.05631
3244062656.25,-36.05384
3244062812.5,-36.05422
3244062968.75,-36.05798
3244063125.0,-36.05726
3244063281.25,-36.06698
3244063437.5,-36.06486
3244063593.75,-36.05575
3244063750.0,-36.06207
3244063906.25,-36.06107
3244064062.5,-36.06666
3244064218.75,-36.06623
3244064375.0,-36.06823
3244064531.25,-36.06296
3244064687.5,-36.07263
3244064843.75,-36.06711
3244065000.0,-36.07354
3244065156.25,-36.08037
3244065312.5,-36.07319
3244065468.75,-36.07909
3244065625.0,-36.08624
3244065781.25,-36.07751
3244065937.5,-36.08265
3244066093.75,-36.07362
3244066250.0,-36.08324
3244066406.25,-36.09266
3244066562.5,-36.09875
3244066718.75,-36.08435
3244066875.0,-36.08691
3244067031.25,-36.07919
3244067187.5,-36.08297
3244067343.75,-36.08444
3244067500.0,-36.07951
3244067656.25,-36.08861
3244067812.5,-36.09078
3244067968.75,-36.10076
3244068125.0,-36.09423
3244068281.25,-36.0934
3244068437.5,-36.08499
3244068593.75,-36.10529
3244068750.0,-36.09234
3244068906.25,-36.09354
3244069062.5,-36.10129
3244069218.75,-36.09776
3244069375.0,-36.0906
3244069531.25,-36.10183
3244069687.5,-36.10538
3244069843.75,-36.09656
3244070000.0,-36.10343
3244070156.25,-36.0935
3244070312.5,-36.1068
3244070468.75,-36.10374
3244070625.0,-36.10857
3244070781.25,-36.10906
3244070937.5,-36.10659
3244071093.75,-36.09994
3244071250.0,-36.11255
3244071406.25,-36.1055
3244071562.5,-36.11585
3244071718.75,-36.12192
3244071875.0,-36.12696
3244072031.25,-36.11335
3244072187.5,-36.11423
3244072343.75,-36.11305
3244072500.0,-36.13024
3244072656.25,-36.1119
3244072812.5,-36.11619
3244072968.75,-36.11931
3244073125.0,-36.11903
3244073281.25,-36.12445
3244073437.5,-36.11885
3244073593.75,-36.1235
3244073750.0,-36.13053
3244073906.25,-36.11539
3244074062.5,-36.11666
3244074218.75,-36.12209
3244074375.0,-36.12366
3244074531.25,-36.12709
3244074687.5,-36.13039
3244074843.75,-36.12797
3244075000.0,-36.14344
3244075156.25,-36.13736
3244075312.5,-36.13374
3244075468.75,-36.14223
3244075625.0,-36.13687
3244075781.25,-36.14115
3244075937.5,-36.13531
3244076093.75,-36.14576
3244076250.0,-36.12968
3244076406.25,-36.15058
3244076562.5,-36.13103
3244076718.75,-36.1442
3244076875.0,-36.13828
3244077031.25,-36.14546
3244077187.5,-36.14832
3244077343.75,-36.14982
3244077500.0,-36.15127
3244077656.25,-36.14326
3244077812.5,-36.14194
3244077968.75,-36.15003
3244078125.0,-36.15994
3244078281.25,-36.14918
3244078437.5,-36.15265
3244078593.75,-36.14315
3244078750.0,-36.15717
3244078906.25,-36.14433
3244079062.5,-36.15418
3244079218.75,-36.14968
3244079375.0,-36.16621
3244079531.25,-36.16108
3244079687.5,-36.16679
3244079843.75,-36.1671
3244080000.0,-36.15142
3244080156.25,-36.1617
3244080312.5,-36.16264
3244080468.75,-36.17259
3244080625.0,-36.15905
3244080781.25,-36.16784
3244080937.5,-36.16953
3244081093.75,-36.16878
3244081250.0,-36.17289
3244081406.25,-36.17052
3244081562.5,-36.18102
3244081718.75,-36.16618
3244081875.0,-36.18743
3244082031.25,-36.16254
3244082187.5,-36.17989
3244082343.75,-36.18208
3244082500.0,-36.17367
3244082656.25,-36.17794
3244082812.5,-36.18087
3244082968.75,-36.18604
3244083125.0,-36.17936
3244083281.25,-36.18579
3244083437.5,-36.18777
3244083593.75,-36.18601
3244083750.0,-36.17304
3244083906.25,-36.19193
3244084062.5,-36.19351
3244084218.75,-36.18367
3244084375.0,-36.19588
3244084531.25,-36.19088
3244084687.5,-36.19848
3244084843.75,-36.19228
3244085000.0,-36.19602
3244085156.25,-36.19764
3244085312.5,-36.18907
3244085468.75,-36.19063
3244085625.0,-36.19952
3244085781.25,-36.19381
3244085937.5,-36.18268
3244086093.75,-36.20247
3244086250.0,-36.19287
3244086406.25,-36.20291
3244086562.5,-36.1965
3244086718.75,-36.20792
3244086875.0,-36.20942
3244087031.25,-36.20389
3244087187.5,-36.20684
3244087343.75,-36.20715
3244087500.0,-36.20219
3244087656.25,-36.20824
3244087812.5,-36.21529
3244087968.75,-36.21064
3244088125.0,-36.2141
3244088281.25,-36.20608
3244088437.5,-36.21352
3244088593.75,-36.21504
3244088750.0,-36.22016
3244088906.25,-36.22408
3244089062.5,-36.2127
3244089218.75,-36.22192
3244089375.0,-36.22976
3244089531.25,-36.22517
3244089687.5,-36.21552
3244089843.75,-36.21297
3244090000.0,-36.22355
3244090156.25,-36.22478
3244090312.5,-36.2143
3244090468.75,-36.23244
3244090625.0,-36.22807
3244090781.25,-36.23077
3244090937.5,-36.2243
3244091093.75,-36.23214
3244091250.0,-36.23075
3244091406.25,-36.2339
3244091562.5,-36.21754
3244091718.75,-36.24025
3244091875.0,-36.24047
3244092031.25,-36.23236
3244092187.5,-36.23218
3244092343.75,-36.2434
3244092500.0,-36.24743
3244092656.25,-36.25484
3244092812.5,-36.25261
3244092968.75,-36.24179
3244093125.0,-36.24331
3244093281.25,-36.25404
3244093437.5,-36.24774
3244093593.75,-36.24112
3244093750.0,-36.23835
3244093906.25,-36.25532
3244094062.5,-36.2571
3244094218.75,-36.24974
3244094375.0,-36.24458
3244094531.25,-36.24926
3244094687.5,-36.25383
3244094843.75,-36.24668
3244095000.0,-36.25355
3244095156.25,-36.25256
3244095312.5,-36.2566
3244095468.75,-36.25666
3244095625.0,-36.25035
3244095781.25,-36.25706
3244095937.5,-36.25552
3244096093.75,-36.25382
3244096250.0,-36.2677
3244096406.25,-36.25759
3244096562.5,-36.272
3244096718.75,-36.26344
3244096875.0,-36.26513
3244097031.25,-36.27528
3244097187.5,-36.25962
3244097343.75,-36.2641
3244097500.0,-36.27497
3244097656.25,-36.26825
3244097812.5,-36.27862
3244097968.75,-36.26841
3244098125.0,-36.27186
3244098281.25,-36.27515
3244098437.5,-36.27515
3244098593.75,-36.26816
3244098750.0,-36.277
3244098906.25,-36.29132
3244099062.5,-36.27888
3244099218.75,-36.28299
3244099375.0,-36.28462
3244099531.25,-36.27591
3244099687.5,-36.28103
3244099843.75,-36.28909
3244100000.0,-36.29012
3244100156.25,-36.29705
3244100312.5,-36.28651
3244100468.75,-36.29558
3244100625.0,-36.29364
3244100781.25,-36.28912
3244100937.5,-36.2914
3244101093.75,-36.27303
3244101250.0,-36.2858
3244101406.25,-36.29668
3244101562.5,-36.29485
3244101718.75,-36.29282
3244101875.0,-36.29613
3244102031.25,-36.30509
3244102187.5,-36.29848
3244102343.75,-36.29786
3244102500.0,-36.31084
3244102656.25,-36.29932
3244102812.5,-36.29974
3244102968.75,-36.29382
3244103125.0,-36.29388
3244103281.25,-36.2977
3244103437.5,-36.30795
3244103593.75,-36.31354
3244103750.0,-36.3013
3244103906.25,-36.31154
3244104062.5,-36.32251
3244104218.75,-36.30671
3244104375.0,-36.30769
3244104531.25,-36.31239
3244104687.5,-36.31036
3244104843.75,-36.31234
3244105000.0,-36.30879
3244105156.25,-36.32322
3244105312.5,-36.31623
3244105468.75,-36.32003
3244105625.0,-36.31895
3244105781.25,-36.32192
3244105937.5,-36.3186
3244106093.75,-36.3229
3244106250.0,-36.32475
3244106406.25,-36.31661
3244106562.5,-36.32435
3244106718.75,-36.32211
3244106875.0,-36.32818
3244107031.25,-36.32496
3244107187.5,-36.33028
3244107343.75,-36.32376
3244107500.0,-36.33435
3244107656.25,-36.32857
3244107812.5,-36.33486
3244107968.75,-36.31664
3244108125.0,-36.32831
3244108281.25,-36.33129
3244108437.5,-36.33553
3244108593.75,-36.33712
3244108750.0,-36.33436
3244108906.25,-36.33307
3244109062.5,-36.33648
3244109218.75,-36.3411
3244109375.0,-36.34515
3244109531.25,-36.3412
3244109687.5,-36.3485
3244109843.75,-36.34037
3244110000.0,-36.34999
3244110156.25,-36.34089
3244110312.5,-36.34485
3244110468.75,-36.34721
3244110625.0,-36.36443
3244110781.25,-36.35592
3244110937.5,-36.35402
3244111093.75,-36.33673
3244111250.0,-36.34967
3244111406.25,-36.35265
3244111562.5,-36.35395
3244111718.75,-36.3568
3244111875.0,-36.36435
3244112031.25,-36.36256
3244112187.5,-36.36178
3244112343.75,-36.35175
3244112500.0,-36.36239
3244112656.25,-36.36427
3244112812.5,-36.36298
3244112968.75,-36.35614
3244113125.0,-36.35463
3244113281.25,-36.35757
3244113437.5,-36.36314
3244113593.75,-36.36378
3244113750.0,-36.37158
3244113906.25,-36.36175
3244114062.5,-36.35943
3244114218.75,-36.3657
3244114375.0,-36.37037
3244114531.25,-36.35858
3244114687.5,-36.37855
3244114843.75,-36.37037
3244115000.0,-36.37595
3244115156.25,-36.37492
3244115312.5,-36.37262
3244115468.75,-36.38158
3244115625.0,-36.37914
3244115781.25,-36.37571
3244115937.5,-36.37693
3244116093.75,-36.37429
3244116250.0,-36.38183
3244116406.25,-36.38971
3244116562.5,-36.38866
3244116718.75,-36.38114
3244116875.0,-36.39082
3244117031.25,-36.37366
3244117187.5,-36.38383
3244117343.75,-36.38472
3244117500.0,-36.38712
3244117656.25,-36.39382
3244117812.5,-36.39698
3244117968.75,-36.3928
3244118125.0,-36.39029
3244118281.25,-36.3891
3244118437.5,-36.40506
3244118593.75,-36.39354
3244118750.0,-36.40322
3244118906.25,-36.40666
3244119062.5,-36.39798
3244119218.75,-36.38667
3244119375.0,-36.40549
3244119531.25,-36.40044
3244119687.5,-36.38991
3244119843.75,-36.39564
3244120000.0,-36.39533
3244120156.25,-36.40198
3244120312.5,-36.40694
3244120468.75,-36.40784
3244120625.0,-36.40037
3244120781.25,-36.40308
3244120937.5,-36.4152
3244121093.75,-36.41246
3244121250.0,-36.41196
3244121406.25,-36.41007
3244121562.5,-36.40412
3244121718.75,-36.41286
3244121875.0,-36.41343
3244122031.25,-36.41102
3244122187.5,-36.41439
3244122343.75,-36.41757
3244122500.0,-36.42079
3244122656.25,-36.41782
3244122812.5,-36.41157
3244122968.75,-36.42192
3244123125.0,-36.4296
3244123281.25,-36.42223
3244123437.5,-36.42125
3244123593.75,-36.42075
3244123750.0,-36.42308
3244123906.25,-36.42796
3244124062.5,-36.43352
3244124218.75,-36.43202
3244124375.0,-36.43188
3244124531.25,-36.43264
3244124687.5,-36.43559
3244124843.75,-36.43386
3244125000.0,-36.42687
3244125156.25,-36.44119
3244125312.5,-36.44161
3244125468.75,-36.44426
3244125625.0,-36.43859
3244125781.25,-36.43414
3244125937.5,-36.43697
3244126093.75,-36.44033
3244126250.0,-36.44103
3244126406.25,-36.43801
3244126562.5,-36.44194
3244126718.75,-36.44286
3244126875.0,-36.44302
3244127031.25,-36.45311
3244127187.5,-36.43967
3244127343.75,-36.45596
3244127500.0,-36.44517
3244127656.25,-36.44711
3244127812.5,-36.45259
3244127968.75,-36.45575
3244128125.0,-36.45079
3244128281.25,-36.45792
3244128437.5,-36.44265
3244128593.75,-36.45497
3244128750.0,-36.45643
3244128906.25,-36.46061
3244129062.5,-36.46177
3244129218.75,-36.45957
3244129375.0,-36.45345
3244129531.25,-36.45887
3244129687.5,-36.46025
3244129843.75,-36.4561
3244130000.0,-36.45565
3244130156.25,-36.459
3244130312.5,-36.47081
3244130468.75,-36.46014
3244130625.0,-36.48244
3244130781.25,-36.46623
3244130937.5,-36.4697
3244131093.75,-36.45877
3244131250.0,-36.46628
3244131406.25,-36.46563
3244131562.5,-36.47214
3244131718.75,-36.46453
3244131875.0,-36.47675
3244132031.25,-36.49552
3244132187.5,-36.46488
3244132343.75,-36.47795
3244132500.0,-36.47799
3244132656.25,-36.4801
3244132812.5,-36.48501
3244132968.75,-36.47791
3244133125.0,-36.47868
3244133281.25,-36.48995
3244133437.5,-36.48618
3244133593.75,-36.47949
3244133750.0,-36.48359
3244133906.25,-36.49283
3244134062.5,-36.49329
3244134218.75,-36.48167
3244134375.0,-36.48377
3244134531.25,-36.47721
3244134687.5,-36.49818
3244134843.75,-36.48805
3244135000.0,-36.49126
3244135156.25,-36.49165
3244135312.5,-36.50046
3244135468.75,-36.48915
3244135625.0,-36.50132
3244135781.25,-36.49991
3244135937.5,-36.49406
3244136093.75,-36.49571
3244136250.0,-36.50657
3244136406.25,-36.50171
3244136562.5,-36.51052
3244136718.75,-36.51764
3244136875.0,-36.50297
3244137031.25,-36.50479
3244137187.5,-36.51579
3244137343.75,-36.50892
3244137500.0,-36.5064
3244137656.25,-36.50515
3244137812.5,-36.49849
3244137968.75,-36.51049
3244138125.0,-36.50363
3244138281.25,-36.51365
3244138437.5,-36.5001
3244138593.75,-36.52141
3244138750.0,-36.52882
3244138906.25,-36.50902
3244139062.5,-36.50627
3244139218.75,-36.526
3244139375.0,-36.51916
3244139531.25,-36.52892
3244139687.5,-36.51736
3244139843.75,-36.52702
3244140000.0,-36.52077
3244140156.25,-36.51812
3244140312.5,-36.52403
3244140468.75,-36.52912
3244140625.0,-36.52862
3244140781.25,-36.52361
3244140937.5,-36.51913
3244141093.75,-36.54349
3244141250.0,-36.52059
3244141406.25,-36.5373
3244141562.5,-36.53627
3244141718.75,-36.52855
3244141875.0,-36.53954
3244142031.25,-36.52841
3244142187.5,-36.52519
3244142343.75,-36.5405
3244142500.0,-36.53501
3244142656.25,-36.54659
3244142812.5,-36.53617
3244142968.75,-36.54551
3244143125.0,-36.54277
3244143281.25,-36.53892
3244143437.5,-36.54059
3244143593.75,-36.54471
3244143750.0,-36.55558
3244143906.25,-36.54964
3244144062.5,-36.55163
3244144218.75,-36.54708
3244144375.0,-36.54079
3244144531.25,-36.54078
3244144687.5,-36.55053
3244144843.75,-36.55575
3244145000.0,-36.5504
3244145156.25,-36.54877
3244145312.5,-36.56087
3244145468.75,-36.56472
3244145625.0,-36.56327
3244145781.25,-36.549
3244145937.5,-36.54932
3244146093.75,-36.56368
3244146250.0,-36.55711
3244146406.25,-36.56286
3244146562.5,-36.55116
3244146718.75,-36.56634
3244146875.0,-36.56864
3244147031.25,-36.55872
3244147187.5,-36.55988
3244147343.75,-36.55811
3244147500.0,-36.56104
3244147656.25,-36.56833
3244147812.5,-36.57888
3244147968.75,-36.55425
3244148125.0,-36.56374
3244148281.25,-36.56932
3244148437.5,-36.5723
3244148593.75,-36.57041
3244148750.0,-36.58017
3244148906.25,-36.57496
3244149062.5,-36.57536
3244149218.75,-36.57529
3244149375.0,-36.57639
3244149531.25,-36.57827
3244149687.5,-36.57675
3244149843.75,-36.57764
3244150000.0,-36.58015
3244150156.25,-36.58432
3244150312.5,-36.5665
3244150468.75,-36.58426
3244150625.0,-36.57058
3244150781.25,-36.58191
3244150937.5,-36.58859
3244151093.75,-36.59317
3244151250.0,-36.59297
3244151406.25,-36.57713
3244151562.5,-36.58356
3244151718.75,-36.58981
3244151875.0,-36.59366
3244152031.25,-36.5987
3244152187.5,-36.58968
3244152343.75,-36.59495
3244152500.0,-36.60367
3244152656.25,-36.59536
3244152812.5,-36.60622
3244152968.75,-36.59995
3244153125.0,-36.59241
3244153281.25,-36.59645
3244153437.5,-36.58428
3244153593.75,-36.59465
3244153750.0,-36.5952
3244153906.25,-36.59614
3244154062.5,-36.59497
3244154218.75,-36.59925
3244154375.0,-36.59649
3244154531.25,-36.60339
3244154687.5,-36.6067
3244154843.75,-36.60008
3244155000.0,-36.61491
3244155156.25,-36.606
3244155312.5,-36.60998
3244155468.75,-36.61915
3244155625.0,-36.61762
3244155781.25,-36.61861
3244155937.5,-36.60907
3244156093.75,-36.62193
3244156250.0,-36.61259
3244156406.25,-36.6166
3244156562.5,-36.61122
3244156718.75,-36.6273
3244156875.0,-36.61858
3244157031.25,-36.63117
3244157187.5,-36.62947
3244157343.75,-36.62469
3244157500.0,-36.61874
3244157656.25,-36.62843
3244157812.5,-36.61098
3244157968.75,-36.64434
3244158125.0,-36.62946
3244158281.25,-36.62483
3244158437.5,-36.6216
3244158593.75,-36.63452
3244158750.0,-36.63955
3244158906.25,-36.62434
3244159062.5,-36.62352
3244159218.75,-36.63235
3244159375.0,-36.63165
3244159531.25,-36.63457
3244159687.5,-36.63207
3244159843.75,-36.63506
3244160000.0,-36.63379
3244160156.25,-36.64449
3244160312.5,-36.64922
3244160468.75,-36.6442
3244160625.0,-36.63512
3244160781.25,-36.62844
3244160937.5,-36.64434
3244161093.75,-36.63625
3244161250.0,-36.65039
3244161406.25,-36.63654
3244161562.5,-36.646
3244161718.75,-36.65236
3244161875.0,-36.63933
3244162031.25,-36.65376
3244162187.5,-36.66477
3244162343.75,-36.64376
3244162500.0,-36.64538
3244162656.25,-36.65842
3244162812.5,-36.65249
3244162968.75,-36.64775
3244163125.0,-36.66101
3244163281.25,-36.64965
3244163437.5,-36.66031
3244163593.75,-36.65531
3244163750.0,-36.65759
3244163906.25,-36.66359
3244164062.5,-36.65779
3244164218.75,-36.65628
3244164375.0,-36.65324
3244164531.25,-36.6703
3244164687.5,-36.66394
3244164843.75,-36.65475
3244165000.0,-36.66162
3244165156.25,-36.65889
3244165312.5,-36.67054
3244165468.75,-36.66269
3244165625.0,-36.67721
3244165781.25,-36.66993
3244165937.5,-36.66813
3244166093.75,-36.67544
3244166250.0,-36.68137
3244166406.25,-36.66875
3244166562.5,-36.68209
3244166718.75,-36.6686
3244166875.0,-36.67145
3244167031.25,-36.67598
3244167187.5,-36.68481
3244167343.75,-36.67541
3244167500.0,-36.67288
3244167656.25,-36.68055
3244167812.5,-36.68122
3244167968.75,-36.694
3244168125.0,-36.68877
3244168281.25,-36.68416
3244168437.5,-36.68758
3244168593.75,-36.68956
3244168750.0,-36.69086
3244168906.25,-36.68169
3244169062.5,-36.69031
3244169218.75,-36.69488
3244169375.0,-36.68716
3244169531.25,-36.70074
3244169687.5,-36.70272
3244169843.75,-36.68556
3244170000.0,-36.69534
3244170156.25,-36.69352
3244170312.5,-36.69796
3244170468.75,-36.6955
3244170625.0,-36.7017
3244170781.25,-36.69839
3244170937.5,-36.69183
3244171093.75,-36.69609
3244171250.0,-36.69557
3244171406.25,-36.70438
3244171562.5,-36.70726
3244171718.75,-36.69994
3244171875.0,-36.71513
3244172031.25,-36.70118
3244172187.5,-36.70876
3244172343.75,-36.6991
3244172500.0,-36.70274
3244172656.25,-36.71252
3244172812.5,-36.70674
3244172968.75,-36.71952
3244173125.0,-36.71114
3244173281.25,-36.7112
3244173437.5,-36.72053
3244173593.75,-36.71494
3244173750.0,-36.72731
3244173906.25,-36.72466
3244174062.5,-36.72444
3244174218.75,-36.71052
3244174375.0,-36.7183
3244174531.25,-36.73738
3244174687.5,-36.71738
3244174843.75,-36.72597
3244175000.0,-36.72302
3244175156.25,-36.71326
3244175312.5,-36.73077
3244175468.75,-36.71395
3244175625.0,-36.73019
3244175781.25,-36.72879
3244175937.5,-36.73489
3244176093.75,-36.72842
3244176250.0,-36.72317
3244176406.25,-36.72764
3244176562.5,-36.72087
3244176718.75,-36.72732
3244176875.0,-36.73385
3244177031.25,-36.73709
3244177187.5,-36.74376
3244177343.75,-36.73228
3244177500.0,-36.74507
3244177656.25,-36.73448
3244177812.5,-36.74232
3244177968.75,-36.73137
3244178125.0,-36.73778
3244178281.25,-36.75378
3244178437.5,-36.74497
3244178593.75,-36.7502
3244178750.0,-36.7352
3244178906.25,-36.74881
3244179062.5,-36.74178
3244179218.75,-36.73912
3244179375.0,-36.74637
3244179531.25,-36.74684
3244179687.5,-36.75175
3244179843.75,-36.75252
3244180000.0,-36.73981
3244180156.25,-36.7422
3244180312.5,-36.75491
3244180468.75,-36.76086
3244180625.0,-36.74833
3244180781.25,-36.75632
3244180937.5,-36.75639
3244181093.75,-36.75441
3244181250.0,-36.75183
3244181406.25,-36.75017
3244181562.5,-36.75852
3244181718.75,-36.77057
3244181875.0,-36.76669
3244182031.25,-36.76255
3244182187.5,-36.76453
3244182343.75,-36.76294
3244182500.0,-36.77485
3244182656.25,-36.77058
3244182812.5,-36.76989
3244182968.75,-36.77249
3244183125.0,-36.76121
3244183281.25,-36.77055
3244183437.5,-36.7858
3244183593.75,-36.77372
3244183750.0,-36.77439
3244183906.25,-36.7872
3244184062.5,-36.77081
3244184218.75,-36.76644
3244184375.0,-36.78489
3244184531.25,-36.77945
3244184687.5,-36.76436
3244184843.75,-36.78545
3244185000.0,-36.77026
3244185156.25,-36.77644
3244185312.5,-36.78391
3244185468.75,-36.78838
3244185625.0,-36.79541
3244185781.25,-36.77927
3244185937.5,-36.77246
3244186093.75,-36.78777
3244186250.0,-36.78431
3244186406.25,-36.7915
3244186562.5,-36.78591
3244186718.75,-36.79717
3244186875.0,-36.78521
3244187031.25,-36.78593
3244187187.5,-36.80349
3244187343.75,-36.79099
3244187500.0,-36.80176
3244187656.25,-36.79838
3244187812.5,-36.8014
3244187968.75,-36.791
3244188125.0,-36.79288
3244188281.25,-36.79026
3244188437.5,-36.80954
3244188593.75,-36.79614
3244188750.0,-36.81291
3244188906.25,-36.80102
3244189062.5,-36.8044
3244189218.75,-36.80449
3244189375.0,-36.813
3244189531.25,-36.81989
3244189687.5,-36.80296
3244189843.75,-36.8182
3244190000.0,-36.81913
3244190156.25,-36.80819
3244190312.5,-36.81269
3244190468.75,-36.81712
3244190625.0,-36.82434
3244190781.25,-36.81596
3244190937.5,-36.80777
3244191093.75,-36.8192
3244191250.0,-36.81718
3244191406.25,-36.80423
3244191562.5,-36.82376
3244191718.75,-36.8209
3244191875.0,-36.81746
3244192031.25,-36.81562
3244192187.5,-36.81646
3244192343.75,-36.80765
3244192500.0,-36.82372
3244192656.25,-36.82359
3244192812.5,-36.82243
3244192968.75,-36.82758
3244193125.0,-36.83479
3244193281.25,-36.82796
3244193437.5,-36.8301
3244193593.75,-36.82157
3244193750.0,-36.82864
3244193906.25,-36.83456
3244194062.5,-36.83578
3244194218.75,-36.82505
3244194375.0,-36.84146
3244194531.25,-36.84125
3244194687.5,-36.84044
3244194843.75,-36.8305
3244195000.0,-36.82725
3244195156.25,-36.83873
3244195312.5,-36.84538
3244195468.75,-36.83144
3244195625.0,-36.84473
3244195781.25,-36.83772
3244195937.5,-36.83079
3244196093.75,-36.83809
3244196250.0,-36.84952
3244196406.25,-36.84828
3244196562.5,-36.84836
3244196718.75,-36.85106
3244196875.0,-36.8513
3244197031.25,-36.84411
3244197187.5,-36.86023
3244197343.75,-36.84779
3244197500.0,-36.84827
3244197656.25,-36.86988
3244197812.5,-36.84255
3244197968.75,-36.85117
3244198125.0,-36.84911
3244198281.25,-36.85944
3244198437.5,-36.85726
3244198593.75,-36.85048
3244198750.0,-36.86342
3244198906.25,-36.85612
3244199062.5,-36.86327
3244199218.75,-36.86987
3244199375.0,-36.86823
3244199531.25,-36.86609
3244199687.5,-36.86026
3244199843.75,-36.86059
3244200000.0,-36.85963
3244200156.25,-36.86859
3244200312.5,-36.87523
3244200468.75,-36.87314
3244200625.0,-36.86515
3244200781.25,-36.85572
3244200937.5,-36.86617
3244201093.75,-36.87057
3244201250.0,-36.87658
3244201406.25,-36.8813
3244201562.5,-36.87326
3244201718.75,-36.85837
3244201875.0,-36.87018
3244202031.25,-36.86961
3244202187.5,-36.87738
3244202343.75,-36.88086
3244202500.0,-36.88507
3244202656.25,-36.89906
3244202812.5,-36.87355
3244202968.75,-36.88525
3244203125.0,-36.88596
3244203281.25,-36.88905
3244203437.5,-36.87873
3244203593.75,-36.88722
3244203750.0,-36.88858
3244203906.25,-36.88268
3244204062.5,-36.88385
3244204218.75,-36.89424
3244204375.0,-36.89547
3244204531.25,-36.88972
3244204687.5,-36.88267
3244204843.75,-36.88309
3244205000.0,-36.90031
3244205156.25,-36.88223
3244205312.5,-36.89542
3244205468.75,-36.90545
3244205625.0,-36.89878
3244205781.25,-36.88591
3244205937.5,-36.90473
3244206093.75,-36.89536
3244206250.0,-36.91269
3244206406.25,-36.90059
3244206562.5,-36.9059
3244206718.75,-36.91092
3244206875.0,-36.90398
3244207031.25,-36.90585
3244207187.5,-36.89999
3244207343.75,-36.89521
3244207500.0,-36.91536
3244207656.25,-36.9168
3244207812.5,-36.9092
3244207968.75,-36.90563
3244208125.0,-36.90929
3244208281.25,-36.90559
3244208437.5,-36.9055
3244208593.75,-36.91476
3244208750.0,-36.90158
3244208906.25,-36.91534
3244209062.5,-36.91084
3244209218.75,-36.92377
3244209375.0,-36.92591
3244209531.25,-36.90289
3244209687.5,-36.92682
3244209843.75,-36.91563
3244210000.0,-36.92933
3244210156.25,-36.92536
3244210312.5,-36.91669
3244210468.75,-36.9243
3244210625.0,-36.9263
3244210781.25,-36.93433
3244210937.5,-36.92511
3244211093.75,-36.92213
3244211250.0,-36.92539
3244211406.25,-36.93486
3244211562.5,-36.91576
3244211718.75,-36.93541
3244211875.0,-36.92143
3244212031.25,-36.93181
3244212187.5,-36.93041
3244212343.75,-36.92934
3244212500.0,-36.9246
3244212656.25,-36.92558
3244212812.5,-36.945
3244212968.75,-36.93912
3244213125.0,-36.94493
3244213281.25,-36.94566
3244213437.5,-36.94703
3244213593.75,-36.94723
3244213750.0,-36.94448
3244213906.25,-36.93628
3244214062.5,-36.95459
3244214218.75,-36.93731
3244214375.0,-36.95457
3244214531.25,-36.9393
3244214687.5,-36.94864
3244214843.75,-36.95401
3244215000.0,-36.95576
3244215156.25,-36.95523
3244215312.5,-36.96028
3244215468.75,-36.95906
3244215625.0,-36.95552
3244215781.25,-36.95316
3244215937.5,-36.95739
3244216093.75,-36.95077
3244216250.0,-36.95775
3244216406.25,-36.96342
3244216562.5,-36.96062
3244216718.75,-36.95737
3244216875.0,-36.96843
3244217031.25,-36.9657
3244217187.5,-36.9809
3244217343.75,-36.9596
3244217500.0,-36.96414
3244217656.25,-36.97046
3244217812.5,-36.96763
3244217968.75,-36.96689
3244218125.0,-36.95797
3244218281.25,-36.9738
3244218437.5,-36.97479
3244218593.75,-36.96328
3244218750.0,-36.96215
3244218906.25,-36.97522
3244219062.5,-36.97861
3244219218.75,-36.96602
3244219375.0,-36.98272
3244219531.25,-36.97586
3244219687.5,-36.97192
3244219843.75,-36.973
3244220000.0,-36.96827
3244220156.25,-36.98155
3244220312.5,-36.97875
3244220468.75,-36.98555
3244220625.0,-36.9734
3244220781.25,-36.98366
3244220937.5,-36.98079
3244221093.75,-36.98061
3244221250.0,-36.98963
3244221406.25,-36.99176
3244221562.5,-36.98522
3244221718.75,-36.97703
3244221875.0,-36.99206
3244222031.25,-36.97596
3244222187.5,-36.9872
3244222343.75,-36.99067
3244222500.0,-36.98541
3244222656.25,-36.99172
3244222812.5,-36.98601
3244222968.75,-36.99169
3244223125.0,-36.98814
3244223281.25,-36.99709
3244223437.5,-36.99267
3244223593.75,-36.99557
3244223750.0,-37.00156
3244223906.25,-37.00546
3244224062.5,-36.99846
3244224218.75,-37.00085
3244224375.0,-37.01336
3244224531.25,-37.00627
3244224687.5,-37.00007
3244224843.75,-37.00385
3244225000.0,-37.00207
3244225156.25,-36.99333
3244225312.5,-37.00646
3244225468.75,-37.01246
3244225625.0,-36.9971
3244225781.25,-36.99323
3244225937.5,-37.01184
3244226093.75,-37.00498
3244226250.0,-37.01247
3244226406.25,-37.00436
3244226562.5,-37.00629
3244226718.75,-37.01505
3244226875.0,-37.0122
3244227031.25,-37.0234
3244227187.5,-37.02001
3244227343.75,-37.01826
3244227500.0,-37.01037
3244227656.25,-37.01044
3244227812.5,-37.02618
3244227968.75,-37.01693
3244228125.0,-37.02212
3244228281.25,-37.037
3244228437.5,-37.01757
3244228593.75,-37.01999
3244228750.0,-37.01948
3244228906.25,-37.03419
3244229062.5,-37.01643
3244229218.75,-37.02229
3244229375.0,-37.03721
3244229531.25,-37.04324
3244229687.5,-37.03613
3244229843.75,-37.02651
3244230000.0,-37.02901
3244230156.25,-37.0363
3244230312.5,-37.03104
3244230468.75,-37.03822
3244230625.0,-37.03513
3244230781.25,-37.03425
3244230937.5,-37.02938
3244231093.75,-37.02611
3244231250.0,-37.04275
3244231406.25,-37.03418
3244231562.5,-37.04939
3244231718.75,-37.03784
3244231875.0,-37.05494
3244232031.25,-37.04309
3244232187.5,-37.04282
3244232343.75,-37.04768
3244232500.0,-37.04807
3244232656.25,-37.04569
3244232812.5,-37.03923
3244232968.75,-37.05048
3244233125.0,-37.06163
3244233281.25,-37.04741
3244233437.5,-37.05937
3244233593.75,-37.05002
3244233750.0,-37.04109
3244233906.25,-37.04475
3244234062.5,-37.06216
3244234218.75,-37.05758
3244234375.0,-37.05541
3244234531.25,-37.04914
3244234687.5,-37.06498
3244234843.75,-37.05988
3244235000.0,-37.05348
3244235156.25,-37.05267
3244235312.5,-37.06463
3244235468.75,-37.06322
3244235625.0,-37.05734
3244235781.25,-37.06614
3244235937.5,-37.06785
3244236093.75,-37.06002
3244236250.0,-37.0689
3244236406.25,-37.06972
3244236562.5,-37.07233
3244236718.75,-37.06088
3244236875.0,-37.06391
3244237031.25,-37.08099
3244237187.5,-37.06933
3244237343.75,-37.07651
3244237500.0,-37.06161
3244237656.25,-37.08224
3244237812.5,-37.06424
3244237968.75,-37.07407
3244238125.0,-37.07355
3244238281.25,-37.07679
3244238437.5,-37.08689
3244238593.75,-37.07856
3244238750.0,-37.07884
3244238906.25,-37.09251
3244239062.5,-37.07663
3244239218.75,-37.09046
3244239375.0,-37.08477
3244239531.25,-37.0898
3244239687.5,-37.08983
3244239843.75,-37.08514
3244240000.0,-37.09293
3244240156.25,-37.09555
3244240312.5,-37.077
3244240468.75,-37.09196
3244240625.0,-37.10763
3244240781.25,-37.08559
3244240937.5,-37.08629
3244241093.75,-37.08978
3244241250.0,-37.08873
3244241406.25,-37.10571
3244241562.5,-37.09259
3244241718.75,-37.10244
3244241875.0,-37.09552
3244242031.25,-37.09863
3244242187.5,-37.09137
3244242343.75,-37.0963
3244242500.0,-37.10614
3244242656.25,-37.10746
3244242812.5,-37.10195
3244242968.75,-37.10871
3244243125.0,-37.10036
3244243281.25,-37.10875
3244243437.5,-37.10791
3244243593.75,-37.11228
3244243750.0,-37.11588
3244243906.25,-37.10446
3244244062.5,-37.10061
3244244218.75,-37.10697
3244244375.0,-37.12351
3244244531.25,-37.11571
3244244687.5,-37.12207
3244244843.75,-37.12446
3244245000.0,-37.12692
3244245156.25,-37.1191
3244245312.5,-37.12057
3244245468.75,-37.10506
3244245625.0,-37.12656
3244245781.25,-37.12126
3244245937.5,-37.11263
3244246093.75,-37.11776
3244246250.0,-37.12791
3244246406.25,-37.11787
3244246562.5,-37.1319
3244246718.75,-37.1106
3244246875.0,-37.14487
3244247031.25,-37.12619
3244247187.5,-37.13753
3244247343.75,-37.12624
3244247500.0,-37.12798
3244247656.25,-37.14049
3244247812.5,-37.11947
3244247968.75,-37.13947
3244248125.0,-37.13002
3244248281.25,-37.13111
3244248437.5,-37.1316
3244248593.75,-37.14094
3244248750.0,-37.12962
3244248906.25,-37.12754
3244249062.5,-37.129
3244249218.75,-37.14752
3244249375.0,-37.1349
3244249531.25,-37.13271
3244249687.5,-37.1433
3244249843.75,-37.15226
3244250000.0,-37.13602
3244250156.25,-37.15523
3244250312.5,-37.15068
3244250468.75,-37.15394
3244250625.0,-37.1546
3244250781.25,-37.14445
3244250937.5,-37.14425
3244251093.75,-37.14738
3244251250.0,-37.13745
3244251406.25,-37.15486
3244251562.5,-37.15443
3244251718.75,-37.14508
3244251875.0,-37.14902
3244252031.25,-37.1608
3244252187.5,-37.15405
3244252343.75,-37.15147
3244252500.0,-37.15755
3244252656.25,-37.1602
3244252812.5,-37.14685
3244252968.75,-37.16361
3244253125.0,-37.16798
3244253281.25,-37.15915
3244253437.5,-37.14832
3244253593.75,-37.16535
3244253750.0,-37.16233
3244253906.25,-37.17369
3244254062.5,-37.16365
3244254218.75,-37.16571
3244254375.0,-37.17517
3244254531.25,-37.1697
3244254687.5,-37.17212
3244254843.75,-37.17248
3244255000.0,-37.15933
3244255156.25,-37.16552
3244255312.5,-37.16908
3244255468.75,-37.17725
3244255625.0,-37.16893
3244255781.25,-37.17121
3244255937.5,-37.18068
3244256093.75,-37.19057
3244256250.0,-37.17514
3244256406.25,-37.17886
3244256562.5,-37.18714
3244256718.75,-37.1864
3244256875.0,-37.19217
3244257031.25,-37.18304
3244257187.5,-37.17948
3244257343.75,-37.17217
3244257500.0,-37.19416
3244257656.25,-37.18052
3244257812.5,-37.17968
3244257968.75,-37.16718
3244258125.0,-37.19079
3244258281.25,-37.1858
3244258437.5,-37.19514
3244258593.75,-37.19524
3244258750.0,-37.19268
3244258906.25,-37.19612
3244259062.5,-37.19142
3244259218.75,-37.20428
3244259375.0,-37.2014
3244259531.25,-37.1967
3244259687.5,-37.19664
3244259843.75,-37.21351
3244260000.0,-37.19795
3244260156.25,-37.19885
3244260312.5,-37.18743
3244260468.75,-37.19821
3244260625.0,-37.21024
3244260781.25,-37.20514
3244260937.5,-37.19859
3244261093.75,-37.19785
3244261250.0,-37.20145
3244261406.25,-37.202
3244261562.5,-37.20224
3244261718.75,-37.20471
3244261875.0,-37.21136
3244262031.25,-37.2082
3244262187.5,-37.21054
3244262343.75,-37.20353
3244262500.0,-37.20626
3244262656.25,-37.21603
3244262812.5,-37.21349
3244262968.75,-37.22007
3244263125.0,-37.23249
3244263281.25,-37.21927
3244263437.5,-37.20702
3244263593.75,-37.21563
3244263750.0,-37.22187
3244263906.25,-37.22599
3244264062.5,-37.22183
3244264218.75,-37.21965
3244264375.0,-37.20856
3244264531.25,-37.22599
3244264687.5,-37.22678
3244264843.75,-37.22107
3244265000.0,-37.22555
3244265156.25,-37.23252
3244265312.5,-37.21758
3244265468.75,-37.24847
3244265625.0,-37.2227
3244265781.25,-37.23967
3244265937.5,-37.22664
3244266093.75,-37.22001
3244266250.0,-37.23739
3244266406.25,-37.2302
3244266562.5,-37.23378
3244266718.75,-37.22763
3244266875.0,-37.23363
3244267031.25,-37.24034
3244267187.5,-37.23322
3244267343.75,-37.23233
3244267500.0,-37.21787
3244267656.25,-37.23706
3244267812.5,-37.24231
3244267968.75,-37.25201
3244268125.0,-37.25341
3244268281.25,-37.23502
3244268437.5,-37.24734
3244268593.75,-37.24006
3244268750.0,-37.25396
3244268906.25,-37.24478
3244269062.5,-37.24051
3244269218.75,-37.23989
3244269375.0,-37.25611
3244269531.25,-37.2365
3244269687.5,-37.2571
3244269843.75,-37.2459
3244270000.0,-37.24638
3244270156.25,-37.25024
3244270312.5,-37.25782
3244270468.75,-37.26138
3244270625.0,-37.24405
3244270781.25,-37.25877
3244270937.5,-37.25158
3244271093.75,-37.26453
3244271250.0,-37.25113
3244271406.25,-37.25861
3244271562.5,-37.24715
3244271718.75,-37.25732
3244271875.0,-37.26211
3244272031.25,-37.26966
3244272187.5,-37.25137
3244272343.75,-37.26394
3244272500.0,-37.26498
3244272656.25,-37.26896
3244272812.5,-37.26084
3244272968.75,-37.2662
3244273125.0,-37.26464
3244273281.25,-37.27086
3244273437.5,-37.26671
3244273593.75,-37.27341
3244273750.0,-37.27356
3244273906.25,-37.27887
3244274062.5,-37.27295
3244274218.75,-37.27753
3244274375.0,-37.28296
3244274531.25,-37.26069
3244274687.5,-37.28129
3244274843.75,-37.27188
3244275000.0,-37.27231
3244275156.25,-37.27348
3244275312.5,-37.27902
3244275468.75,-37.26523
3244275625.0,-37.27775
3244275781.25,-37.28314
3244275937.5,-37.29459
3244276093.75,-37.28254
3244276250.0,-37.2644
3244276406.25,-37.27745
3244276562.5,-37.28897
3244276718.75,-37.29464
3244276875.0,-37.28569
3244277031.25,-37.28449
3244277187.5,-37.28157
3244277343.75,-37.28242
3244277500.0,-37.30249
3244277656.25,-37.29187
3244277812.5,-37.29382
3244277968.75,-37.2927
3244278125.0,-37.30323
3244278281.25,-37.28261
3244278437.5,-37.3002
3244278593.75,-37.29267
3244278750.0,-37.30487
3244278906.25,-37.29688
3244279062.5,-37.29252
3244279218.75,-37.29551
3244279375.0,-37.29496
3244279531.25,-37.30034
3244279687.5,-37.30743
3244279843.75,-37.29451
3244280000.0,-37.28699
3244280156.25,-37.31472
3244280312.5,-37.30597
3244280468.75,-37.30303
3244280625.0,-37.31696
3244280781.25,-37.29673
3244280937.5,-37.29757
3244281093.75,-37.31242
3244281250.0,-37.31261
3244281406.25,-37.30674
3244281562.5,-37.31572
3244281718.75,-37.31087
3244281875.0,-37.32538
3244282031.25,-37.31786
3244282187.5,-37.30597
3244282343.75,-37.3173
3244282500.0,-37.30207
3244282656.25,-37.31641
3244282812.5,-37.33077
3244282968.75,-37.33207
3244283125.0,-37.3273
3244283281.25,-37.31764
3244283437.5,-37.31646
3244283593.75,-37.31522
3244283750.0,-37.32833
3244283906.25,-37.32714
3244284062.5,-37.3265
3244284218.75,-37.3278
3244284375.0,-37.32404
3244284531.25,-37.31754
3244284687.5,-37.33768
3244284843.75,-37.32917
3244285000.0,-37.33659
3244285156.25,-37.33046
3244285312.5,-37.33672
3244285468.75,-37.34256
3244285625.0,-37.32166
3244285781.25,-37.3354
3244285937.5,-37.34249
3244286093.75,-37.33259
3244286250.0,-37.32494
3244286406.25,-37.34603
3244286562.5,-37.32006
3244286718.75,-37.33395
3244286875.0,-37.34431
3244287031.25,-37.32678
3244287187.5,-37.34465
3244287343.75,-37.34297
3244287500.0,-37.34387
3244287656.25,-37.33268
3244287812.5,-37.33512
3244287968.75,-37.34235
3244288125.0,-37.34502
3244288281.25,-37.34832
3244288437.5,-37.35349
3244288593.75,-37.35419
3244288750.0,-37.34441
3244288906.25,-37.35329
3244289062.5,-37.33881
3244289218.75,-37.35781
3244289375.0,-37.36068
3244289531.25,-37.35312
3244289687.5,-37.34465
3244289843.75,-37.35288
3244290000.0,-37.35837
3244290156.25,-37.35697
3244290312.5,-37.38428
3244290468.75,-37.35092
3244290625.0,-37.35817
3244290781.25,-37.36779
3244290937.5,-37.35921
3244291093.75,-37.35891
3244291250.0,-37.36036
3244291406.25,-37.35851
3244291562.5,-37.36613
3244291718.75,-37.36086
3244291875.0,-37.36734
3244292031.25,-37.36211
3244292187.5,-37.37229
3244292343.75,-37.3703
3244292500.0,-37.37597
3244292656.25,-37.3763
3244292812.5,-37.36947
3244292968.75,-37.37222
3244293125.0,-37.36231
3244293281.25,-37.38524
3244293437.5,-37.37114
3244293593.75,-37.38033
3244293750.0,-37.38069
3244293906.25,-37.38845
3244294062.5,-37.38427
3244294218.75,-37.38002
3244294375.0,-37.3914
3244294531.25,-37.36647
3244294687.5,-37.38092
3244294843.75,-37.39165
3244295000.0,-37.37243
3244295156.25,-37.37623
3244295312.5,-37.39254
3244295468.75,-37.38398
3244295625.0,-37.39014
3244295781.25,-37.39118
3244295937.5,-37.38766
3244296093.75,-37.39004
3244296250.0,-37.39305
3244296406.25,-37.39006
3244296562.5,-37.39007
3244296718.75,-37.39902
3244296875.0,-37.38915
3244297031.25,-37.39272
3244297187.5,-37.39197
3244297343.75,-37.39539
3244297500.0,-37.40292
3244297656.25,-37.4095
3244297812.5,-37.38732
3244297968.75,-37.40224
3244298125.0,-37.41422
3244298281.25,-37.40572
3244298437.5,-37.40993
3244298593.75,-37.41369
3244298750.0,-37.42413
3244298906.25,-37.40549
3244299062.5,-37.40452
3244299218.75,-37.40054
3244299375.0,-37.40868
3244299531.25,-37.40858
3244299687.5,-37.41491
3244299843.75,-37.40947
3244300000.0,-37.4158
3244300156.25,-37.40935
3244300312.5,-37.41537
3244300468.75,-37.41105
3244300625.0,-37.41272
3244300781.25,-37.42104
3244300937.5,-37.42553
3244301093.75,-37.41605
3244301250.0,-37.41359
3244301406.25,-37.40733
3244301562.5,-37.42525
3244301718.75,-37.41445
3244301875.0,-37.41471
3244302031.25,-37.41346
3244302187.5,-37.42814
3244302343.75,-37.41672
3244302500.0,-37.41494
3244302656.25,-37.41941
3244302812.5,-37.43707
3244302968.75,-37.43048
3244303125.0,-37.42709
3244303281.25,-37.4348
3244303437.5,-37.41502
3244303593.75,-37.43169
3244303750.0,-37.4222
3244303906.25,-37.43147
3244304062.5,-37.43504
3244304218.75,-37.42783
3244304375.0,-37.41817
3244304531.25,-37.43658
3244304687.5,-37.43839
3244304843.75,-37.43771
3244305000.0,-37.42923
3244305156.25,-37.43821
3244305312.5,-37.43928
3244305468.75,-37.43699
3244305625.0,-37.4346
3244305781.25,-37.4505
3244305937.5,-37.44902
3244306093.75,-37.44643
3244306250.0,-37.45996
3244306406.25,-37.44982
3244306562.5,-37.43345
3244306718.75,-37.44287
3244306875.0,-37.45235
3244307031.25,-37.46027
3244307187.5,-37.45127
3244307343.75,-37.44546
3244307500.0,-37.44552
3244307656.25,-37.46207
3244307812.5,-37.45869
3244307968.75,-37.45441
3244308125.0,-37.45266
3244308281.25,-37.46409
3244308437.5,-37.44654
3244308593.75,-37.45112
3244308750.0,-37.466
3244308906.25,-37.47035
3244309062.5,-37.45964
3244309218.75,-37.45292
3244309375.0,-37.46223
3244309531.25,-37.45723
3244309687.5,-37.46797
3244309843.75,-37.44839
3244310000.0,-37.46815
3244310156.25,-37.46123
3244310312.5,-37.46534
3244310468.75,-37.4468
3244310625.0,-37.47772
3244310781.25,-37.45195
3244310937.5,-37.4723
3244311093.75,-37.47776
3244311250.0,-37.47451
3244311406.25,-37.47004
3244311562.5,-37.47795
3244311718.75,-37.45812
3244311875.0,-37.47943
3244312031.25,-37.46326
3244312187.5,-37.46535
3244312343.75,-37.47366
3244312500.0,-37.47834
3244312656.25,-37.47865
3244312812.5,-37.47882
3244312968.75,-37.47729
3244313125.0,-37.4903
3244313281.25,-37.46206
3244313437.5,-37.4738
3244313593.75,-37.49295
3244313750.0,-37.47878
3244313906.25,-37.47633
3244314062.5,-37.48568
3244314218.75,-37.47167
3244314375.0,-37.48656
3244314531.25,-37.47099
3244314687.5,-37.4767
3244314843.75,-37.48359
3244315000.0,-37.48188
3244315156.25,-37.48748
3244315312.5,-37.49583
3244315468.75,-37.49709
3244315625.0,-37.49968
3244315781.25,-37.48553
3244315937.5,-37.49425
3244316093.75,-37.49781
3244316250.0,-37.48746
3244316406.25,-37.50039
3244316562.5,-37.49888
3244316718.75,-37.50697
3244316875.0,-37.50881
3244317031.25,-37.51048
3244317187.5,-37.48906
3244317343.75,-37.49799
3244317500.0,-37.50171
3244317656.25,-37.49992
3244317812.5,-37.5104
3244317968.75,-37.5088
3244318125.0,-37.52673
3244318281.25,-37.49904
3244318437.5,-37.50527
3244318593.75,-37.51244
3244318750.0,-37.50512
3244318906.25,-37.51629
3244319062.5,-37.50174
3244319218.75,-37.51004
3244319375.0,-37.50503
3244319531.25,-37.51672
3244319687.5,-37.51163
3244319843.75,-37.51773
3244320000.0,-37.52758
3244320156.25,-37.51731
3244320312.5,-37.51885
3244320468.75,-37.51415
3244320625.0,-37.52713
3244320781.25,-37.5122
3244320937.5,-37.52917
3244321093.75,-37.52719
3244321250.0,-37.52288
3244321406.25,-37.51024
3244321562.5,-37.52361
3244321718.75,-37.51821
3244321875.0,-37.52216
3244322031.25,-37.52213
3244322187.5,-37.54095
3244322343.75,-37.53088
3244322500.0,-37.53275
3244322656.25,-37.532
3244322812.5,-37.53771
3244322968.75,-37.53584
3244323125.0,-37.53292
3244323281.25,-37.53721
3244323437.5,-37.53982
3244323593.75,-37.53116
3244323750.0,-37.5304
3244323906.25,-37.5489
3244324062.5,-37.53649
3244324218.75,-37.52889
3244324375.0,-37.53514
3244324531.25,-37.54062
3244324687.5,-37.53154
3244324843.75,-37.54652
3244325000.0,-37.53707
3244325156.25,-37.55212
3244325312.5,-37.55071
3244325468.75,-37.52689
3244325625.0,-37.5425
3244325781.25,-37.5471
3244325937.5,-37.55009
3244326093.75,-37.53847
3244326250.0,-37.53752
3244326406.25,-37.55398
3244326562.5,-37.54202
3244326718.75,-37.5638
3244326875.0,-37.5405
3244327031.25,-37.54862
3244327187.5,-37.54695
3244327343.75,-37.55254
3244327500.0,-37.55293
3244327656.25,-37.56679
3244327812.5,-37.54971
3244327968.75,-37.55087
3244328125.0,-37.56689
3244328281.25,-37.5548
3244328437.5,-37.55977
3244328593.75,-37.57002
3244328750.0,-37.56038
3244328906.25,-37.56934
3244329062.5,-37.56272
3244329218.75,-37.56841
3244329375.0,-37.56818
3244329531.25,-37.55857
3244329687.5,-37.55114
3244329843.75,-37.56953
3244330000.0,-37.56697
3244330156.25,-37.57198
3244330312.5,-37.55928
3244330468.75,-37.56995
3244330625.0,-37.57751
3244330781.25,-37.57302
3244330937.5,-37.56369
3244331093.75,-37.56306
3244331250.0,-37.58638
3244331406.25,-37.58107
3244331562.5,-37.57696
3244331718.75,-37.57113
3244331875.0,-37.57834
3244332031.25,-37.56899
3244332187.5,-37.57966
3244332343.75,-37.5752
3244332500.0,-37.58057
3244332656.25,-37.58433
3244332812.5,-37.59507
3244332968.75,-37.58709
3244333125.0,-37.58496
3244333281.25,-37.57933
3244333437.5,-37.59229
3244333593.75,-37.59453
3244333750.0,-37.58574
3244333906.25,-37.59761
3244334062.5,-37.59416
3244334218.75,-37.58027
3244334375.0,-37.58986
3244334531.25,-37.5723
3244334687.5,-37.58517
3244334843.75,-37.59588
3244335000.0,-37.59257
3244335156.25,-37.59576
3244335312.5,-37.57729
3244335468.75,-37.58906
3244335625.0,-37.60617
3244335781.25,-37.60334
3244335937.5,-37.60292
3244336093.75,-37.59605
3244336250.0,-37.59361
3244336406.25,-37.59822
3244336562.5,-37.61212
3244336718.75,-37.5955
3244336875.0,-37.60085
3244337031.25,-37.6054
3244337187.5,-37.59616
3244337343.75,-37.61314
3244337500.0,-37.59841
3244337656.25,-37.60023
3244337812.5,-37.60862
3244337968.75,-37.61674
3244338125.0,-37.60323
3244338281.25,-37.60968
3244338437.5,-37.60313
3244338593.75,-37.60928
3244338750.0,-37.6218
3244338906.25,-37.61526
3244339062.5,-37.62035
3244339218.75,-37.61023
3244339375.0,-37.62134
3244339531.25,-37.62521
3244339687.5,-37.61722
3244339843.75,-37.61916
3244340000.0,-37.61007
3244340156.25,-37.62025
3244340312.5,-37.61918
3244340468.75,-37.59684
3244340625.0,-37.63273
3244340781.25,-37.62804
3244340937.5,-37.62067
3244341093.75,-37.62175
3244341250.0,-37.62307
3244341406.25,-37.64293
3244341562.5,-37.63194
3244341718.75,-37.63309
3244341875.0,-37.64351
3244342031.25,-37.63875
3244342187.5,-37.61969
3244342343.75,-37.63301
3244342500.0,-37.62724
3244342656.25,-37.62285
3244342812.5,-37.64024
3244342968.75,-37.63686
3244343125.0,-37.63556
3244343281.25,-37.64
3244343437.5,-37.63041
3244343593.75,-37.63197
3244343750.0,-37.64309
3244343906.25,-37.6322
3244344062.5,-37.64949
3244344218.75,-37.64207
3244344375.0,-37.63775
3244344531.25,-37.65117
3244344687.5,-37.63205
3244344843.75,-37.64961
3244345000.0,-37.65215
3244345156.25,-37.65221
3244345312.5,-37.65379
3244345468.75,-37.63828
3244345625.0,-37.64456
3244345781.25,-37.64743
3244345937.5,-37.65109
3244346093.75,-37.64446
3244346250.0,-37.64283
3244346406.25,-37.66372
3244346562.5,-37.67819
3244346718.75,-37.66055
3244346875.0,-37.66088
3244347031.25,-37.65361
3244347187.5,-37.64817
3244347343.75,-37.66225
3244347500.0,-37.66213
3244347656.25,-37.65833
3244347812.5,-37.66123
3244347968.75,-37.65311
3244348125.0,-37.65559
3244348281.25,-37.64919
3244348437.5,-37.66054
3244348593.75,-37.66463
3244348750.0,-37.65418
3244348906.25,-37.66385
3244349062.5,-37.66586
3244349218.75,-37.66508
3244349375.0,-37.65656
3244349531.25,-37.66088
3244349687.5,-37.66221
3244349843.75,-37.66352
3244350000.0,-37.67246
3244350156.25,-37.67635
3244350312.5,-37.66358
3244350468.75,-37.66423
3244350625.0,-37.67366
3244350781.25,-37.68032
3244350937.5,-37.67712
3244351093.75,-37.66465
3244351250.0,-37.67354
3244351406.25,-37.67803
3244351562.5,-37.68177
3244351718.75,-37.67786
3244351875.0,-37.67864
3244352031.25,-37.66941
3244352187.5,-37.68834
3244352343.75,-37.67598
3244352500.0,-37.67778
3244352656.25,-37.68387
3244352812.5,-37.67226
3244352968.75,-37.67429
3244353125.0,-37.68385
3244353281.25,-37.68771
3244353437.5,-37.68274
3244353593.75,-37.69265
3244353750.0,-37.69852
3244353906.25,-37.70082
3244354062.5,-37.68655
3244354218.75,-37.70946
3244354375.0,-37.67781
3244354531.25,-37.69626
3244354687.5,-37.69124
3244354843.75,-37.69824
3244355000.0,-37.70285
3244355156.25,-37.70226
3244355312.5,-37.6959
3244355468.75,-37.69883
3244355625.0,-37.69871
3244355781.25,-37.70818
3244355937.5,-37.69261
3244356093.75,-37.70526
3244356250.0,-37.70847
3244356406.25,-37.70013
3244356562.5,-37.71086
3244356718.75,-37.71341
3244356875.0,-37.70329
3244357031.25,-37.70906
3244357187.5,-37.70682
3244357343.75,-37.70309
3244357500.0,-37.70442
3244357656.25,-37.71001
3244357812.5,-37.70349
3244357968.75,-37.70136
3244358125.0,-37.71347
3244358281.25,-37.71376
3244358437.5,-37.70434
3244358593.75,-37.70752
3244358750.0,-37.70468
3244358906.25,-37.71033
3244359062.5,-37.70904
3244359218.75,-37.72336
3244359375.0,-37.7307
3244359531.25,-37.71854
3244359687.5,-37.70506
3244359843.75,-37.72363
3244360000.0,-37.71265
3244360156.25,-37.72175
3244360312.5,-37.73846
3244360468.75,-37.7384
3244360625.0,-37.73296
3244360781.25,-37.72523
3244360937.5,-37.7242
3244361093.75,-37.71922
3244361250.0,-37.73217
3244361406.25,-37.72975
3244361562.5,-37.72572
3244361718.75,-37.73711
3244361875.0,-37.74828
3244362031.25,-37.73006
3244362187.5,-37.72821
3244362343.75,-37.71775
3244362500.0,-37.74251
3244362656.25,-37.72984
3244362812.5,-37.73281
3244362968.75,-37.73586
3244363125.0,-37.73539
3244363281.25,-37.72633
3244363437.5,-37.73645
3244363593.75,-37.73973
3244363750.0,-37.74531
3244363906.25,-37.73569
3244364062.5,-37.75391
3244364218.75,-37.73947
3244364375.0,-37.75336
3244364531.25,-37.73811
3244364687.5,-37.73916
3244364843.75,-37.74237
3244365000.0,-37.75142
3244365156.25,-37.75143
3244365312.5,-37.75295
3244365468.75,-37.74646
3244365625.0,-37.74479
3244365781.25,-37.75717
3244365937.5,-37.74417
3244366093.75,-37.74113
3244366250.0,-37.74844
3244366406.25,-37.75215
3244366562.5,-37.75227
3244366718.75,-37.76521
3244366875.0,-37.76765
3244367031.25,-37.76663
3244367187.5,-37.74443
3244367343.75,-37.76829
3244367500.0,-37.76949
3244367656.25,-37.75371
3244367812.5,-37.7749
3244367968.75,-37.75523
3244368125.0,-37.75479
3244368281.25,-37.76024
3244368437.5,-37.77293
3244368593.75,-37.75681
3244368750.0,-37.76539
3244368906.25,-37.7672
3244369062.5,-37.7654
3244369218.75,-37.76992
3244369375.0,-37.77114
3244369531.25,-37.77737
3244369687.5,-37.77533
3244369843.75,-37.76955
3244370000.0,-37.77171
3244370156.25,-37.7697
3244370312.5,-37.77151
3244370468.75,-37.77964
3244370625.0,-37.77515
3244370781.25,-37.78283
3244370937.5,-37.77464
3244371093.75,-37.77151
3244371250.0,-37.79227
3244371406.25,-37.78329
3244371562.5,-37.79028
3244371718.75,-37.79152
3244371875.0,-37.78214
3244372031.25,-37.77882
3244372187.5,-37.78291
3244372343.75,-37.77854
3244372500.0,-37.77762
3244372656.25,-37.78681
3244372812.5,-37.7934
3244372968.75,-37.79077
3244373125.0,-37.78547
3244373281.25,-37.79316
3244373437.5,-37.78577
3244373593.75,-37.78361
3244373750.0,-37.79494
3244373906.25,-37.79115
3244374062.5,-37.79921
3244374218.75,-37.79485
3244374375.0,-37.80538
3244374531.25,-37.80343
3244374687.5,-37.79436
3244374843.75,-37.79947
3244375000.0,-37.79839
3244375156.25,-37.8059
3244375312.5,-37.81123
3244375468.75,-37.79528
3244375625.0,-37.79871
3244375781.25,-37.81871
3244375937.5,-37.81757
3244376093.75,-37.81121
3244376250.0,-37.80858
3244376406.25,-37.79657
3244376562.5,-37.8035
3244376718.75,-37.80806
3244376875.0,-37.81411
3244377031.25,-37.80711
3244377187.5,-37.8084
3244377343.75,-37.8134
3244377500.0,-37.81802
3244377656.25,-37.81681
3244377812.5,-37.82529
3244377968.75,-37.81047
3244378125.0,-37.80373
3244378281.25,-37.8103
3244378437.5,-37.81878
3244378593.75,-37.81081
3244378750.0,-37.8101
3244378906.25,-37.82486
3244379062.5,-37.81983
3244379218.75,-37.82685
3244379375.0,-37.82289
3244379531.25,-37.81633
3244379687.5,-37.82748
3244379843.75,-37.82637
3244380000.0,-37.81897
3244380156.25,-37.82365
3244380312.5,-37.83382
3244380468.75,-37.82889
3244380625.0,-37.82519
3244380781.25,-37.82561
3244380937.5,-37.82744
3244381093.75,-37.82878
3244381250.0,-37.84299
3244381406.25,-37.82845
3244381562.5,-37.8366
3244381718.75,-37.84857
3244381875.0,-37.83229
3244382031.25,-37.83425
3244382187.5,-37.83171
3244382343.75,-37.83313
3244382500.0,-37.82629
3244382656.25,-37.85018
3244382812.5,-37.82399
3244382968.75,-37.83248
3244383125.0,-37.83506
3244383281.25,-37.83244
3244383437.5,-37.84841
3244383593.75,-37.84961
3244383750.0,-37.84236
3244383906.25,-37.83863
3244384062.5,-37.85075
3244384218.75,-37.83937
3244384375.0,-37.84086
3244384531.25,-37.83043
3244384687.5,-37.85266
3244384843.75,-37.84322
3244385000.0,-37.85838
3244385156.25,-37.84813
3244385312.5,-37.85329
3244385468.75,-37.85015
3244385625.0,-37.85112
3244385781.25,-37.8592
3244385937.5,-37.86561
3244386093.75,-37.84473
3244386250.0,-37.86047
3244386406.25,-37.85614
3244386562.5,-37.861
3244386718.75,-37.85834
3244386875.0,-37.83836
3244387031.25,-37.85664
3244387187.5,-37.86448
3244387343.75,-37.87827
3244387500.0,-37.84463
3244387656.25,-37.8513
3244387812.5,-37.86066
3244387968.75,-37.87472
3244388125.0,-37.853
3244388281.25,-37.8695
3244388437.5,-37.8691
3244388593.75,-37.85922
3244388750.0,-37.86295
3244388906.25,-37.8597
3244389062.5,-37.86789
3244389218.75,-37.86348
3244389375.0,-37.8717
3244389531.25,-37.86911
3244389687.5,-37.8698
3244389843.75,-37.8663
3244390000.0,-37.87445
3244390156.25,-37.86641
3244390312.5,-37.85796
3244390468.75,-37.87963
3244390625.0,-37.87434
3244390781.25,-37.8741
3244390937.5,-37.88449
3244391093.75,-37.87277
3244391250.0,-37.88072
3244391406.25,-37.87343
3244391562.5,-37.87812
3244391718.75,-37.89063
3244391875.0,-37.88495
3244392031.25,-37.88663
3244392187.5,-37.88837
3244392343.75,-37.87687
3244392500.0,-37.89381
3244392656.25,-37.8901
3244392812.5,-37.88619
3244392968.75,-37.88408
3244393125.0,-37.89871
3244393281.25,-37.88314
3244393437.5,-37.89644
3244393593.75,-37.88245
3244393750.0,-37.89785
3244393906.25,-37.89992
3244394062.5,-37.89834
3244394218.75,-37.88701
3244394375.0,-37.89284
3244394531.25,-37.89787
3244394687.5,-37.90393
3244394843.75,-37.90174
3244395000.0,-37.89099
3244395156.25,-37.88749
3244395312.5,-37.90345
3244395468.75,-37.91078
3244395625.0,-37.90213
3244395781.25,-37.89971
3244395937.5,-37.90183
3244396093.75,-37.89486
3244396250.0,-37.90575
3244396406.25,-37.90158
3244396562.5,-37.90391
3244396718.75,-37.90618
3244396875.0,-37.91323
3244397031.25,-37.89724
3244397187.5,-37.91
3244397343.75,-37.90442
3244397500.0,-37.9136
3244397656.25,-37.91231
3244397812.5,-37.92728
3244397968.75,-37.91251
3244398125.0,-37.90864
3244398281.25,-37.9077
3244398437.5,-37.92091
3244398593.75,-37.92137
3244398750.0,-37.92768
3244398906.25,-37.92377
3244399062.5,-37.90235
3244399218.75,-37.92325
3244399375.0,-37.91432
3244399531.25,-37.91946
3244399687.5,-37.92953
3244399843.75,-37.92694
3244400000.0,-37.92054
3244400156.25,-37.93008
3244400312.5,-37.92843
3244400468.75,-37.91668
3244400625.0,-37.92325
3244400781.25,-37.9234
3244400937.5,-37.92721
3244401093.75,-37.93005
3244401250.0,-37.93227
3244401406.25,-37.93621
3244401562.5,-37.93963
3244401718.75,-37.92873
3244401875.0,-37.93525
3244402031.25,-37.9303
3244402187.5,-37.93418
3244402343.75,-37.94158
3244402500.0,-37.93679
3244402656.25,-37.94272
3244402812.5,-37.94014
3244402968.75,-37.93513
3244403125.0,-37.93293
3244403281.25,-37.94812
3244403437.5,-37.93869
3244403593.75,-37.9404
3244403750.0,-37.93111
3244403906.25,-37.94465
3244404062.5,-37.94564
3244404218.75,-37.95252
3244404375.0,-37.93915
3244404531.25,-37.94551
3244404687.5,-37.93999
3244404843.75,-37.94216
3244405000.0,-37.95901
3244405156.25,-37.94595
3244405312.5,-37.94551
3244405468.75,-37.94545
3244405625.0,-37.95673
3244405781.25,-37.95287
3244405937.5,-37.95081
3244406093.75,-37.95196
3244406250.0,-37.94297
3244406406.25,-37.95506
3244406562.5,-37.95708
3244406718.75,-37.96217
3244406875.0,-37.94473
3244407031.25,-37.95877
3244407187.5,-37.95494
3244407343.75,-37.96057
3244407500.0,-37.95515
3244407656.25,-37.95857
3244407812.5,-37.95869
3244407968.75,-37.94853
3244408125.0,-37.95883
3244408281.25,-37.96655
3244408437.5,-37.96676
3244408593.75,-37.97117
3244408750.0,-37.96339
3244408906.25,-37.96075
3244409062.5,-37.96354
3244409218.75,-37.97315
3244409375.0,-37.97013
3244409531.25,-37.95821
3244409687.5,-37.9753
3244409843.75,-37.96217
3244410000.0,-37.97994
3244410156.25,-37.96965
3244410312.5,-37.96981
3244410468.75,-37.96249
3244410625.0,-37.97597
3244410781.25,-37.97717
3244410937.5,-37.99723
3244411093.75,-37.971
3244411250.0,-37.97684
3244411406.25,-37.97522
3244411562.5,-37.97256
3244411718.75,-37.9772
3244411875.0,-37.98514
3244412031.25,-37.98433
3244412187.5,-37.97758
3244412343.75,-37.97651
3244412500.0,-37.96727
3244412656.25,-37.98321
3244412812.5,-37.9955
3244412968.75,-37.97813
3244413125.0,-37.99992
3244413281.25,-37.9982
3244413437.5,-37.99343
3244413593.75,-37.98279
3244413750.0,-38.00523
3244413906.25,-37.99156
3244414062.5,-37.98595
3244414218.75,-37.99223
3244414375.0,-38.00336
3244414531.25,-37.99784
3244414687.5,-38.01134
3244414843.75,-37.98822
3244415000.0,-37.99839
3244415156.25,-37.98857
3244415312.5,-38.00348
3244415468.75,-37.99263
3244415625.0,-37.99931
3244415781.25,-38.01062
3244415937.5,-38.00537
3244416093.75,-37.99191
3244416250.0,-38.00006
3244416406.25,-38.01913
3244416562.5,-38.00972
3244416718.75,-38.01239
3244416875.0,-38.00322
3244417031.25,-38.01698
3244417187.5,-38.00687
3244417343.75,-38.01814
3244417500.0,-38.00844
3244417656.25,-38.01228
3244417812.5,-38.00026
3244417968.75,-38.01321
3244418125.0,-38.03612
3244418281.25,-38.01691
3244418437.5,-38.0179
3244418593.75,-38.02071
3244418750.0,-38.02206
3244418906.25,-38.01358
3244419062.5,-38.02309
3244419218.75,-38.01316
3244419375.0,-38.02462
3244419531.25,-38.01122
3244419687.5,-38.02305
3244419843.75,-38.02452
3244420000.0,-38.02776
3244420156.25,-38.02141
3244420312.5,-38.03393
3244420468.75,-38.02584
3244420625.0,-38.02404
3244420781.25,-38.02563
3244420937.5,-38.02824
3244421093.75,-38.01542
3244421250.0,-38.03609
3244421406.25,-38.0243
3244421562.5,-38.03108
3244421718.75,-38.01946
3244421875.0,-38.0393
3244422031.25,-38.02133
3244422187.5,-38.02742
3244422343.75,-38.03775
3244422500.0,-38.01999
3244422656.25,-38.04239
3244422812.5,-38.04889
3244422968.75,-38.03959
3244423125.0,-38.04047
3244423281.25,-38.04465
3244423437.5,-38.04055
3244423593.75,-38.04808
3244423750.0,-38.04307
3244423906.25,-38.03766
3244424062.5,-38.03367
3244424218.75,-38.02413
3244424375.0,-38.04563
3244424531.25,-38.04976
3244424687.5,-38.0578
3244424843.75,-38.04112
3244425000.0,-38.05787
3244425156.25,-38.04614
3244425312.5,-38.03139
3244425468.75,-38.04417
3244425625.0,-38.04671
3244425781.25,-38.04906
3244425937.5,-38.03689
3244426093.75,-38.04672
3244426250.0,-38.05526
3244426406.25,-38.05699
3244426562.5,-38.0557
3244426718.75,-38.06787
3244426875.0,-38.05086
3244427031.25,-38.04601
3244427187.5,-38.05045
3244427343.75,-38.05639
3244427500.0,-38.06376
3244427656.25,-38.06048
3244427812.5,-38.07168
3244427968.75,-38.05842
3244428125.0,-38.05891
3244428281.25,-38.06481
3244428437.5,-38.07682
3244428593.75,-38.06666
3244428750.0,-38.0685
3244428906.25,-38.07085
3244429062.5,-38.064
3244429218.75,-38.06477
3244429375.0,-38.06977
3244429531.25,-38.05247
3244429687.5,-38.07066
3244429843.75,-38.08315
3244430000.0,-38.07174
3244430156.25,-38.0638
3244430312.5,-38.07045
3244430468.75,-38.07957
3244430625.0,-38.07672
3244430781.25,-38.08339
3244430937.5,-38.07925
3244431093.75,-38.07103
3244431250.0,-38.07737
3244431406.25,-38.07991
3244431562.5,-38.08036
3244431718.75,-38.09301
3244431875.0,-38.08479
3244432031.25,-38.09097
3244432187.5,-38.09435
3244432343.75,-38.07847
3244432500.0,-38.09184
3244432656.25,-38.09476
3244432812.5,-38.08715
3244432968.75,-38.07927
3244433125.0,-38.0746
3244433281.25,-38.0802
3244433437.5,-38.08364
3244433593.75,-38.09451
3244433750.0,-38.1026
3244433906.25,-38.09542
3244434062.5,-38.08969
3244434218.75,-38.08112
3244434375.0,-38.09383
3244434531.25,-38.10047
3244434687.5,-38.09131
3244434843.75,-38.09315
3244435000.0,-38.09414
3244435156.25,-38.10052
3244435312.5,-38.09263
3244435468.75,-38.11005
3244435625.0,-38.10496
3244435781.25,-38.09961
3244435937.5,-38.09457
3244436093.75,-38.09499
3244436250.0,-38.10067
3244436406.25,-38.11617
3244436562.5,-38.10885
3244436718.75,-38.12436
3244436875.0,-38.10703
3244437031.25,-38.097
3244437187.5,-38.10098
3244437343.75,-38.10793
3244437500.0,-38.11742
3244437656.25,-38.10824
3244437812.5,-38.113
3244437968.75,-38.10172
3244438125.0,-38.09716
3244438281.25,-38.11126
3244438437.5,-38.1263
3244438593.75,-38.12022
3244438750.0,-38.11235
3244438906.25,-38.1101
3244439062.5,-38.10004
3244439218.75,-38.12272
3244439375.0,-38.13396
3244439531.25,-38.12454
3244439687.5,-38.12459
3244439843.75,-38.11631
3244440000.0,-38.11758
3244440156.25,-38.11901
3244440312.5,-38.13742
3244440468.75,-38.11889
3244440625.0,-38.12603
3244440781.25,-38.12216
3244440937.5,-38.11932
3244441093.75,-38.12872
3244441250.0,-38.13693
3244441406.25,-38.12404
3244441562.5,-38.13602
3244441718.75,-38.13028
3244441875.0,-38.11797
3244442031.25,-38.13
3244442187.5,-38.12257
3244442343.75,-38.13332
3244442500.0,-38.12496
3244442656.25,-38.1352
3244442812.5,-38.15149
3244442968.75,-38.12675
3244443125.0,-38.13774
3244443281.25,-38.14508
3244443437.5,-38.14186
3244443593.75,-38.13965
3244443750.0,-38.13347
3244443906.25,-38.14837
3244444062.5,-38.1364
3244444218.75,-38.13504
3244444375.0,-38.14643
3244444531.25,-38.14178
3244444687.5,-38.15347
3244444843.75,-38.1426
3244445000.0,-38.14761
3244445156.25,-38.13343
3244445312.5,-38.14021
3244445468.75,-38.14559
3244445625.0,-38.15948
3244445781.25,-38.14775
3244445937.5,-38.14186
3244446093.75,-38.14339
3244446250.0,-38.14761
3244446406.25,-38.15004
3244446562.5,-38.14139
3244446718.75,-38.15442
3244446875.0,-38.15184
3244447031.25,-38.16106
3244447187.5,-38.14966
3244447343.75,-38.16683
3244447500.0,-38.15515
3244447656.25,-38.15422
3244447812.5,-38.17942
3244447968.75,-38.15401
3244448125.0,-38.17381
3244448281.25,-38.1583
3244448437.5,-38.15203
3244448593.75,-38.14719
3244448750.0,-38.16517
3244448906.25,-38.16852
3244449062.5,-38.16869
3244449218.75,-38.16636
3244449375.0,-38.16665
3244449531.25,-38.15394
3244449687.5,-38.16988
3244449843.75,-38.17925
3244450000.0,-38.17149
3244450156.25,-38.17274
3244450312.5,-38.16002
3244450468.75,-38.15657
3244450625.0,-38.17365
3244450781.25,-38.17608
3244450937.5,-38.1735
3244451093.75,-38.18808
3244451250.0,-38.18869
3244451406.25,-38.17976
3244451562.5,-38.19042
3244451718.75,-38.16644
3244451875.0,-38.1773
3244452031.25,-38.18393
3244452187.5,-38.1679
3244452343.75,-38.17755
3244452500.0,-38.17778
3244452656.25,-38.18752
3244452812.5,-38.17067
3244452968.75,-38.17365
3244453125.0,-38.16846
3244453281.25,-38.17818
3244453437.5,-38.19955
3244453593.75,-38.18851
3244453750.0,-38.20131
3244453906.25,-38.1763
3244454062.5,-38.18631
3244454218.75,-38.18211
3244454375.0,-38.17892
3244454531.25,-38.20598
3244454687.5,-38.1902
3244454843.75,-38.19786
3244455000.0,-38.19441
3244455156.25,-38.18145
3244455312.5,-38.19492
3244455468.75,-38.20216
3244455625.0,-38.19264
3244455781.25,-38.20781
3244455937.5,-38.20175
3244456093.75,-38.20733
3244456250.0,-38.19309
3244456406.25,-38.21041
3244456562.5,-38.2048
3244456718.75,-38.18632
3244456875.0,-38.20229
3244457031.25,-38.21793
3244457187.5,-38.21112
3244457343.75,-38.19445
3244457500.0,-38.20591
3244457656.25,-38.21505
3244457812.5,-38.20757
3244457968.75,-38.20428
3244458125.0,-38.20086
3244458281.25,-38.20755
3244458437.5,-38.20929
3244458593.75,-38.21332
3244458750.0,-38.20617
3244458906.25,-38.2027
3244459062.5,-38.21628
3244459218.75,-38.22344
3244459375.0,-38.20704
3244459531.25,-38.21678
3244459687.5,-38.2202
3244459843.75,-38.2159
3244460000.0,-38.2103
3244460156.25,-38.21923
3244460312.5,-38.20914
3244460468.75,-38.20648
3244460625.0,-38.20818
3244460781.25,-38.24512
3244460937.5,-38.21085
3244461093.75,-38.23188
3244461250.0,-38.22137
3244461406.25,-38.21539
3244461562.5,-38.2445
3244461718.75,-38.24016
3244461875.0,-38.23246
3244462031.25,-38.22727
3244462187.5,-38.21439
3244462343.75,-38.23626
3244462500.0,-38.23535
3244462656.25,-38.2392
3244462812.5,-38.23082
3244462968.75,-38.23745
3244463125.0,-38.2281
3244463281.25,-38.24391
3244463437.5,-38.22347
3244463593.75,-38.23108
3244463750.0,-38.21661
3244463906.25,-38.23726
3244464062.5,-38.2499
3244464218.75,-38.22005
3244464375.0,-38.23027
3244464531.25,-38.24239
3244464687.5,-38.23672
3244464843.75,-38.2449
3244465000.0,-38.24173
3244465156.25,-38.24124
3244465312.5,-38.23277
3244465468.75,-38.23494
3244465625.0,-38.25346
3244465781.25,-38.25826
3244465937.5,-38.24899
3244466093.75,-38.25253
3244466250.0,-38.24923
3244466406.25,-38.24609
3244466562.5,-38.25077
3244466718.75,-38.25626
3244466875.0,-38.24546
3244467031.25,-38.249
3244467187.5,-38.25515
3244467343.75,-38.24504
3244467500.0,-38.25915
3244467656.25,-38.24223
3244467812.5,-38.24874
3244467968.75,-38.25629
3244468125.0,-38.26471
3244468281.25,-38.2453
3244468437.5,-38.25816
3244468593.75,-38.26212
3244468750.0,-38.25498
3244468906.25,-38.27283
3244469062.5,-38.26243
3244469218.75,-38.25772
3244469375.0,-38.26023
3244469531.25,-38.26301
3244469687.5,-38.25934
3244469843.75,-38.27258
3244470000.0,-38.24664
3244470156.25,-38.26551
3244470312.5,-38.27123
3244470468.75,-38.26233
3244470625.0,-38.274
3244470781.25,-38.2703
3244470937.5,-38.27226
3244471093.75,-38.26432
3244471250.0,-38.2811
3244471406.25,-38.28177
3244471562.5,-38.27965
3244471718.75,-38.2766
3244471875.0,-38.28548
3244472031.25,-38.28501
3244472187.5,-38.28012
3244472343.75,-38.26483
3244472500.0,-38.26218
3244472656.25,-38.2756
3244472812.5,-38.27683
3244472968.75,-38.27089
3244473125.0,-38.29914
3244473281.25,-38.27884
3244473437.5,-38.2863
3244473593.75,-38.26102
3244473750.0,-38.28206
3244473906.25,-38.28712
3244474062.5,-38.27227
3244474218.75,-38.27834
3244474375.0,-38.27181
3244474531.25,-38.28783
3244474687.5,-38.28888
3244474843.75,-38.2945
3244475000.0,-38.29364
3244475156.25,-38.28575
3244475312.5,-38.29333
3244475468.75,-38.28944
3244475625.0,-38.30718
3244475781.25,-38.28391
3244475937.5,-38.29939
3244476093.75,-38.30073
3244476250.0,-38.29595
3244476406.25,-38.29736
3244476562.5,-38.29502
3244476718.75,-38.29516
3244476875.0,-38.2864
3244477031.25,-38.29258
3244477187.5,-38.29857
3244477343.75,-38.29163
3244477500.0,-38.3083
3244477656.25,-38.29972
3244477812.5,-38.30091
3244477968.75,-38.29049
3244478125.0,-38.31713
3244478281.25,-38.3061
3244478437.5,-38.3013
3244478593.75,-38.30857
3244478750.0,-38.30802
3244478906.25,-38.31132
3244479062.5,-38.31285
3244479218.75,-38.31298
3244479375.0,-38.3082
3244479531.25,-38.31732
3244479687.5,-38.32054
3244479843.75,-38.31212
3244480000.0,-38.31948
3244480156.25,-38.31902
3244480312.5,-38.30399
3244480468.75,-38.31992
3244480625.0,-38.31114
3244480781.25,-38.33089
3244480937.5,-38.31295
3244481093.75,-38.31902
3244481250.0,-38.32171
3244481406.25,-38.33652
3244481562.5,-38.31886
3244481718.75,-38.31269
3244481875.0,-38.31913
3244482031.25,-38.33283
3244482187.5,-38.33761
3244482343.75,-38.31277
3244482500.0,-38.32452
3244482656.25,-38.32539
3244482812.5,-38.30815
3244482968.75,-38.32338
3244483125.0,-38.3165
3244483281.25,-38.32167
3244483437.5,-38.33429
3244483593.75,-38.3298
3244483750.0,-38.32495
3244483906.25,-38.3288
3244484062.5,-38.31924
3244484218.75,-38.34533
3244484375.0,-38.34401
3244484531.25,-38.34
3244484687.5,-38.32915
3244484843.75,-38.33521
3244485000.0,-38.33981
3244485156.25,-38.34186
3244485312.5,-38.31907
3244485468.75,-38.33784
3244485625.0,-38.33081
3244485781.25,-38.33247
3244485937.5,-38.34265
3244486093.75,-38.349
3244486250.0,-38.32986
3244486406.25,-38.32652
3244486562.5,-38.35076
3244486718.75,-38.3547
3244486875.0,-38.32567
3244487031.25,-38.34521
3244487187.5,-38.35594
3244487343.75,-38.35213
3244487500.0,-38.35342
3244487656.25,-38.33841
3244487812.5,-38.34716
3244487968.75,-38.35445
3244488125.0,-38.35998
3244488281.25,-38.36499
3244488437.5,-38.36671
3244488593.75,-38.35801
3244488750.0,-38.35349
3244488906.25,-38.34078
3244489062.5,-38.37131
3244489218.75,-38.36731
3244489375.0,-38.35882
3244489531.25,-38.35574
3244489687.5,-38.35714
3244489843.75,-38.36441
3244490000.0,-38.36394
3244490156.25,-38.35863
3244490312.5,-38.36269
3244490468.75,-38.35474
3244490625.0,-38.35308
3244490781.25,-38.36488
3244490937.5,-38.37041
3244491093.75,-38.36318
3244491250.0,-38.37132
3244491406.25,-38.37236
3244491562.5,-38.36512
3244491718.75,-38.36524
3244491875.0,-38.36399
3244492031.25,-38.36678
3244492187.5,-38.35955
3244492343.75,-38.36808
3244492500.0,-38.37172
3244492656.25,-38.35923
3244492812.5,-38.3681
3244492968.75,-38.37789
3244493125.0,-38.37629
3244493281.25,-38.37968
3244493437.5,-38.37572
3244493593.75,-38.36654
3244493750.0,-38.37145
3244493906.25,-38.37434
3244494062.5,-38.37501
3244494218.75,-38.38486
3244494375.0,-38.37563
3244494531.25,-38.36708
3244494687.5,-38.39669
3244494843.75,-38.38038
3244495000.0,-38.37558
3244495156.25,-38.38765
3244495312.5,-38.39097
3244495468.75,-38.38123
3244495625.0,-38.38586
3244495781.25,-38.39595
3244495937.5,-38.38432
3244496093.75,-38.39566
3244496250.0,-38.39427
3244496406.25,-38.39763
3244496562.5,-38.39728
3244496718.75,-38.39313
3244496875.0,-38.39198
3244497031.25,-38.37579
3244497187.5,-38.39327
3244497343.75,-38.39804
3244497500.0,-38.38745
3244497656.25,-38.3871
3244497812.5,-38.39563
3244497968.75,-38.38656
3244498125.0,-38.40218
3244498281.25,-38.39154
3244498437.5,-38.39829
3244498593.75,-38.40874
3244498750.0,-38.39819
3244498906.25,-38.41121
3244499062.5,-38.41545
3244499218.75,-38.39283
3244499375.0,-38.4121
3244499531.25,-38.40581
3244499687.5,-38.41356
3244499843.75,-38.4016
3244500000.0,-38.41819
3244500156.25,-38.39853
3244500312.5,-38.40763
3244500468.75,-38.41086
3244500625.0,-38.41048
3244500781.25,-38.4081
3244500937.5,-38.42125
3244501093.75,-38.40844
3244501250.0,-38.40665
3244501406.25,-38.40498
3244501562.5,-38.41329
3244501718.75,-38.42048
3244501875.0,-38.40699
3244502031.25,-38.42464
3244502187.5,-38.41166
3244502343.75,-38.42977
3244502500.0,-38.4263
3244502656.25,-38.42236
3244502812.5,-38.42868
3244502968.75,-38.42436
3244503125.0,-38.43534
3244503281.25,-38.42202
3244503437.5,-38.42774
3244503593.75,-38.43104
3244503750.0,-38.41642
3244503906.25,-38.42193
3244504062.5,-38.42867
3244504218.75,-38.41517
3244504375.0,-38.43907
3244504531.25,-38.44208
3244504687.5,-38.43384
3244504843.75,-38.42833
3244505000.0,-38.43046
3244505156.25,-38.44302
3244505312.5,-38.42823
3244505468.75,-38.43378
3244505625.0,-38.43827
3244505781.25,-38.43829
3244505937.5,-38.43914
3244506093.75,-38.43275
3244506250.0,-38.43748
3244506406.25,-38.44102
3244506562.5,-38.44349
3244506718.75,-38.41885
3244506875.0,-38.43943
3244507031.25,-38.41864
3244507187.5,-38.45153
3244507343.75,-38.44828
3244507500.0,-38.43272
3244507656.25,-38.43792
3244507812.5,-38.45002
3244507968.75,-38.44203
3244508125.0,-38.4473
3244508281.25,-38.46495
3244508437.5,-38.44852
3244508593.75,-38.45188
3244508750.0,-38.43801
3244508906.25,-38.4446
3244509062.5,-38.44279
3244509218.75,-38.4507
3244509375.0,-38.46516
3244509531.25,-38.44655
3244509687.5,-38.43773
3244509843.75,-38.45419
3244510000.0,-38.46099
3244510156.25,-38.44846
3244510312.5,-38.4603
3244510468.75,-38.46611
3244510625.0,-38.45671
3244510781.25,-38.45983
3244510937.5,-38.45576
3244511093.75,-38.45709
3244511250.0,-38.46859
3244511406.25,-38.46066
3244511562.5,-38.47183
3244511718.75,-38.45544
3244511875.0,-38.45129
3244512031.25,-38.46321
3244512187.5,-38.47457
3244512343.75,-38.47879
3244512500.0,-38.47286
3244512656.25,-38.46798
3244512812.5,-38.4719
3244512968.75,-38.46292
3244513125.0,-38.46059
3244513281.25,-38.47017
3244513437.5,-38.48275
3244513593.75,-38.47066
3244513750.0,-38.46568
3244513906.25,-38.47915
3244514062.5,-38.46728
3244514218.75,-38.47262
3244514375.0,-38.47205
3244514531.25,-38.47799
3244514687.5,-38.47429
3244514843.75,-38.48355
3244515000.0,-38.48475
3244515156.25,-38.48366
3244515312.5,-38.47602
3244515468.75,-38.47762
3244515625.0,-38.481
3244515781.25,-38.49015
3244515937.5,-38.4812
3244516093.75,-38.49026
3244516250.0,-38.47138
3244516406.25,-38.47798
3244516562.5,-38.49442
3244516718.75,-38.48468
3244516875.0,-38.48397
3244517031.25,-38.48936
3244517187.5,-38.49815
3244517343.75,-38.48601
3244517500.0,-38.49443
3244517656.25,-38.49833
3244517812.5,-38.49074
3244517968.75,-38.50179
3244518125.0,-38.50272
3244518281.25,-38.48653
3244518437.5,-38.48948
3244518593.75,-38.49793
3244518750.0,-38.49828
3244518906.25,-38.48866
3244519062.5,-38.49775
3244519218.75,-38.50019
3244519375.0,-38.49026
3244519531.25,-38.49517
3244519687.5,-38.50579
3244519843.75,-38.51297
3244520000.0,-38.50282
3244520156.25,-38.4994
3244520312.5,-38.4994
3244520468.75,-38.51704
3244520625.0,-38.49155
3244520781.25,-38.50148
3244520937.5,-38.5097
3244521093.75,-38.50817
3244521250.0,-38.51517
3244521406.25,-38.50403
3244521562.5,-38.50618
3244521718.75,-38.52616
3244521875.0,-38.50618
3244522031.25,-38.51243
3244522187.5,-38.51586
3244522343.75,-38.52438
3244522500.0,-38.50946
3244522656.25,-38.5107
3244522812.5,-38.506
3244522968.75,-38.53651
3244523125.0,-38.5139
3244523281.25,-38.51735
3244523437.5,-38.522
3244523593.75,-38.53159
3244523750.0,-38.5139
3244523906.25,-38.52934
3244524062.5,-38.52839
3244524218.75,-38.52505
3244524375.0,-38.52621
3244524531.25,-38.5442
3244524687.5,-38.52835
3244524843.75,-38.52703
3244525000.0,-38.50898
3244525156.25,-38.51753
3244525312.5,-38.52248
3244525468.75,-38.52863
3244525625.0,-38.5412
3244525781.25,-38.51834
3244525937.5,-38.52603
3244526093.75,-38.53103
3244526250.0,-38.52692
3244526406.25,-38.54499
3244526562.5,-38.5352
3244526718.75,-38.53949
3244526875.0,-38.53636
3244527031.25,-38.53944
3244527187.5,-38.52936
3244527343.75,-38.52235
3244527500.0,-38.52919
3244527656.25,-38.52915
3244527812.5,-38.55229
3244527968.75,-38.54593
3244528125.0,-38.54799
3244528281.25,-38.54503
3244528437.5,-38.53032
3244528593.75,-38.53749
3244528750.0,-38.54903
3244528906.25,-38.54275
3244529062.5,-38.56009
3244529218.75,-38.55703
3244529375.0,-38.54321
3244529531.25,-38.54314
3244529687.5,-38.53835
3244529843.75,-38.56287
3244530000.0,-38.54194
3244530156.25,-38.54025
3244530312.5,-38.55903
3244530468.75,-38.55562
3244530625.0,-38.55418
3244530781.25,-38.54728
3244530937.5,-38.55584
3244531093.75,-38.55999
3244531250.0,-38.5548
3244531406.25,-38.56116
3244531562.5,-38.55267
3244531718.75,-38.55346
3244531875.0,-38.55197
3244532031.25,-38.56155
3244532187.5,-38.56633
3244532343.75,-38.55848
3244532500.0,-38.56453
3244532656.25,-38.54609
3244532812.5,-38.54961
3244532968.75,-38.54665
3244533125.0,-38.56584
3244533281.25,-38.5491
3244533437.5,-38.55823
3244533593.75,-38.56574
3244533750.0,-38.57206
3244533906.25,-38.57022
3244534062.5,-38.57517
3244534218.75,-38.55526
3244534375.0,-38.58909
3244534531.25,-38.56079
3244534687.5,-38.55993
3244534843.75,-38.56849
3244535000.0,-38.57314
3244535156.25,-38.57468
3244535312.5,-38.57619
3244535468.75,-38.58786
3244535625.0,-38.57426
3244535781.25,-38.57871
3244535937.5,-38.57384
3244536093.75,-38.57394
3244536250.0,-38.57681
3244536406.25,-38.56645
3244536562.5,-38.57183
3244536718.75,-38.58486
3244536875.0,-38.57019
3244537031.25,-38.57471
3244537187.5,-38.58541
3244537343.75,-38.57667
3244537500.0,-38.57546
3244537656.25,-38.59316
3244537812.5,-38.57782
3244537968.75,-38.58638
3244538125.0,-38.59631
3244538281.25,-38.59797
3244538437.5,-38.58699
3244538593.75,-38.59319
3244538750.0,-38.5873
3244538906.25,-38.58416
3244539062.5,-38.58126
3244539218.75,-38.59211
3244539375.0,-38.59523
3244539531.25,-38.58732
3244539687.5,-38.59111
3244539843.75,-38.59104
3244540000.0,-38.61142
3244540156.25,-38.59753
3244540312.5,-38.59391
3244540468.75,-38.59372
3244540625.0,-38.59456
3244540781.25,-38.60434
3244540937.5,-38.59737
3244541093.75,-38.59208
3244541250.0,-38.59309
3244541406.25,-38.60653
3244541562.5,-38.58464
3244541718.75,-38.58929
3244541875.0,-38.60744
3244542031.25,-38.60196
3244542187.5,-38.6208
3244542343.75,-38.60621
3244542500.0,-38.60292
3244542656.25,-38.59673
3244542812.5,-38.6046
3244542968.75,-38.60445
3244543125.0,-38.60363
3244543281.25,-38.59665
3244543437.5,-38.60912
3244543593.75,-38.60058
3244543750.0,-38.62771
3244543906.25,-38.60479
3244544062.5,-38.60738
3244544218.75,-38.61121
3244544375.0,-38.6216
3244544531.25,-38.61505
3244544687.5,-38.60052
3244544843.75,-38.62016
3244545000.0,-38.60846
3244545156.25,-38.63041
3244545312.5,-38.61961
3244545468.75,-38.59962
3244545625.0,-38.61414
3244545781.25,-38.61847
3244545937.5,-38.61871
3244546093.75,-38.61884
3244546250.0,-38.62106
3244546406.25,-38.61874
3244546562.5,-38.63292
3244546718.75,-38.62656
3244546875.0,-38.62416
3244547031.25,-38.64006
3244547187.5,-38.63454
3244547343.75,-38.62984
3244547500.0,-38.62889
3244547656.25,-38.62899
3244547812.5,-38.63198
3244547968.75,-38.62451
3244548125.0,-38.63
3244548281.25,-38.63226
3244548437.5,-38.6237
3244548593.75,-38.63984
3244548750.0,-38.63195
3244548906.25,-38.63124
3244549062.5,-38.62469
3244549218.75,-38.62973
3244549375.0,-38.63222
3244549531.25,-38.65432
3244549687.5,-38.64074
3244549843.75,-38.63251
3244550000.0,-38.63536
3244550156.25,-38.62892
3244550312.5,-38.63195
3244550468.75,-38.63671
3244550625.0,-38.64384
3244550781.25,-38.62922
3244550937.5,-38.64166
3244551093.75,-38.64093
3244551250.0,-38.65587
3244551406.25,-38.65745
3244551562.5,-38.63365
3244551718.75,-38.64098
3244551875.0,-38.64596
3244552031.25,-38.6302
3244552187.5,-38.65225
3244552343.75,-38.65879
3244552500.0,-38.62654
3244552656.25,-38.66549
3244552812.5,-38.66468
3244552968.75,-38.64859
3244553125.0,-38.64912
3244553281.25,-38.65214
3244553437.5,-38.65629
3244553593.75,-38.66855
3244553750.0,-38.65144
3244553906.25,-38.66871
3244554062.5,-38.66375
3244554218.75,-38.65064
3244554375.0,-38.66445
3244554531.25,-38.66172
3244554687.5,-38.6763
3244554843.75,-38.66749
3244555000.0,-38.6678
3244555156.25,-38.6757
3244555312.5,-38.65861
3244555468.75,-38.66023
3244555625.0,-38.66321
3244555781.25,-38.68077
3244555937.5,-38.67329
3244556093.75,-38.67009
3244556250.0,-38.66279
3244556406.25,-38.67358
3244556562.5,-38.66784
3244556718.75,-38.65923
3244556875.0,-38.67822
3244557031.25,-38.67926
3244557187.5,-38.67491
3244557343.75,-38.68088
3244557500.0,-38.6883
3244557656.25,-38.67056
3244557812.5,-38.67822
3244557968.75,-38.68115
3244558125.0,-38.68996
3244558281.25,-38.68733
3244558437.5,-38.67892
3244558593.75,-38.68583
3244558750.0,-38.67998
3244558906.25,-38.67782
3244559062.5,-38.68925
3244559218.75,-38.67598
3244559375.0,-38.69569
3244559531.25,-38.69681
3244559687.5,-38.68534
3244559843.75,-38.67447
3244560000.0,-38.68093
3244560156.25,-38.6809
3244560312.5,-38.67717
3244560468.75,-38.69785
3244560625.0,-38.68516
3244560781.25,-38.70127
3244560937.5,-38.67401
3244561093.75,-38.70067
3244561250.0,-38.68644
3244561406.25,-38.70205
3244561562.5,-38.70058
3244561718.75,-38.70105
3244561875.0,-38.70643
3244562031.25,-38.69594
3244562187.5,-38.70422
3244562343.75,-38.70896
3244562500.0,-38.69933
3244562656.25,-38.69305
3244562812.5,-38.69395
3244562968.75,-38.69744
3244563125.0,-38.69519
3244563281.25,-38.70609
3244563437.5,-38.69783
3244563593.75,-38.69409
3244563750.0,-38.69691
3244563906.25,-38.70519
3244564062.5,-38.72095
3244564218.75,-38.70605
3244564375.0,-38.71546
3244564531.25,-38.70757
3244564687.5,-38.70906
3244564843.75,-38.69708
3244565000.0,-38.7107
3244565156.25,-38.70731
3244565312.5,-38.70908
3244565468.75,-38.7126
3244565625.0,-38.71011
3244565781.25,-38.71268
3244565937.5,-38.717
3244566093.75,-38.70737
3244566250.0,-38.71813
3244566406.25,-38.71059
3244566562.5,-38.73071
3244566718.75,-38.7122
3244566875.0,-38.71613
3244567031.25,-38.70603
3244567187.5,-38.71582
3244567343.75,-38.70665
3244567500.0,-38.70758
3244567656.25,-38.71638
3244567812.5,-38.7343
3244567968.75,-38.73439
3244568125.0,-38.72595
3244568281.25,-38.73104
3244568437.5,-38.7202
3244568593.75,-38.72079
3244568750.0,-38.71968
3244568906.25,-38.72219
3244569062.5,-38.72718
3244569218.75,-38.74697
3244569375.0,-38.72192
3244569531.25,-38.73443
3244569687.5,-38.73346
3244569843.75,-38.72543
3244570000.0,-38.73523
3244570156.25,-38.72317
3244570312.5,-38.72597
3244570468.75,-38.74809
3244570625.0,-38.73908
3244570781.25,-38.74045
3244570937.5,-38.73211
3244571093.75,-38.73265
3244571250.0,-38.74424
3244571406.25,-38.73898
3244571562.5,-38.75035
3244571718.75,-38.73026
3244571875.0,-38.73528
3244572031.25,-38.73716
3244572187.5,-38.74935
3244572343.75,-38.74498
3244572500.0,-38.75002
3244572656.25,-38.74362
3244572812.5,-38.73573
3244572968.75,-38.74474
3244573125.0,-38.72986
3244573281.25,-38.7509
3244573437.5,-38.74067
3244573593.75,-38.74802
3244573750.0,-38.74906
3244573906.25,-38.75272
3244574062.5,-38.74897
3244574218.75,-38.73869
3244574375.0,-38.74997
3244574531.25,-38.76117
3244574687.5,-38.74764
3244574843.75,-38.76033
3244575000.0,-38.75091
3244575156.25,-38.75389
3244575312.5,-38.74097
3244575468.75,-38.76546
3244575625.0,-38.75812
3244575781.25,-38.77214
3244575937.5,-38.75523
3244576093.75,-38.77039
3244576250.0,-38.75173
3244576406.25,-38.74376
3244576562.5,-38.74924
3244576718.75,-38.75801
3244576875.0,-38.75693
3244577031.25,-38.76715
3244577187.5,-38.76235
3244577343.75,-38.74845
3244577500.0,-38.7686
3244577656.25,-38.76299
3244577812.5,-38.76476
3244577968.75,-38.78263
3244578125.0,-38.77988
3244578281.25,-38.75844
3244578437.5,-38.77184
3244578593.75,-38.76456
3244578750.0,-38.77617
3244578906.25,-38.76319
3244579062.5,-38.7814
3244579218.75,-38.76875
3244579375.0,-38.78035
3244579531.25,-38.77866
3244579687.5,-38.77196
3244579843.75,-38.78266
3244580000.0,-38.78645
3244580156.25,-38.77977
3244580312.5,-38.77377
3244580468.75,-38.78025
3244580625.0,-38.76431
3244580781.25,-38.78643
3244580937.5,-38.78344
3244581093.75,-38.78567
3244581250.0,-38.77982
3244581406.25,-38.78363
3244581562.5,-38.78123
3244581718.75,-38.79003
3244581875.0,-38.78785
3244582031.25,-38.77735
3244582187.5,-38.78307
3244582343.75,-38.79266
3244582500.0,-38.79685
3244582656.25,-38.78064
3244582812.5,-38.78911
3244582968.75,-38.79485
3244583125.0,-38.80471
3244583281.25,-38.79322
3244583437.5,-38.79138
3244583593.75,-38.80112
3244583750.0,-38.79997
3244583906.25,-38.79535
3244584062.5,-38.78658
3244584218.75,-38.80843
3244584375.0,-38.79429
3244584531.25,-38.81034
3244584687.5,-38.79572
3244584843.75,-38.80185
3244585000.0,-38.79203
3244585156.25,-38.79423
3244585312.5,-38.79496
3244585468.75,-38.80315
3244585625.0,-38.79979
3244585781.25,-38.79788
3244585937.5,-38.80333
3244586093.75,-38.81263
3244586250.0,-38.81192
3244586406.25,-38.81141
3244586562.5,-38.81785
3244586718.75,-38.79947
3244586875.0,-38.80864
3244587031.25,-38.798
3244587187.5,-38.81361
3244587343.75,-38.81772
3244587500.0,-38.8291
3244587656.25,-38.81592
3244587812.5,-38.80811
3244587968.75,-38.82232
3244588125.0,-38.81536
3244588281.25,-38.81034
3244588437.5,-38.83464
3244588593.75,-38.82029
3244588750.0,-38.82116
3244588906.25,-38.7879
3244589062.5,-38.8159
3244589218.75,-38.81623
3244589375.0,-38.80011
3244589531.25,-38.81086
3244589687.5,-38.82533
3244589843.75,-38.8096
3244590000.0,-38.82646
3244590156.25,-38.82375
3244590312.5,-38.80958
3244590468.75,-38.82273
3244590625.0,-38.82758
3244590781.25,-38.82679
3244590937.5,-38.81969
3244591093.75,-38.82827
3244591250.0,-38.85092
3244591406.25,-38.83622
3244591562.5,-38.83594
3244591718.75,-38.83825
3244591875.0,-38.83912
3244592031.25,-38.83996
3244592187.5,-38.82712
3244592343.75,-38.83646
3244592500.0,-38.83786
3244592656.25,-38.84582
3244592812.5,-38.83199
3244592968.75,-38.83247
3244593125.0,-38.84082
3244593281.25,-38.83924
3244593437.5,-38.8326
3244593593.75,-38.83812
3244593750.0,-38.8339
3244593906.25,-38.83808
3244594062.5,-38.8381
3244594218.75,-38.85039
3244594375.0,-38.83925
3244594531.25,-38.82005
3244594687.5,-38.83016
3244594843.75,-38.84731
3244595000.0,-38.85621
3244595156.25,-38.82906
3244595312.5,-38.8415
3244595468.75,-38.84176
3244595625.0,-38.85162
3244595781.25,-38.84544
3244595937.5,-38.84744
3244596093.75,-38.84391
3244596250.0,-38.86183
3244596406.25,-38.85292
3244596562.5,-38.86074
3244596718.75,-38.84109
3244596875.0,-38.86818
3244597031.25,-38.84522
3244597187.5,-38.84238
3244597343.75,-38.86069
3244597500.0,-38.86236
3244597656.25,-38.86958
3244597812.5,-38.86507
3244597968.75,-38.85374
3244598125.0,-38.84645
3244598281.25,-38.84691
3244598437.5,-38.84741
3244598593.75,-38.85206
3244598750.0,-38.85708
3244598906.25,-38.86386
3244599062.5,-38.86996
3244599218.75,-38.88876
3244599375.0,-38.86435
3244599531.25,-38.86128
3244599687.5,-38.87246
3244599843.75,-38.86018
3244600000.0,-38.85928
3244600156.25,-38.86881
3244600312.5,-38.87432
3244600468.75,-38.8668
3244600625.0,-38.88139
3244600781.25,-38.87826
3244600937.5,-38.86912
3244601093.75,-38.85957
3244601250.0,-38.85832
3244601406.25,-38.8784
3244601562.5,-38.87492
3244601718.75,-38.87996
3244601875.0,-38.87757
3244602031.25,-38.86245
3244602187.5,-38.88121
3244602343.75,-38.87377
3244602500.0,-38.8682
3244602656.25,-38.86966
3244602812.5,-38.89165
3244602968.75,-38.88018
3244603125.0,-38.88357
3244603281.25,-38.87386
3244603437.5,-38.8765
3244603593.75,-38.87872
3244603750.0,-38.8845
3244603906.25,-38.87857
3244604062.5,-38.87275
3244604218.75,-38.89112
3244604375.0,-38.88952
3244604531.25,-38.87841
3244604687.5,-38.89643
3244604843.75,-38.89199
3244605000.0,-38.88939
3244605156.25,-38.89851
3244605312.5,-38.88796
3244605468.75,-38.89859
3244605625.0,-38.88142
3244605781.25,-38.8836
3244605937.5,-38.90138
3244606093.75,-38.8784
3244606250.0,-38.89574
3244606406.25,-38.89042
3244606562.5,-38.88508
3244606718.75,-38.89877
3244606875.0,-38.88768
3244607031.25,-38.89747
3244607187.5,-38.90241
3244607343.75,-38.8908
3244607500.0,-38.90503
3244607656.25,-38.90477
3244607812.5,-38.91767
3244607968.75,-38.91068
3244608125.0,-38.91141
3244608281.25,-38.88744
3244608437.5,-38.90337
3244608593.75,-38.90478
3244608750.0,-38.89035
3244608906.25,-38.90488
3244609062.5,-38.91493
3244609218.75,-38.91708
3244609375.0,-38.91157
3244609531.25,-38.90179
3244609687.5,-38.92532
3244609843.75,-38.90953
3244610000.0,-38.90934
3244610156.25,-38.9242
3244610312.5,-38.90864
3244610468.75,-38.91066
3244610625.0,-38.91623
3244610781.25,-38.92247
3244610937.5,-38.9077
3244611093.75,-38.91649
3244611250.0,-38.91007
3244611406.25,-38.91289
3244611562.5,-38.91378
3244611718.75,-38.9104
3244611875.0,-38.9199
3244612031.25,-38.917
3244612187.5,-38.92593
3244612343.75,-38.9123
3244612500.0,-38.93187
3244612656.25,-38.89557
3244612812.5,-38.9179
3244612968.75,-38.93881
3244613125.0,-38.9236
3244613281.25,-38.9222
3244613437.5,-38.93948
3244613593.75,-38.92809
3244613750.0,-38.92839
3244613906.25,-38.93427
3244614062.5,-38.93177
3244614218.75,-38.94317
3244614375.0,-38.91467
3244614531.25,-38.92796
3244614687.5,-38.93206
3244614843.75,-38.9318
3244615000.0,-38.92105
3244615156.25,-38.92915
3244615312.5,-38.93756
3244615468.75,-38.94099
3244615625.0,-38.94531
3244615781.25,-38.94432
3244615937.5,-38.9489
3244616093.75,-38.93038
3244616250.0,-38.94383
3244616406.25,-38.93761
3244616562.5,-38.94534
3244616718.75,-38.94029
3244616875.0,-38.9341
3244617031.25,-38.95617
3244617187.5,-38.9355
3244617343.75,-38.94915
3244617500.0,-38.94315
3244617656.25,-38.94477
3244617812.5,-38.93778
3244617968.75,-38.94891
3244618125.0,-38.94661
3244618281.25,-38.93999
3244618437.5,-38.9514
3244618593.75,-38.95886
3244618750.0,-38.96234
3244618906.25,-38.94027
3244619062.5,-38.95049
3244619218.75,-38.95002
3244619375.0,-38.9522
3244619531.25,-38.95306
3244619687.5,-38.95829
3244619843.75,-38.96647
3244620000.0,-38.95662
3244620156.25,-38.95936
3244620312.5,-38.95495
3244620468.75,-38.96168
3244620625.0,-38.97109
3244620781.25,-38.94383
3244620937.5,-38.95916
3244621093.75,-38.97541
3244621250.0,-38.96463
3244621406.25,-38.96727
3244621562.5,-38.96022
3244621718.75,-38.96019
3244621875.0,-38.96785
3244622031.25,-38.96486
3244622187.5,-38.96523
3244622343.75,-38.97239
3244622500.0,-38.97618
3244622656.25,-38.97106
3244622812.5,-38.97466
3244622968.75,-38.97584
3244623125.0,-38.96679
3244623281.25,-38.97624
3244623437.5,-38.9657
3244623593.75,-38.96662
3244623750.0,-38.97396
3244623906.25,-38.96739
3244624062.5,-38.97728
3244624218.75,-38.99347
3244624375.0,-38.96494
3244624531.25,-38.97011
3244624687.5,-38.98357
3244624843.75,-38.97277
3244625000.0,-38.97668
3244625156.25,-38.97891
3244625312.5,-38.98131
3244625468.75,-38.98233
3244625625.0,-38.96935
3244625781.25,-38.99076
3244625937.5,-38.97219
3244626093.75,-38.97688
3244626250.0,-38.99786
3244626406.25,-38.99075
3244626562.5,-38.98553
3244626718.75,-38.97443
3244626875.0,-38.99186
3244627031.25,-38.9916
3244627187.5,-38.98661
3244627343.75,-38.98059
3244627500.0,-38.99729
3244627656.25,-38.98637
3244627812.5,-38.99172
3244627968.75,-38.99633
3244628125.0,-38.9821
3244628281.25,-39.01831
3244628437.5,-38.97877
3244628593.75,-38.99865
3244628750.0,-38.9936
3244628906.25,-38.98464
3244629062.5,-39.00235
3244629218.75,-39.00003
3244629375.0,-38.99645
3244629531.25,-38.99995
3244629687.5,-39.00496
3244629843.75,-38.9956
3244630000.0,-38.99395
3244630156.25,-38.99905
3244630312.5,-39.014
3244630468.75,-39.02337
3244630625.0,-39.01013
3244630781.25,-38.99337
3244630937.5,-39.01336
3244631093.75,-39.01175
3244631250.0,-39.0219
3244631406.25,-39.01168
3244631562.5,-39.00794
3244631718.75,-39.00935
3244631875.0,-38.99588
3244632031.25,-39.00751
3244632187.5,-39.00086
3244632343.75,-39.00972
3244632500.0,-39.00861
3244632656.25,-39.01477
3244632812.5,-39.01976
3244632968.75,-39.00937
3244633125.0,-39.01235
3244633281.25,-39.01413
3244633437.5,-39.01366
3244633593.75,-39.03175
3244633750.0,-39.02247
3244633906.25,-39.02403
3244634062.5,-39.01061
3244634218.75,-39.03164
3244634375.0,-39.01849
3244634531.25,-39.01488
3244634687.5,-39.03691
3244634843.75,-39.03059
3244635000.0,-39.0323
3244635156.25,-39.02338
3244635312.5,-39.02722
3244635468.75,-39.02758
3244635625.0,-39.02266
3244635781.25,-39.02604
3244635937.5,-39.01903
3244636093.75,-39.0223
3244636250.0,-39.00555
3244636406.25,-39.02295
3244636562.5,-39.03323
3244636718.75,-39.03566
3244636875.0,-39.04293
3244637031.25,-39.03356
3244637187.5,-39.04039
3244637343.75,-39.02509
3244637500.0,-39.04218
3244637656.25,-39.03463
3244637812.5,-39.02771
3244637968.75,-39.04102
3244638125.0,-39.04385
3244638281.25,-39.02179
3244638437.5,-39.03975
3244638593.75,-39.05038
3244638750.0,-39.04012
3244638906.25,-39.04022
3244639062.5,-39.04282
3244639218.75,-39.0331
3244639375.0,-39.03935
3244639531.25,-39.03701
3244639687.5,-39.03878
3244639843.75,-39.02226
3244640000.0,-39.05542
3244640156.25,-39.04552
3244640312.5,-39.05122
3244640468.75,-39.06198
3244640625.0,-39.04836
3244640781.25,-39.04181
3244640937.5,-39.05344
3244641093.75,-39.042
3244641250.0,-39.05747
3244641406.25,-39.05961
3244641562.5,-39.054
3244641718.75,-39.0559
3244641875.0,-39.04407
3244642031.25,-39.06021
3244642187.5,-39.05543
3244642343.75,-39.05252
3244642500.0,-39.05083
3244642656.25,-39.05174
3244642812.5,-39.05242
3244642968.75,-39.04908
3244643125.0,-39.06408
3244643281.25,-39.06971
3244643437.5,-39.0441
3244643593.75,-39.0529
3244643750.0,-39.06274
3244643906.25,-39.04981
3244644062.5,-39.06885
3244644218.75,-39.07843
3244644375.0,-39.04437
3244644531.25,-39.05288
3244644687.5,-39.06626
3244644843.75,-39.07707
3244645000.0,-39.07494
3244645156.25,-39.05958
3244645312.5,-39.07344
3244645468.75,-39.06568
3244645625.0,-39.07961
3244645781.25,-39.05588
3244645937.5,-39.0697
3244646093.75,-39.05706
3244646250.0,-39.06402
3244646406.25,-39.06195
3244646562.5,-39.08619
3244646718.75,-39.07878
3244646875.0,-39.07713
3244647031.25,-39.06801
3244647187.5,-39.09235
3244647343.75,-39.06865
3244647500.0,-39.06422
3244647656.25,-39.07618
3244647812.5,-39.08244
3244647968.75,-39.08286
3244648125.0,-39.075
3244648281.25,-39.07911
3244648437.5,-39.08046
3244648593.75,-39.0792
3244648750.0,-39.07142
3244648906.25,-39.07656
3244649062.5,-39.08747
3244649218.75,-39.07358
3244649375.0,-39.09283
3244649531.25,-39.10047
3244649687.5,-39.09553
3244649843.75,-39.10196
3244650000.0,-39.0934
3244650156.25,-39.0889
3244650312.5,-39.07774
3244650468.75,-39.08648
3244650625.0,-39.08586
3244650781.25,-39.09024
3244650937.5,-39.09175
3244651093.75,-39.10112
3244651250.0,-39.09886
3244651406.25,-39.09506
3244651562.5,-39.09736
3244651718.75,-39.07923
3244651875.0,-39.09407
3244652031.25,-39.08681
3244652187.5,-39.08036
3244652343.75,-39.09787
3244652500.0,-39.09898
3244652656.25,-39.10494
3244652812.5,-39.0914
3244652968.75,-39.10396
3244653125.0,-39.10121
3244653281.25,-39.10119
3244653437.5,-39.11246
3244653593.75,-39.10096
3244653750.0,-39.13425
3244653906.25,-39.10207
3244654062.5,-39.10783
3244654218.75,-39.09982
3244654375.0,-39.10049
3244654531.25,-39.11148
3244654687.5,-39.0981
3244654843.75,-39.11156
3244655000.0,-39.11107
3244655156.25,-39.11353
3244655312.5,-39.12048
3244655468.75,-39.1113
3244655625.0,-39.10982
3244655781.25,-39.11544
3244655937.5,-39.11947
3244656093.75,-39.12811
3244656250.0,-39.11493
3244656406.25,-39.11777
3244656562.5,-39.10976
3244656718.75,-39.11362
3244656875.0,-39.11992
3244657031.25,-39.11413
3244657187.5,-39.12533
3244657343.75,-39.11012
3244657500.0,-39.1335
3244657656.25,-39.12908
3244657812.5,-39.13412
3244657968.75,-39.12694
3244658125.0,-39.11956
3244658281.25,-39.11863
3244658437.5,-39.12893
3244658593.75,-39.13727
3244658750.0,-39.13836
3244658906.25,-39.12985
3244659062.5,-39.12051
3244659218.75,-39.14631
3244659375.0,-39.13378
3244659531.25,-39.13131
3244659687.5,-39.12162
3244659843.75,-39.13135
3244660000.0,-39.13572
3244660156.25,-39.14255
3244660312.5,-39.14285
3244660468.75,-39.14319
3244660625.0,-39.14407
3244660781.25,-39.14631
3244660937.5,-39.14025
3244661093.75,-39.13148
3244661250.0,-39.14645
3244661406.25,-39.12434
3244661562.5,-39.14005
3244661718.75,-39.13352
3244661875.0,-39.13627
3244662031.25,-39.14112
3244662187.5,-39.14384
3244662343.75,-39.15123
3244662500.0,-39.14401
3244662656.25,-39.13843
3244662812.5,-39.13832
3244662968.75,-39.14639
3244663125.0,-39.13316
3244663281.25,-39.13597
3244663437.5,-39.13177
3244663593.75,-39.1432
3244663750.0,-39.17378
3244663906.25,-39.1584
3244664062.5,-39.14862
3244664218.75,-39.15427
3244664375.0,-39.14967
3244664531.25,-39.16051
3244664687.5,-39.147
3244664843.75,-39.14985
3244665000.0,-39.15561
3244665156.25,-39.15654
3244665312.5,-39.16697
3244665468.75,-39.14324
3244665625.0,-39.16229
3244665781.25,-39.1673
3244665937.5,-39.16464
3244666093.75,-39.15961
3244666250.0,-39.15166
3244666406.25,-39.1576
3244666562.5,-39.1554
3244666718.75,-39.16318
3244666875.0,-39.15517
3244667031.25,-39.15089
3244667187.5,-39.17152
3244667343.75,-39.17602
3244667500.0,-39.16465
3244667656.25,-39.16027
3244667812.5,-39.15887
3244667968.75,-39.16427
3244668125.0,-39.16443
3244668281.25,-39.15975
3244668437.5,-39.17152
3244668593.75,-39.16763
3244668750.0,-39.16359
3244668906.25,-39.18902
3244669062.5,-39.17471
3244669218.75,-39.16287
3244669375.0,-39.16909
3244669531.25,-39.1799
3244669687.5,-39.1706
3244669843.75,-39.17038
3244670000.0,-39.19172
3244670156.25,-39.17606
3244670312.5,-39.17168
3244670468.75,-39.19499
3244670625.0,-39.16953
3244670781.25,-39.17061
3244670937.5,-39.19364
3244671093.75,-39.19637
3244671250.0,-39.1659
3244671406.25,-39.1818
3244671562.5,-39.18796
3244671718.75,-39.19051
3244671875.0,-39.18543
3244672031.25,-39.17846
3244672187.5,-39.1824
3244672343.75,-39.16428
3244672500.0,-39.18281
3244672656.25,-39.17269
3244672812.5,-39.16509
3244672968.75,-39.18394
3244673125.0,-39.17185
3244673281.25,-39.18935
3244673437.5,-39.18503
3244673593.75,-39.18848
3244673750.0,-39.18256
3244673906.25,-39.1887
3244674062.5,-39.19386
3244674218.75,-39.19529
3244674375.0,-39.20046
3244674531.25,-39.20706
3244674687.5,-39.19823
3244674843.75,-39.19737
3244675000.0,-39.19744
3244675156.25,-39.20655
3244675312.5,-39.19641
3244675468.75,-39.18594
3244675625.0,-39.19381
3244675781.25,-39.2199
3244675937.5,-39.20656
3244676093.75,-39.22
3244676250.0,-39.19468
3244676406.25,-39.19543
3244676562.5,-39.21793
3244676718.75,-39.20195
3244676875.0,-39.18129
3244677031.25,-39.20129
3244677187.5,-39.23002
3244677343.75,-39.21446
3244677500.0,-39.2098
3244677656.25,-39.20345
3244677812.5,-39.20848
3244677968.75,-39.22351
3244678125.0,-39.20845
3244678281.25,-39.20019
3244678437.5,-39.19894
3244678593.75,-39.21633
3244678750.0,-39.21988
3244678906.25,-39.2103
3244679062.5,-39.21774
3244679218.75,-39.21578
3244679375.0,-39.22773
3244679531.25,-39.21632
3244679687.5,-39.22918
3244679843.75,-39.22122
3244680000.0,-39.20987
3244680156.25,-39.21905
3244680312.5,-39.21306
3244680468.75,-39.21734
3244680625.0,-39.22132
3244680781.25,-39.22749
3244680937.5,-39.21834
3244681093.75,-39.2245
3244681250.0,-39.21753
3244681406.25,-39.22181
3244681562.5,-39.20799
3244681718.75,-39.22015
3244681875.0,-39.21463
3244682031.25,-39.23023
3244682187.5,-39.21771
3244682343.75,-39.24408
3244682500.0,-39.23885
3244682656.25,-39.23852
3244682812.5,-39.21855
3244682968.75,-39.24604
3244683125.0,-39.22451
3244683281.25,-39.22292
3244683437.5,-39.23759
3244683593.75,-39.24806
3244683750.0,-39.24626
3244683906.25,-39.23693
3244684062.5,-39.23306
3244684218.75,-39.2334
3244684375.0,-39.22676
3244684531.25,-39.23772
3244684687.5,-39.23425
3244684843.75,-39.23003
3244685000.0,-39.24076
3244685156.25,-39.24097
3244685312.5,-39.24261
3244685468.75,-39.23907
3244685625.0,-39.2349
3244685781.25,-39.24013
3244685937.5,-39.25517
3244686093.75,-39.24607
3244686250.0,-39.25839
3244686406.25,-39.24762
3244686562.5,-39.23337
3244686718.75,-39.23502
3244686875.0,-39.23304
3244687031.25,-39.25197
3244687187.5,-39.25065
3244687343.75,-39.24297
3244687500.0,-39.26064
3244687656.25,-39.23827
3244687812.5,-39.24214
3244687968.75,-39.25365
3244688125.0,-39.25206
3244688281.25,-39.25906
3244688437.5,-39.241
3244688593.75,-39.2527
3244688750.0,-39.26496
3244688906.25,-39.25049
3244689062.5,-39.24822
3244689218.75,-39.24923
3244689375.0,-39.25873
3244689531.25,-39.26461
3244689687.5,-39.26045
3244689843.75,-39.26312
3244690000.0,-39.26143
3244690156.25,-39.24934
3244690312.5,-39.25874
3244690468.75,-39.25851
3244690625.0,-39.25316
3244690781.25,-39.25671
3244690937.5,-39.27983
3244691093.75,-39.26595
3244691250.0,-39.26801
3244691406.25,-39.27218
3244691562.5,-39.27541
3244691718.75,-39.26514
3244691875.0,-39.2651
3244692031.25,-39.28551
3244692187.5,-39.25417
3244692343.75,-39.27795
3244692500.0,-39.26668
3244692656.25,-39.28949
3244692812.5,-39.28485
3244692968.75,-39.27578
3244693125.0,-39.27088
3244693281.25,-39.27195
3244693437.5,-39.28563
3244693593.75,-39.28375
3244693750.0,-39.29768
3244693906.25,-39.2905
3244694062.5,-39.29642
3244694218.75,-39.27269
3244694375.0,-39.27299
3244694531.25,-39.27551
3244694687.5,-39.27922
3244694843.75,-39.27774
3244695000.0,-39.30456
3244695156.25,-39.2927
3244695312.5,-39.29345
3244695468.75,-39.29459
3244695625.0,-39.27378
3244695781.25,-39.2893
3244695937.5,-39.30063
3244696093.75,-39.28756
3244696250.0,-39.2934
3244696406.25,-39.28522
3244696562.5,-39.28838
3244696718.75,-39.28759
3244696875.0,-39.27732
3244697031.25,-39.28897
3244697187.5,-39.30615
3244697343.75,-39.28872
3244697500.0,-39.29588
3244697656.25,-39.30091
3244697812.5,-39.29361
3244697968.75,-39.30209
3244698125.0,-39.29563
3244698281.25,-39.30679
3244698437.5,-39.29362
3244698593.75,-39.28014
3244698750.0,-39.29232
3244698906.25,-39.31419
3244699062.5,-39.30659
3244699218.75,-39.28806
3244699375.0,-39.29446
3244699531.25,-39.31339
3244699687.5,-39.31042
3244699843.75,-39.30261
3244700000.0,-39.3004
3244700156.25,-39.30009
3244700312.5,-39.30978
3244700468.75,-39.30134
3244700625.0,-39.3172
3244700781.25,-39.31172
3244700937.5,-39.3007
3244701093.75,-39.30028
3244701250.0,-39.30051
3244701406.25,-39.31931
3244701562.5,-39.30523
3244701718.75,-39.32217
3244701875.0,-39.30735
3244702031.25,-39.31359
3244702187.5,-39.31643
3244702343.75,-39.31726
3244702500.0,-39.31804
3244702656.25,-39.31881
3244702812.5,-39.30354
3244702968.75,-39.30986
3244703125.0,-39.31836
3244703281.25,-39.32146
3244703437.5,-39.31834
3244703593.75,-39.32559
3244703750.0,-39.32137
3244703906.25,-39.32851
3244704062.5,-39.30197
3244704218.75,-39.32653
3244704375.0,-39.32738
3244704531.25,-39.31319
3244704687.5,-39.33694
3244704843.75,-39.32383
3244705000.0,-39.34305
3244705156.25,-39.33153
3244705312.5,-39.32444
3244705468.75,-39.3354
3244705625.0,-39.34248
3244705781.25,-39.33574
3244705937.5,-39.32703
3244706093.75,-39.31197
3244706250.0,-39.32249
3244706406.25,-39.3384
3244706562.5,-39.31653
3244706718.75,-39.31983
3244706875.0,-39.3155
3244707031.25,-39.32047
3244707187.5,-39.32907
3244707343.75,-39.33653
3244707500.0,-39.34331
3244707656.25,-39.34339
3244707812.5,-39.33521
3244707968.75,-39.34185
3244708125.0,-39.33966
3244708281.25,-39.33798
3244708437.5,-39.33787
3244708593.75,-39.3449
3244708750.0,-39.34037
3244708906.25,-39.3563
3244709062.5,-39.33698
3244709218.75,-39.34831
3244709375.0,-39.34404
3244709531.25,-39.33947
3244709687.5,-39.35408
3244709843.75,-39.35095
3244710000.0,-39.34098
3244710156.25,-39.36473
3244710312.5,-39.35021
3244710468.75,-39.34688
3244710625.0,-39.35698
3244710781.25,-39.34435
3244710937.5,-39.34435
3244711093.75,-39.36463
3244711250.0,-39.32881
3244711406.25,-39.36114
3244711562.5,-39.34275
3244711718.75,-39.36318
3244711875.0,-39.36489
3244712031.25,-39.35604
3244712187.5,-39.3557
3244712343.75,-39.3717
3244712500.0,-39.36631
3244712656.25,-39.35729
3244712812.5,-39.36811
3244712968.75,-39.35328
3244713125.0,-39.36131
3244713281.25,-39.36303
3244713437.5,-39.36509
3244713593.75,-39.36482
3244713750.0,-39.36231
3244713906.25,-39.35121
3244714062.5,-39.35427
3244714218.75,-39.38042
3244714375.0,-39.37352
3244714531.25,-39.36665
3244714687.5,-39.35757
3244714843.75,-39.37581
3244715000.0,-39.38005
3244715156.25,-39.36109
3244715312.5,-39.36683
3244715468.75,-39.36289
3244715625.0,-39.35422
3244715781.25,-39.37648
3244715937.5,-39.36079
3244716093.75,-39.38853
3244716250.0,-39.37661
3244716406.25,-39.37856
3244716562.5,-39.37178
3244716718.75,-39.38969
3244716875.0,-39.38118
3244717031.25,-39.37231
3244717187.5,-39.39432
3244717343.75,-39.37391
3244717500.0,-39.3716
3244717656.25,-39.39421
3244717812.5,-39.38779
3244717968.75,-39.37593
3244718125.0,-39.37846
3244718281.25,-39.38929
3244718437.5,-39.38085
3244718593.75,-39.39236
3244718750.0,-39.39016
3244718906.25,-39.37774
3244719062.5,-39.39651
3244719218.75,-39.39184
3244719375.0,-39.38239
3244719531.25,-39.38768
3244719687.5,-39.38651
3244719843.75,-39.39589
3244720000.0,-39.38042
3244720156.25,-39.39455
3244720312.5,-39.38923
3244720468.75,-39.38571
3244720625.0,-39.37792
3244720781.25,-39.3766
3244720937.5,-39.40511
3244721093.75,-39.39016
3244721250.0,-39.39487
3244721406.25,-39.39686
3244721562.5,-39.40894
3244721718.75,-39.37368
3244721875.0,-39.39353
3244722031.25,-39.39528
3244722187.5,-39.39114
3244722343.75,-39.38649
3244722500.0,-39.38919
3244722656.25,-39.39245
3244722812.5,-39.39227
3244722968.75,-39.37737
3244723125.0,-39.39313
3244723281.25,-39.41448
3244723437.5,-39.39211
3244723593.75,-39.40165
3244723750.0,-39.40721
3244723906.25,-39.39187
3244724062.5,-39.41278
3244724218.75,-39.39246
3244724375.0,-39.40828
3244724531.25,-39.41363
3244724687.5,-39.40264
3244724843.75,-39.42084
3244725000.0,-39.40063
3244725156.25,-39.4067
3244725312.5,-39.41356
3244725468.75,-39.41877
3244725625.0,-39.40423
3244725781.25,-39.41523
3244725937.5,-39.4197
3244726093.75,-39.43006
3244726250.0,-39.42732
3244726406.25,-39.42054
3244726562.5,-39.41562
3244726718.75,-39.41124
3244726875.0,-39.41629
3244727031.25,-39.42611
3244727187.5,-39.42197
3244727343.75,-39.41016
3244727500.0,-39.43158
3244727656.25,-39.42678
3244727812.5,-39.41434
3244727968.75,-39.42009
3244728125.0,-39.41815
3244728281.25,-39.43396
3244728437.5,-39.41431
3244728593.75,-39.43
3244728750.0,-39.43468
3244728906.25,-39.44213
3244729062.5,-39.42643
3244729218.75,-39.41596
3244729375.0,-39.42448
3244729531.25,-39.45813
3244729687.5,-39.42332
3244729843.75,-39.45178
3244730000.0,-39.43205
3244730156.25,-39.42517
3244730312.5,-39.4189
3244730468.75,-39.43785
3244730625.0,-39.42717
3244730781.25,-39.43687
3244730937.5,-39.43483
3244731093.75,-39.43102
3244731250.0,-39.43426
3244731406.25,-39.43443
3244731562.5,-39.42907
3244731718.75,-39.4427
3244731875.0,-39.44359
3244732031.25,-39.44124
3244732187.5,-39.42772
3244732343.75,-39.43049
3244732500.0,-39.44474
3244732656.25,-39.43445
3244732812.5,-39.45441
3244732968.75,-39.4368
3244733125.0,-39.43893
3244733281.25,-39.4391
3244733437.5,-39.44088
3244733593.75,-39.4495
3244733750.0,-39.44381
3244733906.25,-39.43097
3244734062.5,-39.43852
3244734218.75,-39.42617
3244734375.0,-39.46544
3244734531.25,-39.4659
3244734687.5,-39.45927
3244734843.75,-39.43598
3244735000.0,-39.44445
3244735156.25,-39.44018
3244735312.5,-39.46484
3244735468.75,-39.44883
3244735625.0,-39.45031
3244735781.25,-39.45853
3244735937.5,-39.46624
3244736093.75,-39.45918
3244736250.0,-39.45749
3244736406.25,-39.46896
3244736562.5,-39.45981
3244736718.75,-39.46313
3244736875.0,-39.46478
3244737031.25,-39.45574
3244737187.5,-39.46065
3244737343.75,-39.46499
3244737500.0,-39.47334
3244737656.25,-39.45595
3244737812.5,-39.46626
3244737968.75,-39.46702
3244738125.0,-39.46079
3244738281.25,-39.44929
3244738437.5,-39.45865
3244738593.75,-39.47072
3244738750.0,-39.46642
3244738906.25,-39.47196
3244739062.5,-39.46781
3244739218.75,-39.48004
3244739375.0,-39.47238
3244739531.25,-39.48287
3244739687.5,-39.47499
3244739843.75,-39.46727
3244740000.0,-39.47272
3244740156.25,-39.46131
3244740312.5,-39.47282
3244740468.75,-39.47149
3244740625.0,-39.48039
3244740781.25,-39.45423
3244740937.5,-39.47078
3244741093.75,-39.47865
3244741250.0,-39.48847
3244741406.25,-39.48076
3244741562.5,-39.47321
3244741718.75,-39.48264
3244741875.0,-39.47812
3244742031.25,-39.48782
3244742187.5,-39.46101
3244742343.75,-39.48103
3244742500.0,-39.48949
3244742656.25,-39.47601
3244742812.5,-39.49041
3244742968.75,-39.48149
3244743125.0,-39.48769
3244743281.25,-39.48854
3244743437.5,-39.46208
3244743593.75,-39.48536
3244743750.0,-39.47667
3244743906.25,-39.48133
3244744062.5,-39.47297
3244744218.75,-39.50037
3244744375.0,-39.49316
3244744531.25,-39.47507
3244744687.5,-39.48633
3244744843.75,-39.49358
3244745000.0,-39.49108
3244745156.25,-39.50082
3244745312.5,-39.49416
3244745468.75,-39.49823
3244745625.0,-39.48473
3244745781.25,-39.48788
3244745937.5,-39.5092
3244746093.75,-39.4888
3244746250.0,-39.51376
3244746406.25,-39.49499
3244746562.5,-39.50114
3244746718.75,-39.49871
3244746875.0,-39.50437
3244747031.25,-39.50472
3244747187.5,-39.5019
3244747343.75,-39.51533
3244747500.0,-39.4948
3244747656.25,-39.51057
3244747812.5,-39.519
3244747968.75,-39.5141
3244748125.0,-39.50446
3244748281.25,-39.51003
3244748437.5,-39.49396
3244748593.75,-39.51236
3244748750.0,-39.52429
3244748906.25,-39.50833
3244749062.5,-39.5042
3244749218.75,-39.52269
3244749375.0,-39.52042
3244749531.25,-39.51598
3244749687.5,-39.50299
3244749843.75,-39.51692
3244750000.0,-39.52767
3244750156.25,-39.51883
3244750312.5,-39.50473
3244750468.75,-39.52227
3244750625.0,-39.51797
3244750781.25,-39.50988
3244750937.5,-39.52102
3244751093.75,-39.50908
3244751250.0,-39.53179
3244751406.25,-39.52663
3244751562.5,-39.5183
3244751718.75,-39.52074
3244751875.0,-39.52504
3244752031.25,-39.51031
3244752187.5,-39.52758
3244752343.75,-39.52312
3244752500.0,-39.51388
3244752656.25,-39.50943
3244752812.5,-39.52754
3244752968.75,-39.5309
3244753125.0,-39.52826
3244753281.25,-39.52274
3244753437.5,-39.52658
3244753593.75,-39.51616
3244753750.0,-39.52809
3244753906.25,-39.53538
3244754062.5,-39.53885
3244754218.75,-39.53117
3244754375.0,-39.52009
3244754531.25,-39.53428
3244754687.5,-39.54249
3244754843.75,-39.52619
3244755000.0,-39.54462
3244755156.25,-39.54498
3244755312.5,-39.54298
3244755468.75,-39.54361
3244755625.0,-39.55317
3244755781.25,-39.52502
3244755937.5,-39.5276
3244756093.75,-39.52901
3244756250.0,-39.53758
3244756406.25,-39.54792
3244756562.5,-39.5582
3244756718.75,-39.55809
3244756875.0,-39.52818
3244757031.25,-39.54162
3244757187.5,-39.53322
3244757343.75,-39.56418
3244757500.0,-39.55327
3244757656.25,-39.54581
3244757812.5,-39.55727
3244757968.75,-39.53596
3244758125.0,-39.55873
3244758281.25,-39.52984
3244758437.5,-39.54704
3244758593.75,-39.53353
3244758750.0,-39.54039
3244758906.25,-39.55555
3244759062.5,-39.54284
3244759218.75,-39.5528
3244759375.0,-39.55479
3244759531.25,-39.56225
3244759687.5,-39.55864
3244759843.75,-39.55658
3244760000.0,-39.55072
3244760156.25,-39.54969
3244760312.5,-39.56353
3244760468.75,-39.55959
3244760625.0,-39.55381
3244760781.25,-39.55364
3244760937.5,-39.57351
3244761093.75,-39.55856
3244761250.0,-39.56299
3244761406.25,-39.57199
3244761562.5,-39.55777
3244761718.75,-39.59167
3244761875.0,-39.54937
3244762031.25,-39.55926
3244762187.5,-39.5626
3244762343.75,-39.56084
3244762500.0,-39.56977
3244762656.25,-39.5629
3244762812.5,-39.57053
3244762968.75,-39.57558
3244763125.0,-39.5771
3244763281.25,-39.5742
3244763437.5,-39.56083
3244763593.75,-39.58294
3244763750.0,-39.57323
3244763906.25,-39.56953
3244764062.5,-39.56034
3244764218.75,-39.57228
3244764375.0,-39.55604
3244764531.25,-39.56369
3244764687.5,-39.56213
3244764843.75,-39.55515
3244765000.0,-39.57307
3244765156.25,-39.58961
3244765312.5,-39.59045
3244765468.75,-39.587
3244765625.0,-39.57246
3244765781.25,-39.58397
3244765937.5,-39.58148
3244766093.75,-39.57393
3244766250.0,-39.58452
3244766406.25,-39.58196
3244766562.5,-39.56573
3244766718.75,-39.57412
3244766875.0,-39.5821
3244767031.25,-39.598
3244767187.5,-39.58497
3244767343.75,-39.59193
3244767500.0,-39.59883
3244767656.25,-39.59507
3244767812.5,-39.58068
3244767968.75,-39.61301
3244768125.0,-39.58821
3244768281.25,-39.5863
3244768437.5,-39.5867
3244768593.75,-39.5801
3244768750.0,-39.60016
3244768906.25,-39.58609
3244769062.5,-39.5907
3244769218.75,-39.59347
3244769375.0,-39.60052
3244769531.25,-39.60285
3244769687.5,-39.61336
3244769843.75,-39.60701
3244770000.0,-39.59943
3244770156.25,-39.60454
3244770312.5,-39.59488
3244770468.75,-39.59491
3244770625.0,-39.58016
3244770781.25,-39.60468
3244770937.5,-39.59628
3244771093.75,-39.60807
3244771250.0,-39.60528
3244771406.25,-39.61451
3244771562.5,-39.59126
3244771718.75,-39.60314
3244771875.0,-39.61635
3244772031.25,-39.60177
3244772187.5,-39.61118
3244772343.75,-39.60769
3244772500.0,-39.59952
3244772656.25,-39.60857
3244772812.5,-39.61056
3244772968.75,-39.59921
3244773125.0,-39.6142
3244773281.25,-39.5989
3244773437.5,-39.61463
3244773593.75,-39.62194
3244773750.0,-39.62144
3244773906.25,-39.6022
3244774062.5,-39.62682
3244774218.75,-39.61695
3244774375.0,-39.61867
3244774531.25,-39.62016
3244774687.5,-39.6305
3244774843.75,-39.61041
3244775000.0,-39.61877
3244775156.25,-39.60637
3244775312.5,-39.61544
3244775468.75,-39.62103
3244775625.0,-39.61334
3244775781.25,-39.59767
3244775937.5,-39.62913
3244776093.75,-39.62006
3244776250.0,-39.60569
3244776406.25,-39.6221
3244776562.5,-39.60467
3244776718.75,-39.62656
3244776875.0,-39.61908
3244777031.25,-39.63064
3244777187.5,-39.61517
3244777343.75,-39.63314
3244777500.0,-39.63414
3244777656.25,-39.62571
3244777812.5,-39.63113
3244777968.75,-39.63031
3244778125.0,-39.65466
3244778281.25,-39.6339
3244778437.5,-39.63877
3244778593.75,-39.62663
3244778750.0,-39.62306
3244778906.25,-39.62427
3244779062.5,-39.62516
3244779218.75,-39.63498
3244779375.0,-39.64425
3244779531.25,-39.63338
3244779687.5,-39.63819
3244779843.75,-39.62507
3244780000.0,-39.64407
3244780156.25,-39.63902
3244780312.5,-39.63134
3244780468.75,-39.65016
3244780625.0,-39.64734
3244780781.25,-39.64237
3244780937.5,-39.6336
3244781093.75,-39.64577
3244781250.0,-39.64819
3244781406.25,-39.63879
3244781562.5,-39.63608
3244781718.75,-39.64455
3244781875.0,-39.61525
3244782031.25,-39.65406
3244782187.5,-39.62788
3244782343.75,-39.6519
3244782500.0,-39.64388
3244782656.25,-39.64912
3244782812.5,-39.63475
3244782968.75,-39.65053
3244783125.0,-39.66607
3244783281.25,-39.65198
3244783437.5,-39.64013
3244783593.75,-39.66333
3244783750.0,-39.6664
3244783906.25,-39.64661
3244784062.5,-39.65939
3244784218.75,-39.65639
3244784375.0,-39.66482
3244784531.25,-39.66149
3244784687.5,-39.65464
3244784843.75,-39.66724
3244785000.0,-39.6381
3244785156.25,-39.66027
3244785312.5,-39.66464
3244785468.75,-39.66159
3244785625.0,-39.64391
3244785781.25,-39.6749
3244785937.5,-39.6757
3244786093.75,-39.65979
3244786250.0,-39.65286
3244786406.25,-39.65447
3244786562.5,-39.65946
3244786718.75,-39.65587
3244786875.0,-39.64741
3244787031.25,-39.68049
3244787187.5,-39.66071
3244787343.75,-39.68598
3244787500.0,-39.66535
3244787656.25,-39.66948
3244787812.5,-39.65063
3244787968.75,-39.67999
3244788125.0,-39.66307
3244788281.25,-39.67014
3244788437.5,-39.679
3244788593.75,-39.66827
3244788750.0,-39.68427
3244788906.25,-39.6702
3244789062.5,-39.67915
3244789218.75,-39.67189
3244789375.0,-39.66865
3244789531.25,-39.66817
3244789687.5,-39.6587
3244789843.75,-39.68087
3244790000.0,-39.6782
3244790156.25,-39.68335
3244790312.5,-39.66834
3244790468.75,-39.66846
3244790625.0,-39.6827
3244790781.25,-39.70098
3244790937.5,-39.68872
3244791093.75,-39.70223
3244791250.0,-39.681
3244791406.25,-39.6831
3244791562.5,-39.68161
3244791718.75,-39.68876
3244791875.0,-39.68173
3244792031.25,-39.69508
3244792187.5,-39.6784
3244792343.75,-39.67857
3244792500.0,-39.6801
3244792656.25,-39.68982
3244792812.5,-39.68659
3244792968.75,-39.69878
3244793125.0,-39.70868
3244793281.25,-39.67897
3244793437.5,-39.69584
3244793593.75,-39.68577
3244793750.0,-39.68099
3244793906.25,-39.69604
3244794062.5,-39.68468
3244794218.75,-39.69854
3244794375.0,-39.69667
3244794531.25,-39.68834
3244794687.5,-39.695
3244794843.75,-39.69815
3244795000.0,-39.70807
3244795156.25,-39.6873
3244795312.5,-39.70287
3244795468.75,-39.68841
3244795625.0,-39.70007
3244795781.25,-39.69395
3244795937.5,-39.69238
3244796093.75,-39.69841
3244796250.0,-39.70343
3244796406.25,-39.69408
3244796562.5,-39.68912
3244796718.75,-39.70886
3244796875.0,-39.69298
3244797031.25,-39.70481
3244797187.5,-39.69299
3244797343.75,-39.7058
3244797500.0,-39.69695
3244797656.25,-39.70148
3244797812.5,-39.70111
3244797968.75,-39.70538
3244798125.0,-39.71759
3244798281.25,-39.7154
3244798437.5,-39.72117
3244798593.75,-39.72073
3244798750.0,-39.70972
3244798906.25,-39.72472
3244799062.5,-39.72501
3244799218.75,-39.71598
3244799375.0,-39.71034
3244799531.25,-39.71306
3244799687.5,-39.70629
3244799843.75,-39.72083
3244800000.0,-39.71291
3244800156.25,-39.73363
3244800312.5,-39.72041
3244800468.75,-39.72017
3244800625.0,-39.71736
3244800781.25,-39.70802
3244800937.5,-39.7197
3244801093.75,-39.73035
3244801250.0,-39.71392
3244801406.25,-39.73511
3244801562.5,-39.72139
3244801718.75,-39.72046
3244801875.0,-39.71672
3244802031.25,-39.72672
3244802187.5,-39.723
3244802343.75,-39.72943
3244802500.0,-39.73158
3244802656.25,-39.72241
3244802812.5,-39.73075
3244802968.75,-39.71968
3244803125.0,-39.72905
3244803281.25,-39.70818
3244803437.5,-39.72847
3244803593.75,-39.71511
3244803750.0,-39.71587
3244803906.25,-39.72352
3244804062.5,-39.73747
3244804218.75,-39.75362
3244804375.0,-39.7362
3244804531.25,-39.73112
3244804687.5,-39.74013
3244804843.75,-39.74929
3244805000.0,-39.738
3244805156.25,-39.73161
3244805312.5,-39.73988
3244805468.75,-39.74209
3244805625.0,-39.73151
3244805781.25,-39.7408
3244805937.5,-39.75333
3244806093.75,-39.75593
3244806250.0,-39.74171
3244806406.25,-39.74898
3244806562.5,-39.75401
3244806718.75,-39.74662
3244806875.0,-39.75376
3244807031.25,-39.75342
3244807187.5,-39.74104
3244807343.75,-39.76249
3244807500.0,-39.74963
3244807656.25,-39.7624
3244807812.5,-39.7595
3244807968.75,-39.75348
3244808125.0,-39.74904
3244808281.25,-39.75416
3244808437.5,-39.76641
3244808593.75,-39.75094
3244808750.0,-39.7488
3244808906.25,-39.73637
3244809062.5,-39.759
3244809218.75,-39.74007
3244809375.0,-39.7549
3244809531.25,-39.76623
3244809687.5,-39.75201
3244809843.75,-39.76116
3244810000.0,-39.74736
3244810156.25,-39.75872
3244810312.5,-39.75001
3244810468.75,-39.76712
3244810625.0,-39.76217
3244810781.25,-39.75204
3244810937.5,-39.77054
3244811093.75,-39.76226
3244811250.0,-39.77591
3244811406.25,-39.75368
3244811562.5,-39.76674
3244811718.75,-39.77707
3244811875.0,-39.7751
3244812031.25,-39.76434
3244812187.5,-39.76775
3244812343.75,-39.76805
3244812500.0,-39.76566
3244812656.25,-39.77261
3244812812.5,-39.7741
3244812968.75,-39.76313
3244813125.0,-39.75602
3244813281.25,-39.78925
3244813437.5,-39.77948
3244813593.75,-39.76505
3244813750.0,-39.75859
3244813906.25,-39.77484
3244814062.5,-39.7685
3244814218.75,-39.784
3244814375.0,-39.77568
3244814531.25,-39.77904
3244814687.5,-39.78367
3244814843.75,-39.78117
3244815000.0,-39.78274
3244815156.25,-39.78679
3244815312.5,-39.7762
3244815468.75,-39.77192
3244815625.0,-39.78286
3244815781.25,-39.77847
3244815937.5,-39.78349
3244816093.75,-39.78127
3244816250.0,-39.78489
3244816406.25,-39.79541
3244816562.5,-39.78086
3244816718.75,-39.77728
3244816875.0,-39.79087
3244817031.25,-39.79597
3244817187.5,-39.79301
3244817343.75,-39.78683
3244817500.0,-39.76821
3244817656.25,-39.78662
3244817812.5,-39.78638
3244817968.75,-39.78792
3244818125.0,-39.79587
3244818281.25,-39.78299
3244818437.5,-39.7914
3244818593.75,-39.80224
3244818750.0,-39.79576
3244818906.25,-39.79819
3244819062.5,-39.78367
3244819218.75,-39.80686
3244819375.0,-39.78261
3244819531.25,-39.80829
3244819687.5,-39.81852
3244819843.75,-39.79036
3244820000.0,-39.81208
3244820156.25,-39.82123
3244820312.5,-39.80369
3244820468.75,-39.80422
3244820625.0,-39.80318
3244820781.25,-39.81715
3244820937.5,-39.80676
3244821093.75,-39.80251
3244821250.0,-39.80546
3244821406.25,-39.81517
3244821562.5,-39.80239
3244821718.75,-39.80484
3244821875.0,-39.81325
3244822031.25,-39.80391
3244822187.5,-39.80502
3244822343.75,-39.80722
3244822500.0,-39.81805
3244822656.25,-39.81269
3244822812.5,-39.79325
3244822968.75,-39.80317
3244823125.0,-39.82404
3244823281.25,-39.80833
3244823437.5,-39.80621
3244823593.75,-39.81279
3244823750.0,-39.81638
3244823906.25,-39.79898
3244824062.5,-39.81167
3244824218.75,-39.80815
3244824375.0,-39.82935
3244824531.25,-39.82003
3244824687.5,-39.82613
3244824843.75,-39.82534
3244825000.0,-39.81983
3244825156.25,-39.82168
3244825312.5,-39.80111
3244825468.75,-39.82941
3244825625.0,-39.81166
3244825781.25,-39.82906
3244825937.5,-39.83578
3244826093.75,-39.83027
3244826250.0,-39.82486
3244826406.25,-39.83347
3244826562.5,-39.83488
3244826718.75,-39.83202
3244826875.0,-39.82795
3244827031.25,-39.83054
3244827187.5,-39.82616
3244827343.75,-39.83566
3244827500.0,-39.81727
3244827656.25,-39.83099
3244827812.5,-39.84173
3244827968.75,-39.81614
3244828125.0,-39.82718
3244828281.25,-39.82645
3244828437.5,-39.83321
3244828593.75,-39.83194
3244828750.0,-39.83109
3244828906.25,-39.82334
3244829062.5,-39.83227
3244829218.75,-39.82502
3244829375.0,-39.8305
3244829531.25,-39.83878
3244829687.5,-39.84991
3244829843.75,-39.84668
3244830000.0,-39.83156
3244830156.25,-39.82963
3244830312.5,-39.84158
3244830468.75,-39.84588
3244830625.0,-39.84198
3244830781.25,-39.85211
3244830937.5,-39.85723
3244831093.75,-39.84597
3244831250.0,-39.84309
3244831406.25,-39.85382
3244831562.5,-39.84637
3244831718.75,-39.84931
3244831875.0,-39.86472
3244832031.25,-39.84566
3244832187.5,-39.83649
3244832343.75,-39.84619
3244832500.0,-39.84424
3244832656.25,-39.84211
3244832812.5,-39.84892
3244832968.75,-39.85366
3244833125.0,-39.85409
3244833281.25,-39.83641
3244833437.5,-39.86259
3244833593.75,-39.84835
3244833750.0,-39.86044
3244833906.25,-39.85595
3244834062.5,-39.85236
3244834218.75,-39.85207
3244834375.0,-39.86425
3244834531.25,-39.85237
3244834687.5,-39.87772
3244834843.75,-39.84357
3244835000.0,-39.86692
3244835156.25,-39.86967
3244835312.5,-39.86336
3244835468.75,-39.87284
3244835625.0,-39.86662
3244835781.25,-39.8448
3244835937.5,-39.86522
3244836093.75,-39.8685
3244836250.0,-39.86486
3244836406.25,-39.85915
3244836562.5,-39.86652
3244836718.75,-39.8521
3244836875.0,-39.86015
3244837031.25,-39.86481
3244837187.5,-39.85522
3244837343.75,-39.87186
3244837500.0,-39.87132
3244837656.25,-39.8671
3244837812.5,-39.88705
3244837968.75,-39.87905
3244838125.0,-39.8834
3244838281.25,-39.87241
3244838437.5,-39.87161
3244838593.75,-39.87719
3244838750.0,-39.87072
3244838906.25,-39.87417
3244839062.5,-39.88277
3244839218.75,-39.86317
3244839375.0,-39.88777
3244839531.25,-39.86256
3244839687.5,-39.8722
3244839843.75,-39.90195
3244840000.0,-39.87985
3244840156.25,-39.88454
3244840312.5,-39.87443
3244840468.75,-39.85475
3244840625.0,-39.89185
3244840781.25,-39.87968
3244840937.5,-39.86591
3244841093.75,-39.89813
3244841250.0,-39.86571
3244841406.25,-39.89867
3244841562.5,-39.89193
3244841718.75,-39.8579
3244841875.0,-39.88006
3244842031.25,-39.90149
3244842187.5,-39.87982
3244842343.75,-39.89751
3244842500.0,-39.89857
3244842656.25,-39.88147
3244842812.5,-39.88251
3244842968.75,-39.88147
3244843125.0,-39.89447
3244843281.25,-39.89862
3244843437.5,-39.8838
3244843593.75,-39.88182
3244843750.0,-39.88111
3244843906.25,-39.90213
3244844062.5,-39.8847
3244844218.75,-39.90319
3244844375.0,-39.88056
3244844531.25,-39.89785
3244844687.5,-39.91713
3244844843.75,-39.91226
3244845000.0,-39.88269
3244845156.25,-39.90067
3244845312.5,-39.91478
3244845468.75,-39.9061
3244845625.0,-39.90647
3244845781.25,-39.9076
3244845937.5,-39.89843
3244846093.75,-39.89456
3244846250.0,-39.9017
3244846406.25,-39.89674
3244846562.5,-39.89471
3244846718.75,-39.91216
3244846875.0,-39.89597
3244847031.25,-39.90961
3244847187.5,-39.90713
3244847343.75,-39.90767
3244847500.0,-39.90825
3244847656.25,-39.8998
3244847812.5,-39.91637
3244847968.75,-39.89181
3244848125.0,-39.91386
3244848281.25,-39.90558
3244848437.5,-39.9166
3244848593.75,-39.92391
3244848750.0,-39.91167
3244848906.25,-39.9178
3244849062.5,-39.90065
3244849218.75,-39.92485
3244849375.0,-39.92077
3244849531.25,-39.91881
3244849687.5,-39.92352
3244849843.75,-39.9447
3244850000.0,-39.91855
3244850156.25,-39.92729
3244850312.5,-39.91545
3244850468.75,-39.91209
3244850625.0,-39.90965
3244850781.25,-39.92998
3244850937.5,-39.9017
3244851093.75,-39.92761
3244851250.0,-39.92877
3244851406.25,-39.92513
3244851562.5,-39.9193
3244851718.75,-39.91711
3244851875.0,-39.92103
3244852031.25,-39.9224
3244852187.5,-39.93005
3244852343.75,-39.92857
3244852500.0,-39.91693
3244852656.25,-39.94098
3244852812.5,-39.91675
3244852968.75,-39.93191
3244853125.0,-39.92522
3244853281.25,-39.94399
3244853437.5,-39.92955
3244853593.75,-39.91835
3244853750.0,-39.94211
3244853906.25,-39.92451
3244854062.5,-39.92576
3244854218.75,-39.92112
3244854375.0,-39.96568
3244854531.25,-39.93112
3244854687.5,-39.93258
3244854843.75,-39.92996
3244855000.0,-39.93617
3244855156.25,-39.94184
3244855312.5,-39.92919
3244855468.75,-39.95387
3244855625.0,-39.93056
3244855781.25,-39.94009
3244855937.5,-39.94154
3244856093.75,-39.94973
3244856250.0,-39.9568
3244856406.25,-39.95291
3244856562.5,-39.94474
3244856718.75,-39.95023
3244856875.0,-39.94757
3244857031.25,-39.95838
3244857187.5,-39.95223
3244857343.75,-39.94411
3244857500.0,-39.9437
3244857656.25,-39.9478
3244857812.5,-39.96452
3244857968.75,-39.94573
3244858125.0,-39.9312
3244858281.25,-39.94539
3244858437.5,-39.9626
3244858593.75,-39.97357
3244858750.0,-39.94264
3244858906.25,-39.94307
3244859062.5,-39.9563
3244859218.75,-39.96119
3244859375.0,-39.95059
3244859531.25,-39.96514
3244859687.5,-39.96348
3244859843.75,-39.95567
3244860000.0,-39.9484
3244860156.25,-39.95967
3244860312.5,-39.96803
3244860468.75,-39.95835
3244860625.0,-39.96716
3244860781.25,-39.96254
3244860937.5,-39.97832
3244861093.75,-39.95055
3244861250.0,-39.96193
3244861406.25,-39.97477
3244861562.5,-39.96878
3244861718.75,-39.96163
3244861875.0,-39.97719
3244862031.25,-39.9496
3244862187.5,-39.97214
3244862343.75,-39.9658
3244862500.0,-39.95126
3244862656.25,-39.98475
3244862812.5,-39.99162
3244862968.75,-39.95921
3244863125.0,-39.9643
3244863281.25,-39.97707
3244863437.5,-39.96825
3244863593.75,-39.95485
3244863750.0,-39.97092
3244863906.25,-39.98228
3244864062.5,-39.97822
3244864218.75,-39.98666
3244864375.0,-39.98026
3244864531.25,-39.98449
3244864687.5,-39.99186
3244864843.75,-39.9697
3244865000.0,-39.97102
3244865156.25,-39.9798
3244865312.5,-39.97799
3244865468.75,-39.99394
3244865625.0,-39.99347
3244865781.25,-39.98624
3244865937.5,-39.98753
3244866093.75,-39.98729
3244866250.0,-39.98835
3244866406.25,-39.97611
3244866562.5,-39.98905
3244866718.75,-39.97683
3244866875.0,-39.9922
3244867031.25,-39.98715
3244867187.5,-39.98124
3244867343.75,-39.97736
3244867500.0,-39.99985
3244867656.25,-39.98897
3244867812.5,-39.99707
3244867968.75,-39.99268
3244868125.0,-39.97652
3244868281.25,-39.99253
3244868437.5,-39.97729
3244868593.75,-39.99557
3244868750.0,-40.00032
3244868906.25,-40.02178
3244869062.5,-39.99211
3244869218.75,-39.98909
3244869375.0,-39.96612
3244869531.25,-39.99931
3244869687.5,-39.97952
3244869843.75,-39.99986
3244870000.0,-39.99972
3244870156.25,-40.00999
3244870312.5,-40.01034
3244870468.75,-40.01784
3244870625.0,-40.01446
3244870781.25,-39.99982
3244870937.5,-39.99752
3244871093.75,-40.00795
3244871250.0,-39.99568
3244871406.25,-40.00659
3244871562.5,-40.00784
3244871718.75,-40.00142
3244871875.0,-40.01526
3244872031.25,-40.01656
3244872187.5,-40.00356
3244872343.75,-40.00066
3244872500.0,-40.01294
3244872656.25,-40.00664
3244872812.5,-40.00917
3244872968.75,-40.00461
3244873125.0,-40.00911
3244873281.25,-40.01289
3244873437.5,-40.00599
3244873593.75,-40.01123
3244873750.0,-40.0123
3244873906.25,-40.0237
3244874062.5,-40.01492
3244874218.75,-40.02665
3244874375.0,-40.01804
3244874531.25,-40.02881
3244874687.5,-40.00078
3244874843.75,-40.03477
3244875000.0,-40.01668
3244875156.25,-40.02862
3244875312.5,-40.00835
3244875468.75,-40.01641
3244875625.0,-40.02082
3244875781.25,-40.02177
3244875937.5,-40.03038
3244876093.75,-40.02006
3244876250.0,-40.03798
3244876406.25,-40.01591
3244876562.5,-40.02384
3244876718.75,-40.02488
3244876875.0,-40.00911
3244877031.25,-40.01398
3244877187.5,-40.03555
3244877343.75,-40.01423
3244877500.0,-40.02306
3244877656.25,-40.03234
3244877812.5,-40.03833
3244877968.75,-40.03032
3244878125.0,-40.0251
3244878281.25,-40.03302
3244878437.5,-40.04085
3244878593.75,-40.01449
3244878750.0,-40.05057
3244878906.25,-40.03746
3244879062.5,-40.04448
3244879218.75,-40.00917
3244879375.0,-40.03927
3244879531.25,-40.03887
3244879687.5,-40.01347
3244879843.75,-40.04796
3244880000.0,-40.03004
3244880156.25,-40.04189
3244880312.5,-40.05039
3244880468.75,-40.04964
3244880625.0,-40.06425
3244880781.25,-40.05127
3244880937.5,-40.03809
3244881093.75,-40.04745
3244881250.0,-40.04345
3244881406.25,-40.03405
3244881562.5,-40.05552
3244881718.75,-40.04165
3244881875.0,-40.05796
3244882031.25,-40.04634
3244882187.5,-40.05102
3244882343.75,-40.05088
3244882500.0,-40.0582
3244882656.25,-40.04992
3244882812.5,-40.04142
3244882968.75,-40.05613
3244883125.0,-40.04401
3244883281.25,-40.05594
3244883437.5,-40.04934
3244883593.75,-40.06208
3244883750.0,-40.04884
3244883906.25,-40.05984
3244884062.5,-40.06985
3244884218.75,-40.06155
3244884375.0,-40.06042
3244884531.25,-40.05091
3244884687.5,-40.0448
3244884843.75,-40.04702
3244885000.0,-40.05447
3244885156.25,-40.0551
3244885312.5,-40.05555
3244885468.75,-40.06301
3244885625.0,-40.07816
3244885781.25,-40.05684
3244885937.5,-40.05281
3244886093.75,-40.05681
3244886250.0,-40.05403
3244886406.25,-40.06394
3244886562.5,-40.06833
3244886718.75,-40.05837
3244886875.0,-40.0621
3244887031.25,-40.07762
3244887187.5,-40.07059
3244887343.75,-40.06128
3244887500.0,-40.06802
3244887656.25,-40.09363
3244887812.5,-40.0559
3244887968.75,-40.04913
3244888125.0,-40.08215
3244888281.25,-40.07309
3244888437.5,-40.05597
3244888593.75,-40.06944
3244888750.0,-40.08396
3244888906.25,-40.08464
3244889062.5,-40.07181
3244889218.75,-40.06281
3244889375.0,-40.08212
3244889531.25,-40.0693
3244889687.5,-40.07498
3244889843.75,-40.07822
3244890000.0,-40.05788
3244890156.25,-40.06653
3244890312.5,-40.07755
3244890468.75,-40.06507
3244890625.0,-40.0722
3244890781.25,-40.07531
3244890937.5,-40.09168
3244891093.75,-40.10083
3244891250.0,-40.08549
3244891406.25,-40.08213
3244891562.5,-40.07802
3244891718.75,-40.08038
3244891875.0,-40.09177
3244892031.25,-40.06759
3244892187.5,-40.08237
3244892343.75,-40.08033
3244892500.0,-40.07693
3244892656.25,-40.09535
3244892812.5,-40.06751
3244892968.75,-40.08549
3244893125.0,-40.08779
3244893281.25,-40.09726
3244893437.5,-40.08884
3244893593.75,-40.08636
3244893750.0,-40.08653
3244893906.25,-40.0884
3244894062.5,-40.08266
3244894218.75,-40.0877
3244894375.0,-40.10079
3244894531.25,-40.07127
3244894687.5,-40.10304
3244894843.75,-40.09135
3244895000.0,-40.10458
3244895156.25,-40.09492
3244895312.5,-40.08731
3244895468.75,-40.08808
3244895625.0,-40.09231
3244895781.25,-40.07425
3244895937.5,-40.10832
3244896093.75,-40.10146
3244896250.0,-40.09616
3244896406.25,-40.10973
3244896562.5,-40.09261
3244896718.75,-40.09156
3244896875.0,-40.09666
3244897031.25,-40.10142
3244897187.5,-40.09597
3244897343.75,-40.0895
3244897500.0,-40.09858
3244897656.25,-40.08831
3244897812.5,-40.10268
3244897968.75,-40.09978
3244898125.0,-40.11218
3244898281.25,-40.1119
3244898437.5,-40.09489
3244898593.75,-40.10976
3244898750.0,-40.11302
3244898906.25,-40.11048
3244899062.5,-40.14384
3244899218.75,-40.12399
3244899375.0,-40.10252
3244899531.25,-40.11631
3244899687.5,-40.11002
3244899843.75,-40.11599
3244900000.0,-40.12421
3244900156.25,-40.09974
3244900312.5,-40.12355
3244900468.75,-40.13564
3244900625.0,-40.12277
3244900781.25,-40.11081
3244900937.5,-40.11467
3244901093.75,-40.11612
3244901250.0,-40.11715
3244901406.25,-40.11503
3244901562.5,-40.13544
3244901718.75,-40.11621
3244901875.0,-40.13273
3244902031.25,-40.11836
3244902187.5,-40.10564
3244902343.75,-40.1313
3244902500.0,-40.11595
3244902656.25,-40.12835
3244902812.5,-40.12963
3244902968.75,-40.11209
3244903125.0,-40.12492
3244903281.25,-40.11384
3244903437.5,-40.13323
3244903593.75,-40.12207
3244903750.0,-40.11159
3244903906.25,-40.12965
3244904062.5,-40.10349
3244904218.75,-40.11877
3244904375.0,-40.12467
3244904531.25,-40.13459
3244904687.5,-40.12504
3244904843.75,-40.1445
3244905000.0,-40.13985
3244905156.25,-40.13055
3244905312.5,-40.13575
3244905468.75,-40.13099
3244905625.0,-40.14161
3244905781.25,-40.15187
3244905937.5,-40.1341
3244906093.75,-40.12756
3244906250.0,-40.13547
3244906406.25,-40.14948
3244906562.5,-40.13715
3244906718.75,-40.1437
3244906875.0,-40.14352
3244907031.25,-40.15219
3244907187.5,-40.12416
3244907343.75,-40.13694
3244907500.0,-40.14048
3244907656.25,-40.14785
3244907812.5,-40.14837
3244907968.75,-40.15012
3244908125.0,-40.14556
3244908281.25,-40.15731
3244908437.5,-40.13902
3244908593.75,-40.14906
3244908750.0,-40.1466
3244908906.25,-40.13506
3244909062.5,-40.15656
3244909218.75,-40.168
3244909375.0,-40.15659
3244909531.25,-40.15968
3244909687.5,-40.1527
3244909843.75,-40.1524
3244910000.0,-40.15073
3244910156.25,-40.15499
3244910312.5,-40.14585
3244910468.75,-40.15384
3244910625.0,-40.14645
3244910781.25,-40.15442
3244910937.5,-40.16145
3244911093.75,-40.1481
3244911250.0,-40.17727
3244911406.25,-40.16095
3244911562.5,-40.14911
3244911718.75,-40.15613
3244911875.0,-40.17282
3244912031.25,-40.17392
3244912187.5,-40.17114
3244912343.75,-40.16784
3244912500.0,-40.17089
3244912656.25,-40.17118
3244912812.5,-40.16797
3244912968.75,-40.15802
3244913125.0,-40.14248
3244913281.25,-40.15905
3244913437.5,-40.15746
3244913593.75,-40.1827
3244913750.0,-40.15152
3244913906.25,-40.17698
3244914062.5,-40.16704
3244914218.75,-40.15346
3244914375.0,-40.15829
3244914531.25,-40.17791
3244914687.5,-40.18068
3244914843.75,-40.18313
3244915000.0,-40.1768
3244915156.25,-40.16592
3244915312.5,-40.17025
3244915468.75,-40.1455
3244915625.0,-40.16448
3244915781.25,-40.16693
3244915937.5,-40.18443
3244916093.75,-40.19721
3244916250.0,-40.17097
3244916406.25,-40.18544
3244916562.5,-40.19161
3244916718.75,-40.17087
3244916875.0,-40.18504
3244917031.25,-40.17566
3244917187.5,-40.1927
3244917343.75,-40.1795
3244917500.0,-40.1799
3244917656.25,-40.19543
3244917812.5,-40.18033
3244917968.75,-40.18964
3244918125.0,-40.19648
3244918281.25,-40.18896
3244918437.5,-40.17013
3244918593.75,-40.1767
3244918750.0,-40.17626
3244918906.25,-40.19506
3244919062.5,-40.17961
3244919218.75,-40.18697
3244919375.0,-40.20486
3244919531.25,-40.1843
3244919687.5,-40.19319
3244919843.75,-40.1824
3244920000.0,-40.19925
3244920156.25,-40.2011
3244920312.5,-40.184
3244920468.75,-40.19245
3244920625.0,-40.18213
3244920781.25,-40.18905
3244920937.5,-40.20129
3244921093.75,-40.20931
3244921250.0,-40.20012
3244921406.25,-40.21045
3244921562.5,-40.18992
3244921718.75,-40.20269
3244921875.0,-40.20489
3244922031.25,-40.21055
3244922187.5,-40.21109
3244922343.75,-40.1995
3244922500.0,-40.19308
3244922656.25,-40.20337
3244922812.5,-40.20944
3244922968.75,-40.20262
3244923125.0,-40.21481
3244923281.25,-40.20699
3244923437.5,-40.19404
3244923593.75,-40.2282
3244923750.0,-40.18831
3244923906.25,-40.19965
3244924062.5,-40.21974
3244924218.75,-40.20385
3244924375.0,-40.21111
3244924531.25,-40.20908
3244924687.5,-40.20922
3244924843.75,-40.22076
3244925000.0,-40.21566
3244925156.25,-40.19832
3244925312.5,-40.22174
3244925468.75,-40.22234
3244925625.0,-40.21379
3244925781.25,-40.20181
3244925937.5,-40.21363
3244926093.75,-40.22357
3244926250.0,-40.20174
3244926406.25,-40.21318
3244926562.5,-40.2178
3244926718.75,-40.21806
3244926875.0,-40.21365
3244927031.25,-40.21387
3244927187.5,-40.22646
3244927343.75,-40.20695
3244927500.0,-40.20418
3244927656.25,-40.2058
3244927812.5,-40.23046
3244927968.75,-40.2154
3244928125.0,-40.22888
3244928281.25,-40.23319
3244928437.5,-40.2171
3244928593.75,-40.22087
3244928750.0,-40.23837
3244928906.25,-40.2283
3244929062.5,-40.23407
3244929218.75,-40.21464
3244929375.0,-40.22985
3244929531.25,-40.20736
3244929687.5,-40.21337
3244929843.75,-40.24199
3244930000.0,-40.21679
3244930156.25,-40.23264
3244930312.5,-40.22397
3244930468.75,-40.22512
3244930625.0,-40.22507
3244930781.25,-40.22712
3244930937.5,-40.22397
3244931093.75,-40.22863
3244931250.0,-40.22411
3244931406.25,-40.25417
3244931562.5,-40.23475
3244931718.75,-40.23795
3244931875.0,-40.23009
3244932031.25,-40.2247
3244932187.5,-40.24054
3244932343.75,-40.22773
3244932500.0,-40.24529
3244932656.25,-40.25646
3244932812.5,-40.22642
3244932968.75,-40.24291
3244933125.0,-40.24697
3244933281.25,-40.22916
3244933437.5,-40.25625
3244933593.75,-40.22424
3244933750.0,-40.25093
3244933906.25,-40.23547
3244934062.5,-40.23981
3244934218.75,-40.26006
3244934375.0,-40.23764
3244934531.25,-40.25134
3244934687.5,-40.23915
3244934843.75,-40.26748
3244935000.0,-40.24628
3244935156.25,-40.26026
3244935312.5,-40.25494
3244935468.75,-40.24288
3244935625.0,-40.25477
3244935781.25,-40.25434
3244935937.5,-40.24771
3244936093.75,-40.23032
3244936250.0,-40.27203
3244936406.25,-40.27216
3244936562.5,-40.25257
3244936718.75,-40.26657
3244936875.0,-40.24211
3244937031.25,-40.27813
3244937187.5,-40.26722
3244937343.75,-40.25162
3244937500.0,-40.25976
3244937656.25,-40.26314
3244937812.5,-40.24864
3244937968.75,-40.2726
3244938125.0,-40.27092
3244938281.25,-40.25841
3244938437.5,-40.25793
3244938593.75,-40.26144
3244938750.0,-40.27186
3244938906.25,-40.26266
3244939062.5,-40.25993
3244939218.75,-40.27382
3244939375.0,-40.25482
3244939531.25,-40.24833
3244939687.5,-40.27871
3244939843.75,-40.26501
3244940000.0,-40.26298
3244940156.25,-40.25541
3244940312.5,-40.27523
3244940468.75,-40.27152
3244940625.0,-40.27308
3244940781.25,-40.28418
3244940937.5,-40.29044
3244941093.75,-40.2712
3244941250.0,-40.2617
3244941406.25,-40.28003
3244941562.5,-40.27578
3244941718.75,-40.2947
3244941875.0,-40.27307
3244942031.25,-40.2756
3244942187.5,-40.27606
3244942343.75,-40.2741
3244942500.0,-40.28069
3244942656.25,-40.26166
3244942812.5,-40.28201
3244942968.75,-40.30059
3244943125.0,-40.26963
3244943281.25,-40.28682
3244943437.5,-40.28942
3244943593.75,-40.28077
3244943750.0,-40.29918
3244943906.25,-40.28335
3244944062.5,-40.28431
3244944218.75,-40.29786
3244944375.0,-40.29211
3244944531.25,-40.26052
3244944687.5,-40.28751
3244944843.75,-40.28459
3244945000.0,-40.27941
3244945156.25,-40.28834
3244945312.5,-40.29292
3244945468.75,-40.30509
3244945625.0,-40.29118
3244945781.25,-40.28782
3244945937.5,-40.29097
3244946093.75,-40.2959
3244946250.0,-40.28788
3244946406.25,-40.2785
3244946562.5,-40.29777
3244946718.75,-40.30735
3244946875.0,-40.29851
3244947031.25,-40.30544
3244947187.5,-40.286
3244947343.75,-40.29854
3244947500.0,-40.32005
3244947656.25,-40.30186
3244947812.5,-40.29717
3244947968.75,-40.29699
3244948125.0,-40.29869
3244948281.25,-40.29403
3244948437.5,-40.3078
3244948593.75,-40.31209
3244948750.0,-40.31145
3244948906.25,-40.28773
3244949062.5,-40.30883
3244949218.75,-40.31842
3244949375.0,-40.2997
3244949531.25,-40.29443
3244949687.5,-40.31342
3244949843.75,-40.30772
3244950000.0,-40.30759
3244950156.25,-40.29918
3244950312.5,-40.31417
3244950468.75,-40.30457
3244950625.0,-40.30726
3244950781.25,-40.32383
3244950937.5,-40.31212
3244951093.75,-40.30902
3244951250.0,-40.33157
3244951406.25,-40.32092
3244951562.5,-40.31876
3244951718.75,-40.311
3244951875.0,-40.30223
3244952031.25,-40.30532
3244952187.5,-40.32849
3244952343.75,-40.30177
3244952500.0,-40.31452
3244952656.25,-40.31006
3244952812.5,-40.31875
3244952968.75,-40.31947
3244953125.0,-40.31931
3244953281.25,-40.33635
3244953437.5,-40.33283
3244953593.75,-40.33135
3244953750.0,-40.31085
3244953906.25,-40.33405
3244954062.5,-40.31414
3244954218.75,-40.31015
3244954375.0,-40.33564
3244954531.25,-40.33474
3244954687.5,-40.33738
3244954843.75,-40.32115
3244955000.0,-40.32722
3244955156.25,-40.34029
3244955312.5,-40.32921
3244955468.75,-40.3232
3244955625.0,-40.31665
3244955781.25,-40.32933
3244955937.5,-40.33088
3244956093.75,-40.30759
3244956250.0,-40.33301
3244956406.25,-40.3409
3244956562.5,-40.31789
3244956718.75,-40.33493
3244956875.0,-40.32045
3244957031.25,-40.34112
3244957187.5,-40.33999
3244957343.75,-40.32397
3244957500.0,-40.35189
3244957656.25,-40.33221
3244957812.5,-40.33643
3244957968.75,-40.33662
3244958125.0,-40.34378
3244958281.25,-40.34465
3244958437.5,-40.34348
3244958593.75,-40.33921
3244958750.0,-40.33221
3244958906.25,-40.33049
3244959062.5,-40.35358
3244959218.75,-40.33816
3244959375.0,-40.3368
3244959531.25,-40.35486
3244959687.5,-40.33495
3244959843.75,-40.34216
3244960000.0,-40.35561
3244960156.25,-40.34953
3244960312.5,-40.33234
3244960468.75,-40.34081
3244960625.0,-40.3368
3244960781.25,-40.34053
3244960937.5,-40.34816
3244961093.75,-40.34134
3244961250.0,-40.35605
3244961406.25,-40.33844
3244961562.5,-40.35506
3244961718.75,-40.34285
3244961875.0,-40.35452
3244962031.25,-40.34134
3244962187.5,-40.35161
3244962343.75,-40.34942
3244962500.0,-40.34466
3244962656.25,-40.34753
3244962812.5,-40.37487
3244962968.75,-40.37191
3244963125.0,-40.37532
3244963281.25,-40.35867
3244963437.5,-40.34764
3244963593.75,-40.35758
3244963750.0,-40.35905
3244963906.25,-40.3573
3244964062.5,-40.36375
3244964218.75,-40.36709
3244964375.0,-40.36091
3244964531.25,-40.35881
3244964687.5,-40.38187
3244964843.75,-40.35299
3244965000.0,-40.37054
3244965156.25,-40.37094
3244965312.5,-40.37988
3244965468.75,-40.35675
3244965625.0,-40.38353
3244965781.25,-40.36372
3244965937.5,-40.36612
3244966093.75,-40.36745
3244966250.0,-40.36876
3244966406.25,-40.37624
3244966562.5,-40.36623
3244966718.75,-40.36071
3244966875.0,-40.36556
3244967031.25,-40.37519
3244967187.5,-40.36838
3244967343.75,-40.3759
3244967500.0,-40.37314
3244967656.25,-40.37142
3244967812.5,-40.38136
3244967968.75,-40.37743
3244968125.0,-40.37093
3244968281.25,-40.38066
3244968437.5,-40.36314
3244968593.75,-40.37102
3244968750.0,-40.38064
3244968906.25,-40.37422
3244969062.5,-40.39107
3244969218.75,-40.36694
3244969375.0,-40.38021
3244969531.25,-40.36742
3244969687.5,-40.37452
3244969843.75,-40.37511
3244970000.0,-40.38798
3244970156.25,-40.37514
3244970312.5,-40.38414
3244970468.75,-40.38513
3244970625.0,-40.39209
3244970781.25,-40.39596
3244970937.5,-40.38508
3244971093.75,-40.37594
3244971250.0,-40.38224
3244971406.25,-40.38095
3244971562.5,-40.38684
3244971718.75,-40.37168
3244971875.0,-40.39008
3244972031.25,-40.37888
3244972187.5,-40.39645
3244972343.75,-40.39167
3244972500.0,-40.40524
3244972656.25,-40.37737
3244972812.5,-40.37721
3244972968.75,-40.3847
3244973125.0,-40.38568
3244973281.25,-40.39161
3244973437.5,-40.40115
3244973593.75,-40.40172
3244973750.0,-40.40805
3244973906.25,-40.38765
3244974062.5,-40.42028
3244974218.75,-40.40167
3244974375.0,-40.40337
3244974531.25,-40.40229
3244974687.5,-40.41105
3244974843.75,-40.40575
3244975000.0,-40.38894
3244975156.25,-40.38909
3244975312.5,-40.39759
3244975468.75,-40.4076
3244975625.0,-40.39742
3244975781.25,-40.38815
3244975937.5,-40.41605
3244976093.75,-40.39351
3244976250.0,-40.40226
3244976406.25,-40.41291
3244976562.5,-40.41798
3244976718.75,-40.4004
3244976875.0,-40.39489
3244977031.25,-40.41465
3244977187.5,-40.41004
3244977343.75,-40.40421
3244977500.0,-40.39178
3244977656.25,-40.40195
3244977812.5,-40.40313
3244977968.75,-40.41051
3244978125.0,-40.41603
3244978281.25,-40.40952
3244978437.5,-40.40257
3244978593.75,-40.44205
3244978750.0,-40.40534
3244978906.25,-40.40677
3244979062.5,-40.39955
3244979218.75,-40.40572
3244979375.0,-40.43817
3244979531.25,-40.41875
3244979687.5,-40.41099
3244979843.75,-40.4261
3244980000.0,-40.40128
3244980156.25,-40.41319
3244980312.5,-40.43469
3244980468.75,-40.41121
3244980625.0,-40.42176
3244980781.25,-40.42662
3244980937.5,-40.43269
3244981093.75,-40.42998
3244981250.0,-40.43392
3244981406.25,-40.42463
3244981562.5,-40.41463
3244981718.75,-40.42288
3244981875.0,-40.42688
3244982031.25,-40.43324
3244982187.5,-40.43153
3244982343.75,-40.4376
3244982500.0,-40.42888
3244982656.25,-40.4303
3244982812.5,-40.42265
3244982968.75,-40.42149
3244983125.0,-40.42977
3244983281.25,-40.43039
3244983437.5,-40.43533
3244983593.75,-40.43906
3244983750.0,-40.44667
3244983906.25,-40.43664
3244984062.5,-40.42236
3244984218.75,-40.42767
3244984375.0,-40.44102
3244984531.25,-40.43449
3244984687.5,-40.43877
3244984843.75,-40.43235
3244985000.0,-40.44782
3244985156.25,-40.43078
3244985312.5,-40.43676
3244985468.75,-40.44789
3244985625.0,-40.45195
3244985781.25,-40.44962
3244985937.5,-40.43592
3244986093.75,-40.44699
3244986250.0,-40.44005
3244986406.25,-40.43933
3244986562.5,-40.45018
3244986718.75,-40.45145
3244986875.0,-40.45199
3244987031.25,-40.469
3244987187.5,-40.43973
3244987343.75,-40.46059
3244987500.0,-40.42856
3244987656.25,-40.45885
3244987812.5,-40.46472
3244987968.75,-40.44799
3244988125.0,-40.457
3244988281.25,-40.45019
3244988437.5,-40.43808
3244988593.75,-40.45677
3244988750.0,-40.45816
3244988906.25,-40.44902
3244989062.5,-40.45576
3244989218.75,-40.45041
3244989375.0,-40.45716
3244989531.25,-40.45067
3244989687.5,-40.45981
3244989843.75,-40.4501
3244990000.0,-40.46176
3244990156.25,-40.47211
3244990312.5,-40.46907
3244990468.75,-40.46072
3244990625.0,-40.4548
3244990781.25,-40.45159
3244990937.5,-40.46117
3244991093.75,-40.45581
3244991250.0,-40.46287
3244991406.25,-40.46544
3244991562.5,-40.47308
3244991718.75,-40.45526
3244991875.0,-40.46144
3244992031.25,-40.45884
3244992187.5,-40.44881
3244992343.75,-40.46643
3244992500.0,-40.46905
3244992656.25,-40.47448
3244992812.5,-40.47381
3244992968.75,-40.48111
3244993125.0,-40.46548
3244993281.25,-40.48912
3244993437.5,-40.47303
3244993593.75,-40.44978
3244993750.0,-40.46723
3244993906.25,-40.47829
3244994062.5,-40.48602
3244994218.75,-40.48765
3244994375.0,-40.47459
3244994531.25,-40.47578
3244994687.5,-40.47052
3244994843.75,-40.46121
3244995000.0,-40.47239
3244995156.25,-40.47267
3244995312.5,-40.48278
3244995468.75,-40.48095
3244995625.0,-40.48165
3244995781.25,-40.49541
3244995937.5,-40.46878
3244996093.75,-40.47511
3244996250.0,-40.46033
3244996406.25,-40.48856
3244996562.5,-40.46978
3244996718.75,-40.48241
3244996875.0,-40.47689
3244997031.25,-40.47817
3244997187.5,-40.47465
3244997343.75,-40.46849
3244997500.0,-40.49888
3244997656.25,-40.47756
3244997812.5,-40.47933
3244997968.75,-40.49037
3244998125.0,-40.47908
3244998281.25,-40.47441
3244998437.5,-40.49688
3244998593.75,-40.47612
3244998750.0,-40.50031
3244998906.25,-40.48615
3244999062.5,-40.49124
3244999218.75,-40.4896
3244999375.0,-40.47837
3244999531.25,-40.50312
3244999687.5,-40.48803
3244999843.75,-40.49329
3245000000.0,-40.50215
3245000156.25,-40.49113
3245000312.5,-40.50973
3245000468.75,-40.49572
3245000625.0,-40.49007
3245000781.25,-40.50186
3245000937.5,-40.48756
3245001093.75,-40.47853
3245001250.0,-40.4888
3245001406.25,-40.49239
3245001562.5,-40.49798
3245001718.75,-40.48833
3245001875.0,-40.49599
3245002031.25,-40.52311
3245002187.5,-40.50229
3245002343.75,-40.49153
3245002500.0,-40.50404
3245002656.25,-40.51138
3245002812.5,-40.4872
3245002968.75,-40.50717
3245003125.0,-40.49908
3245003281.25,-40.52475
3245003437.5,-40.51633
3245003593.75,-40.50508
3245003750.0,-40.51703
3245003906.25,-40.52183
3245004062.5,-40.49891
3245004218.75,-40.49136
3245004375.0,-40.5121
3245004531.25,-40.506
3245004687.5,-40.51351
3245004843.75,-40.49326
3245005000.0,-40.50278
3245005156.25,-40.51759
3245005312.5,-40.53019
3245005468.75,-40.52481
3245005625.0,-40.51559
3245005781.25,-40.52025
3245005937.5,-40.53097
3245006093.75,-40.52482
3245006250.0,-40.51479
3245006406.25,-40.51031
3245006562.5,-40.51807
3245006718.75,-40.50524
3245006875.0,-40.51649
3245007031.25,-40.51312
3245007187.5,-40.52348
3245007343.75,-40.52785
3245007500.0,-40.50007
3245007656.25,-40.52054
3245007812.5,-40.52493
3245007968.75,-40.51646
3245008125.0,-40.52192
3245008281.25,-40.52559
3245008437.5,-40.52293
3245008593.75,-40.53141
3245008750.0,-40.51743
3245008906.25,-40.52848
3245009062.5,-40.52515
3245009218.75,-40.51306
3245009375.0,-40.55494
3245009531.25,-40.54701
3245009687.5,-40.52163
3245009843.75,-40.51756
3245010000.0,-40.54753
3245010156.25,-40.52387
3245010312.5,-40.56451
3245010468.75,-40.53915
3245010625.0,-40.52805
3245010781.25,-40.53693
3245010937.5,-40.53424
3245011093.75,-40.54225
3245011250.0,-40.53036
3245011406.25,-40.53516
3245011562.5,-40.52432
3245011718.75,-40.53346
3245011875.0,-40.52414
3245012031.25,-40.54514
3245012187.5,-40.52424
3245012343.75,-40.54338
3245012500.0,-40.53812
3245012656.25,-40.51174
3245012812.5,-40.54786
3245012968.75,-40.52369
3245013125.0,-40.53872
3245013281.25,-40.54453
3245013437.5,-40.53551
3245013593.75,-40.54354
3245013750.0,-40.54191
3245013906.25,-40.5517
3245014062.5,-40.54267
3245014218.75,-40.52906
3245014375.0,-40.54668
3245014531.25,-40.53876
3245014687.5,-40.55606
3245014843.75,-40.55231
3245015000.0,-40.55976
3245015156.25,-40.54539
3245015312.5,-40.55828
3245015468.75,-40.53706
3245015625.0,-40.53994
3245015781.25,-40.56152
3245015937.5,-40.55761
3245016093.75,-40.54914
3245016250.0,-40.54346
3245016406.25,-40.54035
3245016562.5,-40.56041
3245016718.75,-40.55379
3245016875.0,-40.56986
3245017031.25,-40.53878
3245017187.5,-40.5587
3245017343.75,-40.53621
3245017500.0,-40.56651
3245017656.25,-40.55617
3245017812.5,-40.56443
3245017968.75,-40.55934
3245018125.0,-40.54827
3245018281.25,-40.56519
3245018437.5,-40.55434
3245018593.75,-40.57701
3245018750.0,-40.55113
3245018906.25,-40.5632
3245019062.5,-40.55862
3245019218.75,-40.54613
3245019375.0,-40.5639
3245019531.25,-40.56861
3245019687.5,-40.55581
3245019843.75,-40.55975
3245020000.0,-40.55933
3245020156.25,-40.55331
3245020312.5,-40.56594
3245020468.75,-40.58895
3245020625.0,-40.56373
3245020781.25,-40.5791
3245020937.5,-40.58205
3245021093.75,-40.56484
3245021250.0,-40.55841
3245021406.25,-40.57239
3245021562.5,-40.58084
3245021718.75,-40.58556
3245021875.0,-40.57629
3245022031.25,-40.57977
3245022187.5,-40.56219
3245022343.75,-40.5644
3245022500.0,-40.58496
3245022656.25,-40.57869
3245022812.5,-40.58012
3245022968.75,-40.6088
3245023125.0,-40.57734
3245023281.25,-40.56958
3245023437.5,-40.59658
3245023593.75,-40.58859
3245023750.0,-40.57663
3245023906.25,-40.58441
3245024062.5,-40.58445
3245024218.75,-40.57545
3245024375.0,-40.58562
3245024531.25,-40.58734
3245024687.5,-40.57931
3245024843.75,-40.59511
3245025000.0,-40.59145
3245025156.25,-40.59848
3245025312.5,-40.58232
3245025468.75,-40.59229
3245025625.0,-40.59365
3245025781.25,-40.58006
3245025937.5,-40.58895
3245026093.75,-40.59137
3245026250.0,-40.60187
3245026406.25,-40.59638
3245026562.5,-40.59249
3245026718.75,-40.61386
3245026875.0,-40.57959
3245027031.25,-40.5977
3245027187.5,-40.57968
3245027343.75,-40.60639
3245027500.0,-40.58735
3245027656.25,-40.58836
3245027812.5,-40.59001
3245027968.75,-40.58567
3245028125.0,-40.58625
3245028281.25,-40.57997
3245028437.5,-40.60093
3245028593.75,-40.60179
3245028750.0,-40.59721
3245028906.25,-40.59045
3245029062.5,-40.59935
3245029218.75,-40.59752
3245029375.0,-40.60604
3245029531.25,-40.61364
3245029687.5,-40.58241
3245029843.75,-40.61028
3245030000.0,-40.58411
3245030156.25,-40.60978
3245030312.5,-40.59755
3245030468.75,-40.59468
3245030625.0,-40.60563
3245030781.25,-40.60975
3245030937.5,-40.61143
3245031093.75,-40.61536
3245031250.0,-40.60595
3245031406.25,-40.61637
3245031562.5,-40.61019
3245031718.75,-40.59849
3245031875.0,-40.60918
3245032031.25,-40.61442
3245032187.5,-40.60108
3245032343.75,-40.60339
3245032500.0,-40.58971
3245032656.25,-40.59634
3245032812.5,-40.62595
3245032968.75,-40.61947
3245033125.0,-40.61465
3245033281.25,-40.62437
3245033437.5,-40.64206
3245033593.75,-40.61954
3245033750.0,-40.61081
3245033906.25,-40.62645
3245034062.5,-40.61269
3245034218.75,-40.62406
3245034375.0,-40.63044
3245034531.25,-40.6134
3245034687.5,-40.62328
3245034843.75,-40.63862
3245035000.0,-40.63499
3245035156.25,-40.63196
3245035312.5,-40.61394
3245035468.75,-40.62102
3245035625.0,-40.6265
3245035781.25,-40.62016
3245035937.5,-40.62692
3245036093.75,-40.63344
3245036250.0,-40.61723
3245036406.25,-40.62484
3245036562.5,-40.64606
3245036718.75,-40.6264
3245036875.0,-40.64367
3245037031.25,-40.63419
3245037187.5,-40.62717
3245037343.75,-40.63135
3245037500.0,-40.62205
3245037656.25,-40.62875
3245037812.5,-40.63428
3245037968.75,-40.65009
3245038125.0,-40.62965
3245038281.25,-40.6195
3245038437.5,-40.63692
3245038593.75,-40.64118
3245038750.0,-40.6334
3245038906.25,-40.64496
3245039062.5,-40.63583
3245039218.75,-40.62799
3245039375.0,-40.63989
3245039531.25,-40.65048
3245039687.5,-40.64941
3245039843.75,-40.64653
3245040000.0,-40.62273
3245040156.25,-40.63233
3245040312.5,-40.63478
3245040468.75,-40.66232
3245040625.0,-40.64572
3245040781.25,-40.6577
3245040937.5,-40.64922
3245041093.75,-40.64502
3245041250.0,-40.65129
3245041406.25,-40.64835
3245041562.5,-40.65575
3245041718.75,-40.62333
3245041875.0,-40.66001
3245042031.25,-40.63836
3245042187.5,-40.64066
3245042343.75,-40.66008
3245042500.0,-40.6357
3245042656.25,-40.66043
3245042812.5,-40.63673
3245042968.75,-40.63471
3245043125.0,-40.64187
3245043281.25,-40.66016
3245043437.5,-40.65154
3245043593.75,-40.65271
3245043750.0,-40.65855
3245043906.25,-40.64788
3245044062.5,-40.66285
3245044218.75,-40.66571
3245044375.0,-40.67212
3245044531.25,-40.66344
3245044687.5,-40.66548
3245044843.75,-40.66402
3245045000.0,-40.64812
3245045156.25,-40.65985
3245045312.5,-40.65092
3245045468.75,-40.65153
3245045625.0,-40.65281
3245045781.25,-40.64046
3245045937.5,-40.66549
3245046093.75,-40.66599
3245046250.0,-40.66742
3245046406.25,-40.65961
3245046562.5,-40.66926
3245046718.75,-40.67755
3245046875.0,-40.66171
3245047031.25,-40.67436
3245047187.5,-40.65183
3245047343.75,-40.67257
3245047500.0,-40.65202
3245047656.25,-40.66125
3245047812.5,-40.66253
3245047968.75,-40.66887
3245048125.0,-40.67392
3245048281.25,-40.67807
3245048437.5,-40.66579
3245048593.75,-40.67421
3245048750.0,-40.68399
3245048906.25,-40.68808
3245049062.5,-40.6811
3245049218.75,-40.65657
3245049375.0,-40.67696
3245049531.25,-40.68273
3245049687.5,-40.68054
3245049843.75,-40.6712
3245050000.0,-40.69038
3245050156.25,-40.66439
3245050312.5,-40.69599
3245050468.75,-40.67154
3245050625.0,-40.67234
3245050781.25,-40.70112
3245050937.5,-40.68668
3245051093.75,-40.67467
3245051250.0,-40.67784
3245051406.25,-40.66743
3245051562.5,-40.68571
3245051718.75,-40.68941
3245051875.0,-40.69287
3245052031.25,-40.69901
3245052187.5,-40.69246
3245052343.75,-40.70765
3245052500.0,-40.69269
3245052656.25,-40.696
3245052812.5,-40.69998
3245052968.75,-40.68698
3245053125.0,-40.70484
3245053281.25,-40.69628
3245053437.5,-40.69279
3245053593.75,-40.71129
3245053750.0,-40.70609
3245053906.25,-40.69157
3245054062.5,-40.69171
3245054218.75,-40.69874
3245054375.0,-40.68388
3245054531.25,-40.70772
3245054687.5,-40.68469
3245054843.75,-40.68381
3245055000.0,-40.68579
3245055156.25,-40.69685
3245055312.5,-40.66453
3245055468.75,-40.7001
3245055625.0,-40.67959
3245055781.25,-40.6981
3245055937.5,-40.68767
3245056093.75,-40.7083
3245056250.0,-40.70174
3245056406.25,-40.70268
3245056562.5,-40.70916
3245056718.75,-40.70915
3245056875.0,-40.71198
3245057031.25,-40.68912
3245057187.5,-40.70708
3245057343.75,-40.69396
3245057500.0,-40.69353
3245057656.25,-40.69012
3245057812.5,-40.72009
3245057968.75,-40.71983
3245058125.0,-40.68928
3245058281.25,-40.70813
3245058437.5,-40.722
3245058593.75,-40.70469
3245058750.0,-40.71075
3245058906.25,-40.71273
3245059062.5,-40.72972
3245059218.75,-40.70143
3245059375.0,-40.71131
3245059531.25,-40.6891
3245059687.5,-40.71458
3245059843.75,-40.71734
3245060000.0,-40.72355
3245060156.25,-40.70219
3245060312.5,-40.72166
3245060468.75,-40.71764
3245060625.0,-40.70306
3245060781.25,-40.72388
3245060937.5,-40.71779
3245061093.75,-40.72272
3245061250.0,-40.7066
3245061406.25,-40.7323
3245061562.5,-40.72408
3245061718.75,-40.72412
3245061875.0,-40.7304
3245062031.25,-40.72187
3245062187.5,-40.73355
3245062343.75,-40.73049
3245062500.0,-40.72057
3245062656.25,-40.73107
3245062812.5,-40.71521
3245062968.75,-40.72446
3245063125.0,-40.73357
3245063281.25,-40.7181
3245063437.5,-40.73795
3245063593.75,-40.72435
3245063750.0,-40.73714
3245063906.25,-40.74334
3245064062.5,-40.73154
3245064218.75,-40.72883
3245064375.0,-40.72165
3245064531.25,-40.73962
3245064687.5,-40.73748
3245064843.75,-40.72878
3245065000.0,-40.71591
3245065156.25,-40.74013
3245065312.5,-40.74249
3245065468.75,-40.73991
3245065625.0,-40.74743
3245065781.25,-40.74527
3245065937.5,-40.72436
3245066093.75,-40.73063
3245066250.0,-40.73174
3245066406.25,-40.7402
3245066562.5,-40.74712
3245066718.75,-40.74372
3245066875.0,-40.74299
3245067031.25,-40.72674
3245067187.5,-40.75515
3245067343.75,-40.74309
3245067500.0,-40.74754
3245067656.25,-40.7363
3245067812.5,-40.73634
3245067968.75,-40.74931
3245068125.0,-40.7327
3245068281.25,-40.74663
3245068437.5,-40.75619
3245068593.75,-40.73747
3245068750.0,-40.75179
3245068906.25,-40.7448
3245069062.5,-40.73829
3245069218.75,-40.7512
3245069375.0,-40.74406
3245069531.25,-40.747
3245069687.5,-40.75034
3245069843.75,-40.75455
3245070000.0,-40.74654
3245070156.25,-40.7505
3245070312.5,-40.76227
3245070468.75,-40.75864
3245070625.0,-40.75866
3245070781.25,-40.73302
3245070937.5,-40.76385
3245071093.75,-40.74318
3245071250.0,-40.75916
3245071406.25,-40.75159
3245071562.5,-40.75811
3245071718.75,-40.76433
3245071875.0,-40.75203
3245072031.25,-40.75141
3245072187.5,-40.76292
3245072343.75,-40.75248
3245072500.0,-40.76239
3245072656.25,-40.76912
3245072812.5,-40.76579
3245072968.75,-40.76167
3245073125.0,-40.76043
3245073281.25,-40.75708
3245073437.5,-40.76489
3245073593.75,-40.75185
3245073750.0,-40.76969
3245073906.25,-40.76242
3245074062.5,-40.76097
3245074218.75,-40.77261
3245074375.0,-40.77333
3245074531.25,-40.78187
3245074687.5,-40.76402
3245074843.75,-40.78445
3245075000.0,-40.76991
3245075156.25,-40.75948
3245075312.5,-40.769
3245075468.75,-40.77502
3245075625.0,-40.77182
3245075781.25,-40.76823
3245075937.5,-40.77597
3245076093.75,-40.76952
3245076250.0,-40.76843
3245076406.25,-40.79404
3245076562.5,-40.78946
3245076718.75,-40.77522
3245076875.0,-40.75914
3245077031.25,-40.7834
3245077187.5,-40.7852
3245077343.75,-40.78228
3245077500.0,-40.77269
3245077656.25,-40.7805
3245077812.5,-40.77716
3245077968.75,-40.78675
3245078125.0,-40.78265
3245078281.25,-40.77625
3245078437.5,-40.78942
3245078593.75,-40.7944
3245078750.0,-40.77922
3245078906.25,-40.79442
3245079062.5,-40.79704
3245079218.75,-40.78313
3245079375.0,-40.77452
3245079531.25,-40.76726
3245079687.5,-40.78746
3245079843.75,-40.77012
3245080000.0,-40.76992
3245080156.25,-40.78712
3245080312.5,-40.77843
3245080468.75,-40.7837
3245080625.0,-40.78159
3245080781.25,-40.7775
3245080937.5,-40.78757
3245081093.75,-40.79162
3245081250.0,-40.79884
3245081406.25,-40.79879
3245081562.5,-40.78716
3245081718.75,-40.79065
3245081875.0,-40.80584
3245082031.25,-40.78518
3245082187.5,-40.79725
3245082343.75,-40.79727
3245082500.0,-40.79815
3245082656.25,-40.783
3245082812.5,-40.81059
3245082968.75,-40.78437
3245083125.0,-40.7822
3245083281.25,-40.78429
3245083437.5,-40.79879
3245083593.75,-40.81943
3245083750.0,-40.81135
3245083906.25,-40.82767
3245084062.5,-40.7989
3245084218.75,-40.8108
3245084375.0,-40.80095
3245084531.25,-40.80576
3245084687.5,-40.77698
3245084843.75,-40.78934
3245085000.0,-40.78888
3245085156.25,-40.79854
3245085312.5,-40.79324
3245085468.75,-40.81034
3245085625.0,-40.79811
3245085781.25,-40.79087
3245085937.5,-40.79429
3245086093.75,-40.80006
3245086250.0,-40.80014
3245086406.25,-40.80637
3245086562.5,-40.8096
3245086718.75,-40.79916
3245086875.0,-40.8075
3245087031.25,-40.80382
3245087187.5,-40.80537
3245087343.75,-40.8163
3245087500.0,-40.81461
3245087656.25,-40.83266
3245087812.5,-40.81921
3245087968.75,-40.80764
3245088125.0,-40.82946
3245088281.25,-40.81638
3245088437.5,-40.80702
3245088593.75,-40.80198
3245088750.0,-40.8141
3245088906.25,-40.81522
3245089062.5,-40.80288
3245089218.75,-40.8047
3245089375.0,-40.81258
3245089531.25,-40.78217
3245089687.5,-40.81353
3245089843.75,-40.80285
3245090000.0,-40.83231
3245090156.25,-40.84014
3245090312.5,-40.81932
3245090468.75,-40.83668
3245090625.0,-40.84634
3245090781.25,-40.79355
3245090937.5,-40.81531
3245091093.75,-40.83688
3245091250.0,-40.81461
3245091406.25,-40.82359
3245091562.5,-40.81889
3245091718.75,-40.834
3245091875.0,-40.82179
3245092031.25,-40.83782
3245092187.5,-40.81961
3245092343.75,-40.82747
3245092500.0,-40.83566
3245092656.25,-40.85225
3245092812.5,-40.82028
3245092968.75,-40.83421
3245093125.0,-40.83028
3245093281.25,-40.84068
3245093437.5,-40.81434
3245093593.75,-40.83513
3245093750.0,-40.83284
3245093906.25,-40.82318
3245094062.5,-40.81903
3245094218.75,-40.83961
3245094375.0,-40.84578
3245094531.25,-40.86258
3245094687.5,-40.83862
3245094843.75,-40.8556
3245095000.0,-40.83599
3245095156.25,-40.80708
3245095312.5,-40.82529
3245095468.75,-40.83965
3245095625.0,-40.83707
3245095781.25,-40.83341
3245095937.5,-40.85169
3245096093.75,-40.8507
3245096250.0,-40.85196
3245096406.25,-40.85049
3245096562.5,-40.83511
3245096718.75,-40.85607
3245096875.0,-40.82891
3245097031.25,-40.84932
3245097187.5,-40.84048
3245097343.75,-40.85701
3245097500.0,-40.84793
3245097656.25,-40.83861
3245097812.5,-40.84074
3245097968.75,-40.8433
3245098125.0,-40.8348
3245098281.25,-40.85495
3245098437.5,-40.84996
3245098593.75,-40.84299
3245098750.0,-40.85059
3245098906.25,-40.85427
3245099062.5,-40.82399
3245099218.75,-40.85633
3245099375.0,-40.85924
3245099531.25,-40.84268
3245099687.5,-40.86231
3245099843.75,-40.84992
3245100000.0,-40.85234
3245100156.25,-40.85559
3245100312.5,-40.85145
3245100468.75,-40.83677
3245100625.0,-40.85878
3245100781.25,-40.85742
3245100937.5,-40.85149
3245101093.75,-40.84809
3245101250.0,-40.86993
3245101406.25,-40.86168
3245101562.5,-40.85797
3245101718.75,-40.87037
3245101875.0,-40.85233
3245102031.25,-40.86496
3245102187.5,-40.87132
3245102343.75,-40.87044
3245102500.0,-40.84779
3245102656.25,-40.89411
3245102812.5,-40.87078
3245102968.75,-40.87067
3245103125.0,-40.86034
3245103281.25,-40.88129
3245103437.5,-40.85975
3245103593.75,-40.87627
3245103750.0,-40.85228
3245103906.25,-40.87954
3245104062.5,-40.87465
3245104218.75,-40.86329
3245104375.0,-40.85649
3245104531.25,-40.86365
3245104687.5,-40.86049
3245104843.75,-40.88516
3245105000.0,-40.86826
3245105156.25,-40.87156
3245105312.5,-40.85179
3245105468.75,-40.88059
3245105625.0,-40.88133
3245105781.25,-40.86711
3245105937.5,-40.88376
3245106093.75,-40.86352
3245106250.0,-40.85332
3245106406.25,-40.87258
3245106562.5,-40.88129
3245106718.75,-40.89388
3245106875.0,-40.87445
3245107031.25,-40.86002
3245107187.5,-40.89009
3245107343.75,-40.89063
3245107500.0,-40.89181
3245107656.25,-40.87877
3245107812.5,-40.89159
3245107968.75,-40.88611
3245108125.0,-40.89722
3245108281.25,-40.88923
3245108437.5,-40.87207
3245108593.75,-40.89408
3245108750.0,-40.88279
3245108906.25,-40.90439
3245109062.5,-40.873
3245109218.75,-40.87527
3245109375.0,-40.89095
3245109531.25,-40.90538
3245109687.5,-40.88
3245109843.75,-40.8914
3245110000.0,-40.89999
3245110156.25,-40.90304
3245110312.5,-40.89323
3245110468.75,-40.89798
3245110625.0,-40.89463
3245110781.25,-40.90425
3245110937.5,-40.89506
3245111093.75,-40.90385
3245111250.0,-40.87764
3245111406.25,-40.8938
3245111562.5,-40.88381
3245111718.75,-40.90258
3245111875.0,-40.91238
3245112031.25,-40.89451
3245112187.5,-40.88894
3245112343.75,-40.89627
3245112500.0,-40.90303
3245112656.25,-40.89328
3245112812.5,-40.91684
3245112968.75,-40.9228
3245113125.0,-40.90979
3245113281.25,-40.89169
3245113437.5,-40.90546
3245113593.75,-40.91941
3245113750.0,-40.90261
3245113906.25,-40.91839
3245114062.5,-40.91608
3245114218.75,-40.93155
3245114375.0,-40.90045
3245114531.25,-40.91466
3245114687.5,-40.90237
3245114843.75,-40.90632
3245115000.0,-40.91389
3245115156.25,-40.91008
3245115312.5,-40.92635
3245115468.75,-40.92735
3245115625.0,-40.9277
3245115781.25,-40.91637
3245115937.5,-40.912
3245116093.75,-40.92105
3245116250.0,-40.91342
3245116406.25,-40.92543
3245116562.5,-40.93345
3245116718.75,-40.91083
3245116875.0,-40.91438
3245117031.25,-40.90971
3245117187.5,-40.9467
3245117343.75,-40.91639
3245117500.0,-40.92077
3245117656.25,-40.89823
3245117812.5,-40.92702
3245117968.75,-40.92472
3245118125.0,-40.92394
3245118281.25,-40.93881
3245118437.5,-40.90807
3245118593.75,-40.91318
3245118750.0,-40.93771
3245118906.25,-40.92796
3245119062.5,-40.92577
3245119218.75,-40.92129
3245119375.0,-40.92325
3245119531.25,-40.95755
3245119687.5,-40.93242
3245119843.75,-40.91934
3245120000.0,-40.94139
3245120156.25,-40.92049
3245120312.5,-40.90789
3245120468.75,-40.92309
3245120625.0,-40.93931
3245120781.25,-40.92676
3245120937.5,-40.92752
3245121093.75,-40.93195
3245121250.0,-40.93128
3245121406.25,-40.93274
3245121562.5,-40.93432
3245121718.75,-40.93624
3245121875.0,-40.91777
3245122031.25,-40.938
3245122187.5,-40.92094
3245122343.75,-40.94901
3245122500.0,-40.93542
3245122656.25,-40.93049
3245122812.5,-40.94175
3245122968.75,-40.93563
3245123125.0,-40.9389
3245123281.25,-40.93752
3245123437.5,-40.94976
3245123593.75,-40.95044
3245123750.0,-40.96334
3245123906.25,-40.95978
3245124062.5,-40.93994
3245124218.75,-40.94875
3245124375.0,-40.9248
3245124531.25,-40.95344
3245124687.5,-40.93814
3245124843.75,-40.93771
3245125000.0,-40.95081
3245125156.25,-40.92727
3245125312.5,-40.97534
3245125468.75,-40.95506
3245125625.0,-40.94431
3245125781.25,-40.9497
3245125937.5,-40.96079
3245126093.75,-40.95358
3245126250.0,-40.95155
3245126406.25,-40.96098
3245126562.5,-40.95517
3245126718.75,-40.96632
3245126875.0,-40.96984
3245127031.25,-40.93843
3245127187.5,-40.96875
3245127343.75,-40.95278
3245127500.0,-40.9741
3245127656.25,-40.94196
3245127812.5,-40.9531
3245127968.75,-40.96671
3245128125.0,-40.95439
3245128281.25,-40.9603
3245128437.5,-40.96791
3245128593.75,-40.96338
3245128750.0,-40.96564
3245128906.25,-40.9739
3245129062.5,-40.95345
3245129218.75,-40.95099
3245129375.0,-40.96191
3245129531.25,-40.96061
3245129687.5,-40.9637
3245129843.75,-40.97775
3245130000.0,-40.982
3245130156.25,-40.95314
3245130312.5,-40.94012
3245130468.75,-40.95734
3245130625.0,-40.96899
3245130781.25,-40.96487
3245130937.5,-40.96815
3245131093.75,-40.96755
3245131250.0,-40.9725
3245131406.25,-40.96112
3245131562.5,-40.95753
3245131718.75,-40.96403
3245131875.0,-40.96202
3245132031.25,-40.96221
3245132187.5,-40.98565
3245132343.75,-40.97381
3245132500.0,-40.9709
3245132656.25,-40.96155
3245132812.5,-40.98193
3245132968.75,-40.99038
3245133125.0,-40.98368
3245133281.25,-40.97692
3245133437.5,-40.96959
3245133593.75,-40.97921
3245133750.0,-40.99121
3245133906.25,-40.96413
3245134062.5,-40.97886
3245134218.75,-40.98085
3245134375.0,-40.97136
3245134531.25,-40.97863
3245134687.5,-40.97072
3245134843.75,-40.99765
3245135000.0,-40.96941
3245135156.25,-40.98348
3245135312.5,-40.98132
3245135468.75,-40.99117
3245135625.0,-40.99773
3245135781.25,-40.99822
3245135937.5,-40.97387
3245136093.75,-40.9728
3245136250.0,-40.98092
3245136406.25,-40.99079
3245136562.5,-40.98357
3245136718.75,-40.98109
3245136875.0,-40.99447
3245137031.25,-40.99009
3245137187.5,-40.98218
3245137343.75,-40.98328
3245137500.0,-40.99812
3245137656.25,-40.99686
3245137812.5,-40.97305
3245137968.75,-40.99722
3245138125.0,-40.99533
3245138281.25,-41.00324
3245138437.5,-40.99071
3245138593.75,-40.99245
3245138750.0,-40.99128
3245138906.25,-40.99474
3245139062.5,-40.98973
3245139218.75,-41.00602
3245139375.0,-40.99149
3245139531.25,-41.00206
3245139687.5,-41.00688
3245139843.75,-40.9944
3245140000.0,-40.98867
3245140156.25,-40.9937
3245140312.5,-41.01057
3245140468.75,-40.9963
3245140625.0,-41.00416
3245140781.25,-40.9935
3245140937.5,-41.01203
3245141093.75,-41.01772
3245141250.0,-40.99761
3245141406.25,-40.99982
3245141562.5,-41.01193
3245141718.75,-41.00711
3245141875.0,-41.00861
3245142031.25,-41.00435
3245142187.5,-41.01841
3245142343.75,-41.01133
3245142500.0,-41.00443
3245142656.25,-40.99404
3245142812.5,-41.01724
3245142968.75,-41.01995
3245143125.0,-41.01323
3245143281.25,-40.99472
3245143437.5,-41.01777
3245143593.75,-41.0229
3245143750.0,-40.99277
3245143906.25,-41.02762
3245144062.5,-41.02338
3245144218.75,-41.01494
3245144375.0,-41.01308
3245144531.25,-41.00911
3245144687.5,-41.02252
3245144843.75,-41.00626
3245145000.0,-40.99661
3245145156.25,-41.01394
3245145312.5,-41.02121
3245145468.75,-41.01286
3245145625.0,-41.03585
3245145781.25,-41.0028
3245145937.5,-41.02889
3245146093.75,-41.01826
3245146250.0,-41.01699
3245146406.25,-41.03
3245146562.5,-41.0239
3245146718.75,-41.01083
3245146875.0,-41.0251
3245147031.25,-41.03226
3245147187.5,-41.01851
3245147343.75,-41.00762
3245147500.0,-41.03306
3245147656.25,-41.01755
3245147812.5,-41.01339
3245147968.75,-41.0194
3245148125.0,-41.03429
3245148281.25,-41.02776
3245148437.5,-41.04402
3245148593.75,-41.01939
3245148750.0,-41.02383
3245148906.25,-41.02506
3245149062.5,-41.03355
3245149218.75,-41.03485
3245149375.0,-41.02316
3245149531.25,-41.01044
3245149687.5,-41.03811
3245149843.75,-41.02103
3245150000.0,-41.0296
3245150156.25,-41.03321
3245150312.5,-41.04917
3245150468.75,-41.00941
3245150625.0,-41.03265
3245150781.25,-41.03373
3245150937.5,-41.04095
3245151093.75,-41.04356
3245151250.0,-41.03999
3245151406.25,-41.04007
3245151562.5,-41.04627
3245151718.75,-41.04177
3245151875.0,-41.04433
3245152031.25,-41.0508
3245152187.5,-41.03975
3245152343.75,-41.06278
3245152500.0,-41.04122
3245152656.25,-41.06845
3245152812.5,-41.05501
3245152968.75,-41.05518
3245153125.0,-41.05362
3245153281.25,-41.05181
3245153437.5,-41.06485
3245153593.75,-41.04417
3245153750.0,-41.06892
3245153906.25,-41.03376
3245154062.5,-41.05962
3245154218.75,-41.03712
3245154375.0,-41.04488
3245154531.25,-41.06034
3245154687.5,-41.05912
3245154843.75,-41.03074
3245155000.0,-41.06403
3245155156.25,-41.06216
3245155312.5,-41.05308
3245155468.75,-41.03188
3245155625.0,-41.05276
3245155781.25,-41.04174
3245155937.5,-41.05744
3245156093.75,-41.05288
3245156250.0,-41.05194
3245156406.25,-41.04607
3245156562.5,-41.05201
3245156718.75,-41.0667
3245156875.0,-41.05877
3245157031.25,-41.06195
3245157187.5,-41.06862
3245157343.75,-41.06062
3245157500.0,-41.05979
3245157656.25,-41.07012
3245157812.5,-41.06086
3245157968.75,-41.02787
3245158125.0,-41.07196
3245158281.25,-41.06331
3245158437.5,-41.06681
3245158593.75,-41.04743
3245158750.0,-41.06895
3245158906.25,-41.05128
3245159062.5,-41.06334
3245159218.75,-41.06443
3245159375.0,-41.06135
3245159531.25,-41.07095
3245159687.5,-41.07737
3245159843.75,-41.06947
3245160000.0,-41.05429
3245160156.25,-41.07238
3245160312.5,-41.06497
3245160468.75,-41.07401
3245160625.0,-41.08521
3245160781.25,-41.0724
3245160937.5,-41.07613
3245161093.75,-41.06343
3245161250.0,-41.072
3245161406.25,-41.08187
3245161562.5,-41.07308
3245161718.75,-41.06724
3245161875.0,-41.07338
3245162031.25,-41.08001
3245162187.5,-41.0833
3245162343.75,-41.07033
3245162500.0,-41.09006
3245162656.25,-41.08607
3245162812.5,-41.08273
3245162968.75,-41.07553
3245163125.0,-41.09053
3245163281.25,-41.07049
3245163437.5,-41.08556
3245163593.75,-41.08257
3245163750.0,-41.07734
3245163906.25,-41.10678
3245164062.5,-41.09111
3245164218.75,-41.06093
3245164375.0,-41.09951
3245164531.25,-41.10156
3245164687.5,-41.08053
3245164843.75,-41.08083
3245165000.0,-41.08203
3245165156.25,-41.10091
3245165312.5,-41.08883
3245165468.75,-41.10165
3245165625.0,-41.10093
3245165781.25,-41.0934
3245165937.5,-41.08524
3245166093.75,-41.11738
3245166250.0,-41.07015
3245166406.25,-41.08326
3245166562.5,-41.09003
3245166718.75,-41.07933
3245166875.0,-41.07997
3245167031.25,-41.08208
3245167187.5,-41.09591
3245167343.75,-41.10723
3245167500.0,-41.10357
3245167656.25,-41.10102
3245167812.5,-41.08216
3245167968.75,-41.07933
3245168125.0,-41.09269
3245168281.25,-41.07124
3245168437.5,-41.10469
3245168593.75,-41.09388
3245168750.0,-41.09283
3245168906.25,-41.10373
3245169062.5,-41.09258
3245169218.75,-41.09627
3245169375.0,-41.08849
3245169531.25,-41.10612
3245169687.5,-41.09055
3245169843.75,-41.10252
3245170000.0,-41.12519
3245170156.25,-41.11229
3245170312.5,-41.11319
3245170468.75,-41.10431
3245170625.0,-41.09373
3245170781.25,-41.1145
3245170937.5,-41.10274
3245171093.75,-41.0836
3245171250.0,-41.08517
3245171406.25,-41.11926
3245171562.5,-41.10391
3245171718.75,-41.09899
3245171875.0,-41.11505
3245172031.25,-41.10816
3245172187.5,-41.10255
3245172343.75,-41.12256
3245172500.0,-41.09835
3245172656.25,-41.09823
3245172812.5,-41.11473
3245172968.75,-41.12047
3245173125.0,-41.1142
3245173281.25,-41.11517
3245173437.5,-41.11132
3245173593.75,-41.11764
3245173750.0,-41.12148
3245173906.25,-41.08936
3245174062.5,-41.12252
3245174218.75,-41.11531
3245174375.0,-41.11187
3245174531.25,-41.13713
3245174687.5,-41.12861
3245174843.75,-41.12794
3245175000.0,-41.11304
3245175156.25,-41.12744
3245175312.5,-41.12445
3245175468.75,-41.12922
3245175625.0,-41.12887
3245175781.25,-41.13074
3245175937.5,-41.12886
3245176093.75,-41.11599
3245176250.0,-41.13446
3245176406.25,-41.1281
3245176562.5,-41.11017
3245176718.75,-41.1394
3245176875.0,-41.13081
3245177031.25,-41.12303
3245177187.5,-41.12557
3245177343.75,-41.11979
3245177500.0,-41.12956
3245177656.25,-41.12933
3245177812.5,-41.14193
3245177968.75,-41.12383
3245178125.0,-41.11938
3245178281.25,-41.12129
3245178437.5,-41.12862
3245178593.75,-41.13066
3245178750.0,-41.13811
3245178906.25,-41.13153
3245179062.5,-41.13058
3245179218.75,-41.1269
3245179375.0,-41.14651
3245179531.25,-41.12464
3245179687.5,-41.13241
3245179843.75,-41.14101
3245180000.0,-41.13459
3245180156.25,-41.14201
3245180312.5,-41.14161
3245180468.75,-41.16851
3245180625.0,-41.14327
3245180781.25,-41.14104
3245180937.5,-41.11967
3245181093.75,-41.11892
3245181250.0,-41.12514
3245181406.25,-41.15366
3245181562.5,-41.14246
3245181718.75,-41.14791
3245181875.0,-41.14188
3245182031.25,-41.15738
3245182187.5,-41.16428
3245182343.75,-41.15051
3245182500.0,-41.13093
3245182656.25,-41.16168
3245182812.5,-41.14808
3245182968.75,-41.12762
3245183125.0,-41.15335
3245183281.25,-41.1469
3245183437.5,-41.1452
3245183593.75,-41.14185
3245183750.0,-41.13529
3245183906.25,-41.14899
3245184062.5,-41.14098
3245184218.75,-41.1605
3245184375.0,-41.15264
3245184531.25,-41.15374
3245184687.5,-41.12754
3245184843.75,-41.16522
3245185000.0,-41.15877
3245185156.25,-41.14223
3245185312.5,-41.15442
3245185468.75,-41.16846
3245185625.0,-41.16478
3245185781.25,-41.15272
3245185937.5,-41.15958
3245186093.75,-41.1489
3245186250.0,-41.14326
3245186406.25,-41.16043
3245186562.5,-41.15099
3245186718.75,-41.14154
3245186875.0,-41.14488
3245187031.25,-41.1396
3245187187.5,-41.15873
3245187343.75,-41.16587
3245187500.0,-41.16948
3245187656.25,-41.17468
3245187812.5,-41.15061
3245187968.75,-41.16836
3245188125.0,-41.17836
3245188281.25,-41.16906
3245188437.5,-41.17924
3245188593.75,-41.17363
3245188750.0,-41.16374
3245188906.25,-41.17676
3245189062.5,-41.17761
3245189218.75,-41.18217
3245189375.0,-41.15842
3245189531.25,-41.17987
3245189687.5,-41.15835
3245189843.75,-41.17239
3245190000.0,-41.16637
3245190156.25,-41.17896
3245190312.5,-41.17936
3245190468.75,-41.1693
3245190625.0,-41.16517
3245190781.25,-41.18404
3245190937.5,-41.17062
3245191093.75,-41.16006
3245191250.0,-41.18424
3245191406.25,-41.19412
3245191562.5,-41.16354
3245191718.75,-41.19555
3245191875.0,-41.16226
3245192031.25,-41.18261
3245192187.5,-41.19789
3245192343.75,-41.17165
3245192500.0,-41.16204
3245192656.25,-41.1995
3245192812.5,-41.18318
3245192968.75,-41.18537
3245193125.0,-41.19671
3245193281.25,-41.19398
3245193437.5,-41.17805
3245193593.75,-41.19083
3245193750.0,-41.18265
3245193906.25,-41.2025
3245194062.5,-41.19035
3245194218.75,-41.18185
3245194375.0,-41.19114
3245194531.25,-41.18262
3245194687.5,-41.19617
3245194843.75,-41.16891
