4100995000.000001,-71.94878
4100995937.500001,-71.58351
4100996875.000001,-71.97269
4100997812.500001,-72.60622
4100998750.000001,-71.91935
4100999687.500001,-72.551
4101000625.000001,-71.92863
4101001562.500001,-71.86254
4101002500.000001,-72.38095
4101003437.500001,-72.53938
4101004375.000001,-71.933
4101005312.500001,-72.14579
4101006250.000001,-71.43579
4101007187.500001,-71.56232
4101008125.000001,-72.31203
4101009062.500001,-72.03774
4101010000.000001,-72.04963
4101010937.500001,-71.82558
4101011875.000001,-71.99233
4101012812.500001,-72.29218
4101013750.000001,-72.18355
4101014687.500001,-72.8849
4101015625.000001,-72.16451
4101016562.500001,-71.78308
4101017500.000001,-72.03381
4101018437.500001,-72.59772
4101019375.000001,-72.11375
4101020312.500001,-72.3911
4101021250.000001,-72.26562
4101022187.500001,-71.6996
4101023125.000001,-71.61972
4101024062.500001,-72.25342
4101025000.000001,-72.72574
4101025937.500001,-72.14135
4101026875.000001,-72.24615
4101027812.500001,-72.44525
4101028750.000001,-71.6765
4101029687.500001,-72.36921
4101030625.000001,-72.25407
4101031562.500001,-71.87537
4101032500.000001,-71.59914
4101033437.500001,-72.9846
4101034375.000001,-71.74854
4101035312.500001,-72.88248
4101036250.000001,-71.78613
4101037187.500001,-72.35161
4101038125.000001,-72.73296
4101039062.500001,-72.10373
4101040000.000001,-72.51072
4101040937.500001,-72.32639
4101041875.000001,-72.21251
4101042812.500001,-72.25915
4101043750.000001,-72.05064
4101044687.500001,-72.15587
4101045625.000001,-72.42091
4101046562.500001,-72.30908
4101047500.000001,-72.12235
4101048437.500001,-71.84588
4101049375.000001,-72.25301
4101050312.500001,-72.1348
4101051250.000001,-72.44778
4101052187.500001,-72.33107
4101053125.000001,-72.44408
4101054062.500001,-72.03796
4101055000.000001,-72.07629
4101055937.500001,-72.20016
4101056875.000001,-72.30199
4101057812.500001,-72.64423
4101058750.000001,-72.07555
4101059687.500001,-72.01337
4101060625.000001,-72.39101
4101061562.500001,-72.18784
4101062500.000001,-72.44643
4101063437.500001,-72.9176
4101064375.000001,-71.81712
4101065312.500001,-71.68051
4101066250.000001,-71.81357
4101067187.500001,-71.97234
4101068125.000001,-72.35228
4101069062.500001,-71.98298
4101070000.000001,-72.11002
4101070937.500001,-73.02993
4101071875.000001,-72.01267
4101072812.500001,-72.80652
4101073750.000001,-72.19755
4101074687.500001,-71.99052
4101075625.000001,-72.17863
4101076562.500001,-72.47955
4101077500.000001,-72.64933
4101078437.500001,-71.66071
4101079375.000001,-72.07082
4101080312.500001,-72.4356
4101081250.000001,-72.94378
4101082187.500001,-72.72048
4101083125.000001,-71.52818
4101084062.500001,-72.3073
4101085000.000001,-71.87764
4101085937.500001,-71.97801
4101086875.000001,-72.20558
4101087812.500001,-72.26113
4101088750.000001,-72.23118
4101089687.500001,-72.37757
4101090625.000001,-72.43103
4101091562.500001,-71.97422
4101092500.000001,-71.58349
4101093437.500001,-72.32529
4101094375.000001,-72.59605
4101095312.500001,-72.18609
4101096250.000001,-71.82823
4101097187.500001,-72.2058
4101098125.000001,-71.85291
4101099062.500001,-72.59772
4101100000.000001,-72.09969
4101100937.500001,-72.4968
4101101875.000001,-72.63108
4101102812.500001,-72.0665
4101103750.000001,-72.72475
4101104687.500001,-71.99108
4101105625.000001,-72.36692
4101106562.500001,-71.61523
4101107500.000001,-72.20301
4101108437.500001,-72.08396
4101109375.000001,-72.4203
4101110312.500001,-71.78226
4101111250.000001,-72.46267
4101112187.500001,-72.47244
4101113125.000001,-72.71056
4101114062.500001,-71.5787
4101115000.000001,-73.70931
4101115937.500001,-72.00332
4101116875.000001,-71.94309
4101117812.500001,-72.49763
4101118750.000001,-72.41216
4101119687.500001,-72.33125
4101120625.000001,-72.13556
4101121562.500001,-72.536
4101122500.000001,-72.42574
4101123437.500001,-71.7738
4101124375.000001,-71.88165
4101125312.500001,-72.39786
4101126250.000001,-72.05774
4101127187.500001,-72.44962
4101128125.000001,-72.48033
4101129062.500001,-72.46168
4101130000.000001,-72.89604
4101130937.500001,-72.36498
4101131875.000001,-72.39448
4101132812.500001,-71.53729
4101133750.000001,-71.96811
4101134687.500001,-72.54065
4101135625.000001,-72.96392
4101136562.500001,-71.43727
4101137500.000001,-72.85612
4101138437.500001,-72.40766
4101139375.000001,-72.25604
4101140312.500001,-72.47267
4101141250.000001,-72.32114
4101142187.500001,-72.54711
4101143125.000001,-72.44683
4101144062.500001,-72.2488
4101145000.000001,-71.40168
4101145937.500001,-72.36149
4101146875.000001,-72.0198
4101147812.500001,-71.3757
4101148750.000001,-72.34338
4101149687.500001,-71.76982
4101150625.000001,-72.6854
4101151562.500001,-72.19843
4101152500.000001,-71.86749
4101153437.500001,-72.556
4101154375.000001,-72.01744
4101155312.500001,-72.31773
4101156250.000001,-72.24081
4101157187.500001,-72.27969
4101158125.000001,-71.40652
4101159062.500001,-72.1597
4101160000.000001,-72.72565
4101160937.500001,-72.27055
4101161875.000001,-72.71389
4101162812.500001,-71.75986
4101163750.000001,-72.31643
4101164687.500001,-72.00413
4101165625.000001,-72.2111
4101166562.500001,-72.87975
4101167500.000001,-72.40855
4101168437.500001,-71.8917
4101169375.000001,-72.72861
4101170312.500001,-72.03062
4101171250.000001,-72.10799
4101172187.500001,-72.14597
4101173125.000001,-72.33823
4101174062.500001,-72.31247
4101175000.000001,-72.13248
4101175937.500001,-72.39544
4101176875.000001,-71.82877
4101177812.500001,-71.69398
4101178750.000001,-72.59048
4101179687.500001,-71.32738
4101180625.000001,-71.83614
4101181562.500001,-72.14133
4101182500.000001,-72.77827
4101183437.500001,-72.37018
4101184375.000001,-72.59646
4101185312.500001,-71.98854
4101186250.000001,-71.7289
4101187187.500001,-72.61867
4101188125.000001,-72.1026
4101189062.500001,-72.13229
4101190000.000001,-72.14234
4101190937.500001,-71.68311
4101191875.000001,-71.20883
4101192812.500001,-72.29654
4101193750.000001,-72.20086
4101194687.500001,-72.47968
4101195625.000001,-72.11383
4101196562.500001,-71.86263
4101197500.000001,-72.45087
4101198437.500001,-72.42186
4101199375.000001,-72.19859
4101200312.500001,-71.7515
4101201250.000001,-72.73518
4101202187.500001,-72.01795
4101203125.000001,-72.03733
4101204062.500001,-71.97787
4101205000.000001,-71.71546
4101205937.500001,-72.67376
4101206875.000001,-71.60252
4101207812.500001,-71.69193
4101208750.000001,-72.02347
4101209687.500001,-72.24454
4101210625.000001,-72.1883
4101211562.500001,-71.70378
4101212500.000001,-72.56659
4101213437.500001,-72.27495
4101214375.000001,-72.3306
4101215312.500001,-72.61073
4101216250.000001,-71.94496
4101217187.500001,-72.60876
4101218125.000001,-72.59768
4101219062.500001,-72.85166
4101220000.000001,-71.8362
4101220937.500001,-72.40141
4101221875.000001,-72.19796
4101222812.500001,-72.5659
4101223750.000001,-72.09328
4101224687.500001,-71.97095
4101225625.000001,-72.72009
4101226562.500001,-72.53204
4101227500.000001,-71.98311
4101228437.500001,-71.78449
4101229375.000001,-71.99899
4101230312.500001,-72.84422
4101231250.000001,-72.76237
4101232187.500001,-72.25214
4101233125.000001,-72.24373
4101234062.500001,-71.8666
4101235000.000001,-72.32583
4101235937.500001,-72.13068
4101236875.000001,-72.72177
4101237812.500001,-71.95033
4101238750.000001,-71.74886
4101239687.500001,-72.51803
4101240625.000001,-72.56727
4101241562.500001,-72.10138
4101242500.000001,-72.23946
4101243437.500001,-72.95895
4101244375.000001,-72.85102
4101245312.500001,-72.21873
4101246250.000001,-72.10379
4101247187.500001,-72.73197
4101248125.000001,-72.1727
4101249062.500001,-71.90285
4101250000.000001,-72.21406
4101250937.500001,-71.77023
4101251875.000001,-71.98573
4101252812.500001,-72.60241
4101253750.000001,-71.9366
4101254687.500001,-72.11237
4101255625.000001,-71.95368
4101256562.500001,-72.16068
4101257500.000001,-72.33411
4101258437.500001,-72.26233
4101259375.000001,-71.95181
4101260312.500001,-72.24535
4101261250.000001,-72.08615
4101262187.500001,-72.3462
4101263125.000001,-72.23672
4101264062.500001,-71.82525
4101265000.000001,-72.23492
4101265937.500001,-71.97552
4101266875.000001,-72.80244
4101267812.500001,-71.68431
4101268750.000001,-72.6665
4101269687.500001,-71.80296
4101270625.000001,-71.86618
4101271562.500001,-72.86198
4101272500.000001,-72.37417
4101273437.500001,-72.32256
4101274375.000001,-72.43143
4101275312.500001,-71.8183
4101276250.000001,-71.91676
4101277187.500001,-72.20126
4101278125.000001,-71.71378
4101279062.500001,-71.98335
4101280000.000001,-72.21103
4101280937.500001,-72.2663
4101281875.000001,-72.03091
4101282812.500001,-72.31477
4101283750.000001,-72.31229
4101284687.500001,-71.80113
4101285625.000001,-72.06951
4101286562.500001,-71.7181
4101287500.000001,-72.28381
4101288437.500001,-72.28585
4101289375.000001,-72.24434
4101290312.500001,-72.25493
4101291250.000001,-71.89703
4101292187.500001,-72.29099
4101293125.000001,-72.55901
4101294062.500001,-72.62994
4101295000.000001,-72.02067
4101295937.500001,-72.05359
4101296875.000001,-72.79351
4101297812.500001,-71.5957
4101298750.000001,-72.31757
4101299687.500001,-72.05313
4101300625.000001,-71.85609
4101301562.500001,-71.96251
4101302500.000001,-71.94662
4101303437.500001,-72.02497
4101304375.000001,-71.77392
4101305312.500001,-72.52253
4101306250.000001,-72.22031
4101307187.500001,-72.23325
4101308125.000001,-72.08854
4101309062.500001,-72.7627
4101310000.000001,-72.34442
4101310937.500001,-71.95452
4101311875.000001,-71.9473
4101312812.500001,-71.95002
4101313750.000001,-71.90434
4101314687.500001,-71.81635
4101315625.000001,-71.80747
4101316562.500001,-72.12276
4101317500.000001,-71.51393
4101318437.500001,-72.24268
4101319375.000001,-72.09061
4101320312.500001,-71.77295
4101321250.000001,-72.31706
4101322187.500001,-72.66572
4101323125.000001,-71.28996
4101324062.500001,-71.9793
4101325000.000001,-71.61404
4101325937.500001,-72.49353
4101326875.000001,-72.08733
4101327812.500001,-71.52522
4101328750.000001,-72.09621
4101329687.500001,-71.48044
4101330625.000001,-72.03386
4101331562.500001,-71.54407
4101332500.000001,-71.86871
4101333437.500001,-71.35627
4101334375.000001,-71.59351
4101335312.500001,-71.88768
4101336250.000001,-72.08152
4101337187.500001,-73.16882
4101338125.000001,-71.96543
4101339062.500001,-71.58807
4101340000.000001,-72.08952
4101340937.500001,-71.93237
4101341875.000001,-72.22646
4101342812.500001,-70.90318
4101343750.000001,-71.69473
4101344687.500001,-71.84667
4101345625.000001,-72.29341
4101346562.500001,-72.1413
4101347500.000001,-71.96568
4101348437.500001,-72.2457
4101349375.000001,-71.64356
4101350312.500001,-71.90481
4101351250.000001,-72.63221
4101352187.500001,-72.71146
4101353125.000001,-72.33966
4101354062.500001,-71.53729
4101355000.000001,-71.20278
4101355937.500001,-71.37323
4101356875.000001,-72.78191
4101357812.500001,-72.11629
4101358750.000001,-72.35549
4101359687.500001,-72.93632
4101360625.000001,-72.2012
4101361562.500001,-71.67162
4101362500.000001,-72.29284
4101363437.500001,-72.43755
4101364375.000001,-72.24671
4101365312.500001,-71.55507
4101366250.000001,-72.37278
4101367187.500001,-72.22258
4101368125.000001,-72.44582
4101369062.500001,-72.00099
4101370000.000001,-72.10574
4101370937.500001,-72.12892
4101371875.000001,-72.48349
4101372812.500001,-71.78109
4101373750.000001,-71.98049
4101374687.500001,-72.04817
4101375625.000001,-71.61299
4101376562.500001,-71.85355
4101377500.000001,-72.20398
4101378437.500001,-71.68932
4101379375.000001,-72.33177
4101380312.500001,-72.85119
4101381250.000001,-72.37322
4101382187.500001,-71.63615
4101383125.000001,-72.26905
4101384062.500001,-72.07773
4101385000.000001,-72.14662
4101385937.500001,-71.40614
4101386875.000001,-71.53114
4101387812.500001,-72.12816
4101388750.000001,-72.47314
4101389687.500001,-71.83495
4101390625.000001,-71.89911
4101391562.500001,-71.63931
4101392500.000001,-71.8365
4101393437.500001,-71.70181
4101394375.000001,-71.96124
4101395312.500001,-71.98516
4101396250.000001,-71.96662
4101397187.500001,-72.06617
4101398125.000001,-72.08255
4101399062.500001,-72.34715
4101400000.000001,-71.37938
4101400937.500001,-72.35014
4101401875.000001,-71.93059
4101402812.500001,-71.82712
4101403750.000001,-72.30392
4101404687.500001,-72.05762
4101405625.000001,-71.28223
4101406562.500001,-71.6515
4101407500.000001,-72.71832
4101408437.500001,-72.34273
4101409375.000001,-72.24808
4101410312.500001,-72.06287
4101411250.000001,-72.00309
4101412187.500001,-71.67216
4101413125.000001,-72.56937
4101414062.500001,-72.6095
4101415000.000001,-72.38219
4101415937.500001,-71.73708
4101416875.000001,-72.13715
4101417812.500001,-72.2735
4101418750.000001,-72.30164
4101419687.500001,-71.54752
4101420625.000001,-72.10152
4101421562.500001,-71.73792
4101422500.000001,-72.70638
4101423437.500001,-72.46229
4101424375.000001,-72.01479
4101425312.500001,-71.96051
4101426250.000001,-72.1243
4101427187.500001,-72.11749
4101428125.000001,-72.60004
4101429062.500001,-72.01898
4101430000.000001,-71.90832
4101430937.500001,-71.90138
4101431875.000001,-72.22394
4101432812.500001,-72.19111
4101433750.000001,-72.11383
4101434687.500001,-72.0275
4101435625.000001,-71.98315
4101436562.500001,-71.61729
4101437500.000001,-71.67841
4101438437.500001,-72.2146
4101439375.000001,-71.9458
4101440312.500001,-72.16331
4101441250.000001,-71.39951
4101442187.500001,-71.87727
4101443125.000001,-72.38194
4101444062.500001,-72.11009
4101445000.000001,-72.20303
4101445937.500001,-72.03773
4101446875.000001,-72.15242
4101447812.500001,-71.34517
4101448750.000001,-72.30476
4101449687.500001,-72.45092
4101450625.000001,-72.66414
4101451562.500001,-71.49983
4101452500.000001,-72.61288
4101453437.500001,-71.93069
4101454375.000001,-71.74252
4101455312.500001,-71.99911
4101456250.000001,-72.08508
4101457187.500001,-71.86883
4101458125.000001,-71.76589
4101459062.500001,-72.35276
4101460000.000001,-71.50729
4101460937.500001,-72.41418
4101461875.000001,-72.08477
4101462812.500001,-72.34077
4101463750.000001,-71.92306
4101464687.500001,-72.313
4101465625.000001,-72.1012
4101466562.500001,-72.21421
4101467500.000001,-71.89958
4101468437.500001,-72.6269
4101469375.000001,-71.92112
4101470312.500001,-72.02653
4101471250.000001,-72.16073
4101472187.500001,-72.19196
4101473125.000001,-71.46693
4101474062.500001,-72.05803
4101475000.000001,-72.4286
4101475937.500001,-71.81418
4101476875.000001,-73.0486
4101477812.500001,-71.55658
4101478750.000001,-72.02515
4101479687.500001,-72.80228
4101480625.000001,-71.96384
4101481562.500001,-71.90789
4101482500.000001,-71.84389
4101483437.500001,-72.34819
4101484375.000001,-71.38284
4101485312.500001,-72.44389
4101486250.000001,-71.81636
4101487187.500001,-71.65015
4101488125.000001,-71.80392
4101489062.500001,-72.91403
4101490000.000001,-72.7136
4101490937.500001,-71.73856
4101491875.000001,-72.47726
4101492812.500001,-72.42458
4101493750.000001,-71.96775
4101494687.500001,-71.79232
4101495625.000001,-72.03107
4101496562.500001,-71.8287
4101497500.000001,-71.9514
4101498437.500001,-71.75081
4101499375.000001,-71.75317
4101500312.500001,-72.93581
4101501250.000001,-72.36006
4101502187.500001,-71.45445
4101503125.000001,-72.96725
4101504062.500001,-71.43163
4101505000.000001,-72.39935
4101505937.500001,-72.65527
4101506875.000001,-72.08212
4101507812.500001,-71.58975
4101508750.000001,-72.10295
4101509687.500001,-72.04721
4101510625.000001,-71.57314
4101511562.500001,-72.11393
4101512500.000001,-72.08192
4101513437.500001,-71.66267
4101514375.000001,-71.87038
4101515312.500001,-72.09335
4101516250.000001,-72.01507
4101517187.500001,-72.39407
4101518125.000001,-71.87408
4101519062.500001,-72.55145
4101520000.000001,-72.1115
4101520937.500001,-72.05155
4101521875.000001,-72.23065
4101522812.500001,-72.2112
4101523750.000001,-71.89058
4101524687.500001,-72.28474
4101525625.000001,-72.21024
4101526562.500001,-72.6709
4101527500.000001,-72.67518
4101528437.500001,-71.54895
4101529375.000001,-72.2038
4101530312.500001,-72.21275
4101531250.000001,-72.40434
4101532187.500001,-71.88192
4101533125.000001,-72.25577
4101534062.500001,-72.17821
4101535000.000001,-72.42006
4101535937.500001,-72.38462
4101536875.000001,-72.68398
4101537812.500001,-72.73671
4101538750.000001,-72.33141
4101539687.500001,-71.99057
4101540625.000001,-72.38341
4101541562.500001,-71.77711
4101542500.000001,-72.01033
4101543437.500001,-72.35176
4101544375.000001,-71.84684
4101545312.500001,-71.96148
4101546250.000001,-71.8531
4101547187.500001,-71.77095
4101548125.000001,-72.19989
4101549062.500001,-71.60272
4101550000.000001,-72.27895
4101550937.500001,-71.76897
4101551875.000001,-71.66279
4101552812.500001,-72.00259
4101553750.000001,-71.86289
4101554687.500001,-72.00778
4101555625.000001,-71.27363
4101556562.500001,-71.91488
4101557500.000001,-72.5751
4101558437.500001,-72.26156
4101559375.000001,-71.73815
4101560312.500001,-71.6355
4101561250.000001,-72.46941
4101562187.500001,-71.82133
4101563125.000001,-72.0014
4101564062.500001,-72.48166
4101565000.000001,-71.30105
4101565937.500001,-71.86618
4101566875.000001,-72.46362
4101567812.500001,-71.65202
4101568750.000001,-72.04963
4101569687.500001,-71.84276
4101570625.000001,-71.91351
4101571562.500001,-72.16432
4101572500.000001,-72.25126
4101573437.500001,-71.838
4101574375.000001,-71.32958
4101575312.500001,-72.08491
4101576250.000001,-71.4825
4101577187.500001,-71.53658
4101578125.000001,-71.76183
4101579062.500001,-71.7785
4101580000.000001,-71.99281
4101580937.500001,-71.75139
4101581875.000001,-71.85544
4101582812.500001,-71.80798
4101583750.000001,-72.75132
4101584687.500001,-71.71579
4101585625.000001,-72.04682
4101586562.500001,-72.64879
4101587500.000001,-72.60592
4101588437.500001,-72.15273
4101589375.000001,-71.37505
4101590312.500001,-72.44324
4101591250.000001,-72.3698
4101592187.500001,-72.0577
4101593125.000001,-72.09223
4101594062.500001,-72.13308
4101595000.000001,-72.10558
4101595937.500001,-71.49453
4101596875.000001,-72.43141
4101597812.500001,-72.0809
4101598750.000001,-72.325
4101599687.500001,-72.54285
4101600625.000001,-72.3246
4101601562.500001,-71.56458
4101602500.000001,-71.48762
4101603437.500001,-72.02683
4101604375.000001,-72.00223
4101605312.500001,-71.83218
4101606250.000001,-72.56184
4101607187.500001,-71.79491
4101608125.000001,-72.34035
4101609062.500001,-72.00282
4101610000.000001,-71.49648
4101610937.500001,-72.18733
4101611875.000001,-71.84391
4101612812.500001,-71.83892
4101613750.000001,-71.46397
4101614687.500001,-72.02654
4101615625.000001,-71.28555
4101616562.500001,-71.58025
4101617500.000001,-72.45924
4101618437.500001,-71.92167
4101619375.000001,-72.46711
4101620312.500001,-72.88425
4101621250.000001,-71.7563
4101622187.500001,-72.03686
4101623125.000001,-71.63091
4101624062.500001,-72.76728
4101625000.000001,-72.3545
4101625937.500001,-71.87139
4101626875.000001,-71.64732
4101627812.500001,-71.97408
4101628750.000001,-72.10777
4101629687.500001,-72.24258
4101630625.000001,-72.1347
4101631562.500001,-72.41744
4101632500.000001,-72.44244
4101633437.500001,-71.85434
4101634375.000001,-71.82839
4101635312.500001,-71.92149
4101636250.000001,-72.38378
4101637187.500001,-72.3251
4101638125.000001,-72.10144
4101639062.500001,-72.17257
4101640000.000001,-72.26968
4101640937.500001,-71.88871
4101641875.000001,-72.37533
4101642812.500001,-71.69146
4101643750.000001,-72.19851
4101644687.500001,-71.86008
4101645625.000001,-71.55548
4101646562.500001,-72.04561
4101647500.000001,-72.11421
4101648437.500001,-72.07701
4101649375.000001,-72.20831
4101650312.500001,-71.97569
4101651250.000001,-72.25507
4101652187.500001,-71.78617
4101653125.000001,-71.97743
4101654062.500001,-72.25683
4101655000.000001,-71.35471
4101655937.500001,-71.6211
4101656875.000001,-72.43853
4101657812.500001,-72.43393
4101658750.000001,-72.23427
4101659687.500001,-72.53645
4101660625.000001,-72.67284
4101661562.500001,-72.13047
4101662500.000001,-72.3926
4101663437.500001,-72.55966
4101664375.000001,-72.41392
4101665312.500001,-72.33759
4101666250.000001,-71.51154
4101667187.500001,-71.69179
4101668125.000001,-72.0
4101669062.500001,-71.82004
4101670000.000001,-71.87288
4101670937.500001,-72.48387
4101671875.000001,-72.04881
4101672812.500001,-72.05309
4101673750.000001,-71.83176
4101674687.500001,-70.83276
4101675625.000001,-71.51537
4101676562.500001,-71.86655
4101677500.000001,-71.84032
4101678437.500001,-71.69335
4101679375.000001,-72.01649
4101680312.500001,-71.99859
4101681250.000001,-71.54028
4101682187.500001,-71.76403
4101683125.000001,-71.95844
4101684062.500001,-72.05341
4101685000.000001,-71.65923
4101685937.500001,-72.06287
4101686875.000001,-71.11485
4101687812.500001,-71.58445
4101688750.000001,-72.30267
4101689687.500001,-72.10588
4101690625.000001,-71.58106
4101691562.500001,-72.0991
4101692500.000001,-71.8593
4101693437.500001,-72.43074
4101694375.000001,-72.23639
4101695312.500001,-71.26335
4101696250.000001,-72.03756
4101697187.500001,-71.77524
4101698125.000001,-71.78951
4101699062.500001,-72.37628
4101700000.000001,-71.0288
4101700937.500001,-72.14864
4101701875.000001,-72.13278
4101702812.500001,-71.90298
4101703750.000001,-72.04256
4101704687.500001,-72.12678
4101705625.000001,-71.95801
4101706562.500001,-72.08337
4101707500.000001,-72.22665
4101708437.500001,-71.37089
4101709375.000001,-72.27952
4101710312.500001,-72.17316
4101711250.000001,-71.64435
4101712187.500001,-71.44321
4101713125.000001,-72.07654
4101714062.500001,-72.44925
4101715000.000001,-72.19872
4101715937.500001,-72.36379
4101716875.000001,-71.4797
4101717812.500001,-71.73829
4101718750.000001,-71.50249
4101719687.500001,-71.48042
4101720625.000001,-71.78136
4101721562.500001,-72.86832
4101722500.000001,-72.78646
4101723437.500001,-72.04963
4101724375.000001,-71.80776
4101725312.500001,-71.44093
4101726250.000001,-72.10838
4101727187.500001,-72.21012
4101728125.000001,-71.96305
4101729062.500001,-71.97749
4101730000.000001,-71.60291
4101730937.500001,-71.63612
4101731875.000001,-71.56269
4101732812.500001,-72.23928
4101733750.000001,-72.18876
4101734687.500001,-71.93271
4101735625.000001,-72.30068
4101736562.500001,-72.3096
4101737500.000001,-71.76759
4101738437.500001,-71.74624
4101739375.000001,-71.78426
4101740312.500001,-72.06444
4101741250.000001,-71.61858
4101742187.500001,-71.88787
4101743125.000001,-72.15351
4101744062.500001,-71.58948
4101745000.000001,-71.9914
4101745937.500001,-72.20698
4101746875.000001,-72.81779
4101747812.500001,-72.53246
4101748750.000001,-71.8858
4101749687.500001,-72.54183
4101750625.000001,-72.18365
4101751562.500001,-72.91424
4101752500.000001,-72.20703
4101753437.500001,-71.60532
4101754375.000001,-72.4557
4101755312.500001,-71.952
4101756250.000001,-72.05568
4101757187.500001,-72.23568
4101758125.000001,-72.39713
4101759062.500001,-72.40435
4101760000.000001,-72.99694
4101760937.500001,-71.96668
4101761875.000001,-72.07008
4101762812.500001,-72.6001
4101763750.000001,-71.62293
4101764687.500001,-71.8401
4101765625.000001,-72.31046
4101766562.500001,-71.52157
4101767500.000001,-71.66589
4101768437.500001,-71.74593
4101769375.000001,-71.88151
4101770312.500001,-71.5666
4101771250.000001,-72.25186
4101772187.500001,-71.92451
4101773125.000001,-71.86768
4101774062.500001,-72.45461
4101775000.000001,-71.76121
4101775937.500001,-72.56098
4101776875.000001,-71.6233
4101777812.500001,-71.62846
4101778750.000001,-71.73447
4101779687.500001,-71.20877
4101780625.000001,-72.39384
4101781562.500001,-72.32423
4101782500.000001,-71.676
4101783437.500001,-71.71829
4101784375.000001,-71.79835
4101785312.500001,-72.25305
4101786250.000001,-71.11543
4101787187.500001,-72.1923
4101788125.000001,-71.20074
4101789062.500001,-71.74597
4101790000.000001,-72.10076
4101790937.500001,-72.21426
4101791875.000001,-71.4006
4101792812.500001,-71.72352
4101793750.000001,-71.54597
4101794687.500001,-72.06014
4101795625.000001,-72.2691
4101796562.500001,-71.32337
4101797500.000001,-72.22083
4101798437.500001,-72.25494
4101799375.000001,-71.62769
4101800312.500001,-71.60866
4101801250.000001,-71.91612
4101802187.500001,-72.05701
4101803125.000001,-72.03719
4101804062.500001,-72.44277
4101805000.000001,-71.21159
4101805937.500001,-71.46439
4101806875.000001,-71.87342
4101807812.500001,-72.31541
4101808750.000001,-72.10647
4101809687.500001,-72.04139
4101810625.000001,-72.452
4101811562.500001,-71.6626
4101812500.000001,-71.45652
4101813437.500001,-71.60328
4101814375.000001,-72.40681
4101815312.500001,-72.06384
4101816250.000001,-72.30958
4101817187.500001,-71.94149
4101818125.000001,-72.55173
4101819062.500001,-72.09383
4101820000.000001,-72.05788
4101820937.500001,-71.72738
4101821875.000001,-71.89902
4101822812.500001,-72.09774
4101823750.000001,-71.40132
4101824687.500001,-71.75569
4101825625.000001,-72.15003
4101826562.500001,-72.1599
4101827500.000001,-71.59425
4101828437.500001,-72.61141
4101829375.000001,-72.22748
4101830312.500001,-72.32738
4101831250.000001,-72.4548
4101832187.500001,-72.04491
4101833125.000001,-71.15442
4101834062.500001,-71.39137
4101835000.000001,-71.67086
4101835937.500001,-71.98935
4101836875.000001,-71.90398
4101837812.500001,-71.96163
4101838750.000001,-71.58011
4101839687.500001,-71.80096
4101840625.000001,-71.87707
4101841562.500001,-71.48367
4101842500.000001,-71.35461
4101843437.500001,-71.447
4101844375.000001,-71.33716
4101845312.500001,-71.54687
4101846250.000001,-72.18723
4101847187.500001,-72.08467
4101848125.000001,-72.16193
4101849062.500001,-71.57507
4101850000.000001,-72.13366
4101850937.500001,-72.18968
4101851875.000001,-71.072
4101852812.500001,-71.71223
4101853750.000001,-71.66419
4101854687.500001,-71.42474
4101855625.000001,-71.63928
4101856562.500001,-71.98376
4101857500.000001,-71.72961
4101858437.500001,-71.59739
4101859375.000001,-72.21369
4101860312.500001,-71.89366
4101861250.000001,-72.19136
4101862187.500001,-71.82721
4101863125.000001,-71.77412
4101864062.500001,-72.13415
4101865000.000001,-72.18485
4101865937.500001,-71.60349
4101866875.000001,-72.13963
4101867812.500001,-72.12682
4101868750.000001,-72.22365
4101869687.500001,-71.88257
4101870625.000001,-72.22471
4101871562.500001,-71.67983
4101872500.000001,-71.78278
4101873437.500001,-71.88895
4101874375.000001,-72.13124
4101875312.500001,-72.23332
4101876250.000001,-72.13959
4101877187.500001,-72.16462
4101878125.000001,-72.13319
4101879062.500001,-71.62251
4101880000.000001,-71.68279
4101880937.500001,-71.69444
4101881875.000001,-72.26319
4101882812.500001,-71.79021
4101883750.000001,-71.7094
4101884687.500001,-71.5442
4101885625.000001,-71.56045
4101886562.500001,-71.61921
4101887500.000001,-71.79406
4101888437.500001,-72.39808
4101889375.000001,-72.28436
4101890312.500001,-72.23174
4101891250.000001,-71.69762
4101892187.500001,-72.39261
4101893125.000001,-71.52695
4101894062.500001,-72.46359
4101895000.000001,-72.06506
4101895937.500001,-71.58273
4101896875.000001,-72.23543
4101897812.500001,-72.36475
4101898750.000001,-71.45321
4101899687.500001,-71.40988
4101900625.000001,-71.51529
4101901562.500001,-72.1395
4101902500.000001,-72.13631
4101903437.500001,-71.66618
4101904375.000001,-72.86595
4101905312.500001,-72.13627
4101906250.000001,-71.85935
4101907187.500001,-71.30402
4101908125.000001,-72.25501
4101909062.500001,-72.16939
4101910000.000001,-72.1393
4101910937.500001,-72.01622
4101911875.000001,-72.4396
4101912812.500001,-71.99212
4101913750.000001,-71.78271
4101914687.500001,-72.55726
4101915625.000001,-72.32622
4101916562.500001,-71.52761
4101917500.000001,-71.21887
4101918437.500001,-72.66706
4101919375.000001,-71.519
4101920312.500001,-72.35895
4101921250.000001,-71.82178
4101922187.500001,-72.66144
4101923125.000001,-71.92047
4101924062.500001,-71.65017
4101925000.000001,-71.06422
4101925937.500001,-73.07543
4101926875.000001,-72.2412
4101927812.500001,-71.20759
4101928750.000001,-71.65878
4101929687.500001,-72.08061
4101930625.000001,-72.13591
4101931562.500001,-72.21966
4101932500.000001,-72.09772
4101933437.500001,-71.92389
4101934375.000001,-71.81998
4101935312.500001,-71.85709
4101936250.000001,-71.79554
4101937187.500001,-72.23805
4101938125.000001,-72.45547
4101939062.500001,-71.37197
4101940000.000001,-71.84241
4101940937.500001,-72.33111
4101941875.000001,-71.67307
4101942812.500001,-71.79688
4101943750.000001,-72.4459
4101944687.500001,-72.50677
4101945625.000001,-71.74256
4101946562.500001,-72.32216
4101947500.000001,-71.99264
4101948437.500001,-72.55576
4101949375.000001,-71.35191
4101950312.500001,-72.14827
4101951250.000001,-71.96164
4101952187.500001,-71.84547
4101953125.000001,-72.30306
4101954062.500001,-71.91178
4101955000.000001,-71.49191
4101955937.500001,-71.56035
4101956875.000001,-72.05294
4101957812.500001,-72.90141
4101958750.000001,-71.96637
4101959687.500001,-72.14238
4101960625.000001,-71.80507
4101961562.500001,-71.98967
4101962500.000001,-71.71889
4101963437.500001,-71.87316
4101964375.000001,-72.3616
4101965312.500001,-71.13332
4101966250.000001,-72.0312
4101967187.500001,-71.77496
4101968125.000001,-71.56647
4101969062.500001,-72.10146
4101970000.000001,-71.57895
4101970937.500001,-71.70815
4101971875.000001,-71.78752
4101972812.500001,-71.63927
4101973750.000001,-70.84946
4101974687.500001,-72.13492
4101975625.000001,-71.39288
4101976562.500001,-71.85004
4101977500.000001,-71.93576
4101978437.500001,-72.16541
4101979375.000001,-71.56036
4101980312.500001,-72.63178
4101981250.000001,-72.19435
4101982187.500001,-72.44488
4101983125.000001,-71.40858
4101984062.500001,-72.37058
4101985000.000001,-71.55502
4101985937.500001,-72.15298
4101986875.000001,-72.74227
4101987812.500001,-71.64883
4101988750.000001,-71.61349
4101989687.500001,-71.78178
4101990625.000001,-71.44273
4101991562.500001,-71.74711
4101992500.000001,-72.44861
4101993437.500001,-72.21193
4101994375.000001,-72.29772
4101995312.500001,-71.6756
4101996250.000001,-71.0619
4101997187.500001,-72.49823
4101998125.000001,-71.4752
4101999062.500001,-71.43938
4102000000.000001,-72.03136
4102000937.500001,-71.89212
4102001875.000001,-71.6808
4102002812.500001,-71.87947
4102003750.000001,-72.36733
4102004687.500001,-71.85719
4102005625.000001,-72.14161
4102006562.500001,-72.00009
4102007500.000001,-70.84623
4102008437.500001,-72.00684
4102009375.000001,-72.17966
4102010312.500001,-72.11678
4102011250.000001,-71.4569
4102012187.500001,-71.9449
4102013125.000001,-71.71986
4102014062.500001,-71.8237
4102015000.000001,-72.09665
4102015937.500001,-71.7832
4102016875.000001,-72.07851
4102017812.500001,-71.57478
4102018750.000001,-71.87816
4102019687.500001,-72.01848
4102020625.000001,-72.4026
4102021562.500001,-71.78284
4102022500.000001,-72.51965
4102023437.500001,-72.46216
4102024375.000001,-71.94325
4102025312.500001,-72.3711
4102026250.000001,-71.93591
4102027187.500001,-71.65079
4102028125.000001,-72.07962
4102029062.500001,-71.69365
4102030000.000001,-71.70299
4102030937.500001,-71.42002
4102031875.000001,-72.44019
4102032812.500001,-72.05392
4102033750.000001,-72.2192
4102034687.500001,-72.34301
4102035625.000001,-71.72976
4102036562.500001,-72.38431
4102037500.000001,-71.99483
4102038437.500001,-71.98196
4102039375.000001,-71.73252
4102040312.500001,-72.30491
4102041250.000001,-71.91462
4102042187.500001,-72.15272
4102043125.000001,-71.92866
4102044062.500001,-72.00304
4102045000.000001,-71.83675
4102045937.500001,-71.24754
4102046875.000001,-71.73776
4102047812.500001,-72.14889
4102048750.000001,-71.94658
4102049687.500001,-71.54451
4102050625.000001,-71.65775
4102051562.500001,-71.18845
4102052500.000001,-71.54671
4102053437.500001,-71.81328
4102054375.000001,-72.73169
4102055312.500001,-71.10602
4102056250.000001,-72.34761
4102057187.500001,-71.12891
4102058125.000001,-72.15951
4102059062.500001,-71.88769
4102060000.000001,-72.29565
4102060937.500001,-72.02449
4102061875.000001,-71.91177
4102062812.500001,-72.31281
4102063750.000001,-71.31892
4102064687.500001,-71.4003
4102065625.000001,-71.68922
4102066562.500001,-72.50708
4102067500.000001,-71.43957
4102068437.500001,-71.58101
4102069375.000001,-72.29712
4102070312.500001,-70.9857
4102071250.000001,-72.02946
4102072187.500001,-71.7967
4102073125.000001,-72.33678
4102074062.500001,-71.78357
4102075000.000001,-71.56117
4102075937.500001,-72.02607
4102076875.000001,-71.29184
4102077812.500001,-71.65981
4102078750.000001,-71.78101
4102079687.500001,-72.32492
4102080625.000001,-72.32053
4102081562.500001,-71.4986
4102082500.000001,-71.32897
4102083437.500001,-71.7437
4102084375.000001,-72.13901
4102085312.500001,-71.93784
4102086250.000001,-71.80697
4102087187.500001,-71.86879
4102088125.000001,-71.69469
4102089062.500001,-72.59688
4102090000.000001,-71.85427
4102090937.500001,-72.35572
4102091875.000001,-71.27084
4102092812.500001,-71.39024
4102093750.000001,-71.70049
4102094687.500001,-72.36072
4102095625.000001,-72.01244
4102096562.500001,-71.64554
4102097500.000001,-71.72837
4102098437.500001,-71.5649
4102099375.000001,-71.63489
4102100312.500001,-71.52385
4102101250.000001,-72.32725
4102102187.500001,-71.82864
4102103125.000001,-71.96831
4102104062.500001,-71.76235
4102105000.000001,-71.97482
4102105937.500001,-71.60331
4102106875.000001,-71.32619
4102107812.500001,-71.44662
4102108750.000001,-72.58491
4102109687.500001,-71.44466
4102110625.000001,-72.12437
4102111562.500001,-71.39552
4102112500.000001,-71.7419
4102113437.500001,-71.70745
4102114375.000001,-71.75353
4102115312.500001,-72.08607
4102116250.000001,-71.81804
4102117187.500001,-71.7451
4102118125.000001,-71.36157
4102119062.500001,-71.68867
4102120000.000001,-71.8068
4102120937.500001,-72.07939
4102121875.000001,-72.66946
4102122812.500001,-72.08341
4102123750.000001,-71.51006
4102124687.500001,-71.42455
4102125625.000001,-71.38754
4102126562.500001,-72.66503
4102127500.000001,-71.88681
4102128437.500001,-72.36932
4102129375.000001,-71.92863
4102130312.500001,-71.52705
4102131250.000001,-71.51646
4102132187.500001,-71.28989
4102133125.000001,-71.95455
4102134062.500001,-71.77062
4102135000.000001,-72.17371
4102135937.500001,-72.48705
4102136875.000001,-72.72891
4102137812.500001,-71.81358
4102138750.000001,-71.95732
4102139687.500001,-71.92033
4102140625.000001,-72.31036
4102141562.500001,-72.16288
4102142500.000001,-71.96911
4102143437.500001,-71.69295
4102144375.000001,-71.42273
4102145312.500001,-71.65967
4102146250.000001,-71.86029
4102147187.500001,-71.95654
4102148125.000001,-71.44534
4102149062.500001,-71.35528
4102150000.000001,-71.89568
4102150937.500001,-71.63552
4102151875.000001,-72.02899
4102152812.500001,-71.92758
4102153750.000001,-71.95365
4102154687.500001,-73.0399
4102155625.000001,-71.62811
4102156562.500001,-71.95226
4102157500.000001,-72.54756
4102158437.500001,-71.78851
4102159375.000001,-71.85412
4102160312.500001,-71.28486
4102161250.000001,-72.13779
4102162187.500001,-72.09794
4102163125.000001,-71.12867
4102164062.500001,-72.16313
4102165000.000001,-71.79523
4102165937.500001,-71.88293
4102166875.000001,-72.96101
4102167812.500001,-71.95137
4102168750.000001,-71.79779
4102169687.500001,-72.62276
4102170625.000001,-72.05325
4102171562.500001,-71.69653
4102172500.000001,-72.5217
4102173437.500001,-71.82976
4102174375.000001,-71.80634
4102175312.500001,-72.65054
4102176250.000001,-71.58421
4102177187.500001,-71.86057
4102178125.000001,-71.28798
4102179062.500001,-72.1969
4102180000.000001,-71.7268
4102180937.500001,-71.3926
4102181875.000001,-72.15424
4102182812.500001,-71.25411
4102183750.000001,-71.32426
4102184687.500001,-71.38748
4102185625.000001,-72.19499
4102186562.500001,-71.119
4102187500.000001,-72.20042
4102188437.500001,-71.52175
4102189375.000001,-71.72475
4102190312.500001,-71.20761
4102191250.000001,-72.28396
4102192187.500001,-71.51083
4102193125.000001,-71.84694
4102194062.500001,-71.95797
4102195000.000001,-71.8289
4102195937.500001,-71.98936
4102196875.000001,-71.48611
4102197812.500001,-71.79458
4102198750.000001,-72.42438
4102199687.500001,-71.47547
4102200625.000001,-71.78227
4102201562.500001,-71.24055
4102202500.000001,-71.67078
4102203437.500001,-71.89813
4102204375.000001,-71.87985
4102205312.500001,-72.14233
4102206250.000001,-72.00304
4102207187.500001,-71.38009
4102208125.000001,-71.16498
4102209062.500001,-72.0299
4102210000.000001,-71.19409
4102210937.500001,-72.15135
4102211875.000001,-71.43717
4102212812.500001,-71.38314
4102213750.000001,-71.34423
4102214687.500001,-72.18785
4102215625.000001,-72.06673
4102216562.500001,-72.61279
4102217500.000001,-71.7185
4102218437.500001,-71.55255
4102219375.000001,-71.29347
4102220312.500001,-71.19764
4102221250.000001,-71.3162
4102222187.500001,-71.61591
4102223125.000001,-71.93536
4102224062.500001,-72.01311
4102225000.000001,-71.49561
4102225937.500001,-70.65404
4102226875.000001,-72.06545
4102227812.500001,-72.34631
4102228750.000001,-71.60378
4102229687.500001,-71.503
4102230625.000001,-71.23503
4102231562.500001,-71.60854
4102232500.000001,-71.70998
4102233437.500001,-71.5622
4102234375.000001,-71.93312
4102235312.500001,-72.56705
4102236250.000001,-71.59796
4102237187.500001,-71.7414
4102238125.000001,-71.63589
4102239062.500001,-71.53548
4102240000.000001,-71.73598
4102240937.500001,-72.21453
4102241875.000001,-71.70662
4102242812.500001,-71.86729
4102243750.000001,-71.34159
4102244687.500001,-72.68518
4102245625.000001,-72.09483
4102246562.500001,-72.2929
4102247500.000001,-71.88345
4102248437.500001,-71.91922
4102249375.000001,-71.34322
4102250312.500001,-72.02653
4102251250.000001,-71.00607
4102252187.500001,-71.21028
4102253125.000001,-71.68298
4102254062.500001,-70.92844
4102255000.000001,-71.84557
4102255937.500001,-72.10332
4102256875.000001,-72.04751
4102257812.500001,-71.93362
4102258750.000001,-71.2052
4102259687.500001,-72.06781
4102260625.000001,-71.92094
4102261562.500001,-71.2157
4102262500.000001,-71.76844
4102263437.500001,-71.32056
4102264375.000001,-71.82566
4102265312.500001,-71.78271
4102266250.000001,-71.97123
4102267187.500001,-71.64767
4102268125.000001,-72.61249
4102269062.500001,-72.30845
4102270000.000001,-71.69809
4102270937.500001,-71.6314
4102271875.000001,-72.30563
4102272812.500001,-71.79432
4102273750.000001,-71.80615
4102274687.500001,-71.66434
4102275625.000001,-70.94823
4102276562.500001,-72.19524
4102277500.000001,-71.41341
4102278437.500001,-71.16364
4102279375.000001,-71.75916
4102280312.500001,-71.848
4102281250.000001,-71.3271
4102282187.500001,-71.95236
4102283125.000001,-71.54936
4102284062.500001,-71.57344
4102285000.000001,-70.96465
4102285937.500001,-72.27514
4102286875.000001,-71.41089
4102287812.500001,-71.897
4102288750.000001,-71.6953
4102289687.500001,-71.2492
4102290625.000001,-71.52915
4102291562.500001,-71.85828
4102292500.000001,-71.47621
4102293437.500001,-71.89066
4102294375.000001,-71.71407
4102295312.500001,-71.72385
4102296250.000001,-71.82345
4102297187.500001,-72.32823
4102298125.000001,-71.58269
4102299062.500001,-72.17273
4102300000.000001,-72.00391
4102300937.500001,-71.63041
4102301875.000001,-71.70814
4102302812.500001,-72.1199
4102303750.000001,-71.57316
4102304687.500001,-71.88496
4102305625.000001,-71.92439
4102306562.500001,-71.11813
4102307500.000001,-70.9464
4102308437.500001,-71.89895
4102309375.000001,-71.97998
4102310312.500001,-71.56737
4102311250.000001,-71.68868
4102312187.500001,-71.97997
4102313125.000001,-70.94471
4102314062.500001,-72.27145
4102315000.000001,-71.98045
4102315937.500001,-71.78324
4102316875.000001,-72.20352
4102317812.500001,-71.40422
4102318750.000001,-72.02222
4102319687.500001,-71.72549
4102320625.000001,-71.58045
4102321562.500001,-71.73013
4102322500.000001,-71.88181
4102323437.500001,-71.99685
4102324375.000001,-71.62252
4102325312.500001,-71.91537
4102326250.000001,-71.32872
4102327187.500001,-71.74271
4102328125.000001,-71.50042
4102329062.500001,-71.18067
4102330000.000001,-71.32134
4102330937.500001,-72.42676
4102331875.000001,-71.69461
4102332812.500001,-71.66116
4102333750.000001,-71.38706
4102334687.500001,-71.80688
4102335625.000001,-71.93765
4102336562.500001,-71.50861
4102337500.000001,-71.3568
4102338437.500001,-71.54034
4102339375.000001,-72.04592
4102340312.500001,-71.60321
4102341250.000001,-71.51642
4102342187.500001,-70.90281
4102343125.000001,-71.56662
4102344062.500001,-71.52245
4102345000.000001,-71.58797
4102345937.500001,-71.72954
4102346875.000001,-71.53199
4102347812.500001,-71.69398
4102348750.000001,-71.90702
4102349687.500001,-71.24737
4102350625.000001,-71.85317
4102351562.500001,-71.14517
4102352500.000001,-71.11053
4102353437.500001,-72.12804
4102354375.000001,-72.21446
4102355312.500001,-72.42506
4102356250.000001,-71.95089
4102357187.500001,-71.86454
4102358125.000001,-71.88089
4102359062.500001,-70.80602
4102360000.000001,-72.13225
4102360937.500001,-71.47395
4102361875.000001,-71.43361
4102362812.500001,-71.62225
4102363750.000001,-72.054
4102364687.500001,-71.63247
4102365625.000001,-71.64838
4102366562.500001,-72.38411
4102367500.000001,-71.37743
4102368437.500001,-71.62904
4102369375.000001,-71.20029
4102370312.500001,-72.04503
4102371250.000001,-71.71796
4102372187.500001,-72.37148
4102373125.000001,-71.22765
4102374062.500001,-71.70476
4102375000.000001,-71.45578
4102375937.500001,-71.52786
4102376875.000001,-71.19106
4102377812.500001,-71.43864
4102378750.000001,-71.50735
4102379687.500001,-72.19297
4102380625.000001,-71.75401
4102381562.500001,-71.75675
4102382500.000001,-71.81163
4102383437.500001,-71.58667
4102384375.000001,-71.3375
4102385312.500001,-72.07568
4102386250.000001,-71.23761
4102387187.500001,-71.85945
4102388125.000001,-71.881
4102389062.500001,-71.94515
4102390000.000001,-71.36484
4102390937.500001,-71.67437
4102391875.000001,-71.90689
4102392812.500001,-71.98154
4102393750.000001,-70.99906
4102394687.500001,-72.11873
4102395625.000001,-71.53598
4102396562.500001,-70.88826
4102397500.000001,-71.25661
4102398437.500001,-71.76266
4102399375.000001,-71.4851
4102400312.500001,-71.59
4102401250.000001,-71.33759
4102402187.500001,-72.1413
4102403125.000001,-71.97284
4102404062.500001,-71.48873
4102405000.000001,-72.14702
4102405937.500001,-71.42898
4102406875.000001,-71.71085
4102407812.500001,-72.32149
4102408750.000001,-72.07475
4102409687.500001,-72.151
4102410625.000001,-71.55473
4102411562.500001,-71.85944
4102412500.000001,-71.33014
4102413437.500001,-71.47008
4102414375.000001,-71.41234
4102415312.500001,-71.07248
4102416250.000001,-71.96944
4102417187.500001,-71.64143
4102418125.000001,-72.54121
4102419062.500001,-71.24322
4102420000.000001,-71.96345
4102420937.500001,-71.6251
4102421875.000001,-71.51324
4102422812.500001,-71.83656
4102423750.000001,-71.9632
4102424687.500001,-72.12199
4102425625.000001,-71.23023
4102426562.500001,-71.85065
4102427500.000001,-71.36301
4102428437.500001,-71.17597
4102429375.000001,-71.70099
4102430312.500001,-71.29124
4102431250.000001,-71.73917
4102432187.500001,-71.70314
4102433125.000001,-71.56146
4102434062.500001,-71.62648
4102435000.000001,-71.34618
4102435937.500001,-71.3553
4102436875.000001,-71.41512
4102437812.500001,-72.11477
4102438750.000001,-71.59476
4102439687.500001,-71.82352
4102440625.000001,-72.14444
4102441562.500001,-71.42
4102442500.000001,-71.87404
4102443437.500001,-71.16744
4102444375.000001,-72.35462
4102445312.500001,-71.83666
4102446250.000001,-71.68977
4102447187.500001,-71.43008
4102448125.000001,-71.781
4102449062.500001,-72.03272
4102450000.000001,-71.63758
4102450937.500001,-71.39098
4102451875.000001,-71.13863
4102452812.500001,-70.97998
4102453750.000001,-71.31118
4102454687.500001,-72.10202
4102455625.000001,-71.31703
4102456562.500001,-71.51138
4102457500.000001,-71.12984
4102458437.500001,-71.20267
4102459375.000001,-71.31375
4102460312.500001,-71.30573
4102461250.000001,-71.86601
4102462187.500001,-71.86724
4102463125.000001,-71.69526
4102464062.500001,-71.44167
4102465000.000001,-71.84753
4102465937.500001,-71.59143
4102466875.000001,-71.81493
4102467812.500001,-72.00175
4102468750.000001,-71.33544
4102469687.500001,-71.41114
4102470625.000001,-71.21243
4102471562.500001,-71.56227
4102472500.000001,-72.3525
4102473437.500001,-71.24843
4102474375.000001,-71.68871
4102475312.500001,-71.77202
4102476250.000001,-72.0676
4102477187.500001,-71.32784
4102478125.000001,-71.40421
4102479062.500001,-71.54594
4102480000.000001,-71.35115
4102480937.500001,-71.39369
4102481875.000001,-71.64206
4102482812.500001,-71.21658
4102483750.000001,-71.69832
4102484687.500001,-72.31956
4102485625.000001,-72.15997
4102486562.500001,-71.63596
4102487500.000001,-72.2671
4102488437.500001,-71.54921
4102489375.000001,-71.63183
4102490312.500001,-72.55588
4102491250.000001,-71.41573
4102492187.500001,-71.59798
4102493125.000001,-71.35123
4102494062.500001,-71.71294
4102495000.000001,-71.86667
4102495937.500001,-71.76481
4102496875.000001,-71.6507
4102497812.500001,-71.4929
4102498750.000001,-71.35287
4102499687.500001,-71.8498
4102500625.000001,-71.26335
4102501562.500001,-72.12744
4102502500.000001,-71.54675
4102503437.500001,-71.72038
4102504375.000001,-71.08813
4102505312.500001,-72.24606
4102506250.000001,-71.72166
4102507187.500001,-72.04389
4102508125.000001,-71.65567
4102509062.500001,-71.29652
4102510000.000001,-71.80116
4102510937.500001,-70.87997
4102511875.000001,-71.29356
4102512812.500001,-71.35203
4102513750.000001,-71.70933
4102514687.500001,-71.11124
4102515625.000001,-71.61036
4102516562.500001,-71.43641
4102517500.000001,-71.65041
4102518437.500001,-71.50848
4102519375.000001,-72.43875
4102520312.500001,-72.33006
4102521250.000001,-71.52225
4102522187.500001,-71.41547
4102523125.000001,-71.72225
4102524062.500001,-71.57057
4102525000.000001,-71.7593
4102525937.500001,-71.46042
4102526875.000001,-71.76353
4102527812.500001,-71.5663
4102528750.000001,-71.59589
4102529687.500001,-71.72929
4102530625.000001,-71.54163
4102531562.500001,-71.60562
4102532500.000001,-71.74567
4102533437.500001,-72.14226
4102534375.000001,-71.53084
4102535312.500001,-71.66489
4102536250.000001,-71.7888
4102537187.500001,-71.57785
4102538125.000001,-71.64973
4102539062.500001,-71.83625
4102540000.000001,-71.73547
4102540937.500001,-71.70847
4102541875.000001,-71.9819
4102542812.500001,-71.69076
4102543750.000001,-71.15941
4102544687.500001,-71.92951
4102545625.000001,-71.49517
4102546562.500001,-72.50388
4102547500.000001,-70.92773
4102548437.500001,-71.38453
4102549375.000001,-71.0748
4102550312.500001,-71.88541
4102551250.000001,-71.59257
4102552187.500001,-71.87626
4102553125.000001,-70.93618
4102554062.500001,-71.70088
4102555000.000001,-71.4545
4102555937.500001,-71.62095
4102556875.000001,-71.12806
4102557812.500001,-71.62746
4102558750.000001,-71.46073
4102559687.500001,-71.81897
4102560625.000001,-72.10966
4102561562.500001,-71.40681
4102562500.000001,-71.5321
4102563437.500001,-71.67758
4102564375.000001,-71.66821
4102565312.500001,-71.36388
4102566250.000001,-72.05377
4102567187.500001,-71.48978
4102568125.000001,-71.5246
4102569062.500001,-71.38086
4102570000.000001,-71.30952
4102570937.500001,-71.46802
4102571875.000001,-71.31295
4102572812.500001,-71.70849
4102573750.000001,-71.55596
4102574687.500001,-71.93666
4102575625.000001,-71.58263
4102576562.500001,-72.14955
4102577500.000001,-71.04975
4102578437.500001,-72.31876
4102579375.000001,-72.08196
4102580312.500001,-71.31367
4102581250.000001,-72.45138
4102582187.500001,-71.88277
4102583125.000001,-71.50988
4102584062.500001,-71.66517
4102585000.000001,-72.04885
4102585937.500001,-71.55433
4102586875.000001,-71.87292
4102587812.500001,-71.48772
4102588750.000001,-71.64165
4102589687.500001,-71.43293
4102590625.000001,-71.11449
4102591562.500001,-71.74494
4102592500.000001,-71.9499
4102593437.500001,-71.77498
4102594375.000001,-71.03577
4102595312.500001,-71.73924
4102596250.000001,-71.36999
4102597187.500001,-71.7393
4102598125.000001,-71.66193
4102599062.500001,-71.87909
4102600000.000001,-71.59885
4102600937.500001,-71.53564
4102601875.000001,-71.32752
4102602812.500001,-72.01321
4102603750.000001,-71.75307
4102604687.500001,-71.16168
4102605625.000001,-71.5644
4102606562.500001,-71.06606
4102607500.000001,-71.59311
4102608437.500001,-71.75863
4102609375.000001,-71.69724
4102610312.500001,-71.7299
4102611250.000001,-71.37704
4102612187.500001,-72.28898
4102613125.000001,-71.36035
4102614062.500001,-71.35382
4102615000.000001,-71.34974
4102615937.500001,-71.34924
4102616875.000001,-71.37769
4102617812.500001,-71.80299
4102618750.000001,-71.99869
4102619687.500001,-71.39886
4102620625.000001,-71.66694
4102621562.500001,-71.60983
4102622500.000001,-71.98743
4102623437.500001,-71.8599
4102624375.000001,-71.73283
4102625312.500001,-71.76505
4102626250.000001,-71.65174
4102627187.500001,-71.71464
4102628125.000001,-71.24907
4102629062.500001,-71.20355
4102630000.000001,-70.81612
4102630937.500001,-71.67086
4102631875.000001,-71.59427
4102632812.500001,-71.20943
4102633750.000001,-72.34276
4102634687.500001,-71.98071
4102635625.000001,-71.64531
4102636562.500001,-70.94406
4102637500.000001,-71.88395
4102638437.500001,-71.00362
4102639375.000001,-71.93014
4102640312.500001,-71.59055
4102641250.000001,-71.6515
4102642187.500001,-71.20451
4102643125.000001,-71.28234
4102644062.500001,-72.00344
4102645000.000001,-72.04032
4102645937.500001,-71.5069
4102646875.000001,-71.4955
4102647812.500001,-71.42351
4102648750.000001,-71.70898
4102649687.500001,-71.17636
4102650625.000001,-72.0004
4102651562.500001,-71.42336
4102652500.000001,-71.59481
4102653437.500001,-71.95214
4102654375.000001,-71.55894
4102655312.500001,-71.68332
4102656250.000001,-71.5741
4102657187.500001,-71.93074
4102658125.000001,-70.82031
4102659062.500001,-71.76634
4102660000.000001,-71.55827
4102660937.500001,-71.94287
4102661875.000001,-70.98411
4102662812.500001,-71.02717
4102663750.000001,-71.55337
4102664687.500001,-71.67566
4102665625.000001,-71.28258
4102666562.500001,-71.78483
4102667500.000001,-71.65134
4102668437.500001,-71.84708
4102669375.000001,-71.62904
4102670312.500001,-71.33031
4102671250.000001,-72.00111
4102672187.500001,-71.46801
4102673125.000001,-71.33567
4102674062.500001,-71.59164
4102675000.000001,-72.33831
4102675937.500001,-71.3241
4102676875.000001,-71.56203
4102677812.500001,-71.44426
4102678750.000001,-71.76173
4102679687.500001,-71.78839
4102680625.000001,-71.44817
4102681562.500001,-72.12736
4102682500.000001,-71.96911
4102683437.500001,-71.647
4102684375.000001,-71.83357
4102685312.500001,-72.18214
4102686250.000001,-72.34345
4102687187.500001,-72.10815
4102688125.000001,-71.47091
4102689062.500001,-71.67686
4102690000.000001,-71.81556
4102690937.500001,-70.66266
4102691875.000001,-71.34614
4102692812.500001,-71.35897
4102693750.000001,-71.58637
4102694687.500001,-71.50272
4102695625.000001,-71.31422
4102696562.500001,-71.48357
4102697500.000001,-71.24686
4102698437.500001,-71.14182
4102699375.000001,-72.11546
4102700312.500001,-71.69561
4102701250.000001,-71.58369
4102702187.500001,-72.02704
4102703125.000001,-71.06342
4102704062.500001,-71.44169
4102705000.000001,-71.53015
4102705937.500001,-71.15195
4102706875.000001,-71.18841
4102707812.500001,-71.19164
4102708750.000001,-71.17895
4102709687.500001,-71.50786
4102710625.000001,-71.79208
4102711562.500001,-71.64436
4102712500.000001,-71.83849
4102713437.500001,-71.53664
4102714375.000001,-71.04176
4102715312.500001,-71.07281
4102716250.000001,-71.4649
4102717187.500001,-71.62048
4102718125.000001,-71.60895
4102719062.500001,-72.16137
4102720000.000001,-72.24937
4102720937.500001,-71.17847
4102721875.000001,-71.6783
4102722812.500001,-71.2639
4102723750.000001,-71.5059
4102724687.500001,-71.06787
4102725625.000001,-71.25502
4102726562.500001,-71.60275
4102727500.000001,-71.44903
4102728437.500001,-71.56937
4102729375.000001,-71.70736
4102730312.500001,-71.41104
4102731250.000001,-71.77725
4102732187.500001,-71.5244
4102733125.000001,-72.12737
4102734062.500001,-71.78149
4102735000.000001,-71.71083
4102735937.500001,-71.57618
4102736875.000001,-71.75465
4102737812.500001,-71.30017
4102738750.000001,-71.29025
4102739687.500001,-70.72225
4102740625.000001,-71.38683
4102741562.500001,-71.95599
4102742500.000001,-71.49632
4102743437.500001,-70.60827
4102744375.000001,-71.92326
4102745312.500001,-71.56335
4102746250.000001,-71.69742
4102747187.500001,-70.98798
4102748125.000001,-70.8253
4102749062.500001,-71.91198
4102750000.000001,-71.75285
4102750937.500001,-71.39119
4102751875.000001,-71.47911
4102752812.500001,-72.05451
4102753750.000001,-71.26741
4102754687.500001,-71.77943
4102755625.000001,-71.64687
4102756562.500001,-71.32365
4102757500.000001,-71.31075
4102758437.500001,-70.77612
4102759375.000001,-71.78285
4102760312.500001,-71.6929
4102761250.000001,-71.37638
4102762187.500001,-72.36216
4102763125.000001,-71.03352
4102764062.500001,-71.40887
4102765000.000001,-71.53641
4102765937.500001,-71.30813
4102766875.000001,-71.26557
4102767812.500001,-71.0811
4102768750.000001,-71.25493
4102769687.500001,-71.54455
4102770625.000001,-72.03768
4102771562.500001,-71.23607
4102772500.000001,-71.23402
4102773437.500001,-72.02439
4102774375.000001,-71.05339
4102775312.500001,-71.91563
4102776250.000001,-71.16312
4102777187.500001,-71.43167
4102778125.000001,-71.6677
4102779062.500001,-71.65669
4102780000.000001,-71.43056
4102780937.500001,-71.8741
4102781875.000001,-71.55853
4102782812.500001,-70.99023
4102783750.000001,-71.43465
4102784687.500001,-71.62313
4102785625.000001,-70.97352
4102786562.500001,-70.95625
4102787500.000001,-71.28711
4102788437.500001,-71.55609
4102789375.000001,-71.78738
4102790312.500001,-71.80347
4102791250.000001,-71.42833
4102792187.500001,-71.11198
4102793125.000001,-71.26236
4102794062.500001,-72.00473
4102795000.000001,-71.2483
4102795937.500001,-71.06145
4102796875.000001,-71.61676
4102797812.500001,-72.04597
4102798750.000001,-71.68539
4102799687.500001,-71.32978
4102800625.000001,-71.80309
4102801562.500001,-71.71983
4102802500.000001,-71.8696
4102803437.500001,-71.53767
4102804375.000001,-71.85562
4102805312.500001,-71.50866
4102806250.000001,-71.83073
4102807187.500001,-70.86985
4102808125.000001,-71.10249
4102809062.500001,-70.57941
4102810000.000001,-71.76062
4102810937.500001,-71.32522
4102811875.000001,-71.27757
4102812812.500001,-71.40901
4102813750.000001,-71.47183
4102814687.500001,-71.20152
4102815625.000001,-72.22711
4102816562.500001,-71.27974
4102817500.000001,-71.68137
4102818437.500001,-71.20324
4102819375.000001,-71.87406
4102820312.500001,-71.23238
4102821250.000001,-71.20066
4102822187.500001,-71.48943
4102823125.000001,-71.70891
4102824062.500001,-70.75697
4102825000.000001,-71.87255
4102825937.500001,-71.67658
4102826875.000001,-71.31384
4102827812.500001,-71.48477
4102828750.000001,-71.60297
4102829687.500001,-71.44149
4102830625.000001,-70.72751
4102831562.500001,-71.73269
4102832500.000001,-72.29745
4102833437.500001,-71.50024
4102834375.000001,-70.74751
4102835312.500001,-71.34109
4102836250.000001,-71.22427
4102837187.500001,-71.63756
4102838125.000001,-71.19305
4102839062.500001,-71.60689
4102840000.000001,-71.45763
4102840937.500001,-71.67637
4102841875.000001,-71.80008
4102842812.500001,-71.0398
4102843750.000001,-71.9845
4102844687.500001,-70.83548
4102845625.000001,-72.63135
4102846562.500001,-71.72919
4102847500.000001,-71.69751
4102848437.500001,-71.26874
4102849375.000001,-71.32027
4102850312.500001,-71.12995
4102851250.000001,-70.75906
4102852187.500001,-71.94917
4102853125.000001,-71.98425
4102854062.500001,-71.07323
4102855000.000001,-71.14984
4102855937.500001,-71.44183
4102856875.000001,-70.96892
4102857812.500001,-72.12943
4102858750.000001,-71.18945
4102859687.500001,-71.30522
4102860625.000001,-71.58417
4102861562.500001,-71.70987
4102862500.000001,-71.13188
4102863437.500001,-71.51942
4102864375.000001,-71.66474
4102865312.500001,-72.36594
4102866250.000001,-71.27411
4102867187.500001,-71.00993
4102868125.000001,-70.78394
4102869062.500001,-72.12824
4102870000.000001,-72.10954
4102870937.500001,-71.72675
4102871875.000001,-71.08566
4102872812.500001,-71.62886
4102873750.000001,-71.51797
4102874687.500001,-71.60252
4102875625.000001,-71.53338
4102876562.500001,-71.78134
4102877500.000001,-71.36226
4102878437.500001,-71.30377
4102879375.000001,-71.4871
4102880312.500001,-71.40606
4102881250.000001,-71.50304
4102882187.500001,-72.09226
4102883125.000001,-70.78618
4102884062.500001,-71.3398
4102885000.000001,-71.25056
4102885937.500001,-70.73307
4102886875.000001,-71.28134
4102887812.500001,-71.30215
4102888750.000001,-72.36022
4102889687.500001,-71.35451
4102890625.000001,-71.31397
4102891562.500001,-71.5089
4102892500.000001,-71.2197
4102893437.500001,-71.38828
4102894375.000001,-71.63123
4102895312.500001,-71.22834
4102896250.000001,-71.99789
4102897187.500001,-71.0336
4102898125.000001,-71.68349
4102899062.500001,-71.75984
4102900000.000001,-71.62667
4102900937.500001,-71.69766
4102901875.000001,-71.26475
4102902812.500001,-71.75663
4102903750.000001,-71.53285
4102904687.500001,-72.26425
4102905625.000001,-71.17655
4102906562.500001,-71.26381
4102907500.000001,-70.7141
4102908437.500001,-71.45976
4102909375.000001,-71.06174
4102910312.500001,-72.25196
4102911250.000001,-71.34194
4102912187.500001,-71.17216
4102913125.000001,-71.6721
4102914062.500001,-71.40218
4102915000.000001,-71.71806
4102915937.500001,-71.53767
4102916875.000001,-71.12733
4102917812.500001,-70.95824
4102918750.000001,-71.53233
4102919687.500001,-71.75266
4102920625.000001,-71.39826
4102921562.500001,-71.44541
4102922500.000001,-70.79069
4102923437.500001,-71.74744
4102924375.000001,-70.97797
4102925312.500001,-71.72593
4102926250.000001,-71.20074
4102927187.500001,-71.54654
4102928125.000001,-71.42159
4102929062.500001,-71.25289
4102930000.000001,-71.00982
4102930937.500001,-71.30931
4102931875.000001,-71.28889
4102932812.500001,-70.97725
4102933750.000001,-70.83396
4102934687.500001,-71.46729
4102935625.000001,-71.25135
4102936562.500001,-70.76479
4102937500.000001,-71.34594
4102938437.500001,-71.37644
4102939375.000001,-70.92124
4102940312.500001,-71.1162
4102941250.000001,-71.21516
4102942187.500001,-71.73328
4102943125.000001,-71.26801
4102944062.500001,-71.94791
4102945000.000001,-71.14979
4102945937.500001,-71.36829
4102946875.000001,-71.27666
4102947812.500001,-71.01469
4102948750.000001,-71.11884
4102949687.500001,-71.76582
4102950625.000001,-71.81551
4102951562.500001,-71.74388
4102952500.000001,-71.55031
4102953437.500001,-71.32792
4102954375.000001,-71.77213
4102955312.500001,-71.53903
4102956250.000001,-71.49644
4102957187.500001,-71.70059
4102958125.000001,-71.17321
4102959062.500001,-71.65047
4102960000.000001,-71.82418
4102960937.500001,-71.44154
4102961875.000001,-71.12423
4102962812.500001,-72.29632
4102963750.000001,-71.10936
4102964687.500001,-70.96432
4102965625.000001,-71.19838
4102966562.500001,-71.49432
4102967500.000001,-71.55964
4102968437.500001,-71.93284
4102969375.000001,-70.99272
4102970312.500001,-70.94044
4102971250.000001,-71.89001
4102972187.500001,-72.06131
4102973125.000001,-72.06481
4102974062.500001,-71.98013
4102975000.000001,-71.14442
4102975937.500001,-71.58753
4102976875.000001,-71.28621
4102977812.500001,-71.8229
4102978750.000001,-71.39246
4102979687.500001,-71.70599
4102980625.000001,-72.16376
4102981562.500001,-71.19086
4102982500.000001,-71.63139
4102983437.500001,-71.67725
4102984375.000001,-71.85232
4102985312.500001,-70.88185
4102986250.000001,-71.15133
4102987187.500001,-71.20699
4102988125.000001,-71.69433
4102989062.500001,-71.24429
4102990000.000001,-71.33309
4102990937.500001,-71.11552
4102991875.000001,-71.54483
4102992812.500001,-71.34224
4102993750.000001,-71.52914
4102994687.500001,-71.07913
4102995625.000001,-71.31252
4102996562.500001,-71.51806
4102997500.000001,-71.04235
4102998437.500001,-70.85938
4102999375.000001,-71.03019
4103000312.500001,-70.95241
4103001250.000001,-70.80617
4103002187.500001,-71.04637
4103003125.000001,-71.30711
4103004062.500001,-70.66927
4103005000.000001,-71.61999
4103005937.500001,-71.54417
4103006875.000001,-71.37619
4103007812.500001,-71.62341
4103008750.000001,-71.27
4103009687.500001,-70.90714
4103010625.000001,-71.3089
4103011562.500001,-71.49632
4103012500.000001,-71.80123
4103013437.500001,-71.89955
4103014375.000001,-72.12574
4103015312.500001,-70.83502
4103016250.000001,-71.93263
4103017187.500001,-71.38097
4103018125.000001,-70.60603
4103019062.500001,-71.82156
4103020000.000001,-71.23563
4103020937.500001,-71.696
4103021875.000001,-71.05624
4103022812.500001,-71.56371
4103023750.000001,-71.78102
4103024687.500001,-71.81006
4103025625.000001,-70.92703
4103026562.500001,-71.3417
4103027500.000001,-71.55961
4103028437.500001,-71.33625
4103029375.000001,-71.33006
4103030312.500001,-71.59023
4103031250.000001,-71.67683
4103032187.500001,-71.09124
4103033125.000001,-71.40307
4103034062.500001,-71.2183
4103035000.000001,-71.00514
4103035937.500001,-71.67918
4103036875.000001,-71.51688
4103037812.500001,-71.21672
4103038750.000001,-71.13667
4103039687.500001,-70.56683
4103040625.000001,-71.69414
4103041562.500001,-70.93156
4103042500.000001,-71.99548
4103043437.500001,-71.34087
4103044375.000001,-71.53327
4103045312.500001,-70.94327
4103046250.000001,-71.15342
4103047187.500001,-72.41222
4103048125.000001,-71.2981
4103049062.500001,-71.54913
4103050000.000001,-71.1621
4103050937.500001,-71.79453
4103051875.000001,-71.93455
4103052812.500001,-71.27629
4103053750.000001,-71.34486
4103054687.500001,-71.55482
4103055625.000001,-71.12699
4103056562.500001,-71.58886
4103057500.000001,-72.10677
4103058437.500001,-71.67616
4103059375.000001,-71.34238
4103060312.500001,-71.29666
4103061250.000001,-71.85275
4103062187.500001,-71.7195
4103063125.000001,-71.28983
4103064062.500001,-71.44852
4103065000.000001,-71.02967
4103065937.500001,-71.25304
4103066875.000001,-71.13052
4103067812.500001,-71.7151
4103068750.000001,-71.59975
4103069687.500001,-71.74756
4103070625.000001,-71.61172
4103071562.500001,-71.67103
4103072500.000001,-71.56726
4103073437.500001,-71.37709
4103074375.000001,-70.8975
4103075312.500001,-71.14881
4103076250.000001,-71.05074
4103077187.500001,-71.02188
4103078125.000001,-71.04318
4103079062.500001,-70.89719
4103080000.000001,-71.70042
4103080937.500001,-70.37329
4103081875.000001,-71.34581
4103082812.500001,-71.39883
4103083750.000001,-71.07892
4103084687.500001,-70.93311
4103085625.000001,-71.93115
4103086562.500001,-71.2001
4103087500.000001,-71.08319
4103088437.500001,-71.83687
4103089375.000001,-71.05591
4103090312.500001,-71.42519
4103091250.000001,-70.90392
4103092187.500001,-71.12173
4103093125.000001,-71.54189
4103094062.500001,-71.80649
4103095000.000001,-70.72382
4103095937.500001,-71.05103
4103096875.000001,-71.07362
4103097812.500001,-71.5206
4103098750.000001,-71.57604
4103099687.500001,-71.14571
4103100625.000001,-70.97534
4103101562.500001,-71.08144
4103102500.000001,-71.52528
4103103437.500001,-71.51904
4103104375.000001,-70.83465
4103105312.500001,-71.64896
4103106250.000001,-70.58566
4103107187.500001,-71.6166
4103108125.000001,-71.3269
4103109062.500001,-71.71822
4103110000.000001,-70.98158
4103110937.500001,-71.17913
4103111875.000001,-71.67123
4103112812.500001,-71.36247
4103113750.000001,-70.71616
4103114687.500001,-71.82078
4103115625.000001,-71.62788
4103116562.500001,-71.6553
4103117500.000001,-70.92942
4103118437.500001,-71.21271
4103119375.000001,-71.75932
4103120312.500001,-71.07062
4103121250.000001,-71.16186
4103122187.500001,-71.47605
4103123125.000001,-71.65762
4103124062.500001,-71.23114
4103125000.000001,-71.30863
4103125937.500001,-70.88562
4103126875.000001,-70.49055
4103127812.500001,-71.45902
4103128750.000001,-71.57614
4103129687.500001,-71.68979
4103130625.000001,-71.96437
4103131562.500001,-71.53081
4103132500.000001,-71.1905
4103133437.500001,-71.54333
4103134375.000001,-72.13129
4103135312.500001,-71.39787
4103136250.000001,-71.88286
4103137187.500001,-71.31422
4103138125.000001,-71.39244
4103139062.500001,-71.35786
4103140000.000001,-70.74948
4103140937.500001,-71.52798
4103141875.000001,-70.83605
4103142812.500001,-70.75551
4103143750.000001,-71.18164
4103144687.500001,-71.72678
4103145625.000001,-71.46571
4103146562.500001,-71.15697
4103147500.000001,-71.28068
4103148437.500001,-71.37308
4103149375.000001,-71.56948
4103150312.500001,-72.01701
4103151250.000001,-71.43366
4103152187.500001,-71.38802
4103153125.000001,-71.60537
4103154062.500001,-71.02681
4103155000.000001,-70.86037
4103155937.500001,-71.66506
4103156875.000001,-70.81494
4103157812.500001,-71.17944
4103158750.000001,-71.92866
4103159687.500001,-70.92824
4103160625.000001,-71.56495
4103161562.500001,-71.14523
4103162500.000001,-71.4781
4103163437.500001,-70.92755
4103164375.000001,-71.83994
4103165312.500001,-71.48169
4103166250.000001,-71.3449
4103167187.500001,-70.92113
4103168125.000001,-71.20969
4103169062.500001,-71.54167
4103170000.000001,-71.11313
4103170937.500001,-71.61246
4103171875.000001,-71.29523
4103172812.500001,-71.57314
4103173750.000001,-71.02795
4103174687.500001,-72.14214
4103175625.000001,-71.04256
4103176562.500001,-71.55937
4103177500.000001,-71.25428
4103178437.500001,-70.7402
4103179375.000001,-71.57703
4103180312.500001,-71.52591
4103181250.000001,-71.23648
4103182187.500001,-71.46045
4103183125.000001,-71.3543
4103184062.500001,-71.49612
4103185000.000001,-71.29661
4103185937.500001,-71.54499
4103186875.000001,-71.17551
4103187812.500001,-71.44279
4103188750.000001,-71.16113
4103189687.500001,-71.3423
4103190625.000001,-71.81071
4103191562.500001,-71.61201
4103192500.000001,-71.27348
4103193437.500001,-71.32053
4103194375.000001,-71.11986
4103195312.500001,-71.70531
4103196250.000001,-70.85381
4103197187.500001,-71.06971
4103198125.000001,-71.23416
4103199062.500001,-71.4986
4103200000.000001,-71.56286
4103200937.500001,-71.10159
4103201875.000001,-71.58849
4103202812.500001,-71.07477
4103203750.000001,-71.00912
4103204687.500001,-71.11842
4103205625.000001,-71.16235
4103206562.500001,-71.18555
4103207500.000001,-70.886
4103208437.500001,-71.33556
4103209375.000001,-70.7834
4103210312.500001,-71.61781
4103211250.000001,-70.96941
4103212187.500001,-71.07955
4103213125.000001,-71.2909
4103214062.500001,-71.48096
4103215000.000001,-71.24738
4103215937.500001,-71.63952
4103216875.000001,-71.18815
4103217812.500001,-71.36472
4103218750.000001,-71.13403
4103219687.500001,-71.79541
4103220625.000001,-71.99747
4103221562.500001,-71.56516
4103222500.000001,-70.93922
4103223437.500001,-70.89822
4103224375.000001,-71.59749
4103225312.500001,-71.36124
4103226250.000001,-71.45384
4103227187.500001,-71.45484
4103228125.000001,-71.5271
4103229062.500001,-72.40682
4103230000.000001,-71.67358
4103230937.500001,-71.5507
4103231875.000001,-70.93039
4103232812.500001,-71.07912
4103233750.000001,-72.00575
4103234687.500001,-71.4334
4103235625.000001,-71.86665
4103236562.500001,-71.76151
4103237500.000001,-71.14238
4103238437.500001,-71.45071
4103239375.000001,-71.32961
4103240312.500001,-70.8178
4103241250.000001,-71.71227
4103242187.500001,-71.43327
4103243125.000001,-70.92139
4103244062.500001,-71.49792
4103245000.000001,-71.13989
4103245937.500001,-70.81879
4103246875.000001,-71.71083
4103247812.500001,-71.35737
4103248750.000001,-71.64487
4103249687.500001,-70.92813
4103250625.000001,-71.11299
4103251562.500001,-71.96317
4103252500.000001,-71.18108
4103253437.500001,-71.25019
4103254375.000001,-71.05654
4103255312.500001,-70.76112
4103256250.000001,-71.03039
4103257187.500001,-70.87184
4103258125.000001,-71.57432
4103259062.500001,-71.95574
4103260000.000001,-71.1143
4103260937.500001,-71.15384
4103261875.000001,-71.71242
4103262812.500001,-71.47639
4103263750.000001,-71.4917
4103264687.500001,-71.17033
4103265625.000001,-71.47261
4103266562.500001,-70.97649
4103267500.000001,-72.00748
4103268437.500001,-71.44757
4103269375.000001,-71.65263
4103270312.500001,-71.64841
4103271250.000001,-71.06951
4103272187.500001,-71.36045
4103273125.000001,-71.52676
4103274062.500001,-71.66218
4103275000.000001,-70.99754
4103275937.500001,-70.93822
4103276875.000001,-71.09813
4103277812.500001,-71.19836
4103278750.000001,-72.46107
4103279687.500001,-71.3451
4103280625.000001,-71.14566
4103281562.500001,-70.94084
4103282500.000001,-71.47994
4103283437.500001,-71.24734
4103284375.000001,-71.69953
4103285312.500001,-71.61895
4103286250.000001,-71.04907
4103287187.500001,-71.38485
4103288125.000001,-70.83746
4103289062.500001,-71.10458
4103290000.000001,-71.83106
4103290937.500001,-71.49001
4103291875.000001,-70.93391
4103292812.500001,-70.85611
4103293750.000001,-71.20045
4103294687.500001,-71.71101
4103295625.000001,-71.49192
4103296562.500001,-71.24603
4103297500.000001,-71.71435
4103298437.500001,-71.70091
4103299375.000001,-71.20522
4103300312.500001,-71.65881
4103301250.000001,-71.01141
4103302187.500001,-71.49432
4103303125.000001,-71.49441
4103304062.500001,-71.29156
4103305000.000001,-71.23267
4103305937.500001,-70.90722
4103306875.000001,-71.44433
4103307812.500001,-72.24456
4103308750.000001,-71.20077
4103309687.500001,-71.24271
4103310625.000001,-71.08081
4103311562.500001,-70.9613
4103312500.000001,-71.48936
4103313437.500001,-71.53727
4103314375.000001,-71.42713
4103315312.500001,-71.10413
4103316250.000001,-71.53862
4103317187.500001,-70.75887
4103318125.000001,-70.56577
4103319062.500001,-71.8217
4103320000.000001,-71.43102
4103320937.500001,-71.72323
4103321875.000001,-71.07793
4103322812.500001,-70.98126
4103323750.000001,-70.99596
4103324687.500001,-71.69549
4103325625.000001,-71.03585
4103326562.500001,-71.52901
4103327500.000001,-71.11351
4103328437.500001,-71.67745
4103329375.000001,-70.88693
4103330312.500001,-71.37115
4103331250.000001,-71.87928
4103332187.500001,-72.00941
4103333125.000001,-71.52277
4103334062.500001,-71.11446
4103335000.000001,-70.89288
4103335937.500001,-71.20306
4103336875.000001,-71.09519
4103337812.500001,-71.39569
4103338750.000001,-71.40643
4103339687.500001,-71.88583
4103340625.000001,-71.32982
4103341562.500001,-71.50292
4103342500.000001,-71.60918
4103343437.500001,-70.66077
4103344375.000001,-71.39719
4103345312.500001,-71.39238
4103346250.000001,-71.2157
4103347187.500001,-71.51942
4103348125.000001,-71.36103
4103349062.500001,-71.5252
4103350000.000001,-71.26736
4103350937.500001,-71.13213
4103351875.000001,-71.44122
4103352812.500001,-70.58681
4103353750.000001,-71.62379
4103354687.500001,-71.12881
4103355625.000001,-72.28422
4103356562.500001,-72.02338
4103357500.000001,-70.63846
4103358437.500001,-71.31345
4103359375.000001,-71.84535
4103360312.500001,-71.1216
4103361250.000001,-71.81544
4103362187.500001,-71.59406
4103363125.000001,-71.45723
4103364062.500001,-71.31026
4103365000.000001,-71.46764
4103365937.500001,-71.16132
4103366875.000001,-71.85361
4103367812.500001,-71.63855
4103368750.000001,-71.26551
4103369687.500001,-71.39835
4103370625.000001,-72.12575
4103371562.500001,-71.47926
4103372500.000001,-70.92305
4103373437.500001,-70.95369
4103374375.000001,-71.2505
4103375312.500001,-70.90578
4103376250.000001,-71.29891
4103377187.500001,-70.98566
4103378125.000001,-70.582
4103379062.500001,-71.14944
4103380000.000001,-71.615
4103380937.500001,-71.64197
4103381875.000001,-71.70509
4103382812.500001,-71.09987
4103383750.000001,-71.13437
4103384687.500001,-70.83981
4103385625.000001,-71.55601
4103386562.500001,-71.69628
4103387500.000001,-71.43748
4103388437.500001,-71.15118
4103389375.000001,-70.78812
4103390312.500001,-71.04659
4103391250.000001,-71.55293
4103392187.500001,-70.7624
4103393125.000001,-70.9299
4103394062.500001,-71.4351
4103395000.000001,-70.9205
4103395937.500001,-71.29365
4103396875.000001,-71.11245
4103397812.500001,-70.66708
4103398750.000001,-70.93574
4103399687.500001,-71.36404
4103400625.000001,-71.10921
4103401562.500001,-71.66782
4103402500.000001,-70.8673
4103403437.500001,-71.09232
4103404375.000001,-71.31428
4103405312.500001,-71.51119
4103406250.000001,-71.13557
4103407187.500001,-70.97337
4103408125.000001,-71.20729
4103409062.500001,-71.28953
4103410000.000001,-70.79639
4103410937.500001,-71.78693
4103411875.000001,-70.89475
4103412812.500001,-70.87856
4103413750.000001,-71.05383
4103414687.500001,-71.27324
4103415625.000001,-71.80335
4103416562.500001,-70.70538
4103417500.000001,-70.95073
4103418437.500001,-70.80908
4103419375.000001,-70.51904
4103420312.500001,-71.10353
4103421250.000001,-71.06773
4103422187.500001,-71.86562
4103423125.000001,-71.22552
4103424062.500001,-71.55264
4103425000.000001,-71.02041
4103425937.500001,-71.32929
4103426875.000001,-71.20842
4103427812.500001,-71.51965
4103428750.000001,-71.14854
4103429687.500001,-71.0646
4103430625.000001,-71.60363
4103431562.500001,-71.55156
4103432500.000001,-71.91521
4103433437.500001,-71.35403
4103434375.000001,-71.29871
4103435312.500001,-71.49986
4103436250.000001,-71.58061
4103437187.500001,-71.10172
4103438125.000001,-71.09906
4103439062.500001,-70.43925
4103440000.000001,-71.05006
4103440937.500001,-71.78994
4103441875.000001,-71.12611
4103442812.500001,-70.93046
4103443750.000001,-71.35779
4103444687.500001,-71.07055
4103445625.000001,-71.01032
4103446562.500001,-70.98103
4103447500.000001,-72.00747
4103448437.500001,-71.13734
4103449375.000001,-71.32491
4103450312.500001,-71.38106
4103451250.000001,-70.5853
4103452187.500001,-71.45946
4103453125.000001,-71.46562
4103454062.500001,-71.50113
4103455000.000001,-70.52093
4103455937.500001,-70.90396
4103456875.000001,-71.63215
4103457812.500001,-71.10249
4103458750.000001,-71.8232
4103459687.500001,-71.2363
4103460625.000001,-71.0404
4103461562.500001,-71.9488
4103462500.000001,-71.13002
4103463437.500001,-70.54787
4103464375.000001,-70.98122
4103465312.500001,-71.27767
4103466250.000001,-71.59232
4103467187.500001,-71.02208
4103468125.000001,-71.12888
4103469062.500001,-71.52885
4103470000.000001,-71.4453
4103470937.500001,-71.2554
4103471875.000001,-71.06869
4103472812.500001,-71.22572
4103473750.000001,-71.27409
4103474687.500001,-71.2
4103475625.000001,-70.40824
4103476562.500001,-70.76141
4103477500.000001,-71.21842
4103478437.500001,-71.14327
4103479375.000001,-70.86649
4103480312.500001,-71.11747
4103481250.000001,-71.32126
4103482187.500001,-70.99196
4103483125.000001,-71.88515
4103484062.500001,-71.40202
4103485000.000001,-70.97188
4103485937.500001,-70.71043
4103486875.000001,-71.20414
4103487812.500001,-71.23215
4103488750.000001,-71.57951
4103489687.500001,-71.24197
4103490625.000001,-71.05112
4103491562.500001,-71.2336
4103492500.000001,-71.56458
4103493437.500001,-71.45831
4103494375.000001,-71.45301
4103495312.500001,-71.3319
4103496250.000001,-71.48143
4103497187.500001,-71.40752
4103498125.000001,-71.21625
4103499062.500001,-71.53271
4103500000.000001,-71.38477
4103500937.500001,-71.66891
4103501875.000001,-70.90086
4103502812.500001,-70.9492
4103503750.000001,-70.8131
4103504687.500001,-70.99616
4103505625.000001,-71.28797
4103506562.500001,-70.87328
4103507500.000001,-71.73495
4103508437.500001,-71.13356
4103509375.000001,-71.12181
4103510312.500001,-70.82806
4103511250.000001,-71.20419
4103512187.500001,-71.6713
4103513125.000001,-71.22816
4103514062.500001,-71.15366
4103515000.000001,-70.49326
4103515937.500001,-71.15372
4103516875.000001,-71.61744
4103517812.500001,-71.32231
4103518750.000001,-71.22942
4103519687.500001,-71.02802
4103520625.000001,-71.33527
4103521562.500001,-71.22875
4103522500.000001,-71.06873
4103523437.500001,-71.20272
4103524375.000001,-71.27737
4103525312.500001,-71.27171
4103526250.000001,-71.63892
4103527187.500001,-71.31632
4103528125.000001,-71.54998
4103529062.500001,-70.92307
4103530000.000001,-71.34295
4103530937.500001,-70.59806
4103531875.000001,-70.93309
4103532812.500001,-71.64572
4103533750.000001,-70.61951
4103534687.500001,-70.72773
4103535625.000001,-71.51546
4103536562.500001,-70.65195
4103537500.000001,-71.06452
4103538437.500001,-72.12276
4103539375.000001,-70.86198
4103540312.500001,-71.19154
4103541250.000001,-71.22914
4103542187.500001,-71.01624
4103543125.000001,-71.58354
4103544062.500001,-70.63213
4103545000.000001,-71.23435
4103545937.500001,-70.64996
4103546875.000001,-71.67673
4103547812.500001,-70.54453
4103548750.000001,-71.36631
4103549687.500001,-71.00939
4103550625.000001,-70.75681
4103551562.500001,-71.33908
4103552500.000001,-70.94973
4103553437.500001,-71.53062
4103554375.000001,-70.58961
4103555312.500001,-70.81239
4103556250.000001,-71.14182
4103557187.500001,-71.23449
4103558125.000001,-70.83006
4103559062.500001,-71.27238
4103560000.000001,-70.72913
4103560937.500001,-71.24892
4103561875.000001,-71.20722
4103562812.500001,-70.96017
4103563750.000001,-71.24079
4103564687.500001,-71.86455
4103565625.000001,-70.87014
4103566562.500001,-71.37542
4103567500.000001,-71.28002
4103568437.500001,-71.13434
4103569375.000001,-71.70781
4103570312.500001,-71.11881
4103571250.000001,-71.04874
4103572187.500001,-70.40175
4103573125.000001,-71.70121
4103574062.500001,-71.18715
4103575000.000001,-71.22424
4103575937.500001,-70.9018
4103576875.000001,-71.09086
4103577812.500001,-71.10235
4103578750.000001,-71.51338
4103579687.500001,-71.2458
4103580625.000001,-70.98614
4103581562.500001,-71.48405
4103582500.000001,-70.98637
4103583437.500001,-71.3995
4103584375.000001,-71.04218
4103585312.500001,-71.34815
4103586250.000001,-70.56023
4103587187.500001,-71.45699
4103588125.000001,-71.24804
4103589062.500001,-71.84944
4103590000.000001,-71.09387
4103590937.500001,-71.6011
4103591875.000001,-70.72617
4103592812.500001,-71.13688
4103593750.000001,-71.92928
4103594687.500001,-70.59303
4103595625.000001,-71.2445
4103596562.500001,-71.53828
4103597500.000001,-70.49595
4103598437.500001,-71.7317
4103599375.000001,-70.66767
4103600312.500001,-70.8521
4103601250.000001,-71.00688
4103602187.500001,-71.19353
4103603125.000001,-71.0529
4103604062.500001,-70.51724
4103605000.000001,-70.92556
4103605937.500001,-71.40998
4103606875.000001,-70.69568
4103607812.500001,-71.35008
4103608750.000001,-71.14281
4103609687.500001,-70.95538
4103610625.000001,-70.99326
4103611562.500001,-71.2868
4103612500.000001,-71.49542
4103613437.500001,-70.83215
4103614375.000001,-70.54751
4103615312.500001,-71.13795
4103616250.000001,-71.00854
4103617187.500001,-71.97234
4103618125.000001,-70.75055
4103619062.500001,-71.04005
4103620000.000001,-70.99049
4103620937.500001,-70.37947
4103621875.000001,-72.1415
4103622812.500001,-71.32637
4103623750.000001,-71.31912
4103624687.500001,-71.01325
4103625625.000001,-71.017
4103626562.500001,-71.32655
4103627500.000001,-71.81348
4103628437.500001,-71.18748
4103629375.000001,-71.31596
4103630312.500001,-71.58167
4103631250.000001,-70.91956
4103632187.500001,-70.79465
4103633125.000001,-71.63815
4103634062.500001,-70.55389
4103635000.000001,-71.43005
4103635937.500001,-71.58933
4103636875.000001,-71.31073
4103637812.500001,-70.70901
4103638750.000001,-70.75604
4103639687.500001,-71.34813
4103640625.000001,-71.13832
4103641562.500001,-70.83459
4103642500.000001,-71.31802
4103643437.500001,-71.12647
4103644375.000001,-71.19038
4103645312.500001,-71.57968
4103646250.000001,-70.92365
4103647187.500001,-71.3135
4103648125.000001,-70.7496
4103649062.500001,-71.41169
4103650000.000001,-71.17809
4103650937.500001,-71.21227
4103651875.000001,-70.69853
4103652812.500001,-71.62862
4103653750.000001,-71.40587
4103654687.500001,-71.3354
4103655625.000001,-70.86005
4103656562.500001,-70.69586
4103657500.000001,-70.82137
4103658437.500001,-70.83578
4103659375.000001,-71.14189
4103660312.500001,-71.32285
4103661250.000001,-71.04789
4103662187.500001,-71.12225
4103663125.000001,-71.28842
4103664062.500001,-70.57397
4103665000.000001,-70.55249
4103665937.500001,-71.23847
4103666875.000001,-71.24331
4103667812.500001,-71.26552
4103668750.000001,-70.73449
4103669687.500001,-71.12894
4103670625.000001,-71.07481
4103671562.500001,-71.83196
4103672500.000001,-71.14897
4103673437.500001,-70.88054
4103674375.000001,-70.75159
4103675312.500001,-71.01131
4103676250.000001,-70.99805
4103677187.500001,-71.54047
4103678125.000001,-71.73641
4103679062.500001,-70.79505
4103680000.000001,-70.99672
4103680937.500001,-70.77526
4103681875.000001,-71.83992
4103682812.500001,-71.02493
4103683750.000001,-70.94084
4103684687.500001,-71.34115
4103685625.000001,-70.90447
4103686562.500001,-71.23539
4103687500.000001,-72.06558
4103688437.500001,-71.32526
4103689375.000001,-71.16593
4103690312.500001,-70.55016
4103691250.000001,-71.00645
4103692187.500001,-71.32767
4103693125.000001,-70.87815
4103694062.500001,-71.65382
4103695000.000001,-71.25879
4103695937.500001,-72.21349
4103696875.000001,-71.45123
4103697812.500001,-70.05547
4103698750.000001,-71.31848
4103699687.500001,-71.85625
4103700625.000001,-71.1207
4103701562.500001,-71.3174
4103702500.000001,-71.41583
4103703437.500001,-71.2406
4103704375.000001,-71.40064
4103705312.500001,-70.98211
4103706250.000001,-71.08517
4103707187.500001,-71.16911
4103708125.000001,-70.83441
4103709062.500001,-70.65462
4103710000.000001,-70.74373
4103710937.500001,-70.51643
4103711875.000001,-70.72777
4103712812.500001,-70.44263
4103713750.000001,-70.74824
4103714687.500001,-71.44854
4103715625.000001,-70.7936
4103716562.500001,-71.20908
4103717500.000001,-70.63326
4103718437.500001,-70.97562
4103719375.000001,-70.53997
4103720312.500001,-71.45228
4103721250.000001,-71.03437
4103722187.500001,-71.78717
4103723125.000001,-71.31429
4103724062.500001,-70.90318
4103725000.000001,-71.07067
4103725937.500001,-71.6958
4103726875.000001,-71.69238
4103727812.500001,-71.37062
4103728750.000001,-70.88348
4103729687.500001,-70.6137
4103730625.000001,-70.8266
4103731562.500001,-70.30751
4103732500.000001,-71.57574
4103733437.500001,-71.53341
4103734375.000001,-70.94778
4103735312.500001,-71.67693
4103736250.000001,-70.80499
4103737187.500001,-70.9387
4103738125.000001,-70.9437
4103739062.500001,-71.27903
4103740000.000001,-71.24148
4103740937.500001,-70.89636
4103741875.000001,-71.05164
4103742812.500001,-70.90678
4103743750.000001,-71.43625
4103744687.500001,-71.75388
4103745625.000001,-70.69244
4103746562.500001,-71.17793
4103747500.000001,-70.68676
4103748437.500001,-70.29598
4103749375.000001,-71.12767
4103750312.500001,-71.34867
4103751250.000001,-71.00666
4103752187.500001,-70.90879
4103753125.000001,-71.06784
4103754062.500001,-71.12162
4103755000.000001,-71.16708
4103755937.500001,-71.13573
4103756875.000001,-70.89217
4103757812.500001,-70.71456
4103758750.000001,-70.7056
4103759687.500001,-71.04244
4103760625.000001,-71.06026
4103761562.500001,-70.68956
4103762500.000001,-71.08327
4103763437.500001,-71.489
4103764375.000001,-71.69041
4103765312.500001,-70.7905
4103766250.000001,-70.85631
4103767187.500001,-71.04849
4103768125.000001,-71.32787
4103769062.500001,-71.27454
4103770000.000001,-71.10815
4103770937.500001,-71.53679
4103771875.000001,-71.31945
4103772812.500001,-70.59308
4103773750.000001,-71.06368
4103774687.500001,-71.28798
4103775625.000001,-71.17503
4103776562.500001,-71.52579
4103777500.000001,-70.81698
4103778437.500001,-70.79851
4103779375.000001,-70.91393
4103780312.500001,-70.56768
4103781250.000001,-71.07255
4103782187.500001,-71.0675
4103783125.000001,-70.95189
4103784062.500001,-71.50748
4103785000.000001,-71.28151
4103785937.500001,-71.13241
4103786875.000001,-71.53323
4103787812.500001,-71.45929
4103788750.000001,-70.42432
4103789687.500001,-70.77914
4103790625.000001,-71.31699
4103791562.500001,-71.39882
4103792500.000001,-70.76524
4103793437.500001,-71.3807
4103794375.000001,-71.12028
4103795312.500001,-71.25237
4103796250.000001,-71.61912
4103797187.500001,-71.0551
4103798125.000001,-71.00476
4103799062.500001,-71.00211
4103800000.000001,-70.99686
4103800937.500001,-71.4544
4103801875.000001,-70.97332
4103802812.500001,-70.84848
4103803750.000001,-71.31909
4103804687.500001,-70.71339
4103805625.000001,-71.5764
4103806562.500001,-71.71395
4103807500.000001,-71.0313
4103808437.500001,-70.66039
4103809375.000001,-71.21627
4103810312.500001,-71.41316
4103811250.000001,-71.41813
4103812187.500001,-71.02388
4103813125.000001,-71.28506
4103814062.500001,-70.70734
4103815000.000001,-70.8284
4103815937.500001,-71.09691
4103816875.000001,-71.0844
4103817812.500001,-71.46568
4103818750.000001,-70.66237
4103819687.500001,-70.49322
4103820625.000001,-70.38475
4103821562.500001,-71.00641
4103822500.000001,-71.25223
4103823437.500001,-71.46677
4103824375.000001,-70.98862
4103825312.500001,-71.17303
4103826250.000001,-70.67332
4103827187.500001,-70.82075
4103828125.000001,-71.20763
4103829062.500001,-71.07511
4103830000.000001,-71.34376
4103830937.500001,-71.00034
4103831875.000001,-70.71902
4103832812.500001,-70.34016
4103833750.000001,-71.05829
4103834687.500001,-71.42577
4103835625.000001,-70.91576
4103836562.500001,-70.59969
4103837500.000001,-72.09809
4103838437.500001,-71.61778
4103839375.000001,-70.76698
4103840312.500001,-71.97993
4103841250.000001,-71.22375
4103842187.500001,-70.80476
4103843125.000001,-71.52155
4103844062.500001,-71.38651
4103845000.000001,-70.68077
4103845937.500001,-71.28011
4103846875.000001,-71.27668
4103847812.500001,-70.77824
4103848750.000001,-70.94482
4103849687.500001,-71.08776
4103850625.000001,-71.2822
4103851562.500001,-71.29456
4103852500.000001,-70.78931
4103853437.500001,-71.29631
4103854375.000001,-71.22873
4103855312.500001,-70.93389
4103856250.000001,-70.79308
4103857187.500001,-70.84599
4103858125.000001,-70.86893
4103859062.500001,-71.361
4103860000.000001,-70.91317
4103860937.500001,-71.01154
4103861875.000001,-71.09195
4103862812.500001,-71.79521
4103863750.000001,-70.78366
4103864687.500001,-71.22025
4103865625.000001,-70.04118
4103866562.500001,-71.08579
4103867500.000001,-71.53443
4103868437.500001,-71.08791
4103869375.000001,-70.37151
4103870312.500001,-71.23209
4103871250.000001,-70.78028
4103872187.500001,-70.53042
4103873125.000001,-70.82884
4103874062.500001,-71.2897
4103875000.000001,-71.48054
4103875937.500001,-71.11627
4103876875.000001,-71.3038
4103877812.500001,-70.53478
4103878750.000001,-70.74807
4103879687.500001,-71.35485
4103880625.000001,-70.95519
4103881562.500001,-70.70523
4103882500.000001,-70.98866
4103883437.500001,-71.13245
4103884375.000001,-71.28062
4103885312.500001,-70.72743
4103886250.000001,-70.89173
4103887187.500001,-70.88124
4103888125.000001,-71.31497
4103889062.500001,-71.1994
4103890000.000001,-70.64115
4103890937.500001,-70.84509
4103891875.000001,-70.72753
4103892812.500001,-71.1328
4103893750.000001,-71.30221
4103894687.500001,-70.87946
4103895625.000001,-71.05664
4103896562.500001,-70.73029
4103897500.000001,-71.63962
4103898437.500001,-70.85574
4103899375.000001,-71.13909
4103900312.500001,-70.67392
4103901250.000001,-71.16647
4103902187.500001,-70.78992
4103903125.000001,-70.46242
4103904062.500001,-71.02519
4103905000.000001,-70.89347
4103905937.500001,-70.94058
4103906875.000001,-71.19015
4103907812.500001,-71.97636
4103908750.000001,-71.09466
4103909687.500001,-71.40021
4103910625.000001,-70.72419
4103911562.500001,-70.94241
4103912500.000001,-70.9569
4103913437.500001,-71.0187
4103914375.000001,-70.69575
4103915312.500001,-71.21404
4103916250.000001,-71.67003
4103917187.500001,-71.42815
4103918125.000001,-71.05502
4103919062.500001,-70.54806
4103920000.000001,-71.0806
4103920937.500001,-71.02467
4103921875.000001,-71.01839
4103922812.500001,-70.69939
4103923750.000001,-70.93578
4103924687.500001,-70.82954
4103925625.000001,-71.34113
4103926562.500001,-70.87998
4103927500.000001,-71.12191
4103928437.500001,-71.20053
4103929375.000001,-71.08258
4103930312.500001,-70.45413
4103931250.000001,-70.47421
4103932187.500001,-70.63017
4103933125.000001,-71.4493
4103934062.500001,-71.30299
4103935000.000001,-71.18748
4103935937.500001,-70.99947
4103936875.000001,-71.24058
4103937812.500001,-70.48774
4103938750.000001,-71.13665
4103939687.500001,-70.89368
4103940625.000001,-70.78349
4103941562.500001,-71.41919
4103942500.000001,-70.75249
4103943437.500001,-70.99826
4103944375.000001,-71.35368
4103945312.500001,-71.0247
4103946250.000001,-70.41962
4103947187.500001,-70.92251
4103948125.000001,-71.30305
4103949062.500001,-71.23734
4103950000.000001,-71.4379
4103950937.500001,-70.74343
4103951875.000001,-71.36536
4103952812.500001,-70.50692
4103953750.000001,-71.05747
4103954687.500001,-70.45478
4103955625.000001,-70.86615
4103956562.500001,-70.62663
4103957500.000001,-71.08576
4103958437.500001,-70.92813
4103959375.000001,-70.88708
4103960312.500001,-71.32349
4103961250.000001,-70.86073
4103962187.500001,-70.81355
4103963125.000001,-71.48569
4103964062.500001,-71.44641
4103965000.000001,-70.65392
4103965937.500001,-70.82951
4103966875.000001,-70.67128
4103967812.500001,-71.11608
4103968750.000001,-70.827
4103969687.500001,-70.94427
4103970625.000001,-70.91524
4103971562.500001,-71.2944
4103972500.000001,-70.74327
4103973437.500001,-70.8991
4103974375.000001,-71.23657
4103975312.500001,-70.63518
4103976250.000001,-71.4393
4103977187.500001,-70.99754
4103978125.000001,-70.67327
4103979062.500001,-71.06863
4103980000.000001,-71.26389
4103980937.500001,-70.69586
4103981875.000001,-70.87299
4103982812.500001,-70.8816
4103983750.000001,-71.53757
4103984687.500001,-71.27832
4103985625.000001,-71.44063
4103986562.500001,-71.07793
4103987500.000001,-71.14714
4103988437.500001,-70.77046
4103989375.000001,-71.47645
4103990312.500001,-71.46356
4103991250.000001,-70.94058
4103992187.500001,-70.47066
4103993125.000001,-70.98051
4103994062.500001,-71.23027
4103995000.000001,-70.55851
4103995937.500001,-71.25687
4103996875.000001,-71.37601
4103997812.500001,-71.53395
4103998750.000001,-70.69043
4103999687.500001,-70.8569
4104000625.000001,-71.55441
4104001562.500001,-71.03635
4104002500.000001,-70.70546
4104003437.500001,-71.44877
4104004375.000001,-70.50336
4104005312.500001,-70.7253
4104006250.000001,-70.58064
4104007187.500001,-71.22976
4104008125.000001,-71.27127
4104009062.500001,-70.99771
4104010000.000001,-71.13678
4104010937.500001,-71.39594
4104011875.000001,-70.77408
4104012812.500001,-71.30512
4104013750.000001,-71.30856
4104014687.500001,-71.23309
4104015625.000001,-71.74269
4104016562.500001,-71.18063
4104017500.000001,-70.41463
4104018437.500001,-70.43578
4104019375.000001,-71.29304
4104020312.500001,-70.50104
4104021250.000001,-70.7502
4104022187.500001,-71.39202
4104023125.000001,-70.85881
4104024062.500001,-71.25082
4104025000.000001,-70.25148
4104025937.500001,-71.15561
4104026875.000001,-71.23578
4104027812.500001,-70.82426
4104028750.000001,-70.68429
4104029687.500001,-71.26923
4104030625.000001,-70.89069
4104031562.500001,-71.24577
4104032500.000001,-70.54685
4104033437.500001,-71.42285
4104034375.000001,-71.25323
4104035312.500001,-70.99052
4104036250.000001,-71.46719
4104037187.500001,-71.26751
4104038125.000001,-70.6395
4104039062.500001,-70.89717
4104040000.000001,-70.44712
4104040937.500001,-70.75242
4104041875.000001,-71.34709
4104042812.500001,-71.53775
4104043750.000001,-71.24488
4104044687.500001,-70.82761
4104045625.000001,-71.16615
4104046562.500001,-70.57843
4104047500.000001,-71.0836
4104048437.500001,-70.74925
4104049375.000001,-71.30631
4104050312.500001,-70.67215
4104051250.000001,-70.48251
4104052187.500001,-70.58546
4104053125.000001,-71.34367
4104054062.500001,-71.02254
4104055000.000001,-70.53028
4104055937.500001,-70.82821
4104056875.000001,-70.67786
4104057812.500001,-71.53338
4104058750.000001,-70.98182
4104059687.500001,-70.96828
4104060625.000001,-70.74243
4104061562.500001,-71.08979
4104062500.000001,-70.34404
4104063437.500001,-71.36421
4104064375.000001,-71.0069
4104065312.500001,-70.34902
4104066250.000001,-71.02074
4104067187.500001,-71.03745
4104068125.000001,-71.21846
4104069062.500001,-70.92509
4104070000.000001,-71.01024
4104070937.500001,-70.97476
4104071875.000001,-71.02242
4104072812.500001,-71.71975
4104073750.000001,-71.31978
4104074687.500001,-71.18523
4104075625.000001,-71.31988
4104076562.500001,-71.20895
4104077500.000001,-71.03886
4104078437.500001,-70.72911
4104079375.000001,-71.10606
4104080312.500001,-71.0361
4104081250.000001,-70.69253
4104082187.500001,-71.33336
4104083125.000001,-71.64668
4104084062.500001,-70.97966
4104085000.000001,-70.76942
4104085937.500001,-70.52679
4104086875.000001,-70.71264
4104087812.500001,-70.68814
4104088750.000001,-70.43279
4104089687.500001,-71.0768
4104090625.000001,-70.81142
4104091562.500001,-70.75737
4104092500.000001,-71.363
4104093437.500001,-71.18787
4104094375.000001,-71.29068
4104095312.500001,-71.05909
4104096250.000001,-71.12154
4104097187.500001,-70.53236
4104098125.000001,-71.17513
4104099062.500001,-70.97308
4104100000.000001,-70.61736
4104100937.500001,-71.103
4104101875.000001,-71.20883
4104102812.500001,-70.3755
4104103750.000001,-71.37437
4104104687.500001,-71.82355
4104105625.000001,-71.23466
4104106562.500001,-70.51015
4104107500.000001,-70.86491
4104108437.500001,-71.49755
4104109375.000001,-70.92937
4104110312.500001,-70.72943
4104111250.000001,-70.9727
4104112187.500001,-70.47375
4104113125.000001,-70.72868
4104114062.500001,-71.5519
4104115000.000001,-71.47755
4104115937.500001,-71.06379
4104116875.000001,-70.99247
4104117812.500001,-70.99943
4104118750.000001,-71.26684
4104119687.500001,-71.13166
4104120625.000001,-70.69216
4104121562.500001,-70.93683
4104122500.000001,-70.8291
4104123437.500001,-70.4911
4104124375.000001,-70.40356
4104125312.500001,-70.29948
4104126250.000001,-71.01778
4104127187.500001,-71.22203
4104128125.000001,-70.83864
4104129062.500001,-70.94159
4104130000.000001,-70.70458
4104130937.500001,-71.02871
4104131875.000001,-70.95019
4104132812.500001,-70.85986
4104133750.000001,-70.858
4104134687.500001,-71.15251
4104135625.000001,-70.80907
4104136562.500001,-70.36968
4104137500.000001,-70.46198
4104138437.500001,-70.68883
4104139375.000001,-71.4379
4104140312.500001,-70.91675
4104141250.000001,-70.44983
4104142187.500001,-70.65552
4104143125.000001,-71.38235
4104144062.500001,-70.94786
4104145000.000001,-71.04572
4104145937.500001,-70.95788
4104146875.000001,-70.76243
4104147812.500001,-70.41713
4104148750.000001,-70.29159
4104149687.500001,-70.83125
4104150625.000001,-71.30344
4104151562.500001,-70.72313
4104152500.000001,-71.40398
4104153437.500001,-70.88789
4104154375.000001,-70.77488
4104155312.500001,-70.66513
4104156250.000001,-70.58156
4104157187.500001,-70.53344
4104158125.000001,-70.18335
4104159062.500001,-70.66626
4104160000.000001,-70.74112
4104160937.500001,-71.21841
4104161875.000001,-71.01485
4104162812.500001,-71.04984
4104163750.000001,-70.99505
4104164687.500001,-71.02262
4104165625.000001,-70.21959
4104166562.500001,-71.16723
4104167500.000001,-70.71498
4104168437.500001,-71.60201
4104169375.000001,-70.97617
4104170312.500001,-70.61416
4104171250.000001,-70.95644
4104172187.500001,-71.43504
4104173125.000001,-71.01328
4104174062.500001,-70.90954
4104175000.000001,-71.39023
4104175937.500001,-71.02111
4104176875.000001,-70.72913
4104177812.500001,-71.10554
4104178750.000001,-70.6993
4104179687.500001,-70.62731
4104180625.000001,-70.89768
4104181562.500001,-71.4278
4104182500.000001,-70.87778
4104183437.500001,-71.27283
4104184375.000001,-70.87344
4104185312.500001,-70.87849
4104186250.000001,-69.86644
4104187187.500001,-71.34791
4104188125.000001,-71.03539
4104189062.500001,-70.29672
4104190000.000001,-70.95409
4104190937.500001,-71.10909
4104191875.000001,-70.5862
4104192812.500001,-70.90861
4104193750.000001,-70.53086
4104194687.500001,-71.38144
4104195625.000001,-70.67627
4104196562.500001,-71.14009
4104197500.000001,-70.62025
4104198437.500001,-71.0347
4104199375.000001,-71.06811
4104200312.500001,-70.82867
4104201250.000001,-71.33649
4104202187.500001,-70.48645
4104203125.000001,-71.55815
4104204062.500001,-71.32363
4104205000.000001,-71.07092
4104205937.500001,-70.81254
4104206875.000001,-71.04887
4104207812.500001,-70.15803
4104208750.000001,-70.33695
4104209687.500001,-71.1565
4104210625.000001,-72.05968
4104211562.500001,-70.87625
4104212500.000001,-70.25696
4104213437.500001,-70.55243
4104214375.000001,-71.12465
4104215312.500001,-70.65657
4104216250.000001,-71.34846
4104217187.500001,-71.10159
4104218125.000001,-71.04631
4104219062.500001,-71.02056
4104220000.000001,-70.47446
4104220937.500001,-70.83611
4104221875.000001,-71.43991
4104222812.500001,-70.5127
4104223750.000001,-70.98285
4104224687.500001,-71.354
4104225625.000001,-70.34277
4104226562.500001,-70.94753
4104227500.000001,-70.79935
4104228437.500001,-70.7645
4104229375.000001,-70.14134
4104230312.500001,-70.92157
4104231250.000001,-71.01649
4104232187.500001,-70.69827
4104233125.000001,-70.44527
4104234062.500001,-71.06104
4104235000.000001,-70.62334
4104235937.500001,-71.22997
4104236875.000001,-71.05637
4104237812.500001,-70.94946
4104238750.000001,-70.48441
4104239687.500001,-71.04391
4104240625.000001,-71.38471
4104241562.500001,-70.48534
4104242500.000001,-70.28151
4104243437.500001,-71.19357
4104244375.000001,-70.9268
4104245312.500001,-70.14662
4104246250.000001,-70.85802
4104247187.500001,-70.70971
4104248125.000001,-70.75529
4104249062.500001,-70.94306
4104250000.000001,-70.94502
4104250937.500001,-70.76088
4104251875.000001,-71.16178
4104252812.500001,-70.85461
4104253750.000001,-71.01535
4104254687.500001,-71.1901
4104255625.000001,-71.01063
4104256562.500001,-71.74262
4104257500.000001,-70.76663
4104258437.500001,-70.39182
4104259375.000001,-71.21183
4104260312.500001,-70.92732
4104261250.000001,-70.91823
4104262187.500001,-70.91724
4104263125.000001,-71.74104
4104264062.500001,-71.35551
4104265000.000001,-70.4851
4104265937.500001,-70.96159
4104266875.000001,-70.55402
4104267812.500001,-70.88929
4104268750.000001,-71.01781
4104269687.500001,-71.08233
4104270625.000001,-70.96316
4104271562.500001,-71.52247
4104272500.000001,-70.60303
4104273437.500001,-70.57702
4104274375.000001,-71.00066
4104275312.500001,-70.59656
4104276250.000001,-71.03511
4104277187.500001,-71.17303
4104278125.000001,-70.27449
4104279062.500001,-70.25803
4104280000.000001,-70.94189
4104280937.500001,-70.91166
4104281875.000001,-71.00381
4104282812.500001,-70.54176
4104283750.000001,-70.70321
4104284687.500001,-70.98338
4104285625.000001,-70.80933
4104286562.500001,-71.07829
4104287500.000001,-71.15773
4104288437.500001,-70.30803
4104289375.000001,-71.2145
4104290312.500001,-70.87082
4104291250.000001,-70.60701
4104292187.500001,-70.6859
4104293125.000001,-70.83005
4104294062.500001,-70.57221
4104295000.000001,-70.77451
4104295937.500001,-70.51653
4104296875.000001,-70.55234
4104297812.500001,-71.06737
4104298750.000001,-71.2723
4104299687.500001,-70.96875
4104300625.000001,-70.59787
4104301562.500001,-71.57542
4104302500.000001,-70.81879
4104303437.500001,-70.29689
4104304375.000001,-70.76117
4104305312.500001,-71.08408
4104306250.000001,-70.46095
4104307187.500001,-70.59743
4104308125.000001,-71.3214
4104309062.500001,-71.53931
4104310000.000001,-70.4794
4104310937.500001,-71.21056
4104311875.000001,-70.87566
4104312812.500001,-70.38422
4104313750.000001,-70.95956
4104314687.500001,-70.47984
4104315625.000001,-70.85867
4104316562.500001,-70.38714
4104317500.000001,-70.99802
4104318437.500001,-70.90099
4104319375.000001,-71.34886
4104320312.500001,-70.1245
4104321250.000001,-70.66903
4104322187.500001,-71.14892
4104323125.000001,-71.42329
4104324062.500001,-71.07366
4104325000.000001,-70.9864
4104325937.500001,-70.47731
4104326875.000001,-70.75302
4104327812.500001,-71.4048
4104328750.000001,-71.23795
4104329687.500001,-70.89361
4104330625.000001,-71.01645
4104331562.500001,-70.43125
4104332500.000001,-70.97863
4104333437.500001,-71.3988
4104334375.000001,-70.30086
4104335312.500001,-70.31729
4104336250.000001,-70.62064
4104337187.500001,-70.93636
4104338125.000001,-71.0788
4104339062.500001,-71.88
4104340000.000001,-70.73665
4104340937.500001,-70.70286
4104341875.000001,-70.8072
4104342812.500001,-70.30978
4104343750.000001,-71.06751
4104344687.500001,-70.98875
4104345625.000001,-70.76528
4104346562.500001,-70.81912
4104347500.000001,-70.78493
4104348437.500001,-70.97745
4104349375.000001,-70.82607
4104350312.500001,-71.13353
4104351250.000001,-70.77168
4104352187.500001,-70.77333
4104353125.000001,-70.33279
4104354062.500001,-70.2762
4104355000.000001,-70.76431
4104355937.500001,-70.82478
4104356875.000001,-70.84061
4104357812.500001,-70.91158
4104358750.000001,-70.89984
4104359687.500001,-71.07078
4104360625.000001,-70.91116
4104361562.500001,-70.50297
4104362500.000001,-71.09032
4104363437.500001,-70.6678
4104364375.000001,-70.91723
4104365312.500001,-70.58163
4104366250.000001,-70.77264
4104367187.500001,-70.53935
4104368125.000001,-71.19064
4104369062.500001,-71.11922
4104370000.000001,-70.64841
4104370937.500001,-71.49771
4104371875.000001,-70.54675
4104372812.500001,-70.82395
4104373750.000001,-70.50488
4104374687.500001,-71.04692
4104375625.000001,-70.98519
4104376562.500001,-70.87561
4104377500.000001,-70.81818
4104378437.500001,-70.91676
4104379375.000001,-70.93712
4104380312.500001,-71.09509
4104381250.000001,-71.27502
4104382187.500001,-71.06744
4104383125.000001,-70.78958
4104384062.500001,-71.25566
4104385000.000001,-70.59935
4104385937.500001,-71.34317
4104386875.000001,-71.04235
4104387812.500001,-70.62497
4104388750.000001,-70.83128
4104389687.500001,-71.03997
4104390625.000001,-70.25539
4104391562.500001,-70.92645
4104392500.000001,-71.22296
4104393437.500001,-71.02363
4104394375.000001,-70.98837
4104395312.500001,-70.82849
4104396250.000001,-70.58148
4104397187.500001,-70.75679
4104398125.000001,-71.4302
4104399062.500001,-70.95093
4104400000.000001,-70.77056
4104400937.500001,-70.97054
4104401875.000001,-70.81603
4104402812.500001,-70.53127
4104403750.000001,-70.7035
4104404687.500001,-71.02795
4104405625.000001,-70.43256
4104406562.500001,-70.8047
4104407500.000001,-70.52125
4104408437.500001,-70.8913
4104409375.000001,-70.81074
4104410312.500001,-70.61392
4104411250.000001,-71.12271
4104412187.500001,-70.35609
4104413125.000001,-70.64577
4104414062.500001,-70.61051
4104415000.000001,-70.39454
4104415937.500001,-70.68589
4104416875.000001,-71.27853
4104417812.500001,-70.44838
4104418750.000001,-70.46558
4104419687.500001,-71.3186
4104420625.000001,-70.49225
4104421562.500001,-70.53265
4104422500.000001,-71.25621
4104423437.500001,-71.00706
4104424375.000001,-71.02532
4104425312.500001,-70.92779
4104426250.000001,-70.62515
4104427187.500001,-70.54622
4104428125.000001,-71.75172
4104429062.500001,-70.57806
4104430000.000001,-70.74891
4104430937.500001,-70.8961
4104431875.000001,-70.92182
4104432812.500001,-70.02797
4104433750.000001,-70.76025
4104434687.500001,-70.25377
4104435625.000001,-70.82991
4104436562.500001,-70.81785
4104437500.000001,-70.838
4104438437.500001,-71.13537
4104439375.000001,-70.68339
4104440312.500001,-70.82182
4104441250.000001,-71.13123
4104442187.500001,-70.71702
4104443125.000001,-71.15488
4104444062.500001,-70.92146
4104445000.000001,-70.42973
4104445937.500001,-71.27067
4104446875.000001,-70.79167
4104447812.500001,-70.95181
4104448750.000001,-70.60641
4104449687.500001,-70.2922
4104450625.000001,-71.27282
4104451562.500001,-71.00723
4104452500.000001,-71.14485
4104453437.500001,-71.07372
4104454375.000001,-70.77533
4104455312.500001,-70.98104
4104456250.000001,-70.95694
4104457187.500001,-70.64072
4104458125.000001,-70.42728
4104459062.500001,-70.22498
4104460000.000001,-71.2597
4104460937.500001,-71.2038
4104461875.000001,-70.22127
4104462812.500001,-70.34911
4104463750.000001,-71.09439
4104464687.500001,-70.62589
4104465625.000001,-70.59946
4104466562.500001,-71.03895
4104467500.000001,-70.75847
4104468437.500001,-71.15177
4104469375.000001,-70.75685
4104470312.500001,-70.92562
4104471250.000001,-70.93813
4104472187.500001,-70.37988
4104473125.000001,-70.81166
4104474062.500001,-70.90404
4104475000.000001,-69.85334
4104475937.500001,-71.40665
4104476875.000001,-71.14388
4104477812.500001,-70.85631
4104478750.000001,-70.63531
4104479687.500001,-70.6905
4104480625.000001,-70.70158
4104481562.500001,-71.00661
4104482500.000001,-70.77685
4104483437.500001,-70.90205
4104484375.000001,-70.79652
4104485312.500001,-70.33829
4104486250.000001,-70.4425
4104487187.500001,-70.52508
4104488125.000001,-70.57979
4104489062.500001,-70.87995
4104490000.000001,-70.28184
4104490937.500001,-70.63794
4104491875.000001,-70.63493
4104492812.500001,-71.63997
4104493750.000001,-71.31907
4104494687.500001,-70.84629
4104495625.000001,-70.70895
4104496562.500001,-70.73131
4104497500.000001,-71.02742
4104498437.500001,-70.22832
4104499375.000001,-71.12685
4104500312.500001,-70.79166
4104501250.000001,-71.03481
4104502187.500001,-70.9489
4104503125.000001,-70.49243
4104504062.500001,-71.32704
4104505000.000001,-70.72058
4104505937.500001,-70.8849
4104506875.000001,-70.2121
4104507812.500001,-70.78374
4104508750.000001,-70.78913
4104509687.500001,-70.6685
4104510625.000001,-70.51798
4104511562.500001,-70.59972
4104512500.000001,-70.67229
4104513437.500001,-71.19278
4104514375.000001,-70.35088
4104515312.500001,-70.5713
4104516250.000001,-70.15616
4104517187.500001,-71.312
4104518125.000001,-71.0974
4104519062.500001,-70.49406
4104520000.000001,-71.02005
4104520937.500001,-71.17755
4104521875.000001,-70.6694
4104522812.500001,-70.59618
4104523750.000001,-70.3419
4104524687.500001,-71.0853
4104525625.000001,-70.38287
4104526562.500001,-70.54517
4104527500.000001,-71.25539
4104528437.500001,-70.46107
4104529375.000001,-70.5739
4104530312.500001,-71.28818
4104531250.000001,-71.04467
4104532187.500001,-70.41809
4104533125.000001,-70.83755
4104534062.500001,-70.87807
4104535000.000001,-70.18131
4104535937.500001,-71.031
4104536875.000001,-71.17161
4104537812.500001,-70.38011
4104538750.000001,-70.83456
4104539687.500001,-71.10334
4104540625.000001,-70.47982
4104541562.500001,-71.22507
4104542500.000001,-70.5847
4104543437.500001,-71.06084
4104544375.000001,-71.08339
4104545312.500001,-70.20623
4104546250.000001,-70.75596
4104547187.500001,-71.25683
4104548125.000001,-71.69189
4104549062.500001,-71.63036
4104550000.000001,-70.39858
4104550937.500001,-70.7662
4104551875.000001,-71.21766
4104552812.500001,-71.47892
4104553750.000001,-70.10727
4104554687.500001,-70.68177
4104555625.000001,-70.88464
4104556562.500001,-70.64178
4104557500.000001,-70.95409
4104558437.500001,-71.52994
4104559375.000001,-70.64394
4104560312.500001,-70.47414
4104561250.000001,-70.26976
4104562187.500001,-70.37642
4104563125.000001,-70.80705
4104564062.500001,-70.88156
4104565000.000001,-70.0226
4104565937.500001,-70.83803
4104566875.000001,-70.59806
4104567812.500001,-70.48863
4104568750.000001,-70.65385
4104569687.500001,-70.96935
4104570625.000001,-70.20914
4104571562.500001,-70.92635
4104572500.000001,-70.50298
4104573437.500001,-71.24794
4104574375.000001,-70.86003
4104575312.500001,-70.38863
4104576250.000001,-70.35827
4104577187.500001,-70.29209
4104578125.000001,-70.68156
4104579062.500001,-70.13624
4104580000.000001,-70.46342
4104580937.500001,-70.64587
4104581875.000001,-70.72898
4104582812.500001,-69.93667
4104583750.000001,-70.94944
4104584687.500001,-70.70018
4104585625.000001,-70.99596
4104586562.500001,-70.22702
4104587500.000001,-70.91556
4104588437.500001,-70.88384
4104589375.000001,-70.62971
4104590312.500001,-70.3513
4104591250.000001,-70.64722
4104592187.500001,-70.20673
4104593125.000001,-70.23083
4104594062.500001,-70.81418
4104595000.000001,-70.47143
4104595937.500001,-70.05937
4104596875.000001,-70.40845
4104597812.500001,-71.68441
4104598750.000001,-70.7828
4104599687.500001,-70.39265
4104600625.000001,-71.39308
4104601562.500001,-70.87224
4104602500.000001,-71.00298
4104603437.500001,-71.15028
4104604375.000001,-70.51503
4104605312.500001,-71.1985
4104606250.000001,-70.72258
4104607187.500001,-71.11678
4104608125.000001,-70.19598
4104609062.500001,-70.30075
4104610000.000001,-71.00616
4104610937.500001,-70.54318
4104611875.000001,-70.40887
4104612812.500001,-71.21716
4104613750.000001,-70.4997
4104614687.500001,-70.564
4104615625.000001,-70.19202
4104616562.500001,-70.81099
4104617500.000001,-70.90997
4104618437.500001,-70.23029
4104619375.000001,-71.33337
4104620312.500001,-70.49007
4104621250.000001,-71.01383
4104622187.500001,-70.57223
4104623125.000001,-70.64584
4104624062.500001,-71.28661
4104625000.000001,-70.58695
4104625937.500001,-70.63578
4104626875.000001,-70.89354
4104627812.500001,-71.14147
4104628750.000001,-70.58913
4104629687.500001,-70.85426
4104630625.000001,-70.35971
4104631562.500001,-70.71779
4104632500.000001,-71.07462
4104633437.500001,-70.72597
4104634375.000001,-70.61613
4104635312.500001,-70.59492
4104636250.000001,-70.27866
4104637187.500001,-70.8307
4104638125.000001,-70.85914
4104639062.500001,-71.22235
4104640000.000001,-70.2573
4104640937.500001,-70.66552
4104641875.000001,-70.74635
4104642812.500001,-70.44008
4104643750.000001,-70.484
4104644687.500001,-70.65475
4104645625.000001,-70.76772
4104646562.500001,-71.02097
4104647500.000001,-70.8632
4104648437.500001,-70.94684
4104649375.000001,-70.54554
4104650312.500001,-70.41995
4104651250.000001,-71.40321
4104652187.500001,-70.70467
4104653125.000001,-70.58797
4104654062.500001,-70.7279
4104655000.000001,-70.952
4104655937.500001,-70.80882
4104656875.000001,-71.08098
4104657812.500001,-70.44609
4104658750.000001,-70.66
4104659687.500001,-70.81711
4104660625.000001,-70.93623
4104661562.500001,-71.02434
4104662500.000001,-70.98692
4104663437.500001,-70.8139
4104664375.000001,-70.5976
4104665312.500001,-71.05879
4104666250.000001,-70.33139
4104667187.500001,-70.53968
4104668125.000001,-71.00925
4104669062.500001,-70.92442
4104670000.000001,-70.37068
4104670937.500001,-70.74742
4104671875.000001,-70.56952
4104672812.500001,-70.98708
4104673750.000001,-70.77325
4104674687.500001,-70.06797
4104675625.000001,-70.38496
4104676562.500001,-71.36023
4104677500.000001,-70.67027
4104678437.500001,-70.65171
4104679375.000001,-70.47344
4104680312.500001,-71.35857
4104681250.000001,-70.90932
4104682187.500001,-71.026
4104683125.000001,-70.62686
4104684062.500001,-70.61762
4104685000.000001,-70.55894
4104685937.500001,-70.28015
4104686875.000001,-70.32362
4104687812.500001,-70.51988
4104688750.000001,-70.79713
4104689687.500001,-70.18849
4104690625.000001,-70.1443
4104691562.500001,-70.68413
4104692500.000001,-70.65339
4104693437.500001,-70.59634
4104694375.000001,-70.44021
4104695312.500001,-70.76929
4104696250.000001,-70.53584
4104697187.500001,-70.65921
4104698125.000001,-71.58053
4104699062.500001,-70.51617
4104700000.000001,-70.31009
4104700937.500001,-70.32308
4104701875.000001,-70.68375
4104702812.500001,-70.8088
4104703750.000001,-69.89339
4104704687.500001,-70.82951
4104705625.000001,-70.86067
4104706562.500001,-70.57896
4104707500.000001,-71.15329
4104708437.500001,-70.79766
4104709375.000001,-70.72528
4104710312.500001,-70.50362
4104711250.000001,-70.53571
4104712187.500001,-71.19758
4104713125.000001,-70.47342
4104714062.500001,-71.12255
4104715000.000001,-70.22408
4104715937.500001,-70.47858
4104716875.000001,-71.21595
4104717812.500001,-70.72054
4104718750.000001,-70.40508
4104719687.500001,-71.1797
4104720625.000001,-70.39193
4104721562.500001,-70.82927
4104722500.000001,-69.93595
4104723437.500001,-70.53021
4104724375.000001,-70.16228
4104725312.500001,-70.80782
4104726250.000001,-70.32262
4104727187.500001,-70.99275
4104728125.000001,-70.84143
4104729062.500001,-69.57435
4104730000.000001,-70.94174
4104730937.500001,-70.63637
4104731875.000001,-70.88274
4104732812.500001,-70.8777
4104733750.000001,-70.39437
4104734687.500001,-70.29008
4104735625.000001,-70.55048
4104736562.500001,-70.2056
4104737500.000001,-71.42251
4104738437.500001,-71.21275
4104739375.000001,-70.43006
4104740312.500001,-70.61195
4104741250.000001,-70.88094
4104742187.500001,-71.46595
4104743125.000001,-70.75723
4104744062.500001,-70.87607
4104745000.000001,-70.3041
4104745937.500001,-70.63712
4104746875.000001,-70.72005
4104747812.500001,-70.62469
4104748750.000001,-70.82959
4104749687.500001,-70.87849
4104750625.000001,-71.13232
4104751562.500001,-70.50191
4104752500.000001,-70.49143
4104753437.500001,-70.81021
4104754375.000001,-70.64581
4104755312.500001,-71.05156
4104756250.000001,-71.23559
4104757187.500001,-70.38952
4104758125.000001,-70.248
4104759062.500001,-70.81767
4104760000.000001,-70.47607
4104760937.500001,-70.40603
4104761875.000001,-70.68358
4104762812.500001,-71.18077
4104763750.000001,-70.77248
4104764687.500001,-70.74929
4104765625.000001,-70.99805
4104766562.500001,-71.07738
4104767500.000001,-70.45632
4104768437.500001,-71.0038
4104769375.000001,-70.7512
4104770312.500001,-71.20022
4104771250.000001,-70.13962
4104772187.500001,-70.78336
4104773125.000001,-70.51228
4104774062.500001,-70.6001
4104775000.000001,-70.49146
4104775937.500001,-70.66613
4104776875.000001,-71.09119
4104777812.500001,-70.33498
4104778750.000001,-70.55289
4104779687.500001,-70.62096
4104780625.000001,-70.46802
4104781562.500001,-70.90806
4104782500.000001,-70.50347
4104783437.500001,-70.55855
4104784375.000001,-70.8357
4104785312.500001,-70.57997
4104786250.000001,-70.22108
4104787187.500001,-70.69717
4104788125.000001,-71.66067
4104789062.500001,-70.81465
4104790000.000001,-70.95816
4104790937.500001,-70.758
4104791875.000001,-70.66438
4104792812.500001,-70.27476
4104793750.000001,-70.49232
4104794687.500001,-70.86002
4104795625.000001,-70.93771
4104796562.500001,-70.86404
4104797500.000001,-70.84227
4104798437.500001,-70.80098
4104799375.000001,-70.42088
4104800312.500001,-70.41536
4104801250.000001,-70.39748
4104802187.500001,-71.30696
4104803125.000001,-70.26389
4104804062.500001,-70.90128
4104805000.000001,-70.88954
4104805937.500001,-70.63387
4104806875.000001,-70.78654
4104807812.500001,-70.03632
4104808750.000001,-70.53642
4104809687.500001,-70.96426
4104810625.000001,-70.59783
4104811562.500001,-70.84357
4104812500.000001,-69.71928
4104813437.500001,-70.02982
4104814375.000001,-70.78852
4104815312.500001,-70.51122
4104816250.000001,-70.85071
4104817187.500001,-70.90757
4104818125.000001,-70.64407
4104819062.500001,-70.68022
4104820000.000001,-70.69334
4104820937.500001,-70.66251
4104821875.000001,-70.97739
4104822812.500001,-70.47914
4104823750.000001,-70.31718
4104824687.500001,-70.30701
4104825625.000001,-70.81133
4104826562.500001,-70.9949
4104827500.000001,-70.65916
4104828437.500001,-70.17783
4104829375.000001,-70.93156
4104830312.500001,-70.43839
4104831250.000001,-70.30856
4104832187.500001,-70.43346
4104833125.000001,-70.35275
4104834062.500001,-70.43218
4104835000.000001,-70.42046
4104835937.500001,-70.53304
4104836875.000001,-70.53602
4104837812.500001,-70.59067
4104838750.000001,-70.79108
4104839687.500001,-70.46897
4104840625.000001,-71.16364
4104841562.500001,-70.91299
4104842500.000001,-70.02837
4104843437.500001,-70.6039
4104844375.000001,-70.62687
4104845312.500001,-70.52521
4104846250.000001,-70.33078
4104847187.500001,-70.19209
4104848125.000001,-70.67865
4104849062.500001,-70.63695
4104850000.000001,-70.39278
4104850937.500001,-70.98283
4104851875.000001,-70.75153
4104852812.500001,-70.73858
4104853750.000001,-71.36275
4104854687.500001,-70.46837
4104855625.000001,-70.6563
4104856562.500001,-70.589
4104857500.000001,-70.20791
4104858437.500001,-71.10139
4104859375.000001,-70.13515
4104860312.500001,-70.21326
4104861250.000001,-70.48058
4104862187.500001,-70.43745
4104863125.000001,-70.27357
4104864062.500001,-69.92094
4104865000.000001,-70.4061
4104865937.500001,-70.85184
4104866875.000001,-70.46426
4104867812.500001,-70.37973
4104868750.000001,-71.19578
4104869687.500001,-70.99166
4104870625.000001,-71.37371
4104871562.500001,-70.8375
4104872500.000001,-70.23451
4104873437.500001,-71.25844
4104874375.000001,-70.36493
4104875312.500001,-70.45425
4104876250.000001,-70.58038
4104877187.500001,-70.28032
4104878125.000001,-70.56268
4104879062.500001,-70.44869
4104880000.000001,-70.60641
4104880937.500001,-70.33231
4104881875.000001,-70.68372
4104882812.500001,-70.91406
4104883750.000001,-70.18197
4104884687.500001,-70.79963
4104885625.000001,-70.47285
4104886562.500001,-70.55595
4104887500.000001,-70.5862
4104888437.500001,-70.69967
4104889375.000001,-70.54583
4104890312.500001,-70.89729
4104891250.000001,-70.40383
4104892187.500001,-71.19616
4104893125.000001,-70.60663
4104894062.500001,-70.61079
4104895000.000001,-70.48662
4104895937.500001,-70.52776
4104896875.000001,-70.44471
4104897812.500001,-70.7009
4104898750.000001,-70.29969
4104899687.500001,-69.94583
4104900625.000001,-70.76192
4104901562.500001,-70.9452
4104902500.000001,-70.54642
4104903437.500001,-70.37868
4104904375.000001,-70.057
4104905312.500001,-70.22176
4104906250.000001,-70.94787
4104907187.500001,-70.05176
4104908125.000001,-70.64687
4104909062.500001,-69.88169
4104910000.000001,-70.7261
4104910937.500001,-70.64128
4104911875.000001,-70.28823
4104912812.500001,-70.6008
4104913750.000001,-70.54612
4104914687.500001,-71.12463
4104915625.000001,-70.31151
4104916562.500001,-70.58109
4104917500.000001,-70.33423
4104918437.500001,-70.7047
4104919375.000001,-70.4229
4104920312.500001,-70.61452
4104921250.000001,-70.14246
4104922187.500001,-70.52829
4104923125.000001,-71.03704
4104924062.500001,-69.79894
4104925000.000001,-70.62672
4104925937.500001,-70.82471
4104926875.000001,-70.67284
4104927812.500001,-70.37843
4104928750.000001,-70.37482
4104929687.500001,-70.66069
4104930625.000001,-70.75452
4104931562.500001,-70.60046
4104932500.000001,-70.5334
4104933437.500001,-70.35533
4104934375.000001,-70.47397
4104935312.500001,-70.22897
4104936250.000001,-70.33113
4104937187.500001,-70.35289
4104938125.000001,-70.62958
4104939062.500001,-70.91112
4104940000.000001,-70.65176
4104940937.500001,-70.3047
4104941875.000001,-70.91335
4104942812.500001,-70.02071
4104943750.000001,-70.80913
4104944687.500001,-70.703
4104945625.000001,-70.58652
4104946562.500001,-70.2804
4104947500.000001,-70.672
4104948437.500001,-71.06239
4104949375.000001,-70.62493
4104950312.500001,-70.72459
4104951250.000001,-70.64119
4104952187.500001,-71.09249
4104953125.000001,-70.24992
4104954062.500001,-70.24042
4104955000.000001,-70.48167
4104955937.500001,-70.91013
4104956875.000001,-70.67864
4104957812.500001,-70.37152
4104958750.000001,-70.56344
4104959687.500001,-70.21701
4104960625.000001,-70.98421
4104961562.500001,-69.98453
4104962500.000001,-70.39806
4104963437.500001,-70.6869
4104964375.000001,-70.70087
4104965312.500001,-70.28534
4104966250.000001,-70.35542
4104967187.500001,-70.38263
4104968125.000001,-70.55245
4104969062.500001,-69.96709
4104970000.000001,-69.80536
4104970937.500001,-70.48953
4104971875.000001,-70.72862
4104972812.500001,-69.95316
4104973750.000001,-70.56477
4104974687.500001,-70.4445
4104975625.000001,-70.94595
4104976562.500001,-70.07647
4104977500.000001,-70.63168
4104978437.500001,-70.50801
4104979375.000001,-70.40136
4104980312.500001,-70.26479
4104981250.000001,-70.28804
4104982187.500001,-69.82462
4104983125.000001,-70.36842
4104984062.500001,-70.48302
4104985000.000001,-70.8092
4104985937.500001,-70.42864
4104986875.000001,-70.44306
4104987812.500001,-70.81082
4104988750.000001,-70.88249
4104989687.500001,-70.67193
4104990625.000001,-70.4678
4104991562.500001,-71.10271
4104992500.000001,-70.14683
4104993437.500001,-70.81993
4104994375.000001,-70.95168
4104995312.500001,-71.01997
4104996250.000001,-70.71834
4104997187.500001,-70.29621
4104998125.000001,-70.34778
4104999062.500001,-70.79552
4105000000.000001,-70.14801
4105000937.500001,-70.59799
4105001875.000001,-71.15558
4105002812.500001,-70.51575
4105003750.000001,-69.96224
4105004687.500001,-70.22958
4105005625.000001,-70.37148
4105006562.500001,-70.66159
4105007500.000001,-71.25476
4105008437.500001,-70.72671
4105009375.000001,-70.78407
4105010312.500001,-70.22948
4105011250.000001,-70.73352
4105012187.500001,-70.28007
4105013125.000001,-70.43264
4105014062.500001,-70.50108
4105015000.000001,-70.38347
4105015937.500001,-70.22755
4105016875.000001,-70.78434
4105017812.500001,-70.30822
4105018750.000001,-70.50298
4105019687.500001,-70.26038
4105020625.000001,-69.95869
4105021562.500001,-70.22106
4105022500.000001,-70.11765
4105023437.500001,-70.79147
4105024375.000001,-70.91634
4105025312.500001,-70.65062
4105026250.000001,-70.25887
4105027187.500001,-70.53864
4105028125.000001,-70.56801
4105029062.500001,-70.41505
4105030000.000001,-70.51082
4105030937.500001,-70.53075
4105031875.000001,-70.72134
4105032812.500001,-70.1818
4105033750.000001,-70.46704
4105034687.500001,-70.41082
4105035625.000001,-70.63987
4105036562.500001,-70.76251
4105037500.000001,-70.03033
4105038437.500001,-70.15327
4105039375.000001,-70.64523
4105040312.500001,-70.5326
4105041250.000001,-71.10888
4105042187.500001,-70.54986
4105043125.000001,-70.65721
4105044062.500001,-70.71861
4105045000.000001,-70.40884
4105045937.500001,-70.45904
4105046875.000001,-71.12794
4105047812.500001,-70.38258
4105048750.000001,-70.69485
4105049687.500001,-70.16285
4105050625.000001,-70.69923
4105051562.500001,-70.20306
4105052500.000001,-70.3448
4105053437.500001,-70.30824
4105054375.000001,-70.23103
4105055312.500001,-70.76151
4105056250.000001,-70.3678
4105057187.500001,-70.11964
4105058125.000001,-70.79537
4105059062.500001,-70.27136
4105060000.000001,-70.5919
4105060937.500001,-70.96019
4105061875.000001,-70.32144
4105062812.500001,-70.01682
4105063750.000001,-70.57456
4105064687.500001,-70.66602
4105065625.000001,-70.35025
4105066562.500001,-70.42077
4105067500.000001,-70.42368
4105068437.500001,-70.19196
4105069375.000001,-70.66929
4105070312.500001,-70.81735
4105071250.000001,-69.94318
4105072187.500001,-70.16225
4105073125.000001,-70.10993
4105074062.500001,-70.74606
4105075000.000001,-70.25452
4105075937.500001,-70.41268
4105076875.000001,-70.36761
4105077812.500001,-70.52307
4105078750.000001,-70.80136
4105079687.500001,-70.39166
4105080625.000001,-70.37254
4105081562.500001,-70.96408
4105082500.000001,-70.40826
4105083437.500001,-70.38332
4105084375.000001,-70.36421
4105085312.500001,-70.8782
4105086250.000001,-70.53976
4105087187.500001,-70.67184
4105088125.000001,-70.22301
4105089062.500001,-70.42704
4105090000.000001,-70.78724
4105090937.500001,-71.09052
4105091875.000001,-71.42831
4105092812.500001,-70.49008
4105093750.000001,-70.759
4105094687.500001,-70.83224
4105095625.000001,-70.69607
4105096562.500001,-70.35434
4105097500.000001,-70.61002
4105098437.500001,-70.45641
4105099375.000001,-70.32736
4105100312.500001,-70.71609
4105101250.000001,-69.99587
4105102187.500001,-70.4502
4105103125.000001,-70.46648
4105104062.500001,-71.3361
4105105000.000001,-70.87037
4105105937.500001,-70.68856
4105106875.000001,-70.23166
4105107812.500001,-70.63489
4105108750.000001,-70.42535
4105109687.500001,-70.27824
4105110625.000001,-70.9594
4105111562.500001,-70.56033
4105112500.000001,-70.25151
4105113437.500001,-70.60448
4105114375.000001,-70.5608
4105115312.500001,-70.7958
4105116250.000001,-70.53614
4105117187.500001,-70.97778
4105118125.000001,-71.21903
4105119062.500001,-70.59808
4105120000.000001,-70.70494
4105120937.500001,-70.17983
4105121875.000001,-70.98996
4105122812.500001,-70.41588
4105123750.000001,-70.18916
4105124687.500001,-70.67342
4105125625.000001,-70.36848
4105126562.500001,-70.43489
4105127500.000001,-70.34405
4105128437.500001,-70.47968
4105129375.000001,-69.80947
4105130312.500001,-70.42709
4105131250.000001,-70.56993
4105132187.500001,-70.48463
4105133125.000001,-71.19418
4105134062.500001,-70.72285
4105135000.000001,-69.97216
4105135937.500001,-70.78401
4105136875.000001,-70.46001
4105137812.500001,-70.58743
4105138750.000001,-70.66031
4105139687.500001,-70.39155
4105140625.000001,-70.28693
4105141562.500001,-70.36163
4105142500.000001,-69.83659
4105143437.500001,-70.16091
4105144375.000001,-70.16412
4105145312.500001,-70.61813
4105146250.000001,-70.59244
4105147187.500001,-70.1798
4105148125.000001,-70.50478
4105149062.500001,-70.21882
4105150000.000001,-70.17797
4105150937.500001,-70.32349
4105151875.000001,-70.49765
4105152812.500001,-70.32484
4105153750.000001,-70.18315
4105154687.500001,-70.68682
4105155625.000001,-70.68446
4105156562.500001,-70.58607
4105157500.000001,-70.47131
4105158437.500001,-69.96918
4105159375.000001,-70.24477
4105160312.500001,-70.73078
4105161250.000001,-70.25359
4105162187.500001,-69.7765
4105163125.000001,-70.39567
4105164062.500001,-70.52748
4105165000.000001,-70.04067
4105165937.500001,-70.62339
4105166875.000001,-70.51857
4105167812.500001,-70.28207
4105168750.000001,-70.1113
4105169687.500001,-70.44662
4105170625.000001,-70.48558
4105171562.500001,-70.83286
4105172500.000001,-70.21942
4105173437.500001,-70.3098
4105174375.000001,-70.02465
4105175312.500001,-70.87305
4105176250.000001,-69.87206
4105177187.500001,-70.39852
4105178125.000001,-70.2338
4105179062.500001,-70.10693
4105180000.000001,-70.0988
4105180937.500001,-70.70838
4105181875.000001,-70.82414
4105182812.500001,-70.25184
4105183750.000001,-70.04623
4105184687.500001,-70.23203
4105185625.000001,-70.62469
4105186562.500001,-70.57659
4105187500.000001,-70.16073
4105188437.500001,-70.8598
4105189375.000001,-70.27187
4105190312.500001,-70.14103
4105191250.000001,-70.3967
4105192187.500001,-70.78915
4105193125.000001,-70.94335
4105194062.500001,-70.2479
4105195000.000001,-70.32849
4105195937.500001,-70.62685
4105196875.000001,-70.92415
4105197812.500001,-69.85191
4105198750.000001,-70.20284
4105199687.500001,-69.98
4105200625.000001,-70.7028
4105201562.500001,-70.28322
4105202500.000001,-70.42243
4105203437.500001,-70.63749
4105204375.000001,-70.32294
4105205312.500001,-70.38982
4105206250.000001,-70.28829
4105207187.500001,-70.58694
4105208125.000001,-70.71091
4105209062.500001,-71.04173
4105210000.000001,-70.10467
4105210937.500001,-70.34152
4105211875.000001,-69.92102
4105212812.500001,-70.20616
4105213750.000001,-70.47583
4105214687.500001,-70.27969
4105215625.000001,-70.70002
4105216562.500001,-70.25719
4105217500.000001,-70.60708
4105218437.500001,-70.47433
4105219375.000001,-70.75629
4105220312.500001,-70.4548
4105221250.000001,-70.22183
4105222187.500001,-69.88544
4105223125.000001,-70.35675
4105224062.500001,-70.04717
4105225000.000001,-70.24072
4105225937.500001,-70.41422
4105226875.000001,-70.11916
4105227812.500001,-70.09224
4105228750.000001,-70.14117
4105229687.500001,-70.26169
4105230625.000001,-70.55558
4105231562.500001,-69.48159
4105232500.000001,-70.27403
4105233437.500001,-70.00449
4105234375.000001,-70.66684
4105235312.500001,-70.93769
4105236250.000001,-70.44792
4105237187.500001,-70.23615
4105238125.000001,-70.20203
4105239062.500001,-70.61967
4105240000.000001,-70.326
4105240937.500001,-70.6692
4105241875.000001,-70.52077
4105242812.500001,-70.37495
4105243750.000001,-70.20518
4105244687.500001,-70.16609
4105245625.000001,-70.28419
4105246562.500001,-70.6377
4105247500.000001,-70.87566
4105248437.500001,-69.96352
4105249375.000001,-70.80934
4105250312.500001,-70.50945
4105251250.000001,-70.24095
4105252187.500001,-70.74074
4105253125.000001,-70.35236
4105254062.500001,-69.6759
4105255000.000001,-70.61355
4105255937.500001,-70.87856
4105256875.000001,-70.451
4105257812.500001,-70.26251
4105258750.000001,-70.54175
4105259687.500001,-69.91319
4105260625.000001,-70.53416
4105261562.500001,-70.49386
4105262500.000001,-70.04919
4105263437.500001,-70.41693
4105264375.000001,-70.82513
4105265312.500001,-70.15115
4105266250.000001,-70.34016
4105267187.500001,-69.98722
4105268125.000001,-70.70051
4105269062.500001,-70.31969
4105270000.000001,-70.63136
4105270937.500001,-70.2084
4105271875.000001,-71.17002
4105272812.500001,-70.75058
4105273750.000001,-70.24229
4105274687.500001,-70.56597
4105275625.000001,-70.85542
4105276562.500001,-70.36156
4105277500.000001,-70.12166
4105278437.500001,-70.72358
4105279375.000001,-70.53683
4105280312.500001,-70.31096
4105281250.000001,-70.63804
4105282187.500001,-70.71196
4105283125.000001,-70.62261
4105284062.500001,-70.56866
4105285000.000001,-70.20015
4105285937.500001,-70.98774
4105286875.000001,-70.79158
4105287812.500001,-70.09143
4105288750.000001,-70.43863
4105289687.500001,-70.02821
4105290625.000001,-70.60178
4105291562.500001,-69.96959
4105292500.000001,-70.46182
4105293437.500001,-70.8222
4105294375.000001,-70.28755
4105295312.500001,-70.62359
4105296250.000001,-70.04578
4105297187.500001,-70.20856
4105298125.000001,-70.36598
4105299062.500001,-70.21179
4105300000.000001,-70.28102
4105300937.500001,-70.92645
4105301875.000001,-70.31164
4105302812.500001,-70.10693
4105303750.000001,-70.63514
4105304687.500001,-69.84365
4105305625.000001,-70.51958
4105306562.500001,-69.90824
4105307500.000001,-70.76047
4105308437.500001,-70.0707
4105309375.000001,-70.23678
4105310312.500001,-70.48855
4105311250.000001,-70.22477
4105312187.500001,-70.31794
4105313125.000001,-70.16952
4105314062.500001,-70.88838
4105315000.000001,-70.01824
4105315937.500001,-70.1305
4105316875.000001,-70.77347
4105317812.500001,-70.70828
4105318750.000001,-69.99554
4105319687.500001,-70.89063
4105320625.000001,-69.39569
4105321562.500001,-70.21435
4105322500.000001,-70.55279
4105323437.500001,-70.25294
4105324375.000001,-70.1758
4105325312.500001,-70.55669
4105326250.000001,-70.689
4105327187.500001,-70.45338
4105328125.000001,-70.97201
4105329062.500001,-70.63691
4105330000.000001,-70.33794
4105330937.500001,-69.90173
4105331875.000001,-70.53316
4105332812.500001,-70.19404
4105333750.000001,-70.58888
4105334687.500001,-70.67287
4105335625.000001,-69.97932
4105336562.500001,-70.87843
4105337500.000001,-70.19674
4105338437.500001,-70.39271
4105339375.000001,-70.69743
4105340312.500001,-70.35367
4105341250.000001,-69.94702
4105342187.500001,-70.80789
4105343125.000001,-69.92188
4105344062.500001,-70.53693
4105345000.000001,-70.15376
4105345937.500001,-70.71377
4105346875.000001,-69.93436
4105347812.500001,-70.74825
4105348750.000001,-70.32817
4105349687.500001,-70.16479
4105350625.000001,-70.29916
4105351562.500001,-70.32843
4105352500.000001,-70.43798
4105353437.500001,-70.09653
4105354375.000001,-70.67593
4105355312.500001,-70.24244
4105356250.000001,-70.25034
4105357187.500001,-70.40667
4105358125.000001,-70.5517
4105359062.500001,-70.5296
4105360000.000001,-70.7938
4105360937.500001,-70.04513
4105361875.000001,-70.44881
4105362812.500001,-70.52448
4105363750.000001,-70.24651
4105364687.500001,-69.71652
4105365625.000001,-69.97486
4105366562.500001,-70.52749
4105367500.000001,-70.51467
4105368437.500001,-70.67559
4105369375.000001,-70.16087
4105370312.500001,-70.5948
4105371250.000001,-70.32629
4105372187.500001,-70.20816
4105373125.000001,-70.28287
4105374062.500001,-70.51117
4105375000.000001,-70.2951
4105375937.500001,-70.3175
4105376875.000001,-70.0626
4105377812.500001,-70.78767
4105378750.000001,-70.02019
4105379687.500001,-70.4566
4105380625.000001,-70.15234
4105381562.500001,-70.01234
4105382500.000001,-70.21587
4105383437.500001,-70.57968
4105384375.000001,-70.23032
4105385312.500001,-70.85238
4105386250.000001,-70.24777
4105387187.500001,-70.4231
4105388125.000001,-70.11777
4105389062.500001,-69.90652
4105390000.000001,-70.64061
4105390937.500001,-69.90235
4105391875.000001,-70.2577
4105392812.500001,-70.20338
4105393750.000001,-70.28735
4105394687.500001,-70.27479
4105395625.000001,-70.37175
4105396562.500001,-70.45096
4105397500.000001,-70.30627
4105398437.500001,-70.18192
4105399375.000001,-69.68548
4105400312.500001,-70.66615
4105401250.000001,-69.97027
4105402187.500001,-70.22724
4105403125.000001,-70.63367
4105404062.500001,-71.00964
4105405000.000001,-70.17771
4105405937.500001,-69.51534
4105406875.000001,-70.09754
4105407812.500001,-69.92614
4105408750.000001,-70.60665
4105409687.500001,-70.28757
4105410625.000001,-70.57378
4105411562.500001,-70.0291
4105412500.000001,-70.46157
4105413437.500001,-70.28259
4105414375.000001,-70.11983
4105415312.500001,-70.4307
4105416250.000001,-70.52861
4105417187.500001,-70.45126
4105418125.000001,-70.32687
4105419062.500001,-70.37212
4105420000.000001,-70.33474
4105420937.500001,-70.43171
4105421875.000001,-69.78287
4105422812.500001,-70.25347
4105423750.000001,-70.46998
4105424687.500001,-70.57642
4105425625.000001,-69.36583
4105426562.500001,-70.21503
4105427500.000001,-70.28597
4105428437.500001,-70.08344
4105429375.000001,-70.44759
4105430312.500001,-70.29221
4105431250.000001,-70.3786
4105432187.500001,-70.15624
4105433125.000001,-69.80354
4105434062.500001,-70.23126
4105435000.000001,-70.13365
4105435937.500001,-70.6892
4105436875.000001,-70.59749
4105437812.500001,-70.13644
4105438750.000001,-70.43053
4105439687.500001,-70.47803
4105440625.000001,-69.97569
4105441562.500001,-70.43567
4105442500.000001,-70.42883
4105443437.500001,-70.27849
4105444375.000001,-69.8648
4105445312.500001,-70.50372
4105446250.000001,-69.86396
4105447187.500001,-70.3515
4105448125.000001,-69.96472
4105449062.500001,-70.50329
4105450000.000001,-70.28608
4105450937.500001,-70.40902
4105451875.000001,-70.80035
4105452812.500001,-70.62012
4105453750.000001,-70.07649
4105454687.500001,-70.19773
4105455625.000001,-70.15607
4105456562.500001,-70.59642
4105457500.000001,-70.20442
4105458437.500001,-70.20719
4105459375.000001,-70.68286
4105460312.500001,-70.14191
4105461250.000001,-70.32074
4105462187.500001,-70.26968
4105463125.000001,-69.79585
4105464062.500001,-69.70284
4105465000.000001,-70.1556
4105465937.500001,-70.33568
4105466875.000001,-70.31677
4105467812.500001,-69.85464
4105468750.000001,-70.2346
4105469687.500001,-70.6534
4105470625.000001,-70.55137
4105471562.500001,-70.62564
4105472500.000001,-70.1859
4105473437.500001,-69.77175
4105474375.000001,-70.67216
4105475312.500001,-70.45483
4105476250.000001,-70.60251
4105477187.500001,-70.41932
4105478125.000001,-70.26976
4105479062.500001,-70.63901
4105480000.000001,-70.24841
4105480937.500001,-70.31128
4105481875.000001,-70.44678
4105482812.500001,-70.46096
4105483750.000001,-70.19347
4105484687.500001,-70.14534
4105485625.000001,-70.07784
4105486562.500001,-70.85306
4105487500.000001,-70.19276
4105488437.500001,-70.50984
4105489375.000001,-70.0668
4105490312.500001,-69.82903
4105491250.000001,-70.22894
4105492187.500001,-70.41049
4105493125.000001,-70.16053
4105494062.500001,-69.40913
4105495000.000001,-70.0859
4105495937.500001,-70.06914
4105496875.000001,-70.21127
4105497812.500001,-69.96106
4105498750.000001,-70.26604
4105499687.500001,-71.19276
4105500625.000001,-69.67759
4105501562.500001,-70.96217
4105502500.000001,-70.10583
4105503437.500001,-70.5949
4105504375.000001,-70.13972
4105505312.500001,-70.28442
4105506250.000001,-70.03756
4105507187.500001,-69.89497
4105508125.000001,-69.90614
4105509062.500001,-70.82744
4105510000.000001,-70.01688
4105510937.500001,-70.58083
4105511875.000001,-70.15123
4105512812.500001,-70.74293
4105513750.000001,-70.3007
4105514687.500001,-70.16109
4105515625.000001,-69.9694
4105516562.500001,-70.21696
4105517500.000001,-69.70866
4105518437.500001,-70.47923
4105519375.000001,-70.36627
4105520312.500001,-70.27108
4105521250.000001,-70.15582
4105522187.500001,-70.11893
4105523125.000001,-69.93492
4105524062.500001,-70.08859
4105525000.000001,-70.18462
4105525937.500001,-70.19203
4105526875.000001,-70.11386
4105527812.500001,-69.9883
4105528750.000001,-70.7099
4105529687.500001,-70.50066
4105530625.000001,-69.98708
4105531562.500001,-70.23785
4105532500.000001,-70.39682
4105533437.500001,-70.63954
4105534375.000001,-70.23903
4105535312.500001,-69.9822
4105536250.000001,-70.43807
4105537187.500001,-70.32584
4105538125.000001,-69.84732
4105539062.500001,-70.27892
4105540000.000001,-70.08099
4105540937.500001,-70.35303
4105541875.000001,-70.64142
4105542812.500001,-69.93674
4105543750.000001,-69.89037
4105544687.500001,-70.29446
4105545625.000001,-70.10383
4105546562.500001,-70.44902
4105547500.000001,-70.13424
4105548437.500001,-70.18981
4105549375.000001,-70.40952
4105550312.500001,-70.0228
4105551250.000001,-69.93749
4105552187.500001,-69.89709
4105553125.000001,-70.11842
4105554062.500001,-70.37961
4105555000.000001,-70.23373
4105555937.500001,-70.13025
4105556875.000001,-70.30267
4105557812.500001,-70.25172
4105558750.000001,-70.08629
4105559687.500001,-70.27953
4105560625.000001,-70.12573
4105561562.500001,-69.49496
4105562500.000001,-70.76302
4105563437.500001,-70.75828
4105564375.000001,-70.33049
4105565312.500001,-69.93743
4105566250.000001,-70.68524
4105567187.500001,-70.75697
4105568125.000001,-70.76228
4105569062.500001,-70.21327
4105570000.000001,-70.39733
4105570937.500001,-69.86834
4105571875.000001,-70.05827
4105572812.500001,-69.91455
4105573750.000001,-70.88673
4105574687.500001,-70.06612
4105575625.000001,-70.58885
4105576562.500001,-70.16666
4105577500.000001,-70.11455
4105578437.500001,-69.98886
4105579375.000001,-71.21633
4105580312.500001,-70.14692
4105581250.000001,-70.35896
4105582187.500001,-70.50992
4105583125.000001,-70.61838
4105584062.500001,-70.16841
4105585000.000001,-70.06239
4105585937.500001,-69.92673
4105586875.000001,-70.00703
4105587812.500001,-70.3635
4105588750.000001,-70.10952
4105589687.500001,-70.02348
4105590625.000001,-69.89101
4105591562.500001,-69.9447
4105592500.000001,-70.24313
4105593437.500001,-70.08968
4105594375.000001,-70.00266
4105595312.500001,-70.11374
4105596250.000001,-70.15081
4105597187.500001,-70.16795
4105598125.000001,-70.28109
4105599062.500001,-69.81322
4105600000.000001,-70.89399
4105600937.500001,-70.01581
4105601875.000001,-70.62492
4105602812.500001,-70.20259
4105603750.000001,-70.69452
4105604687.500001,-70.46713
4105605625.000001,-70.2313
4105606562.500001,-70.12983
4105607500.000001,-70.16098
4105608437.500001,-70.2129
4105609375.000001,-70.35077
4105610312.500001,-70.88277
4105611250.000001,-70.02992
4105612187.500001,-69.80765
4105613125.000001,-70.07787
4105614062.500001,-70.2294
4105615000.000001,-70.10461
4105615937.500001,-70.08458
4105616875.000001,-69.76952
4105617812.500001,-69.89129
4105618750.000001,-70.57457
4105619687.500001,-70.13982
4105620625.000001,-70.32409
4105621562.500001,-70.03638
4105622500.000001,-70.27895
4105623437.500001,-70.34007
4105624375.000001,-70.196
4105625312.500001,-70.22289
4105626250.000001,-70.41828
4105627187.500001,-70.61037
4105628125.000001,-70.68634
4105629062.500001,-70.37569
4105630000.000001,-70.16671
4105630937.500001,-70.73565
4105631875.000001,-70.40169
4105632812.500001,-70.27079
4105633750.000001,-70.01748
4105634687.500001,-70.25024
4105635625.000001,-70.08593
4105636562.500001,-70.00024
4105637500.000001,-70.17272
4105638437.500001,-69.96632
4105639375.000001,-69.94659
4105640312.500001,-70.34405
4105641250.000001,-70.62251
4105642187.500001,-70.37607
4105643125.000001,-70.13343
4105644062.500001,-70.64683
4105645000.000001,-70.00031
4105645937.500001,-70.06387
4105646875.000001,-70.29709
4105647812.500001,-70.5966
4105648750.000001,-69.41035
4105649687.500001,-69.59888
4105650625.000001,-70.27189
4105651562.500001,-70.25339
4105652500.000001,-70.24268
4105653437.500001,-70.48106
4105654375.000001,-70.19731
4105655312.500001,-69.92416
4105656250.000001,-70.15044
4105657187.500001,-69.59698
4105658125.000001,-69.92007
4105659062.500001,-69.85487
4105660000.000001,-70.41165
4105660937.500001,-69.92894
4105661875.000001,-70.26102
4105662812.500001,-70.43127
4105663750.000001,-69.94934
4105664687.500001,-70.27829
4105665625.000001,-69.62449
4105666562.500001,-69.99141
4105667500.000001,-70.01355
4105668437.500001,-70.04521
4105669375.000001,-69.7093
4105670312.500001,-69.96927
4105671250.000001,-69.91724
4105672187.500001,-69.91274
4105673125.000001,-70.10956
4105674062.500001,-70.06841
4105675000.000001,-70.2642
4105675937.500001,-70.11858
4105676875.000001,-70.03009
4105677812.500001,-69.95289
4105678750.000001,-69.25686
4105679687.500001,-70.08479
4105680625.000001,-69.99037
4105681562.500001,-70.0634
4105682500.000001,-70.53428
4105683437.500001,-70.51878
4105684375.000001,-70.15321
4105685312.500001,-69.55832
4105686250.000001,-69.99154
4105687187.500001,-69.92447
4105688125.000001,-70.03124
4105689062.500001,-70.57679
4105690000.000001,-70.3175
4105690937.500001,-70.29711
4105691875.000001,-69.69737
4105692812.500001,-70.52872
4105693750.000001,-69.4641
4105694687.500001,-70.42173
4105695625.000001,-70.1616
4105696562.500001,-70.03279
4105697500.000001,-70.10129
4105698437.500001,-70.23989
4105699375.000001,-70.23689
4105700312.500001,-69.92528
4105701250.000001,-70.01474
4105702187.500001,-70.05631
4105703125.000001,-70.07034
4105704062.500001,-70.33842
4105705000.000001,-70.06873
4105705937.500001,-70.33087
4105706875.000001,-70.09538
4105707812.500001,-70.6611
4105708750.000001,-70.67502
4105709687.500001,-70.31915
4105710625.000001,-69.9966
4105711562.500001,-69.88414
4105712500.000001,-69.68903
4105713437.500001,-70.02814
4105714375.000001,-70.45551
4105715312.500001,-70.30943
4105716250.000001,-70.3178
4105717187.500001,-70.15529
4105718125.000001,-70.07969
4105719062.500001,-69.76205
4105720000.000001,-70.73636
4105720937.500001,-70.25323
4105721875.000001,-70.23975
4105722812.500001,-70.38677
4105723750.000001,-70.33558
4105724687.500001,-70.221
4105725625.000001,-70.23715
4105726562.500001,-70.38921
4105727500.000001,-69.81646
4105728437.500001,-70.40728
4105729375.000001,-70.14717
4105730312.500001,-70.6184
4105731250.000001,-70.75426
4105732187.500001,-69.95986
4105733125.000001,-70.75941
4105734062.500001,-70.21013
4105735000.000001,-70.04741
4105735937.500001,-69.81548
4105736875.000001,-70.19711
4105737812.500001,-70.02906
4105738750.000001,-69.80247
4105739687.500001,-70.02206
4105740625.000001,-69.76109
4105741562.500001,-70.05959
4105742500.000001,-70.28416
4105743437.500001,-70.18258
4105744375.000001,-69.6924
4105745312.500001,-69.22126
4105746250.000001,-70.76245
4105747187.500001,-69.81443
4105748125.000001,-70.47419
4105749062.500001,-70.51798
4105750000.000001,-69.80737
4105750937.500001,-69.83412
4105751875.000001,-70.3308
4105752812.500001,-69.784
4105753750.000001,-70.27776
4105754687.500001,-69.87201
4105755625.000001,-70.13894
4105756562.500001,-69.69664
4105757500.000001,-69.7586
4105758437.500001,-70.17261
4105759375.000001,-69.46986
4105760312.500001,-70.05488
4105761250.000001,-70.02979
4105762187.500001,-70.75542
4105763125.000001,-70.5262
4105764062.500001,-70.24652
4105765000.000001,-70.40842
4105765937.500001,-70.43407
4105766875.000001,-70.84791
4105767812.500001,-69.95588
4105768750.000001,-70.3778
4105769687.500001,-70.60845
4105770625.000001,-69.89567
4105771562.500001,-70.63406
4105772500.000001,-69.66486
4105773437.500001,-70.35169
4105774375.000001,-70.22325
4105775312.500001,-70.50592
4105776250.000001,-70.48846
4105777187.500001,-70.43317
4105778125.000001,-70.93843
4105779062.500001,-70.18716
4105780000.000001,-70.07917
4105780937.500001,-70.23611
4105781875.000001,-69.92883
4105782812.500001,-70.00381
4105783750.000001,-70.47831
4105784687.500001,-69.49382
4105785625.000001,-69.77672
4105786562.500001,-70.91624
4105787500.000001,-70.22698
4105788437.500001,-70.18699
4105789375.000001,-70.11092
4105790312.500001,-70.16795
4105791250.000001,-69.89431
4105792187.500001,-69.57702
4105793125.000001,-70.01718
4105794062.500001,-70.31647
4105795000.000001,-69.70894
4105795937.500001,-70.55856
4105796875.000001,-69.99989
4105797812.500001,-70.52911
4105798750.000001,-70.36869
4105799687.500001,-70.36961
4105800625.000001,-70.10772
4105801562.500001,-70.07884
4105802500.000001,-70.49814
4105803437.500001,-69.75163
4105804375.000001,-70.18808
4105805312.500001,-70.28534
4105806250.000001,-70.50865
4105807187.500001,-70.20284
4105808125.000001,-69.87932
4105809062.500001,-69.74297
4105810000.000001,-70.39082
4105810937.500001,-69.6361
4105811875.000001,-70.45886
4105812812.500001,-70.21496
4105813750.000001,-69.8959
4105814687.500001,-69.52567
4105815625.000001,-70.08585
4105816562.500001,-69.814
4105817500.000001,-69.68506
4105818437.500001,-70.21912
4105819375.000001,-70.38268
4105820312.500001,-70.01167
4105821250.000001,-70.83976
4105822187.500001,-70.94386
4105823125.000001,-70.22198
4105824062.500001,-69.9287
4105825000.000001,-69.7957
4105825937.500001,-70.09256
4105826875.000001,-69.91261
4105827812.500001,-70.52582
4105828750.000001,-70.06182
4105829687.500001,-70.36172
4105830625.000001,-69.93704
4105831562.500001,-70.43667
4105832500.000001,-70.10804
4105833437.500001,-70.1328
4105834375.000001,-69.62679
4105835312.500001,-69.88585
4105836250.000001,-69.66486
4105837187.500001,-70.03685
4105838125.000001,-70.35399
4105839062.500001,-69.74969
4105840000.000001,-69.4964
4105840937.500001,-70.32766
4105841875.000001,-70.3388
4105842812.500001,-69.99511
4105843750.000001,-70.40002
4105844687.500001,-70.24252
4105845625.000001,-69.88598
4105846562.500001,-69.83051
4105847500.000001,-70.11258
4105848437.500001,-70.13188
4105849375.000001,-70.64539
4105850312.500001,-70.54189
4105851250.000001,-69.81461
4105852187.500001,-70.16735
4105853125.000001,-70.37682
4105854062.500001,-70.17844
4105855000.000001,-69.75609
4105855937.500001,-69.76958
4105856875.000001,-70.63851
4105857812.500001,-69.64935
4105858750.000001,-70.11871
4105859687.500001,-69.80762
4105860625.000001,-70.24049
4105861562.500001,-70.54575
4105862500.000001,-70.11887
4105863437.500001,-69.963
4105864375.000001,-70.03833
4105865312.500001,-70.45007
4105866250.000001,-69.97815
4105867187.500001,-70.54037
4105868125.000001,-70.34208
4105869062.500001,-69.69652
4105870000.000001,-69.87902
4105870937.500001,-69.67263
4105871875.000001,-69.8422
4105872812.500001,-69.52456
4105873750.000001,-70.3392
4105874687.500001,-70.78078
4105875625.000001,-69.58664
4105876562.500001,-70.02942
4105877500.000001,-70.18885
4105878437.500001,-70.05128
4105879375.000001,-70.44384
4105880312.500001,-69.94504
4105881250.000001,-70.5819
4105882187.500001,-69.85389
4105883125.000001,-69.85366
4105884062.500001,-69.64765
4105885000.000001,-69.81733
4105885937.500001,-69.98873
4105886875.000001,-70.23741
4105887812.500001,-70.0583
4105888750.000001,-69.72589
4105889687.500001,-69.84923
4105890625.000001,-70.11845
4105891562.500001,-69.25867
4105892500.000001,-70.27489
4105893437.500001,-70.52869
4105894375.000001,-70.04739
4105895312.500001,-69.89301
4105896250.000001,-70.61623
4105897187.500001,-70.42761
4105898125.000001,-69.94483
4105899062.500001,-69.85856
4105900000.000001,-70.45415
4105900937.500001,-69.58344
4105901875.000001,-69.78825
4105902812.500001,-69.95303
4105903750.000001,-69.71729
4105904687.500001,-70.41322
4105905625.000001,-70.24241
4105906562.500001,-69.49218
4105907500.000001,-69.91232
4105908437.500001,-69.925
4105909375.000001,-70.49016
4105910312.500001,-70.12727
4105911250.000001,-69.64063
4105912187.500001,-70.30331
4105913125.000001,-69.71901
4105914062.500001,-69.90755
4105915000.000001,-70.50312
4105915937.500001,-69.94578
4105916875.000001,-70.14301
4105917812.500001,-69.99008
4105918750.000001,-69.97972
4105919687.500001,-69.5741
4105920625.000001,-69.88829
4105921562.500001,-70.2328
4105922500.000001,-70.59554
4105923437.500001,-70.0301
4105924375.000001,-70.0078
4105925312.500001,-69.63936
4105926250.000001,-70.50547
4105927187.500001,-70.02155
4105928125.000001,-70.53594
4105929062.500001,-69.81872
4105930000.000001,-70.11157
4105930937.500001,-70.0372
4105931875.000001,-70.32188
4105932812.500001,-70.42592
4105933750.000001,-70.1568
4105934687.500001,-69.86905
4105935625.000001,-69.54208
4105936562.500001,-69.75732
4105937500.000001,-70.1411
4105938437.500001,-69.79261
4105939375.000001,-69.67582
4105940312.500001,-69.99911
4105941250.000001,-69.99712
4105942187.500001,-69.91555
4105943125.000001,-69.78062
4105944062.500001,-70.3185
4105945000.000001,-70.49239
4105945937.500001,-70.05827
4105946875.000001,-70.55347
4105947812.500001,-70.28426
4105948750.000001,-69.51929
4105949687.500001,-70.10502
4105950625.000001,-70.15938
4105951562.500001,-70.09505
4105952500.000001,-70.049
4105953437.500001,-70.03494
4105954375.000001,-70.34396
4105955312.500001,-69.84085
4105956250.000001,-70.39295
4105957187.500001,-69.86302
4105958125.000001,-70.71522
4105959062.500001,-69.85922
4105960000.000001,-70.6174
4105960937.500001,-69.70883
4105961875.000001,-70.09583
4105962812.500001,-69.96506
4105963750.000001,-70.03525
4105964687.500001,-69.70016
4105965625.000001,-69.78712
4105966562.500001,-70.47652
4105967500.000001,-69.92929
4105968437.500001,-70.09311
4105969375.000001,-70.18775
4105970312.500001,-70.19572
4105971250.000001,-69.81867
4105972187.500001,-69.8819
4105973125.000001,-70.00346
4105974062.500001,-69.70778
4105975000.000001,-70.1651
4105975937.500001,-70.35332
4105976875.000001,-69.90419
4105977812.500001,-70.1103
4105978750.000001,-70.06242
4105979687.500001,-69.73302
4105980625.000001,-69.85549
4105981562.500001,-70.02081
4105982500.000001,-69.54245
4105983437.500001,-70.47949
4105984375.000001,-70.13148
4105985312.500001,-69.9948
4105986250.000001,-69.77566
4105987187.500001,-70.48509
4105988125.000001,-70.31395
4105989062.500001,-69.81641
4105990000.000001,-70.18665
4105990937.500001,-70.48442
4105991875.000001,-69.92664
4105992812.500001,-70.19247
4105993750.000001,-69.63151
4105994687.500001,-70.06678
4105995625.000001,-69.96995
4105996562.500001,-69.84644
4105997500.000001,-70.0979
4105998437.500001,-70.04214
4105999375.000001,-69.91707
4106000312.500001,-70.36808
4106001250.000001,-70.01064
4106002187.500001,-69.93266
4106003125.000001,-70.01672
4106004062.500001,-69.72233
4106005000.000001,-70.96349
4106005937.500001,-69.86295
4106006875.000001,-70.13477
4106007812.500001,-70.24165
4106008750.000001,-70.3118
4106009687.500001,-70.5906
4106010625.000001,-70.41556
4106011562.500001,-69.71729
4106012500.000001,-70.31842
4106013437.500001,-69.81709
4106014375.000001,-69.98444
4106015312.500001,-70.24604
4106016250.000001,-69.78988
4106017187.500001,-69.81165
4106018125.000001,-70.54802
4106019062.500001,-69.80234
4106020000.000001,-69.6552
4106020937.500001,-70.25422
4106021875.000001,-70.308
4106022812.500001,-70.61317
4106023750.000001,-70.44643
4106024687.500001,-69.9762
4106025625.000001,-70.35742
4106026562.500001,-70.14603
4106027500.000001,-69.63148
4106028437.500001,-69.76083
4106029375.000001,-69.73792
4106030312.500001,-69.63326
4106031250.000001,-69.9996
4106032187.500001,-70.21421
4106033125.000001,-69.7428
4106034062.500001,-69.37134
4106035000.000001,-69.85598
4106035937.500001,-69.66881
4106036875.000001,-69.30924
4106037812.500001,-70.4659
4106038750.000001,-70.43033
4106039687.500001,-70.09213
4106040625.000001,-69.3966
4106041562.500001,-69.73691
4106042500.000001,-70.00058
4106043437.500001,-69.83286
4106044375.000001,-70.21434
4106045312.500001,-69.8689
4106046250.000001,-70.03684
4106047187.500001,-70.25104
4106048125.000001,-70.34142
4106049062.500001,-70.08723
4106050000.000001,-70.05389
4106050937.500001,-69.64281
4106051875.000001,-70.07716
4106052812.500001,-69.99237
4106053750.000001,-69.74734
4106054687.500001,-69.45558
4106055625.000001,-69.76694
4106056562.500001,-69.91189
4106057500.000001,-70.07505
4106058437.500001,-69.64933
4106059375.000001,-70.64228
4106060312.500001,-69.72269
4106061250.000001,-69.99858
4106062187.500001,-69.80379
4106063125.000001,-69.92367
4106064062.500001,-69.50049
4106065000.000001,-69.78147
4106065937.500001,-69.70116
4106066875.000001,-69.91296
4106067812.500001,-70.71513
4106068750.000001,-69.70266
4106069687.500001,-70.30576
4106070625.000001,-70.11275
4106071562.500001,-69.88974
4106072500.000001,-69.70622
4106073437.500001,-70.15263
4106074375.000001,-70.37961
4106075312.500001,-70.14531
4106076250.000001,-70.27082
4106077187.500001,-70.25715
4106078125.000001,-69.94842
4106079062.500001,-69.59933
4106080000.000001,-69.73483
4106080937.500001,-69.97323
4106081875.000001,-70.16727
4106082812.500001,-70.20876
4106083750.000001,-70.00372
4106084687.500001,-70.00476
4106085625.000001,-70.04451
4106086562.500001,-69.97428
4106087500.000001,-69.55139
4106088437.500001,-70.17314
4106089375.000001,-69.89143
4106090312.500001,-70.15845
4106091250.000001,-70.24914
4106092187.500001,-69.83931
4106093125.000001,-70.12275
4106094062.500001,-70.21515
4106095000.000001,-70.08826
4106095937.500001,-70.32441
4106096875.000001,-70.6241
4106097812.500001,-69.59806
4106098750.000001,-70.26652
4106099687.500001,-70.14853
4106100625.000001,-69.80045
4106101562.500001,-69.35184
4106102500.000001,-69.70447
4106103437.500001,-70.12489
4106104375.000001,-69.62347
4106105312.500001,-69.7851
4106106250.000001,-69.97536
4106107187.500001,-70.04076
4106108125.000001,-70.12183
4106109062.500001,-69.77537
4106110000.000001,-69.76001
4106110937.500001,-70.14193
4106111875.000001,-70.11877
4106112812.500001,-70.66429
4106113750.000001,-69.3809
4106114687.500001,-70.07996
4106115625.000001,-70.5507
4106116562.500001,-69.95898
4106117500.000001,-69.65466
4106118437.500001,-69.72442
4106119375.000001,-70.09225
4106120312.500001,-69.45867
4106121250.000001,-69.76779
4106122187.500001,-70.07307
4106123125.000001,-70.15451
4106124062.500001,-69.67692
4106125000.000001,-70.19824
4106125937.500001,-70.11194
4106126875.000001,-70.15799
4106127812.500001,-69.99338
4106128750.000001,-69.54875
4106129687.500001,-69.90948
4106130625.000001,-69.91007
4106131562.500001,-70.42855
4106132500.000001,-70.3668
4106133437.500001,-69.63429
4106134375.000001,-69.99461
4106135312.500001,-70.13744
4106136250.000001,-70.69427
4106137187.500001,-69.26987
4106138125.000001,-69.24163
4106139062.500001,-69.81037
4106140000.000001,-69.63496
4106140937.500001,-69.72029
4106141875.000001,-69.42348
4106142812.500001,-70.11549
4106143750.000001,-70.10268
4106144687.500001,-69.87998
4106145625.000001,-69.13483
4106146562.500001,-69.80647
4106147500.000001,-69.33781
4106148437.500001,-70.34341
4106149375.000001,-69.88474
4106150312.500001,-69.94518
4106151250.000001,-69.57406
4106152187.500001,-69.50731
4106153125.000001,-69.86379
4106154062.500001,-69.73501
4106155000.000001,-69.62186
4106155937.500001,-70.06533
4106156875.000001,-70.02993
4106157812.500001,-70.13109
4106158750.000001,-69.73558
4106159687.500001,-69.79549
4106160625.000001,-70.13677
4106161562.500001,-69.64864
4106162500.000001,-69.75398
4106163437.500001,-69.73864
4106164375.000001,-69.56967
4106165312.500001,-69.79424
4106166250.000001,-69.65937
4106167187.500001,-69.51624
4106168125.000001,-69.81847
4106169062.500001,-70.13348
4106170000.000001,-70.06951
4106170937.500001,-69.58617
4106171875.000001,-69.759
4106172812.500001,-70.11073
4106173750.000001,-69.9822
4106174687.500001,-70.31646
4106175625.000001,-70.72626
4106176562.500001,-69.47691
4106177500.000001,-70.16048
4106178437.500001,-69.09261
4106179375.000001,-69.88475
4106180312.500001,-69.80188
4106181250.000001,-69.93195
4106182187.500001,-70.09532
4106183125.000001,-69.7815
4106184062.500001,-69.61206
4106185000.000001,-69.70254
4106185937.500001,-69.47981
4106186875.000001,-69.47836
4106187812.500001,-70.31341
4106188750.000001,-69.80077
4106189687.500001,-70.05196
4106190625.000001,-69.47034
4106191562.500001,-69.35655
4106192500.000001,-69.47273
4106193437.500001,-70.42033
4106194375.000001,-69.6567
4106195312.500001,-69.95174
4106196250.000001,-69.89986
4106197187.500001,-69.85648
4106198125.000001,-69.61794
4106199062.500001,-69.74683
4106200000.000001,-69.98086
4106200937.500001,-70.17159
4106201875.000001,-70.03922
4106202812.500001,-69.72104
4106203750.000001,-69.68723
4106204687.500001,-69.75256
4106205625.000001,-69.62263
4106206562.500001,-70.27165
4106207500.000001,-69.26864
4106208437.500001,-69.93035
4106209375.000001,-70.24873
4106210312.500001,-69.98273
4106211250.000001,-70.07713
4106212187.500001,-69.94762
4106213125.000001,-69.73643
4106214062.500001,-69.52793
4106215000.000001,-70.30955
4106215937.500001,-69.71649
4106216875.000001,-70.05679
4106217812.500001,-69.64832
4106218750.000001,-70.21441
4106219687.500001,-69.42963
4106220625.000001,-69.88582
4106221562.500001,-70.28374
4106222500.000001,-69.64906
4106223437.500001,-70.23574
4106224375.000001,-70.23031
4106225312.500001,-69.91184
4106226250.000001,-70.42155
4106227187.500001,-70.00607
4106228125.000001,-70.21806
4106229062.500001,-69.98765
4106230000.000001,-69.80113
4106230937.500001,-69.77449
4106231875.000001,-70.20789
4106232812.500001,-69.87939
4106233750.000001,-69.60878
4106234687.500001,-69.67271
4106235625.000001,-70.22969
4106236562.500001,-69.59933
4106237500.000001,-70.60562
4106238437.500001,-69.95628
4106239375.000001,-70.26604
4106240312.500001,-69.79773
4106241250.000001,-70.149
4106242187.500001,-70.52798
4106243125.000001,-70.24102
4106244062.500001,-69.84191
4106245000.000001,-69.80437
4106245937.500001,-69.85231
4106246875.000001,-69.47762
4106247812.500001,-69.68049
4106248750.000001,-69.93133
4106249687.500001,-70.07252
4106250625.000001,-69.69898
4106251562.500001,-70.77951
4106252500.000001,-70.1554
4106253437.500001,-70.35525
4106254375.000001,-69.7718
4106255312.500001,-69.97315
4106256250.000001,-69.54993
4106257187.500001,-69.50381
4106258125.000001,-69.67346
4106259062.500001,-69.7149
4106260000.000001,-70.13543
4106260937.500001,-69.43476
4106261875.000001,-70.45716
4106262812.500001,-69.96941
4106263750.000001,-69.54799
4106264687.500001,-70.04764
4106265625.000001,-69.79063
4106266562.500001,-69.81681
4106267500.000001,-69.51092
4106268437.500001,-70.39834
4106269375.000001,-69.86178
4106270312.500001,-69.83773
4106271250.000001,-69.54445
4106272187.500001,-69.94154
4106273125.000001,-70.05186
4106274062.500001,-69.8773
4106275000.000001,-70.15167
4106275937.500001,-70.03796
4106276875.000001,-69.71342
4106277812.500001,-70.11684
4106278750.000001,-69.71724
4106279687.500001,-69.41722
4106280625.000001,-69.59649
4106281562.500001,-70.06414
4106282500.000001,-69.78508
4106283437.500001,-69.63392
4106284375.000001,-69.85696
4106285312.500001,-69.59167
4106286250.000001,-70.04211
4106287187.500001,-69.15269
4106288125.000001,-70.18375
4106289062.500001,-69.61253
4106290000.000001,-69.76714
4106290937.500001,-70.12634
4106291875.000001,-70.29613
4106292812.500001,-69.94772
4106293750.000001,-69.46535
4106294687.500001,-69.905
4106295625.000001,-69.37817
4106296562.500001,-69.66269
4106297500.000001,-69.80988
4106298437.500001,-69.94739
4106299375.000001,-70.06422
4106300312.500001,-69.70172
4106301250.000001,-69.61909
4106302187.500001,-69.97434
4106303125.000001,-69.60209
4106304062.500001,-69.73832
4106305000.000001,-70.00645
4106305937.500001,-69.97606
4106306875.000001,-69.59676
4106307812.500001,-69.63705
4106308750.000001,-70.20354
4106309687.500001,-70.15798
4106310625.000001,-69.76176
4106311562.500001,-69.7336
4106312500.000001,-69.72933
4106313437.500001,-69.70743
4106314375.000001,-70.19246
4106315312.500001,-70.19534
4106316250.000001,-69.22161
4106317187.500001,-69.90257
4106318125.000001,-70.27052
4106319062.500001,-69.56107
4106320000.000001,-70.5188
4106320937.500001,-70.32397
4106321875.000001,-69.72325
4106322812.500001,-70.3123
4106323750.000001,-69.79758
4106324687.500001,-69.59306
4106325625.000001,-69.82768
4106326562.500001,-69.3781
4106327500.000001,-69.50387
4106328437.500001,-69.80006
4106329375.000001,-69.38454
4106330312.500001,-69.54202
4106331250.000001,-69.66513
4106332187.500001,-70.44903
4106333125.000001,-69.32554
4106334062.500001,-69.75578
4106335000.000001,-69.67612
4106335937.500001,-70.02794
4106336875.000001,-69.92557
4106337812.500001,-69.38316
4106338750.000001,-70.06124
4106339687.500001,-69.63122
4106340625.000001,-69.95383
4106341562.500001,-69.7746
4106342500.000001,-70.06036
4106343437.500001,-69.75983
4106344375.000001,-69.80025
4106345312.500001,-69.64381
4106346250.000001,-69.87437
4106347187.500001,-69.3676
4106348125.000001,-69.67525
4106349062.500001,-69.71679
4106350000.000001,-70.07505
4106350937.500001,-69.84582
4106351875.000001,-70.28065
4106352812.500001,-69.82122
4106353750.000001,-69.57687
4106354687.500001,-69.32497
4106355625.000001,-69.93
4106356562.500001,-69.72075
4106357500.000001,-70.1552
4106358437.500001,-69.6009
4106359375.000001,-70.11837
4106360312.500001,-70.64655
4106361250.000001,-69.94694
4106362187.500001,-70.36626
4106363125.000001,-70.19732
4106364062.500001,-69.95863
4106365000.000001,-70.50636
4106365937.500001,-70.20179
4106366875.000001,-70.21446
4106367812.500001,-69.71165
4106368750.000001,-70.24594
4106369687.500001,-69.45175
4106370625.000001,-70.24872
4106371562.500001,-70.22439
4106372500.000001,-69.48814
4106373437.500001,-70.59723
4106374375.000001,-70.48407
4106375312.500001,-69.4371
4106376250.000001,-69.94479
4106377187.500001,-69.48618
4106378125.000001,-70.15321
4106379062.500001,-69.86804
4106380000.000001,-69.77309
4106380937.500001,-69.39148
4106381875.000001,-69.46476
4106382812.500001,-70.24935
4106383750.000001,-69.76228
4106384687.500001,-69.71853
4106385625.000001,-69.60187
4106386562.500001,-69.79607
4106387500.000001,-70.07941
4106388437.500001,-70.10226
4106389375.000001,-69.98691
4106390312.500001,-69.38152
4106391250.000001,-69.52762
4106392187.500001,-69.59914
4106393125.000001,-69.81192
4106394062.500001,-69.71579
4106395000.000001,-69.58641
4106395937.500001,-69.47886
4106396875.000001,-69.92369
4106397812.500001,-70.48379
4106398750.000001,-70.33951
4106399687.500001,-70.02594
4106400625.000001,-69.75645
4106401562.500001,-69.93318
4106402500.000001,-69.69624
4106403437.500001,-69.82384
4106404375.000001,-69.58565
4106405312.500001,-69.67014
4106406250.000001,-69.78424
4106407187.500001,-70.0182
4106408125.000001,-69.8373
4106409062.500001,-70.126
4106410000.000001,-70.10674
4106410937.500001,-70.32041
4106411875.000001,-69.82209
4106412812.500001,-69.64824
4106413750.000001,-70.32375
4106414687.500001,-69.45374
4106415625.000001,-69.96097
4106416562.500001,-70.10287
4106417500.000001,-70.06319
4106418437.500001,-70.16785
4106419375.000001,-70.23579
4106420312.500001,-70.27876
4106421250.000001,-69.52241
4106422187.500001,-69.45915
4106423125.000001,-69.94839
4106424062.500001,-70.1974
4106425000.000001,-70.32955
4106425937.500001,-70.0145
4106426875.000001,-69.85892
4106427812.500001,-70.16612
4106428750.000001,-69.6226
4106429687.500001,-69.88271
4106430625.000001,-69.82228
4106431562.500001,-69.79245
4106432500.000001,-69.98045
4106433437.500001,-69.6938
4106434375.000001,-69.44996
4106435312.500001,-69.55765
4106436250.000001,-69.86922
4106437187.500001,-70.68873
4106438125.000001,-69.43056
4106439062.500001,-69.7902
4106440000.000001,-69.83004
4106440937.500001,-69.7218
4106441875.000001,-70.20174
4106442812.500001,-69.86763
4106443750.000001,-69.95035
4106444687.500001,-69.77122
4106445625.000001,-70.09093
4106446562.500001,-69.69956
4106447500.000001,-69.60979
4106448437.500001,-70.08743
4106449375.000001,-69.98507
4106450312.500001,-70.05025
4106451250.000001,-69.59609
4106452187.500001,-69.17992
4106453125.000001,-69.73596
4106454062.500001,-69.92429
4106455000.000001,-69.77718
4106455937.500001,-69.76587
4106456875.000001,-69.61384
4106457812.500001,-69.71852
4106458750.000001,-69.6124
4106459687.500001,-69.56129
4106460625.000001,-69.52344
4106461562.500001,-69.65791
4106462500.000001,-69.92413
4106463437.500001,-69.99287
4106464375.000001,-69.46111
4106465312.500001,-69.94693
4106466250.000001,-69.6742
4106467187.500001,-69.82545
4106468125.000001,-70.21989
4106469062.500001,-70.42541
4106470000.000001,-69.89035
4106470937.500001,-70.00129
4106471875.000001,-69.89737
4106472812.500001,-70.06341
4106473750.000001,-69.75148
4106474687.500001,-70.28429
4106475625.000001,-69.46312
4106476562.500001,-69.72794
4106477500.000001,-70.22459
4106478437.500001,-69.82464
4106479375.000001,-69.32455
4106480312.500001,-70.07426
4106481250.000001,-69.53322
4106482187.500001,-69.73711
4106483125.000001,-69.51115
4106484062.500001,-69.83326
4106485000.000001,-69.86407
4106485937.500001,-69.68988
4106486875.000001,-69.80495
4106487812.500001,-69.74608
4106488750.000001,-69.38126
4106489687.500001,-69.82238
4106490625.000001,-69.94379
4106491562.500001,-69.45536
4106492500.000001,-69.61357
4106493437.500001,-69.86718
4106494375.000001,-69.81021
4106495312.500001,-70.07037
4106496250.000001,-70.0806
4106497187.500001,-69.63074
4106498125.000001,-70.22746
4106499062.500001,-69.97141
4106500000.000001,-69.98183
4106500937.500001,-69.76035
4106501875.000001,-69.30158
4106502812.500001,-69.73786
4106503750.000001,-69.75811
4106504687.500001,-69.90948
4106505625.000001,-69.99199
4106506562.500001,-70.02216
4106507500.000001,-69.91543
4106508437.500001,-69.93757
4106509375.000001,-69.44294
4106510312.500001,-69.29116
4106511250.000001,-69.5593
4106512187.500001,-70.0293
4106513125.000001,-69.85352
4106514062.500001,-69.50262
4106515000.000001,-70.4156
4106515937.500001,-69.82972
4106516875.000001,-69.71857
4106517812.500001,-69.41739
4106518750.000001,-69.51876
4106519687.500001,-69.83078
4106520625.000001,-69.44146
4106521562.500001,-68.93444
4106522500.000001,-69.67119
4106523437.500001,-69.60546
4106524375.000001,-70.39436
4106525312.500001,-69.58145
4106526250.000001,-70.59931
4106527187.500001,-69.75117
4106528125.000001,-69.21025
4106529062.500001,-69.43354
4106530000.000001,-69.67596
4106530937.500001,-70.2664
4106531875.000001,-69.59051
4106532812.500001,-70.25983
4106533750.000001,-69.95961
4106534687.500001,-69.8731
4106535625.000001,-69.15047
4106536562.500001,-69.54425
4106537500.000001,-69.36488
4106538437.500001,-69.53011
4106539375.000001,-69.9609
4106540312.500001,-69.48379
4106541250.000001,-69.45055
4106542187.500001,-69.32175
4106543125.000001,-69.52352
4106544062.500001,-69.80905
4106545000.000001,-69.46398
4106545937.500001,-69.67249
4106546875.000001,-69.7846
4106547812.500001,-69.87158
4106548750.000001,-69.45061
4106549687.500001,-69.82049
4106550625.000001,-69.42529
4106551562.500001,-69.73717
4106552500.000001,-69.69767
4106553437.500001,-69.68034
4106554375.000001,-69.66228
4106555312.500001,-69.40105
4106556250.000001,-69.35687
4106557187.500001,-69.79655
4106558125.000001,-69.60488
4106559062.500001,-70.04988
4106560000.000001,-69.80014
4106560937.500001,-69.29807
4106561875.000001,-70.04625
4106562812.500001,-69.25527
4106563750.000001,-70.11932
4106564687.500001,-69.03854
4106565625.000001,-69.63222
4106566562.500001,-69.99744
4106567500.000001,-69.34698
4106568437.500001,-69.7719
4106569375.000001,-69.25739
4106570312.500001,-69.85419
4106571250.000001,-69.37081
4106572187.500001,-69.78636
4106573125.000001,-69.73498
4106574062.500001,-69.63206
4106575000.000001,-69.79987
4106575937.500001,-69.30601
4106576875.000001,-69.92553
4106577812.500001,-69.85356
4106578750.000001,-70.04927
4106579687.500001,-69.61171
4106580625.000001,-69.62147
4106581562.500001,-69.82358
4106582500.000001,-69.50931
4106583437.500001,-69.23167
4106584375.000001,-70.07445
4106585312.500001,-69.87422
4106586250.000001,-69.91302
4106587187.500001,-69.99236
4106588125.000001,-69.40045
4106589062.500001,-69.42753
4106590000.000001,-70.11873
4106590937.500001,-69.2515
4106591875.000001,-70.05705
4106592812.500001,-69.41264
4106593750.000001,-69.79617
4106594687.500001,-69.38802
4106595625.000001,-69.50625
4106596562.500001,-69.53873
4106597500.000001,-69.90154
4106598437.500001,-69.83127
4106599375.000001,-69.44541
4106600312.500001,-69.2946
4106601250.000001,-69.83603
4106602187.500001,-69.70412
4106603125.000001,-70.14005
4106604062.500001,-69.85526
4106605000.000001,-69.42631
4106605937.500001,-69.42722
4106606875.000001,-69.94558
4106607812.500001,-69.30866
4106608750.000001,-69.87077
4106609687.500001,-69.21766
4106610625.000001,-69.63067
4106611562.500001,-69.9975
4106612500.000001,-69.64143
4106613437.500001,-69.55618
4106614375.000001,-69.25372
4106615312.500001,-69.857
4106616250.000001,-69.60534
4106617187.500001,-69.47762
4106618125.000001,-70.32098
4106619062.500001,-69.47984
4106620000.000001,-69.40677
4106620937.500001,-69.80165
4106621875.000001,-69.20277
4106622812.500001,-69.26793
4106623750.000001,-69.25344
4106624687.500001,-69.21295
4106625625.000001,-69.68729
4106626562.500001,-69.25496
4106627500.000001,-69.88379
4106628437.500001,-69.79096
4106629375.000001,-69.82171
4106630312.500001,-69.73882
4106631250.000001,-69.74541
4106632187.500001,-70.12383
4106633125.000001,-69.77876
4106634062.500001,-69.70343
4106635000.000001,-69.06824
4106635937.500001,-69.40034
4106636875.000001,-70.25957
4106637812.500001,-69.49972
4106638750.000001,-69.63869
4106639687.500001,-69.68027
4106640625.000001,-69.63756
4106641562.500001,-70.46638
4106642500.000001,-70.38646
4106643437.500001,-69.46484
4106644375.000001,-69.48145
4106645312.500001,-69.656
4106646250.000001,-69.53861
4106647187.500001,-69.61674
4106648125.000001,-69.91199
4106649062.500001,-69.53941
4106650000.000001,-70.20917
4106650937.500001,-69.94671
4106651875.000001,-69.67233
4106652812.500001,-69.75251
4106653750.000001,-69.45624
4106654687.500001,-69.96135
4106655625.000001,-69.5507
4106656562.500001,-69.81893
4106657500.000001,-69.42572
4106658437.500001,-70.02287
4106659375.000001,-69.91507
4106660312.500001,-69.28046
4106661250.000001,-70.21913
4106662187.500001,-69.53578
4106663125.000001,-69.35209
4106664062.500001,-69.83523
4106665000.000001,-69.56736
4106665937.500001,-69.88325
4106666875.000001,-69.91221
4106667812.500001,-69.71224
4106668750.000001,-69.45795
4106669687.500001,-69.55746
4106670625.000001,-69.34719
4106671562.500001,-69.7932
4106672500.000001,-69.9917
4106673437.500001,-69.10205
4106674375.000001,-69.66223
4106675312.500001,-69.90432
4106676250.000001,-69.82799
4106677187.500001,-69.71797
4106678125.000001,-69.61022
4106679062.500001,-69.52116
4106680000.000001,-69.94487
4106680937.500001,-69.37846
4106681875.000001,-70.1389
4106682812.500001,-69.70287
4106683750.000001,-69.69247
4106684687.500001,-69.95591
4106685625.000001,-69.76506
4106686562.500001,-69.56487
4106687500.000001,-69.69508
4106688437.500001,-69.91245
4106689375.000001,-70.62523
4106690312.500001,-69.62119
4106691250.000001,-69.69802
4106692187.500001,-69.48901
4106693125.000001,-69.53201
4106694062.500001,-69.19853
4106695000.000001,-69.75705
4106695937.500001,-69.45959
4106696875.000001,-69.96101
4106697812.500001,-69.584
4106698750.000001,-69.80792
4106699687.500001,-69.79672
4106700625.000001,-68.97427
4106701562.500001,-69.78264
4106702500.000001,-69.86254
4106703437.500001,-69.82161
4106704375.000001,-69.78642
4106705312.500001,-69.72427
4106706250.000001,-69.8246
4106707187.500001,-69.75999
4106708125.000001,-69.3656
4106709062.500001,-69.71928
4106710000.000001,-70.16911
4106710937.500001,-69.97738
4106711875.000001,-69.413
4106712812.500001,-69.68481
4106713750.000001,-69.81306
4106714687.500001,-69.11628
4106715625.000001,-69.83178
4106716562.500001,-69.59408
4106717500.000001,-69.66999
4106718437.500001,-69.70234
4106719375.000001,-69.49367
4106720312.500001,-69.60074
4106721250.000001,-69.28802
4106722187.500001,-69.5107
4106723125.000001,-69.9886
4106724062.500001,-69.27436
4106725000.000001,-69.46159
4106725937.500001,-69.80505
4106726875.000001,-69.4254
4106727812.500001,-69.22482
4106728750.000001,-69.87164
4106729687.500001,-69.5889
4106730625.000001,-69.37446
4106731562.500001,-69.46022
4106732500.000001,-69.98475
4106733437.500001,-70.02534
4106734375.000001,-69.73182
4106735312.500001,-69.52294
4106736250.000001,-69.60807
4106737187.500001,-69.70799
4106738125.000001,-69.62883
4106739062.500001,-69.44359
4106740000.000001,-70.14062
4106740937.500001,-70.06337
4106741875.000001,-69.68941
4106742812.500001,-69.17731
4106743750.000001,-69.54321
4106744687.500001,-69.75954
4106745625.000001,-69.62903
4106746562.500001,-69.92843
4106747500.000001,-69.3172
4106748437.500001,-69.74346
4106749375.000001,-69.56628
4106750312.500001,-69.81236
4106751250.000001,-69.26929
4106752187.500001,-69.71305
4106753125.000001,-69.84576
4106754062.500001,-69.50348
4106755000.000001,-69.77705
4106755937.500001,-69.55807
4106756875.000001,-69.519
4106757812.500001,-69.1456
4106758750.000001,-69.83495
4106759687.500001,-70.07008
4106760625.000001,-69.62931
4106761562.500001,-69.6156
4106762500.000001,-69.56534
4106763437.500001,-69.42351
4106764375.000001,-69.95232
4106765312.500001,-69.32322
4106766250.000001,-70.31239
4106767187.500001,-69.55643
4106768125.000001,-69.65585
4106769062.500001,-70.01435
4106770000.000001,-69.31316
4106770937.500001,-69.54607
4106771875.000001,-69.34259
4106772812.500001,-69.13033
4106773750.000001,-69.02603
4106774687.500001,-70.0237
4106775625.000001,-69.82582
4106776562.500001,-69.79182
4106777500.000001,-69.65417
4106778437.500001,-69.80336
4106779375.000001,-69.702
4106780312.500001,-69.78588
4106781250.000001,-69.84722
4106782187.500001,-69.30666
4106783125.000001,-69.95496
4106784062.500001,-69.448
4106785000.000001,-70.2651
4106785937.500001,-69.47121
4106786875.000001,-69.43725
4106787812.500001,-69.29282
4106788750.000001,-69.35496
4106789687.500001,-69.63942
4106790625.000001,-69.55228
4106791562.500001,-69.99784
4106792500.000001,-69.54047
4106793437.500001,-69.6126
4106794375.000001,-69.2903
4106795312.500001,-69.69977
4106796250.000001,-69.45155
4106797187.500001,-69.7915
4106798125.000001,-69.4258
4106799062.500001,-69.52991
4106800000.000001,-69.56461
4106800937.500001,-69.70962
4106801875.000001,-69.73375
4106802812.500001,-69.59225
4106803750.000001,-70.01733
4106804687.500001,-69.32005
4106805625.000001,-69.80204
4106806562.500001,-69.20705
4106807500.000001,-69.52338
4106808437.500001,-69.25112
4106809375.000001,-69.40865
4106810312.500001,-69.54771
4106811250.000001,-69.36801
4106812187.500001,-69.57726
4106813125.000001,-69.48461
4106814062.500001,-69.45053
4106815000.000001,-69.83959
4106815937.500001,-69.7249
4106816875.000001,-69.53021
4106817812.500001,-69.2758
4106818750.000001,-69.6827
4106819687.500001,-69.78269
4106820625.000001,-69.33744
4106821562.500001,-69.63674
4106822500.000001,-69.39211
4106823437.500001,-69.67954
4106824375.000001,-69.63133
4106825312.500001,-69.55379
4106826250.000001,-69.81945
4106827187.500001,-69.69861
4106828125.000001,-69.92583
4106829062.500001,-69.55457
4106830000.000001,-70.08243
4106830937.500001,-69.40652
4106831875.000001,-69.37832
4106832812.500001,-69.41025
4106833750.000001,-70.02626
4106834687.500001,-69.44304
4106835625.000001,-69.87952
4106836562.500001,-69.64266
4106837500.000001,-69.49698
4106838437.500001,-69.66498
4106839375.000001,-68.75945
4106840312.500001,-69.29358
4106841250.000001,-69.38706
4106842187.500001,-69.51913
4106843125.000001,-69.28303
4106844062.500001,-69.45661
4106845000.000001,-69.36782
4106845937.500001,-70.1207
4106846875.000001,-69.25645
4106847812.500001,-69.8494
4106848750.000001,-69.28239
4106849687.500001,-70.06386
4106850625.000001,-69.21729
4106851562.500001,-69.29873
4106852500.000001,-68.90218
4106853437.500001,-70.05308
4106854375.000001,-69.28321
4106855312.500001,-70.05836
4106856250.000001,-69.18464
4106857187.500001,-69.49041
4106858125.000001,-69.44048
4106859062.500001,-69.43363
4106860000.000001,-69.69117
4106860937.500001,-69.22085
4106861875.000001,-69.33467
4106862812.500001,-69.20148
4106863750.000001,-69.54527
4106864687.500001,-69.71346
4106865625.000001,-69.24141
4106866562.500001,-69.51987
4106867500.000001,-69.9986
4106868437.500001,-69.43687
4106869375.000001,-69.76221
4106870312.500001,-69.71272
4106871250.000001,-69.37815
4106872187.500001,-69.63871
4106873125.000001,-69.71803
4106874062.500001,-69.2869
4106875000.000001,-69.98027
4106875937.500001,-69.10477
4106876875.000001,-70.19067
4106877812.500001,-69.64117
4106878750.000001,-69.85399
4106879687.500001,-69.70631
4106880625.000001,-69.75364
4106881562.500001,-69.05238
4106882500.000001,-70.07722
4106883437.500001,-69.71038
4106884375.000001,-69.55492
4106885312.500001,-69.20266
4106886250.000001,-69.52505
4106887187.500001,-69.4817
4106888125.000001,-69.84613
4106889062.500001,-69.16013
4106890000.000001,-70.04862
4106890937.500001,-69.05283
4106891875.000001,-69.15563
4106892812.500001,-69.19379
4106893750.000001,-70.06956
4106894687.500001,-69.1607
4106895625.000001,-69.51202
4106896562.500001,-69.3014
4106897500.000001,-69.88572
4106898437.500001,-70.03045
4106899375.000001,-69.52916
4106900312.500001,-69.26112
4106901250.000001,-69.44466
4106902187.500001,-69.75329
4106903125.000001,-69.49401
4106904062.500001,-69.18475
4106905000.000001,-68.99833
4106905937.500001,-69.62277
4106906875.000001,-69.84096
4106907812.500001,-70.21407
4106908750.000001,-69.13109
4106909687.500001,-69.74993
4106910625.000001,-69.83605
4106911562.500001,-70.07533
4106912500.000001,-69.05701
4106913437.500001,-69.35403
4106914375.000001,-69.4669
4106915312.500001,-69.44364
4106916250.000001,-69.61299
4106917187.500001,-69.48292
4106918125.000001,-69.54752
4106919062.500001,-69.39346
4106920000.000001,-69.41287
4106920937.500001,-69.40038
4106921875.000001,-69.95713
4106922812.500001,-69.86292
4106923750.000001,-69.57237
4106924687.500001,-69.87524
4106925625.000001,-69.67255
4106926562.500001,-69.16048
4106927500.000001,-69.35085
4106928437.500001,-69.87681
4106929375.000001,-69.55791
4106930312.500001,-69.94484
4106931250.000001,-69.61398
4106932187.500001,-69.41174
4106933125.000001,-69.46107
4106934062.500001,-69.89861
4106935000.000001,-69.3594
4106935937.500001,-69.63972
4106936875.000001,-69.52705
4106937812.500001,-69.75723
4106938750.000001,-69.57627
4106939687.500001,-69.91821
4106940625.000001,-68.86868
4106941562.500001,-69.13013
4106942500.000001,-69.65883
4106943437.500001,-69.71365
4106944375.000001,-69.19141
4106945312.500001,-69.90818
4106946250.000001,-69.85979
4106947187.500001,-69.46167
4106948125.000001,-69.46254
4106949062.500001,-69.28126
4106950000.000001,-69.86079
4106950937.500001,-70.29305
4106951875.000001,-69.45046
4106952812.500001,-70.08389
4106953750.000001,-69.71608
4106954687.500001,-69.39271
4106955625.000001,-69.41503
4106956562.500001,-69.2547
4106957500.000001,-69.18405
4106958437.500001,-69.57512
4106959375.000001,-69.19025
4106960312.500001,-69.49285
4106961250.000001,-69.69024
4106962187.500001,-69.48737
4106963125.000001,-69.73443
4106964062.500001,-69.59495
4106965000.000001,-69.59491
4106965937.500001,-68.93522
4106966875.000001,-69.97006
4106967812.500001,-69.35082
4106968750.000001,-70.01152
4106969687.500001,-69.61718
4106970625.000001,-69.3384
4106971562.500001,-69.37488
4106972500.000001,-69.76694
4106973437.500001,-69.52184
4106974375.000001,-69.60191
4106975312.500001,-69.22551
4106976250.000001,-69.96003
4106977187.500001,-69.74689
4106978125.000001,-69.93838
4106979062.500001,-69.35148
4106980000.000001,-69.46076
4106980937.500001,-69.26082
4106981875.000001,-69.25556
4106982812.500001,-69.63368
4106983750.000001,-69.7776
4106984687.500001,-68.98203
4106985625.000001,-69.29139
4106986562.500001,-69.86055
4106987500.000001,-70.04545
4106988437.500001,-69.3501
4106989375.000001,-69.37142
4106990312.500001,-69.80569
4106991250.000001,-69.24666
4106992187.500001,-69.4268
4106993125.000001,-69.38267
4106994062.500001,-69.40009
4106995000.000001,-69.63255
4106995937.500001,-68.93767
4106996875.000001,-68.78068
4106997812.500001,-69.8057
4106998750.000001,-69.53764
4106999687.500001,-69.49279
4107000625.000001,-69.41647
4107001562.500001,-69.55119
4107002500.000001,-69.63521
4107003437.500001,-69.64817
4107004375.000001,-68.84805
4107005312.500001,-69.62774
4107006250.000001,-69.02612
4107007187.500001,-69.55141
4107008125.000001,-69.53535
4107009062.500001,-69.43513
4107010000.000001,-69.1417
4107010937.500001,-69.80933
4107011875.000001,-69.18302
4107012812.500001,-69.27609
4107013750.000001,-68.80408
4107014687.500001,-69.63084
4107015625.000001,-69.23678
4107016562.500001,-69.87894
4107017500.000001,-69.0596
4107018437.500001,-69.34621
4107019375.000001,-69.60599
4107020312.500001,-70.15202
4107021250.000001,-69.04218
4107022187.500001,-69.55541
4107023125.000001,-69.73057
4107024062.500001,-69.49017
4107025000.000001,-69.50373
4107025937.500001,-69.38506
4107026875.000001,-69.66302
4107027812.500001,-69.30259
4107028750.000001,-69.20832
4107029687.500001,-69.4826
4107030625.000001,-69.60281
4107031562.500001,-69.26645
4107032500.000001,-68.88052
4107033437.500001,-69.63175
4107034375.000001,-69.1859
4107035312.500001,-69.14643
4107036250.000001,-69.79382
4107037187.500001,-69.2745
4107038125.000001,-69.20321
4107039062.500001,-69.07047
4107040000.000001,-69.32194
4107040937.500001,-69.64018
4107041875.000001,-69.66313
4107042812.500001,-69.69034
4107043750.000001,-69.69492
4107044687.500001,-69.54041
4107045625.000001,-68.93714
4107046562.500001,-69.42626
4107047500.000001,-69.57143
4107048437.500001,-69.55331
4107049375.000001,-69.3329
4107050312.500001,-69.33215
4107051250.000001,-69.19614
4107052187.500001,-69.7356
4107053125.000001,-69.68076
4107054062.500001,-69.66749
4107055000.000001,-69.52709
4107055937.500001,-69.51267
4107056875.000001,-69.82692
4107057812.500001,-69.76551
4107058750.000001,-69.33235
4107059687.500001,-69.67751
4107060625.000001,-69.43809
4107061562.500001,-69.30097
4107062500.000001,-69.44222
4107063437.500001,-68.74878
4107064375.000001,-69.46422
4107065312.500001,-69.60818
4107066250.000001,-69.80644
4107067187.500001,-70.23276
4107068125.000001,-70.12863
4107069062.500001,-69.88828
4107070000.000001,-68.94346
4107070937.500001,-69.10288
4107071875.000001,-69.50652
4107072812.500001,-69.65424
4107073750.000001,-69.78873
4107074687.500001,-69.14255
4107075625.000001,-69.36288
4107076562.500001,-69.4884
4107077500.000001,-69.53801
4107078437.500001,-69.05772
4107079375.000001,-70.00813
4107080312.500001,-69.9143
4107081250.000001,-69.57642
4107082187.500001,-69.33609
4107083125.000001,-69.4398
4107084062.500001,-69.22836
4107085000.000001,-69.3823
4107085937.500001,-69.43578
4107086875.000001,-69.88248
4107087812.500001,-69.4294
4107088750.000001,-69.40823
4107089687.500001,-69.30431
4107090625.000001,-69.39828
4107091562.500001,-69.20906
4107092500.000001,-69.39691
4107093437.500001,-69.85238
4107094375.000001,-69.59229
4107095312.500001,-69.29742
4107096250.000001,-69.51434
4107097187.500001,-69.55185
4107098125.000001,-69.51327
4107099062.500001,-69.70737
4107100000.000001,-69.5615
4107100937.500001,-69.42126
4107101875.000001,-69.53969
4107102812.500001,-69.20553
4107103750.000001,-68.96397
4107104687.500001,-69.36697
4107105625.000001,-69.10305
4107106562.500001,-69.36314
4107107500.000001,-69.46429
4107108437.500001,-69.39146
4107109375.000001,-69.64125
4107110312.500001,-69.52414
4107111250.000001,-69.23713
4107112187.500001,-69.3448
4107113125.000001,-69.2558
4107114062.500001,-69.43612
4107115000.000001,-69.55404
4107115937.500001,-69.328
4107116875.000001,-69.57084
4107117812.500001,-70.057
4107118750.000001,-69.52744
4107119687.500001,-68.86885
4107120625.000001,-68.81911
4107121562.500001,-69.3886
4107122500.000001,-69.73132
4107123437.500001,-69.1559
4107124375.000001,-69.56148
4107125312.500001,-69.11304
4107126250.000001,-69.30106
4107127187.500001,-69.72454
4107128125.000001,-69.56796
4107129062.500001,-69.12337
4107130000.000001,-69.78078
4107130937.500001,-69.28441
4107131875.000001,-69.45869
4107132812.500001,-69.25563
4107133750.000001,-69.90639
4107134687.500001,-69.12193
4107135625.000001,-69.40015
4107136562.500001,-69.38028
4107137500.000001,-69.99754
4107138437.500001,-68.97234
4107139375.000001,-68.89114
4107140312.500001,-69.29533
4107141250.000001,-69.12035
4107142187.500001,-69.49278
4107143125.000001,-69.43916
4107144062.500001,-69.11703
4107145000.000001,-69.32613
4107145937.500001,-69.13119
4107146875.000001,-69.36434
4107147812.500001,-69.14597
4107148750.000001,-69.72569
4107149687.500001,-69.32317
4107150625.000001,-69.01706
4107151562.500001,-68.92925
4107152500.000001,-69.69862
4107153437.500001,-69.20426
4107154375.000001,-69.76864
4107155312.500001,-69.68233
4107156250.000001,-69.75249
4107157187.500001,-69.19389
4107158125.000001,-69.45641
4107159062.500001,-69.40922
4107160000.000001,-69.75341
4107160937.500001,-69.28608
4107161875.000001,-69.25484
4107162812.500001,-69.26382
4107163750.000001,-69.12876
4107164687.500001,-69.05205
4107165625.000001,-69.59528
4107166562.500001,-69.45203
4107167500.000001,-69.77339
4107168437.500001,-69.68419
4107169375.000001,-69.59094
4107170312.500001,-69.05867
4107171250.000001,-69.10657
4107172187.500001,-69.75622
4107173125.000001,-69.40224
4107174062.500001,-69.38327
4107175000.000001,-69.49741
4107175937.500001,-69.89778
4107176875.000001,-69.43774
4107177812.500001,-68.99149
4107178750.000001,-69.53227
4107179687.500001,-68.86938
4107180625.000001,-69.85704
4107181562.500001,-69.13212
4107182500.000001,-69.18966
4107183437.500001,-69.28284
4107184375.000001,-69.45612
4107185312.500001,-69.02116
4107186250.000001,-69.59093
4107187187.500001,-69.36118
4107188125.000001,-69.29418
4107189062.500001,-69.18535
4107190000.000001,-68.95795
4107190937.500001,-69.79649
4107191875.000001,-69.25169
4107192812.500001,-69.15648
4107193750.000001,-69.17952
4107194687.500001,-69.35829
4107195625.000001,-69.48634
4107196562.500001,-69.4725
4107197500.000001,-69.01806
4107198437.500001,-69.03152
4107199375.000001,-69.9737
4107200312.500001,-69.32918
4107201250.000001,-69.2551
4107202187.500001,-69.15533
4107203125.000001,-69.56707
4107204062.500001,-69.13499
4107205000.000001,-69.05658
4107205937.500001,-69.75202
4107206875.000001,-69.09625
4107207812.500001,-68.75801
4107208750.000001,-70.00301
4107209687.500001,-69.04689
4107210625.000001,-69.51553
4107211562.500001,-70.05935
4107212500.000001,-69.10695
4107213437.500001,-69.16781
4107214375.000001,-69.52656
4107215312.500001,-69.73413
4107216250.000001,-69.41944
4107217187.500001,-70.06912
4107218125.000001,-69.83932
4107219062.500001,-69.46999
4107220000.000001,-69.18383
4107220937.500001,-69.61878
4107221875.000001,-69.099
4107222812.500001,-69.14413
4107223750.000001,-69.29504
4107224687.500001,-69.02857
4107225625.000001,-69.71098
4107226562.500001,-69.17857
4107227500.000001,-69.40866
4107228437.500001,-68.97054
4107229375.000001,-69.1505
4107230312.500001,-69.11895
4107231250.000001,-69.56133
4107232187.500001,-69.36834
4107233125.000001,-69.00925
4107234062.500001,-69.41402
4107235000.000001,-69.18823
4107235937.500001,-69.6043
4107236875.000001,-69.41382
4107237812.500001,-69.47755
4107238750.000001,-69.32319
4107239687.500001,-69.12747
4107240625.000001,-70.1779
4107241562.500001,-68.93751
4107242500.000001,-69.85012
4107243437.500001,-68.78656
4107244375.000001,-69.29277
4107245312.500001,-69.59606
4107246250.000001,-69.23058
4107247187.500001,-69.55322
4107248125.000001,-69.24482
4107249062.500001,-69.64325
4107250000.000001,-69.29242
4107250937.500001,-69.56396
4107251875.000001,-69.20099
4107252812.500001,-69.45891
4107253750.000001,-69.14652
4107254687.500001,-69.29813
4107255625.000001,-69.38087
4107256562.500001,-69.25722
4107257500.000001,-69.76185
4107258437.500001,-70.07336
4107259375.000001,-69.40967
4107260312.500001,-69.21078
4107261250.000001,-69.22006
4107262187.500001,-69.63474
4107263125.000001,-69.49117
4107264062.500001,-69.07855
4107265000.000001,-69.10244
4107265937.500001,-69.44281
4107266875.000001,-69.33533
4107267812.500001,-69.702
4107268750.000001,-69.29432
4107269687.500001,-69.06953
4107270625.000001,-69.39965
4107271562.500001,-69.70822
4107272500.000001,-68.94817
4107273437.500001,-69.32616
4107274375.000001,-69.51525
4107275312.500001,-69.43998
4107276250.000001,-69.42294
4107277187.500001,-69.61935
4107278125.000001,-69.90897
4107279062.500001,-69.367
4107280000.000001,-69.46207
4107280937.500001,-69.47619
4107281875.000001,-69.02534
4107282812.500001,-69.66418
4107283750.000001,-69.64958
4107284687.500001,-69.37483
4107285625.000001,-69.31065
4107286562.500001,-69.67867
4107287500.000001,-69.74751
4107288437.500001,-69.2034
4107289375.000001,-69.29733
4107290312.500001,-68.94483
4107291250.000001,-69.86006
4107292187.500001,-69.42676
4107293125.000001,-69.21313
4107294062.500001,-69.59462
4107295000.000001,-69.64416
4107295937.500001,-69.05675
4107296875.000001,-69.81052
4107297812.500001,-68.86047
4107298750.000001,-69.29688
4107299687.500001,-69.59631
4107300625.000001,-68.7585
4107301562.500001,-69.47933
4107302500.000001,-69.39671
4107303437.500001,-68.96216
4107304375.000001,-69.01575
4107305312.500001,-68.90944
4107306250.000001,-69.47497
4107307187.500001,-69.59737
4107308125.000001,-69.39556
4107309062.500001,-69.11418
4107310000.000001,-69.32122
4107310937.500001,-69.90102
4107311875.000001,-69.16922
4107312812.500001,-69.74576
4107313750.000001,-69.5098
4107314687.500001,-69.59712
4107315625.000001,-69.50076
4107316562.500001,-69.77262
4107317500.000001,-69.47274
4107318437.500001,-68.91515
4107319375.000001,-69.46393
4107320312.500001,-69.06475
4107321250.000001,-69.12364
4107322187.500001,-68.8502
4107323125.000001,-69.28052
4107324062.500001,-69.65691
4107325000.000001,-68.98125
4107325937.500001,-68.88797
4107326875.000001,-69.33132
4107327812.500001,-69.32912
4107328750.000001,-69.71564
4107329687.500001,-69.28462
4107330625.000001,-69.70582
4107331562.500001,-69.22642
4107332500.000001,-69.16014
4107333437.500001,-68.95404
4107334375.000001,-69.1446
4107335312.500001,-69.38157
4107336250.000001,-69.34787
4107337187.500001,-69.41743
4107338125.000001,-69.36143
4107339062.500001,-68.99834
4107340000.000001,-69.55818
4107340937.500001,-69.44231
4107341875.000001,-69.37315
4107342812.500001,-69.26533
4107343750.000001,-69.24135
4107344687.500001,-69.70733
4107345625.000001,-69.52388
4107346562.500001,-69.45493
4107347500.000001,-69.1001
4107348437.500001,-69.06962
4107349375.000001,-69.1814
4107350312.500001,-69.22328
4107351250.000001,-69.67265
4107352187.500001,-69.24724
4107353125.000001,-68.84415
4107354062.500001,-69.41242
4107355000.000001,-69.40732
4107355937.500001,-69.74422
4107356875.000001,-69.30791
4107357812.500001,-69.27376
4107358750.000001,-69.20824
4107359687.500001,-69.23144
4107360625.000001,-69.68101
4107361562.500001,-69.31806
4107362500.000001,-69.38907
4107363437.500001,-69.84179
4107364375.000001,-68.8139
4107365312.500001,-69.26675
4107366250.000001,-69.51511
4107367187.500001,-69.7208
4107368125.000001,-69.09979
4107369062.500001,-69.11024
4107370000.000001,-69.26635
4107370937.500001,-69.38116
4107371875.000001,-69.00446
4107372812.500001,-69.24172
4107373750.000001,-69.26904
4107374687.500001,-69.50713
4107375625.000001,-69.46315
4107376562.500001,-69.56547
4107377500.000001,-69.14346
4107378437.500001,-68.98778
4107379375.000001,-69.30597
4107380312.500001,-69.19948
4107381250.000001,-69.40241
4107382187.500001,-69.33614
4107383125.000001,-69.45373
4107384062.500001,-69.04511
4107385000.000001,-69.45254
4107385937.500001,-69.41846
4107386875.000001,-68.65282
4107387812.500001,-69.47312
4107388750.000001,-69.6385
4107389687.500001,-69.19569
4107390625.000001,-69.88389
4107391562.500001,-69.36194
4107392500.000001,-69.37946
4107393437.500001,-69.68506
4107394375.000001,-69.37425
4107395312.500001,-69.55582
4107396250.000001,-68.8801
4107397187.500001,-69.3588
4107398125.000001,-68.68445
4107399062.500001,-69.45779
4107400000.000001,-69.44788
4107400937.500001,-69.47337
4107401875.000001,-69.11872
4107402812.500001,-69.35011
4107403750.000001,-69.36684
4107404687.500001,-69.41869
4107405625.000001,-69.15495
4107406562.500001,-69.77806
4107407500.000001,-69.98775
4107408437.500001,-69.25849
4107409375.000001,-69.41944
4107410312.500001,-69.08662
4107411250.000001,-68.89729
4107412187.500001,-68.87267
4107413125.000001,-68.9779
4107414062.500001,-69.14556
4107415000.000001,-68.6871
4107415937.500001,-69.04259
4107416875.000001,-69.40385
4107417812.500001,-68.77916
4107418750.000001,-69.31922
4107419687.500001,-68.85828
4107420625.000001,-69.4826
4107421562.500001,-69.20724
4107422500.000001,-69.14049
4107423437.500001,-69.10664
4107424375.000001,-69.32056
4107425312.500001,-69.29322
4107426250.000001,-69.19538
4107427187.500001,-69.27665
4107428125.000001,-69.95009
4107429062.500001,-69.08847
4107430000.000001,-69.11172
4107430937.500001,-69.52198
4107431875.000001,-68.86983
4107432812.500001,-69.66865
4107433750.000001,-69.19433
4107434687.500001,-69.09045
4107435625.000001,-69.31945
4107436562.500001,-69.54813
4107437500.000001,-69.11871
4107438437.500001,-69.04137
4107439375.000001,-69.38084
4107440312.500001,-69.99125
4107441250.000001,-69.48677
4107442187.500001,-69.55465
4107443125.000001,-69.21246
4107444062.500001,-69.24006
4107445000.000001,-69.17648
4107445937.500001,-69.51312
4107446875.000001,-69.07926
4107447812.500001,-69.48167
4107448750.000001,-68.79597
4107449687.500001,-69.12726
4107450625.000001,-68.63397
4107451562.500001,-68.96645
4107452500.000001,-68.83023
4107453437.500001,-68.77345
4107454375.000001,-69.49288
4107455312.500001,-69.13055
4107456250.000001,-69.60241
4107457187.500001,-68.99095
4107458125.000001,-69.26993
4107459062.500001,-69.31866
4107460000.000001,-68.89565
4107460937.500001,-69.45508
4107461875.000001,-69.01844
4107462812.500001,-69.0929
4107463750.000001,-69.41734
4107464687.500001,-69.73013
4107465625.000001,-68.92448
4107466562.500001,-69.58278
4107467500.000001,-69.45255
4107468437.500001,-68.7702
4107469375.000001,-69.20392
4107470312.500001,-69.59357
4107471250.000001,-69.55969
4107472187.500001,-69.32919
4107473125.000001,-69.42865
4107474062.500001,-69.49805
4107475000.000001,-68.90658
4107475937.500001,-69.33388
4107476875.000001,-68.8349
4107477812.500001,-68.75002
4107478750.000001,-69.07059
4107479687.500001,-68.78075
4107480625.000001,-69.02832
4107481562.500001,-69.59637
4107482500.000001,-69.34412
4107483437.500001,-69.21724
4107484375.000001,-69.17588
4107485312.500001,-69.26897
4107486250.000001,-69.50085
4107487187.500001,-69.00482
4107488125.000001,-69.77045
4107489062.500001,-69.29745
4107490000.000001,-69.39668
4107490937.500001,-69.42483
4107491875.000001,-69.49046
4107492812.500001,-69.67424
4107493750.000001,-69.17606
4107494687.500001,-69.32672
4107495625.000001,-69.1402
4107496562.500001,-69.35979
4107497500.000001,-69.0284
4107498437.500001,-69.18013
4107499375.000001,-69.11931
4107500312.500001,-68.82658
4107501250.000001,-69.17747
4107502187.500001,-68.81015
4107503125.000001,-69.46449
4107504062.500001,-68.95155
4107505000.000001,-69.13116
4107505937.500001,-69.35136
4107506875.000001,-69.48815
4107507812.500001,-69.05859
4107508750.000001,-68.59199
4107509687.500001,-69.0912
4107510625.000001,-69.05279
4107511562.500001,-68.80595
4107512500.000001,-69.13382
4107513437.500001,-69.46617
4107514375.000001,-68.99001
4107515312.500001,-69.01002
4107516250.000001,-69.1917
4107517187.500001,-68.79135
4107518125.000001,-68.81791
4107519062.500001,-68.76521
4107520000.000001,-69.11459
4107520937.500001,-69.15785
4107521875.000001,-69.15998
4107522812.500001,-69.26431
4107523750.000001,-69.40304
4107524687.500001,-69.43159
4107525625.000001,-68.73451
4107526562.500001,-69.23703
4107527500.000001,-69.33169
4107528437.500001,-69.26806
4107529375.000001,-68.92702
4107530312.500001,-69.30819
4107531250.000001,-68.8103
4107532187.500001,-69.47707
4107533125.000001,-69.24951
4107534062.500001,-69.50848
4107535000.000001,-69.16085
4107535937.500001,-69.29296
4107536875.000001,-69.62697
4107537812.500001,-69.23322
4107538750.000001,-69.12991
4107539687.500001,-69.41827
4107540625.000001,-69.29217
4107541562.500001,-69.05334
4107542500.000001,-68.99874
4107543437.500001,-69.05072
4107544375.000001,-69.42156
4107545312.500001,-69.46939
4107546250.000001,-69.05738
4107547187.500001,-69.11152
4107548125.000001,-69.31178
4107549062.500001,-69.09495
4107550000.000001,-69.24883
4107550937.500001,-69.35264
4107551875.000001,-69.53196
4107552812.500001,-69.3498
4107553750.000001,-69.15875
4107554687.500001,-69.76891
4107555625.000001,-68.68223
4107556562.500001,-69.0429
4107557500.000001,-69.15456
4107558437.500001,-69.71239
4107559375.000001,-69.31493
4107560312.500001,-69.14868
4107561250.000001,-69.00337
4107562187.500001,-69.23058
4107563125.000001,-68.81622
4107564062.500001,-69.39558
4107565000.000001,-69.05087
4107565937.500001,-69.03774
4107566875.000001,-69.1635
4107567812.500001,-69.0881
4107568750.000001,-68.6788
4107569687.500001,-69.13199
4107570625.000001,-69.3289
4107571562.500001,-69.33519
4107572500.000001,-68.81591
4107573437.500001,-69.01176
4107574375.000001,-69.05141
4107575312.500001,-69.51286
4107576250.000001,-69.05233
4107577187.500001,-69.35195
4107578125.000001,-68.86712
4107579062.500001,-69.1796
4107580000.000001,-69.51131
4107580937.500001,-69.32997
4107581875.000001,-69.53323
4107582812.500001,-69.13427
4107583750.000001,-69.19023
4107584687.500001,-68.76187
4107585625.000001,-69.11388
4107586562.500001,-69.24699
4107587500.000001,-69.08986
4107588437.500001,-68.83706
4107589375.000001,-69.10283
4107590312.500001,-69.51887
4107591250.000001,-69.27233
4107592187.500001,-69.40745
4107593125.000001,-69.88752
4107594062.500001,-69.01145
4107595000.000001,-69.40508
4107595937.500001,-68.7332
4107596875.000001,-69.12074
4107597812.500001,-69.68334
4107598750.000001,-69.14793
4107599687.500001,-69.47676
4107600625.000001,-68.90798
4107601562.500001,-68.88992
4107602500.000001,-69.65092
4107603437.500001,-69.28121
4107604375.000001,-68.94016
4107605312.500001,-69.0468
4107606250.000001,-69.12641
4107607187.500001,-69.35071
4107608125.000001,-68.68965
4107609062.500001,-68.95604
4107610000.000001,-69.10523
4107610937.500001,-69.09196
4107611875.000001,-68.85072
4107612812.500001,-69.39222
4107613750.000001,-69.2598
4107614687.500001,-69.47671
4107615625.000001,-69.61229
4107616562.500001,-69.04298
4107617500.000001,-69.24312
4107618437.500001,-69.00157
4107619375.000001,-69.18613
4107620312.500001,-69.30039
4107621250.000001,-69.1701
4107622187.500001,-69.17675
4107623125.000001,-69.44474
4107624062.500001,-69.01031
4107625000.000001,-69.17542
4107625937.500001,-69.05508
4107626875.000001,-69.15546
4107627812.500001,-68.90932
4107628750.000001,-69.70668
4107629687.500001,-69.08649
4107630625.000001,-69.01283
4107631562.500001,-68.62561
4107632500.000001,-69.16698
4107633437.500001,-69.22584
4107634375.000001,-69.23478
4107635312.500001,-69.19727
4107636250.000001,-69.12294
4107637187.500001,-69.31512
4107638125.000001,-68.88789
4107639062.500001,-68.92714
4107640000.000001,-69.10547
4107640937.500001,-69.41291
4107641875.000001,-69.40207
4107642812.500001,-69.717
4107643750.000001,-68.95143
4107644687.500001,-68.74287
4107645625.000001,-69.0197
4107646562.500001,-69.14124
4107647500.000001,-69.02249
4107648437.500001,-68.60955
4107649375.000001,-68.6955
4107650312.500001,-69.20831
4107651250.000001,-68.85886
4107652187.500001,-69.23932
4107653125.000001,-69.1032
4107654062.500001,-68.9187
4107655000.000001,-69.24773
4107655937.500001,-68.67798
4107656875.000001,-69.36241
4107657812.500001,-68.62331
4107658750.000001,-69.26956
4107659687.500001,-69.30995
4107660625.000001,-68.8074
4107661562.500001,-68.86021
4107662500.000001,-68.61674
4107663437.500001,-69.53598
4107664375.000001,-69.36813
4107665312.500001,-69.32636
4107666250.000001,-68.93487
4107667187.500001,-69.18903
4107668125.000001,-69.20663
4107669062.500001,-69.29226
4107670000.000001,-68.74675
4107670937.500001,-68.81253
4107671875.000001,-68.78283
4107672812.500001,-68.87767
4107673750.000001,-69.06216
4107674687.500001,-69.41228
4107675625.000001,-68.83009
4107676562.500001,-68.90866
4107677500.000001,-69.03996
4107678437.500001,-69.21351
4107679375.000001,-70.00197
4107680312.500001,-68.78104
4107681250.000001,-68.48991
4107682187.500001,-68.99744
4107683125.000001,-68.64899
4107684062.500001,-69.56295
4107685000.000001,-68.73689
4107685937.500001,-68.97529
4107686875.000001,-69.28865
4107687812.500001,-69.38587
4107688750.000001,-69.69228
4107689687.500001,-69.47117
4107690625.000001,-69.1753
4107691562.500001,-69.62521
4107692500.000001,-69.52368
4107693437.500001,-69.09611
4107694375.000001,-68.98552
4107695312.500001,-69.36804
4107696250.000001,-69.32915
4107697187.500001,-68.8853
4107698125.000001,-68.96741
4107699062.500001,-68.8989
4107700000.000001,-68.83273
4107700937.500001,-69.34709
4107701875.000001,-69.34769
4107702812.500001,-68.7987
4107703750.000001,-69.1234
4107704687.500001,-68.97721
4107705625.000001,-69.68591
4107706562.500001,-69.33354
4107707500.000001,-69.58184
4107708437.500001,-69.03357
4107709375.000001,-69.03896
4107710312.500001,-68.91228
4107711250.000001,-68.93545
4107712187.500001,-69.47544
4107713125.000001,-69.00043
4107714062.500001,-69.28488
4107715000.000001,-68.87878
4107715937.500001,-68.80476
4107716875.000001,-69.47737
4107717812.500001,-68.89157
4107718750.000001,-69.2144
4107719687.500001,-68.93794
4107720625.000001,-68.59626
4107721562.500001,-68.60355
4107722500.000001,-68.99854
4107723437.500001,-69.17738
4107724375.000001,-69.08845
4107725312.500001,-68.88062
4107726250.000001,-69.26289
4107727187.500001,-69.28204
4107728125.000001,-69.49052
4107729062.500001,-68.96413
4107730000.000001,-69.55149
4107730937.500001,-68.93706
4107731875.000001,-69.10973
4107732812.500001,-69.17136
4107733750.000001,-69.17339
4107734687.500001,-69.11414
4107735625.000001,-69.60482
4107736562.500001,-69.56865
4107737500.000001,-69.12009
4107738437.500001,-68.74893
4107739375.000001,-69.10871
4107740312.500001,-68.88828
4107741250.000001,-68.59203
4107742187.500001,-69.28738
4107743125.000001,-69.22213
4107744062.500001,-68.88899
4107745000.000001,-69.12286
4107745937.500001,-68.93681
4107746875.000001,-69.49068
4107747812.500001,-69.39426
4107748750.000001,-69.47237
4107749687.500001,-68.91295
4107750625.000001,-68.81862
4107751562.500001,-69.10963
4107752500.000001,-68.94427
4107753437.500001,-68.88823
4107754375.000001,-69.73921
4107755312.500001,-69.13301
4107756250.000001,-69.63026
4107757187.500001,-68.91809
4107758125.000001,-68.52643
4107759062.500001,-69.05126
4107760000.000001,-68.97598
4107760937.500001,-69.04189
4107761875.000001,-69.15615
4107762812.500001,-69.41333
4107763750.000001,-69.49656
4107764687.500001,-68.8242
4107765625.000001,-68.82123
4107766562.500001,-69.59383
4107767500.000001,-68.88377
4107768437.500001,-69.12193
4107769375.000001,-69.15666
4107770312.500001,-69.11752
4107771250.000001,-68.96009
4107772187.500001,-69.14048
4107773125.000001,-69.33034
4107774062.500001,-68.4862
4107775000.000001,-68.97954
4107775937.500001,-69.21399
4107776875.000001,-69.19528
4107777812.500001,-69.23921
4107778750.000001,-68.8826
4107779687.500001,-69.42233
4107780625.000001,-69.33614
4107781562.500001,-69.53648
4107782500.000001,-68.4793
4107783437.500001,-69.16634
4107784375.000001,-69.40704
4107785312.500001,-69.54108
4107786250.000001,-69.34649
4107787187.500001,-68.5081
4107788125.000001,-69.19174
4107789062.500001,-69.30764
4107790000.000001,-69.49526
4107790937.500001,-68.81492
4107791875.000001,-69.1798
4107792812.500001,-69.10207
4107793750.000001,-68.70185
4107794687.500001,-69.20634
4107795625.000001,-69.14087
4107796562.500001,-68.47377
4107797500.000001,-69.36224
4107798437.500001,-69.17559
4107799375.000001,-68.73071
4107800312.500001,-69.05025
4107801250.000001,-69.25191
4107802187.500001,-69.36929
4107803125.000001,-68.89191
4107804062.500001,-68.95589
4107805000.000001,-69.70878
4107805937.500001,-68.97131
4107806875.000001,-68.74771
4107807812.500001,-68.86728
4107808750.000001,-69.39304
4107809687.500001,-69.15273
4107810625.000001,-68.63486
4107811562.500001,-69.24693
4107812500.000001,-69.24696
4107813437.500001,-69.35895
4107814375.000001,-69.19996
4107815312.500001,-69.50851
4107816250.000001,-68.82095
4107817187.500001,-69.01516
4107818125.000001,-69.19198
4107819062.500001,-68.97536
4107820000.000001,-68.81893
4107820937.500001,-69.19125
4107821875.000001,-68.65896
4107822812.500001,-69.11653
4107823750.000001,-69.48765
4107824687.500001,-68.78717
4107825625.000001,-68.58298
4107826562.500001,-68.77164
4107827500.000001,-69.29193
4107828437.500001,-69.08027
4107829375.000001,-68.95586
4107830312.500001,-69.06346
4107831250.000001,-69.2348
4107832187.500001,-69.05521
4107833125.000001,-69.21304
4107834062.500001,-68.71965
4107835000.000001,-68.80783
4107835937.500001,-68.89073
4107836875.000001,-68.56382
4107837812.500001,-68.70011
4107838750.000001,-68.80444
4107839687.500001,-68.81683
4107840625.000001,-68.96702
4107841562.500001,-69.3409
4107842500.000001,-68.81587
4107843437.500001,-68.91044
4107844375.000001,-69.21159
4107845312.500001,-69.01086
4107846250.000001,-69.10121
4107847187.500001,-69.30148
4107848125.000001,-69.49577
4107849062.500001,-69.53909
4107850000.000001,-68.50303
4107850937.500001,-68.64986
4107851875.000001,-69.20001
4107852812.500001,-69.06376
4107853750.000001,-68.75675
4107854687.500001,-69.13011
4107855625.000001,-69.11211
4107856562.500001,-68.95377
4107857500.000001,-68.74931
4107858437.500001,-68.74487
4107859375.000001,-69.14062
4107860312.500001,-69.104
4107861250.000001,-69.37321
4107862187.500001,-68.81857
4107863125.000001,-69.21927
4107864062.500001,-68.67691
4107865000.000001,-69.07091
4107865937.500001,-68.90648
4107866875.000001,-68.97012
4107867812.500001,-69.17499
4107868750.000001,-69.06063
4107869687.500001,-69.30598
4107870625.000001,-68.63765
4107871562.500001,-68.92288
4107872500.000001,-69.08539
4107873437.500001,-68.47997
4107874375.000001,-68.67212
4107875312.500001,-68.97245
4107876250.000001,-69.10022
4107877187.500001,-68.67549
4107878125.000001,-68.80132
4107879062.500001,-69.07784
4107880000.000001,-69.07143
4107880937.500001,-69.09241
4107881875.000001,-68.62242
4107882812.500001,-69.19333
4107883750.000001,-68.84522
4107884687.500001,-69.56979
4107885625.000001,-69.26994
4107886562.500001,-68.87551
4107887500.000001,-69.40718
4107888437.500001,-69.14248
4107889375.000001,-69.27348
4107890312.500001,-68.80426
4107891250.000001,-69.14431
4107892187.500001,-68.85111
4107893125.000001,-69.13835
4107894062.500001,-69.46552
4107895000.000001,-68.61235
4107895937.500001,-68.79858
4107896875.000001,-68.96088
4107897812.500001,-68.64145
4107898750.000001,-69.27786
4107899687.500001,-68.96318
4107900625.000001,-69.2915
4107901562.500001,-69.44234
4107902500.000001,-68.871
4107903437.500001,-69.57729
4107904375.000001,-69.30618
4107905312.500001,-68.90256
4107906250.000001,-69.38507
4107907187.500001,-68.56106
4107908125.000001,-68.92775
4107909062.500001,-68.75541
4107910000.000001,-69.29008
4107910937.500001,-69.34668
4107911875.000001,-69.10622
4107912812.500001,-69.05957
4107913750.000001,-68.73236
4107914687.500001,-69.25494
4107915625.000001,-68.87341
4107916562.500001,-69.12814
4107917500.000001,-68.87335
4107918437.500001,-69.03728
4107919375.000001,-69.22327
4107920312.500001,-68.99174
4107921250.000001,-68.54371
4107922187.500001,-69.38329
4107923125.000001,-69.28046
4107924062.500001,-68.88033
4107925000.000001,-69.24994
4107925937.500001,-68.96204
4107926875.000001,-68.66564
4107927812.500001,-69.1496
4107928750.000001,-68.86225
4107929687.500001,-69.41282
4107930625.000001,-68.9545
4107931562.500001,-68.86337
4107932500.000001,-68.88457
4107933437.500001,-68.50263
4107934375.000001,-68.82318
4107935312.500001,-68.92342
4107936250.000001,-69.3033
4107937187.500001,-68.62855
4107938125.000001,-69.2225
4107939062.500001,-69.01048
4107940000.000001,-68.82845
4107940937.500001,-68.97654
4107941875.000001,-68.79404
4107942812.500001,-69.08375
4107943750.000001,-68.61106
4107944687.500001,-68.99593
4107945625.000001,-68.86538
4107946562.500001,-68.98827
4107947500.000001,-69.2677
4107948437.500001,-69.62189
4107949375.000001,-68.56873
4107950312.500001,-68.83802
4107951250.000001,-68.72035
4107952187.500001,-68.89596
4107953125.000001,-69.09958
4107954062.500001,-68.71304
4107955000.000001,-68.81763
4107955937.500001,-68.93937
4107956875.000001,-69.08969
4107957812.500001,-68.93039
4107958750.000001,-68.78465
4107959687.500001,-68.99016
4107960625.000001,-69.28101
4107961562.500001,-69.17955
4107962500.000001,-68.78324
4107963437.500001,-68.96915
4107964375.000001,-68.57421
4107965312.500001,-69.34673
4107966250.000001,-69.24353
4107967187.500001,-68.7752
4107968125.000001,-69.35769
4107969062.500001,-68.94093
4107970000.000001,-69.0683
4107970937.500001,-68.62151
4107971875.000001,-68.91301
4107972812.500001,-69.32039
4107973750.000001,-69.18439
4107974687.500001,-68.48843
4107975625.000001,-68.7328
4107976562.500001,-68.70542
4107977500.000001,-68.8384
4107978437.500001,-68.8457
4107979375.000001,-68.68189
4107980312.500001,-68.94774
4107981250.000001,-68.74129
4107982187.500001,-68.87011
4107983125.000001,-69.16047
4107984062.500001,-69.00098
4107985000.000001,-69.02091
4107985937.500001,-68.96047
4107986875.000001,-68.97835
4107987812.500001,-68.80089
4107988750.000001,-68.79648
4107989687.500001,-69.00538
4107990625.000001,-69.21754
4107991562.500001,-69.36998
4107992500.000001,-68.72734
4107993437.500001,-68.65064
4107994375.000001,-69.19057
4107995312.500001,-69.35437
4107996250.000001,-69.02134
4107997187.500001,-68.93609
4107998125.000001,-68.99998
4107999062.500001,-69.17218
4108000000.000001,-68.69031
4108000937.500001,-69.22422
4108001875.000001,-68.64796
4108002812.500001,-69.32234
4108003750.000001,-69.24883
4108004687.500001,-68.56245
4108005625.000001,-68.27412
4108006562.500001,-69.49762
4108007500.000001,-69.29207
4108008437.500001,-68.62968
4108009375.000001,-69.42573
4108010312.500001,-69.0902
4108011250.000001,-68.83178
4108012187.500001,-68.89839
4108013125.000001,-68.98496
4108014062.500001,-69.19974
4108015000.000001,-68.82303
4108015937.500001,-69.03406
4108016875.000001,-68.98273
4108017812.500001,-68.7597
4108018750.000001,-69.29986
4108019687.500001,-68.99226
4108020625.000001,-69.16131
4108021562.500001,-68.71028
4108022500.000001,-69.34035
4108023437.500001,-68.50449
4108024375.000001,-68.85746
4108025312.500001,-68.9632
4108026250.000001,-68.91667
4108027187.500001,-68.98614
4108028125.000001,-68.83644
4108029062.500001,-68.86378
4108030000.000001,-69.10404
4108030937.500001,-68.76991
4108031875.000001,-69.00863
4108032812.500001,-69.00541
4108033750.000001,-69.16446
4108034687.500001,-69.49323
4108035625.000001,-68.92357
4108036562.500001,-69.18993
4108037500.000001,-68.88007
4108038437.500001,-69.09054
4108039375.000001,-68.8987
4108040312.500001,-68.90725
4108041250.000001,-69.27892
4108042187.500001,-68.58072
4108043125.000001,-69.38547
4108044062.500001,-69.17512
4108045000.000001,-68.63116
4108045937.500001,-68.98927
4108046875.000001,-69.20573
4108047812.500001,-68.57414
4108048750.000001,-68.71919
4108049687.500001,-68.67039
4108050625.000001,-68.84905
4108051562.500001,-69.1148
4108052500.000001,-69.28239
4108053437.500001,-69.45062
4108054375.000001,-68.93938
4108055312.500001,-68.84139
4108056250.000001,-68.76141
4108057187.500001,-68.53555
4108058125.000001,-68.64925
4108059062.500001,-68.99399
4108060000.000001,-68.89524
4108060937.500001,-68.55523
4108061875.000001,-69.33033
4108062812.500001,-69.08865
4108063750.000001,-68.85114
4108064687.500001,-68.73461
4108065625.000001,-68.95631
4108066562.500001,-68.35963
4108067500.000001,-68.87012
4108068437.500001,-68.38574
4108069375.000001,-69.12856
4108070312.500001,-69.1475
4108071250.000001,-68.85532
4108072187.500001,-68.66198
4108073125.000001,-69.00537
4108074062.500001,-68.54376
4108075000.000001,-68.73714
4108075937.500001,-68.48911
4108076875.000001,-69.47692
4108077812.500001,-69.17838
4108078750.000001,-68.92322
4108079687.500001,-68.76205
4108080625.000001,-69.71091
4108081562.500001,-68.52669
4108082500.000001,-68.91714
4108083437.500001,-69.03802
4108084375.000001,-69.12379
4108085312.500001,-68.705
4108086250.000001,-68.56594
4108087187.500001,-68.48051
4108088125.000001,-69.00443
4108089062.500001,-68.68702
4108090000.000001,-68.70303
4108090937.500001,-69.07864
4108091875.000001,-68.72524
4108092812.500001,-69.27023
4108093750.000001,-68.58674
4108094687.500001,-69.19301
4108095625.000001,-68.48025
4108096562.500001,-69.07952
4108097500.000001,-68.87601
4108098437.500001,-68.68639
4108099375.000001,-68.95209
4108100312.500001,-68.91704
4108101250.000001,-69.45134
4108102187.500001,-68.89903
4108103125.000001,-68.81736
4108104062.500001,-69.1838
4108105000.000001,-68.93001
4108105937.500001,-68.83155
4108106875.000001,-68.80735
4108107812.500001,-69.11412
4108108750.000001,-68.72973
4108109687.500001,-69.09112
4108110625.000001,-68.72581
4108111562.500001,-68.8775
4108112500.000001,-69.18323
4108113437.500001,-68.74023
4108114375.000001,-68.96115
4108115312.500001,-68.40197
4108116250.000001,-68.69392
4108117187.500001,-68.84212
4108118125.000001,-69.32714
4108119062.500001,-69.09943
4108120000.000001,-68.61575
4108120937.500001,-69.33157
4108121875.000001,-68.48898
4108122812.500001,-68.79069
4108123750.000001,-68.70316
4108124687.500001,-69.03613
4108125625.000001,-68.56874
4108126562.500001,-68.73656
4108127500.000001,-68.74678
4108128437.500001,-68.94482
4108129375.000001,-69.34015
4108130312.500001,-68.75185
4108131250.000001,-69.2345
4108132187.500001,-68.71342
4108133125.000001,-68.1045
4108134062.500001,-68.75104
4108135000.000001,-68.47923
4108135937.500001,-68.97465
4108136875.000001,-68.83017
4108137812.500001,-68.67533
4108138750.000001,-69.25758
4108139687.500001,-69.02942
4108140625.000001,-68.74728
4108141562.500001,-68.59843
4108142500.000001,-68.99899
4108143437.500001,-69.21728
4108144375.000001,-68.5257
4108145312.500001,-68.92809
4108146250.000001,-68.73901
4108147187.500001,-69.00722
4108148125.000001,-68.93713
4108149062.500001,-68.80723
4108150000.000001,-68.52361
4108150937.500001,-68.94949
4108151875.000001,-68.81921
4108152812.500001,-68.80602
4108153750.000001,-68.61292
4108154687.500001,-69.1069
4108155625.000001,-68.9358
4108156562.500001,-68.64103
4108157500.000001,-68.77634
4108158437.500001,-69.02629
4108159375.000001,-69.04707
4108160312.500001,-69.07032
4108161250.000001,-68.79497
4108162187.500001,-68.95364
4108163125.000001,-69.21039
4108164062.500001,-69.01913
4108165000.000001,-68.35696
4108165937.500001,-68.79392
4108166875.000001,-68.71461
4108167812.500001,-68.86484
4108168750.000001,-69.37121
4108169687.500001,-68.90697
4108170625.000001,-69.13148
4108171562.500001,-68.90865
4108172500.000001,-68.75582
4108173437.500001,-68.57717
4108174375.000001,-68.54716
4108175312.500001,-68.75919
4108176250.000001,-68.89478
4108177187.500001,-69.09988
4108178125.000001,-68.50903
4108179062.500001,-69.29448
4108180000.000001,-69.04227
4108180937.500001,-68.92461
4108181875.000001,-68.48367
4108182812.500001,-69.08414
4108183750.000001,-68.77642
4108184687.500001,-68.84362
4108185625.000001,-69.26958
4108186562.500001,-68.61042
4108187500.000001,-69.39085
4108188437.500001,-68.7837
4108189375.000001,-68.31159
4108190312.500001,-68.89011
4108191250.000001,-68.90406
4108192187.500001,-68.69384
4108193125.000001,-68.74852
4108194062.500001,-69.1583
4108195000.000001,-68.60507
4108195937.500001,-68.58142
4108196875.000001,-68.59335
4108197812.500001,-69.16911
4108198750.000001,-69.05745
4108199687.500001,-69.02637
4108200625.000001,-68.93603
4108201562.500001,-68.81981
4108202500.000001,-68.9669
4108203437.500001,-68.84885
4108204375.000001,-68.96304
4108205312.500001,-68.66613
4108206250.000001,-68.90734
4108207187.500001,-67.90876
4108208125.000001,-68.9063
4108209062.500001,-68.80147
4108210000.000001,-69.29464
4108210937.500001,-69.10318
4108211875.000001,-68.9043
4108212812.500001,-68.51299
4108213750.000001,-68.61495
4108214687.500001,-68.86038
4108215625.000001,-68.69164
4108216562.500001,-68.64668
4108217500.000001,-68.50132
4108218437.500001,-69.02733
4108219375.000001,-68.85143
4108220312.500001,-68.94865
4108221250.000001,-69.03734
4108222187.500001,-68.90417
4108223125.000001,-69.07741
4108224062.500001,-68.39444
4108225000.000001,-68.57177
4108225937.500001,-69.03854
4108226875.000001,-69.10242
4108227812.500001,-68.61116
4108228750.000001,-68.66797
4108229687.500001,-68.8274
4108230625.000001,-68.86636
4108231562.500001,-69.08853
4108232500.000001,-68.62088
4108233437.500001,-69.03645
4108234375.000001,-68.77381
4108235312.500001,-68.58679
4108236250.000001,-68.408
4108237187.500001,-68.77098
4108238125.000001,-68.67802
4108239062.500001,-68.47095
4108240000.000001,-68.66142
4108240937.500001,-68.79738
4108241875.000001,-68.78293
4108242812.500001,-68.71452
4108243750.000001,-68.88172
4108244687.500001,-69.13807
4108245625.000001,-69.19442
4108246562.500001,-68.89329
4108247500.000001,-68.74734
4108248437.500001,-68.55855
4108249375.000001,-68.80211
4108250312.500001,-68.51537
4108251250.000001,-68.58099
4108252187.500001,-68.46645
4108253125.000001,-68.49548
4108254062.500001,-68.74155
4108255000.000001,-68.44462
4108255937.500001,-68.9182
4108256875.000001,-68.9299
4108257812.500001,-68.61784
4108258750.000001,-68.73401
4108259687.500001,-68.78519
4108260625.000001,-68.7232
4108261562.500001,-68.68398
4108262500.000001,-68.51876
4108263437.500001,-68.83447
4108264375.000001,-68.37559
4108265312.500001,-69.04384
4108266250.000001,-68.75311
4108267187.500001,-68.9282
4108268125.000001,-68.54681
4108269062.500001,-68.77052
4108270000.000001,-68.41405
4108270937.500001,-68.95267
4108271875.000001,-68.80229
4108272812.500001,-68.74369
4108273750.000001,-68.76237
4108274687.500001,-68.81137
4108275625.000001,-68.89001
4108276562.500001,-68.97054
4108277500.000001,-69.17222
4108278437.500001,-68.91772
4108279375.000001,-68.5965
4108280312.500001,-68.42412
4108281250.000001,-68.88357
4108282187.500001,-68.45673
4108283125.000001,-68.08152
4108284062.500001,-68.79433
4108285000.000001,-68.58226
4108285937.500001,-68.84512
4108286875.000001,-69.15553
4108287812.500001,-68.72655
4108288750.000001,-69.38789
4108289687.500001,-68.56994
4108290625.000001,-68.9517
4108291562.500001,-68.57417
4108292500.000001,-68.80446
4108293437.500001,-69.62361
4108294375.000001,-68.95504
4108295312.500001,-69.17339
4108296250.000001,-68.74722
4108297187.500001,-68.81091
4108298125.000001,-69.05217
4108299062.500001,-68.97369
4108300000.000001,-68.68411
4108300937.500001,-68.79556
4108301875.000001,-68.88318
4108302812.500001,-68.72569
4108303750.000001,-68.92339
4108304687.500001,-68.70357
4108305625.000001,-69.02881
4108306562.500001,-69.04485
4108307500.000001,-69.13753
4108308437.500001,-68.42001
4108309375.000001,-69.12064
4108310312.500001,-68.97115
4108311250.000001,-68.8633
4108312187.500001,-68.88057
4108313125.000001,-68.91844
4108314062.500001,-68.55715
4108315000.000001,-68.74558
4108315937.500001,-69.174
4108316875.000001,-68.41364
4108317812.500001,-69.05445
4108318750.000001,-68.84192
4108319687.500001,-68.26235
4108320625.000001,-68.86158
4108321562.500001,-68.5993
4108322500.000001,-68.64883
4108323437.500001,-68.74348
4108324375.000001,-68.51011
4108325312.500001,-68.49892
4108326250.000001,-68.85449
4108327187.500001,-69.02837
4108328125.000001,-68.61528
4108329062.500001,-68.7336
4108330000.000001,-68.45171
4108330937.500001,-68.99934
4108331875.000001,-68.65178
4108332812.500001,-68.38997
4108333750.000001,-69.00231
4108334687.500001,-68.66446
4108335625.000001,-68.60554
4108336562.500001,-68.21263
4108337500.000001,-68.68477
4108338437.500001,-68.18314
4108339375.000001,-68.52886
4108340312.500001,-68.54642
4108341250.000001,-69.23611
4108342187.500001,-69.38435
4108343125.000001,-68.78901
4108344062.500001,-68.97738
4108345000.000001,-68.68678
4108345937.500001,-68.48914
4108346875.000001,-69.07739
4108347812.500001,-68.73484
4108348750.000001,-68.83829
4108349687.500001,-68.80454
4108350625.000001,-68.70401
4108351562.500001,-68.53539
4108352500.000001,-68.77998
4108353437.500001,-68.64664
4108354375.000001,-69.17303
4108355312.500001,-69.14849
4108356250.000001,-68.60713
4108357187.500001,-68.69798
4108358125.000001,-68.75117
4108359062.500001,-69.02587
4108360000.000001,-69.13005
4108360937.500001,-68.43327
4108361875.000001,-69.43127
4108362812.500001,-68.82838
4108363750.000001,-69.13787
4108364687.500001,-68.20518
4108365625.000001,-68.72026
4108366562.500001,-68.52061
4108367500.000001,-68.534
4108368437.500001,-68.79912
4108369375.000001,-68.58913
4108370312.500001,-68.91833
4108371250.000001,-68.46835
4108372187.500001,-68.71589
4108373125.000001,-68.82317
4108374062.500001,-68.61501
4108375000.000001,-69.19105
4108375937.500001,-69.28642
4108376875.000001,-68.82347
4108377812.500001,-69.00761
4108378750.000001,-68.82796
4108379687.500001,-68.69411
4108380625.000001,-68.43079
4108381562.500001,-68.84502
4108382500.000001,-68.56216
4108383437.500001,-69.21722
4108384375.000001,-68.43176
4108385312.500001,-68.41998
4108386250.000001,-68.57455
4108387187.500001,-68.74054
4108388125.000001,-68.68597
4108389062.500001,-68.73566
4108390000.000001,-69.15462
4108390937.500001,-69.06572
4108391875.000001,-68.4712
4108392812.500001,-68.60866
4108393750.000001,-68.91447
4108394687.500001,-69.42833
4108395625.000001,-68.28017
4108396562.500001,-68.69364
4108397500.000001,-68.91401
4108398437.500001,-68.52951
4108399375.000001,-68.437
4108400312.500001,-68.37503
4108401250.000001,-68.64185
4108402187.500001,-68.50108
4108403125.000001,-68.61572
4108404062.500001,-68.84108
4108405000.000001,-68.87769
4108405937.500001,-68.28753
4108406875.000001,-68.90736
4108407812.500001,-68.65692
4108408750.000001,-68.49624
4108409687.500001,-68.57127
4108410625.000001,-69.07459
4108411562.500001,-68.52312
4108412500.000001,-68.53924
4108413437.500001,-68.40381
4108414375.000001,-68.57006
4108415312.500001,-68.72903
4108416250.000001,-68.35621
4108417187.500001,-68.48959
4108418125.000001,-68.59682
4108419062.500001,-68.75654
4108420000.000001,-68.44707
4108420937.500001,-68.89829
4108421875.000001,-68.78561
4108422812.500001,-68.42353
4108423750.000001,-68.46774
4108424687.500001,-68.48912
4108425625.000001,-68.42657
4108426562.500001,-68.96057
4108427500.000001,-68.87252
4108428437.500001,-68.44224
4108429375.000001,-68.93759
4108430312.500001,-69.08592
4108431250.000001,-68.71897
4108432187.500001,-68.63586
4108433125.000001,-68.33794
4108434062.500001,-68.60427
4108435000.000001,-68.55126
4108435937.500001,-68.92872
4108436875.000001,-68.77779
4108437812.500001,-68.799
4108438750.000001,-68.5113
4108439687.500001,-69.16722
4108440625.000001,-68.78383
4108441562.500001,-68.54749
4108442500.000001,-69.01304
4108443437.500001,-68.71956
4108444375.000001,-68.36408
4108445312.500001,-68.78592
4108446250.000001,-68.61919
4108447187.500001,-68.83482
4108448125.000001,-68.93086
4108449062.500001,-68.70176
4108450000.000001,-68.50407
4108450937.500001,-68.49928
4108451875.000001,-68.57833
4108452812.500001,-68.97972
4108453750.000001,-68.86105
4108454687.500001,-69.00241
4108455625.000001,-68.51933
4108456562.500001,-68.0745
4108457500.000001,-68.16913
4108458437.500001,-68.61523
4108459375.000001,-68.64827
4108460312.500001,-68.60817
4108461250.000001,-68.80795
4108462187.500001,-68.46673
4108463125.000001,-68.98116
4108464062.500001,-68.70068
4108465000.000001,-68.58836
4108465937.500001,-68.83659
4108466875.000001,-68.44892
4108467812.500001,-68.52997
4108468750.000001,-68.94396
4108469687.500001,-68.53213
4108470625.000001,-68.80459
4108471562.500001,-68.46264
4108472500.000001,-68.54856
4108473437.500001,-68.09435
4108474375.000001,-68.56852
4108475312.500001,-68.68672
4108476250.000001,-68.46046
4108477187.500001,-68.40223
4108478125.000001,-69.06702
4108479062.500001,-68.40095
4108480000.000001,-69.01897
4108480937.500001,-68.74382
4108481875.000001,-68.57037
4108482812.500001,-68.50441
4108483750.000001,-68.12258
4108484687.500001,-69.27119
4108485625.000001,-68.26543
4108486562.500001,-68.71944
4108487500.000001,-68.99953
4108488437.500001,-68.85938
4108489375.000001,-68.48586
4108490312.500001,-68.49419
4108491250.000001,-68.61682
4108492187.500001,-68.50124
4108493125.000001,-68.63055
4108494062.500001,-68.8272
4108495000.000001,-68.9794
4108495937.500001,-68.70049
4108496875.000001,-68.25504
4108497812.500001,-68.86932
4108498750.000001,-68.54839
4108499687.500001,-68.94131
4108500625.000001,-68.67642
4108501562.500001,-68.44275
4108502500.000001,-68.50319
4108503437.500001,-68.89449
4108504375.000001,-68.52755
4108505312.500001,-68.67346
4108506250.000001,-68.66209
4108507187.500001,-68.65972
4108508125.000001,-68.47125
4108509062.500001,-68.83372
4108510000.000001,-68.30984
4108510937.500001,-68.37476
4108511875.000001,-68.49197
4108512812.500001,-68.1643
4108513750.000001,-69.0229
4108514687.500001,-68.58657
4108515625.000001,-68.90057
4108516562.500001,-68.38772
4108517500.000001,-68.54514
4108518437.500001,-68.46623
4108519375.000001,-68.44146
4108520312.500001,-68.62937
4108521250.000001,-68.78259
4108522187.500001,-68.75986
4108523125.000001,-68.95281
4108524062.500001,-68.55756
4108525000.000001,-68.6048
4108525937.500001,-68.30765
4108526875.000001,-68.68247
4108527812.500001,-69.09905
4108528750.000001,-68.3613
4108529687.500001,-68.9761
4108530625.000001,-68.42752
4108531562.500001,-68.74857
4108532500.000001,-68.59179
4108533437.500001,-68.40221
4108534375.000001,-68.33263
4108535312.500001,-68.72664
4108536250.000001,-68.33446
4108537187.500001,-68.94416
4108538125.000001,-68.60854
4108539062.500001,-68.27785
4108540000.000001,-68.65926
4108540937.500001,-68.73241
4108541875.000001,-68.44683
4108542812.500001,-68.41021
4108543750.000001,-68.97752
4108544687.500001,-69.05847
4108545625.000001,-68.58379
4108546562.500001,-68.12908
4108547500.000001,-68.56788
4108548437.500001,-69.10805
4108549375.000001,-68.80783
4108550312.500001,-69.23267
4108551250.000001,-68.50726
4108552187.500001,-68.44259
4108553125.000001,-68.70739
4108554062.500001,-68.59087
4108555000.000001,-68.84912
4108555937.500001,-68.50623
4108556875.000001,-68.54945
4108557812.500001,-68.36398
4108558750.000001,-68.48974
4108559687.500001,-68.40174
4108560625.000001,-68.08186
4108561562.500001,-68.13026
4108562500.000001,-68.90694
4108563437.500001,-68.2076
4108564375.000001,-68.29757
4108565312.500001,-68.91259
4108566250.000001,-68.70618
4108567187.500001,-68.73208
4108568125.000001,-68.95724
4108569062.500001,-68.26257
4108570000.000001,-68.36357
4108570937.500001,-68.28746
4108571875.000001,-68.38264
4108572812.500001,-68.84047
4108573750.000001,-68.6701
4108574687.500001,-68.67347
4108575625.000001,-68.45627
4108576562.500001,-68.80751
4108577500.000001,-68.64297
4108578437.500001,-68.87937
4108579375.000001,-68.58748
4108580312.500001,-68.4816
4108581250.000001,-68.40414
4108582187.500001,-68.79861
4108583125.000001,-68.62675
4108584062.500001,-68.66412
4108585000.000001,-68.89861
4108585937.500001,-68.45006
4108586875.000001,-68.82413
4108587812.500001,-68.97137
4108588750.000001,-68.57558
4108589687.500001,-68.62013
4108590625.000001,-68.72766
4108591562.500001,-68.56902
4108592500.000001,-68.89642
4108593437.500001,-68.73034
4108594375.000001,-68.3104
4108595312.500001,-68.22505
4108596250.000001,-68.83082
4108597187.500001,-68.31621
4108598125.000001,-68.61393
4108599062.500001,-68.15018
4108600000.000001,-68.78551
4108600937.500001,-68.65047
4108601875.000001,-68.42295
4108602812.500001,-69.03514
4108603750.000001,-68.55761
4108604687.500001,-67.96735
4108605625.000001,-68.81741
4108606562.500001,-68.52634
4108607500.000001,-68.50347
4108608437.500001,-68.62592
4108609375.000001,-68.39137
4108610312.500001,-68.91343
4108611250.000001,-69.0024
4108612187.500001,-68.46458
4108613125.000001,-68.60052
4108614062.500001,-68.72999
4108615000.000001,-68.49994
4108615937.500001,-68.6088
4108616875.000001,-68.30232
4108617812.500001,-68.3282
4108618750.000001,-69.16357
4108619687.500001,-68.3004
4108620625.000001,-68.69943
4108621562.500001,-68.55748
4108622500.000001,-68.85835
4108623437.500001,-68.34106
4108624375.000001,-68.34525
4108625312.500001,-68.54049
4108626250.000001,-68.72779
4108627187.500001,-69.15427
4108628125.000001,-68.88029
4108629062.500001,-68.85471
4108630000.000001,-68.69875
4108630937.500001,-68.92129
4108631875.000001,-68.59844
4108632812.500001,-68.92368
4108633750.000001,-68.33094
4108634687.500001,-68.32266
4108635625.000001,-68.06989
4108636562.500001,-68.29848
4108637500.000001,-68.39236
4108638437.500001,-68.63653
4108639375.000001,-68.78918
4108640312.500001,-68.69239
4108641250.000001,-68.3074
4108642187.500001,-68.28418
4108643125.000001,-68.30984
4108644062.500001,-68.65757
4108645000.000001,-68.4958
4108645937.500001,-68.64035
4108646875.000001,-68.50722
4108647812.500001,-68.75294
4108648750.000001,-68.60941
4108649687.500001,-68.48907
4108650625.000001,-68.04067
4108651562.500001,-68.4105
4108652500.000001,-68.45413
4108653437.500001,-68.97182
4108654375.000001,-68.57893
4108655312.500001,-68.30211
4108656250.000001,-68.5203
4108657187.500001,-68.51905
4108658125.000001,-68.5946
4108659062.500001,-68.49751
4108660000.000001,-68.68491
4108660937.500001,-68.97711
4108661875.000001,-68.76287
4108662812.500001,-68.28045
4108663750.000001,-68.41039
4108664687.500001,-68.5005
4108665625.000001,-68.44252
4108666562.500001,-68.18911
4108667500.000001,-68.61829
4108668437.500001,-68.82896
4108669375.000001,-68.78506
4108670312.500001,-68.51737
4108671250.000001,-68.24119
4108672187.500001,-68.76167
4108673125.000001,-68.49047
4108674062.500001,-68.51324
4108675000.000001,-69.0257
4108675937.500001,-69.00972
4108676875.000001,-68.55657
4108677812.500001,-68.35906
4108678750.000001,-68.61958
4108679687.500001,-68.53758
4108680625.000001,-68.63026
4108681562.500001,-68.48469
4108682500.000001,-68.7486
4108683437.500001,-68.56614
4108684375.000001,-68.55589
4108685312.500001,-68.82759
4108686250.000001,-68.42548
4108687187.500001,-68.31593
4108688125.000001,-68.67573
4108689062.500001,-68.4836
4108690000.000001,-68.75814
4108690937.500001,-68.70612
4108691875.000001,-68.28453
4108692812.500001,-68.71882
4108693750.000001,-68.38146
4108694687.500001,-68.46777
4108695625.000001,-68.53116
4108696562.500001,-68.52628
4108697500.000001,-67.85251
4108698437.500001,-68.61292
4108699375.000001,-68.42262
4108700312.500001,-68.24104
4108701250.000001,-68.28606
4108702187.500001,-68.00525
4108703125.000001,-68.41463
4108704062.500001,-68.62465
4108705000.000001,-68.34209
4108705937.500001,-67.97013
4108706875.000001,-68.55375
4108707812.500001,-68.61965
4108708750.000001,-68.98669
4108709687.500001,-68.96024
4108710625.000001,-68.46792
4108711562.500001,-68.80287
4108712500.000001,-68.63477
4108713437.500001,-68.21265
4108714375.000001,-68.84244
4108715312.500001,-68.57407
4108716250.000001,-68.08291
4108717187.500001,-68.86049
4108718125.000001,-68.45226
4108719062.500001,-68.60614
4108720000.000001,-68.62828
4108720937.500001,-68.85434
4108721875.000001,-67.98152
4108722812.500001,-68.13763
4108723750.000001,-68.30731
4108724687.500001,-68.20328
4108725625.000001,-68.43065
4108726562.500001,-68.38217
4108727500.000001,-68.70414
4108728437.500001,-68.60773
4108729375.000001,-68.37394
4108730312.500001,-68.47009
4108731250.000001,-68.77589
4108732187.500001,-68.47047
4108733125.000001,-68.78855
4108734062.500001,-68.80775
4108735000.000001,-68.46526
4108735937.500001,-68.52731
4108736875.000001,-68.89137
4108737812.500001,-68.83205
4108738750.000001,-68.73867
4108739687.500001,-68.20007
4108740625.000001,-68.26105
4108741562.500001,-68.60374
4108742500.000001,-68.59205
4108743437.500001,-68.79147
4108744375.000001,-68.4927
4108745312.500001,-68.44527
4108746250.000001,-68.20312
4108747187.500001,-68.78347
4108748125.000001,-68.50005
4108749062.500001,-68.8093
4108750000.000001,-68.16952
4108750937.500001,-68.6203
4108751875.000001,-68.29683
4108752812.500001,-68.74799
4108753750.000001,-68.93037
4108754687.500001,-68.95779
4108755625.000001,-68.32671
4108756562.500001,-68.17944
4108757500.000001,-68.30183
4108758437.500001,-68.28295
4108759375.000001,-68.95461
4108760312.500001,-68.57732
4108761250.000001,-68.27097
4108762187.500001,-68.48854
4108763125.000001,-68.27628
4108764062.500001,-68.57887
4108765000.000001,-68.5325
4108765937.500001,-68.48949
4108766875.000001,-68.81966
4108767812.500001,-68.3502
4108768750.000001,-67.7879
4108769687.500001,-68.4475
4108770625.000001,-68.52182
4108771562.500001,-68.83336
4108772500.000001,-68.8967
4108773437.500001,-68.69527
4108774375.000001,-68.75106
4108775312.500001,-68.02321
4108776250.000001,-68.65712
4108777187.500001,-68.321
4108778125.000001,-68.2582
4108779062.500001,-68.36168
4108780000.000001,-68.40654
4108780937.500001,-68.52204
4108781875.000001,-68.46047
4108782812.500001,-68.15396
4108783750.000001,-68.43887
4108784687.500001,-68.55463
4108785625.000001,-69.09089
4108786562.500001,-69.22384
4108787500.000001,-68.16993
4108788437.500001,-68.65331
4108789375.000001,-68.13191
4108790312.500001,-68.55849
4108791250.000001,-68.61342
4108792187.500001,-68.52303
4108793125.000001,-68.43046
4108794062.500001,-68.72289
4108795000.000001,-68.35057
4108795937.500001,-68.33989
4108796875.000001,-68.35436
4108797812.500001,-68.61086
4108798750.000001,-68.06574
4108799687.500001,-68.4724
4108800625.000001,-68.86846
4108801562.500001,-68.48672
4108802500.000001,-68.3628
4108803437.500001,-68.31554
4108804375.000001,-68.19978
4108805312.500001,-68.88909
4108806250.000001,-68.19439
4108807187.500001,-68.56718
4108808125.000001,-68.27439
4108809062.500001,-68.4369
4108810000.000001,-68.62691
4108810937.500001,-68.41308
4108811875.000001,-68.7686
4108812812.500001,-68.2641
4108813750.000001,-68.94258
4108814687.500001,-68.44338
4108815625.000001,-68.45182
4108816562.500001,-68.12103
4108817500.000001,-68.35342
4108818437.500001,-68.50361
4108819375.000001,-68.69427
4108820312.500001,-67.90824
4108821250.000001,-68.60975
4108822187.500001,-68.54428
4108823125.000001,-68.55194
4108824062.500001,-68.36751
4108825000.000001,-68.50009
4108825937.500001,-68.70109
4108826875.000001,-68.36931
4108827812.500001,-68.58962
4108828750.000001,-68.5177
4108829687.500001,-68.23521
4108830625.000001,-69.12032
4108831562.500001,-68.76855
4108832500.000001,-68.42757
4108833437.500001,-68.12332
4108834375.000001,-68.01461
4108835312.500001,-68.19333
4108836250.000001,-68.6101
4108837187.500001,-68.14957
4108838125.000001,-68.1357
4108839062.500001,-68.82243
4108840000.000001,-68.28362
4108840937.500001,-67.94204
4108841875.000001,-68.60381
4108842812.500001,-68.27173
4108843750.000001,-68.70695
4108844687.500001,-68.41776
4108845625.000001,-68.42828
4108846562.500001,-68.39194
4108847500.000001,-68.63088
4108848437.500001,-68.26312
4108849375.000001,-68.16253
4108850312.500001,-68.60298
4108851250.000001,-68.62926
4108852187.500001,-68.16075
4108853125.000001,-68.38261
4108854062.500001,-68.67683
4108855000.000001,-68.29595
4108855937.500001,-68.6573
4108856875.000001,-68.4929
4108857812.500001,-68.59788
4108858750.000001,-68.92864
4108859687.500001,-68.80122
4108860625.000001,-68.10128
4108861562.500001,-68.23676
4108862500.000001,-68.31287
4108863437.500001,-68.34651
4108864375.000001,-68.51009
4108865312.500001,-68.64663
4108866250.000001,-68.52219
4108867187.500001,-68.06404
4108868125.000001,-68.9857
4108869062.500001,-68.54274
4108870000.000001,-68.43258
4108870937.500001,-68.05077
4108871875.000001,-68.35865
4108872812.500001,-68.67097
4108873750.000001,-68.61612
4108874687.500001,-68.28939
4108875625.000001,-68.68639
4108876562.500001,-68.15524
4108877500.000001,-68.45841
4108878437.500001,-68.59644
4108879375.000001,-68.24037
4108880312.500001,-68.2188
4108881250.000001,-68.576
4108882187.500001,-68.50832
4108883125.000001,-68.27419
4108884062.500001,-68.5052
4108885000.000001,-68.5212
4108885937.500001,-68.18439
4108886875.000001,-68.50082
4108887812.500001,-68.23967
4108888750.000001,-68.84819
4108889687.500001,-68.66446
4108890625.000001,-68.6189
4108891562.500001,-68.44908
4108892500.000001,-68.45863
4108893437.500001,-68.46356
4108894375.000001,-68.73186
4108895312.500001,-67.88425
4108896250.000001,-67.99834
4108897187.500001,-68.52534
4108898125.000001,-68.88528
4108899062.500001,-68.57193
4108900000.000001,-68.16853
4108900937.500001,-68.54436
4108901875.000001,-68.11015
4108902812.500001,-68.69531
4108903750.000001,-68.42602
4108904687.500001,-68.44312
4108905625.000001,-68.18323
4108906562.500001,-68.06599
4108907500.000001,-68.33905
4108908437.500001,-68.68507
4108909375.000001,-68.3108
4108910312.500001,-68.57573
4108911250.000001,-68.4492
4108912187.500001,-67.97709
4108913125.000001,-68.08672
4108914062.500001,-68.3802
4108915000.000001,-68.15689
4108915937.500001,-68.49693
4108916875.000001,-68.37393
4108917812.500001,-68.50278
4108918750.000001,-68.47439
4108919687.500001,-68.08139
4108920625.000001,-68.44584
4108921562.500001,-68.47452
4108922500.000001,-68.46449
4108923437.500001,-68.88027
4108924375.000001,-68.30774
4108925312.500001,-68.64842
4108926250.000001,-68.54899
4108927187.500001,-67.8846
4108928125.000001,-68.30371
4108929062.500001,-68.24717
4108930000.000001,-68.41682
4108930937.500001,-68.07025
4108931875.000001,-68.29571
4108932812.500001,-68.36317
4108933750.000001,-68.48456
4108934687.500001,-68.12237
4108935625.000001,-68.59982
4108936562.500001,-68.73043
4108937500.000001,-68.2121
4108938437.500001,-68.08565
4108939375.000001,-68.32642
4108940312.500001,-68.04688
4108941250.000001,-68.59119
4108942187.500001,-68.05615
4108943125.000001,-68.68848
4108944062.500001,-68.39082
4108945000.000001,-67.86726
4108945937.500001,-68.39755
4108946875.000001,-68.55905
4108947812.500001,-68.1814
4108948750.000001,-68.893
4108949687.500001,-68.18793
4108950625.000001,-68.63867
4108951562.500001,-68.09233
4108952500.000001,-68.49808
4108953437.500001,-68.19758
4108954375.000001,-68.25435
4108955312.500001,-68.28521
4108956250.000001,-68.7731
4108957187.500001,-68.27355
4108958125.000001,-68.4122
4108959062.500001,-68.08714
4108960000.000001,-68.37454
4108960937.500001,-68.43316
4108961875.000001,-68.35673
4108962812.500001,-68.26658
4108963750.000001,-68.27164
4108964687.500001,-67.82801
4108965625.000001,-68.01646
4108966562.500001,-68.54806
4108967500.000001,-68.28793
4108968437.500001,-68.72671
4108969375.000001,-68.04994
4108970312.500001,-68.25948
4108971250.000001,-69.23744
4108972187.500001,-67.87459
4108973125.000001,-68.6356
4108974062.500001,-68.37254
4108975000.000001,-68.77583
4108975937.500001,-68.72565
4108976875.000001,-68.50558
4108977812.500001,-68.43085
4108978750.000001,-68.38219
4108979687.500001,-68.37522
4108980625.000001,-68.25436
4108981562.500001,-68.3525
4108982500.000001,-68.30172
4108983437.500001,-68.08292
4108984375.000001,-68.30577
4108985312.500001,-68.28415
4108986250.000001,-68.12169
4108987187.500001,-68.10661
4108988125.000001,-68.25618
4108989062.500001,-68.38397
4108990000.000001,-68.23818
4108990937.500001,-68.26873
4108991875.000001,-68.46242
4108992812.500001,-68.45844
4108993750.000001,-68.80237
4108994687.500001,-67.92484
4108995625.000001,-68.33994
4108996562.500001,-68.61131
4108997500.000001,-68.21904
4108998437.500001,-68.78348
4108999375.000001,-68.51754
4109000312.500001,-68.53912
4109001250.000001,-68.13671
4109002187.500001,-68.81229
4109003125.000001,-68.18166
4109004062.500001,-68.32471
4109005000.000001,-68.23549
4109005937.500001,-68.57671
4109006875.000001,-67.92621
4109007812.500001,-68.46339
4109008750.000001,-68.55711
4109009687.500001,-68.22504
4109010625.000001,-68.66148
4109011562.500001,-68.72468
4109012500.000001,-68.38768
4109013437.500001,-67.96696
4109014375.000001,-68.1093
4109015312.500001,-67.8627
4109016250.000001,-68.45341
4109017187.500001,-68.22285
4109018125.000001,-68.24256
4109019062.500001,-68.31636
4109020000.000001,-68.30327
4109020937.500001,-68.11133
4109021875.000001,-68.47076
4109022812.500001,-67.82469
4109023750.000001,-68.27984
4109024687.500001,-68.3219
4109025625.000001,-68.15567
4109026562.500001,-68.43412
4109027500.000001,-68.09321
4109028437.500001,-68.62244
4109029375.000001,-68.04996
4109030312.500001,-68.20277
4109031250.000001,-68.27072
4109032187.500001,-68.24146
4109033125.000001,-68.59004
4109034062.500001,-68.17732
4109035000.000001,-68.47996
4109035937.500001,-68.03311
4109036875.000001,-67.85468
4109037812.500001,-68.43655
4109038750.000001,-68.4807
4109039687.500001,-68.35878
4109040625.000001,-68.56947
4109041562.500001,-68.11852
4109042500.000001,-68.47189
4109043437.500001,-68.3421
4109044375.000001,-68.19078
4109045312.500001,-68.31837
4109046250.000001,-68.0709
4109047187.500001,-68.31793
4109048125.000001,-68.2629
4109049062.500001,-68.6142
4109050000.000001,-68.06799
4109050937.500001,-68.65462
4109051875.000001,-68.71311
4109052812.500001,-68.26174
4109053750.000001,-68.44315
4109054687.500001,-68.12981
4109055625.000001,-68.21358
4109056562.500001,-68.07875
4109057500.000001,-68.05235
4109058437.500001,-68.33559
4109059375.000001,-68.69534
4109060312.500001,-68.44546
4109061250.000001,-68.61248
4109062187.500001,-68.31367
4109063125.000001,-68.2454
4109064062.500001,-68.37299
4109065000.000001,-68.74821
4109065937.500001,-68.26694
4109066875.000001,-68.57125
4109067812.500001,-67.95523
4109068750.000001,-68.26069
4109069687.500001,-68.19965
4109070625.000001,-68.51167
4109071562.500001,-68.83286
4109072500.000001,-68.25538
4109073437.500001,-67.9183
4109074375.000001,-68.38058
4109075312.500001,-67.9754
4109076250.000001,-68.29321
4109077187.500001,-68.3028
4109078125.000001,-68.04266
4109079062.500001,-68.38068
4109080000.000001,-68.09669
4109080937.500001,-68.37626
4109081875.000001,-67.86601
4109082812.500001,-68.07733
4109083750.000001,-68.24738
4109084687.500001,-68.23074
4109085625.000001,-67.78373
4109086562.500001,-68.55779
4109087500.000001,-68.04362
4109088437.500001,-68.18262
4109089375.000001,-68.28159
4109090312.500001,-68.26431
4109091250.000001,-68.72903
4109092187.500001,-68.23986
4109093125.000001,-68.0451
4109094062.500001,-68.228
4109095000.000001,-68.22668
4109095937.500001,-68.09943
4109096875.000001,-68.27187
4109097812.500001,-68.14551
4109098750.000001,-68.25047
4109099687.500001,-68.40756
4109100625.000001,-68.01416
4109101562.500001,-68.37314
4109102500.000001,-68.36553
4109103437.500001,-68.64648
4109104375.000001,-68.46996
4109105312.500001,-68.19313
4109106250.000001,-67.96539
4109107187.500001,-68.07519
4109108125.000001,-68.27505
4109109062.500001,-68.75272
4109110000.000001,-68.16576
4109110937.500001,-68.60004
4109111875.000001,-68.03463
4109112812.500001,-68.0376
4109113750.000001,-67.85815
4109114687.500001,-68.23677
4109115625.000001,-68.61296
4109116562.500001,-68.34235
4109117500.000001,-68.2716
4109118437.500001,-68.6331
4109119375.000001,-68.27731
4109120312.500001,-67.93015
4109121250.000001,-68.51825
4109122187.500001,-68.59106
4109123125.000001,-68.14656
4109124062.500001,-68.11913
4109125000.000001,-68.37732
4109125937.500001,-68.38744
4109126875.000001,-68.60832
4109127812.500001,-68.20295
4109128750.000001,-68.11823
4109129687.500001,-67.96204
4109130625.000001,-68.651
4109131562.500001,-68.04411
4109132500.000001,-68.14032
4109133437.500001,-67.77364
4109134375.000001,-68.29933
4109135312.500001,-67.96281
4109136250.000001,-68.0756
4109137187.500001,-68.48964
4109138125.000001,-67.99952
4109139062.500001,-67.63158
4109140000.000001,-68.05901
4109140937.500001,-68.37503
4109141875.000001,-68.5293
4109142812.500001,-68.0775
4109143750.000001,-68.56161
4109144687.500001,-68.21309
4109145625.000001,-68.18636
4109146562.500001,-68.47877
4109147500.000001,-67.9538
4109148437.500001,-68.55888
4109149375.000001,-68.21892
4109150312.500001,-68.1606
4109151250.000001,-68.57063
4109152187.500001,-68.10316
4109153125.000001,-68.33138
4109154062.500001,-68.32964
4109155000.000001,-68.11076
4109155937.500001,-68.54745
4109156875.000001,-68.14003
4109157812.500001,-68.11836
4109158750.000001,-68.62727
4109159687.500001,-68.36452
4109160625.000001,-68.24366
4109161562.500001,-67.89982
4109162500.000001,-68.60527
4109163437.500001,-68.20178
4109164375.000001,-67.90369
4109165312.500001,-68.45724
4109166250.000001,-67.84132
4109167187.500001,-67.79536
4109168125.000001,-68.11027
4109169062.500001,-68.12423
4109170000.000001,-67.76186
4109170937.500001,-67.9113
4109171875.000001,-68.65634
4109172812.500001,-67.82893
4109173750.000001,-67.68206
4109174687.500001,-68.61089
4109175625.000001,-68.12616
4109176562.500001,-68.44832
4109177500.000001,-67.98792
4109178437.500001,-68.43016
4109179375.000001,-68.40997
4109180312.500001,-68.23144
4109181250.000001,-68.52355
4109182187.500001,-68.30679
4109183125.000001,-68.15302
4109184062.500001,-68.19757
4109185000.000001,-67.91558
4109185937.500001,-68.02832
4109186875.000001,-68.13658
4109187812.500001,-68.83773
4109188750.000001,-68.2206
4109189687.500001,-68.54839
4109190625.000001,-68.33633
4109191562.500001,-68.12341
4109192500.000001,-67.84779
4109193437.500001,-68.12377
4109194375.000001,-68.45029
4109195312.500001,-68.23481
4109196250.000001,-68.46992
4109197187.500001,-68.26314
4109198125.000001,-68.16303
4109199062.500001,-68.47701
4109200000.000001,-68.25367
4109200937.500001,-68.46751
4109201875.000001,-67.94513
4109202812.500001,-68.0622
4109203750.000001,-68.51946
4109204687.500001,-67.92482
4109205625.000001,-68.24265
4109206562.500001,-68.22121
4109207500.000001,-68.14148
4109208437.500001,-68.00031
4109209375.000001,-68.45546
4109210312.500001,-68.78971
4109211250.000001,-67.8979
4109212187.500001,-67.93819
4109213125.000001,-68.32119
4109214062.500001,-68.05369
4109215000.000001,-68.2155
4109215937.500001,-68.09422
4109216875.000001,-68.29385
4109217812.500001,-68.1297
4109218750.000001,-68.31779
4109219687.500001,-68.42568
4109220625.000001,-68.61845
4109221562.500001,-68.16935
4109222500.000001,-68.13607
4109223437.500001,-68.40407
4109224375.000001,-68.46547
4109225312.500001,-68.32446
4109226250.000001,-68.09907
4109227187.500001,-68.09509
4109228125.000001,-67.97307
4109229062.500001,-68.2794
4109230000.000001,-67.89986
4109230937.500001,-68.10546
4109231875.000001,-68.25896
4109232812.500001,-68.013
4109233750.000001,-67.7631
4109234687.500001,-68.11147
4109235625.000001,-68.4201
4109236562.500001,-67.78943
4109237500.000001,-67.95502
4109238437.500001,-68.01727
4109239375.000001,-68.26317
4109240312.500001,-67.89502
4109241250.000001,-68.23473
4109242187.500001,-67.97662
4109243125.000001,-68.34231
4109244062.500001,-68.04809
4109245000.000001,-68.04224
4109245937.500001,-68.15034
4109246875.000001,-67.78268
4109247812.500001,-68.19146
4109248750.000001,-68.09817
4109249687.500001,-68.18208
4109250625.000001,-68.48667
4109251562.500001,-68.21201
4109252500.000001,-68.37359
4109253437.500001,-67.74928
4109254375.000001,-68.07945
4109255312.500001,-67.75165
4109256250.000001,-68.41843
4109257187.500001,-68.4895
4109258125.000001,-68.09283
4109259062.500001,-68.17548
4109260000.000001,-68.07727
4109260937.500001,-68.62596
4109261875.000001,-68.13814
4109262812.500001,-67.53175
4109263750.000001,-68.07999
4109264687.500001,-68.12955
4109265625.000001,-68.18572
4109266562.500001,-68.36218
4109267500.000001,-68.45084
4109268437.500001,-68.6476
4109269375.000001,-68.43095
4109270312.500001,-67.81463
4109271250.000001,-68.4743
4109272187.500001,-67.97505
4109273125.000001,-68.51057
4109274062.500001,-68.73368
4109275000.000001,-68.09832
4109275937.500001,-67.98276
4109276875.000001,-68.0883
4109277812.500001,-67.93719
4109278750.000001,-67.83101
4109279687.500001,-67.94173
4109280625.000001,-68.28715
4109281562.500001,-68.01647
4109282500.000001,-68.05478
4109283437.500001,-68.40678
4109284375.000001,-68.4711
4109285312.500001,-68.24804
4109286250.000001,-68.29708
4109287187.500001,-67.96832
4109288125.000001,-68.25479
4109289062.500001,-68.0327
4109290000.000001,-68.03907
4109290937.500001,-68.52475
4109291875.000001,-68.08942
4109292812.500001,-68.60418
4109293750.000001,-68.14433
4109294687.500001,-68.44434
4109295625.000001,-68.44473
4109296562.500001,-68.00461
4109297500.000001,-68.22677
4109298437.500001,-68.28148
4109299375.000001,-68.23357
4109300312.500001,-68.27125
4109301250.000001,-68.21015
4109302187.500001,-68.06861
4109303125.000001,-68.16617
4109304062.500001,-68.16061
4109305000.000001,-68.21761
4109305937.500001,-68.10912
4109306875.000001,-68.14658
4109307812.500001,-68.02858
4109308750.000001,-68.22209
4109309687.500001,-68.13216
4109310625.000001,-68.20555
4109311562.500001,-68.20859
4109312500.000001,-68.26303
4109313437.500001,-68.17819
4109314375.000001,-68.23602
4109315312.500001,-68.39841
4109316250.000001,-68.23522
4109317187.500001,-68.5713
4109318125.000001,-68.46577
4109319062.500001,-68.30755
4109320000.000001,-67.69482
4109320937.500001,-68.13213
4109321875.000001,-68.54926
4109322812.500001,-67.97957
4109323750.000001,-68.2879
4109324687.500001,-68.31705
4109325625.000001,-67.89582
4109326562.500001,-68.11764
4109327500.000001,-67.80773
4109328437.500001,-68.11958
4109329375.000001,-67.9866
4109330312.500001,-67.8421
4109331250.000001,-67.83103
4109332187.500001,-67.90823
4109333125.000001,-67.91304
4109334062.500001,-67.8711
4109335000.000001,-68.58469
4109335937.500001,-68.12538
4109336875.000001,-68.03815
4109337812.500001,-68.10445
4109338750.000001,-67.73388
4109339687.500001,-68.43006
4109340625.000001,-68.16473
4109341562.500001,-68.29573
4109342500.000001,-68.31721
4109343437.500001,-68.10551
4109344375.000001,-68.41104
4109345312.500001,-67.99983
4109346250.000001,-68.38706
4109347187.500001,-68.58223
4109348125.000001,-68.46073
4109349062.500001,-68.34454
4109350000.000001,-67.66246
4109350937.500001,-68.1091
4109351875.000001,-68.02792
4109352812.500001,-68.25375
4109353750.000001,-68.33349
4109354687.500001,-68.15745
4109355625.000001,-68.10207
4109356562.500001,-67.57072
4109357500.000001,-67.9642
4109358437.500001,-68.30899
4109359375.000001,-68.1284
4109360312.500001,-68.04269
4109361250.000001,-68.10574
4109362187.500001,-68.21413
4109363125.000001,-68.2016
4109364062.500001,-68.27167
4109365000.000001,-68.17236
4109365937.500001,-68.23325
4109366875.000001,-67.8966
4109367812.500001,-68.42951
4109368750.000001,-68.12672
4109369687.500001,-68.35934
4109370625.000001,-68.20821
4109371562.500001,-67.68091
4109372500.000001,-68.0373
4109373437.500001,-67.98064
4109374375.000001,-67.9461
4109375312.500001,-67.87736
4109376250.000001,-68.25525
4109377187.500001,-67.84964
4109378125.000001,-68.03768
4109379062.500001,-67.98466
4109380000.000001,-68.21008
4109380937.500001,-67.81257
4109381875.000001,-67.66005
4109382812.500001,-67.77419
4109383750.000001,-67.87337
4109384687.500001,-67.95276
4109385625.000001,-68.18046
4109386562.500001,-68.02008
4109387500.000001,-67.93001
4109388437.500001,-68.39596
4109389375.000001,-68.4798
4109390312.500001,-68.00153
4109391250.000001,-67.90164
4109392187.500001,-68.1405
4109393125.000001,-68.12585
4109394062.500001,-68.47675
4109395000.000001,-67.87664
4109395937.500001,-68.24851
4109396875.000001,-68.0743
4109397812.500001,-68.14049
4109398750.000001,-67.71745
4109399687.500001,-67.98746
4109400625.000001,-67.9524
4109401562.500001,-68.59727
4109402500.000001,-68.19176
4109403437.500001,-67.69898
4109404375.000001,-68.17781
4109405312.500001,-67.91727
4109406250.000001,-68.25076
4109407187.500001,-67.89674
4109408125.000001,-68.6328
4109409062.500001,-68.33559
4109410000.000001,-67.70264
4109410937.500001,-67.97387
4109411875.000001,-68.40765
4109412812.500001,-68.17681
4109413750.000001,-67.76299
4109414687.500001,-68.11765
4109415625.000001,-67.8047
4109416562.500001,-68.18662
4109417500.000001,-67.95592
4109418437.500001,-68.00572
4109419375.000001,-68.10207
4109420312.500001,-67.96698
4109421250.000001,-68.31442
4109422187.500001,-67.98763
4109423125.000001,-68.25274
4109424062.500001,-67.84001
4109425000.000001,-67.93314
4109425937.500001,-67.9633
4109426875.000001,-68.03329
4109427812.500001,-68.18626
4109428750.000001,-68.4464
4109429687.500001,-68.24174
4109430625.000001,-68.09876
4109431562.500001,-68.01714
4109432500.000001,-68.32845
4109433437.500001,-68.54279
4109434375.000001,-68.28687
4109435312.500001,-68.34474
4109436250.000001,-68.2239
4109437187.500001,-68.15789
4109438125.000001,-68.26556
4109439062.500001,-68.13345
4109440000.000001,-68.39486
4109440937.500001,-68.15125
4109441875.000001,-67.85584
4109442812.500001,-68.35182
4109443750.000001,-68.30907
4109444687.500001,-67.94312
4109445625.000001,-67.85583
4109446562.500001,-68.07227
4109447500.000001,-68.0594
4109448437.500001,-68.17546
4109449375.000001,-67.97454
4109450312.500001,-68.31704
4109451250.000001,-67.91996
4109452187.500001,-67.70235
4109453125.000001,-68.02859
4109454062.500001,-68.03262
4109455000.000001,-68.13671
4109455937.500001,-67.9354
4109456875.000001,-68.40071
4109457812.500001,-68.40225
4109458750.000001,-67.80923
4109459687.500001,-68.09614
4109460625.000001,-68.25491
4109461562.500001,-68.4701
4109462500.000001,-68.09858
4109463437.500001,-67.96626
4109464375.000001,-67.9585
4109465312.500001,-67.86002
4109466250.000001,-68.1069
4109467187.500001,-68.39185
4109468125.000001,-68.00783
4109469062.500001,-68.39541
4109470000.000001,-68.18238
4109470937.500001,-67.93379
4109471875.000001,-68.22233
4109472812.500001,-68.01904
4109473750.000001,-68.0297
4109474687.500001,-68.07013
4109475625.000001,-67.76961
4109476562.500001,-67.74702
4109477500.000001,-68.22075
4109478437.500001,-68.50385
4109479375.000001,-68.08711
4109480312.500001,-67.94579
4109481250.000001,-68.02834
4109482187.500001,-67.53748
4109483125.000001,-68.14539
4109484062.500001,-67.64475
4109485000.000001,-67.98917
4109485937.500001,-67.98324
4109486875.000001,-68.04113
4109487812.500001,-68.14262
4109488750.000001,-67.94084
4109489687.500001,-67.98138
4109490625.000001,-67.99156
4109491562.500001,-67.87808
4109492500.000001,-67.77071
4109493437.500001,-68.05894
4109494375.000001,-67.80072
4109495312.500001,-67.73675
4109496250.000001,-67.41978
4109497187.500001,-68.32722
4109498125.000001,-67.94456
4109499062.500001,-68.28257
4109500000.000001,-68.39133
4109500937.500001,-68.32156
4109501875.000001,-68.10065
4109502812.500001,-67.64603
4109503750.000001,-68.1034
4109504687.500001,-68.14217
4109505625.000001,-67.9756
4109506562.500001,-67.49787
4109507500.000001,-68.05528
4109508437.500001,-68.02043
4109509375.000001,-67.91319
4109510312.500001,-68.47432
4109511250.000001,-68.24046
4109512187.500001,-68.15511
4109513125.000001,-68.24598
4109514062.500001,-67.76881
4109515000.000001,-68.27139
4109515937.500001,-67.94415
4109516875.000001,-67.74136
4109517812.500001,-67.57919
4109518750.000001,-68.24158
4109519687.500001,-68.21964
4109520625.000001,-67.96439
4109521562.500001,-67.78428
4109522500.000001,-68.28128
4109523437.500001,-68.14768
4109524375.000001,-67.46925
4109525312.500001,-68.01824
4109526250.000001,-68.41018
4109527187.500001,-67.97837
4109528125.000001,-67.86906
4109529062.500001,-68.0958
4109530000.000001,-68.53968
4109530937.500001,-68.22973
4109531875.000001,-67.48743
4109532812.500001,-68.11847
4109533750.000001,-68.1535
4109534687.500001,-67.82957
4109535625.000001,-68.26926
4109536562.500001,-68.28598
4109537500.000001,-68.02773
4109538437.500001,-67.90089
4109539375.000001,-67.84409
4109540312.500001,-68.25809
4109541250.000001,-68.32555
4109542187.500001,-67.88844
4109543125.000001,-68.07359
4109544062.500001,-67.88828
4109545000.000001,-67.76492
4109545937.500001,-67.88481
4109546875.000001,-67.83445
4109547812.500001,-67.62474
4109548750.000001,-68.22377
4109549687.500001,-68.26726
4109550625.000001,-67.85776
4109551562.500001,-68.10883
4109552500.000001,-67.75581
4109553437.500001,-67.68687
4109554375.000001,-68.01482
4109555312.500001,-67.99131
4109556250.000001,-68.5038
4109557187.500001,-68.34582
4109558125.000001,-67.78136
4109559062.500001,-67.83295
4109560000.000001,-68.56453
4109560937.500001,-67.97199
4109561875.000001,-68.84123
4109562812.500001,-67.96754
4109563750.000001,-67.87888
4109564687.500001,-68.22967
4109565625.000001,-67.74225
4109566562.500001,-67.99134
4109567500.000001,-68.18559
4109568437.500001,-67.98363
4109569375.000001,-67.61032
4109570312.500001,-68.07137
4109571250.000001,-67.78401
4109572187.500001,-67.98853
4109573125.000001,-67.92789
4109574062.500001,-67.76789
4109575000.000001,-67.86693
4109575937.500001,-67.99133
4109576875.000001,-68.24464
4109577812.500001,-67.76307
4109578750.000001,-67.78708
4109579687.500001,-68.02379
4109580625.000001,-68.27556
4109581562.500001,-67.93066
4109582500.000001,-68.12719
4109583437.500001,-68.44134
4109584375.000001,-67.93024
4109585312.500001,-67.69327
4109586250.000001,-67.51013
4109587187.500001,-67.85834
4109588125.000001,-67.98804
4109589062.500001,-68.33396
4109590000.000001,-67.89945
4109590937.500001,-67.66419
4109591875.000001,-67.92051
4109592812.500001,-67.64775
4109593750.000001,-68.15037
4109594687.500001,-67.7449
4109595625.000001,-68.5079
4109596562.500001,-68.00387
4109597500.000001,-67.98498
4109598437.500001,-68.05509
4109599375.000001,-67.92213
4109600312.500001,-68.03404
4109601250.000001,-68.34562
4109602187.500001,-67.90877
4109603125.000001,-67.80634
4109604062.500001,-67.66334
4109605000.000001,-68.14608
4109605937.500001,-68.00806
4109606875.000001,-68.34829
4109607812.500001,-68.41685
4109608750.000001,-67.92404
4109609687.500001,-67.95821
4109610625.000001,-68.23743
4109611562.500001,-68.25906
4109612500.000001,-67.94568
4109613437.500001,-67.74674
4109614375.000001,-68.02531
4109615312.500001,-68.02139
4109616250.000001,-68.2334
4109617187.500001,-67.85237
4109618125.000001,-68.13708
4109619062.500001,-67.83134
4109620000.000001,-68.39088
4109620937.500001,-68.27023
4109621875.000001,-67.77768
4109622812.500001,-67.7671
4109623750.000001,-68.60172
4109624687.500001,-68.36292
4109625625.000001,-68.17796
4109626562.500001,-68.07285
4109627500.000001,-67.95619
4109628437.500001,-68.04479
4109629375.000001,-67.91326
4109630312.500001,-67.93423
4109631250.000001,-68.08787
4109632187.500001,-67.65898
4109633125.000001,-68.69334
4109634062.500001,-68.09088
4109635000.000001,-68.39206
4109635937.500001,-68.21927
4109636875.000001,-67.83446
4109637812.500001,-68.21502
4109638750.000001,-67.8866
4109639687.500001,-68.21896
4109640625.000001,-68.33982
4109641562.500001,-68.28097
4109642500.000001,-67.91563
4109643437.500001,-68.03818
4109644375.000001,-67.9659
4109645312.500001,-67.41849
4109646250.000001,-67.93201
4109647187.500001,-68.10862
4109648125.000001,-68.53951
4109649062.500001,-68.59797
4109650000.000001,-67.93859
4109650937.500001,-67.98651
4109651875.000001,-67.98012
4109652812.500001,-67.70828
4109653750.000001,-67.68237
4109654687.500001,-67.58483
4109655625.000001,-67.97932
4109656562.500001,-68.15045
4109657500.000001,-67.82697
4109658437.500001,-67.81865
4109659375.000001,-67.87218
4109660312.500001,-68.09831
4109661250.000001,-68.10182
4109662187.500001,-68.4763
4109663125.000001,-68.16316
4109664062.500001,-68.20208
4109665000.000001,-68.20843
4109665937.500001,-68.24075
4109666875.000001,-68.25138
4109667812.500001,-68.12492
4109668750.000001,-67.45683
4109669687.500001,-67.94793
4109670625.000001,-67.89869
4109671562.500001,-68.02074
4109672500.000001,-67.67828
4109673437.500001,-67.7121
4109674375.000001,-68.01759
4109675312.500001,-68.12226
4109676250.000001,-67.7868
4109677187.500001,-68.07882
4109678125.000001,-67.83389
4109679062.500001,-67.79794
4109680000.000001,-67.93109
4109680937.500001,-68.17523
4109681875.000001,-68.16815
4109682812.500001,-67.80109
4109683750.000001,-67.99625
4109684687.500001,-67.87826
4109685625.000001,-68.2532
4109686562.500001,-67.35242
4109687500.000001,-67.7255
4109688437.500001,-67.91095
4109689375.000001,-67.55133
4109690312.500001,-68.14666
4109691250.000001,-67.61655
4109692187.500001,-67.65756
4109693125.000001,-68.18759
4109694062.500001,-67.58122
4109695000.000001,-67.97144
4109695937.500001,-67.90626
4109696875.000001,-67.98693
4109697812.500001,-67.92396
4109698750.000001,-67.71703
4109699687.500001,-67.83344
4109700625.000001,-67.90855
4109701562.500001,-67.96857
4109702500.000001,-67.70905
4109703437.500001,-67.82229
4109704375.000001,-67.99187
4109705312.500001,-68.29095
4109706250.000001,-67.63292
4109707187.500001,-68.51418
4109708125.000001,-68.24455
4109709062.500001,-67.35446
4109710000.000001,-68.0091
4109710937.500001,-68.1514
4109711875.000001,-68.16982
4109712812.500001,-68.33958
4109713750.000001,-68.68623
4109714687.500001,-68.12877
4109715625.000001,-68.03405
4109716562.500001,-68.04662
4109717500.000001,-67.89456
4109718437.500001,-67.85638
4109719375.000001,-67.98756
4109720312.500001,-68.05818
4109721250.000001,-68.18613
4109722187.500001,-68.34629
4109723125.000001,-67.80398
4109724062.500001,-67.89671
4109725000.000001,-67.93666
4109725937.500001,-68.03961
4109726875.000001,-68.30838
4109727812.500001,-67.51364
4109728750.000001,-67.96573
4109729687.500001,-67.68945
4109730625.000001,-67.98952
4109731562.500001,-68.13214
4109732500.000001,-67.82399
4109733437.500001,-68.01596
4109734375.000001,-67.83138
4109735312.500001,-67.83667
4109736250.000001,-67.99004
4109737187.500001,-67.95518
4109738125.000001,-68.08732
4109739062.500001,-67.80885
4109740000.000001,-67.78882
4109740937.500001,-67.80064
4109741875.000001,-67.96218
4109742812.500001,-67.48012
4109743750.000001,-67.58475
4109744687.500001,-68.13879
4109745625.000001,-67.72935
4109746562.500001,-67.43275
4109747500.000001,-68.21663
4109748437.500001,-67.51054
4109749375.000001,-67.67849
4109750312.500001,-67.45668
4109751250.000001,-68.26881
4109752187.500001,-67.63356
4109753125.000001,-68.07162
4109754062.500001,-67.76956
4109755000.000001,-68.13883
4109755937.500001,-67.71414
4109756875.000001,-68.46741
4109757812.500001,-67.67153
4109758750.000001,-67.79964
4109759687.500001,-67.45219
4109760625.000001,-68.10936
4109761562.500001,-67.66571
4109762500.000001,-68.05629
4109763437.500001,-67.81728
4109764375.000001,-67.48483
4109765312.500001,-67.70875
4109766250.000001,-67.78294
4109767187.500001,-67.69366
4109768125.000001,-68.07584
4109769062.500001,-67.78696
4109770000.000001,-68.24209
4109770937.500001,-67.91972
4109771875.000001,-67.69922
4109772812.500001,-67.94843
4109773750.000001,-67.68567
4109774687.500001,-67.58736
4109775625.000001,-67.8308
4109776562.500001,-67.91581
4109777500.000001,-67.87653
4109778437.500001,-67.46365
4109779375.000001,-67.50897
4109780312.500001,-67.81506
4109781250.000001,-67.90172
4109782187.500001,-67.70174
4109783125.000001,-68.45651
4109784062.500001,-67.68006
4109785000.000001,-67.60516
4109785937.500001,-67.9531
4109786875.000001,-67.65559
4109787812.500001,-67.93652
4109788750.000001,-67.83494
4109789687.500001,-67.98919
4109790625.000001,-67.86461
4109791562.500001,-67.41438
4109792500.000001,-68.15939
4109793437.500001,-67.88708
4109794375.000001,-67.762
4109795312.500001,-68.10129
4109796250.000001,-67.85367
4109797187.500001,-67.45406
4109798125.000001,-67.8134
4109799062.500001,-68.04471
4109800000.000001,-68.01051
4109800937.500001,-67.93324
4109801875.000001,-67.75967
4109802812.500001,-67.8467
4109803750.000001,-68.10079
4109804687.500001,-67.84113
4109805625.000001,-67.39746
4109806562.500001,-67.83373
4109807500.000001,-67.58846
4109808437.500001,-68.08056
4109809375.000001,-68.1056
4109810312.500001,-68.10923
4109811250.000001,-67.70122
4109812187.500001,-67.87732
4109813125.000001,-67.98511
4109814062.500001,-67.47426
4109815000.000001,-68.06242
4109815937.500001,-67.64352
4109816875.000001,-67.70148
4109817812.500001,-67.73927
4109818750.000001,-68.02999
4109819687.500001,-68.0056
4109820625.000001,-67.76366
4109821562.500001,-68.07189
4109822500.000001,-67.92837
4109823437.500001,-67.71796
4109824375.000001,-68.04227
4109825312.500001,-68.21557
4109826250.000001,-67.88731
4109827187.500001,-67.69267
4109828125.000001,-67.8689
4109829062.500001,-67.66588
4109830000.000001,-68.06551
4109830937.500001,-68.24524
4109831875.000001,-67.53165
4109832812.500001,-67.91951
4109833750.000001,-68.21913
4109834687.500001,-67.6552
4109835625.000001,-67.57182
4109836562.500001,-67.78394
4109837500.000001,-67.74815
4109838437.500001,-68.18288
4109839375.000001,-67.27354
4109840312.500001,-67.56969
4109841250.000001,-67.8074
4109842187.500001,-67.54578
4109843125.000001,-68.04783
4109844062.500001,-67.98925
4109845000.000001,-67.91346
4109845937.500001,-67.75002
4109846875.000001,-67.85944
4109847812.500001,-67.84361
4109848750.000001,-67.68487
4109849687.500001,-67.74316
4109850625.000001,-67.90574
4109851562.500001,-68.09089
4109852500.000001,-67.65063
4109853437.500001,-67.9864
4109854375.000001,-67.8827
4109855312.500001,-67.80464
4109856250.000001,-67.93526
4109857187.500001,-67.96339
4109858125.000001,-68.07166
4109859062.500001,-68.19533
4109860000.000001,-67.62964
4109860937.500001,-67.76295
4109861875.000001,-67.60959
4109862812.500001,-67.53046
4109863750.000001,-68.11579
4109864687.500001,-67.78893
4109865625.000001,-67.64293
4109866562.500001,-67.85167
4109867500.000001,-67.69267
4109868437.500001,-67.32462
4109869375.000001,-68.03667
4109870312.500001,-67.34489
4109871250.000001,-67.69563
4109872187.500001,-67.6405
4109873125.000001,-67.05851
4109874062.500001,-68.07169
4109875000.000001,-67.76096
4109875937.500001,-67.65641
4109876875.000001,-67.74615
4109877812.500001,-68.09666
4109878750.000001,-68.0447
4109879687.500001,-67.99407
4109880625.000001,-68.18321
4109881562.500001,-67.76949
4109882500.000001,-68.20749
4109883437.500001,-67.9326
4109884375.000001,-67.39034
4109885312.500001,-67.8513
4109886250.000001,-67.79812
4109887187.500001,-67.64181
4109888125.000001,-68.35999
4109889062.500001,-67.77833
4109890000.000001,-67.66784
4109890937.500001,-67.33279
4109891875.000001,-67.72391
4109892812.500001,-67.7083
4109893750.000001,-67.6483
4109894687.500001,-67.75552
4109895625.000001,-67.57915
4109896562.500001,-67.8742
4109897500.000001,-67.73431
4109898437.500001,-67.60879
4109899375.000001,-67.7616
4109900312.500001,-67.72956
4109901250.000001,-67.69084
4109902187.500001,-67.95634
4109903125.000001,-67.7839
4109904062.500001,-67.74329
4109905000.000001,-67.72871
4109905937.500001,-67.781
4109906875.000001,-67.17559
4109907812.500001,-68.11177
4109908750.000001,-67.9427
4109909687.500001,-67.90643
4109910625.000001,-68.03493
4109911562.500001,-67.54298
4109912500.000001,-67.58451
4109913437.500001,-68.15952
4109914375.000001,-67.52892
4109915312.500001,-67.48101
4109916250.000001,-67.94505
4109917187.500001,-67.79186
4109918125.000001,-68.20122
4109919062.500001,-67.83289
4109920000.000001,-67.93752
4109920937.500001,-67.50174
4109921875.000001,-67.69727
4109922812.500001,-67.87726
4109923750.000001,-68.10835
4109924687.500001,-67.83242
4109925625.000001,-67.77971
4109926562.500001,-67.69372
4109927500.000001,-67.85802
4109928437.500001,-67.70293
4109929375.000001,-67.59505
4109930312.500001,-67.97181
4109931250.000001,-67.50737
4109932187.500001,-67.63055
4109933125.000001,-67.92946
4109934062.500001,-67.80448
4109935000.000001,-67.89165
4109935937.500001,-67.77159
4109936875.000001,-67.34021
4109937812.500001,-67.712
4109938750.000001,-67.80354
4109939687.500001,-67.89973
4109940625.000001,-68.18707
4109941562.500001,-67.72021
4109942500.000001,-67.45106
4109943437.500001,-67.66177
4109944375.000001,-67.62316
4109945312.500001,-67.3436
4109946250.000001,-67.92116
4109947187.500001,-67.92706
4109948125.000001,-67.88712
4109949062.500001,-67.50395
4109950000.000001,-67.94632
4109950937.500001,-67.65167
4109951875.000001,-67.92568
4109952812.500001,-67.78271
4109953750.000001,-67.86412
4109954687.500001,-67.86649
4109955625.000001,-67.70614
4109956562.500001,-68.06576
4109957500.000001,-67.39834
4109958437.500001,-68.10825
4109959375.000001,-67.82961
4109960312.500001,-67.65254
4109961250.000001,-68.21784
4109962187.500001,-67.88161
4109963125.000001,-67.34423
4109964062.500001,-68.10849
4109965000.000001,-67.37637
4109965937.500001,-67.7733
4109966875.000001,-67.70293
4109967812.500001,-67.95084
4109968750.000001,-67.86649
4109969687.500001,-67.61851
4109970625.000001,-68.0597
4109971562.500001,-67.49122
4109972500.000001,-67.94618
4109973437.500001,-67.35257
4109974375.000001,-67.7201
4109975312.500001,-67.71061
4109976250.000001,-68.05637
4109977187.500001,-67.85398
4109978125.000001,-67.48755
4109979062.500001,-67.96479
4109980000.000001,-67.89054
4109980937.500001,-67.87366
4109981875.000001,-67.42712
4109982812.500001,-67.92834
4109983750.000001,-68.08633
4109984687.500001,-67.52715
4109985625.000001,-67.71767
4109986562.500001,-67.62117
4109987500.000001,-68.00525
4109988437.500001,-67.47481
4109989375.000001,-67.98944
4109990312.500001,-68.33275
4109991250.000001,-67.40641
4109992187.500001,-67.60513
4109993125.000001,-67.68918
4109994062.500001,-68.00159
4109995000.000001,-67.76431
4109995937.500001,-67.94476
4109996875.000001,-67.77622
4109997812.500001,-67.51647
4109998750.000001,-67.64817
4109999687.500001,-67.77184
4110000625.000001,-67.51083
4110001562.500001,-67.70976
4110002500.000001,-68.01656
4110003437.500001,-67.93045
4110004375.000001,-67.46432
4110005312.500001,-67.63586
4110006250.000001,-67.75223
4110007187.500001,-67.59684
4110008125.000001,-67.72152
4110009062.500001,-67.8481
4110010000.000001,-67.72283
4110010937.500001,-67.90593
4110011875.000001,-68.25095
4110012812.500001,-67.78255
4110013750.000001,-67.71055
4110014687.500001,-67.97284
4110015625.000001,-67.99216
4110016562.500001,-68.20636
4110017500.000001,-67.36318
4110018437.500001,-67.79765
4110019375.000001,-67.73256
4110020312.500001,-67.55512
4110021250.000001,-67.47543
4110022187.500001,-68.0675
4110023125.000001,-67.69595
4110024062.500001,-67.65489
4110025000.000001,-67.39803
4110025937.500001,-67.58538
4110026875.000001,-67.7399
4110027812.500001,-67.65801
4110028750.000001,-67.54067
4110029687.500001,-67.56911
4110030625.000001,-67.55108
4110031562.500001,-67.86395
4110032500.000001,-67.67142
4110033437.500001,-67.6231
4110034375.000001,-67.77697
4110035312.500001,-67.60982
4110036250.000001,-67.71816
4110037187.500001,-68.10944
4110038125.000001,-67.75811
4110039062.500001,-67.61466
4110040000.000001,-67.64588
4110040937.500001,-67.51517
4110041875.000001,-67.95219
4110042812.500001,-67.39304
4110043750.000001,-67.29737
4110044687.500001,-67.45187
4110045625.000001,-67.71344
4110046562.500001,-68.08091
4110047500.000001,-67.98926
4110048437.500001,-68.08774
4110049375.000001,-67.8651
4110050312.500001,-67.93957
4110051250.000001,-67.78817
4110052187.500001,-67.63901
4110053125.000001,-67.31573
4110054062.500001,-67.96414
4110055000.000001,-67.89577
4110055937.500001,-67.71886
4110056875.000001,-68.00352
4110057812.500001,-67.50888
4110058750.000001,-67.34521
4110059687.500001,-67.46494
4110060625.000001,-68.13431
4110061562.500001,-67.43217
4110062500.000001,-68.06324
4110063437.500001,-67.5832
4110064375.000001,-67.66279
4110065312.500001,-67.51363
4110066250.000001,-67.74229
4110067187.500001,-67.6806
4110068125.000001,-68.3705
4110069062.500001,-67.79494
4110070000.000001,-67.58788
4110070937.500001,-67.74473
4110071875.000001,-67.71624
4110072812.500001,-67.7066
4110073750.000001,-67.72749
4110074687.500001,-67.61462
4110075625.000001,-67.84959
4110076562.500001,-67.85458
4110077500.000001,-67.58462
4110078437.500001,-67.23199
4110079375.000001,-67.60145
4110080312.500001,-67.793
4110081250.000001,-67.51283
4110082187.500001,-67.71588
4110083125.000001,-68.02909
4110084062.500001,-67.71299
4110085000.000001,-67.87498
4110085937.500001,-67.79813
4110086875.000001,-67.76781
4110087812.500001,-68.30775
4110088750.000001,-67.36668
4110089687.500001,-67.83839
4110090625.000001,-68.04043
4110091562.500001,-67.28676
4110092500.000001,-67.84871
4110093437.500001,-67.27415
4110094375.000001,-67.29581
4110095312.500001,-67.82999
4110096250.000001,-67.57587
4110097187.500001,-67.52561
4110098125.000001,-67.30733
4110099062.500001,-67.58257
4110100000.000001,-67.97986
4110100937.500001,-67.73573
4110101875.000001,-68.04804
4110102812.500001,-68.16163
4110103750.000001,-67.834
4110104687.500001,-67.69846
4110105625.000001,-67.30473
4110106562.500001,-67.34163
4110107500.000001,-67.71714
4110108437.500001,-67.55786
4110109375.000001,-67.46152
4110110312.500001,-67.80862
4110111250.000001,-67.50449
4110112187.500001,-67.79229
4110113125.000001,-67.49095
4110114062.500001,-67.37216
4110115000.000001,-67.6366
4110115937.500001,-67.51109
4110116875.000001,-67.74624
4110117812.500001,-67.17485
4110118750.000001,-67.38081
4110119687.500001,-67.69751
4110120625.000001,-67.56174
4110121562.500001,-68.20324
4110122500.000001,-67.56197
4110123437.500001,-67.48173
4110124375.000001,-67.63081
4110125312.500001,-67.73808
4110126250.000001,-67.49234
4110127187.500001,-67.72742
4110128125.000001,-67.368
4110129062.500001,-67.65224
4110130000.000001,-67.32581
4110130937.500001,-67.39417
4110131875.000001,-67.43826
4110132812.500001,-67.65395
4110133750.000001,-67.6789
4110134687.500001,-67.27769
4110135625.000001,-67.81678
4110136562.500001,-67.80287
4110137500.000001,-67.57333
4110138437.500001,-67.86543
4110139375.000001,-67.24699
4110140312.500001,-67.89889
4110141250.000001,-67.7655
4110142187.500001,-67.70412
4110143125.000001,-67.35097
4110144062.500001,-67.65491
4110145000.000001,-67.4158
4110145937.500001,-68.23182
4110146875.000001,-67.33775
4110147812.500001,-67.61003
4110148750.000001,-67.17227
4110149687.500001,-68.0374
4110150625.000001,-67.76016
4110151562.500001,-68.01688
4110152500.000001,-67.43911
4110153437.500001,-67.80895
4110154375.000001,-67.81844
4110155312.500001,-67.6226
4110156250.000001,-67.71899
4110157187.500001,-67.7154
4110158125.000001,-67.64711
4110159062.500001,-67.72082
4110160000.000001,-67.29559
4110160937.500001,-67.85625
4110161875.000001,-67.58112
4110162812.500001,-67.69424
4110163750.000001,-67.99516
4110164687.500001,-67.69869
4110165625.000001,-67.77923
4110166562.500001,-67.8053
4110167500.000001,-67.71678
4110168437.500001,-67.62123
4110169375.000001,-67.27374
4110170312.500001,-67.34641
4110171250.000001,-67.6057
4110172187.500001,-67.63796
4110173125.000001,-67.4458
4110174062.500001,-67.58386
4110175000.000001,-67.80171
4110175937.500001,-67.8278
4110176875.000001,-67.82903
4110177812.500001,-67.3709
4110178750.000001,-67.75842
4110179687.500001,-67.78156
4110180625.000001,-67.38914
4110181562.500001,-67.55278
4110182500.000001,-67.71832
4110183437.500001,-67.62185
4110184375.000001,-67.6322
4110185312.500001,-67.56702
4110186250.000001,-67.37183
4110187187.500001,-67.93181
4110188125.000001,-67.84285
4110189062.500001,-67.43641
4110190000.000001,-67.66746
4110190937.500001,-67.25077
4110191875.000001,-67.63155
4110192812.500001,-67.28384
4110193750.000001,-67.86511
4110194687.500001,-67.96384
4110195625.000001,-67.30238
4110196562.500001,-67.71855
4110197500.000001,-67.3683
4110198437.500001,-67.25776
4110199375.000001,-67.51987
4110200312.500001,-67.31973
4110201250.000001,-68.09973
4110202187.500001,-67.21749
4110203125.000001,-67.62781
4110204062.500001,-67.42652
4110205000.000001,-67.87353
4110205937.500001,-67.60011
4110206875.000001,-67.35431
4110207812.500001,-67.55748
4110208750.000001,-67.61124
4110209687.500001,-67.62319
4110210625.000001,-67.20322
4110211562.500001,-67.76984
4110212500.000001,-67.54025
4110213437.500001,-67.42371
4110214375.000001,-67.69557
4110215312.500001,-67.73894
4110216250.000001,-67.7916
4110217187.500001,-67.52168
4110218125.000001,-67.49884
4110219062.500001,-67.60086
4110220000.000001,-67.89426
4110220937.500001,-67.51739
4110221875.000001,-67.01426
4110222812.500001,-67.49788
4110223750.000001,-67.86696
4110224687.500001,-67.65877
4110225625.000001,-67.67782
4110226562.500001,-67.60217
4110227500.000001,-67.47295
4110228437.500001,-67.67246
4110229375.000001,-67.46403
4110230312.500001,-67.82433
4110231250.000001,-67.42911
4110232187.500001,-67.73343
4110233125.000001,-67.54135
4110234062.500001,-67.48035
4110235000.000001,-67.49909
4110235937.500001,-67.36445
4110236875.000001,-67.47186
4110237812.500001,-67.80677
4110238750.000001,-67.61607
4110239687.500001,-67.6076
4110240625.000001,-67.33571
4110241562.500001,-67.38634
4110242500.000001,-67.17799
4110243437.500001,-67.6458
4110244375.000001,-67.60159
4110245312.500001,-67.5117
4110246250.000001,-67.68795
4110247187.500001,-67.48602
4110248125.000001,-67.30858
4110249062.500001,-67.58869
4110250000.000001,-67.79851
4110250937.500001,-67.7419
4110251875.000001,-67.51524
4110252812.500001,-67.39941
4110253750.000001,-67.4166
4110254687.500001,-67.58113
4110255625.000001,-67.496
4110256562.500001,-67.41735
4110257500.000001,-67.87518
4110258437.500001,-67.76864
4110259375.000001,-67.48462
4110260312.500001,-67.48504
4110261250.000001,-67.63788
4110262187.500001,-67.28479
4110263125.000001,-67.54766
4110264062.500001,-67.80115
4110265000.000001,-67.68494
4110265937.500001,-67.02357
4110266875.000001,-67.69617
4110267812.500001,-67.76261
4110268750.000001,-67.27604
4110269687.500001,-67.26815
4110270625.000001,-67.53979
4110271562.500001,-67.31948
4110272500.000001,-67.75573
4110273437.500001,-67.48993
4110274375.000001,-67.44572
4110275312.500001,-67.69276
4110276250.000001,-67.53685
4110277187.500001,-67.60966
4110278125.000001,-67.48103
4110279062.500001,-67.86252
4110280000.000001,-67.98819
4110280937.500001,-67.49344
4110281875.000001,-67.19933
4110282812.500001,-67.74529
4110283750.000001,-67.54891
4110284687.500001,-67.79049
4110285625.000001,-67.57988
4110286562.500001,-67.44021
4110287500.000001,-67.04189
4110288437.500001,-67.04009
4110289375.000001,-67.10135
4110290312.500001,-67.60781
4110291250.000001,-67.47942
4110292187.500001,-67.18584
4110293125.000001,-67.71954
4110294062.500001,-67.36595
4110295000.000001,-66.91928
4110295937.500001,-67.65765
4110296875.000001,-67.32287
4110297812.500001,-67.67411
4110298750.000001,-67.09087
4110299687.500001,-67.6053
4110300625.000001,-67.33141
4110301562.500001,-67.44672
4110302500.000001,-67.53446
4110303437.500001,-67.43774
4110304375.000001,-67.43091
4110305312.500001,-67.32289
4110306250.000001,-67.34941
4110307187.500001,-67.36069
4110308125.000001,-67.53705
4110309062.500001,-67.30265
4110310000.000001,-67.78649
4110310937.500001,-67.1216
4110311875.000001,-67.77092
4110312812.500001,-67.78001
4110313750.000001,-67.39649
4110314687.500001,-67.82977
4110315625.000001,-67.58415
4110316562.500001,-67.03198
4110317500.000001,-67.57681
4110318437.500001,-67.91854
4110319375.000001,-66.85718
4110320312.500001,-67.16956
4110321250.000001,-67.29198
4110322187.500001,-67.71317
4110323125.000001,-67.47196
4110324062.500001,-67.58697
4110325000.000001,-67.63988
4110325937.500001,-67.53201
4110326875.000001,-68.09393
4110327812.500001,-67.47179
4110328750.000001,-67.3755
4110329687.500001,-67.73708
4110330625.000001,-67.51404
4110331562.500001,-67.54915
4110332500.000001,-67.50946
4110333437.500001,-67.2561
4110334375.000001,-67.63909
4110335312.500001,-67.39731
4110336250.000001,-66.94624
4110337187.500001,-67.27182
4110338125.000001,-67.40423
4110339062.500001,-67.21129
4110340000.000001,-67.26443
4110340937.500001,-67.53603
4110341875.000001,-67.24512
4110342812.500001,-67.31124
4110343750.000001,-67.37953
4110344687.500001,-67.33231
4110345625.000001,-67.56842
4110346562.500001,-67.04327
4110347500.000001,-67.59738
4110348437.500001,-67.29684
4110349375.000001,-67.60049
4110350312.500001,-67.6562
4110351250.000001,-67.5729
4110352187.500001,-66.87616
4110353125.000001,-67.37412
4110354062.500001,-67.55394
4110355000.000001,-67.30494
4110355937.500001,-67.42117
4110356875.000001,-67.76374
4110357812.500001,-67.22146
4110358750.000001,-67.31531
4110359687.500001,-67.61578
4110360625.000001,-67.33621
4110361562.500001,-67.41732
4110362500.000001,-67.48506
4110363437.500001,-67.22027
4110364375.000001,-67.56213
4110365312.500001,-67.9343
4110366250.000001,-67.54117
4110367187.500001,-67.85731
4110368125.000001,-67.27819
4110369062.500001,-67.6387
4110370000.000001,-67.78682
4110370937.500001,-67.03616
4110371875.000001,-66.84539
4110372812.500001,-67.43685
4110373750.000001,-67.56843
4110374687.500001,-67.65578
4110375625.000001,-67.09782
4110376562.500001,-67.32204
4110377500.000001,-67.31158
4110378437.500001,-67.67303
4110379375.000001,-66.94702
4110380312.500001,-67.37632
4110381250.000001,-67.44913
4110382187.500001,-67.46261
4110383125.000001,-67.48193
4110384062.500001,-67.29515
4110385000.000001,-67.42988
4110385937.500001,-67.22628
4110386875.000001,-67.26665
4110387812.500001,-67.42017
4110388750.000001,-67.62331
4110389687.500001,-67.14027
4110390625.000001,-67.43214
4110391562.500001,-67.82275
4110392500.000001,-67.03504
4110393437.500001,-67.21983
4110394375.000001,-67.50104
4110395312.500001,-67.2153
4110396250.000001,-67.65147
4110397187.500001,-67.35773
4110398125.000001,-67.76876
4110399062.500001,-67.4932
4110400000.000001,-67.31339
4110400937.500001,-67.69202
4110401875.000001,-67.45425
4110402812.500001,-67.49177
4110403750.000001,-67.42689
4110404687.500001,-66.96159
4110405625.000001,-67.37257
4110406562.500001,-67.13021
4110407500.000001,-67.58771
4110408437.500001,-67.20174
4110409375.000001,-67.3742
4110410312.500001,-67.07378
4110411250.000001,-67.68327
4110412187.500001,-67.33537
4110413125.000001,-67.20089
4110414062.500001,-67.52712
4110415000.000001,-67.16072
4110415937.500001,-67.73133
4110416875.000001,-67.41483
4110417812.500001,-67.70934
4110418750.000001,-67.25558
4110419687.500001,-67.42445
4110420625.000001,-67.3009
4110421562.500001,-67.95522
4110422500.000001,-67.60095
4110423437.500001,-67.16837
4110424375.000001,-67.07808
4110425312.500001,-67.44292
4110426250.000001,-67.58019
4110427187.500001,-67.42883
4110428125.000001,-67.26624
4110429062.500001,-67.58921
4110430000.000001,-67.64802
4110430937.500001,-67.2114
4110431875.000001,-67.2969
4110432812.500001,-67.70592
4110433750.000001,-67.54818
4110434687.500001,-67.58531
4110435625.000001,-67.40286
4110436562.500001,-67.52708
4110437500.000001,-67.61474
4110438437.500001,-67.5563
4110439375.000001,-67.78744
4110440312.500001,-67.29945
4110441250.000001,-67.5556
4110442187.500001,-67.21613
4110443125.000001,-67.44985
4110444062.500001,-67.21605
4110445000.000001,-67.22092
4110445937.500001,-67.07996
4110446875.000001,-67.63784
4110447812.500001,-67.38354
4110448750.000001,-67.30289
4110449687.500001,-67.52405
4110450625.000001,-67.36761
4110451562.500001,-67.51164
4110452500.000001,-67.5313
4110453437.500001,-67.28241
4110454375.000001,-67.6668
4110455312.500001,-67.53072
4110456250.000001,-67.5839
4110457187.500001,-67.41326
4110458125.000001,-67.25003
4110459062.500001,-67.30473
4110460000.000001,-67.49026
4110460937.500001,-67.66247
4110461875.000001,-67.71179
4110462812.500001,-67.19119
4110463750.000001,-67.23934
4110464687.500001,-67.53955
4110465625.000001,-67.63668
4110466562.500001,-67.20378
4110467500.000001,-67.47472
4110468437.500001,-67.4068
4110469375.000001,-67.43388
4110470312.500001,-67.27168
4110471250.000001,-67.09586
4110472187.500001,-67.52821
4110473125.000001,-67.80885
4110474062.500001,-67.46765
4110475000.000001,-67.49416
4110475937.500001,-67.63843
4110476875.000001,-67.37527
4110477812.500001,-67.41888
4110478750.000001,-67.26578
4110479687.500001,-67.64792
4110480625.000001,-67.29536
4110481562.500001,-67.76201
4110482500.000001,-67.48148
4110483437.500001,-67.35323
4110484375.000001,-67.37542
4110485312.500001,-67.54614
4110486250.000001,-67.71095
4110487187.500001,-67.12305
4110488125.000001,-67.22717
4110489062.500001,-67.40411
4110490000.000001,-67.56012
4110490937.500001,-67.2006
4110491875.000001,-67.61167
4110492812.500001,-67.5729
4110493750.000001,-67.01858
4110494687.500001,-67.5374
4110495625.000001,-67.24583
4110496562.500001,-67.15009
4110497500.000001,-67.4141
4110498437.500001,-67.5465
4110499375.000001,-67.45886
4110500312.500001,-67.63205
4110501250.000001,-67.13593
4110502187.500001,-67.1913
4110503125.000001,-67.63717
4110504062.500001,-67.33937
4110505000.000001,-67.05427
4110505937.500001,-67.45661
4110506875.000001,-66.99291
4110507812.500001,-67.34644
4110508750.000001,-67.32208
4110509687.500001,-67.81586
4110510625.000001,-67.47883
4110511562.500001,-67.15072
4110512500.000001,-67.20082
4110513437.500001,-67.66529
4110514375.000001,-67.24004
4110515312.500001,-67.59336
4110516250.000001,-67.2589
4110517187.500001,-67.49103
4110518125.000001,-67.17311
4110519062.500001,-67.11919
4110520000.000001,-67.23129
4110520937.500001,-67.0716
4110521875.000001,-67.64539
4110522812.500001,-67.37855
4110523750.000001,-67.20241
4110524687.500001,-67.36028
4110525625.000001,-67.2428
4110526562.500001,-67.731
4110527500.000001,-66.8652
4110528437.500001,-67.36273
4110529375.000001,-67.17213
4110530312.500001,-67.09843
4110531250.000001,-67.27227
4110532187.500001,-67.18228
4110533125.000001,-67.02565
4110534062.500001,-67.01942
4110535000.000001,-67.42867
4110535937.500001,-67.15981
4110536875.000001,-67.74192
4110537812.500001,-67.33929
4110538750.000001,-67.15953
4110539687.500001,-68.0396
4110540625.000001,-67.17441
4110541562.500001,-67.16561
4110542500.000001,-67.47381
4110543437.500001,-67.51608
4110544375.000001,-67.61203
4110545312.500001,-67.55401
4110546250.000001,-67.17177
4110547187.500001,-67.71604
4110548125.000001,-67.18394
4110549062.500001,-67.44274
4110550000.000001,-67.70844
4110550937.500001,-67.31818
4110551875.000001,-67.51947
4110552812.500001,-67.26527
4110553750.000001,-67.28531
4110554687.500001,-67.44813
4110555625.000001,-67.75645
4110556562.500001,-67.16928
4110557500.000001,-67.60915
4110558437.500001,-67.29084
4110559375.000001,-67.17672
4110560312.500001,-67.32815
4110561250.000001,-67.30036
4110562187.500001,-67.50712
4110563125.000001,-67.20974
4110564062.500001,-67.39733
4110565000.000001,-67.38592
4110565937.500001,-67.29627
4110566875.000001,-67.36586
4110567812.500001,-67.08766
4110568750.000001,-67.38412
4110569687.500001,-67.10329
4110570625.000001,-68.01315
4110571562.500001,-67.34571
4110572500.000001,-67.45095
4110573437.500001,-67.25372
4110574375.000001,-67.36843
4110575312.500001,-67.46476
4110576250.000001,-67.46451
4110577187.500001,-67.4398
4110578125.000001,-67.23446
4110579062.500001,-67.23444
4110580000.000001,-67.4499
4110580937.500001,-67.34275
4110581875.000001,-67.35651
4110582812.500001,-67.25104
4110583750.000001,-67.62784
4110584687.500001,-67.55356
4110585625.000001,-66.84248
4110586562.500001,-67.71147
4110587500.000001,-67.1339
4110588437.500001,-67.12189
4110589375.000001,-67.67924
4110590312.500001,-67.67879
4110591250.000001,-67.19467
4110592187.500001,-67.30968
4110593125.000001,-67.50267
4110594062.500001,-67.18847
4110595000.000001,-67.73287
4110595937.500001,-67.76862
4110596875.000001,-67.52059
4110597812.500001,-67.17312
4110598750.000001,-66.9614
4110599687.500001,-67.41082
4110600625.000001,-67.23692
4110601562.500001,-67.12669
4110602500.000001,-67.49938
4110603437.500001,-67.35666
4110604375.000001,-67.73786
4110605312.500001,-67.44407
4110606250.000001,-67.40289
4110607187.500001,-67.19907
4110608125.000001,-67.42533
4110609062.500001,-67.21497
4110610000.000001,-67.14127
4110610937.500001,-67.21283
4110611875.000001,-67.63091
4110612812.500001,-67.19561
4110613750.000001,-67.00813
4110614687.500001,-67.35239
4110615625.000001,-67.26262
4110616562.500001,-67.32186
4110617500.000001,-67.72223
4110618437.500001,-67.60033
4110619375.000001,-67.43967
4110620312.500001,-67.16946
4110621250.000001,-67.35816
4110622187.500001,-67.5871
4110623125.000001,-67.10493
4110624062.500001,-67.45923
4110625000.000001,-67.26328
4110625937.500001,-67.33278
4110626875.000001,-67.58682
4110627812.500001,-67.34693
4110628750.000001,-67.52426
4110629687.500001,-67.37578
4110630625.000001,-66.8782
4110631562.500001,-67.48741
4110632500.000001,-67.11586
4110633437.500001,-67.21819
4110634375.000001,-67.52283
4110635312.500001,-67.01765
4110636250.000001,-66.87749
4110637187.500001,-67.36569
4110638125.000001,-67.63638
4110639062.500001,-67.44553
4110640000.000001,-67.48869
4110640937.500001,-67.60739
4110641875.000001,-67.59027
4110642812.500001,-67.43266
4110643750.000001,-67.62627
4110644687.500001,-67.11736
4110645625.000001,-67.17458
4110646562.500001,-67.3261
4110647500.000001,-67.2556
4110648437.500001,-67.45522
4110649375.000001,-67.25579
4110650312.500001,-67.55819
4110651250.000001,-67.2812
4110652187.500001,-67.46513
4110653125.000001,-66.95116
4110654062.500001,-67.06765
4110655000.000001,-67.05699
4110655937.500001,-67.28917
4110656875.000001,-67.28112
4110657812.500001,-67.35204
4110658750.000001,-67.4938
4110659687.500001,-67.14136
4110660625.000001,-67.68253
4110661562.500001,-67.40385
4110662500.000001,-67.78464
4110663437.500001,-66.79733
4110664375.000001,-67.40434
4110665312.500001,-67.62349
4110666250.000001,-67.02934
4110667187.500001,-67.72881
4110668125.000001,-67.20637
4110669062.500001,-67.62492
4110670000.000001,-67.26404
4110670937.500001,-67.60331
4110671875.000001,-67.00526
4110672812.500001,-67.31128
4110673750.000001,-67.36892
4110674687.500001,-67.57811
4110675625.000001,-66.8246
4110676562.500001,-67.01067
4110677500.000001,-66.96176
4110678437.500001,-67.19006
4110679375.000001,-67.00539
4110680312.500001,-67.29597
4110681250.000001,-67.18206
4110682187.500001,-67.41414
4110683125.000001,-67.37129
4110684062.500001,-67.08208
4110685000.000001,-67.27961
4110685937.500001,-67.46794
4110686875.000001,-67.06077
4110687812.500001,-67.37733
4110688750.000001,-66.73875
4110689687.500001,-67.35957
4110690625.000001,-67.18448
4110691562.500001,-66.95609
4110692500.000001,-66.94391
4110693437.500001,-67.39443
4110694375.000001,-67.58903
4110695312.500001,-67.38078
4110696250.000001,-67.21817
4110697187.500001,-67.39075
4110698125.000001,-67.28094
4110699062.500001,-67.33608
4110700000.000001,-67.52938
4110700937.500001,-67.0292
4110701875.000001,-67.31435
4110702812.500001,-67.37253
4110703750.000001,-67.86236
4110704687.500001,-66.98994
4110705625.000001,-67.35952
4110706562.500001,-67.65105
4110707500.000001,-67.38049
4110708437.500001,-67.13131
4110709375.000001,-67.39905
4110710312.500001,-67.17518
4110711250.000001,-67.30921
4110712187.500001,-67.59441
4110713125.000001,-67.52312
4110714062.500001,-67.10258
4110715000.000001,-67.42823
4110715937.500001,-66.93787
4110716875.000001,-66.8647
4110717812.500001,-67.2924
4110718750.000001,-67.32365
4110719687.500001,-67.08691
4110720625.000001,-67.47733
4110721562.500001,-67.2907
4110722500.000001,-67.70688
4110723437.500001,-66.86848
4110724375.000001,-67.15768
4110725312.500001,-67.33306
4110726250.000001,-67.37464
4110727187.500001,-67.57241
4110728125.000001,-67.23797
4110729062.500001,-66.95511
4110730000.000001,-67.22047
4110730937.500001,-67.49548
4110731875.000001,-67.38462
4110732812.500001,-67.42004
4110733750.000001,-67.4708
4110734687.500001,-67.35574
4110735625.000001,-67.2004
4110736562.500001,-67.32959
4110737500.000001,-67.202
4110738437.500001,-67.46444
4110739375.000001,-67.21162
4110740312.500001,-67.4182
4110741250.000001,-67.59743
4110742187.500001,-67.66409
4110743125.000001,-67.20399
4110744062.500001,-67.30502
4110745000.000001,-67.13419
4110745937.500001,-67.6965
4110746875.000001,-67.6342
4110747812.500001,-67.12559
4110748750.000001,-67.06263
4110749687.500001,-67.59539
4110750625.000001,-67.31761
4110751562.500001,-67.08897
4110752500.000001,-67.43977
4110753437.500001,-67.55482
4110754375.000001,-67.2544
4110755312.500001,-66.73817
4110756250.000001,-66.89388
4110757187.500001,-67.24432
4110758125.000001,-67.52553
4110759062.500001,-67.3492
4110760000.000001,-67.48862
4110760937.500001,-67.256
4110761875.000001,-67.06878
4110762812.500001,-67.35026
4110763750.000001,-67.03944
4110764687.500001,-66.89004
4110765625.000001,-67.48728
4110766562.500001,-67.51596
4110767500.000001,-66.98802
4110768437.500001,-67.30907
4110769375.000001,-67.72356
4110770312.500001,-66.84437
4110771250.000001,-67.14278
4110772187.500001,-67.44643
4110773125.000001,-67.18208
4110774062.500001,-67.30312
4110775000.000001,-67.27514
4110775937.500001,-67.15311
4110776875.000001,-67.31586
4110777812.500001,-67.38581
4110778750.000001,-67.24471
4110779687.500001,-66.70806
4110780625.000001,-67.218
4110781562.500001,-67.77008
4110782500.000001,-67.21552
4110783437.500001,-67.39402
4110784375.000001,-67.3853
4110785312.500001,-67.11375
4110786250.000001,-67.03532
4110787187.500001,-67.43494
4110788125.000001,-66.86996
4110789062.500001,-67.49725
4110790000.000001,-66.95464
4110790937.500001,-67.16602
4110791875.000001,-67.05345
4110792812.500001,-67.35281
4110793750.000001,-67.19671
4110794687.500001,-67.1573
4110795625.000001,-67.2085
4110796562.500001,-67.57549
4110797500.000001,-67.23161
4110798437.500001,-67.3189
4110799375.000001,-67.4035
4110800312.500001,-66.69157
4110801250.000001,-67.03899
4110802187.500001,-67.03625
4110803125.000001,-67.1612
4110804062.500001,-67.10631
4110805000.000001,-67.21411
4110805937.500001,-67.0718
4110806875.000001,-67.13088
4110807812.500001,-67.39604
4110808750.000001,-67.03426
4110809687.500001,-66.66866
4110810625.000001,-67.24613
4110811562.500001,-67.22054
4110812500.000001,-67.51646
4110813437.500001,-67.63526
4110814375.000001,-66.93716
4110815312.500001,-67.06553
4110816250.000001,-66.99174
4110817187.500001,-67.20681
4110818125.000001,-67.56268
4110819062.500001,-66.97823
4110820000.000001,-66.90536
4110820937.500001,-67.34988
4110821875.000001,-67.18653
4110822812.500001,-67.62116
4110823750.000001,-67.45031
4110824687.500001,-67.0038
4110825625.000001,-67.15311
4110826562.500001,-67.27255
4110827500.000001,-66.75243
4110828437.500001,-67.23995
4110829375.000001,-67.03059
4110830312.500001,-67.40011
4110831250.000001,-67.42654
4110832187.500001,-67.26326
4110833125.000001,-67.38956
4110834062.500001,-67.01128
4110835000.000001,-67.23432
4110835937.500001,-67.04222
4110836875.000001,-66.94755
4110837812.500001,-67.45093
4110838750.000001,-67.2348
4110839687.500001,-66.98932
4110840625.000001,-67.06991
4110841562.500001,-66.8329
4110842500.000001,-66.96275
4110843437.500001,-67.15231
4110844375.000001,-67.26171
4110845312.500001,-67.27916
4110846250.000001,-66.81134
4110847187.500001,-66.69942
4110848125.000001,-66.93626
4110849062.500001,-67.25504
4110850000.000001,-67.10743
4110850937.500001,-67.41346
4110851875.000001,-67.05473
4110852812.500001,-67.21203
4110853750.000001,-66.80693
4110854687.500001,-67.30021
4110855625.000001,-67.18322
4110856562.500001,-67.1152
4110857500.000001,-67.04977
4110858437.500001,-66.98574
4110859375.000001,-67.14859
4110860312.500001,-67.11043
4110861250.000001,-67.24585
4110862187.500001,-67.17241
4110863125.000001,-67.20187
4110864062.500001,-67.3042
4110865000.000001,-66.83257
4110865937.500001,-67.00751
4110866875.000001,-67.19609
4110867812.500001,-66.75328
4110868750.000001,-67.15719
4110869687.500001,-67.19755
4110870625.000001,-66.82188
4110871562.500001,-67.29913
4110872500.000001,-67.03627
4110873437.500001,-67.48293
4110874375.000001,-67.21613
4110875312.500001,-67.13932
4110876250.000001,-67.30949
4110877187.500001,-67.03104
4110878125.000001,-66.92714
4110879062.500001,-67.19059
4110880000.000001,-66.77205
4110880937.500001,-66.99643
4110881875.000001,-66.90041
4110882812.500001,-67.13119
4110883750.000001,-67.11559
4110884687.500001,-66.91124
4110885625.000001,-67.16094
4110886562.500001,-67.01716
4110887500.000001,-66.78533
4110888437.500001,-67.03455
4110889375.000001,-67.2737
4110890312.500001,-67.07658
4110891250.000001,-67.2353
4110892187.500001,-66.99809
4110893125.000001,-67.08142
4110894062.500001,-67.05521
4110895000.000001,-67.21268
4110895937.500001,-67.18887
4110896875.000001,-67.39762
4110897812.500001,-67.25707
4110898750.000001,-67.38992
4110899687.500001,-67.47326
4110900625.000001,-66.94635
4110901562.500001,-67.24899
4110902500.000001,-67.41328
4110903437.500001,-67.35622
4110904375.000001,-67.21034
4110905312.500001,-66.7986
4110906250.000001,-67.40356
4110907187.500001,-67.00992
4110908125.000001,-67.06281
4110909062.500001,-66.93135
4110910000.000001,-67.12729
4110910937.500001,-67.08833
4110911875.000001,-66.83834
4110912812.500001,-67.40945
4110913750.000001,-66.81275
4110914687.500001,-67.0186
4110915625.000001,-66.75439
4110916562.500001,-67.1738
4110917500.000001,-67.09352
4110918437.500001,-67.51395
4110919375.000001,-66.98825
4110920312.500001,-67.27721
4110921250.000001,-66.73156
4110922187.500001,-67.3401
4110923125.000001,-67.54089
4110924062.500001,-67.0037
4110925000.000001,-67.46702
4110925937.500001,-67.34477
4110926875.000001,-67.02872
4110927812.500001,-67.39533
4110928750.000001,-67.30236
4110929687.500001,-67.18154
4110930625.000001,-67.16947
4110931562.500001,-66.78143
4110932500.000001,-67.11691
4110933437.500001,-67.20108
4110934375.000001,-66.9819
4110935312.500001,-66.70096
4110936250.000001,-67.33585
4110937187.500001,-67.15217
4110938125.000001,-66.81293
4110939062.500001,-67.11886
4110940000.000001,-67.40663
4110940937.500001,-66.89964
4110941875.000001,-67.50544
4110942812.500001,-67.00436
4110943750.000001,-67.17775
4110944687.500001,-67.0415
4110945625.000001,-67.25989
4110946562.500001,-67.20266
4110947500.000001,-66.76993
4110948437.500001,-67.29474
4110949375.000001,-67.17384
4110950312.500001,-67.27384
4110951250.000001,-67.06232
4110952187.500001,-67.19904
4110953125.000001,-67.71249
4110954062.500001,-67.14735
4110955000.000001,-67.08705
4110955937.500001,-66.93539
4110956875.000001,-67.07257
4110957812.500001,-66.97376
4110958750.000001,-67.05322
4110959687.500001,-67.28265
4110960625.000001,-67.3765
4110961562.500001,-66.97205
4110962500.000001,-66.55535
4110963437.500001,-66.93011
4110964375.000001,-67.07203
4110965312.500001,-67.42528
4110966250.000001,-66.93079
4110967187.500001,-67.06147
4110968125.000001,-67.07336
4110969062.500001,-67.04198
4110970000.000001,-67.32553
4110970937.500001,-66.83553
4110971875.000001,-67.10244
4110972812.500001,-66.89117
4110973750.000001,-67.1028
4110974687.500001,-67.1028
4110975625.000001,-67.04183
4110976562.500001,-67.45197
4110977500.000001,-67.07037
4110978437.500001,-67.04335
4110979375.000001,-67.19334
4110980312.500001,-66.95954
4110981250.000001,-66.91458
4110982187.500001,-66.94952
4110983125.000001,-66.7705
4110984062.500001,-67.06203
4110985000.000001,-66.92492
4110985937.500001,-66.99401
4110986875.000001,-67.42344
4110987812.500001,-66.96572
4110988750.000001,-66.98212
4110989687.500001,-67.16503
4110990625.000001,-66.59962
4110991562.500001,-66.88993
4110992500.000001,-67.31533
4110993437.500001,-67.15607
4110994375.000001,-67.06468
4110995312.500001,-66.86958
4110996250.000001,-66.91868
4110997187.500001,-66.80327
4110998125.000001,-66.8155
4110999062.500001,-66.8617
4111000000.000001,-67.12263
4111000937.500001,-67.20737
4111001875.000001,-67.01578
4111002812.500001,-66.94802
4111003750.000001,-67.09367
4111004687.500001,-66.97426
4111005625.000001,-67.04147
4111006562.500001,-67.20174
4111007500.000001,-66.92768
4111008437.500001,-67.29821
4111009375.000001,-67.3304
4111010312.500001,-67.49889
4111011250.000001,-67.07285
4111012187.500001,-67.35114
4111013125.000001,-67.28409
4111014062.500001,-66.90718
4111015000.000001,-66.9029
4111015937.500001,-67.29104
4111016875.000001,-66.72764
4111017812.500001,-67.105
4111018750.000001,-67.1533
4111019687.500001,-66.68937
4111020625.000001,-67.31025
4111021562.500001,-66.68299
4111022500.000001,-67.08083
4111023437.500001,-66.99118
4111024375.000001,-67.20922
4111025312.500001,-67.17535
4111026250.000001,-66.85938
4111027187.500001,-67.137
4111028125.000001,-66.91569
4111029062.500001,-67.02131
4111030000.000001,-66.91498
4111030937.500001,-67.20086
4111031875.000001,-67.07591
4111032812.500001,-67.13451
4111033750.000001,-66.75427
4111034687.500001,-67.02454
4111035625.000001,-66.83075
4111036562.500001,-66.98801
4111037500.000001,-66.87153
4111038437.500001,-66.82093
4111039375.000001,-66.69611
4111040312.500001,-66.79058
4111041250.000001,-67.24944
4111042187.500001,-66.6685
4111043125.000001,-66.75362
4111044062.500001,-66.75948
4111045000.000001,-66.92021
4111045937.500001,-67.04334
4111046875.000001,-67.08588
4111047812.500001,-66.90593
4111048750.000001,-66.58219
4111049687.500001,-67.02338
4111050625.000001,-66.87775
4111051562.500001,-67.06754
4111052500.000001,-66.97939
4111053437.500001,-66.85591
4111054375.000001,-67.08547
4111055312.500001,-67.06528
4111056250.000001,-67.15109
4111057187.500001,-66.99945
4111058125.000001,-67.0583
4111059062.500001,-66.55876
4111060000.000001,-67.00404
4111060937.500001,-66.89769
4111061875.000001,-66.9155
4111062812.500001,-66.73808
4111063750.000001,-66.94567
4111064687.500001,-67.14894
4111065625.000001,-67.31017
4111066562.500001,-67.07923
4111067500.000001,-66.85464
4111068437.500001,-67.2241
4111069375.000001,-67.01238
4111070312.500001,-66.82848
4111071250.000001,-66.9623
4111072187.500001,-67.38064
4111073125.000001,-67.14943
4111074062.500001,-66.85696
4111075000.000001,-67.34414
4111075937.500001,-67.1893
4111076875.000001,-67.08134
4111077812.500001,-67.2446
4111078750.000001,-67.09305
4111079687.500001,-66.97619
4111080625.000001,-66.91921
4111081562.500001,-67.39491
4111082500.000001,-66.94823
4111083437.500001,-66.52016
4111084375.000001,-67.08707
4111085312.500001,-67.14597
4111086250.000001,-66.8085
4111087187.500001,-66.89117
4111088125.000001,-66.97221
4111089062.500001,-67.13239
4111090000.000001,-67.0556
4111090937.500001,-67.49461
4111091875.000001,-67.1863
4111092812.500001,-66.73882
4111093750.000001,-66.9691
4111094687.500001,-66.73108
4111095625.000001,-66.83492
4111096562.500001,-66.75174
4111097500.000001,-66.82674
4111098437.500001,-67.04822
4111099375.000001,-66.80532
4111100312.500001,-67.0223
4111101250.000001,-66.8229
4111102187.500001,-66.81716
4111103125.000001,-67.04392
4111104062.500001,-67.23709
4111105000.000001,-66.87776
4111105937.500001,-66.78759
4111106875.000001,-67.22043
4111107812.500001,-66.80527
4111108750.000001,-67.24256
4111109687.500001,-66.81891
4111110625.000001,-67.00613
4111111562.500001,-67.20477
4111112500.000001,-66.80095
4111113437.500001,-66.9653
4111114375.000001,-66.89327
4111115312.500001,-66.77568
4111116250.000001,-66.72874
4111117187.500001,-67.06425
4111118125.000001,-67.03764
4111119062.500001,-67.09516
4111120000.000001,-67.13997
4111120937.500001,-66.66089
4111121875.000001,-66.99645
4111122812.500001,-67.2276
4111123750.000001,-66.53246
4111124687.500001,-66.97561
4111125625.000001,-67.14139
4111126562.500001,-66.7885
4111127500.000001,-67.01203
4111128437.500001,-66.96226
4111129375.000001,-67.13882
4111130312.500001,-66.8541
4111131250.000001,-66.96758
4111132187.500001,-66.71091
4111133125.000001,-67.16722
4111134062.500001,-67.02848
4111135000.000001,-66.83004
4111135937.500001,-66.87069
4111136875.000001,-66.82172
4111137812.500001,-66.68635
4111138750.000001,-66.83495
4111139687.500001,-66.9593
4111140625.000001,-67.06204
4111141562.500001,-66.68425
4111142500.000001,-66.98423
4111143437.500001,-66.93063
4111144375.000001,-66.38824
4111145312.500001,-67.10287
4111146250.000001,-66.82753
4111147187.500001,-66.66662
4111148125.000001,-67.07536
4111149062.500001,-66.97469
4111150000.000001,-66.90343
4111150937.500001,-66.79984
4111151875.000001,-66.83124
4111152812.500001,-67.57769
4111153750.000001,-67.2443
4111154687.500001,-66.83842
4111155625.000001,-66.93446
4111156562.500001,-66.89164
4111157500.000001,-66.32446
4111158437.500001,-66.63972
4111159375.000001,-66.96146
4111160312.500001,-66.54422
4111161250.000001,-67.0234
4111162187.500001,-67.18436
4111163125.000001,-66.83176
4111164062.500001,-66.87314
4111165000.000001,-67.26485
4111165937.500001,-66.73656
4111166875.000001,-66.61636
4111167812.500001,-67.10532
4111168750.000001,-66.90514
4111169687.500001,-66.51766
4111170625.000001,-66.72829
4111171562.500001,-66.88539
4111172500.000001,-67.15304
4111173437.500001,-66.82189
4111174375.000001,-66.62851
4111175312.500001,-67.15681
4111176250.000001,-66.74712
4111177187.500001,-66.65431
4111178125.000001,-66.9798
4111179062.500001,-67.05059
4111180000.000001,-67.05405
4111180937.500001,-66.98904
4111181875.000001,-66.76605
4111182812.500001,-67.08542
4111183750.000001,-66.9099
4111184687.500001,-66.82628
4111185625.000001,-67.03704
4111186562.500001,-67.0623
4111187500.000001,-66.64436
4111188437.500001,-66.84486
4111189375.000001,-67.0785
4111190312.500001,-66.87922
4111191250.000001,-67.36096
4111192187.500001,-66.92984
4111193125.000001,-66.8217
4111194062.500001,-66.69766
4111195000.000001,-66.92864
4111195937.500001,-66.81078
4111196875.000001,-66.88062
4111197812.500001,-66.39435
4111198750.000001,-66.85361
4111199687.500001,-66.72716
4111200625.000001,-66.75345
4111201562.500001,-67.00539
4111202500.000001,-66.82165
4111203437.500001,-66.64135
4111204375.000001,-66.69609
4111205312.500001,-67.22066
4111206250.000001,-66.9769
4111207187.500001,-66.81609
4111208125.000001,-67.58727
4111209062.500001,-66.98984
4111210000.000001,-66.59922
4111210937.500001,-66.94897
4111211875.000001,-66.86867
4111212812.500001,-66.8119
4111213750.000001,-66.8315
4111214687.500001,-66.74028
4111215625.000001,-66.89684
4111216562.500001,-66.78148
4111217500.000001,-66.65364
4111218437.500001,-66.39713
4111219375.000001,-66.85632
4111220312.500001,-66.96871
4111221250.000001,-67.40169
4111222187.500001,-66.95892
4111223125.000001,-66.97921
4111224062.500001,-66.72898
4111225000.000001,-67.21987
4111225937.500001,-67.14439
4111226875.000001,-66.96077
4111227812.500001,-66.55476
4111228750.000001,-67.14223
4111229687.500001,-66.92442
4111230625.000001,-67.29463
4111231562.500001,-66.73881
4111232500.000001,-66.89436
4111233437.500001,-66.49957
4111234375.000001,-66.9893
4111235312.500001,-67.04563
4111236250.000001,-66.97593
4111237187.500001,-66.73904
4111238125.000001,-67.11915
4111239062.500001,-66.82245
4111240000.000001,-66.82661
4111240937.500001,-66.4409
4111241875.000001,-66.64808
4111242812.500001,-66.78876
4111243750.000001,-66.67019
4111244687.500001,-66.81802
4111245625.000001,-66.8411
4111246562.500001,-66.66756
4111247500.000001,-66.76344
4111248437.500001,-67.12482
4111249375.000001,-66.85433
4111250312.500001,-67.10599
4111251250.000001,-67.18625
4111252187.500001,-66.79836
4111253125.000001,-66.87868
4111254062.500001,-66.89333
4111255000.000001,-67.35475
4111255937.500001,-66.30435
4111256875.000001,-67.00123
4111257812.500001,-66.8987
4111258750.000001,-66.78365
4111259687.500001,-66.71469
4111260625.000001,-66.77991
4111261562.500001,-67.07088
4111262500.000001,-66.84474
4111263437.500001,-67.07612
4111264375.000001,-66.79753
4111265312.500001,-66.5769
4111266250.000001,-66.94073
4111267187.500001,-66.43118
4111268125.000001,-66.67676
4111269062.500001,-67.1559
4111270000.000001,-66.87286
4111270937.500001,-66.80755
4111271875.000001,-67.14206
4111272812.500001,-66.56084
4111273750.000001,-66.7591
4111274687.500001,-66.7886
4111275625.000001,-66.99226
4111276562.500001,-67.09869
4111277500.000001,-66.90744
4111278437.500001,-66.73067
4111279375.000001,-66.68771
4111280312.500001,-67.07713
4111281250.000001,-66.59418
4111282187.500001,-66.95721
4111283125.000001,-66.72851
4111284062.500001,-67.18387
4111285000.000001,-66.51935
4111285937.500001,-66.68156
4111286875.000001,-66.54082
4111287812.500001,-66.93051
4111288750.000001,-66.95119
4111289687.500001,-66.60298
4111290625.000001,-67.13672
4111291562.500001,-66.59537
4111292500.000001,-66.86672
4111293437.500001,-66.58392
4111294375.000001,-66.44278
4111295312.500001,-67.07953
4111296250.000001,-66.65865
4111297187.500001,-66.70278
4111298125.000001,-66.6175
4111299062.500001,-67.03109
4111300000.000001,-67.01299
4111300937.500001,-66.36975
4111301875.000001,-66.81282
4111302812.500001,-66.84501
4111303750.000001,-67.25997
4111304687.500001,-66.62534
4111305625.000001,-66.76016
4111306562.500001,-66.40701
4111307500.000001,-66.48296
4111308437.500001,-66.78727
4111309375.000001,-66.93058
4111310312.500001,-66.69796
4111311250.000001,-66.49463
4111312187.500001,-67.02789
4111313125.000001,-66.80482
4111314062.500001,-66.85017
4111315000.000001,-67.22238
4111315937.500001,-66.55486
4111316875.000001,-66.9164
4111317812.500001,-66.8428
4111318750.000001,-66.65173
4111319687.500001,-66.9996
4111320625.000001,-66.63741
4111321562.500001,-66.57262
4111322500.000001,-66.5528
4111323437.500001,-67.12219
4111324375.000001,-67.17101
4111325312.500001,-67.05604
4111326250.000001,-66.57077
4111327187.500001,-66.95635
4111328125.000001,-66.80995
4111329062.500001,-66.76801
4111330000.000001,-66.88893
4111330937.500001,-66.79459
4111331875.000001,-66.62272
4111332812.500001,-66.68343
4111333750.000001,-66.75822
4111334687.500001,-67.59479
4111335625.000001,-66.64448
4111336562.500001,-66.95602
4111337500.000001,-67.03595
4111338437.500001,-67.11091
4111339375.000001,-66.5207
4111340312.500001,-66.95521
4111341250.000001,-66.76158
4111342187.500001,-66.74901
4111343125.000001,-67.14522
4111344062.500001,-67.0542
4111345000.000001,-66.78233
4111345937.500001,-66.56401
4111346875.000001,-66.71351
4111347812.500001,-66.91353
4111348750.000001,-66.80927
4111349687.500001,-67.06208
4111350625.000001,-66.5744
4111351562.500001,-66.78934
4111352500.000001,-66.77988
4111353437.500001,-66.40102
4111354375.000001,-66.57162
4111355312.500001,-66.86651
4111356250.000001,-67.00756
4111357187.500001,-66.60864
4111358125.000001,-66.46576
4111359062.500001,-66.46953
4111360000.000001,-67.04256
4111360937.500001,-67.03664
4111361875.000001,-66.75456
4111362812.500001,-66.66076
4111363750.000001,-66.85093
4111364687.500001,-66.88248
4111365625.000001,-67.06499
4111366562.500001,-66.58873
4111367500.000001,-66.73735
4111368437.500001,-66.63952
4111369375.000001,-66.96711
4111370312.500001,-66.57912
4111371250.000001,-67.187
4111372187.500001,-66.64632
4111373125.000001,-67.03069
4111374062.500001,-66.85391
4111375000.000001,-67.17091
4111375937.500001,-66.75688
4111376875.000001,-67.09566
4111377812.500001,-66.74639
4111378750.000001,-67.07178
4111379687.500001,-66.91705
4111380625.000001,-66.90926
4111381562.500001,-66.68145
4111382500.000001,-66.68169
4111383437.500001,-66.33622
4111384375.000001,-66.76818
4111385312.500001,-66.47234
4111386250.000001,-66.81469
4111387187.500001,-67.18401
4111388125.000001,-66.87284
4111389062.500001,-67.07716
4111390000.000001,-67.12751
4111390937.500001,-67.15498
4111391875.000001,-66.94497
4111392812.500001,-66.7587
4111393750.000001,-66.62696
4111394687.500001,-66.41882
4111395625.000001,-66.67635
4111396562.500001,-66.92166
4111397500.000001,-67.09798
4111398437.500001,-66.96041
4111399375.000001,-67.03255
4111400312.500001,-66.97244
4111401250.000001,-66.50047
4111402187.500001,-66.76149
4111403125.000001,-66.78374
4111404062.500001,-66.79109
4111405000.000001,-66.6526
4111405937.500001,-66.46757
4111406875.000001,-67.14011
4111407812.500001,-66.77686
4111408750.000001,-67.1842
4111409687.500001,-66.58809
4111410625.000001,-66.67963
4111411562.500001,-66.60101
4111412500.000001,-66.82444
4111413437.500001,-66.75317
4111414375.000001,-66.58267
4111415312.500001,-66.43336
4111416250.000001,-66.4827
4111417187.500001,-66.61667
4111418125.000001,-66.46915
4111419062.500001,-67.0797
4111420000.000001,-66.85536
4111420937.500001,-66.61234
4111421875.000001,-66.86051
4111422812.500001,-66.88669
4111423750.000001,-66.53854
4111424687.500001,-66.6981
4111425625.000001,-66.87394
4111426562.500001,-67.25602
4111427500.000001,-66.80431
4111428437.500001,-66.91628
4111429375.000001,-66.81086
4111430312.500001,-66.28308
4111431250.000001,-66.8801
4111432187.500001,-67.05553
4111433125.000001,-66.61848
4111434062.500001,-66.31136
4111435000.000001,-66.62144
4111435937.500001,-66.62437
4111436875.000001,-66.75464
4111437812.500001,-66.40225
4111438750.000001,-66.40288
4111439687.500001,-66.62456
4111440625.000001,-66.66513
4111441562.500001,-67.21777
4111442500.000001,-66.64204
4111443437.500001,-66.58849
4111444375.000001,-66.4827
4111445312.500001,-66.80972
4111446250.000001,-66.47911
4111447187.500001,-66.61985
4111448125.000001,-66.52541
4111449062.500001,-66.63216
4111450000.000001,-66.82909
4111450937.500001,-67.26152
4111451875.000001,-67.37033
4111452812.500001,-66.4453
4111453750.000001,-66.77729
4111454687.500001,-66.77703
4111455625.000001,-66.43328
4111456562.500001,-66.34849
4111457500.000001,-66.86151
4111458437.500001,-66.71711
4111459375.000001,-66.701
4111460312.500001,-66.94711
4111461250.000001,-66.56413
4111462187.500001,-66.79475
4111463125.000001,-66.74567
4111464062.500001,-66.5804
4111465000.000001,-66.43641
4111465937.500001,-66.6767
4111466875.000001,-66.98756
4111467812.500001,-67.14378
4111468750.000001,-66.93192
4111469687.500001,-66.58357
4111470625.000001,-66.86281
4111471562.500001,-67.05459
4111472500.000001,-66.45247
4111473437.500001,-66.87261
4111474375.000001,-66.57194
4111475312.500001,-66.83437
4111476250.000001,-66.60935
4111477187.500001,-66.83808
4111478125.000001,-66.5234
4111479062.500001,-66.8739
4111480000.000001,-66.77361
4111480937.500001,-66.79278
4111481875.000001,-66.95277
4111482812.500001,-66.67383
4111483750.000001,-66.99255
4111484687.500001,-66.57602
4111485625.000001,-66.52473
4111486562.500001,-67.1356
4111487500.000001,-66.6704
4111488437.500001,-67.12028
4111489375.000001,-66.49643
4111490312.500001,-66.5541
4111491250.000001,-66.56474
4111492187.500001,-66.47767
4111493125.000001,-66.48491
4111494062.500001,-66.56458
4111495000.000001,-66.55856
4111495937.500001,-66.55273
4111496875.000001,-66.42113
4111497812.500001,-66.80506
4111498750.000001,-66.71813
4111499687.500001,-66.84486
4111500625.000001,-66.45065
4111501562.500001,-67.00868
4111502500.000001,-66.65209
4111503437.500001,-66.31522
4111504375.000001,-66.56249
4111505312.500001,-66.74908
4111506250.000001,-66.72361
4111507187.500001,-66.4468
4111508125.000001,-66.91646
4111509062.500001,-67.25092
4111510000.000001,-66.75743
4111510937.500001,-66.36266
4111511875.000001,-66.6602
4111512812.500001,-66.48009
4111513750.000001,-66.49959
4111514687.500001,-66.55958
4111515625.000001,-66.88875
4111516562.500001,-66.5811
4111517500.000001,-66.55581
4111518437.500001,-66.58952
4111519375.000001,-66.90451
4111520312.500001,-66.52684
4111521250.000001,-66.42842
4111522187.500001,-66.74394
4111523125.000001,-66.6592
4111524062.500001,-66.95618
4111525000.000001,-67.04359
4111525937.500001,-66.6784
4111526875.000001,-66.77441
4111527812.500001,-66.67076
4111528750.000001,-66.33433
4111529687.500001,-67.14494
4111530625.000001,-66.8418
4111531562.500001,-66.604
4111532500.000001,-66.95314
4111533437.500001,-67.11485
4111534375.000001,-66.39708
4111535312.500001,-67.02567
4111536250.000001,-66.5754
4111537187.500001,-66.86726
4111538125.000001,-66.86473
4111539062.500001,-66.77647
4111540000.000001,-66.21962
4111540937.500001,-66.55218
4111541875.000001,-66.69787
4111542812.500001,-66.49751
4111543750.000001,-66.88254
4111544687.500001,-66.69047
4111545625.000001,-66.76403
4111546562.500001,-66.7888
4111547500.000001,-66.31298
4111548437.500001,-66.55956
4111549375.000001,-66.53143
4111550312.500001,-66.63417
4111551250.000001,-66.87189
4111552187.500001,-66.43931
4111553125.000001,-66.65663
4111554062.500001,-67.08514
4111555000.000001,-66.42561
4111555937.500001,-66.45264
4111556875.000001,-66.40179
4111557812.500001,-66.59035
4111558750.000001,-66.98611
4111559687.500001,-66.76555
4111560625.000001,-66.72824
4111561562.500001,-66.89578
4111562500.000001,-66.68485
4111563437.500001,-66.77987
4111564375.000001,-66.35701
4111565312.500001,-66.52295
4111566250.000001,-66.70512
4111567187.500001,-66.36806
4111568125.000001,-66.81292
4111569062.500001,-66.65467
4111570000.000001,-66.53493
4111570937.500001,-66.6632
4111571875.000001,-66.34284
4111572812.500001,-66.74107
4111573750.000001,-66.46615
4111574687.500001,-66.63644
4111575625.000001,-66.46268
4111576562.500001,-66.60027
4111577500.000001,-66.43445
4111578437.500001,-66.63839
4111579375.000001,-66.45874
4111580312.500001,-66.63763
4111581250.000001,-66.55848
4111582187.500001,-66.72917
4111583125.000001,-66.73772
4111584062.500001,-66.48109
4111585000.000001,-66.53333
4111585937.500001,-66.54101
4111586875.000001,-66.51341
4111587812.500001,-66.96952
4111588750.000001,-66.73053
4111589687.500001,-66.56716
4111590625.000001,-66.75388
4111591562.500001,-66.31641
4111592500.000001,-66.33354
4111593437.500001,-66.95245
4111594375.000001,-66.63454
4111595312.500001,-66.68003
4111596250.000001,-66.68092
4111597187.500001,-66.8947
4111598125.000001,-66.73423
4111599062.500001,-66.53209
4111600000.000001,-66.58864
4111600937.500001,-66.70499
4111601875.000001,-66.82178
4111602812.500001,-66.38646
4111603750.000001,-66.8718
4111604687.500001,-66.60371
4111605625.000001,-66.43719
4111606562.500001,-67.04782
4111607500.000001,-66.62265
4111608437.500001,-66.32182
4111609375.000001,-66.6376
4111610312.500001,-66.77273
4111611250.000001,-66.64946
4111612187.500001,-66.38445
4111613125.000001,-66.16593
4111614062.500001,-66.91225
4111615000.000001,-66.78482
4111615937.500001,-66.88048
4111616875.000001,-66.77222
4111617812.500001,-66.50037
4111618750.000001,-66.47173
4111619687.500001,-66.503
4111620625.000001,-66.41985
4111621562.500001,-66.76374
4111622500.000001,-66.76559
4111623437.500001,-66.61991
4111624375.000001,-66.95705
4111625312.500001,-66.39071
4111626250.000001,-66.57037
4111627187.500001,-66.87719
4111628125.000001,-66.63598
4111629062.500001,-66.52107
4111630000.000001,-66.81898
4111630937.500001,-66.69471
4111631875.000001,-66.70625
4111632812.500001,-66.70395
4111633750.000001,-66.68721
4111634687.500001,-66.31841
4111635625.000001,-66.54879
4111636562.500001,-66.81438
4111637500.000001,-66.27282
4111638437.500001,-66.81493
4111639375.000001,-66.69877
4111640312.500001,-66.54163
4111641250.000001,-66.9627
4111642187.500001,-66.79357
4111643125.000001,-66.57141
4111644062.500001,-66.82722
4111645000.000001,-66.41284
4111645937.500001,-66.68501
4111646875.000001,-66.5304
4111647812.500001,-67.02593
4111648750.000001,-66.54742
4111649687.500001,-66.58735
4111650625.000001,-66.61731
4111651562.500001,-66.92483
4111652500.000001,-66.41913
4111653437.500001,-66.49809
4111654375.000001,-66.35358
4111655312.500001,-66.91104
4111656250.000001,-66.85162
4111657187.500001,-66.57689
4111658125.000001,-66.68929
4111659062.500001,-66.66147
4111660000.000001,-66.69968
4111660937.500001,-66.197
4111661875.000001,-66.43887
4111662812.500001,-66.67009
4111663750.000001,-66.5267
4111664687.500001,-66.63603
4111665625.000001,-66.2056
4111666562.500001,-66.48949
4111667500.000001,-66.25964
4111668437.500001,-66.95235
4111669375.000001,-66.44418
4111670312.500001,-66.76482
4111671250.000001,-66.62135
4111672187.500001,-66.80713
4111673125.000001,-66.63434
4111674062.500001,-66.03122
4111675000.000001,-66.53935
4111675937.500001,-66.51064
4111676875.000001,-66.77785
4111677812.500001,-66.90518
4111678750.000001,-66.10149
4111679687.500001,-66.43473
4111680625.000001,-66.33726
4111681562.500001,-66.36125
4111682500.000001,-66.341
4111683437.500001,-66.53654
4111684375.000001,-66.57594
4111685312.500001,-66.53876
4111686250.000001,-66.54936
4111687187.500001,-66.78622
4111688125.000001,-66.73297
4111689062.500001,-66.27863
4111690000.000001,-66.36315
4111690937.500001,-66.85232
4111691875.000001,-66.66142
4111692812.500001,-66.52353
4111693750.000001,-66.65327
4111694687.500001,-66.12592
4111695625.000001,-66.72608
4111696562.500001,-66.81219
4111697500.000001,-66.32917
4111698437.500001,-66.5098
4111699375.000001,-66.88542
4111700312.500001,-66.7543
4111701250.000001,-66.25158
4111702187.500001,-66.15921
4111703125.000001,-66.7391
4111704062.500001,-66.62674
4111705000.000001,-67.01928
4111705937.500001,-66.78722
4111706875.000001,-66.50066
4111707812.500001,-66.85118
4111708750.000001,-66.46643
4111709687.500001,-66.50531
4111710625.000001,-66.78231
4111711562.500001,-66.35314
4111712500.000001,-66.53775
4111713437.500001,-66.64592
4111714375.000001,-66.70441
4111715312.500001,-66.36933
4111716250.000001,-66.65115
4111717187.500001,-66.53267
4111718125.000001,-66.57977
4111719062.500001,-66.49631
4111720000.000001,-66.16426
4111720937.500001,-66.61668
4111721875.000001,-66.5989
4111722812.500001,-66.852
4111723750.000001,-66.58621
4111724687.500001,-66.47021
4111725625.000001,-66.64966
4111726562.500001,-66.32885
4111727500.000001,-66.52716
4111728437.500001,-66.59338
4111729375.000001,-66.5915
4111730312.500001,-66.6071
4111731250.000001,-66.4837
4111732187.500001,-66.32912
4111733125.000001,-66.67585
4111734062.500001,-66.66985
4111735000.000001,-66.49504
4111735937.500001,-66.64119
4111736875.000001,-66.16039
4111737812.500001,-66.38371
4111738750.000001,-66.51556
4111739687.500001,-66.38395
4111740625.000001,-66.71457
4111741562.500001,-66.55407
4111742500.000001,-66.71983
4111743437.500001,-66.74513
4111744375.000001,-66.40578
4111745312.500001,-66.44421
4111746250.000001,-66.49349
4111747187.500001,-66.5897
4111748125.000001,-66.36789
4111749062.500001,-66.8187
4111750000.000001,-66.35273
4111750937.500001,-66.40938
4111751875.000001,-66.22273
4111752812.500001,-66.77712
4111753750.000001,-66.36007
4111754687.500001,-66.55887
4111755625.000001,-66.93577
4111756562.500001,-66.03603
4111757500.000001,-66.55918
4111758437.500001,-66.66158
4111759375.000001,-66.02914
4111760312.500001,-66.62868
4111761250.000001,-66.76726
4111762187.500001,-66.13176
4111763125.000001,-66.33728
4111764062.500001,-66.71198
4111765000.000001,-66.65228
4111765937.500001,-66.60356
4111766875.000001,-66.45187
4111767812.500001,-66.44402
4111768750.000001,-66.40311
4111769687.500001,-66.73173
4111770625.000001,-66.48297
4111771562.500001,-66.27983
4111772500.000001,-66.72521
4111773437.500001,-66.29163
4111774375.000001,-66.46227
4111775312.500001,-66.40884
4111776250.000001,-66.84303
4111777187.500001,-66.20512
4111778125.000001,-66.64571
4111779062.500001,-66.44646
4111780000.000001,-66.52872
4111780937.500001,-66.85133
4111781875.000001,-66.43963
4111782812.500001,-66.27654
4111783750.000001,-66.20434
4111784687.500001,-66.314
4111785625.000001,-66.2692
4111786562.500001,-66.52762
4111787500.000001,-66.49656
4111788437.500001,-66.35359
4111789375.000001,-66.54033
4111790312.500001,-66.56914
4111791250.000001,-66.51991
4111792187.500001,-66.85549
4111793125.000001,-66.48894
4111794062.500001,-66.49207
4111795000.000001,-66.42226
4111795937.500001,-66.5241
4111796875.000001,-66.40804
4111797812.500001,-66.50169
4111798750.000001,-66.5433
4111799687.500001,-66.42499
4111800625.000001,-66.67604
4111801562.500001,-66.27639
4111802500.000001,-66.38281
4111803437.500001,-66.65427
4111804375.000001,-66.31898
4111805312.500001,-66.48145
4111806250.000001,-66.5927
4111807187.500001,-66.28761
4111808125.000001,-66.47883
4111809062.500001,-66.7847
4111810000.000001,-66.12289
4111810937.500001,-66.5351
4111811875.000001,-66.12476
4111812812.500001,-66.68475
4111813750.000001,-66.45205
4111814687.500001,-66.4411
4111815625.000001,-66.73801
4111816562.500001,-66.27814
4111817500.000001,-66.59753
4111818437.500001,-66.26181
4111819375.000001,-66.59358
4111820312.500001,-66.69742
4111821250.000001,-66.2881
4111822187.500001,-66.44609
4111823125.000001,-66.03154
4111824062.500001,-66.24335
4111825000.000001,-66.20953
4111825937.500001,-66.33536
4111826875.000001,-66.63649
4111827812.500001,-66.17224
4111828750.000001,-66.18872
4111829687.500001,-66.22432
4111830625.000001,-66.58236
4111831562.500001,-66.4104
4111832500.000001,-66.27557
4111833437.500001,-66.39195
4111834375.000001,-66.53302
4111835312.500001,-66.57754
4111836250.000001,-66.15508
4111837187.500001,-66.43091
4111838125.000001,-66.37414
4111839062.500001,-66.44424
4111840000.000001,-66.36523
4111840937.500001,-67.02369
4111841875.000001,-66.35876
4111842812.500001,-66.48649
4111843750.000001,-66.51765
4111844687.500001,-66.15044
4111845625.000001,-66.2636
4111846562.500001,-66.43901
4111847500.000001,-66.55516
4111848437.500001,-66.36089
4111849375.000001,-66.35715
4111850312.500001,-66.45523
4111851250.000001,-66.71711
4111852187.500001,-66.56983
4111853125.000001,-66.13036
4111854062.500001,-66.53056
4111855000.000001,-66.28294
4111855937.500001,-66.08306
4111856875.000001,-66.53438
4111857812.500001,-66.35019
4111858750.000001,-66.17036
4111859687.500001,-66.27371
4111860625.000001,-66.40141
4111861562.500001,-66.23842
4111862500.000001,-66.23188
4111863437.500001,-66.2484
4111864375.000001,-66.37462
4111865312.500001,-66.47081
4111866250.000001,-66.45024
4111867187.500001,-66.35449
4111868125.000001,-66.03757
4111869062.500001,-66.47173
4111870000.000001,-66.94991
4111870937.500001,-66.63239
4111871875.000001,-66.51942
4111872812.500001,-66.48397
4111873750.000001,-66.59451
4111874687.500001,-66.37753
4111875625.000001,-66.49036
4111876562.500001,-66.21995
4111877500.000001,-65.96503
4111878437.500001,-66.29647
4111879375.000001,-66.44273
4111880312.500001,-66.11732
4111881250.000001,-66.18916
4111882187.500001,-66.42498
4111883125.000001,-66.34037
4111884062.500001,-65.99757
4111885000.000001,-66.45725
4111885937.500001,-66.1943
4111886875.000001,-66.51425
4111887812.500001,-66.28935
4111888750.000001,-66.89371
4111889687.500001,-66.12159
4111890625.000001,-66.51906
4111891562.500001,-66.35891
4111892500.000001,-66.48561
4111893437.500001,-66.12803
4111894375.000001,-66.5181
4111895312.500001,-66.2798
4111896250.000001,-66.8677
4111897187.500001,-66.46944
4111898125.000001,-66.53118
4111899062.500001,-66.50797
4111900000.000001,-66.71115
4111900937.500001,-66.27172
4111901875.000001,-66.36074
4111902812.500001,-66.29003
4111903750.000001,-66.58745
4111904687.500001,-66.58965
4111905625.000001,-66.34378
4111906562.500001,-65.98526
4111907500.000001,-66.07671
4111908437.500001,-66.56074
4111909375.000001,-66.41148
4111910312.500001,-66.41473
4111911250.000001,-66.20874
4111912187.500001,-66.57333
4111913125.000001,-66.51106
4111914062.500001,-66.32845
4111915000.000001,-66.17332
4111915937.500001,-66.35758
4111916875.000001,-66.5044
4111917812.500001,-66.34474
4111918750.000001,-66.23563
4111919687.500001,-66.40873
4111920625.000001,-66.17511
4111921562.500001,-65.88687
4111922500.000001,-66.56846
4111923437.500001,-66.19117
4111924375.000001,-66.66028
4111925312.500001,-66.45538
4111926250.000001,-66.31809
4111927187.500001,-66.25922
4111928125.000001,-66.18818
4111929062.500001,-66.52442
4111930000.000001,-66.18108
4111930937.500001,-66.37984
4111931875.000001,-66.09518
4111932812.500001,-66.28899
4111933750.000001,-66.33165
4111934687.500001,-66.50507
4111935625.000001,-66.29247
4111936562.500001,-65.8679
4111937500.000001,-66.3418
4111938437.500001,-66.2795
4111939375.000001,-66.39478
4111940312.500001,-66.43826
4111941250.000001,-66.28986
4111942187.500001,-66.49122
4111943125.000001,-66.22554
4111944062.500001,-66.48596
4111945000.000001,-66.2235
4111945937.500001,-66.51129
4111946875.000001,-66.45995
4111947812.500001,-66.48721
4111948750.000001,-66.32549
4111949687.500001,-66.56074
4111950625.000001,-66.78523
4111951562.500001,-66.46411
4111952500.000001,-66.32102
4111953437.500001,-66.30138
4111954375.000001,-66.35318
4111955312.500001,-66.59142
4111956250.000001,-66.03255
4111957187.500001,-66.26498
4111958125.000001,-66.09805
4111959062.500001,-66.23322
4111960000.000001,-66.5456
4111960937.500001,-66.36063
4111961875.000001,-66.28108
4111962812.500001,-66.22974
4111963750.000001,-66.07851
4111964687.500001,-66.36378
4111965625.000001,-66.53877
4111966562.500001,-66.42178
4111967500.000001,-66.41038
4111968437.500001,-66.25701
4111969375.000001,-66.00115
4111970312.500001,-66.28587
4111971250.000001,-66.22433
4111972187.500001,-66.52452
4111973125.000001,-66.51437
4111974062.500001,-66.21805
4111975000.000001,-66.43114
4111975937.500001,-66.27397
4111976875.000001,-66.54965
4111977812.500001,-66.51605
4111978750.000001,-66.6415
4111979687.500001,-66.27515
4111980625.000001,-66.39688
4111981562.500001,-66.30281
4111982500.000001,-66.25772
4111983437.500001,-65.97913
4111984375.000001,-66.08468
4111985312.500001,-66.05827
4111986250.000001,-66.25123
4111987187.500001,-66.46718
4111988125.000001,-66.29264
4111989062.500001,-66.39969
4111990000.000001,-66.29481
4111990937.500001,-66.32804
4111991875.000001,-66.11186
4111992812.500001,-65.97082
4111993750.000001,-66.02693
4111994687.500001,-66.23869
4111995625.000001,-66.71735
4111996562.500001,-66.30741
4111997500.000001,-65.91161
4111998437.500001,-66.18918
4111999375.000001,-66.33211
4112000312.500001,-66.09882
4112001250.000001,-66.2783
4112002187.500001,-66.56505
4112003125.000001,-66.10156
4112004062.500001,-66.12348
4112005000.000001,-66.51224
4112005937.500001,-66.16074
4112006875.000001,-66.3382
4112007812.500001,-66.39071
4112008750.000001,-66.3629
4112009687.500001,-66.3547
4112010625.000001,-66.17578
4112011562.500001,-66.2464
4112012500.000001,-66.32225
4112013437.500001,-66.19035
4112014375.000001,-66.14555
4112015312.500001,-66.50446
4112016250.000001,-66.16907
4112017187.500001,-66.51121
4112018125.000001,-66.19569
4112019062.500001,-66.4716
4112020000.000001,-66.26691
4112020937.500001,-66.12583
4112021875.000001,-66.51716
4112022812.500001,-66.26917
4112023750.000001,-66.14621
4112024687.500001,-66.4847
4112025625.000001,-66.11787
4112026562.500001,-66.47717
4112027500.000001,-66.16656
4112028437.500001,-66.49584
4112029375.000001,-66.14319
4112030312.500001,-66.54911
4112031250.000001,-66.31592
4112032187.500001,-65.79793
4112033125.000001,-66.35697
4112034062.500001,-66.51971
4112035000.000001,-66.47496
4112035937.500001,-66.07809
4112036875.000001,-66.04539
4112037812.500001,-66.24532
4112038750.000001,-66.07763
4112039687.500001,-66.39832
4112040625.000001,-66.26915
4112041562.500001,-66.55926
4112042500.000001,-66.52362
4112043437.500001,-66.26027
4112044375.000001,-66.3387
4112045312.500001,-66.04885
4112046250.000001,-66.62411
4112047187.500001,-66.14146
4112048125.000001,-66.44972
4112049062.500001,-66.54079
4112050000.000001,-66.37479
4112050937.500001,-66.64668
4112051875.000001,-66.75596
4112052812.500001,-66.21417
4112053750.000001,-65.9921
4112054687.500001,-66.42834
4112055625.000001,-66.52637
4112056562.500001,-66.10084
4112057500.000001,-66.22572
4112058437.500001,-66.18769
4112059375.000001,-66.21842
4112060312.500001,-66.43022
4112061250.000001,-66.02779
4112062187.500001,-66.24837
4112063125.000001,-66.2208
4112064062.500001,-66.51393
4112065000.000001,-66.3707
4112065937.500001,-66.62411
4112066875.000001,-66.37935
4112067812.500001,-65.92266
4112068750.000001,-66.25587
4112069687.500001,-65.97713
4112070625.000001,-66.06197
4112071562.500001,-65.86607
4112072500.000001,-66.44449
4112073437.500001,-66.06436
4112074375.000001,-66.31502
4112075312.500001,-66.51714
4112076250.000001,-66.49234
4112077187.500001,-65.88864
4112078125.000001,-66.30148
4112079062.500001,-65.9754
4112080000.000001,-66.26083
4112080937.500001,-66.08771
4112081875.000001,-66.271
4112082812.500001,-66.2313
4112083750.000001,-66.19049
4112084687.500001,-66.20139
4112085625.000001,-66.0951
4112086562.500001,-66.49136
4112087500.000001,-66.25208
4112088437.500001,-66.21127
4112089375.000001,-66.19098
4112090312.500001,-66.32293
4112091250.000001,-66.30831
4112092187.500001,-66.53252
4112093125.000001,-66.36749
4112094062.500001,-66.08621
4112095000.000001,-66.5295
4112095937.500001,-66.37917
4112096875.000001,-66.25407
4112097812.500001,-65.99086
4112098750.000001,-66.43582
4112099687.500001,-66.33761
4112100625.000001,-66.49097
4112101562.500001,-66.17082
4112102500.000001,-66.28004
4112103437.500001,-66.59835
4112104375.000001,-66.40531
4112105312.500001,-66.08184
4112106250.000001,-66.74703
4112107187.500001,-66.44817
4112108125.000001,-66.17681
4112109062.500001,-66.01244
4112110000.000001,-66.0499
4112110937.500001,-66.51064
4112111875.000001,-65.89742
4112112812.500001,-66.33268
4112113750.000001,-66.08401
4112114687.500001,-66.48611
4112115625.000001,-66.36763
4112116562.500001,-66.27494
4112117500.000001,-66.07819
4112118437.500001,-66.17949
4112119375.000001,-66.23155
4112120312.500001,-66.10896
4112121250.000001,-66.4416
4112122187.500001,-66.36242
4112123125.000001,-66.67432
4112124062.500001,-66.15839
4112125000.000001,-66.1796
4112125937.500001,-66.35457
4112126875.000001,-66.21886
4112127812.500001,-66.69341
4112128750.000001,-66.35873
4112129687.500001,-66.02425
4112130625.000001,-66.27607
4112131562.500001,-66.41788
4112132500.000001,-66.22511
4112133437.500001,-66.36762
4112134375.000001,-66.09953
4112135312.500001,-65.97356
4112136250.000001,-66.47121
4112137187.500001,-66.50167
4112138125.000001,-65.92585
4112139062.500001,-66.13016
4112140000.000001,-65.92672
4112140937.500001,-66.31302
4112141875.000001,-66.05258
4112142812.500001,-66.40478
4112143750.000001,-66.10268
4112144687.500001,-66.17657
4112145625.000001,-66.35019
4112146562.500001,-66.14214
4112147500.000001,-66.33343
4112148437.500001,-66.19152
4112149375.000001,-66.10722
4112150312.500001,-66.29777
4112151250.000001,-66.07353
4112152187.500001,-66.33537
4112153125.000001,-66.34517
4112154062.500001,-66.1486
4112155000.000001,-66.38566
4112155937.500001,-66.17794
4112156875.000001,-66.31448
4112157812.500001,-66.56715
4112158750.000001,-66.11468
4112159687.500001,-65.77919
4112160625.000001,-66.34196
4112161562.500001,-66.29101
4112162500.000001,-65.92127
4112163437.500001,-66.47771
4112164375.000001,-66.19544
4112165312.500001,-65.99435
4112166250.000001,-66.22121
4112167187.500001,-66.21146
4112168125.000001,-66.35486
4112169062.500001,-66.12366
4112170000.000001,-66.54515
4112170937.500001,-66.16368
4112171875.000001,-66.28459
4112172812.500001,-66.38595
4112173750.000001,-66.1049
4112174687.500001,-66.31071
4112175625.000001,-65.95274
4112176562.500001,-66.18562
4112177500.000001,-66.24227
4112178437.500001,-66.12983
4112179375.000001,-66.1764
4112180312.500001,-66.09846
4112181250.000001,-66.20605
4112182187.500001,-66.0924
4112183125.000001,-66.27085
4112184062.500001,-66.30018
4112185000.000001,-66.06887
4112185937.500001,-66.16952
4112186875.000001,-66.43193
4112187812.500001,-66.28895
4112188750.000001,-66.13793
4112189687.500001,-66.29671
4112190625.000001,-66.34055
4112191562.500001,-66.2116
4112192500.000001,-66.38058
4112193437.500001,-66.05976
4112194375.000001,-66.14804
4112195312.500001,-66.26037
4112196250.000001,-66.02021
4112197187.500001,-66.23906
4112198125.000001,-66.13656
4112199062.500001,-66.41998
4112200000.000001,-66.12767
4112200937.500001,-66.21304
4112201875.000001,-66.53532
4112202812.500001,-65.90006
4112203750.000001,-65.78715
4112204687.500001,-66.63937
4112205625.000001,-65.98825
4112206562.500001,-66.38251
4112207500.000001,-66.18024
4112208437.500001,-65.9841
4112209375.000001,-66.30389
4112210312.500001,-65.87231
4112211250.000001,-66.33929
4112212187.500001,-66.14708
4112213125.000001,-66.4458
4112214062.500001,-66.11996
4112215000.000001,-65.93935
4112215937.500001,-66.6736
4112216875.000001,-66.16665
4112217812.500001,-65.92593
4112218750.000001,-66.00489
4112219687.500001,-66.20284
4112220625.000001,-66.04393
4112221562.500001,-66.4958
4112222500.000001,-66.27924
4112223437.500001,-65.99706
4112224375.000001,-66.24017
4112225312.500001,-65.96185
4112226250.000001,-65.90592
4112227187.500001,-66.11679
4112228125.000001,-66.13654
4112229062.500001,-66.26991
4112230000.000001,-66.13884
4112230937.500001,-65.88594
4112231875.000001,-65.97218
4112232812.500001,-66.05434
4112233750.000001,-66.02762
4112234687.500001,-66.46113
4112235625.000001,-66.24364
4112236562.500001,-66.28212
4112237500.000001,-66.12707
4112238437.500001,-65.9313
4112239375.000001,-66.34705
4112240312.500001,-66.49747
4112241250.000001,-66.15705
4112242187.500001,-66.09187
4112243125.000001,-66.15685
4112244062.500001,-65.88891
4112245000.000001,-65.94863
4112245937.500001,-66.4341
4112246875.000001,-65.91674
4112247812.500001,-65.8026
4112248750.000001,-66.08978
4112249687.500001,-66.30975
4112250625.000001,-65.9467
4112251562.500001,-65.96674
4112252500.000001,-66.21671
4112253437.500001,-65.71851
4112254375.000001,-65.96507
4112255312.500001,-66.44525
4112256250.000001,-66.15053
4112257187.500001,-66.23225
4112258125.000001,-66.20295
4112259062.500001,-66.20633
4112260000.000001,-65.81599
4112260937.500001,-66.20029
4112261875.000001,-66.16055
4112262812.500001,-65.87489
4112263750.000001,-66.22005
4112264687.500001,-66.50246
4112265625.000001,-66.33553
4112266562.500001,-66.03657
4112267500.000001,-66.04098
4112268437.500001,-66.08347
4112269375.000001,-66.52722
4112270312.500001,-66.35011
4112271250.000001,-65.81448
4112272187.500001,-66.27473
4112273125.000001,-66.30338
4112274062.500001,-66.17028
4112275000.000001,-66.05548
4112275937.500001,-66.27788
4112276875.000001,-66.31066
4112277812.500001,-66.01058
4112278750.000001,-66.05163
4112279687.500001,-66.19268
4112280625.000001,-66.28565
4112281562.500001,-66.05086
4112282500.000001,-66.05353
4112283437.500001,-66.02995
4112284375.000001,-66.11874
4112285312.500001,-65.88348
4112286250.000001,-65.7355
4112287187.500001,-66.03098
4112288125.000001,-66.21498
4112289062.500001,-65.86065
4112290000.000001,-65.94371
4112290937.500001,-66.0245
4112291875.000001,-66.23302
4112292812.500001,-65.95196
4112293750.000001,-65.66888
4112294687.500001,-65.85928
4112295625.000001,-65.6168
4112296562.500001,-65.82568
4112297500.000001,-65.90897
4112298437.500001,-65.95827
4112299375.000001,-66.32825
4112300312.500001,-66.24805
4112301250.000001,-66.2174
4112302187.500001,-66.03076
4112303125.000001,-66.17051
4112304062.500001,-66.05877
4112305000.000001,-66.042
4112305937.500001,-65.93134
4112306875.000001,-66.13409
4112307812.500001,-65.81242
4112308750.000001,-66.00648
4112309687.500001,-66.06882
4112310625.000001,-66.36596
4112311562.500001,-66.12478
4112312500.000001,-65.74596
4112313437.500001,-65.9761
4112314375.000001,-65.99564
4112315312.500001,-65.96239
4112316250.000001,-65.91201
4112317187.500001,-66.21143
4112318125.000001,-66.28792
4112319062.500001,-65.82079
4112320000.000001,-65.61313
4112320937.500001,-65.68264
4112321875.000001,-66.21967
4112322812.500001,-65.83067
4112323750.000001,-65.95798
4112324687.500001,-66.10575
4112325625.000001,-65.98351
4112326562.500001,-66.12566
4112327500.000001,-66.10152
4112328437.500001,-66.14495
4112329375.000001,-65.80222
4112330312.500001,-66.10519
4112331250.000001,-65.98013
4112332187.500001,-66.13821
4112333125.000001,-66.0174
4112334062.500001,-65.72977
4112335000.000001,-65.92109
4112335937.500001,-66.17621
4112336875.000001,-65.60761
4112337812.500001,-65.92448
4112338750.000001,-65.86088
4112339687.500001,-66.20594
4112340625.000001,-66.0268
4112341562.500001,-66.22005
4112342500.000001,-66.19673
4112343437.500001,-66.00175
4112344375.000001,-66.1592
4112345312.500001,-65.89638
4112346250.000001,-65.81931
4112347187.500001,-65.7024
4112348125.000001,-65.8167
4112349062.500001,-66.10689
4112350000.000001,-66.20918
4112350937.500001,-65.9908
4112351875.000001,-66.10959
4112352812.500001,-66.09245
4112353750.000001,-66.07301
4112354687.500001,-66.22938
4112355625.000001,-65.85675
4112356562.500001,-66.13646
4112357500.000001,-66.25612
4112358437.500001,-65.94802
4112359375.000001,-65.91092
4112360312.500001,-66.29191
4112361250.000001,-65.90997
4112362187.500001,-66.3276
4112363125.000001,-66.06293
4112364062.500001,-65.93593
4112365000.000001,-66.14822
4112365937.500001,-65.86198
4112366875.000001,-65.90034
4112367812.500001,-65.76844
4112368750.000001,-65.94101
4112369687.500001,-66.10051
4112370625.000001,-66.08868
4112371562.500001,-66.07333
4112372500.000001,-66.26311
4112373437.500001,-65.90647
4112374375.000001,-66.06352
4112375312.500001,-66.24554
4112376250.000001,-66.00527
4112377187.500001,-65.89717
4112378125.000001,-65.61491
4112379062.500001,-65.83462
4112380000.000001,-65.99387
4112380937.500001,-66.08625
4112381875.000001,-65.95177
4112382812.500001,-66.15148
4112383750.000001,-66.46674
4112384687.500001,-66.17795
4112385625.000001,-66.06004
4112386562.500001,-66.22073
4112387500.000001,-65.582
4112388437.500001,-65.53767
4112389375.000001,-65.95932
4112390312.500001,-65.82387
4112391250.000001,-65.78544
4112392187.500001,-65.8614
4112393125.000001,-65.85072
4112394062.500001,-66.38277
4112395000.000001,-66.16179
4112395937.500001,-66.20953
4112396875.000001,-65.89784
4112397812.500001,-65.84742
4112398750.000001,-66.18617
4112399687.500001,-65.94373
4112400625.000001,-65.94736
4112401562.500001,-66.06905
4112402500.000001,-66.3873
4112403437.500001,-65.83514
4112404375.000001,-65.97534
4112405312.500001,-66.34307
4112406250.000001,-66.12543
4112407187.500001,-65.65594
4112408125.000001,-65.89261
4112409062.500001,-65.99277
4112410000.000001,-66.08503
4112410937.500001,-66.17651
4112411875.000001,-65.68786
4112412812.500001,-66.2457
4112413750.000001,-65.81413
4112414687.500001,-66.21972
4112415625.000001,-65.72025
4112416562.500001,-66.07596
4112417500.000001,-65.92243
4112418437.500001,-66.45142
4112419375.000001,-65.83998
4112420312.500001,-65.94473
4112421250.000001,-65.73022
4112422187.500001,-65.99141
4112423125.000001,-65.74548
4112424062.500001,-66.05196
4112425000.000001,-65.96211
4112425937.500001,-66.118
4112426875.000001,-65.87774
4112427812.500001,-66.02842
4112428750.000001,-66.05662
4112429687.500001,-65.78992
4112430625.000001,-66.21796
4112431562.500001,-65.85831
4112432500.000001,-66.21925
4112433437.500001,-66.17973
4112434375.000001,-66.24284
4112435312.500001,-65.79944
4112436250.000001,-66.16338
4112437187.500001,-65.98858
4112438125.000001,-65.74669
4112439062.500001,-66.08453
4112440000.000001,-65.71445
4112440937.500001,-65.89308
4112441875.000001,-65.7054
4112442812.500001,-65.84807
4112443750.000001,-66.01283
4112444687.500001,-66.0366
4112445625.000001,-65.97154
4112446562.500001,-66.07021
4112447500.000001,-66.01127
4112448437.500001,-66.09836
4112449375.000001,-66.13593
4112450312.500001,-65.88453
4112451250.000001,-65.99081
4112452187.500001,-65.98486
4112453125.000001,-65.73808
4112454062.500001,-65.90874
4112455000.000001,-65.59866
4112455937.500001,-66.02261
4112456875.000001,-65.92725
4112457812.500001,-66.1295
4112458750.000001,-66.03897
4112459687.500001,-65.60384
4112460625.000001,-65.68241
4112461562.500001,-65.72052
4112462500.000001,-65.91499
4112463437.500001,-65.72395
4112464375.000001,-66.09383
4112465312.500001,-66.02212
4112466250.000001,-65.72737
4112467187.500001,-66.1019
4112468125.000001,-66.06797
4112469062.500001,-65.67355
4112470000.000001,-66.01224
4112470937.500001,-65.98782
4112471875.000001,-66.05036
4112472812.500001,-65.64612
4112473750.000001,-66.37217
4112474687.500001,-65.86976
4112475625.000001,-65.84592
4112476562.500001,-65.90965
4112477500.000001,-66.27188
4112478437.500001,-66.23814
4112479375.000001,-66.20517
4112480312.500001,-65.95734
4112481250.000001,-66.50536
4112482187.500001,-66.04673
4112483125.000001,-65.68891
4112484062.500001,-66.26868
4112485000.000001,-66.2374
4112485937.500001,-66.19074
4112486875.000001,-65.83829
4112487812.500001,-65.65455
4112488750.000001,-66.18797
4112489687.500001,-66.31263
4112490625.000001,-65.86348
4112491562.500001,-65.72956
4112492500.000001,-65.97859
4112493437.500001,-65.82409
4112494375.000001,-65.85935
4112495312.500001,-66.116
4112496250.000001,-66.0585
4112497187.500001,-65.89333
4112498125.000001,-65.8782
4112499062.500001,-66.02342
4112500000.000001,-65.80319
4112500937.500001,-66.00777
4112501875.000001,-66.14718
4112502812.500001,-65.86575
4112503750.000001,-66.08691
4112504687.500001,-65.9839
4112505625.000001,-65.99671
4112506562.500001,-65.91806
4112507500.000001,-65.35445
4112508437.500001,-66.07369
4112509375.000001,-65.96049
4112510312.500001,-65.99072
4112511250.000001,-65.86694
4112512187.500001,-66.12469
4112513125.000001,-66.28713
4112514062.500001,-65.70793
4112515000.000001,-66.24423
4112515937.500001,-66.17165
4112516875.000001,-66.01607
4112517812.500001,-65.96591
4112518750.000001,-65.62861
4112519687.500001,-65.98826
4112520625.000001,-66.00452
4112521562.500001,-65.73934
4112522500.000001,-66.05715
4112523437.500001,-65.78379
4112524375.000001,-65.91869
4112525312.500001,-65.73839
4112526250.000001,-65.94527
4112527187.500001,-65.91119
4112528125.000001,-65.67987
4112529062.500001,-65.87132
4112530000.000001,-66.00407
4112530937.500001,-65.76022
4112531875.000001,-66.33015
4112532812.500001,-65.68759
4112533750.000001,-66.08363
4112534687.500001,-65.96494
4112535625.000001,-65.86696
4112536562.500001,-65.8791
4112537500.000001,-66.07654
4112538437.500001,-65.76844
4112539375.000001,-65.91483
4112540312.500001,-66.12618
4112541250.000001,-65.65783
4112542187.500001,-66.21082
4112543125.000001,-65.69701
4112544062.500001,-66.17846
4112545000.000001,-65.79403
4112545937.500001,-66.06155
4112546875.000001,-65.80704
4112547812.500001,-66.15379
4112548750.000001,-66.16434
4112549687.500001,-65.81779
4112550625.000001,-66.21483
4112551562.500001,-65.68577
4112552500.000001,-65.97691
4112553437.500001,-65.94599
4112554375.000001,-66.10927
4112555312.500001,-66.215
4112556250.000001,-65.71366
4112557187.500001,-65.80239
4112558125.000001,-65.80135
4112559062.500001,-65.78986
4112560000.000001,-66.36553
4112560937.500001,-65.96051
4112561875.000001,-66.22385
4112562812.500001,-65.76331
4112563750.000001,-65.98124
4112564687.500001,-66.17218
4112565625.000001,-65.88162
4112566562.500001,-65.62646
4112567500.000001,-65.91693
4112568437.500001,-65.81772
4112569375.000001,-65.78942
4112570312.500001,-65.7246
4112571250.000001,-65.6761
4112572187.500001,-65.8313
4112573125.000001,-65.61404
4112574062.500001,-65.87762
4112575000.000001,-65.97976
4112575937.500001,-65.96122
4112576875.000001,-65.95788
4112577812.500001,-65.84475
4112578750.000001,-66.01157
4112579687.500001,-65.80957
4112580625.000001,-65.78442
4112581562.500001,-65.89546
4112582500.000001,-65.76896
4112583437.500001,-65.78228
4112584375.000001,-65.53369
4112585312.500001,-65.72092
4112586250.000001,-65.84932
4112587187.500001,-65.66432
4112588125.000001,-65.87204
4112589062.500001,-65.87409
4112590000.000001,-65.78723
4112590937.500001,-65.92882
4112591875.000001,-65.909
4112592812.500001,-65.95676
4112593750.000001,-65.97998
4112594687.500001,-65.7766
4112595625.000001,-65.93423
4112596562.500001,-65.92021
4112597500.000001,-66.03965
4112598437.500001,-65.88271
4112599375.000001,-65.84432
4112600312.500001,-66.01965
4112601250.000001,-65.55584
4112602187.500001,-66.0717
4112603125.000001,-65.67554
4112604062.500001,-66.03621
4112605000.000001,-65.97539
4112605937.500001,-65.73075
4112606875.000001,-65.77879
4112607812.500001,-66.00719
4112608750.000001,-65.59225
4112609687.500001,-65.95306
4112610625.000001,-65.96102
4112611562.500001,-65.73023
4112612500.000001,-65.77655
4112613437.500001,-65.80027
4112614375.000001,-65.55695
4112615312.500001,-65.56277
4112616250.000001,-65.43925
4112617187.500001,-65.72646
4112618125.000001,-66.04897
4112619062.500001,-65.98369
4112620000.000001,-65.59045
4112620937.500001,-65.82112
4112621875.000001,-65.71241
4112622812.500001,-65.81676
4112623750.000001,-65.91739
4112624687.500001,-65.74449
4112625625.000001,-65.82761
4112626562.500001,-65.71916
4112627500.000001,-65.28294
4112628437.500001,-65.79467
4112629375.000001,-65.8432
4112630312.500001,-65.90051
4112631250.000001,-65.95838
4112632187.500001,-65.69518
4112633125.000001,-66.2926
4112634062.500001,-65.80694
4112635000.000001,-66.00352
4112635937.500001,-65.56361
4112636875.000001,-66.07195
4112637812.500001,-65.58915
4112638750.000001,-65.83979
4112639687.500001,-66.08572
4112640625.000001,-65.80589
4112641562.500001,-65.80134
4112642500.000001,-65.6246
4112643437.500001,-65.60493
4112644375.000001,-66.14989
4112645312.500001,-65.48444
4112646250.000001,-65.78695
4112647187.500001,-65.83319
4112648125.000001,-65.76227
4112649062.500001,-66.1227
4112650000.000001,-65.84326
4112650937.500001,-65.89966
4112651875.000001,-65.97479
4112652812.500001,-65.69581
4112653750.000001,-65.47915
4112654687.500001,-66.01756
4112655625.000001,-65.81293
4112656562.500001,-66.08118
4112657500.000001,-65.8432
4112658437.500001,-65.81079
4112659375.000001,-65.90566
4112660312.500001,-65.54195
4112661250.000001,-65.72957
4112662187.500001,-65.76071
4112663125.000001,-66.11977
4112664062.500001,-65.77945
4112665000.000001,-65.73916
4112665937.500001,-65.90314
4112666875.000001,-66.07866
4112667812.500001,-65.71327
4112668750.000001,-66.19638
4112669687.500001,-65.92547
4112670625.000001,-66.33997
4112671562.500001,-65.69615
4112672500.000001,-65.66946
4112673437.500001,-66.16942
4112674375.000001,-65.79329
4112675312.500001,-65.76855
4112676250.000001,-65.82689
4112677187.500001,-65.95785
4112678125.000001,-65.86119
4112679062.500001,-65.74088
4112680000.000001,-66.00787
4112680937.500001,-65.70062
4112681875.000001,-66.17195
4112682812.500001,-65.68225
4112683750.000001,-65.95042
4112684687.500001,-65.92781
4112685625.000001,-66.11902
4112686562.500001,-65.84303
4112687500.000001,-65.47393
4112688437.500001,-65.92514
4112689375.000001,-65.53094
4112690312.500001,-65.7549
4112691250.000001,-65.78967
4112692187.500001,-65.77264
4112693125.000001,-65.72414
4112694062.500001,-65.72923
4112695000.000001,-65.82401
4112695937.500001,-65.71677
4112696875.000001,-65.9969
4112697812.500001,-65.83475
4112698750.000001,-65.90912
4112699687.500001,-65.74821
4112700625.000001,-65.61428
4112701562.500001,-65.60329
4112702500.000001,-65.70968
4112703437.500001,-65.79142
4112704375.000001,-65.99964
4112705312.500001,-65.73113
4112706250.000001,-65.56504
4112707187.500001,-65.40529
4112708125.000001,-65.89667
4112709062.500001,-65.46442
4112710000.000001,-65.81853
4112710937.500001,-65.82356
4112711875.000001,-65.64901
4112712812.500001,-65.76099
4112713750.000001,-65.71399
4112714687.500001,-65.95457
4112715625.000001,-65.82034
4112716562.500001,-65.62096
4112717500.000001,-65.78439
4112718437.500001,-65.51914
4112719375.000001,-66.04326
4112720312.500001,-65.68552
4112721250.000001,-65.91724
4112722187.500001,-65.73838
4112723125.000001,-65.14054
4112724062.500001,-65.71015
4112725000.000001,-65.89143
4112725937.500001,-65.90853
4112726875.000001,-65.38963
4112727812.500001,-65.60445
4112728750.000001,-65.63074
4112729687.500001,-66.16357
4112730625.000001,-65.7527
4112731562.500001,-66.15131
4112732500.000001,-65.4307
4112733437.500001,-65.85536
4112734375.000001,-65.43389
4112735312.500001,-65.69664
4112736250.000001,-65.8592
4112737187.500001,-65.77027
4112738125.000001,-65.99691
4112739062.500001,-65.55298
4112740000.000001,-65.67833
4112740937.500001,-65.74047
4112741875.000001,-65.73701
4112742812.500001,-65.59374
4112743750.000001,-65.73814
4112744687.500001,-66.13463
4112745625.000001,-65.58769
4112746562.500001,-65.79314
4112747500.000001,-65.67974
4112748437.500001,-65.97874
4112749375.000001,-65.79631
4112750312.500001,-65.73904
4112751250.000001,-65.65021
4112752187.500001,-65.69147
4112753125.000001,-65.43168
4112754062.500001,-65.58846
4112755000.000001,-65.54975
4112755937.500001,-65.85409
4112756875.000001,-65.56539
4112757812.500001,-65.70261
4112758750.000001,-65.82919
4112759687.500001,-65.99661
4112760625.000001,-65.70174
4112761562.500001,-65.86579
4112762500.000001,-65.74806
4112763437.500001,-65.85252
4112764375.000001,-66.07166
4112765312.500001,-65.53748
4112766250.000001,-65.82215
4112767187.500001,-65.96002
4112768125.000001,-65.88039
4112769062.500001,-65.53945
4112770000.000001,-65.5657
4112770937.500001,-65.92218
4112771875.000001,-65.9285
4112772812.500001,-65.76851
4112773750.000001,-65.66676
4112774687.500001,-65.62376
4112775625.000001,-65.50888
4112776562.500001,-65.77628
4112777500.000001,-65.39765
4112778437.500001,-65.43901
4112779375.000001,-65.79463
4112780312.500001,-65.459
4112781250.000001,-65.53185
4112782187.500001,-65.71579
4112783125.000001,-65.65614
4112784062.500001,-65.5573
4112785000.000001,-65.61151
4112785937.500001,-65.65022
4112786875.000001,-65.73305
4112787812.500001,-65.63989
4112788750.000001,-65.89553
4112789687.500001,-66.06534
4112790625.000001,-65.42406
4112791562.500001,-65.63294
4112792500.000001,-65.52209
4112793437.500001,-65.3672
4112794375.000001,-65.99527
4112795312.500001,-65.66409
4112796250.000001,-66.01617
4112797187.500001,-65.39169
4112798125.000001,-65.83806
4112799062.500001,-65.76314
4112800000.000001,-65.7309
4112800937.500001,-65.51317
4112801875.000001,-65.54485
4112802812.500001,-65.76093
4112803750.000001,-65.97432
4112804687.500001,-65.7894
4112805625.000001,-65.90353
4112806562.500001,-65.58649
4112807500.000001,-65.66689
4112808437.500001,-65.59763
4112809375.000001,-65.55263
4112810312.500001,-65.89383
4112811250.000001,-65.59025
4112812187.500001,-65.67143
4112813125.000001,-65.85094
4112814062.500001,-65.52681
4112815000.000001,-65.713
4112815937.500001,-65.87085
4112816875.000001,-65.53654
4112817812.500001,-65.44921
4112818750.000001,-65.70039
4112819687.500001,-65.59804
4112820625.000001,-65.587
4112821562.500001,-65.43407
4112822500.000001,-65.54668
4112823437.500001,-65.6531
4112824375.000001,-65.6162
4112825312.500001,-65.70995
4112826250.000001,-65.71108
4112827187.500001,-65.75571
4112828125.000001,-65.40812
4112829062.500001,-65.9
4112830000.000001,-65.50372
4112830937.500001,-65.6663
4112831875.000001,-65.45809
4112832812.500001,-65.60033
4112833750.000001,-65.6845
4112834687.500001,-65.6441
4112835625.000001,-65.61528
4112836562.500001,-65.74339
4112837500.000001,-65.59415
4112838437.500001,-65.43936
4112839375.000001,-65.65584
4112840312.500001,-65.73598
4112841250.000001,-65.48595
4112842187.500001,-65.71058
4112843125.000001,-65.63331
4112844062.500001,-65.79696
4112845000.000001,-65.53107
4112845937.500001,-65.5014
4112846875.000001,-65.44937
4112847812.500001,-65.33321
4112848750.000001,-65.59668
4112849687.500001,-65.60336
4112850625.000001,-65.30733
4112851562.500001,-65.59817
4112852500.000001,-65.74831
4112853437.500001,-65.70715
4112854375.000001,-65.35385
4112855312.500001,-65.63721
4112856250.000001,-65.5452
4112857187.500001,-65.79598
4112858125.000001,-65.45485
4112859062.500001,-65.39069
4112860000.000001,-65.71383
4112860937.500001,-65.43632
4112861875.000001,-65.47414
4112862812.500001,-65.76653
4112863750.000001,-65.44947
4112864687.500001,-65.82346
4112865625.000001,-65.76321
4112866562.500001,-65.6798
4112867500.000001,-65.88436
4112868437.500001,-65.51517
4112869375.000001,-65.25849
4112870312.500001,-65.687
4112871250.000001,-65.63779
4112872187.500001,-65.35054
4112873125.000001,-65.58971
4112874062.500001,-65.67104
4112875000.000001,-65.66875
4112875937.500001,-65.54718
4112876875.000001,-65.6915
4112877812.500001,-65.61217
4112878750.000001,-65.44148
4112879687.500001,-65.39419
4112880625.000001,-65.84756
4112881562.500001,-65.77103
4112882500.000001,-65.56136
4112883437.500001,-65.32392
4112884375.000001,-65.72005
4112885312.500001,-65.76062
4112886250.000001,-65.6811
4112887187.500001,-65.37637
4112888125.000001,-65.67266
4112889062.500001,-65.57882
4112890000.000001,-65.89505
4112890937.500001,-65.5751
4112891875.000001,-65.68339
4112892812.500001,-65.93166
4112893750.000001,-65.73853
4112894687.500001,-65.39929
4112895625.000001,-65.7877
4112896562.500001,-65.50168
4112897500.000001,-65.69931
4112898437.500001,-65.44963
4112899375.000001,-65.73666
4112900312.500001,-65.63832
4112901250.000001,-65.41834
4112902187.500001,-65.41618
4112903125.000001,-65.32361
4112904062.500001,-65.59744
4112905000.000001,-65.88474
4112905937.500001,-66.01833
4112906875.000001,-65.50022
4112907812.500001,-65.67853
4112908750.000001,-65.58897
4112909687.500001,-65.37907
4112910625.000001,-65.3679
4112911562.500001,-65.47518
4112912500.000001,-65.76118
4112913437.500001,-65.47659
4112914375.000001,-65.61072
4112915312.500001,-65.57408
4112916250.000001,-65.47251
4112917187.500001,-65.47437
4112918125.000001,-65.63445
4112919062.500001,-65.62509
4112920000.000001,-65.4549
4112920937.500001,-65.66314
4112921875.000001,-65.19958
4112922812.500001,-65.74848
4112923750.000001,-65.56419
4112924687.500001,-65.71342
4112925625.000001,-65.83235
4112926562.500001,-66.06558
4112927500.000001,-65.56236
4112928437.500001,-65.48406
4112929375.000001,-65.68308
4112930312.500001,-65.40267
4112931250.000001,-65.19814
4112932187.500001,-65.84846
4112933125.000001,-65.62988
4112934062.500001,-65.52975
4112935000.000001,-65.56773
4112935937.500001,-65.45766
4112936875.000001,-65.62653
4112937812.500001,-65.39708
4112938750.000001,-65.80238
4112939687.500001,-65.56427
4112940625.000001,-65.5076
4112941562.500001,-65.24011
4112942500.000001,-65.69943
4112943437.500001,-65.62981
4112944375.000001,-65.50005
4112945312.500001,-65.37462
4112946250.000001,-65.71545
4112947187.500001,-65.57497
4112948125.000001,-65.25085
4112949062.500001,-65.50615
4112950000.000001,-65.47871
4112950937.500001,-65.86446
4112951875.000001,-65.10296
4112952812.500001,-65.59175
4112953750.000001,-65.36415
4112954687.500001,-65.54089
4112955625.000001,-65.61266
4112956562.500001,-65.20654
4112957500.000001,-65.08595
4112958437.500001,-65.40115
4112959375.000001,-65.57772
4112960312.500001,-65.63599
4112961250.000001,-65.48208
4112962187.500001,-65.7838
4112963125.000001,-65.79615
4112964062.500001,-65.84728
4112965000.000001,-65.42767
4112965937.500001,-65.80016
4112966875.000001,-65.77931
4112967812.500001,-65.28909
4112968750.000001,-66.01904
4112969687.500001,-65.85367
4112970625.000001,-65.51893
4112971562.500001,-65.56951
4112972500.000001,-65.49458
4112973437.500001,-65.67339
4112974375.000001,-65.13744
4112975312.500001,-65.48461
4112976250.000001,-65.57326
4112977187.500001,-65.54617
4112978125.000001,-65.47549
4112979062.500001,-65.99793
4112980000.000001,-65.52496
4112980937.500001,-65.3788
4112981875.000001,-65.53709
4112982812.500001,-65.76291
4112983750.000001,-65.71492
4112984687.500001,-65.29953
4112985625.000001,-65.52937
4112986562.500001,-65.79475
4112987500.000001,-65.51978
4112988437.500001,-65.66005
4112989375.000001,-65.49114
4112990312.500001,-65.44457
4112991250.000001,-65.86098
4112992187.500001,-65.64832
4112993125.000001,-65.49654
4112994062.500001,-65.24893
4112995000.000001,-65.47607
4112995937.500001,-65.63547
4112996875.000001,-65.59761
4112997812.500001,-65.29707
4112998750.000001,-65.59933
4112999687.500001,-65.46959
4113000625.000001,-65.65134
4113001562.500001,-65.59344
4113002500.000001,-65.50816
4113003437.500001,-65.81272
4113004375.000001,-65.23531
4113005312.500001,-65.26029
4113006250.000001,-65.62959
4113007187.500001,-65.24658
4113008125.000001,-65.83984
4113009062.500001,-65.78993
4113010000.000001,-65.7391
4113010937.500001,-65.73967
4113011875.000001,-65.60999
4113012812.500001,-65.40668
4113013750.000001,-65.53497
4113014687.500001,-65.40898
4113015625.000001,-65.95347
4113016562.500001,-65.38696
4113017500.000001,-65.41049
4113018437.500001,-65.50587
4113019375.000001,-65.43771
4113020312.500001,-65.43549
4113021250.000001,-65.32871
4113022187.500001,-65.50574
4113023125.000001,-65.53505
4113024062.500001,-65.42785
4113025000.000001,-65.62515
4113025937.500001,-65.64362
4113026875.000001,-64.97895
4113027812.500001,-65.50017
4113028750.000001,-65.38634
4113029687.500001,-65.45176
4113030625.000001,-65.58714
4113031562.500001,-65.3754
4113032500.000001,-65.49224
4113033437.500001,-65.51242
4113034375.000001,-65.71743
4113035312.500001,-65.31062
4113036250.000001,-65.35571
4113037187.500001,-65.4603
4113038125.000001,-65.59285
4113039062.500001,-65.74043
4113040000.000001,-65.77607
4113040937.500001,-65.42295
4113041875.000001,-65.60452
4113042812.500001,-65.31144
4113043750.000001,-65.40736
4113044687.500001,-65.44983
4113045625.000001,-65.44407
4113046562.500001,-65.17859
4113047500.000001,-65.40033
4113048437.500001,-65.04733
4113049375.000001,-65.29893
4113050312.500001,-65.27676
4113051250.000001,-65.46807
4113052187.500001,-65.25347
4113053125.000001,-65.33397
4113054062.500001,-65.62641
4113055000.000001,-65.51424
4113055937.500001,-65.64523
4113056875.000001,-65.38181
4113057812.500001,-65.61005
4113058750.000001,-65.39395
4113059687.500001,-65.40495
4113060625.000001,-65.55362
4113061562.500001,-65.41372
4113062500.000001,-65.58895
4113063437.500001,-65.62523
4113064375.000001,-65.56145
4113065312.500001,-65.42266
4113066250.000001,-65.44548
4113067187.500001,-65.32139
4113068125.000001,-65.53194
4113069062.500001,-65.66027
4113070000.000001,-65.46075
4113070937.500001,-65.17081
4113071875.000001,-65.52583
4113072812.500001,-65.45261
4113073750.000001,-65.32186
4113074687.500001,-65.34495
4113075625.000001,-65.32462
4113076562.500001,-65.55115
4113077500.000001,-65.37736
4113078437.500001,-65.35983
4113079375.000001,-65.59559
4113080312.500001,-65.5377
4113081250.000001,-65.72493
4113082187.500001,-65.32354
4113083125.000001,-65.52684
4113084062.500001,-65.45358
4113085000.000001,-65.1977
4113085937.500001,-65.31542
4113086875.000001,-65.45208
4113087812.500001,-65.4338
4113088750.000001,-65.41414
4113089687.500001,-65.21191
4113090625.000001,-65.76325
4113091562.500001,-65.592
4113092500.000001,-65.32608
4113093437.500001,-65.54563
4113094375.000001,-65.18107
4113095312.500001,-65.37873
4113096250.000001,-65.49107
4113097187.500001,-65.47233
4113098125.000001,-65.30119
4113099062.500001,-65.31113
4113100000.000001,-65.44265
4113100937.500001,-65.60591
4113101875.000001,-65.23804
4113102812.500001,-65.27784
4113103750.000001,-65.57254
4113104687.500001,-65.13499
4113105625.000001,-65.82948
4113106562.500001,-65.58197
4113107500.000001,-65.48632
4113108437.500001,-65.76031
4113109375.000001,-65.22544
4113110312.500001,-65.52879
4113111250.000001,-65.32687
4113112187.500001,-65.56699
4113113125.000001,-65.1656
4113114062.500001,-65.48915
4113115000.000001,-65.23407
4113115937.500001,-65.53478
4113116875.000001,-65.06997
4113117812.500001,-65.28201
4113118750.000001,-65.5166
4113119687.500001,-65.40514
4113120625.000001,-65.40053
4113121562.500001,-65.34901
4113122500.000001,-65.44143
4113123437.500001,-65.48388
4113124375.000001,-65.44325
4113125312.500001,-65.65697
4113126250.000001,-65.20479
4113127187.500001,-65.18526
4113128125.000001,-65.3928
4113129062.500001,-65.63855
4113130000.000001,-65.56339
4113130937.500001,-65.32985
4113131875.000001,-65.35351
4113132812.500001,-65.43211
4113133750.000001,-65.49859
4113134687.500001,-65.59216
4113135625.000001,-65.74596
4113136562.500001,-65.4845
4113137500.000001,-65.58495
4113138437.500001,-65.61781
4113139375.000001,-65.63625
4113140312.500001,-65.38806
4113141250.000001,-65.22291
4113142187.500001,-65.2733
4113143125.000001,-65.4541
4113144062.500001,-65.04668
4113145000.000001,-65.62215
4113145937.500001,-65.41131
4113146875.000001,-65.71749
4113147812.500001,-65.55215
4113148750.000001,-65.05646
4113149687.500001,-65.25212
4113150625.000001,-65.663
4113151562.500001,-65.41571
4113152500.000001,-65.58524
4113153437.500001,-65.29567
4113154375.000001,-65.52633
4113155312.500001,-65.27182
4113156250.000001,-65.45992
4113157187.500001,-65.29232
4113158125.000001,-65.58067
4113159062.500001,-65.52059
4113160000.000001,-65.39529
4113160937.500001,-65.32707
4113161875.000001,-65.81982
4113162812.500001,-65.39103
4113163750.000001,-65.48038
4113164687.500001,-65.31752
4113165625.000001,-65.26728
4113166562.500001,-65.07339
4113167500.000001,-65.18556
4113168437.500001,-65.1898
4113169375.000001,-65.44849
4113170312.500001,-65.1785
4113171250.000001,-65.27031
4113172187.500001,-65.47978
4113173125.000001,-65.19446
4113174062.500001,-65.19125
4113175000.000001,-65.382
4113175937.500001,-65.37148
4113176875.000001,-65.22352
4113177812.500001,-65.43499
4113178750.000001,-65.4722
4113179687.500001,-65.29528
4113180625.000001,-65.31104
4113181562.500001,-65.50057
4113182500.000001,-65.20505
4113183437.500001,-65.6058
4113184375.000001,-65.38576
4113185312.500001,-65.09171
4113186250.000001,-64.9296
4113187187.500001,-65.64125
4113188125.000001,-65.38916
4113189062.500001,-65.38634
4113190000.000001,-65.45943
4113190937.500001,-65.39698
4113191875.000001,-65.22562
4113192812.500001,-65.43412
4113193750.000001,-65.50696
4113194687.500001,-65.3165
4113195625.000001,-65.13553
4113196562.500001,-65.56536
4113197500.000001,-65.19939
4113198437.500001,-65.60484
4113199375.000001,-65.38242
4113200312.500001,-65.52554
4113201250.000001,-65.01242
4113202187.500001,-65.08552
4113203125.000001,-65.18642
4113204062.500001,-65.36242
4113205000.000001,-65.26802
4113205937.500001,-65.44866
4113206875.000001,-65.36646
4113207812.500001,-65.59928
4113208750.000001,-65.69332
4113209687.500001,-65.50431
4113210625.000001,-65.52496
4113211562.500001,-65.47545
4113212500.000001,-65.16521
4113213437.500001,-65.09682
4113214375.000001,-65.22676
4113215312.500001,-65.24242
4113216250.000001,-65.00912
4113217187.500001,-65.12202
4113218125.000001,-65.33423
4113219062.500001,-65.67025
4113220000.000001,-65.35135
4113220937.500001,-65.58736
4113221875.000001,-65.59055
4113222812.500001,-65.27489
4113223750.000001,-65.38612
4113224687.500001,-65.17107
4113225625.000001,-65.18999
4113226562.500001,-65.57883
4113227500.000001,-65.31873
4113228437.500001,-65.22195
4113229375.000001,-65.26656
4113230312.500001,-65.22221
4113231250.000001,-65.47682
4113232187.500001,-65.30695
4113233125.000001,-65.29169
4113234062.500001,-65.82829
4113235000.000001,-65.18829
4113235937.500001,-65.10207
4113236875.000001,-65.34931
4113237812.500001,-65.14248
4113238750.000001,-65.54
4113239687.500001,-65.26715
4113240625.000001,-65.21165
4113241562.500001,-65.41467
4113242500.000001,-65.02724
4113243437.500001,-65.0592
4113244375.000001,-65.17281
4113245312.500001,-65.74251
4113246250.000001,-65.06859
4113247187.500001,-65.4173
4113248125.000001,-65.71687
4113249062.500001,-65.38978
4113250000.000001,-65.43303
4113250937.500001,-65.71286
4113251875.000001,-65.42635
4113252812.500001,-65.56676
4113253750.000001,-65.19007
4113254687.500001,-65.21332
4113255625.000001,-65.17663
4113256562.500001,-65.58367
4113257500.000001,-65.37235
4113258437.500001,-65.2907
4113259375.000001,-65.45754
4113260312.500001,-65.41927
4113261250.000001,-65.18347
4113262187.500001,-65.59569
4113263125.000001,-65.37624
4113264062.500001,-65.2915
4113265000.000001,-65.40342
4113265937.500001,-64.98753
4113266875.000001,-65.38448
4113267812.500001,-65.45113
4113268750.000001,-65.13034
4113269687.500001,-64.83599
4113270625.000001,-65.36814
4113271562.500001,-65.65407
4113272500.000001,-65.14833
4113273437.500001,-65.06189
4113274375.000001,-65.7
4113275312.500001,-65.43777
4113276250.000001,-65.41808
4113277187.500001,-65.44305
4113278125.000001,-65.51089
4113279062.500001,-65.41704
4113280000.000001,-65.28042
4113280937.500001,-65.47675
4113281875.000001,-65.22696
4113282812.500001,-65.13648
4113283750.000001,-65.14972
4113284687.500001,-65.4731
4113285625.000001,-65.23219
4113286562.500001,-65.17617
4113287500.000001,-65.24552
4113288437.500001,-65.59341
4113289375.000001,-65.21577
4113290312.500001,-65.36416
4113291250.000001,-65.15507
4113292187.500001,-65.3056
4113293125.000001,-65.1127
4113294062.500001,-65.47348
4113295000.000001,-65.32973
4113295937.500001,-65.39788
4113296875.000001,-65.37496
4113297812.500001,-65.44987
4113298750.000001,-65.38268
4113299687.500001,-65.25593
4113300625.000001,-65.19469
4113301562.500001,-65.33106
4113302500.000001,-65.32874
4113303437.500001,-65.33846
4113304375.000001,-65.30062
4113305312.500001,-64.78003
4113306250.000001,-65.19729
4113307187.500001,-65.24214
4113308125.000001,-65.45267
4113309062.500001,-65.42123
4113310000.000001,-65.28645
4113310937.500001,-65.42555
4113311875.000001,-65.41177
4113312812.500001,-65.28888
4113313750.000001,-64.88441
4113314687.500001,-64.97871
4113315625.000001,-64.85248
4113316562.500001,-64.84541
4113317500.000001,-65.35707
4113318437.500001,-65.30486
4113319375.000001,-65.17137
4113320312.500001,-65.14584
4113321250.000001,-65.34136
4113322187.500001,-65.13248
4113323125.000001,-65.34184
4113324062.500001,-65.13128
4113325000.000001,-65.12969
4113325937.500001,-65.14319
4113326875.000001,-65.19695
4113327812.500001,-65.31474
4113328750.000001,-65.47969
4113329687.500001,-64.77292
4113330625.000001,-65.69292
4113331562.500001,-65.57685
4113332500.000001,-65.35976
4113333437.500001,-65.06738
4113334375.000001,-65.10003
4113335312.500001,-65.51183
4113336250.000001,-65.48044
4113337187.500001,-65.22608
4113338125.000001,-65.00069
4113339062.500001,-65.07104
4113340000.000001,-65.08811
4113340937.500001,-65.19087
4113341875.000001,-65.14526
4113342812.500001,-65.39926
4113343750.000001,-64.96976
4113344687.500001,-65.31287
4113345625.000001,-65.10497
4113346562.500001,-65.25514
4113347500.000001,-65.34566
4113348437.500001,-64.6824
4113349375.000001,-65.45762
4113350312.500001,-65.0138
4113351250.000001,-65.29599
4113352187.500001,-65.22742
4113353125.000001,-65.41125
4113354062.500001,-64.8382
4113355000.000001,-65.14487
4113355937.500001,-65.11962
4113356875.000001,-65.54892
4113357812.500001,-65.50616
4113358750.000001,-65.35683
4113359687.500001,-65.39365
4113360625.000001,-65.31606
4113361562.500001,-65.6293
4113362500.000001,-65.06551
4113363437.500001,-65.28899
4113364375.000001,-65.12198
4113365312.500001,-65.4224
4113366250.000001,-65.14799
4113367187.500001,-64.98455
4113368125.000001,-65.16839
4113369062.500001,-65.26534
4113370000.000001,-65.30192
4113370937.500001,-65.21342
4113371875.000001,-65.13984
4113372812.500001,-65.33412
4113373750.000001,-65.25399
4113374687.500001,-65.37595
4113375625.000001,-65.08283
4113376562.500001,-65.14538
4113377500.000001,-65.12463
4113378437.500001,-65.07928
4113379375.000001,-65.29621
4113380312.500001,-65.15614
4113381250.000001,-65.33015
4113382187.500001,-65.1841
4113383125.000001,-65.12698
4113384062.500001,-65.20582
4113385000.000001,-65.06515
4113385937.500001,-65.17308
4113386875.000001,-65.06909
4113387812.500001,-65.27124
4113388750.000001,-65.14557
4113389687.500001,-64.92168
4113390625.000001,-65.64429
4113391562.500001,-65.20048
4113392500.000001,-65.47246
4113393437.500001,-64.89375
4113394375.000001,-64.98299
4113395312.500001,-65.5103
4113396250.000001,-65.12074
4113397187.500001,-65.23314
4113398125.000001,-65.04115
4113399062.500001,-65.21213
4113400000.000001,-65.24639
4113400937.500001,-65.16156
4113401875.000001,-64.85007
4113402812.500001,-65.14492
4113403750.000001,-65.2544
4113404687.500001,-64.93065
4113405625.000001,-65.41264
4113406562.500001,-65.06354
4113407500.000001,-65.06188
4113408437.500001,-65.17814
4113409375.000001,-65.15489
4113410312.500001,-65.34443
4113411250.000001,-65.38836
4113412187.500001,-65.28673
4113413125.000001,-64.98568
4113414062.500001,-65.13191
4113415000.000001,-65.04324
4113415937.500001,-65.45138
4113416875.000001,-65.12648
4113417812.500001,-65.4345
4113418750.000001,-65.20654
4113419687.500001,-65.08351
4113420625.000001,-65.50925
4113421562.500001,-65.06611
4113422500.000001,-64.97783
4113423437.500001,-65.22234
4113424375.000001,-65.04485
4113425312.500001,-65.16048
4113426250.000001,-65.30467
4113427187.500001,-65.00909
4113428125.000001,-65.20892
4113429062.500001,-65.06512
4113430000.000001,-65.09603
4113430937.500001,-65.48756
4113431875.000001,-65.27517
4113432812.500001,-65.22974
4113433750.000001,-65.45094
4113434687.500001,-65.15908
4113435625.000001,-65.08888
4113436562.500001,-65.38628
4113437500.000001,-65.1227
4113438437.500001,-65.10172
4113439375.000001,-64.83822
4113440312.500001,-65.10033
4113441250.000001,-65.22888
4113442187.500001,-65.41273
4113443125.000001,-64.72973
4113444062.500001,-65.04516
4113445000.000001,-65.00252
4113445937.500001,-65.21537
4113446875.000001,-65.03742
4113447812.500001,-64.97689
4113448750.000001,-65.47417
4113449687.500001,-65.05505
4113450625.000001,-65.14942
4113451562.500001,-64.8134
4113452500.000001,-64.86887
4113453437.500001,-65.19784
4113454375.000001,-65.15903
4113455312.500001,-65.09066
4113456250.000001,-65.14892
4113457187.500001,-65.10698
4113458125.000001,-65.09126
4113459062.500001,-65.21414
4113460000.000001,-65.64851
4113460937.500001,-65.03777
4113461875.000001,-65.24971
4113462812.500001,-64.86442
4113463750.000001,-65.02119
4113464687.500001,-65.03922
4113465625.000001,-65.35677
4113466562.500001,-65.31416
4113467500.000001,-65.28697
4113468437.500001,-65.14481
4113469375.000001,-65.11224
4113470312.500001,-64.98045
4113471250.000001,-65.22735
4113472187.500001,-64.93884
4113473125.000001,-65.09296
4113474062.500001,-64.80403
4113475000.000001,-65.39246
4113475937.500001,-65.12148
4113476875.000001,-65.03326
4113477812.500001,-65.04686
4113478750.000001,-65.14864
4113479687.500001,-64.94094
4113480625.000001,-65.00193
4113481562.500001,-65.02269
4113482500.000001,-64.92194
4113483437.500001,-65.02083
4113484375.000001,-65.27628
4113485312.500001,-64.93099
4113486250.000001,-64.88168
4113487187.500001,-65.02172
4113488125.000001,-65.05287
4113489062.500001,-65.04605
4113490000.000001,-65.43232
4113490937.500001,-65.1133
4113491875.000001,-65.40324
4113492812.500001,-64.99107
4113493750.000001,-64.99672
4113494687.500001,-65.25306
4113495625.000001,-65.04679
4113496562.500001,-65.12069
4113497500.000001,-65.09467
4113498437.500001,-64.67807
4113499375.000001,-64.97482
4113500312.500001,-65.0132
4113501250.000001,-64.94416
4113502187.500001,-65.28432
4113503125.000001,-65.2173
4113504062.500001,-65.36077
4113505000.000001,-65.29502
4113505937.500001,-65.19206
4113506875.000001,-65.23899
4113507812.500001,-64.93996
4113508750.000001,-65.17824
4113509687.500001,-65.22763
4113510625.000001,-64.83974
4113511562.500001,-65.18983
4113512500.000001,-65.07536
4113513437.500001,-65.31411
4113514375.000001,-65.05501
4113515312.500001,-65.0029
4113516250.000001,-65.29281
4113517187.500001,-65.07274
4113518125.000001,-64.77493
4113519062.500001,-65.23725
4113520000.000001,-65.40604
4113520937.500001,-64.89295
4113521875.000001,-64.93304
4113522812.500001,-64.95468
4113523750.000001,-65.1324
4113524687.500001,-65.06613
4113525625.000001,-64.88203
4113526562.500001,-64.95658
4113527500.000001,-64.93481
4113528437.500001,-65.01736
4113529375.000001,-64.95451
4113530312.500001,-64.99075
4113531250.000001,-65.15529
4113532187.500001,-65.24232
4113533125.000001,-65.17028
4113534062.500001,-65.27177
4113535000.000001,-65.23875
4113535937.500001,-65.18373
4113536875.000001,-65.01398
4113537812.500001,-65.05704
4113538750.000001,-64.87002
4113539687.500001,-65.06297
4113540625.000001,-64.76394
4113541562.500001,-65.02834
4113542500.000001,-65.18062
4113543437.500001,-65.0715
4113544375.000001,-65.33005
4113545312.500001,-64.94991
4113546250.000001,-64.94641
4113547187.500001,-65.02222
4113548125.000001,-64.7747
4113549062.500001,-65.25237
4113550000.000001,-64.96696
4113550937.500001,-64.90627
4113551875.000001,-65.04902
4113552812.500001,-65.34904
4113553750.000001,-64.98682
4113554687.500001,-64.98888
4113555625.000001,-65.14951
4113556562.500001,-64.96145
4113557500.000001,-65.37208
4113558437.500001,-64.7514
4113559375.000001,-64.96638
4113560312.500001,-64.96944
4113561250.000001,-64.96927
4113562187.500001,-64.83437
4113563125.000001,-65.29908
4113564062.500001,-64.92606
4113565000.000001,-65.31554
4113565937.500001,-65.09709
4113566875.000001,-65.16661
4113567812.500001,-64.98024
4113568750.000001,-64.9595
4113569687.500001,-64.89693
4113570625.000001,-65.18294
4113571562.500001,-64.84374
4113572500.000001,-65.29021
4113573437.500001,-64.98006
4113574375.000001,-65.11317
4113575312.500001,-65.04903
4113576250.000001,-64.86409
4113577187.500001,-65.21746
4113578125.000001,-64.88255
4113579062.500001,-65.004
4113580000.000001,-64.59459
4113580937.500001,-64.94753
4113581875.000001,-65.37658
4113582812.500001,-64.99093
4113583750.000001,-65.35301
4113584687.500001,-64.87554
4113585625.000001,-64.91817
4113586562.500001,-64.91241
4113587500.000001,-64.91557
4113588437.500001,-65.13587
4113589375.000001,-64.85905
4113590312.500001,-64.80348
4113591250.000001,-65.17645
4113592187.500001,-65.04383
4113593125.000001,-65.30491
4113594062.500001,-64.87653
4113595000.000001,-64.70394
4113595937.500001,-64.89969
4113596875.000001,-65.03165
4113597812.500001,-64.93394
4113598750.000001,-65.20782
4113599687.500001,-65.13994
4113600625.000001,-64.96957
4113601562.500001,-64.9584
4113602500.000001,-64.99146
4113603437.500001,-64.76786
4113604375.000001,-65.03584
4113605312.500001,-65.079
4113606250.000001,-64.86905
4113607187.500001,-64.94156
4113608125.000001,-64.97872
4113609062.500001,-65.07085
4113610000.000001,-65.1031
4113610937.500001,-64.78793
4113611875.000001,-64.9964
4113612812.500001,-65.08581
4113613750.000001,-64.96254
4113614687.500001,-64.87555
4113615625.000001,-64.98366
4113616562.500001,-64.82352
4113617500.000001,-64.62878
4113618437.500001,-64.88904
4113619375.000001,-64.98149
4113620312.500001,-64.90575
4113621250.000001,-65.21102
4113622187.500001,-64.70496
4113623125.000001,-65.13709
4113624062.500001,-64.99773
4113625000.000001,-65.17938
4113625937.500001,-64.80691
4113626875.000001,-64.8967
4113627812.500001,-64.85461
4113628750.000001,-64.63059
4113629687.500001,-65.17216
4113630625.000001,-64.91048
4113631562.500001,-64.88892
4113632500.000001,-64.97491
4113633437.500001,-64.8639
4113634375.000001,-64.85097
4113635312.500001,-64.6336
4113636250.000001,-65.02592
4113637187.500001,-64.88915
4113638125.000001,-64.96616
4113639062.500001,-65.1111
4113640000.000001,-65.05385
4113640937.500001,-64.93994
4113641875.000001,-64.84636
4113642812.500001,-65.06159
4113643750.000001,-65.26886
4113644687.500001,-65.31242
4113645625.000001,-65.19331
4113646562.500001,-64.85925
4113647500.000001,-64.74829
4113648437.500001,-65.2644
4113649375.000001,-64.85522
4113650312.500001,-64.93933
4113651250.000001,-65.03876
4113652187.500001,-65.13571
4113653125.000001,-64.97109
4113654062.500001,-64.93366
4113655000.000001,-64.98033
4113655937.500001,-64.89214
4113656875.000001,-65.01001
4113657812.500001,-65.02854
4113658750.000001,-65.09204
4113659687.500001,-65.08129
4113660625.000001,-64.99679
4113661562.500001,-65.10475
4113662500.000001,-65.25005
4113663437.500001,-64.78223
4113664375.000001,-64.96542
4113665312.500001,-64.74862
4113666250.000001,-65.03116
4113667187.500001,-64.93119
4113668125.000001,-64.81219
4113669062.500001,-64.61593
4113670000.000001,-64.99743
4113670937.500001,-64.62997
4113671875.000001,-64.86758
4113672812.500001,-65.11276
4113673750.000001,-65.08196
4113674687.500001,-64.83009
4113675625.000001,-65.20512
4113676562.500001,-65.00072
4113677500.000001,-64.96075
4113678437.500001,-65.03788
4113679375.000001,-64.75961
4113680312.500001,-65.02526
4113681250.000001,-65.11295
4113682187.500001,-64.82274
4113683125.000001,-64.67616
4113684062.500001,-65.01421
4113685000.000001,-64.84799
4113685937.500001,-64.6816
4113686875.000001,-65.17248
4113687812.500001,-64.87147
4113688750.000001,-64.92117
4113689687.500001,-64.83259
4113690625.000001,-64.84358
4113691562.500001,-64.91253
4113692500.000001,-64.79097
4113693437.500001,-64.92218
4113694375.000001,-64.91869
4113695312.500001,-64.71209
4113696250.000001,-64.65144
4113697187.500001,-64.8661
4113698125.000001,-65.06528
4113699062.500001,-64.78257
4113700000.000001,-64.46313
4113700937.500001,-64.75188
4113701875.000001,-64.96075
4113702812.500001,-65.19846
4113703750.000001,-65.00352
4113704687.500001,-64.91399
4113705625.000001,-64.922
4113706562.500001,-65.03204
4113707500.000001,-64.8889
4113708437.500001,-64.82538
4113709375.000001,-64.90986
4113710312.500001,-64.96096
4113711250.000001,-65.20929
4113712187.500001,-64.97789
4113713125.000001,-64.80927
4113714062.500001,-64.71883
4113715000.000001,-64.85608
4113715937.500001,-64.66143
4113716875.000001,-64.6987
4113717812.500001,-64.72964
4113718750.000001,-64.79779
4113719687.500001,-64.71462
4113720625.000001,-64.98911
4113721562.500001,-64.95235
4113722500.000001,-65.05157
4113723437.500001,-64.72974
4113724375.000001,-64.72268
4113725312.500001,-64.96604
4113726250.000001,-64.9039
4113727187.500001,-64.70322
4113728125.000001,-64.85219
4113729062.500001,-64.78777
4113730000.000001,-64.61783
4113730937.500001,-65.16862
4113731875.000001,-64.85044
4113732812.500001,-64.73472
4113733750.000001,-64.73462
4113734687.500001,-64.79597
4113735625.000001,-64.99281
4113736562.500001,-65.12135
4113737500.000001,-64.99771
4113738437.500001,-64.91169
4113739375.000001,-65.12706
4113740312.500001,-64.83999
4113741250.000001,-64.80988
4113742187.500001,-64.84238
4113743125.000001,-64.60246
4113744062.500001,-64.75729
4113745000.000001,-64.88095
4113745937.500001,-64.66861
4113746875.000001,-64.69116
4113747812.500001,-64.92455
4113748750.000001,-65.06087
4113749687.500001,-65.04428
4113750625.000001,-64.89408
4113751562.500001,-64.94399
4113752500.000001,-64.96042
4113753437.500001,-64.92834
4113754375.000001,-64.75654
4113755312.500001,-64.75948
4113756250.000001,-64.72076
4113757187.500001,-65.14139
4113758125.000001,-64.83507
4113759062.500001,-65.21376
4113760000.000001,-64.99462
4113760937.500001,-64.63634
4113761875.000001,-64.67937
4113762812.500001,-64.96968
4113763750.000001,-64.55631
4113764687.500001,-64.67714
4113765625.000001,-64.57512
4113766562.500001,-64.86686
4113767500.000001,-65.00288
4113768437.500001,-64.76782
4113769375.000001,-64.85647
4113770312.500001,-64.93979
4113771250.000001,-64.82181
4113772187.500001,-64.72237
4113773125.000001,-64.62003
4113774062.500001,-65.29224
4113775000.000001,-64.55488
4113775937.500001,-65.10699
4113776875.000001,-64.62859
4113777812.500001,-64.98061
4113778750.000001,-64.72048
4113779687.500001,-64.85031
4113780625.000001,-64.81945
4113781562.500001,-64.88217
4113782500.000001,-64.95358
4113783437.500001,-65.02488
4113784375.000001,-64.94384
4113785312.500001,-64.95393
4113786250.000001,-64.82605
4113787187.500001,-64.97156
4113788125.000001,-65.00649
4113789062.500001,-65.04755
4113790000.000001,-64.68401
4113790937.500001,-64.84226
4113791875.000001,-64.75733
4113792812.500001,-64.8101
4113793750.000001,-64.61977
4113794687.500001,-64.9726
4113795625.000001,-64.68208
4113796562.500001,-64.70269
4113797500.000001,-65.08527
4113798437.500001,-65.32322
4113799375.000001,-64.77119
4113800312.500001,-64.57721
4113801250.000001,-64.81217
4113802187.500001,-64.75949
4113803125.000001,-64.92716
4113804062.500001,-64.54306
4113805000.000001,-64.91228
4113805937.500001,-65.1871
4113806875.000001,-64.79406
4113807812.500001,-64.74609
4113808750.000001,-64.65802
4113809687.500001,-64.5451
4113810625.000001,-64.85935
4113811562.500001,-64.97364
4113812500.000001,-64.70124
4113813437.500001,-65.10528
4113814375.000001,-64.80383
4113815312.500001,-64.84205
4113816250.000001,-64.68473
4113817187.500001,-64.58949
4113818125.000001,-64.98338
4113819062.500001,-64.60632
4113820000.000001,-64.90166
4113820937.500001,-64.87146
4113821875.000001,-64.6655
4113822812.500001,-64.83774
4113823750.000001,-64.81643
4113824687.500001,-64.75117
4113825625.000001,-64.775
4113826562.500001,-64.40565
4113827500.000001,-64.53025
4113828437.500001,-64.934
4113829375.000001,-65.1083
4113830312.500001,-65.00684
4113831250.000001,-64.6339
4113832187.500001,-64.87415
4113833125.000001,-65.05335
4113834062.500001,-64.79294
4113835000.000001,-64.69231
4113835937.500001,-64.82166
4113836875.000001,-64.82134
4113837812.500001,-64.69627
4113838750.000001,-64.90711
4113839687.500001,-64.73358
4113840625.000001,-64.61571
4113841562.500001,-64.71577
4113842500.000001,-64.40055
4113843437.500001,-64.72822
4113844375.000001,-64.72482
4113845312.500001,-64.86755
4113846250.000001,-64.84127
4113847187.500001,-64.76922
4113848125.000001,-64.64058
4113849062.500001,-64.9989
4113850000.000001,-64.67392
4113850937.500001,-64.71992
4113851875.000001,-64.62675
4113852812.500001,-65.01045
4113853750.000001,-64.90134
4113854687.500001,-64.64886
4113855625.000001,-64.74071
4113856562.500001,-64.67654
4113857500.000001,-64.82374
4113858437.500001,-64.94571
4113859375.000001,-64.88359
4113860312.500001,-65.08643
4113861250.000001,-64.98738
4113862187.500001,-64.91982
4113863125.000001,-64.80481
4113864062.500001,-64.78793
4113865000.000001,-64.77287
4113865937.500001,-64.5453
4113866875.000001,-65.09416
4113867812.500001,-64.67133
4113868750.000001,-64.6967
4113869687.500001,-64.76794
4113870625.000001,-64.78377
4113871562.500001,-64.77288
4113872500.000001,-64.62534
4113873437.500001,-64.92487
4113874375.000001,-64.65014
4113875312.500001,-65.18066
4113876250.000001,-64.34022
4113877187.500001,-64.64044
4113878125.000001,-64.93125
4113879062.500001,-64.85591
4113880000.000001,-64.45368
4113880937.500001,-64.73197
4113881875.000001,-64.59422
4113882812.500001,-64.65609
4113883750.000001,-64.95101
4113884687.500001,-64.8035
4113885625.000001,-64.71915
4113886562.500001,-64.87506
4113887500.000001,-64.6977
4113888437.500001,-64.693
4113889375.000001,-64.89869
4113890312.500001,-64.80257
4113891250.000001,-64.63036
4113892187.500001,-64.9723
4113893125.000001,-65.05339
4113894062.500001,-65.00562
4113895000.000001,-64.65485
4113895937.500001,-64.78897
4113896875.000001,-64.72875
4113897812.500001,-64.93944
4113898750.000001,-64.53256
4113899687.500001,-64.74213
4113900625.000001,-64.85011
4113901562.500001,-64.70865
4113902500.000001,-64.69999
4113903437.500001,-64.8565
4113904375.000001,-64.65515
4113905312.500001,-64.79203
4113906250.000001,-64.93355
4113907187.500001,-64.47321
4113908125.000001,-64.9449
4113909062.500001,-64.53305
4113910000.000001,-64.90398
4113910937.500001,-64.58025
4113911875.000001,-64.53484
4113912812.500001,-64.84804
4113913750.000001,-64.64271
4113914687.500001,-64.67329
4113915625.000001,-64.58433
4113916562.500001,-64.50313
4113917500.000001,-64.68823
4113918437.500001,-64.77365
4113919375.000001,-64.65572
4113920312.500001,-64.58164
4113921250.000001,-64.39689
4113922187.500001,-64.6542
4113923125.000001,-64.77924
4113924062.500001,-64.53654
4113925000.000001,-64.74973
4113925937.500001,-64.60117
4113926875.000001,-64.74319
4113927812.500001,-64.94772
4113928750.000001,-64.87463
4113929687.500001,-64.76958
4113930625.000001,-64.66475
4113931562.500001,-64.81817
4113932500.000001,-64.60622
4113933437.500001,-64.49406
4113934375.000001,-64.79913
4113935312.500001,-64.41935
4113936250.000001,-65.0223
4113937187.500001,-64.69092
4113938125.000001,-64.48252
4113939062.500001,-64.52325
4113940000.000001,-64.87553
4113940937.500001,-64.63908
4113941875.000001,-64.77777
4113942812.500001,-64.90087
4113943750.000001,-64.4625
4113944687.500001,-64.80009
4113945625.000001,-64.66957
4113946562.500001,-64.58975
4113947500.000001,-64.5413
4113948437.500001,-64.77669
4113949375.000001,-64.60657
4113950312.500001,-64.68818
4113951250.000001,-64.9354
4113952187.500001,-64.51967
4113953125.000001,-64.49593
4113954062.500001,-64.64529
4113955000.000001,-64.59748
4113955937.500001,-64.95064
4113956875.000001,-65.00212
4113957812.500001,-64.82951
4113958750.000001,-64.58733
4113959687.500001,-64.52335
4113960625.000001,-64.67883
4113961562.500001,-64.67336
4113962500.000001,-64.56358
4113963437.500001,-64.81867
4113964375.000001,-64.88467
4113965312.500001,-64.83273
4113966250.000001,-64.88269
4113967187.500001,-64.88697
4113968125.000001,-64.66645
4113969062.500001,-64.8567
4113970000.000001,-64.5166
4113970937.500001,-64.92847
4113971875.000001,-64.75795
4113972812.500001,-64.79301
4113973750.000001,-64.27394
4113974687.500001,-64.72925
4113975625.000001,-64.58959
4113976562.500001,-64.68549
4113977500.000001,-64.63554
4113978437.500001,-64.43478
4113979375.000001,-64.37638
4113980312.500001,-64.53668
4113981250.000001,-64.74837
4113982187.500001,-64.51409
4113983125.000001,-64.48142
4113984062.500001,-64.74143
4113985000.000001,-64.65235
4113985937.500001,-64.39677
4113986875.000001,-64.81962
4113987812.500001,-64.60018
4113988750.000001,-64.80666
4113989687.500001,-64.61922
4113990625.000001,-64.8475
4113991562.500001,-64.64664
4113992500.000001,-64.78722
4113993437.500001,-64.61426
4113994375.000001,-64.73479
4113995312.500001,-64.57089
4113996250.000001,-64.57449
4113997187.500001,-64.81802
4113998125.000001,-64.55791
4113999062.500001,-64.70251
4114000000.000001,-64.68293
4114000937.500001,-64.86403
4114001875.000001,-64.32293
4114002812.500001,-64.63351
4114003750.000001,-64.50278
4114004687.500001,-64.77722
4114005625.000001,-64.70541
4114006562.500001,-64.50661
4114007500.000001,-64.66287
4114008437.500001,-64.96043
4114009375.000001,-64.68303
4114010312.500001,-64.5565
4114011250.000001,-64.37059
4114012187.500001,-64.3532
4114013125.000001,-64.51311
4114014062.500001,-64.42947
4114015000.000001,-64.73212
4114015937.500001,-64.80219
4114016875.000001,-64.54564
4114017812.500001,-64.5036
4114018750.000001,-64.42953
4114019687.500001,-64.3721
4114020625.000001,-64.4835
4114021562.500001,-64.58134
4114022500.000001,-64.42305
4114023437.500001,-64.37953
4114024375.000001,-64.52607
4114025312.500001,-64.62918
4114026250.000001,-64.88702
4114027187.500001,-64.68031
4114028125.000001,-64.32454
4114029062.500001,-64.44219
4114030000.000001,-64.56364
4114030937.500001,-64.72445
4114031875.000001,-64.64665
4114032812.500001,-64.79052
4114033750.000001,-64.9124
4114034687.500001,-64.5183
4114035625.000001,-64.66826
4114036562.500001,-64.57133
4114037500.000001,-64.25886
4114038437.500001,-64.83318
4114039375.000001,-64.80443
4114040312.500001,-64.28432
4114041250.000001,-64.87949
4114042187.500001,-64.74499
4114043125.000001,-64.7589
4114044062.500001,-64.68598
4114045000.000001,-64.4474
4114045937.500001,-64.68054
4114046875.000001,-64.38842
4114047812.500001,-64.57058
4114048750.000001,-64.73615
4114049687.500001,-64.62724
4114050625.000001,-64.53436
4114051562.500001,-64.66695
4114052500.000001,-64.84519
4114053437.500001,-64.54844
4114054375.000001,-64.69626
4114055312.500001,-64.69598
4114056250.000001,-64.50755
4114057187.500001,-64.71745
4114058125.000001,-64.31634
4114059062.500001,-64.68314
4114060000.000001,-64.5181
4114060937.500001,-64.56474
4114061875.000001,-64.409
4114062812.500001,-64.39832
4114063750.000001,-64.57872
4114064687.500001,-64.4299
4114065625.000001,-64.83451
4114066562.500001,-64.54688
4114067500.000001,-64.65405
4114068437.500001,-64.51019
4114069375.000001,-64.60923
4114070312.500001,-64.81812
4114071250.000001,-64.6836
4114072187.500001,-64.78643
4114073125.000001,-64.63164
4114074062.500001,-64.60944
4114075000.000001,-64.63322
4114075937.500001,-64.61993
4114076875.000001,-64.31003
4114077812.500001,-64.58418
4114078750.000001,-64.53719
4114079687.500001,-64.39806
4114080625.000001,-64.7652
4114081562.500001,-64.65396
4114082500.000001,-64.44333
4114083437.500001,-64.8549
4114084375.000001,-64.51723
4114085312.500001,-64.51313
4114086250.000001,-64.57803
4114087187.500001,-64.4815
4114088125.000001,-64.75085
4114089062.500001,-64.75978
4114090000.000001,-64.70704
4114090937.500001,-64.5881
4114091875.000001,-64.61371
4114092812.500001,-64.53624
4114093750.000001,-64.72078
4114094687.500001,-64.48502
4114095625.000001,-64.4373
4114096562.500001,-64.25561
4114097500.000001,-64.3773
4114098437.500001,-64.6347
4114099375.000001,-64.65273
4114100312.500001,-64.49157
4114101250.000001,-64.55245
4114102187.500001,-64.43901
4114103125.000001,-64.28177
4114104062.500001,-64.46386
4114105000.000001,-64.35438
4114105937.500001,-64.4745
4114106875.000001,-64.47032
4114107812.500001,-64.39735
4114108750.000001,-64.53718
4114109687.500001,-64.41094
4114110625.000001,-64.34126
4114111562.500001,-64.60273
4114112500.000001,-64.55867
4114113437.500001,-64.4966
4114114375.000001,-64.3058
4114115312.500001,-64.52946
4114116250.000001,-64.60116
4114117187.500001,-64.25867
4114118125.000001,-64.85707
4114119062.500001,-64.62379
4114120000.000001,-64.37111
4114120937.500001,-64.64268
4114121875.000001,-64.47436
4114122812.500001,-64.57745
4114123750.000001,-64.67383
4114124687.500001,-64.26189
4114125625.000001,-64.65251
4114126562.500001,-64.49178
4114127500.000001,-64.52721
4114128437.500001,-64.76411
4114129375.000001,-64.34282
4114130312.500001,-64.51023
4114131250.000001,-64.1846
4114132187.500001,-64.58733
4114133125.000001,-64.4753
4114134062.500001,-64.21717
4114135000.000001,-64.31941
4114135937.500001,-64.47165
4114136875.000001,-64.50867
4114137812.500001,-64.30213
4114138750.000001,-64.53053
4114139687.500001,-64.34966
4114140625.000001,-64.50076
4114141562.500001,-64.53163
4114142500.000001,-64.39534
4114143437.500001,-64.37305
4114144375.000001,-64.27173
4114145312.500001,-64.47085
4114146250.000001,-64.30749
4114147187.500001,-64.11587
4114148125.000001,-64.63694
4114149062.500001,-64.31808
4114150000.000001,-64.4505
4114150937.500001,-64.28098
4114151875.000001,-64.46328
4114152812.500001,-64.69454
4114153750.000001,-64.2683
4114154687.500001,-64.59685
4114155625.000001,-64.47289
4114156562.500001,-64.20461
4114157500.000001,-64.55658
4114158437.500001,-64.49841
4114159375.000001,-64.56354
4114160312.500001,-64.39241
4114161250.000001,-64.27034
4114162187.500001,-64.54532
4114163125.000001,-64.35693
4114164062.500001,-64.07581
4114165000.000001,-64.26261
4114165937.500001,-64.43417
4114166875.000001,-64.41273
4114167812.500001,-64.47945
4114168750.000001,-64.88223
4114169687.500001,-64.67474
4114170625.000001,-64.61359
4114171562.500001,-64.36773
4114172500.000001,-64.62674
4114173437.500001,-64.4766
4114174375.000001,-64.11897
4114175312.500001,-64.31207
4114176250.000001,-64.41735
4114177187.500001,-64.34976
4114178125.000001,-64.13288
4114179062.500001,-64.78696
4114180000.000001,-64.60487
4114180937.500001,-64.44308
4114181875.000001,-64.53563
4114182812.500001,-64.25144
4114183750.000001,-64.50993
4114184687.500001,-64.56745
4114185625.000001,-64.34849
4114186562.500001,-64.28339
4114187500.000001,-64.38116
4114188437.500001,-64.23227
4114189375.000001,-64.21638
4114190312.500001,-64.38055
4114191250.000001,-64.50934
4114192187.500001,-64.44225
4114193125.000001,-64.21146
4114194062.500001,-64.48786
4114195000.000001,-64.35465
4114195937.500001,-64.32499
4114196875.000001,-64.71222
4114197812.500001,-64.54345
4114198750.000001,-64.30937
4114199687.500001,-64.4115
4114200625.000001,-64.50868
4114201562.500001,-64.36897
4114202500.000001,-64.37881
4114203437.500001,-64.404
4114204375.000001,-64.5547
4114205312.500001,-64.38305
4114206250.000001,-64.67489
4114207187.500001,-64.24846
4114208125.000001,-64.2253
4114209062.500001,-64.36672
4114210000.000001,-64.61204
4114210937.500001,-64.13309
4114211875.000001,-64.53658
4114212812.500001,-64.32509
4114213750.000001,-64.4763
4114214687.500001,-64.31241
4114215625.000001,-64.50231
4114216562.500001,-64.34707
4114217500.000001,-64.04517
4114218437.500001,-64.33833
4114219375.000001,-64.60776
4114220312.500001,-64.31188
4114221250.000001,-64.52879
4114222187.500001,-64.16482
4114223125.000001,-64.646
4114224062.500001,-64.50076
4114225000.000001,-64.58823
4114225937.500001,-64.60815
4114226875.000001,-64.61428
4114227812.500001,-64.57964
4114228750.000001,-64.44344
4114229687.500001,-64.46613
4114230625.000001,-64.5871
4114231562.500001,-64.51737
4114232500.000001,-64.41532
4114233437.500001,-64.69978
4114234375.000001,-64.27144
4114235312.500001,-64.5864
4114236250.000001,-64.04187
4114237187.500001,-64.47225
4114238125.000001,-64.50445
4114239062.500001,-64.57446
4114240000.000001,-64.40135
4114240937.500001,-64.45856
4114241875.000001,-64.35497
4114242812.500001,-64.71709
4114243750.000001,-64.34788
4114244687.500001,-64.21915
4114245625.000001,-64.32972
4114246562.500001,-64.30421
4114247500.000001,-64.82868
4114248437.500001,-64.07491
4114249375.000001,-64.42751
4114250312.500001,-64.66085
4114251250.000001,-64.28188
4114252187.500001,-64.39788
4114253125.000001,-64.313
4114254062.500001,-64.07623
4114255000.000001,-64.66541
4114255937.500001,-64.3563
4114256875.000001,-64.4377
4114257812.500001,-64.22581
4114258750.000001,-64.22943
4114259687.500001,-64.76031
4114260625.000001,-64.18989
4114261562.500001,-64.50857
4114262500.000001,-64.70465
4114263437.500001,-64.49426
4114264375.000001,-64.46301
4114265312.500001,-64.50326
4114266250.000001,-64.51167
4114267187.500001,-64.32565
4114268125.000001,-64.16412
4114269062.500001,-64.55473
4114270000.000001,-64.21209
4114270937.500001,-64.33318
4114271875.000001,-64.43199
4114272812.500001,-64.37537
4114273750.000001,-64.60774
4114274687.500001,-64.36419
4114275625.000001,-64.44757
4114276562.500001,-64.30316
4114277500.000001,-64.62004
4114278437.500001,-64.41418
4114279375.000001,-64.18776
4114280312.500001,-64.42585
4114281250.000001,-64.37867
4114282187.500001,-64.23922
4114283125.000001,-64.24754
4114284062.500001,-64.1392
4114285000.000001,-64.3411
4114285937.500001,-64.23009
4114286875.000001,-64.42194
4114287812.500001,-64.55364
4114288750.000001,-64.29826
4114289687.500001,-64.08871
4114290625.000001,-64.53982
4114291562.500001,-64.18111
4114292500.000001,-64.48969
4114293437.500001,-64.43065
4114294375.000001,-64.40833
4114295312.500001,-64.30643
4114296250.000001,-64.40993
4114297187.500001,-64.29424
4114298125.000001,-64.33795
4114299062.500001,-64.17139
4114300000.000001,-64.15326
4114300937.500001,-64.41234
4114301875.000001,-64.32253
4114302812.500001,-64.24241
4114303750.000001,-64.39217
4114304687.500001,-64.23225
4114305625.000001,-64.2112
4114306562.500001,-64.30099
4114307500.000001,-64.18885
4114308437.500001,-64.20695
4114309375.000001,-64.46465
4114310312.500001,-64.51862
4114311250.000001,-64.41737
4114312187.500001,-64.40713
4114313125.000001,-64.02865
4114314062.500001,-64.46854
4114315000.000001,-64.34307
4114315937.500001,-64.15701
4114316875.000001,-64.36132
4114317812.500001,-64.18324
4114318750.000001,-64.67677
4114319687.500001,-64.34061
4114320625.000001,-64.22365
4114321562.500001,-64.29323
4114322500.000001,-64.70156
4114323437.500001,-64.55737
4114324375.000001,-64.63756
4114325312.500001,-64.37074
4114326250.000001,-64.12399
4114327187.500001,-64.41396
4114328125.000001,-64.26968
4114329062.500001,-64.26711
4114330000.000001,-64.25558
4114330937.500001,-64.30373
4114331875.000001,-64.07214
4114332812.500001,-64.27193
4114333750.000001,-64.25903
4114334687.500001,-64.31725
4114335625.000001,-63.85403
4114336562.500001,-64.40751
4114337500.000001,-64.56647
4114338437.500001,-64.40646
4114339375.000001,-64.11191
4114340312.500001,-64.49052
4114341250.000001,-64.1142
4114342187.500001,-64.2951
4114343125.000001,-64.45652
4114344062.500001,-64.26768
4114345000.000001,-64.32859
4114345937.500001,-64.31502
4114346875.000001,-64.3432
4114347812.500001,-64.37435
4114348750.000001,-64.14659
4114349687.500001,-64.2441
4114350625.000001,-64.31695
4114351562.500001,-64.19955
4114352500.000001,-64.26775
4114353437.500001,-64.16481
4114354375.000001,-64.23923
4114355312.500001,-64.50372
4114356250.000001,-64.25348
4114357187.500001,-64.51473
4114358125.000001,-64.25717
4114359062.500001,-64.33272
4114360000.000001,-64.48866
4114360937.500001,-64.24775
4114361875.000001,-64.18322
4114362812.500001,-64.51064
4114363750.000001,-64.21812
4114364687.500001,-64.17123
4114365625.000001,-64.65031
4114366562.500001,-64.25396
4114367500.000001,-64.37009
4114368437.500001,-64.27467
4114369375.000001,-64.17798
4114370312.500001,-64.03872
4114371250.000001,-64.34978
4114372187.500001,-64.2336
4114373125.000001,-64.6698
4114374062.500001,-64.17495
4114375000.000001,-64.39473
4114375937.500001,-64.36148
4114376875.000001,-64.45078
4114377812.500001,-64.3388
4114378750.000001,-64.2925
4114379687.500001,-64.28201
4114380625.000001,-64.27971
4114381562.500001,-64.46929
4114382500.000001,-64.2336
4114383437.500001,-64.15844
4114384375.000001,-64.23063
4114385312.500001,-64.36269
4114386250.000001,-64.15748
4114387187.500001,-64.23829
4114388125.000001,-64.65553
4114389062.500001,-64.68684
4114390000.000001,-64.01553
4114390937.500001,-64.30684
4114391875.000001,-64.38089
4114392812.500001,-64.22548
4114393750.000001,-64.39503
4114394687.500001,-64.55908
4114395625.000001,-64.49596
4114396562.500001,-64.27799
4114397500.000001,-64.52626
4114398437.500001,-64.30589
4114399375.000001,-64.24516
4114400312.500001,-64.50375
4114401250.000001,-64.11301
4114402187.500001,-64.53529
4114403125.000001,-64.27967
4114404062.500001,-64.16605
4114405000.000001,-64.35121
4114405937.500001,-63.92109
4114406875.000001,-64.26237
4114407812.500001,-64.27161
4114408750.000001,-64.13008
4114409687.500001,-64.40541
4114410625.000001,-64.13721
4114411562.500001,-64.12553
4114412500.000001,-64.28589
4114413437.500001,-64.21946
4114414375.000001,-64.10653
4114415312.500001,-64.42082
4114416250.000001,-64.0653
4114417187.500001,-64.60519
4114418125.000001,-64.33679
4114419062.500001,-64.26111
4114420000.000001,-64.30589
4114420937.500001,-64.15431
4114421875.000001,-64.10586
4114422812.500001,-64.3294
4114423750.000001,-64.29534
4114424687.500001,-64.08369
4114425625.000001,-64.22636
4114426562.500001,-63.77157
4114427500.000001,-64.31462
4114428437.500001,-64.20829
4114429375.000001,-64.20113
4114430312.500001,-64.05014
4114431250.000001,-64.24625
4114432187.500001,-64.35741
4114433125.000001,-64.54229
4114434062.500001,-64.17622
4114435000.000001,-64.01704
4114435937.500001,-64.44025
4114436875.000001,-63.99941
4114437812.500001,-64.21429
4114438750.000001,-64.12048
4114439687.500001,-64.07824
4114440625.000001,-64.30208
4114441562.500001,-64.08445
4114442500.000001,-64.41257
4114443437.500001,-64.29249
4114444375.000001,-64.16908
4114445312.500001,-63.94036
4114446250.000001,-64.1519
4114447187.500001,-64.32384
4114448125.000001,-64.49059
4114449062.500001,-64.22973
4114450000.000001,-64.3532
4114450937.500001,-64.25026
4114451875.000001,-64.04768
4114452812.500001,-64.1116
4114453750.000001,-64.05195
4114454687.500001,-64.16052
4114455625.000001,-64.44167
4114456562.500001,-64.17251
4114457500.000001,-64.06387
4114458437.500001,-64.42036
4114459375.000001,-64.2034
4114460312.500001,-64.0999
4114461250.000001,-64.37838
4114462187.500001,-64.31384
4114463125.000001,-64.02998
4114464062.500001,-64.04879
4114465000.000001,-64.3307
4114465937.500001,-64.02109
4114466875.000001,-64.18271
4114467812.500001,-64.01427
4114468750.000001,-64.16997
4114469687.500001,-64.33108
4114470625.000001,-64.08853
4114471562.500001,-64.11105
4114472500.000001,-63.97557
4114473437.500001,-63.99089
4114474375.000001,-64.38718
4114475312.500001,-64.37016
4114476250.000001,-64.14575
4114477187.500001,-64.05688
4114478125.000001,-64.10598
4114479062.500001,-63.85659
4114480000.000001,-63.98346
4114480937.500001,-64.0412
4114481875.000001,-64.12873
4114482812.500001,-64.22591
4114483750.000001,-64.21016
4114484687.500001,-64.00995
4114485625.000001,-64.18228
4114486562.500001,-64.07751
4114487500.000001,-64.19261
4114488437.500001,-64.09003
4114489375.000001,-64.15856
4114490312.500001,-64.33842
4114491250.000001,-64.32365
4114492187.500001,-63.7992
4114493125.000001,-63.81153
4114494062.500001,-64.10444
4114495000.000001,-63.95609
4114495937.500001,-64.17224
4114496875.000001,-64.12222
4114497812.500001,-64.04901
4114498750.000001,-64.04214
4114499687.500001,-64.31378
4114500625.000001,-64.15872
4114501562.500001,-64.19458
4114502500.000001,-63.98597
4114503437.500001,-64.34109
4114504375.000001,-64.34387
4114505312.500001,-64.04398
4114506250.000001,-64.01239
4114507187.500001,-64.40575
4114508125.000001,-64.17677
4114509062.500001,-64.24004
4114510000.000001,-64.2601
4114510937.500001,-64.1501
4114511875.000001,-64.17814
4114512812.500001,-64.16303
4114513750.000001,-64.0668
4114514687.500001,-64.11575
4114515625.000001,-64.19501
4114516562.500001,-64.20568
4114517500.000001,-64.11058
4114518437.500001,-64.05563
4114519375.000001,-63.98708
4114520312.500001,-64.07885
4114521250.000001,-64.09745
4114522187.500001,-64.28608
4114523125.000001,-63.98571
4114524062.500001,-64.07361
4114525000.000001,-64.29646
4114525937.500001,-64.01197
4114526875.000001,-64.15311
4114527812.500001,-64.28406
4114528750.000001,-64.05749
4114529687.500001,-64.06541
4114530625.000001,-64.15115
4114531562.500001,-64.1276
4114532500.000001,-64.13332
4114533437.500001,-64.09523
4114534375.000001,-64.28487
4114535312.500001,-63.88747
4114536250.000001,-64.2484
4114537187.500001,-64.06087
4114538125.000001,-64.21442
4114539062.500001,-64.23455
4114540000.000001,-64.16474
4114540937.500001,-64.03945
4114541875.000001,-64.14467
4114542812.500001,-64.03891
4114543750.000001,-64.24797
4114544687.500001,-63.93152
4114545625.000001,-63.88227
4114546562.500001,-64.11883
4114547500.000001,-64.01377
4114548437.500001,-64.3229
4114549375.000001,-63.98824
4114550312.500001,-63.85938
4114551250.000001,-64.19808
4114552187.500001,-64.27866
4114553125.000001,-64.19061
4114554062.500001,-63.90548
4114555000.000001,-64.22112
4114555937.500001,-64.25618
4114556875.000001,-63.93151
4114557812.500001,-64.20736
4114558750.000001,-64.04761
4114559687.500001,-64.09547
4114560625.000001,-63.75282
4114561562.500001,-64.20537
4114562500.000001,-64.43513
4114563437.500001,-64.12288
4114564375.000001,-64.04552
4114565312.500001,-64.1831
4114566250.000001,-63.99379
4114567187.500001,-63.93062
4114568125.000001,-63.99901
4114569062.500001,-64.07484
4114570000.000001,-64.20251
4114570937.500001,-64.36789
4114571875.000001,-63.86882
4114572812.500001,-63.97835
4114573750.000001,-63.89116
4114574687.500001,-63.93441
4114575625.000001,-64.01975
4114576562.500001,-64.50186
4114577500.000001,-64.06827
4114578437.500001,-64.12451
4114579375.000001,-63.97946
4114580312.500001,-64.04826
4114581250.000001,-63.99276
4114582187.500001,-63.92318
4114583125.000001,-64.10306
4114584062.500001,-64.24594
4114585000.000001,-64.29862
4114585937.500001,-63.93079
4114586875.000001,-63.83789
4114587812.500001,-64.1886
4114588750.000001,-63.86871
4114589687.500001,-63.87394
4114590625.000001,-63.97785
4114591562.500001,-63.88807
4114592500.000001,-64.33656
4114593437.500001,-63.94642
4114594375.000001,-63.98375
4114595312.500001,-64.08759
4114596250.000001,-64.20652
4114597187.500001,-64.09302
4114598125.000001,-63.89822
4114599062.500001,-64.06654
4114600000.000001,-63.92294
4114600937.500001,-63.88018
4114601875.000001,-64.04805
4114602812.500001,-63.92088
4114603750.000001,-64.05366
4114604687.500001,-64.20785
4114605625.000001,-64.23663
4114606562.500001,-63.94886
4114607500.000001,-63.85262
4114608437.500001,-64.02607
4114609375.000001,-64.38693
4114610312.500001,-64.16187
4114611250.000001,-63.91285
4114612187.500001,-63.87896
4114613125.000001,-63.78617
4114614062.500001,-64.12317
4114615000.000001,-64.07082
4114615937.500001,-64.07671
4114616875.000001,-64.16615
4114617812.500001,-64.05315
4114618750.000001,-63.79273
4114619687.500001,-64.21806
4114620625.000001,-64.142
4114621562.500001,-64.10016
4114622500.000001,-63.95184
4114623437.500001,-63.7588
4114624375.000001,-63.90766
4114625312.500001,-63.93345
4114626250.000001,-63.94033
4114627187.500001,-64.11748
4114628125.000001,-64.04739
4114629062.500001,-64.04688
4114630000.000001,-63.84973
4114630937.500001,-63.98149
4114631875.000001,-64.00123
4114632812.500001,-64.14084
4114633750.000001,-64.17814
4114634687.500001,-63.96819
4114635625.000001,-64.00335
4114636562.500001,-64.17439
4114637500.000001,-63.9425
4114638437.500001,-64.21899
4114639375.000001,-64.19239
4114640312.500001,-64.31672
4114641250.000001,-64.28695
4114642187.500001,-64.08204
4114643125.000001,-63.86598
4114644062.500001,-63.76808
4114645000.000001,-63.85736
4114645937.500001,-63.74754
4114646875.000001,-64.01285
4114647812.500001,-63.70874
4114648750.000001,-63.98552
4114649687.500001,-63.96513
4114650625.000001,-64.04786
4114651562.500001,-63.99203
4114652500.000001,-63.98311
4114653437.500001,-64.1703
4114654375.000001,-64.18692
4114655312.500001,-64.07685
4114656250.000001,-63.77212
4114657187.500001,-64.01326
4114658125.000001,-64.1145
4114659062.500001,-63.5593
4114660000.000001,-63.89025
4114660937.500001,-64.04388
4114661875.000001,-64.19043
4114662812.500001,-64.18645
4114663750.000001,-64.1065
4114664687.500001,-64.0346
4114665625.000001,-63.98835
4114666562.500001,-63.96849
4114667500.000001,-64.04224
4114668437.500001,-63.72835
4114669375.000001,-64.07308
4114670312.500001,-64.11424
4114671250.000001,-64.08639
4114672187.500001,-63.67847
4114673125.000001,-64.11414
4114674062.500001,-64.07906
4114675000.000001,-64.17331
4114675937.500001,-63.9544
4114676875.000001,-63.74882
4114677812.500001,-63.9513
4114678750.000001,-63.92544
4114679687.500001,-64.10489
4114680625.000001,-64.11216
4114681562.500001,-64.03191
4114682500.000001,-63.76498
4114683437.500001,-64.07975
4114684375.000001,-64.23911
4114685312.500001,-64.05553
4114686250.000001,-64.07377
4114687187.500001,-63.79576
4114688125.000001,-63.7035
4114689062.500001,-64.08841
4114690000.000001,-64.08135
4114690937.500001,-64.01342
4114691875.000001,-64.12376
4114692812.500001,-64.04484
4114693750.000001,-64.10194
4114694687.500001,-63.81193
4114695625.000001,-63.8412
4114696562.500001,-64.28336
4114697500.000001,-64.07484
4114698437.500001,-64.15632
4114699375.000001,-64.13923
4114700312.500001,-63.98877
4114701250.000001,-64.05559
4114702187.500001,-64.2185
4114703125.000001,-63.93539
4114704062.500001,-63.77364
4114705000.000001,-63.9556
4114705937.500001,-63.92612
4114706875.000001,-63.94888
4114707812.500001,-63.88559
4114708750.000001,-64.08984
4114709687.500001,-63.88575
4114710625.000001,-63.99012
4114711562.500001,-64.13663
4114712500.000001,-64.1137
4114713437.500001,-63.77649
4114714375.000001,-63.79191
4114715312.500001,-63.88686
4114716250.000001,-64.02462
4114717187.500001,-64.00493
4114718125.000001,-63.84402
4114719062.500001,-63.71628
4114720000.000001,-64.01291
4114720937.500001,-63.6004
4114721875.000001,-63.8919
4114722812.500001,-64.16117
4114723750.000001,-63.89563
4114724687.500001,-64.11246
4114725625.000001,-64.06612
4114726562.500001,-63.83692
4114727500.000001,-63.93254
4114728437.500001,-63.95782
4114729375.000001,-64.03712
4114730312.500001,-63.80879
4114731250.000001,-64.02888
4114732187.500001,-63.97697
4114733125.000001,-63.93882
4114734062.500001,-64.00686
4114735000.000001,-64.16006
4114735937.500001,-64.00843
4114736875.000001,-63.87041
4114737812.500001,-63.82233
4114738750.000001,-63.54521
4114739687.500001,-63.73191
4114740625.000001,-63.97358
4114741562.500001,-63.92133
4114742500.000001,-63.70709
4114743437.500001,-63.74255
4114744375.000001,-63.78531
4114745312.500001,-63.84892
4114746250.000001,-63.85677
4114747187.500001,-63.79183
4114748125.000001,-63.94215
4114749062.500001,-63.92348
4114750000.000001,-63.79948
4114750937.500001,-64.00575
4114751875.000001,-63.83158
4114752812.500001,-63.76138
4114753750.000001,-63.77959
4114754687.500001,-63.92587
4114755625.000001,-63.98816
4114756562.500001,-64.235
4114757500.000001,-64.00156
4114758437.500001,-63.7296
4114759375.000001,-64.36413
4114760312.500001,-63.70448
4114761250.000001,-63.95191
4114762187.500001,-64.01192
4114763125.000001,-63.88311
4114764062.500001,-63.76781
4114765000.000001,-64.23761
4114765937.500001,-64.03154
4114766875.000001,-63.94112
4114767812.500001,-63.80686
4114768750.000001,-63.7907
4114769687.500001,-63.89203
4114770625.000001,-64.02036
4114771562.500001,-64.08093
4114772500.000001,-63.62106
4114773437.500001,-63.75278
4114774375.000001,-63.88971
4114775312.500001,-63.91395
4114776250.000001,-64.23818
4114777187.500001,-63.9548
4114778125.000001,-64.04635
4114779062.500001,-63.82928
4114780000.000001,-63.98439
4114780937.500001,-63.98659
4114781875.000001,-64.06428
4114782812.500001,-63.46955
4114783750.000001,-63.9105
4114784687.500001,-63.8754
4114785625.000001,-63.78447
4114786562.500001,-63.97569
4114787500.000001,-64.25497
4114788437.500001,-63.99578
4114789375.000001,-63.91935
4114790312.500001,-63.55797
4114791250.000001,-63.98486
4114792187.500001,-64.05577
4114793125.000001,-63.60572
4114794062.500001,-63.92738
4114795000.000001,-63.75373
4114795937.500001,-63.94426
4114796875.000001,-63.78581
4114797812.500001,-63.67152
4114798750.000001,-64.04278
4114799687.500001,-63.81496
4114800625.000001,-63.88086
4114801562.500001,-63.75452
4114802500.000001,-63.91516
4114803437.500001,-63.90149
4114804375.000001,-64.03752
4114805312.500001,-64.19788
4114806250.000001,-63.53048
4114807187.500001,-63.91818
4114808125.000001,-63.87012
4114809062.500001,-64.05045
4114810000.000001,-63.86703
4114810937.500001,-63.87043
4114811875.000001,-63.76805
4114812812.500001,-64.02467
4114813750.000001,-63.79404
4114814687.500001,-63.92454
4114815625.000001,-63.61874
4114816562.500001,-63.79129
4114817500.000001,-63.99009
4114818437.500001,-63.6368
4114819375.000001,-63.74427
4114820312.500001,-63.71949
4114821250.000001,-64.04569
4114822187.500001,-63.81282
4114823125.000001,-63.89656
4114824062.500001,-63.70702
4114825000.000001,-63.66199
4114825937.500001,-64.06123
4114826875.000001,-63.8454
4114827812.500001,-63.71309
4114828750.000001,-63.67883
4114829687.500001,-63.95401
4114830625.000001,-63.86309
4114831562.500001,-64.06521
4114832500.000001,-63.71741
4114833437.500001,-64.05822
4114834375.000001,-63.84164
4114835312.500001,-63.8293
4114836250.000001,-63.87616
4114837187.500001,-63.93207
4114838125.000001,-64.00876
4114839062.500001,-63.87769
4114840000.000001,-63.83587
4114840937.500001,-63.77741
4114841875.000001,-63.73608
4114842812.500001,-63.76851
4114843750.000001,-63.7979
4114844687.500001,-63.76396
4114845625.000001,-63.96175
4114846562.500001,-63.72084
4114847500.000001,-64.16483
4114848437.500001,-63.92137
4114849375.000001,-63.83767
4114850312.500001,-63.60254
4114851250.000001,-63.69756
4114852187.500001,-63.54065
4114853125.000001,-63.68581
4114854062.500001,-64.02651
4114855000.000001,-63.71127
4114855937.500001,-63.52026
4114856875.000001,-63.80892
4114857812.500001,-63.6417
4114858750.000001,-63.63564
4114859687.500001,-63.69665
4114860625.000001,-63.57373
4114861562.500001,-63.95534
4114862500.000001,-63.94216
4114863437.500001,-63.81229
4114864375.000001,-63.87374
4114865312.500001,-63.76241
4114866250.000001,-64.27175
4114867187.500001,-63.75199
4114868125.000001,-63.59151
4114869062.500001,-63.6643
4114870000.000001,-63.87153
4114870937.500001,-63.6828
4114871875.000001,-63.98713
4114872812.500001,-63.78796
4114873750.000001,-63.54328
4114874687.500001,-63.67345
4114875625.000001,-63.7639
4114876562.500001,-63.71558
4114877500.000001,-63.72479
4114878437.500001,-63.62416
4114879375.000001,-63.74145
4114880312.500001,-63.78376
4114881250.000001,-63.80322
4114882187.500001,-63.79088
4114883125.000001,-63.69697
4114884062.500001,-63.90709
4114885000.000001,-63.67194
4114885937.500001,-63.81404
4114886875.000001,-63.72077
4114887812.500001,-63.98204
4114888750.000001,-63.56767
4114889687.500001,-63.68987
4114890625.000001,-63.57854
4114891562.500001,-63.54693
4114892500.000001,-63.71458
4114893437.500001,-63.91018
4114894375.000001,-63.69519
4114895312.500001,-63.81411
4114896250.000001,-63.75966
4114897187.500001,-63.75287
4114898125.000001,-63.75557
4114899062.500001,-63.76313
4114900000.000001,-63.55482
4114900937.500001,-63.86645
4114901875.000001,-63.70621
4114902812.500001,-63.55267
4114903750.000001,-63.77851
4114904687.500001,-63.43634
4114905625.000001,-63.64376
4114906562.500001,-63.64539
4114907500.000001,-63.528
4114908437.500001,-64.00815
4114909375.000001,-63.94858
4114910312.500001,-63.66304
4114911250.000001,-64.09504
4114912187.500001,-63.92422
4114913125.000001,-63.55584
4114914062.500001,-64.09299
4114915000.000001,-63.9178
4114915937.500001,-63.80301
4114916875.000001,-63.84253
4114917812.500001,-63.63264
4114918750.000001,-63.77949
4114919687.500001,-63.61132
4114920625.000001,-63.56342
4114921562.500001,-63.69176
4114922500.000001,-63.57808
4114923437.500001,-63.49493
4114924375.000001,-63.79232
4114925312.500001,-63.51395
4114926250.000001,-63.55446
4114927187.500001,-63.62177
4114928125.000001,-63.55068
4114929062.500001,-63.7923
4114930000.000001,-64.0133
4114930937.500001,-63.63609
4114931875.000001,-63.93243
4114932812.500001,-63.65419
4114933750.000001,-63.38488
4114934687.500001,-63.4917
4114935625.000001,-63.3917
4114936562.500001,-63.49395
4114937500.000001,-63.64952
4114938437.500001,-63.71118
4114939375.000001,-64.05364
4114940312.500001,-63.76284
4114941250.000001,-63.7093
4114942187.500001,-63.62837
4114943125.000001,-63.57036
4114944062.500001,-63.64391
4114945000.000001,-63.69091
4114945937.500001,-63.77032
4114946875.000001,-63.65683
4114947812.500001,-63.76244
4114948750.000001,-63.65691
4114949687.500001,-63.51104
4114950625.000001,-63.59449
4114951562.500001,-63.85439
4114952500.000001,-63.65359
4114953437.500001,-63.75319
4114954375.000001,-63.72211
4114955312.500001,-63.63518
4114956250.000001,-63.57457
4114957187.500001,-63.83244
4114958125.000001,-63.69929
4114959062.500001,-63.67583
4114960000.000001,-63.81559
4114960937.500001,-63.6732
4114961875.000001,-63.82644
4114962812.500001,-63.66632
4114963750.000001,-63.64325
4114964687.500001,-64.02493
4114965625.000001,-63.66952
4114966562.500001,-63.60532
4114967500.000001,-63.91206
4114968437.500001,-63.62109
4114969375.000001,-63.83474
4114970312.500001,-63.59888
4114971250.000001,-63.73143
4114972187.500001,-63.72463
4114973125.000001,-63.46601
4114974062.500001,-63.88222
4114975000.000001,-63.75892
4114975937.500001,-63.4263
4114976875.000001,-63.75537
4114977812.500001,-63.34149
4114978750.000001,-63.49871
4114979687.500001,-63.72926
4114980625.000001,-63.76643
4114981562.500001,-63.6881
4114982500.000001,-63.55974
4114983437.500001,-63.80619
4114984375.000001,-63.53976
4114985312.500001,-63.74316
4114986250.000001,-63.85521
4114987187.500001,-63.7655
4114988125.000001,-63.68475
4114989062.500001,-63.66003
4114990000.000001,-63.5906
4114990937.500001,-63.79002
4114991875.000001,-63.67223
4114992812.500001,-63.83253
4114993750.000001,-63.92102
4114994687.500001,-63.71674
4114995625.000001,-63.40305
4114996562.500001,-63.71
4114997500.000001,-63.79142
4114998437.500001,-63.59918
4114999375.000001,-63.86657
4115000312.500001,-63.79253
4115001250.000001,-63.40966
4115002187.500001,-63.71199
4115003125.000001,-63.47116
4115004062.500001,-63.47552
4115005000.000001,-64.03842
4115005937.500001,-63.70813
4115006875.000001,-63.87412
4115007812.500001,-63.94746
4115008750.000001,-63.57166
4115009687.500001,-63.78446
4115010625.000001,-63.68473
4115011562.500001,-63.46267
4115012500.000001,-63.55188
4115013437.500001,-63.60706
4115014375.000001,-63.56465
4115015312.500001,-63.65908
4115016250.000001,-63.54911
4115017187.500001,-63.64312
4115018125.000001,-63.43887
4115019062.500001,-63.60079
4115020000.000001,-63.62639
4115020937.500001,-63.79869
4115021875.000001,-63.67609
4115022812.500001,-63.8377
4115023750.000001,-63.42545
4115024687.500001,-63.65749
4115025625.000001,-63.89907
4115026562.500001,-63.59878
4115027500.000001,-63.70228
4115028437.500001,-63.72463
4115029375.000001,-63.38749
4115030312.500001,-63.70109
4115031250.000001,-63.38142
4115032187.500001,-63.45896
4115033125.000001,-63.60305
4115034062.500001,-63.57127
4115035000.000001,-63.67303
4115035937.500001,-63.51978
4115036875.000001,-63.55214
4115037812.500001,-63.51818
4115038750.000001,-63.63611
4115039687.500001,-63.64391
4115040625.000001,-63.74898
4115041562.500001,-63.49707
4115042500.000001,-63.28005
4115043437.500001,-63.63911
4115044375.000001,-63.26471
4115045312.500001,-63.55576
4115046250.000001,-63.57731
4115047187.500001,-63.70087
4115048125.000001,-63.89429
4115049062.500001,-63.81043
4115050000.000001,-63.87365
4115050937.500001,-63.72037
4115051875.000001,-63.80973
4115052812.500001,-63.50074
4115053750.000001,-63.70559
4115054687.500001,-63.61728
4115055625.000001,-63.80463
4115056562.500001,-63.42944
4115057500.000001,-63.54306
4115058437.500001,-63.64889
4115059375.000001,-63.63082
4115060312.500001,-63.4405
4115061250.000001,-63.56874
4115062187.500001,-63.37424
4115063125.000001,-63.48273
4115064062.500001,-63.47353
4115065000.000001,-63.70848
4115065937.500001,-63.81831
4115066875.000001,-63.64093
4115067812.500001,-63.50873
4115068750.000001,-63.31219
4115069687.500001,-63.73834
4115070625.000001,-63.73376
4115071562.500001,-63.5222
4115072500.000001,-63.75719
4115073437.500001,-63.56208
4115074375.000001,-63.57949
4115075312.500001,-63.6558
4115076250.000001,-63.758
4115077187.500001,-63.42069
4115078125.000001,-63.14569
4115079062.500001,-63.47184
4115080000.000001,-63.50377
4115080937.500001,-63.56673
4115081875.000001,-63.65409
4115082812.500001,-63.59983
4115083750.000001,-63.52213
4115084687.500001,-63.67629
4115085625.000001,-63.30108
4115086562.500001,-63.50658
4115087500.000001,-63.51501
4115088437.500001,-63.57096
4115089375.000001,-63.4791
4115090312.500001,-63.72698
4115091250.000001,-63.57581
4115092187.500001,-63.70095
4115093125.000001,-63.48666
4115094062.500001,-63.56123
4115095000.000001,-63.09459
4115095937.500001,-63.30399
4115096875.000001,-63.66113
4115097812.500001,-63.55376
4115098750.000001,-63.37734
4115099687.500001,-63.4841
4115100625.000001,-63.58942
4115101562.500001,-63.39194
4115102500.000001,-63.66146
4115103437.500001,-63.62368
4115104375.000001,-63.31473
4115105312.500001,-63.46283
4115106250.000001,-63.53967
4115107187.500001,-63.38866
4115108125.000001,-63.58024
4115109062.500001,-63.30697
4115110000.000001,-63.48364
4115110937.500001,-63.54279
4115111875.000001,-63.62112
4115112812.500001,-63.80297
4115113750.000001,-63.54108
4115114687.500001,-63.41041
4115115625.000001,-63.54767
4115116562.500001,-63.33689
4115117500.000001,-63.54467
4115118437.500001,-63.49176
4115119375.000001,-63.57065
4115120312.500001,-63.46989
4115121250.000001,-63.42588
4115122187.500001,-63.72475
4115123125.000001,-63.38569
4115124062.500001,-63.51638
4115125000.000001,-63.59938
4115125937.500001,-63.49908
4115126875.000001,-63.69878
4115127812.500001,-63.6338
4115128750.000001,-63.47656
4115129687.500001,-63.24501
4115130625.000001,-63.74113
4115131562.500001,-63.51286
4115132500.000001,-63.51802
4115133437.500001,-63.37484
4115134375.000001,-63.58159
4115135312.500001,-63.46322
4115136250.000001,-63.49878
4115137187.500001,-63.72081
4115138125.000001,-63.54203
4115139062.500001,-63.38826
4115140000.000001,-63.68364
4115140937.500001,-63.28278
4115141875.000001,-63.55507
4115142812.500001,-63.43712
4115143750.000001,-63.24106
4115144687.500001,-63.47813
4115145625.000001,-63.27838
4115146562.500001,-63.45514
4115147500.000001,-63.73618
4115148437.500001,-63.59017
4115149375.000001,-63.4843
4115150312.500001,-63.25109
4115151250.000001,-63.41467
4115152187.500001,-63.53584
4115153125.000001,-63.48705
4115154062.500001,-63.44033
4115155000.000001,-63.54531
4115155937.500001,-63.75773
4115156875.000001,-63.39215
4115157812.500001,-63.74062
4115158750.000001,-63.40905
4115159687.500001,-63.41423
4115160625.000001,-63.47772
4115161562.500001,-63.45124
4115162500.000001,-63.67987
4115163437.500001,-63.38018
4115164375.000001,-63.49286
4115165312.500001,-63.42054
4115166250.000001,-63.44091
4115167187.500001,-63.31404
4115168125.000001,-63.47036
4115169062.500001,-63.53028
4115170000.000001,-63.26127
4115170937.500001,-63.23647
4115171875.000001,-63.50482
4115172812.500001,-63.83685
4115173750.000001,-63.70848
4115174687.500001,-63.64524
4115175625.000001,-63.53036
4115176562.500001,-63.21979
4115177500.000001,-63.3427
4115178437.500001,-63.46041
4115179375.000001,-63.6227
4115180312.500001,-63.37001
4115181250.000001,-63.58136
4115182187.500001,-63.44854
4115183125.000001,-63.42019
4115184062.500001,-63.42004
4115185000.000001,-63.39249
4115185937.500001,-63.58727
4115186875.000001,-63.38967
4115187812.500001,-63.54678
4115188750.000001,-63.2858
4115189687.500001,-63.38972
4115190625.000001,-63.63547
4115191562.500001,-63.35711
4115192500.000001,-63.57389
4115193437.500001,-63.37252
4115194375.000001,-63.25283
4115195312.500001,-63.41142
4115196250.000001,-63.40983
4115197187.500001,-63.44016
4115198125.000001,-63.47459
4115199062.500001,-63.58745
4115200000.000001,-63.48989
4115200937.500001,-63.40201
4115201875.000001,-63.27729
4115202812.500001,-63.3728
4115203750.000001,-63.3351
4115204687.500001,-63.43419
4115205625.000001,-63.53733
4115206562.500001,-63.27038
4115207500.000001,-63.29628
4115208437.500001,-63.43414
4115209375.000001,-63.34528
4115210312.500001,-63.34079
4115211250.000001,-63.37735
4115212187.500001,-63.37141
4115213125.000001,-63.55181
4115214062.500001,-63.37146
4115215000.000001,-63.22943
4115215937.500001,-63.05187
4115216875.000001,-63.55092
4115217812.500001,-63.31975
4115218750.000001,-63.43582
4115219687.500001,-63.72915
4115220625.000001,-63.5497
4115221562.500001,-63.44863
4115222500.000001,-63.2782
4115223437.500001,-63.38882
4115224375.000001,-63.38133
4115225312.500001,-63.43951
4115226250.000001,-63.6305
4115227187.500001,-63.36861
4115228125.000001,-63.60059
4115229062.500001,-63.6079
4115230000.000001,-63.17414
4115230937.500001,-63.33361
4115231875.000001,-63.22897
4115232812.500001,-63.57769
4115233750.000001,-63.51003
4115234687.500001,-63.3246
4115235625.000001,-63.5456
4115236562.500001,-63.74143
4115237500.000001,-63.4174
4115238437.500001,-63.50581
4115239375.000001,-63.12343
4115240312.500001,-63.26213
4115241250.000001,-63.31055
4115242187.500001,-63.51064
4115243125.000001,-63.5388
4115244062.500001,-63.45661
4115245000.000001,-63.25772
4115245937.500001,-63.46098
4115246875.000001,-63.64931
4115247812.500001,-63.46874
4115248750.000001,-63.1567
4115249687.500001,-63.45166
4115250625.000001,-63.4856
4115251562.500001,-63.61787
4115252500.000001,-63.31519
4115253437.500001,-63.45779
4115254375.000001,-63.51254
4115255312.500001,-63.40332
4115256250.000001,-63.50922
4115257187.500001,-63.33289
4115258125.000001,-63.33263
4115259062.500001,-63.36378
4115260000.000001,-63.61885
4115260937.500001,-63.53829
4115261875.000001,-63.67213
4115262812.500001,-63.26151
4115263750.000001,-63.40749
4115264687.500001,-63.3373
4115265625.000001,-63.28734
4115266562.500001,-63.67388
4115267500.000001,-63.47715
4115268437.500001,-63.20129
4115269375.000001,-63.29247
4115270312.500001,-63.42492
4115271250.000001,-63.46833
4115272187.500001,-63.48079
4115273125.000001,-63.16896
4115274062.500001,-63.38938
4115275000.000001,-63.43642
4115275937.500001,-63.29807
4115276875.000001,-63.3903
4115277812.500001,-63.58831
4115278750.000001,-63.29517
4115279687.500001,-63.35644
4115280625.000001,-63.42299
4115281562.500001,-63.36737
4115282500.000001,-63.33019
4115283437.500001,-63.46708
4115284375.000001,-63.41419
4115285312.500001,-63.29942
4115286250.000001,-63.68981
4115287187.500001,-63.43158
4115288125.000001,-63.16621
4115289062.500001,-63.35503
4115290000.000001,-63.40465
4115290937.500001,-63.06664
4115291875.000001,-63.32106
4115292812.500001,-63.29582
4115293750.000001,-63.40758
4115294687.500001,-63.29929
4115295625.000001,-63.17512
4115296562.500001,-63.43195
4115297500.000001,-63.35126
4115298437.500001,-63.28119
4115299375.000001,-63.05046
4115300312.500001,-63.38444
4115301250.000001,-63.42322
4115302187.500001,-63.13709
4115303125.000001,-63.04475
4115304062.500001,-63.23772
4115305000.000001,-63.22583
4115305937.500001,-63.32681
4115306875.000001,-63.47613
4115307812.500001,-62.99762
4115308750.000001,-63.28499
4115309687.500001,-63.34549
4115310625.000001,-63.45501
4115311562.500001,-63.2982
4115312500.000001,-63.23697
4115313437.500001,-62.99697
4115314375.000001,-63.25809
4115315312.500001,-63.23813
4115316250.000001,-63.25259
4115317187.500001,-63.25857
4115318125.000001,-63.20034
4115319062.500001,-63.33266
4115320000.000001,-63.30677
4115320937.500001,-63.23274
4115321875.000001,-63.35364
4115322812.500001,-63.25145
4115323750.000001,-63.45732
4115324687.500001,-63.1279
4115325625.000001,-63.13145
4115326562.500001,-63.56278
4115327500.000001,-63.36434
4115328437.500001,-63.25572
4115329375.000001,-63.53846
4115330312.500001,-63.44078
4115331250.000001,-62.98936
4115332187.500001,-63.28682
4115333125.000001,-63.18756
4115334062.500001,-63.41598
4115335000.000001,-63.17449
4115335937.500001,-63.37365
4115336875.000001,-63.07673
4115337812.500001,-63.28389
4115338750.000001,-63.16693
4115339687.500001,-63.45012
4115340625.000001,-63.18858
4115341562.500001,-63.36861
4115342500.000001,-63.49202
4115343437.500001,-63.34471
4115344375.000001,-63.1558
4115345312.500001,-63.25928
4115346250.000001,-63.37697
4115347187.500001,-63.08806
4115348125.000001,-63.2088
4115349062.500001,-63.35226
4115350000.000001,-63.65894
4115350937.500001,-63.50016
4115351875.000001,-63.22628
4115352812.500001,-63.26885
4115353750.000001,-63.46624
4115354687.500001,-63.48171
4115355625.000001,-63.41215
4115356562.500001,-63.07206
4115357500.000001,-63.15639
4115358437.500001,-63.43307
4115359375.000001,-63.22382
4115360312.500001,-63.15062
4115361250.000001,-63.32398
4115362187.500001,-63.21667
4115363125.000001,-63.38646
4115364062.500001,-63.38388
4115365000.000001,-63.58255
4115365937.500001,-63.1272
4115366875.000001,-63.3194
4115367812.500001,-63.19273
4115368750.000001,-63.18989
4115369687.500001,-63.34583
4115370625.000001,-63.4045
4115371562.500001,-63.32769
4115372500.000001,-63.31081
4115373437.500001,-63.15404
4115374375.000001,-63.33934
4115375312.500001,-63.28599
4115376250.000001,-62.94202
4115377187.500001,-63.37178
4115378125.000001,-63.15766
4115379062.500001,-63.03094
4115380000.000001,-63.3465
4115380937.500001,-63.39246
4115381875.000001,-63.18413
4115382812.500001,-63.22451
4115383750.000001,-63.27891
4115384687.500001,-63.34267
4115385625.000001,-63.13005
4115386562.500001,-63.34713
4115387500.000001,-63.16456
4115388437.500001,-63.33282
4115389375.000001,-63.07663
4115390312.500001,-63.29498
4115391250.000001,-63.42261
4115392187.500001,-63.25263
4115393125.000001,-63.31124
4115394062.500001,-63.20061
4115395000.000001,-63.16235
4115395937.500001,-63.10694
4115396875.000001,-63.35027
4115397812.500001,-62.88628
4115398750.000001,-63.2119
4115399687.500001,-63.3771
4115400625.000001,-63.02691
4115401562.500001,-63.37498
4115402500.000001,-63.22424
4115403437.500001,-63.5581
4115404375.000001,-63.0557
4115405312.500001,-63.19849
4115406250.000001,-63.29782
4115407187.500001,-63.35415
4115408125.000001,-63.15281
4115409062.500001,-63.51546
4115410000.000001,-63.26728
4115410937.500001,-63.62384
4115411875.000001,-63.32574
4115412812.500001,-63.09377
4115413750.000001,-62.98222
4115414687.500001,-63.14199
4115415625.000001,-63.37696
4115416562.500001,-63.19823
4115417500.000001,-63.1093
4115418437.500001,-63.29245
4115419375.000001,-63.11788
4115420312.500001,-63.21475
4115421250.000001,-63.27452
4115422187.500001,-63.1284
4115423125.000001,-63.3281
4115424062.500001,-63.11846
4115425000.000001,-63.09327
4115425937.500001,-63.14528
4115426875.000001,-63.15783
4115427812.500001,-63.25866
4115428750.000001,-63.20967
4115429687.500001,-63.22533
4115430625.000001,-63.37323
4115431562.500001,-63.16728
4115432500.000001,-63.04416
4115433437.500001,-63.32753
4115434375.000001,-63.30484
4115435312.500001,-62.99165
4115436250.000001,-63.09484
4115437187.500001,-63.21006
4115438125.000001,-63.3094
4115439062.500001,-63.15946
4115440000.000001,-63.22145
4115440937.500001,-63.05951
4115441875.000001,-63.32436
4115442812.500001,-63.28772
4115443750.000001,-62.8776
4115444687.500001,-63.28236
4115445625.000001,-63.0947
4115446562.500001,-63.1609
4115447500.000001,-62.88977
4115448437.500001,-63.27607
4115449375.000001,-63.28866
4115450312.500001,-63.40214
4115451250.000001,-63.00211
4115452187.500001,-63.32249
4115453125.000001,-63.07843
4115454062.500001,-63.09484
4115455000.000001,-63.34473
4115455937.500001,-63.25088
4115456875.000001,-63.27711
4115457812.500001,-63.31613
4115458750.000001,-63.24304
4115459687.500001,-63.03416
4115460625.000001,-63.35434
4115461562.500001,-63.28614
4115462500.000001,-62.92443
4115463437.500001,-63.32503
4115464375.000001,-63.40544
4115465312.500001,-63.10307
4115466250.000001,-63.1081
4115467187.500001,-63.38467
4115468125.000001,-63.07908
4115469062.500001,-63.03094
4115470000.000001,-63.06425
4115470937.500001,-63.16616
4115471875.000001,-63.16742
4115472812.500001,-63.19422
4115473750.000001,-63.20358
4115474687.500001,-62.98576
4115475625.000001,-63.11302
4115476562.500001,-63.20519
4115477500.000001,-62.67933
4115478437.500001,-63.11053
4115479375.000001,-63.4779
4115480312.500001,-63.20848
4115481250.000001,-63.12762
4115482187.500001,-62.88855
4115483125.000001,-63.10048
4115484062.500001,-62.86449
4115485000.000001,-63.03119
4115485937.500001,-63.09496
4115486875.000001,-63.03963
4115487812.500001,-63.21931
4115488750.000001,-63.07596
4115489687.500001,-63.32154
4115490625.000001,-62.98129
4115491562.500001,-63.18628
4115492500.000001,-63.10436
4115493437.500001,-63.22998
4115494375.000001,-63.27718
4115495312.500001,-63.0232
4115496250.000001,-62.98252
4115497187.500001,-63.20136
4115498125.000001,-63.11506
4115499062.500001,-63.26407
4115500000.000001,-63.13004
4115500937.500001,-62.85023
4115501875.000001,-63.09352
4115502812.500001,-63.33477
4115503750.000001,-62.95666
4115504687.500001,-62.92031
4115505625.000001,-63.0986
4115506562.500001,-63.0687
4115507500.000001,-62.85975
4115508437.500001,-63.35664
4115509375.000001,-63.07279
4115510312.500001,-63.25098
4115511250.000001,-63.12984
4115512187.500001,-62.9858
4115513125.000001,-63.15737
4115514062.500001,-63.12934
4115515000.000001,-63.51332
4115515937.500001,-63.21936
4115516875.000001,-63.26894
4115517812.500001,-62.90985
4115518750.000001,-63.1431
4115519687.500001,-63.26186
4115520625.000001,-63.22395
4115521562.500001,-63.25774
4115522500.000001,-63.09614
4115523437.500001,-63.15896
4115524375.000001,-63.25465
4115525312.500001,-63.26093
4115526250.000001,-63.09865
4115527187.500001,-63.0978
4115528125.000001,-63.1438
4115529062.500001,-62.88547
4115530000.000001,-63.06989
4115530937.500001,-63.1543
4115531875.000001,-62.97511
4115532812.500001,-62.92089
4115533750.000001,-63.09916
4115534687.500001,-63.11073
4115535625.000001,-63.15652
4115536562.500001,-63.0075
4115537500.000001,-63.16242
4115538437.500001,-62.79773
4115539375.000001,-63.14928
4115540312.500001,-63.28517
4115541250.000001,-63.15273
4115542187.500001,-62.87964
4115543125.000001,-62.96449
4115544062.500001,-63.24024
4115545000.000001,-62.93449
4115545937.500001,-63.10779
4115546875.000001,-63.11182
4115547812.500001,-62.99463
4115548750.000001,-62.86776
4115549687.500001,-63.15226
4115550625.000001,-63.04999
4115551562.500001,-62.97442
4115552500.000001,-63.18382
4115553437.500001,-63.11143
4115554375.000001,-63.31779
4115555312.500001,-63.28325
4115556250.000001,-63.2618
4115557187.500001,-63.28107
4115558125.000001,-62.90715
4115559062.500001,-63.18243
4115560000.000001,-63.08076
4115560937.500001,-63.09246
4115561875.000001,-63.13106
4115562812.500001,-62.91611
4115563750.000001,-63.04298
4115564687.500001,-62.85833
4115565625.000001,-63.01308
4115566562.500001,-62.98029
4115567500.000001,-63.34521
4115568437.500001,-62.92856
4115569375.000001,-63.04018
4115570312.500001,-63.09141
4115571250.000001,-63.16221
4115572187.500001,-63.08214
4115573125.000001,-63.06298
4115574062.500001,-63.14323
4115575000.000001,-63.07852
4115575937.500001,-63.08326
4115576875.000001,-63.00824
4115577812.500001,-62.97788
4115578750.000001,-63.00168
4115579687.500001,-62.96418
4115580625.000001,-62.9094
4115581562.500001,-63.1283
4115582500.000001,-62.82508
4115583437.500001,-62.83886
4115584375.000001,-63.02507
4115585312.500001,-63.27634
4115586250.000001,-63.01909
4115587187.500001,-62.90724
4115588125.000001,-62.92631
4115589062.500001,-63.09965
4115590000.000001,-63.02942
4115590937.500001,-62.96387
4115591875.000001,-63.01157
4115592812.500001,-62.76691
4115593750.000001,-63.09625
4115594687.500001,-62.91779
4115595625.000001,-63.16974
4115596562.500001,-63.12082
4115597500.000001,-62.80486
4115598437.500001,-62.98666
4115599375.000001,-62.88968
4115600312.500001,-62.96466
4115601250.000001,-62.78206
4115602187.500001,-62.74557
4115603125.000001,-62.99537
4115604062.500001,-63.11184
4115605000.000001,-63.15879
4115605937.500001,-63.03727
4115606875.000001,-62.95319
4115607812.500001,-63.21603
4115608750.000001,-63.09787
4115609687.500001,-62.99818
4115610625.000001,-63.06053
4115611562.500001,-63.06039
4115612500.000001,-63.01735
4115613437.500001,-63.20887
4115614375.000001,-63.08651
4115615312.500001,-62.97395
4115616250.000001,-62.92353
4115617187.500001,-62.90609
4115618125.000001,-62.69747
4115619062.500001,-62.6674
4115620000.000001,-62.91677
4115620937.500001,-63.16881
4115621875.000001,-63.09883
4115622812.500001,-63.05118
4115623750.000001,-63.24439
4115624687.500001,-62.83282
4115625625.000001,-62.9997
4115626562.500001,-62.93497
4115627500.000001,-63.15203
4115628437.500001,-63.06586
4115629375.000001,-63.2146
4115630312.500001,-63.16603
4115631250.000001,-62.87725
4115632187.500001,-62.84577
4115633125.000001,-63.08989
4115634062.500001,-63.2136
4115635000.000001,-63.13595
4115635937.500001,-62.94843
4115636875.000001,-62.89708
4115637812.500001,-62.73591
4115638750.000001,-62.95891
4115639687.500001,-62.92303
4115640625.000001,-62.90657
4115641562.500001,-63.00942
4115642500.000001,-63.04906
4115643437.500001,-63.03506
4115644375.000001,-62.8488
4115645312.500001,-63.10347
4115646250.000001,-62.79138
4115647187.500001,-62.97909
4115648125.000001,-62.94141
4115649062.500001,-62.7935
4115650000.000001,-62.96613
4115650937.500001,-62.9126
4115651875.000001,-63.14461
4115652812.500001,-62.76187
4115653750.000001,-62.98738
4115654687.500001,-62.68669
4115655625.000001,-63.0804
4115656562.500001,-62.92144
4115657500.000001,-63.11246
4115658437.500001,-62.85311
4115659375.000001,-63.08549
4115660312.500001,-62.75518
4115661250.000001,-62.8099
4115662187.500001,-63.14327
4115663125.000001,-63.00584
4115664062.500001,-62.80264
4115665000.000001,-62.87093
4115665937.500001,-62.79522
4115666875.000001,-63.1795
4115667812.500001,-63.04648
4115668750.000001,-62.9129
4115669687.500001,-62.67487
4115670625.000001,-62.78989
4115671562.500001,-62.91594
4115672500.000001,-62.87693
4115673437.500001,-63.0252
4115674375.000001,-62.9566
4115675312.500001,-62.72836
4115676250.000001,-63.01437
4115677187.500001,-63.01522
4115678125.000001,-62.91247
4115679062.500001,-63.18635
4115680000.000001,-63.07592
4115680937.500001,-63.0076
4115681875.000001,-62.91712
4115682812.500001,-62.7547
4115683750.000001,-63.12413
4115684687.500001,-62.89632
4115685625.000001,-62.85907
4115686562.500001,-62.82646
4115687500.000001,-63.10458
4115688437.500001,-62.97641
4115689375.000001,-62.71223
4115690312.500001,-63.14407
4115691250.000001,-62.81466
4115692187.500001,-62.7816
4115693125.000001,-62.9622
4115694062.500001,-63.18454
4115695000.000001,-63.14617
4115695937.500001,-63.03001
4115696875.000001,-63.03313
4115697812.500001,-62.82133
4115698750.000001,-62.79572
4115699687.500001,-62.99091
4115700625.000001,-62.66594
4115701562.500001,-63.0284
4115702500.000001,-63.03554
4115703437.500001,-62.95912
4115704375.000001,-62.67054
4115705312.500001,-62.69421
4115706250.000001,-62.80393
4115707187.500001,-62.91356
4115708125.000001,-62.76038
4115709062.500001,-62.82248
4115710000.000001,-62.86329
4115710937.500001,-62.86638
4115711875.000001,-62.95933
4115712812.500001,-62.71991
4115713750.000001,-62.97811
4115714687.500001,-62.90459
4115715625.000001,-62.96629
4115716562.500001,-62.92209
4115717500.000001,-62.65086
4115718437.500001,-62.80206
4115719375.000001,-63.08937
4115720312.500001,-62.84225
4115721250.000001,-62.98283
4115722187.500001,-62.96912
4115723125.000001,-63.06485
4115724062.500001,-62.89324
4115725000.000001,-63.18046
4115725937.500001,-62.78215
4115726875.000001,-62.96757
4115727812.500001,-62.74743
4115728750.000001,-63.03613
4115729687.500001,-62.89559
4115730625.000001,-63.10905
4115731562.500001,-62.91302
4115732500.000001,-63.23068
4115733437.500001,-62.80835
4115734375.000001,-62.84875
4115735312.500001,-62.73279
4115736250.000001,-62.73248
4115737187.500001,-62.87737
4115738125.000001,-62.92315
4115739062.500001,-62.84438
4115740000.000001,-62.91682
4115740937.500001,-62.85264
4115741875.000001,-62.96236
4115742812.500001,-63.01784
4115743750.000001,-62.89238
4115744687.500001,-62.74448
4115745625.000001,-62.81019
4115746562.500001,-62.90022
4115747500.000001,-62.88326
4115748437.500001,-62.89812
4115749375.000001,-62.95927
4115750312.500001,-62.79121
4115751250.000001,-62.65809
4115752187.500001,-63.07056
4115753125.000001,-62.95055
4115754062.500001,-62.96373
4115755000.000001,-62.64428
4115755937.500001,-62.91191
4115756875.000001,-62.93247
4115757812.500001,-63.15746
4115758750.000001,-62.90355
4115759687.500001,-62.65735
4115760625.000001,-62.65748
4115761562.500001,-62.79704
4115762500.000001,-62.89655
4115763437.500001,-63.0489
4115764375.000001,-62.69939
4115765312.500001,-62.70652
4115766250.000001,-62.74882
4115767187.500001,-63.10308
4115768125.000001,-62.87383
4115769062.500001,-62.89228
4115770000.000001,-62.98201
4115770937.500001,-62.84341
4115771875.000001,-62.66314
4115772812.500001,-62.84622
4115773750.000001,-62.72283
4115774687.500001,-63.03291
4115775625.000001,-62.71421
4115776562.500001,-62.62523
4115777500.000001,-62.82995
4115778437.500001,-62.75757
4115779375.000001,-62.58207
4115780312.500001,-62.67844
4115781250.000001,-62.80931
4115782187.500001,-62.93533
4115783125.000001,-62.82098
4115784062.500001,-62.9372
4115785000.000001,-62.76741
4115785937.500001,-62.80261
4115786875.000001,-62.63679
4115787812.500001,-62.79583
4115788750.000001,-62.63583
4115789687.500001,-62.9758
4115790625.000001,-62.5451
4115791562.500001,-62.72655
4115792500.000001,-62.96518
4115793437.500001,-62.54576
4115794375.000001,-62.83314
4115795312.500001,-62.73276
4115796250.000001,-63.06965
4115797187.500001,-62.54404
4115798125.000001,-62.65613
4115799062.500001,-62.79415
4115800000.000001,-62.6543
4115800937.500001,-62.80442
4115801875.000001,-63.0556
4115802812.500001,-62.78055
4115803750.000001,-62.48294
4115804687.500001,-63.03665
4115805625.000001,-62.5772
4115806562.500001,-62.73551
4115807500.000001,-62.89169
4115808437.500001,-62.55674
4115809375.000001,-62.58226
4115810312.500001,-62.75673
4115811250.000001,-62.98501
4115812187.500001,-62.6045
4115813125.000001,-62.71211
4115814062.500001,-62.92563
4115815000.000001,-62.64009
4115815937.500001,-62.67075
4115816875.000001,-62.70212
4115817812.500001,-62.63836
4115818750.000001,-62.8224
4115819687.500001,-62.68801
4115820625.000001,-62.85437
4115821562.500001,-62.71539
4115822500.000001,-62.86943
4115823437.500001,-62.90557
4115824375.000001,-62.70121
4115825312.500001,-62.82297
4115826250.000001,-62.79793
4115827187.500001,-62.48892
4115828125.000001,-63.02427
4115829062.500001,-63.09634
4115830000.000001,-62.76749
4115830937.500001,-62.6829
4115831875.000001,-62.88415
4115832812.500001,-62.89142
4115833750.000001,-62.82145
4115834687.500001,-62.61979
4115835625.000001,-62.80278
4115836562.500001,-62.81757
4115837500.000001,-62.80736
4115838437.500001,-62.91274
4115839375.000001,-62.82588
4115840312.500001,-62.75107
4115841250.000001,-62.68107
4115842187.500001,-62.87827
4115843125.000001,-62.91964
4115844062.500001,-62.99951
4115845000.000001,-62.60685
4115845937.500001,-62.97277
4115846875.000001,-62.82152
4115847812.500001,-63.05785
4115848750.000001,-62.66489
4115849687.500001,-62.6459
4115850625.000001,-62.74301
4115851562.500001,-62.80495
4115852500.000001,-62.62402
4115853437.500001,-62.69204
4115854375.000001,-62.72441
4115855312.500001,-62.67364
4115856250.000001,-62.62399
4115857187.500001,-62.74253
4115858125.000001,-62.70148
4115859062.500001,-62.69936
4115860000.000001,-62.53948
4115860937.500001,-62.68162
4115861875.000001,-62.60698
4115862812.500001,-62.70465
4115863750.000001,-62.87306
4115864687.500001,-62.55996
4115865625.000001,-62.74336
4115866562.500001,-62.71346
4115867500.000001,-62.66234
4115868437.500001,-62.76958
4115869375.000001,-62.67741
4115870312.500001,-62.72153
4115871250.000001,-62.53057
4115872187.500001,-62.82862
4115873125.000001,-62.66129
4115874062.500001,-62.75446
4115875000.000001,-62.53781
4115875937.500001,-62.43111
4115876875.000001,-62.68404
4115877812.500001,-62.8087
4115878750.000001,-62.51912
4115879687.500001,-62.58107
4115880625.000001,-62.5148
4115881562.500001,-62.64877
4115882500.000001,-62.64267
4115883437.500001,-62.40147
4115884375.000001,-63.00486
4115885312.500001,-62.81783
4115886250.000001,-62.75671
4115887187.500001,-62.61274
4115888125.000001,-62.64596
4115889062.500001,-62.59573
4115890000.000001,-62.5561
4115890937.500001,-62.52194
4115891875.000001,-62.70743
4115892812.500001,-62.8963
4115893750.000001,-62.89255
4115894687.500001,-62.55923
4115895625.000001,-62.6155
4115896562.500001,-62.78759
4115897500.000001,-62.77503
4115898437.500001,-62.49857
4115899375.000001,-62.8214
4115900312.500001,-62.64381
4115901250.000001,-62.62141
4115902187.500001,-62.5541
4115903125.000001,-63.08467
4115904062.500001,-62.74699
4115905000.000001,-62.44011
4115905937.500001,-62.66159
4115906875.000001,-62.72057
4115907812.500001,-62.5915
4115908750.000001,-62.68948
4115909687.500001,-62.47276
4115910625.000001,-62.54326
4115911562.500001,-62.55017
4115912500.000001,-62.71074
4115913437.500001,-62.76842
4115914375.000001,-62.45309
4115915312.500001,-62.49743
4115916250.000001,-62.56517
4115917187.500001,-62.84894
4115918125.000001,-62.71098
4115919062.500001,-62.57175
4115920000.000001,-62.76401
4115920937.500001,-62.64357
4115921875.000001,-62.70966
4115922812.500001,-62.53365
4115923750.000001,-62.52356
4115924687.500001,-62.53503
4115925625.000001,-62.76013
4115926562.500001,-62.60542
4115927500.000001,-62.57429
4115928437.500001,-62.56883
4115929375.000001,-62.73237
4115930312.500001,-62.65486
4115931250.000001,-62.55401
4115932187.500001,-62.73566
4115933125.000001,-62.80482
4115934062.500001,-62.38951
4115935000.000001,-62.37636
4115935937.500001,-62.60331
4115936875.000001,-62.71778
4115937812.500001,-62.60907
4115938750.000001,-62.65295
4115939687.500001,-62.52621
4115940625.000001,-62.58358
4115941562.500001,-62.70414
4115942500.000001,-62.69611
4115943437.500001,-62.59083
4115944375.000001,-62.53968
4115945312.500001,-62.43191
4115946250.000001,-62.55224
4115947187.500001,-62.81426
4115948125.000001,-62.91374
4115949062.500001,-62.69255
4115950000.000001,-62.50139
4115950937.500001,-62.42038
4115951875.000001,-62.38568
4115952812.500001,-62.42545
4115953750.000001,-62.61316
4115954687.500001,-62.71636
4115955625.000001,-62.55931
4115956562.500001,-62.72428
4115957500.000001,-62.40793
4115958437.500001,-62.69587
4115959375.000001,-62.6579
4115960312.500001,-62.67796
4115961250.000001,-62.72191
4115962187.500001,-62.61197
4115963125.000001,-62.63512
4115964062.500001,-62.70482
4115965000.000001,-62.26435
4115965937.500001,-62.91512
4115966875.000001,-62.61972
4115967812.500001,-62.48687
4115968750.000001,-62.70238
4115969687.500001,-62.42677
4115970625.000001,-62.37577
4115971562.500001,-62.43669
4115972500.000001,-62.634
4115973437.500001,-62.41004
4115974375.000001,-62.55702
4115975312.500001,-62.51889
4115976250.000001,-62.6296
4115977187.500001,-62.38088
4115978125.000001,-62.75678
4115979062.500001,-62.58017
4115980000.000001,-62.67213
4115980937.500001,-62.7161
4115981875.000001,-62.54263
4115982812.500001,-62.72459
4115983750.000001,-62.47025
4115984687.500001,-62.42918
4115985625.000001,-62.78384
4115986562.500001,-62.56488
4115987500.000001,-62.60469
4115988437.500001,-62.58304
4115989375.000001,-62.6443
4115990312.500001,-62.68075
4115991250.000001,-62.48338
4115992187.500001,-62.45157
4115993125.000001,-62.58108
4115994062.500001,-62.6491
4115995000.000001,-62.33907
4115995937.500001,-62.62137
4115996875.000001,-62.69223
4115997812.500001,-62.59346
4115998750.000001,-62.84841
4115999687.500001,-62.55201
4116000625.000001,-62.39612
4116001562.500001,-62.45809
4116002500.000001,-62.34074
4116003437.500001,-62.47471
4116004375.000001,-62.61992
4116005312.500001,-62.36551
4116006250.000001,-62.656
4116007187.500001,-62.53788
4116008125.000001,-62.4996
4116009062.500001,-62.51488
4116010000.000001,-62.70988
4116010937.500001,-62.53806
4116011875.000001,-62.73617
4116012812.500001,-62.40248
4116013750.000001,-62.42505
4116014687.500001,-62.49788
4116015625.000001,-62.85852
4116016562.500001,-62.50786
4116017500.000001,-62.57491
4116018437.500001,-62.39293
4116019375.000001,-62.51024
4116020312.500001,-62.31844
4116021250.000001,-62.67315
4116022187.500001,-62.40821
4116023125.000001,-62.44263
4116024062.500001,-62.4684
4116025000.000001,-62.3682
4116025937.500001,-62.52303
4116026875.000001,-62.41172
4116027812.500001,-62.62883
4116028750.000001,-62.67241
4116029687.500001,-62.92328
4116030625.000001,-62.55291
4116031562.500001,-62.38159
4116032500.000001,-62.48549
4116033437.500001,-62.49963
4116034375.000001,-62.38308
4116035312.500001,-62.52881
4116036250.000001,-62.3385
4116037187.500001,-62.46938
4116038125.000001,-62.36432
4116039062.500001,-62.52711
4116040000.000001,-62.37932
4116040937.500001,-62.55537
4116041875.000001,-62.51849
4116042812.500001,-62.62384
4116043750.000001,-62.25866
4116044687.500001,-62.53005
4116045625.000001,-62.6616
4116046562.500001,-62.60091
4116047500.000001,-62.45189
4116048437.500001,-62.53197
4116049375.000001,-62.45242
4116050312.500001,-62.47306
4116051250.000001,-62.35798
4116052187.500001,-62.70061
4116053125.000001,-62.40428
4116054062.500001,-62.46771
4116055000.000001,-62.25841
4116055937.500001,-62.29969
4116056875.000001,-62.56233
4116057812.500001,-62.59118
4116058750.000001,-62.26799
4116059687.500001,-62.4589
4116060625.000001,-62.46212
4116061562.500001,-62.33246
4116062500.000001,-62.57326
4116063437.500001,-62.77395
4116064375.000001,-62.29572
4116065312.500001,-62.41646
4116066250.000001,-62.27838
4116067187.500001,-62.46041
4116068125.000001,-62.45299
4116069062.500001,-62.86861
4116070000.000001,-62.48605
4116070937.500001,-62.51587
4116071875.000001,-62.32502
4116072812.500001,-62.44886
4116073750.000001,-62.49878
4116074687.500001,-62.5877
4116075625.000001,-62.48875
4116076562.500001,-62.40916
4116077500.000001,-62.37066
4116078437.500001,-62.54134
4116079375.000001,-62.58664
4116080312.500001,-62.44239
4116081250.000001,-62.44366
4116082187.500001,-62.77424
4116083125.000001,-62.60229
4116084062.500001,-62.65201
4116085000.000001,-62.36406
4116085937.500001,-62.4366
4116086875.000001,-62.48929
4116087812.500001,-62.33212
4116088750.000001,-62.53359
4116089687.500001,-62.92486
4116090625.000001,-62.4632
4116091562.500001,-62.24886
4116092500.000001,-62.40739
4116093437.500001,-62.52642
4116094375.000001,-62.29698
4116095312.500001,-62.51717
4116096250.000001,-62.42301
4116097187.500001,-62.54382
4116098125.000001,-62.46484
4116099062.500001,-62.40204
4116100000.000001,-62.65918
4116100937.500001,-62.64964
4116101875.000001,-62.62386
4116102812.500001,-62.51974
4116103750.000001,-62.47411
4116104687.500001,-62.18006
4116105625.000001,-62.65179
4116106562.500001,-62.4572
4116107500.000001,-62.41029
4116108437.500001,-62.29245
4116109375.000001,-62.51416
4116110312.500001,-62.42497
4116111250.000001,-62.4687
4116112187.500001,-62.47469
4116113125.000001,-62.51924
4116114062.500001,-62.31899
4116115000.000001,-62.17358
4116115937.500001,-62.19086
4116116875.000001,-62.36963
4116117812.500001,-62.35618
4116118750.000001,-62.25399
4116119687.500001,-62.34818
4116120625.000001,-62.51716
4116121562.500001,-62.36201
4116122500.000001,-62.57272
4116123437.500001,-62.40726
4116124375.000001,-62.45553
4116125312.500001,-62.29415
4116126250.000001,-62.41774
4116127187.500001,-62.55768
4116128125.000001,-62.35085
4116129062.500001,-62.41778
4116130000.000001,-62.55943
4116130937.500001,-62.21712
4116131875.000001,-62.49782
4116132812.500001,-62.60017
4116133750.000001,-62.47514
4116134687.500001,-62.16961
4116135625.000001,-62.16578
4116136562.500001,-62.34286
4116137500.000001,-62.39708
4116138437.500001,-62.3826
4116139375.000001,-62.43306
4116140312.500001,-62.37111
4116141250.000001,-62.45573
4116142187.500001,-62.48608
4116143125.000001,-62.4356
4116144062.500001,-62.41643
4116145000.000001,-62.48758
4116145937.500001,-62.2714
4116146875.000001,-62.67538
4116147812.500001,-62.34649
4116148750.000001,-62.63367
4116149687.500001,-62.2621
4116150625.000001,-62.23369
4116151562.500001,-62.39129
4116152500.000001,-62.37799
4116153437.500001,-62.23279
4116154375.000001,-62.60723
4116155312.500001,-62.45214
4116156250.000001,-62.39724
4116157187.500001,-62.3897
4116158125.000001,-62.30315
4116159062.500001,-62.5555
4116160000.000001,-62.51601
4116160937.500001,-62.35147
4116161875.000001,-62.26947
4116162812.500001,-62.5415
4116163750.000001,-62.21241
4116164687.500001,-62.38278
4116165625.000001,-62.31114
4116166562.500001,-62.31863
4116167500.000001,-62.36216
4116168437.500001,-62.40834
4116169375.000001,-62.3357
4116170312.500001,-62.24955
4116171250.000001,-62.32369
4116172187.500001,-62.24777
4116173125.000001,-62.37497
4116174062.500001,-62.29937
4116175000.000001,-62.25652
4116175937.500001,-62.30879
4116176875.000001,-62.28234
4116177812.500001,-62.41018
4116178750.000001,-62.21852
4116179687.500001,-62.29297
4116180625.000001,-62.34021
4116181562.500001,-62.47369
4116182500.000001,-62.27346
4116183437.500001,-62.38778
4116184375.000001,-62.28572
4116185312.500001,-62.22003
4116186250.000001,-62.39769
4116187187.500001,-62.49016
4116188125.000001,-62.53847
4116189062.500001,-62.44191
4116190000.000001,-62.34448
4116190937.500001,-62.28374
4116191875.000001,-62.43125
4116192812.500001,-62.30037
4116193750.000001,-62.73473
4116194687.500001,-62.37775
4116195625.000001,-62.34969
4116196562.500001,-62.40916
4116197500.000001,-62.52803
4116198437.500001,-62.28733
4116199375.000001,-62.17721
4116200312.500001,-62.31806
4116201250.000001,-62.37738
4116202187.500001,-62.36562
4116203125.000001,-62.29401
4116204062.500001,-62.14038
4116205000.000001,-62.45365
4116205937.500001,-62.02286
4116206875.000001,-62.12689
4116207812.500001,-62.23614
4116208750.000001,-62.09697
4116209687.500001,-62.13434
4116210625.000001,-62.35192
4116211562.500001,-62.15647
4116212500.000001,-62.18998
4116213437.500001,-62.26191
4116214375.000001,-62.09474
4116215312.500001,-62.36827
4116216250.000001,-62.20972
4116217187.500001,-62.45253
4116218125.000001,-62.23924
4116219062.500001,-62.46231
4116220000.000001,-62.26172
4116220937.500001,-62.30888
4116221875.000001,-62.29006
4116222812.500001,-62.31872
4116223750.000001,-62.56586
4116224687.500001,-62.11119
4116225625.000001,-62.26559
4116226562.500001,-62.15371
4116227500.000001,-62.28452
4116228437.500001,-62.4258
4116229375.000001,-62.59072
4116230312.500001,-62.21264
4116231250.000001,-62.2283
4116232187.500001,-62.38513
4116233125.000001,-62.13544
4116234062.500001,-62.21972
4116235000.000001,-62.27781
4116235937.500001,-62.14405
4116236875.000001,-62.42539
4116237812.500001,-62.35381
4116238750.000001,-62.33124
4116239687.500001,-62.05935
4116240625.000001,-62.21005
4116241562.500001,-62.17325
4116242500.000001,-62.22045
4116243437.500001,-61.94687
4116244375.000001,-62.40149
4116245312.500001,-62.47154
4116246250.000001,-62.36119
4116247187.500001,-62.07995
4116248125.000001,-62.27129
4116249062.500001,-62.33345
4116250000.000001,-62.33694
4116250937.500001,-62.2293
4116251875.000001,-62.18505
4116252812.500001,-62.14719
4116253750.000001,-62.06078
4116254687.500001,-62.20978
4116255625.000001,-62.24514
4116256562.500001,-62.42191
4116257500.000001,-62.21803
4116258437.500001,-62.28744
4116259375.000001,-62.19017
4116260312.500001,-62.46577
4116261250.000001,-62.02625
4116262187.500001,-62.35414
4116263125.000001,-62.16756
4116264062.500001,-62.4393
4116265000.000001,-62.23124
4116265937.500001,-62.45928
4116266875.000001,-62.2195
4116267812.500001,-62.35215
4116268750.000001,-62.03981
4116269687.500001,-61.99774
4116270625.000001,-62.31747
4116271562.500001,-61.98426
4116272500.000001,-62.03942
4116273437.500001,-62.22635
4116274375.000001,-62.16809
4116275312.500001,-62.11678
4116276250.000001,-61.92731
4116277187.500001,-62.25742
4116278125.000001,-62.00763
4116279062.500001,-62.09254
4116280000.000001,-62.13115
4116280937.500001,-62.19743
4116281875.000001,-62.29991
4116282812.500001,-62.32043
4116283750.000001,-62.29389
4116284687.500001,-62.19399
4116285625.000001,-62.07474
4116286562.500001,-62.43145
4116287500.000001,-62.18787
4116288437.500001,-62.17362
4116289375.000001,-62.21371
4116290312.500001,-62.12479
4116291250.000001,-62.17089
4116292187.500001,-62.23407
4116293125.000001,-62.09274
4116294062.500001,-62.30647
4116295000.000001,-62.37245
4116295937.500001,-62.13036
4116296875.000001,-62.16542
4116297812.500001,-62.21179
4116298750.000001,-62.2301
4116299687.500001,-62.2901
4116300625.000001,-62.25457
4116301562.500001,-62.38228
4116302500.000001,-62.14082
4116303437.500001,-62.23817
4116304375.000001,-62.06323
4116305312.500001,-62.35698
4116306250.000001,-62.15245
4116307187.500001,-62.32875
4116308125.000001,-62.2178
4116309062.500001,-62.22467
4116310000.000001,-62.1478
4116310937.500001,-61.97413
4116311875.000001,-62.14542
4116312812.500001,-62.28827
4116313750.000001,-62.34456
4116314687.500001,-62.2031
4116315625.000001,-62.09868
4116316562.500001,-62.06013
4116317500.000001,-62.17419
4116318437.500001,-62.33648
4116319375.000001,-62.19762
4116320312.500001,-62.2297
4116321250.000001,-61.89018
4116322187.500001,-62.32658
4116323125.000001,-62.3272
4116324062.500001,-62.18046
4116325000.000001,-62.06635
4116325937.500001,-62.20314
4116326875.000001,-62.42115
4116327812.500001,-62.20615
4116328750.000001,-62.16309
4116329687.500001,-62.04554
4116330625.000001,-62.20422
4116331562.500001,-62.31517
4116332500.000001,-62.1174
4116333437.500001,-62.07387
4116334375.000001,-62.17014
4116335312.500001,-62.1695
4116336250.000001,-61.94051
4116337187.500001,-62.14972
4116338125.000001,-61.95985
4116339062.500001,-62.26104
4116340000.000001,-61.79808
4116340937.500001,-62.15162
4116341875.000001,-62.27556
4116342812.500001,-62.36654
4116343750.000001,-62.09441
4116344687.500001,-61.89655
4116345625.000001,-62.01682
4116346562.500001,-62.13532
4116347500.000001,-62.12178
4116348437.500001,-62.27815
4116349375.000001,-62.04778
4116350312.500001,-62.42113
4116351250.000001,-62.3354
4116352187.500001,-61.95766
4116353125.000001,-62.05123
4116354062.500001,-62.07334
4116355000.000001,-62.2029
4116355937.500001,-62.03836
4116356875.000001,-62.01467
4116357812.500001,-62.35732
4116358750.000001,-62.09405
4116359687.500001,-62.4733
4116360625.000001,-62.12314
4116361562.500001,-62.10403
4116362500.000001,-62.25673
4116363437.500001,-62.12115
4116364375.000001,-62.11972
4116365312.500001,-62.17131
4116366250.000001,-62.27716
4116367187.500001,-62.03099
4116368125.000001,-62.15412
4116369062.500001,-61.94574
4116370000.000001,-62.21479
4116370937.500001,-62.11486
4116371875.000001,-62.11726
4116372812.500001,-61.93654
4116373750.000001,-61.95457
4116374687.500001,-61.95992
4116375625.000001,-62.17798
4116376562.500001,-62.25311
4116377500.000001,-62.19996
4116378437.500001,-62.17504
4116379375.000001,-62.04225
4116380312.500001,-62.02958
4116381250.000001,-61.99778
4116382187.500001,-62.30019
4116383125.000001,-62.17114
4116384062.500001,-61.92986
4116385000.000001,-61.8305
4116385937.500001,-62.04351
4116386875.000001,-62.10048
4116387812.500001,-61.71572
4116388750.000001,-62.02592
4116389687.500001,-62.1196
4116390625.000001,-62.29576
4116391562.500001,-62.11066
4116392500.000001,-61.99051
4116393437.500001,-62.06831
4116394375.000001,-62.09962
4116395312.500001,-62.01401
4116396250.000001,-61.82387
4116397187.500001,-62.02459
4116398125.000001,-61.90931
4116399062.500001,-62.02217
4116400000.000001,-62.03109
4116400937.500001,-62.17199
4116401875.000001,-62.16268
4116402812.500001,-62.07667
4116403750.000001,-62.1082
4116404687.500001,-61.83803
4116405625.000001,-62.06025
4116406562.500001,-61.94575
4116407500.000001,-62.1533
4116408437.500001,-62.10001
4116409375.000001,-61.89289
4116410312.500001,-62.16557
4116411250.000001,-62.01927
4116412187.500001,-62.04984
4116413125.000001,-62.30465
4116414062.500001,-62.1639
4116415000.000001,-62.01845
4116415937.500001,-62.02799
4116416875.000001,-62.04607
4116417812.500001,-61.92943
4116418750.000001,-61.95661
4116419687.500001,-61.96626
4116420625.000001,-62.05982
4116421562.500001,-61.89075
4116422500.000001,-62.11295
4116423437.500001,-62.14939
4116424375.000001,-62.09222
4116425312.500001,-61.8384
4116426250.000001,-62.0775
4116427187.500001,-62.08471
4116428125.000001,-62.06617
4116429062.500001,-61.95154
4116430000.000001,-62.08973
4116430937.500001,-61.97677
4116431875.000001,-61.93582
4116432812.500001,-61.89513
4116433750.000001,-61.90174
4116434687.500001,-62.17243
4116435625.000001,-62.14939
4116436562.500001,-62.05462
4116437500.000001,-62.09381
4116438437.500001,-62.17814
4116439375.000001,-62.23887
4116440312.500001,-61.91306
4116441250.000001,-62.06657
4116442187.500001,-61.96948
4116443125.000001,-62.26829
4116444062.500001,-62.06597
4116445000.000001,-62.0409
4116445937.500001,-62.07018
4116446875.000001,-61.78772
4116447812.500001,-61.87717
4116448750.000001,-61.82359
4116449687.500001,-62.00844
4116450625.000001,-62.16091
4116451562.500001,-61.888
4116452500.000001,-62.10027
4116453437.500001,-62.23499
4116454375.000001,-62.04002
4116455312.500001,-61.9551
4116456250.000001,-62.02506
4116457187.500001,-61.89774
4116458125.000001,-61.7341
4116459062.500001,-62.02572
4116460000.000001,-61.74384
4116460937.500001,-62.1275
4116461875.000001,-62.03517
4116462812.500001,-61.98777
4116463750.000001,-62.05601
4116464687.500001,-61.96128
4116465625.000001,-61.91941
4116466562.500001,-62.16101
4116467500.000001,-61.7188
4116468437.500001,-62.06246
4116469375.000001,-62.0695
4116470312.500001,-62.06199
4116471250.000001,-61.8012
4116472187.500001,-61.91306
4116473125.000001,-62.0178
4116474062.500001,-61.89928
4116475000.000001,-62.01464
4116475937.500001,-61.69431
4116476875.000001,-61.9376
4116477812.500001,-61.96637
4116478750.000001,-62.05201
4116479687.500001,-61.83102
4116480625.000001,-62.0975
4116481562.500001,-61.96611
4116482500.000001,-61.78379
4116483437.500001,-62.01698
4116484375.000001,-61.96629
4116485312.500001,-61.86651
4116486250.000001,-62.06363
4116487187.500001,-62.11353
4116488125.000001,-62.23714
4116489062.500001,-61.88785
4116490000.000001,-61.95304
4116490937.500001,-61.96878
4116491875.000001,-61.84992
4116492812.500001,-62.11097
4116493750.000001,-61.81226
4116494687.500001,-62.04185
4116495625.000001,-61.94404
4116496562.500001,-62.04266
4116497500.000001,-61.94368
4116498437.500001,-61.84535
4116499375.000001,-61.79192
4116500312.500001,-62.08831
4116501250.000001,-61.73626
4116502187.500001,-61.94072
4116503125.000001,-61.88093
4116504062.500001,-62.14105
4116505000.000001,-61.90599
4116505937.500001,-61.8884
4116506875.000001,-61.84948
4116507812.500001,-62.02369
4116508750.000001,-62.05895
4116509687.500001,-61.85681
4116510625.000001,-61.97449
4116511562.500001,-61.97454
4116512500.000001,-62.06143
4116513437.500001,-61.96996
4116514375.000001,-61.87303
4116515312.500001,-61.73347
4116516250.000001,-62.03513
4116517187.500001,-62.01041
4116518125.000001,-61.95114
4116519062.500001,-61.89467
4116520000.000001,-61.76712
4116520937.500001,-61.90524
4116521875.000001,-61.79056
4116522812.500001,-61.62152
4116523750.000001,-61.68666
4116524687.500001,-61.95591
4116525625.000001,-61.58537
4116526562.500001,-61.96761
4116527500.000001,-61.85825
4116528437.500001,-61.68312
4116529375.000001,-61.92628
4116530312.500001,-61.77116
4116531250.000001,-62.10774
4116532187.500001,-62.21176
4116533125.000001,-61.83348
4116534062.500001,-62.11268
4116535000.000001,-61.78252
4116535937.500001,-61.9665
4116536875.000001,-62.02033
4116537812.500001,-61.73726
4116538750.000001,-62.03325
4116539687.500001,-61.68176
4116540625.000001,-61.94337
4116541562.500001,-62.04133
4116542500.000001,-61.89429
4116543437.500001,-61.75287
4116544375.000001,-62.1179
4116545312.500001,-61.73537
4116546250.000001,-61.90554
4116547187.500001,-61.91766
4116548125.000001,-61.82946
4116549062.500001,-61.84938
4116550000.000001,-61.87712
4116550937.500001,-61.80742
4116551875.000001,-61.76822
4116552812.500001,-61.86022
4116553750.000001,-61.83468
4116554687.500001,-61.86339
4116555625.000001,-61.62161
4116556562.500001,-61.95593
4116557500.000001,-61.88687
4116558437.500001,-61.91979
4116559375.000001,-61.92046
4116560312.500001,-61.93037
4116561250.000001,-61.69132
4116562187.500001,-62.00368
4116563125.000001,-61.81428
4116564062.500001,-61.92865
4116565000.000001,-61.83651
4116565937.500001,-61.76207
4116566875.000001,-62.12069
4116567812.500001,-61.81831
4116568750.000001,-61.78935
4116569687.500001,-62.0088
4116570625.000001,-61.82045
4116571562.500001,-61.87115
4116572500.000001,-61.71074
4116573437.500001,-61.85281
4116574375.000001,-61.8502
4116575312.500001,-61.6725
4116576250.000001,-61.83622
4116577187.500001,-62.01259
4116578125.000001,-61.62828
4116579062.500001,-61.95189
4116580000.000001,-61.96857
4116580937.500001,-61.96268
4116581875.000001,-61.72553
4116582812.500001,-61.70645
4116583750.000001,-61.71772
4116584687.500001,-61.84893
4116585625.000001,-61.79458
4116586562.500001,-61.8446
4116587500.000001,-61.96682
4116588437.500001,-61.83671
4116589375.000001,-62.00217
4116590312.500001,-61.92974
4116591250.000001,-61.75182
4116592187.500001,-61.79863
4116593125.000001,-61.79464
4116594062.500001,-61.90651
4116595000.000001,-62.09322
4116595937.500001,-61.83035
4116596875.000001,-61.89637
4116597812.500001,-61.69338
4116598750.000001,-61.91323
4116599687.500001,-61.70399
4116600625.000001,-61.96564
4116601562.500001,-61.77549
4116602500.000001,-61.61209
4116603437.500001,-61.7472
4116604375.000001,-61.72229
4116605312.500001,-61.62857
4116606250.000001,-61.86302
4116607187.500001,-61.78761
4116608125.000001,-61.84558
4116609062.500001,-61.89841
4116610000.000001,-61.66795
4116610937.500001,-61.97707
4116611875.000001,-61.85274
4116612812.500001,-61.90384
4116613750.000001,-61.89059
4116614687.500001,-61.85115
4116615625.000001,-61.7336
4116616562.500001,-61.72343
4116617500.000001,-61.95972
4116618437.500001,-61.6924
4116619375.000001,-61.72263
4116620312.500001,-61.82569
4116621250.000001,-61.70364
4116622187.500001,-61.66913
4116623125.000001,-61.75386
4116624062.500001,-61.69221
4116625000.000001,-62.00867
4116625937.500001,-61.72229
4116626875.000001,-61.84761
4116627812.500001,-61.88401
4116628750.000001,-61.68887
4116629687.500001,-61.85218
4116630625.000001,-61.59692
4116631562.500001,-61.85143
4116632500.000001,-61.78011
4116633437.500001,-61.72847
4116634375.000001,-61.67023
4116635312.500001,-61.84156
4116636250.000001,-61.77501
4116637187.500001,-61.52917
4116638125.000001,-61.99065
4116639062.500001,-62.01516
4116640000.000001,-61.79103
4116640937.500001,-61.75331
4116641875.000001,-61.78761
4116642812.500001,-61.58639
4116643750.000001,-61.98439
4116644687.500001,-61.6832
4116645625.000001,-61.57325
4116646562.500001,-61.64339
4116647500.000001,-61.75616
4116648437.500001,-61.79702
4116649375.000001,-61.54676
4116650312.500001,-61.55485
4116651250.000001,-61.87821
4116652187.500001,-61.52143
4116653125.000001,-61.68502
4116654062.500001,-61.93851
4116655000.000001,-61.80096
4116655937.500001,-61.74147
4116656875.000001,-61.83142
4116657812.500001,-61.67622
4116658750.000001,-61.68148
4116659687.500001,-61.74909
4116660625.000001,-61.81312
4116661562.500001,-61.56813
4116662500.000001,-61.64693
4116663437.500001,-61.63292
4116664375.000001,-61.67878
4116665312.500001,-61.79188
4116666250.000001,-61.61297
4116667187.500001,-61.48748
4116668125.000001,-61.61213
4116669062.500001,-61.70343
4116670000.000001,-61.75415
4116670937.500001,-61.59728
4116671875.000001,-61.66358
4116672812.500001,-61.6915
4116673750.000001,-61.73496
4116674687.500001,-61.59533
4116675625.000001,-61.75388
4116676562.500001,-61.74375
4116677500.000001,-61.64552
4116678437.500001,-61.68822
4116679375.000001,-61.67153
4116680312.500001,-61.77164
4116681250.000001,-61.70443
4116682187.500001,-61.75229
4116683125.000001,-61.63449
4116684062.500001,-61.60079
4116685000.000001,-61.66252
4116685937.500001,-61.71159
4116686875.000001,-61.70856
4116687812.500001,-61.59332
4116688750.000001,-61.78333
4116689687.500001,-61.65496
4116690625.000001,-61.6325
4116691562.500001,-61.72037
4116692500.000001,-61.65029
4116693437.500001,-61.60919
4116694375.000001,-61.69885
4116695312.500001,-61.84944
4116696250.000001,-61.67316
4116697187.500001,-61.59475
4116698125.000001,-61.7187
4116699062.500001,-61.36229
4116700000.000001,-61.89339
4116700937.500001,-61.68022
4116701875.000001,-61.84134
4116702812.500001,-61.55494
4116703750.000001,-61.62701
4116704687.500001,-61.61428
4116705625.000001,-61.71418
4116706562.500001,-61.97654
4116707500.000001,-61.48524
4116708437.500001,-61.61836
4116709375.000001,-61.85426
4116710312.500001,-61.60248
4116711250.000001,-61.73927
4116712187.500001,-61.84172
4116713125.000001,-61.4988
4116714062.500001,-61.65863
4116715000.000001,-61.70105
4116715937.500001,-61.6385
4116716875.000001,-61.5991
4116717812.500001,-61.84364
4116718750.000001,-61.55443
4116719687.500001,-61.83747
4116720625.000001,-61.62742
4116721562.500001,-61.71223
4116722500.000001,-61.70483
4116723437.500001,-61.61626
4116724375.000001,-61.84429
4116725312.500001,-61.5197
4116726250.000001,-61.70316
4116727187.500001,-61.4937
4116728125.000001,-61.68952
4116729062.500001,-61.70551
4116730000.000001,-61.62162
4116730937.500001,-61.56279
4116731875.000001,-61.6708
4116732812.500001,-61.54524
4116733750.000001,-61.64675
4116734687.500001,-61.65766
4116735625.000001,-61.76705
4116736562.500001,-61.51154
4116737500.000001,-61.45467
4116738437.500001,-61.79479
4116739375.000001,-61.71436
4116740312.500001,-61.72181
4116741250.000001,-61.58394
4116742187.500001,-61.5044
4116743125.000001,-61.78447
4116744062.500001,-61.68041
4116745000.000001,-61.74553
4116745937.500001,-61.54153
4116746875.000001,-61.8828
4116747812.500001,-61.71688
4116748750.000001,-61.55104
4116749687.500001,-61.47352
4116750625.000001,-61.6354
4116751562.500001,-61.64136
4116752500.000001,-61.68612
4116753437.500001,-61.5057
4116754375.000001,-61.65445
4116755312.500001,-61.71878
4116756250.000001,-61.53572
4116757187.500001,-61.6154
4116758125.000001,-61.6663
4116759062.500001,-61.4893
4116760000.000001,-61.55458
4116760937.500001,-61.562
4116761875.000001,-61.4665
4116762812.500001,-61.54753
4116763750.000001,-61.63552
4116764687.500001,-61.61781
4116765625.000001,-61.72293
4116766562.500001,-61.47123
4116767500.000001,-61.29034
4116768437.500001,-61.49358
4116769375.000001,-61.599
4116770312.500001,-61.58714
4116771250.000001,-61.55778
4116772187.500001,-61.68686
4116773125.000001,-61.66389
4116774062.500001,-61.43273
4116775000.000001,-61.70697
4116775937.500001,-61.45609
4116776875.000001,-61.5189
4116777812.500001,-61.52875
4116778750.000001,-61.66635
4116779687.500001,-61.69493
4116780625.000001,-61.4588
4116781562.500001,-61.60717
4116782500.000001,-61.51348
4116783437.500001,-61.54588
4116784375.000001,-61.70628
4116785312.500001,-61.59456
4116786250.000001,-61.52479
4116787187.500001,-61.54078
4116788125.000001,-61.4396
4116789062.500001,-61.56917
4116790000.000001,-61.6098
4116790937.500001,-61.61609
4116791875.000001,-61.41265
4116792812.500001,-61.46317
4116793750.000001,-61.63159
4116794687.500001,-61.7139
4116795625.000001,-61.61899
4116796562.500001,-61.63819
4116797500.000001,-61.55365
4116798437.500001,-61.57697
4116799375.000001,-61.51224
4116800312.500001,-61.59002
4116801250.000001,-61.3908
4116802187.500001,-61.33517
4116803125.000001,-61.4305
4116804062.500001,-61.34471
4116805000.000001,-61.66639
4116805937.500001,-61.50901
4116806875.000001,-61.52148
4116807812.500001,-61.5521
4116808750.000001,-61.66166
4116809687.500001,-61.36037
4116810625.000001,-61.6143
4116811562.500001,-61.32402
4116812500.000001,-61.27759
4116813437.500001,-61.59683
4116814375.000001,-61.4277
4116815312.500001,-61.53069
4116816250.000001,-61.67966
4116817187.500001,-61.54343
4116818125.000001,-61.30812
4116819062.500001,-61.65314
4116820000.000001,-61.61194
4116820937.500001,-61.58702
4116821875.000001,-61.35682
4116822812.500001,-61.52802
4116823750.000001,-61.58543
4116824687.500001,-61.64244
4116825625.000001,-61.43427
4116826562.500001,-61.61049
4116827500.000001,-61.56016
4116828437.500001,-61.5589
4116829375.000001,-61.52237
4116830312.500001,-61.56025
4116831250.000001,-61.52647
4116832187.500001,-61.3425
4116833125.000001,-61.82545
4116834062.500001,-61.56728
4116835000.000001,-61.43546
4116835937.500001,-61.59463
4116836875.000001,-61.29694
4116837812.500001,-61.45805
4116838750.000001,-61.48067
4116839687.500001,-61.68074
4116840625.000001,-61.381
4116841562.500001,-61.57415
4116842500.000001,-61.36573
4116843437.500001,-61.59247
4116844375.000001,-61.50885
4116845312.500001,-61.50685
4116846250.000001,-61.58591
4116847187.500001,-61.63459
4116848125.000001,-61.46987
4116849062.500001,-61.47343
4116850000.000001,-61.32705
4116850937.500001,-61.48508
4116851875.000001,-61.58808
4116852812.500001,-61.47755
4116853750.000001,-61.59811
4116854687.500001,-61.40788
4116855625.000001,-61.61102
4116856562.500001,-61.41393
4116857500.000001,-61.52128
4116858437.500001,-61.52216
4116859375.000001,-61.45218
4116860312.500001,-61.58482
4116861250.000001,-61.54375
4116862187.500001,-61.37151
4116863125.000001,-61.54908
4116864062.500001,-61.55762
4116865000.000001,-61.55183
4116865937.500001,-61.30196
4116866875.000001,-61.51579
4116867812.500001,-61.4773
4116868750.000001,-61.43147
4116869687.500001,-61.30011
4116870625.000001,-61.31287
4116871562.500001,-61.38797
4116872500.000001,-61.48854
4116873437.500001,-61.37736
4116874375.000001,-61.60225
4116875312.500001,-61.29949
4116876250.000001,-61.36372
4116877187.500001,-61.21285
4116878125.000001,-61.40011
4116879062.500001,-61.49179
4116880000.000001,-61.43503
4116880937.500001,-61.42374
4116881875.000001,-61.41332
4116882812.500001,-61.4475
4116883750.000001,-61.35226
4116884687.500001,-61.38148
4116885625.000001,-61.63975
4116886562.500001,-61.46466
4116887500.000001,-61.52045
4116888437.500001,-61.45568
4116889375.000001,-61.52464
4116890312.500001,-61.24318
4116891250.000001,-61.40179
4116892187.500001,-61.50223
4116893125.000001,-61.18865
4116894062.500001,-61.39348
4116895000.000001,-61.58945
4116895937.500001,-61.3282
4116896875.000001,-61.49957
4116897812.500001,-61.46215
4116898750.000001,-61.30976
4116899687.500001,-61.48476
4116900625.000001,-61.36652
4116901562.500001,-61.31153
4116902500.000001,-61.45615
4116903437.500001,-61.63508
4116904375.000001,-61.35583
4116905312.500001,-61.54928
4116906250.000001,-61.62054
4116907187.500001,-61.44516
4116908125.000001,-61.41122
4116909062.500001,-61.36372
4116910000.000001,-61.55991
4116910937.500001,-61.19814
4116911875.000001,-61.37143
4116912812.500001,-61.43568
4116913750.000001,-61.31403
4116914687.500001,-61.38414
4116915625.000001,-61.53894
4116916562.500001,-61.47181
4116917500.000001,-61.11604
4116918437.500001,-61.66897
4116919375.000001,-61.39679
4116920312.500001,-61.33047
4116921250.000001,-61.38902
4116922187.500001,-61.17228
4116923125.000001,-61.41157
4116924062.500001,-61.55559
4116925000.000001,-61.5698
4116925937.500001,-61.41848
4116926875.000001,-61.33582
4116927812.500001,-61.28127
4116928750.000001,-61.38833
4116929687.500001,-61.2901
4116930625.000001,-61.40667
4116931562.500001,-61.29215
4116932500.000001,-61.38569
4116933437.500001,-61.31338
4116934375.000001,-61.14831
4116935312.500001,-61.34151
4116936250.000001,-61.38902
4116937187.500001,-61.42004
4116938125.000001,-61.3202
4116939062.500001,-61.43964
4116940000.000001,-61.40522
4116940937.500001,-61.34011
4116941875.000001,-61.38554
4116942812.500001,-61.37962
4116943750.000001,-61.02304
4116944687.500001,-61.61904
4116945625.000001,-61.3379
4116946562.500001,-61.36978
4116947500.000001,-61.32924
4116948437.500001,-61.45033
4116949375.000001,-61.35324
4116950312.500001,-61.1245
4116951250.000001,-61.44686
4116952187.500001,-61.39389
4116953125.000001,-61.30297
4116954062.500001,-61.21418
4116955000.000001,-61.39604
4116955937.500001,-61.45789
4116956875.000001,-61.45193
4116957812.500001,-61.36855
4116958750.000001,-61.29449
4116959687.500001,-61.53167
4116960625.000001,-61.51593
4116961562.500001,-61.33559
4116962500.000001,-61.34592
4116963437.500001,-61.01968
4116964375.000001,-61.42124
4116965312.500001,-61.5046
4116966250.000001,-61.40036
4116967187.500001,-61.25827
4116968125.000001,-61.37696
4116969062.500001,-61.36451
4116970000.000001,-61.3598
4116970937.500001,-61.402
4116971875.000001,-61.41581
4116972812.500001,-61.33851
4116973750.000001,-61.24333
4116974687.500001,-61.4707
4116975625.000001,-61.36494
4116976562.500001,-61.38487
4116977500.000001,-61.3624
4116978437.500001,-61.40385
4116979375.000001,-61.31911
4116980312.500001,-61.36955
4116981250.000001,-61.28662
4116982187.500001,-61.36421
4116983125.000001,-61.29404
4116984062.500001,-61.16954
4116985000.000001,-61.21629
4116985937.500001,-61.41423
4116986875.000001,-61.276
4116987812.500001,-61.62806
4116988750.000001,-61.1617
4116989687.500001,-61.49404
4116990625.000001,-61.27568
4116991562.500001,-61.23624
4116992500.000001,-61.25189
4116993437.500001,-61.31689
4116994375.000001,-61.55156
4116995312.500001,-61.31126
4116996250.000001,-61.39117
4116997187.500001,-61.42155
4116998125.000001,-61.20975
4116999062.500001,-61.32012
4117000000.000001,-61.42112
4117000937.500001,-61.40252
4117001875.000001,-61.16478
4117002812.500001,-61.54209
4117003750.000001,-61.35517
4117004687.500001,-61.33593
4117005625.000001,-61.2966
4117006562.500001,-61.26224
4117007500.000001,-61.44025
4117008437.500001,-61.25945
4117009375.000001,-61.2171
4117010312.500001,-61.32578
4117011250.000001,-61.24439
4117012187.500001,-61.15926
4117013125.000001,-61.22503
4117014062.500001,-61.37918
4117015000.000001,-61.30465
4117015937.500001,-61.31348
4117016875.000001,-61.32686
4117017812.500001,-61.17873
4117018750.000001,-61.18889
4117019687.500001,-61.20845
4117020625.000001,-61.29528
4117021562.500001,-61.36045
4117022500.000001,-61.48303
4117023437.500001,-61.19736
4117024375.000001,-61.39817
4117025312.500001,-61.44421
4117026250.000001,-61.1485
4117027187.500001,-61.18192
4117028125.000001,-61.15697
4117029062.500001,-61.2229
4117030000.000001,-61.30304
4117030937.500001,-61.28445
4117031875.000001,-61.04915
4117032812.500001,-61.22082
4117033750.000001,-61.36783
4117034687.500001,-61.3349
4117035625.000001,-61.01415
4117036562.500001,-61.31921
4117037500.000001,-61.33134
4117038437.500001,-61.23618
4117039375.000001,-61.11752
4117040312.500001,-61.09908
4117041250.000001,-61.24607
4117042187.500001,-61.13903
4117043125.000001,-61.1797
4117044062.500001,-61.23372
4117045000.000001,-61.16254
4117045937.500001,-61.22271
4117046875.000001,-61.0781
4117047812.500001,-61.31275
4117048750.000001,-61.3322
4117049687.500001,-61.42332
4117050625.000001,-61.25241
4117051562.500001,-61.2863
4117052500.000001,-61.18523
4117053437.500001,-61.43308
4117054375.000001,-61.16779
4117055312.500001,-61.2916
4117056250.000001,-61.22385
4117057187.500001,-61.24113
4117058125.000001,-61.36676
4117059062.500001,-61.3668
4117060000.000001,-61.25282
4117060937.500001,-61.07935
4117061875.000001,-61.32546
4117062812.500001,-61.2136
4117063750.000001,-61.14435
4117064687.500001,-61.04867
4117065625.000001,-61.2536
4117066562.500001,-61.17811
4117067500.000001,-61.17797
4117068437.500001,-61.28368
4117069375.000001,-61.07706
4117070312.500001,-61.25124
4117071250.000001,-61.17714
4117072187.500001,-61.27864
4117073125.000001,-61.11479
4117074062.500001,-61.3172
4117075000.000001,-61.13179
4117075937.500001,-61.12331
4117076875.000001,-61.21215
4117077812.500001,-61.22432
4117078750.000001,-61.24571
4117079687.500001,-61.16125
4117080625.000001,-61.24485
4117081562.500001,-61.21481
4117082500.000001,-61.16717
4117083437.500001,-60.98042
4117084375.000001,-61.22001
4117085312.500001,-61.28641
4117086250.000001,-61.06562
4117087187.500001,-61.13645
4117088125.000001,-61.02851
4117089062.500001,-61.22051
4117090000.000001,-61.27895
4117090937.500001,-61.31176
4117091875.000001,-61.28752
4117092812.500001,-61.28109
4117093750.000001,-61.36419
4117094687.500001,-61.12449
4117095625.000001,-61.20474
4117096562.500001,-61.21732
4117097500.000001,-61.1522
4117098437.500001,-61.0232
4117099375.000001,-61.20884
4117100312.500001,-61.07389
4117101250.000001,-61.30041
4117102187.500001,-61.01355
4117103125.000001,-61.11567
4117104062.500001,-61.18286
4117105000.000001,-60.99226
4117105937.500001,-61.22878
4117106875.000001,-61.06414
4117107812.500001,-61.07143
4117108750.000001,-61.21307
4117109687.500001,-61.10113
4117110625.000001,-61.25276
4117111562.500001,-61.30297
4117112500.000001,-61.22694
4117113437.500001,-61.06468
4117114375.000001,-61.35977
4117115312.500001,-61.10828
4117116250.000001,-61.1213
4117117187.500001,-61.21888
4117118125.000001,-61.12481
4117119062.500001,-60.97542
4117120000.000001,-61.04485
4117120937.500001,-61.14555
4117121875.000001,-61.1515
4117122812.500001,-61.06021
4117123750.000001,-61.11619
4117124687.500001,-61.26374
4117125625.000001,-61.0422
4117126562.500001,-61.22166
4117127500.000001,-60.90899
4117128437.500001,-61.24923
4117129375.000001,-61.04689
4117130312.500001,-61.0859
4117131250.000001,-61.18377
4117132187.500001,-61.21271
4117133125.000001,-61.35167
4117134062.500001,-61.0435
4117135000.000001,-61.23543
4117135937.500001,-61.2366
4117136875.000001,-61.23708
4117137812.500001,-60.98752
4117138750.000001,-60.94331
4117139687.500001,-61.37279
4117140625.000001,-61.29322
4117141562.500001,-61.09898
4117142500.000001,-61.12769
4117143437.500001,-61.17071
4117144375.000001,-61.17207
4117145312.500001,-61.04121
4117146250.000001,-61.28292
4117147187.500001,-61.01029
4117148125.000001,-61.08894
4117149062.500001,-60.97482
4117150000.000001,-60.98304
4117150937.500001,-61.01195
4117151875.000001,-61.24663
4117152812.500001,-61.01598
4117153750.000001,-60.88129
4117154687.500001,-61.26585
4117155625.000001,-60.82025
4117156562.500001,-61.09391
4117157500.000001,-61.17981
4117158437.500001,-61.02004
4117159375.000001,-61.08876
4117160312.500001,-61.10474
4117161250.000001,-61.09539
4117162187.500001,-61.1973
4117163125.000001,-61.08171
4117164062.500001,-61.02468
4117165000.000001,-61.14992
4117165937.500001,-61.03336
4117166875.000001,-61.15889
4117167812.500001,-61.20503
4117168750.000001,-61.11676
4117169687.500001,-60.82883
4117170625.000001,-61.06932
4117171562.500001,-61.31442
4117172500.000001,-61.10075
4117173437.500001,-61.16049
4117174375.000001,-61.21415
4117175312.500001,-60.97261
4117176250.000001,-61.00932
4117177187.500001,-61.08831
4117178125.000001,-61.04893
4117179062.500001,-60.93904
4117180000.000001,-60.88432
4117180937.500001,-60.98006
4117181875.000001,-61.12557
4117182812.500001,-60.98157
4117183750.000001,-60.88261
4117184687.500001,-61.13534
4117185625.000001,-61.19359
4117186562.500001,-61.13028
4117187500.000001,-60.91069
4117188437.500001,-61.03891
4117189375.000001,-61.05093
4117190312.500001,-61.10614
4117191250.000001,-61.03682
4117192187.500001,-60.91444
4117193125.000001,-60.90859
4117194062.500001,-60.98563
4117195000.000001,-61.04906
4117195937.500001,-61.03451
4117196875.000001,-61.00788
4117197812.500001,-61.17502
4117198750.000001,-60.96103
4117199687.500001,-60.87523
4117200625.000001,-61.05909
4117201562.500001,-60.93604
4117202500.000001,-60.95213
4117203437.500001,-60.93383
4117204375.000001,-61.08479
4117205312.500001,-61.03278
4117206250.000001,-61.12218
4117207187.500001,-61.16019
4117208125.000001,-60.99361
4117209062.500001,-61.01382
4117210000.000001,-60.93187
4117210937.500001,-61.14082
4117211875.000001,-60.84821
4117212812.500001,-60.94309
4117213750.000001,-61.01818
4117214687.500001,-60.91386
4117215625.000001,-60.9421
4117216562.500001,-61.22041
4117217500.000001,-61.05564
4117218437.500001,-61.10332
4117219375.000001,-61.05389
4117220312.500001,-60.94773
4117221250.000001,-61.01216
4117222187.500001,-60.83545
4117223125.000001,-60.85194
4117224062.500001,-61.01865
4117225000.000001,-60.92775
4117225937.500001,-60.94889
4117226875.000001,-60.9904
4117227812.500001,-60.99701
4117228750.000001,-60.9094
4117229687.500001,-60.97508
4117230625.000001,-61.02549
4117231562.500001,-60.95168
4117232500.000001,-61.03086
4117233437.500001,-61.06517
4117234375.000001,-61.08365
4117235312.500001,-60.98938
4117236250.000001,-60.75045
4117237187.500001,-61.05704
4117238125.000001,-61.01455
4117239062.500001,-60.79685
4117240000.000001,-61.03758
4117240937.500001,-60.86231
4117241875.000001,-60.88649
4117242812.500001,-61.07692
4117243750.000001,-60.91872
4117244687.500001,-61.02371
4117245625.000001,-61.12362
4117246562.500001,-61.06255
4117247500.000001,-61.09736
4117248437.500001,-60.81905
4117249375.000001,-60.99651
4117250312.500001,-60.93598
4117251250.000001,-61.0661
4117252187.500001,-60.99967
4117253125.000001,-61.03676
4117254062.500001,-60.858
4117255000.000001,-60.98253
4117255937.500001,-61.07243
4117256875.000001,-61.07928
4117257812.500001,-60.86415
4117258750.000001,-60.99586
4117259687.500001,-60.80212
4117260625.000001,-61.02076
4117261562.500001,-60.80166
4117262500.000001,-60.85015
4117263437.500001,-60.93372
4117264375.000001,-60.77338
4117265312.500001,-60.96756
4117266250.000001,-61.11975
4117267187.500001,-61.04045
4117268125.000001,-60.98795
4117269062.500001,-60.90394
4117270000.000001,-60.82738
4117270937.500001,-60.92031
4117271875.000001,-60.91584
4117272812.500001,-61.04403
4117273750.000001,-60.81571
4117274687.500001,-60.8861
4117275625.000001,-60.994
4117276562.500001,-60.88295
4117277500.000001,-60.83358
4117278437.500001,-60.78707
4117279375.000001,-60.84355
4117280312.500001,-60.88354
4117281250.000001,-61.02979
4117282187.500001,-60.91233
4117283125.000001,-60.73083
4117284062.500001,-60.86922
4117285000.000001,-60.80948
4117285937.500001,-60.96756
4117286875.000001,-60.91569
4117287812.500001,-60.87032
4117288750.000001,-60.83284
4117289687.500001,-60.84402
4117290625.000001,-60.79274
4117291562.500001,-60.81964
4117292500.000001,-60.81701
4117293437.500001,-60.92461
4117294375.000001,-60.82005
4117295312.500001,-60.6836
4117296250.000001,-60.79942
4117297187.500001,-60.75814
4117298125.000001,-60.92911
4117299062.500001,-60.9025
4117300000.000001,-60.82227
4117300937.500001,-60.95395
4117301875.000001,-60.86532
4117302812.500001,-60.83914
4117303750.000001,-60.8465
4117304687.500001,-61.0685
4117305625.000001,-60.80578
4117306562.500001,-60.83174
4117307500.000001,-60.90462
4117308437.500001,-60.85003
4117309375.000001,-60.97454
4117310312.500001,-60.80477
4117311250.000001,-60.99607
4117312187.500001,-60.61884
4117313125.000001,-60.96772
4117314062.500001,-60.9643
4117315000.000001,-60.77245
4117315937.500001,-60.69947
4117316875.000001,-60.64344
4117317812.500001,-61.0003
4117318750.000001,-60.89616
4117319687.500001,-60.99107
4117320625.000001,-60.7934
4117321562.500001,-60.81132
4117322500.000001,-60.83357
4117323437.500001,-60.6866
4117324375.000001,-60.78639
4117325312.500001,-60.95605
4117326250.000001,-60.73524
4117327187.500001,-60.94673
4117328125.000001,-60.68828
4117329062.500001,-60.67824
4117330000.000001,-60.77436
4117330937.500001,-61.09955
4117331875.000001,-60.74412
4117332812.500001,-60.79435
4117333750.000001,-60.67229
4117334687.500001,-60.82678
4117335625.000001,-60.85614
4117336562.500001,-61.00014
4117337500.000001,-60.89629
4117338437.500001,-60.81974
4117339375.000001,-60.64014
4117340312.500001,-60.82483
4117341250.000001,-60.83171
4117342187.500001,-60.83773
4117343125.000001,-60.77368
4117344062.500001,-60.91721
4117345000.000001,-61.06578
4117345937.500001,-60.89228
4117346875.000001,-60.87218
4117347812.500001,-60.77067
4117348750.000001,-60.9037
4117349687.500001,-60.81681
4117350625.000001,-60.80182
4117351562.500001,-60.76606
4117352500.000001,-60.88686
4117353437.500001,-60.9065
4117354375.000001,-60.82956
4117355312.500001,-60.84091
4117356250.000001,-61.0215
4117357187.500001,-60.8875
4117358125.000001,-60.89225
4117359062.500001,-60.88294
4117360000.000001,-60.85012
4117360937.500001,-60.82487
4117361875.000001,-60.82095
4117362812.500001,-60.60949
4117363750.000001,-60.77948
4117364687.500001,-60.91106
4117365625.000001,-60.90674
4117366562.500001,-60.6488
4117367500.000001,-60.70373
4117368437.500001,-60.84609
4117369375.000001,-60.62289
4117370312.500001,-60.67276
4117371250.000001,-60.72316
4117372187.500001,-60.55919
4117373125.000001,-60.87458
4117374062.500001,-60.77634
4117375000.000001,-60.82592
4117375937.500001,-60.73661
4117376875.000001,-60.72865
4117377812.500001,-60.83292
4117378750.000001,-60.92931
4117379687.500001,-60.77641
4117380625.000001,-60.89535
4117381562.500001,-60.74149
4117382500.000001,-60.8779
4117383437.500001,-60.80435
4117384375.000001,-60.63418
4117385312.500001,-60.71395
4117386250.000001,-60.6238
4117387187.500001,-60.84972
4117388125.000001,-60.5366
4117389062.500001,-60.92954
4117390000.000001,-60.76772
4117390937.500001,-60.80217
4117391875.000001,-60.75898
4117392812.500001,-60.74976
4117393750.000001,-60.63268
4117394687.500001,-60.65747
4117395625.000001,-60.73837
4117396562.500001,-60.71227
4117397500.000001,-60.66175
4117398437.500001,-60.60616
4117399375.000001,-60.69859
4117400312.500001,-60.94034
4117401250.000001,-60.62245
4117402187.500001,-60.73953
4117403125.000001,-60.64206
4117404062.500001,-60.88995
4117405000.000001,-60.94567
4117405937.500001,-60.57433
4117406875.000001,-60.68765
4117407812.500001,-60.88485
4117408750.000001,-60.78324
4117409687.500001,-60.94963
4117410625.000001,-60.8144
4117411562.500001,-60.6311
4117412500.000001,-60.77219
4117413437.500001,-60.65543
4117414375.000001,-60.81897
4117415312.500001,-60.80391
4117416250.000001,-60.66589
4117417187.500001,-60.63221
4117418125.000001,-60.84549
4117419062.500001,-60.57512
4117420000.000001,-60.70857
4117420937.500001,-60.4709
4117421875.000001,-60.57737
4117422812.500001,-60.73135
4117423750.000001,-60.63504
4117424687.500001,-60.77683
4117425625.000001,-60.6059
4117426562.500001,-60.61844
4117427500.000001,-60.61358
4117428437.500001,-60.74406
4117429375.000001,-60.76726
4117430312.500001,-60.62915
4117431250.000001,-60.68205
4117432187.500001,-60.83526
4117433125.000001,-60.74511
4117434062.500001,-60.71474
4117435000.000001,-60.77966
4117435937.500001,-60.7566
4117436875.000001,-60.42973
4117437812.500001,-60.6415
4117438750.000001,-60.82549
4117439687.500001,-60.65923
4117440625.000001,-60.60105
4117441562.500001,-60.63147
4117442500.000001,-60.85079
4117443437.500001,-60.80878
4117444375.000001,-60.68568
4117445312.500001,-60.62056
4117446250.000001,-60.69172
4117447187.500001,-60.45466
4117448125.000001,-60.71875
4117449062.500001,-60.60343
4117450000.000001,-60.62111
4117450937.500001,-60.62115
4117451875.000001,-60.71695
4117452812.500001,-60.84263
4117453750.000001,-60.58389
4117454687.500001,-60.66541
4117455625.000001,-60.77697
4117456562.500001,-60.71945
4117457500.000001,-60.66829
4117458437.500001,-60.56869
4117459375.000001,-60.4419
4117460312.500001,-60.60561
4117461250.000001,-60.67641
4117462187.500001,-60.65965
4117463125.000001,-60.77913
4117464062.500001,-60.41784
4117465000.000001,-60.49224
4117465937.500001,-60.67624
4117466875.000001,-60.55552
4117467812.500001,-60.74113
4117468750.000001,-60.696
4117469687.500001,-60.7676
4117470625.000001,-60.63211
4117471562.500001,-60.71118
4117472500.000001,-60.64315
4117473437.500001,-60.427
4117474375.000001,-60.49244
4117475312.500001,-60.60445
4117476250.000001,-60.60973
4117477187.500001,-60.45496
4117478125.000001,-60.50241
4117479062.500001,-60.5224
4117480000.000001,-60.76446
4117480937.500001,-60.49173
4117481875.000001,-60.68
4117482812.500001,-60.61902
4117483750.000001,-60.7135
4117484687.500001,-60.47673
4117485625.000001,-60.59507
4117486562.500001,-60.39936
4117487500.000001,-60.81996
4117488437.500001,-60.6518
4117489375.000001,-60.59077
4117490312.500001,-60.76937
4117491250.000001,-60.59785
4117492187.500001,-60.59435
4117493125.000001,-60.53945
4117494062.500001,-60.77324
4117495000.000001,-60.55049
4117495937.500001,-60.65375
4117496875.000001,-60.78453
4117497812.500001,-60.52364
4117498750.000001,-60.80943
4117499687.500001,-60.52877
4117500625.000001,-60.66195
4117501562.500001,-60.57593
4117502500.000001,-60.60856
4117503437.500001,-60.54731
4117504375.000001,-60.58916
4117505312.500001,-60.52629
4117506250.000001,-60.39959
4117507187.500001,-60.56671
4117508125.000001,-60.52355
4117509062.500001,-60.63538
4117510000.000001,-60.6907
4117510937.500001,-60.45717
4117511875.000001,-60.66746
4117512812.500001,-60.49767
4117513750.000001,-60.72565
4117514687.500001,-60.6338
4117515625.000001,-60.58995
4117516562.500001,-60.62839
4117517500.000001,-60.64906
4117518437.500001,-60.57011
4117519375.000001,-60.67447
4117520312.500001,-60.45031
4117521250.000001,-60.69345
4117522187.500001,-60.44758
4117523125.000001,-60.55907
4117524062.500001,-60.64061
4117525000.000001,-60.37414
4117525937.500001,-60.62865
4117526875.000001,-60.3555
4117527812.500001,-60.43449
4117528750.000001,-60.53213
4117529687.500001,-60.55018
4117530625.000001,-60.53388
4117531562.500001,-60.53585
4117532500.000001,-60.65264
4117533437.500001,-60.59478
4117534375.000001,-60.51283
4117535312.500001,-60.79547
4117536250.000001,-60.42204
4117537187.500001,-60.6944
4117538125.000001,-60.41373
4117539062.500001,-60.57388
4117540000.000001,-60.52304
4117540937.500001,-60.69541
4117541875.000001,-60.48324
4117542812.500001,-60.74786
4117543750.000001,-60.55333
4117544687.500001,-60.51579
4117545625.000001,-60.64676
4117546562.500001,-60.23775
4117547500.000001,-60.54593
4117548437.500001,-60.56352
4117549375.000001,-60.44674
4117550312.500001,-60.52725
4117551250.000001,-60.59499
4117552187.500001,-60.56513
4117553125.000001,-60.41972
4117554062.500001,-60.47935
4117555000.000001,-60.67024
4117555937.500001,-60.54948
4117556875.000001,-60.36915
4117557812.500001,-60.8023
4117558750.000001,-60.55661
4117559687.500001,-60.53033
4117560625.000001,-60.6464
4117561562.500001,-60.68144
4117562500.000001,-60.40927
4117563437.500001,-60.38696
4117564375.000001,-60.54532
4117565312.500001,-60.33519
4117566250.000001,-60.45877
4117567187.500001,-60.51749
4117568125.000001,-60.34256
4117569062.500001,-60.42827
4117570000.000001,-60.34227
4117570937.500001,-60.48664
4117571875.000001,-60.49444
4117572812.500001,-60.52306
4117573750.000001,-60.43185
4117574687.500001,-60.45159
4117575625.000001,-60.5548
4117576562.500001,-60.56243
4117577500.000001,-60.58
4117578437.500001,-60.50592
4117579375.000001,-60.45712
4117580312.500001,-60.62061
4117581250.000001,-60.48953
4117582187.500001,-60.57639
4117583125.000001,-60.52087
4117584062.500001,-60.65028
4117585000.000001,-60.42986
4117585937.500001,-60.49044
4117586875.000001,-60.50658
4117587812.500001,-60.42821
4117588750.000001,-60.55761
4117589687.500001,-60.47783
4117590625.000001,-60.47611
4117591562.500001,-60.31668
4117592500.000001,-60.30427
4117593437.500001,-60.42021
4117594375.000001,-60.47489
4117595312.500001,-60.36489
4117596250.000001,-60.37704
4117597187.500001,-60.44306
4117598125.000001,-60.43358
4117599062.500001,-60.46833
4117600000.000001,-60.52666
4117600937.500001,-60.54605
4117601875.000001,-60.3778
4117602812.500001,-60.32018
4117603750.000001,-60.58078
4117604687.500001,-60.36794
4117605625.000001,-60.42419
4117606562.500001,-60.38347
4117607500.000001,-60.52677
4117608437.500001,-60.48556
4117609375.000001,-60.34528
4117610312.500001,-60.54188
4117611250.000001,-60.39899
4117612187.500001,-60.48789
4117613125.000001,-60.41502
4117614062.500001,-60.47651
4117615000.000001,-60.5053
4117615937.500001,-60.31418
4117616875.000001,-60.54722
4117617812.500001,-60.45563
4117618750.000001,-60.55332
4117619687.500001,-60.52248
4117620625.000001,-60.30037
4117621562.500001,-60.5956
4117622500.000001,-60.26221
4117623437.500001,-60.45249
4117624375.000001,-60.34592
4117625312.500001,-60.51857
4117626250.000001,-60.3888
4117627187.500001,-60.32269
4117628125.000001,-60.1421
4117629062.500001,-60.33969
4117630000.000001,-60.39848
4117630937.500001,-60.35105
4117631875.000001,-60.28168
4117632812.500001,-60.51564
4117633750.000001,-60.29306
4117634687.500001,-60.44676
4117635625.000001,-60.50261
4117636562.500001,-60.37048
4117637500.000001,-60.39442
4117638437.500001,-60.36805
4117639375.000001,-60.3215
4117640312.500001,-60.5218
4117641250.000001,-60.2436
4117642187.500001,-60.17907
4117643125.000001,-60.34303
4117644062.500001,-60.40138
4117645000.000001,-60.42755
4117645937.500001,-60.3317
4117646875.000001,-60.35412
4117647812.500001,-60.30761
4117648750.000001,-60.3158
4117649687.500001,-60.35898
4117650625.000001,-60.16697
4117651562.500001,-60.33043
4117652500.000001,-60.33157
4117653437.500001,-60.45284
4117654375.000001,-60.40361
4117655312.500001,-60.52831
4117656250.000001,-60.41796
4117657187.500001,-60.29333
4117658125.000001,-60.44372
4117659062.500001,-60.34065
4117660000.000001,-60.30953
4117660937.500001,-60.27793
4117661875.000001,-60.31676
4117662812.500001,-60.26387
4117663750.000001,-60.13235
4117664687.500001,-60.30717
4117665625.000001,-60.35861
4117666562.500001,-60.20682
4117667500.000001,-60.3652
4117668437.500001,-60.22417
4117669375.000001,-60.30079
4117670312.500001,-60.12667
4117671250.000001,-60.32232
4117672187.500001,-60.15943
4117673125.000001,-60.34275
4117674062.500001,-60.37453
4117675000.000001,-60.26573
4117675937.500001,-60.26849
4117676875.000001,-60.30125
4117677812.500001,-60.20392
4117678750.000001,-60.48063
4117679687.500001,-60.31853
4117680625.000001,-60.26525
4117681562.500001,-60.19859
4117682500.000001,-60.25772
4117683437.500001,-60.32453
4117684375.000001,-60.36812
4117685312.500001,-60.14283
4117686250.000001,-60.26251
4117687187.500001,-60.27157
4117688125.000001,-60.22816
4117689062.500001,-60.14834
4117690000.000001,-60.32041
4117690937.500001,-59.96192
4117691875.000001,-60.19469
4117692812.500001,-60.34618
4117693750.000001,-60.35065
4117694687.500001,-60.34379
4117695625.000001,-60.31484
4117696562.500001,-60.01392
4117697500.000001,-60.28698
4117698437.500001,-60.3474
4117699375.000001,-60.33306
4117700312.500001,-60.21742
4117701250.000001,-60.20425
4117702187.500001,-60.26744
4117703125.000001,-60.32187
4117704062.500001,-60.28925
4117705000.000001,-60.41126
4117705937.500001,-60.12914
4117706875.000001,-60.05053
4117707812.500001,-60.43029
4117708750.000001,-60.32896
4117709687.500001,-60.24085
4117710625.000001,-60.31729
4117711562.500001,-60.32957
4117712500.000001,-60.38207
4117713437.500001,-60.26916
4117714375.000001,-60.09981
4117715312.500001,-60.18499
4117716250.000001,-60.22751
4117717187.500001,-60.42434
4117718125.000001,-60.26701
4117719062.500001,-60.26014
4117720000.000001,-60.15635
4117720937.500001,-60.19941
4117721875.000001,-60.22988
4117722812.500001,-60.22197
4117723750.000001,-60.34896
4117724687.500001,-60.50749
4117725625.000001,-60.19499
4117726562.500001,-60.20371
4117727500.000001,-60.10053
4117728437.500001,-60.26743
4117729375.000001,-60.17059
4117730312.500001,-60.2519
4117731250.000001,-60.14752
4117732187.500001,-60.23925
4117733125.000001,-60.22095
4117734062.500001,-60.23863
4117735000.000001,-60.28041
4117735937.500001,-60.1465
4117736875.000001,-60.22556
4117737812.500001,-60.07635
4117738750.000001,-60.01455
4117739687.500001,-60.28493
4117740625.000001,-60.40178
4117741562.500001,-60.11724
4117742500.000001,-60.2734
4117743437.500001,-60.17063
4117744375.000001,-60.2341
4117745312.500001,-60.16114
4117746250.000001,-60.26746
4117747187.500001,-60.17984
4117748125.000001,-60.21869
4117749062.500001,-60.02964
4117750000.000001,-60.10372
4117750937.500001,-60.18443
4117751875.000001,-60.12311
4117752812.500001,-60.29388
4117753750.000001,-60.11461
4117754687.500001,-60.12149
4117755625.000001,-60.23914
4117756562.500001,-60.16605
4117757500.000001,-60.31834
4117758437.500001,-60.23912
4117759375.000001,-60.16616
4117760312.500001,-60.1114
4117761250.000001,-60.29344
4117762187.500001,-60.14241
4117763125.000001,-60.07845
4117764062.500001,-60.31446
4117765000.000001,-60.27877
4117765937.500001,-60.00584
4117766875.000001,-60.21725
4117767812.500001,-60.11371
4117768750.000001,-60.30409
4117769687.500001,-60.23869
4117770625.000001,-60.18357
4117771562.500001,-60.09266
4117772500.000001,-60.27584
4117773437.500001,-60.29882
4117774375.000001,-60.19729
4117775312.500001,-60.18225
4117776250.000001,-60.15668
4117777187.500001,-60.08574
4117778125.000001,-60.11365
4117779062.500001,-60.12187
4117780000.000001,-60.23035
4117780937.500001,-60.00965
4117781875.000001,-60.11287
4117782812.500001,-60.20511
4117783750.000001,-60.12144
4117784687.500001,-60.08543
4117785625.000001,-60.1176
4117786562.500001,-60.19755
4117787500.000001,-60.04113
4117788437.500001,-60.03583
4117789375.000001,-60.13816
4117790312.500001,-60.24731
4117791250.000001,-60.24075
4117792187.500001,-60.32616
4117793125.000001,-60.3524
4117794062.500001,-60.07967
4117795000.000001,-60.12849
4117795937.500001,-60.09146
4117796875.000001,-60.32081
4117797812.500001,-60.26145
4117798750.000001,-60.05849
4117799687.500001,-60.33516
4117800625.000001,-60.10508
4117801562.500001,-60.17672
4117802500.000001,-60.26456
4117803437.500001,-60.0116
4117804375.000001,-60.30231
4117805312.500001,-60.06713
4117806250.000001,-60.06205
4117807187.500001,-60.03977
4117808125.000001,-60.17974
4117809062.500001,-60.06154
4117810000.000001,-60.16685
4117810937.500001,-60.15245
4117811875.000001,-60.14213
4117812812.500001,-60.16015
4117813750.000001,-59.93654
4117814687.500001,-60.20466
4117815625.000001,-60.12765
4117816562.500001,-60.04059
4117817500.000001,-60.25953
4117818437.500001,-60.01543
4117819375.000001,-60.09724
4117820312.500001,-60.03408
4117821250.000001,-60.16756
4117822187.500001,-60.10711
4117823125.000001,-60.02067
4117824062.500001,-60.03458
4117825000.000001,-60.15616
4117825937.500001,-60.05507
4117826875.000001,-60.01691
4117827812.500001,-59.9935
4117828750.000001,-60.12791
4117829687.500001,-60.09281
4117830625.000001,-59.91608
4117831562.500001,-60.06326
4117832500.000001,-60.16553
4117833437.500001,-59.9338
4117834375.000001,-59.97052
4117835312.500001,-60.18018
4117836250.000001,-60.10574
4117837187.500001,-60.12239
4117838125.000001,-59.95967
4117839062.500001,-60.0843
4117840000.000001,-60.02845
4117840937.500001,-60.02435
4117841875.000001,-60.02809
4117842812.500001,-60.14923
4117843750.000001,-60.08495
4117844687.500001,-59.96412
4117845625.000001,-60.06323
4117846562.500001,-60.0932
4117847500.000001,-60.08952
4117848437.500001,-60.06272
4117849375.000001,-60.08274
4117850312.500001,-59.79008
4117851250.000001,-59.96564
4117852187.500001,-60.14426
4117853125.000001,-59.94215
4117854062.500001,-60.01517
4117855000.000001,-59.94469
4117855937.500001,-60.11791
4117856875.000001,-59.96596
4117857812.500001,-60.06072
4117858750.000001,-59.89492
4117859687.500001,-59.96311
4117860625.000001,-60.24236
4117861562.500001,-60.13056
4117862500.000001,-59.92131
4117863437.500001,-59.93768
4117864375.000001,-60.06092
4117865312.500001,-59.89359
4117866250.000001,-60.24301
4117867187.500001,-60.16268
4117868125.000001,-60.12063
4117869062.500001,-60.02351
4117870000.000001,-60.09755
4117870937.500001,-59.96032
4117871875.000001,-59.83435
4117872812.500001,-60.18106
4117873750.000001,-59.97375
4117874687.500001,-59.90667
4117875625.000001,-60.06937
4117876562.500001,-60.12243
4117877500.000001,-59.94562
4117878437.500001,-60.05054
4117879375.000001,-60.20543
4117880312.500001,-60.16387
4117881250.000001,-59.96882
4117882187.500001,-60.10376
4117883125.000001,-59.95432
4117884062.500001,-59.97404
4117885000.000001,-60.07608
4117885937.500001,-59.85084
4117886875.000001,-59.96544
4117887812.500001,-59.92644
4117888750.000001,-59.98368
4117889687.500001,-59.9469
4117890625.000001,-59.87769
4117891562.500001,-59.90024
4117892500.000001,-60.04803
4117893437.500001,-60.05323
4117894375.000001,-59.90347
4117895312.500001,-59.80738
4117896250.000001,-59.81295
4117897187.500001,-60.03119
4117898125.000001,-60.03262
4117899062.500001,-59.87907
4117900000.000001,-59.79091
4117900937.500001,-59.994
4117901875.000001,-59.91129
4117902812.500001,-59.94697
4117903750.000001,-59.95201
4117904687.500001,-60.03814
4117905625.000001,-59.87343
4117906562.500001,-60.09965
4117907500.000001,-59.90458
4117908437.500001,-60.11221
4117909375.000001,-59.90455
4117910312.500001,-60.01278
4117911250.000001,-59.98689
4117912187.500001,-59.97569
4117913125.000001,-59.86855
4117914062.500001,-59.8832
4117915000.000001,-59.93683
4117915937.500001,-59.97735
4117916875.000001,-59.83891
4117917812.500001,-60.07032
4117918750.000001,-60.09895
4117919687.500001,-60.02391
4117920625.000001,-60.01336
4117921562.500001,-59.93189
4117922500.000001,-59.84449
4117923437.500001,-59.92628
4117924375.000001,-59.94363
4117925312.500001,-59.99576
4117926250.000001,-59.98524
4117927187.500001,-59.90362
4117928125.000001,-59.6837
4117929062.500001,-59.98983
4117930000.000001,-59.97305
4117930937.500001,-60.08489
4117931875.000001,-59.74992
4117932812.500001,-59.88365
4117933750.000001,-59.93676
4117934687.500001,-59.9289
4117935625.000001,-59.89817
4117936562.500001,-59.97885
4117937500.000001,-59.94448
4117938437.500001,-60.02099
4117939375.000001,-59.89619
4117940312.500001,-59.76645
4117941250.000001,-59.67882
4117942187.500001,-59.93276
4117943125.000001,-59.98074
4117944062.500001,-59.87869
4117945000.000001,-59.94961
4117945937.500001,-59.94899
4117946875.000001,-59.92239
4117947812.500001,-59.92234
4117948750.000001,-59.83575
4117949687.500001,-60.23145
4117950625.000001,-59.99372
4117951562.500001,-59.99537
4117952500.000001,-59.97099
4117953437.500001,-59.84206
4117954375.000001,-59.79012
4117955312.500001,-59.92644
4117956250.000001,-59.85179
4117957187.500001,-59.90384
4117958125.000001,-59.84603
4117959062.500001,-59.8406
4117960000.000001,-59.72118
4117960937.500001,-59.90554
4117961875.000001,-59.87174
4117962812.500001,-60.06288
4117963750.000001,-60.05563
4117964687.500001,-59.85489
4117965625.000001,-59.94414
4117966562.500001,-59.93119
4117967500.000001,-59.85662
4117968437.500001,-59.84948
4117969375.000001,-59.78151
4117970312.500001,-59.80898
4117971250.000001,-59.78541
4117972187.500001,-59.86086
4117973125.000001,-59.75278
4117974062.500001,-59.76593
4117975000.000001,-59.78628
4117975937.500001,-59.83369
4117976875.000001,-59.73646
4117977812.500001,-59.86879
4117978750.000001,-59.94785
4117979687.500001,-59.73449
4117980625.000001,-59.87762
4117981562.500001,-59.88584
4117982500.000001,-59.80467
4117983437.500001,-59.91697
4117984375.000001,-59.87234
4117985312.500001,-59.85344
4117986250.000001,-59.94227
4117987187.500001,-60.08456
4117988125.000001,-59.79776
4117989062.500001,-59.8277
4117990000.000001,-59.68998
4117990937.500001,-59.97197
4117991875.000001,-59.91901
4117992812.500001,-59.89633
4117993750.000001,-59.77307
4117994687.500001,-59.70088
4117995625.000001,-59.73634
4117996562.500001,-59.89895
4117997500.000001,-59.86046
4117998437.500001,-59.85718
4117999375.000001,-59.81593
4118000312.500001,-59.71918
4118001250.000001,-59.75684
4118002187.500001,-59.96134
4118003125.000001,-59.78835
4118004062.500001,-59.73777
4118005000.000001,-59.7664
4118005937.500001,-59.66696
4118006875.000001,-59.58348
4118007812.500001,-59.81218
4118008750.000001,-59.90725
4118009687.500001,-59.70599
4118010625.000001,-59.79466
4118011562.500001,-59.7555
4118012500.000001,-59.90376
4118013437.500001,-59.82868
4118014375.000001,-59.73356
4118015312.500001,-59.74529
4118016250.000001,-59.75377
4118017187.500001,-59.81519
4118018125.000001,-59.79242
4118019062.500001,-59.79041
4118020000.000001,-59.56067
4118020937.500001,-59.7858
4118021875.000001,-59.8605
4118022812.500001,-59.77223
4118023750.000001,-59.76083
4118024687.500001,-59.8752
4118025625.000001,-59.86015
4118026562.500001,-59.68399
4118027500.000001,-59.66667
4118028437.500001,-59.68626
4118029375.000001,-60.06753
4118030312.500001,-59.71732
4118031250.000001,-59.76052
4118032187.500001,-59.69682
4118033125.000001,-59.89237
4118034062.500001,-59.68778
4118035000.000001,-59.99842
4118035937.500001,-59.77328
4118036875.000001,-59.73203
4118037812.500001,-59.69305
4118038750.000001,-60.02366
4118039687.500001,-59.78936
4118040625.000001,-59.66092
4118041562.500001,-59.83596
4118042500.000001,-59.77304
4118043437.500001,-59.77108
4118044375.000001,-59.86605
4118045312.500001,-59.77448
4118046250.000001,-59.69898
4118047187.500001,-59.69358
4118048125.000001,-59.52776
4118049062.500001,-59.69244
4118050000.000001,-59.77144
4118050937.500001,-59.69608
4118051875.000001,-59.75315
4118052812.500001,-59.77439
4118053750.000001,-59.84414
4118054687.500001,-59.84056
4118055625.000001,-59.74263
4118056562.500001,-59.75959
4118057500.000001,-59.77431
4118058437.500001,-59.64362
4118059375.000001,-59.86497
4118060312.500001,-59.68666
4118061250.000001,-59.80489
4118062187.500001,-59.69085
4118063125.000001,-59.85149
4118064062.500001,-59.69791
4118065000.000001,-59.75548
4118065937.500001,-59.81633
4118066875.000001,-59.72397
4118067812.500001,-59.61946
4118068750.000001,-59.84129
4118069687.500001,-59.8721
4118070625.000001,-59.71232
4118071562.500001,-59.56059
4118072500.000001,-59.66606
4118073437.500001,-59.56651
4118074375.000001,-59.68593
4118075312.500001,-59.65685
4118076250.000001,-59.65819
4118077187.500001,-59.5528
4118078125.000001,-59.73441
4118079062.500001,-59.55828
4118080000.000001,-59.84159
4118080937.500001,-59.61657
4118081875.000001,-59.85641
4118082812.500001,-59.74655
4118083750.000001,-59.71643
4118084687.500001,-59.72919
4118085625.000001,-59.69236
4118086562.500001,-59.77465
4118087500.000001,-59.61185
4118088437.500001,-59.63793
4118089375.000001,-59.52505
4118090312.500001,-59.64931
4118091250.000001,-59.56011
4118092187.500001,-59.75467
4118093125.000001,-59.59822
4118094062.500001,-59.62111
4118095000.000001,-59.66999
4118095937.500001,-59.7393
4118096875.000001,-59.65202
4118097812.500001,-59.65163
4118098750.000001,-59.76144
4118099687.500001,-59.68291
4118100625.000001,-59.74574
4118101562.500001,-59.56224
4118102500.000001,-59.51145
4118103437.500001,-59.51483
4118104375.000001,-59.59872
4118105312.500001,-59.70733
4118106250.000001,-59.70811
4118107187.500001,-59.65297
4118108125.000001,-59.69899
4118109062.500001,-59.65157
4118110000.000001,-59.69704
4118110937.500001,-59.66955
4118111875.000001,-59.5803
4118112812.500001,-59.7457
4118113750.000001,-59.56377
4118114687.500001,-59.54178
4118115625.000001,-59.68811
4118116562.500001,-59.61518
4118117500.000001,-59.75021
4118118437.500001,-59.6009
4118119375.000001,-59.55631
4118120312.500001,-59.68465
4118121250.000001,-59.68904
4118122187.500001,-59.56243
4118123125.000001,-59.5481
4118124062.500001,-59.49596
4118125000.000001,-59.5694
4118125937.500001,-59.68834
4118126875.000001,-59.59355
4118127812.500001,-59.74833
4118128750.000001,-59.50294
4118129687.500001,-59.59613
4118130625.000001,-59.53964
4118131562.500001,-59.52627
4118132500.000001,-59.61774
4118133437.500001,-59.53468
4118134375.000001,-59.75811
4118135312.500001,-59.51107
4118136250.000001,-59.66666
4118137187.500001,-59.53675
4118138125.000001,-59.6498
4118139062.500001,-59.64188
4118140000.000001,-59.71549
4118140937.500001,-59.64691
4118141875.000001,-59.57984
4118142812.500001,-59.63702
4118143750.000001,-59.708
4118144687.500001,-59.48473
4118145625.000001,-59.58184
4118146562.500001,-59.46923
4118147500.000001,-59.43259
4118148437.500001,-59.5925
4118149375.000001,-59.42906
4118150312.500001,-59.51
4118151250.000001,-59.52625
4118152187.500001,-59.50933
4118153125.000001,-59.519
4118154062.500001,-59.57634
4118155000.000001,-59.6456
4118155937.500001,-59.55411
4118156875.000001,-59.42498
4118157812.500001,-59.60013
4118158750.000001,-59.34643
4118159687.500001,-59.58199
4118160625.000001,-59.59558
4118161562.500001,-59.46988
4118162500.000001,-59.43272
4118163437.500001,-59.47498
4118164375.000001,-59.42683
4118165312.500001,-59.59131
4118166250.000001,-59.57518
4118167187.500001,-59.5835
4118168125.000001,-59.43529
4118169062.500001,-59.51555
4118170000.000001,-59.38514
4118170937.500001,-59.52315
4118171875.000001,-59.51863
4118172812.500001,-59.57958
4118173750.000001,-59.47191
4118174687.500001,-59.59853
4118175625.000001,-59.53562
4118176562.500001,-59.44371
4118177500.000001,-59.37863
4118178437.500001,-59.60522
4118179375.000001,-59.55628
4118180312.500001,-59.54667
4118181250.000001,-59.42071
4118182187.500001,-59.49452
4118183125.000001,-59.58476
4118184062.500001,-59.50185
4118185000.000001,-59.43684
4118185937.500001,-59.56075
4118186875.000001,-59.48247
4118187812.500001,-59.40701
4118188750.000001,-59.63788
4118189687.500001,-59.55158
4118190625.000001,-59.67622
4118191562.500001,-59.45153
4118192500.000001,-59.63191
4118193437.500001,-59.43242
4118194375.000001,-59.43408
4118195312.500001,-59.58538
4118196250.000001,-59.40008
4118197187.500001,-59.50732
4118198125.000001,-59.62688
4118199062.500001,-59.36978
4118200000.000001,-59.48386
4118200937.500001,-59.44338
4118201875.000001,-59.64653
4118202812.500001,-59.65475
4118203750.000001,-59.56141
4118204687.500001,-59.47108
4118205625.000001,-59.65455
4118206562.500001,-59.58837
4118207500.000001,-59.5513
4118208437.500001,-59.38646
4118209375.000001,-59.50543
4118210312.500001,-59.2938
4118211250.000001,-59.36656
4118212187.500001,-59.60859
4118213125.000001,-59.33831
4118214062.500001,-59.32936
4118215000.000001,-59.43497
4118215937.500001,-59.44278
4118216875.000001,-59.41592
4118217812.500001,-59.4547
4118218750.000001,-59.47404
4118219687.500001,-59.53514
4118220625.000001,-59.48668
4118221562.500001,-59.54841
4118222500.000001,-59.37995
4118223437.500001,-59.50785
4118224375.000001,-59.45842
4118225312.500001,-59.32439
4118226250.000001,-59.4493
4118227187.500001,-59.52643
4118228125.000001,-59.47871
4118229062.500001,-59.55125
4118230000.000001,-59.41526
4118230937.500001,-59.40658
4118231875.000001,-59.56288
4118232812.500001,-59.42179
4118233750.000001,-59.34918
4118234687.500001,-59.39728
4118235625.000001,-59.43544
4118236562.500001,-59.33003
4118237500.000001,-59.48711
4118238437.500001,-59.43864
4118239375.000001,-59.49617
4118240312.500001,-59.58751
4118241250.000001,-59.49622
4118242187.500001,-59.40549
4118243125.000001,-59.44489
4118244062.500001,-59.44969
4118245000.000001,-59.37802
4118245937.500001,-59.4375
4118246875.000001,-59.58166
4118247812.500001,-59.49977
4118248750.000001,-59.33472
4118249687.500001,-59.26991
4118250625.000001,-59.30549
4118251562.500001,-59.41055
4118252500.000001,-59.26176
4118253437.500001,-59.1235
4118254375.000001,-59.40173
4118255312.500001,-59.45418
4118256250.000001,-59.40347
4118257187.500001,-59.46696
4118258125.000001,-59.39582
4118259062.500001,-59.46058
4118260000.000001,-59.49834
4118260937.500001,-59.46974
4118261875.000001,-59.46148
4118262812.500001,-59.30261
4118263750.000001,-59.31227
4118264687.500001,-59.30357
4118265625.000001,-59.31956
4118266562.500001,-59.31384
4118267500.000001,-59.47915
4118268437.500001,-59.27769
4118269375.000001,-59.33339
4118270312.500001,-59.16198
4118271250.000001,-59.31911
4118272187.500001,-59.50421
4118273125.000001,-59.56614
4118274062.500001,-59.38527
4118275000.000001,-59.33957
4118275937.500001,-59.41882
4118276875.000001,-59.49512
4118277812.500001,-59.36852
4118278750.000001,-59.35545
4118279687.500001,-59.40265
4118280625.000001,-59.3718
4118281562.500001,-59.3764
4118282500.000001,-59.43571
4118283437.500001,-59.28167
4118284375.000001,-59.48215
4118285312.500001,-59.35496
4118286250.000001,-59.40662
4118287187.500001,-59.51556
4118288125.000001,-59.37574
4118289062.500001,-59.48889
4118290000.000001,-59.50916
4118290937.500001,-59.28754
4118291875.000001,-59.41787
4118292812.500001,-59.27787
4118293750.000001,-59.2672
4118294687.500001,-59.19048
4118295625.000001,-59.30301
4118296562.500001,-59.39051
4118297500.000001,-59.35876
4118298437.500001,-59.27518
4118299375.000001,-59.28421
4118300312.500001,-59.34562
4118301250.000001,-59.21561
4118302187.500001,-59.27261
4118303125.000001,-59.22211
4118304062.500001,-59.28728
4118305000.000001,-59.28853
4118305937.500001,-59.33879
4118306875.000001,-59.28321
4118307812.500001,-59.26363
4118308750.000001,-59.28019
4118309687.500001,-59.37197
4118310625.000001,-59.24197
4118311562.500001,-59.35398
4118312500.000001,-59.32722
4118313437.500001,-59.32959
4118314375.000001,-59.19862
4118315312.500001,-59.26385
4118316250.000001,-59.30689
4118317187.500001,-59.06816
4118318125.000001,-59.31612
4118319062.500001,-59.13562
4118320000.000001,-59.39323
4118320937.500001,-59.30553
4118321875.000001,-59.3406
4118322812.500001,-59.24294
4118323750.000001,-59.25456
4118324687.500001,-59.28936
4118325625.000001,-59.44127
4118326562.500001,-59.24242
4118327500.000001,-59.30651
4118328437.500001,-59.13503
4118329375.000001,-59.38303
4118330312.500001,-59.10936
4118331250.000001,-59.26682
4118332187.500001,-59.45034
4118333125.000001,-59.2767
4118334062.500001,-59.30056
4118335000.000001,-59.36178
4118335937.500001,-59.36345
4118336875.000001,-59.37885
4118337812.500001,-59.1457
4118338750.000001,-59.20639
4118339687.500001,-59.12202
4118340625.000001,-59.22363
4118341562.500001,-59.25687
4118342500.000001,-59.18802
4118343437.500001,-59.29985
4118344375.000001,-59.18906
4118345312.500001,-59.15585
4118346250.000001,-59.25288
4118347187.500001,-59.33861
4118348125.000001,-59.18925
4118349062.500001,-59.31855
4118350000.000001,-59.36068
4118350937.500001,-59.2581
4118351875.000001,-59.28005
4118352812.500001,-59.34523
4118353750.000001,-59.23285
4118354687.500001,-59.28365
4118355625.000001,-59.26776
4118356562.500001,-59.02837
4118357500.000001,-59.18937
4118358437.500001,-59.32773
4118359375.000001,-59.16838
4118360312.500001,-59.29081
4118361250.000001,-59.21608
4118362187.500001,-59.26877
4118363125.000001,-59.06346
4118364062.500001,-59.32752
4118365000.000001,-59.15779
4118365937.500001,-59.29481
4118366875.000001,-59.17735
4118367812.500001,-59.21172
4118368750.000001,-59.1186
4118369687.500001,-59.17805
4118370625.000001,-59.25369
4118371562.500001,-59.03722
4118372500.000001,-59.21415
4118373437.500001,-59.13919
4118374375.000001,-59.10644
4118375312.500001,-59.26405
4118376250.000001,-59.3294
4118377187.500001,-59.103
4118378125.000001,-59.09009
4118379062.500001,-59.02514
4118380000.000001,-59.27533
4118380937.500001,-59.19174
4118381875.000001,-59.27323
4118382812.500001,-59.15525
4118383750.000001,-59.09061
4118384687.500001,-59.0429
4118385625.000001,-59.13717
4118386562.500001,-59.21747
4118387500.000001,-59.15879
4118388437.500001,-59.22208
4118389375.000001,-59.21848
4118390312.500001,-59.17627
4118391250.000001,-59.26352
4118392187.500001,-58.98544
4118393125.000001,-59.16129
4118394062.500001,-59.03026
4118395000.000001,-59.24515
4118395937.500001,-59.13099
4118396875.000001,-59.24993
4118397812.500001,-59.0924
4118398750.000001,-59.32572
4118399687.500001,-59.10135
4118400625.000001,-59.24358
4118401562.500001,-59.22351
4118402500.000001,-59.18544
4118403437.500001,-59.20164
4118404375.000001,-59.26517
4118405312.500001,-59.14868
4118406250.000001,-59.22531
4118407187.500001,-59.22082
4118408125.000001,-59.1549
4118409062.500001,-59.1636
4118410000.000001,-59.15756
4118410937.500001,-59.24509
4118411875.000001,-59.03828
4118412812.500001,-59.18803
4118413750.000001,-59.23332
4118414687.500001,-58.94939
4118415625.000001,-59.06242
4118416562.500001,-59.1885
4118417500.000001,-59.01211
4118418437.500001,-59.09143
4118419375.000001,-59.16869
4118420312.500001,-59.09095
4118421250.000001,-59.1466
4118422187.500001,-59.14697
4118423125.000001,-59.13428
4118424062.500001,-59.09694
4118425000.000001,-59.02742
4118425937.500001,-59.01468
4118426875.000001,-59.20437
4118427812.500001,-59.09932
4118428750.000001,-59.12549
4118429687.500001,-59.11178
4118430625.000001,-59.19846
4118431562.500001,-59.05923
4118432500.000001,-59.24818
4118433437.500001,-59.14877
4118434375.000001,-59.00784
4118435312.500001,-58.99469
4118436250.000001,-59.05772
4118437187.500001,-58.93582
4118438125.000001,-59.09509
4118439062.500001,-59.03745
4118440000.000001,-59.16087
4118440937.500001,-58.9938
4118441875.000001,-59.02368
4118442812.500001,-58.84628
4118443750.000001,-59.07857
4118444687.500001,-59.19508
4118445625.000001,-58.97894
4118446562.500001,-59.05483
4118447500.000001,-59.119
4118448437.500001,-58.97638
4118449375.000001,-59.20624
4118450312.500001,-58.87
4118451250.000001,-59.07469
4118452187.500001,-59.18457
4118453125.000001,-58.9427
4118454062.500001,-59.08817
4118455000.000001,-59.07798
4118455937.500001,-59.05429
4118456875.000001,-59.09736
4118457812.500001,-59.18224
4118458750.000001,-58.96166
4118459687.500001,-59.09417
4118460625.000001,-59.05634
4118461562.500001,-59.06274
4118462500.000001,-58.92529
4118463437.500001,-58.93692
4118464375.000001,-58.93395
4118465312.500001,-58.8835
4118466250.000001,-59.0451
4118467187.500001,-59.06033
4118468125.000001,-59.03768
4118469062.500001,-58.98291
4118470000.000001,-59.04337
4118470937.500001,-59.08494
4118471875.000001,-59.00144
4118472812.500001,-59.05158
4118473750.000001,-59.09158
4118474687.500001,-59.14188
4118475625.000001,-58.90944
4118476562.500001,-58.95152
4118477500.000001,-58.95344
4118478437.500001,-59.01289
4118479375.000001,-59.0232
4118480312.500001,-58.97567
4118481250.000001,-59.06681
4118482187.500001,-59.02498
4118483125.000001,-58.95012
4118484062.500001,-58.96771
4118485000.000001,-59.0083
4118485937.500001,-58.97895
4118486875.000001,-59.00475
4118487812.500001,-59.02505
4118488750.000001,-59.1027
4118489687.500001,-59.0385
4118490625.000001,-58.97268
4118491562.500001,-58.82838
4118492500.000001,-59.04145
4118493437.500001,-59.07205
4118494375.000001,-59.0713
4118495312.500001,-58.86928
4118496250.000001,-59.08966
4118497187.500001,-58.8856
4118498125.000001,-58.98354
4118499062.500001,-59.11356
4118500000.000001,-58.93871
4118500937.500001,-59.009
4118501875.000001,-58.98412
4118502812.500001,-58.98629
4118503750.000001,-59.13369
4118504687.500001,-59.00676
4118505625.000001,-58.97863
4118506562.500001,-58.85375
4118507500.000001,-59.11338
4118508437.500001,-58.85467
4118509375.000001,-59.09433
4118510312.500001,-59.01885
4118511250.000001,-58.95494
4118512187.500001,-58.93899
4118513125.000001,-58.90282
4118514062.500001,-58.97278
4118515000.000001,-58.89819
4118515937.500001,-59.07972
4118516875.000001,-59.03145
4118517812.500001,-58.98846
4118518750.000001,-58.89329
4118519687.500001,-58.96082
4118520625.000001,-58.98264
4118521562.500001,-58.9584
4118522500.000001,-58.82959
4118523437.500001,-59.05328
4118524375.000001,-58.92613
4118525312.500001,-58.82657
4118526250.000001,-58.86311
4118527187.500001,-58.85723
4118528125.000001,-58.69365
4118529062.500001,-58.99631
4118530000.000001,-59.02223
4118530937.500001,-58.85394
4118531875.000001,-58.98278
4118532812.500001,-58.9175
4118533750.000001,-58.96383
4118534687.500001,-58.97957
4118535625.000001,-58.78326
4118536562.500001,-58.89749
4118537500.000001,-58.95892
4118538437.500001,-59.01806
4118539375.000001,-58.98759
4118540312.500001,-58.97213
4118541250.000001,-58.96944
4118542187.500001,-58.94175
4118543125.000001,-58.95177
4118544062.500001,-58.81213
4118545000.000001,-58.87697
4118545937.500001,-58.97435
4118546875.000001,-58.94236
4118547812.500001,-58.89501
4118548750.000001,-58.77073
4118549687.500001,-59.02018
4118550625.000001,-58.9894
4118551562.500001,-58.98302
4118552500.000001,-58.90575
4118553437.500001,-58.76438
4118554375.000001,-58.95506
4118555312.500001,-58.85407
4118556250.000001,-58.83639
4118557187.500001,-58.81807
4118558125.000001,-58.86343
4118559062.500001,-58.76766
4118560000.000001,-58.8677
4118560937.500001,-58.89034
4118561875.000001,-58.94767
4118562812.500001,-58.85578
4118563750.000001,-58.96476
4118564687.500001,-58.92521
4118565625.000001,-59.02415
4118566562.500001,-58.95794
4118567500.000001,-58.9244
4118568437.500001,-58.84808
4118569375.000001,-58.7844
4118570312.500001,-58.87976
4118571250.000001,-58.98541
4118572187.500001,-58.89137
4118573125.000001,-58.89233
4118574062.500001,-58.91065
4118575000.000001,-59.04531
4118575937.500001,-58.79909
4118576875.000001,-58.78467
4118577812.500001,-58.9057
4118578750.000001,-58.88263
4118579687.500001,-58.77892
4118580625.000001,-58.84152
4118581562.500001,-58.95416
4118582500.000001,-58.71919
4118583437.500001,-58.75796
4118584375.000001,-58.78036
4118585312.500001,-58.77924
4118586250.000001,-58.86094
4118587187.500001,-58.80181
4118588125.000001,-58.73734
4118589062.500001,-58.78576
4118590000.000001,-58.96489
4118590937.500001,-58.87013
4118591875.000001,-58.70088
4118592812.500001,-58.75349
4118593750.000001,-58.68516
4118594687.500001,-58.80941
4118595625.000001,-58.87996
4118596562.500001,-58.70774
4118597500.000001,-58.82473
4118598437.500001,-58.83765
4118599375.000001,-58.75979
4118600312.500001,-58.77648
4118601250.000001,-58.86085
4118602187.500001,-58.77439
4118603125.000001,-58.78648
4118604062.500001,-58.55955
4118605000.000001,-58.9644
4118605937.500001,-58.8801
4118606875.000001,-58.8984
4118607812.500001,-58.82043
4118608750.000001,-58.84895
4118609687.500001,-58.82945
4118610625.000001,-58.63266
4118611562.500001,-58.79753
4118612500.000001,-58.79237
4118613437.500001,-58.85284
4118614375.000001,-58.89143
4118615312.500001,-58.73872
4118616250.000001,-58.86831
4118617187.500001,-58.84174
4118618125.000001,-58.81109
4118619062.500001,-58.85961
4118620000.000001,-58.79596
4118620937.500001,-58.81079
4118621875.000001,-58.77539
4118622812.500001,-58.75746
4118623750.000001,-58.73232
4118624687.500001,-58.71991
4118625625.000001,-58.73934
4118626562.500001,-58.747
4118627500.000001,-58.77372
4118628437.500001,-58.69304
4118629375.000001,-58.71743
4118630312.500001,-58.90419
4118631250.000001,-58.70285
4118632187.500001,-58.67941
4118633125.000001,-58.69997
4118634062.500001,-58.84756
4118635000.000001,-58.55784
4118635937.500001,-58.74324
4118636875.000001,-58.71672
4118637812.500001,-58.7034
4118638750.000001,-58.65939
4118639687.500001,-58.52767
4118640625.000001,-58.67837
4118641562.500001,-58.77368
4118642500.000001,-58.7855
4118643437.500001,-58.80761
4118644375.000001,-58.65294
4118645312.500001,-58.7559
4118646250.000001,-58.8481
4118647187.500001,-58.70449
4118648125.000001,-58.77048
4118649062.500001,-58.65835
4118650000.000001,-58.72904
4118650937.500001,-58.80339
4118651875.000001,-58.75124
4118652812.500001,-58.76332
4118653750.000001,-58.6453
4118654687.500001,-58.74165
4118655625.000001,-58.83372
4118656562.500001,-58.67722
4118657500.000001,-58.67651
4118658437.500001,-58.75395
4118659375.000001,-58.84185
4118660312.500001,-58.80871
4118661250.000001,-58.93723
4118662187.500001,-58.81131
4118663125.000001,-58.75153
4118664062.500001,-58.69733
4118665000.000001,-58.63238
4118665937.500001,-58.56567
4118666875.000001,-58.74689
4118667812.500001,-58.68174
4118668750.000001,-58.61178
4118669687.500001,-58.67207
4118670625.000001,-58.44876
4118671562.500001,-58.63847
4118672500.000001,-58.56481
4118673437.500001,-58.80046
4118674375.000001,-58.64681
4118675312.500001,-58.7159
4118676250.000001,-58.63148
4118677187.500001,-58.7495
4118678125.000001,-58.72571
4118679062.500001,-58.67368
4118680000.000001,-58.7413
4118680937.500001,-58.66204
4118681875.000001,-58.72597
4118682812.500001,-58.63001
4118683750.000001,-58.46363
4118684687.500001,-58.76388
4118685625.000001,-58.90597
4118686562.500001,-58.54723
4118687500.000001,-58.64092
4118688437.500001,-58.72492
4118689375.000001,-58.73175
4118690312.500001,-58.55557
4118691250.000001,-58.53084
4118692187.500001,-58.59357
4118693125.000001,-58.58699
4118694062.500001,-58.73591
4118695000.000001,-58.57758
4118695937.500001,-58.57385
4118696875.000001,-58.58278
4118697812.500001,-58.48921
4118698750.000001,-58.60702
4118699687.500001,-58.70866
4118700625.000001,-58.59876
4118701562.500001,-58.67453
4118702500.000001,-58.73095
4118703437.500001,-58.96732
4118704375.000001,-58.5388
4118705312.500001,-58.72108
4118706250.000001,-58.68724
4118707187.500001,-58.58963
4118708125.000001,-58.70934
4118709062.500001,-58.60602
4118710000.000001,-58.39724
4118710937.500001,-58.7926
4118711875.000001,-58.42029
4118712812.500001,-58.61187
4118713750.000001,-58.42121
4118714687.500001,-58.74924
4118715625.000001,-58.50223
4118716562.500001,-58.63386
4118717500.000001,-58.56059
4118718437.500001,-58.71609
4118719375.000001,-58.59571
4118720312.500001,-58.62643
4118721250.000001,-58.56254
4118722187.500001,-58.42738
4118723125.000001,-58.63715
4118724062.500001,-58.70895
4118725000.000001,-58.57948
4118725937.500001,-58.49234
4118726875.000001,-58.58511
4118727812.500001,-58.55154
4118728750.000001,-58.64006
4118729687.500001,-58.61959
4118730625.000001,-58.64577
4118731562.500001,-58.61434
4118732500.000001,-58.56051
4118733437.500001,-58.64873
4118734375.000001,-58.58456
4118735312.500001,-58.59477
4118736250.000001,-58.63927
4118737187.500001,-58.50149
4118738125.000001,-58.57866
4118739062.500001,-58.54027
4118740000.000001,-58.55367
4118740937.500001,-58.56093
4118741875.000001,-58.60186
4118742812.500001,-58.76802
4118743750.000001,-58.52727
4118744687.500001,-58.4915
4118745625.000001,-58.51678
4118746562.500001,-58.59713
4118747500.000001,-58.57792
4118748437.500001,-58.51086
4118749375.000001,-58.48734
4118750312.500001,-58.45306
4118751250.000001,-58.72155
4118752187.500001,-58.51564
4118753125.000001,-58.41709
4118754062.500001,-58.41226
4118755000.000001,-58.51964
4118755937.500001,-58.52592
4118756875.000001,-58.55932
4118757812.500001,-58.54134
4118758750.000001,-58.38298
4118759687.500001,-58.51884
4118760625.000001,-58.6231
4118761562.500001,-58.52103
4118762500.000001,-58.45466
4118763437.500001,-58.44486
4118764375.000001,-58.3363
4118765312.500001,-58.5634
4118766250.000001,-58.4338
4118767187.500001,-58.57907
4118768125.000001,-58.42886
4118769062.500001,-58.48904
4118770000.000001,-58.47688
4118770937.500001,-58.48345
4118771875.000001,-58.58907
4118772812.500001,-58.49123
4118773750.000001,-58.5401
4118774687.500001,-58.58435
4118775625.000001,-58.48989
4118776562.500001,-58.50531
4118777500.000001,-58.43428
4118778437.500001,-58.63007
4118779375.000001,-58.59761
4118780312.500001,-58.41436
4118781250.000001,-58.34464
4118782187.500001,-58.3946
4118783125.000001,-58.43733
4118784062.500001,-58.4348
4118785000.000001,-58.4583
4118785937.500001,-58.3789
4118786875.000001,-58.4785
4118787812.500001,-58.47297
4118788750.000001,-58.5603
4118789687.500001,-58.47862
4118790625.000001,-58.44913
4118791562.500001,-58.47952
4118792500.000001,-58.57644
4118793437.500001,-58.43486
4118794375.000001,-58.44947
4118795312.500001,-58.34071
4118796250.000001,-58.37173
4118797187.500001,-58.50849
4118798125.000001,-58.34549
4118799062.500001,-58.44521
4118800000.000001,-58.2852
4118800937.500001,-58.45265
4118801875.000001,-58.33397
4118802812.500001,-58.40446
4118803750.000001,-58.59061
4118804687.500001,-58.46429
4118805625.000001,-58.41811
4118806562.500001,-58.51991
4118807500.000001,-58.46476
4118808437.500001,-58.42721
4118809375.000001,-58.54238
4118810312.500001,-58.40275
4118811250.000001,-58.4397
4118812187.500001,-58.39939
4118813125.000001,-58.50523
4118814062.500001,-58.48044
4118815000.000001,-58.30991
4118815937.500001,-58.4615
4118816875.000001,-58.34456
4118817812.500001,-58.28881
4118818750.000001,-58.55314
4118819687.500001,-58.283
4118820625.000001,-58.40458
4118821562.500001,-58.36375
4118822500.000001,-58.24288
4118823437.500001,-58.33369
4118824375.000001,-58.31945
4118825312.500001,-58.45242
4118826250.000001,-58.45444
4118827187.500001,-58.52941
4118828125.000001,-58.36938
4118829062.500001,-58.37502
4118830000.000001,-58.46236
4118830937.500001,-58.15631
4118831875.000001,-58.40337
4118832812.500001,-58.41887
4118833750.000001,-58.40184
4118834687.500001,-58.33923
4118835625.000001,-58.24123
4118836562.500001,-58.38382
4118837500.000001,-58.44082
4118838437.500001,-58.3833
4118839375.000001,-58.2947
4118840312.500001,-58.28759
4118841250.000001,-58.26244
4118842187.500001,-58.27708
4118843125.000001,-58.2701
4118844062.500001,-58.54013
4118845000.000001,-58.46809
4118845937.500001,-58.34251
4118846875.000001,-58.18776
4118847812.500001,-58.43225
4118848750.000001,-58.26863
4118849687.500001,-58.36727
4118850625.000001,-58.38316
4118851562.500001,-58.31568
4118852500.000001,-58.30817
4118853437.500001,-58.38564
4118854375.000001,-58.27649
4118855312.500001,-58.24296
4118856250.000001,-58.32156
4118857187.500001,-58.37158
4118858125.000001,-58.37694
4118859062.500001,-58.3418
4118860000.000001,-58.18957
4118860937.500001,-58.28985
4118861875.000001,-58.11565
4118862812.500001,-58.33799
4118863750.000001,-58.27666
4118864687.500001,-58.34082
4118865625.000001,-58.28684
4118866562.500001,-58.35711
4118867500.000001,-58.49422
4118868437.500001,-58.39879
4118869375.000001,-58.16372
4118870312.500001,-58.33574
4118871250.000001,-58.31195
4118872187.500001,-58.36971
4118873125.000001,-58.23063
4118874062.500001,-58.2791
4118875000.000001,-58.29638
4118875937.500001,-58.26017
4118876875.000001,-58.28437
4118877812.500001,-58.286
4118878750.000001,-58.39917
4118879687.500001,-58.12418
4118880625.000001,-58.2465
4118881562.500001,-58.29865
4118882500.000001,-58.29178
4118883437.500001,-58.23817
4118884375.000001,-58.20042
4118885312.500001,-58.29627
4118886250.000001,-58.28817
4118887187.500001,-58.33404
4118888125.000001,-58.22723
4118889062.500001,-58.29497
4118890000.000001,-58.33224
4118890937.500001,-58.14558
4118891875.000001,-58.28597
4118892812.500001,-58.19966
4118893750.000001,-58.26049
4118894687.500001,-58.25121
4118895625.000001,-58.13939
4118896562.500001,-58.14814
4118897500.000001,-58.28892
4118898437.500001,-58.23096
4118899375.000001,-58.27882
4118900312.500001,-58.18661
4118901250.000001,-58.20775
4118902187.500001,-58.18044
4118903125.000001,-58.31211
4118904062.500001,-58.215
4118905000.000001,-58.21337
4118905937.500001,-58.19334
4118906875.000001,-58.15538
4118907812.500001,-58.23597
4118908750.000001,-58.25348
4118909687.500001,-58.18979
4118910625.000001,-58.29295
4118911562.500001,-58.27925
4118912500.000001,-58.16842
4118913437.500001,-58.24174
4118914375.000001,-58.2784
4118915312.500001,-58.34806
4118916250.000001,-58.09639
4118917187.500001,-58.2229
4118918125.000001,-58.11212
4118919062.500001,-58.25395
4118920000.000001,-58.09086
4118920937.500001,-58.26933
4118921875.000001,-58.17197
4118922812.500001,-58.14717
4118923750.000001,-58.22044
4118924687.500001,-58.19476
4118925625.000001,-58.11639
4118926562.500001,-58.21661
4118927500.000001,-58.05692
4118928437.500001,-58.13395
4118929375.000001,-58.07844
4118930312.500001,-58.14465
4118931250.000001,-58.17762
4118932187.500001,-58.2822
4118933125.000001,-58.29742
4118934062.500001,-58.14087
4118935000.000001,-58.209
4118935937.500001,-58.23114
4118936875.000001,-58.15546
4118937812.500001,-58.14534
4118938750.000001,-58.24385
4118939687.500001,-58.17198
4118940625.000001,-58.24463
4118941562.500001,-58.16106
4118942500.000001,-58.26022
4118943437.500001,-58.32344
4118944375.000001,-58.22713
4118945312.500001,-58.14262
4118946250.000001,-58.05882
4118947187.500001,-58.23211
4118948125.000001,-58.23509
4118949062.500001,-58.13117
4118950000.000001,-58.22253
4118950937.500001,-58.0789
4118951875.000001,-58.14442
4118952812.500001,-58.06327
4118953750.000001,-58.05004
4118954687.500001,-57.99128
4118955625.000001,-58.13434
4118956562.500001,-58.0872
4118957500.000001,-58.05772
4118958437.500001,-58.26442
4118959375.000001,-58.0497
4118960312.500001,-58.25893
4118961250.000001,-58.08333
4118962187.500001,-58.20149
4118963125.000001,-58.18813
4118964062.500001,-58.14259
4118965000.000001,-58.16779
4118965937.500001,-58.2169
4118966875.000001,-58.1303
4118967812.500001,-58.13567
4118968750.000001,-58.08548
4118969687.500001,-58.10773
4118970625.000001,-58.05706
4118971562.500001,-58.0121
4118972500.000001,-58.00801
4118973437.500001,-58.0481
4118974375.000001,-58.0851
4118975312.500001,-58.08391
4118976250.000001,-58.19356
4118977187.500001,-58.19015
4118978125.000001,-58.20047
4118979062.500001,-58.2071
4118980000.000001,-58.03249
4118980937.500001,-58.07034
4118981875.000001,-58.04105
4118982812.500001,-58.17908
4118983750.000001,-58.10718
4118984687.500001,-58.22805
4118985625.000001,-58.03074
4118986562.500001,-58.0719
4118987500.000001,-58.24086
4118988437.500001,-58.13681
4118989375.000001,-57.9291
4118990312.500001,-57.97736
4118991250.000001,-57.9861
4118992187.500001,-58.11223
4118993125.000001,-57.98295
4118994062.500001,-58.1571
4118995000.000001,-58.17337
4118995937.500001,-57.93559
4118996875.000001,-58.04271
4118997812.500001,-58.04323
4118998750.000001,-58.10202
4118999687.500001,-58.09688
4119000625.000001,-58.00179
4119001562.500001,-58.10573
4119002500.000001,-58.09945
4119003437.500001,-58.10856
4119004375.000001,-58.13134
4119005312.500001,-58.07078
4119006250.000001,-58.00239
4119007187.500001,-58.09116
4119008125.000001,-58.00087
4119009062.500001,-58.09764
4119010000.000001,-57.97597
4119010937.500001,-58.04643
4119011875.000001,-58.06949
4119012812.500001,-58.10559
4119013750.000001,-58.14585
4119014687.500001,-58.01686
4119015625.000001,-58.0232
4119016562.500001,-58.06732
4119017500.000001,-58.11129
4119018437.500001,-58.03593
4119019375.000001,-57.96831
4119020312.500001,-58.15929
4119021250.000001,-57.91636
4119022187.500001,-58.00256
4119023125.000001,-58.12143
4119024062.500001,-57.99394
4119025000.000001,-57.95837
4119025937.500001,-58.0029
4119026875.000001,-58.05618
4119027812.500001,-58.1213
4119028750.000001,-57.89657
4119029687.500001,-57.91287
4119030625.000001,-57.91748
4119031562.500001,-57.96521
4119032500.000001,-57.99663
4119033437.500001,-58.11944
4119034375.000001,-57.98519
4119035312.500001,-57.97485
4119036250.000001,-58.0673
4119037187.500001,-57.91221
4119038125.000001,-58.01362
4119039062.500001,-58.09681
4119040000.000001,-57.86495
4119040937.500001,-58.01259
4119041875.000001,-57.96893
4119042812.500001,-57.95644
4119043750.000001,-57.83842
4119044687.500001,-57.93287
4119045625.000001,-57.99174
4119046562.500001,-57.9627
4119047500.000001,-57.96619
4119048437.500001,-58.10799
4119049375.000001,-58.00367
4119050312.500001,-57.86027
4119051250.000001,-57.98587
4119052187.500001,-57.93855
4119053125.000001,-57.94604
4119054062.500001,-58.021
4119055000.000001,-57.91953
4119055937.500001,-57.92934
4119056875.000001,-57.87551
4119057812.500001,-58.06283
4119058750.000001,-57.81974
4119059687.500001,-57.96229
4119060625.000001,-58.00443
4119061562.500001,-57.91493
4119062500.000001,-57.86066
4119063437.500001,-57.92928
4119064375.000001,-57.9481
4119065312.500001,-58.05549
4119066250.000001,-57.91441
4119067187.500001,-57.93856
4119068125.000001,-57.90123
4119069062.500001,-58.1171
4119070000.000001,-57.89069
4119070937.500001,-57.86013
4119071875.000001,-57.88739
4119072812.500001,-57.91199
4119073750.000001,-57.87963
4119074687.500001,-57.9165
4119075625.000001,-58.00141
4119076562.500001,-57.94365
4119077500.000001,-57.78176
4119078437.500001,-57.91448
4119079375.000001,-57.95429
4119080312.500001,-57.88354
4119081250.000001,-57.91146
4119082187.500001,-57.85739
4119083125.000001,-58.0104
4119084062.500001,-58.0362
4119085000.000001,-57.90796
4119085937.500001,-57.87563
4119086875.000001,-57.93108
4119087812.500001,-57.89207
4119088750.000001,-57.73961
4119089687.500001,-57.72884
4119090625.000001,-57.97985
4119091562.500001,-57.95447
4119092500.000001,-57.92928
4119093437.500001,-57.90733
4119094375.000001,-57.81046
4119095312.500001,-57.83319
4119096250.000001,-57.97626
4119097187.500001,-57.83951
4119098125.000001,-57.9158
4119099062.500001,-57.83394
4119100000.000001,-57.86332
4119100937.500001,-57.88037
4119101875.000001,-57.96728
4119102812.500001,-57.79691
4119103750.000001,-57.839
4119104687.500001,-57.83789
4119105625.000001,-57.95618
4119106562.500001,-57.83346
4119107500.000001,-57.87784
4119108437.500001,-57.90844
4119109375.000001,-57.90589
4119110312.500001,-57.89353
4119111250.000001,-57.72976
4119112187.500001,-57.78029
4119113125.000001,-57.87904
4119114062.500001,-57.94777
4119115000.000001,-57.83926
4119115937.500001,-57.91706
4119116875.000001,-57.87596
4119117812.500001,-57.67754
4119118750.000001,-57.75735
4119119687.500001,-57.71024
4119120625.000001,-57.71424
4119121562.500001,-57.75358
4119122500.000001,-57.77279
4119123437.500001,-57.91671
4119124375.000001,-57.78162
4119125312.500001,-57.78168
4119126250.000001,-57.7472
4119127187.500001,-57.77626
4119128125.000001,-57.98684
4119129062.500001,-57.85393
4119130000.000001,-57.74616
4119130937.500001,-57.77262
4119131875.000001,-57.76652
4119132812.500001,-57.92707
4119133750.000001,-57.81631
4119134687.500001,-57.87922
4119135625.000001,-57.8504
4119136562.500001,-57.71741
4119137500.000001,-57.69717
4119138437.500001,-57.605
4119139375.000001,-57.7716
4119140312.500001,-57.80836
4119141250.000001,-57.74061
4119142187.500001,-57.8215
4119143125.000001,-57.84376
4119144062.500001,-57.83433
4119145000.000001,-57.8264
4119145937.500001,-57.82891
4119146875.000001,-57.6918
4119147812.500001,-57.7749
4119148750.000001,-57.82682
4119149687.500001,-57.84993
4119150625.000001,-57.72907
4119151562.500001,-57.69396
4119152500.000001,-57.70111
4119153437.500001,-57.68242
4119154375.000001,-57.84052
4119155312.500001,-57.68195
4119156250.000001,-57.69298
4119157187.500001,-57.75793
4119158125.000001,-57.7115
4119159062.500001,-57.80079
4119160000.000001,-57.6239
4119160937.500001,-57.69389
4119161875.000001,-57.75896
4119162812.500001,-57.81636
4119163750.000001,-57.72614
4119164687.500001,-57.58717
4119165625.000001,-57.64732
4119166562.500001,-57.69862
4119167500.000001,-57.72578
4119168437.500001,-57.63225
4119169375.000001,-57.65586
4119170312.500001,-57.67535
4119171250.000001,-57.79379
4119172187.500001,-57.83143
4119173125.000001,-57.74453
4119174062.500001,-57.71895
4119175000.000001,-57.72993
4119175937.500001,-57.79189
4119176875.000001,-57.60815
4119177812.500001,-57.70964
4119178750.000001,-57.64362
4119179687.500001,-57.7751
4119180625.000001,-57.64306
4119181562.500001,-57.6095
4119182500.000001,-57.71686
4119183437.500001,-57.70516
4119184375.000001,-57.69709
4119185312.500001,-57.79003
4119186250.000001,-57.71026
4119187187.500001,-57.69168
4119188125.000001,-57.66417
4119189062.500001,-57.67955
4119190000.000001,-57.64216
4119190937.500001,-57.58903
4119191875.000001,-57.74009
4119192812.500001,-57.64122
4119193750.000001,-57.70647
4119194687.500001,-57.66913
4119195625.000001,-57.64673
4119196562.500001,-57.62929
4119197500.000001,-57.67708
4119198437.500001,-57.59081
4119199375.000001,-57.5224
4119200312.500001,-57.72427
4119201250.000001,-57.58771
4119202187.500001,-57.78348
4119203125.000001,-57.61929
4119204062.500001,-57.60125
4119205000.000001,-57.77163
4119205937.500001,-57.5762
4119206875.000001,-57.6316
4119207812.500001,-57.78093
4119208750.000001,-57.63189
4119209687.500001,-57.62468
4119210625.000001,-57.61622
4119211562.500001,-57.68303
4119212500.000001,-57.58451
4119213437.500001,-57.56227
4119214375.000001,-57.51452
4119215312.500001,-57.5915
4119216250.000001,-57.6441
4119217187.500001,-57.55748
4119218125.000001,-57.66645
4119219062.500001,-57.49205
4119220000.000001,-57.63787
4119220937.500001,-57.63733
4119221875.000001,-57.52592
4119222812.500001,-57.60851
4119223750.000001,-57.5238
4119224687.500001,-57.66358
4119225625.000001,-57.63536
4119226562.500001,-57.6544
4119227500.000001,-57.66283
4119228437.500001,-57.59495
4119229375.000001,-57.54913
4119230312.500001,-57.65776
4119231250.000001,-57.56123
4119232187.500001,-57.6352
4119233125.000001,-57.62877
4119234062.500001,-57.65083
4119235000.000001,-57.66329
4119235937.500001,-57.55696
4119236875.000001,-57.65458
4119237812.500001,-57.46607
4119238750.000001,-57.4755
4119239687.500001,-57.60445
4119240625.000001,-57.68851
4119241562.500001,-57.58766
4119242500.000001,-57.66814
4119243437.500001,-57.47816
4119244375.000001,-57.52347
4119245312.500001,-57.46786
4119246250.000001,-57.58129
4119247187.500001,-57.65392
4119248125.000001,-57.40537
4119249062.500001,-57.56078
4119250000.000001,-57.5034
4119250937.500001,-57.51673
4119251875.000001,-57.43506
4119252812.500001,-57.47007
4119253750.000001,-57.61802
4119254687.500001,-57.6266
4119255625.000001,-57.66543
4119256562.500001,-57.56416
4119257500.000001,-57.43045
4119258437.500001,-57.45908
4119259375.000001,-57.46273
4119260312.500001,-57.45415
4119261250.000001,-57.56477
4119262187.500001,-57.45375
4119263125.000001,-57.57191
4119264062.500001,-57.48246
4119265000.000001,-57.49425
4119265937.500001,-57.47725
4119266875.000001,-57.36876
4119267812.500001,-57.46999
4119268750.000001,-57.52869
4119269687.500001,-57.5199
4119270625.000001,-57.49331
4119271562.500001,-57.60254
4119272500.000001,-57.53579
4119273437.500001,-57.52506
4119274375.000001,-57.52749
4119275312.500001,-57.43047
4119276250.000001,-57.45243
4119277187.500001,-57.59468
4119278125.000001,-57.55543
4119279062.500001,-57.50862
4119280000.000001,-57.41325
4119280937.500001,-57.4943
4119281875.000001,-57.58799
4119282812.500001,-57.45523
4119283750.000001,-57.54039
4119284687.500001,-57.49545
4119285625.000001,-57.59728
4119286562.500001,-57.39649
4119287500.000001,-57.47561
4119288437.500001,-57.50324
4119289375.000001,-57.57273
4119290312.500001,-57.5203
4119291250.000001,-57.40482
4119292187.500001,-57.39969
4119293125.000001,-57.58519
4119294062.500001,-57.52149
4119295000.000001,-57.5891
4119295937.500001,-57.62418
4119296875.000001,-57.36509
4119297812.500001,-57.43093
4119298750.000001,-57.33427
4119299687.500001,-57.54049
4119300625.000001,-57.43064
4119301562.500001,-57.45686
4119302500.000001,-57.46743
4119303437.500001,-57.49689
4119304375.000001,-57.33498
4119305312.500001,-57.37963
4119306250.000001,-57.54243
4119307187.500001,-57.51736
4119308125.000001,-57.41467
4119309062.500001,-57.55866
4119310000.000001,-57.54617
4119310937.500001,-57.52296
4119311875.000001,-57.41946
4119312812.500001,-57.46767
4119313750.000001,-57.40311
4119314687.500001,-57.4358
4119315625.000001,-57.53603
4119316562.500001,-57.2812
4119317500.000001,-57.36573
4119318437.500001,-57.32169
4119319375.000001,-57.36419
4119320312.500001,-57.35581
4119321250.000001,-57.38692
4119322187.500001,-57.3533
4119323125.000001,-57.31339
4119324062.500001,-57.40516
4119325000.000001,-57.30892
4119325937.500001,-57.46608
4119326875.000001,-57.5172
4119327812.500001,-57.2526
4119328750.000001,-57.29435
4119329687.500001,-57.44803
4119330625.000001,-57.43217
4119331562.500001,-57.35943
4119332500.000001,-57.34451
4119333437.500001,-57.3336
4119334375.000001,-57.3338
4119335312.500001,-57.32359
4119336250.000001,-57.38306
4119337187.500001,-57.44747
4119338125.000001,-57.43869
4119339062.500001,-57.33952
4119340000.000001,-57.24092
4119340937.500001,-57.37633
4119341875.000001,-57.38558
4119342812.500001,-57.47965
4119343750.000001,-57.24244
4119344687.500001,-57.37719
4119345625.000001,-57.37275
4119346562.500001,-57.4066
4119347500.000001,-57.29869
4119348437.500001,-57.53768
4119349375.000001,-57.24498
4119350312.500001,-57.3893
4119351250.000001,-57.4
4119352187.500001,-57.29347
4119353125.000001,-57.25951
4119354062.500001,-57.24359
4119355000.000001,-57.29817
4119355937.500001,-57.42281
4119356875.000001,-57.45381
4119357812.500001,-57.35102
4119358750.000001,-57.36958
4119359687.500001,-57.29779
4119360625.000001,-57.23893
4119361562.500001,-57.38418
4119362500.000001,-57.34786
4119363437.500001,-57.33701
4119364375.000001,-57.28086
4119365312.500001,-57.28624
4119366250.000001,-57.3245
4119367187.500001,-57.19175
4119368125.000001,-57.30438
4119369062.500001,-57.14038
4119370000.000001,-57.28925
4119370937.500001,-57.31422
4119371875.000001,-57.308
4119372812.500001,-57.39737
4119373750.000001,-57.29401
4119374687.500001,-57.38261
4119375625.000001,-57.23083
4119376562.500001,-57.26212
4119377500.000001,-57.26476
4119378437.500001,-57.30417
4119379375.000001,-57.31826
4119380312.500001,-57.34513
4119381250.000001,-57.35222
4119382187.500001,-57.27589
4119383125.000001,-57.33062
4119384062.500001,-57.2401
4119385000.000001,-57.19433
4119385937.500001,-57.29926
4119386875.000001,-57.35368
4119387812.500001,-57.18899
4119388750.000001,-57.2103
4119389687.500001,-57.22077
4119390625.000001,-57.30241
4119391562.500001,-57.24569
4119392500.000001,-57.36976
4119393437.500001,-57.27299
4119394375.000001,-57.24478
4119395312.500001,-57.179
4119396250.000001,-57.23431
4119397187.500001,-57.32695
4119398125.000001,-57.27303
4119399062.500001,-57.2682
4119400000.000001,-57.29791
4119400937.500001,-57.26775
4119401875.000001,-57.19096
4119402812.500001,-57.42455
4119403750.000001,-57.31486
4119404687.500001,-57.09275
4119405625.000001,-57.19003
4119406562.500001,-57.32917
4119407500.000001,-57.36889
4119408437.500001,-57.27896
4119409375.000001,-57.21201
4119410312.500001,-57.28936
4119411250.000001,-57.24372
4119412187.500001,-57.34716
4119413125.000001,-57.24318
4119414062.500001,-57.18118
4119415000.000001,-57.21741
4119415937.500001,-57.30531
4119416875.000001,-57.19447
4119417812.500001,-57.18218
4119418750.000001,-57.14206
4119419687.500001,-57.07144
4119420625.000001,-57.07116
4119421562.500001,-57.14006
4119422500.000001,-57.23682
4119423437.500001,-57.07036
4119424375.000001,-57.1197
4119425312.500001,-57.21207
4119426250.000001,-57.13419
4119427187.500001,-57.1654
4119428125.000001,-57.17739
4119429062.500001,-57.23763
4119430000.000001,-57.21593
4119430937.500001,-57.09382
4119431875.000001,-57.21487
4119432812.500001,-57.1872
4119433750.000001,-57.06978
4119434687.500001,-57.29431
4119435625.000001,-57.05807
4119436562.500001,-57.07192
4119437500.000001,-57.19184
4119438437.500001,-57.18459
4119439375.000001,-57.23117
4119440312.500001,-57.12125
4119441250.000001,-57.25813
4119442187.500001,-57.15133
4119443125.000001,-57.07896
4119444062.500001,-57.15465
4119445000.000001,-57.18197
4119445937.500001,-57.10664
4119446875.000001,-57.22084
4119447812.500001,-57.21411
4119448750.000001,-57.14576
4119449687.500001,-57.11634
4119450625.000001,-57.13218
4119451562.500001,-57.17842
4119452500.000001,-57.04564
4119453437.500001,-57.04923
4119454375.000001,-57.04217
4119455312.500001,-57.04253
4119456250.000001,-57.18511
4119457187.500001,-57.09952
4119458125.000001,-57.24734
4119459062.500001,-57.2493
4119460000.000001,-57.07796
4119460937.500001,-57.00919
4119461875.000001,-57.09663
4119462812.500001,-57.03727
4119463750.000001,-57.16566
4119464687.500001,-57.12625
4119465625.000001,-57.14124
4119466562.500001,-57.11131
4119467500.000001,-57.17107
4119468437.500001,-57.01846
4119469375.000001,-56.97206
4119470312.500001,-57.18472
4119471250.000001,-57.29948
4119472187.500001,-57.11069
4119473125.000001,-57.06269
4119474062.500001,-57.18171
4119475000.000001,-56.98754
4119475937.500001,-57.06519
4119476875.000001,-57.08918
4119477812.500001,-57.062
4119478750.000001,-57.05925
4119479687.500001,-57.14927
4119480625.000001,-56.99787
4119481562.500001,-56.99817
4119482500.000001,-57.02903
4119483437.500001,-57.1916
4119484375.000001,-57.032
4119485312.500001,-57.163
4119486250.000001,-56.9702
4119487187.500001,-56.9837
4119488125.000001,-57.10996
4119489062.500001,-56.96554
4119490000.000001,-57.0891
4119490937.500001,-56.99924
4119491875.000001,-57.02262
4119492812.500001,-57.17408
4119493750.000001,-56.93263
4119494687.500001,-57.00686
4119495625.000001,-57.12751
4119496562.500001,-57.08498
4119497500.000001,-56.99827
4119498437.500001,-57.10096
4119499375.000001,-56.98785
4119500312.500001,-57.13422
4119501250.000001,-57.04626
4119502187.500001,-57.00837
4119503125.000001,-56.98059
4119504062.500001,-57.02509
4119505000.000001,-57.07746
4119505937.500001,-56.92997
4119506875.000001,-56.91974
4119507812.500001,-56.98314
4119508750.000001,-56.99176
4119509687.500001,-56.94921
4119510625.000001,-56.90858
4119511562.500001,-57.05819
4119512500.000001,-56.96309
4119513437.500001,-57.12748
4119514375.000001,-57.07483
4119515312.500001,-56.9095
4119516250.000001,-56.87131
4119517187.500001,-56.95354
4119518125.000001,-56.92777
4119519062.500001,-56.8582
4119520000.000001,-56.8728
4119520937.500001,-57.02401
4119521875.000001,-56.85419
4119522812.500001,-56.87799
4119523750.000001,-56.90444
4119524687.500001,-56.93042
4119525625.000001,-56.91899
4119526562.500001,-56.92418
4119527500.000001,-56.99215
4119528437.500001,-56.90701
4119529375.000001,-56.97591
4119530312.500001,-56.93597
4119531250.000001,-56.75335
4119532187.500001,-56.90484
4119533125.000001,-57.01971
4119534062.500001,-57.06869
4119535000.000001,-56.88081
4119535937.500001,-56.84525
4119536875.000001,-56.92227
4119537812.500001,-56.99165
4119538750.000001,-56.96724
4119539687.500001,-56.86756
4119540625.000001,-56.84278
4119541562.500001,-56.94646
4119542500.000001,-56.92132
4119543437.500001,-56.94915
4119544375.000001,-57.01217
4119545312.500001,-56.9449
4119546250.000001,-57.04985
4119547187.500001,-56.93103
4119548125.000001,-56.98768
4119549062.500001,-56.9217
4119550000.000001,-56.94424
4119550937.500001,-56.91001
4119551875.000001,-56.94859
4119552812.500001,-56.92169
4119553750.000001,-56.8733
4119554687.500001,-56.85171
4119555625.000001,-57.00419
4119556562.500001,-56.86691
4119557500.000001,-56.90528
4119558437.500001,-56.92531
4119559375.000001,-56.89766
4119560312.500001,-56.90599
4119561250.000001,-56.95663
4119562187.500001,-56.89515
4119563125.000001,-56.79227
4119564062.500001,-56.8939
4119565000.000001,-56.8102
4119565937.500001,-56.85468
4119566875.000001,-56.91319
4119567812.500001,-56.77229
4119568750.000001,-56.88786
4119569687.500001,-56.89129
4119570625.000001,-56.89112
4119571562.500001,-56.94064
4119572500.000001,-56.88146
4119573437.500001,-56.77399
4119574375.000001,-56.84368
4119575312.500001,-56.90675
4119576250.000001,-56.88272
4119577187.500001,-56.82475
4119578125.000001,-56.95308
4119579062.500001,-56.93184
4119580000.000001,-56.84915
4119580937.500001,-56.79807
4119581875.000001,-56.76619
4119582812.500001,-56.86295
4119583750.000001,-56.82869
4119584687.500001,-56.90863
4119585625.000001,-56.71647
4119586562.500001,-56.88782
4119587500.000001,-56.79259
4119588437.500001,-56.95457
4119589375.000001,-56.82938
4119590312.500001,-56.90944
4119591250.000001,-56.86562
4119592187.500001,-56.72949
4119593125.000001,-56.80187
4119594062.500001,-56.84161
4119595000.000001,-56.7404
4119595937.500001,-56.70493
4119596875.000001,-56.8119
4119597812.500001,-56.74121
4119598750.000001,-56.75478
4119599687.500001,-56.75026
4119600625.000001,-56.72361
4119601562.500001,-56.82757
4119602500.000001,-56.68552
4119603437.500001,-56.85498
4119604375.000001,-56.7819
4119605312.500001,-56.79562
4119606250.000001,-56.70817
4119607187.500001,-56.83932
4119608125.000001,-56.77171
4119609062.500001,-56.81989
4119610000.000001,-56.84804
4119610937.500001,-56.78335
4119611875.000001,-56.77545
4119612812.500001,-56.70792
4119613750.000001,-56.8177
4119614687.500001,-56.78125
4119615625.000001,-56.81486
4119616562.500001,-56.79798
4119617500.000001,-56.70081
4119618437.500001,-56.67201
4119619375.000001,-56.80211
4119620312.500001,-56.73848
4119621250.000001,-56.52224
4119622187.500001,-56.64785
4119623125.000001,-56.75544
4119624062.500001,-56.81292
4119625000.000001,-56.64666
4119625937.500001,-56.69505
4119626875.000001,-56.8697
4119627812.500001,-56.76194
4119628750.000001,-56.76677
4119629687.500001,-56.70919
4119630625.000001,-56.65033
4119631562.500001,-56.87331
4119632500.000001,-56.75938
4119633437.500001,-56.66246
4119634375.000001,-56.85593
4119635312.500001,-56.90794
4119636250.000001,-56.68417
4119637187.500001,-56.69125
4119638125.000001,-56.8086
4119639062.500001,-56.72337
4119640000.000001,-56.69651
4119640937.500001,-56.72755
4119641875.000001,-56.68213
4119642812.500001,-56.61233
4119643750.000001,-56.60531
4119644687.500001,-56.75108
4119645625.000001,-56.70962
4119646562.500001,-56.59421
4119647500.000001,-56.63452
4119648437.500001,-56.72435
4119649375.000001,-56.56612
4119650312.500001,-56.68185
4119651250.000001,-56.60779
4119652187.500001,-56.59427
4119653125.000001,-56.62099
4119654062.500001,-56.62926
4119655000.000001,-56.77951
4119655937.500001,-56.77998
4119656875.000001,-56.79956
4119657812.500001,-56.5317
4119658750.000001,-56.64734
4119659687.500001,-56.57037
4119660625.000001,-56.60632
4119661562.500001,-56.69258
4119662500.000001,-56.61553
4119663437.500001,-56.66776
4119664375.000001,-56.49762
4119665312.500001,-56.568
4119666250.000001,-56.67723
4119667187.500001,-56.56155
4119668125.000001,-56.64853
4119669062.500001,-56.68496
4119670000.000001,-56.68484
4119670937.500001,-56.49256
4119671875.000001,-56.64294
4119672812.500001,-56.57171
4119673750.000001,-56.58968
4119674687.500001,-56.61331
4119675625.000001,-56.57978
4119676562.500001,-56.57295
4119677500.000001,-56.62745
4119678437.500001,-56.63944
4119679375.000001,-56.62836
4119680312.500001,-56.60125
4119681250.000001,-56.44281
4119682187.500001,-56.69638
4119683125.000001,-56.63599
4119684062.500001,-56.60517
4119685000.000001,-56.56021
4119685937.500001,-56.66518
4119686875.000001,-56.71754
4119687812.500001,-56.63265
4119688750.000001,-56.65467
4119689687.500001,-56.51247
4119690625.000001,-56.50639
4119691562.500001,-56.64555
4119692500.000001,-56.57888
4119693437.500001,-56.52712
4119694375.000001,-56.47311
4119695312.500001,-56.57345
4119696250.000001,-56.58337
4119697187.500001,-56.61608
4119698125.000001,-56.51321
4119699062.500001,-56.67266
4119700000.000001,-56.61739
4119700937.500001,-56.49409
4119701875.000001,-56.46758
4119702812.500001,-56.61031
4119703750.000001,-56.72511
4119704687.500001,-56.55646
4119705625.000001,-56.43653
4119706562.500001,-56.6321
4119707500.000001,-56.58
4119708437.500001,-56.61226
4119709375.000001,-56.44328
4119710312.500001,-56.54373
4119711250.000001,-56.65074
4119712187.500001,-56.64394
4119713125.000001,-56.53066
4119714062.500001,-56.49376
4119715000.000001,-56.62121
4119715937.500001,-56.56586
4119716875.000001,-56.59389
4119717812.500001,-56.49398
4119718750.000001,-56.57796
4119719687.500001,-56.46596
4119720625.000001,-56.49049
4119721562.500001,-56.53123
4119722500.000001,-56.46076
4119723437.500001,-56.5717
4119724375.000001,-56.53402
4119725312.500001,-56.54455
4119726250.000001,-56.50549
4119727187.500001,-56.3914
4119728125.000001,-56.43519
4119729062.500001,-56.61533
4119730000.000001,-56.46532
4119730937.500001,-56.57074
4119731875.000001,-56.45491
4119732812.500001,-56.63019
4119733750.000001,-56.4803
4119734687.500001,-56.53815
4119735625.000001,-56.47699
4119736562.500001,-56.42963
4119737500.000001,-56.41966
4119738437.500001,-56.30714
4119739375.000001,-56.43742
4119740312.500001,-56.43059
4119741250.000001,-56.47899
4119742187.500001,-56.48672
4119743125.000001,-56.51416
4119744062.500001,-56.36128
4119745000.000001,-56.46406
4119745937.500001,-56.39822
4119746875.000001,-56.50054
4119747812.500001,-56.49471
4119748750.000001,-56.50007
4119749687.500001,-56.39403
4119750625.000001,-56.50273
4119751562.500001,-56.43723
4119752500.000001,-56.41357
4119753437.500001,-56.42624
4119754375.000001,-56.50801
4119755312.500001,-56.58271
4119756250.000001,-56.5162
4119757187.500001,-56.42591
4119758125.000001,-56.37344
4119759062.500001,-56.36919
4119760000.000001,-56.37893
4119760937.500001,-56.44611
4119761875.000001,-56.40471
4119762812.500001,-56.38757
4119763750.000001,-56.4028
4119764687.500001,-56.42838
4119765625.000001,-56.53098
4119766562.500001,-56.43298
4119767500.000001,-56.29265
4119768437.500001,-56.30276
4119769375.000001,-56.36182
4119770312.500001,-56.46365
4119771250.000001,-56.44605
4119772187.500001,-56.37263
4119773125.000001,-56.46797
4119774062.500001,-56.34319
4119775000.000001,-56.40839
4119775937.500001,-56.44156
4119776875.000001,-56.3649
4119777812.500001,-56.34988
4119778750.000001,-56.38913
4119779687.500001,-56.38345
4119780625.000001,-56.32087
4119781562.500001,-56.46329
4119782500.000001,-56.44461
4119783437.500001,-56.36505
4119784375.000001,-56.46529
4119785312.500001,-56.33639
4119786250.000001,-56.37591
4119787187.500001,-56.23875
4119788125.000001,-56.28437
4119789062.500001,-56.42512
4119790000.000001,-56.42362
4119790937.500001,-56.26414
4119791875.000001,-56.40042
4119792812.500001,-56.37492
4119793750.000001,-56.35727
4119794687.500001,-56.39044
4119795625.000001,-56.33675
4119796562.500001,-56.44159
4119797500.000001,-56.3178
4119798437.500001,-56.32226
4119799375.000001,-56.31862
4119800312.500001,-56.3277
4119801250.000001,-56.26526
4119802187.500001,-56.28848
4119803125.000001,-56.38265
4119804062.500001,-56.32222
4119805000.000001,-56.26123
4119805937.500001,-56.35058
4119806875.000001,-56.23944
4119807812.500001,-56.2441
4119808750.000001,-56.36332
4119809687.500001,-56.36181
4119810625.000001,-56.17469
4119811562.500001,-56.34318
4119812500.000001,-56.25521
4119813437.500001,-56.28812
4119814375.000001,-56.30303
4119815312.500001,-56.23212
4119816250.000001,-56.36293
4119817187.500001,-56.39482
4119818125.000001,-56.20442
4119819062.500001,-56.30469
4119820000.000001,-56.26929
4119820937.500001,-56.23658
4119821875.000001,-56.28976
4119822812.500001,-56.29568
4119823750.000001,-56.36127
4119824687.500001,-56.16875
4119825625.000001,-56.22511
4119826562.500001,-56.09431
4119827500.000001,-56.31157
4119828437.500001,-56.32021
4119829375.000001,-56.1817
4119830312.500001,-56.34737
4119831250.000001,-56.24269
4119832187.500001,-56.35373
4119833125.000001,-56.28082
4119834062.500001,-56.23142
4119835000.000001,-56.22234
4119835937.500001,-56.25545
4119836875.000001,-56.23519
4119837812.500001,-56.25489
4119838750.000001,-56.27016
4119839687.500001,-56.23763
4119840625.000001,-56.25438
4119841562.500001,-56.31881
4119842500.000001,-56.18119
4119843437.500001,-56.12305
4119844375.000001,-56.26506
4119845312.500001,-56.16148
4119846250.000001,-56.20022
4119847187.500001,-56.23719
4119848125.000001,-56.03037
4119849062.500001,-56.13733
4119850000.000001,-56.12842
4119850937.500001,-56.21114
4119851875.000001,-56.14433
4119852812.500001,-56.28987
4119853750.000001,-56.13603
4119854687.500001,-56.21409
4119855625.000001,-56.20432
4119856562.500001,-56.18563
4119857500.000001,-56.21254
4119858437.500001,-56.24759
4119859375.000001,-56.23335
4119860312.500001,-56.14243
4119861250.000001,-56.17825
4119862187.500001,-56.1431
4119863125.000001,-56.30944
4119864062.500001,-56.13754
4119865000.000001,-56.21388
4119865937.500001,-56.12837
4119866875.000001,-56.16319
4119867812.500001,-56.15172
4119868750.000001,-56.1626
4119869687.500001,-56.1821
4119870625.000001,-56.1567
4119871562.500001,-56.14329
4119872500.000001,-56.17533
4119873437.500001,-56.21189
4119874375.000001,-56.07992
4119875312.500001,-56.16514
4119876250.000001,-56.22805
4119877187.500001,-56.12416
4119878125.000001,-56.11536
4119879062.500001,-56.16109
4119880000.000001,-56.11635
4119880937.500001,-56.20297
4119881875.000001,-56.10418
4119882812.500001,-56.07024
4119883750.000001,-56.15786
4119884687.500001,-56.14671
4119885625.000001,-56.05333
4119886562.500001,-56.21312
4119887500.000001,-56.08648
4119888437.500001,-56.02441
4119889375.000001,-56.11737
4119890312.500001,-56.15635
4119891250.000001,-56.01456
4119892187.500001,-56.10478
4119893125.000001,-56.127
4119894062.500001,-56.11417
4119895000.000001,-56.01508
4119895937.500001,-56.06158
4119896875.000001,-56.05782
4119897812.500001,-56.08481
4119898750.000001,-56.22332
4119899687.500001,-56.05585
4119900625.000001,-56.15459
4119901562.500001,-56.00555
4119902500.000001,-56.10205
4119903437.500001,-56.06663
4119904375.000001,-56.07042
4119905312.500001,-56.03785
4119906250.000001,-55.93707
4119907187.500001,-55.99542
4119908125.000001,-56.03702
4119909062.500001,-55.96823
4119910000.000001,-56.11112
4119910937.500001,-55.99449
4119911875.000001,-56.10057
4119912812.500001,-55.93675
4119913750.000001,-56.092
4119914687.500001,-56.07573
4119915625.000001,-56.03802
4119916562.500001,-56.00644
4119917500.000001,-56.07976
4119918437.500001,-55.99163
4119919375.000001,-56.07331
4119920312.500001,-56.10735
4119921250.000001,-56.02798
4119922187.500001,-56.06409
4119923125.000001,-56.0839
4119924062.500001,-55.94182
4119925000.000001,-55.96259
4119925937.500001,-55.98932
4119926875.000001,-55.90831
4119927812.500001,-56.06411
4119928750.000001,-55.97522
4119929687.500001,-55.99092
4119930625.000001,-55.99138
4119931562.500001,-56.07882
4119932500.000001,-56.0126
4119933437.500001,-56.06608
4119934375.000001,-55.97454
4119935312.500001,-56.02583
4119936250.000001,-55.96713
4119937187.500001,-55.97133
4119938125.000001,-56.09297
4119939062.500001,-56.05209
4119940000.000001,-56.09192
4119940937.500001,-55.91364
4119941875.000001,-55.93981
4119942812.500001,-56.05658
4119943750.000001,-55.82273
4119944687.500001,-56.01319
4119945625.000001,-55.98095
4119946562.500001,-56.05968
4119947500.000001,-55.92102
4119948437.500001,-56.01522
4119949375.000001,-55.89127
4119950312.500001,-55.93564
4119951250.000001,-56.02438
4119952187.500001,-56.0556
4119953125.000001,-56.04152
4119954062.500001,-56.05059
4119955000.000001,-55.90248
4119955937.500001,-55.91361
4119956875.000001,-55.97615
4119957812.500001,-56.00448
4119958750.000001,-55.91789
4119959687.500001,-55.97282
4119960625.000001,-55.96404
4119961562.500001,-55.93862
4119962500.000001,-55.98689
4119963437.500001,-55.93091
4119964375.000001,-55.85859
4119965312.500001,-56.0135
4119966250.000001,-55.98747
4119967187.500001,-55.90671
4119968125.000001,-55.87764
4119969062.500001,-55.93098
4119970000.000001,-55.90302
4119970937.500001,-56.06075
4119971875.000001,-55.96827
4119972812.500001,-55.89904
4119973750.000001,-55.88346
4119974687.500001,-55.88942
4119975625.000001,-55.84694
4119976562.500001,-55.8555
4119977500.000001,-55.83108
4119978437.500001,-55.95671
4119979375.000001,-55.92196
4119980312.500001,-55.86747
4119981250.000001,-55.88651
4119982187.500001,-55.78743
4119983125.000001,-55.87941
4119984062.500001,-55.87897
4119985000.000001,-55.98579
4119985937.500001,-55.92858
4119986875.000001,-55.8039
4119987812.500001,-55.93468
4119988750.000001,-55.90574
4119989687.500001,-55.86046
4119990625.000001,-55.92833
4119991562.500001,-55.92454
4119992500.000001,-55.8303
4119993437.500001,-55.92074
4119994375.000001,-55.90713
4119995312.500001,-55.81338
4119996250.000001,-55.87557
4119997187.500001,-55.8996
4119998125.000001,-55.85167
4119999062.500001,-55.7593
4120000000.000001,-55.84026
4120000937.500001,-55.87597
4120001875.000001,-55.86235
4120002812.500001,-55.77853
4120003750.000001,-55.92154
4120004687.500001,-55.79094
4120005625.000001,-55.91263
4120006562.500001,-55.82655
4120007500.000001,-55.84304
4120008437.500001,-55.81481
4120009375.000001,-55.85827
4120010312.500001,-55.79679
4120011250.000001,-55.86059
4120012187.500001,-55.82179
4120013125.000001,-55.78471
4120014062.500001,-55.77637
4120015000.000001,-55.86071
4120015937.500001,-55.82258
4120016875.000001,-55.77396
4120017812.500001,-55.71344
4120018750.000001,-55.78375
4120019687.500001,-55.70755
4120020625.000001,-55.90969
4120021562.500001,-55.72521
4120022500.000001,-55.75169
4120023437.500001,-55.87188
4120024375.000001,-55.8242
4120025312.500001,-55.83378
4120026250.000001,-55.71744
4120027187.500001,-55.81746
4120028125.000001,-55.79422
4120029062.500001,-55.70138
4120030000.000001,-55.79023
4120030937.500001,-55.72952
4120031875.000001,-55.77382
4120032812.500001,-55.75893
4120033750.000001,-55.64943
4120034687.500001,-55.81849
4120035625.000001,-55.73367
4120036562.500001,-55.81363
4120037500.000001,-55.8434
4120038437.500001,-55.7037
4120039375.000001,-55.73705
4120040312.500001,-55.63978
4120041250.000001,-55.73093
4120042187.500001,-55.78524
4120043125.000001,-55.72433
4120044062.500001,-55.73743
4120045000.000001,-55.81878
4120045937.500001,-55.77639
4120046875.000001,-55.74697
4120047812.500001,-55.69258
4120048750.000001,-55.61963
4120049687.500001,-55.67956
4120050625.000001,-55.70749
4120051562.500001,-55.66654
4120052500.000001,-55.75191
4120053437.500001,-55.73185
4120054375.000001,-55.7213
4120055312.500001,-55.74639
4120056250.000001,-55.66793
4120057187.500001,-55.70024
4120058125.000001,-55.65286
4120059062.500001,-55.7081
4120060000.000001,-55.75159
4120060937.500001,-55.56859
4120061875.000001,-55.64547
4120062812.500001,-55.72667
4120063750.000001,-55.82143
4120064687.500001,-55.70915
4120065625.000001,-55.64814
4120066562.500001,-55.75596
4120067500.000001,-55.72043
4120068437.500001,-55.72686
4120069375.000001,-55.67994
4120070312.500001,-55.60577
4120071250.000001,-55.66287
4120072187.500001,-55.68628
4120073125.000001,-55.60287
4120074062.500001,-55.61271
4120075000.000001,-55.69333
4120075937.500001,-55.56774
4120076875.000001,-55.57421
4120077812.500001,-55.66545
4120078750.000001,-55.6864
4120079687.500001,-55.62656
4120080625.000001,-55.60283
4120081562.500001,-55.75039
4120082500.000001,-55.60466
4120083437.500001,-55.67579
4120084375.000001,-55.68017
4120085312.500001,-55.61013
4120086250.000001,-55.65401
4120087187.500001,-55.7282
4120088125.000001,-55.65749
4120089062.500001,-55.69013
4120090000.000001,-55.61089
4120090937.500001,-55.67937
4120091875.000001,-55.59369
4120092812.500001,-55.55758
4120093750.000001,-55.61713
4120094687.500001,-55.67265
4120095625.000001,-55.60915
4120096562.500001,-55.59734
4120097500.000001,-55.65735
4120098437.500001,-55.664
4120099375.000001,-55.58851
4120100312.500001,-55.73626
4120101250.000001,-55.68001
4120102187.500001,-55.58749
4120103125.000001,-55.61259
4120104062.500001,-55.58017
4120105000.000001,-55.56058
4120105937.500001,-55.53831
4120106875.000001,-55.56315
4120107812.500001,-55.6478
4120108750.000001,-55.52932
4120109687.500001,-55.53043
4120110625.000001,-55.61808
4120111562.500001,-55.60384
4120112500.000001,-55.5554
4120113437.500001,-55.63034
4120114375.000001,-55.43158
4120115312.500001,-55.45234
4120116250.000001,-55.5098
4120117187.500001,-55.4694
4120118125.000001,-55.51457
4120119062.500001,-55.60804
4120120000.000001,-55.4162
4120120937.500001,-55.49115
4120121875.000001,-55.50922
4120122812.500001,-55.51675
4120123750.000001,-55.46026
4120124687.500001,-55.54718
4120125625.000001,-55.48177
4120126562.500001,-55.42129
4120127500.000001,-55.40711
4120128437.500001,-55.47681
4120129375.000001,-55.46603
4120130312.500001,-55.48493
4120131250.000001,-55.5592
4120132187.500001,-55.48475
4120133125.000001,-55.48331
4120134062.500001,-55.56844
4120135000.000001,-55.43027
4120135937.500001,-55.49598
4120136875.000001,-55.54958
4120137812.500001,-55.50052
4120138750.000001,-55.40697
4120139687.500001,-55.41745
4120140625.000001,-55.48759
4120141562.500001,-55.47318
4120142500.000001,-55.42146
4120143437.500001,-55.52208
4120144375.000001,-55.49067
4120145312.500001,-55.50641
4120146250.000001,-55.52758
4120147187.500001,-55.48796
4120148125.000001,-55.38345
4120149062.500001,-55.34116
4120150000.000001,-55.55281
4120150937.500001,-55.51762
4120151875.000001,-55.49644
4120152812.500001,-55.4413
4120153750.000001,-55.46838
4120154687.500001,-55.41543
4120155625.000001,-55.38467
4120156562.500001,-55.53406
4120157500.000001,-55.37905
4120158437.500001,-55.45179
4120159375.000001,-55.58368
4120160312.500001,-55.46
4120161250.000001,-55.47587
4120162187.500001,-55.4415
4120163125.000001,-55.50386
4120164062.500001,-55.40776
4120165000.000001,-55.43884
4120165937.500001,-55.30232
4120166875.000001,-55.32925
4120167812.500001,-55.46647
4120168750.000001,-55.40114
4120169687.500001,-55.44343
4120170625.000001,-55.47202
4120171562.500001,-55.34033
4120172500.000001,-55.40375
4120173437.500001,-55.41415
4120174375.000001,-55.39897
4120175312.500001,-55.3843
4120176250.000001,-55.36561
4120177187.500001,-55.31591
4120178125.000001,-55.28588
4120179062.500001,-55.4468
4120180000.000001,-55.27634
4120180937.500001,-55.41793
4120181875.000001,-55.37385
4120182812.500001,-55.44209
4120183750.000001,-55.33023
4120184687.500001,-55.37239
4120185625.000001,-55.18804
4120186562.500001,-55.304
4120187500.000001,-55.25352
4120188437.500001,-55.31086
4120189375.000001,-55.36653
4120190312.500001,-55.47013
4120191250.000001,-55.32968
4120192187.500001,-55.3515
4120193125.000001,-55.34833
4120194062.500001,-55.30611
4120195000.000001,-55.26796
4120195937.500001,-55.3837
4120196875.000001,-55.34552
4120197812.500001,-55.31984
4120198750.000001,-55.20044
4120199687.500001,-55.32974
4120200625.000001,-55.30879
4120201562.500001,-55.29853
4120202500.000001,-55.36602
4120203437.500001,-55.38786
4120204375.000001,-55.35611
4120205312.500001,-55.41714
4120206250.000001,-55.40501
4120207187.500001,-55.25537
4120208125.000001,-55.28893
4120209062.500001,-55.25808
4120210000.000001,-55.28539
4120210937.500001,-55.33941
4120211875.000001,-55.30163
4120212812.500001,-55.27345
4120213750.000001,-55.4479
4120214687.500001,-55.21579
4120215625.000001,-55.33567
4120216562.500001,-55.30947
4120217500.000001,-55.29256
4120218437.500001,-55.32094
4120219375.000001,-55.2429
4120220312.500001,-55.25742
4120221250.000001,-55.2425
4120222187.500001,-55.25845
4120223125.000001,-55.32729
4120224062.500001,-55.22335
4120225000.000001,-55.26016
4120225937.500001,-55.22363
4120226875.000001,-55.31421
4120227812.500001,-55.21869
4120228750.000001,-55.23873
4120229687.500001,-55.20872
4120230625.000001,-55.26798
4120231562.500001,-55.22655
4120232500.000001,-55.18747
4120233437.500001,-55.19793
4120234375.000001,-55.28205
4120235312.500001,-55.23442
4120236250.000001,-55.21963
4120237187.500001,-55.15946
4120238125.000001,-55.22424
4120239062.500001,-55.23059
4120240000.000001,-55.27666
4120240937.500001,-55.32492
4120241875.000001,-55.33844
4120242812.500001,-55.22311
4120243750.000001,-55.21855
4120244687.500001,-55.18947
4120245625.000001,-55.14378
4120246562.500001,-55.25268
4120247500.000001,-55.29109
4120248437.500001,-55.1841
4120249375.000001,-55.17801
4120250312.500001,-55.25036
4120251250.000001,-55.18891
4120252187.500001,-55.17243
4120253125.000001,-55.18934
4120254062.500001,-55.1028
4120255000.000001,-55.15862
4120255937.500001,-55.17268
4120256875.000001,-55.05377
4120257812.500001,-55.14758
4120258750.000001,-55.20826
4120259687.500001,-55.2518
4120260625.000001,-55.15124
4120261562.500001,-55.18407
4120262500.000001,-55.15142
4120263437.500001,-55.17395
4120264375.000001,-55.23757
4120265312.500001,-55.11975
4120266250.000001,-55.19717
4120267187.500001,-55.14344
4120268125.000001,-55.20211
4120269062.500001,-55.12748
4120270000.000001,-55.27374
4120270937.500001,-55.16352
4120271875.000001,-55.2252
4120272812.500001,-55.08784
4120273750.000001,-55.14594
4120274687.500001,-55.12364
4120275625.000001,-55.15019
4120276562.500001,-55.12173
4120277500.000001,-55.15802
4120278437.500001,-55.16544
4120279375.000001,-55.1542
4120280312.500001,-55.12914
4120281250.000001,-55.06717
4120282187.500001,-55.11117
4120283125.000001,-55.07623
4120284062.500001,-55.0997
4120285000.000001,-55.06617
4120285937.500001,-55.11065
4120286875.000001,-55.09513
4120287812.500001,-55.02731
4120288750.000001,-55.17231
4120289687.500001,-55.01665
4120290625.000001,-55.08412
4120291562.500001,-55.10521
4120292500.000001,-55.11706
4120293437.500001,-55.09468
4120294375.000001,-55.09834
4120295312.500001,-55.10539
4120296250.000001,-55.09944
4120297187.500001,-55.01439
4120298125.000001,-55.03854
4120299062.500001,-55.0902
4120300000.000001,-55.02442
4120300937.500001,-55.15726
4120301875.000001,-55.06075
4120302812.500001,-55.02544
4120303750.000001,-55.03891
4120304687.500001,-55.08117
4120305625.000001,-55.07962
4120306562.500001,-54.97548
4120307500.000001,-55.15554
4120308437.500001,-54.91734
4120309375.000001,-55.12368
4120310312.500001,-55.05969
4120311250.000001,-55.06371
4120312187.500001,-54.92821
4120313125.000001,-54.9656
4120314062.500001,-55.13239
4120315000.000001,-55.00053
4120315937.500001,-54.99469
4120316875.000001,-55.04975
4120317812.500001,-54.99709
4120318750.000001,-55.02
4120319687.500001,-54.98996
4120320625.000001,-54.99936
4120321562.500001,-55.05816
4120322500.000001,-55.05945
4120323437.500001,-55.00008
4120324375.000001,-54.93637
4120325312.500001,-55.01447
4120326250.000001,-54.99845
4120327187.500001,-55.04628
4120328125.000001,-54.93327
4120329062.500001,-55.02785
4120330000.000001,-55.01105
4120330937.500001,-55.07793
4120331875.000001,-54.92481
4120332812.500001,-54.91352
4120333750.000001,-54.92945
4120334687.500001,-54.99743
4120335625.000001,-54.92597
4120336562.500001,-54.88184
4120337500.000001,-54.95749
4120338437.500001,-55.00843
4120339375.000001,-54.93674
4120340312.500001,-54.94141
4120341250.000001,-54.93617
4120342187.500001,-54.93193
4120343125.000001,-54.86718
4120344062.500001,-54.91403
4120345000.000001,-54.91411
4120345937.500001,-54.89096
4120346875.000001,-54.89149
4120347812.500001,-54.88112
4120348750.000001,-54.95263
4120349687.500001,-55.029
4120350625.000001,-54.85848
4120351562.500001,-54.91042
4120352500.000001,-54.93196
4120353437.500001,-54.8717
4120354375.000001,-54.83801
4120355312.500001,-54.97078
4120356250.000001,-54.84768
4120357187.500001,-54.89315
4120358125.000001,-54.90045
4120359062.500001,-54.87858
4120360000.000001,-54.80405
4120360937.500001,-54.79823
4120361875.000001,-54.97185
4120362812.500001,-54.9026
4120363750.000001,-54.90191
4120364687.500001,-54.88916
4120365625.000001,-54.94942
4120366562.500001,-54.87484
4120367500.000001,-54.89
4120368437.500001,-54.93111
4120369375.000001,-54.90916
4120370312.500001,-54.89313
4120371250.000001,-54.85288
4120372187.500001,-54.89886
4120373125.000001,-54.80949
4120374062.500001,-54.83876
4120375000.000001,-54.80098
4120375937.500001,-54.85509
4120376875.000001,-54.7707
4120377812.500001,-54.82095
4120378750.000001,-54.84935
4120379687.500001,-54.88943
4120380625.000001,-54.73318
4120381562.500001,-54.79502
4120382500.000001,-54.82615
4120383437.500001,-54.88775
4120384375.000001,-54.90402
4120385312.500001,-54.86505
4120386250.000001,-54.79725
4120387187.500001,-54.90276
4120388125.000001,-54.76444
4120389062.500001,-54.78579
4120390000.000001,-54.87852
4120390937.500001,-54.76814
4120391875.000001,-54.71052
4120392812.500001,-54.70065
4120393750.000001,-54.82996
4120394687.500001,-54.80972
4120395625.000001,-54.83392
4120396562.500001,-54.80154
4120397500.000001,-54.69545
4120398437.500001,-54.76242
4120399375.000001,-54.83068
4120400312.500001,-54.77053
4120401250.000001,-54.72514
4120402187.500001,-54.76762
4120403125.000001,-54.68433
4120404062.500001,-54.8284
4120405000.000001,-54.74037
4120405937.500001,-54.80209
4120406875.000001,-54.74773
4120407812.500001,-54.74056
4120408750.000001,-54.7875
4120409687.500001,-54.79297
4120410625.000001,-54.7507
4120411562.500001,-54.74406
4120412500.000001,-54.72267
4120413437.500001,-54.70497
4120414375.000001,-54.74824
4120415312.500001,-54.73302
4120416250.000001,-54.77739
4120417187.500001,-54.69539
4120418125.000001,-54.73933
4120419062.500001,-54.68372
4120420000.000001,-54.70999
4120420937.500001,-54.66446
4120421875.000001,-54.71752
4120422812.500001,-54.63568
4120423750.000001,-54.69618
4120424687.500001,-54.72256
4120425625.000001,-54.68715
4120426562.500001,-54.75215
4120427500.000001,-54.65716
4120428437.500001,-54.75909
4120429375.000001,-54.75346
4120430312.500001,-54.74264
4120431250.000001,-54.63756
4120432187.500001,-54.70386
4120433125.000001,-54.70537
4120434062.500001,-54.63975
4120435000.000001,-54.70995
4120435937.500001,-54.68254
4120436875.000001,-54.69667
4120437812.500001,-54.6368
4120438750.000001,-54.73462
4120439687.500001,-54.71037
4120440625.000001,-54.6716
4120441562.500001,-54.63916
4120442500.000001,-54.61475
4120443437.500001,-54.70564
4120444375.000001,-54.56238
4120445312.500001,-54.68788
4120446250.000001,-54.68578
4120447187.500001,-54.65141
4120448125.000001,-54.61249
4120449062.500001,-54.6173
4120450000.000001,-54.60599
4120450937.500001,-54.59981
4120451875.000001,-54.64787
4120452812.500001,-54.58073
4120453750.000001,-54.61594
4120454687.500001,-54.60288
4120455625.000001,-54.58924
4120456562.500001,-54.54454
4120457500.000001,-54.63111
4120458437.500001,-54.66769
4120459375.000001,-54.65191
4120460312.500001,-54.60297
4120461250.000001,-54.53562
4120462187.500001,-54.62362
4120463125.000001,-54.58834
4120464062.500001,-54.52787
4120465000.000001,-54.58072
4120465937.500001,-54.54865
4120466875.000001,-54.53481
4120467812.500001,-54.57177
4120468750.000001,-54.59204
4120469687.500001,-54.46125
4120470625.000001,-54.50229
4120471562.500001,-54.54578
4120472500.000001,-54.60676
4120473437.500001,-54.55657
4120474375.000001,-54.50718
4120475312.500001,-54.63345
4120476250.000001,-54.56388
4120477187.500001,-54.60905
4120478125.000001,-54.57388
4120479062.500001,-54.51568
4120480000.000001,-54.51676
4120480937.500001,-54.52
4120481875.000001,-54.4766
4120482812.500001,-54.51049
4120483750.000001,-54.56578
4120484687.500001,-54.52885
4120485625.000001,-54.54323
4120486562.500001,-54.51465
4120487500.000001,-54.55869
4120488437.500001,-54.51071
4120489375.000001,-54.50187
4120490312.500001,-54.51764
4120491250.000001,-54.55953
4120492187.500001,-54.60724
4120493125.000001,-54.5639
4120494062.500001,-54.42146
4120495000.000001,-54.58491
4120495937.500001,-54.38908
4120496875.000001,-54.60238
4120497812.500001,-54.54201
4120498750.000001,-54.52409
4120499687.500001,-54.51638
4120500625.000001,-54.55994
4120501562.500001,-54.47285
4120502500.000001,-54.47906
4120503437.500001,-54.44832
4120504375.000001,-54.50909
4120505312.500001,-54.49075
4120506250.000001,-54.39265
4120507187.500001,-54.56442
4120508125.000001,-54.55605
4120509062.500001,-54.41231
4120510000.000001,-54.51054
4120510937.500001,-54.44057
4120511875.000001,-54.46597
4120512812.500001,-54.57398
4120513750.000001,-54.4164
4120514687.500001,-54.5351
4120515625.000001,-54.41233
4120516562.500001,-54.47677
4120517500.000001,-54.38134
4120518437.500001,-54.42576
4120519375.000001,-54.39096
4120520312.500001,-54.39436
4120521250.000001,-54.39153
4120522187.500001,-54.41453
4120523125.000001,-54.37291
4120524062.500001,-54.48383
4120525000.000001,-54.45509
4120525937.500001,-54.46438
4120526875.000001,-54.30962
4120527812.500001,-54.39788
4120528750.000001,-54.36459
4120529687.500001,-54.37223
4120530625.000001,-54.33958
4120531562.500001,-54.30273
4120532500.000001,-54.39906
4120533437.500001,-54.31166
4120534375.000001,-54.38016
4120535312.500001,-54.42101
4120536250.000001,-54.34414
4120537187.500001,-54.37324
4120538125.000001,-54.34576
4120539062.500001,-54.38818
4120540000.000001,-54.36637
4120540937.500001,-54.3676
4120541875.000001,-54.38706
4120542812.500001,-54.33152
4120543750.000001,-54.35331
4120544687.500001,-54.3271
4120545625.000001,-54.32121
4120546562.500001,-54.37469
4120547500.000001,-54.30286
4120548437.500001,-54.37385
4120549375.000001,-54.36277
4120550312.500001,-54.30552
4120551250.000001,-54.26191
4120552187.500001,-54.32223
4120553125.000001,-54.24573
4120554062.500001,-54.30423
4120555000.000001,-54.40397
4120555937.500001,-54.28771
4120556875.000001,-54.37778
4120557812.500001,-54.32494
4120558750.000001,-54.36612
4120559687.500001,-54.3324
4120560625.000001,-54.25943
4120561562.500001,-54.35471
4120562500.000001,-54.2767
4120563437.500001,-54.27089
4120564375.000001,-54.24212
4120565312.500001,-54.27239
4120566250.000001,-54.29314
4120567187.500001,-54.28074
4120568125.000001,-54.2895
4120569062.500001,-54.3515
4120570000.000001,-54.32861
4120570937.500001,-54.22031
4120571875.000001,-54.25436
4120572812.500001,-54.26639
4120573750.000001,-54.25047
4120574687.500001,-54.20552
4120575625.000001,-54.28673
4120576562.500001,-54.29662
4120577500.000001,-54.24134
4120578437.500001,-54.26764
4120579375.000001,-54.25991
4120580312.500001,-54.29845
4120581250.000001,-54.26016
4120582187.500001,-54.34422
4120583125.000001,-54.34
4120584062.500001,-54.2315
4120585000.000001,-54.18044
4120585937.500001,-54.21089
4120586875.000001,-54.16962
4120587812.500001,-54.29856
4120588750.000001,-54.20345
4120589687.500001,-54.16907
4120590625.000001,-54.20346
4120591562.500001,-54.29981
4120592500.000001,-54.24677
4120593437.500001,-54.24435
4120594375.000001,-54.26347
4120595312.500001,-54.24363
4120596250.000001,-54.20004
4120597187.500001,-54.21502
4120598125.000001,-54.16851
4120599062.500001,-54.19325
4120600000.000001,-54.20357
4120600937.500001,-54.27844
4120601875.000001,-54.22065
4120602812.500001,-54.1723
4120603750.000001,-54.21095
4120604687.500001,-54.11806
4120605625.000001,-54.15694
4120606562.500001,-54.12041
4120607500.000001,-54.22662
4120608437.500001,-54.15515
4120609375.000001,-54.23711
4120610312.500001,-54.05408
4120611250.000001,-54.24949
4120612187.500001,-54.17548
4120613125.000001,-54.19514
4120614062.500001,-54.15932
4120615000.000001,-54.11161
4120615937.500001,-54.07041
4120616875.000001,-54.17673
4120617812.500001,-54.19366
4120618750.000001,-54.21002
4120619687.500001,-54.09155
4120620625.000001,-54.24578
4120621562.500001,-54.09003
4120622500.000001,-54.07306
4120623437.500001,-54.12062
4120624375.000001,-54.07557
4120625312.500001,-54.18037
4120626250.000001,-54.04325
4120627187.500001,-54.06916
4120628125.000001,-54.06279
4120629062.500001,-54.1007
4120630000.000001,-54.07085
4120630937.500001,-54.15901
4120631875.000001,-54.17796
4120632812.500001,-54.10878
4120633750.000001,-54.11708
4120634687.500001,-54.08229
4120635625.000001,-54.10534
4120636562.500001,-54.09748
4120637500.000001,-53.98647
4120638437.500001,-54.10516
4120639375.000001,-54.05182
4120640312.500001,-54.03678
4120641250.000001,-54.04229
4120642187.500001,-54.03437
4120643125.000001,-54.11477
4120644062.500001,-54.10038
4120645000.000001,-54.09343
4120645937.500001,-54.10435
4120646875.000001,-54.06022
4120647812.500001,-53.97579
4120648750.000001,-54.03151
4120649687.500001,-54.08446
4120650625.000001,-54.00158
4120651562.500001,-54.12838
4120652500.000001,-54.0389
4120653437.500001,-54.01995
4120654375.000001,-54.05867
4120655312.500001,-54.01053
4120656250.000001,-53.95255
4120657187.500001,-54.07186
4120658125.000001,-54.03012
4120659062.500001,-54.00557
4120660000.000001,-53.99485
4120660937.500001,-54.01987
4120661875.000001,-53.99033
4120662812.500001,-53.91633
4120663750.000001,-54.00423
4120664687.500001,-53.97104
4120665625.000001,-54.05284
4120666562.500001,-54.03777
4120667500.000001,-54.03305
4120668437.500001,-53.93975
4120669375.000001,-54.07294
4120670312.500001,-53.95456
4120671250.000001,-53.96327
4120672187.500001,-53.87559
4120673125.000001,-53.94661
4120674062.500001,-53.96291
4120675000.000001,-54.0049
4120675937.500001,-53.90013
4120676875.000001,-53.95778
4120677812.500001,-53.92535
4120678750.000001,-53.91427
4120679687.500001,-53.96613
4120680625.000001,-53.96495
4120681562.500001,-53.88469
4120682500.000001,-54.01206
4120683437.500001,-53.91015
4120684375.000001,-53.94778
4120685312.500001,-53.93089
4120686250.000001,-53.96152
4120687187.500001,-53.96407
4120688125.000001,-53.96901
4120689062.500001,-54.00164
4120690000.000001,-53.94444
4120690937.500001,-53.95158
4120691875.000001,-53.8636
4120692812.500001,-53.84462
4120693750.000001,-53.91961
4120694687.500001,-53.86721
4120695625.000001,-53.85855
4120696562.500001,-53.8998
4120697500.000001,-53.85101
4120698437.500001,-53.88519
4120699375.000001,-53.93993
4120700312.500001,-53.96337
4120701250.000001,-53.91957
4120702187.500001,-53.89998
4120703125.000001,-53.87846
4120704062.500001,-53.91555
4120705000.000001,-53.86002
4120705937.500001,-53.89482
4120706875.000001,-53.93301
4120707812.500001,-53.85734
4120708750.000001,-53.85118
4120709687.500001,-53.88467
4120710625.000001,-53.87537
4120711562.500001,-53.86919
4120712500.000001,-53.7734
4120713437.500001,-53.87814
4120714375.000001,-53.8899
4120715312.500001,-53.86585
4120716250.000001,-53.80382
4120717187.500001,-53.83379
4120718125.000001,-53.82523
4120719062.500001,-53.81738
4120720000.000001,-53.80689
4120720937.500001,-53.77956
4120721875.000001,-53.85853
4120722812.500001,-53.78195
4120723750.000001,-53.83958
4120724687.500001,-53.89369
4120725625.000001,-53.83707
4120726562.500001,-53.84717
4120727500.000001,-53.69137
4120728437.500001,-53.7848
4120729375.000001,-53.87491
4120730312.500001,-53.88753
4120731250.000001,-53.77893
4120732187.500001,-53.74262
4120733125.000001,-53.84383
4120734062.500001,-53.79239
4120735000.000001,-53.76284
4120735937.500001,-53.7415
4120736875.000001,-53.78039
4120737812.500001,-53.72744
4120738750.000001,-53.77279
4120739687.500001,-53.77524
4120740625.000001,-53.80486
4120741562.500001,-53.73627
4120742500.000001,-53.78524
4120743437.500001,-53.71768
4120744375.000001,-53.7794
4120745312.500001,-53.81596
4120746250.000001,-53.75553
4120747187.500001,-53.6575
4120748125.000001,-53.83995
4120749062.500001,-53.7449
4120750000.000001,-53.74841
4120750937.500001,-53.71964
4120751875.000001,-53.71321
4120752812.500001,-53.76802
4120753750.000001,-53.76608
4120754687.500001,-53.65575
4120755625.000001,-53.70882
4120756562.500001,-53.74036
4120757500.000001,-53.65938
4120758437.500001,-53.75035
4120759375.000001,-53.7857
4120760312.500001,-53.79572
4120761250.000001,-53.69376
4120762187.500001,-53.59643
4120763125.000001,-53.80769
4120764062.500001,-53.70292
4120765000.000001,-53.68669
4120765937.500001,-53.71833
4120766875.000001,-53.67654
4120767812.500001,-53.62792
4120768750.000001,-53.6407
4120769687.500001,-53.62275
4120770625.000001,-53.67559
4120771562.500001,-53.57947
4120772500.000001,-53.64572
4120773437.500001,-53.62611
4120774375.000001,-53.65564
4120775312.500001,-53.59265
4120776250.000001,-53.60272
4120777187.500001,-53.62934
4120778125.000001,-53.69096
4120779062.500001,-53.64295
4120780000.000001,-53.65758
4120780937.500001,-53.59316
4120781875.000001,-53.58699
4120782812.500001,-53.61745
4120783750.000001,-53.65048
4120784687.500001,-53.63187
4120785625.000001,-53.63834
4120786562.500001,-53.60843
4120787500.000001,-53.64751
4120788437.500001,-53.58692
4120789375.000001,-53.71516
4120790312.500001,-53.54058
4120791250.000001,-53.61353
4120792187.500001,-53.61718
4120793125.000001,-53.66253
4120794062.500001,-53.53859
4120795000.000001,-53.54869
4120795937.500001,-53.52394
4120796875.000001,-53.54623
4120797812.500001,-53.59098
4120798750.000001,-53.59885
4120799687.500001,-53.55326
4120800625.000001,-53.52666
4120801562.500001,-53.58749
4120802500.000001,-53.56739
4120803437.500001,-53.59383
4120804375.000001,-53.4824
4120805312.500001,-53.59652
4120806250.000001,-53.58083
4120807187.500001,-53.57966
4120808125.000001,-53.45438
4120809062.500001,-53.50276
4120810000.000001,-53.53238
4120810937.500001,-53.47595
4120811875.000001,-53.59238
4120812812.500001,-53.57365
4120813750.000001,-53.50623
4120814687.500001,-53.51234
4120815625.000001,-53.57242
4120816562.500001,-53.5162
4120817500.000001,-53.47842
4120818437.500001,-53.51138
4120819375.000001,-53.51362
4120820312.500001,-53.4865
4120821250.000001,-53.54841
4120822187.500001,-53.54789
4120823125.000001,-53.49957
4120824062.500001,-53.47694
4120825000.000001,-53.48016
4120825937.500001,-53.4383
4120826875.000001,-53.47995
4120827812.500001,-53.42603
4120828750.000001,-53.55357
4120829687.500001,-53.43188
4120830625.000001,-53.4761
4120831562.500001,-53.51088
4120832500.000001,-53.44428
4120833437.500001,-53.446
4120834375.000001,-53.45509
4120835312.500001,-53.51024
4120836250.000001,-53.41079
4120837187.500001,-53.46888
4120838125.000001,-53.42188
4120839062.500001,-53.41176
4120840000.000001,-53.41537
4120840937.500001,-53.39538
4120841875.000001,-53.40002
4120842812.500001,-53.43147
4120843750.000001,-53.43911
4120844687.500001,-53.39825
4120845625.000001,-53.40892
4120846562.500001,-53.40933
4120847500.000001,-53.45785
4120848437.500001,-53.3997
4120849375.000001,-53.43552
4120850312.500001,-53.39999
4120851250.000001,-53.34747
4120852187.500001,-53.36539
4120853125.000001,-53.33962
4120854062.500001,-53.41594
4120855000.000001,-53.40438
4120855937.500001,-53.37312
4120856875.000001,-53.42004
4120857812.500001,-53.42392
4120858750.000001,-53.36829
4120859687.500001,-53.39649
4120860625.000001,-53.37283
4120861562.500001,-53.32644
4120862500.000001,-53.3321
4120863437.500001,-53.33485
4120864375.000001,-53.44847
4120865312.500001,-53.34734
4120866250.000001,-53.2471
4120867187.500001,-53.39361
4120868125.000001,-53.29755
4120869062.500001,-53.30369
4120870000.000001,-53.28564
4120870937.500001,-53.34361
4120871875.000001,-53.26715
4120872812.500001,-53.36961
4120873750.000001,-53.25069
4120874687.500001,-53.24992
4120875625.000001,-53.3499
4120876562.500001,-53.32339
4120877500.000001,-53.38621
4120878437.500001,-53.34605
4120879375.000001,-53.28681
4120880312.500001,-53.29382
4120881250.000001,-53.36006
4120882187.500001,-53.27483
4120883125.000001,-53.2873
4120884062.500001,-53.26584
4120885000.000001,-53.27002
4120885937.500001,-53.25059
4120886875.000001,-53.2131
4120887812.500001,-53.25117
4120888750.000001,-53.24023
4120889687.500001,-53.2044
4120890625.000001,-53.2507
4120891562.500001,-53.27737
4120892500.000001,-53.19645
4120893437.500001,-53.23969
4120894375.000001,-53.24299
4120895312.500001,-53.22777
4120896250.000001,-53.25649
4120897187.500001,-53.24901
4120898125.000001,-53.20934
4120899062.500001,-53.19722
4120900000.000001,-53.20436
4120900937.500001,-53.21348
4120901875.000001,-53.14434
4120902812.500001,-53.27142
4120903750.000001,-53.21857
4120904687.500001,-53.18243
4120905625.000001,-53.23255
4120906562.500001,-53.19596
4120907500.000001,-53.24475
4120908437.500001,-53.28559
4120909375.000001,-53.12243
4120910312.500001,-53.16174
4120911250.000001,-53.1826
4120912187.500001,-53.20089
4120913125.000001,-53.17095
4120914062.500001,-53.19641
4120915000.000001,-53.22157
4120915937.500001,-53.24948
4120916875.000001,-53.14174
4120917812.500001,-53.2313
4120918750.000001,-53.23792
4120919687.500001,-53.21011
4120920625.000001,-53.12331
4120921562.500001,-53.18373
4120922500.000001,-53.16628
4120923437.500001,-53.14929
4120924375.000001,-53.20721
4120925312.500001,-53.09151
4120926250.000001,-53.20372
4120927187.500001,-53.17246
4120928125.000001,-53.13986
4120929062.500001,-53.19978
4120930000.000001,-53.11651
4120930937.500001,-53.19759
4120931875.000001,-53.173
4120932812.500001,-53.13867
4120933750.000001,-53.11922
4120934687.500001,-53.15782
4120935625.000001,-53.09469
4120936562.500001,-53.14071
4120937500.000001,-53.12205
4120938437.500001,-53.00944
4120939375.000001,-53.05978
4120940312.500001,-53.03996
4120941250.000001,-53.10009
4120942187.500001,-53.17826
4120943125.000001,-53.08775
4120944062.500001,-53.08249
4120945000.000001,-53.05441
4120945937.500001,-53.09311
4120946875.000001,-53.14138
4120947812.500001,-53.19196
4120948750.000001,-53.01381
4120949687.500001,-53.06311
4120950625.000001,-53.1024
4120951562.500001,-52.9906
4120952500.000001,-53.08076
4120953437.500001,-53.04278
4120954375.000001,-53.02455
4120955312.500001,-53.00817
4120956250.000001,-53.04156
4120957187.500001,-53.00934
4120958125.000001,-53.05653
4120959062.500001,-52.99166
4120960000.000001,-53.03725
4120960937.500001,-52.97844
4120961875.000001,-52.98021
4120962812.500001,-53.01575
4120963750.000001,-52.97564
4120964687.500001,-53.07028
4120965625.000001,-53.09064
4120966562.500001,-53.01416
4120967500.000001,-52.99042
4120968437.500001,-53.01053
4120969375.000001,-52.97158
4120970312.500001,-52.99685
4120971250.000001,-53.01384
4120972187.500001,-52.90789
4120973125.000001,-52.9781
4120974062.500001,-53.00849
4120975000.000001,-52.92358
4120975937.500001,-52.96806
4120976875.000001,-53.00961
4120977812.500001,-52.90904
4120978750.000001,-52.95794
4120979687.500001,-52.98791
4120980625.000001,-52.96125
4120981562.500001,-52.98868
4120982500.000001,-52.95062
4120983437.500001,-52.94609
4120984375.000001,-52.96867
4120985312.500001,-52.93734
4120986250.000001,-52.9273
4120987187.500001,-52.94716
4120988125.000001,-52.91769
4120989062.500001,-52.93172
4120990000.000001,-52.91846
4120990937.500001,-52.94894
4120991875.000001,-53.02785
4120992812.500001,-52.93224
4120993750.000001,-52.93059
4120994687.500001,-52.84653
4120995625.000001,-52.91419
4120996562.500001,-52.91191
4120997500.000001,-52.94452
4120998437.500001,-52.92179
4120999375.000001,-52.89286
4121000312.500001,-52.8879
4121001250.000001,-52.88355
4121002187.500001,-52.85154
4121003125.000001,-52.82817
4121004062.500001,-52.82654
4121005000.000001,-52.80166
4121005937.500001,-52.83451
4121006875.000001,-52.95201
4121007812.500001,-52.90535
4121008750.000001,-52.8887
4121009687.500001,-52.82341
4121010625.000001,-52.8036
4121011562.500001,-52.90161
4121012500.000001,-52.87883
4121013437.500001,-52.87558
4121014375.000001,-52.88993
4121015312.500001,-52.82662
4121016250.000001,-52.89114
4121017187.500001,-52.88874
4121018125.000001,-52.80703
4121019062.500001,-52.77523
4121020000.000001,-52.73652
4121020937.500001,-52.80213
4121021875.000001,-52.81551
4121022812.500001,-52.81033
4121023750.000001,-52.76046
4121024687.500001,-52.72329
4121025625.000001,-52.82968
4121026562.500001,-52.77392
4121027500.000001,-52.81445
4121028437.500001,-52.72607
4121029375.000001,-52.81474
4121030312.500001,-52.81725
4121031250.000001,-52.79757
4121032187.500001,-52.77839
4121033125.000001,-52.82202
4121034062.500001,-52.78319
4121035000.000001,-52.70931
4121035937.500001,-52.89826
4121036875.000001,-52.71915
4121037812.500001,-52.78044
4121038750.000001,-52.72292
4121039687.500001,-52.75557
4121040625.000001,-52.76658
4121041562.500001,-52.70636
4121042500.000001,-52.75763
4121043437.500001,-52.70468
4121044375.000001,-52.76369
4121045312.500001,-52.72027
4121046250.000001,-52.67563
4121047187.500001,-52.7093
4121048125.000001,-52.70314
4121049062.500001,-52.73421
4121050000.000001,-52.65507
4121050937.500001,-52.66541
4121051875.000001,-52.73207
4121052812.500001,-52.7654
4121053750.000001,-52.78461
4121054687.500001,-52.71878
4121055625.000001,-52.74631
4121056562.500001,-52.71508
4121057500.000001,-52.7367
4121058437.500001,-52.69489
4121059375.000001,-52.68255
4121060312.500001,-52.69741
4121061250.000001,-52.66174
4121062187.500001,-52.65631
4121063125.000001,-52.76427
4121064062.500001,-52.66531
4121065000.000001,-52.66239
4121065937.500001,-52.63829
4121066875.000001,-52.67626
4121067812.500001,-52.66751
4121068750.000001,-52.64675
4121069687.500001,-52.59075
4121070625.000001,-52.63883
4121071562.500001,-52.65553
4121072500.000001,-52.63832
4121073437.500001,-52.62539
4121074375.000001,-52.645
4121075312.500001,-52.57797
4121076250.000001,-52.5979
4121077187.500001,-52.64909
4121078125.000001,-52.68201
4121079062.500001,-52.55274
4121080000.000001,-52.64614
4121080937.500001,-52.54337
4121081875.000001,-52.58258
4121082812.500001,-52.69434
4121083750.000001,-52.59925
4121084687.500001,-52.58533
4121085625.000001,-52.64879
4121086562.500001,-52.52284
4121087500.000001,-52.57038
4121088437.500001,-52.59307
4121089375.000001,-52.58577
4121090312.500001,-52.53794
4121091250.000001,-52.60497
4121092187.500001,-52.54483
4121093125.000001,-52.50594
4121094062.500001,-52.59821
4121095000.000001,-52.54147
4121095937.500001,-52.49677
4121096875.000001,-52.61028
4121097812.500001,-52.57406
4121098750.000001,-52.50943
4121099687.500001,-52.53001
4121100625.000001,-52.54034
4121101562.500001,-52.52843
4121102500.000001,-52.605
4121103437.500001,-52.48316
4121104375.000001,-52.53765
4121105312.500001,-52.51912
4121106250.000001,-52.52529
4121107187.500001,-52.4952
4121108125.000001,-52.49477
4121109062.500001,-52.40262
4121110000.000001,-52.51534
4121110937.500001,-52.5765
4121111875.000001,-52.50068
4121112812.500001,-52.46366
4121113750.000001,-52.47902
4121114687.500001,-52.51957
4121115625.000001,-52.48695
4121116562.500001,-52.54031
4121117500.000001,-52.46581
4121118437.500001,-52.42686
4121119375.000001,-52.42124
4121120312.500001,-52.46695
4121121250.000001,-52.53833
4121122187.500001,-52.41702
4121123125.000001,-52.43688
4121124062.500001,-52.45071
4121125000.000001,-52.38274
4121125937.500001,-52.43201
4121126875.000001,-52.45231
4121127812.500001,-52.41337
4121128750.000001,-52.44667
4121129687.500001,-52.42722
4121130625.000001,-52.36304
4121131562.500001,-52.40458
4121132500.000001,-52.37749
4121133437.500001,-52.38357
4121134375.000001,-52.40688
4121135312.500001,-52.33358
4121136250.000001,-52.39563
4121137187.500001,-52.38248
4121138125.000001,-52.4
4121139062.500001,-52.34809
4121140000.000001,-52.40691
4121140937.500001,-52.34991
4121141875.000001,-52.37531
4121142812.500001,-52.38949
4121143750.000001,-52.42034
4121144687.500001,-52.35782
4121145625.000001,-52.37724
4121146562.500001,-52.42783
4121147500.000001,-52.36407
4121148437.500001,-52.31163
4121149375.000001,-52.2814
4121150312.500001,-52.35839
4121151250.000001,-52.35999
4121152187.500001,-52.36985
4121153125.000001,-52.36549
4121154062.500001,-52.45358
4121155000.000001,-52.32757
4121155937.500001,-52.28353
4121156875.000001,-52.29964
4121157812.500001,-52.37184
4121158750.000001,-52.30862
4121159687.500001,-52.30755
4121160625.000001,-52.31424
4121161562.500001,-52.37245
4121162500.000001,-52.34716
4121163437.500001,-52.29623
4121164375.000001,-52.24297
4121165312.500001,-52.29771
4121166250.000001,-52.3306
4121167187.500001,-52.32472
4121168125.000001,-52.36485
4121169062.500001,-52.29782
4121170000.000001,-52.20473
4121170937.500001,-52.18655
4121171875.000001,-52.29516
4121172812.500001,-52.24627
4121173750.000001,-52.26019
4121174687.500001,-52.34118
4121175625.000001,-52.29631
4121176562.500001,-52.31189
4121177500.000001,-52.24895
4121178437.500001,-52.22413
4121179375.000001,-52.22288
4121180312.500001,-52.32658
4121181250.000001,-52.21202
4121182187.500001,-52.19321
4121183125.000001,-52.21827
4121184062.500001,-52.21589
4121185000.000001,-52.18042
4121185937.500001,-52.25224
4121186875.000001,-52.183
4121187812.500001,-52.19323
4121188750.000001,-52.23116
4121189687.500001,-52.14817
4121190625.000001,-52.18475
4121191562.500001,-52.19602
4121192500.000001,-52.21056
4121193437.500001,-52.11728
4121194375.000001,-52.18222
4121195312.500001,-52.22014
4121196250.000001,-52.24465
4121197187.500001,-52.17001
4121198125.000001,-52.19352
4121199062.500001,-52.1761
4121200000.000001,-52.15332
4121200937.500001,-52.15207
4121201875.000001,-52.13522
4121202812.500001,-52.17884
4121203750.000001,-52.18
4121204687.500001,-52.13835
4121205625.000001,-52.16422
4121206562.500001,-52.13174
4121207500.000001,-52.04988
4121208437.500001,-52.08482
4121209375.000001,-52.18512
4121210312.500001,-52.1487
4121211250.000001,-52.11846
4121212187.500001,-52.09
4121213125.000001,-52.12326
4121214062.500001,-52.05357
4121215000.000001,-52.09505
4121215937.500001,-52.10871
4121216875.000001,-52.08292
4121217812.500001,-52.08786
4121218750.000001,-52.05824
4121219687.500001,-52.02501
4121220625.000001,-52.17091
4121221562.500001,-52.0406
4121222500.000001,-51.96256
4121223437.500001,-52.06741
4121224375.000001,-52.08184
4121225312.500001,-52.11115
4121226250.000001,-52.06591
4121227187.500001,-52.07019
4121228125.000001,-51.99688
4121229062.500001,-52.08006
4121230000.000001,-52.0606
4121230937.500001,-52.02363
4121231875.000001,-51.97766
4121232812.500001,-52.03926
4121233750.000001,-51.98652
4121234687.500001,-51.96896
4121235625.000001,-51.97308
4121236562.500001,-52.06238
4121237500.000001,-51.97119
4121238437.500001,-52.03592
4121239375.000001,-51.96911
4121240312.500001,-51.95135
4121241250.000001,-51.98885
4121242187.500001,-51.93752
4121243125.000001,-52.02322
4121244062.500001,-52.03197
4121245000.000001,-51.98844
4121245937.500001,-51.97202
4121246875.000001,-52.00901
4121247812.500001,-51.95825
4121248750.000001,-52.0213
4121249687.500001,-51.93001
4121250625.000001,-51.97157
4121251562.500001,-51.97905
4121252500.000001,-51.96385
4121253437.500001,-51.90663
4121254375.000001,-51.9497
4121255312.500001,-51.881
4121256250.000001,-51.97927
4121257187.500001,-51.92072
4121258125.000001,-51.94614
4121259062.500001,-52.04006
4121260000.000001,-51.94037
4121260937.500001,-51.86946
4121261875.000001,-51.9668
4121262812.500001,-51.94183
4121263750.000001,-51.94506
4121264687.500001,-51.95277
4121265625.000001,-51.89678
4121266562.500001,-51.90206
4121267500.000001,-51.98055
4121268437.500001,-51.96175
4121269375.000001,-51.91973
4121270312.500001,-51.90081
4121271250.000001,-51.86312
4121272187.500001,-51.82806
4121273125.000001,-51.87732
4121274062.500001,-51.89207
4121275000.000001,-51.9247
4121275937.500001,-51.81149
4121276875.000001,-51.84735
4121277812.500001,-51.82756
4121278750.000001,-51.90275
4121279687.500001,-51.89682
4121280625.000001,-51.88605
4121281562.500001,-51.8633
4121282500.000001,-51.88127
4121283437.500001,-51.87073
4121284375.000001,-51.82586
4121285312.500001,-51.86447
4121286250.000001,-51.85589
4121287187.500001,-51.82737
4121288125.000001,-51.85832
4121289062.500001,-51.80771
4121290000.000001,-51.80231
4121290937.500001,-51.8166
4121291875.000001,-51.84029
4121292812.500001,-51.82445
4121293750.000001,-51.75483
4121294687.500001,-51.75497
4121295625.000001,-51.79523
4121296562.500001,-51.80352
4121297500.000001,-51.78573
4121298437.500001,-51.79807
4121299375.000001,-51.76724
4121300312.500001,-51.79848
4121301250.000001,-51.7243
4121302187.500001,-51.79167
4121303125.000001,-51.76908
4121304062.500001,-51.71969
4121305000.000001,-51.72908
4121305937.500001,-51.8135
4121306875.000001,-51.73479
4121307812.500001,-51.72545
4121308750.000001,-51.7277
4121309687.500001,-51.721
4121310625.000001,-51.7588
4121311562.500001,-51.76305
4121312500.000001,-51.76214
4121313437.500001,-51.73748
4121314375.000001,-51.64418
4121315312.500001,-51.65925
4121316250.000001,-51.72278
4121317187.500001,-51.6488
4121318125.000001,-51.765
4121319062.500001,-51.70216
4121320000.000001,-51.70424
4121320937.500001,-51.59636
4121321875.000001,-51.76379
4121322812.500001,-51.67467
4121323750.000001,-51.62602
4121324687.500001,-51.69595
4121325625.000001,-51.65903
4121326562.500001,-51.60135
4121327500.000001,-51.65064
4121328437.500001,-51.73148
4121329375.000001,-51.6392
4121330312.500001,-51.60872
4121331250.000001,-51.68711
4121332187.500001,-51.6456
4121333125.000001,-51.68476
4121334062.500001,-51.63739
4121335000.000001,-51.6
4121335937.500001,-51.61306
4121336875.000001,-51.66425
4121337812.500001,-51.59639
4121338750.000001,-51.62867
4121339687.500001,-51.73169
4121340625.000001,-51.5977
4121341562.500001,-51.61066
4121342500.000001,-51.61399
4121343437.500001,-51.65701
4121344375.000001,-51.65731
4121345312.500001,-51.52895
4121346250.000001,-51.63359
4121347187.500001,-51.62446
4121348125.000001,-51.58425
4121349062.500001,-51.57716
4121350000.000001,-51.60818
4121350937.500001,-51.59024
4121351875.000001,-51.55311
4121352812.500001,-51.57442
4121353750.000001,-51.56541
4121354687.500001,-51.51845
4121355625.000001,-51.53802
4121356562.500001,-51.58892
4121357500.000001,-51.44804
4121358437.500001,-51.5354
4121359375.000001,-51.54796
4121360312.500001,-51.53628
4121361250.000001,-51.49725
4121362187.500001,-51.48308
4121363125.000001,-51.50597
4121364062.500001,-51.56632
4121365000.000001,-51.58543
4121365937.500001,-51.47013
4121366875.000001,-51.47129
4121367812.500001,-51.4729
4121368750.000001,-51.48518
4121369687.500001,-51.49205
4121370625.000001,-51.5159
4121371562.500001,-51.51578
4121372500.000001,-51.53473
4121373437.500001,-51.49655
4121374375.000001,-51.44059
4121375312.500001,-51.42476
4121376250.000001,-51.48396
4121377187.500001,-51.49732
4121378125.000001,-51.44843
4121379062.500001,-51.4465
4121380000.000001,-51.50551
4121380937.500001,-51.4383
4121381875.000001,-51.48268
4121382812.500001,-51.46419
4121383750.000001,-51.43462
4121384687.500001,-51.39839
4121385625.000001,-51.42611
4121386562.500001,-51.42483
4121387500.000001,-51.4029
4121388437.500001,-51.45211
4121389375.000001,-51.42307
4121390312.500001,-51.47723
4121391250.000001,-51.36537
4121392187.500001,-51.39399
4121393125.000001,-51.37201
4121394062.500001,-51.40095
4121395000.000001,-51.35955
4121395937.500001,-51.3779
4121396875.000001,-51.34967
4121397812.500001,-51.35966
4121398750.000001,-51.41848
4121399687.500001,-51.33255
4121400625.000001,-51.35549
4121401562.500001,-51.38353
4121402500.000001,-51.33464
4121403437.500001,-51.33876
4121404375.000001,-51.36766
4121405312.500001,-51.30997
4121406250.000001,-51.32386
4121407187.500001,-51.34083
4121408125.000001,-51.34953
4121409062.500001,-51.30886
4121410000.000001,-51.32652
4121410937.500001,-51.38543
4121411875.000001,-51.30516
4121412812.500001,-51.40317
4121413750.000001,-51.24508
4121414687.500001,-51.34305
4121415625.000001,-51.32228
4121416562.500001,-51.30748
4121417500.000001,-51.29998
4121418437.500001,-51.23282
4121419375.000001,-51.25884
4121420312.500001,-51.30913
4121421250.000001,-51.2733
4121422187.500001,-51.24828
4121423125.000001,-51.22848
4121424062.500001,-51.3031
4121425000.000001,-51.26527
4121425937.500001,-51.28334
4121426875.000001,-51.2538
4121427812.500001,-51.22138
4121428750.000001,-51.24986
4121429687.500001,-51.24939
4121430625.000001,-51.2538
4121431562.500001,-51.28631
4121432500.000001,-51.23198
4121433437.500001,-51.24815
4121434375.000001,-51.18346
4121435312.500001,-51.21365
4121436250.000001,-51.23211
4121437187.500001,-51.18506
4121438125.000001,-51.13331
4121439062.500001,-51.23644
4121440000.000001,-51.23976
4121440937.500001,-51.17104
4121441875.000001,-51.1893
4121442812.500001,-51.15133
4121443750.000001,-51.21526
4121444687.500001,-51.18834
4121445625.000001,-51.17609
4121446562.500001,-51.19664
4121447500.000001,-51.15364
4121448437.500001,-51.16645
4121449375.000001,-51.17864
4121450312.500001,-51.16325
4121451250.000001,-51.16454
4121452187.500001,-51.21563
4121453125.000001,-51.12652
4121454062.500001,-51.15417
4121455000.000001,-51.15809
4121455937.500001,-51.11172
4121456875.000001,-51.10214
4121457812.500001,-51.19233
4121458750.000001,-51.13416
4121459687.500001,-51.10946
4121460625.000001,-51.09706
4121461562.500001,-51.11315
4121462500.000001,-51.02337
4121463437.500001,-51.10983
4121464375.000001,-51.04479
4121465312.500001,-51.05278
4121466250.000001,-51.04752
4121467187.500001,-51.06322
4121468125.000001,-51.01892
4121469062.500001,-51.14395
4121470000.000001,-51.13642
4121470937.500001,-51.09172
4121471875.000001,-51.0959
4121472812.500001,-51.05969
4121473750.000001,-51.09847
4121474687.500001,-50.98291
4121475625.000001,-50.95911
4121476562.500001,-51.08875
4121477500.000001,-51.03085
4121478437.500001,-50.99423
4121479375.000001,-51.05268
4121480312.500001,-51.0086
4121481250.000001,-50.99234
4121482187.500001,-51.01243
4121483125.000001,-51.00685
4121484062.500001,-50.9973
4121485000.000001,-51.07999
4121485937.500001,-50.9797
4121486875.000001,-51.011
4121487812.500001,-51.02389
4121488750.000001,-51.02126
4121489687.500001,-50.97959
4121490625.000001,-51.02002
4121491562.500001,-50.99086
4121492500.000001,-50.9269
4121493437.500001,-50.97067
4121494375.000001,-50.99494
4121495312.500001,-51.0295
4121496250.000001,-50.92233
4121497187.500001,-50.94062
4121498125.000001,-50.95705
4121499062.500001,-50.91763
4121500000.000001,-51.00231
4121500937.500001,-50.87201
4121501875.000001,-50.92615
4121502812.500001,-50.94622
4121503750.000001,-50.98098
4121504687.500001,-51.01268
4121505625.000001,-50.96118
4121506562.500001,-50.9328
4121507500.000001,-50.91504
4121508437.500001,-50.91833
4121509375.000001,-50.85529
4121510312.500001,-50.92427
4121511250.000001,-50.91928
4121512187.500001,-50.96384
4121513125.000001,-50.87314
4121514062.500001,-50.91981
4121515000.000001,-50.90638
4121515937.500001,-50.84109
4121516875.000001,-50.86749
4121517812.500001,-50.86375
4121518750.000001,-50.87646
4121519687.500001,-50.89072
4121520625.000001,-50.86736
4121521562.500001,-50.8442
4121522500.000001,-50.82026
4121523437.500001,-50.90645
4121524375.000001,-50.81197
4121525312.500001,-50.84737
4121526250.000001,-50.88609
4121527187.500001,-50.785
4121528125.000001,-50.84614
4121529062.500001,-50.81936
4121530000.000001,-50.77477
4121530937.500001,-50.7974
4121531875.000001,-50.80832
4121532812.500001,-50.8297
4121533750.000001,-50.76768
4121534687.500001,-50.77652
4121535625.000001,-50.78007
4121536562.500001,-50.78876
4121537500.000001,-50.83656
4121538437.500001,-50.76313
4121539375.000001,-50.75907
4121540312.500001,-50.75673
4121541250.000001,-50.77663
4121542187.500001,-50.72968
4121543125.000001,-50.77359
4121544062.500001,-50.78817
4121545000.000001,-50.74879
4121545937.500001,-50.72591
4121546875.000001,-50.77103
4121547812.500001,-50.75558
4121548750.000001,-50.74672
4121549687.500001,-50.74092
4121550625.000001,-50.71457
4121551562.500001,-50.74646
4121552500.000001,-50.70201
4121553437.500001,-50.7352
4121554375.000001,-50.7348
4121555312.500001,-50.71511
4121556250.000001,-50.67247
4121557187.500001,-50.73387
4121558125.000001,-50.75217
4121559062.500001,-50.69307
4121560000.000001,-50.60666
4121560937.500001,-50.67275
4121561875.000001,-50.64953
4121562812.500001,-50.65852
4121563750.000001,-50.61615
4121564687.500001,-50.65796
4121565625.000001,-50.59407
4121566562.500001,-50.62709
4121567500.000001,-50.63364
4121568437.500001,-50.65556
4121569375.000001,-50.62535
4121570312.500001,-50.58585
4121571250.000001,-50.68287
4121572187.500001,-50.61647
4121573125.000001,-50.57605
4121574062.500001,-50.62768
4121575000.000001,-50.62364
4121575937.500001,-50.64053
4121576875.000001,-50.58023
4121577812.500001,-50.5617
4121578750.000001,-50.58926
4121579687.500001,-50.61539
4121580625.000001,-50.59097
4121581562.500001,-50.57998
4121582500.000001,-50.66913
4121583437.500001,-50.56124
4121584375.000001,-50.54823
4121585312.500001,-50.55997
4121586250.000001,-50.60114
4121587187.500001,-50.57787
4121588125.000001,-50.55302
4121589062.500001,-50.54959
4121590000.000001,-50.61203
4121590937.500001,-50.51495
4121591875.000001,-50.48265
4121592812.500001,-50.50107
4121593750.000001,-50.52019
4121594687.500001,-50.49318
4121595625.000001,-50.56244
4121596562.500001,-50.5924
4121597500.000001,-50.51807
4121598437.500001,-50.39408
4121599375.000001,-50.49306
4121600312.500001,-50.47299
4121601250.000001,-50.50609
4121602187.500001,-50.49609
4121603125.000001,-50.50002
4121604062.500001,-50.43824
4121605000.000001,-50.51221
4121605937.500001,-50.50029
4121606875.000001,-50.47976
4121607812.500001,-50.41353
4121608750.000001,-50.37802
4121609687.500001,-50.4548
4121610625.000001,-50.4715
4121611562.500001,-50.40336
4121612500.000001,-50.36828
4121613437.500001,-50.47312
4121614375.000001,-50.40057
4121615312.500001,-50.42389
4121616250.000001,-50.41268
4121617187.500001,-50.4015
4121618125.000001,-50.38853
4121619062.500001,-50.40096
4121620000.000001,-50.40807
4121620937.500001,-50.39948
4121621875.000001,-50.43253
4121622812.500001,-50.36308
4121623750.000001,-50.35748
4121624687.500001,-50.42157
4121625625.000001,-50.32123
4121626562.500001,-50.35427
4121627500.000001,-50.36382
4121628437.500001,-50.39999
4121629375.000001,-50.3201
4121630312.500001,-50.29859
4121631250.000001,-50.38956
4121632187.500001,-50.28808
4121633125.000001,-50.2979
4121634062.500001,-50.35965
4121635000.000001,-50.3165
4121635937.500001,-50.33944
4121636875.000001,-50.31538
4121637812.500001,-50.33041
4121638750.000001,-50.25743
4121639687.500001,-50.30416
4121640625.000001,-50.32578
4121641562.500001,-50.23433
4121642500.000001,-50.30374
4121643437.500001,-50.33006
4121644375.000001,-50.31716
4121645312.500001,-50.31844
4121646250.000001,-50.28898
4121647187.500001,-50.29286
4121648125.000001,-50.28585
4121649062.500001,-50.26541
4121650000.000001,-50.30511
4121650937.500001,-50.25326
4121651875.000001,-50.20719
4121652812.500001,-50.2855
4121653750.000001,-50.21786
4121654687.500001,-50.25603
4121655625.000001,-50.24797
4121656562.500001,-50.17577
4121657500.000001,-50.24638
4121658437.500001,-50.21762
4121659375.000001,-50.18165
4121660312.500001,-50.17004
4121661250.000001,-50.17037
4121662187.500001,-50.18966
4121663125.000001,-50.16373
4121664062.500001,-50.13882
4121665000.000001,-50.18812
4121665937.500001,-50.20461
4121666875.000001,-50.1419
4121667812.500001,-50.19784
4121668750.000001,-50.25199
4121669687.500001,-50.20697
4121670625.000001,-50.17964
4121671562.500001,-50.1573
4121672500.000001,-50.14944
4121673437.500001,-50.14568
4121674375.000001,-50.14816
4121675312.500001,-50.17758
4121676250.000001,-50.08524
4121677187.500001,-50.11835
4121678125.000001,-50.1055
4121679062.500001,-50.17248
4121680000.000001,-50.11019
4121680937.500001,-50.13859
4121681875.000001,-50.07631
4121682812.500001,-50.08825
4121683750.000001,-50.13565
4121684687.500001,-50.15433
4121685625.000001,-50.12813
4121686562.500001,-50.09228
4121687500.000001,-50.03824
4121688437.500001,-50.02416
4121689375.000001,-50.06351
4121690312.500001,-50.09925
4121691250.000001,-50.05656
4121692187.500001,-50.04853
4121693125.000001,-49.98053
4121694062.500001,-50.03966
4121695000.000001,-49.97484
4121695937.500001,-49.99063
4121696875.000001,-50.06265
4121697812.500001,-49.99078
4121698750.000001,-50.02253
4121699687.500001,-50.0295
4121700625.000001,-50.01801
4121701562.500001,-49.9684
4121702500.000001,-49.96913
4121703437.500001,-50.0326
4121704375.000001,-49.99038
4121705312.500001,-49.945
4121706250.000001,-50.00794
4121707187.500001,-49.95683
4121708125.000001,-49.95895
4121709062.500001,-49.97955
4121710000.000001,-49.96894
4121710937.500001,-50.03986
4121711875.000001,-49.94934
4121712812.500001,-49.97569
4121713750.000001,-49.95509
4121714687.500001,-49.95701
4121715625.000001,-49.90592
4121716562.500001,-49.97248
4121717500.000001,-49.92768
4121718437.500001,-49.94464
4121719375.000001,-49.89248
4121720312.500001,-49.90626
4121721250.000001,-49.90513
4121722187.500001,-49.92795
4121723125.000001,-49.9118
4121724062.500001,-49.86267
4121725000.000001,-49.89348
4121725937.500001,-49.89716
4121726875.000001,-49.86916
4121727812.500001,-49.88813
4121728750.000001,-49.8949
4121729687.500001,-49.85612
4121730625.000001,-49.8833
4121731562.500001,-49.91588
4121732500.000001,-49.86063
4121733437.500001,-49.8121
4121734375.000001,-49.83658
4121735312.500001,-49.84689
4121736250.000001,-49.79332
4121737187.500001,-49.83725
4121738125.000001,-49.83151
4121739062.500001,-49.87026
4121740000.000001,-49.80318
4121740937.500001,-49.8168
4121741875.000001,-49.81733
4121742812.500001,-49.82395
4121743750.000001,-49.8084
4121744687.500001,-49.79319
4121745625.000001,-49.80179
4121746562.500001,-49.76848
4121747500.000001,-49.78971
4121748437.500001,-49.75204
4121749375.000001,-49.75372
4121750312.500001,-49.78055
4121751250.000001,-49.80743
4121752187.500001,-49.78446
4121753125.000001,-49.73637
4121754062.500001,-49.72849
4121755000.000001,-49.76316
4121755937.500001,-49.73727
4121756875.000001,-49.76114
4121757812.500001,-49.75362
4121758750.000001,-49.71551
4121759687.500001,-49.77763
4121760625.000001,-49.72827
4121761562.500001,-49.74358
4121762500.000001,-49.69553
4121763437.500001,-49.71783
4121764375.000001,-49.68121
4121765312.500001,-49.73478
4121766250.000001,-49.68119
4121767187.500001,-49.65462
4121768125.000001,-49.68331
4121769062.500001,-49.72021
4121770000.000001,-49.68068
4121770937.500001,-49.67973
4121771875.000001,-49.65718
4121772812.500001,-49.63586
4121773750.000001,-49.67907
4121774687.500001,-49.63302
4121775625.000001,-49.57237
4121776562.500001,-49.6482
4121777500.000001,-49.563
4121778437.500001,-49.61962
4121779375.000001,-49.57582
4121780312.500001,-49.62197
4121781250.000001,-49.63203
4121782187.500001,-49.65875
4121783125.000001,-49.61425
4121784062.500001,-49.62336
4121785000.000001,-49.56535
4121785937.500001,-49.55104
4121786875.000001,-49.58947
4121787812.500001,-49.59055
4121788750.000001,-49.62188
4121789687.500001,-49.60855
4121790625.000001,-49.57105
4121791562.500001,-49.56075
4121792500.000001,-49.57227
4121793437.500001,-49.55088
4121794375.000001,-49.55848
4121795312.500001,-49.51482
4121796250.000001,-49.55266
4121797187.500001,-49.5
4121798125.000001,-49.50985
4121799062.500001,-49.5339
4121800000.000001,-49.54324
4121800937.500001,-49.54174
4121801875.000001,-49.50349
4121802812.500001,-49.52244
4121803750.000001,-49.48605
4121804687.500001,-49.50182
4121805625.000001,-49.52571
4121806562.500001,-49.49061
4121807500.000001,-49.45749
4121808437.500001,-49.46367
4121809375.000001,-49.47375
4121810312.500001,-49.45345
4121811250.000001,-49.44599
4121812187.500001,-49.48005
4121813125.000001,-49.46214
4121814062.500001,-49.46071
4121815000.000001,-49.40635
4121815937.500001,-49.47551
4121816875.000001,-49.36779
4121817812.500001,-49.41391
4121818750.000001,-49.41106
4121819687.500001,-49.43549
4121820625.000001,-49.44065
4121821562.500001,-49.45052
4121822500.000001,-49.40989
4121823437.500001,-49.42228
4121824375.000001,-49.42575
4121825312.500001,-49.36729
4121826250.000001,-49.44949
4121827187.500001,-49.42511
4121828125.000001,-49.37768
4121829062.500001,-49.40723
4121830000.000001,-49.37014
4121830937.500001,-49.36491
4121831875.000001,-49.37569
4121832812.500001,-49.39274
4121833750.000001,-49.34967
4121834687.500001,-49.33454
4121835625.000001,-49.27485
4121836562.500001,-49.37862
4121837500.000001,-49.31693
4121838437.500001,-49.34877
4121839375.000001,-49.30567
4121840312.500001,-49.3025
4121841250.000001,-49.37624
4121842187.500001,-49.35249
4121843125.000001,-49.29084
4121844062.500001,-49.28178
4121845000.000001,-49.30704
4121845937.500001,-49.2744
4121846875.000001,-49.25778
4121847812.500001,-49.24729
4121848750.000001,-49.28583
4121849687.500001,-49.25741
4121850625.000001,-49.23717
4121851562.500001,-49.26924
4121852500.000001,-49.23969
4121853437.500001,-49.21357
4121854375.000001,-49.25845
4121855312.500001,-49.21613
4121856250.000001,-49.22688
4121857187.500001,-49.2425
4121858125.000001,-49.21901
4121859062.500001,-49.2109
4121860000.000001,-49.23972
4121860937.500001,-49.23224
4121861875.000001,-49.15162
4121862812.500001,-49.20613
4121863750.000001,-49.17972
4121864687.500001,-49.20706
4121865625.000001,-49.14122
4121866562.500001,-49.19962
4121867500.000001,-49.20357
4121868437.500001,-49.18199
4121869375.000001,-49.19495
4121870312.500001,-49.14417
4121871250.000001,-49.16261
4121872187.500001,-49.1377
4121873125.000001,-49.14153
4121874062.500001,-49.16686
4121875000.000001,-49.15477
4121875937.500001,-49.09901
4121876875.000001,-49.09609
4121877812.500001,-49.10744
4121878750.000001,-49.10991
4121879687.500001,-49.09591
4121880625.000001,-49.13191
4121881562.500001,-49.0676
4121882500.000001,-49.09102
4121883437.500001,-49.06257
4121884375.000001,-49.04892
4121885312.500001,-49.07286
4121886250.000001,-49.07718
4121887187.500001,-49.10506
4121888125.000001,-49.03511
4121889062.500001,-49.02894
4121890000.000001,-49.04405
4121890937.500001,-49.08009
4121891875.000001,-49.05754
4121892812.500001,-49.04017
4121893750.000001,-49.01395
4121894687.500001,-48.97525
4121895625.000001,-49.02711
4121896562.500001,-49.06709
4121897500.000001,-49.00358
4121898437.500001,-48.97037
4121899375.000001,-48.95198
4121900312.500001,-49.02425
4121901250.000001,-48.99205
4121902187.500001,-48.97821
4121903125.000001,-48.96264
4121904062.500001,-48.91298
4121905000.000001,-48.96094
4121905937.500001,-49.00158
4121906875.000001,-48.91992
4121907812.500001,-48.92396
4121908750.000001,-48.92649
4121909687.500001,-48.92698
4121910625.000001,-48.99134
4121911562.500001,-48.97015
4121912500.000001,-48.92485
4121913437.500001,-48.95857
4121914375.000001,-48.92778
4121915312.500001,-48.91088
4121916250.000001,-48.92845
4121917187.500001,-48.92974
4121918125.000001,-48.91401
4121919062.500001,-48.90886
4121920000.000001,-48.87476
4121920937.500001,-48.91351
4121921875.000001,-48.87852
4121922812.500001,-48.86379
4121923750.000001,-48.85313
4121924687.500001,-48.87775
4121925625.000001,-48.8316
4121926562.500001,-48.80758
4121927500.000001,-48.81759
4121928437.500001,-48.84979
4121929375.000001,-48.85347
4121930312.500001,-48.80076
4121931250.000001,-48.83024
4121932187.500001,-48.76804
4121933125.000001,-48.83769
4121934062.500001,-48.82396
4121935000.000001,-48.83329
4121935937.500001,-48.83171
4121936875.000001,-48.80335
4121937812.500001,-48.77386
4121938750.000001,-48.75687
4121939687.500001,-48.81276
4121940625.000001,-48.71101
4121941562.500001,-48.78572
4121942500.000001,-48.80231
4121943437.500001,-48.76573
4121944375.000001,-48.75163
4121945312.500001,-48.7515
4121946250.000001,-48.70043
4121947187.500001,-48.72104
4121948125.000001,-48.74334
4121949062.500001,-48.72367
4121950000.000001,-48.75323
4121950937.500001,-48.71192
4121951875.000001,-48.68318
4121952812.500001,-48.69095
4121953750.000001,-48.71379
4121954687.500001,-48.65649
4121955625.000001,-48.67611
4121956562.500001,-48.70276
4121957500.000001,-48.68604
4121958437.500001,-48.68374
4121959375.000001,-48.6498
4121960312.500001,-48.69275
4121961250.000001,-48.64103
4121962187.500001,-48.63895
4121963125.000001,-48.64524
4121964062.500001,-48.6052
4121965000.000001,-48.61143
4121965937.500001,-48.66331
4121966875.000001,-48.58356
4121967812.500001,-48.57372
4121968750.000001,-48.66806
4121969687.500001,-48.66059
4121970625.000001,-48.5549
4121971562.500001,-48.60748
4121972500.000001,-48.58726
4121973437.500001,-48.59623
4121974375.000001,-48.57095
4121975312.500001,-48.53124
4121976250.000001,-48.59795
4121977187.500001,-48.56565
4121978125.000001,-48.55051
4121979062.500001,-48.5789
4121980000.000001,-48.50417
4121980937.500001,-48.5163
4121981875.000001,-48.54107
4121982812.500001,-48.55033
4121983750.000001,-48.54864
4121984687.500001,-48.51952
4121985625.000001,-48.48969
4121986562.500001,-48.49248
4121987500.000001,-48.52377
4121988437.500001,-48.51561
4121989375.000001,-48.47266
4121990312.500001,-48.45304
4121991250.000001,-48.49855
4121992187.500001,-48.49622
4121993125.000001,-48.46358
4121994062.500001,-48.42636
4121995000.000001,-48.45855
4121995937.500001,-48.47322
4121996875.000001,-48.45677
4121997812.500001,-48.45014
4121998750.000001,-48.49144
4121999687.500001,-48.42745
4122000625.000001,-48.4496
4122001562.500001,-48.39931
4122002500.000001,-48.41603
4122003437.500001,-48.42175
4122004375.000001,-48.40112
4122005312.500001,-48.36979
4122006250.000001,-48.39767
4122007187.500001,-48.40407
4122008125.000001,-48.39671
4122009062.500001,-48.36517
4122010000.000001,-48.39233
4122010937.500001,-48.36946
4122011875.000001,-48.38319
4122012812.500001,-48.38355
4122013750.000001,-48.362
4122014687.500001,-48.33833
4122015625.000001,-48.36311
4122016562.500001,-48.35287
4122017500.000001,-48.32145
4122018437.500001,-48.31558
4122019375.000001,-48.35423
4122020312.500001,-48.30722
4122021250.000001,-48.33029
4122022187.500001,-48.28434
4122023125.000001,-48.30002
4122024062.500001,-48.26605
4122025000.000001,-48.30616
4122025937.500001,-48.22746
4122026875.000001,-48.27334
4122027812.500001,-48.27288
4122028750.000001,-48.34355
4122029687.500001,-48.27584
4122030625.000001,-48.26131
4122031562.500001,-48.25919
4122032500.000001,-48.26192
4122033437.500001,-48.24119
4122034375.000001,-48.26873
4122035312.500001,-48.23345
4122036250.000001,-48.21394
4122037187.500001,-48.2164
4122038125.000001,-48.2036
4122039062.500001,-48.23214
4122040000.000001,-48.21309
4122040937.500001,-48.21178
4122041875.000001,-48.16999
4122042812.500001,-48.19965
4122043750.000001,-48.15142
4122044687.500001,-48.18095
4122045625.000001,-48.15455
4122046562.500001,-48.15608
4122047500.000001,-48.15235
4122048437.500001,-48.16726
4122049375.000001,-48.15052
4122050312.500001,-48.14593
4122051250.000001,-48.14377
4122052187.500001,-48.14258
4122053125.000001,-48.14479
4122054062.500001,-48.09356
4122055000.000001,-48.12712
4122055937.500001,-48.11504
4122056875.000001,-48.10172
4122057812.500001,-48.12172
4122058750.000001,-48.07562
4122059687.500001,-48.05973
4122060625.000001,-48.06697
4122061562.500001,-48.06083
4122062500.000001,-48.07342
4122063437.500001,-48.0332
4122064375.000001,-48.0896
4122065312.500001,-48.03983
4122066250.000001,-48.01962
4122067187.500001,-48.0382
4122068125.000001,-48.04314
4122069062.500001,-48.0276
4122070000.000001,-48.02378
4122070937.500001,-47.9897
4122071875.000001,-48.0355
4122072812.500001,-47.98811
4122073750.000001,-47.97198
4122074687.500001,-48.02455
4122075625.000001,-47.99994
4122076562.500001,-48.00771
4122077500.000001,-47.97773
4122078437.500001,-48.00283
4122079375.000001,-48.00026
4122080312.500001,-47.98269
4122081250.000001,-47.96807
4122082187.500001,-47.93181
4122083125.000001,-47.94464
4122084062.500001,-47.98177
4122085000.000001,-47.90965
4122085937.500001,-47.92217
4122086875.000001,-47.89541
4122087812.500001,-47.92705
4122088750.000001,-47.91833
4122089687.500001,-47.90715
4122090625.000001,-47.89749
4122091562.500001,-47.92749
4122092500.000001,-47.89528
4122093437.500001,-47.884
4122094375.000001,-47.85771
4122095312.500001,-47.83554
4122096250.000001,-47.86856
4122097187.500001,-47.86698
4122098125.000001,-47.79641
4122099062.500001,-47.86512
4122100000.000001,-47.83188
4122100937.500001,-47.82281
4122101875.000001,-47.81148
4122102812.500001,-47.83757
4122103750.000001,-47.80494
4122104687.500001,-47.79772
4122105625.000001,-47.82164
4122106562.500001,-47.81733
4122107500.000001,-47.78682
4122108437.500001,-47.73104
4122109375.000001,-47.79164
4122110312.500001,-47.80003
4122111250.000001,-47.77337
4122112187.500001,-47.79518
4122113125.000001,-47.76106
4122114062.500001,-47.72995
4122115000.000001,-47.72541
4122115937.500001,-47.74744
4122116875.000001,-47.71068
4122117812.500001,-47.69635
4122118750.000001,-47.72416
4122119687.500001,-47.71826
4122120625.000001,-47.65578
4122121562.500001,-47.74596
4122122500.000001,-47.70733
4122123437.500001,-47.71097
4122124375.000001,-47.65854
4122125312.500001,-47.70825
4122126250.000001,-47.69061
4122127187.500001,-47.65228
4122128125.000001,-47.64169
4122129062.500001,-47.67234
4122130000.000001,-47.65427
4122130937.500001,-47.5805
4122131875.000001,-47.6227
4122132812.500001,-47.62485
4122133750.000001,-47.61645
4122134687.500001,-47.6028
4122135625.000001,-47.60697
4122136562.500001,-47.60403
4122137500.000001,-47.62551
4122138437.500001,-47.59996
4122139375.000001,-47.56684
4122140312.500001,-47.55957
4122141250.000001,-47.58229
4122142187.500001,-47.54171
4122143125.000001,-47.53827
4122144062.500001,-47.55262
4122145000.000001,-47.5347
4122145937.500001,-47.55879
4122146875.000001,-47.52954
4122147812.500001,-47.54329
4122148750.000001,-47.53317
4122149687.500001,-47.51339
4122150625.000001,-47.49099
4122151562.500001,-47.54038
4122152500.000001,-47.49625
4122153437.500001,-47.50801
4122154375.000001,-47.44788
4122155312.500001,-47.46616
4122156250.000001,-47.48143
4122157187.500001,-47.46589
4122158125.000001,-47.51315
4122159062.500001,-47.50041
4122160000.000001,-47.50318
4122160937.500001,-47.44133
4122161875.000001,-47.46376
4122162812.500001,-47.4516
4122163750.000001,-47.43364
4122164687.500001,-47.39746
4122165625.000001,-47.42527
4122166562.500001,-47.42602
4122167500.000001,-47.44633
4122168437.500001,-47.43631
4122169375.000001,-47.38732
4122170312.500001,-47.4459
4122171250.000001,-47.37183
4122172187.500001,-47.34927
4122173125.000001,-47.3424
4122174062.500001,-47.39767
4122175000.000001,-47.4201
4122175937.500001,-47.30508
4122176875.000001,-47.3478
4122177812.500001,-47.33971
4122178750.000001,-47.35646
4122179687.500001,-47.35718
4122180625.000001,-47.36621
4122181562.500001,-47.33372
4122182500.000001,-47.29149
4122183437.500001,-47.32234
4122184375.000001,-47.32466
4122185312.500001,-47.331
4122186250.000001,-47.29103
4122187187.500001,-47.28551
4122188125.000001,-47.28698
4122189062.500001,-47.27065
4122190000.000001,-47.24949
4122190937.500001,-47.2521
4122191875.000001,-47.24675
4122192812.500001,-47.24369
4122193750.000001,-47.24706
4122194687.500001,-47.20816
4122195625.000001,-47.25023
4122196562.500001,-47.20353
4122197500.000001,-47.21016
4122198437.500001,-47.18672
4122199375.000001,-47.21604
4122200312.500001,-47.25138
4122201250.000001,-47.20801
4122202187.500001,-47.18427
4122203125.000001,-47.16177
4122204062.500001,-47.17909
4122205000.000001,-47.18053
4122205937.500001,-47.15656
4122206875.000001,-47.14465
4122207812.500001,-47.09567
4122208750.000001,-47.13521
4122209687.500001,-47.12978
4122210625.000001,-47.14062
4122211562.500001,-47.14847
4122212500.000001,-47.08067
4122213437.500001,-47.11917
4122214375.000001,-47.12393
4122215312.500001,-47.11151
4122216250.000001,-47.06204
4122217187.500001,-47.09533
4122218125.000001,-47.08086
4122219062.500001,-47.07608
4122220000.000001,-47.06388
4122220937.500001,-47.06475
4122221875.000001,-47.03058
4122222812.500001,-47.06264
4122223750.000001,-47.06137
4122224687.500001,-47.03337
4122225625.000001,-47.0095
4122226562.500001,-47.04448
4122227500.000001,-46.98835
4122228437.500001,-46.99459
4122229375.000001,-46.97268
4122230312.500001,-47.0096
4122231250.000001,-47.0029
4122232187.500001,-46.96309
4122233125.000001,-46.94019
4122234062.500001,-46.96894
4122235000.000001,-46.97868
4122235937.500001,-46.92926
4122236875.000001,-46.96032
4122237812.500001,-46.93121
4122238750.000001,-46.90341
4122239687.500001,-46.91353
4122240625.000001,-46.88005
4122241562.500001,-46.89616
4122242500.000001,-46.91051
4122243437.500001,-46.87273
4122244375.000001,-46.90649
4122245312.500001,-46.90412
4122246250.000001,-46.84234
4122247187.500001,-46.89669
4122248125.000001,-46.87151
4122249062.500001,-46.89218
4122250000.000001,-46.84894
4122250937.500001,-46.84077
4122251875.000001,-46.85746
4122252812.500001,-46.85751
4122253750.000001,-46.84319
4122254687.500001,-46.85704
4122255625.000001,-46.81443
4122256562.500001,-46.78891
4122257500.000001,-46.80135
4122258437.500001,-46.79931
4122259375.000001,-46.79669
4122260312.500001,-46.79232
4122261250.000001,-46.77353
4122262187.500001,-46.77736
4122263125.000001,-46.73774
4122264062.500001,-46.73989
4122265000.000001,-46.77314
4122265937.500001,-46.74006
4122266875.000001,-46.73106
4122267812.500001,-46.70692
4122268750.000001,-46.74184
4122269687.500001,-46.7003
4122270625.000001,-46.72846
4122271562.500001,-46.69167
4122272500.000001,-46.73101
4122273437.500001,-46.72071
4122274375.000001,-46.73375
4122275312.500001,-46.68428
4122276250.000001,-46.68218
4122277187.500001,-46.68517
4122278125.000001,-46.65257
4122279062.500001,-46.619
4122280000.000001,-46.66935
4122280937.500001,-46.65207
4122281875.000001,-46.61661
4122282812.500001,-46.61835
4122283750.000001,-46.62407
4122284687.500001,-46.63431
4122285625.000001,-46.62712
4122286562.500001,-46.60349
4122287500.000001,-46.57703
4122288437.500001,-46.61258
4122289375.000001,-46.54957
4122290312.500001,-46.59696
4122291250.000001,-46.57544
4122292187.500001,-46.55946
4122293125.000001,-46.58186
4122294062.500001,-46.54173
4122295000.000001,-46.54237
4122295937.500001,-46.55108
4122296875.000001,-46.5407
4122297812.500001,-46.47404
4122298750.000001,-46.52197
4122299687.500001,-46.4877
4122300625.000001,-46.52877
4122301562.500001,-46.51587
4122302500.000001,-46.51388
4122303437.500001,-46.51041
4122304375.000001,-46.4723
4122305312.500001,-46.48286
4122306250.000001,-46.44202
4122307187.500001,-46.46403
4122308125.000001,-46.46898
4122309062.500001,-46.4155
4122310000.000001,-46.42266
4122310937.500001,-46.39518
4122311875.000001,-46.41917
4122312812.500001,-46.41035
4122313750.000001,-46.42712
4122314687.500001,-46.3777
4122315625.000001,-46.41673
4122316562.500001,-46.4084
4122317500.000001,-46.36806
4122318437.500001,-46.39817
4122319375.000001,-46.35852
4122320312.500001,-46.4012
4122321250.000001,-46.35941
4122322187.500001,-46.3634
4122323125.000001,-46.3601
4122324062.500001,-46.3211
4122325000.000001,-46.32934
4122325937.500001,-46.35165
4122326875.000001,-46.33308
4122327812.500001,-46.30975
4122328750.000001,-46.3035
4122329687.500001,-46.28036
4122330625.000001,-46.29913
4122331562.500001,-46.29917
4122332500.000001,-46.26737
4122333437.500001,-46.29598
4122334375.000001,-46.25616
4122335312.500001,-46.26409
4122336250.000001,-46.22229
4122337187.500001,-46.2394
4122338125.000001,-46.24577
4122339062.500001,-46.23167
4122340000.000001,-46.21313
4122340937.500001,-46.2278
4122341875.000001,-46.22273
4122342812.500001,-46.18932
4122343750.000001,-46.13913
4122344687.500001,-46.19428
4122345625.000001,-46.16756
4122346562.500001,-46.14188
4122347500.000001,-46.18623
4122348437.500001,-46.1531
4122349375.000001,-46.1711
4122350312.500001,-46.17918
4122351250.000001,-46.12626
4122352187.500001,-46.15197
4122353125.000001,-46.08932
4122354062.500001,-46.10608
4122355000.000001,-46.10965
4122355937.500001,-46.10636
4122356875.000001,-46.09787
4122357812.500001,-46.07464
4122358750.000001,-46.0662
4122359687.500001,-46.08788
4122360625.000001,-46.04799
4122361562.500001,-46.07375
4122362500.000001,-46.0257
4122363437.500001,-46.01617
4122364375.000001,-46.01837
4122365312.500001,-46.01434
4122366250.000001,-46.01091
4122367187.500001,-45.9967
4122368125.000001,-46.01233
4122369062.500001,-46.01914
4122370000.000001,-46.00332
4122370937.500001,-45.96976
4122371875.000001,-45.95573
4122372812.500001,-45.98479
4122373750.000001,-45.93618
4122374687.500001,-45.93986
4122375625.000001,-45.94456
4122376562.500001,-45.92094
4122377500.000001,-45.91683
4122378437.500001,-45.91245
4122379375.000001,-45.95004
4122380312.500001,-45.93338
4122381250.000001,-45.9119
4122382187.500001,-45.93386
4122383125.000001,-45.87082
4122384062.500001,-45.88718
4122385000.000001,-45.89857
4122385937.500001,-45.90249
4122386875.000001,-45.84946
4122387812.500001,-45.84827
4122388750.000001,-45.80938
4122389687.500001,-45.86441
4122390625.000001,-45.83771
4122391562.500001,-45.82081
4122392500.000001,-45.85714
4122393437.500001,-45.83717
4122394375.000001,-45.80797
4122395312.500001,-45.77242
4122396250.000001,-45.8233
4122397187.500001,-45.80947
4122398125.000001,-45.78675
4122399062.500001,-45.8073
4122400000.000001,-45.80079
4122400937.500001,-45.74629
4122401875.000001,-45.73987
4122402812.500001,-45.71964
4122403750.000001,-45.73166
4122404687.500001,-45.7062
4122405625.000001,-45.73091
4122406562.500001,-45.72152
4122407500.000001,-45.7465
4122408437.500001,-45.68135
4122409375.000001,-45.68653
4122410312.500001,-45.70317
4122411250.000001,-45.6567
4122412187.500001,-45.63684
4122413125.000001,-45.67601
4122414062.500001,-45.6796
4122415000.000001,-45.62134
4122415937.500001,-45.57645
4122416875.000001,-45.66624
4122417812.500001,-45.62978
4122418750.000001,-45.61701
4122419687.500001,-45.61632
4122420625.000001,-45.60533
4122421562.500001,-45.59349
4122422500.000001,-45.56787
4122423437.500001,-45.5899
4122424375.000001,-45.57759
4122425312.500001,-45.54057
4122426250.000001,-45.53869
4122427187.500001,-45.55018
4122428125.000001,-45.55472
4122429062.500001,-45.52819
4122430000.000001,-45.50864
4122430937.500001,-45.48295
4122431875.000001,-45.54177
4122432812.500001,-45.49797
4122433750.000001,-45.51301
4122434687.500001,-45.49315
4122435625.000001,-45.4723
4122436562.500001,-45.46148
4122437500.000001,-45.45229
4122438437.500001,-45.4479
4122439375.000001,-45.47208
4122440312.500001,-45.4551
4122441250.000001,-45.42707
4122442187.500001,-45.44539
4122443125.000001,-45.44257
4122444062.500001,-45.42269
4122445000.000001,-45.42622
4122445937.500001,-45.37725
4122446875.000001,-45.44434
4122447812.500001,-45.38089
4122448750.000001,-45.39114
4122449687.500001,-45.39742
4122450625.000001,-45.35199
4122451562.500001,-45.33338
4122452500.000001,-45.36443
4122453437.500001,-45.35103
4122454375.000001,-45.3095
4122455312.500001,-45.33407
4122456250.000001,-45.32758
4122457187.500001,-45.33831
4122458125.000001,-45.32126
4122459062.500001,-45.29113
4122460000.000001,-45.30327
4122460937.500001,-45.28467
4122461875.000001,-45.26175
4122462812.500001,-45.25593
4122463750.000001,-45.25611
4122464687.500001,-45.27659
4122465625.000001,-45.25953
4122466562.500001,-45.24066
4122467500.000001,-45.21947
4122468437.500001,-45.23345
4122469375.000001,-45.18764
4122470312.500001,-45.19347
4122471250.000001,-45.22491
4122472187.500001,-45.18657
4122473125.000001,-45.18793
4122474062.500001,-45.17755
4122475000.000001,-45.17986
4122475937.500001,-45.15178
4122476875.000001,-45.16137
4122477812.500001,-45.17292
4122478750.000001,-45.15388
4122479687.500001,-45.11779
4122480625.000001,-45.09407
4122481562.500001,-45.08079
4122482500.000001,-45.10201
4122483437.500001,-45.08454
4122484375.000001,-45.06362
4122485312.500001,-45.05766
4122486250.000001,-45.08097
4122487187.500001,-45.06462
4122488125.000001,-45.05008
4122489062.500001,-45.0501
4122490000.000001,-45.06296
4122490937.500001,-45.05065
4122491875.000001,-45.03362
4122492812.500001,-44.99908
4122493750.000001,-45.00648
4122494687.500001,-45.01918
4122495625.000001,-44.98405
4122496562.500001,-44.99759
4122497500.000001,-44.95105
4122498437.500001,-44.98101
4122499375.000001,-44.96487
4122500312.500001,-44.96603
4122501250.000001,-44.90425
4122502187.500001,-44.94927
4122503125.000001,-44.93829
4122504062.500001,-44.90717
4122505000.000001,-44.90194
4122505937.500001,-44.89416
4122506875.000001,-44.9164
4122507812.500001,-44.89008
4122508750.000001,-44.87963
4122509687.500001,-44.86691
4122510625.000001,-44.87367
4122511562.500001,-44.85591
4122512500.000001,-44.85813
4122513437.500001,-44.81902
4122514375.000001,-44.81851
4122515312.500001,-44.81163
4122516250.000001,-44.81489
4122517187.500001,-44.79236
4122518125.000001,-44.77449
4122519062.500001,-44.75988
4122520000.000001,-44.76291
4122520937.500001,-44.74871
4122521875.000001,-44.76844
4122522812.500001,-44.73658
4122523750.000001,-44.72645
4122524687.500001,-44.75744
4122525625.000001,-44.72834
4122526562.500001,-44.74037
4122527500.000001,-44.73223
4122528437.500001,-44.68995
4122529375.000001,-44.72733
4122530312.500001,-44.67894
4122531250.000001,-44.66277
4122532187.500001,-44.63256
4122533125.000001,-44.65118
4122534062.500001,-44.646
4122535000.000001,-44.65664
4122535937.500001,-44.66521
4122536875.000001,-44.64838
4122537812.500001,-44.64592
4122538750.000001,-44.60689
4122539687.500001,-44.60097
4122540625.000001,-44.58899
4122541562.500001,-44.59894
4122542500.000001,-44.59739
4122543437.500001,-44.59498
4122544375.000001,-44.58788
4122545312.500001,-44.56164
4122546250.000001,-44.54004
4122547187.500001,-44.54795
4122548125.000001,-44.56028
4122549062.500001,-44.52035
4122550000.000001,-44.54221
4122550937.500001,-44.52459
4122551875.000001,-44.49405
4122552812.500001,-44.50622
4122553750.000001,-44.47344
4122554687.500001,-44.45625
4122555625.000001,-44.47291
4122556562.500001,-44.45399
4122557500.000001,-44.45927
4122558437.500001,-44.45887
4122559375.000001,-44.44291
4122560312.500001,-44.43043
4122561250.000001,-44.41766
4122562187.500001,-44.41346
4122563125.000001,-44.38926
4122564062.500001,-44.37177
4122565000.000001,-44.39555
4122565937.500001,-44.37581
4122566875.000001,-44.34915
4122567812.500001,-44.3784
4122568750.000001,-44.38001
4122569687.500001,-44.34877
4122570625.000001,-44.33066
4122571562.500001,-44.34754
4122572500.000001,-44.31617
4122573437.500001,-44.29173
4122574375.000001,-44.29505
4122575312.500001,-44.29926
4122576250.000001,-44.2757
4122577187.500001,-44.28251
4122578125.000001,-44.28553
4122579062.500001,-44.23831
4122580000.000001,-44.28706
4122580937.500001,-44.24591
4122581875.000001,-44.21973
4122582812.500001,-44.22976
4122583750.000001,-44.20441
4122584687.500001,-44.20385
4122585625.000001,-44.19048
4122586562.500001,-44.19471
4122587500.000001,-44.17111
4122588437.500001,-44.16383
4122589375.000001,-44.15574
4122590312.500001,-44.14775
4122591250.000001,-44.15968
4122592187.500001,-44.17601
4122593125.000001,-44.1207
4122594062.500001,-44.12984
4122595000.000001,-44.12831
4122595937.500001,-44.08403
4122596875.000001,-44.10322
4122597812.500001,-44.0808
4122598750.000001,-44.05716
4122599687.500001,-44.10376
4122600625.000001,-44.0854
4122601562.500001,-44.0505
4122602500.000001,-44.02707
4122603437.500001,-44.00716
4122604375.000001,-44.02218
4122605312.500001,-44.00807
4122606250.000001,-43.98665
4122607187.500001,-43.99897
4122608125.000001,-43.99072
4122609062.500001,-43.99406
4122610000.000001,-43.97008
4122610937.500001,-43.96063
4122611875.000001,-43.92696
4122612812.500001,-43.97563
4122613750.000001,-43.92279
4122614687.500001,-43.92479
4122615625.000001,-43.91928
4122616562.500001,-43.92413
4122617500.000001,-43.89505
4122618437.500001,-43.90118
4122619375.000001,-43.89824
4122620312.500001,-43.89945
4122621250.000001,-43.85382
4122622187.500001,-43.84478
4122623125.000001,-43.81487
4122624062.500001,-43.83845
4122625000.000001,-43.82031
4122625937.500001,-43.8189
4122626875.000001,-43.81549
4122627812.500001,-43.80484
4122628750.000001,-43.76331
4122629687.500001,-43.81529
4122630625.000001,-43.76657
4122631562.500001,-43.76657
4122632500.000001,-43.75817
4122633437.500001,-43.75043
4122634375.000001,-43.7301
4122635312.500001,-43.7104
4122636250.000001,-43.707
4122637187.500001,-43.72945
4122638125.000001,-43.67835
4122639062.500001,-43.71111
4122640000.000001,-43.68322
4122640937.500001,-43.67029
4122641875.000001,-43.64988
4122642812.500001,-43.64165
4122643750.000001,-43.65831
4122644687.500001,-43.64861
4122645625.000001,-43.61342
4122646562.500001,-43.64157
4122647500.000001,-43.57809
4122648437.500001,-43.60061
4122649375.000001,-43.60622
4122650312.500001,-43.6069
4122651250.000001,-43.55861
4122652187.500001,-43.55869
4122653125.000001,-43.55849
4122654062.500001,-43.53631
4122655000.000001,-43.53233
4122655937.500001,-43.52533
4122656875.000001,-43.52578
4122657812.500001,-43.50727
4122658750.000001,-43.49582
4122659687.500001,-43.50308
4122660625.000001,-43.47566
4122661562.500001,-43.45188
4122662500.000001,-43.45328
4122663437.500001,-43.45252
4122664375.000001,-43.45071
4122665312.500001,-43.43459
4122666250.000001,-43.4565
4122667187.500001,-43.41818
4122668125.000001,-43.3979
4122669062.500001,-43.38862
4122670000.000001,-43.38288
4122670937.500001,-43.39333
4122671875.000001,-43.35705
4122672812.500001,-43.34354
4122673750.000001,-43.32899
4122674687.500001,-43.35769
4122675625.000001,-43.34569
4122676562.500001,-43.29163
4122677500.000001,-43.32779
4122678437.500001,-43.29367
4122679375.000001,-43.29102
4122680312.500001,-43.28451
4122681250.000001,-43.26525
4122682187.500001,-43.25609
4122683125.000001,-43.24816
4122684062.500001,-43.22551
4122685000.000001,-43.21988
4122685937.500001,-43.21836
4122686875.000001,-43.21711
4122687812.500001,-43.21949
4122688750.000001,-43.15187
4122689687.500001,-43.1883
4122690625.000001,-43.17802
4122691562.500001,-43.15453
4122692500.000001,-43.18032
4122693437.500001,-43.14997
4122694375.000001,-43.11814
4122695312.500001,-43.14263
4122696250.000001,-43.12239
4122697187.500001,-43.12979
4122698125.000001,-43.1032
4122699062.500001,-43.10622
4122700000.000001,-43.06144
4122700937.500001,-43.05562
4122701875.000001,-43.05896
4122702812.500001,-43.05536
4122703750.000001,-43.02121
4122704687.500001,-43.04688
4122705625.000001,-43.01608
4122706562.500001,-43.00391
4122707500.000001,-42.99937
4122708437.500001,-42.98723
4122709375.000001,-42.97231
4122710312.500001,-42.96939
4122711250.000001,-42.97276
4122712187.500001,-42.93028
4122713125.000001,-42.94276
4122714062.500001,-42.92235
4122715000.000001,-42.93904
4122715937.500001,-42.90137
4122716875.000001,-42.89408
4122717812.500001,-42.91781
4122718750.000001,-42.87989
4122719687.500001,-42.87897
4122720625.000001,-42.85038
4122721562.500001,-42.8588
4122722500.000001,-42.85355
4122723437.500001,-42.84447
4122724375.000001,-42.82142
4122725312.500001,-42.8046
4122726250.000001,-42.81038
4122727187.500001,-42.79779
4122728125.000001,-42.77778
4122729062.500001,-42.76278
4122730000.000001,-42.76555
4122730937.500001,-42.76486
4122731875.000001,-42.7403
4122732812.500001,-42.72817
4122733750.000001,-42.72919
4122734687.500001,-42.69027
4122735625.000001,-42.70197
4122736562.500001,-42.68665
4122737500.000001,-42.66687
4122738437.500001,-42.67154
4122739375.000001,-42.65089
4122740312.500001,-42.6421
4122741250.000001,-42.64734
4122742187.500001,-42.63352
4122743125.000001,-42.62374
4122744062.500001,-42.60896
4122745000.000001,-42.60005
4122745937.500001,-42.59967
4122746875.000001,-42.56971
4122747812.500001,-42.58185
4122748750.000001,-42.5637
4122749687.500001,-42.53779
4122750625.000001,-42.52772
4122751562.500001,-42.52872
4122752500.000001,-42.51458
4122753437.500001,-42.48675
4122754375.000001,-42.50411
4122755312.500001,-42.47661
4122756250.000001,-42.49138
4122757187.500001,-42.4394
4122758125.000001,-42.47416
4122759062.500001,-42.46608
4122760000.000001,-42.43624
4122760937.500001,-42.40842
4122761875.000001,-42.41335
4122762812.500001,-42.39271
4122763750.000001,-42.39414
4122764687.500001,-42.37716
4122765625.000001,-42.38429
4122766562.500001,-42.35208
4122767500.000001,-42.36055
4122768437.500001,-42.34699
4122769375.000001,-42.35387
4122770312.500001,-42.33789
4122771250.000001,-42.31947
4122772187.500001,-42.29991
4122773125.000001,-42.28603
4122774062.500001,-42.28824
4122775000.000001,-42.25575
4122775937.500001,-42.24805
4122776875.000001,-42.25473
4122777812.500001,-42.23487
4122778750.000001,-42.22051
4122779687.500001,-42.22061
4122780625.000001,-42.20367
4122781562.500001,-42.17728
4122782500.000001,-42.1632
4122783437.500001,-42.16111
4122784375.000001,-42.17804
4122785312.500001,-42.14826
4122786250.000001,-42.13373
4122787187.500001,-42.11707
4122788125.000001,-42.13226
4122789062.500001,-42.10997
4122790000.000001,-42.09879
4122790937.500001,-42.09266
4122791875.000001,-42.06116
4122792812.500001,-42.07695
4122793750.000001,-42.0353
4122794687.500001,-42.03982
4122795625.000001,-42.04367
4122796562.500001,-42.03146
4122797500.000001,-42.02209
4122798437.500001,-42.01075
4122799375.000001,-41.98307
4122800312.500001,-41.96358
4122801250.000001,-41.97081
4122802187.500001,-41.95336
4122803125.000001,-41.93164
4122804062.500001,-41.94452
4122805000.000001,-41.95079
4122805937.500001,-41.91493
4122806875.000001,-41.90551
4122807812.500001,-41.87725
4122808750.000001,-41.87696
4122809687.500001,-41.85472
4122810625.000001,-41.85998
4122811562.500001,-41.85233
4122812500.000001,-41.80122
4122813437.500001,-41.84225
4122814375.000001,-41.80219
4122815312.500001,-41.79958
4122816250.000001,-41.78274
4122817187.500001,-41.7862
4122818125.000001,-41.79258
4122819062.500001,-41.75142
4122820000.000001,-41.756
4122820937.500001,-41.73506
4122821875.000001,-41.7208
4122822812.500001,-41.71485
4122823750.000001,-41.69328
4122824687.500001,-41.70132
4122825625.000001,-41.69402
4122826562.500001,-41.66768
4122827500.000001,-41.65257
4122828437.500001,-41.62086
4122829375.000001,-41.61852
4122830312.500001,-41.63218
4122831250.000001,-41.61222
4122832187.500001,-41.6006
4122833125.000001,-41.59193
4122834062.500001,-41.57245
4122835000.000001,-41.56881
4122835937.500001,-41.57686
4122836875.000001,-41.53688
4122837812.500001,-41.51309
4122838750.000001,-41.50585
4122839687.500001,-41.5305
4122840625.000001,-41.49532
4122841562.500001,-41.4909
4122842500.000001,-41.46016
4122843437.500001,-41.44604
4122844375.000001,-41.45139
4122845312.500001,-41.44413
4122846250.000001,-41.42669
4122847187.500001,-41.40575
4122848125.000001,-41.422
4122849062.500001,-41.39256
4122850000.000001,-41.37865
4122850937.500001,-41.36353
4122851875.000001,-41.35153
4122852812.500001,-41.35655
4122853750.000001,-41.32202
4122854687.500001,-41.32874
4122855625.000001,-41.30266
4122856562.500001,-41.30501
4122857500.000001,-41.27917
4122858437.500001,-41.27663
4122859375.000001,-41.27882
4122860312.500001,-41.24574
4122861250.000001,-41.26934
4122862187.500001,-41.2434
4122863125.000001,-41.22525
4122864062.500001,-41.20905
4122865000.000001,-41.20817
4122865937.500001,-41.21401
4122866875.000001,-41.15965
4122867812.500001,-41.16012
4122868750.000001,-41.14365
4122869687.500001,-41.1402
4122870625.000001,-41.11854
4122871562.500001,-41.1132
4122872500.000001,-41.10351
4122873437.500001,-41.10191
4122874375.000001,-41.08712
4122875312.500001,-41.08171
4122876250.000001,-41.07241
4122877187.500001,-41.03202
4122878125.000001,-41.04227
4122879062.500001,-41.01579
4122880000.000001,-41.00512
4122880937.500001,-40.99246
4122881875.000001,-40.97303
4122882812.500001,-40.96569
4122883750.000001,-40.95091
4122884687.500001,-40.96992
4122885625.000001,-40.93064
4122886562.500001,-40.91534
4122887500.000001,-40.91036
4122888437.500001,-40.89322
4122889375.000001,-40.8737
4122890312.500001,-40.88685
4122891250.000001,-40.84609
4122892187.500001,-40.85783
4122893125.000001,-40.84395
4122894062.500001,-40.8122
4122895000.000001,-40.82943
4122895937.500001,-40.79598
4122896875.000001,-40.78912
4122897812.500001,-40.78887
4122898750.000001,-40.76012
4122899687.500001,-40.75825
4122900625.000001,-40.74338
4122901562.500001,-40.72284
4122902500.000001,-40.70509
4122903437.500001,-40.7022
4122904375.000001,-40.66592
4122905312.500001,-40.69279
4122906250.000001,-40.65711
4122907187.500001,-40.65476
4122908125.000001,-40.64391
4122909062.500001,-40.61439
4122910000.000001,-40.60819
4122910937.500001,-40.61037
4122911875.000001,-40.58855
4122912812.500001,-40.58766
4122913750.000001,-40.55213
4122914687.500001,-40.55978
4122915625.000001,-40.53651
4122916562.500001,-40.53127
4122917500.000001,-40.52789
4122918437.500001,-40.49863
4122919375.000001,-40.48875
4122920312.500001,-40.48932
4122921250.000001,-40.44991
4122922187.500001,-40.45354
4122923125.000001,-40.4546
4122924062.500001,-40.40822
4122925000.000001,-40.41857
4122925937.500001,-40.40143
4122926875.000001,-40.41015
4122927812.500001,-40.38456
4122928750.000001,-40.36519
4122929687.500001,-40.34498
4122930625.000001,-40.35126
4122931562.500001,-40.33625
4122932500.000001,-40.3049
4122933437.500001,-40.30353
4122934375.000001,-40.28819
4122935312.500001,-40.28118
4122936250.000001,-40.25266
4122937187.500001,-40.24966
4122938125.000001,-40.23289
4122939062.500001,-40.20729
4122940000.000001,-40.21289
4122940937.500001,-40.19603
4122941875.000001,-40.16935
4122942812.500001,-40.15934
4122943750.000001,-40.15639
4122944687.500001,-40.14
4122945625.000001,-40.12488
4122946562.500001,-40.11831
4122947500.000001,-40.09731
4122948437.500001,-40.09297
4122949375.000001,-40.07316
4122950312.500001,-40.07737
4122951250.000001,-40.04979
4122952187.500001,-40.02941
4122953125.000001,-40.0323
4122954062.500001,-40.01913
4122955000.000001,-39.98815
4122955937.500001,-39.97258
4122956875.000001,-39.98529
4122957812.500001,-39.96221
4122958750.000001,-39.93596
4122959687.500001,-39.93599
4122960625.000001,-39.90965
4122961562.500001,-39.90447
4122962500.000001,-39.89198
4122963437.500001,-39.90119
4122964375.000001,-39.8589
4122965312.500001,-39.85321
4122966250.000001,-39.84213
4122967187.500001,-39.82955
4122968125.000001,-39.81538
4122969062.500001,-39.78346
4122970000.000001,-39.78229
4122970937.500001,-39.7673
4122971875.000001,-39.76302
4122972812.500001,-39.75001
4122973750.000001,-39.74007
4122974687.500001,-39.71518
4122975625.000001,-39.70703
4122976562.500001,-39.69016
4122977500.000001,-39.68795
4122978437.500001,-39.66832
4122979375.000001,-39.66593
4122980312.500001,-39.64149
4122981250.000001,-39.62907
4122982187.500001,-39.6021
4122983125.000001,-39.6043
4122984062.500001,-39.58075
4122985000.000001,-39.57894
4122985937.500001,-39.55319
4122986875.000001,-39.53541
4122987812.500001,-39.51895
4122988750.000001,-39.52082
4122989687.500001,-39.49965
4122990625.000001,-39.49258
4122991562.500001,-39.47078
4122992500.000001,-39.46648
4122993437.500001,-39.45365
4122994375.000001,-39.41533
4122995312.500001,-39.42249
4122996250.000001,-39.38992
4122997187.500001,-39.3956
4122998125.000001,-39.36698
4122999062.500001,-39.34552
4123000000.000001,-39.34527
4123000937.500001,-39.32437
4123001875.000001,-39.32449
4123002812.500001,-39.30309
4123003750.000001,-39.27965
4123004687.500001,-39.28256
4123005625.000001,-39.27003
4123006562.500001,-39.24463
4123007500.000001,-39.23772
4123008437.500001,-39.21653
4123009375.000001,-39.19814
4123010312.500001,-39.1938
4123011250.000001,-39.17636
4123012187.500001,-39.17784
4123013125.000001,-39.14577
4123014062.500001,-39.13883
4123015000.000001,-39.11813
4123015937.500001,-39.11996
4123016875.000001,-39.08023
4123017812.500001,-39.09126
4123018750.000001,-39.06306
4123019687.500001,-39.04592
4123020625.000001,-39.05339
4123021562.500001,-39.01315
4123022500.000001,-39.00902
4123023437.500001,-38.99293
4123024375.000001,-38.97426
4123025312.500001,-38.96064
4123026250.000001,-38.94497
4123027187.500001,-38.9446
4123028125.000001,-38.91989
4123029062.500001,-38.88901
4123030000.000001,-38.88194
4123030937.500001,-38.87307
4123031875.000001,-38.86721
4123032812.500001,-38.8524
4123033750.000001,-38.83744
4123034687.500001,-38.83239
4123035625.000001,-38.81358
4123036562.500001,-38.77888
4123037500.000001,-38.77676
4123038437.500001,-38.75275
4123039375.000001,-38.74156
4123040312.500001,-38.72411
4123041250.000001,-38.70954
4123042187.500001,-38.68444
4123043125.000001,-38.67769
4123044062.500001,-38.65156
4123045000.000001,-38.6717
4123045937.500001,-38.64237
4123046875.000001,-38.62042
4123047812.500001,-38.62075
4123048750.000001,-38.59831
4123049687.500001,-38.57333
4123050625.000001,-38.56891
4123051562.500001,-38.54813
4123052500.000001,-38.52702
4123053437.500001,-38.53456
4123054375.000001,-38.49979
4123055312.500001,-38.48607
4123056250.000001,-38.47248
4123057187.500001,-38.46224
4123058125.000001,-38.4441
4123059062.500001,-38.42795
4123060000.000001,-38.41649
4123060937.500001,-38.40201
4123061875.000001,-38.37664
4123062812.500001,-38.36646
4123063750.000001,-38.35753
4123064687.500001,-38.33193
4123065625.000001,-38.31315
4123066562.500001,-38.29981
4123067500.000001,-38.29585
4123068437.500001,-38.2742
4123069375.000001,-38.25293
4123070312.500001,-38.24801
4123071250.000001,-38.22436
4123072187.500001,-38.21616
4123073125.000001,-38.20845
4123074062.500001,-38.19411
4123075000.000001,-38.1725
4123075937.500001,-38.15007
4123076875.000001,-38.13739
4123077812.500001,-38.12225
4123078750.000001,-38.10739
4123079687.500001,-38.08698
4123080625.000001,-38.06916
4123081562.500001,-38.06343
4123082500.000001,-38.0419
4123083437.500001,-38.0288
4123084375.000001,-38.0095
4123085312.500001,-38.00575
4123086250.000001,-37.98575
4123087187.500001,-37.96217
4123088125.000001,-37.93634
4123089062.500001,-37.94605
4123090000.000001,-37.92251
4123090937.500001,-37.92305
4123091875.000001,-37.88865
4123092812.500001,-37.8798
4123093750.000001,-37.85352
4123094687.500001,-37.83639
4123095625.000001,-37.84327
4123096562.500001,-37.79717
4123097500.000001,-37.79345
4123098437.500001,-37.77681
4123099375.000001,-37.76068
4123100312.500001,-37.75858
4123101250.000001,-37.72397
4123102187.500001,-37.71716
4123103125.000001,-37.69977
4123104062.500001,-37.69435
4123105000.000001,-37.66467
4123105937.500001,-37.6495
4123106875.000001,-37.6342
4123107812.500001,-37.62518
4123108750.000001,-37.59753
4123109687.500001,-37.58656
4123110625.000001,-37.571
4123111562.500001,-37.54777
4123112500.000001,-37.52893
4123113437.500001,-37.51938
4123114375.000001,-37.51658
4123115312.500001,-37.50392
4123116250.000001,-37.46733
4123117187.500001,-37.46195
4123118125.000001,-37.44833
4123119062.500001,-37.42378
4123120000.000001,-37.42133
4123120937.500001,-37.39219
4123121875.000001,-37.38599
4123122812.500001,-37.36302
4123123750.000001,-37.3474
4123124687.500001,-37.32096
4123125625.000001,-37.31547
4123126562.500001,-37.28891
4123127500.000001,-37.28403
4123128437.500001,-37.26447
4123129375.000001,-37.23367
4123130312.500001,-37.23274
4123131250.000001,-37.19033
4123132187.500001,-37.18298
4123133125.000001,-37.1719
4123134062.500001,-37.14929
4123135000.000001,-37.15622
4123135937.500001,-37.13866
4123136875.000001,-37.11769
4123137812.500001,-37.09052
4123138750.000001,-37.07938
4123139687.500001,-37.05937
4123140625.000001,-37.03556
4123141562.500001,-37.03236
4123142500.000001,-37.01159
4123143437.500001,-36.99828
4123144375.000001,-36.98573
4123145312.500001,-36.96357
4123146250.000001,-36.94481
4123147187.500001,-36.91533
4123148125.000001,-36.90555
4123149062.500001,-36.88176
4123150000.000001,-36.87849
4123150937.500001,-36.85997
4123151875.000001,-36.84148
4123152812.500001,-36.82339
4123153750.000001,-36.8029
4123154687.500001,-36.79983
4123155625.000001,-36.77346
4123156562.500001,-36.76683
4123157500.000001,-36.72853
4123158437.500001,-36.72707
4123159375.000001,-36.70475
4123160312.500001,-36.68035
4123161250.000001,-36.66641
4123162187.500001,-36.65532
4123163125.000001,-36.64941
4123164062.500001,-36.6236
4123165000.000001,-36.5981
4123165937.500001,-36.59114
4123166875.000001,-36.56768
4123167812.500001,-36.53815
4123168750.000001,-36.54618
4123169687.500001,-36.52422
4123170625.000001,-36.498
4123171562.500001,-36.48666
4123172500.000001,-36.46331
4123173437.500001,-36.44563
4123174375.000001,-36.42356
4123175312.500001,-36.40782
4123176250.000001,-36.40824
4123177187.500001,-36.38779
4123178125.000001,-36.36609
4123179062.500001,-36.33588
4123180000.000001,-36.31995
4123180937.500001,-36.31607
4123181875.000001,-36.29525
4123182812.500001,-36.26374
4123183750.000001,-36.26546
4123184687.500001,-36.24337
4123185625.000001,-36.22384
4123186562.500001,-36.20256
4123187500.000001,-36.18608
4123188437.500001,-36.16591
4123189375.000001,-36.15504
4123190312.500001,-36.13759
4123191250.000001,-36.11211
4123192187.500001,-36.09875
4123193125.000001,-36.07714
4123194062.500001,-36.06259
4123195000.000001,-36.04734
4123195937.500001,-36.03226
4123196875.000001,-36.01165
4123197812.500001,-35.99261
4123198750.000001,-35.97985
4123199687.500001,-35.95439
4123200625.000001,-35.94152
4123201562.500001,-35.92451
4123202500.000001,-35.9067
4123203437.500001,-35.89573
4123204375.000001,-35.86869
4123205312.500001,-35.84786
4123206250.000001,-35.83676
4123207187.500001,-35.81636
4123208125.000001,-35.79504
4123209062.500001,-35.7744
4123210000.000001,-35.75625
4123210937.500001,-35.73271
4123211875.000001,-35.72978
4123212812.500001,-35.72232
4123213750.000001,-35.69343
4123214687.500001,-35.67228
4123215625.000001,-35.6657
4123216562.500001,-35.63929
4123217500.000001,-35.62614
4123218437.500001,-35.60644
4123219375.000001,-35.5862
4123220312.500001,-35.5572
4123221250.000001,-35.5421
4123222187.500001,-35.54105
4123223125.000001,-35.51804
4123224062.500001,-35.49936
4123225000.000001,-35.48851
4123225937.500001,-35.45723
4123226875.000001,-35.4477
4123227812.500001,-35.43939
4123228750.000001,-35.4111
4123229687.500001,-35.37692
4123230625.000001,-35.36555
4123231562.500001,-35.3535
4123232500.000001,-35.33758
4123233437.500001,-35.32229
4123234375.000001,-35.30504
4123235312.500001,-35.27998
4123236250.000001,-35.2582
4123237187.500001,-35.24099
4123238125.000001,-35.23247
4123239062.500001,-35.22095
4123240000.000001,-35.18968
4123240937.500001,-35.17773
4123241875.000001,-35.16721
4123242812.500001,-35.14177
4123243750.000001,-35.12029
4123244687.500001,-35.11728
4123245625.000001,-35.08456
4123246562.500001,-35.06532
4123247500.000001,-35.04931
4123248437.500001,-35.02822
4123249375.000001,-35.01248
4123250312.500001,-34.99292
4123251250.000001,-34.97006
4123252187.500001,-34.96547
4123253125.000001,-34.93526
4123254062.500001,-34.9218
4123255000.000001,-34.90686
4123255937.500001,-34.87284
4123256875.000001,-34.87106
4123257812.500001,-34.84629
4123258750.000001,-34.83964
4123259687.500001,-34.82153
4123260625.000001,-34.80276
4123261562.500001,-34.7806
4123262500.000001,-34.75642
4123263437.500001,-34.74673
4123264375.000001,-34.73672
4123265312.500001,-34.71262
4123266250.000001,-34.68348
4123267187.500001,-34.6627
4123268125.000001,-34.64694
4123269062.500001,-34.64198
4123270000.000001,-34.61829
4123270937.500001,-34.60548
4123271875.000001,-34.57013
4123272812.500001,-34.56583
4123273750.000001,-34.55051
4123274687.500001,-34.52889
4123275625.000001,-34.52169
4123276562.500001,-34.50068
4123277500.000001,-34.47415
4123278437.500001,-34.46041
4123279375.000001,-34.43145
4123280312.500001,-34.41765
4123281250.000001,-34.40224
4123282187.500001,-34.38593
4123283125.000001,-34.37006
4123284062.500001,-34.35637
4123285000.000001,-34.3414
4123285937.500001,-34.31811
4123286875.000001,-34.3003
4123287812.500001,-34.28396
4123288750.000001,-34.26398
4123289687.500001,-34.23019
4123290625.000001,-34.23103
4123291562.500001,-34.20603
4123292500.000001,-34.18906
4123293437.500001,-34.17637
4123294375.000001,-34.1577
4123295312.500001,-34.14207
4123296250.000001,-34.12781
4123297187.500001,-34.10258
4123298125.000001,-34.08907
4123299062.500001,-34.07098
4123300000.000001,-34.05839
4123300937.500001,-34.02998
4123301875.000001,-34.013
4123302812.500001,-34.01175
4123303750.000001,-33.99358
4123304687.500001,-33.9772
4123305625.000001,-33.94324
4123306562.500001,-33.92643
4123307500.000001,-33.91299
4123308437.500001,-33.90276
4123309375.000001,-33.88591
4123310312.500001,-33.8622
4123311250.000001,-33.8471
4123312187.500001,-33.82945
4123313125.000001,-33.80399
4123314062.500001,-33.79874
4123315000.000001,-33.77529
4123315937.500001,-33.76775
4123316875.000001,-33.74511
4123317812.500001,-33.72908
4123318750.000001,-33.70699
4123319687.500001,-33.69941
4123320625.000001,-33.67614
4123321562.500001,-33.66609
4123322500.000001,-33.64119
4123323437.500001,-33.63253
4123324375.000001,-33.60984
4123325312.500001,-33.59081
4123326250.000001,-33.57609
4123327187.500001,-33.56988
4123328125.000001,-33.55124
4123329062.500001,-33.53387
4123330000.000001,-33.51367
4123330937.500001,-33.49677
4123331875.000001,-33.48648
4123332812.500001,-33.46738
4123333750.000001,-33.44921
4123334687.500001,-33.4375
4123335625.000001,-33.41307
4123336562.500001,-33.40538
4123337500.000001,-33.38548
4123338437.500001,-33.3726
4123339375.000001,-33.35304
4123340312.500001,-33.34372
4123341250.000001,-33.31288
4123342187.500001,-33.30394
4123343125.000001,-33.29171
4123344062.500001,-33.2752
4123345000.000001,-33.26849
4123345937.500001,-33.24662
4123346875.000001,-33.23066
4123347812.500001,-33.21405
4123348750.000001,-33.19909
4123349687.500001,-33.18443
4123350625.000001,-33.16743
4123351562.500001,-33.1554
4123352500.000001,-33.14086
4123353437.500001,-33.13292
4123354375.000001,-33.11535
4123355312.500001,-33.08897
4123356250.000001,-33.08381
4123357187.500001,-33.06351
4123358125.000001,-33.04129
4123359062.500001,-33.03139
4123360000.000001,-33.02398
4123360937.500001,-33.01526
4123361875.000001,-32.99895
4123362812.500001,-32.97558
4123363750.000001,-32.96617
4123364687.500001,-32.95272
4123365625.000001,-32.94326
4123366562.500001,-32.92656
4123367500.000001,-32.91633
4123368437.500001,-32.9011
4123369375.000001,-32.89056
4123370312.500001,-32.87158
4123371250.000001,-32.85618
4123372187.500001,-32.84094
4123373125.000001,-32.82322
4123374062.500001,-32.81364
4123375000.000001,-32.80462
4123375937.500001,-32.78915
4123376875.000001,-32.78268
4123377812.500001,-32.75992
4123378750.000001,-32.74846
4123379687.500001,-32.73238
4123380625.000001,-32.72474
4123381562.500001,-32.71157
4123382500.000001,-32.69867
4123383437.500001,-32.68328
4123384375.000001,-32.67748
4123385312.500001,-32.66777
4123386250.000001,-32.65675
4123387187.500001,-32.63351
4123388125.000001,-32.62233
4123389062.500001,-32.61615
4123390000.000001,-32.60377
4123390937.500001,-32.5937
4123391875.000001,-32.58082
4123392812.500001,-32.57144
4123393750.000001,-32.56002
4123394687.500001,-32.5429
4123395625.000001,-32.54118
4123396562.500001,-32.52176
4123397500.000001,-32.51266
4123398437.500001,-32.50587
4123399375.000001,-32.4895
4123400312.500001,-32.47789
4123401250.000001,-32.47058
4123402187.500001,-32.46666
4123403125.000001,-32.45008
4123404062.500001,-32.44364
4123405000.000001,-32.42272
4123405937.500001,-32.42051
4123406875.000001,-32.40955
4123407812.500001,-32.39934
4123408750.000001,-32.39206
4123409687.500001,-32.38282
4123410625.000001,-32.3707
4123411562.500001,-32.36091
4123412500.000001,-32.35924
4123413437.500001,-32.34547
4123414375.000001,-32.32765
4123415312.500001,-32.32494
4123416250.000001,-32.3256
4123417187.500001,-32.30587
4123418125.000001,-32.30354
4123419062.500001,-32.2925
4123420000.000001,-32.29243
4123420937.500001,-32.27129
4123421875.000001,-32.26494
4123422812.500001,-32.26386
4123423750.000001,-32.2594
4123424687.500001,-32.25125
4123425625.000001,-32.23522
4123426562.500001,-32.2384
4123427500.000001,-32.22219
4123428437.500001,-32.2166
4123429375.000001,-32.20658
4123430312.500001,-32.21136
4123431250.000001,-32.2029
4123432187.500001,-32.19182
4123433125.000001,-32.18468
4123434062.500001,-32.16949
4123435000.000001,-32.17122
4123435937.500001,-32.16538
4123436875.000001,-32.16208
4123437812.500001,-32.16243
4123438750.000001,-32.1564
4123439687.500001,-32.14682
4123440625.000001,-32.1348
4123441562.500001,-32.13617
4123442500.000001,-32.13515
4123443437.500001,-32.12515
4123444375.000001,-32.1263
4123445312.500001,-32.11996
4123446250.000001,-32.10996
4123447187.500001,-32.1048
4123448125.000001,-32.10361
4123449062.500001,-32.10634
4123450000.000001,-32.09863
4123450937.500001,-32.09119
4123451875.000001,-32.09466
4123452812.500001,-32.08257
4123453750.000001,-32.0753
4123454687.500001,-32.07765
4123455625.000001,-32.08126
4123456562.500001,-32.07495
4123457500.000001,-32.07201
4123458437.500001,-32.06942
4123459375.000001,-32.07208
4123460312.500001,-32.06341
4123461250.000001,-32.05765
4123462187.500001,-32.06668
4123463125.000001,-32.05916
4123464062.500001,-32.05856
4123465000.000001,-32.05526
4123465937.500001,-32.05534
4123466875.000001,-32.06031
4123467812.500001,-32.0534
4123468750.000001,-32.05736
4123469687.500001,-32.05235
4123470625.000001,-32.04684
4123471562.500001,-32.05325
4123472500.000001,-32.04853
4123473437.500001,-32.05169
4123474375.000001,-32.05116
4123475312.500001,-32.04975
4123476250.000001,-32.04646
4123477187.500001,-32.04901
4123478125.000001,-32.04842
4123479062.500001,-32.04918
4123480000.000001,-32.05454
4123480937.500001,-32.05486
4123481875.000001,-32.05979
4123482812.500001,-32.05614
4123483750.000001,-32.05357
4123484687.500001,-32.06256
4123485625.000001,-32.06612
4123486562.500001,-32.06515
4123487500.000001,-32.06881
4123488437.500001,-32.06712
4123489375.000001,-32.072
4123490312.500001,-32.07368
4123491250.000001,-32.07969
4123492187.500001,-32.07409
4123493125.000001,-32.08243
4123494062.500001,-32.07928
4123495000.000001,-32.09108
4123495937.500001,-32.08754
4123496875.000001,-32.09803
4123497812.500001,-32.09283
4123498750.000001,-32.09936
4123499687.500001,-32.10761
4123500625.000001,-32.10839
4123501562.500001,-32.11474
4123502500.000001,-32.11868
4123503437.500001,-32.12828
4123504375.000001,-32.12608
4123505312.500001,-32.13433
4123506250.000001,-32.14158
4123507187.500001,-32.14688
4123508125.000001,-32.1492
4123509062.500001,-32.15028
4123510000.000001,-32.16082
4123510937.500001,-32.16956
4123511875.000001,-32.1731
4123512812.500001,-32.16618
4123513750.000001,-32.17756
4123514687.500001,-32.19611
4123515625.000001,-32.20156
4123516562.500001,-32.19515
4123517500.000001,-32.21108
4123518437.500001,-32.21643
4123519375.000001,-32.21967
4123520312.500001,-32.2369
4123521250.000001,-32.23299
4123522187.500001,-32.24305
4123523125.000001,-32.25318
4123524062.500001,-32.25479
4123525000.000001,-32.26794
4123525937.500001,-32.27037
4123526875.000001,-32.28271
4123527812.500001,-32.2936
4123528750.000001,-32.30437
4123529687.500001,-32.3097
4123530625.000001,-32.32012
4123531562.500001,-32.32835
4123532500.000001,-32.33122
4123533437.500001,-32.34041
4123534375.000001,-32.3447
4123535312.500001,-32.35463
4123536250.000001,-32.3654
4123537187.500001,-32.37366
4123538125.000001,-32.39175
4123539062.500001,-32.39596
4123540000.000001,-32.40325
4123540937.500001,-32.42485
4123541875.000001,-32.42369
4123542812.500001,-32.43352
4123543750.000001,-32.4487
4123544687.500001,-32.45829
4123545625.000001,-32.4695
4123546562.500001,-32.48144
4123547500.000001,-32.48308
4123548437.500001,-32.50452
4123549375.000001,-32.505
4123550312.500001,-32.52642
4123551250.000001,-32.5256
4123552187.500001,-32.53904
4123553125.000001,-32.5539
4123554062.500001,-32.56023
4123555000.000001,-32.57401
4123555937.500001,-32.58275
4123556875.000001,-32.60258
4123557812.500001,-32.61494
4123558750.000001,-32.62263
4123559687.500001,-32.62769
4123560625.000001,-32.6399
4123561562.500001,-32.65443
4123562500.000001,-32.66778
4123563437.500001,-32.67593
4123564375.000001,-32.69596
4123565312.500001,-32.70705
4123566250.000001,-32.71823
4123567187.500001,-32.73575
4123568125.000001,-32.73972
4123569062.500001,-32.75652
4123570000.000001,-32.7751
4123570937.500001,-32.78341
4123571875.000001,-32.79315
4123572812.500001,-32.80202
4123573750.000001,-32.82734
4123574687.500001,-32.8382
4123575625.000001,-32.84995
4123576562.500001,-32.8621
4123577500.000001,-32.87754
4123578437.500001,-32.88377
4123579375.000001,-32.90421
4123580312.500001,-32.91003
4123581250.000001,-32.92894
4123582187.500001,-32.94553
4123583125.000001,-32.95395
4123584062.500001,-32.97582
4123585000.000001,-32.98169
4123585937.500001,-33.00027
4123586875.000001,-33.0171
4123587812.500001,-33.03694
4123588750.000001,-33.04783
4123589687.500001,-33.06637
4123590625.000001,-33.06901
4123591562.500001,-33.08651
4123592500.000001,-33.10276
4123593437.500001,-33.11512
4123594375.000001,-33.13322
4123595312.500001,-33.14278
4123596250.000001,-33.15849
4123597187.500001,-33.18008
4123598125.000001,-33.18999
4123599062.500001,-33.20591
4123600000.000001,-33.22927
4123600937.500001,-33.24353
4123601875.000001,-33.24302
4123602812.500001,-33.26061
4123603750.000001,-33.28561
4123604687.500001,-33.29623
4123605625.000001,-33.32496
4123606562.500001,-33.33101
4123607500.000001,-33.34166
4123608437.500001,-33.35611
4123609375.000001,-33.38079
4123610312.500001,-33.40312
4123611250.000001,-33.4091
4123612187.500001,-33.42653
4123613125.000001,-33.43603
4123614062.500001,-33.45728
4123615000.000001,-33.46833
4123615937.500001,-33.48521
4123616875.000001,-33.50259
4123617812.500001,-33.52385
4123618750.000001,-33.53693
4123619687.500001,-33.5555
4123620625.000001,-33.56892
4123621562.500001,-33.58658
4123622500.000001,-33.60202
4123623437.500001,-33.61405
4123624375.000001,-33.63702
4123625312.500001,-33.64782
4123626250.000001,-33.66325
4123627187.500001,-33.69092
4123628125.000001,-33.70387
4123629062.500001,-33.71791
4123630000.000001,-33.74046
4123630937.500001,-33.7528
4123631875.000001,-33.76413
4123632812.500001,-33.78687
4123633750.000001,-33.80061
4123634687.500001,-33.82302
4123635625.000001,-33.83221
4123636562.500001,-33.85616
4123637500.000001,-33.86591
4123638437.500001,-33.88729
4123639375.000001,-33.90268
4123640312.500001,-33.92516
4123641250.000001,-33.93682
4123642187.500001,-33.95152
4123643125.000001,-33.9679
4123644062.500001,-33.98906
4123645000.000001,-34.00629
4123645937.500001,-34.01707
4123646875.000001,-34.04549
4123647812.500001,-34.05937
4123648750.000001,-34.06868
4123649687.500001,-34.09335
4123650625.000001,-34.1062
4123651562.500001,-34.12671
4123652500.000001,-34.15874
4123653437.500001,-34.16002
4123654375.000001,-34.16885
4123655312.500001,-34.19859
4123656250.000001,-34.21819
4123657187.500001,-34.22702
4123658125.000001,-34.2515
4123659062.500001,-34.27205
4123660000.000001,-34.28665
4123660937.500001,-34.3047
4123661875.000001,-34.33077
4123662812.500001,-34.33829
4123663750.000001,-34.35855
4123664687.500001,-34.37575
4123665625.000001,-34.38456
4123666562.500001,-34.41445
4123667500.000001,-34.42425
4123668437.500001,-34.44284
4123669375.000001,-34.46236
4123670312.500001,-34.48689
4123671250.000001,-34.48291
4123672187.500001,-34.51073
4123673125.000001,-34.53128
4123674062.500001,-34.56104
4123675000.000001,-34.56773
4123675937.500001,-34.59412
4123676875.000001,-34.59671
4123677812.500001,-34.63545
4123678750.000001,-34.63927
4123679687.500001,-34.66287
4123680625.000001,-34.67236
4123681562.500001,-34.69906
4123682500.000001,-34.71439
4123683437.500001,-34.72585
4123684375.000001,-34.73751
4123685312.500001,-34.76522
4123686250.000001,-34.78218
4123687187.500001,-34.80086
4123688125.000001,-34.80799
4123689062.500001,-34.83633
4123690000.000001,-34.8598
4123690937.500001,-34.87626
4123691875.000001,-34.89146
4123692812.500001,-34.90782
4123693750.000001,-34.92202
4123694687.500001,-34.94074
4123695625.000001,-34.95049
4123696562.500001,-34.98523
4123697500.000001,-34.99952
4123698437.500001,-35.01016
4123699375.000001,-35.03344
4123700312.500001,-35.05489
4123701250.000001,-35.06602
4123702187.500001,-35.09528
4123703125.000001,-35.09629
4123704062.500001,-35.12681
4123705000.000001,-35.14043
4123705937.500001,-35.15168
4123706875.000001,-35.17934
4123707812.500001,-35.18939
4123708750.000001,-35.20768
4123709687.500001,-35.23214
4123710625.000001,-35.24791
4123711562.500001,-35.26416
4123712500.000001,-35.29012
4123713437.500001,-35.30079
4123714375.000001,-35.31791
4123715312.500001,-35.33574
4123716250.000001,-35.34408
4123717187.500001,-35.36708
4123718125.000001,-35.38896
4123719062.500001,-35.40558
4123720000.000001,-35.42077
4123720937.500001,-35.44138
4123721875.000001,-35.46395
4123722812.500001,-35.48111
4123723750.000001,-35.48867
4123724687.500001,-35.50937
4123725625.000001,-35.51936
4123726562.500001,-35.55654
4123727500.000001,-35.57524
4123728437.500001,-35.57969
4123729375.000001,-35.6035
4123730312.500001,-35.63095
4123731250.000001,-35.64061
4123732187.500001,-35.65939
4123733125.000001,-35.67667
4123734062.500001,-35.69633
4123735000.000001,-35.71719
4123735937.500001,-35.72406
4123736875.000001,-35.74046
4123737812.500001,-35.77701
4123738750.000001,-35.79985
4123739687.500001,-35.80009
4123740625.000001,-35.82412
4123741562.500001,-35.83712
4123742500.000001,-35.84756
4123743437.500001,-35.8669
4123744375.000001,-35.89319
4123745312.500001,-35.89511
4123746250.000001,-35.91316
4123747187.500001,-35.93335
4123748125.000001,-35.95605
4123749062.500001,-35.97554
4123750000.000001,-35.99546
4123750937.500001,-36.01303
4123751875.000001,-36.0271
4123752812.500001,-36.03632
4123753750.000001,-36.0638
4123754687.500001,-36.08917
4123755625.000001,-36.10853
4123756562.500001,-36.1075
4123757500.000001,-36.12676
4123758437.500001,-36.1484
4123759375.000001,-36.16927
4123760312.500001,-36.1885
4123761250.000001,-36.21225
4123762187.500001,-36.20351
4123763125.000001,-36.23434
4123764062.500001,-36.25271
4123765000.000001,-36.27456
4123765937.500001,-36.28629
4123766875.000001,-36.31015
4123767812.500001,-36.33094
4123768750.000001,-36.34767
4123769687.500001,-36.35725
4123770625.000001,-36.36607
4123771562.500001,-36.38632
4123772500.000001,-36.42898
4123773437.500001,-36.42202
4123774375.000001,-36.45789
4123775312.500001,-36.45734
4123776250.000001,-36.48179
4123777187.500001,-36.49297
4123778125.000001,-36.5103
4123779062.500001,-36.53129
4123780000.000001,-36.5452
4123780937.500001,-36.56368
4123781875.000001,-36.58447
4123782812.500001,-36.61247
4123783750.000001,-36.6161
4123784687.500001,-36.63267
4123785625.000001,-36.64841
4123786562.500001,-36.65792
4123787500.000001,-36.68071
4123788437.500001,-36.69952
4123789375.000001,-36.72066
4123790312.500001,-36.72284
4123791250.000001,-36.75234
4123792187.500001,-36.78396
4123793125.000001,-36.78954
4123794062.500001,-36.81152
4123795000.000001,-36.82929
4123795937.500001,-36.83252
4123796875.000001,-36.85575
4123797812.500001,-36.88549
4123798750.000001,-36.89869
4123799687.500001,-36.91035
4123800625.000001,-36.90739
4123801562.500001,-36.938
4123802500.000001,-36.95563
4123803437.500001,-36.97126
4123804375.000001,-36.98352
4123805312.500001,-36.9947
4123806250.000001,-37.02353
4123807187.500001,-37.04784
4123808125.000001,-37.05291
4123809062.500001,-37.07173
4123810000.000001,-37.08945
4123810937.500001,-37.10044
4123811875.000001,-37.11644
4123812812.500001,-37.1389
4123813750.000001,-37.15298
4123814687.500001,-37.17981
4123815625.000001,-37.1973
4123816562.500001,-37.21338
4123817500.000001,-37.22068
4123818437.500001,-37.23562
4123819375.000001,-37.25147
4123820312.500001,-37.2736
4123821250.000001,-37.28375
4123822187.500001,-37.30339
4123823125.000001,-37.30998
4123824062.500001,-37.33538
4123825000.000001,-37.35378
4123825937.500001,-37.36566
4123826875.000001,-37.38492
4123827812.500001,-37.39464
4123828750.000001,-37.41687
4123829687.500001,-37.4281
4123830625.000001,-37.44446
4123831562.500001,-37.47014
4123832500.000001,-37.4986
4123833437.500001,-37.50484
4123834375.000001,-37.52523
4123835312.500001,-37.52682
4123836250.000001,-37.55667
4123837187.500001,-37.58328
4123838125.000001,-37.58118
4123839062.500001,-37.60495
4123840000.000001,-37.6097
4123840937.500001,-37.6254
4123841875.000001,-37.62767
4123842812.500001,-37.66307
4123843750.000001,-37.66867
4123844687.500001,-37.6859
4123845625.000001,-37.70781
4123846562.500001,-37.72441
4123847500.000001,-37.73232
4123848437.500001,-37.76134
4123849375.000001,-37.75861
4123850312.500001,-37.79079
4123851250.000001,-37.79656
4123852187.500001,-37.82887
4123853125.000001,-37.82112
4123854062.500001,-37.85453
4123855000.000001,-37.87591
4123855937.500001,-37.87278
4123856875.000001,-37.88449
4123857812.500001,-37.91296
4123858750.000001,-37.92863
4123859687.500001,-37.94666
4123860625.000001,-37.95458
4123861562.500001,-37.98813
4123862500.000001,-37.98778
4123863437.500001,-37.99953
4123864375.000001,-38.02232
4123865312.500001,-38.04118
4123866250.000001,-38.06974
4123867187.500001,-38.0554
4123868125.000001,-38.08515
4123869062.500001,-38.10313
4123870000.000001,-38.12677
4123870937.500001,-38.14349
4123871875.000001,-38.13941
4123872812.500001,-38.16332
4123873750.000001,-38.18668
4123874687.500001,-38.19199
4123875625.000001,-38.20068
4123876562.500001,-38.22704
4123877500.000001,-38.2358
4123878437.500001,-38.26161
4123879375.000001,-38.27047
4123880312.500001,-38.29418
4123881250.000001,-38.3019
4123882187.500001,-38.31438
4123883125.000001,-38.33332
4123884062.500001,-38.34933
4123885000.000001,-38.35127
4123885937.500001,-38.38765
4123886875.000001,-38.39637
4123887812.500001,-38.4066
4123888750.000001,-38.40327
4123889687.500001,-38.4346
4123890625.000001,-38.44474
4123891562.500001,-38.48107
4123892500.000001,-38.4782
4123893437.500001,-38.49032
4123894375.000001,-38.50877
4123895312.500001,-38.52481
4123896250.000001,-38.5345
4123897187.500001,-38.55245
4123898125.000001,-38.56807
4123899062.500001,-38.59832
4123900000.000001,-38.58572
4123900937.500001,-38.6158
4123901875.000001,-38.61328
4123902812.500001,-38.65881
4123903750.000001,-38.6566
4123904687.500001,-38.64964
4123905625.000001,-38.68253
4123906562.500001,-38.72588
4123907500.000001,-38.72805
4123908437.500001,-38.73277
4123909375.000001,-38.75404
4123910312.500001,-38.75759
4123911250.000001,-38.7928
4123912187.500001,-38.79855
4123913125.000001,-38.81486
4123914062.500001,-38.8242
4123915000.000001,-38.83627
4123915937.500001,-38.8447
4123916875.000001,-38.86255
4123917812.500001,-38.88494
4123918750.000001,-38.90129
4123919687.500001,-38.91603
4123920625.000001,-38.92025
4123921562.500001,-38.92981
4123922500.000001,-38.95728
4123923437.500001,-38.95517
4123924375.000001,-38.97958
4123925312.500001,-38.99931
4123926250.000001,-39.01799
4123927187.500001,-39.02425
4123928125.000001,-39.0269
4123929062.500001,-39.05096
4123930000.000001,-39.05754
4123930937.500001,-39.07291
4123931875.000001,-39.09637
4123932812.500001,-39.10721
4123933750.000001,-39.13746
4123934687.500001,-39.13841
4123935625.000001,-39.13211
4123936562.500001,-39.15731
4123937500.000001,-39.18119
4123938437.500001,-39.19273
4123939375.000001,-39.20237
4123940312.500001,-39.23315
4123941250.000001,-39.23766
4123942187.500001,-39.23624
4123943125.000001,-39.26736
4123944062.500001,-39.27943
4123945000.000001,-39.28343
4123945937.500001,-39.27589
4123946875.000001,-39.32183
4123947812.500001,-39.32367
4123948750.000001,-39.35236
4123949687.500001,-39.34993
4123950625.000001,-39.39206
4123951562.500001,-39.39532
4123952500.000001,-39.40655
4123953437.500001,-39.4099
4123954375.000001,-39.42876
4123955312.500001,-39.44848
4123956250.000001,-39.46731
4123957187.500001,-39.46175
4123958125.000001,-39.48257
4123959062.500001,-39.51201
4123960000.000001,-39.51695
4123960937.500001,-39.52087
4123961875.000001,-39.54565
4123962812.500001,-39.55262
4123963750.000001,-39.58556
4123964687.500001,-39.56895
4123965625.000001,-39.59882
4123966562.500001,-39.59582
4123967500.000001,-39.62582
4123968437.500001,-39.65318
4123969375.000001,-39.64576
4123970312.500001,-39.66711
4123971250.000001,-39.68802
4123972187.500001,-39.67561
4123973125.000001,-39.69997
4123974062.500001,-39.72792
4123975000.000001,-39.72364
4123975937.500001,-39.75605
4123976875.000001,-39.7395
4123977812.500001,-39.76962
4123978750.000001,-39.77676
4123979687.500001,-39.80259
4123980625.000001,-39.80474
4123981562.500001,-39.83979
4123982500.000001,-39.84173
4123983437.500001,-39.85203
4123984375.000001,-39.86813
4123985312.500001,-39.87873
4123986250.000001,-39.88151
4123987187.500001,-39.9092
4123988125.000001,-39.92874
4123989062.500001,-39.92019
4123990000.000001,-39.94574
4123990937.500001,-39.95754
4123991875.000001,-39.9705
4123992812.500001,-39.9806
4123993750.000001,-39.98094
4123994687.500001,-40.00105
4123995625.000001,-40.019
4123996562.500001,-40.02614
4123997500.000001,-40.06148
4123998437.500001,-40.05908
4123999375.000001,-40.08741
4124000312.500001,-40.08994
4124001250.000001,-40.10881
4124002187.500001,-40.10639
4124003125.000001,-40.12131
4124004062.500001,-40.15313
4124005000.000001,-40.16714
4124005937.500001,-40.16313
4124006875.000001,-40.16917
4124007812.500001,-40.18785
4124008750.000001,-40.20185
4124009687.500001,-40.22599
4124010625.000001,-40.23781
4124011562.500001,-40.23428
4124012500.000001,-40.26213
4124013437.500001,-40.28626
4124014375.000001,-40.28877
4124015312.500001,-40.30166
4124016250.000001,-40.32257
4124017187.500001,-40.33004
4124018125.000001,-40.3341
4124019062.500001,-40.34927
4124020000.000001,-40.35481
4124020937.500001,-40.37198
4124021875.000001,-40.37722
4124022812.500001,-40.3942
4124023750.000001,-40.41567
4124024687.500001,-40.41827
4124025625.000001,-40.43412
4124026562.500001,-40.43758
4124027500.000001,-40.46921
4124028437.500001,-40.46819
4124029375.000001,-40.47713
4124030312.500001,-40.48855
4124031250.000001,-40.5158
4124032187.500001,-40.53142
4124033125.000001,-40.52703
4124034062.500001,-40.54266
4124035000.000001,-40.5448
4124035937.500001,-40.56885
4124036875.000001,-40.59772
4124037812.500001,-40.59505
4124038750.000001,-40.60919
4124039687.500001,-40.63224
4124040625.000001,-40.64028
4124041562.500001,-40.6444
4124042500.000001,-40.66523
4124043437.500001,-40.66583
4124044375.000001,-40.69817
4124045312.500001,-40.69865
4124046250.000001,-40.69118
4124047187.500001,-40.72874
4124048125.000001,-40.73028
4124049062.500001,-40.73273
4124050000.000001,-40.75264
4124050937.500001,-40.77224
4124051875.000001,-40.79049
4124052812.500001,-40.79298
4124053750.000001,-40.81564
4124054687.500001,-40.83622
4124055625.000001,-40.82515
4124056562.500001,-40.83999
4124057500.000001,-40.87099
4124058437.500001,-40.88407
4124059375.000001,-40.88808
4124060312.500001,-40.87347
4124061250.000001,-40.90814
4124062187.500001,-40.92006
4124063125.000001,-40.91848
4124064062.500001,-40.94512
4124065000.000001,-40.96143
4124065937.500001,-40.97854
4124066875.000001,-40.99565
4124067812.500001,-40.9902
4124068750.000001,-41.01786
4124069687.500001,-41.01174
4124070625.000001,-41.01771
4124071562.500001,-41.04226
4124072500.000001,-41.03313
4124073437.500001,-41.06925
4124074375.000001,-41.06762
4124075312.500001,-41.0794
4124076250.000001,-41.10924
4124077187.500001,-41.10787
4124078125.000001,-41.09868
4124079062.500001,-41.12981
4124080000.000001,-41.1396
4124080937.500001,-41.16287
4124081875.000001,-41.16243
4124082812.500001,-41.17559
4124083750.000001,-41.1761
4124084687.500001,-41.19852
4124085625.000001,-41.22068
4124086562.500001,-41.2303
4124087500.000001,-41.23232
4124088437.500001,-41.2688
4124089375.000001,-41.25899
4124090312.500001,-41.27226
4124091250.000001,-41.28317
4124092187.500001,-41.2844
4124093125.000001,-41.29568
4124094062.500001,-41.30725
4124095000.000001,-41.33667
4124095937.500001,-41.3372
4124096875.000001,-41.36805
4124097812.500001,-41.36842
4124098750.000001,-41.37707
4124099687.500001,-41.38652
4124100625.000001,-41.37504
4124101562.500001,-41.40811
4124102500.000001,-41.4271
4124103437.500001,-41.44327
4124104375.000001,-41.42891
4124105312.500001,-41.46275
4124106250.000001,-41.46276
4124107187.500001,-41.49414
4124108125.000001,-41.4906
4124109062.500001,-41.48557
4124110000.000001,-41.49231
4124110937.500001,-41.53859
4124111875.000001,-41.54253
4124112812.500001,-41.54408
4124113750.000001,-41.54885
4124114687.500001,-41.57216
4124115625.000001,-41.58922
4124116562.500001,-41.58199
4124117500.000001,-41.60759
4124118437.500001,-41.62057
4124119375.000001,-41.62806
4124120312.500001,-41.6268
4124121250.000001,-41.65028
4124122187.500001,-41.64222
4124123125.000001,-41.67064
4124124062.500001,-41.65112
4124125000.000001,-41.68431
4124125937.500001,-41.70072
4124126875.000001,-41.72193
4124127812.500001,-41.7237
4124128750.000001,-41.73631
4124129687.500001,-41.74569
4124130625.000001,-41.76006
4124131562.500001,-41.76601
4124132500.000001,-41.77201
4124133437.500001,-41.81668
4124134375.000001,-41.79559
4124135312.500001,-41.81079
4124136250.000001,-41.80731
4124137187.500001,-41.82325
4124138125.000001,-41.86118
4124139062.500001,-41.87126
4124140000.000001,-41.86326
4124140937.500001,-41.8781
4124141875.000001,-41.89567
4124142812.500001,-41.88568
4124143750.000001,-41.93016
4124144687.500001,-41.9237
4124145625.000001,-41.94392
4124146562.500001,-41.94512
4124147500.000001,-41.9286
4124148437.500001,-41.96595
4124149375.000001,-41.95172
4124150312.500001,-41.98269
4124151250.000001,-41.98333
4124152187.500001,-42.0141
4124153125.000001,-42.03881
4124154062.500001,-42.00773
4124155000.000001,-42.03997
4124155937.500001,-42.05048
4124156875.000001,-42.05783
4124157812.500001,-42.06865
4124158750.000001,-42.06664
4124159687.500001,-42.09252
4124160625.000001,-42.09727
4124161562.500001,-42.11563
4124162500.000001,-42.11209
4124163437.500001,-42.11931
4124164375.000001,-42.13832
4124165312.500001,-42.16253
4124166250.000001,-42.17859
4124167187.500001,-42.16299
4124168125.000001,-42.19171
4124169062.500001,-42.19461
4124170000.000001,-42.22125
4124170937.500001,-42.20903
4124171875.000001,-42.23944
4124172812.500001,-42.22416
4124173750.000001,-42.25354
4124174687.500001,-42.25973
4124175625.000001,-42.25758
4124176562.500001,-42.27995
4124177500.000001,-42.2915
4124178437.500001,-42.28733
4124179375.000001,-42.33643
4124180312.500001,-42.32347
4124181250.000001,-42.33718
4124182187.500001,-42.35455
4124183125.000001,-42.37112
4124184062.500001,-42.37736
4124185000.000001,-42.3704
4124185937.500001,-42.40562
4124186875.000001,-42.38905
4124187812.500001,-42.4063
4124188750.000001,-42.41509
4124189687.500001,-42.43778
4124190625.000001,-42.41649
4124191562.500001,-42.45664
4124192500.000001,-42.44089
4124193437.500001,-42.46676
4124194375.000001,-42.48127
4124195312.500001,-42.49294
4124196250.000001,-42.50399
4124197187.500001,-42.50539
4124198125.000001,-42.53667
4124199062.500001,-42.52221
4124200000.000001,-42.53862
4124200937.500001,-42.52754
4124201875.000001,-42.554
4124202812.500001,-42.5642
4124203750.000001,-42.56979
4124204687.500001,-42.6089
4124205625.000001,-42.58488
4124206562.500001,-42.61716
4124207500.000001,-42.63974
4124208437.500001,-42.62022
4124209375.000001,-42.62765
4124210312.500001,-42.64543
4124211250.000001,-42.66601
4124212187.500001,-42.67641
4124213125.000001,-42.67897
4124214062.500001,-42.68447
4124215000.000001,-42.69629
4124215937.500001,-42.70244
4124216875.000001,-42.74129
4124217812.500001,-42.74072
4124218750.000001,-42.74041
4124219687.500001,-42.77538
4124220625.000001,-42.73935
4124221562.500001,-42.75778
4124222500.000001,-42.77955
4124223437.500001,-42.79621
4124224375.000001,-42.80728
4124225312.500001,-42.80052
4124226250.000001,-42.81033
4124227187.500001,-42.81743
4124228125.000001,-42.85653
4124229062.500001,-42.86556
4124230000.000001,-42.86041
4124230937.500001,-42.85107
4124231875.000001,-42.88175
4124232812.500001,-42.90928
4124233750.000001,-42.90275
4124234687.500001,-42.93469
4124235625.000001,-42.93371
4124236562.500001,-42.92972
4124237500.000001,-42.92665
4124238437.500001,-42.96279
4124239375.000001,-42.96029
4124240312.500001,-42.95906
4124241250.000001,-42.96456
4124242187.500001,-42.97685
4124243125.000001,-43.02761
4124244062.500001,-43.00003
4124245000.000001,-43.00745
4124245937.500001,-43.0321
4124246875.000001,-43.03021
4124247812.500001,-43.04773
4124248750.000001,-43.05072
4124249687.500001,-43.07026
4124250625.000001,-43.08962
4124251562.500001,-43.07883
4124252500.000001,-43.09677
4124253437.500001,-43.09827
4124254375.000001,-43.10424
4124255312.500001,-43.12959
4124256250.000001,-43.13346
4124257187.500001,-43.1236
4124258125.000001,-43.13471
4124259062.500001,-43.15637
4124260000.000001,-43.17915
4124260937.500001,-43.17613
4124261875.000001,-43.18894
4124262812.500001,-43.18419
4124263750.000001,-43.22553
4124264687.500001,-43.19293
4124265625.000001,-43.21124
4124266562.500001,-43.24389
4124267500.000001,-43.25943
4124268437.500001,-43.24838
4124269375.000001,-43.25225
4124270312.500001,-43.26123
4124271250.000001,-43.29726
4124272187.500001,-43.30158
4124273125.000001,-43.30342
4124274062.500001,-43.3327
4124275000.000001,-43.30825
4124275937.500001,-43.36103
4124276875.000001,-43.35065
4124277812.500001,-43.36397
4124278750.000001,-43.36809
4124279687.500001,-43.39312
4124280625.000001,-43.37445
4124281562.500001,-43.39408
4124282500.000001,-43.44294
4124283437.500001,-43.42003
4124284375.000001,-43.40805
4124285312.500001,-43.40374
4124286250.000001,-43.42889
4124287187.500001,-43.43232
4124288125.000001,-43.47264
4124289062.500001,-43.45668
4124290000.000001,-43.49224
4124290937.500001,-43.46423
4124291875.000001,-43.48574
4124292812.500001,-43.48606
4124293750.000001,-43.52102
4124294687.500001,-43.51003
4124295625.000001,-43.50323
4124296562.500001,-43.52503
4124297500.000001,-43.54816
4124298437.500001,-43.55703
4124299375.000001,-43.53947
4124300312.500001,-43.57411
4124301250.000001,-43.56408
4124302187.500001,-43.57968
4124303125.000001,-43.60998
4124304062.500001,-43.62024
4124305000.000001,-43.63715
4124305937.500001,-43.63256
4124306875.000001,-43.64033
4124307812.500001,-43.65773
4124308750.000001,-43.66596
4124309687.500001,-43.6448
4124310625.000001,-43.67545
4124311562.500001,-43.65406
4124312500.000001,-43.69235
4124313437.500001,-43.6781
4124314375.000001,-43.67666
4124315312.500001,-43.71457
4124316250.000001,-43.72126
4124317187.500001,-43.76375
4124318125.000001,-43.74138
4124319062.500001,-43.75032
4124320000.000001,-43.75105
4124320937.500001,-43.77323
4124321875.000001,-43.77579
4124322812.500001,-43.7891
4124323750.000001,-43.78798
4124324687.500001,-43.81799
4124325625.000001,-43.82716
4124326562.500001,-43.82158
4124327500.000001,-43.83466
4124328437.500001,-43.83968
4124329375.000001,-43.85569
4124330312.500001,-43.859
4124331250.000001,-43.87123
4124332187.500001,-43.87209
4124333125.000001,-43.87151
4124334062.500001,-43.87282
4124335000.000001,-43.89402
4124335937.500001,-43.90662
4124336875.000001,-43.92546
4124337812.500001,-43.9216
4124338750.000001,-43.94311
4124339687.500001,-43.92402
4124340625.000001,-43.94277
4124341562.500001,-43.99678
4124342500.000001,-43.9653
4124343437.500001,-43.98349
4124344375.000001,-43.96807
4124345312.500001,-44.00633
4124346250.000001,-44.02585
4124347187.500001,-44.00692
4124348125.000001,-44.02704
4124349062.500001,-44.04696
4124350000.000001,-44.05093
4124350937.500001,-44.05384
4124351875.000001,-44.06572
4124352812.500001,-44.07021
4124353750.000001,-44.07954
4124354687.500001,-44.07322
4124355625.000001,-44.09275
4124356562.500001,-44.11955
4124357500.000001,-44.11116
4124358437.500001,-44.12593
4124359375.000001,-44.12112
4124360312.500001,-44.1371
4124361250.000001,-44.13295
4124362187.500001,-44.15903
4124363125.000001,-44.14264
4124364062.500001,-44.19714
4124365000.000001,-44.17221
4124365937.500001,-44.21194
4124366875.000001,-44.2146
4124367812.500001,-44.2072
4124368750.000001,-44.20115
4124369687.500001,-44.21034
4124370625.000001,-44.24094
4124371562.500001,-44.23065
4124372500.000001,-44.23244
4124373437.500001,-44.2654
4124374375.000001,-44.27244
4124375312.500001,-44.259
4124376250.000001,-44.27412
4124377187.500001,-44.28227
4124378125.000001,-44.2607
4124379062.500001,-44.30433
4124380000.000001,-44.31115
4124380937.500001,-44.3384
4124381875.000001,-44.35065
4124382812.500001,-44.33839
4124383750.000001,-44.37726
4124384687.500001,-44.37503
4124385625.000001,-44.3637
4124386562.500001,-44.36665
4124387500.000001,-44.39047
4124388437.500001,-44.38276
4124389375.000001,-44.39734
4124390312.500001,-44.44005
4124391250.000001,-44.40545
4124392187.500001,-44.4011
4124393125.000001,-44.43518
4124394062.500001,-44.41689
4124395000.000001,-44.46738
4124395937.500001,-44.43484
4124396875.000001,-44.47035
4124397812.500001,-44.47451
4124398750.000001,-44.43909
4124399687.500001,-44.47341
4124400625.000001,-44.48825
4124401562.500001,-44.49739
4124402500.000001,-44.49509
4124403437.500001,-44.52237
4124404375.000001,-44.53621
4124405312.500001,-44.50818
4124406250.000001,-44.55971
4124407187.500001,-44.57325
4124408125.000001,-44.5628
4124409062.500001,-44.53524
4124410000.000001,-44.61177
4124410937.500001,-44.60854
4124411875.000001,-44.59273
4124412812.500001,-44.58251
4124413750.000001,-44.61835
4124414687.500001,-44.5876
4124415625.000001,-44.64448
4124416562.500001,-44.62463
4124417500.000001,-44.64018
4124418437.500001,-44.6387
4124419375.000001,-44.6826
4124420312.500001,-44.68013
4124421250.000001,-44.72224
4124422187.500001,-44.70008
4124423125.000001,-44.67313
4124424062.500001,-44.69934
4124425000.000001,-44.69868
4124425937.500001,-44.72162
4124426875.000001,-44.70686
4124427812.500001,-44.72183
4124428750.000001,-44.75433
4124429687.500001,-44.76434
4124430625.000001,-44.78571
4124431562.500001,-44.76605
4124432500.000001,-44.76709
4124433437.500001,-44.76355
4124434375.000001,-44.82078
4124435312.500001,-44.795
4124436250.000001,-44.80662
4124437187.500001,-44.79598
4124438125.000001,-44.81071
4124439062.500001,-44.79629
4124440000.000001,-44.83411
4124440937.500001,-44.82784
4124441875.000001,-44.85091
4124442812.500001,-44.83585
4124443750.000001,-44.87586
4124444687.500001,-44.89469
4124445625.000001,-44.9071
4124446562.500001,-44.8833
4124447500.000001,-44.91467
4124448437.500001,-44.90046
4124449375.000001,-44.93988
4124450312.500001,-44.93304
4124451250.000001,-44.96021
4124452187.500001,-44.94086
4124453125.000001,-44.98792
4124454062.500001,-44.97132
4124455000.000001,-44.98
4124455937.500001,-44.98977
4124456875.000001,-44.98111
4124457812.500001,-44.9739
4124458750.000001,-44.98911
4124459687.500001,-44.99583
4124460625.000001,-45.02789
4124461562.500001,-44.99075
4124462500.000001,-45.04214
4124463437.500001,-45.04279
4124464375.000001,-45.03899
4124465312.500001,-45.03432
4124466250.000001,-45.07331
4124467187.500001,-45.07153
4124468125.000001,-45.06466
4124469062.500001,-45.07608
4124470000.000001,-45.07674
4124470937.500001,-45.09666
4124471875.000001,-45.09884
4124472812.500001,-45.11848
4124473750.000001,-45.13703
4124474687.500001,-45.16064
4124475625.000001,-45.13155
4124476562.500001,-45.13859
4124477500.000001,-45.16527
4124478437.500001,-45.16213
4124479375.000001,-45.16383
4124480312.500001,-45.17841
4124481250.000001,-45.16523
4124482187.500001,-45.17059
4124483125.000001,-45.18526
4124484062.500001,-45.21492
4124485000.000001,-45.18565
4124485937.500001,-45.22236
4124486875.000001,-45.22702
4124487812.500001,-45.24136
4124488750.000001,-45.26952
4124489687.500001,-45.26109
4124490625.000001,-45.25686
4124491562.500001,-45.263
4124492500.000001,-45.26748
4124493437.500001,-45.2494
4124494375.000001,-45.29431
4124495312.500001,-45.27527
4124496250.000001,-45.31594
4124497187.500001,-45.31693
4124498125.000001,-45.27988
4124499062.500001,-45.30945
4124500000.000001,-45.32124
4124500937.500001,-45.35277
4124501875.000001,-45.36207
4124502812.500001,-45.32922
4124503750.000001,-45.37053
4124504687.500001,-45.35837
4124505625.000001,-45.35884
4124506562.500001,-45.39639
4124507500.000001,-45.39791
4124508437.500001,-45.40401
4124509375.000001,-45.41504
4124510312.500001,-45.4058
4124511250.000001,-45.41225
4124512187.500001,-45.42653
4124513125.000001,-45.43129
4124514062.500001,-45.4429
4124515000.000001,-45.46041
4124515937.500001,-45.46669
4124516875.000001,-45.46656
4124517812.500001,-45.47061
4124518750.000001,-45.49676
4124519687.500001,-45.50554
4124520625.000001,-45.50241
4124521562.500001,-45.5118
4124522500.000001,-45.51176
4124523437.500001,-45.54201
4124524375.000001,-45.53885
4124525312.500001,-45.52429
4124526250.000001,-45.55824
4124527187.500001,-45.54113
4124528125.000001,-45.54879
4124529062.500001,-45.56084
4124530000.000001,-45.57959
4124530937.500001,-45.57402
4124531875.000001,-45.60273
4124532812.500001,-45.59027
4124533750.000001,-45.57444
4124534687.500001,-45.60808
4124535625.000001,-45.58945
4124536562.500001,-45.61613
4124537500.000001,-45.67592
4124538437.500001,-45.64279
4124539375.000001,-45.62448
4124540312.500001,-45.67065
4124541250.000001,-45.64128
4124542187.500001,-45.6596
4124543125.000001,-45.67158
4124544062.500001,-45.68216
4124545000.000001,-45.6735
4124545937.500001,-45.7247
4124546875.000001,-45.69424
4124547812.500001,-45.69331
4124548750.000001,-45.71925
4124549687.500001,-45.74695
4124550625.000001,-45.73322
4124551562.500001,-45.73396
4124552500.000001,-45.76275
4124553437.500001,-45.71851
4124554375.000001,-45.76125
4124555312.500001,-45.72221
4124556250.000001,-45.75795
4124557187.500001,-45.76652
4124558125.000001,-45.80322
4124559062.500001,-45.80553
4124560000.000001,-45.82305
4124560937.500001,-45.82771
4124561875.000001,-45.84044
4124562812.500001,-45.84268
4124563750.000001,-45.80753
4124564687.500001,-45.83724
4124565625.000001,-45.85558
4124566562.500001,-45.82661
4124567500.000001,-45.86272
4124568437.500001,-45.89869
4124569375.000001,-45.84111
4124570312.500001,-45.90111
4124571250.000001,-45.88068
4124572187.500001,-45.92942
4124573125.000001,-45.90701
4124574062.500001,-45.90433
4124575000.000001,-45.91819
4124575937.500001,-45.91611
4124576875.000001,-45.95388
4124577812.500001,-45.92248
4124578750.000001,-45.9285
4124579687.500001,-45.95081
4124580625.000001,-45.95959
4124581562.500001,-45.97284
4124582500.000001,-45.97102
4124583437.500001,-45.96143
4124584375.000001,-46.00415
4124585312.500001,-45.98248
4124586250.000001,-45.99572
4124587187.500001,-46.02251
4124588125.000001,-46.026
4124589062.500001,-46.04789
4124590000.000001,-46.01867
4124590937.500001,-46.02275
4124591875.000001,-46.06227
4124592812.500001,-46.08303
4124593750.000001,-46.05725
4124594687.500001,-46.07565
4124595625.000001,-46.05899
4124596562.500001,-46.04795
4124597500.000001,-46.06571
4124598437.500001,-46.06787
4124599375.000001,-46.12061
4124600312.500001,-46.0942
4124601250.000001,-46.10395
4124602187.500001,-46.1367
4124603125.000001,-46.12865
4124604062.500001,-46.09017
4124605000.000001,-46.14828
4124605937.500001,-46.12764
4124606875.000001,-46.16066
4124607812.500001,-46.13423
4124608750.000001,-46.15704
4124609687.500001,-46.18513
4124610625.000001,-46.17158
4124611562.500001,-46.21371
4124612500.000001,-46.18966
4124613437.500001,-46.22398
4124614375.000001,-46.21466
4124615312.500001,-46.22129
4124616250.000001,-46.22546
4124617187.500001,-46.23026
4124618125.000001,-46.22271
4124619062.500001,-46.22495
4124620000.000001,-46.24735
4124620937.500001,-46.27359
4124621875.000001,-46.26612
4124622812.500001,-46.28979
4124623750.000001,-46.26753
4124624687.500001,-46.25499
4124625625.000001,-46.30503
4124626562.500001,-46.29438
4124627500.000001,-46.32431
4124628437.500001,-46.35077
4124629375.000001,-46.32731
4124630312.500001,-46.29237
4124631250.000001,-46.32547
4124632187.500001,-46.35139
4124633125.000001,-46.34203
4124634062.500001,-46.35063
4124635000.000001,-46.35936
4124635937.500001,-46.38696
4124636875.000001,-46.39918
4124637812.500001,-46.35817
4124638750.000001,-46.34618
4124639687.500001,-46.43695
4124640625.000001,-46.39184
4124641562.500001,-46.39097
4124642500.000001,-46.39656
4124643437.500001,-46.41802
4124644375.000001,-46.45616
4124645312.500001,-46.39904
4124646250.000001,-46.43955
4124647187.500001,-46.44184
4124648125.000001,-46.4502
4124649062.500001,-46.45997
4124650000.000001,-46.46013
4124650937.500001,-46.50663
4124651875.000001,-46.45408
4124652812.500001,-46.46707
4124653750.000001,-46.50237
4124654687.500001,-46.51521
4124655625.000001,-46.49892
4124656562.500001,-46.54987
4124657500.000001,-46.58668
4124658437.500001,-46.5741
4124659375.000001,-46.53629
4124660312.500001,-46.54199
4124661250.000001,-46.5717
4124662187.500001,-46.54513
4124663125.000001,-46.52189
4124664062.500001,-46.62692
4124665000.000001,-46.56995
4124665937.500001,-46.56983
4124666875.000001,-46.57301
4124667812.500001,-46.59815
4124668750.000001,-46.62571
4124669687.500001,-46.57638
4124670625.000001,-46.59693
4124671562.500001,-46.62234
4124672500.000001,-46.60729
4124673437.500001,-46.61915
4124674375.000001,-46.6157
4124675312.500001,-46.64756
4124676250.000001,-46.65717
4124677187.500001,-46.63168
4124678125.000001,-46.69174
4124679062.500001,-46.68029
4124680000.000001,-46.71321
4124680937.500001,-46.63286
4124681875.000001,-46.67312
4124682812.500001,-46.69601
4124683750.000001,-46.70027
4124684687.500001,-46.70959
4124685625.000001,-46.71156
4124686562.500001,-46.74068
4124687500.000001,-46.73688
4124688437.500001,-46.70435
4124689375.000001,-46.71942
4124690312.500001,-46.73483
4124691250.000001,-46.73533
4124692187.500001,-46.74604
4124693125.000001,-46.73238
4124694062.500001,-46.78034
4124695000.000001,-46.75882
4124695937.500001,-46.76662
4124696875.000001,-46.76762
4124697812.500001,-46.75467
4124698750.000001,-46.77827
4124699687.500001,-46.82654
4124700625.000001,-46.76684
4124701562.500001,-46.86102
4124702500.000001,-46.85164
4124703437.500001,-46.81635
4124704375.000001,-46.82517
4124705312.500001,-46.83065
4124706250.000001,-46.86769
4124707187.500001,-46.84315
4124708125.000001,-46.84488
4124709062.500001,-46.85354
4124710000.000001,-46.87836
4124710937.500001,-46.88584
4124711875.000001,-46.91268
4124712812.500001,-46.87712
4124713750.000001,-46.89784
4124714687.500001,-46.89505
4124715625.000001,-46.93651
4124716562.500001,-46.90636
4124717500.000001,-46.94955
4124718437.500001,-46.96254
4124719375.000001,-46.92944
4124720312.500001,-46.9656
4124721250.000001,-46.96297
4124722187.500001,-46.96008
4124723125.000001,-46.98306
4124724062.500001,-46.96371
4124725000.000001,-47.00677
4124725937.500001,-47.04185
4124726875.000001,-46.98867
4124727812.500001,-46.99544
4124728750.000001,-47.03534
4124729687.500001,-46.98479
4124730625.000001,-47.01515
4124731562.500001,-47.00941
4124732500.000001,-47.01548
4124733437.500001,-47.05944
4124734375.000001,-47.06773
4124735312.500001,-47.03419
4124736250.000001,-47.00323
4124737187.500001,-47.05942
4124738125.000001,-47.08354
4124739062.500001,-47.09637
4124740000.000001,-47.07531
4124740937.500001,-47.07757
4124741875.000001,-47.14394
4124742812.500001,-47.0957
4124743750.000001,-47.09866
4124744687.500001,-47.1593
4124745625.000001,-47.12619
4124746562.500001,-47.12277
4124747500.000001,-47.16511
4124748437.500001,-47.17495
4124749375.000001,-47.12645
4124750312.500001,-47.11117
4124751250.000001,-47.13604
4124752187.500001,-47.1401
4124753125.000001,-47.14802
4124754062.500001,-47.16402
4124755000.000001,-47.18478
4124755937.500001,-47.15594
4124756875.000001,-47.1871
4124757812.500001,-47.19171
4124758750.000001,-47.20846
4124759687.500001,-47.197
4124760625.000001,-47.22535
4124761562.500001,-47.21565
4124762500.000001,-47.26274
4124763437.500001,-47.25305
4124764375.000001,-47.28172
4124765312.500001,-47.28304
4124766250.000001,-47.2223
4124767187.500001,-47.31148
4124768125.000001,-47.31094
4124769062.500001,-47.27666
4124770000.000001,-47.28729
4124770937.500001,-47.26846
4124771875.000001,-47.24991
4124772812.500001,-47.32216
4124773750.000001,-47.30762
4124774687.500001,-47.31728
4124775625.000001,-47.3417
4124776562.500001,-47.35762
4124777500.000001,-47.36286
4124778437.500001,-47.33994
4124779375.000001,-47.32123
4124780312.500001,-47.33335
4124781250.000001,-47.31536
4124782187.500001,-47.3428
4124783125.000001,-47.37218
4124784062.500001,-47.37816
4124785000.000001,-47.37764
4124785937.500001,-47.39913
4124786875.000001,-47.41191
4124787812.500001,-47.42235
4124788750.000001,-47.39949
4124789687.500001,-47.41074
4124790625.000001,-47.42359
4124791562.500001,-47.40489
4124792500.000001,-47.46775
4124793437.500001,-47.42467
4124794375.000001,-47.42282
4124795312.500001,-47.43831
4124796250.000001,-47.43782
4124797187.500001,-47.46289
4124798125.000001,-47.4603
4124799062.500001,-47.44316
4124800000.000001,-47.4454
4124800937.500001,-47.46801
4124801875.000001,-47.43313
4124802812.500001,-47.54018
4124803750.000001,-47.5409
4124804687.500001,-47.53799
4124805625.000001,-47.47947
4124806562.500001,-47.53811
4124807500.000001,-47.51613
4124808437.500001,-47.53534
4124809375.000001,-47.54794
4124810312.500001,-47.55344
4124811250.000001,-47.53912
4124812187.500001,-47.5178
4124813125.000001,-47.59511
4124814062.500001,-47.61081
4124815000.000001,-47.51959
4124815937.500001,-47.54695
4124816875.000001,-47.57512
4124817812.500001,-47.57334
4124818750.000001,-47.57508
4124819687.500001,-47.60695
4124820625.000001,-47.60378
4124821562.500001,-47.61484
4124822500.000001,-47.63942
4124823437.500001,-47.61696
4124824375.000001,-47.58459
4124825312.500001,-47.5955
4124826250.000001,-47.61746
4124827187.500001,-47.64447
4124828125.000001,-47.64991
4124829062.500001,-47.62659
4124830000.000001,-47.66681
4124830937.500001,-47.64462
4124831875.000001,-47.66418
4124832812.500001,-47.6596
4124833750.000001,-47.66862
4124834687.500001,-47.67253
4124835625.000001,-47.69979
4124836562.500001,-47.71039
4124837500.000001,-47.69368
4124838437.500001,-47.71981
4124839375.000001,-47.72595
4124840312.500001,-47.6859
4124841250.000001,-47.71421
4124842187.500001,-47.71457
4124843125.000001,-47.72411
4124844062.500001,-47.75342
4124845000.000001,-47.76704
4124845937.500001,-47.78576
4124846875.000001,-47.78735
4124847812.500001,-47.72584
4124848750.000001,-47.77821
4124849687.500001,-47.7394
4124850625.000001,-47.79754
4124851562.500001,-47.77983
4124852500.000001,-47.80709
4124853437.500001,-47.80632
4124854375.000001,-47.81258
4124855312.500001,-47.80001
4124856250.000001,-47.82381
4124857187.500001,-47.83938
4124858125.000001,-47.86103
4124859062.500001,-47.84593
4124860000.000001,-47.84767
4124860937.500001,-47.83351
4124861875.000001,-47.83189
4124862812.500001,-47.84032
4124863750.000001,-47.86698
4124864687.500001,-47.86317
4124865625.000001,-47.89956
4124866562.500001,-47.88986
4124867500.000001,-47.90852
4124868437.500001,-47.9281
4124869375.000001,-47.8836
4124870312.500001,-47.90096
4124871250.000001,-47.90628
4124872187.500001,-47.90086
4124873125.000001,-47.95154
4124874062.500001,-47.93026
4124875000.000001,-47.95836
4124875937.500001,-47.93855
4124876875.000001,-47.92942
4124877812.500001,-47.93717
4124878750.000001,-47.95309
4124879687.500001,-47.98431
4124880625.000001,-47.95465
4124881562.500001,-48.00631
4124882500.000001,-47.98371
4124883437.500001,-47.98088
4124884375.000001,-48.01101
4124885312.500001,-48.00534
4124886250.000001,-47.99402
4124887187.500001,-48.02671
4124888125.000001,-47.99641
4124889062.500001,-47.99833
4124890000.000001,-48.02165
4124890937.500001,-48.02126
4124891875.000001,-47.98884
4124892812.500001,-48.02472
4124893750.000001,-48.10229
4124894687.500001,-48.04655
4124895625.000001,-48.08125
4124896562.500001,-48.07812
4124897500.000001,-48.05995
4124898437.500001,-48.08305
4124899375.000001,-48.09345
4124900312.500001,-48.10217
4124901250.000001,-48.11592
4124902187.500001,-48.10042
4124903125.000001,-48.08555
4124904062.500001,-48.09242
4124905000.000001,-48.05972
4124905937.500001,-48.10165
4124906875.000001,-48.16003
4124907812.500001,-48.13129
4124908750.000001,-48.14771
4124909687.500001,-48.11213
4124910625.000001,-48.11629
4124911562.500001,-48.10521
4124912500.000001,-48.1509
4124913437.500001,-48.14542
4124914375.000001,-48.16841
4124915312.500001,-48.19344
4124916250.000001,-48.18632
4124917187.500001,-48.1795
4124918125.000001,-48.17079
4124919062.500001,-48.19392
4124920000.000001,-48.16551
4124920937.500001,-48.25177
4124921875.000001,-48.18304
4124922812.500001,-48.2211
4124923750.000001,-48.25666
4124924687.500001,-48.25247
4124925625.000001,-48.26982
4124926562.500001,-48.26796
4124927500.000001,-48.27344
4124928437.500001,-48.23516
4124929375.000001,-48.26484
4124930312.500001,-48.28398
4124931250.000001,-48.23599
4124932187.500001,-48.25653
4124933125.000001,-48.28179
4124934062.500001,-48.2597
4124935000.000001,-48.29282
4124935937.500001,-48.28064
4124936875.000001,-48.33072
4124937812.500001,-48.28266
4124938750.000001,-48.28727
4124939687.500001,-48.30104
4124940625.000001,-48.32241
4124941562.500001,-48.33593
4124942500.000001,-48.32641
4124943437.500001,-48.32563
4124944375.000001,-48.33072
4124945312.500001,-48.34678
4124946250.000001,-48.35543
4124947187.500001,-48.35192
4124948125.000001,-48.33434
4124949062.500001,-48.38015
4124950000.000001,-48.36089
4124950937.500001,-48.36563
4124951875.000001,-48.45407
4124952812.500001,-48.36345
4124953750.000001,-48.4444
4124954687.500001,-48.41009
4124955625.000001,-48.42426
4124956562.500001,-48.39837
4124957500.000001,-48.38016
4124958437.500001,-48.38731
4124959375.000001,-48.40732
4124960312.500001,-48.41662
4124961250.000001,-48.45238
4124962187.500001,-48.46825
4124963125.000001,-48.466
4124964062.500001,-48.45485
4124965000.000001,-48.44362
4124965937.500001,-48.46465
4124966875.000001,-48.44493
4124967812.500001,-48.45114
4124968750.000001,-48.43229
4124969687.500001,-48.47016
4124970625.000001,-48.51384
4124971562.500001,-48.48016
4124972500.000001,-48.4828
4124973437.500001,-48.50341
4124974375.000001,-48.50129
4124975312.500001,-48.48949
4124976250.000001,-48.52059
4124977187.500001,-48.54065
4124978125.000001,-48.49268
4124979062.500001,-48.52057
4124980000.000001,-48.56844
4124980937.500001,-48.58818
4124981875.000001,-48.57349
4124982812.500001,-48.59863
4124983750.000001,-48.57278
4124984687.500001,-48.59846
4124985625.000001,-48.57069
4124986562.500001,-48.6128
4124987500.000001,-48.6048
4124988437.500001,-48.63067
4124989375.000001,-48.57792
4124990312.500001,-48.6096
4124991250.000001,-48.66014
4124992187.500001,-48.58964
4124993125.000001,-48.60227
4124994062.500001,-48.61207
4124995000.000001,-48.65398
4124995937.500001,-48.59988
4124996875.000001,-48.69888
4124997812.500001,-48.62088
4124998750.000001,-48.67336
4124999687.500001,-48.67632
4125000625.000001,-48.67368
4125001562.500001,-48.6805
4125002500.000001,-48.63221
4125003437.500001,-48.69843
4125004375.000001,-48.66366
4125005312.500001,-48.69979
4125006250.000001,-48.70426
4125007187.500001,-48.71634
4125008125.000001,-48.71146
4125009062.500001,-48.74868
4125010000.000001,-48.7225
4125010937.500001,-48.75464
4125011875.000001,-48.70241
4125012812.500001,-48.71139
4125013750.000001,-48.7705
4125014687.500001,-48.73345
4125015625.000001,-48.7634
4125016562.500001,-48.75009
4125017500.000001,-48.73807
4125018437.500001,-48.72744
4125019375.000001,-48.78082
4125020312.500001,-48.75548
4125021250.000001,-48.81331
4125022187.500001,-48.77078
4125023125.000001,-48.78637
4125024062.500001,-48.79321
4125025000.000001,-48.79458
4125025937.500001,-48.79839
4125026875.000001,-48.81253
4125027812.500001,-48.81711
4125028750.000001,-48.83147
4125029687.500001,-48.84765
4125030625.000001,-48.83035
4125031562.500001,-48.84347
4125032500.000001,-48.89944
4125033437.500001,-48.78312
4125034375.000001,-48.85246
4125035312.500001,-48.86555
4125036250.000001,-48.89754
4125037187.500001,-48.85439
4125038125.000001,-48.85283
4125039062.500001,-48.89016
4125040000.000001,-48.89906
4125040937.500001,-48.90549
4125041875.000001,-48.90504
4125042812.500001,-48.8876
4125043750.000001,-48.90755
4125044687.500001,-48.92282
4125045625.000001,-48.94324
4125046562.500001,-48.90044
4125047500.000001,-48.88548
4125048437.500001,-48.92217
4125049375.000001,-48.92048
4125050312.500001,-48.94845
4125051250.000001,-48.91991
4125052187.500001,-48.92862
4125053125.000001,-48.94616
4125054062.500001,-48.95532
4125055000.000001,-48.96327
4125055937.500001,-48.93103
4125056875.000001,-48.94369
4125057812.500001,-48.93192
4125058750.000001,-49.02654
4125059687.500001,-48.97735
4125060625.000001,-49.02575
4125061562.500001,-48.98385
4125062500.000001,-48.95067
4125063437.500001,-48.98651
4125064375.000001,-49.01305
4125065312.500001,-48.98497
4125066250.000001,-49.02394
4125067187.500001,-49.01581
4125068125.000001,-49.00535
4125069062.500001,-49.08011
4125070000.000001,-49.02333
4125070937.500001,-49.03872
4125071875.000001,-49.04187
4125072812.500001,-49.00175
4125073750.000001,-49.07095
4125074687.500001,-49.05232
4125075625.000001,-49.1232
4125076562.500001,-49.07866
4125077500.000001,-49.03194
4125078437.500001,-49.10608
4125079375.000001,-49.06964
4125080312.500001,-49.08218
4125081250.000001,-49.04899
4125082187.500001,-49.1012
4125083125.000001,-49.10558
4125084062.500001,-49.14089
4125085000.000001,-49.12777
4125085937.500001,-49.14393
4125086875.000001,-49.14125
4125087812.500001,-49.13334
4125088750.000001,-49.13714
4125089687.500001,-49.14145
4125090625.000001,-49.16964
4125091562.500001,-49.1847
4125092500.000001,-49.16006
4125093437.500001,-49.13025
4125094375.000001,-49.12776
4125095312.500001,-49.19119
4125096250.000001,-49.17632
4125097187.500001,-49.10545
4125098125.000001,-49.16652
4125099062.500001,-49.18637
4125100000.000001,-49.15455
4125100937.500001,-49.16862
4125101875.000001,-49.24232
4125102812.500001,-49.20925
4125103750.000001,-49.20383
4125104687.500001,-49.17075
4125105625.000001,-49.25717
4125106562.500001,-49.19447
4125107500.000001,-49.27229
4125108437.500001,-49.28111
4125109375.000001,-49.24083
4125110312.500001,-49.31443
4125111250.000001,-49.21999
4125112187.500001,-49.2817
4125113125.000001,-49.25991
4125114062.500001,-49.25259
4125115000.000001,-49.25954
4125115937.500001,-49.29648
4125116875.000001,-49.23714
4125117812.500001,-49.30456
4125118750.000001,-49.28616
4125119687.500001,-49.34965
4125120625.000001,-49.29548
4125121562.500001,-49.31
4125122500.000001,-49.31417
4125123437.500001,-49.32456
4125124375.000001,-49.3007
4125125312.500001,-49.33619
4125126250.000001,-49.31337
4125127187.500001,-49.30054
4125128125.000001,-49.33107
4125129062.500001,-49.32905
4125130000.000001,-49.36603
4125130937.500001,-49.33165
4125131875.000001,-49.32543
4125132812.500001,-49.41157
4125133750.000001,-49.38286
4125134687.500001,-49.29031
4125135625.000001,-49.38269
4125136562.500001,-49.38649
4125137500.000001,-49.40582
4125138437.500001,-49.34221
4125139375.000001,-49.39239
4125140312.500001,-49.39936
4125141250.000001,-49.39663
4125142187.500001,-49.39706
4125143125.000001,-49.38161
4125144062.500001,-49.44128
4125145000.000001,-49.38939
4125145937.500001,-49.42009
4125146875.000001,-49.48962
4125147812.500001,-49.43394
4125148750.000001,-49.46421
4125149687.500001,-49.43536
4125150625.000001,-49.47486
4125151562.500001,-49.473
4125152500.000001,-49.49833
4125153437.500001,-49.46218
4125154375.000001,-49.4761
4125155312.500001,-49.57027
4125156250.000001,-49.43611
4125157187.500001,-49.47615
4125158125.000001,-49.48404
4125159062.500001,-49.4943
4125160000.000001,-49.49038
4125160937.500001,-49.50437
4125161875.000001,-49.5423
4125162812.500001,-49.53597
4125163750.000001,-49.51794
4125164687.500001,-49.49439
4125165625.000001,-49.51994
4125166562.500001,-49.55576
4125167500.000001,-49.5273
4125168437.500001,-49.54444
4125169375.000001,-49.47762
4125170312.500001,-49.51904
4125171250.000001,-49.56723
4125172187.500001,-49.64833
4125173125.000001,-49.52297
4125174062.500001,-49.60192
4125175000.000001,-49.56883
4125175937.500001,-49.59087
4125176875.000001,-49.61536
4125177812.500001,-49.58723
4125178750.000001,-49.59087
4125179687.500001,-49.59128
4125180625.000001,-49.5659
4125181562.500001,-49.60315
4125182500.000001,-49.5626
4125183437.500001,-49.58079
4125184375.000001,-49.5793
4125185312.500001,-49.65896
4125186250.000001,-49.63295
4125187187.500001,-49.64859
4125188125.000001,-49.64436
4125189062.500001,-49.70908
4125190000.000001,-49.58347
4125190937.500001,-49.64351
4125191875.000001,-49.62981
4125192812.500001,-49.64643
4125193750.000001,-49.62813
4125194687.500001,-49.60725
4125195625.000001,-49.68525
4125196562.500001,-49.68741
4125197500.000001,-49.72686
4125198437.500001,-49.6755
4125199375.000001,-49.72546
4125200312.500001,-49.72268
4125201250.000001,-49.74873
4125202187.500001,-49.70336
4125203125.000001,-49.70659
4125204062.500001,-49.75116
4125205000.000001,-49.77731
4125205937.500001,-49.72059
4125206875.000001,-49.67892
4125207812.500001,-49.68049
4125208750.000001,-49.75088
4125209687.500001,-49.7693
4125210625.000001,-49.7312
4125211562.500001,-49.69152
4125212500.000001,-49.73369
4125213437.500001,-49.75684
4125214375.000001,-49.77705
4125215312.500001,-49.77824
4125216250.000001,-49.77485
4125217187.500001,-49.77051
4125218125.000001,-49.77019
4125219062.500001,-49.8232
4125220000.000001,-49.82886
4125220937.500001,-49.81944
4125221875.000001,-49.72437
4125222812.500001,-49.81335
4125223750.000001,-49.77246
4125224687.500001,-49.78146
4125225625.000001,-49.82597
4125226562.500001,-49.80402
4125227500.000001,-49.80044
4125228437.500001,-49.81652
4125229375.000001,-49.82579
4125230312.500001,-49.83671
4125231250.000001,-49.87121
4125232187.500001,-49.89916
4125233125.000001,-49.90916
4125234062.500001,-49.8692
4125235000.000001,-49.87107
4125235937.500001,-49.85944
4125236875.000001,-49.89834
4125237812.500001,-49.85802
4125238750.000001,-49.89606
4125239687.500001,-49.85847
4125240625.000001,-49.87704
4125241562.500001,-49.88754
4125242500.000001,-49.92725
4125243437.500001,-49.93634
4125244375.000001,-49.9258
4125245312.500001,-49.95406
4125246250.000001,-49.96855
4125247187.500001,-49.88537
4125248125.000001,-49.9232
4125249062.500001,-49.92346
4125250000.000001,-49.95461
4125250937.500001,-49.89692
4125251875.000001,-50.00487
4125252812.500001,-50.00033
4125253750.000001,-49.90239
4125254687.500001,-49.94035
4125255625.000001,-49.95833
4125256562.500001,-49.90626
4125257500.000001,-49.94141
4125258437.500001,-50.01513
4125259375.000001,-49.99773
4125260312.500001,-50.01676
4125261250.000001,-49.97087
4125262187.500001,-50.03135
4125263125.000001,-49.9844
4125264062.500001,-49.99901
4125265000.000001,-50.03403
4125265937.500001,-50.06625
4125266875.000001,-50.069
4125267812.500001,-50.06835
4125268750.000001,-49.98001
4125269687.500001,-49.9979
4125270625.000001,-50.06679
4125271562.500001,-50.06329
4125272500.000001,-50.05231
4125273437.500001,-50.08453
4125274375.000001,-50.13438
4125275312.500001,-50.06382
4125276250.000001,-50.03705
4125277187.500001,-50.05249
4125278125.000001,-50.09344
4125279062.500001,-50.08581
4125280000.000001,-50.05517
4125280937.500001,-50.01116
4125281875.000001,-50.12938
4125282812.500001,-50.12499
4125283750.000001,-50.12903
4125284687.500001,-50.08454
4125285625.000001,-50.11079
4125286562.500001,-50.15875
4125287500.000001,-50.16994
4125288437.500001,-50.17099
4125289375.000001,-50.10898
4125290312.500001,-50.14407
4125291250.000001,-50.19314
4125292187.500001,-50.14858
4125293125.000001,-50.14044
4125294062.500001,-50.16415
4125295000.000001,-50.1125
4125295937.500001,-50.11374
4125296875.000001,-50.13617
4125297812.500001,-50.13744
4125298750.000001,-50.13067
4125299687.500001,-50.14753
4125300625.000001,-50.21009
4125301562.500001,-50.20362
4125302500.000001,-50.1369
4125303437.500001,-50.23833
4125304375.000001,-50.19904
4125305312.500001,-50.24556
4125306250.000001,-50.26326
4125307187.500001,-50.19656
4125308125.000001,-50.22026
4125309062.500001,-50.22341
4125310000.000001,-50.25388
4125310937.500001,-50.27301
4125311875.000001,-50.20676
4125312812.500001,-50.23496
4125313750.000001,-50.2486
4125314687.500001,-50.21431
4125315625.000001,-50.26249
4125316562.500001,-50.24673
4125317500.000001,-50.27195
4125318437.500001,-50.29306
4125319375.000001,-50.39562
4125320312.500001,-50.29765
4125321250.000001,-50.27473
4125322187.500001,-50.27967
4125323125.000001,-50.28736
4125324062.500001,-50.22948
4125325000.000001,-50.24486
4125325937.500001,-50.26328
4125326875.000001,-50.32085
4125327812.500001,-50.26364
4125328750.000001,-50.25162
4125329687.500001,-50.3047
4125330625.000001,-50.27738
4125331562.500001,-50.34694
4125332500.000001,-50.32953
4125333437.500001,-50.4133
4125334375.000001,-50.34422
4125335312.500001,-50.34483
4125336250.000001,-50.39524
4125337187.500001,-50.35508
4125338125.000001,-50.27459
4125339062.500001,-50.30862
4125340000.000001,-50.37637
4125340937.500001,-50.38842
4125341875.000001,-50.37809
4125342812.500001,-50.38512
4125343750.000001,-50.35261
4125344687.500001,-50.38345
4125345625.000001,-50.32871
4125346562.500001,-50.36767
4125347500.000001,-50.40518
4125348437.500001,-50.44556
4125349375.000001,-50.42164
4125350312.500001,-50.39038
4125351250.000001,-50.44511
4125352187.500001,-50.41489
4125353125.000001,-50.4588
4125354062.500001,-50.40797
4125355000.000001,-50.3578
4125355937.500001,-50.42877
4125356875.000001,-50.43837
4125357812.500001,-50.51418
4125358750.000001,-50.45496
4125359687.500001,-50.42526
4125360625.000001,-50.45561
4125361562.500001,-50.41895
4125362500.000001,-50.41667
4125363437.500001,-50.47406
4125364375.000001,-50.52672
4125365312.500001,-50.47599
4125366250.000001,-50.49539
4125367187.500001,-50.48633
4125368125.000001,-50.44058
4125369062.500001,-50.5248
4125370000.000001,-50.50051
4125370937.500001,-50.45522
4125371875.000001,-50.52374
4125372812.500001,-50.51373
4125373750.000001,-50.52176
4125374687.500001,-50.49942
4125375625.000001,-50.47269
4125376562.500001,-50.52501
4125377500.000001,-50.51047
4125378437.500001,-50.56863
4125379375.000001,-50.53801
4125380312.500001,-50.56145
4125381250.000001,-50.57757
4125382187.500001,-50.56952
4125383125.000001,-50.54058
4125384062.500001,-50.53031
4125385000.000001,-50.59988
4125385937.500001,-50.55388
4125386875.000001,-50.54672
4125387812.500001,-50.53823
4125388750.000001,-50.61675
4125389687.500001,-50.61176
4125390625.000001,-50.58137
4125391562.500001,-50.59681
4125392500.000001,-50.64259
4125393437.500001,-50.6431
4125394375.000001,-50.61532
4125395312.500001,-50.59757
4125396250.000001,-50.63214
4125397187.500001,-50.60078
4125398125.000001,-50.59581
4125399062.500001,-50.62436
4125400000.000001,-50.64922
4125400937.500001,-50.60926
4125401875.000001,-50.63896
4125402812.500001,-50.6054
4125403750.000001,-50.69555
4125404687.500001,-50.6309
4125405625.000001,-50.61849
4125406562.500001,-50.60039
4125407500.000001,-50.66101
4125408437.500001,-50.67061
4125409375.000001,-50.68264
4125410312.500001,-50.68121
4125411250.000001,-50.6762
4125412187.500001,-50.69769
4125413125.000001,-50.68637
4125414062.500001,-50.65377
4125415000.000001,-50.75843
4125415937.500001,-50.74474
4125416875.000001,-50.72656
4125417812.500001,-50.69185
4125418750.000001,-50.66488
4125419687.500001,-50.69438
4125420625.000001,-50.68492
4125421562.500001,-50.7242
4125422500.000001,-50.71299
4125423437.500001,-50.6968
4125424375.000001,-50.7545
4125425312.500001,-50.77041
4125426250.000001,-50.74759
4125427187.500001,-50.7884
4125428125.000001,-50.68696
4125429062.500001,-50.74095
4125430000.000001,-50.75928
4125430937.500001,-50.72011
4125431875.000001,-50.76056
4125432812.500001,-50.73323
4125433750.000001,-50.79921
4125434687.500001,-50.77689
4125435625.000001,-50.75391
4125436562.500001,-50.79973
4125437500.000001,-50.80079
4125438437.500001,-50.87302
4125439375.000001,-50.77624
4125440312.500001,-50.75925
4125441250.000001,-50.80408
4125442187.500001,-50.76141
4125443125.000001,-50.7533
4125444062.500001,-50.79381
4125445000.000001,-50.82058
4125445937.500001,-50.86727
4125446875.000001,-50.86773
4125447812.500001,-50.80416
4125448750.000001,-50.85107
4125449687.500001,-50.86129
4125450625.000001,-50.82905
4125451562.500001,-50.78063
4125452500.000001,-50.91072
4125453437.500001,-50.84054
4125454375.000001,-50.87095
4125455312.500001,-50.86499
4125456250.000001,-50.80464
4125457187.500001,-50.88456
4125458125.000001,-50.8916
4125459062.500001,-50.93017
4125460000.000001,-50.94852
4125460937.500001,-50.84399
4125461875.000001,-50.83993
4125462812.500001,-50.92088
4125463750.000001,-50.91478
4125464687.500001,-50.90696
4125465625.000001,-50.90412
4125466562.500001,-50.95852
4125467500.000001,-50.87175
4125468437.500001,-50.88943
4125469375.000001,-50.9042
4125470312.500001,-50.91626
4125471250.000001,-50.94611
4125472187.500001,-50.91755
4125473125.000001,-50.89606
4125474062.500001,-50.91199
4125475000.000001,-50.95218
4125475937.500001,-50.93468
4125476875.000001,-50.89018
4125477812.500001,-51.03093
4125478750.000001,-50.93878
4125479687.500001,-50.98574
4125480625.000001,-50.99853
4125481562.500001,-50.99471
4125482500.000001,-50.99794
4125483437.500001,-50.9952
4125484375.000001,-50.92036
4125485312.500001,-51.0355
4125486250.000001,-51.02505
4125487187.500001,-50.97355
4125488125.000001,-50.91603
4125489062.500001,-50.97484
4125490000.000001,-51.05045
4125490937.500001,-51.04465
4125491875.000001,-51.04763
4125492812.500001,-51.06969
4125493750.000001,-51.07613
4125494687.500001,-51.05758
4125495625.000001,-51.07999
4125496562.500001,-51.09278
4125497500.000001,-51.05783
4125498437.500001,-51.04543
4125499375.000001,-51.029
4125500312.500001,-51.1055
4125501250.000001,-51.0257
4125502187.500001,-51.02411
4125503125.000001,-51.06949
4125504062.500001,-51.06192
4125505000.000001,-51.05545
4125505937.500001,-51.03665
4125506875.000001,-51.0612
4125507812.500001,-51.11536
4125508750.000001,-51.11664
4125509687.500001,-51.09456
4125510625.000001,-51.15331
4125511562.500001,-51.14539
4125512500.000001,-51.14679
4125513437.500001,-51.15549
4125514375.000001,-51.14783
4125515312.500001,-51.18565
4125516250.000001,-51.11661
4125517187.500001,-51.14812
4125518125.000001,-51.13272
4125519062.500001,-51.10826
4125520000.000001,-51.12849
4125520937.500001,-51.1672
4125521875.000001,-51.12173
4125522812.500001,-51.21347
4125523750.000001,-51.19584
4125524687.500001,-51.18178
4125525625.000001,-51.17256
4125526562.500001,-51.16549
4125527500.000001,-51.18935
4125528437.500001,-51.21327
4125529375.000001,-51.15248
4125530312.500001,-51.17925
4125531250.000001,-51.24806
4125532187.500001,-51.18583
4125533125.000001,-51.14174
4125534062.500001,-51.26742
4125535000.000001,-51.25547
4125535937.500001,-51.23592
4125536875.000001,-51.22323
4125537812.500001,-51.15742
4125538750.000001,-51.22246
4125539687.500001,-51.20161
4125540625.000001,-51.21408
4125541562.500001,-51.22106
4125542500.000001,-51.2037
4125543437.500001,-51.18815
4125544375.000001,-51.26154
4125545312.500001,-51.22339
4125546250.000001,-51.21496
4125547187.500001,-51.22355
4125548125.000001,-51.26518
4125549062.500001,-51.28275
4125550000.000001,-51.25749
4125550937.500001,-51.22974
4125551875.000001,-51.21137
4125552812.500001,-51.28328
4125553750.000001,-51.27876
4125554687.500001,-51.26216
4125555625.000001,-51.22361
4125556562.500001,-51.33439
4125557500.000001,-51.28531
4125558437.500001,-51.31042
4125559375.000001,-51.31184
4125560312.500001,-51.35256
4125561250.000001,-51.29964
4125562187.500001,-51.31192
4125563125.000001,-51.33203
4125564062.500001,-51.32897
4125565000.000001,-51.30388
4125565937.500001,-51.30129
4125566875.000001,-51.29908
4125567812.500001,-51.35313
4125568750.000001,-51.29383
4125569687.500001,-51.41074
4125570625.000001,-51.36853
4125571562.500001,-51.35564
4125572500.000001,-51.40374
4125573437.500001,-51.3231
4125574375.000001,-51.34262
4125575312.500001,-51.39167
4125576250.000001,-51.32409
4125577187.500001,-51.37902
4125578125.000001,-51.46564
4125579062.500001,-51.35271
4125580000.000001,-51.42504
4125580937.500001,-51.40373
4125581875.000001,-51.37769
4125582812.500001,-51.40609
4125583750.000001,-51.42916
4125584687.500001,-51.39716
4125585625.000001,-51.40695
4125586562.500001,-51.42474
4125587500.000001,-51.38547
4125588437.500001,-51.39872
4125589375.000001,-51.5038
4125590312.500001,-51.4369
4125591250.000001,-51.42015
4125592187.500001,-51.45344
4125593125.000001,-51.39154
4125594062.500001,-51.47603
4125595000.000001,-51.42137
4125595937.500001,-51.44605
4125596875.000001,-51.48259
4125597812.500001,-51.43578
4125598750.000001,-51.47061
4125599687.500001,-51.47223
4125600625.000001,-51.47413
4125601562.500001,-51.47282
4125602500.000001,-51.45194
4125603437.500001,-51.49282
4125604375.000001,-51.45461
4125605312.500001,-51.47718
4125606250.000001,-51.45839
4125607187.500001,-51.54588
4125608125.000001,-51.53439
4125609062.500001,-51.52257
4125610000.000001,-51.55436
4125610937.500001,-51.51575
4125611875.000001,-51.51181
4125612812.500001,-51.52181
4125613750.000001,-51.49915
4125614687.500001,-51.56624
4125615625.000001,-51.55878
4125616562.500001,-51.54861
4125617500.000001,-51.56642
4125618437.500001,-51.55714
4125619375.000001,-51.56263
4125620312.500001,-51.48606
4125621250.000001,-51.55657
4125622187.500001,-51.5476
4125623125.000001,-51.57138
4125624062.500001,-51.54838
4125625000.000001,-51.5162
4125625937.500001,-51.65736
4125626875.000001,-51.61516
4125627812.500001,-51.54699
4125628750.000001,-51.65435
4125629687.500001,-51.5475
4125630625.000001,-51.5939
4125631562.500001,-51.67706
4125632500.000001,-51.61641
4125633437.500001,-51.61872
4125634375.000001,-51.65135
4125635312.500001,-51.56273
4125636250.000001,-51.63612
4125637187.500001,-51.6233
4125638125.000001,-51.61177
4125639062.500001,-51.63059
4125640000.000001,-51.63279
4125640937.500001,-51.60137
4125641875.000001,-51.69899
4125642812.500001,-51.63358
4125643750.000001,-51.6698
4125644687.500001,-51.69908
4125645625.000001,-51.61487
4125646562.500001,-51.63921
4125647500.000001,-51.72343
4125648437.500001,-51.66883
4125649375.000001,-51.6554
4125650312.500001,-51.69635
4125651250.000001,-51.63988
4125652187.500001,-51.69988
4125653125.000001,-51.68429
4125654062.500001,-51.68508
4125655000.000001,-51.69764
4125655937.500001,-51.70898
4125656875.000001,-51.77327
4125657812.500001,-51.68728
4125658750.000001,-51.74144
4125659687.500001,-51.6767
4125660625.000001,-51.73775
4125661562.500001,-51.652
4125662500.000001,-51.70525
4125663437.500001,-51.73012
4125664375.000001,-51.79447
4125665312.500001,-51.76731
4125666250.000001,-51.73621
4125667187.500001,-51.77061
4125668125.000001,-51.73412
4125669062.500001,-51.78308
4125670000.000001,-51.72671
4125670937.500001,-51.71787
4125671875.000001,-51.75742
4125672812.500001,-51.78315
4125673750.000001,-51.74765
4125674687.500001,-51.802
4125675625.000001,-51.83438
4125676562.500001,-51.72387
4125677500.000001,-51.75219
4125678437.500001,-51.74552
4125679375.000001,-51.82503
4125680312.500001,-51.79838
4125681250.000001,-51.82959
4125682187.500001,-51.8213
4125683125.000001,-51.76118
4125684062.500001,-51.83428
4125685000.000001,-51.81833
4125685937.500001,-51.78343
4125686875.000001,-51.80016
4125687812.500001,-51.86865
4125688750.000001,-51.78509
4125689687.500001,-51.79768
4125690625.000001,-51.83613
4125691562.500001,-51.78009
4125692500.000001,-51.85077
4125693437.500001,-51.83559
4125694375.000001,-51.86517
4125695312.500001,-51.84358
4125696250.000001,-51.88043
4125697187.500001,-51.89495
4125698125.000001,-51.83249
4125699062.500001,-51.93756
4125700000.000001,-51.85473
4125700937.500001,-51.94334
4125701875.000001,-51.88798
4125702812.500001,-51.8094
4125703750.000001,-51.89844
4125704687.500001,-51.93353
4125705625.000001,-51.89167
4125706562.500001,-51.90557
4125707500.000001,-51.93304
4125708437.500001,-51.9
4125709375.000001,-51.95618
4125710312.500001,-51.92862
4125711250.000001,-51.92802
4125712187.500001,-51.8207
4125713125.000001,-51.89702
4125714062.500001,-51.92673
4125715000.000001,-51.88163
4125715937.500001,-51.93837
4125716875.000001,-51.9572
4125717812.500001,-51.94742
4125718750.000001,-51.99705
4125719687.500001,-51.94696
4125720625.000001,-51.94493
4125721562.500001,-51.95564
4125722500.000001,-51.96261
4125723437.500001,-52.01794
4125724375.000001,-51.92012
4125725312.500001,-51.95938
4125726250.000001,-52.01116
4125727187.500001,-52.01568
4125728125.000001,-52.00505
4125729062.500001,-51.95576
4125730000.000001,-51.99625
4125730937.500001,-51.99173
4125731875.000001,-52.01099
4125732812.500001,-51.97614
4125733750.000001,-51.99415
4125734687.500001,-52.05929
4125735625.000001,-52.0765
4125736562.500001,-51.96327
4125737500.000001,-51.99744
4125738437.500001,-52.04456
4125739375.000001,-52.07197
4125740312.500001,-52.04114
4125741250.000001,-51.96579
4125742187.500001,-52.02647
4125743125.000001,-51.95564
4125744062.500001,-51.97159
4125745000.000001,-51.96782
4125745937.500001,-52.06033
4125746875.000001,-51.96114
4125747812.500001,-52.0731
4125748750.000001,-52.02892
4125749687.500001,-52.02776
4125750625.000001,-52.00886
4125751562.500001,-51.99967
4125752500.000001,-52.0462
4125753437.500001,-52.0573
4125754375.000001,-52.08911
4125755312.500001,-52.06698
4125756250.000001,-52.06535
4125757187.500001,-52.05722
4125758125.000001,-52.08889
4125759062.500001,-52.02673
4125760000.000001,-52.04774
4125760937.500001,-52.11282
4125761875.000001,-52.07833
4125762812.500001,-52.12469
4125763750.000001,-52.07757
4125764687.500001,-52.06067
4125765625.000001,-52.03909
4125766562.500001,-52.13554
4125767500.000001,-52.07446
4125768437.500001,-52.12597
4125769375.000001,-52.22147
4125770312.500001,-52.17411
4125771250.000001,-52.13607
4125772187.500001,-52.12898
4125773125.000001,-52.13194
4125774062.500001,-52.14161
4125775000.000001,-52.2289
4125775937.500001,-52.14686
4125776875.000001,-52.20272
4125777812.500001,-52.16834
4125778750.000001,-52.17794
4125779687.500001,-52.12045
4125780625.000001,-52.15713
4125781562.500001,-52.10268
4125782500.000001,-52.15898
4125783437.500001,-52.14051
4125784375.000001,-52.18684
4125785312.500001,-52.18501
4125786250.000001,-52.26286
4125787187.500001,-52.16893
4125788125.000001,-52.15185
4125789062.500001,-52.19776
4125790000.000001,-52.14125
4125790937.500001,-52.1915
4125791875.000001,-52.22333
4125792812.500001,-52.12873
4125793750.000001,-52.23325
4125794687.500001,-52.24711
4125795625.000001,-52.22554
4125796562.500001,-52.16489
4125797500.000001,-52.21231
4125798437.500001,-52.20049
4125799375.000001,-52.2453
4125800312.500001,-52.22079
4125801250.000001,-52.2297
4125802187.500001,-52.25539
4125803125.000001,-52.32963
4125804062.500001,-52.20438
4125805000.000001,-52.2224
4125805937.500001,-52.26608
4125806875.000001,-52.2705
4125807812.500001,-52.29233
4125808750.000001,-52.24475
4125809687.500001,-52.24889
4125810625.000001,-52.25328
4125811562.500001,-52.23615
4125812500.000001,-52.31306
4125813437.500001,-52.28773
4125814375.000001,-52.30104
4125815312.500001,-52.32205
4125816250.000001,-52.23212
4125817187.500001,-52.36118
4125818125.000001,-52.33001
4125819062.500001,-52.33713
4125820000.000001,-52.32163
4125820937.500001,-52.31685
4125821875.000001,-52.36879
4125822812.500001,-52.29851
4125823750.000001,-52.31377
4125824687.500001,-52.38568
4125825625.000001,-52.36856
4125826562.500001,-52.29255
4125827500.000001,-52.29964
4125828437.500001,-52.33335
4125829375.000001,-52.30424
4125830312.500001,-52.32722
4125831250.000001,-52.33469
4125832187.500001,-52.32294
4125833125.000001,-52.42417
4125834062.500001,-52.37278
4125835000.000001,-52.41023
4125835937.500001,-52.34847
4125836875.000001,-52.32912
4125837812.500001,-52.35355
4125838750.000001,-52.36805
4125839687.500001,-52.39365
4125840625.000001,-52.36925
4125841562.500001,-52.37854
4125842500.000001,-52.38389
4125843437.500001,-52.3796
4125844375.000001,-52.37001
4125845312.500001,-52.33294
4125846250.000001,-52.4176
4125847187.500001,-52.41631
4125848125.000001,-52.4294
4125849062.500001,-52.37644
4125850000.000001,-52.48014
4125850937.500001,-52.39912
4125851875.000001,-52.34143
4125852812.500001,-52.46358
4125853750.000001,-52.38864
4125854687.500001,-52.43283
4125855625.000001,-52.42718
4125856562.500001,-52.40068
4125857500.000001,-52.47758
4125858437.500001,-52.44424
4125859375.000001,-52.40831
4125860312.500001,-52.43585
4125861250.000001,-52.40743
4125862187.500001,-52.49402
4125863125.000001,-52.44382
4125864062.500001,-52.48695
4125865000.000001,-52.42971
4125865937.500001,-52.41813
4125866875.000001,-52.51461
4125867812.500001,-52.43446
4125868750.000001,-52.56597
4125869687.500001,-52.56875
4125870625.000001,-52.53857
4125871562.500001,-52.53621
4125872500.000001,-52.48183
4125873437.500001,-52.45118
4125874375.000001,-52.49144
4125875312.500001,-52.4491
4125876250.000001,-52.54867
4125877187.500001,-52.53158
4125878125.000001,-52.56683
4125879062.500001,-52.5433
4125880000.000001,-52.5066
4125880937.500001,-52.50294
4125881875.000001,-52.46294
4125882812.500001,-52.53502
4125883750.000001,-52.51299
4125884687.500001,-52.49194
4125885625.000001,-52.53652
4125886562.500001,-52.54961
4125887500.000001,-52.57616
4125888437.500001,-52.50779
4125889375.000001,-52.59126
4125890312.500001,-52.62231
4125891250.000001,-52.54621
4125892187.500001,-52.55989
4125893125.000001,-52.52628
4125894062.500001,-52.57785
4125895000.000001,-52.56813
4125895937.500001,-52.58732
4125896875.000001,-52.55286
4125897812.500001,-52.60949
4125898750.000001,-52.61309
4125899687.500001,-52.5979
4125900625.000001,-52.5681
4125901562.500001,-52.61461
4125902500.000001,-52.59112
4125903437.500001,-52.59702
4125904375.000001,-52.63152
4125905312.500001,-52.58567
4125906250.000001,-52.66929
4125907187.500001,-52.66114
4125908125.000001,-52.59517
4125909062.500001,-52.56133
4125910000.000001,-52.61045
4125910937.500001,-52.63596
4125911875.000001,-52.6468
4125912812.500001,-52.63499
4125913750.000001,-52.5982
4125914687.500001,-52.60962
4125915625.000001,-52.66417
4125916562.500001,-52.63363
4125917500.000001,-52.67107
4125918437.500001,-52.62341
4125919375.000001,-52.68547
4125920312.500001,-52.70562
4125921250.000001,-52.71898
4125922187.500001,-52.70736
4125923125.000001,-52.67352
4125924062.500001,-52.68672
4125925000.000001,-52.62858
4125925937.500001,-52.68845
4125926875.000001,-52.63482
4125927812.500001,-52.71069
4125928750.000001,-52.68944
4125929687.500001,-52.67171
4125930625.000001,-52.70424
4125931562.500001,-52.68136
4125932500.000001,-52.69329
4125933437.500001,-52.68578
4125934375.000001,-52.6799
4125935312.500001,-52.68836
4125936250.000001,-52.70925
4125937187.500001,-52.76055
4125938125.000001,-52.72482
4125939062.500001,-52.71971
4125940000.000001,-52.71465
4125940937.500001,-52.63884
4125941875.000001,-52.74456
4125942812.500001,-52.79041
4125943750.000001,-52.72784
4125944687.500001,-52.76054
4125945625.000001,-52.78956
4125946562.500001,-52.7195
4125947500.000001,-52.74218
4125948437.500001,-52.72119
4125949375.000001,-52.73721
4125950312.500001,-52.82355
4125951250.000001,-52.73161
4125952187.500001,-52.82728
4125953125.000001,-52.76459
4125954062.500001,-52.73231
4125955000.000001,-52.78715
4125955937.500001,-52.78413
4125956875.000001,-52.79731
4125957812.500001,-52.80299
4125958750.000001,-52.85462
4125959687.500001,-52.76244
4125960625.000001,-52.81347
4125961562.500001,-52.8952
4125962500.000001,-52.82129
4125963437.500001,-52.84338
4125964375.000001,-52.81512
4125965312.500001,-52.89046
4125966250.000001,-52.839
4125967187.500001,-52.88004
4125968125.000001,-52.7716
4125969062.500001,-52.8997
4125970000.000001,-52.84512
4125970937.500001,-52.84905
4125971875.000001,-52.82104
4125972812.500001,-52.82238
4125973750.000001,-52.81959
4125974687.500001,-52.87254
4125975625.000001,-52.83664
4125976562.500001,-52.85598
4125977500.000001,-52.89602
4125978437.500001,-52.81883
4125979375.000001,-52.91319
4125980312.500001,-52.87843
4125981250.000001,-52.8315
4125982187.500001,-52.8218
4125983125.000001,-52.8599
4125984062.500001,-52.88024
4125985000.000001,-52.90011
4125985937.500001,-52.84881
4125986875.000001,-52.91835
4125987812.500001,-52.89118
4125988750.000001,-52.86828
4125989687.500001,-52.8965
4125990625.000001,-52.94979
4125991562.500001,-52.98067
4125992500.000001,-52.90086
4125993437.500001,-52.8744
4125994375.000001,-52.89433
4125995312.500001,-52.96682
4125996250.000001,-52.88584
4125997187.500001,-52.95165
4125998125.000001,-52.83744
4125999062.500001,-52.85252
4126000000.000001,-52.98701
4126000937.500001,-52.95746
4126001875.000001,-52.92724
4126002812.500001,-52.95013
4126003750.000001,-52.92577
4126004687.500001,-52.93263
4126005625.000001,-52.87216
4126006562.500001,-52.89263
4126007500.000001,-52.92668
4126008437.500001,-52.99166
4126009375.000001,-52.9675
4126010312.500001,-52.98216
4126011250.000001,-53.02449
4126012187.500001,-53.04031
4126013125.000001,-52.9852
4126014062.500001,-52.98756
4126015000.000001,-53.00134
4126015937.500001,-52.97123
4126016875.000001,-52.98347
4126017812.500001,-53.02081
4126018750.000001,-52.97309
4126019687.500001,-52.99717
4126020625.000001,-52.9644
4126021562.500001,-53.00146
4126022500.000001,-53.06134
4126023437.500001,-53.01992
4126024375.000001,-53.03222
4126025312.500001,-53.00519
4126026250.000001,-53.0653
4126027187.500001,-53.02757
4126028125.000001,-52.98484
4126029062.500001,-53.09119
4126030000.000001,-53.05227
4126030937.500001,-53.07516
4126031875.000001,-52.98712
4126032812.500001,-53.05302
4126033750.000001,-53.06119
4126034687.500001,-53.05992
4126035625.000001,-52.99605
4126036562.500001,-53.00592
4126037500.000001,-53.09988
4126038437.500001,-53.03807
4126039375.000001,-53.06355
4126040312.500001,-53.04176
4126041250.000001,-53.07766
4126042187.500001,-53.07479
4126043125.000001,-53.08199
4126044062.500001,-53.08986
4126045000.000001,-53.08981
4126045937.500001,-53.19064
4126046875.000001,-53.12204
4126047812.500001,-53.09127
4126048750.000001,-53.134
4126049687.500001,-53.072
4126050625.000001,-53.10041
4126051562.500001,-53.12932
4126052500.000001,-53.08205
4126053437.500001,-53.09037
4126054375.000001,-53.16513
4126055312.500001,-53.13381
4126056250.000001,-53.08707
4126057187.500001,-53.12902
4126058125.000001,-53.16551
4126059062.500001,-53.13634
4126060000.000001,-53.13053
4126060937.500001,-53.1729
4126061875.000001,-53.18055
4126062812.500001,-53.15031
4126063750.000001,-53.13807
4126064687.500001,-53.15199
4126065625.000001,-53.13251
4126066562.500001,-53.2359
4126067500.000001,-53.15712
4126068437.500001,-53.22212
4126069375.000001,-53.1515
4126070312.500001,-53.14065
4126071250.000001,-53.13477
4126072187.500001,-53.17635
4126073125.000001,-53.16464
4126074062.500001,-53.26648
4126075000.000001,-53.21108
4126075937.500001,-53.24813
4126076875.000001,-53.27558
4126077812.500001,-53.14881
4126078750.000001,-53.18051
4126079687.500001,-53.17557
4126080625.000001,-53.17997
4126081562.500001,-53.22107
4126082500.000001,-53.23089
4126083437.500001,-53.16725
4126084375.000001,-53.11055
4126085312.500001,-53.2478
4126086250.000001,-53.32864
4126087187.500001,-53.16837
4126088125.000001,-53.12272
4126089062.500001,-53.20776
4126090000.000001,-53.29409
4126090937.500001,-53.29328
4126091875.000001,-53.27196
4126092812.500001,-53.20869
4126093750.000001,-53.26462
4126094687.500001,-53.24327
4126095625.000001,-53.30171
4126096562.500001,-53.32571
4126097500.000001,-53.2804
4126098437.500001,-53.25873
4126099375.000001,-53.2184
4126100312.500001,-53.22635
4126101250.000001,-53.30047
4126102187.500001,-53.35749
4126103125.000001,-53.30281
4126104062.500001,-53.35421
4126105000.000001,-53.30091
4126105937.500001,-53.30098
4126106875.000001,-53.21578
4126107812.500001,-53.37721
4126108750.000001,-53.32027
4126109687.500001,-53.27205
4126110625.000001,-53.37579
4126111562.500001,-53.30858
4126112500.000001,-53.33588
4126113437.500001,-53.29862
4126114375.000001,-53.27707
4126115312.500001,-53.36043
4126116250.000001,-53.26545
4126117187.500001,-53.27291
4126118125.000001,-53.31989
4126119062.500001,-53.30583
4126120000.000001,-53.34284
4126120937.500001,-53.30881
4126121875.000001,-53.34635
4126122812.500001,-53.33938
4126123750.000001,-53.29001
4126124687.500001,-53.28331
4126125625.000001,-53.33342
4126126562.500001,-53.34695
4126127500.000001,-53.36081
4126128437.500001,-53.39924
4126129375.000001,-53.37303
4126130312.500001,-53.28361
4126131250.000001,-53.34223
4126132187.500001,-53.37316
4126133125.000001,-53.35876
4126134062.500001,-53.37251
4126135000.000001,-53.44799
4126135937.500001,-53.41512
4126136875.000001,-53.38311
4126137812.500001,-53.32667
4126138750.000001,-53.38873
4126139687.500001,-53.34774
4126140625.000001,-53.35376
4126141562.500001,-53.44894
4126142500.000001,-53.34598
4126143437.500001,-53.41419
4126144375.000001,-53.43906
4126145312.500001,-53.43757
4126146250.000001,-53.43642
4126147187.500001,-53.4795
4126148125.000001,-53.35781
4126149062.500001,-53.38976
4126150000.000001,-53.44037
4126150937.500001,-53.34101
4126151875.000001,-53.41264
4126152812.500001,-53.39066
4126153750.000001,-53.42345
4126154687.500001,-53.50999
4126155625.000001,-53.46244
4126156562.500001,-53.47752
4126157500.000001,-53.53315
4126158437.500001,-53.43272
4126159375.000001,-53.5067
4126160312.500001,-53.49892
4126161250.000001,-53.47478
4126162187.500001,-53.38957
4126163125.000001,-53.54683
4126164062.500001,-53.42847
4126165000.000001,-53.47988
4126165937.500001,-53.51665
4126166875.000001,-53.41038
4126167812.500001,-53.56441
4126168750.000001,-53.44581
4126169687.500001,-53.50532
4126170625.000001,-53.49712
4126171562.500001,-53.48489
4126172500.000001,-53.55611
4126173437.500001,-53.51603
4126174375.000001,-53.45813
4126175312.500001,-53.59589
4126176250.000001,-53.52576
4126177187.500001,-53.47079
4126178125.000001,-53.57695
4126179062.500001,-53.6255
4126180000.000001,-53.48828
4126180937.500001,-53.56297
4126181875.000001,-53.4587
4126182812.500001,-53.55827
4126183750.000001,-53.55934
4126184687.500001,-53.48805
4126185625.000001,-53.56272
4126186562.500001,-53.42168
4126187500.000001,-53.59825
4126188437.500001,-53.54079
4126189375.000001,-53.59137
4126190312.500001,-53.516
4126191250.000001,-53.60966
4126192187.500001,-53.57882
4126193125.000001,-53.57318
4126194062.500001,-53.59331
4126195000.000001,-53.60551
4126195937.500001,-53.57823
4126196875.000001,-53.66064
4126197812.500001,-53.57965
4126198750.000001,-53.65603
4126199687.500001,-53.60623
4126200625.000001,-53.55187
4126201562.500001,-53.6006
4126202500.000001,-53.55737
4126203437.500001,-53.57081
4126204375.000001,-53.55362
4126205312.500001,-53.58113
4126206250.000001,-53.60893
4126207187.500001,-53.59367
4126208125.000001,-53.638
4126209062.500001,-53.60865
4126210000.000001,-53.5419
4126210937.500001,-53.66219
4126211875.000001,-53.66449
4126212812.500001,-53.68169
4126213750.000001,-53.58866
4126214687.500001,-53.59457
4126215625.000001,-53.61352
4126216562.500001,-53.60548
4126217500.000001,-53.67841
4126218437.500001,-53.60911
4126219375.000001,-53.68984
4126220312.500001,-53.68081
4126221250.000001,-53.66605
4126222187.500001,-53.65679
4126223125.000001,-53.66002
4126224062.500001,-53.68473
4126225000.000001,-53.62507
4126225937.500001,-53.59951
4126226875.000001,-53.6657
4126227812.500001,-53.64447
4126228750.000001,-53.72636
4126229687.500001,-53.67547
4126230625.000001,-53.63744
4126231562.500001,-53.64946
4126232500.000001,-53.68134
4126233437.500001,-53.64235
4126234375.000001,-53.79873
4126235312.500001,-53.66914
4126236250.000001,-53.63943
4126237187.500001,-53.66067
4126238125.000001,-53.68716
4126239062.500001,-53.76326
4126240000.000001,-53.64632
4126240937.500001,-53.71013
4126241875.000001,-53.72881
4126242812.500001,-53.74483
4126243750.000001,-53.69932
4126244687.500001,-53.78112
4126245625.000001,-53.65393
4126246562.500001,-53.75427
4126247500.000001,-53.78828
4126248437.500001,-53.62366
4126249375.000001,-53.78504
4126250312.500001,-53.69977
4126251250.000001,-53.68674
4126252187.500001,-53.71193
4126253125.000001,-53.76688
4126254062.500001,-53.67072
4126255000.000001,-53.75885
4126255937.500001,-53.74154
4126256875.000001,-53.82433
4126257812.500001,-53.80703
4126258750.000001,-53.76283
4126259687.500001,-53.78335
4126260625.000001,-53.76788
4126261562.500001,-53.86987
4126262500.000001,-53.79511
4126263437.500001,-53.77362
4126264375.000001,-53.83949
4126265312.500001,-53.79214
4126266250.000001,-53.8025
4126267187.500001,-53.76976
4126268125.000001,-53.82757
4126269062.500001,-53.82486
4126270000.000001,-53.84819
4126270937.500001,-53.83497
4126271875.000001,-53.80202
4126272812.500001,-53.8638
4126273750.000001,-53.78138
4126274687.500001,-53.76568
4126275625.000001,-53.70438
4126276562.500001,-53.86062
4126277500.000001,-53.79871
4126278437.500001,-53.85295
4126279375.000001,-53.85172
4126280312.500001,-53.78746
4126281250.000001,-53.82747
4126282187.500001,-53.86496
4126283125.000001,-53.88858
4126284062.500001,-53.85917
4126285000.000001,-53.82157
4126285937.500001,-53.82839
4126286875.000001,-53.82772
4126287812.500001,-53.78632
4126288750.000001,-53.88844
4126289687.500001,-53.85072
4126290625.000001,-53.98911
4126291562.500001,-53.87023
4126292500.000001,-53.81461
4126293437.500001,-53.9268
4126294375.000001,-53.8588
4126295312.500001,-53.90854
4126296250.000001,-53.91633
4126297187.500001,-53.95224
4126298125.000001,-53.91883
4126299062.500001,-53.9551
4126300000.000001,-53.86459
4126300937.500001,-53.80214
4126301875.000001,-53.9981
4126302812.500001,-53.76954
4126303750.000001,-53.85128
4126304687.500001,-53.86226
4126305625.000001,-53.82844
4126306562.500001,-53.94302
4126307500.000001,-53.93487
4126308437.500001,-53.91136
4126309375.000001,-53.95451
4126310312.500001,-53.9058
4126311250.000001,-54.03233
4126312187.500001,-53.94399
4126313125.000001,-53.99627
4126314062.500001,-53.89268
4126315000.000001,-53.93219
4126315937.500001,-53.92542
4126316875.000001,-54.02971
4126317812.500001,-53.88944
4126318750.000001,-53.95327
4126319687.500001,-53.92191
4126320625.000001,-54.00857
4126321562.500001,-53.99237
4126322500.000001,-53.96667
4126323437.500001,-53.96333
4126324375.000001,-53.99659
4126325312.500001,-53.96974
4126326250.000001,-53.99824
4126327187.500001,-53.93184
4126328125.000001,-53.98805
4126329062.500001,-53.98644
4126330000.000001,-53.9277
4126330937.500001,-53.92626
4126331875.000001,-53.92372
4126332812.500001,-54.0018
4126333750.000001,-54.02108
4126334687.500001,-53.98528
4126335625.000001,-53.96262
4126336562.500001,-53.90083
4126337500.000001,-54.11707
4126338437.500001,-53.95107
4126339375.000001,-53.973
4126340312.500001,-54.05028
4126341250.000001,-54.08064
4126342187.500001,-53.96206
4126343125.000001,-54.05956
4126344062.500001,-53.97222
4126345000.000001,-54.14288
4126345937.500001,-53.95614
4126346875.000001,-53.93349
4126347812.500001,-54.00907
4126348750.000001,-54.04769
4126349687.500001,-53.9188
4126350625.000001,-53.97899
4126351562.500001,-54.01107
4126352500.000001,-54.06203
4126353437.500001,-54.21394
4126354375.000001,-54.04344
4126355312.500001,-53.97054
4126356250.000001,-54.07363
4126357187.500001,-54.07796
4126358125.000001,-54.07023
4126359062.500001,-54.0794
4126360000.000001,-54.09354
4126360937.500001,-54.09487
4126361875.000001,-54.0931
4126362812.500001,-54.00285
4126363750.000001,-54.02085
4126364687.500001,-54.00687
4126365625.000001,-54.12602
4126366562.500001,-54.0897
4126367500.000001,-54.08815
4126368437.500001,-54.05579
4126369375.000001,-54.07042
4126370312.500001,-54.11951
4126371250.000001,-54.20122
4126372187.500001,-54.18491
4126373125.000001,-54.05252
4126374062.500001,-54.11103
4126375000.000001,-54.10006
4126375937.500001,-54.09842
4126376875.000001,-54.11981
4126377812.500001,-54.16838
4126378750.000001,-54.07825
4126379687.500001,-54.03341
4126380625.000001,-54.19122
4126381562.500001,-54.24638
4126382500.000001,-54.13495
4126383437.500001,-54.15001
4126384375.000001,-54.10433
4126385312.500001,-54.18399
4126386250.000001,-54.14363
4126387187.500001,-54.13562
4126388125.000001,-54.22085
4126389062.500001,-54.19818
4126390000.000001,-54.16579
4126390937.500001,-54.14635
4126391875.000001,-54.17281
4126392812.500001,-54.13488
4126393750.000001,-54.16926
4126394687.500001,-54.13594
4126395625.000001,-54.12936
4126396562.500001,-54.16842
4126397500.000001,-54.15026
4126398437.500001,-54.20051
4126399375.000001,-54.18125
4126400312.500001,-54.18211
4126401250.000001,-54.1531
4126402187.500001,-54.24728
4126403125.000001,-54.27818
4126404062.500001,-54.25496
4126405000.000001,-54.21241
4126405937.500001,-54.19422
4126406875.000001,-54.21135
4126407812.500001,-54.25926
4126408750.000001,-54.14109
4126409687.500001,-54.16685
4126410625.000001,-54.15418
4126411562.500001,-54.26825
4126412500.000001,-54.20521
4126413437.500001,-54.25384
4126414375.000001,-54.25082
4126415312.500001,-54.13408
4126416250.000001,-54.29366
4126417187.500001,-54.2448
4126418125.000001,-54.2858
4126419062.500001,-54.30426
4126420000.000001,-54.25339
4126420937.500001,-54.19319
4126421875.000001,-54.32686
4126422812.500001,-54.11244
4126423750.000001,-54.31065
4126424687.500001,-54.28176
4126425625.000001,-54.3335
4126426562.500001,-54.26462
4126427500.000001,-54.32787
4126428437.500001,-54.15677
4126429375.000001,-54.28461
4126430312.500001,-54.32588
4126431250.000001,-54.24626
4126432187.500001,-54.20653
4126433125.000001,-54.3077
4126434062.500001,-54.25859
4126435000.000001,-54.23476
4126435937.500001,-54.24062
4126436875.000001,-54.23161
4126437812.500001,-54.18694
4126438750.000001,-54.24599
4126439687.500001,-54.22426
4126440625.000001,-54.29574
4126441562.500001,-54.33696
4126442500.000001,-54.32844
4126443437.500001,-54.3273
4126444375.000001,-54.34139
4126445312.500001,-54.23719
4126446250.000001,-54.29354
4126447187.500001,-54.26354
4126448125.000001,-54.36705
4126449062.500001,-54.35744
4126450000.000001,-54.36354
4126450937.500001,-54.40281
4126451875.000001,-54.39734
4126452812.500001,-54.32051
4126453750.000001,-54.47849
4126454687.500001,-54.27858
4126455625.000001,-54.41017
4126456562.500001,-54.29591
4126457500.000001,-54.41285
4126458437.500001,-54.32528
4126459375.000001,-54.38692
4126460312.500001,-54.25167
4126461250.000001,-54.32306
4126462187.500001,-54.35597
4126463125.000001,-54.34555
4126464062.500001,-54.38588
4126465000.000001,-54.46846
4126465937.500001,-54.33329
4126466875.000001,-54.50241
4126467812.500001,-54.37425
4126468750.000001,-54.36157
4126469687.500001,-54.48621
4126470625.000001,-54.39919
4126471562.500001,-54.34915
4126472500.000001,-54.47751
4126473437.500001,-54.36306
4126474375.000001,-54.38566
4126475312.500001,-54.40412
4126476250.000001,-54.43157
4126477187.500001,-54.44204
4126478125.000001,-54.4243
4126479062.500001,-54.37691
4126480000.000001,-54.43523
4126480937.500001,-54.40596
4126481875.000001,-54.37667
4126482812.500001,-54.44009
4126483750.000001,-54.54083
4126484687.500001,-54.48272
4126485625.000001,-54.44415
4126486562.500001,-54.42229
4126487500.000001,-54.44713
4126488437.500001,-54.46998
4126489375.000001,-54.49685
4126490312.500001,-54.41949
4126491250.000001,-54.45084
4126492187.500001,-54.47862
4126493125.000001,-54.52418
4126494062.500001,-54.43942
4126495000.000001,-54.40979
4126495937.500001,-54.48266
4126496875.000001,-54.53073
4126497812.500001,-54.4649
4126498750.000001,-54.48098
4126499687.500001,-54.54747
4126500625.000001,-54.51796
4126501562.500001,-54.49359
4126502500.000001,-54.42479
4126503437.500001,-54.40932
4126504375.000001,-54.4591
4126505312.500001,-54.50208
4126506250.000001,-54.55488
4126507187.500001,-54.51953
4126508125.000001,-54.51057
4126509062.500001,-54.43749
4126510000.000001,-54.4451
4126510937.500001,-54.48997
4126511875.000001,-54.58298
4126512812.500001,-54.48512
4126513750.000001,-54.49523
4126514687.500001,-54.50432
4126515625.000001,-54.52995
4126516562.500001,-54.53353
4126517500.000001,-54.49612
4126518437.500001,-54.63584
4126519375.000001,-54.44012
4126520312.500001,-54.59858
4126521250.000001,-54.633
4126522187.500001,-54.61185
4126523125.000001,-54.52872
4126524062.500001,-54.56674
4126525000.000001,-54.56511
4126525937.500001,-54.53569
4126526875.000001,-54.52422
4126527812.500001,-54.47408
4126528750.000001,-54.5234
4126529687.500001,-54.61136
4126530625.000001,-54.56367
4126531562.500001,-54.6334
4126532500.000001,-54.56656
4126533437.500001,-54.62718
4126534375.000001,-54.57866
4126535312.500001,-54.55705
4126536250.000001,-54.57923
4126537187.500001,-54.63329
4126538125.000001,-54.4989
4126539062.500001,-54.59217
4126540000.000001,-54.63631
4126540937.500001,-54.65225
4126541875.000001,-54.62228
4126542812.500001,-54.55796
4126543750.000001,-54.57951
4126544687.500001,-54.6535
4126545625.000001,-54.62713
4126546562.500001,-54.56291
4126547500.000001,-54.54784
4126548437.500001,-54.64018
4126549375.000001,-54.62289
4126550312.500001,-54.66542
4126551250.000001,-54.65065
4126552187.500001,-54.57959
4126553125.000001,-54.53765
4126554062.500001,-54.70762
4126555000.000001,-54.6416
4126555937.500001,-54.57944
4126556875.000001,-54.76014
4126557812.500001,-54.67035
4126558750.000001,-54.63478
4126559687.500001,-54.62004
4126560625.000001,-54.67472
4126561562.500001,-54.71992
4126562500.000001,-54.59571
4126563437.500001,-54.72383
4126564375.000001,-54.6031
4126565312.500001,-54.65415
4126566250.000001,-54.6672
4126567187.500001,-54.59991
4126568125.000001,-54.6247
4126569062.500001,-54.6611
4126570000.000001,-54.6041
4126570937.500001,-54.6174
4126571875.000001,-54.70009
4126572812.500001,-54.78351
4126573750.000001,-54.67945
4126574687.500001,-54.7028
4126575625.000001,-54.73465
4126576562.500001,-54.67982
4126577500.000001,-54.70871
4126578437.500001,-54.66712
4126579375.000001,-54.63958
4126580312.500001,-54.78258
4126581250.000001,-54.80995
4126582187.500001,-54.7627
4126583125.000001,-54.75581
4126584062.500001,-54.71238
4126585000.000001,-54.76238
4126585937.500001,-54.75383
4126586875.000001,-54.70959
4126587812.500001,-54.69774
4126588750.000001,-54.68532
4126589687.500001,-54.7095
4126590625.000001,-54.64106
4126591562.500001,-54.83794
4126592500.000001,-54.63663
4126593437.500001,-54.70362
4126594375.000001,-54.71256
4126595312.500001,-54.71302
4126596250.000001,-54.78172
4126597187.500001,-54.6934
4126598125.000001,-54.76484
4126599062.500001,-54.70966
4126600000.000001,-54.86456
4126600937.500001,-54.70269
4126601875.000001,-54.66687
4126602812.500001,-54.85852
4126603750.000001,-54.79669
4126604687.500001,-54.78289
4126605625.000001,-54.75108
4126606562.500001,-54.76093
4126607500.000001,-54.78515
4126608437.500001,-54.84858
4126609375.000001,-54.72202
4126610312.500001,-54.80858
4126611250.000001,-54.76812
4126612187.500001,-54.75585
4126613125.000001,-54.92596
4126614062.500001,-54.75686
4126615000.000001,-54.87971
4126615937.500001,-54.68749
4126616875.000001,-54.73317
4126617812.500001,-54.74721
4126618750.000001,-54.69801
4126619687.500001,-54.83224
4126620625.000001,-54.79539
4126621562.500001,-54.81067
4126622500.000001,-54.85284
4126623437.500001,-54.89207
4126624375.000001,-54.80364
4126625312.500001,-54.81796
4126626250.000001,-54.80126
4126627187.500001,-54.89219
4126628125.000001,-54.97351
4126629062.500001,-54.82108
4126630000.000001,-54.76076
4126630937.500001,-54.8863
4126631875.000001,-54.8511
4126632812.500001,-54.79479
4126633750.000001,-54.83357
4126634687.500001,-54.80895
4126635625.000001,-54.96291
4126636562.500001,-54.80047
4126637500.000001,-54.8869
4126638437.500001,-54.84135
4126639375.000001,-54.87898
4126640312.500001,-54.88454
4126641250.000001,-54.8663
4126642187.500001,-54.82288
4126643125.000001,-54.87754
4126644062.500001,-54.73128
4126645000.000001,-54.9231
4126645937.500001,-54.9057
4126646875.000001,-54.87433
4126647812.500001,-54.88635
4126648750.000001,-54.84411
4126649687.500001,-54.93391
4126650625.000001,-54.8829
4126651562.500001,-54.87451
4126652500.000001,-54.94646
4126653437.500001,-54.93577
4126654375.000001,-54.89149
4126655312.500001,-54.86616
4126656250.000001,-54.95268
4126657187.500001,-54.79082
4126658125.000001,-54.90525
4126659062.500001,-54.87049
4126660000.000001,-54.91726
4126660937.500001,-54.77491
4126661875.000001,-54.95345
4126662812.500001,-54.90467
4126663750.000001,-54.96253
4126664687.500001,-54.8777
4126665625.000001,-54.923
4126666562.500001,-54.92789
4126667500.000001,-54.9043
4126668437.500001,-54.91468
4126669375.000001,-54.89759
4126670312.500001,-54.99896
4126671250.000001,-54.94678
4126672187.500001,-55.02581
4126673125.000001,-54.94152
4126674062.500001,-55.03059
4126675000.000001,-55.01822
4126675937.500001,-54.9455
4126676875.000001,-54.94025
4126677812.500001,-54.90952
4126678750.000001,-55.03991
4126679687.500001,-54.91968
4126680625.000001,-54.94512
4126681562.500001,-55.01253
4126682500.000001,-54.9733
4126683437.500001,-54.98624
4126684375.000001,-55.0325
4126685312.500001,-55.06623
4126686250.000001,-55.02273
4126687187.500001,-54.97042
4126688125.000001,-54.95819
4126689062.500001,-54.91985
4126690000.000001,-54.98048
4126690937.500001,-54.93531
4126691875.000001,-55.06199
4126692812.500001,-54.9691
4126693750.000001,-54.93199
4126694687.500001,-55.00729
4126695625.000001,-54.90143
4126696562.500001,-55.01475
4126697500.000001,-55.11666
4126698437.500001,-55.12965
4126699375.000001,-55.01359
4126700312.500001,-55.0305
4126701250.000001,-55.02876
4126702187.500001,-55.03044
4126703125.000001,-55.06256
4126704062.500001,-55.05884
4126705000.000001,-55.10942
4126705937.500001,-55.07988
4126706875.000001,-55.04573
4126707812.500001,-55.06191
4126708750.000001,-55.0398
4126709687.500001,-55.09958
4126710625.000001,-54.99669
4126711562.500001,-55.03053
4126712500.000001,-55.02942
4126713437.500001,-55.10334
4126714375.000001,-55.08133
4126715312.500001,-54.95831
4126716250.000001,-55.1041
4126717187.500001,-55.04631
4126718125.000001,-54.96832
4126719062.500001,-55.18969
4126720000.000001,-55.04274
4126720937.500001,-55.0475
4126721875.000001,-55.07909
4126722812.500001,-55.11598
4126723750.000001,-55.02642
4126724687.500001,-55.05908
4126725625.000001,-54.99324
4126726562.500001,-54.95082
4126727500.000001,-55.07988
4126728437.500001,-55.1448
4126729375.000001,-55.14812
4126730312.500001,-55.10638
4126731250.000001,-55.14064
4126732187.500001,-55.07417
4126733125.000001,-55.1469
4126734062.500001,-55.19578
4126735000.000001,-55.18942
4126735937.500001,-55.14709
4126736875.000001,-55.03104
4126737812.500001,-55.17841
4126738750.000001,-55.15611
4126739687.500001,-55.06668
4126740625.000001,-55.07299
4126741562.500001,-55.20757
4126742500.000001,-55.14823
4126743437.500001,-55.19273
4126744375.000001,-55.09931
4126745312.500001,-55.11353
4126746250.000001,-55.11955
4126747187.500001,-55.15518
4126748125.000001,-55.09666
4126749062.500001,-55.08101
4126750000.000001,-55.15756
4126750937.500001,-55.19855
4126751875.000001,-55.17614
4126752812.500001,-55.11784
4126753750.000001,-55.20541
4126754687.500001,-55.2057
4126755625.000001,-55.16075
4126756562.500001,-55.22573
4126757500.000001,-55.16976
4126758437.500001,-55.17436
4126759375.000001,-55.19783
4126760312.500001,-55.11016
4126761250.000001,-55.14726
4126762187.500001,-55.19841
4126763125.000001,-55.14701
4126764062.500001,-55.22266
4126765000.000001,-55.22789
4126765937.500001,-55.1853
4126766875.000001,-55.23281
4126767812.500001,-55.22197
4126768750.000001,-55.21682
4126769687.500001,-55.18554
4126770625.000001,-55.22327
4126771562.500001,-55.19899
4126772500.000001,-55.22306
4126773437.500001,-55.15511
4126774375.000001,-55.16742
4126775312.500001,-55.28962
4126776250.000001,-55.32674
4126777187.500001,-55.26017
4126778125.000001,-55.32335
4126779062.500001,-55.28395
4126780000.000001,-55.2785
4126780937.500001,-55.21357
4126781875.000001,-55.1399
4126782812.500001,-55.25635
4126783750.000001,-55.24328
4126784687.500001,-55.30204
4126785625.000001,-55.33967
4126786562.500001,-55.32098
4126787500.000001,-55.21166
4126788437.500001,-55.39874
4126789375.000001,-55.22172
4126790312.500001,-55.30953
4126791250.000001,-55.24905
4126792187.500001,-55.20548
4126793125.000001,-55.1535
4126794062.500001,-55.26192
4126795000.000001,-55.17511
4126795937.500001,-55.24642
4126796875.000001,-55.34682
4126797812.500001,-55.35325
4126798750.000001,-55.29507
4126799687.500001,-55.38227
4126800625.000001,-55.29598
4126801562.500001,-55.30833
4126802500.000001,-55.38507
4126803437.500001,-55.29832
4126804375.000001,-55.28383
4126805312.500001,-55.39323
4126806250.000001,-55.39388
4126807187.500001,-55.39346
4126808125.000001,-55.32941
4126809062.500001,-55.27484
4126810000.000001,-55.30914
4126810937.500001,-55.31044
4126811875.000001,-55.29943
4126812812.500001,-55.3284
4126813750.000001,-55.41073
4126814687.500001,-55.39287
4126815625.000001,-55.39167
4126816562.500001,-55.39257
4126817500.000001,-55.34498
4126818437.500001,-55.27541
4126819375.000001,-55.36483
4126820312.500001,-55.34648
4126821250.000001,-55.27866
4126822187.500001,-55.4443
4126823125.000001,-55.3023
4126824062.500001,-55.37307
4126825000.000001,-55.24678
4126825937.500001,-55.33891
4126826875.000001,-55.35217
4126827812.500001,-55.37127
4126828750.000001,-55.32057
4126829687.500001,-55.42119
4126830625.000001,-55.25168
4126831562.500001,-55.39199
4126832500.000001,-55.36472
4126833437.500001,-55.41654
4126834375.000001,-55.391
4126835312.500001,-55.36573
4126836250.000001,-55.47574
4126837187.500001,-55.40157
4126838125.000001,-55.31367
4126839062.500001,-55.33384
4126840000.000001,-55.37995
4126840937.500001,-55.36964
4126841875.000001,-55.41909
4126842812.500001,-55.33809
4126843750.000001,-55.37772
4126844687.500001,-55.44995
4126845625.000001,-55.35365
4126846562.500001,-55.35053
4126847500.000001,-55.36629
4126848437.500001,-55.46534
4126849375.000001,-55.2987
4126850312.500001,-55.4587
4126851250.000001,-55.48299
4126852187.500001,-55.35394
4126853125.000001,-55.44111
4126854062.500001,-55.48226
4126855000.000001,-55.39499
4126855937.500001,-55.51368
4126856875.000001,-55.43373
4126857812.500001,-55.44247
4126858750.000001,-55.45858
4126859687.500001,-55.48626
4126860625.000001,-55.47691
4126861562.500001,-55.41271
4126862500.000001,-55.47231
4126863437.500001,-55.48785
4126864375.000001,-55.49398
4126865312.500001,-55.36747
4126866250.000001,-55.50391
4126867187.500001,-55.52338
4126868125.000001,-55.51053
4126869062.500001,-55.51202
4126870000.000001,-55.4771
4126870937.500001,-55.44498
4126871875.000001,-55.4538
4126872812.500001,-55.44923
4126873750.000001,-55.52903
4126874687.500001,-55.49493
4126875625.000001,-55.48242
4126876562.500001,-55.45861
4126877500.000001,-55.42307
4126878437.500001,-55.55731
4126879375.000001,-55.50798
4126880312.500001,-55.43491
4126881250.000001,-55.38132
4126882187.500001,-55.48681
4126883125.000001,-55.48275
4126884062.500001,-55.4712
4126885000.000001,-55.57687
4126885937.500001,-55.50185
4126886875.000001,-55.40039
4126887812.500001,-55.46155
4126888750.000001,-55.49024
4126889687.500001,-55.5473
4126890625.000001,-55.45424
4126891562.500001,-55.51596
4126892500.000001,-55.61264
4126893437.500001,-55.4872
4126894375.000001,-55.53469
4126895312.500001,-55.53037
4126896250.000001,-55.51616
4126897187.500001,-55.48195
4126898125.000001,-55.54671
4126899062.500001,-55.45896
4126900000.000001,-55.61977
4126900937.500001,-55.5443
4126901875.000001,-55.58331
4126902812.500001,-55.43747
4126903750.000001,-55.53046
4126904687.500001,-55.62931
4126905625.000001,-55.59692
4126906562.500001,-55.56953
4126907500.000001,-55.48624
4126908437.500001,-55.49834
4126909375.000001,-55.55679
4126910312.500001,-55.6077
4126911250.000001,-55.52821
4126912187.500001,-55.61967
4126913125.000001,-55.54317
4126914062.500001,-55.63984
4126915000.000001,-55.66819
4126915937.500001,-55.62255
4126916875.000001,-55.56799
4126917812.500001,-55.61467
4126918750.000001,-55.65222
4126919687.500001,-55.60936
4126920625.000001,-55.56261
4126921562.500001,-55.66413
4126922500.000001,-55.61152
4126923437.500001,-55.50594
4126924375.000001,-55.59773
4126925312.500001,-55.60011
4126926250.000001,-55.58645
4126927187.500001,-55.70171
4126928125.000001,-55.70575
4126929062.500001,-55.61646
4126930000.000001,-55.62811
4126930937.500001,-55.64021
4126931875.000001,-55.68649
4126932812.500001,-55.72446
4126933750.000001,-55.5953
4126934687.500001,-55.68504
4126935625.000001,-55.59251
4126936562.500001,-55.71038
4126937500.000001,-55.59599
4126938437.500001,-55.5737
4126939375.000001,-55.64945
4126940312.500001,-55.6952
4126941250.000001,-55.59333
4126942187.500001,-55.70961
4126943125.000001,-55.56721
4126944062.500001,-55.68169
4126945000.000001,-55.69749
4126945937.500001,-55.69607
4126946875.000001,-55.70675
4126947812.500001,-55.58706
4126948750.000001,-55.5486
4126949687.500001,-55.60603
4126950625.000001,-55.64792
4126951562.500001,-55.5694
4126952500.000001,-55.64631
4126953437.500001,-55.63147
4126954375.000001,-55.6545
4126955312.500001,-55.75116
4126956250.000001,-55.70241
4126957187.500001,-55.73884
4126958125.000001,-55.71584
4126959062.500001,-55.64792
4126960000.000001,-55.6325
4126960937.500001,-55.66996
4126961875.000001,-55.6941
4126962812.500001,-55.69767
4126963750.000001,-55.68172
4126964687.500001,-55.73408
4126965625.000001,-55.60316
4126966562.500001,-55.74162
4126967500.000001,-55.73991
4126968437.500001,-55.63571
4126969375.000001,-55.76098
4126970312.500001,-55.67756
4126971250.000001,-55.64226
4126972187.500001,-55.70324
4126973125.000001,-55.69141
4126974062.500001,-55.65948
4126975000.000001,-55.68379
4126975937.500001,-55.75263
4126976875.000001,-55.77399
4126977812.500001,-55.768
4126978750.000001,-55.68451
4126979687.500001,-55.69255
4126980625.000001,-55.70557
4126981562.500001,-55.82718
4126982500.000001,-55.6984
4126983437.500001,-55.74392
4126984375.000001,-55.75368
4126985312.500001,-55.76358
4126986250.000001,-55.68084
4126987187.500001,-55.66225
4126988125.000001,-55.81242
4126989062.500001,-55.80346
4126990000.000001,-55.78156
4126990937.500001,-55.64555
4126991875.000001,-55.75271
4126992812.500001,-55.74929
4126993750.000001,-55.81575
4126994687.500001,-55.77191
4126995625.000001,-55.81507
4126996562.500001,-55.77648
4126997500.000001,-55.80293
4126998437.500001,-55.80472
4126999375.000001,-55.77877
4127000312.500001,-55.78856
4127001250.000001,-55.75384
4127002187.500001,-55.76509
4127003125.000001,-55.80373
4127004062.500001,-55.81491
4127005000.000001,-55.90624
4127005937.500001,-55.80313
4127006875.000001,-55.72813
4127007812.500001,-55.78772
4127008750.000001,-55.86674
4127009687.500001,-55.8636
4127010625.000001,-55.69172
4127011562.500001,-55.72277
4127012500.000001,-55.77248
4127013437.500001,-55.90648
4127014375.000001,-55.8453
4127015312.500001,-55.80785
4127016250.000001,-55.72859
4127017187.500001,-55.77438
4127018125.000001,-55.85673
4127019062.500001,-55.7785
4127020000.000001,-55.78104
4127020937.500001,-55.84303
4127021875.000001,-55.82495
4127022812.500001,-55.9306
4127023750.000001,-55.90984
4127024687.500001,-55.78788
4127025625.000001,-55.86512
4127026562.500001,-55.83942
4127027500.000001,-55.86696
4127028437.500001,-55.98178
4127029375.000001,-55.86664
4127030312.500001,-55.80239
4127031250.000001,-55.81054
4127032187.500001,-55.78662
4127033125.000001,-55.83492
4127034062.500001,-55.93045
4127035000.000001,-55.92596
4127035937.500001,-55.80037
4127036875.000001,-55.76613
4127037812.500001,-55.92286
4127038750.000001,-55.92585
4127039687.500001,-55.97398
4127040625.000001,-55.97449
4127041562.500001,-56.01083
4127042500.000001,-56.03047
4127043437.500001,-55.99132
4127044375.000001,-55.91734
4127045312.500001,-55.82267
4127046250.000001,-55.96254
4127047187.500001,-55.77707
4127048125.000001,-55.99239
4127049062.500001,-55.81717
4127050000.000001,-55.91464
4127050937.500001,-55.85896
4127051875.000001,-55.98152
4127052812.500001,-56.02454
4127053750.000001,-55.92872
4127054687.500001,-56.04463
4127055625.000001,-55.95963
4127056562.500001,-55.83274
4127057500.000001,-55.9
4127058437.500001,-55.86438
4127059375.000001,-55.91294
4127060312.500001,-55.84346
4127061250.000001,-55.85622
4127062187.500001,-55.95343
4127063125.000001,-56.01445
4127064062.500001,-55.74953
4127065000.000001,-55.8614
4127065937.500001,-55.93147
4127066875.000001,-55.81997
4127067812.500001,-55.94168
4127068750.000001,-55.93716
4127069687.500001,-55.85007
4127070625.000001,-55.89876
4127071562.500001,-55.94725
4127072500.000001,-55.97746
4127073437.500001,-55.97901
4127074375.000001,-55.90077
4127075312.500001,-55.95567
4127076250.000001,-55.94999
4127077187.500001,-55.94078
4127078125.000001,-55.92042
4127079062.500001,-56.02806
4127080000.000001,-55.9435
4127080937.500001,-56.07616
4127081875.000001,-56.1661
4127082812.500001,-55.92503
4127083750.000001,-55.90652
4127084687.500001,-56.00216
4127085625.000001,-56.11772
4127086562.500001,-55.95652
4127087500.000001,-55.90725
4127088437.500001,-55.92209
4127089375.000001,-56.03881
4127090312.500001,-56.01363
4127091250.000001,-55.91566
4127092187.500001,-56.00633
4127093125.000001,-56.14155
4127094062.500001,-55.96376
4127095000.000001,-56.0378
4127095937.500001,-56.07522
4127096875.000001,-56.10022
4127097812.500001,-56.01194
4127098750.000001,-55.97202
4127099687.500001,-55.95173
4127100625.000001,-56.07131
4127101562.500001,-56.05503
4127102500.000001,-56.00252
4127103437.500001,-56.01773
4127104375.000001,-56.1501
4127105312.500001,-56.1332
4127106250.000001,-55.96778
4127107187.500001,-56.05208
4127108125.000001,-56.14497
4127109062.500001,-56.03292
4127110000.000001,-56.02788
4127110937.500001,-56.07219
4127111875.000001,-56.11467
4127112812.500001,-56.08302
4127113750.000001,-55.88858
4127114687.500001,-56.08798
4127115625.000001,-56.11365
4127116562.500001,-56.00943
4127117500.000001,-56.01348
4127118437.500001,-56.0229
4127119375.000001,-56.14808
4127120312.500001,-56.16239
4127121250.000001,-56.01865
4127122187.500001,-56.20305
4127123125.000001,-56.11019
4127124062.500001,-56.06797
4127125000.000001,-56.12283
4127125937.500001,-56.21864
4127126875.000001,-56.02233
4127127812.500001,-56.07466
4127128750.000001,-56.18056
4127129687.500001,-56.13348
4127130625.000001,-56.0623
4127131562.500001,-56.1992
4127132500.000001,-56.00954
4127133437.500001,-56.155
4127134375.000001,-56.11881
4127135312.500001,-56.22216
4127136250.000001,-56.13049
4127137187.500001,-56.13995
4127138125.000001,-56.11133
4127139062.500001,-56.22803
4127140000.000001,-56.0668
4127140937.500001,-56.13939
4127141875.000001,-56.05973
4127142812.500001,-56.20622
4127143750.000001,-56.14288
4127144687.500001,-56.0434
4127145625.000001,-56.11721
4127146562.500001,-56.20484
4127147500.000001,-56.11654
4127148437.500001,-56.16336
4127149375.000001,-56.04813
4127150312.500001,-56.13572
4127151250.000001,-56.1401
4127152187.500001,-56.17424
4127153125.000001,-56.04247
4127154062.500001,-56.11303
4127155000.000001,-56.09867
4127155937.500001,-56.12049
4127156875.000001,-56.0423
4127157812.500001,-56.14018
4127158750.000001,-56.17221
4127159687.500001,-56.15182
4127160625.000001,-56.15771
4127161562.500001,-56.194
4127162500.000001,-56.17885
4127163437.500001,-56.15141
4127164375.000001,-56.16154
4127165312.500001,-56.16424
4127166250.000001,-56.18322
4127167187.500001,-56.21643
4127168125.000001,-56.15639
4127169062.500001,-56.29456
4127170000.000001,-56.22039
4127170937.500001,-56.14482
4127171875.000001,-56.17002
4127172812.500001,-56.32418
4127173750.000001,-56.30639
4127174687.500001,-56.14379
4127175625.000001,-56.23502
4127176562.500001,-56.30962
4127177500.000001,-56.22203
4127178437.500001,-56.32679
4127179375.000001,-56.09142
4127180312.500001,-56.16437
4127181250.000001,-56.27825
4127182187.500001,-56.23886
4127183125.000001,-56.19287
4127184062.500001,-56.25864
4127185000.000001,-56.30614
4127185937.500001,-56.15984
4127186875.000001,-56.13813
4127187812.500001,-56.12985
4127188750.000001,-56.20386
4127189687.500001,-56.31944
4127190625.000001,-56.24273
4127191562.500001,-56.15611
4127192500.000001,-56.37591
4127193437.500001,-56.32696
4127194375.000001,-56.35746
4127195312.500001,-56.2567
4127196250.000001,-56.36747
4127197187.500001,-56.30444
4127198125.000001,-56.22056
4127199062.500001,-56.12068
4127200000.000001,-56.25604
4127200937.500001,-56.20847
4127201875.000001,-56.30195
4127202812.500001,-56.24623
4127203750.000001,-56.27974
4127204687.500001,-56.26815
4127205625.000001,-56.30816
4127206562.500001,-56.26447
4127207500.000001,-56.22721
4127208437.500001,-56.20246
4127209375.000001,-56.2752
4127210312.500001,-56.25933
4127211250.000001,-56.34655
4127212187.500001,-56.31923
4127213125.000001,-56.26374
4127214062.500001,-56.29437
4127215000.000001,-56.20628
4127215937.500001,-56.47093
4127216875.000001,-56.22334
4127217812.500001,-56.39138
4127218750.000001,-56.30577
4127219687.500001,-56.26781
4127220625.000001,-56.42358
4127221562.500001,-56.25126
4127222500.000001,-56.35313
4127223437.500001,-56.40351
4127224375.000001,-56.29813
4127225312.500001,-56.30114
4127226250.000001,-56.30265
4127227187.500001,-56.36721
4127228125.000001,-56.27347
4127229062.500001,-56.3043
4127230000.000001,-56.29693
4127230937.500001,-56.41945
4127231875.000001,-56.40261
4127232812.500001,-56.26195
4127233750.000001,-56.30493
4127234687.500001,-56.37592
4127235625.000001,-56.32559
4127236562.500001,-56.28691
4127237500.000001,-56.43219
4127238437.500001,-56.3125
4127239375.000001,-56.37651
4127240312.500001,-56.25247
4127241250.000001,-56.3356
4127242187.500001,-56.34608
4127243125.000001,-56.43595
4127244062.500001,-56.3942
4127245000.000001,-56.23697
4127245937.500001,-56.30027
4127246875.000001,-56.26932
4127247812.500001,-56.4237
4127248750.000001,-56.27923
4127249687.500001,-56.34992
4127250625.000001,-56.29566
4127251562.500001,-56.35231
4127252500.000001,-56.36003
4127253437.500001,-56.43313
4127254375.000001,-56.34216
4127255312.500001,-56.44595
4127256250.000001,-56.41193
4127257187.500001,-56.32795
4127258125.000001,-56.34695
4127259062.500001,-56.35555
4127260000.000001,-56.34906
4127260937.500001,-56.2794
4127261875.000001,-56.5304
4127262812.500001,-56.42458
4127263750.000001,-56.31503
4127264687.500001,-56.37304
4127265625.000001,-56.41787
4127266562.500001,-56.43408
4127267500.000001,-56.47062
4127268437.500001,-56.33371
4127269375.000001,-56.42855
4127270312.500001,-56.48471
4127271250.000001,-56.47922
4127272187.500001,-56.44246
4127273125.000001,-56.40923
4127274062.500001,-56.45219
4127275000.000001,-56.3791
4127275937.500001,-56.45473
4127276875.000001,-56.48345
4127277812.500001,-56.55001
4127278750.000001,-56.34443
4127279687.500001,-56.46043
4127280625.000001,-56.41654
4127281562.500001,-56.4479
4127282500.000001,-56.37603
4127283437.500001,-56.5387
4127284375.000001,-56.48488
4127285312.500001,-56.3405
4127286250.000001,-56.46925
4127287187.500001,-56.53099
4127288125.000001,-56.45138
4127289062.500001,-56.39458
4127290000.000001,-56.61473
4127290937.500001,-56.4483
4127291875.000001,-56.39674
4127292812.500001,-56.31689
4127293750.000001,-56.44864
4127294687.500001,-56.50429
4127295625.000001,-56.42457
4127296562.500001,-56.60978
4127297500.000001,-56.52419
4127298437.500001,-56.50475
4127299375.000001,-56.42502
4127300312.500001,-56.32596
4127301250.000001,-56.44346
4127302187.500001,-56.5069
4127303125.000001,-56.48408
4127304062.500001,-56.53128
4127305000.000001,-56.51176
4127305937.500001,-56.41402
4127306875.000001,-56.53938
4127307812.500001,-56.50048
4127308750.000001,-56.56134
4127309687.500001,-56.44869
4127310625.000001,-56.5456
4127311562.500001,-56.52084
4127312500.000001,-56.46558
4127313437.500001,-56.61439
4127314375.000001,-56.50428
4127315312.500001,-56.4323
4127316250.000001,-56.36447
4127317187.500001,-56.55217
4127318125.000001,-56.44915
4127319062.500001,-56.60589
4127320000.000001,-56.60666
4127320937.500001,-56.60157
4127321875.000001,-56.56393
4127322812.500001,-56.46647
4127323750.000001,-56.46483
4127324687.500001,-56.59051
4127325625.000001,-56.60655
4127326562.500001,-56.63792
4127327500.000001,-56.483
4127328437.500001,-56.59503
4127329375.000001,-56.55584
4127330312.500001,-56.51213
4127331250.000001,-56.42949
4127332187.500001,-56.59502
4127333125.000001,-56.60202
4127334062.500001,-56.60374
4127335000.000001,-56.60788
4127335937.500001,-56.55796
4127336875.000001,-56.37554
4127337812.500001,-56.63701
4127338750.000001,-56.64007
4127339687.500001,-56.61958
4127340625.000001,-56.57455
4127341562.500001,-56.49175
4127342500.000001,-56.55836
4127343437.500001,-56.5509
4127344375.000001,-56.58432
4127345312.500001,-56.66816
4127346250.000001,-56.57158
4127347187.500001,-56.5951
4127348125.000001,-56.53521
4127349062.500001,-56.6382
4127350000.000001,-56.61668
4127350937.500001,-56.61723
4127351875.000001,-56.68367
4127352812.500001,-56.528
4127353750.000001,-56.66337
4127354687.500001,-56.58302
4127355625.000001,-56.55837
4127356562.500001,-56.68184
4127357500.000001,-56.67894
4127358437.500001,-56.61718
4127359375.000001,-56.57055
4127360312.500001,-56.67876
4127361250.000001,-56.62785
4127362187.500001,-56.54543
4127363125.000001,-56.70018
4127364062.500001,-56.54123
4127365000.000001,-56.52921
4127365937.500001,-56.61992
4127366875.000001,-56.54486
4127367812.500001,-56.77359
4127368750.000001,-56.55855
4127369687.500001,-56.50937
4127370625.000001,-56.58245
4127371562.500001,-56.64087
4127372500.000001,-56.64702
4127373437.500001,-56.54607
4127374375.000001,-56.64632
4127375312.500001,-56.72903
4127376250.000001,-56.65284
4127377187.500001,-56.69131
4127378125.000001,-56.61106
4127379062.500001,-56.64973
4127380000.000001,-56.62537
4127380937.500001,-56.69215
4127381875.000001,-56.68253
4127382812.500001,-56.65427
4127383750.000001,-56.72525
4127384687.500001,-56.53551
4127385625.000001,-56.7009
4127386562.500001,-56.6671
4127387500.000001,-56.67167
4127388437.500001,-56.62088
4127389375.000001,-56.6335
4127390312.500001,-56.7452
4127391250.000001,-56.66993
4127392187.500001,-56.66047
4127393125.000001,-56.6664
4127394062.500001,-56.65076
4127395000.000001,-56.72277
4127395937.500001,-56.77608
4127396875.000001,-56.68594
4127397812.500001,-56.67522
4127398750.000001,-56.66293
4127399687.500001,-56.67604
4127400625.000001,-56.72666
4127401562.500001,-56.71598
4127402500.000001,-56.69444
4127403437.500001,-56.61882
4127404375.000001,-56.63184
4127405312.500001,-56.65681
4127406250.000001,-56.75201
4127407187.500001,-56.74451
4127408125.000001,-56.7089
4127409062.500001,-56.62217
4127410000.000001,-56.70463
4127410937.500001,-56.68295
4127411875.000001,-56.80654
4127412812.500001,-56.85748
4127413750.000001,-56.63667
4127414687.500001,-56.70073
4127415625.000001,-56.75053
4127416562.500001,-56.64141
4127417500.000001,-56.89486
4127418437.500001,-56.67104
4127419375.000001,-56.67369
4127420312.500001,-56.76504
4127421250.000001,-56.73069
4127422187.500001,-56.70982
4127423125.000001,-56.68978
4127424062.500001,-56.70162
4127425000.000001,-56.78064
4127425937.500001,-56.84884
4127426875.000001,-56.73334
4127427812.500001,-56.62047
4127428750.000001,-56.60823
4127429687.500001,-56.71724
4127430625.000001,-56.71123
4127431562.500001,-56.72445
4127432500.000001,-56.82689
4127433437.500001,-56.83992
4127434375.000001,-56.73149
4127435312.500001,-56.86236
4127436250.000001,-56.74191
4127437187.500001,-56.76114
4127438125.000001,-56.77157
4127439062.500001,-56.9499
4127440000.000001,-56.77934
4127440937.500001,-56.79284
4127441875.000001,-56.78827
4127442812.500001,-56.75436
4127443750.000001,-56.73117
4127444687.500001,-56.86511
4127445625.000001,-56.78254
4127446562.500001,-56.83029
4127447500.000001,-56.95404
4127448437.500001,-56.77202
4127449375.000001,-56.80461
4127450312.500001,-56.76097
4127451250.000001,-56.80964
4127452187.500001,-56.84436
4127453125.000001,-56.68245
4127454062.500001,-56.86915
4127455000.000001,-56.88127
4127455937.500001,-56.71384
4127456875.000001,-56.78119
4127457812.500001,-56.79234
4127458750.000001,-56.85295
4127459687.500001,-56.82248
4127460625.000001,-56.84872
4127461562.500001,-56.86816
4127462500.000001,-56.84065
4127463437.500001,-56.84101
4127464375.000001,-56.9108
4127465312.500001,-56.87513
4127466250.000001,-56.78141
4127467187.500001,-56.79549
4127468125.000001,-56.82709
4127469062.500001,-56.97821
4127470000.000001,-56.7311
4127470937.500001,-56.82415
4127471875.000001,-56.93453
4127472812.500001,-56.85532
4127473750.000001,-56.97261
4127474687.500001,-56.91054
4127475625.000001,-56.81241
4127476562.500001,-56.75629
4127477500.000001,-56.8147
4127478437.500001,-56.90122
4127479375.000001,-56.79131
4127480312.500001,-56.83709
4127481250.000001,-56.91335
4127482187.500001,-56.85491
4127483125.000001,-56.88675
4127484062.500001,-56.92184
4127485000.000001,-56.87919
4127485937.500001,-56.96063
4127486875.000001,-57.0072
4127487812.500001,-57.10031
4127488750.000001,-56.92676
4127489687.500001,-56.90414
4127490625.000001,-56.87433
4127491562.500001,-56.87154
4127492500.000001,-56.85527
4127493437.500001,-56.97256
4127494375.000001,-57.00737
4127495312.500001,-56.80974
4127496250.000001,-56.80762
4127497187.500001,-56.9957
4127498125.000001,-57.00089
4127499062.500001,-56.90687
4127500000.000001,-56.83371
4127500937.500001,-56.93476
4127501875.000001,-56.96298
4127502812.500001,-56.99046
4127503750.000001,-56.86132
4127504687.500001,-56.81792
4127505625.000001,-56.82167
4127506562.500001,-56.92597
4127507500.000001,-56.85317
4127508437.500001,-56.88057
4127509375.000001,-56.94371
4127510312.500001,-56.86447
4127511250.000001,-56.93935
4127512187.500001,-56.96156
4127513125.000001,-56.96369
4127514062.500001,-56.86184
4127515000.000001,-56.86731
4127515937.500001,-56.98947
4127516875.000001,-56.99117
4127517812.500001,-56.86184
4127518750.000001,-56.86318
4127519687.500001,-57.06515
4127520625.000001,-57.04334
4127521562.500001,-56.97208
4127522500.000001,-56.95473
4127523437.500001,-56.99941
4127524375.000001,-57.00366
4127525312.500001,-56.95102
4127526250.000001,-56.96592
4127527187.500001,-56.96707
4127528125.000001,-56.94867
4127529062.500001,-56.98388
4127530000.000001,-57.01472
4127530937.500001,-56.98992
4127531875.000001,-56.96947
4127532812.500001,-56.96302
4127533750.000001,-56.90772
4127534687.500001,-56.9376
4127535625.000001,-56.93689
4127536562.500001,-56.94555
4127537500.000001,-56.94304
4127538437.500001,-56.92199
4127539375.000001,-57.14076
4127540312.500001,-57.14502
4127541250.000001,-56.99164
4127542187.500001,-56.92952
4127543125.000001,-57.04446
4127544062.500001,-56.99398
4127545000.000001,-57.00672
4127545937.500001,-56.93685
4127546875.000001,-57.083
4127547812.500001,-57.00619
4127548750.000001,-56.97904
4127549687.500001,-56.90221
4127550625.000001,-57.07412
4127551562.500001,-57.03901
4127552500.000001,-56.96207
4127553437.500001,-57.0459
4127554375.000001,-57.00683
4127555312.500001,-57.06764
4127556250.000001,-57.03118
4127557187.500001,-56.94363
4127558125.000001,-57.1031
4127559062.500001,-57.02207
4127560000.000001,-57.0775
4127560937.500001,-56.99328
4127561875.000001,-56.98075
4127562812.500001,-57.0197
4127563750.000001,-56.93706
4127564687.500001,-57.03582
4127565625.000001,-57.07531
4127566562.500001,-57.1242
4127567500.000001,-57.08829
4127568437.500001,-57.12722
4127569375.000001,-56.99003
4127570312.500001,-57.05986
4127571250.000001,-56.97889
4127572187.500001,-56.90166
4127573125.000001,-57.07716
4127574062.500001,-57.12589
4127575000.000001,-57.14573
4127575937.500001,-57.19787
4127576875.000001,-57.11594
4127577812.500001,-56.99532
4127578750.000001,-57.17677
4127579687.500001,-57.11151
4127580625.000001,-57.10074
4127581562.500001,-57.07501
4127582500.000001,-57.13191
4127583437.500001,-57.15341
4127584375.000001,-57.09455
4127585312.500001,-57.29066
4127586250.000001,-57.034
4127587187.500001,-57.0429
4127588125.000001,-57.06041
4127589062.500001,-57.23889
4127590000.000001,-57.11871
4127590937.500001,-57.18852
4127591875.000001,-57.02952
4127592812.500001,-57.06874
4127593750.000001,-57.03591
4127594687.500001,-57.10177
4127595625.000001,-57.11232
4127596562.500001,-57.01734
4127597500.000001,-57.10673
4127598437.500001,-57.21831
4127599375.000001,-57.08349
4127600312.500001,-57.07931
4127601250.000001,-57.07769
4127602187.500001,-57.21801
4127603125.000001,-57.18201
4127604062.500001,-57.14908
4127605000.000001,-57.12116
4127605937.500001,-56.92874
4127606875.000001,-57.00958
4127607812.500001,-57.2379
4127608750.000001,-57.03933
4127609687.500001,-57.20071
4127610625.000001,-57.10415
4127611562.500001,-57.07383
4127612500.000001,-57.21874
4127613437.500001,-57.10721
4127614375.000001,-57.15509
4127615312.500001,-57.06045
4127616250.000001,-57.1818
4127617187.500001,-57.16366
4127618125.000001,-57.14417
4127619062.500001,-57.08346
4127620000.000001,-57.14699
4127620937.500001,-57.17667
4127621875.000001,-57.13484
4127622812.500001,-57.2106
4127623750.000001,-57.22284
4127624687.500001,-57.12489
4127625625.000001,-57.12294
4127626562.500001,-57.11851
4127627500.000001,-57.11745
4127628437.500001,-57.20659
4127629375.000001,-57.18269
4127630312.500001,-57.15904
4127631250.000001,-56.94652
4127632187.500001,-57.12022
4127633125.000001,-57.21238
4127634062.500001,-57.16277
4127635000.000001,-57.10218
4127635937.500001,-57.14841
4127636875.000001,-57.22168
4127637812.500001,-57.21075
4127638750.000001,-57.23041
4127639687.500001,-57.1928
4127640625.000001,-57.19431
4127641562.500001,-57.15493
4127642500.000001,-57.16342
4127643437.500001,-57.1211
4127644375.000001,-57.28816
4127645312.500001,-57.2044
4127646250.000001,-57.19881
4127647187.500001,-57.19318
4127648125.000001,-57.21616
4127649062.500001,-57.18808
4127650000.000001,-57.24625
4127650937.500001,-57.25768
4127651875.000001,-57.1645
4127652812.500001,-57.3315
4127653750.000001,-57.19281
4127654687.500001,-57.35519
4127655625.000001,-57.06526
4127656562.500001,-57.11197
4127657500.000001,-57.31073
4127658437.500001,-57.22853
4127659375.000001,-57.24763
4127660312.500001,-57.2597
4127661250.000001,-57.18163
4127662187.500001,-57.34345
4127663125.000001,-57.2173
4127664062.500001,-57.29191
4127665000.000001,-57.26779
4127665937.500001,-57.18362
4127666875.000001,-57.23434
4127667812.500001,-57.28164
4127668750.000001,-57.30067
4127669687.500001,-57.33341
4127670625.000001,-57.27386
4127671562.500001,-57.3716
4127672500.000001,-57.19846
4127673437.500001,-57.26575
4127674375.000001,-57.38894
4127675312.500001,-57.27341
4127676250.000001,-57.28425
4127677187.500001,-57.23878
4127678125.000001,-57.27507
4127679062.500001,-57.15431
4127680000.000001,-57.27193
4127680937.500001,-57.35969
4127681875.000001,-57.28736
4127682812.500001,-57.32668
4127683750.000001,-57.28198
4127684687.500001,-57.27261
4127685625.000001,-57.3295
4127686562.500001,-57.3607
4127687500.000001,-57.17488
4127688437.500001,-57.26132
4127689375.000001,-57.27352
4127690312.500001,-57.40725
4127691250.000001,-57.37634
4127692187.500001,-57.24001
4127693125.000001,-57.24815
4127694062.500001,-57.30763
4127695000.000001,-57.20543
4127695937.500001,-57.26954
4127696875.000001,-57.40158
4127697812.500001,-57.44651
4127698750.000001,-57.32786
4127699687.500001,-57.25409
4127700625.000001,-57.31321
4127701562.500001,-57.20895
4127702500.000001,-57.26147
4127703437.500001,-57.31252
4127704375.000001,-57.38144
4127705312.500001,-57.34083
4127706250.000001,-57.37138
4127707187.500001,-57.2977
4127708125.000001,-57.43555
4127709062.500001,-57.26632
4127710000.000001,-57.48309
4127710937.500001,-57.27705
4127711875.000001,-57.35691
4127712812.500001,-57.2127
4127713750.000001,-57.22813
4127714687.500001,-57.31147
4127715625.000001,-57.27747
4127716562.500001,-57.29412
4127717500.000001,-57.4192
4127718437.500001,-57.32681
4127719375.000001,-57.46712
4127720312.500001,-57.31306
4127721250.000001,-57.35051
4127722187.500001,-57.4104
4127723125.000001,-57.32962
4127724062.500001,-57.41674
4127725000.000001,-57.3846
4127725937.500001,-57.45057
4127726875.000001,-57.45775
4127727812.500001,-57.32246
4127728750.000001,-57.4703
4127729687.500001,-57.41504
4127730625.000001,-57.3202
4127731562.500001,-57.43473
4127732500.000001,-57.42118
4127733437.500001,-57.35736
4127734375.000001,-57.34753
4127735312.500001,-57.5067
4127736250.000001,-57.36225
4127737187.500001,-57.43977
4127738125.000001,-57.28909
4127739062.500001,-57.32766
4127740000.000001,-57.30014
4127740937.500001,-57.51331
4127741875.000001,-57.38674
4127742812.500001,-57.37816
4127743750.000001,-57.35995
4127744687.500001,-57.25547
4127745625.000001,-57.45705
4127746562.500001,-57.4037
4127747500.000001,-57.55605
4127748437.500001,-57.26971
4127749375.000001,-57.51434
4127750312.500001,-57.44466
4127751250.000001,-57.36152
4127752187.500001,-57.33311
4127753125.000001,-57.48685
4127754062.500001,-57.41092
4127755000.000001,-57.49099
4127755937.500001,-57.50554
4127756875.000001,-57.39966
4127757812.500001,-57.34971
4127758750.000001,-57.35955
4127759687.500001,-57.42254
4127760625.000001,-57.47864
4127761562.500001,-57.47337
4127762500.000001,-57.4409
4127763437.500001,-57.434
4127764375.000001,-57.40524
4127765312.500001,-57.53204
4127766250.000001,-57.4971
4127767187.500001,-57.37071
4127768125.000001,-57.49178
4127769062.500001,-57.41648
4127770000.000001,-57.57919
4127770937.500001,-57.46073
4127771875.000001,-57.52649
4127772812.500001,-57.45358
4127773750.000001,-57.54001
4127774687.500001,-57.28628
4127775625.000001,-57.64823
4127776562.500001,-57.50167
4127777500.000001,-57.44385
4127778437.500001,-57.39465
4127779375.000001,-57.49267
4127780312.500001,-57.52822
4127781250.000001,-57.42316
4127782187.500001,-57.43567
4127783125.000001,-57.43663
4127784062.500001,-57.38872
4127785000.000001,-57.47095
4127785937.500001,-57.53922
4127786875.000001,-57.43546
4127787812.500001,-57.45965
4127788750.000001,-57.45986
4127789687.500001,-57.40879
4127790625.000001,-57.45203
4127791562.500001,-57.48864
4127792500.000001,-57.57256
4127793437.500001,-57.51743
4127794375.000001,-57.43961
4127795312.500001,-57.43118
4127796250.000001,-57.55385
4127797187.500001,-57.54728
4127798125.000001,-57.61585
4127799062.500001,-57.50939
4127800000.000001,-57.44292
4127800937.500001,-57.46505
4127801875.000001,-57.44432
4127802812.500001,-57.50895
4127803750.000001,-57.53573
4127804687.500001,-57.59575
4127805625.000001,-57.48798
4127806562.500001,-57.56529
4127807500.000001,-57.5057
4127808437.500001,-57.4776
4127809375.000001,-57.59958
4127810312.500001,-57.54287
4127811250.000001,-57.54556
4127812187.500001,-57.57822
4127813125.000001,-57.51803
4127814062.500001,-57.49632
4127815000.000001,-57.54791
4127815937.500001,-57.63637
4127816875.000001,-57.57412
4127817812.500001,-57.51163
4127818750.000001,-57.51452
4127819687.500001,-57.60563
4127820625.000001,-57.60849
4127821562.500001,-57.57831
4127822500.000001,-57.6142
4127823437.500001,-57.59421
4127824375.000001,-57.65903
4127825312.500001,-57.55592
4127826250.000001,-57.5397
4127827187.500001,-57.68277
4127828125.000001,-57.57187
4127829062.500001,-57.51683
4127830000.000001,-57.58343
4127830937.500001,-57.49945
4127831875.000001,-57.64759
4127832812.500001,-57.59445
4127833750.000001,-57.54698
4127834687.500001,-57.60009
4127835625.000001,-57.65818
4127836562.500001,-57.69122
4127837500.000001,-57.53996
4127838437.500001,-57.68222
4127839375.000001,-57.6712
4127840312.500001,-57.55672
4127841250.000001,-57.49343
4127842187.500001,-57.67326
4127843125.000001,-57.71908
4127844062.500001,-57.60975
4127845000.000001,-57.6182
4127845937.500001,-57.50866
4127846875.000001,-57.56825
4127847812.500001,-57.5492
4127848750.000001,-57.59242
4127849687.500001,-57.52728
4127850625.000001,-57.72481
4127851562.500001,-57.72869
4127852500.000001,-57.68729
4127853437.500001,-57.60988
4127854375.000001,-57.59529
4127855312.500001,-57.57539
4127856250.000001,-57.64822
4127857187.500001,-57.64342
4127858125.000001,-57.62213
4127859062.500001,-57.63217
4127860000.000001,-57.56057
4127860937.500001,-57.64713
4127861875.000001,-57.64466
4127862812.500001,-57.52339
4127863750.000001,-57.68137
4127864687.500001,-57.70634
4127865625.000001,-57.6478
4127866562.500001,-57.62888
4127867500.000001,-57.65376
4127868437.500001,-57.68213
4127869375.000001,-57.69522
4127870312.500001,-57.68765
4127871250.000001,-57.68912
4127872187.500001,-57.77795
4127873125.000001,-57.73387
4127874062.500001,-57.84514
4127875000.000001,-57.59515
4127875937.500001,-57.68335
4127876875.000001,-57.59951
4127877812.500001,-57.6691
4127878750.000001,-57.69641
4127879687.500001,-57.68241
4127880625.000001,-57.7306
4127881562.500001,-57.68167
4127882500.000001,-57.78344
4127883437.500001,-57.7688
4127884375.000001,-57.70492
4127885312.500001,-57.62373
4127886250.000001,-57.67443
4127887187.500001,-57.74915
4127888125.000001,-57.71055
4127889062.500001,-57.70151
4127890000.000001,-57.70975
4127890937.500001,-57.61004
4127891875.000001,-57.86596
4127892812.500001,-57.69479
4127893750.000001,-57.73294
4127894687.500001,-57.70795
4127895625.000001,-57.63338
4127896562.500001,-57.59969
4127897500.000001,-57.70738
4127898437.500001,-57.77964
4127899375.000001,-57.69492
4127900312.500001,-57.70974
4127901250.000001,-57.68834
4127902187.500001,-57.84343
4127903125.000001,-57.62537
4127904062.500001,-57.80413
4127905000.000001,-57.77325
4127905937.500001,-57.66949
4127906875.000001,-57.75902
4127907812.500001,-57.80423
4127908750.000001,-57.65838
4127909687.500001,-57.77436
4127910625.000001,-57.67616
4127911562.500001,-57.77065
4127912500.000001,-57.76937
4127913437.500001,-57.7934
4127914375.000001,-57.59921
4127915312.500001,-57.83952
4127916250.000001,-57.71396
4127917187.500001,-57.73204
4127918125.000001,-57.84053
4127919062.500001,-57.72792
4127920000.000001,-57.64237
4127920937.500001,-57.67041
4127921875.000001,-57.73561
4127922812.500001,-57.85571
4127923750.000001,-57.7568
4127924687.500001,-57.73166
4127925625.000001,-57.77262
4127926562.500001,-57.80936
4127927500.000001,-57.80309
4127928437.500001,-57.83862
4127929375.000001,-57.71373
4127930312.500001,-57.92591
4127931250.000001,-57.78305
4127932187.500001,-57.86729
4127933125.000001,-57.72516
4127934062.500001,-57.79107
4127935000.000001,-57.68308
4127935937.500001,-57.85379
4127936875.000001,-57.70186
4127937812.500001,-57.74091
4127938750.000001,-57.87229
4127939687.500001,-57.70311
4127940625.000001,-57.8183
4127941562.500001,-57.93351
4127942500.000001,-57.8451
4127943437.500001,-57.79144
4127944375.000001,-57.79605
4127945312.500001,-57.8007
4127946250.000001,-57.7924
4127947187.500001,-57.64795
4127948125.000001,-57.93095
4127949062.500001,-57.77072
4127950000.000001,-57.81256
4127950937.500001,-57.82061
4127951875.000001,-57.71943
4127952812.500001,-57.78141
4127953750.000001,-57.77483
4127954687.500001,-57.90184
4127955625.000001,-57.94214
4127956562.500001,-57.74282
4127957500.000001,-57.89933
4127958437.500001,-57.87974
4127959375.000001,-57.87422
4127960312.500001,-57.82658
4127961250.000001,-57.79052
4127962187.500001,-57.87704
4127963125.000001,-57.81791
4127964062.500001,-57.67006
4127965000.000001,-57.95611
4127965937.500001,-57.98037
4127966875.000001,-57.80746
4127967812.500001,-57.75951
4127968750.000001,-57.94163
4127969687.500001,-57.8012
4127970625.000001,-57.72191
4127971562.500001,-57.75375
4127972500.000001,-57.98684
4127973437.500001,-57.89631
4127974375.000001,-57.95371
4127975312.500001,-57.89745
4127976250.000001,-57.93475
4127977187.500001,-57.9423
4127978125.000001,-57.81932
4127979062.500001,-57.91848
4127980000.000001,-57.78806
4127980937.500001,-57.85882
4127981875.000001,-57.75771
4127982812.500001,-57.85599
4127983750.000001,-57.82433
4127984687.500001,-57.92484
4127985625.000001,-57.80287
4127986562.500001,-57.87952
4127987500.000001,-57.86432
4127988437.500001,-58.03573
4127989375.000001,-57.96141
4127990312.500001,-57.86766
4127991250.000001,-57.79012
4127992187.500001,-57.88499
4127993125.000001,-57.80012
4127994062.500001,-57.92487
4127995000.000001,-57.88916
4127995937.500001,-57.83376
4127996875.000001,-57.79256
4127997812.500001,-57.8185
4127998750.000001,-57.89676
4127999687.500001,-57.8037
4128000625.000001,-57.89672
4128001562.500001,-57.9311
4128002500.000001,-57.87101
4128003437.500001,-58.00312
4128004375.000001,-57.89694
4128005312.500001,-57.89113
4128006250.000001,-57.95387
4128007187.500001,-57.95292
4128008125.000001,-57.91122
4128009062.500001,-57.84394
4128010000.000001,-57.89403
4128010937.500001,-57.97842
4128011875.000001,-58.00758
4128012812.500001,-57.89869
4128013750.000001,-57.94551
4128014687.500001,-58.00963
4128015625.000001,-57.94099
4128016562.500001,-58.06858
4128017500.000001,-58.01846
4128018437.500001,-57.99717
4128019375.000001,-57.86822
4128020312.500001,-57.82798
4128021250.000001,-57.99653
4128022187.500001,-58.00468
4128023125.000001,-57.92332
4128024062.500001,-57.91942
4128025000.000001,-58.01197
4128025937.500001,-57.93244
4128026875.000001,-57.96104
4128027812.500001,-57.99091
4128028750.000001,-58.04784
4128029687.500001,-58.01485
4128030625.000001,-58.10869
4128031562.500001,-57.98942
4128032500.000001,-58.00702
4128033437.500001,-57.92187
4128034375.000001,-58.05622
4128035312.500001,-57.98032
4128036250.000001,-58.0926
4128037187.500001,-57.87512
4128038125.000001,-57.89956
4128039062.500001,-57.97107
4128040000.000001,-58.06413
4128040937.500001,-58.06231
4128041875.000001,-57.97667
4128042812.500001,-57.93448
4128043750.000001,-57.95828
4128044687.500001,-57.98437
4128045625.000001,-58.00283
4128046562.500001,-58.0556
4128047500.000001,-57.94524
4128048437.500001,-58.03036
4128049375.000001,-58.01282
4128050312.500001,-57.94667
4128051250.000001,-58.00328
4128052187.500001,-57.97009
4128053125.000001,-58.04143
4128054062.500001,-58.08878
4128055000.000001,-57.89041
4128055937.500001,-58.00446
4128056875.000001,-58.20395
4128057812.500001,-58.16211
4128058750.000001,-57.91043
4128059687.500001,-57.95846
4128060625.000001,-57.89278
4128061562.500001,-58.1076
4128062500.000001,-57.99287
4128063437.500001,-58.10936
4128064375.000001,-58.03553
4128065312.500001,-57.98907
4128066250.000001,-57.92562
4128067187.500001,-58.12293
4128068125.000001,-57.9471
4128069062.500001,-57.99623
4128070000.000001,-58.07353
4128070937.500001,-58.07137
4128071875.000001,-57.99037
4128072812.500001,-58.04631
4128073750.000001,-58.24127
4128074687.500001,-58.14108
4128075625.000001,-58.11068
4128076562.500001,-57.95718
4128077500.000001,-58.0664
4128078437.500001,-57.99918
4128079375.000001,-58.12927
4128080312.500001,-58.03568
4128081250.000001,-58.07518
4128082187.500001,-58.14666
4128083125.000001,-58.16054
4128084062.500001,-58.07445
4128085000.000001,-58.04527
4128085937.500001,-58.02769
4128086875.000001,-58.06245
4128087812.500001,-58.10424
4128088750.000001,-58.01886
4128089687.500001,-58.1392
4128090625.000001,-58.10281
4128091562.500001,-58.04187
4128092500.000001,-58.1837
4128093437.500001,-58.03
4128094375.000001,-58.23784
4128095312.500001,-58.078
4128096250.000001,-58.02634
4128097187.500001,-58.0261
4128098125.000001,-57.93435
4128099062.500001,-58.11777
4128100000.000001,-58.16841
4128100937.500001,-58.0549
4128101875.000001,-57.98773
4128102812.500001,-58.04035
4128103750.000001,-58.08394
4128104687.500001,-58.10348
4128105625.000001,-58.01966
4128106562.500001,-58.14513
4128107500.000001,-58.06212
4128108437.500001,-58.07167
4128109375.000001,-58.14354
4128110312.500001,-58.15688
4128111250.000001,-57.93419
4128112187.500001,-58.19003
4128113125.000001,-58.12575
4128114062.500001,-58.22017
4128115000.000001,-58.13649
4128115937.500001,-58.1695
4128116875.000001,-58.18103
4128117812.500001,-58.10006
4128118750.000001,-58.07172
4128119687.500001,-58.1425
4128120625.000001,-58.10315
4128121562.500001,-58.19347
4128122500.000001,-58.08915
4128123437.500001,-58.33857
4128124375.000001,-58.11796
4128125312.500001,-58.08817
4128126250.000001,-58.21647
4128127187.500001,-58.13792
4128128125.000001,-58.24679
4128129062.500001,-58.03502
4128130000.000001,-58.2574
4128130937.500001,-58.22122
4128131875.000001,-58.12551
4128132812.500001,-58.18176
4128133750.000001,-58.01468
4128134687.500001,-58.1956
4128135625.000001,-58.3439
4128136562.500001,-58.02
4128137500.000001,-58.1835
4128138437.500001,-58.1174
4128139375.000001,-58.16
4128140312.500001,-58.09286
4128141250.000001,-58.19897
4128142187.500001,-58.17192
4128143125.000001,-58.17611
4128144062.500001,-58.15144
4128145000.000001,-58.14426
4128145937.500001,-58.25037
4128146875.000001,-58.08243
4128147812.500001,-58.12941
4128148750.000001,-58.35616
4128149687.500001,-58.22656
4128150625.000001,-58.14832
4128151562.500001,-58.13124
4128152500.000001,-58.21657
4128153437.500001,-58.20079
4128154375.000001,-58.32097
4128155312.500001,-58.26019
4128156250.000001,-58.23298
4128157187.500001,-58.09842
4128158125.000001,-58.09631
4128159062.500001,-58.23768
4128160000.000001,-58.18194
4128160937.500001,-58.15008
4128161875.000001,-58.23572
4128162812.500001,-58.17011
4128163750.000001,-58.15333
4128164687.500001,-58.17791
4128165625.000001,-58.13589
4128166562.500001,-58.23774
4128167500.000001,-58.37749
4128168437.500001,-58.32326
4128169375.000001,-58.2114
4128170312.500001,-58.26017
4128171250.000001,-58.35262
4128172187.500001,-58.27728
4128173125.000001,-58.19025
4128174062.500001,-58.1746
4128175000.000001,-58.30482
4128175937.500001,-58.1409
4128176875.000001,-58.17377
4128177812.500001,-58.27496
4128178750.000001,-58.19933
4128179687.500001,-58.28784
4128180625.000001,-58.2925
4128181562.500001,-58.20329
4128182500.000001,-58.22625
4128183437.500001,-58.25204
4128184375.000001,-58.27902
4128185312.500001,-58.2284
4128186250.000001,-58.21323
4128187187.500001,-58.31913
4128188125.000001,-58.18475
4128189062.500001,-58.25524
4128190000.000001,-58.27639
4128190937.500001,-58.22078
4128191875.000001,-58.28273
4128192812.500001,-58.33918
4128193750.000001,-58.34475
4128194687.500001,-58.14785
4128195625.000001,-58.34111
4128196562.500001,-58.23041
4128197500.000001,-58.31355
4128198437.500001,-58.23763
4128199375.000001,-58.24067
4128200312.500001,-58.24422
4128201250.000001,-58.23723
4128202187.500001,-58.28423
4128203125.000001,-58.23109
4128204062.500001,-58.2393
4128205000.000001,-58.39954
4128205937.500001,-58.2817
4128206875.000001,-58.2402
4128207812.500001,-58.22331
4128208750.000001,-58.28749
4128209687.500001,-58.08927
4128210625.000001,-58.22961
4128211562.500001,-58.41084
4128212500.000001,-58.27798
4128213437.500001,-58.26691
4128214375.000001,-58.35878
4128215312.500001,-58.27027
4128216250.000001,-58.26742
4128217187.500001,-58.35266
4128218125.000001,-58.30461
4128219062.500001,-58.32425
4128220000.000001,-58.25673
4128220937.500001,-58.43177
4128221875.000001,-58.31022
4128222812.500001,-58.29246
4128223750.000001,-58.30511
4128224687.500001,-58.33886
4128225625.000001,-58.34302
4128226562.500001,-58.2071
4128227500.000001,-58.39281
4128228437.500001,-58.28453
4128229375.000001,-58.4445
4128230312.500001,-58.42485
4128231250.000001,-58.33599
4128232187.500001,-58.39518
4128233125.000001,-58.35768
4128234062.500001,-58.27111
4128235000.000001,-58.46475
4128235937.500001,-58.23337
4128236875.000001,-58.26367
4128237812.500001,-58.39148
4128238750.000001,-58.43062
4128239687.500001,-58.266
4128240625.000001,-58.34939
4128241562.500001,-58.22638
4128242500.000001,-58.438
4128243437.500001,-58.37316
4128244375.000001,-58.28154
4128245312.500001,-58.31055
4128246250.000001,-58.35266
4128247187.500001,-58.36604
4128248125.000001,-58.51479
4128249062.500001,-58.31154
4128250000.000001,-58.40653
4128250937.500001,-58.48251
4128251875.000001,-58.38739
4128252812.500001,-58.38112
4128253750.000001,-58.32734
4128254687.500001,-58.44553
4128255625.000001,-58.33007
4128256562.500001,-58.48129
4128257500.000001,-58.50203
4128258437.500001,-58.34211
4128259375.000001,-58.36752
4128260312.500001,-58.33821
4128261250.000001,-58.37125
4128262187.500001,-58.50301
4128263125.000001,-58.16885
4128264062.500001,-58.38215
4128265000.000001,-58.53605
4128265937.500001,-58.40436
4128266875.000001,-58.4311
4128267812.500001,-58.36961
4128268750.000001,-58.3954
4128269687.500001,-58.35683
4128270625.000001,-58.36237
4128271562.500001,-58.45462
4128272500.000001,-58.46623
4128273437.500001,-58.37931
4128274375.000001,-58.42604
4128275312.500001,-58.38339
4128276250.000001,-58.49179
4128277187.500001,-58.40787
4128278125.000001,-58.49128
4128279062.500001,-58.55498
4128280000.000001,-58.39958
4128280937.500001,-58.44017
4128281875.000001,-58.38387
4128282812.500001,-58.41191
4128283750.000001,-58.51393
4128284687.500001,-58.35638
4128285625.000001,-58.49646
4128286562.500001,-58.37311
4128287500.000001,-58.4964
4128288437.500001,-58.37492
4128289375.000001,-58.47096
4128290312.500001,-58.52442
4128291250.000001,-58.52836
4128292187.500001,-58.53226
4128293125.000001,-58.35018
4128294062.500001,-58.37576
4128295000.000001,-58.52214
4128295937.500001,-58.65159
4128296875.000001,-58.45868
4128297812.500001,-58.45166
4128298750.000001,-58.4367
4128299687.500001,-58.29272
4128300625.000001,-58.53185
4128301562.500001,-58.49768
4128302500.000001,-58.48808
4128303437.500001,-58.50948
4128304375.000001,-58.21187
4128305312.500001,-58.36568
4128306250.000001,-58.45893
4128307187.500001,-58.50756
4128308125.000001,-58.37174
4128309062.500001,-58.50503
4128310000.000001,-58.49866
4128310937.500001,-58.3516
4128311875.000001,-58.48969
4128312812.500001,-58.39519
4128313750.000001,-58.45988
4128314687.500001,-58.53565
4128315625.000001,-58.50217
4128316562.500001,-58.60373
4128317500.000001,-58.59018
4128318437.500001,-58.57424
4128319375.000001,-58.43621
4128320312.500001,-58.54249
4128321250.000001,-58.65263
4128322187.500001,-58.48953
4128323125.000001,-58.51654
4128324062.500001,-58.42282
4128325000.000001,-58.41668
4128325937.500001,-58.48564
4128326875.000001,-58.50243
4128327812.500001,-58.39244
4128328750.000001,-58.45007
4128329687.500001,-58.41404
4128330625.000001,-58.37044
4128331562.500001,-58.4781
4128332500.000001,-58.4698
4128333437.500001,-58.5318
4128334375.000001,-58.45398
4128335312.500001,-58.51154
4128336250.000001,-58.65702
4128337187.500001,-58.62877
4128338125.000001,-58.48326
4128339062.500001,-58.56097
4128340000.000001,-58.55629
4128340937.500001,-58.44556
4128341875.000001,-58.47681
4128342812.500001,-58.67866
4128343750.000001,-58.5542
4128344687.500001,-58.6079
4128345625.000001,-58.59095
4128346562.500001,-58.58599
4128347500.000001,-58.44728
4128348437.500001,-58.61885
4128349375.000001,-58.55237
4128350312.500001,-58.67782
4128351250.000001,-58.63079
4128352187.500001,-58.54942
4128353125.000001,-58.5113
4128354062.500001,-58.52404
4128355000.000001,-58.52359
4128355937.500001,-58.42588
4128356875.000001,-58.64718
4128357812.500001,-58.42102
4128358750.000001,-58.51579
4128359687.500001,-58.5507
4128360625.000001,-58.51523
4128361562.500001,-58.4824
4128362500.000001,-58.58121
4128363437.500001,-58.49978
4128364375.000001,-58.54865
4128365312.500001,-58.53242
4128366250.000001,-58.62078
4128367187.500001,-58.59626
4128368125.000001,-58.59305
4128369062.500001,-58.56394
4128370000.000001,-58.46333
4128370937.500001,-58.53344
4128371875.000001,-58.53393
4128372812.500001,-58.58436
4128373750.000001,-58.49091
4128374687.500001,-58.61306
4128375625.000001,-58.66386
4128376562.500001,-58.42917
4128377500.000001,-58.49676
4128378437.500001,-58.63585
4128379375.000001,-58.6604
4128380312.500001,-58.80181
4128381250.000001,-58.64022
4128382187.500001,-58.62228
4128383125.000001,-58.60302
4128384062.500001,-58.50809
4128385000.000001,-58.44585
4128385937.500001,-58.53778
4128386875.000001,-58.62367
4128387812.500001,-58.47085
4128388750.000001,-58.56958
4128389687.500001,-58.59042
4128390625.000001,-58.52616
4128391562.500001,-58.65437
4128392500.000001,-58.70715
4128393437.500001,-58.66471
4128394375.000001,-58.70871
4128395312.500001,-58.73415
4128396250.000001,-58.65363
4128397187.500001,-58.55792
4128398125.000001,-58.63381
4128399062.500001,-58.65012
4128400000.000001,-58.49337
4128400937.500001,-58.55032
4128401875.000001,-58.71145
4128402812.500001,-58.61524
4128403750.000001,-58.70237
4128404687.500001,-58.62128
4128405625.000001,-58.6394
4128406562.500001,-58.83184
4128407500.000001,-58.58208
4128408437.500001,-58.71028
4128409375.000001,-58.81507
4128410312.500001,-58.67495
4128411250.000001,-58.73443
4128412187.500001,-58.64574
4128413125.000001,-58.589
4128414062.500001,-58.71585
4128415000.000001,-58.68252
4128415937.500001,-58.66318
4128416875.000001,-58.62444
4128417812.500001,-58.56187
4128418750.000001,-58.63573
4128419687.500001,-58.58138
4128420625.000001,-58.68345
4128421562.500001,-58.62346
4128422500.000001,-58.64286
4128423437.500001,-58.68624
4128424375.000001,-58.56713
4128425312.500001,-58.83846
4128426250.000001,-58.59715
4128427187.500001,-58.74142
4128428125.000001,-58.70624
4128429062.500001,-58.84759
4128430000.000001,-58.61105
4128430937.500001,-58.79395
4128431875.000001,-58.72856
4128432812.500001,-58.75176
4128433750.000001,-58.66785
4128434687.500001,-58.69481
4128435625.000001,-58.69564
4128436562.500001,-58.63553
4128437500.000001,-58.48829
4128438437.500001,-58.66949
4128439375.000001,-58.59776
4128440312.500001,-58.65382
4128441250.000001,-58.57639
4128442187.500001,-58.64265
4128443125.000001,-58.64334
4128444062.500001,-58.61888
4128445000.000001,-58.76131
4128445937.500001,-58.66846
4128446875.000001,-58.67895
4128447812.500001,-58.84661
4128448750.000001,-58.52132
4128449687.500001,-58.67724
4128450625.000001,-58.69049
4128451562.500001,-58.80837
4128452500.000001,-58.68244
4128453437.500001,-58.84936
4128454375.000001,-58.84261
4128455312.500001,-58.60506
4128456250.000001,-58.73558
4128457187.500001,-58.65946
4128458125.000001,-58.59076
4128459062.500001,-58.78735
4128460000.000001,-58.71593
4128460937.500001,-58.76281
4128461875.000001,-58.75843
4128462812.500001,-58.69688
4128463750.000001,-58.62288
4128464687.500001,-58.69213
4128465625.000001,-58.84296
4128466562.500001,-58.73447
4128467500.000001,-58.69427
4128468437.500001,-58.69926
4128469375.000001,-58.76849
4128470312.500001,-58.73694
4128471250.000001,-58.85145
4128472187.500001,-58.7641
4128473125.000001,-58.68615
4128474062.500001,-58.77842
4128475000.000001,-58.77461
4128475937.500001,-58.76057
4128476875.000001,-58.74432
4128477812.500001,-58.78511
4128478750.000001,-58.71601
4128479687.500001,-58.79293
4128480625.000001,-58.7448
4128481562.500001,-58.65044
4128482500.000001,-58.65837
4128483437.500001,-58.77635
4128484375.000001,-58.82396
4128485312.500001,-58.81802
4128486250.000001,-58.79726
4128487187.500001,-58.64132
4128488125.000001,-58.62971
4128489062.500001,-58.82608
4128490000.000001,-58.83645
4128490937.500001,-58.66306
4128491875.000001,-58.84647
4128492812.500001,-58.84901
4128493750.000001,-58.81117
4128494687.500001,-58.68594
4128495625.000001,-58.92028
4128496562.500001,-58.78579
4128497500.000001,-58.68004
4128498437.500001,-58.85528
4128499375.000001,-58.69901
4128500312.500001,-59.01226
4128501250.000001,-58.84766
4128502187.500001,-58.7184
4128503125.000001,-58.81422
4128504062.500001,-58.89874
4128505000.000001,-58.79711
4128505937.500001,-58.60683
4128506875.000001,-59.02122
4128507812.500001,-58.64193
4128508750.000001,-58.89685
4128509687.500001,-58.87672
4128510625.000001,-58.79086
4128511562.500001,-58.82843
4128512500.000001,-58.739
4128513437.500001,-58.8883
4128514375.000001,-58.77575
4128515312.500001,-58.70361
4128516250.000001,-58.81415
4128517187.500001,-58.97429
4128518125.000001,-58.64124
4128519062.500001,-58.76547
4128520000.000001,-58.88796
4128520937.500001,-58.86045
4128521875.000001,-58.73132
4128522812.500001,-58.89114
4128523750.000001,-58.82578
4128524687.500001,-58.8279
4128525625.000001,-59.00406
4128526562.500001,-58.72442
4128527500.000001,-58.80869
4128528437.500001,-58.78192
4128529375.000001,-58.97521
4128530312.500001,-58.85115
4128531250.000001,-58.81105
4128532187.500001,-58.73944
4128533125.000001,-58.70255
4128534062.500001,-58.84319
4128535000.000001,-58.86795
4128535937.500001,-58.76729
4128536875.000001,-58.87174
4128537812.500001,-58.80265
4128538750.000001,-58.94492
4128539687.500001,-58.80909
4128540625.000001,-58.75933
4128541562.500001,-59.18047
4128542500.000001,-58.73199
4128543437.500001,-58.91055
4128544375.000001,-58.88716
4128545312.500001,-58.94863
4128546250.000001,-58.89208
4128547187.500001,-58.90645
4128548125.000001,-58.94902
4128549062.500001,-58.89314
4128550000.000001,-58.7468
4128550937.500001,-58.89053
4128551875.000001,-58.95668
4128552812.500001,-58.79874
4128553750.000001,-58.96356
4128554687.500001,-58.82948
4128555625.000001,-58.92588
4128556562.500001,-58.89129
4128557500.000001,-58.83358
4128558437.500001,-59.01991
4128559375.000001,-58.79578
4128560312.500001,-58.95882
4128561250.000001,-58.82495
4128562187.500001,-58.77794
4128563125.000001,-58.8118
4128564062.500001,-58.88401
4128565000.000001,-58.88446
4128565937.500001,-58.91259
4128566875.000001,-58.97687
4128567812.500001,-59.0035
4128568750.000001,-58.96378
4128569687.500001,-58.89483
4128570625.000001,-59.01861
4128571562.500001,-58.96999
4128572500.000001,-58.83478
4128573437.500001,-58.89021
4128574375.000001,-58.90898
4128575312.500001,-58.87708
4128576250.000001,-58.98099
4128577187.500001,-59.03253
4128578125.000001,-58.95164
4128579062.500001,-59.02311
4128580000.000001,-58.81575
4128580937.500001,-59.10269
4128581875.000001,-58.73366
4128582812.500001,-58.90473
4128583750.000001,-58.8875
4128584687.500001,-59.02603
4128585625.000001,-58.86848
4128586562.500001,-59.03992
4128587500.000001,-58.98743
4128588437.500001,-59.14123
4128589375.000001,-58.81162
4128590312.500001,-59.00227
4128591250.000001,-58.82414
4128592187.500001,-59.05887
4128593125.000001,-58.99234
4128594062.500001,-59.00298
4128595000.000001,-58.88525
4128595937.500001,-58.93534
4128596875.000001,-58.93802
4128597812.500001,-58.93475
4128598750.000001,-58.8548
4128599687.500001,-58.96199
4128600625.000001,-59.00474
4128601562.500001,-58.91633
4128602500.000001,-58.8978
4128603437.500001,-59.0565
4128604375.000001,-59.0451
4128605312.500001,-59.04113
4128606250.000001,-59.03703
4128607187.500001,-58.97055
4128608125.000001,-58.89997
4128609062.500001,-58.86735
4128610000.000001,-58.98698
4128610937.500001,-58.99242
4128611875.000001,-58.90776
4128612812.500001,-58.87633
4128613750.000001,-58.96655
4128614687.500001,-58.86769
4128615625.000001,-59.23198
4128616562.500001,-58.8327
4128617500.000001,-59.03382
4128618437.500001,-58.88498
4128619375.000001,-59.0134
4128620312.500001,-58.9215
4128621250.000001,-59.03268
4128622187.500001,-59.07419
4128623125.000001,-59.07206
4128624062.500001,-59.01518
4128625000.000001,-59.07333
4128625937.500001,-58.96892
4128626875.000001,-59.16738
4128627812.500001,-59.00785
4128628750.000001,-58.8724
4128629687.500001,-59.00769
4128630625.000001,-59.04343
4128631562.500001,-58.98406
4128632500.000001,-58.96236
4128633437.500001,-59.13688
4128634375.000001,-58.99801
4128635312.500001,-59.03196
4128636250.000001,-59.06152
4128637187.500001,-59.08973
4128638125.000001,-58.9771
4128639062.500001,-58.96891
4128640000.000001,-59.00499
4128640937.500001,-59.09294
4128641875.000001,-58.94595
4128642812.500001,-59.16516
4128643750.000001,-58.86414
4128644687.500001,-59.14986
4128645625.000001,-59.13181
4128646562.500001,-58.99971
4128647500.000001,-59.0498
4128648437.500001,-59.00697
4128649375.000001,-59.12668
4128650312.500001,-59.0265
4128651250.000001,-59.05754
4128652187.500001,-58.9657
4128653125.000001,-59.23243
4128654062.500001,-59.07959
4128655000.000001,-59.07949
4128655937.500001,-59.12097
4128656875.000001,-58.98135
4128657812.500001,-59.21662
4128658750.000001,-58.9717
4128659687.500001,-59.09021
4128660625.000001,-59.06206
4128661562.500001,-58.92803
4128662500.000001,-59.10424
4128663437.500001,-59.12995
4128664375.000001,-59.15777
4128665312.500001,-59.08456
4128666250.000001,-58.86094
4128667187.500001,-59.10209
4128668125.000001,-59.23065
4128669062.500001,-58.94319
4128670000.000001,-59.07185
4128670937.500001,-59.19407
4128671875.000001,-59.01704
4128672812.500001,-59.03178
4128673750.000001,-58.94973
4128674687.500001,-59.00539
4128675625.000001,-59.13411
4128676562.500001,-59.09055
4128677500.000001,-59.12718
4128678437.500001,-58.98149
4128679375.000001,-58.94207
4128680312.500001,-59.22075
4128681250.000001,-59.16269
4128682187.500001,-59.02496
4128683125.000001,-59.03922
4128684062.500001,-59.08735
4128685000.000001,-59.13856
4128685937.500001,-59.19467
4128686875.000001,-59.16857
4128687812.500001,-59.1192
4128688750.000001,-59.02048
4128689687.500001,-59.18748
4128690625.000001,-59.13911
4128691562.500001,-58.97423
4128692500.000001,-59.09357
4128693437.500001,-59.04013
4128694375.000001,-59.13195
4128695312.500001,-59.01995
4128696250.000001,-59.15749
4128697187.500001,-59.0776
4128698125.000001,-59.09441
4128699062.500001,-59.26234
4128700000.000001,-59.03812
4128700937.500001,-59.17438
4128701875.000001,-59.16735
4128702812.500001,-59.25474
4128703750.000001,-59.16595
4128704687.500001,-59.23302
4128705625.000001,-58.99632
4128706562.500001,-59.07764
4128707500.000001,-59.08036
4128708437.500001,-59.19092
4128709375.000001,-59.15092
4128710312.500001,-59.07204
4128711250.000001,-59.0711
4128712187.500001,-59.19307
4128713125.000001,-59.21807
4128714062.500001,-59.11061
4128715000.000001,-59.23465
4128715937.500001,-59.18926
4128716875.000001,-59.21337
4128717812.500001,-59.20679
4128718750.000001,-59.11694
4128719687.500001,-59.18447
4128720625.000001,-59.11729
4128721562.500001,-59.06466
4128722500.000001,-59.28247
4128723437.500001,-59.16439
4128724375.000001,-59.12759
4128725312.500001,-59.19566
4128726250.000001,-59.28426
4128727187.500001,-59.36967
4128728125.000001,-59.14857
4128729062.500001,-59.30857
4128730000.000001,-59.1706
4128730937.500001,-59.16948
4128731875.000001,-59.02138
4128732812.500001,-59.33747
4128733750.000001,-59.27707
4128734687.500001,-59.21711
4128735625.000001,-59.18127
4128736562.500001,-59.29139
4128737500.000001,-59.10312
4128738437.500001,-59.21008
4128739375.000001,-59.16638
4128740312.500001,-59.13506
4128741250.000001,-59.21212
4128742187.500001,-59.09331
4128743125.000001,-59.25016
4128744062.500001,-59.25669
4128745000.000001,-59.21858
4128745937.500001,-59.21675
4128746875.000001,-59.13745
4128747812.500001,-59.14093
4128748750.000001,-59.20373
4128749687.500001,-59.19587
4128750625.000001,-59.14371
4128751562.500001,-59.14714
4128752500.000001,-59.12897
4128753437.500001,-59.18597
4128754375.000001,-59.22869
4128755312.500001,-59.19518
4128756250.000001,-59.1465
4128757187.500001,-59.27772
4128758125.000001,-59.30899
4128759062.500001,-59.31935
4128760000.000001,-59.28299
4128760937.500001,-59.27119
4128761875.000001,-59.26054
4128762812.500001,-59.24881
4128763750.000001,-59.42103
4128764687.500001,-59.28375
4128765625.000001,-59.34405
4128766562.500001,-59.25951
4128767500.000001,-59.32056
4128768437.500001,-59.17155
4128769375.000001,-59.37955
4128770312.500001,-59.33721
4128771250.000001,-59.21352
4128772187.500001,-59.11773
4128773125.000001,-59.2509
4128774062.500001,-59.2079
4128775000.000001,-59.14031
4128775937.500001,-59.27282
4128776875.000001,-59.19627
4128777812.500001,-59.17807
4128778750.000001,-59.25626
4128779687.500001,-59.31115
4128780625.000001,-59.23852
4128781562.500001,-59.2656
4128782500.000001,-59.13714
4128783437.500001,-59.16011
4128784375.000001,-59.26144
4128785312.500001,-59.25815
4128786250.000001,-59.31516
4128787187.500001,-59.37088
4128788125.000001,-59.19315
4128789062.500001,-59.3272
4128790000.000001,-59.3191
4128790937.500001,-59.3061
4128791875.000001,-59.33405
4128792812.500001,-59.15348
4128793750.000001,-59.2028
4128794687.500001,-59.33003
4128795625.000001,-59.31915
4128796562.500001,-59.39002
4128797500.000001,-59.10851
4128798437.500001,-59.43219
4128799375.000001,-59.16735
4128800312.500001,-59.27045
4128801250.000001,-59.34293
4128802187.500001,-59.30347
4128803125.000001,-59.33044
4128804062.500001,-59.28205
4128805000.000001,-59.2301
4128805937.500001,-59.18856
4128806875.000001,-59.27249
4128807812.500001,-59.22009
4128808750.000001,-59.39568
4128809687.500001,-59.28785
4128810625.000001,-59.35349
4128811562.500001,-59.27417
4128812500.000001,-59.29365
4128813437.500001,-59.24122
4128814375.000001,-59.3582
4128815312.500001,-59.18962
4128816250.000001,-59.27142
4128817187.500001,-59.30327
4128818125.000001,-59.21569
4128819062.500001,-59.35693
4128820000.000001,-59.28417
4128820937.500001,-59.32085
4128821875.000001,-59.3378
4128822812.500001,-59.32145
4128823750.000001,-59.32868
4128824687.500001,-59.33796
4128825625.000001,-59.29871
4128826562.500001,-59.42204
4128827500.000001,-59.31443
4128828437.500001,-59.32097
4128829375.000001,-59.23424
4128830312.500001,-59.19221
4128831250.000001,-59.34123
4128832187.500001,-59.37465
4128833125.000001,-59.36835
4128834062.500001,-59.4178
4128835000.000001,-59.42374
4128835937.500001,-59.17539
4128836875.000001,-59.33415
4128837812.500001,-59.47395
4128838750.000001,-59.45426
4128839687.500001,-59.43501
4128840625.000001,-59.34597
4128841562.500001,-59.4361
4128842500.000001,-59.31224
4128843437.500001,-59.4012
4128844375.000001,-59.42239
4128845312.500001,-59.25416
4128846250.000001,-59.26724
4128847187.500001,-59.35197
4128848125.000001,-59.36457
4128849062.500001,-59.42874
4128850000.000001,-59.26805
4128850937.500001,-59.37636
4128851875.000001,-59.33078
4128852812.500001,-59.23238
4128853750.000001,-59.30397
4128854687.500001,-59.43303
4128855625.000001,-59.42599
4128856562.500001,-59.30609
4128857500.000001,-59.40482
4128858437.500001,-59.37992
4128859375.000001,-59.41775
4128860312.500001,-59.47823
4128861250.000001,-59.30912
4128862187.500001,-59.24833
4128863125.000001,-59.3781
4128864062.500001,-59.43693
4128865000.000001,-59.33428
4128865937.500001,-59.4905
4128866875.000001,-59.34428
4128867812.500001,-59.35051
4128868750.000001,-59.42047
4128869687.500001,-59.34707
4128870625.000001,-59.37663
4128871562.500001,-59.48598
4128872500.000001,-59.49916
4128873437.500001,-59.48553
4128874375.000001,-59.40612
4128875312.500001,-59.56507
4128876250.000001,-59.39582
4128877187.500001,-59.50761
4128878125.000001,-59.55224
4128879062.500001,-59.31543
4128880000.000001,-59.50987
4128880937.500001,-59.56139
4128881875.000001,-59.34998
4128882812.500001,-59.33678
4128883750.000001,-59.5364
4128884687.500001,-59.32841
4128885625.000001,-59.49017
4128886562.500001,-59.4429
4128887500.000001,-59.46471
4128888437.500001,-59.53067
4128889375.000001,-59.27697
4128890312.500001,-59.33666
4128891250.000001,-59.31527
4128892187.500001,-59.25335
4128893125.000001,-59.40408
4128894062.500001,-59.39529
4128895000.000001,-59.46476
4128895937.500001,-59.55269
4128896875.000001,-59.42894
4128897812.500001,-59.51303
4128898750.000001,-59.17411
4128899687.500001,-59.48835
4128900625.000001,-59.5948
4128901562.500001,-59.59898
4128902500.000001,-59.39757
4128903437.500001,-59.64239
4128904375.000001,-59.59104
4128905312.500001,-59.32329
4128906250.000001,-59.406
4128907187.500001,-59.43236
4128908125.000001,-59.33534
4128909062.500001,-59.40744
4128910000.000001,-59.4134
4128910937.500001,-59.33027
4128911875.000001,-59.48073
4128912812.500001,-59.52152
4128913750.000001,-59.56223
4128914687.500001,-59.58309
4128915625.000001,-59.28191
4128916562.500001,-59.43847
4128917500.000001,-59.55061
4128918437.500001,-59.52803
4128919375.000001,-59.39542
4128920312.500001,-59.54652
4128921250.000001,-59.40521
4128922187.500001,-59.35951
4128923125.000001,-59.57788
4128924062.500001,-59.49565
4128925000.000001,-59.6307
4128925937.500001,-59.42451
4128926875.000001,-59.44194
4128927812.500001,-59.51421
4128928750.000001,-59.49759
4128929687.500001,-59.65163
4128930625.000001,-59.45169
4128931562.500001,-59.5961
4128932500.000001,-59.59956
4128933437.500001,-59.42579
4128934375.000001,-59.69849
4128935312.500001,-59.41895
4128936250.000001,-59.61624
4128937187.500001,-59.52914
4128938125.000001,-59.38919
4128939062.500001,-59.4382
4128940000.000001,-59.53957
4128940937.500001,-59.47418
4128941875.000001,-59.36919
4128942812.500001,-59.49516
4128943750.000001,-59.66603
4128944687.500001,-59.51968
4128945625.000001,-59.48404
4128946562.500001,-59.47279
4128947500.000001,-59.48542
4128948437.500001,-59.56515
4128949375.000001,-59.49905
4128950312.500001,-59.40473
4128951250.000001,-59.60529
4128952187.500001,-59.48056
4128953125.000001,-59.57677
4128954062.500001,-59.77541
4128955000.000001,-59.66492
4128955937.500001,-59.35077
4128956875.000001,-59.58948
4128957812.500001,-59.50735
4128958750.000001,-59.49894
4128959687.500001,-59.49548
4128960625.000001,-59.47575
4128961562.500001,-59.6576
4128962500.000001,-59.57113
4128963437.500001,-59.5702
4128964375.000001,-59.57327
4128965312.500001,-59.49418
4128966250.000001,-59.54411
4128967187.500001,-59.61076
4128968125.000001,-59.48007
4128969062.500001,-59.61095
4128970000.000001,-59.51215
4128970937.500001,-59.61737
4128971875.000001,-59.56391
4128972812.500001,-59.56972
4128973750.000001,-59.59097
4128974687.500001,-59.45747
4128975625.000001,-59.41811
4128976562.500001,-59.66552
4128977500.000001,-59.60926
4128978437.500001,-59.58174
4128979375.000001,-59.54583
4128980312.500001,-59.76989
4128981250.000001,-59.82345
4128982187.500001,-59.63936
4128983125.000001,-59.39889
4128984062.500001,-59.54105
4128985000.000001,-59.56316
4128985937.500001,-59.4347
4128986875.000001,-59.66242
4128987812.500001,-59.55994
4128988750.000001,-59.47695
4128989687.500001,-59.58513
4128990625.000001,-59.50923
4128991562.500001,-59.68656
4128992500.000001,-59.68734
4128993437.500001,-59.48147
4128994375.000001,-59.64235
4128995312.500001,-59.61816
4128996250.000001,-59.74065
4128997187.500001,-59.66872
4128998125.000001,-59.57606
4128999062.500001,-59.75281
4129000000.000001,-59.49743
4129000937.500001,-59.47301
4129001875.000001,-59.81001
4129002812.500001,-59.57735
4129003750.000001,-59.46599
4129004687.500001,-59.69882
4129005625.000001,-59.54879
4129006562.500001,-59.52716
4129007500.000001,-59.62204
4129008437.500001,-59.50267
4129009375.000001,-59.69782
4129010312.500001,-59.73738
4129011250.000001,-59.5281
4129012187.500001,-59.58058
4129013125.000001,-59.55919
4129014062.500001,-59.4931
4129015000.000001,-59.57322
4129015937.500001,-59.71062
4129016875.000001,-59.63426
4129017812.500001,-59.61247
4129018750.000001,-59.75933
4129019687.500001,-59.66928
4129020625.000001,-59.68716
4129021562.500001,-59.54486
4129022500.000001,-59.56683
4129023437.500001,-59.58258
4129024375.000001,-59.79129
4129025312.500001,-59.84156
4129026250.000001,-59.6324
4129027187.500001,-59.57522
4129028125.000001,-59.64345
4129029062.500001,-59.7719
4129030000.000001,-59.6799
4129030937.500001,-59.39337
4129031875.000001,-59.49007
4129032812.500001,-59.60729
4129033750.000001,-59.70319
4129034687.500001,-59.79992
4129035625.000001,-59.79318
4129036562.500001,-59.62556
4129037500.000001,-59.71601
4129038437.500001,-59.47654
4129039375.000001,-59.55836
4129040312.500001,-59.84361
4129041250.000001,-59.67455
4129042187.500001,-59.6033
4129043125.000001,-59.8382
4129044062.500001,-59.63578
4129045000.000001,-59.60001
4129045937.500001,-59.62348
4129046875.000001,-59.7564
4129047812.500001,-59.50645
4129048750.000001,-59.81353
4129049687.500001,-59.71289
4129050625.000001,-59.69774
4129051562.500001,-59.52136
4129052500.000001,-59.56048
4129053437.500001,-59.63388
4129054375.000001,-59.69885
4129055312.500001,-59.65081
4129056250.000001,-59.73483
4129057187.500001,-59.68937
4129058125.000001,-59.71814
4129059062.500001,-59.86192
4129060000.000001,-59.65718
4129060937.500001,-59.58301
4129061875.000001,-59.65504
4129062812.500001,-59.75595
4129063750.000001,-59.64272
4129064687.500001,-59.81386
4129065625.000001,-59.71689
4129066562.500001,-59.91724
4129067500.000001,-59.68098
4129068437.500001,-59.82169
4129069375.000001,-59.64918
4129070312.500001,-59.52039
4129071250.000001,-59.74118
4129072187.500001,-59.72356
4129073125.000001,-59.9343
4129074062.500001,-59.83075
4129075000.000001,-59.87284
4129075937.500001,-59.51842
4129076875.000001,-59.75577
4129077812.500001,-59.59378
4129078750.000001,-59.80646
4129079687.500001,-59.8247
4129080625.000001,-59.82567
4129081562.500001,-59.71655
4129082500.000001,-59.75491
4129083437.500001,-59.8015
4129084375.000001,-59.7561
4129085312.500001,-59.74368
4129086250.000001,-59.7163
4129087187.500001,-59.80515
4129088125.000001,-59.9216
4129089062.500001,-59.65181
4129090000.000001,-59.68195
4129090937.500001,-59.64273
4129091875.000001,-59.64253
4129092812.500001,-59.71548
4129093750.000001,-59.71556
4129094687.500001,-59.88307
4129095625.000001,-59.78593
4129096562.500001,-59.64955
4129097500.000001,-59.80624
4129098437.500001,-59.62364
4129099375.000001,-59.77562
4129100312.500001,-59.81655
4129101250.000001,-59.75762
4129102187.500001,-59.81996
4129103125.000001,-59.62513
4129104062.500001,-59.94051
4129105000.000001,-59.9
4129105937.500001,-59.71978
4129106875.000001,-59.72824
4129107812.500001,-59.74846
4129108750.000001,-59.64095
4129109687.500001,-59.6553
4129110625.000001,-59.68969
4129111562.500001,-59.71466
4129112500.000001,-59.8473
4129113437.500001,-59.8245
4129114375.000001,-59.8197
4129115312.500001,-59.82564
4129116250.000001,-59.77419
4129117187.500001,-59.72094
4129118125.000001,-59.9425
4129119062.500001,-59.87142
4129120000.000001,-59.76266
4129120937.500001,-59.61063
4129121875.000001,-59.8632
4129122812.500001,-59.74957
4129123750.000001,-59.72047
4129124687.500001,-60.00983
4129125625.000001,-59.70529
4129126562.500001,-59.7566
4129127500.000001,-59.81095
4129128437.500001,-59.84973
4129129375.000001,-59.90545
4129130312.500001,-59.87197
4129131250.000001,-59.74722
4129132187.500001,-59.89291
4129133125.000001,-59.88932
4129134062.500001,-59.79459
4129135000.000001,-59.88287
4129135937.500001,-59.72687
4129136875.000001,-59.75951
4129137812.500001,-59.80554
4129138750.000001,-59.73554
4129139687.500001,-59.79884
4129140625.000001,-59.77338
4129141562.500001,-59.73584
4129142500.000001,-59.93518
4129143437.500001,-59.89231
4129144375.000001,-59.80112
4129145312.500001,-59.74295
4129146250.000001,-59.88427
4129147187.500001,-59.82907
4129148125.000001,-59.85184
4129149062.500001,-59.79836
4129150000.000001,-59.63443
4129150937.500001,-59.71899
4129151875.000001,-59.79914
4129152812.500001,-59.84456
4129153750.000001,-59.80945
4129154687.500001,-59.87785
4129155625.000001,-59.94812
4129156562.500001,-59.83933
4129157500.000001,-59.66289
4129158437.500001,-59.89265
4129159375.000001,-59.94493
4129160312.500001,-59.76094
4129161250.000001,-59.84349
4129162187.500001,-59.92838
4129163125.000001,-59.66906
4129164062.500001,-59.79436
4129165000.000001,-59.85712
4129165937.500001,-59.97236
4129166875.000001,-59.8438
4129167812.500001,-59.88209
4129168750.000001,-59.91132
4129169687.500001,-59.73307
4129170625.000001,-59.85984
4129171562.500001,-59.86695
4129172500.000001,-59.98307
4129173437.500001,-59.9367
4129174375.000001,-59.83154
4129175312.500001,-59.78814
4129176250.000001,-60.19183
4129177187.500001,-59.88741
4129178125.000001,-59.88839
4129179062.500001,-59.90097
4129180000.000001,-59.88779
4129180937.500001,-60.00801
4129181875.000001,-60.02727
4129182812.500001,-59.85204
4129183750.000001,-59.94496
4129184687.500001,-59.93288
4129185625.000001,-59.82509
4129186562.500001,-60.04091
4129187500.000001,-59.6619
4129188437.500001,-59.82374
4129189375.000001,-59.92687
4129190312.500001,-59.93734
4129191250.000001,-59.70144
4129192187.500001,-60.10787
4129193125.000001,-59.80762
4129194062.500001,-59.97554
4129195000.000001,-59.96259
4129195937.500001,-60.02832
4129196875.000001,-60.05205
4129197812.500001,-59.81437
4129198750.000001,-59.90046
4129199687.500001,-59.75917
4129200625.000001,-59.90561
4129201562.500001,-59.93624
4129202500.000001,-59.83822
4129203437.500001,-59.99855
4129204375.000001,-60.03109
4129205312.500001,-59.8692
4129206250.000001,-59.71747
4129207187.500001,-59.71502
4129208125.000001,-59.907
4129209062.500001,-60.0235
4129210000.000001,-59.90599
4129210937.500001,-60.01712
4129211875.000001,-59.84487
4129212812.500001,-59.85434
4129213750.000001,-59.9961
4129214687.500001,-59.84324
4129215625.000001,-59.76982
4129216562.500001,-60.00388
4129217500.000001,-59.97989
4129218437.500001,-60.02439
4129219375.000001,-60.00504
4129220312.500001,-59.84219
4129221250.000001,-59.81889
4129222187.500001,-59.97004
4129223125.000001,-59.88223
4129224062.500001,-59.79023
4129225000.000001,-60.04905
4129225937.500001,-59.88921
4129226875.000001,-59.90297
4129227812.500001,-59.86839
4129228750.000001,-59.87029
4129229687.500001,-59.78794
4129230625.000001,-59.83418
4129231562.500001,-59.95028
4129232500.000001,-59.96705
4129233437.500001,-60.00055
4129234375.000001,-59.98085
4129235312.500001,-60.03192
4129236250.000001,-60.04074
4129237187.500001,-59.96898
4129238125.000001,-59.98434
4129239062.500001,-59.84806
4129240000.000001,-59.88348
4129240937.500001,-59.83186
4129241875.000001,-59.88915
4129242812.500001,-59.8248
4129243750.000001,-59.99552
4129244687.500001,-59.96405
4129245625.000001,-59.80597
4129246562.500001,-59.8951
4129247500.000001,-59.93666
4129248437.500001,-59.98942
4129249375.000001,-60.02898
4129250312.500001,-60.18285
4129251250.000001,-59.85583
4129252187.500001,-60.03159
4129253125.000001,-60.14658
4129254062.500001,-59.94917
4129255000.000001,-59.847
4129255937.500001,-60.06504
4129256875.000001,-59.91164
4129257812.500001,-59.95361
4129258750.000001,-60.0436
4129259687.500001,-59.87435
4129260625.000001,-60.17501
4129261562.500001,-59.93296
4129262500.000001,-60.20937
4129263437.500001,-60.07975
4129264375.000001,-60.08098
4129265312.500001,-59.99179
4129266250.000001,-59.92474
4129267187.500001,-59.84519
4129268125.000001,-59.94373
4129269062.500001,-60.02504
4129270000.000001,-59.91015
4129270937.500001,-59.90083
4129271875.000001,-59.94489
4129272812.500001,-59.87228
4129273750.000001,-60.03294
4129274687.500001,-59.93011
4129275625.000001,-59.91564
4129276562.500001,-60.02222
4129277500.000001,-59.84355
4129278437.500001,-60.01694
4129279375.000001,-60.02555
4129280312.500001,-60.1373
4129281250.000001,-60.01039
4129282187.500001,-59.89579
4129283125.000001,-60.05085
4129284062.500001,-60.18491
4129285000.000001,-59.94092
4129285937.500001,-60.07639
4129286875.000001,-60.03505
4129287812.500001,-60.15002
4129288750.000001,-59.8609
4129289687.500001,-60.08351
4129290625.000001,-60.07896
4129291562.500001,-60.13618
4129292500.000001,-60.0757
4129293437.500001,-59.90757
4129294375.000001,-60.20839
4129295312.500001,-59.98694
4129296250.000001,-59.96478
4129297187.500001,-60.11995
4129298125.000001,-60.01508
4129299062.500001,-59.96031
4129300000.000001,-60.01741
4129300937.500001,-59.87017
4129301875.000001,-60.12488
4129302812.500001,-59.95177
4129303750.000001,-59.85697
4129304687.500001,-59.99652
4129305625.000001,-60.14468
4129306562.500001,-59.96656
4129307500.000001,-59.93616
4129308437.500001,-60.04259
4129309375.000001,-60.11224
4129310312.500001,-60.19129
4129311250.000001,-60.08977
4129312187.500001,-60.07581
4129313125.000001,-60.16055
4129314062.500001,-59.91006
4129315000.000001,-60.0204
4129315937.500001,-60.02435
4129316875.000001,-60.06348
4129317812.500001,-59.9767
4129318750.000001,-60.18955
4129319687.500001,-60.19247
4129320625.000001,-60.15543
4129321562.500001,-60.12472
4129322500.000001,-60.02701
4129323437.500001,-59.99711
4129324375.000001,-60.09586
4129325312.500001,-60.17481
4129326250.000001,-60.2656
4129327187.500001,-60.20583
4129328125.000001,-59.99464
4129329062.500001,-60.17789
4129330000.000001,-60.09764
4129330937.500001,-60.23143
4129331875.000001,-60.09865
4129332812.500001,-59.96319
4129333750.000001,-60.00814
4129334687.500001,-60.10456
4129335625.000001,-60.139
4129336562.500001,-60.27884
4129337500.000001,-60.14631
4129338437.500001,-59.92088
4129339375.000001,-60.05968
4129340312.500001,-60.01812
4129341250.000001,-60.17199
4129342187.500001,-60.00817
4129343125.000001,-60.06569
4129344062.500001,-60.02444
4129345000.000001,-60.1256
4129345937.500001,-60.0078
4129346875.000001,-60.11505
4129347812.500001,-60.16476
4129348750.000001,-60.22301
4129349687.500001,-60.01273
4129350625.000001,-60.16838
4129351562.500001,-60.1978
4129352500.000001,-60.06316
4129353437.500001,-60.14309
4129354375.000001,-60.14936
4129355312.500001,-60.18834
4129356250.000001,-59.99876
4129357187.500001,-60.06108
4129358125.000001,-60.13316
4129359062.500001,-60.19954
4129360000.000001,-60.17496
4129360937.500001,-60.20728
4129361875.000001,-60.01413
4129362812.500001,-60.12296
4129363750.000001,-60.16711
4129364687.500001,-60.24119
4129365625.000001,-60.11406
4129366562.500001,-60.00624
4129367500.000001,-60.15677
4129368437.500001,-60.14939
4129369375.000001,-60.23434
4129370312.500001,-60.02495
4129371250.000001,-60.13947
4129372187.500001,-60.08572
4129373125.000001,-60.01984
4129374062.500001,-60.28724
4129375000.000001,-60.15455
4129375937.500001,-59.90469
4129376875.000001,-60.1508
4129377812.500001,-60.01693
4129378750.000001,-60.2289
4129379687.500001,-60.1788
4129380625.000001,-60.05599
4129381562.500001,-60.23982
4129382500.000001,-60.05597
4129383437.500001,-60.16735
4129384375.000001,-60.18282
4129385312.500001,-60.36073
4129386250.000001,-60.10532
4129387187.500001,-60.27858
4129388125.000001,-60.10412
4129389062.500001,-60.16708
4129390000.000001,-60.18048
4129390937.500001,-60.2765
4129391875.000001,-60.05545
4129392812.500001,-60.21552
4129393750.000001,-59.96831
4129394687.500001,-60.20035
4129395625.000001,-60.26653
4129396562.500001,-60.10799
4129397500.000001,-60.32022
4129398437.500001,-60.12119
4129399375.000001,-60.25442
4129400312.500001,-60.19435
4129401250.000001,-60.33575
4129402187.500001,-60.22904
4129403125.000001,-60.20985
4129404062.500001,-60.14255
4129405000.000001,-60.22064
4129405937.500001,-60.15043
4129406875.000001,-60.24191
4129407812.500001,-60.20027
4129408750.000001,-60.10516
4129409687.500001,-60.46531
4129410625.000001,-60.30807
4129411562.500001,-60.15163
4129412500.000001,-60.19311
4129413437.500001,-60.19595
4129414375.000001,-60.22114
4129415312.500001,-60.24522
4129416250.000001,-60.14912
4129417187.500001,-60.2048
4129418125.000001,-60.01089
4129419062.500001,-60.2136
4129420000.000001,-60.29648
4129420937.500001,-60.24908
4129421875.000001,-60.32452
4129422812.500001,-60.16071
4129423750.000001,-60.153
4129424687.500001,-60.10181
4129425625.000001,-60.33054
4129426562.500001,-60.21727
4129427500.000001,-60.17673
4129428437.500001,-60.28286
4129429375.000001,-60.19592
4129430312.500001,-60.20388
4129431250.000001,-60.35757
4129432187.500001,-60.30336
4129433125.000001,-60.32876
4129434062.500001,-60.27056
4129435000.000001,-60.15471
4129435937.500001,-60.32288
4129436875.000001,-60.275
4129437812.500001,-60.28567
4129438750.000001,-60.34511
4129439687.500001,-60.23508
4129440625.000001,-60.37314
4129441562.500001,-60.26888
4129442500.000001,-60.23605
4129443437.500001,-60.38975
4129444375.000001,-60.31739
4129445312.500001,-60.13409
4129446250.000001,-60.26258
4129447187.500001,-60.30009
4129448125.000001,-60.18965
4129449062.500001,-60.17083
4129450000.000001,-60.27664
4129450937.500001,-60.23814
4129451875.000001,-60.27321
4129452812.500001,-60.28057
4129453750.000001,-60.31524
4129454687.500001,-60.0297
4129455625.000001,-60.15814
4129456562.500001,-60.2016
4129457500.000001,-60.34021
4129458437.500001,-60.32568
4129459375.000001,-60.28777
4129460312.500001,-60.2364
4129461250.000001,-60.2779
4129462187.500001,-60.216
4129463125.000001,-60.29784
4129464062.500001,-60.22072
4129465000.000001,-60.3229
4129465937.500001,-60.02064
4129466875.000001,-60.23164
4129467812.500001,-60.19108
4129468750.000001,-60.30494
4129469687.500001,-60.24433
4129470625.000001,-60.35929
4129471562.500001,-60.38429
4129472500.000001,-60.35474
4129473437.500001,-60.50304
4129474375.000001,-60.29625
4129475312.500001,-60.29578
4129476250.000001,-60.50622
4129477187.500001,-60.21159
4129478125.000001,-60.37297
4129479062.500001,-60.1858
4129480000.000001,-60.21034
4129480937.500001,-60.27208
4129481875.000001,-60.41802
4129482812.500001,-60.14523
4129483750.000001,-60.21276
4129484687.500001,-60.36923
4129485625.000001,-60.23969
4129486562.500001,-60.37735
4129487500.000001,-60.27187
4129488437.500001,-60.41648
4129489375.000001,-60.2422
4129490312.500001,-60.15474
4129491250.000001,-60.43902
4129492187.500001,-60.37814
4129493125.000001,-60.3331
4129494062.500001,-60.21292
4129495000.000001,-60.19576
4129495937.500001,-60.30889
4129496875.000001,-60.24495
4129497812.500001,-60.4066
4129498750.000001,-60.27137
4129499687.500001,-60.25684
4129500625.000001,-60.34793
4129501562.500001,-60.32463
4129502500.000001,-60.38306
4129503437.500001,-60.61089
4129504375.000001,-60.34108
4129505312.500001,-60.43481
4129506250.000001,-60.33358
4129507187.500001,-60.12991
4129508125.000001,-60.35725
4129509062.500001,-60.32346
4129510000.000001,-60.29443
4129510937.500001,-60.49379
4129511875.000001,-60.22394
4129512812.500001,-60.37582
4129513750.000001,-60.48165
4129514687.500001,-60.26154
4129515625.000001,-60.49693
4129516562.500001,-60.31741
4129517500.000001,-60.46612
4129518437.500001,-60.26806
4129519375.000001,-60.26195
4129520312.500001,-60.4704
4129521250.000001,-60.41806
4129522187.500001,-60.44164
4129523125.000001,-60.23864
4129524062.500001,-60.43227
4129525000.000001,-60.34464
4129525937.500001,-60.30207
4129526875.000001,-60.28863
4129527812.500001,-60.46623
4129528750.000001,-60.42518
4129529687.500001,-60.36399
4129530625.000001,-60.1173
4129531562.500001,-60.43834
4129532500.000001,-60.39963
4129533437.500001,-60.3046
4129534375.000001,-60.38962
4129535312.500001,-60.335
4129536250.000001,-60.29423
4129537187.500001,-60.40406
4129538125.000001,-60.36611
4129539062.500001,-60.48059
4129540000.000001,-60.31406
4129540937.500001,-60.26911
4129541875.000001,-60.25252
4129542812.500001,-60.44985
4129543750.000001,-60.41801
4129544687.500001,-60.40297
4129545625.000001,-60.27189
4129546562.500001,-60.36433
4129547500.000001,-60.44916
4129548437.500001,-60.40969
4129549375.000001,-60.42185
4129550312.500001,-60.46339
4129551250.000001,-60.50444
4129552187.500001,-60.42925
4129553125.000001,-60.4438
4129554062.500001,-60.44709
4129555000.000001,-60.22543
4129555937.500001,-60.45061
4129556875.000001,-60.49674
4129557812.500001,-60.52014
4129558750.000001,-60.40591
4129559687.500001,-60.57127
4129560625.000001,-60.4295
4129561562.500001,-60.48972
4129562500.000001,-60.48577
4129563437.500001,-60.32228
4129564375.000001,-60.36298
4129565312.500001,-60.43591
4129566250.000001,-60.4702
4129567187.500001,-60.34457
4129568125.000001,-60.69066
4129569062.500001,-60.40379
4129570000.000001,-60.50949
4129570937.500001,-60.33102
4129571875.000001,-60.45826
4129572812.500001,-60.40155
4129573750.000001,-60.54913
4129574687.500001,-60.43401
4129575625.000001,-60.41
4129576562.500001,-60.33842
4129577500.000001,-60.49408
4129578437.500001,-60.40315
4129579375.000001,-60.48673
4129580312.500001,-60.44637
4129581250.000001,-60.4659
4129582187.500001,-60.35224
4129583125.000001,-60.3536
4129584062.500001,-60.48409
4129585000.000001,-60.48364
4129585937.500001,-60.46193
4129586875.000001,-60.51382
4129587812.500001,-60.35304
4129588750.000001,-60.3878
4129589687.500001,-60.46161
4129590625.000001,-60.58109
4129591562.500001,-60.57891
4129592500.000001,-60.55151
4129593437.500001,-60.41851
4129594375.000001,-60.51035
4129595312.500001,-60.44612
4129596250.000001,-60.42758
4129597187.500001,-60.42982
4129598125.000001,-60.40948
4129599062.500001,-60.45731
4129600000.000001,-60.48661
4129600937.500001,-60.368
4129601875.000001,-60.20561
4129602812.500001,-60.6646
4129603750.000001,-60.37138
4129604687.500001,-60.31036
4129605625.000001,-60.40905
4129606562.500001,-60.46177
4129607500.000001,-60.57783
4129608437.500001,-60.46017
4129609375.000001,-60.44989
4129610312.500001,-60.49994
4129611250.000001,-60.54676
4129612187.500001,-60.55499
4129613125.000001,-60.3445
4129614062.500001,-60.582
4129615000.000001,-60.56727
4129615937.500001,-60.49513
4129616875.000001,-60.48007
4129617812.500001,-60.40673
4129618750.000001,-60.56205
4129619687.500001,-60.42616
4129620625.000001,-60.41976
4129621562.500001,-60.47222
4129622500.000001,-60.48365
4129623437.500001,-60.31492
4129624375.000001,-60.69177
4129625312.500001,-60.45939
4129626250.000001,-60.84233
4129627187.500001,-60.55553
4129628125.000001,-60.50575
4129629062.500001,-60.50564
4129630000.000001,-60.54882
4129630937.500001,-60.47145
4129631875.000001,-60.43629
4129632812.500001,-60.60266
4129633750.000001,-60.43397
4129634687.500001,-60.56863
4129635625.000001,-60.45782
4129636562.500001,-60.2613
4129637500.000001,-60.41182
4129638437.500001,-60.51786
4129639375.000001,-60.47961
4129640312.500001,-60.46968
4129641250.000001,-60.57663
4129642187.500001,-60.45066
4129643125.000001,-60.55375
4129644062.500001,-60.73602
4129645000.000001,-60.58821
4129645937.500001,-60.4342
4129646875.000001,-60.47344
4129647812.500001,-60.67002
4129648750.000001,-60.59674
4129649687.500001,-60.56771
4129650625.000001,-60.50467
4129651562.500001,-60.50817
4129652500.000001,-60.60014
4129653437.500001,-60.42141
4129654375.000001,-60.52191
4129655312.500001,-60.46487
4129656250.000001,-60.42033
4129657187.500001,-60.47883
4129658125.000001,-60.52712
4129659062.500001,-60.38651
4129660000.000001,-60.51083
4129660937.500001,-60.53501
4129661875.000001,-60.52972
4129662812.500001,-60.23882
4129663750.000001,-60.62683
4129664687.500001,-60.30557
4129665625.000001,-60.65473
4129666562.500001,-60.55958
4129667500.000001,-60.51381
4129668437.500001,-60.48386
4129669375.000001,-60.62396
4129670312.500001,-60.59512
4129671250.000001,-60.61415
4129672187.500001,-60.58046
4129673125.000001,-60.5785
4129674062.500001,-60.55762
4129675000.000001,-60.62135
4129675937.500001,-60.48105
4129676875.000001,-60.50415
4129677812.500001,-60.54736
4129678750.000001,-60.4979
4129679687.500001,-60.578
4129680625.000001,-60.80531
4129681562.500001,-60.48205
4129682500.000001,-60.50991
4129683437.500001,-60.57494
4129684375.000001,-60.61178
4129685312.500001,-60.57113
4129686250.000001,-60.46745
4129687187.500001,-60.43999
4129688125.000001,-60.66924
4129689062.500001,-60.53915
4129690000.000001,-60.57526
4129690937.500001,-60.57414
4129691875.000001,-60.50056
4129692812.500001,-60.49149
4129693750.000001,-60.68039
4129694687.500001,-60.6002
4129695625.000001,-60.49505
4129696562.500001,-60.6441
4129697500.000001,-60.57844
4129698437.500001,-60.73547
4129699375.000001,-60.49982
4129700312.500001,-60.6036
4129701250.000001,-60.63668
4129702187.500001,-60.64417
4129703125.000001,-60.57349
4129704062.500001,-60.72963
4129705000.000001,-60.53455
4129705937.500001,-60.65708
4129706875.000001,-60.71747
4129707812.500001,-60.72597
4129708750.000001,-60.78569
4129709687.500001,-60.6739
4129710625.000001,-60.54768
4129711562.500001,-60.64095
4129712500.000001,-60.64609
4129713437.500001,-60.56818
4129714375.000001,-60.56958
4129715312.500001,-60.68525
4129716250.000001,-60.71902
4129717187.500001,-60.61202
4129718125.000001,-60.68947
4129719062.500001,-60.57249
4129720000.000001,-60.48647
4129720937.500001,-60.48263
4129721875.000001,-60.78823
4129722812.500001,-60.52597
4129723750.000001,-60.43884
4129724687.500001,-60.58696
4129725625.000001,-60.53532
4129726562.500001,-60.76413
4129727500.000001,-60.68652
4129728437.500001,-60.45141
4129729375.000001,-60.66499
4129730312.500001,-60.59377
4129731250.000001,-60.64894
4129732187.500001,-60.64852
4129733125.000001,-60.64506
4129734062.500001,-60.595
4129735000.000001,-60.73774
4129735937.500001,-60.85117
4129736875.000001,-60.68656
4129737812.500001,-60.60977
4129738750.000001,-60.64515
4129739687.500001,-60.66667
4129740625.000001,-60.70782
4129741562.500001,-60.65499
4129742500.000001,-60.5345
4129743437.500001,-60.49176
4129744375.000001,-60.67843
4129745312.500001,-60.59594
4129746250.000001,-60.66304
4129747187.500001,-60.67126
4129748125.000001,-60.9883
4129749062.500001,-60.85344
4129750000.000001,-60.68543
4129750937.500001,-60.81771
4129751875.000001,-60.70389
4129752812.500001,-60.74172
4129753750.000001,-60.69597
4129754687.500001,-60.57586
4129755625.000001,-60.64915
4129756562.500001,-60.6909
4129757500.000001,-60.74603
4129758437.500001,-60.68272
4129759375.000001,-60.72433
4129760312.500001,-60.77959
4129761250.000001,-60.65128
4129762187.500001,-60.54813
4129763125.000001,-60.59737
4129764062.500001,-60.69089
4129765000.000001,-60.81042
4129765937.500001,-60.65205
4129766875.000001,-60.75088
4129767812.500001,-60.57865
4129768750.000001,-60.63638
4129769687.500001,-60.79792
4129770625.000001,-60.63443
4129771562.500001,-60.59199
4129772500.000001,-60.67585
4129773437.500001,-60.5834
4129774375.000001,-60.57182
4129775312.500001,-60.56963
4129776250.000001,-60.75796
4129777187.500001,-60.6332
4129778125.000001,-60.66909
4129779062.500001,-60.85511
4129780000.000001,-60.54715
4129780937.500001,-60.69852
4129781875.000001,-60.95718
4129782812.500001,-60.49078
4129783750.000001,-60.75776
4129784687.500001,-60.8693
4129785625.000001,-60.60707
4129786562.500001,-60.61707
4129787500.000001,-60.76869
4129788437.500001,-60.69763
4129789375.000001,-60.83473
4129790312.500001,-60.71745
4129791250.000001,-60.92327
4129792187.500001,-60.79247
4129793125.000001,-60.60035
4129794062.500001,-60.65733
4129795000.000001,-60.68609
4129795937.500001,-60.72597
4129796875.000001,-60.77168
4129797812.500001,-60.60044
4129798750.000001,-60.64783
4129799687.500001,-60.76489
4129800625.000001,-60.71582
4129801562.500001,-60.68967
4129802500.000001,-60.80696
4129803437.500001,-60.86993
4129804375.000001,-60.54745
4129805312.500001,-60.86865
4129806250.000001,-60.66501
4129807187.500001,-60.73274
4129808125.000001,-60.65173
4129809062.500001,-60.8034
4129810000.000001,-60.8253
4129810937.500001,-60.83921
4129811875.000001,-60.7634
4129812812.500001,-60.9702
4129813750.000001,-60.69638
4129814687.500001,-60.63462
4129815625.000001,-60.89716
4129816562.500001,-60.78828
4129817500.000001,-60.7373
4129818437.500001,-60.76159
4129819375.000001,-60.62329
4129820312.500001,-60.93674
4129821250.000001,-60.89952
4129822187.500001,-60.75867
4129823125.000001,-60.83423
4129824062.500001,-60.7682
4129825000.000001,-60.97625
4129825937.500001,-60.87208
4129826875.000001,-60.63501
4129827812.500001,-60.75593
4129828750.000001,-60.73593
4129829687.500001,-60.88825
4129830625.000001,-60.8738
4129831562.500001,-60.72335
4129832500.000001,-60.67981
4129833437.500001,-60.77697
4129834375.000001,-60.7822
4129835312.500001,-60.7256
4129836250.000001,-60.82996
4129837187.500001,-60.69972
4129838125.000001,-60.6996
4129839062.500001,-60.90637
4129840000.000001,-60.81656
4129840937.500001,-60.72659
4129841875.000001,-60.89298
4129842812.500001,-60.80096
4129843750.000001,-60.93662
4129844687.500001,-60.9296
4129845625.000001,-60.93853
4129846562.500001,-60.85047
4129847500.000001,-60.46967
4129848437.500001,-60.84259
4129849375.000001,-60.84613
4129850312.500001,-60.97951
4129851250.000001,-60.76138
4129852187.500001,-60.89214
4129853125.000001,-60.91006
4129854062.500001,-60.86586
4129855000.000001,-60.70688
4129855937.500001,-60.86951
4129856875.000001,-60.68619
4129857812.500001,-60.84539
4129858750.000001,-60.82132
4129859687.500001,-60.84001
4129860625.000001,-60.88895
4129861562.500001,-60.72791
4129862500.000001,-60.88912
4129863437.500001,-60.78094
4129864375.000001,-60.84737
4129865312.500001,-60.86886
4129866250.000001,-60.87176
4129867187.500001,-60.76248
4129868125.000001,-60.95992
4129869062.500001,-60.98127
4129870000.000001,-60.79971
4129870937.500001,-60.70575
4129871875.000001,-60.87382
4129872812.500001,-60.61236
4129873750.000001,-60.80718
4129874687.500001,-60.86275
4129875625.000001,-61.05582
4129876562.500001,-60.88097
4129877500.000001,-60.78736
4129878437.500001,-60.79642
4129879375.000001,-60.84827
4129880312.500001,-60.79155
4129881250.000001,-60.89978
4129882187.500001,-60.86124
4129883125.000001,-60.93042
4129884062.500001,-60.85972
4129885000.000001,-61.02782
4129885937.500001,-60.81229
4129886875.000001,-60.94968
4129887812.500001,-60.81748
4129888750.000001,-60.98508
4129889687.500001,-60.92238
4129890625.000001,-60.68507
4129891562.500001,-60.70731
4129892500.000001,-60.7381
4129893437.500001,-60.75613
4129894375.000001,-60.8544
4129895312.500001,-60.91722
4129896250.000001,-61.01661
4129897187.500001,-60.93871
4129898125.000001,-60.7821
4129899062.500001,-60.77882
4129900000.000001,-61.00426
4129900937.500001,-60.87106
4129901875.000001,-60.7253
4129902812.500001,-60.84256
4129903750.000001,-60.93386
4129904687.500001,-61.11202
4129905625.000001,-61.00381
4129906562.500001,-60.87627
4129907500.000001,-60.79717
4129908437.500001,-60.80485
4129909375.000001,-60.89746
4129910312.500001,-60.91292
4129911250.000001,-60.96241
4129912187.500001,-60.92538
4129913125.000001,-60.78585
4129914062.500001,-61.10809
4129915000.000001,-60.78266
4129915937.500001,-60.95902
4129916875.000001,-60.94179
4129917812.500001,-60.8458
4129918750.000001,-61.11827
4129919687.500001,-60.9295
4129920625.000001,-60.88938
4129921562.500001,-60.89537
4129922500.000001,-61.06303
4129923437.500001,-61.16801
4129924375.000001,-60.72866
4129925312.500001,-60.74055
4129926250.000001,-61.07515
4129927187.500001,-60.87939
4129928125.000001,-61.05626
4129929062.500001,-60.86428
4129930000.000001,-61.00349
4129930937.500001,-60.65088
4129931875.000001,-60.77964
4129932812.500001,-60.84063
4129933750.000001,-60.85151
4129934687.500001,-60.85825
4129935625.000001,-60.87403
4129936562.500001,-60.98329
4129937500.000001,-60.98806
4129938437.500001,-60.85952
4129939375.000001,-60.8398
4129940312.500001,-60.83232
4129941250.000001,-61.0373
4129942187.500001,-61.04182
4129943125.000001,-60.73785
4129944062.500001,-60.83115
4129945000.000001,-60.96119
4129945937.500001,-60.98138
4129946875.000001,-61.14313
4129947812.500001,-61.03067
4129948750.000001,-61.04972
4129949687.500001,-60.95261
4129950625.000001,-61.16127
4129951562.500001,-60.83355
4129952500.000001,-61.08687
4129953437.500001,-61.11597
4129954375.000001,-60.8753
4129955312.500001,-60.7403
4129956250.000001,-60.94831
4129957187.500001,-60.93749
4129958125.000001,-60.92724
4129959062.500001,-61.0849
4129960000.000001,-60.76267
4129960937.500001,-60.95076
4129961875.000001,-60.7198
4129962812.500001,-61.04975
4129963750.000001,-60.84264
4129964687.500001,-60.9148
4129965625.000001,-60.92994
4129966562.500001,-61.04323
4129967500.000001,-60.99902
4129968437.500001,-61.09322
4129969375.000001,-60.99575
4129970312.500001,-60.80616
4129971250.000001,-61.03701
4129972187.500001,-60.85858
4129973125.000001,-60.85347
4129974062.500001,-60.75195
4129975000.000001,-61.06899
4129975937.500001,-60.98172
4129976875.000001,-60.87889
4129977812.500001,-60.941
4129978750.000001,-60.93705
4129979687.500001,-61.03922
4129980625.000001,-60.94518
4129981562.500001,-61.00882
4129982500.000001,-60.87949
4129983437.500001,-61.04876
4129984375.000001,-60.96596
4129985312.500001,-61.07491
4129986250.000001,-61.02894
4129987187.500001,-60.83768
4129988125.000001,-61.10489
4129989062.500001,-61.01512
4129990000.000001,-61.08157
4129990937.500001,-60.89521
4129991875.000001,-60.98775
4129992812.500001,-61.09697
4129993750.000001,-60.96762
4129994687.500001,-61.03638
4129995625.000001,-60.87597
4129996562.500001,-60.96848
4129997500.000001,-60.93414
4129998437.500001,-61.06253
4129999375.000001,-60.98495
4130000312.500001,-61.04242
4130001250.000001,-61.21634
4130002187.500001,-60.87409
4130003125.000001,-61.30858
4130004062.500001,-60.98866
4130005000.000001,-61.11841
4130005937.500001,-61.07057
4130006875.000001,-61.21972
4130007812.500001,-61.0118
4130008750.000001,-61.03801
4130009687.500001,-61.0709
4130010625.000001,-61.08072
4130011562.500001,-61.04752
4130012500.000001,-61.04156
4130013437.500001,-61.00152
4130014375.000001,-60.99517
4130015312.500001,-61.06761
4130016250.000001,-61.22264
4130017187.500001,-60.88134
4130018125.000001,-61.04699
4130019062.500001,-61.12358
4130020000.000001,-60.78915
4130020937.500001,-61.23155
4130021875.000001,-61.00238
4130022812.500001,-60.94176
4130023750.000001,-61.0499
4130024687.500001,-61.12295
4130025625.000001,-60.92262
4130026562.500001,-60.79522
4130027500.000001,-60.82898
4130028437.500001,-60.88839
4130029375.000001,-61.14215
4130030312.500001,-61.02893
4130031250.000001,-61.03557
4130032187.500001,-60.9848
4130033125.000001,-60.99457
4130034062.500001,-61.04823
4130035000.000001,-60.98637
4130035937.500001,-60.88179
4130036875.000001,-61.1044
4130037812.500001,-60.96977
4130038750.000001,-61.20131
4130039687.500001,-61.18008
4130040625.000001,-61.19202
4130041562.500001,-61.0236
4130042500.000001,-61.06899
4130043437.500001,-61.011
4130044375.000001,-61.22086
4130045312.500001,-61.14899
4130046250.000001,-61.11346
4130047187.500001,-60.96715
4130048125.000001,-61.04514
4130049062.500001,-61.16622
4130050000.000001,-61.09964
4130050937.500001,-61.04089
4130051875.000001,-61.03468
4130052812.500001,-60.94998
4130053750.000001,-61.21652
4130054687.500001,-61.13755
4130055625.000001,-61.13854
4130056562.500001,-61.11497
4130057500.000001,-61.142
4130058437.500001,-60.87612
4130059375.000001,-61.14128
4130060312.500001,-60.97521
4130061250.000001,-61.01736
4130062187.500001,-61.02267
4130063125.000001,-61.20694
4130064062.500001,-60.96162
4130065000.000001,-61.17467
4130065937.500001,-61.09669
4130066875.000001,-61.02028
4130067812.500001,-61.0271
4130068750.000001,-61.1071
4130069687.500001,-61.23929
4130070625.000001,-61.07199
4130071562.500001,-61.07309
4130072500.000001,-61.351
4130073437.500001,-61.084
4130074375.000001,-61.09896
4130075312.500001,-61.18393
4130076250.000001,-60.9543
4130077187.500001,-61.31655
4130078125.000001,-61.12362
4130079062.500001,-61.15279
4130080000.000001,-61.06092
4130080937.500001,-60.84842
4130081875.000001,-61.07445
4130082812.500001,-61.10237
4130083750.000001,-61.20896
4130084687.500001,-61.08281
4130085625.000001,-61.19303
4130086562.500001,-61.13841
4130087500.000001,-61.05691
4130088437.500001,-60.98514
4130089375.000001,-61.27477
4130090312.500001,-61.06356
4130091250.000001,-61.10897
4130092187.500001,-61.19596
4130093125.000001,-61.06614
4130094062.500001,-61.22474
4130095000.000001,-61.05324
4130095937.500001,-61.20397
4130096875.000001,-61.06289
4130097812.500001,-61.20499
4130098750.000001,-61.1041
4130099687.500001,-61.18615
4130100625.000001,-61.08235
4130101562.500001,-61.2771
4130102500.000001,-61.23944
4130103437.500001,-60.9497
4130104375.000001,-61.12147
4130105312.500001,-61.01277
4130106250.000001,-61.16439
4130107187.500001,-61.0886
4130108125.000001,-61.16065
4130109062.500001,-61.27755
4130110000.000001,-61.20095
4130110937.500001,-61.277
4130111875.000001,-61.29148
4130112812.500001,-61.15121
4130113750.000001,-61.20866
4130114687.500001,-61.06963
4130115625.000001,-61.0674
4130116562.500001,-61.2583
4130117500.000001,-61.12576
4130118437.500001,-61.02027
4130119375.000001,-61.30338
4130120312.500001,-61.32602
4130121250.000001,-61.08504
4130122187.500001,-61.08239
4130123125.000001,-61.11386
4130124062.500001,-61.29874
4130125000.000001,-61.26185
4130125937.500001,-61.0366
4130126875.000001,-61.16707
4130127812.500001,-61.09775
4130128750.000001,-61.18996
4130129687.500001,-61.21774
4130130625.000001,-61.40298
4130131562.500001,-61.20839
4130132500.000001,-61.19795
4130133437.500001,-61.12896
4130134375.000001,-61.15454
4130135312.500001,-60.93126
4130136250.000001,-61.18998
4130137187.500001,-61.05151
4130138125.000001,-61.10631
4130139062.500001,-61.07512
4130140000.000001,-61.33416
4130140937.500001,-61.13623
4130141875.000001,-61.26208
4130142812.500001,-61.04136
4130143750.000001,-61.09272
4130144687.500001,-61.04321
4130145625.000001,-61.19504
4130146562.500001,-61.39156
4130147500.000001,-61.27352
4130148437.500001,-61.24834
4130149375.000001,-61.25105
4130150312.500001,-61.39343
4130151250.000001,-61.43577
4130152187.500001,-61.06624
4130153125.000001,-61.28542
4130154062.500001,-61.13276
4130155000.000001,-61.23694
4130155937.500001,-61.12466
4130156875.000001,-61.11195
4130157812.500001,-61.21424
4130158750.000001,-61.30172
4130159687.500001,-61.32874
4130160625.000001,-61.15224
4130161562.500001,-61.29397
4130162500.000001,-61.20585
4130163437.500001,-61.12402
4130164375.000001,-60.91208
4130165312.500001,-61.32587
4130166250.000001,-61.10039
4130167187.500001,-61.11979
4130168125.000001,-61.18538
4130169062.500001,-61.23937
4130170000.000001,-61.26143
4130170937.500001,-61.15419
4130171875.000001,-61.28743
4130172812.500001,-61.20344
4130173750.000001,-61.14752
4130174687.500001,-61.18087
4130175625.000001,-61.1367
4130176562.500001,-61.10092
4130177500.000001,-61.43652
4130178437.500001,-61.16349
4130179375.000001,-61.1007
4130180312.500001,-61.02026
4130181250.000001,-61.2125
4130182187.500001,-61.0568
4130183125.000001,-61.35822
4130184062.500001,-60.97967
4130185000.000001,-61.10109
4130185937.500001,-61.07407
4130186875.000001,-61.11937
4130187812.500001,-61.12711
4130188750.000001,-61.16919
4130189687.500001,-61.457
4130190625.000001,-61.05664
4130191562.500001,-61.28498
4130192500.000001,-61.21072
4130193437.500001,-61.32208
4130194375.000001,-61.11779
4130195312.500001,-61.34378
4130196250.000001,-61.27732
4130197187.500001,-61.26348
4130198125.000001,-61.25698
4130199062.500001,-61.43548
4130200000.000001,-61.24112
4130200937.500001,-61.28302
4130201875.000001,-61.29863
4130202812.500001,-61.32927
4130203750.000001,-61.31039
4130204687.500001,-61.21618
4130205625.000001,-61.15348
4130206562.500001,-61.04795
4130207500.000001,-61.08101
4130208437.500001,-61.45938
4130209375.000001,-61.25699
4130210312.500001,-61.18118
4130211250.000001,-61.16472
4130212187.500001,-61.30511
4130213125.000001,-61.42941
4130214062.500001,-61.34223
4130215000.000001,-61.36102
4130215937.500001,-61.3716
4130216875.000001,-61.43422
4130217812.500001,-61.21263
4130218750.000001,-61.26004
4130219687.500001,-61.47206
4130220625.000001,-61.44983
4130221562.500001,-61.22112
4130222500.000001,-61.33805
4130223437.500001,-61.19112
4130224375.000001,-61.16065
4130225312.500001,-61.26634
4130226250.000001,-61.3272
4130227187.500001,-61.24527
4130228125.000001,-61.27565
4130229062.500001,-61.20961
4130230000.000001,-61.38565
4130230937.500001,-61.30455
4130231875.000001,-61.35561
4130232812.500001,-61.15816
4130233750.000001,-61.47775
4130234687.500001,-61.34313
4130235625.000001,-61.20129
4130236562.500001,-61.12141
4130237500.000001,-61.45115
4130238437.500001,-61.3988
4130239375.000001,-61.40794
4130240312.500001,-61.42025
4130241250.000001,-61.1856
4130242187.500001,-61.35934
4130243125.000001,-61.34566
4130244062.500001,-61.28908
4130245000.000001,-61.32642
4130245937.500001,-61.42322
4130246875.000001,-61.21576
4130247812.500001,-61.414
4130248750.000001,-61.1049
4130249687.500001,-61.23602
4130250625.000001,-61.27982
4130251562.500001,-61.21582
4130252500.000001,-61.3588
4130253437.500001,-61.39753
4130254375.000001,-61.46072
4130255312.500001,-61.46844
4130256250.000001,-61.24509
4130257187.500001,-61.43513
4130258125.000001,-61.42751
4130259062.500001,-61.21457
4130260000.000001,-61.098
4130260937.500001,-61.40989
4130261875.000001,-61.36406
4130262812.500001,-61.44331
4130263750.000001,-61.46972
4130264687.500001,-61.32169
4130265625.000001,-61.14981
4130266562.500001,-61.25372
4130267500.000001,-61.37666
4130268437.500001,-61.32854
4130269375.000001,-61.32421
4130270312.500001,-61.36458
4130271250.000001,-61.42916
4130272187.500001,-61.35608
4130273125.000001,-61.35517
4130274062.500001,-61.34313
4130275000.000001,-61.40561
4130275937.500001,-61.3914
4130276875.000001,-61.2473
4130277812.500001,-61.36163
4130278750.000001,-61.41731
4130279687.500001,-61.48553
4130280625.000001,-61.13436
4130281562.500001,-61.47208
4130282500.000001,-61.40115
4130283437.500001,-61.27451
4130284375.000001,-61.46998
4130285312.500001,-61.18907
4130286250.000001,-61.26699
4130287187.500001,-61.43629
4130288125.000001,-61.32978
4130289062.500001,-61.34444
4130290000.000001,-61.30974
4130290937.500001,-61.40272
4130291875.000001,-61.18982
4130292812.500001,-61.36358
4130293750.000001,-61.45756
4130294687.500001,-61.36297
4130295625.000001,-61.38948
4130296562.500001,-61.29786
4130297500.000001,-61.44845
4130298437.500001,-61.36232
4130299375.000001,-61.40376
4130300312.500001,-61.41803
4130301250.000001,-61.34608
4130302187.500001,-61.43142
4130303125.000001,-61.55593
4130304062.500001,-61.37872
4130305000.000001,-61.57351
4130305937.500001,-61.22573
4130306875.000001,-61.54879
4130307812.500001,-61.33883
4130308750.000001,-61.38288
4130309687.500001,-61.26648
4130310625.000001,-61.42405
4130311562.500001,-61.25502
4130312500.000001,-61.46697
4130313437.500001,-61.34792
4130314375.000001,-61.33442
4130315312.500001,-61.36696
4130316250.000001,-61.3366
4130317187.500001,-61.43731
4130318125.000001,-61.34362
4130319062.500001,-61.43656
4130320000.000001,-61.28368
4130320937.500001,-61.14106
4130321875.000001,-61.30961
4130322812.500001,-61.29597
4130323750.000001,-61.42923
4130324687.500001,-61.45952
4130325625.000001,-61.44115
4130326562.500001,-61.4073
4130327500.000001,-61.1497
4130328437.500001,-61.45206
4130329375.000001,-61.27444
4130330312.500001,-61.35397
4130331250.000001,-61.43565
4130332187.500001,-61.3912
4130333125.000001,-61.34604
4130334062.500001,-61.62585
4130335000.000001,-61.54566
4130335937.500001,-61.4486
4130336875.000001,-61.47995
4130337812.500001,-61.29564
4130338750.000001,-61.46554
4130339687.500001,-61.3919
4130340625.000001,-61.42992
4130341562.500001,-61.45163
4130342500.000001,-61.3825
4130343437.500001,-61.34698
4130344375.000001,-61.54284
4130345312.500001,-61.31539
4130346250.000001,-61.3014
4130347187.500001,-61.53224
4130348125.000001,-61.34996
4130349062.500001,-61.42334
4130350000.000001,-61.61368
4130350937.500001,-61.57129
4130351875.000001,-61.42053
4130352812.500001,-61.41523
4130353750.000001,-61.38722
4130354687.500001,-61.33825
4130355625.000001,-61.5083
4130356562.500001,-61.54301
4130357500.000001,-61.40706
4130358437.500001,-61.4716
4130359375.000001,-61.6275
4130360312.500001,-61.37854
4130361250.000001,-61.2822
4130362187.500001,-61.40448
4130363125.000001,-61.34536
4130364062.500001,-61.31877
4130365000.000001,-61.56807
4130365937.500001,-61.72586
4130366875.000001,-61.48574
4130367812.500001,-61.40456
4130368750.000001,-61.38425
4130369687.500001,-61.43303
4130370625.000001,-61.61128
4130371562.500001,-61.31363
4130372500.000001,-61.33717
4130373437.500001,-61.37403
4130374375.000001,-61.55453
4130375312.500001,-61.58524
4130376250.000001,-61.37083
4130377187.500001,-61.23318
4130378125.000001,-61.5797
4130379062.500001,-61.67585
4130380000.000001,-61.54155
4130380937.500001,-61.53465
4130381875.000001,-61.20939
4130382812.500001,-61.40984
4130383750.000001,-61.51216
4130384687.500001,-61.38194
4130385625.000001,-61.52071
4130386562.500001,-61.4253
4130387500.000001,-61.41686
4130388437.500001,-61.5374
4130389375.000001,-61.55503
4130390312.500001,-61.40491
4130391250.000001,-61.16629
4130392187.500001,-61.3595
4130393125.000001,-61.57291
4130394062.500001,-61.36031
4130395000.000001,-61.72575
4130395937.500001,-61.5289
4130396875.000001,-61.41352
4130397812.500001,-61.35834
4130398750.000001,-61.59488
4130399687.500001,-61.59072
4130400625.000001,-61.41256
4130401562.500001,-61.38575
4130402500.000001,-61.50732
4130403437.500001,-61.31357
4130404375.000001,-61.39009
4130405312.500001,-61.56386
4130406250.000001,-61.55989
4130407187.500001,-61.73378
4130408125.000001,-61.3398
4130409062.500001,-61.65667
4130410000.000001,-61.31883
4130410937.500001,-61.58019
4130411875.000001,-61.44624
4130412812.500001,-61.49276
4130413750.000001,-61.70596
4130414687.500001,-61.67974
4130415625.000001,-61.39442
4130416562.500001,-61.66868
4130417500.000001,-61.38007
4130418437.500001,-61.42559
4130419375.000001,-61.61049
4130420312.500001,-61.72475
4130421250.000001,-61.35533
4130422187.500001,-61.60396
4130423125.000001,-61.53951
4130424062.500001,-61.28497
4130425000.000001,-61.51579
4130425937.500001,-61.67338
4130426875.000001,-61.55428
4130427812.500001,-61.52206
4130428750.000001,-61.60578
4130429687.500001,-61.62039
4130430625.000001,-61.37357
4130431562.500001,-61.48678
4130432500.000001,-61.53516
4130433437.500001,-61.73954
4130434375.000001,-61.51023
4130435312.500001,-61.5005
4130436250.000001,-61.31525
4130437187.500001,-61.65584
4130438125.000001,-61.44759
4130439062.500001,-61.51674
4130440000.000001,-61.43074
4130440937.500001,-61.46818
4130441875.000001,-61.41704
4130442812.500001,-61.49671
4130443750.000001,-61.79697
4130444687.500001,-61.64399
4130445625.000001,-61.70204
4130446562.500001,-61.51369
4130447500.000001,-61.4385
4130448437.500001,-61.33704
4130449375.000001,-61.87965
4130450312.500001,-61.40225
4130451250.000001,-61.83311
4130452187.500001,-61.56636
4130453125.000001,-61.7438
4130454062.500001,-61.63783
4130455000.000001,-61.70435
4130455937.500001,-61.54636
4130456875.000001,-61.72446
4130457812.500001,-61.6888
4130458750.000001,-61.57719
4130459687.500001,-61.5672
4130460625.000001,-61.55797
4130461562.500001,-61.4707
4130462500.000001,-61.34133
4130463437.500001,-61.83007
4130464375.000001,-61.62837
4130465312.500001,-61.76473
4130466250.000001,-61.55109
4130467187.500001,-61.53071
4130468125.000001,-61.41833
4130469062.500001,-61.44188
4130470000.000001,-61.63797
4130470937.500001,-61.43462
4130471875.000001,-61.71893
4130472812.500001,-61.52711
4130473750.000001,-61.61505
4130474687.500001,-61.72465
4130475625.000001,-61.65183
4130476562.500001,-61.62666
4130477500.000001,-61.48177
4130478437.500001,-61.72749
4130479375.000001,-61.33782
4130480312.500001,-61.51843
4130481250.000001,-61.44219
4130482187.500001,-61.45321
4130483125.000001,-61.87579
4130484062.500001,-61.59813
4130485000.000001,-61.66608
4130485937.500001,-61.55613
4130486875.000001,-61.75599
4130487812.500001,-61.6495
4130488750.000001,-61.63428
4130489687.500001,-61.71693
4130490625.000001,-61.75384
4130491562.500001,-61.57275
4130492500.000001,-61.59716
4130493437.500001,-61.51316
4130494375.000001,-61.572
4130495312.500001,-61.3136
4130496250.000001,-61.67108
4130497187.500001,-61.39779
4130498125.000001,-61.62928
4130499062.500001,-61.54838
4130500000.000001,-61.60854
4130500937.500001,-61.62181
4130501875.000001,-61.68736
4130502812.500001,-61.5751
4130503750.000001,-61.48721
4130504687.500001,-61.66034
4130505625.000001,-61.68614
4130506562.500001,-61.65505
4130507500.000001,-61.59427
4130508437.500001,-61.82846
4130509375.000001,-61.65134
4130510312.500001,-61.65941
4130511250.000001,-61.69038
4130512187.500001,-61.70705
4130513125.000001,-61.69939
4130514062.500001,-61.33382
4130515000.000001,-61.42456
4130515937.500001,-61.59758
4130516875.000001,-61.80249
4130517812.500001,-61.5943
4130518750.000001,-61.52832
4130519687.500001,-61.52972
4130520625.000001,-61.79949
4130521562.500001,-61.58096
4130522500.000001,-61.78649
4130523437.500001,-61.67332
4130524375.000001,-61.62899
4130525312.500001,-61.7294
4130526250.000001,-61.72635
4130527187.500001,-61.55204
4130528125.000001,-61.47963
4130529062.500001,-61.71782
4130530000.000001,-61.69041
4130530937.500001,-61.44745
4130531875.000001,-61.60161
4130532812.500001,-61.80387
4130533750.000001,-61.89401
4130534687.500001,-61.59789
4130535625.000001,-61.87082
4130536562.500001,-61.64074
4130537500.000001,-61.73073
4130538437.500001,-61.51239
4130539375.000001,-61.55285
4130540312.500001,-61.86177
4130541250.000001,-61.6825
4130542187.500001,-61.65981
4130543125.000001,-61.83874
4130544062.500001,-61.55051
4130545000.000001,-61.77481
4130545937.500001,-61.48984
4130546875.000001,-61.63221
4130547812.500001,-61.65609
4130548750.000001,-61.82036
4130549687.500001,-61.70249
4130550625.000001,-61.66261
4130551562.500001,-61.72596
4130552500.000001,-61.78522
4130553437.500001,-61.70355
4130554375.000001,-61.77655
4130555312.500001,-61.69098
4130556250.000001,-61.68816
4130557187.500001,-61.8351
4130558125.000001,-61.87216
4130559062.500001,-61.67297
4130560000.000001,-61.63648
4130560937.500001,-61.67198
4130561875.000001,-61.87578
4130562812.500001,-61.80443
4130563750.000001,-61.48886
4130564687.500001,-61.67067
4130565625.000001,-61.58482
4130566562.500001,-61.60045
4130567500.000001,-61.97831
4130568437.500001,-61.48439
4130569375.000001,-61.76633
4130570312.500001,-61.72516
4130571250.000001,-61.4743
4130572187.500001,-61.72018
4130573125.000001,-61.80527
4130574062.500001,-61.7487
4130575000.000001,-61.66105
4130575937.500001,-61.38092
4130576875.000001,-61.75208
4130577812.500001,-61.61914
4130578750.000001,-61.75745
4130579687.500001,-61.55736
4130580625.000001,-61.74876
4130581562.500001,-61.62019
4130582500.000001,-61.70707
4130583437.500001,-61.63921
4130584375.000001,-61.81046
4130585312.500001,-61.68574
4130586250.000001,-61.57907
4130587187.500001,-61.64923
4130588125.000001,-61.77975
4130589062.500001,-61.88735
4130590000.000001,-61.82084
4130590937.500001,-61.72925
4130591875.000001,-61.71902
4130592812.500001,-61.66542
4130593750.000001,-61.81284
4130594687.500001,-61.71607
4130595625.000001,-61.89901
4130596562.500001,-61.76408
4130597500.000001,-62.0205
4130598437.500001,-61.71651
4130599375.000001,-61.73566
4130600312.500001,-61.84698
4130601250.000001,-61.88599
4130602187.500001,-61.77774
4130603125.000001,-61.76506
4130604062.500001,-61.8955
4130605000.000001,-61.79795
4130605937.500001,-61.70977
4130606875.000001,-61.80716
4130607812.500001,-61.61488
4130608750.000001,-61.61565
4130609687.500001,-61.75757
4130610625.000001,-61.7091
4130611562.500001,-61.45096
4130612500.000001,-61.64989
4130613437.500001,-61.77395
4130614375.000001,-61.89058
4130615312.500001,-61.65185
4130616250.000001,-61.7484
4130617187.500001,-61.74142
4130618125.000001,-61.7537
4130619062.500001,-61.92644
4130620000.000001,-61.93571
4130620937.500001,-61.95799
4130621875.000001,-61.7923
4130622812.500001,-61.78415
4130623750.000001,-61.82262
4130624687.500001,-61.59257
4130625625.000001,-61.98952
4130626562.500001,-61.66983
4130627500.000001,-61.89014
4130628437.500001,-61.71482
4130629375.000001,-61.82857
4130630312.500001,-61.92714
4130631250.000001,-61.65501
4130632187.500001,-61.98941
4130633125.000001,-61.76316
4130634062.500001,-61.8961
4130635000.000001,-61.93876
4130635937.500001,-61.72569
4130636875.000001,-61.99445
4130637812.500001,-61.80936
4130638750.000001,-61.78324
4130639687.500001,-61.80435
4130640625.000001,-61.70569
4130641562.500001,-61.59806
4130642500.000001,-61.67688
4130643437.500001,-61.86979
4130644375.000001,-61.85337
4130645312.500001,-61.88386
4130646250.000001,-61.6988
4130647187.500001,-61.88203
4130648125.000001,-61.74783
4130649062.500001,-61.93025
4130650000.000001,-61.90496
4130650937.500001,-61.98906
4130651875.000001,-61.82217
4130652812.500001,-61.9046
4130653750.000001,-61.74301
4130654687.500001,-61.80738
4130655625.000001,-61.72714
4130656562.500001,-61.64689
4130657500.000001,-61.72952
4130658437.500001,-61.71955
4130659375.000001,-61.72291
4130660312.500001,-61.69118
4130661250.000001,-62.00293
4130662187.500001,-61.62407
4130663125.000001,-61.76945
4130664062.500001,-61.80271
4130665000.000001,-61.90206
4130665937.500001,-61.7335
4130666875.000001,-61.7065
4130667812.500001,-61.82752
4130668750.000001,-61.85369
4130669687.500001,-61.85689
4130670625.000001,-61.67299
4130671562.500001,-61.90248
4130672500.000001,-61.78388
4130673437.500001,-61.8674
4130674375.000001,-61.73837
4130675312.500001,-61.79749
4130676250.000001,-61.95248
4130677187.500001,-61.79807
4130678125.000001,-61.81602
4130679062.500001,-61.8996
4130680000.000001,-61.82523
4130680937.500001,-61.88699
4130681875.000001,-61.85243
4130682812.500001,-62.00871
4130683750.000001,-62.00231
4130684687.500001,-61.79082
4130685625.000001,-61.71761
4130686562.500001,-61.8655
4130687500.000001,-61.70483
4130688437.500001,-61.69281
4130689375.000001,-62.0438
4130690312.500001,-61.84957
4130691250.000001,-61.73553
4130692187.500001,-62.00617
4130693125.000001,-61.63145
4130694062.500001,-61.91691
4130695000.000001,-61.97422
4130695937.500001,-61.93449
4130696875.000001,-61.82975
4130697812.500001,-61.86493
4130698750.000001,-61.68388
4130699687.500001,-61.70462
4130700625.000001,-61.7855
4130701562.500001,-61.82396
4130702500.000001,-62.02045
4130703437.500001,-61.84729
4130704375.000001,-61.95534
4130705312.500001,-61.67147
4130706250.000001,-61.82746
4130707187.500001,-61.82925
4130708125.000001,-61.79095
4130709062.500001,-62.0299
4130710000.000001,-61.54738
4130710937.500001,-62.04377
4130711875.000001,-61.9355
4130712812.500001,-61.7883
4130713750.000001,-61.92044
4130714687.500001,-61.83738
4130715625.000001,-61.74038
4130716562.500001,-61.83044
4130717500.000001,-62.06252
4130718437.500001,-62.00962
4130719375.000001,-61.69161
4130720312.500001,-61.98124
4130721250.000001,-61.76147
4130722187.500001,-62.08448
4130723125.000001,-61.97144
4130724062.500001,-61.748
4130725000.000001,-62.06987
4130725937.500001,-61.82867
4130726875.000001,-61.69669
4130727812.500001,-61.97099
4130728750.000001,-61.67559
4130729687.500001,-62.02623
4130730625.000001,-62.02228
4130731562.500001,-61.61152
4130732500.000001,-61.89494
4130733437.500001,-61.89438
4130734375.000001,-62.0321
4130735312.500001,-61.93877
4130736250.000001,-62.09442
4130737187.500001,-61.70113
4130738125.000001,-61.58727
4130739062.500001,-61.95187
4130740000.000001,-61.93398
4130740937.500001,-61.87573
4130741875.000001,-61.95072
4130742812.500001,-61.9549
4130743750.000001,-61.93501
4130744687.500001,-61.78914
4130745625.000001,-61.93893
4130746562.500001,-61.84519
4130747500.000001,-61.92945
4130748437.500001,-61.86271
4130749375.000001,-61.89677
4130750312.500001,-61.82282
4130751250.000001,-62.10138
4130752187.500001,-61.7317
4130753125.000001,-61.89387
4130754062.500001,-61.87907
4130755000.000001,-62.18122
4130755937.500001,-61.7432
4130756875.000001,-61.907
4130757812.500001,-61.81852
4130758750.000001,-61.76502
4130759687.500001,-62.04322
4130760625.000001,-61.97662
4130761562.500001,-61.88404
4130762500.000001,-61.94094
4130763437.500001,-61.78898
4130764375.000001,-61.76939
4130765312.500001,-61.94503
4130766250.000001,-61.90224
4130767187.500001,-61.98241
4130768125.000001,-61.96309
4130769062.500001,-61.79649
4130770000.000001,-61.98838
4130770937.500001,-61.871
4130771875.000001,-61.89142
4130772812.500001,-61.92415
4130773750.000001,-62.0618
4130774687.500001,-61.96471
4130775625.000001,-61.9576
4130776562.500001,-61.71871
4130777500.000001,-62.16391
4130778437.500001,-61.98384
4130779375.000001,-61.91763
4130780312.500001,-62.06246
4130781250.000001,-61.96563
4130782187.500001,-61.86147
4130783125.000001,-61.57523
4130784062.500001,-61.57287
4130785000.000001,-61.99648
4130785937.500001,-61.88248
4130786875.000001,-62.05168
4130787812.500001,-61.99346
4130788750.000001,-61.87684
4130789687.500001,-61.97058
4130790625.000001,-61.66038
4130791562.500001,-61.79949
4130792500.000001,-61.98459
4130793437.500001,-61.72234
4130794375.000001,-62.04811
4130795312.500001,-61.99822
4130796250.000001,-61.81244
4130797187.500001,-61.82767
4130798125.000001,-62.11656
4130799062.500001,-61.92979
4130800000.000001,-61.91264
4130800937.500001,-61.97915
4130801875.000001,-61.88093
4130802812.500001,-62.01083
4130803750.000001,-62.03041
4130804687.500001,-62.1904
4130805625.000001,-62.09356
4130806562.500001,-62.2168
4130807500.000001,-61.92282
4130808437.500001,-62.07109
4130809375.000001,-62.03035
4130810312.500001,-61.91098
4130811250.000001,-62.16516
4130812187.500001,-61.83054
4130813125.000001,-61.99952
4130814062.500001,-61.97725
4130815000.000001,-61.90789
4130815937.500001,-61.97649
4130816875.000001,-61.91105
4130817812.500001,-61.98136
4130818750.000001,-62.15686
4130819687.500001,-61.958
4130820625.000001,-61.95097
4130821562.500001,-61.8873
4130822500.000001,-61.81176
4130823437.500001,-62.04343
4130824375.000001,-62.09436
4130825312.500001,-61.84338
4130826250.000001,-61.93883
4130827187.500001,-62.03548
4130828125.000001,-62.06506
4130829062.500001,-62.01019
4130830000.000001,-61.96396
4130830937.500001,-61.99104
4130831875.000001,-61.92353
4130832812.500001,-61.97635
4130833750.000001,-61.88091
4130834687.500001,-61.8735
4130835625.000001,-61.83231
4130836562.500001,-62.17839
4130837500.000001,-61.938
4130838437.500001,-62.23144
4130839375.000001,-61.90556
4130840312.500001,-62.03218
4130841250.000001,-62.08619
4130842187.500001,-61.98255
4130843125.000001,-62.15587
4130844062.500001,-62.11064
4130845000.000001,-62.28178
4130845937.500001,-62.16267
4130846875.000001,-61.95306
4130847812.500001,-62.05492
4130848750.000001,-61.87276
4130849687.500001,-62.00761
4130850625.000001,-62.1107
4130851562.500001,-62.10244
4130852500.000001,-61.96598
4130853437.500001,-62.23175
4130854375.000001,-62.06379
4130855312.500001,-61.86858
4130856250.000001,-61.86776
4130857187.500001,-62.0964
4130858125.000001,-61.85789
4130859062.500001,-61.89073
4130860000.000001,-62.00567
4130860937.500001,-62.06615
4130861875.000001,-62.24409
4130862812.500001,-61.89923
4130863750.000001,-62.04212
4130864687.500001,-61.9315
4130865625.000001,-61.92799
4130866562.500001,-62.02946
4130867500.000001,-62.12026
4130868437.500001,-62.01767
4130869375.000001,-62.08597
4130870312.500001,-62.11674
4130871250.000001,-62.15972
4130872187.500001,-62.02762
4130873125.000001,-62.13834
4130874062.500001,-62.16993
4130875000.000001,-62.00487
4130875937.500001,-61.89787
4130876875.000001,-62.03481
4130877812.500001,-62.05201
4130878750.000001,-62.03422
4130879687.500001,-62.32161
4130880625.000001,-62.10961
4130881562.500001,-62.25283
4130882500.000001,-61.93808
4130883437.500001,-62.06009
4130884375.000001,-62.10936
4130885312.500001,-62.09329
4130886250.000001,-62.07512
4130887187.500001,-62.10788
4130888125.000001,-62.10046
4130889062.500001,-62.27164
4130890000.000001,-62.09391
4130890937.500001,-61.9797
4130891875.000001,-62.14317
4130892812.500001,-62.00188
4130893750.000001,-61.94085
4130894687.500001,-62.19029
4130895625.000001,-61.9834
4130896562.500001,-62.08936
4130897500.000001,-62.12899
4130898437.500001,-62.1998
4130899375.000001,-62.051
4130900312.500001,-62.10287
4130901250.000001,-62.31212
4130902187.500001,-62.09065
4130903125.000001,-61.9781
4130904062.500001,-62.11625
4130905000.000001,-61.81963
4130905937.500001,-62.14856
4130906875.000001,-62.24985
4130907812.500001,-62.04629
4130908750.000001,-62.25257
4130909687.500001,-62.04984
4130910625.000001,-62.24371
4130911562.500001,-61.9048
4130912500.000001,-62.27414
4130913437.500001,-62.17502
4130914375.000001,-62.08818
4130915312.500001,-62.10839
4130916250.000001,-62.01367
4130917187.500001,-61.96488
4130918125.000001,-62.23627
4130919062.500001,-62.09817
4130920000.000001,-62.07833
4130920937.500001,-62.0145
4130921875.000001,-62.32512
4130922812.500001,-62.17554
4130923750.000001,-61.94891
4130924687.500001,-62.04165
4130925625.000001,-62.19427
4130926562.500001,-62.40611
4130927500.000001,-62.30857
4130928437.500001,-61.90606
4130929375.000001,-62.09314
4130930312.500001,-62.09928
4130931250.000001,-62.01017
4130932187.500001,-62.0187
4130933125.000001,-62.22586
4130934062.500001,-62.42286
4130935000.000001,-62.21128
4130935937.500001,-61.92556
4130936875.000001,-62.45715
4130937812.500001,-62.14427
4130938750.000001,-62.04026
4130939687.500001,-61.97924
4130940625.000001,-62.07263
4130941562.500001,-62.35973
4130942500.000001,-62.22298
4130943437.500001,-62.37108
4130944375.000001,-62.07509
4130945312.500001,-62.01871
4130946250.000001,-62.13886
4130947187.500001,-62.07756
4130948125.000001,-62.13499
4130949062.500001,-62.10521
4130950000.000001,-62.00589
4130950937.500001,-62.27615
4130951875.000001,-62.19733
4130952812.500001,-61.95272
4130953750.000001,-62.03191
4130954687.500001,-62.1352
4130955625.000001,-62.2887
4130956562.500001,-62.22652
4130957500.000001,-62.12817
4130958437.500001,-62.20248
4130959375.000001,-62.39944
4130960312.500001,-62.25298
4130961250.000001,-62.05348
4130962187.500001,-62.16573
4130963125.000001,-62.1506
4130964062.500001,-62.41457
4130965000.000001,-62.06176
4130965937.500001,-62.3283
4130966875.000001,-62.0255
4130967812.500001,-62.01206
4130968750.000001,-62.24084
4130969687.500001,-62.1081
4130970625.000001,-62.09259
4130971562.500001,-62.04012
4130972500.000001,-62.40536
4130973437.500001,-62.10072
4130974375.000001,-62.20799
4130975312.500001,-62.13592
4130976250.000001,-62.15766
4130977187.500001,-62.17144
4130978125.000001,-62.28608
4130979062.500001,-62.1402
4130980000.000001,-62.14128
4130980937.500001,-62.19875
4130981875.000001,-62.45211
4130982812.500001,-62.46729
4130983750.000001,-62.24502
4130984687.500001,-62.02901
4130985625.000001,-62.28537
4130986562.500001,-62.21087
4130987500.000001,-61.94647
4130988437.500001,-62.12335
4130989375.000001,-62.08419
4130990312.500001,-62.21799
4130991250.000001,-61.93753
4130992187.500001,-62.47018
4130993125.000001,-62.17658
4130994062.500001,-62.26188
4130995000.000001,-62.28135
