1384549687.5,-41.01135
1384549843.75,-41.0233
1384550000.0,-41.03866
1384550156.25,-41.03898
1384550312.5,-41.02114
1384550468.75,-41.03174
1384550625.0,-41.03587
1384550781.25,-41.03542
1384550937.5,-41.02435
1384551093.75,-41.02835
1384551250.0,-41.0257
1384551406.25,-41.03062
1384551562.5,-41.01683
1384551718.75,-41.03164
1384551875.0,-41.00823
1384552031.25,-41.01365
1384552187.5,-41.01561
1384552343.75,-41.02995
1384552500.0,-41.02503
1384552656.25,-41.01823
1384552812.5,-41.04275
1384552968.75,-41.00086
1384553125.0,-41.01728
1384553281.25,-41.02747
1384553437.5,-41.01034
1384553593.75,-41.03218
1384553750.0,-41.03112
1384553906.25,-41.0031
1384554062.5,-40.99974
1384554218.75,-41.01942
1384554375.0,-41.01399
1384554531.25,-41.01614
1384554687.5,-40.99926
1384554843.75,-41.01828
1384555000.0,-41.01056
1384555156.25,-41.0249
1384555312.5,-41.01037
1384555468.75,-40.99903
1384555625.0,-41.00839
1384555781.25,-40.99305
1384555937.5,-41.01113
1384556093.75,-41.01524
1384556250.0,-41.01087
1384556406.25,-41.00459
1384556562.5,-41.02065
1384556718.75,-41.00589
1384556875.0,-41.00924
1384557031.25,-41.01082
1384557187.5,-41.00574
1384557343.75,-41.01157
1384557500.0,-40.99813
1384557656.25,-41.00605
1384557812.5,-40.9902
1384557968.75,-40.99234
1384558125.0,-41.00393
1384558281.25,-41.01049
1384558437.5,-41.01041
1384558593.75,-41.0148
1384558750.0,-41.01898
1384558906.25,-41.01722
1384559062.5,-41.0003
1384559218.75,-40.9956
1384559375.0,-41.00548
1384559531.25,-40.99683
1384559687.5,-40.99534
1384559843.75,-40.99822
1384560000.0,-40.99267
1384560156.25,-40.97106
1384560312.5,-41.00307
1384560468.75,-40.99557
1384560625.0,-41.0067
1384560781.25,-40.99222
1384560937.5,-40.98199
1384561093.75,-40.99435
1384561250.0,-40.99236
1384561406.25,-40.99119
1384561562.5,-40.97672
1384561718.75,-41.00119
1384561875.0,-40.98711
1384562031.25,-40.9924
1384562187.5,-40.99329
1384562343.75,-40.98872
1384562500.0,-40.98603
1384562656.25,-40.99667
1384562812.5,-40.98248
1384562968.75,-40.9914
1384563125.0,-40.99448
1384563281.25,-40.9811
1384563437.5,-40.98911
1384563593.75,-40.98088
1384563750.0,-40.97089
1384563906.25,-40.98037
1384564062.5,-40.98726
1384564218.75,-40.99395
1384564375.0,-40.98329
1384564531.25,-41.00348
1384564687.5,-40.9904
1384564843.75,-40.99072
1384565000.0,-41.00395
1384565156.25,-40.99013
1384565312.5,-40.98631
1384565468.75,-40.99923
1384565625.0,-40.99691
1384565781.25,-40.97624
1384565937.5,-40.9925
1384566093.75,-40.98703
1384566250.0,-40.98032
1384566406.25,-40.97544
1384566562.5,-40.99384
1384566718.75,-41.01061
1384566875.0,-40.97577
1384567031.25,-40.97797
1384567187.5,-41.00549
1384567343.75,-40.9854
1384567500.0,-40.99029
1384567656.25,-40.96484
1384567812.5,-40.99482
1384567968.75,-40.98277
1384568125.0,-40.97692
1384568281.25,-40.96999
1384568437.5,-40.97803
1384568593.75,-40.95275
1384568750.0,-40.96832
1384568906.25,-40.96856
1384569062.5,-40.98473
1384569218.75,-40.95993
1384569375.0,-40.97919
1384569531.25,-40.97392
1384569687.5,-40.98372
1384569843.75,-40.9684
1384570000.0,-40.98505
1384570156.25,-40.97578
1384570312.5,-40.95016
1384570468.75,-40.99245
1384570625.0,-40.97892
1384570781.25,-40.98218
1384570937.5,-40.97864
1384571093.75,-40.97612
1384571250.0,-40.96789
1384571406.25,-40.95572
1384571562.5,-40.96596
1384571718.75,-40.97526
1384571875.0,-40.97909
1384572031.25,-40.96931
1384572187.5,-40.96847
1384572343.75,-40.96923
1384572500.0,-40.97806
1384572656.25,-40.97247
1384572812.5,-40.97181
1384572968.75,-40.97287
1384573125.0,-40.97997
1384573281.25,-40.98375
1384573437.5,-40.96835
1384573593.75,-40.96212
1384573750.0,-40.97225
1384573906.25,-40.95943
1384574062.5,-40.95851
1384574218.75,-40.98187
1384574375.0,-40.98408
1384574531.25,-40.97164
1384574687.5,-40.97319
1384574843.75,-40.97026
1384575000.0,-40.9648
1384575156.25,-40.97661
1384575312.5,-40.96807
1384575468.75,-40.99099
1384575625.0,-40.96021
1384575781.25,-40.965
1384575937.5,-40.97384
1384576093.75,-40.9617
1384576250.0,-40.95055
1384576406.25,-40.95061
1384576562.5,-40.96115
1384576718.75,-40.95144
1384576875.0,-40.96272
1384577031.25,-40.96565
1384577187.5,-40.96489
1384577343.75,-40.93557
1384577500.0,-40.93941
1384577656.25,-40.96004
1384577812.5,-40.97685
1384577968.75,-40.95717
1384578125.0,-40.94954
1384578281.25,-40.94656
1384578437.5,-40.95498
1384578593.75,-40.94432
1384578750.0,-40.94032
1384578906.25,-40.95283
1384579062.5,-40.93845
1384579218.75,-40.94215
1384579375.0,-40.94954
1384579531.25,-40.96358
1384579687.5,-40.96168
1384579843.75,-40.95242
1384580000.0,-40.94984
1384580156.25,-40.95157
1384580312.5,-40.94885
1384580468.75,-40.94724
1384580625.0,-40.94496
1384580781.25,-40.94935
1384580937.5,-40.95018
1384581093.75,-40.94988
1384581250.0,-40.97142
1384581406.25,-40.96853
1384581562.5,-40.94736
1384581718.75,-40.94001
1384581875.0,-40.97273
1384582031.25,-40.94789
1384582187.5,-40.97017
1384582343.75,-40.95562
1384582500.0,-40.95424
1384582656.25,-40.95781
1384582812.5,-40.94649
1384582968.75,-40.95502
1384583125.0,-40.94321
1384583281.25,-40.95727
1384583437.5,-40.94274
1384583593.75,-40.94133
1384583750.0,-40.95554
1384583906.25,-40.93157
1384584062.5,-40.94985
1384584218.75,-40.94994
1384584375.0,-40.94831
1384584531.25,-40.95711
1384584687.5,-40.90705
1384584843.75,-40.94595
1384585000.0,-40.94057
1384585156.25,-40.9309
1384585312.5,-40.93727
1384585468.75,-40.94329
1384585625.0,-40.91759
1384585781.25,-40.94682
1384585937.5,-40.94284
1384586093.75,-40.94403
1384586250.0,-40.94195
1384586406.25,-40.94919
1384586562.5,-40.92865
1384586718.75,-40.93674
1384586875.0,-40.94019
1384587031.25,-40.92553
1384587187.5,-40.91939
1384587343.75,-40.91898
1384587500.0,-40.9495
1384587656.25,-40.96094
1384587812.5,-40.93067
1384587968.75,-40.93959
1384588125.0,-40.93152
1384588281.25,-40.94613
1384588437.5,-40.9441
1384588593.75,-40.9342
1384588750.0,-40.93878
1384588906.25,-40.9332
1384589062.5,-40.92652
1384589218.75,-40.92619
1384589375.0,-40.91951
1384589531.25,-40.92348
1384589687.5,-40.94384
1384589843.75,-40.90934
1384590000.0,-40.92056
1384590156.25,-40.93041
1384590312.5,-40.92072
1384590468.75,-40.91743
1384590625.0,-40.91816
1384590781.25,-40.94227
1384590937.5,-40.91164
1384591093.75,-40.91967
1384591250.0,-40.93145
1384591406.25,-40.93384
1384591562.5,-40.91887
1384591718.75,-40.92419
1384591875.0,-40.92713
1384592031.25,-40.91644
1384592187.5,-40.91014
1384592343.75,-40.91514
1384592500.0,-40.91854
1384592656.25,-40.92582
1384592812.5,-40.93112
1384592968.75,-40.91216
1384593125.0,-40.91509
1384593281.25,-40.91467
1384593437.5,-40.91901
1384593593.75,-40.9285
1384593750.0,-40.89352
1384593906.25,-40.95272
1384594062.5,-40.92267
1384594218.75,-40.92051
1384594375.0,-40.92658
1384594531.25,-40.9224
1384594687.5,-40.93122
1384594843.75,-40.92567
1384595000.0,-40.92299
1384595156.25,-40.92676
1384595312.5,-40.91367
1384595468.75,-40.92731
1384595625.0,-40.91651
1384595781.25,-40.91944
1384595937.5,-40.90312
1384596093.75,-40.9116
1384596250.0,-40.92012
1384596406.25,-40.90674
1384596562.5,-40.90002
1384596718.75,-40.90844
1384596875.0,-40.89739
1384597031.25,-40.9081
1384597187.5,-40.9072
1384597343.75,-40.90819
1384597500.0,-40.919
1384597656.25,-40.91254
1384597812.5,-40.91092
1384597968.75,-40.9157
1384598125.0,-40.8941
1384598281.25,-40.90953
1384598437.5,-40.90893
1384598593.75,-40.89883
1384598750.0,-40.89317
1384598906.25,-40.90147
1384599062.5,-40.92451
1384599218.75,-40.90546
1384599375.0,-40.90746
1384599531.25,-40.91492
1384599687.5,-40.90411
1384599843.75,-40.90969
1384600000.0,-40.89686
1384600156.25,-40.89708
1384600312.5,-40.89779
1384600468.75,-40.91661
1384600625.0,-40.89927
1384600781.25,-40.90575
1384600937.5,-40.88219
1384601093.75,-40.90936
1384601250.0,-40.88866
1384601406.25,-40.90351
1384601562.5,-40.91098
1384601718.75,-40.9092
1384601875.0,-40.90431
1384602031.25,-40.91357
1384602187.5,-40.92031
1384602343.75,-40.90822
1384602500.0,-40.88993
1384602656.25,-40.88984
1384602812.5,-40.88529
1384602968.75,-40.89356
1384603125.0,-40.89329
1384603281.25,-40.89333
1384603437.5,-40.89551
1384603593.75,-40.9053
1384603750.0,-40.88803
1384603906.25,-40.89796
1384604062.5,-40.88594
1384604218.75,-40.90707
1384604375.0,-40.89093
1384604531.25,-40.89149
1384604687.5,-40.89471
1384604843.75,-40.89562
1384605000.0,-40.88117
1384605156.25,-40.88166
1384605312.5,-40.89864
1384605468.75,-40.88352
1384605625.0,-40.89881
1384605781.25,-40.88975
1384605937.5,-40.88853
1384606093.75,-40.88628
1384606250.0,-40.87408
1384606406.25,-40.89795
1384606562.5,-40.88664
1384606718.75,-40.87574
1384606875.0,-40.88842
1384607031.25,-40.89223
1384607187.5,-40.88125
1384607343.75,-40.89594
1384607500.0,-40.89262
1384607656.25,-40.89602
1384607812.5,-40.89214
1384607968.75,-40.89444
1384608125.0,-40.88682
1384608281.25,-40.88605
1384608437.5,-40.88169
1384608593.75,-40.88199
1384608750.0,-40.88335
1384608906.25,-40.87462
1384609062.5,-40.88303
1384609218.75,-40.88473
1384609375.0,-40.88347
1384609531.25,-40.88145
1384609687.5,-40.89515
1384609843.75,-40.8715
1384610000.0,-40.88508
1384610156.25,-40.87903
1384610312.5,-40.87073
1384610468.75,-40.87841
1384610625.0,-40.8796
1384610781.25,-40.86059
1384610937.5,-40.86901
1384611093.75,-40.88954
1384611250.0,-40.88465
1384611406.25,-40.88238
1384611562.5,-40.87601
1384611718.75,-40.87647
1384611875.0,-40.8778
1384612031.25,-40.86304
1384612187.5,-40.86858
1384612343.75,-40.85566
1384612500.0,-40.88576
1384612656.25,-40.86405
1384612812.5,-40.85809
1384612968.75,-40.88176
1384613125.0,-40.87989
1384613281.25,-40.8922
1384613437.5,-40.88316
1384613593.75,-40.85829
1384613750.0,-40.86651
1384613906.25,-40.86745
1384614062.5,-40.85904
1384614218.75,-40.86627
1384614375.0,-40.86095
1384614531.25,-40.86673
1384614687.5,-40.86921
1384614843.75,-40.85999
1384615000.0,-40.85722
1384615156.25,-40.86961
1384615312.5,-40.87479
1384615468.75,-40.87264
1384615625.0,-40.8621
1384615781.25,-40.86004
1384615937.5,-40.86596
1384616093.75,-40.87406
1384616250.0,-40.87352
1384616406.25,-40.86442
1384616562.5,-40.85772
1384616718.75,-40.85099
1384616875.0,-40.88568
1384617031.25,-40.85371
1384617187.5,-40.87799
1384617343.75,-40.85066
1384617500.0,-40.88779
1384617656.25,-40.87754
1384617812.5,-40.85534
1384617968.75,-40.87246
1384618125.0,-40.84774
1384618281.25,-40.87187
1384618437.5,-40.86632
1384618593.75,-40.84571
1384618750.0,-40.86004
1384618906.25,-40.85358
1384619062.5,-40.84953
1384619218.75,-40.8534
1384619375.0,-40.84883
1384619531.25,-40.86079
1384619687.5,-40.85227
1384619843.75,-40.85767
1384620000.0,-40.85532
1384620156.25,-40.86195
1384620312.5,-40.86451
1384620468.75,-40.86226
1384620625.0,-40.86351
1384620781.25,-40.85374
1384620937.5,-40.86762
1384621093.75,-40.84793
1384621250.0,-40.84892
1384621406.25,-40.86472
1384621562.5,-40.83908
1384621718.75,-40.84116
1384621875.0,-40.86313
1384622031.25,-40.87284
1384622187.5,-40.85527
1384622343.75,-40.84923
1384622500.0,-40.84481
1384622656.25,-40.83836
1384622812.5,-40.84621
1384622968.75,-40.85308
1384623125.0,-40.86069
1384623281.25,-40.84856
1384623437.5,-40.85553
1384623593.75,-40.83651
1384623750.0,-40.8497
1384623906.25,-40.85491
1384624062.5,-40.8512
1384624218.75,-40.84482
1384624375.0,-40.84605
1384624531.25,-40.82997
1384624687.5,-40.83411
1384624843.75,-40.84332
1384625000.0,-40.82365
1384625156.25,-40.84345
1384625312.5,-40.8322
1384625468.75,-40.83719
1384625625.0,-40.85272
1384625781.25,-40.83455
1384625937.5,-40.8412
1384626093.75,-40.84857
1384626250.0,-40.82659
1384626406.25,-40.84045
1384626562.5,-40.84432
1384626718.75,-40.8405
1384626875.0,-40.84626
1384627031.25,-40.82635
1384627187.5,-40.83818
1384627343.75,-40.82617
1384627500.0,-40.84422
1384627656.25,-40.81585
1384627812.5,-40.82878
1384627968.75,-40.84065
1384628125.0,-40.83145
1384628281.25,-40.8249
1384628437.5,-40.83205
1384628593.75,-40.82805
1384628750.0,-40.82552
1384628906.25,-40.84871
1384629062.5,-40.82706
1384629218.75,-40.80438
1384629375.0,-40.83935
1384629531.25,-40.84384
1384629687.5,-40.82732
1384629843.75,-40.82745
1384630000.0,-40.8164
1384630156.25,-40.82763
1384630312.5,-40.82702
1384630468.75,-40.82276
1384630625.0,-40.82308
1384630781.25,-40.83894
1384630937.5,-40.81271
1384631093.75,-40.82822
1384631250.0,-40.841
1384631406.25,-40.82146
1384631562.5,-40.82992
1384631718.75,-40.83128
1384631875.0,-40.82384
1384632031.25,-40.81593
1384632187.5,-40.82962
1384632343.75,-40.83374
1384632500.0,-40.82526
1384632656.25,-40.81132
1384632812.5,-40.83471
1384632968.75,-40.83194
1384633125.0,-40.83319
1384633281.25,-40.83005
1384633437.5,-40.83009
1384633593.75,-40.81833
1384633750.0,-40.81346
1384633906.25,-40.8256
1384634062.5,-40.8158
1384634218.75,-40.81063
1384634375.0,-40.81955
1384634531.25,-40.81854
1384634687.5,-40.81525
1384634843.75,-40.82079
1384635000.0,-40.80212
1384635156.25,-40.81915
1384635312.5,-40.81049
1384635468.75,-40.8183
1384635625.0,-40.81454
1384635781.25,-40.83969
1384635937.5,-40.8354
1384636093.75,-40.82005
1384636250.0,-40.81294
1384636406.25,-40.80014
1384636562.5,-40.80075
1384636718.75,-40.81329
1384636875.0,-40.83116
1384637031.25,-40.82033
1384637187.5,-40.81416
1384637343.75,-40.81961
1384637500.0,-40.81385
1384637656.25,-40.81177
1384637812.5,-40.80679
1384637968.75,-40.82111
1384638125.0,-40.81383
1384638281.25,-40.80245
1384638437.5,-40.80785
1384638593.75,-40.80122
1384638750.0,-40.80257
1384638906.25,-40.80279
1384639062.5,-40.8148
1384639218.75,-40.81804
1384639375.0,-40.80453
1384639531.25,-40.80654
1384639687.5,-40.81204
1384639843.75,-40.80397
1384640000.0,-40.82597
1384640156.25,-40.80902
1384640312.5,-40.80582
1384640468.75,-40.81838
1384640625.0,-40.81611
1384640781.25,-40.81459
1384640937.5,-40.81274
1384641093.75,-40.80775
1384641250.0,-40.80685
1384641406.25,-40.803
1384641562.5,-40.79674
1384641718.75,-40.80383
1384641875.0,-40.79841
1384642031.25,-40.80889
1384642187.5,-40.79047
1384642343.75,-40.78294
1384642500.0,-40.79202
1384642656.25,-40.8172
1384642812.5,-40.81239
1384642968.75,-40.78827
1384643125.0,-40.80685
1384643281.25,-40.79887
1384643437.5,-40.81703
1384643593.75,-40.8021
1384643750.0,-40.80385
1384643906.25,-40.80592
1384644062.5,-40.79742
1384644218.75,-40.77669
1384644375.0,-40.78913
1384644531.25,-40.80062
1384644687.5,-40.80605
1384644843.75,-40.79003
1384645000.0,-40.78865
1384645156.25,-40.79055
1384645312.5,-40.79743
1384645468.75,-40.79467
1384645625.0,-40.79035
1384645781.25,-40.78383
1384645937.5,-40.7726
1384646093.75,-40.78703
1384646250.0,-40.78146
1384646406.25,-40.798
1384646562.5,-40.81684
1384646718.75,-40.78704
1384646875.0,-40.78769
1384647031.25,-40.78862
1384647187.5,-40.78691
1384647343.75,-40.78564
1384647500.0,-40.79281
1384647656.25,-40.77496
1384647812.5,-40.79136
1384647968.75,-40.79225
1384648125.0,-40.77143
1384648281.25,-40.78625
1384648437.5,-40.77025
1384648593.75,-40.77792
1384648750.0,-40.79113
1384648906.25,-40.7907
1384649062.5,-40.79335
1384649218.75,-40.76953
1384649375.0,-40.77309
1384649531.25,-40.79261
1384649687.5,-40.79863
1384649843.75,-40.78026
1384650000.0,-40.77707
1384650156.25,-40.78868
1384650312.5,-40.77895
1384650468.75,-40.78391
1384650625.0,-40.77695
1384650781.25,-40.7902
1384650937.5,-40.78394
1384651093.75,-40.77406
1384651250.0,-40.76185
1384651406.25,-40.76298
1384651562.5,-40.79076
1384651718.75,-40.77733
1384651875.0,-40.77022
1384652031.25,-40.77881
1384652187.5,-40.77974
1384652343.75,-40.77684
1384652500.0,-40.78494
1384652656.25,-40.79239
1384652812.5,-40.78636
1384652968.75,-40.76009
1384653125.0,-40.76397
1384653281.25,-40.77558
1384653437.5,-40.75758
1384653593.75,-40.79195
1384653750.0,-40.74966
1384653906.25,-40.78341
1384654062.5,-40.76932
1384654218.75,-40.77277
1384654375.0,-40.78407
1384654531.25,-40.76304
1384654687.5,-40.76961
1384654843.75,-40.76642
1384655000.0,-40.7772
1384655156.25,-40.76535
1384655312.5,-40.76951
1384655468.75,-40.76044
1384655625.0,-40.77804
1384655781.25,-40.77736
1384655937.5,-40.76606
1384656093.75,-40.76206
1384656250.0,-40.76951
1384656406.25,-40.75858
1384656562.5,-40.76262
1384656718.75,-40.75747
1384656875.0,-40.77728
1384657031.25,-40.76056
1384657187.5,-40.75345
1384657343.75,-40.78072
1384657500.0,-40.78096
1384657656.25,-40.75853
1384657812.5,-40.7421
1384657968.75,-40.76128
1384658125.0,-40.7499
1384658281.25,-40.75307
1384658437.5,-40.74471
1384658593.75,-40.7697
1384658750.0,-40.75764
1384658906.25,-40.77014
1384659062.5,-40.77719
1384659218.75,-40.75256
1384659375.0,-40.76682
1384659531.25,-40.76147
1384659687.5,-40.75759
1384659843.75,-40.75979
1384660000.0,-40.76893
1384660156.25,-40.76856
1384660312.5,-40.72928
1384660468.75,-40.76165
1384660625.0,-40.74997
1384660781.25,-40.74747
1384660937.5,-40.74019
1384661093.75,-40.74197
1384661250.0,-40.75627
1384661406.25,-40.75254
1384661562.5,-40.76498
1384661718.75,-40.73177
1384661875.0,-40.76643
1384662031.25,-40.76382
1384662187.5,-40.74963
1384662343.75,-40.74989
1384662500.0,-40.7349
1384662656.25,-40.75446
1384662812.5,-40.74334
1384662968.75,-40.7438
1384663125.0,-40.74974
1384663281.25,-40.75116
1384663437.5,-40.75588
1384663593.75,-40.72535
1384663750.0,-40.75004
1384663906.25,-40.75542
1384664062.5,-40.73521
1384664218.75,-40.74836
1384664375.0,-40.75002
1384664531.25,-40.74175
1384664687.5,-40.74878
1384664843.75,-40.73634
1384665000.0,-40.75291
1384665156.25,-40.74119
1384665312.5,-40.74905
1384665468.75,-40.74807
1384665625.0,-40.74816
1384665781.25,-40.7494
1384665937.5,-40.74584
1384666093.75,-40.73607
1384666250.0,-40.74684
1384666406.25,-40.75103
1384666562.5,-40.75156
1384666718.75,-40.73856
1384666875.0,-40.74105
1384667031.25,-40.74393
1384667187.5,-40.74101
1384667343.75,-40.74308
1384667500.0,-40.72716
1384667656.25,-40.73993
1384667812.5,-40.72778
1384667968.75,-40.72647
1384668125.0,-40.72035
1384668281.25,-40.75251
1384668437.5,-40.72549
1384668593.75,-40.75496
1384668750.0,-40.74025
1384668906.25,-40.74842
1384669062.5,-40.72989
1384669218.75,-40.71786
1384669375.0,-40.73664
1384669531.25,-40.72839
1384669687.5,-40.73371
1384669843.75,-40.74363
1384670000.0,-40.74581
1384670156.25,-40.73756
1384670312.5,-40.73775
1384670468.75,-40.73698
1384670625.0,-40.72815
1384670781.25,-40.74506
1384670937.5,-40.7293
1384671093.75,-40.72244
1384671250.0,-40.72286
1384671406.25,-40.73989
1384671562.5,-40.72141
1384671718.75,-40.74074
1384671875.0,-40.72543
1384672031.25,-40.71478
1384672187.5,-40.74422
1384672343.75,-40.71795
1384672500.0,-40.73701
1384672656.25,-40.7167
1384672812.5,-40.71536
1384672968.75,-40.72028
1384673125.0,-40.73775
1384673281.25,-40.71772
1384673437.5,-40.71384
1384673593.75,-40.72088
1384673750.0,-40.7367
1384673906.25,-40.70988
1384674062.5,-40.73408
1384674218.75,-40.72588
1384674375.0,-40.74357
1384674531.25,-40.73111
1384674687.5,-40.71701
1384674843.75,-40.71927
1384675000.0,-40.73651
1384675156.25,-40.72584
1384675312.5,-40.7131
1384675468.75,-40.72628
1384675625.0,-40.72105
1384675781.25,-40.72965
1384675937.5,-40.71993
1384676093.75,-40.7203
1384676250.0,-40.72221
1384676406.25,-40.70997
1384676562.5,-40.72493
1384676718.75,-40.71532
1384676875.0,-40.71181
1384677031.25,-40.73227
1384677187.5,-40.71938
1384677343.75,-40.7026
1384677500.0,-40.74086
1384677656.25,-40.71606
1384677812.5,-40.7057
1384677968.75,-40.71089
1384678125.0,-40.71878
1384678281.25,-40.70137
1384678437.5,-40.70766
1384678593.75,-40.70033
1384678750.0,-40.73538
1384678906.25,-40.71656
1384679062.5,-40.7017
1384679218.75,-40.69431
1384679375.0,-40.71863
1384679531.25,-40.70638
1384679687.5,-40.70847
1384679843.75,-40.71331
1384680000.0,-40.70148
1384680156.25,-40.72725
1384680312.5,-40.71255
1384680468.75,-40.69217
1384680625.0,-40.71255
1384680781.25,-40.68524
1384680937.5,-40.71579
1384681093.75,-40.70863
1384681250.0,-40.71778
1384681406.25,-40.71495
1384681562.5,-40.71307
1384681718.75,-40.6934
1384681875.0,-40.70498
1384682031.25,-40.71429
1384682187.5,-40.70218
1384682343.75,-40.70877
1384682500.0,-40.71973
1384682656.25,-40.68584
1384682812.5,-40.69193
1384682968.75,-40.67873
1384683125.0,-40.70294
1384683281.25,-40.71126
1384683437.5,-40.69694
1384683593.75,-40.68849
1384683750.0,-40.69413
1384683906.25,-40.70053
1384684062.5,-40.71359
1384684218.75,-40.72675
1384684375.0,-40.70517
1384684531.25,-40.69632
1384684687.5,-40.69913
1384684843.75,-40.69244
1384685000.0,-40.70186
1384685156.25,-40.6905
1384685312.5,-40.68981
1384685468.75,-40.70168
1384685625.0,-40.6912
1384685781.25,-40.70485
1384685937.5,-40.69499
1384686093.75,-40.7063
1384686250.0,-40.68144
1384686406.25,-40.68703
1384686562.5,-40.68982
1384686718.75,-40.69723
1384686875.0,-40.69131
1384687031.25,-40.69828
1384687187.5,-40.68638
1384687343.75,-40.70499
1384687500.0,-40.6834
1384687656.25,-40.68596
1384687812.5,-40.68585
1384687968.75,-40.69117
1384688125.0,-40.67692
1384688281.25,-40.69402
1384688437.5,-40.68805
1384688593.75,-40.70718
1384688750.0,-40.69547
1384688906.25,-40.67418
1384689062.5,-40.68225
1384689218.75,-40.67955
1384689375.0,-40.69428
1384689531.25,-40.67728
1384689687.5,-40.67195
1384689843.75,-40.66903
1384690000.0,-40.67853
1384690156.25,-40.65987
1384690312.5,-40.70095
1384690468.75,-40.67554
1384690625.0,-40.67171
1384690781.25,-40.66441
1384690937.5,-40.70249
1384691093.75,-40.67967
1384691250.0,-40.67764
1384691406.25,-40.69708
1384691562.5,-40.66421
1384691718.75,-40.68578
1384691875.0,-40.68907
1384692031.25,-40.6753
1384692187.5,-40.69421
1384692343.75,-40.67497
1384692500.0,-40.67328
1384692656.25,-40.68591
1384692812.5,-40.67434
1384692968.75,-40.68859
1384693125.0,-40.64609
1384693281.25,-40.66908
1384693437.5,-40.6713
1384693593.75,-40.68403
1384693750.0,-40.66862
1384693906.25,-40.6735
1384694062.5,-40.66494
1384694218.75,-40.66406
1384694375.0,-40.69345
1384694531.25,-40.67692
1384694687.5,-40.66402
1384694843.75,-40.6552
1384695000.0,-40.66041
1384695156.25,-40.6687
1384695312.5,-40.67048
1384695468.75,-40.6741
1384695625.0,-40.66044
1384695781.25,-40.6689
1384695937.5,-40.67394
1384696093.75,-40.66758
1384696250.0,-40.68774
1384696406.25,-40.68313
1384696562.5,-40.67647
1384696718.75,-40.67051
1384696875.0,-40.66164
1384697031.25,-40.66904
1384697187.5,-40.66502
1384697343.75,-40.69141
1384697500.0,-40.6588
1384697656.25,-40.65115
1384697812.5,-40.64969
1384697968.75,-40.66215
1384698125.0,-40.66989
1384698281.25,-40.64791
1384698437.5,-40.66936
1384698593.75,-40.66523
1384698750.0,-40.67683
1384698906.25,-40.66514
1384699062.5,-40.65793
1384699218.75,-40.66809
1384699375.0,-40.66015
1384699531.25,-40.68939
1384699687.5,-40.67287
1384699843.75,-40.6587
1384700000.0,-40.67498
1384700156.25,-40.64983
1384700312.5,-40.63437
1384700468.75,-40.66978
1384700625.0,-40.65514
1384700781.25,-40.66521
1384700937.5,-40.66677
1384701093.75,-40.62866
1384701250.0,-40.6631
1384701406.25,-40.66455
1384701562.5,-40.64544
1384701718.75,-40.66044
1384701875.0,-40.65098
1384702031.25,-40.65118
1384702187.5,-40.66053
1384702343.75,-40.64317
1384702500.0,-40.6687
1384702656.25,-40.66504
1384702812.5,-40.64077
1384702968.75,-40.67134
1384703125.0,-40.64058
1384703281.25,-40.6483
1384703437.5,-40.63607
1384703593.75,-40.64004
1384703750.0,-40.65807
1384703906.25,-40.64068
1384704062.5,-40.64266
1384704218.75,-40.63835
1384704375.0,-40.65421
1384704531.25,-40.63807
1384704687.5,-40.65051
1384704843.75,-40.62865
1384705000.0,-40.61538
1384705156.25,-40.65233
1384705312.5,-40.64536
1384705468.75,-40.62636
1384705625.0,-40.63874
1384705781.25,-40.63496
1384705937.5,-40.63981
1384706093.75,-40.64379
1384706250.0,-40.63337
1384706406.25,-40.64997
1384706562.5,-40.6356
1384706718.75,-40.6361
1384706875.0,-40.64852
1384707031.25,-40.65028
1384707187.5,-40.64389
1384707343.75,-40.63421
1384707500.0,-40.65197
1384707656.25,-40.64918
1384707812.5,-40.63094
1384707968.75,-40.65179
1384708125.0,-40.64563
1384708281.25,-40.64388
1384708437.5,-40.63297
1384708593.75,-40.64508
1384708750.0,-40.62999
1384708906.25,-40.64883
1384709062.5,-40.62164
1384709218.75,-40.63006
1384709375.0,-40.63506
1384709531.25,-40.6417
1384709687.5,-40.6477
1384709843.75,-40.65353
1384710000.0,-40.6315
1384710156.25,-40.64844
1384710312.5,-40.64488
1384710468.75,-40.62158
1384710625.0,-40.64166
1384710781.25,-40.62534
1384710937.5,-40.63261
1384711093.75,-40.62971
1384711250.0,-40.63488
1384711406.25,-40.61708
1384711562.5,-40.63317
1384711718.75,-40.63927
1384711875.0,-40.62978
1384712031.25,-40.61208
1384712187.5,-40.62634
1384712343.75,-40.62151
1384712500.0,-40.63887
1384712656.25,-40.62224
1384712812.5,-40.61885
1384712968.75,-40.61432
1384713125.0,-40.63425
1384713281.25,-40.63188
1384713437.5,-40.62823
1384713593.75,-40.61055
1384713750.0,-40.61481
1384713906.25,-40.62862
1384714062.5,-40.62443
1384714218.75,-40.60666
1384714375.0,-40.64716
1384714531.25,-40.60714
1384714687.5,-40.62849
1384714843.75,-40.61926
1384715000.0,-40.62323
1384715156.25,-40.64446
1384715312.5,-40.62121
1384715468.75,-40.61991
1384715625.0,-40.61489
1384715781.25,-40.61493
1384715937.5,-40.62344
1384716093.75,-40.61306
1384716250.0,-40.62017
1384716406.25,-40.6102
1384716562.5,-40.61526
1384716718.75,-40.60035
1384716875.0,-40.61396
1384717031.25,-40.63593
1384717187.5,-40.6128
1384717343.75,-40.61443
1384717500.0,-40.62865
1384717656.25,-40.62587
1384717812.5,-40.6374
1384717968.75,-40.60314
1384718125.0,-40.5983
1384718281.25,-40.61456
1384718437.5,-40.60448
1384718593.75,-40.60734
1384718750.0,-40.61101
1384718906.25,-40.62565
1384719062.5,-40.62311
1384719218.75,-40.60038
1384719375.0,-40.59753
1384719531.25,-40.58931
1384719687.5,-40.60722
1384719843.75,-40.60341
1384720000.0,-40.61051
1384720156.25,-40.63044
1384720312.5,-40.6103
1384720468.75,-40.62953
1384720625.0,-40.59397
1384720781.25,-40.60561
1384720937.5,-40.5961
1384721093.75,-40.59945
1384721250.0,-40.60242
1384721406.25,-40.60913
1384721562.5,-40.62013
1384721718.75,-40.61483
1384721875.0,-40.61029
1384722031.25,-40.6163
1384722187.5,-40.60511
1384722343.75,-40.59426
1384722500.0,-40.59741
1384722656.25,-40.59709
1384722812.5,-40.59727
1384722968.75,-40.60161
1384723125.0,-40.5985
1384723281.25,-40.59938
1384723437.5,-40.60992
1384723593.75,-40.60174
1384723750.0,-40.60233
1384723906.25,-40.60589
1384724062.5,-40.61308
1384724218.75,-40.6152
1384724375.0,-40.58761
1384724531.25,-40.61291
1384724687.5,-40.59253
1384724843.75,-40.60534
1384725000.0,-40.58131
1384725156.25,-40.60236
1384725312.5,-40.59602
1384725468.75,-40.60855
1384725625.0,-40.60743
1384725781.25,-40.59895
1384725937.5,-40.60312
1384726093.75,-40.61283
1384726250.0,-40.58326
1384726406.25,-40.59531
1384726562.5,-40.59376
1384726718.75,-40.59694
1384726875.0,-40.5969
1384727031.25,-40.60342
1384727187.5,-40.59875
1384727343.75,-40.59619
1384727500.0,-40.58601
1384727656.25,-40.57788
1384727812.5,-40.575
1384727968.75,-40.57432
1384728125.0,-40.58241
1384728281.25,-40.58953
1384728437.5,-40.58788
1384728593.75,-40.57858
1384728750.0,-40.583
1384728906.25,-40.57091
1384729062.5,-40.57387
1384729218.75,-40.59196
1384729375.0,-40.56644
1384729531.25,-40.59247
1384729687.5,-40.60255
1384729843.75,-40.57481
1384730000.0,-40.59285
1384730156.25,-40.58014
1384730312.5,-40.57604
1384730468.75,-40.58767
1384730625.0,-40.59007
1384730781.25,-40.57005
1384730937.5,-40.58289
1384731093.75,-40.57975
1384731250.0,-40.60128
1384731406.25,-40.59318
1384731562.5,-40.57282
1384731718.75,-40.56981
1384731875.0,-40.57901
1384732031.25,-40.55783
1384732187.5,-40.57624
1384732343.75,-40.57594
1384732500.0,-40.5849
1384732656.25,-40.57997
1384732812.5,-40.58285
1384732968.75,-40.59153
1384733125.0,-40.58303
1384733281.25,-40.59327
1384733437.5,-40.57855
1384733593.75,-40.57367
1384733750.0,-40.57022
1384733906.25,-40.57603
1384734062.5,-40.5882
1384734218.75,-40.56907
1384734375.0,-40.58753
1384734531.25,-40.56919
1384734687.5,-40.58764
1384734843.75,-40.57723
1384735000.0,-40.58397
1384735156.25,-40.57385
1384735312.5,-40.56948
1384735468.75,-40.56783
1384735625.0,-40.57283
1384735781.25,-40.56438
1384735937.5,-40.56066
1384736093.75,-40.56528
1384736250.0,-40.58024
1384736406.25,-40.55893
1384736562.5,-40.56627
1384736718.75,-40.56818
1384736875.0,-40.55503
1384737031.25,-40.58432
1384737187.5,-40.56178
1384737343.75,-40.56786
1384737500.0,-40.57341
1384737656.25,-40.55751
1384737812.5,-40.56246
1384737968.75,-40.56315
1384738125.0,-40.56392
1384738281.25,-40.55317
1384738437.5,-40.56163
1384738593.75,-40.56465
1384738750.0,-40.56284
1384738906.25,-40.5569
1384739062.5,-40.55384
1384739218.75,-40.55435
1384739375.0,-40.54185
1384739531.25,-40.56017
1384739687.5,-40.5663
1384739843.75,-40.57393
1384740000.0,-40.56635
1384740156.25,-40.57629
1384740312.5,-40.56192
1384740468.75,-40.55827
1384740625.0,-40.56762
1384740781.25,-40.55786
1384740937.5,-40.55444
1384741093.75,-40.54769
1384741250.0,-40.56135
1384741406.25,-40.54943
1384741562.5,-40.54286
1384741718.75,-40.5622
1384741875.0,-40.56268
1384742031.25,-40.5423
1384742187.5,-40.54016
1384742343.75,-40.55993
1384742500.0,-40.54188
1384742656.25,-40.56168
1384742812.5,-40.547
1384742968.75,-40.56342
1384743125.0,-40.54839
1384743281.25,-40.55483
1384743437.5,-40.5323
1384743593.75,-40.54417
1384743750.0,-40.54102
1384743906.25,-40.55583
1384744062.5,-40.55027
1384744218.75,-40.53795
1384744375.0,-40.56212
1384744531.25,-40.56815
1384744687.5,-40.53961
1384744843.75,-40.54063
1384745000.0,-40.5669
1384745156.25,-40.54744
1384745312.5,-40.55116
1384745468.75,-40.55077
1384745625.0,-40.54182
1384745781.25,-40.52807
1384745937.5,-40.54201
1384746093.75,-40.53879
1384746250.0,-40.55004
1384746406.25,-40.54729
1384746562.5,-40.52817
1384746718.75,-40.54274
1384746875.0,-40.54434
1384747031.25,-40.54564
1384747187.5,-40.54751
1384747343.75,-40.55607
1384747500.0,-40.55593
1384747656.25,-40.52932
1384747812.5,-40.53878
1384747968.75,-40.55189
1384748125.0,-40.54095
1384748281.25,-40.54908
1384748437.5,-40.53965
1384748593.75,-40.5478
1384748750.0,-40.53448
1384748906.25,-40.52766
1384749062.5,-40.53901
1384749218.75,-40.55072
1384749375.0,-40.52084
1384749531.25,-40.53689
1384749687.5,-40.54106
1384749843.75,-40.54082
1384750000.0,-40.53222
1384750156.25,-40.5392
1384750312.5,-40.53374
1384750468.75,-40.51991
1384750625.0,-40.53403
1384750781.25,-40.52804
1384750937.5,-40.54466
1384751093.75,-40.52702
1384751250.0,-40.53436
1384751406.25,-40.53861
1384751562.5,-40.52738
1384751718.75,-40.53135
1384751875.0,-40.55695
1384752031.25,-40.55673
1384752187.5,-40.51993
1384752343.75,-40.53323
1384752500.0,-40.5401
1384752656.25,-40.54007
1384752812.5,-40.52852
1384752968.75,-40.53162
1384753125.0,-40.51879
1384753281.25,-40.52961
1384753437.5,-40.52045
1384753593.75,-40.52028
1384753750.0,-40.52177
1384753906.25,-40.50848
1384754062.5,-40.51737
1384754218.75,-40.52681
1384754375.0,-40.51157
1384754531.25,-40.53335
1384754687.5,-40.52615
1384754843.75,-40.51294
1384755000.0,-40.54059
1384755156.25,-40.51935
1384755312.5,-40.52197
1384755468.75,-40.52492
1384755625.0,-40.52271
1384755781.25,-40.50604
1384755937.5,-40.52156
1384756093.75,-40.53151
1384756250.0,-40.52128
1384756406.25,-40.52209
1384756562.5,-40.516
1384756718.75,-40.51819
1384756875.0,-40.49992
1384757031.25,-40.51706
1384757187.5,-40.5297
1384757343.75,-40.50203
1384757500.0,-40.51546
1384757656.25,-40.532
1384757812.5,-40.51554
1384757968.75,-40.52465
1384758125.0,-40.5113
1384758281.25,-40.51254
1384758437.5,-40.51428
1384758593.75,-40.52032
1384758750.0,-40.48645
1384758906.25,-40.50844
1384759062.5,-40.51365
1384759218.75,-40.50977
1384759375.0,-40.50796
1384759531.25,-40.51311
1384759687.5,-40.4962
1384759843.75,-40.51138
1384760000.0,-40.52159
1384760156.25,-40.50242
1384760312.5,-40.50169
1384760468.75,-40.50567
1384760625.0,-40.51239
1384760781.25,-40.49646
1384760937.5,-40.51141
1384761093.75,-40.51884
1384761250.0,-40.50985
1384761406.25,-40.49781
1384761562.5,-40.52218
1384761718.75,-40.49334
1384761875.0,-40.51139
1384762031.25,-40.5051
1384762187.5,-40.51814
1384762343.75,-40.49091
1384762500.0,-40.51435
1384762656.25,-40.51046
1384762812.5,-40.50986
1384762968.75,-40.51839
1384763125.0,-40.49943
1384763281.25,-40.51237
1384763437.5,-40.49667
1384763593.75,-40.51138
1384763750.0,-40.48833
1384763906.25,-40.50829
1384764062.5,-40.50768
1384764218.75,-40.49179
1384764375.0,-40.46675
1384764531.25,-40.48829
1384764687.5,-40.48821
1384764843.75,-40.49651
1384765000.0,-40.47686
1384765156.25,-40.49653
1384765312.5,-40.497
1384765468.75,-40.48856
1384765625.0,-40.5069
1384765781.25,-40.49604
1384765937.5,-40.49849
1384766093.75,-40.4934
1384766250.0,-40.48004
1384766406.25,-40.49577
1384766562.5,-40.49688
1384766718.75,-40.48323
1384766875.0,-40.48724
1384767031.25,-40.48763
1384767187.5,-40.49264
1384767343.75,-40.50073
1384767500.0,-40.48625
1384767656.25,-40.49052
1384767812.5,-40.49791
1384767968.75,-40.48653
1384768125.0,-40.48713
1384768281.25,-40.49612
1384768437.5,-40.48774
1384768593.75,-40.48421
1384768750.0,-40.49696
1384768906.25,-40.49858
1384769062.5,-40.49129
1384769218.75,-40.46899
1384769375.0,-40.47498
1384769531.25,-40.48723
1384769687.5,-40.49039
1384769843.75,-40.47451
1384770000.0,-40.49606
1384770156.25,-40.47339
1384770312.5,-40.48581
1384770468.75,-40.47861
1384770625.0,-40.49053
1384770781.25,-40.47829
1384770937.5,-40.49953
1384771093.75,-40.48051
1384771250.0,-40.46981
1384771406.25,-40.48081
1384771562.5,-40.47409
1384771718.75,-40.45104
1384771875.0,-40.47539
1384772031.25,-40.48386
1384772187.5,-40.47479
1384772343.75,-40.47799
1384772500.0,-40.49401
1384772656.25,-40.49177
1384772812.5,-40.48
1384772968.75,-40.4822
1384773125.0,-40.46071
1384773281.25,-40.46843
1384773437.5,-40.47549
1384773593.75,-40.47842
1384773750.0,-40.47465
1384773906.25,-40.47561
1384774062.5,-40.48982
1384774218.75,-40.46405
1384774375.0,-40.46062
1384774531.25,-40.48359
1384774687.5,-40.47672
1384774843.75,-40.46184
1384775000.0,-40.4621
1384775156.25,-40.47001
1384775312.5,-40.44726
1384775468.75,-40.47722
1384775625.0,-40.46821
1384775781.25,-40.46295
1384775937.5,-40.47976
1384776093.75,-40.46326
1384776250.0,-40.46654
1384776406.25,-40.46206
1384776562.5,-40.46738
1384776718.75,-40.46665
1384776875.0,-40.47033
1384777031.25,-40.45974
1384777187.5,-40.48239
1384777343.75,-40.4712
1384777500.0,-40.46507
1384777656.25,-40.45953
1384777812.5,-40.46778
1384777968.75,-40.46163
1384778125.0,-40.45982
1384778281.25,-40.46428
1384778437.5,-40.47047
1384778593.75,-40.4635
1384778750.0,-40.44044
1384778906.25,-40.45519
1384779062.5,-40.46265
1384779218.75,-40.46974
1384779375.0,-40.47163
1384779531.25,-40.43763
1384779687.5,-40.46146
1384779843.75,-40.44751
1384780000.0,-40.44382
1384780156.25,-40.45573
1384780312.5,-40.46368
1384780468.75,-40.45045
1384780625.0,-40.4696
1384780781.25,-40.45231
1384780937.5,-40.45807
1384781093.75,-40.45258
1384781250.0,-40.46815
1384781406.25,-40.45576
1384781562.5,-40.44595
1384781718.75,-40.4463
1384781875.0,-40.45907
1384782031.25,-40.4768
1384782187.5,-40.45378
1384782343.75,-40.44679
1384782500.0,-40.44736
1384782656.25,-40.43622
1384782812.5,-40.45569
1384782968.75,-40.45719
1384783125.0,-40.45468
1384783281.25,-40.45443
1384783437.5,-40.43742
1384783593.75,-40.46276
1384783750.0,-40.43855
1384783906.25,-40.44212
1384784062.5,-40.44915
1384784218.75,-40.44841
1384784375.0,-40.448
1384784531.25,-40.45325
1384784687.5,-40.43898
1384784843.75,-40.44174
1384785000.0,-40.44551
1384785156.25,-40.45355
1384785312.5,-40.43818
1384785468.75,-40.41863
1384785625.0,-40.44121
1384785781.25,-40.45222
1384785937.5,-40.44888
1384786093.75,-40.46058
1384786250.0,-40.44942
1384786406.25,-40.45452
1384786562.5,-40.44512
1384786718.75,-40.42556
1384786875.0,-40.42606
1384787031.25,-40.42516
1384787187.5,-40.44901
1384787343.75,-40.43954
1384787500.0,-40.43159
1384787656.25,-40.4286
1384787812.5,-40.4258
1384787968.75,-40.43386
1384788125.0,-40.43606
1384788281.25,-40.43916
1384788437.5,-40.44221
1384788593.75,-40.44078
1384788750.0,-40.43181
1384788906.25,-40.41127
1384789062.5,-40.44078
1384789218.75,-40.45268
1384789375.0,-40.42439
1384789531.25,-40.44241
1384789687.5,-40.43577
1384789843.75,-40.43194
1384790000.0,-40.43309
1384790156.25,-40.42734
1384790312.5,-40.4178
1384790468.75,-40.43105
1384790625.0,-40.43033
1384790781.25,-40.43324
1384790937.5,-40.42865
1384791093.75,-40.41339
1384791250.0,-40.428
1384791406.25,-40.42725
1384791562.5,-40.42891
1384791718.75,-40.43234
1384791875.0,-40.42657
1384792031.25,-40.44242
1384792187.5,-40.4302
1384792343.75,-40.43682
1384792500.0,-40.41228
1384792656.25,-40.4417
1384792812.5,-40.4518
1384792968.75,-40.41535
1384793125.0,-40.40799
1384793281.25,-40.41619
1384793437.5,-40.40079
1384793593.75,-40.43915
1384793750.0,-40.42811
1384793906.25,-40.43996
1384794062.5,-40.41885
1384794218.75,-40.42636
1384794375.0,-40.41417
1384794531.25,-40.42163
1384794687.5,-40.41111
1384794843.75,-40.42199
1384795000.0,-40.41945
1384795156.25,-40.3903
1384795312.5,-40.42017
1384795468.75,-40.42289
1384795625.0,-40.42751
1384795781.25,-40.4241
1384795937.5,-40.42775
1384796093.75,-40.43534
1384796250.0,-40.40945
1384796406.25,-40.40584
1384796562.5,-40.40845
1384796718.75,-40.41378
1384796875.0,-40.41293
1384797031.25,-40.41511
1384797187.5,-40.41494
1384797343.75,-40.42631
1384797500.0,-40.40126
1384797656.25,-40.40327
1384797812.5,-40.41655
1384797968.75,-40.41676
1384798125.0,-40.39833
1384798281.25,-40.39811
1384798437.5,-40.41232
1384798593.75,-40.41244
1384798750.0,-40.41224
1384798906.25,-40.41156
1384799062.5,-40.4043
1384799218.75,-40.39892
1384799375.0,-40.40572
1384799531.25,-40.42293
1384799687.5,-40.4078
1384799843.75,-40.41677
1384800000.0,-40.41502
1384800156.25,-40.40236
1384800312.5,-40.42961
1384800468.75,-40.4119
1384800625.0,-40.39565
1384800781.25,-40.41263
1384800937.5,-40.41191
1384801093.75,-40.39898
1384801250.0,-40.38273
1384801406.25,-40.42074
1384801562.5,-40.40662
1384801718.75,-40.40037
1384801875.0,-40.39228
1384802031.25,-40.38476
1384802187.5,-40.41148
1384802343.75,-40.39877
1384802500.0,-40.4114
1384802656.25,-40.4053
1384802812.5,-40.42006
1384802968.75,-40.39689
1384803125.0,-40.41102
1384803281.25,-40.38677
1384803437.5,-40.39676
1384803593.75,-40.40256
1384803750.0,-40.41288
1384803906.25,-40.39207
1384804062.5,-40.40964
1384804218.75,-40.40156
1384804375.0,-40.40752
1384804531.25,-40.39001
1384804687.5,-40.38832
1384804843.75,-40.40612
1384805000.0,-40.38924
1384805156.25,-40.40517
1384805312.5,-40.38919
1384805468.75,-40.38446
1384805625.0,-40.40176
1384805781.25,-40.37648
1384805937.5,-40.37973
1384806093.75,-40.39483
1384806250.0,-40.38699
1384806406.25,-40.39394
1384806562.5,-40.37152
1384806718.75,-40.3975
1384806875.0,-40.37796
1384807031.25,-40.38327
1384807187.5,-40.38956
1384807343.75,-40.37759
1384807500.0,-40.37812
1384807656.25,-40.396
1384807812.5,-40.37937
1384807968.75,-40.39081
1384808125.0,-40.38438
1384808281.25,-40.3604
1384808437.5,-40.39086
1384808593.75,-40.37222
1384808750.0,-40.3987
1384808906.25,-40.38104
1384809062.5,-40.37761
1384809218.75,-40.3865
1384809375.0,-40.38171
1384809531.25,-40.38246
1384809687.5,-40.37479
1384809843.75,-40.37854
1384810000.0,-40.37278
1384810156.25,-40.38138
1384810312.5,-40.3848
1384810468.75,-40.3832
1384810625.0,-40.38585
1384810781.25,-40.38845
1384810937.5,-40.3698
1384811093.75,-40.37214
1384811250.0,-40.37868
1384811406.25,-40.35959
1384811562.5,-40.37616
1384811718.75,-40.3692
1384811875.0,-40.35835
1384812031.25,-40.36286
1384812187.5,-40.37292
1384812343.75,-40.38264
1384812500.0,-40.36821
1384812656.25,-40.3725
1384812812.5,-40.37335
1384812968.75,-40.3672
1384813125.0,-40.35934
1384813281.25,-40.37948
1384813437.5,-40.37494
1384813593.75,-40.37198
1384813750.0,-40.36774
1384813906.25,-40.37407
1384814062.5,-40.36349
1384814218.75,-40.35785
1384814375.0,-40.38184
1384814531.25,-40.36967
1384814687.5,-40.36846
1384814843.75,-40.37194
1384815000.0,-40.36031
1384815156.25,-40.384
1384815312.5,-40.37856
1384815468.75,-40.36106
1384815625.0,-40.34969
1384815781.25,-40.36277
1384815937.5,-40.35609
1384816093.75,-40.33835
1384816250.0,-40.37223
1384816406.25,-40.38388
1384816562.5,-40.3684
1384816718.75,-40.36213
1384816875.0,-40.35339
1384817031.25,-40.35915
1384817187.5,-40.34531
1384817343.75,-40.35349
1384817500.0,-40.34969
1384817656.25,-40.35279
1384817812.5,-40.35749
1384817968.75,-40.35464
1384818125.0,-40.35728
1384818281.25,-40.36331
1384818437.5,-40.34124
1384818593.75,-40.368
1384818750.0,-40.36902
1384818906.25,-40.34529
1384819062.5,-40.35496
1384819218.75,-40.35983
1384819375.0,-40.36464
1384819531.25,-40.35417
1384819687.5,-40.35084
1384819843.75,-40.35169
1384820000.0,-40.36725
1384820156.25,-40.3555
1384820312.5,-40.37273
1384820468.75,-40.34756
1384820625.0,-40.36652
1384820781.25,-40.33664
1384820937.5,-40.35508
1384821093.75,-40.33928
1384821250.0,-40.34768
1384821406.25,-40.35377
1384821562.5,-40.34919
1384821718.75,-40.35515
1384821875.0,-40.35072
1384822031.25,-40.36369
1384822187.5,-40.3628
1384822343.75,-40.33125
1384822500.0,-40.35662
1384822656.25,-40.34342
1384822812.5,-40.34317
1384822968.75,-40.37029
1384823125.0,-40.35148
1384823281.25,-40.34152
1384823437.5,-40.34037
1384823593.75,-40.34059
1384823750.0,-40.35266
1384823906.25,-40.34616
1384824062.5,-40.34903
1384824218.75,-40.3513
1384824375.0,-40.33813
1384824531.25,-40.33083
1384824687.5,-40.333
1384824843.75,-40.33641
1384825000.0,-40.34058
1384825156.25,-40.34288
1384825312.5,-40.35569
1384825468.75,-40.32228
1384825625.0,-40.34886
1384825781.25,-40.3374
1384825937.5,-40.35705
1384826093.75,-40.34088
1384826250.0,-40.33859
1384826406.25,-40.34168
1384826562.5,-40.3421
1384826718.75,-40.33453
1384826875.0,-40.32779
1384827031.25,-40.33471
1384827187.5,-40.34659
1384827343.75,-40.3339
1384827500.0,-40.33576
1384827656.25,-40.32333
1384827812.5,-40.32172
1384827968.75,-40.34568
1384828125.0,-40.32393
1384828281.25,-40.32633
1384828437.5,-40.32561
1384828593.75,-40.32099
1384828750.0,-40.33124
1384828906.25,-40.32812
1384829062.5,-40.33514
1384829218.75,-40.34201
1384829375.0,-40.34485
1384829531.25,-40.34519
1384829687.5,-40.31548
1384829843.75,-40.33197
1384830000.0,-40.33404
1384830156.25,-40.32458
1384830312.5,-40.32386
1384830468.75,-40.31787
1384830625.0,-40.33365
1384830781.25,-40.33822
1384830937.5,-40.30435
1384831093.75,-40.33586
1384831250.0,-40.33778
1384831406.25,-40.32752
1384831562.5,-40.31908
1384831718.75,-40.32735
1384831875.0,-40.33276
1384832031.25,-40.32929
1384832187.5,-40.31543
1384832343.75,-40.32565
1384832500.0,-40.32211
1384832656.25,-40.31709
1384832812.5,-40.31771
1384832968.75,-40.32281
1384833125.0,-40.32947
1384833281.25,-40.3139
1384833437.5,-40.32597
1384833593.75,-40.33045
1384833750.0,-40.32084
1384833906.25,-40.32146
1384834062.5,-40.30542
1384834218.75,-40.32263
1384834375.0,-40.31604
1384834531.25,-40.32436
1384834687.5,-40.31264
1384834843.75,-40.30734
1384835000.0,-40.33591
1384835156.25,-40.31597
1384835312.5,-40.31481
1384835468.75,-40.31503
1384835625.0,-40.32392
1384835781.25,-40.3334
1384835937.5,-40.32597
1384836093.75,-40.32835
1384836250.0,-40.30127
1384836406.25,-40.3162
1384836562.5,-40.31548
1384836718.75,-40.31199
1384836875.0,-40.31083
1384837031.25,-40.30398
1384837187.5,-40.29515
1384837343.75,-40.3102
1384837500.0,-40.3089
1384837656.25,-40.31469
1384837812.5,-40.3082
1384837968.75,-40.31266
1384838125.0,-40.29734
1384838281.25,-40.31124
1384838437.5,-40.31682
1384838593.75,-40.29831
1384838750.0,-40.31419
1384838906.25,-40.30814
1384839062.5,-40.32152
1384839218.75,-40.28744
1384839375.0,-40.29751
1384839531.25,-40.2977
1384839687.5,-40.30177
1384839843.75,-40.30519
1384840000.0,-40.29838
1384840156.25,-40.3263
1384840312.5,-40.29386
1384840468.75,-40.31028
1384840625.0,-40.29774
1384840781.25,-40.29816
1384840937.5,-40.29419
1384841093.75,-40.29198
1384841250.0,-40.30079
1384841406.25,-40.29482
1384841562.5,-40.2894
1384841718.75,-40.29648
1384841875.0,-40.29705
1384842031.25,-40.2962
1384842187.5,-40.30873
1384842343.75,-40.31387
1384842500.0,-40.28786
1384842656.25,-40.28955
1384842812.5,-40.29951
1384842968.75,-40.31002
1384843125.0,-40.29208
1384843281.25,-40.30645
1384843437.5,-40.29844
1384843593.75,-40.29853
1384843750.0,-40.30127
1384843906.25,-40.29004
1384844062.5,-40.28668
1384844218.75,-40.29683
1384844375.0,-40.27666
1384844531.25,-40.30782
1384844687.5,-40.29146
1384844843.75,-40.29242
1384845000.0,-40.28993
1384845156.25,-40.29605
1384845312.5,-40.28661
1384845468.75,-40.28767
1384845625.0,-40.28066
1384845781.25,-40.28661
1384845937.5,-40.30173
1384846093.75,-40.27614
1384846250.0,-40.27074
1384846406.25,-40.31093
1384846562.5,-40.29138
1384846718.75,-40.27895
1384846875.0,-40.26645
1384847031.25,-40.27401
1384847187.5,-40.28947
1384847343.75,-40.29033
1384847500.0,-40.28477
1384847656.25,-40.26981
1384847812.5,-40.26972
1384847968.75,-40.27569
1384848125.0,-40.28858
1384848281.25,-40.28638
1384848437.5,-40.28056
1384848593.75,-40.28653
1384848750.0,-40.27288
1384848906.25,-40.29707
1384849062.5,-40.29147
1384849218.75,-40.27691
1384849375.0,-40.29249
1384849531.25,-40.27282
1384849687.5,-40.28266
1384849843.75,-40.2743
1384850000.0,-40.28501
1384850156.25,-40.27388
1384850312.5,-40.28527
1384850468.75,-40.27033
1384850625.0,-40.26635
1384850781.25,-40.27914
1384850937.5,-40.26749
1384851093.75,-40.27636
1384851250.0,-40.27225
1384851406.25,-40.27835
1384851562.5,-40.27585
1384851718.75,-40.26343
1384851875.0,-40.28543
1384852031.25,-40.27341
1384852187.5,-40.27714
1384852343.75,-40.25992
1384852500.0,-40.28153
1384852656.25,-40.26092
1384852812.5,-40.27695
1384852968.75,-40.27858
1384853125.0,-40.26614
1384853281.25,-40.26456
1384853437.5,-40.27306
1384853593.75,-40.26814
1384853750.0,-40.26189
1384853906.25,-40.26611
1384854062.5,-40.26611
1384854218.75,-40.26509
1384854375.0,-40.27875
1384854531.25,-40.26745
1384854687.5,-40.25302
1384854843.75,-40.26867
1384855000.0,-40.25944
1384855156.25,-40.28383
1384855312.5,-40.26488
1384855468.75,-40.2613
1384855625.0,-40.25391
1384855781.25,-40.276
1384855937.5,-40.25199
1384856093.75,-40.26933
1384856250.0,-40.27748
1384856406.25,-40.2593
1384856562.5,-40.25187
1384856718.75,-40.2762
1384856875.0,-40.26089
1384857031.25,-40.25388
1384857187.5,-40.25351
1384857343.75,-40.26995
1384857500.0,-40.25566
1384857656.25,-40.25684
1384857812.5,-40.25151
1384857968.75,-40.25171
1384858125.0,-40.25209
1384858281.25,-40.25829
1384858437.5,-40.26269
1384858593.75,-40.26001
1384858750.0,-40.25537
1384858906.25,-40.26915
1384859062.5,-40.25768
1384859218.75,-40.25245
1384859375.0,-40.26093
1384859531.25,-40.26108
1384859687.5,-40.25819
1384859843.75,-40.25471
1384860000.0,-40.25283
1384860156.25,-40.24672
1384860312.5,-40.26067
1384860468.75,-40.26069
1384860625.0,-40.25923
1384860781.25,-40.23026
1384860937.5,-40.23637
1384861093.75,-40.25414
1384861250.0,-40.2516
1384861406.25,-40.25952
1384861562.5,-40.23341
1384861718.75,-40.25499
1384861875.0,-40.25591
1384862031.25,-40.25364
1384862187.5,-40.24825
1384862343.75,-40.24727
1384862500.0,-40.25106
1384862656.25,-40.23355
1384862812.5,-40.24672
1384862968.75,-40.25286
1384863125.0,-40.25485
1384863281.25,-40.24704
1384863437.5,-40.24835
1384863593.75,-40.24072
1384863750.0,-40.23572
1384863906.25,-40.25076
1384864062.5,-40.23566
1384864218.75,-40.25099
1384864375.0,-40.25918
1384864531.25,-40.24508
1384864687.5,-40.24614
1384864843.75,-40.23347
1384865000.0,-40.22073
1384865156.25,-40.23627
1384865312.5,-40.22803
1384865468.75,-40.24308
1384865625.0,-40.22615
1384865781.25,-40.23272
1384865937.5,-40.22592
1384866093.75,-40.24578
1384866250.0,-40.25053
1384866406.25,-40.24835
1384866562.5,-40.24363
1384866718.75,-40.23639
1384866875.0,-40.22658
1384867031.25,-40.2477
1384867187.5,-40.22345
1384867343.75,-40.23756
1384867500.0,-40.24372
1384867656.25,-40.23996
1384867812.5,-40.24709
1384867968.75,-40.23653
1384868125.0,-40.24104
1384868281.25,-40.22192
1384868437.5,-40.24408
1384868593.75,-40.21001
1384868750.0,-40.22603
1384868906.25,-40.24367
1384869062.5,-40.23086
1384869218.75,-40.22588
1384869375.0,-40.20753
1384869531.25,-40.22035
1384869687.5,-40.22852
1384869843.75,-40.23783
1384870000.0,-40.21414
1384870156.25,-40.20731
1384870312.5,-40.22366
1384870468.75,-40.23203
1384870625.0,-40.22248
1384870781.25,-40.21925
1384870937.5,-40.21533
1384871093.75,-40.23551
1384871250.0,-40.22544
1384871406.25,-40.23101
1384871562.5,-40.21904
1384871718.75,-40.21956
1384871875.0,-40.23708
1384872031.25,-40.21518
1384872187.5,-40.22191
1384872343.75,-40.21321
1384872500.0,-40.22031
1384872656.25,-40.20238
1384872812.5,-40.21656
1384872968.75,-40.21513
1384873125.0,-40.20893
1384873281.25,-40.21844
1384873437.5,-40.22275
1384873593.75,-40.21526
1384873750.0,-40.22003
1384873906.25,-40.20185
1384874062.5,-40.2304
1384874218.75,-40.21701
1384874375.0,-40.21417
1384874531.25,-40.21696
1384874687.5,-40.20458
1384874843.75,-40.21592
1384875000.0,-40.19347
1384875156.25,-40.21669
1384875312.5,-40.20955
1384875468.75,-40.20547
1384875625.0,-40.21189
1384875781.25,-40.19954
1384875937.5,-40.21082
1384876093.75,-40.20483
1384876250.0,-40.20647
1384876406.25,-40.21663
1384876562.5,-40.20284
1384876718.75,-40.21109
1384876875.0,-40.22398
1384877031.25,-40.19318
1384877187.5,-40.19965
1384877343.75,-40.20128
1384877500.0,-40.20727
1384877656.25,-40.20909
1384877812.5,-40.2006
1384877968.75,-40.20663
1384878125.0,-40.19133
1384878281.25,-40.20686
1384878437.5,-40.1903
1384878593.75,-40.20254
1384878750.0,-40.21622
1384878906.25,-40.19874
1384879062.5,-40.20321
1384879218.75,-40.19549
1384879375.0,-40.19485
1384879531.25,-40.19308
1384879687.5,-40.20809
1384879843.75,-40.19949
1384880000.0,-40.20119
1384880156.25,-40.2071
1384880312.5,-40.2008
1384880468.75,-40.18808
1384880625.0,-40.20013
1384880781.25,-40.18594
1384880937.5,-40.19462
1384881093.75,-40.19746
1384881250.0,-40.21581
1384881406.25,-40.19164
1384881562.5,-40.20448
1384881718.75,-40.2026
1384881875.0,-40.20555
1384882031.25,-40.19713
1384882187.5,-40.18769
1384882343.75,-40.20527
1384882500.0,-40.19616
1384882656.25,-40.18147
1384882812.5,-40.2103
1384882968.75,-40.20989
1384883125.0,-40.20107
1384883281.25,-40.19765
1384883437.5,-40.19688
1384883593.75,-40.19025
1384883750.0,-40.17834
1384883906.25,-40.19039
1384884062.5,-40.19185
1384884218.75,-40.20455
1384884375.0,-40.18953
1384884531.25,-40.19653
1384884687.5,-40.17323
1384884843.75,-40.19062
1384885000.0,-40.18481
1384885156.25,-40.18979
1384885312.5,-40.16262
1384885468.75,-40.18498
1384885625.0,-40.17799
1384885781.25,-40.1853
1384885937.5,-40.19381
1384886093.75,-40.18288
1384886250.0,-40.19098
1384886406.25,-40.19066
1384886562.5,-40.18041
1384886718.75,-40.18439
1384886875.0,-40.18449
1384887031.25,-40.17762
1384887187.5,-40.20321
1384887343.75,-40.16571
1384887500.0,-40.17695
1384887656.25,-40.18422
1384887812.5,-40.19357
1384887968.75,-40.18603
1384888125.0,-40.17947
1384888281.25,-40.18144
1384888437.5,-40.17245
1384888593.75,-40.17809
1384888750.0,-40.17617
1384888906.25,-40.17689
1384889062.5,-40.18853
1384889218.75,-40.16753
1384889375.0,-40.17556
1384889531.25,-40.17692
1384889687.5,-40.17574
1384889843.75,-40.1802
1384890000.0,-40.1743
1384890156.25,-40.16801
1384890312.5,-40.17825
1384890468.75,-40.17533
1384890625.0,-40.16908
1384890781.25,-40.17496
1384890937.5,-40.17899
1384891093.75,-40.15606
1384891250.0,-40.17712
1384891406.25,-40.17188
1384891562.5,-40.16034
1384891718.75,-40.17342
1384891875.0,-40.1606
1384892031.25,-40.14576
1384892187.5,-40.15538
1384892343.75,-40.15514
1384892500.0,-40.17739
1384892656.25,-40.15117
1384892812.5,-40.17166
1384892968.75,-40.16599
1384893125.0,-40.17318
1384893281.25,-40.17787
1384893437.5,-40.15387
1384893593.75,-40.15118
1384893750.0,-40.16774
1384893906.25,-40.16916
1384894062.5,-40.16611
1384894218.75,-40.16732
1384894375.0,-40.19265
1384894531.25,-40.16465
1384894687.5,-40.16168
1384894843.75,-40.16591
1384895000.0,-40.15218
1384895156.25,-40.161
1384895312.5,-40.15085
1384895468.75,-40.16467
1384895625.0,-40.14335
1384895781.25,-40.16924
1384895937.5,-40.15638
1384896093.75,-40.1613
1384896250.0,-40.15997
1384896406.25,-40.1647
1384896562.5,-40.15025
1384896718.75,-40.15787
1384896875.0,-40.15884
1384897031.25,-40.14555
1384897187.5,-40.16057
1384897343.75,-40.14715
1384897500.0,-40.14678
1384897656.25,-40.14911
1384897812.5,-40.13682
1384897968.75,-40.15876
1384898125.0,-40.17173
1384898281.25,-40.16559
1384898437.5,-40.1602
1384898593.75,-40.15157
1384898750.0,-40.1639
1384898906.25,-40.14804
1384899062.5,-40.15624
1384899218.75,-40.18048
1384899375.0,-40.14975
1384899531.25,-40.14407
1384899687.5,-40.1624
1384899843.75,-40.1428
1384900000.0,-40.15281
1384900156.25,-40.15205
1384900312.5,-40.14251
1384900468.75,-40.14144
1384900625.0,-40.14016
1384900781.25,-40.15157
1384900937.5,-40.14042
1384901093.75,-40.16137
1384901250.0,-40.13663
1384901406.25,-40.14911
1384901562.5,-40.16044
1384901718.75,-40.14335
1384901875.0,-40.13998
1384902031.25,-40.15795
1384902187.5,-40.13139
1384902343.75,-40.13356
1384902500.0,-40.15714
1384902656.25,-40.15149
1384902812.5,-40.13817
1384902968.75,-40.14789
1384903125.0,-40.13634
1384903281.25,-40.13196
1384903437.5,-40.14713
1384903593.75,-40.13773
1384903750.0,-40.13148
1384903906.25,-40.13
1384904062.5,-40.13211
1384904218.75,-40.13743
1384904375.0,-40.14003
1384904531.25,-40.13749
1384904687.5,-40.14742
1384904843.75,-40.1364
1384905000.0,-40.14389
1384905156.25,-40.11011
1384905312.5,-40.13338
1384905468.75,-40.11871
1384905625.0,-40.13256
1384905781.25,-40.13305
1384905937.5,-40.12502
1384906093.75,-40.12138
1384906250.0,-40.13715
1384906406.25,-40.13748
1384906562.5,-40.13293
1384906718.75,-40.13124
1384906875.0,-40.12571
1384907031.25,-40.13754
1384907187.5,-40.13073
1384907343.75,-40.14808
1384907500.0,-40.1389
1384907656.25,-40.12897
1384907812.5,-40.12844
1384907968.75,-40.12924
1384908125.0,-40.13841
1384908281.25,-40.14236
1384908437.5,-40.11894
1384908593.75,-40.14755
1384908750.0,-40.13496
1384908906.25,-40.12578
1384909062.5,-40.1295
1384909218.75,-40.11967
1384909375.0,-40.11822
1384909531.25,-40.11982
1384909687.5,-40.13418
1384909843.75,-40.13207
1384910000.0,-40.11356
1384910156.25,-40.10924
1384910312.5,-40.11702
1384910468.75,-40.12958
1384910625.0,-40.12716
1384910781.25,-40.1125
1384910937.5,-40.11958
1384911093.75,-40.12447
1384911250.0,-40.14558
1384911406.25,-40.12904
1384911562.5,-40.11661
1384911718.75,-40.11758
1384911875.0,-40.10073
1384912031.25,-40.12533
1384912187.5,-40.12013
1384912343.75,-40.11731
1384912500.0,-40.11045
1384912656.25,-40.1151
1384912812.5,-40.12384
1384912968.75,-40.11286
1384913125.0,-40.10248
1384913281.25,-40.11166
1384913437.5,-40.11254
1384913593.75,-40.11152
1384913750.0,-40.09308
1384913906.25,-40.12454
1384914062.5,-40.11499
1384914218.75,-40.09624
1384914375.0,-40.11222
1384914531.25,-40.10571
1384914687.5,-40.13306
1384914843.75,-40.09739
1384915000.0,-40.12074
1384915156.25,-40.08699
1384915312.5,-40.10483
1384915468.75,-40.10801
1384915625.0,-40.0979
1384915781.25,-40.11221
1384915937.5,-40.10625
1384916093.75,-40.10496
1384916250.0,-40.10486
1384916406.25,-40.10346
1384916562.5,-40.10734
1384916718.75,-40.10572
1384916875.0,-40.11255
1384917031.25,-40.13246
1384917187.5,-40.08099
1384917343.75,-40.10014
1384917500.0,-40.11547
1384917656.25,-40.10019
1384917812.5,-40.10028
1384917968.75,-40.09116
1384918125.0,-40.09341
1384918281.25,-40.0997
1384918437.5,-40.08421
1384918593.75,-40.10142
1384918750.0,-40.109
1384918906.25,-40.10501
1384919062.5,-40.10348
1384919218.75,-40.09756
1384919375.0,-40.09768
1384919531.25,-40.11116
1384919687.5,-40.10481
1384919843.75,-40.09344
1384920000.0,-40.09968
1384920156.25,-40.07911
1384920312.5,-40.09592
1384920468.75,-40.08068
1384920625.0,-40.09191
1384920781.25,-40.08988
1384920937.5,-40.11191
1384921093.75,-40.09444
1384921250.0,-40.08479
1384921406.25,-40.08142
1384921562.5,-40.08584
1384921718.75,-40.09813
1384921875.0,-40.08816
1384922031.25,-40.09652
1384922187.5,-40.08284
1384922343.75,-40.06847
1384922500.0,-40.10369
1384922656.25,-40.10307
1384922812.5,-40.1034
1384922968.75,-40.08236
1384923125.0,-40.08865
1384923281.25,-40.07564
1384923437.5,-40.06442
1384923593.75,-40.11263
1384923750.0,-40.08437
1384923906.25,-40.08875
1384924062.5,-40.08501
1384924218.75,-40.09591
1384924375.0,-40.0939
1384924531.25,-40.08839
1384924687.5,-40.09721
1384924843.75,-40.08325
1384925000.0,-40.08847
1384925156.25,-40.08485
1384925312.5,-40.09964
1384925468.75,-40.07369
1384925625.0,-40.08156
1384925781.25,-40.07941
1384925937.5,-40.07256
1384926093.75,-40.07317
1384926250.0,-40.06887
1384926406.25,-40.06126
1384926562.5,-40.08163
1384926718.75,-40.07086
1384926875.0,-40.08331
1384927031.25,-40.07963
1384927187.5,-40.05138
1384927343.75,-40.06721
1384927500.0,-40.08944
1384927656.25,-40.06296
1384927812.5,-40.0739
1384927968.75,-40.07752
1384928125.0,-40.08817
1384928281.25,-40.09834
1384928437.5,-40.06676
1384928593.75,-40.06948
1384928750.0,-40.08038
1384928906.25,-40.07165
1384929062.5,-40.07119
1384929218.75,-40.05373
1384929375.0,-40.05839
1384929531.25,-40.06625
1384929687.5,-40.07136
1384929843.75,-40.06825
1384930000.0,-40.07033
1384930156.25,-40.05812
1384930312.5,-40.07563
1384930468.75,-40.08032
1384930625.0,-40.06774
1384930781.25,-40.05662
1384930937.5,-40.07967
1384931093.75,-40.0765
1384931250.0,-40.07567
1384931406.25,-40.05916
1384931562.5,-40.06957
1384931718.75,-40.05796
1384931875.0,-40.05709
1384932031.25,-40.05416
1384932187.5,-40.06237
1384932343.75,-40.07368
1384932500.0,-40.0668
1384932656.25,-40.06675
1384932812.5,-40.06134
1384932968.75,-40.07146
1384933125.0,-40.07882
1384933281.25,-40.05396
1384933437.5,-40.05705
1384933593.75,-40.05576
1384933750.0,-40.05817
1384933906.25,-40.06227
1384934062.5,-40.0666
1384934218.75,-40.05718
1384934375.0,-40.04927
1384934531.25,-40.04968
1384934687.5,-40.05865
1384934843.75,-40.04625
1384935000.0,-40.0341
1384935156.25,-40.06599
1384935312.5,-40.06347
1384935468.75,-40.06445
1384935625.0,-40.0594
1384935781.25,-40.057
1384935937.5,-40.0744
1384936093.75,-40.06644
1384936250.0,-40.04936
1384936406.25,-40.04919
1384936562.5,-40.04731
1384936718.75,-40.05384
1384936875.0,-40.04729
1384937031.25,-40.06183
1384937187.5,-40.04302
1384937343.75,-40.04777
1384937500.0,-40.05482
1384937656.25,-40.04943
1384937812.5,-40.03777
1384937968.75,-40.03676
1384938125.0,-40.06048
1384938281.25,-40.048
1384938437.5,-40.03912
1384938593.75,-40.05343
1384938750.0,-40.04937
1384938906.25,-40.05471
1384939062.5,-40.05469
1384939218.75,-40.04189
1384939375.0,-40.06875
1384939531.25,-40.04562
1384939687.5,-40.04712
1384939843.75,-40.03476
1384940000.0,-40.04367
1384940156.25,-40.03976
1384940312.5,-40.05907
1384940468.75,-40.03693
1384940625.0,-40.03013
1384940781.25,-40.04465
1384940937.5,-40.04171
1384941093.75,-40.04321
1384941250.0,-40.02922
1384941406.25,-40.04504
1384941562.5,-40.02396
1384941718.75,-40.04005
1384941875.0,-40.03084
1384942031.25,-40.03996
1384942187.5,-40.03231
1384942343.75,-40.05007
1384942500.0,-40.04355
1384942656.25,-40.02851
1384942812.5,-40.04655
1384942968.75,-40.04959
1384943125.0,-40.02801
1384943281.25,-40.04741
1384943437.5,-40.0369
1384943593.75,-40.02192
1384943750.0,-40.0159
1384943906.25,-40.01848
1384944062.5,-40.02684
1384944218.75,-40.02311
1384944375.0,-40.0514
1384944531.25,-40.03227
1384944687.5,-40.03271
1384944843.75,-40.03128
1384945000.0,-40.01618
1384945156.25,-40.03471
1384945312.5,-40.03835
1384945468.75,-40.03194
1384945625.0,-40.03022
1384945781.25,-40.0196
1384945937.5,-40.0322
1384946093.75,-40.03904
1384946250.0,-40.04257
1384946406.25,-40.02491
1384946562.5,-39.99977
1384946718.75,-40.02522
1384946875.0,-40.01543
1384947031.25,-40.02947
1384947187.5,-40.02694
1384947343.75,-40.02119
1384947500.0,-40.02358
1384947656.25,-40.00354
1384947812.5,-40.02087
1384947968.75,-40.01799
1384948125.0,-40.0303
1384948281.25,-40.02358
1384948437.5,-40.01583
1384948593.75,-40.01396
1384948750.0,-40.00057
1384948906.25,-40.01192
1384949062.5,-40.01155
1384949218.75,-40.0019
1384949375.0,-40.0127
1384949531.25,-40.02493
1384949687.5,-40.02414
1384949843.75,-40.00368
1384950000.0,-40.01775
1384950156.25,-40.01339
1384950312.5,-40.01621
1384950468.75,-40.01827
1384950625.0,-40.02774
1384950781.25,-40.01424
1384950937.5,-40.01105
1384951093.75,-40.01562
1384951250.0,-40.0171
1384951406.25,-40.00001
1384951562.5,-40.00507
1384951718.75,-40.01068
1384951875.0,-39.99759
1384952031.25,-39.99812
1384952187.5,-40.0193
1384952343.75,-40.01454
1384952500.0,-40.01733
1384952656.25,-40.00121
1384952812.5,-40.00983
1384952968.75,-40.0012
1384953125.0,-40.00784
1384953281.25,-40.00082
1384953437.5,-40.01032
1384953593.75,-39.98603
1384953750.0,-40.01426
1384953906.25,-40.00631
1384954062.5,-40.01137
1384954218.75,-39.98592
1384954375.0,-39.99609
1384954531.25,-40.0115
1384954687.5,-39.99799
1384954843.75,-39.99948
1384955000.0,-40.00489
1384955156.25,-40.00484
1384955312.5,-40.0064
1384955468.75,-40.00221
1384955625.0,-39.98793
1384955781.25,-39.99789
1384955937.5,-40.00803
1384956093.75,-39.99847
1384956250.0,-39.99993
1384956406.25,-40.00581
1384956562.5,-40.00387
1384956718.75,-39.98978
1384956875.0,-39.98716
1384957031.25,-39.98354
1384957187.5,-40.00312
1384957343.75,-40.00435
1384957500.0,-39.98972
1384957656.25,-39.99417
1384957812.5,-39.98922
1384957968.75,-40.01786
1384958125.0,-39.99204
1384958281.25,-39.9991
1384958437.5,-40.0007
1384958593.75,-40.00128
1384958750.0,-39.98251
1384958906.25,-39.98788
1384959062.5,-40.00508
1384959218.75,-40.01258
1384959375.0,-39.97815
1384959531.25,-39.98943
1384959687.5,-39.97472
1384959843.75,-39.99343
1384960000.0,-39.98936
1384960156.25,-39.98462
1384960312.5,-39.98698
1384960468.75,-39.97709
1384960625.0,-39.97205
1384960781.25,-40.00632
1384960937.5,-39.98209
1384961093.75,-39.98658
1384961250.0,-39.99382
1384961406.25,-39.97276
1384961562.5,-39.98309
1384961718.75,-39.97408
1384961875.0,-39.96883
1384962031.25,-39.97426
1384962187.5,-39.99141
1384962343.75,-39.96989
1384962500.0,-39.97977
1384962656.25,-40.00286
1384962812.5,-39.98277
1384962968.75,-39.97779
1384963125.0,-39.97498
1384963281.25,-39.98085
1384963437.5,-39.98176
1384963593.75,-39.98591
1384963750.0,-39.97608
1384963906.25,-39.97738
1384964062.5,-39.97755
1384964218.75,-39.95704
1384964375.0,-39.96943
1384964531.25,-39.97489
1384964687.5,-39.98682
1384964843.75,-39.97809
1384965000.0,-39.98053
1384965156.25,-39.97551
1384965312.5,-39.96978
1384965468.75,-39.97443
1384965625.0,-39.98326
1384965781.25,-39.97806
1384965937.5,-39.95835
1384966093.75,-39.97052
1384966250.0,-39.97691
1384966406.25,-39.95796
1384966562.5,-39.97663
1384966718.75,-39.97443
1384966875.0,-39.97895
1384967031.25,-39.96735
1384967187.5,-39.98034
1384967343.75,-39.95712
1384967500.0,-39.97544
1384967656.25,-39.95889
1384967812.5,-39.97072
1384967968.75,-39.98781
1384968125.0,-39.94627
1384968281.25,-39.96843
1384968437.5,-39.98105
1384968593.75,-39.94675
1384968750.0,-39.95253
1384968906.25,-39.95893
1384969062.5,-39.97294
1384969218.75,-39.96913
1384969375.0,-39.96018
1384969531.25,-39.95589
1384969687.5,-39.95707
1384969843.75,-39.94045
1384970000.0,-39.9749
1384970156.25,-39.94058
1384970312.5,-39.96967
1384970468.75,-39.95308
1384970625.0,-39.96272
1384970781.25,-39.96279
1384970937.5,-39.9525
1384971093.75,-39.96341
1384971250.0,-39.9535
1384971406.25,-39.96022
1384971562.5,-39.95989
1384971718.75,-39.95708
1384971875.0,-39.96121
1384972031.25,-39.95576
1384972187.5,-39.96306
1384972343.75,-39.96563
1384972500.0,-39.96922
1384972656.25,-39.96223
1384972812.5,-39.96712
1384972968.75,-39.93846
1384973125.0,-39.94401
1384973281.25,-39.95861
1384973437.5,-39.96626
1384973593.75,-39.9441
1384973750.0,-39.95116
1384973906.25,-39.96139
1384974062.5,-39.9457
1384974218.75,-39.95035
1384974375.0,-39.95106
1384974531.25,-39.94483
1384974687.5,-39.94582
1384974843.75,-39.95232
1384975000.0,-39.96233
1384975156.25,-39.94254
1384975312.5,-39.94737
1384975468.75,-39.95274
1384975625.0,-39.94653
1384975781.25,-39.95511
1384975937.5,-39.95982
1384976093.75,-39.95125
1384976250.0,-39.94875
1384976406.25,-39.9726
1384976562.5,-39.93163
1384976718.75,-39.94573
1384976875.0,-39.95089
1384977031.25,-39.936
1384977187.5,-39.95934
1384977343.75,-39.93677
1384977500.0,-39.92071
1384977656.25,-39.94264
1384977812.5,-39.94335
1384977968.75,-39.93579
1384978125.0,-39.93408
1384978281.25,-39.92382
1384978437.5,-39.95219
1384978593.75,-39.9281
1384978750.0,-39.95958
1384978906.25,-39.94551
1384979062.5,-39.93679
1384979218.75,-39.92563
1384979375.0,-39.93165
1384979531.25,-39.92153
1384979687.5,-39.94411
1384979843.75,-39.94336
1384980000.0,-39.92382
1384980156.25,-39.95299
1384980312.5,-39.91896
1384980468.75,-39.94443
1384980625.0,-39.94173
1384980781.25,-39.91949
1384980937.5,-39.94457
1384981093.75,-39.93477
1384981250.0,-39.92424
1384981406.25,-39.93094
1384981562.5,-39.92829
1384981718.75,-39.93731
1384981875.0,-39.9406
1384982031.25,-39.93129
1384982187.5,-39.9166
1384982343.75,-39.92878
1384982500.0,-39.91808
1384982656.25,-39.92612
1384982812.5,-39.92711
1384982968.75,-39.93156
1384983125.0,-39.92232
1384983281.25,-39.91491
1384983437.5,-39.92558
1384983593.75,-39.93235
1384983750.0,-39.92076
1384983906.25,-39.93063
1384984062.5,-39.91807
1384984218.75,-39.92675
1384984375.0,-39.9372
1384984531.25,-39.92971
1384984687.5,-39.91666
1384984843.75,-39.92891
1384985000.0,-39.9203
1384985156.25,-39.9232
1384985312.5,-39.92986
1384985468.75,-39.91365
1384985625.0,-39.91315
1384985781.25,-39.92481
1384985937.5,-39.9191
1384986093.75,-39.91078
1384986250.0,-39.92548
1384986406.25,-39.90662
1384986562.5,-39.91603
1384986718.75,-39.91749
1384986875.0,-39.9217
1384987031.25,-39.89596
1384987187.5,-39.89414
1384987343.75,-39.92377
1384987500.0,-39.91173
1384987656.25,-39.91156
1384987812.5,-39.92237
1384987968.75,-39.93202
1384988125.0,-39.90159
1384988281.25,-39.91183
1384988437.5,-39.92834
1384988593.75,-39.92092
1384988750.0,-39.89775
1384988906.25,-39.90878
1384989062.5,-39.9076
1384989218.75,-39.90882
1384989375.0,-39.9134
1384989531.25,-39.91586
1384989687.5,-39.91518
1384989843.75,-39.89419
1384990000.0,-39.9039
1384990156.25,-39.91636
1384990312.5,-39.9112
1384990468.75,-39.91385
1384990625.0,-39.90074
1384990781.25,-39.91379
1384990937.5,-39.90399
1384991093.75,-39.89285
1384991250.0,-39.91346
1384991406.25,-39.89319
1384991562.5,-39.90369
1384991718.75,-39.88897
1384991875.0,-39.90515
1384992031.25,-39.89811
1384992187.5,-39.89647
1384992343.75,-39.90697
1384992500.0,-39.89364
1384992656.25,-39.90823
1384992812.5,-39.89762
1384992968.75,-39.89072
1384993125.0,-39.90044
1384993281.25,-39.88656
1384993437.5,-39.90128
1384993593.75,-39.90292
1384993750.0,-39.90483
1384993906.25,-39.91162
1384994062.5,-39.8911
1384994218.75,-39.90078
1384994375.0,-39.90549
1384994531.25,-39.90943
1384994687.5,-39.89544
1384994843.75,-39.89132
1384995000.0,-39.89181
1384995156.25,-39.90685
1384995312.5,-39.90582
1384995468.75,-39.90172
1384995625.0,-39.89273
1384995781.25,-39.88104
1384995937.5,-39.90405
1384996093.75,-39.89404
1384996250.0,-39.89725
1384996406.25,-39.90099
1384996562.5,-39.87943
1384996718.75,-39.88155
1384996875.0,-39.88494
1384997031.25,-39.89121
1384997187.5,-39.90666
1384997343.75,-39.897
1384997500.0,-39.89005
1384997656.25,-39.88774
1384997812.5,-39.88263
1384997968.75,-39.88434
1384998125.0,-39.88565
1384998281.25,-39.87979
1384998437.5,-39.89373
1384998593.75,-39.88213
1384998750.0,-39.87103
1384998906.25,-39.87804
1384999062.5,-39.88308
1384999218.75,-39.88627
1384999375.0,-39.89399
1384999531.25,-39.88074
1384999687.5,-39.88915
1384999843.75,-39.87294
1385000000.0,-39.87234
1385000156.25,-39.8666
1385000312.5,-39.88625
1385000468.75,-39.87297
1385000625.0,-39.88742
1385000781.25,-39.86656
1385000937.5,-39.89254
1385001093.75,-39.87242
1385001250.0,-39.89661
1385001406.25,-39.87119
1385001562.5,-39.87848
1385001718.75,-39.86901
1385001875.0,-39.88501
1385002031.25,-39.87482
1385002187.5,-39.86656
1385002343.75,-39.8777
1385002500.0,-39.87759
1385002656.25,-39.89075
1385002812.5,-39.88047
1385002968.75,-39.87274
1385003125.0,-39.87664
1385003281.25,-39.88033
1385003437.5,-39.86385
1385003593.75,-39.86804
1385003750.0,-39.86732
1385003906.25,-39.87645
1385004062.5,-39.87098
1385004218.75,-39.87075
1385004375.0,-39.88055
1385004531.25,-39.85177
1385004687.5,-39.88097
1385004843.75,-39.86658
1385005000.0,-39.88555
1385005156.25,-39.8733
1385005312.5,-39.86174
1385005468.75,-39.86086
1385005625.0,-39.86196
1385005781.25,-39.87276
1385005937.5,-39.87522
1385006093.75,-39.86478
1385006250.0,-39.86417
1385006406.25,-39.87115
1385006562.5,-39.85894
1385006718.75,-39.85583
1385006875.0,-39.86401
1385007031.25,-39.85197
1385007187.5,-39.87093
1385007343.75,-39.86945
1385007500.0,-39.85764
1385007656.25,-39.87123
1385007812.5,-39.87347
1385007968.75,-39.85775
1385008125.0,-39.84912
1385008281.25,-39.84389
1385008437.5,-39.84941
1385008593.75,-39.86161
1385008750.0,-39.85387
1385008906.25,-39.85149
1385009062.5,-39.87036
1385009218.75,-39.86313
1385009375.0,-39.84703
1385009531.25,-39.85133
1385009687.5,-39.86914
1385009843.75,-39.86174
1385010000.0,-39.87385
1385010156.25,-39.85218
1385010312.5,-39.8427
1385010468.75,-39.85441
1385010625.0,-39.85207
1385010781.25,-39.85405
1385010937.5,-39.84212
1385011093.75,-39.84973
1385011250.0,-39.84378
1385011406.25,-39.86303
1385011562.5,-39.86525
1385011718.75,-39.84381
1385011875.0,-39.84272
1385012031.25,-39.84051
1385012187.5,-39.86167
1385012343.75,-39.85426
1385012500.0,-39.86969
1385012656.25,-39.85165
1385012812.5,-39.85322
1385012968.75,-39.83527
1385013125.0,-39.85914
1385013281.25,-39.83479
1385013437.5,-39.85966
1385013593.75,-39.84243
1385013750.0,-39.85128
1385013906.25,-39.84803
1385014062.5,-39.84595
1385014218.75,-39.8415
1385014375.0,-39.82603
1385014531.25,-39.8373
1385014687.5,-39.83964
1385014843.75,-39.85718
1385015000.0,-39.83676
1385015156.25,-39.84424
1385015312.5,-39.83707
1385015468.75,-39.83372
1385015625.0,-39.8325
1385015781.25,-39.84603
1385015937.5,-39.83727
1385016093.75,-39.84062
1385016250.0,-39.834
1385016406.25,-39.84266
1385016562.5,-39.82121
1385016718.75,-39.82975
1385016875.0,-39.84481
1385017031.25,-39.83492
1385017187.5,-39.84443
1385017343.75,-39.82954
1385017500.0,-39.83081
1385017656.25,-39.82749
1385017812.5,-39.83409
1385017968.75,-39.82118
1385018125.0,-39.81844
1385018281.25,-39.84336
1385018437.5,-39.83865
1385018593.75,-39.82494
1385018750.0,-39.83755
1385018906.25,-39.82142
1385019062.5,-39.83721
1385019218.75,-39.8378
1385019375.0,-39.83519
1385019531.25,-39.83505
1385019687.5,-39.84142
1385019843.75,-39.83911
1385020000.0,-39.83607
1385020156.25,-39.82726
1385020312.5,-39.82403
1385020468.75,-39.82359
1385020625.0,-39.81781
1385020781.25,-39.82387
1385020937.5,-39.83321
1385021093.75,-39.82195
1385021250.0,-39.83338
1385021406.25,-39.82024
1385021562.5,-39.81018
1385021718.75,-39.82133
1385021875.0,-39.81471
1385022031.25,-39.82676
1385022187.5,-39.81248
1385022343.75,-39.81711
1385022500.0,-39.81312
1385022656.25,-39.81719
1385022812.5,-39.82914
1385022968.75,-39.82946
1385023125.0,-39.80829
1385023281.25,-39.81066
1385023437.5,-39.81234
1385023593.75,-39.82356
1385023750.0,-39.81182
1385023906.25,-39.81839
1385024062.5,-39.81867
1385024218.75,-39.81636
1385024375.0,-39.80901
1385024531.25,-39.80252
1385024687.5,-39.81547
1385024843.75,-39.8146
1385025000.0,-39.81409
1385025156.25,-39.79244
1385025312.5,-39.81648
1385025468.75,-39.81411
1385025625.0,-39.81454
1385025781.25,-39.80893
1385025937.5,-39.80062
1385026093.75,-39.81922
1385026250.0,-39.8162
1385026406.25,-39.80627
1385026562.5,-39.7971
1385026718.75,-39.81647
1385026875.0,-39.80651
1385027031.25,-39.81595
1385027187.5,-39.79034
1385027343.75,-39.80398
1385027500.0,-39.81779
1385027656.25,-39.79879
1385027812.5,-39.80194
1385027968.75,-39.80343
1385028125.0,-39.8152
1385028281.25,-39.80625
1385028437.5,-39.79536
1385028593.75,-39.80555
1385028750.0,-39.80376
1385028906.25,-39.7999
1385029062.5,-39.79382
1385029218.75,-39.7916
1385029375.0,-39.79305
1385029531.25,-39.79635
1385029687.5,-39.79285
1385029843.75,-39.79009
1385030000.0,-39.79586
1385030156.25,-39.80423
1385030312.5,-39.80116
1385030468.75,-39.81704
1385030625.0,-39.80843
1385030781.25,-39.8121
1385030937.5,-39.81106
1385031093.75,-39.7969
1385031250.0,-39.79324
1385031406.25,-39.7909
1385031562.5,-39.8012
1385031718.75,-39.7956
1385031875.0,-39.80236
1385032031.25,-39.79691
1385032187.5,-39.79834
1385032343.75,-39.80167
1385032500.0,-39.79173
1385032656.25,-39.79994
1385032812.5,-39.78683
1385032968.75,-39.79081
1385033125.0,-39.78701
1385033281.25,-39.81281
1385033437.5,-39.77803
1385033593.75,-39.81058
1385033750.0,-39.78671
1385033906.25,-39.78534
1385034062.5,-39.7927
1385034218.75,-39.79251
1385034375.0,-39.79063
1385034531.25,-39.77789
1385034687.5,-39.78135
1385034843.75,-39.78592
1385035000.0,-39.79504
1385035156.25,-39.76773
1385035312.5,-39.78579
1385035468.75,-39.78169
1385035625.0,-39.80098
1385035781.25,-39.77922
1385035937.5,-39.79303
1385036093.75,-39.77091
1385036250.0,-39.78177
1385036406.25,-39.77289
1385036562.5,-39.78865
1385036718.75,-39.7821
1385036875.0,-39.76492
1385037031.25,-39.77589
1385037187.5,-39.78576
1385037343.75,-39.78918
1385037500.0,-39.78069
1385037656.25,-39.78371
1385037812.5,-39.78654
1385037968.75,-39.76993
1385038125.0,-39.76422
1385038281.25,-39.76904
1385038437.5,-39.78939
1385038593.75,-39.79097
1385038750.0,-39.78768
1385038906.25,-39.77749
1385039062.5,-39.77333
1385039218.75,-39.75416
1385039375.0,-39.77843
1385039531.25,-39.7595
1385039687.5,-39.77356
1385039843.75,-39.76787
1385040000.0,-39.77786
1385040156.25,-39.76731
1385040312.5,-39.78139
1385040468.75,-39.76601
1385040625.0,-39.77654
1385040781.25,-39.76262
1385040937.5,-39.78267
1385041093.75,-39.76785
1385041250.0,-39.77036
1385041406.25,-39.76377
1385041562.5,-39.77769
1385041718.75,-39.77944
1385041875.0,-39.75806
1385042031.25,-39.76965
1385042187.5,-39.75923
1385042343.75,-39.74705
1385042500.0,-39.75603
1385042656.25,-39.75756
1385042812.5,-39.75499
1385042968.75,-39.76604
1385043125.0,-39.78296
1385043281.25,-39.77028
1385043437.5,-39.757
1385043593.75,-39.75977
1385043750.0,-39.76977
1385043906.25,-39.75852
1385044062.5,-39.7738
1385044218.75,-39.76189
1385044375.0,-39.75324
1385044531.25,-39.75525
1385044687.5,-39.77897
1385044843.75,-39.75972
1385045000.0,-39.75513
1385045156.25,-39.75659
1385045312.5,-39.76774
1385045468.75,-39.75769
1385045625.0,-39.7478
1385045781.25,-39.76579
1385045937.5,-39.76251
1385046093.75,-39.76092
1385046250.0,-39.74117
1385046406.25,-39.7609
1385046562.5,-39.75574
1385046718.75,-39.76263
1385046875.0,-39.74986
1385047031.25,-39.76784
1385047187.5,-39.74406
1385047343.75,-39.73991
1385047500.0,-39.75014
1385047656.25,-39.74773
1385047812.5,-39.7599
1385047968.75,-39.75931
1385048125.0,-39.75916
1385048281.25,-39.74952
1385048437.5,-39.75989
1385048593.75,-39.74239
1385048750.0,-39.75705
1385048906.25,-39.75291
1385049062.5,-39.75809
1385049218.75,-39.74708
1385049375.0,-39.7436
1385049531.25,-39.74973
1385049687.5,-39.75788
1385049843.75,-39.7479
1385050000.0,-39.72872
1385050156.25,-39.75081
1385050312.5,-39.74046
1385050468.75,-39.73668
1385050625.0,-39.75508
1385050781.25,-39.74756
1385050937.5,-39.74335
1385051093.75,-39.74074
1385051250.0,-39.74378
1385051406.25,-39.76732
1385051562.5,-39.74352
1385051718.75,-39.74592
1385051875.0,-39.73795
1385052031.25,-39.72418
1385052187.5,-39.72184
1385052343.75,-39.7341
1385052500.0,-39.73539
1385052656.25,-39.75453
1385052812.5,-39.71623
1385052968.75,-39.73168
1385053125.0,-39.73539
1385053281.25,-39.73093
1385053437.5,-39.75403
1385053593.75,-39.7217
1385053750.0,-39.74133
1385053906.25,-39.7354
1385054062.5,-39.7296
1385054218.75,-39.73313
1385054375.0,-39.74708
1385054531.25,-39.73534
1385054687.5,-39.72932
1385054843.75,-39.72897
1385055000.0,-39.73866
1385055156.25,-39.72491
1385055312.5,-39.73306
1385055468.75,-39.72805
1385055625.0,-39.74586
1385055781.25,-39.72444
1385055937.5,-39.74945
1385056093.75,-39.71634
1385056250.0,-39.74498
1385056406.25,-39.72014
1385056562.5,-39.72915
1385056718.75,-39.72519
1385056875.0,-39.71648
1385057031.25,-39.73135
1385057187.5,-39.717
1385057343.75,-39.72516
1385057500.0,-39.7045
1385057656.25,-39.7213
1385057812.5,-39.71364
1385057968.75,-39.7182
1385058125.0,-39.74377
1385058281.25,-39.71706
1385058437.5,-39.74396
1385058593.75,-39.73894
1385058750.0,-39.71012
1385058906.25,-39.71293
1385059062.5,-39.72285
1385059218.75,-39.72847
1385059375.0,-39.73017
1385059531.25,-39.70813
1385059687.5,-39.71368
1385059843.75,-39.71114
1385060000.0,-39.72621
1385060156.25,-39.72046
1385060312.5,-39.71976
1385060468.75,-39.7153
1385060625.0,-39.72858
1385060781.25,-39.69869
1385060937.5,-39.71447
1385061093.75,-39.7252
1385061250.0,-39.7238
1385061406.25,-39.71616
1385061562.5,-39.71378
1385061718.75,-39.7072
1385061875.0,-39.70356
1385062031.25,-39.70731
1385062187.5,-39.70712
1385062343.75,-39.71497
1385062500.0,-39.72972
1385062656.25,-39.70882
1385062812.5,-39.6986
1385062968.75,-39.70223
1385063125.0,-39.7005
1385063281.25,-39.72134
1385063437.5,-39.70382
1385063593.75,-39.71785
1385063750.0,-39.69611
1385063906.25,-39.70653
1385064062.5,-39.71804
1385064218.75,-39.70737
1385064375.0,-39.70173
1385064531.25,-39.7046
1385064687.5,-39.70225
1385064843.75,-39.71149
1385065000.0,-39.6978
1385065156.25,-39.71384
1385065312.5,-39.69149
1385065468.75,-39.70539
1385065625.0,-39.68333
1385065781.25,-39.70671
1385065937.5,-39.70085
1385066093.75,-39.6903
1385066250.0,-39.71262
1385066406.25,-39.68438
1385066562.5,-39.70184
1385066718.75,-39.69368
1385066875.0,-39.6911
1385067031.25,-39.70101
1385067187.5,-39.70145
1385067343.75,-39.70872
1385067500.0,-39.69619
1385067656.25,-39.70244
1385067812.5,-39.69158
1385067968.75,-39.69391
1385068125.0,-39.68554
1385068281.25,-39.69157
1385068437.5,-39.6847
1385068593.75,-39.69378
1385068750.0,-39.69236
1385068906.25,-39.70274
1385069062.5,-39.69892
1385069218.75,-39.70579
1385069375.0,-39.68441
1385069531.25,-39.68094
1385069687.5,-39.69064
1385069843.75,-39.68624
1385070000.0,-39.69725
1385070156.25,-39.68624
1385070312.5,-39.69257
1385070468.75,-39.69344
1385070625.0,-39.67609
1385070781.25,-39.70735
1385070937.5,-39.67891
1385071093.75,-39.68908
1385071250.0,-39.69588
1385071406.25,-39.69635
1385071562.5,-39.69014
1385071718.75,-39.68482
1385071875.0,-39.68994
1385072031.25,-39.68446
1385072187.5,-39.70267
1385072343.75,-39.68251
1385072500.0,-39.67556
1385072656.25,-39.68597
1385072812.5,-39.66865
1385072968.75,-39.68963
1385073125.0,-39.67569
1385073281.25,-39.68794
1385073437.5,-39.67794
1385073593.75,-39.67535
1385073750.0,-39.67491
1385073906.25,-39.68995
1385074062.5,-39.68443
1385074218.75,-39.66729
1385074375.0,-39.68508
1385074531.25,-39.66915
1385074687.5,-39.69109
1385074843.75,-39.67641
1385075000.0,-39.67438
1385075156.25,-39.66983
1385075312.5,-39.67165
1385075468.75,-39.66856
1385075625.0,-39.68475
1385075781.25,-39.65726
1385075937.5,-39.68865
1385076093.75,-39.66715
1385076250.0,-39.66825
1385076406.25,-39.67697
1385076562.5,-39.65815
1385076718.75,-39.66807
1385076875.0,-39.66845
1385077031.25,-39.66167
1385077187.5,-39.68356
1385077343.75,-39.68362
1385077500.0,-39.68152
1385077656.25,-39.68267
1385077812.5,-39.66851
1385077968.75,-39.66784
1385078125.0,-39.66748
1385078281.25,-39.67627
1385078437.5,-39.65789
1385078593.75,-39.6629
1385078750.0,-39.68416
1385078906.25,-39.67479
1385079062.5,-39.64774
1385079218.75,-39.67007
1385079375.0,-39.66307
1385079531.25,-39.65737
1385079687.5,-39.67722
1385079843.75,-39.66507
1385080000.0,-39.65873
1385080156.25,-39.65192
1385080312.5,-39.66661
1385080468.75,-39.64184
1385080625.0,-39.67625
1385080781.25,-39.66307
1385080937.5,-39.66621
1385081093.75,-39.65848
1385081250.0,-39.66207
1385081406.25,-39.66769
1385081562.5,-39.6622
1385081718.75,-39.66102
1385081875.0,-39.65113
1385082031.25,-39.65205
1385082187.5,-39.65049
1385082343.75,-39.66121
1385082500.0,-39.65088
1385082656.25,-39.65821
1385082812.5,-39.64799
1385082968.75,-39.66587
1385083125.0,-39.65606
1385083281.25,-39.64457
1385083437.5,-39.65514
1385083593.75,-39.64782
1385083750.0,-39.6338
1385083906.25,-39.65239
1385084062.5,-39.65215
1385084218.75,-39.64664
1385084375.0,-39.64334
1385084531.25,-39.64669
1385084687.5,-39.64275
1385084843.75,-39.64261
1385085000.0,-39.63207
1385085156.25,-39.6373
1385085312.5,-39.64157
1385085468.75,-39.64357
1385085625.0,-39.64424
1385085781.25,-39.63713
1385085937.5,-39.65189
1385086093.75,-39.63855
1385086250.0,-39.6613
1385086406.25,-39.63897
1385086562.5,-39.63219
1385086718.75,-39.63403
1385086875.0,-39.64057
1385087031.25,-39.62157
1385087187.5,-39.61806
1385087343.75,-39.63615
1385087500.0,-39.63803
1385087656.25,-39.63884
1385087812.5,-39.65978
1385087968.75,-39.64637
1385088125.0,-39.63405
1385088281.25,-39.64629
1385088437.5,-39.64156
1385088593.75,-39.64448
1385088750.0,-39.62451
1385088906.25,-39.65308
1385089062.5,-39.63043
1385089218.75,-39.63263
1385089375.0,-39.61803
1385089531.25,-39.63103
1385089687.5,-39.63057
1385089843.75,-39.64037
1385090000.0,-39.65231
1385090156.25,-39.61486
1385090312.5,-39.63149
1385090468.75,-39.63045
1385090625.0,-39.63941
1385090781.25,-39.62857
1385090937.5,-39.6342
1385091093.75,-39.6272
1385091250.0,-39.62803
1385091406.25,-39.62409
1385091562.5,-39.62866
1385091718.75,-39.61434
1385091875.0,-39.625
1385092031.25,-39.62781
1385092187.5,-39.6197
1385092343.75,-39.61007
1385092500.0,-39.6377
1385092656.25,-39.6236
1385092812.5,-39.6355
1385092968.75,-39.62671
1385093125.0,-39.62541
1385093281.25,-39.63523
1385093437.5,-39.62709
1385093593.75,-39.60419
1385093750.0,-39.62178
1385093906.25,-39.63066
1385094062.5,-39.6147
1385094218.75,-39.62132
1385094375.0,-39.62791
1385094531.25,-39.62082
1385094687.5,-39.6288
1385094843.75,-39.6191
1385095000.0,-39.61797
1385095156.25,-39.61992
1385095312.5,-39.62283
1385095468.75,-39.60869
1385095625.0,-39.60035
1385095781.25,-39.62828
1385095937.5,-39.62463
1385096093.75,-39.61292
1385096250.0,-39.58976
1385096406.25,-39.6129
1385096562.5,-39.61573
1385096718.75,-39.62335
1385096875.0,-39.62446
1385097031.25,-39.61865
1385097187.5,-39.61988
1385097343.75,-39.61272
1385097500.0,-39.60582
1385097656.25,-39.61182
1385097812.5,-39.60772
1385097968.75,-39.62263
1385098125.0,-39.60832
1385098281.25,-39.62747
1385098437.5,-39.60852
1385098593.75,-39.60027
1385098750.0,-39.61189
1385098906.25,-39.61535
1385099062.5,-39.58723
1385099218.75,-39.6108
1385099375.0,-39.60118
1385099531.25,-39.5988
1385099687.5,-39.59599
1385099843.75,-39.59418
1385100000.0,-39.59111
1385100156.25,-39.60838
1385100312.5,-39.59306
1385100468.75,-39.61475
1385100625.0,-39.59987
1385100781.25,-39.60043
1385100937.5,-39.59648
1385101093.75,-39.60051
1385101250.0,-39.60145
1385101406.25,-39.60845
1385101562.5,-39.60931
1385101718.75,-39.58508
1385101875.0,-39.60067
1385102031.25,-39.60909
1385102187.5,-39.60712
1385102343.75,-39.60528
1385102500.0,-39.61254
1385102656.25,-39.58928
1385102812.5,-39.6019
1385102968.75,-39.59843
1385103125.0,-39.59378
1385103281.25,-39.60079
1385103437.5,-39.60055
1385103593.75,-39.5857
1385103750.0,-39.59019
1385103906.25,-39.59803
1385104062.5,-39.59928
1385104218.75,-39.5907
1385104375.0,-39.58902
1385104531.25,-39.57888
1385104687.5,-39.58578
1385104843.75,-39.58768
1385105000.0,-39.58496
1385105156.25,-39.60506
1385105312.5,-39.58528
1385105468.75,-39.58622
1385105625.0,-39.61011
1385105781.25,-39.59988
1385105937.5,-39.59063
1385106093.75,-39.592
1385106250.0,-39.58315
1385106406.25,-39.59258
1385106562.5,-39.58545
1385106718.75,-39.60097
1385106875.0,-39.58812
1385107031.25,-39.57674
1385107187.5,-39.57946
1385107343.75,-39.57977
1385107500.0,-39.58857
1385107656.25,-39.59377
1385107812.5,-39.58347
1385107968.75,-39.58457
1385108125.0,-39.57473
1385108281.25,-39.59148
1385108437.5,-39.58055
1385108593.75,-39.57634
1385108750.0,-39.57557
1385108906.25,-39.58236
1385109062.5,-39.5844
1385109218.75,-39.57956
1385109375.0,-39.58356
1385109531.25,-39.58422
1385109687.5,-39.58038
1385109843.75,-39.57229
1385110000.0,-39.59027
1385110156.25,-39.58526
1385110312.5,-39.57365
1385110468.75,-39.5694
1385110625.0,-39.57787
1385110781.25,-39.58175
1385110937.5,-39.57757
1385111093.75,-39.5854
1385111250.0,-39.55871
1385111406.25,-39.57895
1385111562.5,-39.57915
1385111718.75,-39.59151
1385111875.0,-39.58136
1385112031.25,-39.57795
1385112187.5,-39.56647
1385112343.75,-39.56626
1385112500.0,-39.56659
1385112656.25,-39.57438
1385112812.5,-39.55379
1385112968.75,-39.56881
1385113125.0,-39.56785
1385113281.25,-39.55865
1385113437.5,-39.56445
1385113593.75,-39.56581
1385113750.0,-39.56947
1385113906.25,-39.5673
1385114062.5,-39.57003
1385114218.75,-39.56476
1385114375.0,-39.56787
1385114531.25,-39.57132
1385114687.5,-39.56704
1385114843.75,-39.58189
1385115000.0,-39.55258
1385115156.25,-39.55683
1385115312.5,-39.54874
1385115468.75,-39.57439
1385115625.0,-39.57412
1385115781.25,-39.55597
1385115937.5,-39.56156
1385116093.75,-39.56769
1385116250.0,-39.56032
1385116406.25,-39.55737
1385116562.5,-39.55684
1385116718.75,-39.56506
1385116875.0,-39.57096
1385117031.25,-39.55199
1385117187.5,-39.55408
1385117343.75,-39.53653
1385117500.0,-39.53339
1385117656.25,-39.55119
1385117812.5,-39.57348
1385117968.75,-39.56299
1385118125.0,-39.54615
1385118281.25,-39.55484
1385118437.5,-39.56407
1385118593.75,-39.54347
1385118750.0,-39.54866
1385118906.25,-39.53775
1385119062.5,-39.56863
1385119218.75,-39.54498
1385119375.0,-39.5419
1385119531.25,-39.54266
1385119687.5,-39.56153
1385119843.75,-39.56104
1385120000.0,-39.54244
1385120156.25,-39.54318
1385120312.5,-39.54081
1385120468.75,-39.5446
1385120625.0,-39.54572
1385120781.25,-39.5648
1385120937.5,-39.5533
1385121093.75,-39.54836
1385121250.0,-39.53247
1385121406.25,-39.54539
1385121562.5,-39.55664
1385121718.75,-39.56363
1385121875.0,-39.54833
1385122031.25,-39.54678
1385122187.5,-39.55029
1385122343.75,-39.55045
1385122500.0,-39.54466
1385122656.25,-39.54244
1385122812.5,-39.56015
1385122968.75,-39.55
1385123125.0,-39.53382
1385123281.25,-39.53592
1385123437.5,-39.52839
1385123593.75,-39.54595
1385123750.0,-39.52938
1385123906.25,-39.51907
1385124062.5,-39.54097
1385124218.75,-39.5269
1385124375.0,-39.53092
1385124531.25,-39.53585
1385124687.5,-39.52189
1385124843.75,-39.53518
1385125000.0,-39.5285
1385125156.25,-39.53386
1385125312.5,-39.53607
1385125468.75,-39.5286
1385125625.0,-39.54684
1385125781.25,-39.5352
1385125937.5,-39.53492
1385126093.75,-39.54369
1385126250.0,-39.52769
1385126406.25,-39.52671
1385126562.5,-39.5364
1385126718.75,-39.52364
1385126875.0,-39.55106
1385127031.25,-39.52821
1385127187.5,-39.52626
1385127343.75,-39.53284
1385127500.0,-39.52518
1385127656.25,-39.54914
1385127812.5,-39.51044
1385127968.75,-39.53208
1385128125.0,-39.54548
1385128281.25,-39.52449
1385128437.5,-39.52165
1385128593.75,-39.52859
1385128750.0,-39.52448
1385128906.25,-39.52677
1385129062.5,-39.52979
1385129218.75,-39.53923
1385129375.0,-39.52943
1385129531.25,-39.5242
1385129687.5,-39.52377
1385129843.75,-39.51693
1385130000.0,-39.51396
1385130156.25,-39.5232
1385130312.5,-39.53645
1385130468.75,-39.51168
1385130625.0,-39.52411
1385130781.25,-39.52374
1385130937.5,-39.51046
1385131093.75,-39.52145
1385131250.0,-39.52537
1385131406.25,-39.52257
1385131562.5,-39.50203
1385131718.75,-39.51682
1385131875.0,-39.51344
1385132031.25,-39.51582
1385132187.5,-39.52147
1385132343.75,-39.51005
1385132500.0,-39.52094
1385132656.25,-39.5284
1385132812.5,-39.49638
1385132968.75,-39.49961
1385133125.0,-39.51646
1385133281.25,-39.50547
1385133437.5,-39.52247
1385133593.75,-39.51329
1385133750.0,-39.50051
1385133906.25,-39.51289
1385134062.5,-39.51755
1385134218.75,-39.52012
1385134375.0,-39.5187
1385134531.25,-39.51122
1385134687.5,-39.5065
1385134843.75,-39.50613
1385135000.0,-39.50271
1385135156.25,-39.49894
1385135312.5,-39.49379
1385135468.75,-39.50537
1385135625.0,-39.50002
1385135781.25,-39.50554
1385135937.5,-39.51415
1385136093.75,-39.50835
1385136250.0,-39.49784
1385136406.25,-39.50863
1385136562.5,-39.51511
1385136718.75,-39.49947
1385136875.0,-39.50411
1385137031.25,-39.5066
1385137187.5,-39.50712
1385137343.75,-39.50439
1385137500.0,-39.49019
1385137656.25,-39.49578
1385137812.5,-39.48946
1385137968.75,-39.49266
1385138125.0,-39.50303
1385138281.25,-39.51814
1385138437.5,-39.48983
1385138593.75,-39.48552
1385138750.0,-39.50436
1385138906.25,-39.49528
1385139062.5,-39.5026
1385139218.75,-39.48726
1385139375.0,-39.48933
1385139531.25,-39.48604
1385139687.5,-39.50297
1385139843.75,-39.48833
1385140000.0,-39.49489
1385140156.25,-39.4979
1385140312.5,-39.50155
1385140468.75,-39.48119
1385140625.0,-39.50454
1385140781.25,-39.46755
1385140937.5,-39.48646
1385141093.75,-39.49089
1385141250.0,-39.49083
1385141406.25,-39.47224
1385141562.5,-39.51223
1385141718.75,-39.50086
1385141875.0,-39.48443
1385142031.25,-39.48081
1385142187.5,-39.49059
1385142343.75,-39.49308
1385142500.0,-39.48268
1385142656.25,-39.48079
1385142812.5,-39.48671
1385142968.75,-39.47893
1385143125.0,-39.48297
1385143281.25,-39.49356
1385143437.5,-39.47963
1385143593.75,-39.48761
1385143750.0,-39.48164
1385143906.25,-39.4808
1385144062.5,-39.48825
1385144218.75,-39.47705
1385144375.0,-39.48757
1385144531.25,-39.48355
1385144687.5,-39.47411
1385144843.75,-39.48732
1385145000.0,-39.48193
1385145156.25,-39.46684
1385145312.5,-39.48231
1385145468.75,-39.47723
1385145625.0,-39.47689
1385145781.25,-39.47314
1385145937.5,-39.46795
1385146093.75,-39.46909
1385146250.0,-39.47911
1385146406.25,-39.4834
1385146562.5,-39.48299
1385146718.75,-39.47062
1385146875.0,-39.45829
1385147031.25,-39.47498
1385147187.5,-39.47998
1385147343.75,-39.47755
1385147500.0,-39.47009
1385147656.25,-39.4622
1385147812.5,-39.47331
1385147968.75,-39.48658
1385148125.0,-39.47815
1385148281.25,-39.46025
1385148437.5,-39.46289
1385148593.75,-39.47045
1385148750.0,-39.46318
1385148906.25,-39.4712
1385149062.5,-39.46409
1385149218.75,-39.45152
1385149375.0,-39.47795
1385149531.25,-39.45606
1385149687.5,-39.46414
1385149843.75,-39.4626
1385150000.0,-39.44881
1385150156.25,-39.4678
1385150312.5,-39.46452
1385150468.75,-39.45872
1385150625.0,-39.46252
1385150781.25,-39.4469
1385150937.5,-39.45542
1385151093.75,-39.44899
1385151250.0,-39.47015
1385151406.25,-39.47091
1385151562.5,-39.4728
1385151718.75,-39.46095
1385151875.0,-39.47507
1385152031.25,-39.45433
1385152187.5,-39.45966
1385152343.75,-39.46882
1385152500.0,-39.45178
1385152656.25,-39.4424
1385152812.5,-39.45704
1385152968.75,-39.48288
1385153125.0,-39.46239
1385153281.25,-39.45642
1385153437.5,-39.45921
1385153593.75,-39.45972
1385153750.0,-39.45512
1385153906.25,-39.44895
1385154062.5,-39.45071
1385154218.75,-39.46068
1385154375.0,-39.45537
1385154531.25,-39.45704
1385154687.5,-39.44234
1385154843.75,-39.43785
1385155000.0,-39.45221
1385155156.25,-39.45927
1385155312.5,-39.44486
1385155468.75,-39.45577
1385155625.0,-39.43579
1385155781.25,-39.43618
1385155937.5,-39.44714
1385156093.75,-39.44611
1385156250.0,-39.46287
1385156406.25,-39.4544
1385156562.5,-39.45808
1385156718.75,-39.43676
1385156875.0,-39.43627
1385157031.25,-39.43766
1385157187.5,-39.46098
1385157343.75,-39.44629
1385157500.0,-39.44482
1385157656.25,-39.4513
1385157812.5,-39.44284
1385157968.75,-39.45224
1385158125.0,-39.44377
1385158281.25,-39.44278
1385158437.5,-39.42984
1385158593.75,-39.44929
1385158750.0,-39.45202
1385158906.25,-39.44068
1385159062.5,-39.43392
1385159218.75,-39.44772
1385159375.0,-39.44713
1385159531.25,-39.44416
1385159687.5,-39.43623
1385159843.75,-39.44016
1385160000.0,-39.4387
1385160156.25,-39.43162
1385160312.5,-39.41674
1385160468.75,-39.43274
1385160625.0,-39.42858
1385160781.25,-39.44416
1385160937.5,-39.43889
1385161093.75,-39.43658
1385161250.0,-39.44352
1385161406.25,-39.4234
1385161562.5,-39.43787
1385161718.75,-39.44461
1385161875.0,-39.44412
1385162031.25,-39.41735
1385162187.5,-39.43232
1385162343.75,-39.43396
1385162500.0,-39.42143
1385162656.25,-39.42439
1385162812.5,-39.42201
1385162968.75,-39.43258
1385163125.0,-39.42215
1385163281.25,-39.43156
1385163437.5,-39.43993
1385163593.75,-39.43342
1385163750.0,-39.42126
1385163906.25,-39.4265
1385164062.5,-39.40365
1385164218.75,-39.43187
1385164375.0,-39.43434
1385164531.25,-39.42036
1385164687.5,-39.41827
1385164843.75,-39.43142
1385165000.0,-39.43047
1385165156.25,-39.42517
1385165312.5,-39.42879
1385165468.75,-39.42819
1385165625.0,-39.42569
1385165781.25,-39.3984
1385165937.5,-39.42467
1385166093.75,-39.42641
1385166250.0,-39.42003
1385166406.25,-39.4312
1385166562.5,-39.42283
1385166718.75,-39.39985
1385166875.0,-39.42432
1385167031.25,-39.41871
1385167187.5,-39.41473
1385167343.75,-39.41302
1385167500.0,-39.4304
1385167656.25,-39.40779
1385167812.5,-39.41429
1385167968.75,-39.42665
1385168125.0,-39.412
1385168281.25,-39.41675
1385168437.5,-39.41936
1385168593.75,-39.41148
1385168750.0,-39.40015
1385168906.25,-39.42514
1385169062.5,-39.42761
1385169218.75,-39.43198
1385169375.0,-39.41589
1385169531.25,-39.41356
1385169687.5,-39.41596
1385169843.75,-39.40143
1385170000.0,-39.41766
1385170156.25,-39.39076
1385170312.5,-39.41648
1385170468.75,-39.41003
1385170625.0,-39.39963
1385170781.25,-39.39801
1385170937.5,-39.40012
1385171093.75,-39.40366
1385171250.0,-39.41805
1385171406.25,-39.3974
1385171562.5,-39.40288
1385171718.75,-39.41079
1385171875.0,-39.39159
1385172031.25,-39.39439
1385172187.5,-39.39376
1385172343.75,-39.41005
1385172500.0,-39.39222
1385172656.25,-39.40884
1385172812.5,-39.40765
1385172968.75,-39.40742
1385173125.0,-39.39362
1385173281.25,-39.39551
1385173437.5,-39.4188
1385173593.75,-39.3844
1385173750.0,-39.40932
1385173906.25,-39.38826
1385174062.5,-39.38758
1385174218.75,-39.39677
1385174375.0,-39.39416
1385174531.25,-39.38968
1385174687.5,-39.3967
1385174843.75,-39.40742
1385175000.0,-39.40398
1385175156.25,-39.3985
1385175312.5,-39.3959
1385175468.75,-39.39862
1385175625.0,-39.38707
1385175781.25,-39.38859
1385175937.5,-39.38431
1385176093.75,-39.39825
1385176250.0,-39.38874
1385176406.25,-39.39611
1385176562.5,-39.37608
1385176718.75,-39.38978
1385176875.0,-39.38463
1385177031.25,-39.39289
1385177187.5,-39.38881
1385177343.75,-39.39143
1385177500.0,-39.40442
1385177656.25,-39.3875
1385177812.5,-39.38415
1385177968.75,-39.39182
1385178125.0,-39.39854
1385178281.25,-39.38124
1385178437.5,-39.38923
1385178593.75,-39.39039
1385178750.0,-39.37214
1385178906.25,-39.39415
1385179062.5,-39.39466
1385179218.75,-39.37548
1385179375.0,-39.39709
1385179531.25,-39.37728
1385179687.5,-39.36586
1385179843.75,-39.37225
1385180000.0,-39.37925
1385180156.25,-39.3828
1385180312.5,-39.38235
1385180468.75,-39.38086
1385180625.0,-39.38853
1385180781.25,-39.37652
1385180937.5,-39.37993
1385181093.75,-39.36304
1385181250.0,-39.35963
1385181406.25,-39.38875
1385181562.5,-39.37608
1385181718.75,-39.36063
1385181875.0,-39.37168
1385182031.25,-39.3755
1385182187.5,-39.37333
1385182343.75,-39.37734
1385182500.0,-39.35904
1385182656.25,-39.36425
1385182812.5,-39.3722
1385182968.75,-39.37802
1385183125.0,-39.36624
1385183281.25,-39.37508
1385183437.5,-39.36416
1385183593.75,-39.38287
1385183750.0,-39.37006
1385183906.25,-39.37233
1385184062.5,-39.36902
1385184218.75,-39.36937
1385184375.0,-39.36323
1385184531.25,-39.36994
1385184687.5,-39.35941
1385184843.75,-39.36415
1385185000.0,-39.37642
1385185156.25,-39.38157
1385185312.5,-39.35529
1385185468.75,-39.37209
1385185625.0,-39.36929
1385185781.25,-39.3534
1385185937.5,-39.36277
1385186093.75,-39.36181
1385186250.0,-39.3794
1385186406.25,-39.35693
1385186562.5,-39.35714
1385186718.75,-39.35661
1385186875.0,-39.36446
1385187031.25,-39.36078
1385187187.5,-39.36598
1385187343.75,-39.34826
1385187500.0,-39.37222
1385187656.25,-39.35056
1385187812.5,-39.36617
1385187968.75,-39.36208
1385188125.0,-39.36887
1385188281.25,-39.34857
1385188437.5,-39.35062
1385188593.75,-39.35122
1385188750.0,-39.35406
1385188906.25,-39.35099
1385189062.5,-39.33912
1385189218.75,-39.35213
1385189375.0,-39.35173
1385189531.25,-39.36532
1385189687.5,-39.35305
1385189843.75,-39.34592
1385190000.0,-39.34901
1385190156.25,-39.35675
1385190312.5,-39.34396
1385190468.75,-39.3344
1385190625.0,-39.35191
1385190781.25,-39.36254
1385190937.5,-39.33708
1385191093.75,-39.34443
1385191250.0,-39.33463
1385191406.25,-39.35325
1385191562.5,-39.35681
1385191718.75,-39.34193
1385191875.0,-39.34272
1385192031.25,-39.35037
1385192187.5,-39.34785
1385192343.75,-39.34467
1385192500.0,-39.34045
1385192656.25,-39.33355
1385192812.5,-39.33508
1385192968.75,-39.3517
1385193125.0,-39.33637
1385193281.25,-39.34435
1385193437.5,-39.33717
1385193593.75,-39.34906
1385193750.0,-39.3228
1385193906.25,-39.33812
1385194062.5,-39.33725
1385194218.75,-39.34221
1385194375.0,-39.33028
1385194531.25,-39.34665
1385194687.5,-39.33854
1385194843.75,-39.34333
1385195000.0,-39.33107
1385195156.25,-39.34827
1385195312.5,-39.35166
1385195468.75,-39.34697
1385195625.0,-39.32603
1385195781.25,-39.33163
1385195937.5,-39.33842
1385196093.75,-39.33734
1385196250.0,-39.3269
1385196406.25,-39.33288
1385196562.5,-39.3312
1385196718.75,-39.34096
1385196875.0,-39.32945
1385197031.25,-39.33714
1385197187.5,-39.33549
1385197343.75,-39.33545
1385197500.0,-39.32917
1385197656.25,-39.32463
1385197812.5,-39.32537
1385197968.75,-39.32063
1385198125.0,-39.35233
1385198281.25,-39.32917
1385198437.5,-39.32744
1385198593.75,-39.34146
1385198750.0,-39.33809
1385198906.25,-39.33996
1385199062.5,-39.3296
1385199218.75,-39.33243
1385199375.0,-39.33058
1385199531.25,-39.32609
1385199687.5,-39.3199
1385199843.75,-39.30937
1385200000.0,-39.31262
1385200156.25,-39.33295
1385200312.5,-39.32677
1385200468.75,-39.32401
1385200625.0,-39.32222
1385200781.25,-39.32013
1385200937.5,-39.29937
1385201093.75,-39.30981
1385201250.0,-39.32409
1385201406.25,-39.32623
1385201562.5,-39.31335
1385201718.75,-39.30707
1385201875.0,-39.31976
1385202031.25,-39.32299
1385202187.5,-39.30978
1385202343.75,-39.33048
1385202500.0,-39.3061
1385202656.25,-39.30669
1385202812.5,-39.31793
1385202968.75,-39.32571
1385203125.0,-39.30946
1385203281.25,-39.30658
1385203437.5,-39.30655
1385203593.75,-39.30529
1385203750.0,-39.30503
1385203906.25,-39.31317
1385204062.5,-39.29753
1385204218.75,-39.30664
1385204375.0,-39.29359
1385204531.25,-39.30286
1385204687.5,-39.30923
1385204843.75,-39.31013
1385205000.0,-39.3007
1385205156.25,-39.28309
1385205312.5,-39.30636
1385205468.75,-39.31006
1385205625.0,-39.30229
1385205781.25,-39.30976
1385205937.5,-39.31117
1385206093.75,-39.2875
1385206250.0,-39.28304
1385206406.25,-39.29795
1385206562.5,-39.29971
1385206718.75,-39.29708
1385206875.0,-39.28579
1385207031.25,-39.30766
1385207187.5,-39.30188
1385207343.75,-39.30218
1385207500.0,-39.3022
1385207656.25,-39.30222
1385207812.5,-39.30898
1385207968.75,-39.32088
1385208125.0,-39.29667
1385208281.25,-39.31151
1385208437.5,-39.30134
1385208593.75,-39.30127
1385208750.0,-39.31426
1385208906.25,-39.3078
1385209062.5,-39.29702
1385209218.75,-39.29305
1385209375.0,-39.29873
1385209531.25,-39.29038
1385209687.5,-39.28999
1385209843.75,-39.30835
1385210000.0,-39.2914
1385210156.25,-39.29987
1385210312.5,-39.3038
1385210468.75,-39.28106
1385210625.0,-39.28182
1385210781.25,-39.29351
1385210937.5,-39.29426
1385211093.75,-39.30145
1385211250.0,-39.28828
1385211406.25,-39.29444
1385211562.5,-39.2969
1385211718.75,-39.29272
1385211875.0,-39.30575
1385212031.25,-39.26023
1385212187.5,-39.28694
1385212343.75,-39.28046
1385212500.0,-39.29169
1385212656.25,-39.29148
1385212812.5,-39.29376
1385212968.75,-39.29454
1385213125.0,-39.29688
1385213281.25,-39.28261
1385213437.5,-39.28959
1385213593.75,-39.2885
1385213750.0,-39.26913
1385213906.25,-39.28301
1385214062.5,-39.28285
1385214218.75,-39.29049
1385214375.0,-39.28403
1385214531.25,-39.28979
1385214687.5,-39.27941
1385214843.75,-39.266
1385215000.0,-39.28214
1385215156.25,-39.26841
1385215312.5,-39.26617
1385215468.75,-39.2826
1385215625.0,-39.26802
1385215781.25,-39.27171
1385215937.5,-39.27647
1385216093.75,-39.26852
1385216250.0,-39.262
1385216406.25,-39.27844
1385216562.5,-39.2588
1385216718.75,-39.26873
1385216875.0,-39.26384
1385217031.25,-39.28622
1385217187.5,-39.26456
1385217343.75,-39.26711
1385217500.0,-39.27462
1385217656.25,-39.26917
1385217812.5,-39.26393
1385217968.75,-39.28139
1385218125.0,-39.2766
1385218281.25,-39.27705
1385218437.5,-39.27512
1385218593.75,-39.28396
1385218750.0,-39.27979
1385218906.25,-39.27114
1385219062.5,-39.27839
1385219218.75,-39.25274
1385219375.0,-39.26178
1385219531.25,-39.26612
1385219687.5,-39.25882
1385219843.75,-39.26876
1385220000.0,-39.26043
1385220156.25,-39.27893
1385220312.5,-39.26725
1385220468.75,-39.25343
1385220625.0,-39.25564
1385220781.25,-39.27126
1385220937.5,-39.26245
1385221093.75,-39.26432
1385221250.0,-39.26888
1385221406.25,-39.26598
1385221562.5,-39.24601
1385221718.75,-39.27493
1385221875.0,-39.25846
1385222031.25,-39.25002
1385222187.5,-39.26599
1385222343.75,-39.25365
1385222500.0,-39.26267
1385222656.25,-39.26375
1385222812.5,-39.25976
1385222968.75,-39.25103
1385223125.0,-39.25358
1385223281.25,-39.25805
1385223437.5,-39.24685
1385223593.75,-39.2488
1385223750.0,-39.26319
1385223906.25,-39.25153
1385224062.5,-39.25402
1385224218.75,-39.24571
1385224375.0,-39.26188
1385224531.25,-39.25685
1385224687.5,-39.2515
1385224843.75,-39.2491
1385225000.0,-39.25751
1385225156.25,-39.23961
1385225312.5,-39.2397
1385225468.75,-39.24802
1385225625.0,-39.24593
1385225781.25,-39.24489
1385225937.5,-39.24843
1385226093.75,-39.2493
1385226250.0,-39.24821
1385226406.25,-39.23539
1385226562.5,-39.24763
1385226718.75,-39.23865
1385226875.0,-39.24395
1385227031.25,-39.25149
1385227187.5,-39.23986
1385227343.75,-39.25111
1385227500.0,-39.23938
1385227656.25,-39.24987
1385227812.5,-39.25534
1385227968.75,-39.24732
1385228125.0,-39.24197
1385228281.25,-39.24041
1385228437.5,-39.22912
1385228593.75,-39.23599
1385228750.0,-39.23852
1385228906.25,-39.23731
1385229062.5,-39.23811
1385229218.75,-39.24749
1385229375.0,-39.2431
1385229531.25,-39.23524
1385229687.5,-39.22236
1385229843.75,-39.2538
1385230000.0,-39.23975
1385230156.25,-39.23414
1385230312.5,-39.23891
1385230468.75,-39.24323
1385230625.0,-39.22586
1385230781.25,-39.22974
1385230937.5,-39.23501
1385231093.75,-39.23735
1385231250.0,-39.2312
1385231406.25,-39.23834
1385231562.5,-39.22696
1385231718.75,-39.23211
1385231875.0,-39.23144
1385232031.25,-39.231
1385232187.5,-39.23195
1385232343.75,-39.22015
1385232500.0,-39.23443
1385232656.25,-39.22977
1385232812.5,-39.22545
1385232968.75,-39.22171
1385233125.0,-39.20872
1385233281.25,-39.22229
1385233437.5,-39.22264
1385233593.75,-39.20767
1385233750.0,-39.23362
1385233906.25,-39.21815
1385234062.5,-39.22734
1385234218.75,-39.23196
1385234375.0,-39.21708
1385234531.25,-39.2229
1385234687.5,-39.21561
1385234843.75,-39.23481
1385235000.0,-39.22079
1385235156.25,-39.22399
1385235312.5,-39.22029
1385235468.75,-39.21296
1385235625.0,-39.22419
1385235781.25,-39.22908
1385235937.5,-39.21185
1385236093.75,-39.21043
1385236250.0,-39.21513
1385236406.25,-39.21524
1385236562.5,-39.21684
1385236718.75,-39.2208
1385236875.0,-39.20446
1385237031.25,-39.21167
1385237187.5,-39.20952
1385237343.75,-39.20415
1385237500.0,-39.21129
1385237656.25,-39.21674
1385237812.5,-39.22408
1385237968.75,-39.2129
1385238125.0,-39.2162
1385238281.25,-39.20987
1385238437.5,-39.21827
1385238593.75,-39.20872
1385238750.0,-39.20535
1385238906.25,-39.20027
1385239062.5,-39.21979
1385239218.75,-39.20864
1385239375.0,-39.21423
1385239531.25,-39.19607
1385239687.5,-39.19336
1385239843.75,-39.20937
1385240000.0,-39.20494
1385240156.25,-39.19232
1385240312.5,-39.20272
1385240468.75,-39.19947
1385240625.0,-39.20719
1385240781.25,-39.20642
1385240937.5,-39.20889
1385241093.75,-39.20095
1385241250.0,-39.20778
1385241406.25,-39.19819
1385241562.5,-39.20872
1385241718.75,-39.19374
1385241875.0,-39.19633
1385242031.25,-39.20803
1385242187.5,-39.18738
1385242343.75,-39.20486
1385242500.0,-39.19557
1385242656.25,-39.19755
1385242812.5,-39.2032
1385242968.75,-39.19932
1385243125.0,-39.20019
1385243281.25,-39.18647
1385243437.5,-39.1997
1385243593.75,-39.18935
1385243750.0,-39.20531
1385243906.25,-39.18204
1385244062.5,-39.18785
1385244218.75,-39.20015
1385244375.0,-39.20307
1385244531.25,-39.18535
1385244687.5,-39.19165
1385244843.75,-39.19235
1385245000.0,-39.18867
1385245156.25,-39.18155
1385245312.5,-39.19453
1385245468.75,-39.19569
1385245625.0,-39.18636
1385245781.25,-39.19812
1385245937.5,-39.19623
1385246093.75,-39.17985
1385246250.0,-39.1875
1385246406.25,-39.18729
1385246562.5,-39.19281
1385246718.75,-39.18303
1385246875.0,-39.17543
1385247031.25,-39.18763
1385247187.5,-39.18853
1385247343.75,-39.16934
1385247500.0,-39.18742
1385247656.25,-39.19125
1385247812.5,-39.17402
1385247968.75,-39.20145
1385248125.0,-39.20688
1385248281.25,-39.16965
1385248437.5,-39.18488
1385248593.75,-39.20021
1385248750.0,-39.18666
1385248906.25,-39.17566
1385249062.5,-39.18078
1385249218.75,-39.17522
1385249375.0,-39.17913
1385249531.25,-39.16787
1385249687.5,-39.18821
1385249843.75,-39.17891
1385250000.0,-39.17814
1385250156.25,-39.18107
1385250312.5,-39.16388
1385250468.75,-39.17522
1385250625.0,-39.1701
1385250781.25,-39.16866
1385250937.5,-39.1682
1385251093.75,-39.17735
1385251250.0,-39.16401
1385251406.25,-39.18458
1385251562.5,-39.16669
1385251718.75,-39.17273
1385251875.0,-39.17941
1385252031.25,-39.16255
1385252187.5,-39.17046
1385252343.75,-39.15128
1385252500.0,-39.18152
1385252656.25,-39.16042
1385252812.5,-39.16814
1385252968.75,-39.15768
1385253125.0,-39.1719
1385253281.25,-39.19146
1385253437.5,-39.15392
1385253593.75,-39.16331
1385253750.0,-39.15871
1385253906.25,-39.16983
1385254062.5,-39.15949
1385254218.75,-39.15758
1385254375.0,-39.16233
1385254531.25,-39.1895
1385254687.5,-39.15519
1385254843.75,-39.16556
1385255000.0,-39.17609
1385255156.25,-39.17563
1385255312.5,-39.16178
1385255468.75,-39.151
1385255625.0,-39.1582
1385255781.25,-39.16771
1385255937.5,-39.1613
1385256093.75,-39.16357
1385256250.0,-39.1565
1385256406.25,-39.14972
1385256562.5,-39.15218
1385256718.75,-39.15131
1385256875.0,-39.16598
1385257031.25,-39.16882
1385257187.5,-39.16211
1385257343.75,-39.15612
1385257500.0,-39.14796
1385257656.25,-39.14925
1385257812.5,-39.13983
1385257968.75,-39.16916
1385258125.0,-39.16549
1385258281.25,-39.15824
1385258437.5,-39.14532
1385258593.75,-39.15101
1385258750.0,-39.16128
1385258906.25,-39.14663
1385259062.5,-39.1409
1385259218.75,-39.15156
1385259375.0,-39.15195
1385259531.25,-39.14157
1385259687.5,-39.16098
1385259843.75,-39.16941
1385260000.0,-39.15439
1385260156.25,-39.14756
1385260312.5,-39.14532
1385260468.75,-39.14885
1385260625.0,-39.15452
1385260781.25,-39.15343
1385260937.5,-39.15994
1385261093.75,-39.13755
1385261250.0,-39.14896
1385261406.25,-39.14882
1385261562.5,-39.11774
1385261718.75,-39.16096
1385261875.0,-39.1483
1385262031.25,-39.14274
1385262187.5,-39.13904
1385262343.75,-39.12902
1385262500.0,-39.15563
1385262656.25,-39.14049
1385262812.5,-39.13544
1385262968.75,-39.13105
1385263125.0,-39.14542
1385263281.25,-39.13087
1385263437.5,-39.12425
1385263593.75,-39.13075
1385263750.0,-39.12417
1385263906.25,-39.14678
1385264062.5,-39.12637
1385264218.75,-39.12397
1385264375.0,-39.14751
1385264531.25,-39.12775
1385264687.5,-39.13674
1385264843.75,-39.13521
1385265000.0,-39.13681
1385265156.25,-39.13879
1385265312.5,-39.12699
1385265468.75,-39.13498
1385265625.0,-39.13526
1385265781.25,-39.11935
1385265937.5,-39.11453
1385266093.75,-39.13213
1385266250.0,-39.13021
1385266406.25,-39.11762
1385266562.5,-39.12938
1385266718.75,-39.12688
1385266875.0,-39.14297
1385267031.25,-39.12741
1385267187.5,-39.12601
1385267343.75,-39.1251
1385267500.0,-39.12669
1385267656.25,-39.11623
1385267812.5,-39.12603
1385267968.75,-39.12409
1385268125.0,-39.12162
1385268281.25,-39.12979
1385268437.5,-39.11887
1385268593.75,-39.11437
1385268750.0,-39.1092
1385268906.25,-39.13039
1385269062.5,-39.11578
1385269218.75,-39.12154
1385269375.0,-39.11946
1385269531.25,-39.11684
1385269687.5,-39.1216
1385269843.75,-39.11981
1385270000.0,-39.12197
1385270156.25,-39.1299
1385270312.5,-39.11137
1385270468.75,-39.12452
1385270625.0,-39.11456
1385270781.25,-39.13334
1385270937.5,-39.11481
1385271093.75,-39.10746
1385271250.0,-39.12715
1385271406.25,-39.12879
1385271562.5,-39.10241
1385271718.75,-39.11058
1385271875.0,-39.09575
1385272031.25,-39.11616
1385272187.5,-39.1141
1385272343.75,-39.09162
1385272500.0,-39.12124
1385272656.25,-39.11902
1385272812.5,-39.10656
1385272968.75,-39.10042
1385273125.0,-39.1071
1385273281.25,-39.10324
1385273437.5,-39.11185
1385273593.75,-39.1081
1385273750.0,-39.0998
1385273906.25,-39.10238
1385274062.5,-39.11901
1385274218.75,-39.09187
1385274375.0,-39.11236
1385274531.25,-39.10379
1385274687.5,-39.11833
1385274843.75,-39.1151
1385275000.0,-39.09655
1385275156.25,-39.09919
1385275312.5,-39.09579
1385275468.75,-39.10038
1385275625.0,-39.10421
1385275781.25,-39.10693
1385275937.5,-39.10302
1385276093.75,-39.09679
1385276250.0,-39.10546
1385276406.25,-39.09919
1385276562.5,-39.0975
1385276718.75,-39.09235
1385276875.0,-39.09244
1385277031.25,-39.09338
1385277187.5,-39.08998
1385277343.75,-39.0884
1385277500.0,-39.09838
1385277656.25,-39.08857
1385277812.5,-39.08344
1385277968.75,-39.09835
1385278125.0,-39.09494
1385278281.25,-39.08526
1385278437.5,-39.09303
1385278593.75,-39.09202
1385278750.0,-39.09119
1385278906.25,-39.11065
1385279062.5,-39.08594
1385279218.75,-39.05976
1385279375.0,-39.08958
1385279531.25,-39.08589
1385279687.5,-39.09626
1385279843.75,-39.08285
1385280000.0,-39.08318
1385280156.25,-39.07718
1385280312.5,-39.08392
1385280468.75,-39.09791
1385280625.0,-39.09219
1385280781.25,-39.07579
1385280937.5,-39.08092
1385281093.75,-39.07608
1385281250.0,-39.08531
1385281406.25,-39.09189
1385281562.5,-39.06882
1385281718.75,-39.08911
1385281875.0,-39.0871
1385282031.25,-39.08231
1385282187.5,-39.08969
1385282343.75,-39.07799
1385282500.0,-39.08323
1385282656.25,-39.09192
1385282812.5,-39.09518
1385282968.75,-39.07598
1385283125.0,-39.08329
1385283281.25,-39.06018
1385283437.5,-39.0808
1385283593.75,-39.06549
1385283750.0,-39.07504
1385283906.25,-39.07008
1385284062.5,-39.06683
1385284218.75,-39.07849
1385284375.0,-39.09298
1385284531.25,-39.07892
1385284687.5,-39.07248
1385284843.75,-39.07217
1385285000.0,-39.08099
1385285156.25,-39.06673
1385285312.5,-39.06941
1385285468.75,-39.06382
1385285625.0,-39.07053
1385285781.25,-39.07568
1385285937.5,-39.08557
1385286093.75,-39.08448
1385286250.0,-39.06364
1385286406.25,-39.07739
1385286562.5,-39.07895
1385286718.75,-39.05535
1385286875.0,-39.05753
1385287031.25,-39.06392
1385287187.5,-39.06993
1385287343.75,-39.059
1385287500.0,-39.06969
1385287656.25,-39.06884
1385287812.5,-39.06147
1385287968.75,-39.07063
1385288125.0,-39.08229
1385288281.25,-39.06006
1385288437.5,-39.06277
1385288593.75,-39.07728
1385288750.0,-39.06092
1385288906.25,-39.07544
1385289062.5,-39.06895
1385289218.75,-39.07407
1385289375.0,-39.04897
1385289531.25,-39.05562
1385289687.5,-39.05884
1385289843.75,-39.0704
1385290000.0,-39.06062
1385290156.25,-39.07318
1385290312.5,-39.05286
1385290468.75,-39.0634
1385290625.0,-39.05309
1385290781.25,-39.05218
1385290937.5,-39.06763
1385291093.75,-39.06376
1385291250.0,-39.05513
1385291406.25,-39.06988
1385291562.5,-39.04683
1385291718.75,-39.05664
1385291875.0,-39.04441
1385292031.25,-39.04895
1385292187.5,-39.05416
1385292343.75,-39.05224
1385292500.0,-39.04615
1385292656.25,-39.05648
1385292812.5,-39.05059
1385292968.75,-39.05225
1385293125.0,-39.04506
1385293281.25,-39.05447
1385293437.5,-39.06109
1385293593.75,-39.0488
1385293750.0,-39.0586
1385293906.25,-39.04075
1385294062.5,-39.0475
1385294218.75,-39.03909
1385294375.0,-39.04371
1385294531.25,-39.03996
1385294687.5,-39.04637
1385294843.75,-39.03603
1385295000.0,-39.03941
1385295156.25,-39.04668
1385295312.5,-39.03878
1385295468.75,-39.04428
1385295625.0,-39.04594
1385295781.25,-39.05148
1385295937.5,-39.04728
1385296093.75,-39.03637
1385296250.0,-39.03961
1385296406.25,-39.0277
1385296562.5,-39.03642
1385296718.75,-39.0394
1385296875.0,-39.03551
1385297031.25,-39.05177
1385297187.5,-39.04429
1385297343.75,-39.04593
1385297500.0,-39.02866
1385297656.25,-39.03337
1385297812.5,-39.03923
1385297968.75,-39.02756
1385298125.0,-39.02678
1385298281.25,-39.03
1385298437.5,-39.03536
1385298593.75,-39.01829
1385298750.0,-39.03025
1385298906.25,-39.02975
1385299062.5,-39.04037
1385299218.75,-39.03774
1385299375.0,-39.03248
1385299531.25,-39.02958
1385299687.5,-39.03899
1385299843.75,-39.02227
1385300000.0,-39.03286
1385300156.25,-39.0435
1385300312.5,-39.03148
1385300468.75,-39.01655
1385300625.0,-39.01915
1385300781.25,-39.02095
1385300937.5,-39.02672
1385301093.75,-39.03022
1385301250.0,-39.03301
1385301406.25,-39.02275
1385301562.5,-39.02419
1385301718.75,-39.01752
1385301875.0,-39.01719
1385302031.25,-39.02667
1385302187.5,-39.02776
1385302343.75,-39.01669
1385302500.0,-39.02841
1385302656.25,-39.02452
1385302812.5,-39.01081
1385302968.75,-39.02922
1385303125.0,-39.01159
1385303281.25,-39.02874
1385303437.5,-39.02612
1385303593.75,-39.0153
1385303750.0,-39.02941
1385303906.25,-39.02932
1385304062.5,-39.01661
1385304218.75,-39.01355
1385304375.0,-39.01769
1385304531.25,-39.01303
1385304687.5,-39.02467
1385304843.75,-39.01492
1385305000.0,-39.01419
1385305156.25,-39.00686
1385305312.5,-39.00866
1385305468.75,-39.01141
1385305625.0,-39.00554
1385305781.25,-38.99878
1385305937.5,-39.0173
1385306093.75,-39.02697
1385306250.0,-39.00954
1385306406.25,-39.01398
1385306562.5,-39.0164
1385306718.75,-39.01664
1385306875.0,-39.00365
1385307031.25,-39.01789
1385307187.5,-39.01368
1385307343.75,-39.01446
1385307500.0,-38.99099
1385307656.25,-39.00679
1385307812.5,-38.99419
1385307968.75,-39.01868
1385308125.0,-39.00657
1385308281.25,-38.99974
1385308437.5,-38.98598
1385308593.75,-38.98442
1385308750.0,-39.0038
1385308906.25,-38.9989
1385309062.5,-38.99155
1385309218.75,-38.99829
1385309375.0,-39.01312
1385309531.25,-39.01312
1385309687.5,-39.00554
1385309843.75,-38.99974
1385310000.0,-38.99185
1385310156.25,-38.99941
1385310312.5,-39.01015
1385310468.75,-39.00785
1385310625.0,-38.99387
1385310781.25,-39.00689
1385310937.5,-38.99271
1385311093.75,-39.00164
1385311250.0,-39.00583
1385311406.25,-38.99201
1385311562.5,-39.00303
1385311718.75,-39.00027
1385311875.0,-38.99561
1385312031.25,-38.98578
1385312187.5,-38.99554
1385312343.75,-38.98164
1385312500.0,-38.98643
1385312656.25,-38.97136
1385312812.5,-38.98278
1385312968.75,-39.00007
1385313125.0,-38.97479
1385313281.25,-39.00933
1385313437.5,-39.00531
1385313593.75,-38.99611
1385313750.0,-38.98718
1385313906.25,-38.98693
1385314062.5,-38.97822
1385314218.75,-38.98933
1385314375.0,-38.99133
1385314531.25,-38.99239
1385314687.5,-38.98756
1385314843.75,-38.97782
1385315000.0,-38.99291
1385315156.25,-38.97398
1385315312.5,-38.97479
1385315468.75,-38.98032
1385315625.0,-38.99222
1385315781.25,-38.98195
1385315937.5,-38.97863
1385316093.75,-38.99404
1385316250.0,-38.99862
1385316406.25,-38.98802
1385316562.5,-38.98993
1385316718.75,-38.96637
1385316875.0,-38.96461
1385317031.25,-38.97399
1385317187.5,-38.97347
1385317343.75,-38.96936
1385317500.0,-38.9757
1385317656.25,-38.97382
1385317812.5,-38.98324
1385317968.75,-38.96855
1385318125.0,-38.98016
1385318281.25,-38.97939
1385318437.5,-38.97347
1385318593.75,-38.98602
1385318750.0,-38.97133
1385318906.25,-38.98537
1385319062.5,-38.96199
1385319218.75,-38.96254
1385319375.0,-38.99137
1385319531.25,-38.9795
1385319687.5,-38.96771
1385319843.75,-38.95488
1385320000.0,-38.96743
1385320156.25,-38.97126
1385320312.5,-38.96056
1385320468.75,-38.97768
1385320625.0,-38.96019
1385320781.25,-38.97666
1385320937.5,-38.96672
1385321093.75,-38.96511
1385321250.0,-38.95971
1385321406.25,-38.98297
1385321562.5,-38.96294
1385321718.75,-38.9591
1385321875.0,-38.95752
1385322031.25,-38.96419
1385322187.5,-38.97533
1385322343.75,-38.96709
1385322500.0,-38.97422
1385322656.25,-38.97263
1385322812.5,-38.96893
1385322968.75,-38.9663
1385323125.0,-38.96165
1385323281.25,-38.96187
1385323437.5,-38.95415
1385323593.75,-38.95911
1385323750.0,-38.95654
1385323906.25,-38.96089
1385324062.5,-38.942
1385324218.75,-38.94818
1385324375.0,-38.95379
1385324531.25,-38.95656
1385324687.5,-38.9502
1385324843.75,-38.94592
1385325000.0,-38.9581
1385325156.25,-38.95827
1385325312.5,-38.95276
1385325468.75,-38.94368
1385325625.0,-38.94473
1385325781.25,-38.96159
1385325937.5,-38.95037
1385326093.75,-38.94078
1385326250.0,-38.95682
1385326406.25,-38.9416
1385326562.5,-38.95276
1385326718.75,-38.95669
1385326875.0,-38.96238
1385327031.25,-38.95534
1385327187.5,-38.96517
1385327343.75,-38.94681
1385327500.0,-38.95535
1385327656.25,-38.94341
1385327812.5,-38.94439
1385327968.75,-38.94474
1385328125.0,-38.94253
1385328281.25,-38.92971
1385328437.5,-38.94635
1385328593.75,-38.95024
1385328750.0,-38.96668
1385328906.25,-38.93845
1385329062.5,-38.94306
1385329218.75,-38.93512
1385329375.0,-38.93778
1385329531.25,-38.93257
1385329687.5,-38.93529
1385329843.75,-38.94383
1385330000.0,-38.94606
1385330156.25,-38.94777
1385330312.5,-38.92618
1385330468.75,-38.93126
1385330625.0,-38.93931
1385330781.25,-38.94094
1385330937.5,-38.93158
1385331093.75,-38.93549
1385331250.0,-38.94262
1385331406.25,-38.93537
1385331562.5,-38.93331
1385331718.75,-38.92809
1385331875.0,-38.93654
1385332031.25,-38.92614
1385332187.5,-38.94168
1385332343.75,-38.93979
1385332500.0,-38.93309
1385332656.25,-38.93087
1385332812.5,-38.94033
1385332968.75,-38.92007
1385333125.0,-38.93202
1385333281.25,-38.91555
1385333437.5,-38.9366
1385333593.75,-38.93476
1385333750.0,-38.92285
1385333906.25,-38.91739
1385334062.5,-38.93018
1385334218.75,-38.9158
1385334375.0,-38.92756
1385334531.25,-38.9263
1385334687.5,-38.93287
1385334843.75,-38.91448
1385335000.0,-38.93271
1385335156.25,-38.92485
1385335312.5,-38.92358
1385335468.75,-38.92369
1385335625.0,-38.93682
1385335781.25,-38.93706
1385335937.5,-38.93414
1385336093.75,-38.92551
1385336250.0,-38.90598
1385336406.25,-38.92572
1385336562.5,-38.91576
1385336718.75,-38.9195
1385336875.0,-38.91219
1385337031.25,-38.91668
1385337187.5,-38.92586
1385337343.75,-38.91809
1385337500.0,-38.91506
1385337656.25,-38.92493
1385337812.5,-38.91696
1385337968.75,-38.90979
1385338125.0,-38.91884
1385338281.25,-38.91681
1385338437.5,-38.91884
1385338593.75,-38.90846
1385338750.0,-38.91929
1385338906.25,-38.93066
1385339062.5,-38.91196
1385339218.75,-38.91444
1385339375.0,-38.92713
1385339531.25,-38.89932
1385339687.5,-38.90946
1385339843.75,-38.90975
1385340000.0,-38.90017
1385340156.25,-38.91673
1385340312.5,-38.91199
1385340468.75,-38.91002
1385340625.0,-38.88833
1385340781.25,-38.91264
1385340937.5,-38.91777
1385341093.75,-38.91894
1385341250.0,-38.90546
1385341406.25,-38.91689
1385341562.5,-38.90329
1385341718.75,-38.89579
1385341875.0,-38.89076
1385342031.25,-38.90588
1385342187.5,-38.90748
1385342343.75,-38.90316
1385342500.0,-38.89541
1385342656.25,-38.89855
1385342812.5,-38.90548
1385342968.75,-38.90713
1385343125.0,-38.90524
1385343281.25,-38.89536
1385343437.5,-38.90309
1385343593.75,-38.91055
1385343750.0,-38.89792
1385343906.25,-38.9154
1385344062.5,-38.88945
1385344218.75,-38.88172
1385344375.0,-38.88778
1385344531.25,-38.88852
1385344687.5,-38.89711
1385344843.75,-38.9007
1385345000.0,-38.89313
1385345156.25,-38.8918
1385345312.5,-38.90974
1385345468.75,-38.87894
1385345625.0,-38.8916
1385345781.25,-38.89865
1385345937.5,-38.9019
1385346093.75,-38.88499
1385346250.0,-38.90382
1385346406.25,-38.88425
1385346562.5,-38.89209
1385346718.75,-38.90344
1385346875.0,-38.89851
1385347031.25,-38.89057
1385347187.5,-38.88556
1385347343.75,-38.8922
1385347500.0,-38.89324
1385347656.25,-38.88005
1385347812.5,-38.89025
1385347968.75,-38.89073
1385348125.0,-38.89237
1385348281.25,-38.86816
1385348437.5,-38.88805
1385348593.75,-38.87491
1385348750.0,-38.88826
1385348906.25,-38.88384
1385349062.5,-38.88881
1385349218.75,-38.89531
1385349375.0,-38.87757
1385349531.25,-38.88706
1385349687.5,-38.88162
1385349843.75,-38.86688
1385350000.0,-38.86925
1385350156.25,-38.87995
1385350312.5,-38.86353
1385350468.75,-38.86509
1385350625.0,-38.89111
1385350781.25,-38.85482
1385350937.5,-38.87299
1385351093.75,-38.87563
1385351250.0,-38.87978
1385351406.25,-38.89061
1385351562.5,-38.87518
1385351718.75,-38.89169
1385351875.0,-38.86205
1385352031.25,-38.87746
1385352187.5,-38.85937
1385352343.75,-38.88877
1385352500.0,-38.8737
1385352656.25,-38.88133
1385352812.5,-38.87297
1385352968.75,-38.87287
1385353125.0,-38.87094
1385353281.25,-38.86839
1385353437.5,-38.88416
1385353593.75,-38.86293
1385353750.0,-38.84399
1385353906.25,-38.86815
1385354062.5,-38.87013
1385354218.75,-38.87442
1385354375.0,-38.86954
1385354531.25,-38.85682
1385354687.5,-38.86018
1385354843.75,-38.86017
1385355000.0,-38.88704
1385355156.25,-38.85138
1385355312.5,-38.85899
1385355468.75,-38.87005
1385355625.0,-38.86247
1385355781.25,-38.86684
1385355937.5,-38.87735
1385356093.75,-38.86166
1385356250.0,-38.84804
1385356406.25,-38.8546
1385356562.5,-38.84995
1385356718.75,-38.85151
1385356875.0,-38.85022
1385357031.25,-38.8505
1385357187.5,-38.85347
1385357343.75,-38.8685
1385357500.0,-38.85021
1385357656.25,-38.85702
1385357812.5,-38.86769
1385357968.75,-38.86543
1385358125.0,-38.84813
1385358281.25,-38.85596
1385358437.5,-38.85079
1385358593.75,-38.85526
1385358750.0,-38.84569
1385358906.25,-38.84875
1385359062.5,-38.84661
1385359218.75,-38.85681
1385359375.0,-38.84742
1385359531.25,-38.85522
1385359687.5,-38.84318
1385359843.75,-38.83608
1385360000.0,-38.84464
1385360156.25,-38.83548
1385360312.5,-38.83161
1385360468.75,-38.83598
1385360625.0,-38.87361
1385360781.25,-38.83625
1385360937.5,-38.84827
1385361093.75,-38.84807
1385361250.0,-38.85662
1385361406.25,-38.83764
1385361562.5,-38.84562
1385361718.75,-38.83343
1385361875.0,-38.83755
1385362031.25,-38.84948
1385362187.5,-38.84052
1385362343.75,-38.83722
1385362500.0,-38.8333
1385362656.25,-38.83936
1385362812.5,-38.83007
1385362968.75,-38.83406
1385363125.0,-38.82344
1385363281.25,-38.84699
1385363437.5,-38.83318
1385363593.75,-38.83724
1385363750.0,-38.83589
1385363906.25,-38.84441
1385364062.5,-38.84043
1385364218.75,-38.82974
1385364375.0,-38.83533
1385364531.25,-38.83384
1385364687.5,-38.84457
1385364843.75,-38.81966
1385365000.0,-38.83645
1385365156.25,-38.82953
1385365312.5,-38.82295
1385365468.75,-38.8261
1385365625.0,-38.83101
1385365781.25,-38.8469
1385365937.5,-38.83265
1385366093.75,-38.84255
1385366250.0,-38.82567
1385366406.25,-38.83126
1385366562.5,-38.82738
1385366718.75,-38.83131
1385366875.0,-38.82165
1385367031.25,-38.8457
1385367187.5,-38.82666
1385367343.75,-38.82311
1385367500.0,-38.81886
1385367656.25,-38.82689
1385367812.5,-38.83222
1385367968.75,-38.83186
1385368125.0,-38.82485
1385368281.25,-38.83243
1385368437.5,-38.83012
1385368593.75,-38.81997
1385368750.0,-38.83498
1385368906.25,-38.82
1385369062.5,-38.82421
1385369218.75,-38.82505
1385369375.0,-38.80287
1385369531.25,-38.81166
1385369687.5,-38.81475
1385369843.75,-38.82217
1385370000.0,-38.79895
1385370156.25,-38.82226
1385370312.5,-38.82496
1385370468.75,-38.81772
1385370625.0,-38.81751
1385370781.25,-38.81245
1385370937.5,-38.80606
1385371093.75,-38.82679
1385371250.0,-38.81522
1385371406.25,-38.82421
1385371562.5,-38.8105
1385371718.75,-38.80531
1385371875.0,-38.80724
1385372031.25,-38.82645
1385372187.5,-38.81612
1385372343.75,-38.81618
1385372500.0,-38.79684
1385372656.25,-38.80638
1385372812.5,-38.80961
1385372968.75,-38.81671
1385373125.0,-38.79157
1385373281.25,-38.8145
1385373437.5,-38.82241
1385373593.75,-38.79254
1385373750.0,-38.80174
1385373906.25,-38.79627
1385374062.5,-38.8117
1385374218.75,-38.81194
1385374375.0,-38.79562
1385374531.25,-38.81143
1385374687.5,-38.81815
1385374843.75,-38.78286
1385375000.0,-38.7956
1385375156.25,-38.8051
1385375312.5,-38.80253
1385375468.75,-38.80865
1385375625.0,-38.80891
1385375781.25,-38.79306
1385375937.5,-38.80897
1385376093.75,-38.80563
1385376250.0,-38.79459
1385376406.25,-38.79959
1385376562.5,-38.8015
1385376718.75,-38.80307
1385376875.0,-38.78936
1385377031.25,-38.80051
1385377187.5,-38.80573
1385377343.75,-38.80912
1385377500.0,-38.79409
1385377656.25,-38.79161
1385377812.5,-38.79285
1385377968.75,-38.7973
1385378125.0,-38.78585
1385378281.25,-38.794
1385378437.5,-38.79664
1385378593.75,-38.78863
1385378750.0,-38.78546
1385378906.25,-38.7884
1385379062.5,-38.80386
1385379218.75,-38.79983
1385379375.0,-38.78268
1385379531.25,-38.7891
1385379687.5,-38.77868
1385379843.75,-38.79369
1385380000.0,-38.78673
1385380156.25,-38.79438
1385380312.5,-38.7884
1385380468.75,-38.78732
1385380625.0,-38.77048
1385380781.25,-38.78893
1385380937.5,-38.77295
1385381093.75,-38.76849
1385381250.0,-38.78174
1385381406.25,-38.78306
1385381562.5,-38.77423
1385381718.75,-38.77807
1385381875.0,-38.77866
1385382031.25,-38.76493
1385382187.5,-38.77247
1385382343.75,-38.76967
1385382500.0,-38.78313
1385382656.25,-38.77756
1385382812.5,-38.77437
1385382968.75,-38.75323
1385383125.0,-38.77222
1385383281.25,-38.7676
1385383437.5,-38.76549
1385383593.75,-38.77975
1385383750.0,-38.77591
1385383906.25,-38.78601
1385384062.5,-38.77757
1385384218.75,-38.77066
1385384375.0,-38.78013
1385384531.25,-38.77224
1385384687.5,-38.78889
1385384843.75,-38.76456
1385385000.0,-38.77251
1385385156.25,-38.76295
1385385312.5,-38.78148
1385385468.75,-38.76978
1385385625.0,-38.77455
1385385781.25,-38.75598
1385385937.5,-38.76976
1385386093.75,-38.76911
1385386250.0,-38.77428
1385386406.25,-38.76901
1385386562.5,-38.76868
1385386718.75,-38.77137
1385386875.0,-38.7712
1385387031.25,-38.76296
1385387187.5,-38.75115
1385387343.75,-38.75204
1385387500.0,-38.76525
1385387656.25,-38.76469
1385387812.5,-38.76779
1385387968.75,-38.76701
1385388125.0,-38.76939
1385388281.25,-38.75438
1385388437.5,-38.76759
1385388593.75,-38.752
1385388750.0,-38.76991
1385388906.25,-38.76507
1385389062.5,-38.75417
1385389218.75,-38.76791
1385389375.0,-38.764
1385389531.25,-38.77067
1385389687.5,-38.76634
1385389843.75,-38.75932
1385390000.0,-38.75412
1385390156.25,-38.76429
1385390312.5,-38.75615
1385390468.75,-38.75359
1385390625.0,-38.76883
1385390781.25,-38.77501
1385390937.5,-38.75456
1385391093.75,-38.74924
1385391250.0,-38.75515
1385391406.25,-38.76284
1385391562.5,-38.74273
1385391718.75,-38.74697
1385391875.0,-38.75388
1385392031.25,-38.75035
1385392187.5,-38.75664
1385392343.75,-38.74426
1385392500.0,-38.74828
1385392656.25,-38.74734
1385392812.5,-38.76015
1385392968.75,-38.75957
1385393125.0,-38.75164
1385393281.25,-38.74437
1385393437.5,-38.74624
1385393593.75,-38.75106
1385393750.0,-38.75072
1385393906.25,-38.74037
1385394062.5,-38.75101
1385394218.75,-38.74685
1385394375.0,-38.73912
1385394531.25,-38.74502
1385394687.5,-38.73105
1385394843.75,-38.74321
1385395000.0,-38.73689
1385395156.25,-38.7458
1385395312.5,-38.74081
1385395468.75,-38.73708
1385395625.0,-38.7389
1385395781.25,-38.73987
1385395937.5,-38.74178
1385396093.75,-38.73377
1385396250.0,-38.74376
1385396406.25,-38.72515
1385396562.5,-38.73531
1385396718.75,-38.72713
1385396875.0,-38.74609
1385397031.25,-38.73372
1385397187.5,-38.73228
1385397343.75,-38.74801
1385397500.0,-38.73581
1385397656.25,-38.72258
1385397812.5,-38.73296
1385397968.75,-38.71816
1385398125.0,-38.72958
1385398281.25,-38.73916
1385398437.5,-38.72046
1385398593.75,-38.73408
1385398750.0,-38.73888
1385398906.25,-38.74025
1385399062.5,-38.73219
1385399218.75,-38.72813
1385399375.0,-38.71821
1385399531.25,-38.73474
1385399687.5,-38.72319
1385399843.75,-38.73021
1385400000.0,-38.73533
1385400156.25,-38.73399
1385400312.5,-38.72782
1385400468.75,-38.73229
1385400625.0,-38.71228
1385400781.25,-38.72672
1385400937.5,-38.7243
1385401093.75,-38.72979
1385401250.0,-38.72009
1385401406.25,-38.71955
1385401562.5,-38.71053
1385401718.75,-38.71871
1385401875.0,-38.72936
1385402031.25,-38.7338
1385402187.5,-38.7056
1385402343.75,-38.71132
1385402500.0,-38.71249
1385402656.25,-38.71228
1385402812.5,-38.7117
1385402968.75,-38.714
1385403125.0,-38.71395
1385403281.25,-38.72215
1385403437.5,-38.71633
1385403593.75,-38.71446
1385403750.0,-38.70844
1385403906.25,-38.7155
1385404062.5,-38.70916
1385404218.75,-38.71213
1385404375.0,-38.70229
1385404531.25,-38.72513
1385404687.5,-38.7048
1385404843.75,-38.71273
1385405000.0,-38.70633
1385405156.25,-38.70513
1385405312.5,-38.71325
1385405468.75,-38.71455
1385405625.0,-38.7132
1385405781.25,-38.68229
1385405937.5,-38.71441
1385406093.75,-38.7175
1385406250.0,-38.7002
1385406406.25,-38.71468
1385406562.5,-38.71619
1385406718.75,-38.69043
1385406875.0,-38.69929
1385407031.25,-38.70157
1385407187.5,-38.70998
1385407343.75,-38.70354
1385407500.0,-38.70883
1385407656.25,-38.69203
1385407812.5,-38.69744
1385407968.75,-38.71387
1385408125.0,-38.69606
1385408281.25,-38.6949
1385408437.5,-38.6993
1385408593.75,-38.70374
1385408750.0,-38.69565
1385408906.25,-38.69985
1385409062.5,-38.69517
1385409218.75,-38.70044
1385409375.0,-38.69765
1385409531.25,-38.70248
1385409687.5,-38.70477
1385409843.75,-38.70038
1385410000.0,-38.69022
1385410156.25,-38.68977
1385410312.5,-38.69339
1385410468.75,-38.70068
1385410625.0,-38.70133
1385410781.25,-38.6882
1385410937.5,-38.69538
1385411093.75,-38.68414
1385411250.0,-38.69507
1385411406.25,-38.70586
1385411562.5,-38.67974
1385411718.75,-38.69463
1385411875.0,-38.7009
1385412031.25,-38.68971
1385412187.5,-38.68743
1385412343.75,-38.69373
1385412500.0,-38.68282
1385412656.25,-38.67465
1385412812.5,-38.69303
1385412968.75,-38.68946
1385413125.0,-38.68969
1385413281.25,-38.68612
1385413437.5,-38.68864
1385413593.75,-38.68912
1385413750.0,-38.6884
1385413906.25,-38.67914
1385414062.5,-38.70282
1385414218.75,-38.68967
1385414375.0,-38.68592
1385414531.25,-38.67947
1385414687.5,-38.68652
1385414843.75,-38.67842
1385415000.0,-38.68234
1385415156.25,-38.68489
1385415312.5,-38.67621
1385415468.75,-38.68822
1385415625.0,-38.67393
1385415781.25,-38.6762
1385415937.5,-38.67849
1385416093.75,-38.67213
1385416250.0,-38.68526
1385416406.25,-38.67897
1385416562.5,-38.68292
1385416718.75,-38.66731
1385416875.0,-38.67857
1385417031.25,-38.67633
1385417187.5,-38.66149
1385417343.75,-38.67685
1385417500.0,-38.68439
1385417656.25,-38.6661
1385417812.5,-38.66742
1385417968.75,-38.66334
1385418125.0,-38.67065
1385418281.25,-38.67299
1385418437.5,-38.67297
1385418593.75,-38.6711
1385418750.0,-38.67184
1385418906.25,-38.66524
1385419062.5,-38.66869
1385419218.75,-38.67534
1385419375.0,-38.67493
1385419531.25,-38.65845
1385419687.5,-38.66407
1385419843.75,-38.66162
1385420000.0,-38.66427
1385420156.25,-38.66257
1385420312.5,-38.67103
1385420468.75,-38.65182
1385420625.0,-38.65261
1385420781.25,-38.65911
1385420937.5,-38.66303
1385421093.75,-38.66679
1385421250.0,-38.67335
1385421406.25,-38.65847
1385421562.5,-38.66351
1385421718.75,-38.65925
1385421875.0,-38.6512
1385422031.25,-38.66829
1385422187.5,-38.65519
1385422343.75,-38.66592
1385422500.0,-38.66526
1385422656.25,-38.64458
1385422812.5,-38.66673
1385422968.75,-38.65216
1385423125.0,-38.6619
1385423281.25,-38.65947
1385423437.5,-38.65859
1385423593.75,-38.65147
1385423750.0,-38.65909
1385423906.25,-38.64313
1385424062.5,-38.64792
1385424218.75,-38.62984
1385424375.0,-38.65876
1385424531.25,-38.6456
1385424687.5,-38.64936
1385424843.75,-38.6348
1385425000.0,-38.64898
1385425156.25,-38.63331
1385425312.5,-38.6509
1385425468.75,-38.64606
1385425625.0,-38.65725
1385425781.25,-38.65181
1385425937.5,-38.64876
1385426093.75,-38.63073
1385426250.0,-38.64524
1385426406.25,-38.65529
1385426562.5,-38.64746
1385426718.75,-38.65434
1385426875.0,-38.64673
1385427031.25,-38.64064
1385427187.5,-38.64886
1385427343.75,-38.63873
1385427500.0,-38.64556
1385427656.25,-38.64589
1385427812.5,-38.63756
1385427968.75,-38.63584
1385428125.0,-38.63705
1385428281.25,-38.63809
1385428437.5,-38.64212
1385428593.75,-38.62162
1385428750.0,-38.63356
1385428906.25,-38.61916
1385429062.5,-38.62174
1385429218.75,-38.62895
1385429375.0,-38.62828
1385429531.25,-38.63404
1385429687.5,-38.63399
1385429843.75,-38.63557
1385430000.0,-38.62695
1385430156.25,-38.63268
1385430312.5,-38.6297
1385430468.75,-38.63819
1385430625.0,-38.63763
1385430781.25,-38.62786
1385430937.5,-38.61263
1385431093.75,-38.63704
1385431250.0,-38.62968
1385431406.25,-38.64679
1385431562.5,-38.62505
1385431718.75,-38.62466
1385431875.0,-38.63523
1385432031.25,-38.63113
1385432187.5,-38.60176
1385432343.75,-38.62799
1385432500.0,-38.62326
1385432656.25,-38.61777
1385432812.5,-38.63011
1385432968.75,-38.6121
1385433125.0,-38.64634
1385433281.25,-38.61975
1385433437.5,-38.63509
1385433593.75,-38.62621
1385433750.0,-38.63134
1385433906.25,-38.62474
1385434062.5,-38.62045
1385434218.75,-38.62243
1385434375.0,-38.60516
1385434531.25,-38.61769
1385434687.5,-38.62837
1385434843.75,-38.60824
1385435000.0,-38.62788
1385435156.25,-38.61657
1385435312.5,-38.62275
1385435468.75,-38.6193
1385435625.0,-38.61255
1385435781.25,-38.61289
1385435937.5,-38.60769
1385436093.75,-38.62879
1385436250.0,-38.59903
1385436406.25,-38.61707
1385436562.5,-38.60985
1385436718.75,-38.60396
1385436875.0,-38.60611
1385437031.25,-38.60517
1385437187.5,-38.61228
1385437343.75,-38.59879
1385437500.0,-38.59976
1385437656.25,-38.60184
1385437812.5,-38.60876
1385437968.75,-38.60513
1385438125.0,-38.60875
1385438281.25,-38.59934
1385438437.5,-38.61257
1385438593.75,-38.61239
1385438750.0,-38.60712
1385438906.25,-38.59648
1385439062.5,-38.61821
1385439218.75,-38.60737
1385439375.0,-38.58663
1385439531.25,-38.608
1385439687.5,-38.60131
1385439843.75,-38.60157
1385440000.0,-38.60979
1385440156.25,-38.5966
1385440312.5,-38.59511
1385440468.75,-38.60932
1385440625.0,-38.60647
1385440781.25,-38.59871
1385440937.5,-38.59686
1385441093.75,-38.6012
1385441250.0,-38.6038
1385441406.25,-38.58419
1385441562.5,-38.5937
1385441718.75,-38.59004
1385441875.0,-38.59904
1385442031.25,-38.58661
1385442187.5,-38.59196
1385442343.75,-38.60073
1385442500.0,-38.59118
1385442656.25,-38.59186
1385442812.5,-38.58277
1385442968.75,-38.58483
1385443125.0,-38.58227
1385443281.25,-38.58504
1385443437.5,-38.58315
1385443593.75,-38.59844
1385443750.0,-38.60215
1385443906.25,-38.58498
1385444062.5,-38.58587
1385444218.75,-38.58413
1385444375.0,-38.58877
1385444531.25,-38.60813
1385444687.5,-38.56965
1385444843.75,-38.58039
1385445000.0,-38.59609
1385445156.25,-38.57861
1385445312.5,-38.57402
1385445468.75,-38.58226
1385445625.0,-38.58714
1385445781.25,-38.57799
1385445937.5,-38.58685
1385446093.75,-38.58398
1385446250.0,-38.57603
1385446406.25,-38.58055
1385446562.5,-38.5766
1385446718.75,-38.57149
1385446875.0,-38.57356
1385447031.25,-38.58353
1385447187.5,-38.56884
1385447343.75,-38.58543
1385447500.0,-38.57563
1385447656.25,-38.57685
1385447812.5,-38.58762
1385447968.75,-38.57632
1385448125.0,-38.58923
1385448281.25,-38.59664
1385448437.5,-38.57695
1385448593.75,-38.56382
1385448750.0,-38.582
1385448906.25,-38.57373
1385449062.5,-38.58327
1385449218.75,-38.56499
1385449375.0,-38.56612
1385449531.25,-38.56884
1385449687.5,-38.57804
1385449843.75,-38.57119
1385450000.0,-38.57549
1385450156.25,-38.57162
1385450312.5,-38.57935
1385450468.75,-38.56633
1385450625.0,-38.5605
1385450781.25,-38.57781
1385450937.5,-38.56959
1385451093.75,-38.56838
1385451250.0,-38.56734
1385451406.25,-38.56876
1385451562.5,-38.58146
1385451718.75,-38.56079
1385451875.0,-38.5585
1385452031.25,-38.57047
1385452187.5,-38.56963
1385452343.75,-38.5619
1385452500.0,-38.55656
1385452656.25,-38.55116
1385452812.5,-38.57436
1385452968.75,-38.55817
1385453125.0,-38.56535
1385453281.25,-38.5669
1385453437.5,-38.56261
1385453593.75,-38.5541
1385453750.0,-38.55883
1385453906.25,-38.54457
1385454062.5,-38.56235
1385454218.75,-38.56565
1385454375.0,-38.55058
1385454531.25,-38.545
1385454687.5,-38.54935
1385454843.75,-38.54584
1385455000.0,-38.56255
1385455156.25,-38.56076
1385455312.5,-38.55279
1385455468.75,-38.54441
1385455625.0,-38.55494
1385455781.25,-38.53487
1385455937.5,-38.55649
1385456093.75,-38.55801
1385456250.0,-38.55233
1385456406.25,-38.54317
1385456562.5,-38.5727
1385456718.75,-38.55215
1385456875.0,-38.55337
1385457031.25,-38.55333
1385457187.5,-38.53535
1385457343.75,-38.54231
1385457500.0,-38.54898
1385457656.25,-38.54201
1385457812.5,-38.53762
1385457968.75,-38.55278
1385458125.0,-38.53436
1385458281.25,-38.53387
1385458437.5,-38.54836
1385458593.75,-38.54609
1385458750.0,-38.54093
1385458906.25,-38.53753
1385459062.5,-38.55548
1385459218.75,-38.53081
1385459375.0,-38.53193
1385459531.25,-38.53124
1385459687.5,-38.5555
1385459843.75,-38.54098
1385460000.0,-38.5346
1385460156.25,-38.54535
1385460312.5,-38.55069
1385460468.75,-38.54512
1385460625.0,-38.53365
1385460781.25,-38.53253
1385460937.5,-38.52955
1385461093.75,-38.53934
1385461250.0,-38.52422
1385461406.25,-38.55263
1385461562.5,-38.52154
1385461718.75,-38.53527
1385461875.0,-38.51385
1385462031.25,-38.53945
1385462187.5,-38.52796
1385462343.75,-38.53583
1385462500.0,-38.53656
1385462656.25,-38.54117
1385462812.5,-38.53622
1385462968.75,-38.53328
1385463125.0,-38.5352
1385463281.25,-38.52645
1385463437.5,-38.519
1385463593.75,-38.52993
1385463750.0,-38.53704
1385463906.25,-38.52419
1385464062.5,-38.53213
1385464218.75,-38.51925
1385464375.0,-38.52242
1385464531.25,-38.53169
1385464687.5,-38.52729
1385464843.75,-38.52023
1385465000.0,-38.51527
1385465156.25,-38.51779
1385465312.5,-38.53366
1385465468.75,-38.51918
1385465625.0,-38.51923
1385465781.25,-38.51688
1385465937.5,-38.52196
1385466093.75,-38.52743
1385466250.0,-38.52507
1385466406.25,-38.51443
1385466562.5,-38.52831
1385466718.75,-38.51634
1385466875.0,-38.51221
1385467031.25,-38.5305
1385467187.5,-38.52234
1385467343.75,-38.51059
1385467500.0,-38.50852
1385467656.25,-38.51341
1385467812.5,-38.5132
1385467968.75,-38.50925
1385468125.0,-38.52419
1385468281.25,-38.5274
1385468437.5,-38.52174
1385468593.75,-38.51054
1385468750.0,-38.52647
1385468906.25,-38.51063
1385469062.5,-38.50545
1385469218.75,-38.51375
1385469375.0,-38.50519
1385469531.25,-38.50826
1385469687.5,-38.5055
1385469843.75,-38.51795
1385470000.0,-38.50607
1385470156.25,-38.50851
1385470312.5,-38.50655
1385470468.75,-38.5113
1385470625.0,-38.50834
1385470781.25,-38.50443
1385470937.5,-38.50686
1385471093.75,-38.49677
1385471250.0,-38.50519
1385471406.25,-38.5091
1385471562.5,-38.48985
1385471718.75,-38.50397
1385471875.0,-38.50543
1385472031.25,-38.515
1385472187.5,-38.49387
1385472343.75,-38.48605
1385472500.0,-38.498
1385472656.25,-38.48516
1385472812.5,-38.49926
1385472968.75,-38.51037
1385473125.0,-38.49711
1385473281.25,-38.49332
1385473437.5,-38.49133
1385473593.75,-38.49249
1385473750.0,-38.50515
1385473906.25,-38.49252
1385474062.5,-38.48405
1385474218.75,-38.49734
1385474375.0,-38.49369
1385474531.25,-38.49551
1385474687.5,-38.47977
1385474843.75,-38.49437
1385475000.0,-38.47509
1385475156.25,-38.50384
1385475312.5,-38.49422
1385475468.75,-38.49652
1385475625.0,-38.49585
1385475781.25,-38.48765
1385475937.5,-38.49443
1385476093.75,-38.48955
1385476250.0,-38.47326
1385476406.25,-38.49216
1385476562.5,-38.48676
1385476718.75,-38.50021
1385476875.0,-38.48754
1385477031.25,-38.47452
1385477187.5,-38.47923
1385477343.75,-38.48972
1385477500.0,-38.48596
1385477656.25,-38.49474
1385477812.5,-38.48709
1385477968.75,-38.49652
1385478125.0,-38.49147
1385478281.25,-38.479
1385478437.5,-38.47172
1385478593.75,-38.48447
1385478750.0,-38.48289
1385478906.25,-38.48384
1385479062.5,-38.48155
1385479218.75,-38.47015
1385479375.0,-38.47597
1385479531.25,-38.47905
1385479687.5,-38.49817
1385479843.75,-38.49363
1385480000.0,-38.47997
1385480156.25,-38.4785
1385480312.5,-38.48105
1385480468.75,-38.47822
1385480625.0,-38.4705
1385480781.25,-38.48699
1385480937.5,-38.46226
1385481093.75,-38.48592
1385481250.0,-38.46548
1385481406.25,-38.48043
1385481562.5,-38.47924
1385481718.75,-38.46551
1385481875.0,-38.47457
1385482031.25,-38.46684
1385482187.5,-38.45649
1385482343.75,-38.47296
1385482500.0,-38.47124
1385482656.25,-38.46957
1385482812.5,-38.46533
1385482968.75,-38.47373
1385483125.0,-38.46578
1385483281.25,-38.46343
1385483437.5,-38.46661
1385483593.75,-38.4719
1385483750.0,-38.46165
1385483906.25,-38.46996
1385484062.5,-38.44167
1385484218.75,-38.46733
1385484375.0,-38.47974
1385484531.25,-38.47047
1385484687.5,-38.45945
1385484843.75,-38.44802
1385485000.0,-38.46629
1385485156.25,-38.44524
1385485312.5,-38.46781
1385485468.75,-38.45695
1385485625.0,-38.45749
1385485781.25,-38.46235
1385485937.5,-38.45849
1385486093.75,-38.45472
1385486250.0,-38.44273
1385486406.25,-38.45012
1385486562.5,-38.45372
1385486718.75,-38.45857
1385486875.0,-38.44309
1385487031.25,-38.43957
1385487187.5,-38.44282
1385487343.75,-38.43729
1385487500.0,-38.45327
1385487656.25,-38.44606
1385487812.5,-38.44358
1385487968.75,-38.44991
1385488125.0,-38.43812
1385488281.25,-38.44134
1385488437.5,-38.45147
1385488593.75,-38.45021
1385488750.0,-38.4471
1385488906.25,-38.44735
1385489062.5,-38.43675
1385489218.75,-38.44509
1385489375.0,-38.45681
1385489531.25,-38.44431
1385489687.5,-38.44757
1385489843.75,-38.46153
1385490000.0,-38.43677
1385490156.25,-38.43151
1385490312.5,-38.44986
1385490468.75,-38.45263
1385490625.0,-38.43982
1385490781.25,-38.44098
1385490937.5,-38.44114
1385491093.75,-38.44321
1385491250.0,-38.44759
1385491406.25,-38.45107
1385491562.5,-38.44484
1385491718.75,-38.45115
1385491875.0,-38.44286
1385492031.25,-38.43784
1385492187.5,-38.4371
1385492343.75,-38.43089
1385492500.0,-38.4562
1385492656.25,-38.4402
1385492812.5,-38.43526
1385492968.75,-38.44216
1385493125.0,-38.43867
1385493281.25,-38.43621
1385493437.5,-38.42555
1385493593.75,-38.43299
1385493750.0,-38.43973
1385493906.25,-38.43039
1385494062.5,-38.42612
1385494218.75,-38.42215
1385494375.0,-38.42165
1385494531.25,-38.43073
1385494687.5,-38.43156
1385494843.75,-38.42831
1385495000.0,-38.42609
1385495156.25,-38.41151
1385495312.5,-38.42549
1385495468.75,-38.43355
1385495625.0,-38.44153
1385495781.25,-38.41805
1385495937.5,-38.42784
1385496093.75,-38.41704
1385496250.0,-38.42605
1385496406.25,-38.4257
1385496562.5,-38.41346
1385496718.75,-38.43181
1385496875.0,-38.4215
1385497031.25,-38.42981
1385497187.5,-38.41299
1385497343.75,-38.41816
1385497500.0,-38.41101
1385497656.25,-38.42686
1385497812.5,-38.41431
1385497968.75,-38.41581
1385498125.0,-38.41448
1385498281.25,-38.41247
1385498437.5,-38.42671
1385498593.75,-38.42384
1385498750.0,-38.43188
1385498906.25,-38.41885
1385499062.5,-38.4163
1385499218.75,-38.42764
1385499375.0,-38.4113
1385499531.25,-38.4076
1385499687.5,-38.41664
1385499843.75,-38.4086
1385500000.0,-38.42368
1385500156.25,-38.42823
1385500312.5,-38.40528
1385500468.75,-38.3956
1385500625.0,-38.4053
1385500781.25,-38.4141
1385500937.5,-38.40479
1385501093.75,-38.40873
1385501250.0,-38.41285
1385501406.25,-38.41835
1385501562.5,-38.39689
1385501718.75,-38.39337
1385501875.0,-38.39873
1385502031.25,-38.40609
1385502187.5,-38.40182
1385502343.75,-38.39709
1385502500.0,-38.39426
1385502656.25,-38.4088
1385502812.5,-38.39705
1385502968.75,-38.40409
1385503125.0,-38.40383
1385503281.25,-38.40681
1385503437.5,-38.38974
1385503593.75,-38.41074
1385503750.0,-38.40115
1385503906.25,-38.40613
1385504062.5,-38.40034
1385504218.75,-38.39266
1385504375.0,-38.40099
1385504531.25,-38.40132
1385504687.5,-38.3978
1385504843.75,-38.40343
1385505000.0,-38.37825
1385505156.25,-38.40194
1385505312.5,-38.39454
1385505468.75,-38.40201
1385505625.0,-38.39948
1385505781.25,-38.39635
1385505937.5,-38.39279
1385506093.75,-38.38718
1385506250.0,-38.3832
1385506406.25,-38.4035
1385506562.5,-38.41417
1385506718.75,-38.40229
1385506875.0,-38.39286
1385507031.25,-38.38181
1385507187.5,-38.38732
1385507343.75,-38.3932
1385507500.0,-38.38173
1385507656.25,-38.38612
1385507812.5,-38.39123
1385507968.75,-38.3938
1385508125.0,-38.38069
1385508281.25,-38.40054
1385508437.5,-38.37809
1385508593.75,-38.39694
1385508750.0,-38.38858
1385508906.25,-38.39084
1385509062.5,-38.38408
1385509218.75,-38.38827
1385509375.0,-38.37325
1385509531.25,-38.38554
1385509687.5,-38.38029
1385509843.75,-38.37691
1385510000.0,-38.39385
1385510156.25,-38.38719
1385510312.5,-38.38462
1385510468.75,-38.37827
1385510625.0,-38.37442
1385510781.25,-38.38553
1385510937.5,-38.38549
1385511093.75,-38.37368
1385511250.0,-38.37799
1385511406.25,-38.3733
1385511562.5,-38.36394
1385511718.75,-38.36626
1385511875.0,-38.36953
1385512031.25,-38.38688
1385512187.5,-38.3713
1385512343.75,-38.3526
1385512500.0,-38.375
1385512656.25,-38.37316
1385512812.5,-38.38024
1385512968.75,-38.36876
1385513125.0,-38.37314
1385513281.25,-38.36337
1385513437.5,-38.37302
1385513593.75,-38.36175
1385513750.0,-38.37191
1385513906.25,-38.35929
1385514062.5,-38.36243
1385514218.75,-38.35871
1385514375.0,-38.37618
1385514531.25,-38.36395
1385514687.5,-38.3663
1385514843.75,-38.37226
1385515000.0,-38.3536
1385515156.25,-38.37134
1385515312.5,-38.38294
1385515468.75,-38.35923
1385515625.0,-38.37317
1385515781.25,-38.36177
1385515937.5,-38.36557
1385516093.75,-38.36268
1385516250.0,-38.3509
1385516406.25,-38.35661
1385516562.5,-38.3623
1385516718.75,-38.36291
1385516875.0,-38.35055
1385517031.25,-38.35888
1385517187.5,-38.35603
1385517343.75,-38.35602
1385517500.0,-38.36
1385517656.25,-38.35477
1385517812.5,-38.35137
1385517968.75,-38.3637
1385518125.0,-38.35795
1385518281.25,-38.34384
1385518437.5,-38.35075
1385518593.75,-38.34286
1385518750.0,-38.35516
1385518906.25,-38.34502
1385519062.5,-38.3573
1385519218.75,-38.34822
1385519375.0,-38.33629
1385519531.25,-38.35184
1385519687.5,-38.35652
1385519843.75,-38.34432
1385520000.0,-38.34832
1385520156.25,-38.35074
1385520312.5,-38.35282
1385520468.75,-38.34721
1385520625.0,-38.34899
1385520781.25,-38.34078
1385520937.5,-38.33704
1385521093.75,-38.33253
1385521250.0,-38.34771
1385521406.25,-38.34908
1385521562.5,-38.33656
1385521718.75,-38.33664
1385521875.0,-38.33429
1385522031.25,-38.33594
1385522187.5,-38.35259
1385522343.75,-38.33565
1385522500.0,-38.34005
1385522656.25,-38.33705
1385522812.5,-38.33921
1385522968.75,-38.33535
1385523125.0,-38.33796
1385523281.25,-38.32963
1385523437.5,-38.35127
1385523593.75,-38.34346
1385523750.0,-38.34098
1385523906.25,-38.34333
1385524062.5,-38.34567
1385524218.75,-38.34186
1385524375.0,-38.34287
1385524531.25,-38.33018
1385524687.5,-38.32281
1385524843.75,-38.32427
1385525000.0,-38.32303
1385525156.25,-38.32612
1385525312.5,-38.31357
1385525468.75,-38.32565
1385525625.0,-38.347
1385525781.25,-38.34388
1385525937.5,-38.32782
1385526093.75,-38.33854
1385526250.0,-38.33022
1385526406.25,-38.32031
1385526562.5,-38.33876
1385526718.75,-38.32302
1385526875.0,-38.32502
1385527031.25,-38.33207
1385527187.5,-38.32502
1385527343.75,-38.32399
1385527500.0,-38.31228
1385527656.25,-38.32208
1385527812.5,-38.31503
1385527968.75,-38.32597
1385528125.0,-38.31011
1385528281.25,-38.31865
1385528437.5,-38.31843
1385528593.75,-38.32137
1385528750.0,-38.3171
1385528906.25,-38.31443
1385529062.5,-38.31717
1385529218.75,-38.32332
1385529375.0,-38.31763
1385529531.25,-38.3112
1385529687.5,-38.31476
1385529843.75,-38.3208
1385530000.0,-38.3097
1385530156.25,-38.30113
1385530312.5,-38.32256
1385530468.75,-38.30893
1385530625.0,-38.3288
1385530781.25,-38.3139
1385530937.5,-38.31236
1385531093.75,-38.31254
1385531250.0,-38.32124
1385531406.25,-38.29857
1385531562.5,-38.30991
1385531718.75,-38.3084
1385531875.0,-38.30384
1385532031.25,-38.31401
1385532187.5,-38.31136
1385532343.75,-38.3147
1385532500.0,-38.3067
1385532656.25,-38.32823
1385532812.5,-38.32282
1385532968.75,-38.29863
1385533125.0,-38.30976
1385533281.25,-38.29604
1385533437.5,-38.30184
1385533593.75,-38.30942
1385533750.0,-38.30026
1385533906.25,-38.30302
1385534062.5,-38.31461
1385534218.75,-38.30298
1385534375.0,-38.30598
1385534531.25,-38.30554
1385534687.5,-38.28669
1385534843.75,-38.30341
1385535000.0,-38.28149
1385535156.25,-38.31217
1385535312.5,-38.29274
1385535468.75,-38.29204
1385535625.0,-38.2905
1385535781.25,-38.30053
1385535937.5,-38.28928
1385536093.75,-38.29902
1385536250.0,-38.29859
1385536406.25,-38.29094
1385536562.5,-38.30242
1385536718.75,-38.29866
1385536875.0,-38.29046
1385537031.25,-38.29278
1385537187.5,-38.28326
1385537343.75,-38.29313
1385537500.0,-38.29173
1385537656.25,-38.27558
1385537812.5,-38.29725
1385537968.75,-38.29556
1385538125.0,-38.28653
1385538281.25,-38.27513
1385538437.5,-38.30265
1385538593.75,-38.2837
1385538750.0,-38.2906
1385538906.25,-38.29213
1385539062.5,-38.28647
1385539218.75,-38.29657
1385539375.0,-38.28726
1385539531.25,-38.30167
1385539687.5,-38.27262
1385539843.75,-38.30085
1385540000.0,-38.29549
1385540156.25,-38.27821
1385540312.5,-38.27367
1385540468.75,-38.28293
1385540625.0,-38.26895
1385540781.25,-38.27043
1385540937.5,-38.28168
1385541093.75,-38.27442
1385541250.0,-38.27655
1385541406.25,-38.27912
1385541562.5,-38.27257
1385541718.75,-38.27392
1385541875.0,-38.27102
1385542031.25,-38.28341
1385542187.5,-38.27974
1385542343.75,-38.29078
1385542500.0,-38.27272
1385542656.25,-38.25887
1385542812.5,-38.27941
1385542968.75,-38.26787
1385543125.0,-38.28769
1385543281.25,-38.27689
1385543437.5,-38.2699
1385543593.75,-38.2812
1385543750.0,-38.27786
1385543906.25,-38.2688
1385544062.5,-38.25801
1385544218.75,-38.27335
1385544375.0,-38.26839
1385544531.25,-38.27522
1385544687.5,-38.27612
1385544843.75,-38.27236
1385545000.0,-38.27422
1385545156.25,-38.2553
1385545312.5,-38.2668
1385545468.75,-38.26192
1385545625.0,-38.26107
1385545781.25,-38.26455
1385545937.5,-38.25957
1385546093.75,-38.27536
1385546250.0,-38.25704
1385546406.25,-38.26222
1385546562.5,-38.26452
1385546718.75,-38.26531
1385546875.0,-38.26341
1385547031.25,-38.27363
1385547187.5,-38.25857
1385547343.75,-38.25798
1385547500.0,-38.25431
1385547656.25,-38.25793
1385547812.5,-38.25444
1385547968.75,-38.25639
1385548125.0,-38.26659
1385548281.25,-38.25075
1385548437.5,-38.25198
1385548593.75,-38.25724
1385548750.0,-38.27029
1385548906.25,-38.25051
1385549062.5,-38.25886
1385549218.75,-38.24879
1385549375.0,-38.26178
1385549531.25,-38.2491
1385549687.5,-38.2513
1385549843.75,-38.25053
1385550000.0,-38.25526
1385550156.25,-38.24019
1385550312.5,-38.25879
1385550468.75,-38.25718
1385550625.0,-38.24894
1385550781.25,-38.25126
1385550937.5,-38.25015
1385551093.75,-38.26334
1385551250.0,-38.25405
1385551406.25,-38.23912
1385551562.5,-38.24766
1385551718.75,-38.23986
1385551875.0,-38.24236
1385552031.25,-38.23477
1385552187.5,-38.25338
1385552343.75,-38.24249
1385552500.0,-38.2359
1385552656.25,-38.25871
1385552812.5,-38.24199
1385552968.75,-38.25066
1385553125.0,-38.24843
1385553281.25,-38.2411
1385553437.5,-38.23802
1385553593.75,-38.23956
1385553750.0,-38.23748
1385553906.25,-38.23281
1385554062.5,-38.24135
1385554218.75,-38.2279
1385554375.0,-38.22367
1385554531.25,-38.23273
1385554687.5,-38.23735
1385554843.75,-38.23653
1385555000.0,-38.23649
1385555156.25,-38.22832
1385555312.5,-38.2202
1385555468.75,-38.23264
1385555625.0,-38.23655
1385555781.25,-38.2296
1385555937.5,-38.24119
1385556093.75,-38.23043
1385556250.0,-38.23043
1385556406.25,-38.23577
1385556562.5,-38.24057
1385556718.75,-38.24195
1385556875.0,-38.22159
1385557031.25,-38.23693
1385557187.5,-38.22438
1385557343.75,-38.22945
1385557500.0,-38.21885
1385557656.25,-38.22998
1385557812.5,-38.22712
1385557968.75,-38.23029
1385558125.0,-38.21563
1385558281.25,-38.21344
1385558437.5,-38.21596
1385558593.75,-38.2268
1385558750.0,-38.22977
1385558906.25,-38.21409
1385559062.5,-38.23236
1385559218.75,-38.23048
1385559375.0,-38.23092
1385559531.25,-38.22281
1385559687.5,-38.21366
1385559843.75,-38.21209
1385560000.0,-38.21708
1385560156.25,-38.19585
1385560312.5,-38.22805
1385560468.75,-38.23155
1385560625.0,-38.21762
1385560781.25,-38.21083
1385560937.5,-38.20943
1385561093.75,-38.20387
1385561250.0,-38.2232
1385561406.25,-38.214
1385561562.5,-38.20863
1385561718.75,-38.20792
1385561875.0,-38.20961
1385562031.25,-38.21552
1385562187.5,-38.20359
1385562343.75,-38.21718
1385562500.0,-38.20527
1385562656.25,-38.20964
1385562812.5,-38.21406
1385562968.75,-38.21066
1385563125.0,-38.21529
1385563281.25,-38.19725
1385563437.5,-38.19532
1385563593.75,-38.20839
1385563750.0,-38.20074
1385563906.25,-38.20598
1385564062.5,-38.20862
1385564218.75,-38.19611
1385564375.0,-38.20287
1385564531.25,-38.19888
1385564687.5,-38.19808
1385564843.75,-38.19518
1385565000.0,-38.20868
1385565156.25,-38.21522
1385565312.5,-38.20042
1385565468.75,-38.18978
1385565625.0,-38.19538
1385565781.25,-38.20286
1385565937.5,-38.21365
1385566093.75,-38.20959
1385566250.0,-38.19186
1385566406.25,-38.20034
1385566562.5,-38.19744
1385566718.75,-38.19759
1385566875.0,-38.18782
1385567031.25,-38.20261
1385567187.5,-38.19548
1385567343.75,-38.19706
1385567500.0,-38.20256
1385567656.25,-38.18642
1385567812.5,-38.18444
1385567968.75,-38.18707
1385568125.0,-38.19221
1385568281.25,-38.19047
1385568437.5,-38.19802
1385568593.75,-38.19464
1385568750.0,-38.18852
1385568906.25,-38.19759
1385569062.5,-38.19475
1385569218.75,-38.19164
1385569375.0,-38.18744
1385569531.25,-38.18934
1385569687.5,-38.17792
1385569843.75,-38.19894
1385570000.0,-38.20034
1385570156.25,-38.19459
1385570312.5,-38.18852
1385570468.75,-38.17815
1385570625.0,-38.19474
1385570781.25,-38.17373
1385570937.5,-38.17963
1385571093.75,-38.17612
1385571250.0,-38.186
1385571406.25,-38.18624
1385571562.5,-38.18478
1385571718.75,-38.18861
1385571875.0,-38.1847
1385572031.25,-38.17691
1385572187.5,-38.16832
1385572343.75,-38.16914
1385572500.0,-38.18893
1385572656.25,-38.17947
1385572812.5,-38.17256
1385572968.75,-38.15982
1385573125.0,-38.17291
1385573281.25,-38.18495
1385573437.5,-38.17838
1385573593.75,-38.16946
1385573750.0,-38.17091
1385573906.25,-38.16993
1385574062.5,-38.17498
1385574218.75,-38.16685
1385574375.0,-38.17814
1385574531.25,-38.1611
1385574687.5,-38.17588
1385574843.75,-38.17339
1385575000.0,-38.17056
1385575156.25,-38.15352
1385575312.5,-38.16158
1385575468.75,-38.16743
1385575625.0,-38.16222
1385575781.25,-38.16031
1385575937.5,-38.16224
1385576093.75,-38.1592
1385576250.0,-38.16656
1385576406.25,-38.1605
1385576562.5,-38.16989
1385576718.75,-38.1669
1385576875.0,-38.15829
1385577031.25,-38.16921
1385577187.5,-38.17222
1385577343.75,-38.16832
1385577500.0,-38.16587
1385577656.25,-38.16231
1385577812.5,-38.15425
1385577968.75,-38.15235
1385578125.0,-38.15742
1385578281.25,-38.1489
1385578437.5,-38.15486
1385578593.75,-38.167
1385578750.0,-38.16261
1385578906.25,-38.14689
1385579062.5,-38.15023
1385579218.75,-38.15796
1385579375.0,-38.16457
1385579531.25,-38.16108
1385579687.5,-38.16296
1385579843.75,-38.14722
1385580000.0,-38.15017
1385580156.25,-38.15673
1385580312.5,-38.14513
1385580468.75,-38.14919
1385580625.0,-38.15243
1385580781.25,-38.15039
1385580937.5,-38.15304
1385581093.75,-38.13545
1385581250.0,-38.14394
1385581406.25,-38.14246
1385581562.5,-38.15111
1385581718.75,-38.14645
1385581875.0,-38.15677
1385582031.25,-38.13512
1385582187.5,-38.13811
1385582343.75,-38.1577
1385582500.0,-38.13757
1385582656.25,-38.14641
1385582812.5,-38.1559
1385582968.75,-38.14209
1385583125.0,-38.14861
1385583281.25,-38.13434
1385583437.5,-38.14129
1385583593.75,-38.13343
1385583750.0,-38.14
1385583906.25,-38.12835
1385584062.5,-38.14042
1385584218.75,-38.14334
1385584375.0,-38.14071
1385584531.25,-38.13747
1385584687.5,-38.13036
1385584843.75,-38.16405
1385585000.0,-38.13461
1385585156.25,-38.12591
1385585312.5,-38.13789
1385585468.75,-38.11634
1385585625.0,-38.11286
1385585781.25,-38.13725
1385585937.5,-38.12948
1385586093.75,-38.13459
1385586250.0,-38.14096
1385586406.25,-38.1245
1385586562.5,-38.11906
1385586718.75,-38.14091
1385586875.0,-38.12926
1385587031.25,-38.14011
1385587187.5,-38.12654
1385587343.75,-38.13293
1385587500.0,-38.12579
1385587656.25,-38.13363
1385587812.5,-38.1111
1385587968.75,-38.12353
1385588125.0,-38.13292
1385588281.25,-38.12094
1385588437.5,-38.12504
1385588593.75,-38.13182
1385588750.0,-38.12798
1385588906.25,-38.11327
1385589062.5,-38.11937
1385589218.75,-38.12231
1385589375.0,-38.12658
1385589531.25,-38.11679
1385589687.5,-38.11819
1385589843.75,-38.11932
1385590000.0,-38.11773
1385590156.25,-38.11495
1385590312.5,-38.13036
1385590468.75,-38.11248
1385590625.0,-38.12471
1385590781.25,-38.11387
1385590937.5,-38.11185
1385591093.75,-38.1152
1385591250.0,-38.104
1385591406.25,-38.12303
1385591562.5,-38.11251
1385591718.75,-38.12609
1385591875.0,-38.11314
1385592031.25,-38.09917
1385592187.5,-38.11739
1385592343.75,-38.10752
1385592500.0,-38.10548
1385592656.25,-38.12773
1385592812.5,-38.11788
1385592968.75,-38.10694
1385593125.0,-38.10789
1385593281.25,-38.1091
1385593437.5,-38.10287
1385593593.75,-38.11103
1385593750.0,-38.10917
1385593906.25,-38.10102
1385594062.5,-38.12025
1385594218.75,-38.12473
1385594375.0,-38.11553
1385594531.25,-38.118
1385594687.5,-38.11592
1385594843.75,-38.11299
1385595000.0,-38.10316
1385595156.25,-38.09837
1385595312.5,-38.09684
1385595468.75,-38.11795
1385595625.0,-38.09798
1385595781.25,-38.11307
1385595937.5,-38.10029
1385596093.75,-38.10185
1385596250.0,-38.11143
1385596406.25,-38.10435
1385596562.5,-38.09318
1385596718.75,-38.07861
1385596875.0,-38.09224
1385597031.25,-38.1004
1385597187.5,-38.11009
1385597343.75,-38.09869
1385597500.0,-38.10418
1385597656.25,-38.09624
1385597812.5,-38.0855
1385597968.75,-38.09084
1385598125.0,-38.09986
1385598281.25,-38.09893
1385598437.5,-38.09644
1385598593.75,-38.10098
1385598750.0,-38.09027
1385598906.25,-38.10006
1385599062.5,-38.0906
1385599218.75,-38.09637
1385599375.0,-38.10304
1385599531.25,-38.08115
1385599687.5,-38.08298
1385599843.75,-38.09711
1385600000.0,-38.08241
1385600156.25,-38.08688
1385600312.5,-38.08829
1385600468.75,-38.07915
1385600625.0,-38.08801
1385600781.25,-38.08569
1385600937.5,-38.08189
1385601093.75,-38.09579
1385601250.0,-38.08415
1385601406.25,-38.08224
1385601562.5,-38.0979
1385601718.75,-38.08231
1385601875.0,-38.06911
1385602031.25,-38.08592
1385602187.5,-38.08814
1385602343.75,-38.08654
1385602500.0,-38.08776
1385602656.25,-38.07023
1385602812.5,-38.08183
1385602968.75,-38.0964
1385603125.0,-38.08789
1385603281.25,-38.08144
1385603437.5,-38.0682
1385603593.75,-38.06814
1385603750.0,-38.06329
1385603906.25,-38.07767
1385604062.5,-38.07674
1385604218.75,-38.08967
1385604375.0,-38.07563
1385604531.25,-38.08336
1385604687.5,-38.0685
1385604843.75,-38.07758
1385605000.0,-38.07244
1385605156.25,-38.06292
1385605312.5,-38.06691
1385605468.75,-38.08241
1385605625.0,-38.05875
1385605781.25,-38.08018
1385605937.5,-38.06476
1385606093.75,-38.06691
1385606250.0,-38.06923
1385606406.25,-38.0673
1385606562.5,-38.06012
1385606718.75,-38.06278
1385606875.0,-38.0629
1385607031.25,-38.0808
1385607187.5,-38.07084
1385607343.75,-38.04816
1385607500.0,-38.04949
1385607656.25,-38.06419
1385607812.5,-38.05311
1385607968.75,-38.0598
1385608125.0,-38.06453
1385608281.25,-38.06521
1385608437.5,-38.0585
1385608593.75,-38.05949
1385608750.0,-38.05537
1385608906.25,-38.05905
1385609062.5,-38.04862
1385609218.75,-38.05524
1385609375.0,-38.06458
1385609531.25,-38.05441
1385609687.5,-38.04991
1385609843.75,-38.05661
1385610000.0,-38.04737
1385610156.25,-38.0485
1385610312.5,-38.04682
1385610468.75,-38.05239
1385610625.0,-38.0512
1385610781.25,-38.04825
1385610937.5,-38.05392
1385611093.75,-38.0509
1385611250.0,-38.05061
1385611406.25,-38.04428
1385611562.5,-38.0546
1385611718.75,-38.05104
1385611875.0,-38.04327
1385612031.25,-38.0566
1385612187.5,-38.03383
1385612343.75,-38.04449
1385612500.0,-38.05282
1385612656.25,-38.03398
1385612812.5,-38.0449
1385612968.75,-38.03601
1385613125.0,-38.03199
1385613281.25,-38.05487
1385613437.5,-38.04853
1385613593.75,-38.04055
1385613750.0,-38.0472
1385613906.25,-38.04805
1385614062.5,-38.04042
1385614218.75,-38.03352
1385614375.0,-38.0368
1385614531.25,-38.03978
1385614687.5,-38.03717
1385614843.75,-38.03859
1385615000.0,-38.04884
1385615156.25,-38.03609
1385615312.5,-38.03523
1385615468.75,-38.02509
1385615625.0,-38.03191
1385615781.25,-38.0373
1385615937.5,-38.04472
1385616093.75,-38.03953
1385616250.0,-38.03353
1385616406.25,-38.02845
1385616562.5,-38.027
1385616718.75,-38.03947
1385616875.0,-38.03714
1385617031.25,-38.02798
1385617187.5,-38.02766
1385617343.75,-38.03201
1385617500.0,-38.03351
1385617656.25,-38.02724
1385617812.5,-38.02725
1385617968.75,-38.02509
1385618125.0,-38.02224
1385618281.25,-38.02704
1385618437.5,-38.02551
1385618593.75,-38.01918
1385618750.0,-38.01071
1385618906.25,-38.02211
1385619062.5,-38.02298
1385619218.75,-38.02268
1385619375.0,-38.02203
1385619531.25,-38.01661
1385619687.5,-38.02566
1385619843.75,-38.02193
1385620000.0,-38.022
1385620156.25,-38.02337
1385620312.5,-38.02221
1385620468.75,-38.01297
1385620625.0,-38.01051
1385620781.25,-38.02254
1385620937.5,-38.01501
1385621093.75,-38.03543
1385621250.0,-38.0144
1385621406.25,-38.01408
1385621562.5,-38.02487
1385621718.75,-38.01202
1385621875.0,-38.01374
1385622031.25,-38.00745
1385622187.5,-38.00972
1385622343.75,-38.01065
1385622500.0,-38.00193
1385622656.25,-37.99442
1385622812.5,-38.02483
1385622968.75,-38.01502
1385623125.0,-38.01942
1385623281.25,-38.00927
1385623437.5,-38.0118
1385623593.75,-38.00991
1385623750.0,-38.00509
1385623906.25,-38.007
1385624062.5,-38.00289
1385624218.75,-38.01473
1385624375.0,-37.99447
1385624531.25,-38.00159
1385624687.5,-38.00077
1385624843.75,-37.99591
1385625000.0,-38.00715
1385625156.25,-38.0093
1385625312.5,-37.99182
1385625468.75,-37.99694
1385625625.0,-38.00179
1385625781.25,-38.00429
1385625937.5,-37.98722
1385626093.75,-38.00579
1385626250.0,-37.99622
1385626406.25,-37.99334
1385626562.5,-38.00105
1385626718.75,-37.9868
1385626875.0,-38.0078
1385627031.25,-38.0062
1385627187.5,-38.00699
1385627343.75,-37.98713
1385627500.0,-38.00267
1385627656.25,-38.00693
1385627812.5,-37.98747
1385627968.75,-37.9933
1385628125.0,-37.9995
1385628281.25,-38.00347
1385628437.5,-38.00396
1385628593.75,-37.99003
1385628750.0,-38.00298
1385628906.25,-37.98405
1385629062.5,-37.98663
1385629218.75,-37.97583
1385629375.0,-37.98947
1385629531.25,-37.97638
1385629687.5,-37.96839
1385629843.75,-37.97893
1385630000.0,-37.98417
1385630156.25,-37.97468
1385630312.5,-37.98569
1385630468.75,-37.97895
1385630625.0,-37.98313
1385630781.25,-37.98267
1385630937.5,-37.98439
1385631093.75,-37.97985
1385631250.0,-37.97139
1385631406.25,-37.97626
1385631562.5,-37.99341
1385631718.75,-37.9805
1385631875.0,-37.97989
1385632031.25,-37.97683
1385632187.5,-37.97823
1385632343.75,-37.96899
1385632500.0,-37.98587
1385632656.25,-37.97875
1385632812.5,-37.98585
1385632968.75,-37.97188
1385633125.0,-37.97093
1385633281.25,-37.97439
1385633437.5,-37.98182
1385633593.75,-37.98944
1385633750.0,-37.97254
1385633906.25,-37.96897
1385634062.5,-37.97087
1385634218.75,-37.97987
1385634375.0,-37.96708
1385634531.25,-37.96064
1385634687.5,-37.97063
1385634843.75,-37.97204
1385635000.0,-37.95141
1385635156.25,-37.95691
1385635312.5,-37.95611
1385635468.75,-37.97741
1385635625.0,-37.97915
1385635781.25,-37.96193
1385635937.5,-37.9706
1385636093.75,-37.97057
1385636250.0,-37.95647
1385636406.25,-37.96859
1385636562.5,-37.96507
1385636718.75,-37.97318
1385636875.0,-37.96579
1385637031.25,-37.95817
1385637187.5,-37.94643
1385637343.75,-37.95549
1385637500.0,-37.96896
1385637656.25,-37.96011
1385637812.5,-37.98014
1385637968.75,-37.96925
1385638125.0,-37.96234
1385638281.25,-37.95529
1385638437.5,-37.96926
1385638593.75,-37.9599
1385638750.0,-37.96241
1385638906.25,-37.95176
1385639062.5,-37.95755
1385639218.75,-37.95837
1385639375.0,-37.95461
1385639531.25,-37.96047
1385639687.5,-37.95038
1385639843.75,-37.95662
1385640000.0,-37.95344
1385640156.25,-37.94475
1385640312.5,-37.94442
1385640468.75,-37.95734
1385640625.0,-37.95347
1385640781.25,-37.95411
1385640937.5,-37.94159
1385641093.75,-37.95185
1385641250.0,-37.9449
1385641406.25,-37.95357
1385641562.5,-37.95171
1385641718.75,-37.94508
1385641875.0,-37.9457
1385642031.25,-37.94599
1385642187.5,-37.93666
1385642343.75,-37.95453
1385642500.0,-37.94782
1385642656.25,-37.94095
1385642812.5,-37.95689
1385642968.75,-37.92979
1385643125.0,-37.94233
1385643281.25,-37.93514
1385643437.5,-37.94466
1385643593.75,-37.93298
1385643750.0,-37.94239
1385643906.25,-37.94534
1385644062.5,-37.94904
1385644218.75,-37.93845
1385644375.0,-37.93252
1385644531.25,-37.93381
1385644687.5,-37.9391
1385644843.75,-37.94608
1385645000.0,-37.93748
1385645156.25,-37.93414
1385645312.5,-37.94098
1385645468.75,-37.94998
1385645625.0,-37.9324
1385645781.25,-37.93355
1385645937.5,-37.93823
1385646093.75,-37.92276
1385646250.0,-37.94708
1385646406.25,-37.93399
1385646562.5,-37.94183
1385646718.75,-37.91771
1385646875.0,-37.93774
1385647031.25,-37.93035
1385647187.5,-37.93131
1385647343.75,-37.91073
1385647500.0,-37.92516
1385647656.25,-37.9108
1385647812.5,-37.94352
1385647968.75,-37.92447
1385648125.0,-37.94144
1385648281.25,-37.91589
1385648437.5,-37.92071
1385648593.75,-37.92779
1385648750.0,-37.92089
1385648906.25,-37.93317
1385649062.5,-37.92274
1385649218.75,-37.92414
1385649375.0,-37.93163
1385649531.25,-37.91969
1385649687.5,-37.90673
1385649843.75,-37.91707
1385650000.0,-37.91962
1385650156.25,-37.90878
1385650312.5,-37.91932
1385650468.75,-37.93021
1385650625.0,-37.91513
1385650781.25,-37.91948
1385650937.5,-37.90956
1385651093.75,-37.90727
1385651250.0,-37.91742
1385651406.25,-37.90726
1385651562.5,-37.90683
1385651718.75,-37.91814
1385651875.0,-37.92127
1385652031.25,-37.91125
1385652187.5,-37.91159
1385652343.75,-37.91238
1385652500.0,-37.90473
1385652656.25,-37.92152
1385652812.5,-37.90938
1385652968.75,-37.91155
1385653125.0,-37.90934
1385653281.25,-37.91174
1385653437.5,-37.91096
1385653593.75,-37.90916
1385653750.0,-37.9099
1385653906.25,-37.90655
1385654062.5,-37.8983
1385654218.75,-37.91932
1385654375.0,-37.91158
1385654531.25,-37.91177
1385654687.5,-37.91219
1385654843.75,-37.91656
1385655000.0,-37.89296
1385655156.25,-37.89798
1385655312.5,-37.90593
1385655468.75,-37.89598
1385655625.0,-37.90382
1385655781.25,-37.90233
1385655937.5,-37.91195
1385656093.75,-37.89622
1385656250.0,-37.89201
1385656406.25,-37.89119
1385656562.5,-37.8985
1385656718.75,-37.88471
1385656875.0,-37.89565
1385657031.25,-37.88289
1385657187.5,-37.89426
1385657343.75,-37.89729
1385657500.0,-37.89327
1385657656.25,-37.89612
1385657812.5,-37.88279
1385657968.75,-37.89011
1385658125.0,-37.89313
1385658281.25,-37.89373
1385658437.5,-37.9042
1385658593.75,-37.88986
1385658750.0,-37.88773
1385658906.25,-37.88219
1385659062.5,-37.88668
1385659218.75,-37.88826
1385659375.0,-37.88746
1385659531.25,-37.88625
1385659687.5,-37.87978
1385659843.75,-37.89339
1385660000.0,-37.88749
1385660156.25,-37.89312
1385660312.5,-37.88428
1385660468.75,-37.8835
1385660625.0,-37.88313
1385660781.25,-37.88636
1385660937.5,-37.88122
1385661093.75,-37.8739
1385661250.0,-37.88708
1385661406.25,-37.88423
1385661562.5,-37.882
1385661718.75,-37.88022
1385661875.0,-37.87383
1385662031.25,-37.88298
1385662187.5,-37.8825
1385662343.75,-37.88152
1385662500.0,-37.87334
1385662656.25,-37.87743
1385662812.5,-37.88024
1385662968.75,-37.88161
1385663125.0,-37.87743
1385663281.25,-37.86764
1385663437.5,-37.85733
1385663593.75,-37.87815
1385663750.0,-37.86453
1385663906.25,-37.86343
1385664062.5,-37.8708
1385664218.75,-37.87432
1385664375.0,-37.861
1385664531.25,-37.8688
1385664687.5,-37.87824
1385664843.75,-37.87175
1385665000.0,-37.86187
1385665156.25,-37.8807
1385665312.5,-37.87201
1385665468.75,-37.8693
1385665625.0,-37.86537
1385665781.25,-37.8593
1385665937.5,-37.86934
1385666093.75,-37.85318
1385666250.0,-37.87451
1385666406.25,-37.8581
1385666562.5,-37.85335
1385666718.75,-37.86496
1385666875.0,-37.8805
1385667031.25,-37.87009
1385667187.5,-37.86445
1385667343.75,-37.85593
1385667500.0,-37.86268
1385667656.25,-37.86813
1385667812.5,-37.85355
1385667968.75,-37.85631
1385668125.0,-37.86979
1385668281.25,-37.84851
1385668437.5,-37.85624
1385668593.75,-37.8525
1385668750.0,-37.86148
1385668906.25,-37.8592
1385669062.5,-37.85476
1385669218.75,-37.85299
1385669375.0,-37.871
1385669531.25,-37.86115
1385669687.5,-37.86562
1385669843.75,-37.85108
1385670000.0,-37.85275
1385670156.25,-37.85257
1385670312.5,-37.85259
1385670468.75,-37.86133
1385670625.0,-37.84365
1385670781.25,-37.84128
1385670937.5,-37.85934
1385671093.75,-37.86314
1385671250.0,-37.85562
1385671406.25,-37.84846
1385671562.5,-37.8447
1385671718.75,-37.84712
1385671875.0,-37.85257
1385672031.25,-37.84114
1385672187.5,-37.8499
1385672343.75,-37.83755
1385672500.0,-37.84394
1385672656.25,-37.85512
1385672812.5,-37.83603
1385672968.75,-37.84313
1385673125.0,-37.83838
1385673281.25,-37.83843
1385673437.5,-37.84203
1385673593.75,-37.84245
1385673750.0,-37.85133
1385673906.25,-37.83656
1385674062.5,-37.84475
1385674218.75,-37.8415
1385674375.0,-37.83864
1385674531.25,-37.84082
1385674687.5,-37.82865
1385674843.75,-37.83207
1385675000.0,-37.83118
1385675156.25,-37.82516
1385675312.5,-37.83123
1385675468.75,-37.83101
1385675625.0,-37.83953
1385675781.25,-37.83816
1385675937.5,-37.82247
1385676093.75,-37.83034
1385676250.0,-37.84169
1385676406.25,-37.83323
1385676562.5,-37.83502
1385676718.75,-37.84037
1385676875.0,-37.83512
1385677031.25,-37.81279
1385677187.5,-37.82929
1385677343.75,-37.82508
1385677500.0,-37.82403
1385677656.25,-37.82728
1385677812.5,-37.83461
1385677968.75,-37.82948
1385678125.0,-37.8266
1385678281.25,-37.82705
1385678437.5,-37.82912
1385678593.75,-37.81791
1385678750.0,-37.82258
1385678906.25,-37.82949
1385679062.5,-37.81328
1385679218.75,-37.82344
1385679375.0,-37.82675
1385679531.25,-37.82149
1385679687.5,-37.81545
1385679843.75,-37.82374
1385680000.0,-37.80822
1385680156.25,-37.83282
1385680312.5,-37.81783
1385680468.75,-37.81242
1385680625.0,-37.81023
1385680781.25,-37.82288
1385680937.5,-37.81974
1385681093.75,-37.79913
1385681250.0,-37.80898
1385681406.25,-37.80521
1385681562.5,-37.81849
1385681718.75,-37.81266
1385681875.0,-37.81484
1385682031.25,-37.81255
1385682187.5,-37.82425
1385682343.75,-37.81301
1385682500.0,-37.80919
1385682656.25,-37.81166
1385682812.5,-37.809
1385682968.75,-37.80485
1385683125.0,-37.81194
1385683281.25,-37.81161
1385683437.5,-37.80082
1385683593.75,-37.81754
1385683750.0,-37.79765
1385683906.25,-37.80508
1385684062.5,-37.80059
1385684218.75,-37.79486
1385684375.0,-37.80598
1385684531.25,-37.80911
1385684687.5,-37.78526
1385684843.75,-37.79934
1385685000.0,-37.79917
1385685156.25,-37.80457
1385685312.5,-37.80609
1385685468.75,-37.80084
1385685625.0,-37.80354
1385685781.25,-37.80061
1385685937.5,-37.79273
1385686093.75,-37.79187
1385686250.0,-37.78417
1385686406.25,-37.79775
1385686562.5,-37.79388
1385686718.75,-37.8014
1385686875.0,-37.79878
1385687031.25,-37.79041
1385687187.5,-37.78601
1385687343.75,-37.79756
1385687500.0,-37.78727
1385687656.25,-37.80026
1385687812.5,-37.78075
1385687968.75,-37.80309
1385688125.0,-37.79942
1385688281.25,-37.78729
1385688437.5,-37.78693
1385688593.75,-37.78748
1385688750.0,-37.78861
1385688906.25,-37.78925
1385689062.5,-37.79145
1385689218.75,-37.77642
1385689375.0,-37.78075
1385689531.25,-37.78659
1385689687.5,-37.77885
1385689843.75,-37.79199
1385690000.0,-37.77837
1385690156.25,-37.79949
1385690312.5,-37.78924
1385690468.75,-37.79128
1385690625.0,-37.78286
1385690781.25,-37.77221
1385690937.5,-37.78495
1385691093.75,-37.77817
1385691250.0,-37.75884
1385691406.25,-37.76902
1385691562.5,-37.77171
1385691718.75,-37.76768
1385691875.0,-37.76693
1385692031.25,-37.78089
1385692187.5,-37.77927
1385692343.75,-37.7741
1385692500.0,-37.76811
1385692656.25,-37.777
1385692812.5,-37.78217
1385692968.75,-37.78638
1385693125.0,-37.78093
1385693281.25,-37.7705
1385693437.5,-37.76912
1385693593.75,-37.76992
1385693750.0,-37.76093
1385693906.25,-37.76062
1385694062.5,-37.76171
1385694218.75,-37.77488
1385694375.0,-37.77695
1385694531.25,-37.77037
1385694687.5,-37.7754
1385694843.75,-37.76623
1385695000.0,-37.75253
1385695156.25,-37.77692
1385695312.5,-37.76447
1385695468.75,-37.76006
1385695625.0,-37.78422
1385695781.25,-37.76669
1385695937.5,-37.76495
1385696093.75,-37.7504
1385696250.0,-37.77995
1385696406.25,-37.76008
1385696562.5,-37.76832
1385696718.75,-37.75406
1385696875.0,-37.75981
1385697031.25,-37.75673
1385697187.5,-37.76508
1385697343.75,-37.75185
1385697500.0,-37.75274
1385697656.25,-37.75287
1385697812.5,-37.76302
1385697968.75,-37.75547
1385698125.0,-37.752
1385698281.25,-37.75711
1385698437.5,-37.75529
1385698593.75,-37.7652
1385698750.0,-37.75491
1385698906.25,-37.7459
1385699062.5,-37.73677
1385699218.75,-37.74432
1385699375.0,-37.7419
1385699531.25,-37.75308
1385699687.5,-37.75256
1385699843.75,-37.74583
1385700000.0,-37.74747
1385700156.25,-37.74668
1385700312.5,-37.73588
1385700468.75,-37.74578
1385700625.0,-37.748
1385700781.25,-37.75051
1385700937.5,-37.75156
1385701093.75,-37.75092
1385701250.0,-37.744
1385701406.25,-37.74667
1385701562.5,-37.74047
1385701718.75,-37.74014
1385701875.0,-37.74446
1385702031.25,-37.74144
1385702187.5,-37.74409
1385702343.75,-37.73132
1385702500.0,-37.75097
1385702656.25,-37.74234
1385702812.5,-37.7426
1385702968.75,-37.73172
1385703125.0,-37.73887
1385703281.25,-37.74186
1385703437.5,-37.73928
1385703593.75,-37.72846
1385703750.0,-37.73672
1385703906.25,-37.72073
1385704062.5,-37.73188
1385704218.75,-37.73221
1385704375.0,-37.73034
1385704531.25,-37.73182
1385704687.5,-37.73384
1385704843.75,-37.7233
1385705000.0,-37.72712
1385705156.25,-37.72991
1385705312.5,-37.73404
1385705468.75,-37.72793
1385705625.0,-37.73218
1385705781.25,-37.72955
1385705937.5,-37.73013
1385706093.75,-37.72215
1385706250.0,-37.71468
1385706406.25,-37.73453
1385706562.5,-37.72847
1385706718.75,-37.72575
1385706875.0,-37.71169
1385707031.25,-37.71735
1385707187.5,-37.72249
1385707343.75,-37.7207
1385707500.0,-37.72302
1385707656.25,-37.7239
1385707812.5,-37.72148
1385707968.75,-37.72693
1385708125.0,-37.71622
1385708281.25,-37.72155
1385708437.5,-37.72772
1385708593.75,-37.7179
1385708750.0,-37.72708
1385708906.25,-37.71778
1385709062.5,-37.71657
1385709218.75,-37.72007
1385709375.0,-37.71646
1385709531.25,-37.72984
1385709687.5,-37.72755
1385709843.75,-37.72129
1385710000.0,-37.72143
1385710156.25,-37.71165
1385710312.5,-37.71873
1385710468.75,-37.71235
1385710625.0,-37.71332
1385710781.25,-37.71228
1385710937.5,-37.72255
1385711093.75,-37.71899
1385711250.0,-37.70976
1385711406.25,-37.70858
1385711562.5,-37.70731
1385711718.75,-37.69287
1385711875.0,-37.7043
1385712031.25,-37.71355
1385712187.5,-37.72375
1385712343.75,-37.70396
1385712500.0,-37.70271
1385712656.25,-37.69579
1385712812.5,-37.70375
1385712968.75,-37.70681
1385713125.0,-37.71002
1385713281.25,-37.69608
1385713437.5,-37.70494
1385713593.75,-37.71472
1385713750.0,-37.70829
1385713906.25,-37.69412
1385714062.5,-37.69553
1385714218.75,-37.70901
1385714375.0,-37.70352
1385714531.25,-37.69916
1385714687.5,-37.69768
1385714843.75,-37.70496
1385715000.0,-37.69957
1385715156.25,-37.68786
1385715312.5,-37.70807
1385715468.75,-37.70237
1385715625.0,-37.69232
1385715781.25,-37.69224
1385715937.5,-37.674
1385716093.75,-37.69226
1385716250.0,-37.69711
1385716406.25,-37.69012
1385716562.5,-37.67801
1385716718.75,-37.68082
1385716875.0,-37.68041
1385717031.25,-37.69319
1385717187.5,-37.69868
1385717343.75,-37.6882
1385717500.0,-37.69101
1385717656.25,-37.69248
1385717812.5,-37.69358
1385717968.75,-37.67394
1385718125.0,-37.68178
1385718281.25,-37.68023
1385718437.5,-37.68872
1385718593.75,-37.68626
1385718750.0,-37.68783
1385718906.25,-37.67408
1385719062.5,-37.68747
1385719218.75,-37.6783
1385719375.0,-37.68816
1385719531.25,-37.68312
1385719687.5,-37.68285
1385719843.75,-37.68302
1385720000.0,-37.67379
1385720156.25,-37.67319
1385720312.5,-37.66573
1385720468.75,-37.67939
1385720625.0,-37.6838
1385720781.25,-37.67327
1385720937.5,-37.66601
1385721093.75,-37.68202
1385721250.0,-37.67877
1385721406.25,-37.67685
1385721562.5,-37.66886
1385721718.75,-37.67908
1385721875.0,-37.6754
1385722031.25,-37.66519
1385722187.5,-37.69153
1385722343.75,-37.67641
1385722500.0,-37.665
1385722656.25,-37.68162
1385722812.5,-37.66259
1385722968.75,-37.67527
1385723125.0,-37.66647
1385723281.25,-37.67273
1385723437.5,-37.67402
1385723593.75,-37.67809
1385723750.0,-37.66159
1385723906.25,-37.66234
1385724062.5,-37.67146
1385724218.75,-37.67926
1385724375.0,-37.65522
1385724531.25,-37.66441
1385724687.5,-37.65562
1385724843.75,-37.65636
1385725000.0,-37.6548
1385725156.25,-37.66832
1385725312.5,-37.66356
1385725468.75,-37.67162
1385725625.0,-37.65218
1385725781.25,-37.67555
1385725937.5,-37.65509
1385726093.75,-37.66403
1385726250.0,-37.65528
1385726406.25,-37.66203
1385726562.5,-37.65269
1385726718.75,-37.65615
1385726875.0,-37.65273
1385727031.25,-37.65452
1385727187.5,-37.66446
1385727343.75,-37.64663
1385727500.0,-37.65988
1385727656.25,-37.65203
1385727812.5,-37.65372
1385727968.75,-37.6561
1385728125.0,-37.65704
1385728281.25,-37.65051
1385728437.5,-37.6525
1385728593.75,-37.64452
1385728750.0,-37.64131
1385728906.25,-37.64727
1385729062.5,-37.64273
1385729218.75,-37.65124
1385729375.0,-37.63506
1385729531.25,-37.65472
1385729687.5,-37.65111
1385729843.75,-37.63935
1385730000.0,-37.65176
1385730156.25,-37.65294
1385730312.5,-37.65126
1385730468.75,-37.63779
1385730625.0,-37.63235
1385730781.25,-37.62958
1385730937.5,-37.64139
1385731093.75,-37.62901
1385731250.0,-37.63939
1385731406.25,-37.63109
1385731562.5,-37.65918
1385731718.75,-37.6305
1385731875.0,-37.62743
1385732031.25,-37.62541
1385732187.5,-37.62083
1385732343.75,-37.64621
1385732500.0,-37.61491
1385732656.25,-37.63449
1385732812.5,-37.64435
1385732968.75,-37.6369
1385733125.0,-37.63267
1385733281.25,-37.63257
1385733437.5,-37.63459
1385733593.75,-37.6512
1385733750.0,-37.6393
1385733906.25,-37.63625
1385734062.5,-37.62578
1385734218.75,-37.62973
1385734375.0,-37.6298
1385734531.25,-37.6357
1385734687.5,-37.62267
1385734843.75,-37.63724
1385735000.0,-37.62706
1385735156.25,-37.63481
1385735312.5,-37.624
1385735468.75,-37.61337
1385735625.0,-37.62997
1385735781.25,-37.62422
1385735937.5,-37.62808
1385736093.75,-37.62304
1385736250.0,-37.6144
1385736406.25,-37.62159
1385736562.5,-37.62834
1385736718.75,-37.61797
1385736875.0,-37.62468
1385737031.25,-37.61988
1385737187.5,-37.60287
1385737343.75,-37.63252
1385737500.0,-37.60842
1385737656.25,-37.61859
1385737812.5,-37.61118
1385737968.75,-37.61121
1385738125.0,-37.62962
1385738281.25,-37.61348
1385738437.5,-37.62075
1385738593.75,-37.62022
1385738750.0,-37.61977
1385738906.25,-37.61751
1385739062.5,-37.60519
1385739218.75,-37.61744
1385739375.0,-37.61092
1385739531.25,-37.61598
1385739687.5,-37.61156
1385739843.75,-37.62747
1385740000.0,-37.61013
1385740156.25,-37.61798
1385740312.5,-37.61165
1385740468.75,-37.60738
1385740625.0,-37.60182
1385740781.25,-37.60871
1385740937.5,-37.60176
1385741093.75,-37.61734
1385741250.0,-37.61214
1385741406.25,-37.59943
1385741562.5,-37.60164
1385741718.75,-37.60069
1385741875.0,-37.60464
1385742031.25,-37.59095
1385742187.5,-37.6012
1385742343.75,-37.60312
1385742500.0,-37.61015
1385742656.25,-37.60403
1385742812.5,-37.59859
1385742968.75,-37.61143
1385743125.0,-37.59216
1385743281.25,-37.59264
1385743437.5,-37.5957
1385743593.75,-37.59606
1385743750.0,-37.60662
1385743906.25,-37.5961
1385744062.5,-37.58774
1385744218.75,-37.5984
1385744375.0,-37.59312
1385744531.25,-37.58554
1385744687.5,-37.6063
1385744843.75,-37.58521
1385745000.0,-37.59137
1385745156.25,-37.59626
1385745312.5,-37.58321
1385745468.75,-37.58555
1385745625.0,-37.58752
1385745781.25,-37.59494
1385745937.5,-37.57551
1385746093.75,-37.58426
1385746250.0,-37.5935
1385746406.25,-37.60328
1385746562.5,-37.57047
1385746718.75,-37.60463
1385746875.0,-37.58513
1385747031.25,-37.59182
1385747187.5,-37.58915
1385747343.75,-37.58826
1385747500.0,-37.5708
1385747656.25,-37.5821
1385747812.5,-37.59052
1385747968.75,-37.56728
1385748125.0,-37.58261
1385748281.25,-37.57364
1385748437.5,-37.58391
1385748593.75,-37.58241
1385748750.0,-37.58085
1385748906.25,-37.5866
1385749062.5,-37.56686
1385749218.75,-37.57232
1385749375.0,-37.57645
1385749531.25,-37.57314
1385749687.5,-37.57005
1385749843.75,-37.58082
1385750000.0,-37.58258
1385750156.25,-37.56986
1385750312.5,-37.56776
1385750468.75,-37.56831
1385750625.0,-37.56031
1385750781.25,-37.55309
1385750937.5,-37.57423
1385751093.75,-37.55619
1385751250.0,-37.57738
1385751406.25,-37.57035
1385751562.5,-37.56973
1385751718.75,-37.58419
1385751875.0,-37.57364
1385752031.25,-37.57453
1385752187.5,-37.56015
1385752343.75,-37.56664
1385752500.0,-37.57737
1385752656.25,-37.55657
1385752812.5,-37.57518
1385752968.75,-37.56355
1385753125.0,-37.56452
1385753281.25,-37.57454
1385753437.5,-37.57169
1385753593.75,-37.56258
1385753750.0,-37.5672
1385753906.25,-37.5562
1385754062.5,-37.56366
1385754218.75,-37.5631
1385754375.0,-37.55063
1385754531.25,-37.56346
1385754687.5,-37.57477
1385754843.75,-37.57668
1385755000.0,-37.56041
1385755156.25,-37.55835
1385755312.5,-37.55114
1385755468.75,-37.54867
1385755625.0,-37.53971
1385755781.25,-37.55997
1385755937.5,-37.56057
1385756093.75,-37.5569
1385756250.0,-37.55552
1385756406.25,-37.55466
1385756562.5,-37.54445
1385756718.75,-37.55364
1385756875.0,-37.55564
1385757031.25,-37.55889
1385757187.5,-37.5593
1385757343.75,-37.54895
1385757500.0,-37.55302
1385757656.25,-37.54791
1385757812.5,-37.54679
1385757968.75,-37.54898
1385758125.0,-37.54104
1385758281.25,-37.54919
1385758437.5,-37.54313
1385758593.75,-37.52918
1385758750.0,-37.55525
1385758906.25,-37.54154
1385759062.5,-37.54405
1385759218.75,-37.55257
1385759375.0,-37.52149
1385759531.25,-37.53091
1385759687.5,-37.54152
1385759843.75,-37.52363
1385760000.0,-37.53876
1385760156.25,-37.53972
1385760312.5,-37.53555
1385760468.75,-37.53279
1385760625.0,-37.54671
1385760781.25,-37.53672
1385760937.5,-37.53199
1385761093.75,-37.52878
1385761250.0,-37.53075
1385761406.25,-37.53542
1385761562.5,-37.54332
1385761718.75,-37.52887
1385761875.0,-37.5321
1385762031.25,-37.53804
1385762187.5,-37.51822
1385762343.75,-37.5288
1385762500.0,-37.52802
1385762656.25,-37.52746
1385762812.5,-37.5414
1385762968.75,-37.54192
1385763125.0,-37.53118
1385763281.25,-37.5303
1385763437.5,-37.52235
1385763593.75,-37.52015
1385763750.0,-37.52638
1385763906.25,-37.53203
1385764062.5,-37.52541
1385764218.75,-37.51938
1385764375.0,-37.51358
1385764531.25,-37.52298
1385764687.5,-37.52953
1385764843.75,-37.52507
1385765000.0,-37.5225
1385765156.25,-37.53351
1385765312.5,-37.5212
1385765468.75,-37.51174
1385765625.0,-37.52155
1385765781.25,-37.5055
1385765937.5,-37.52786
1385766093.75,-37.50528
1385766250.0,-37.51246
1385766406.25,-37.52179
1385766562.5,-37.51256
1385766718.75,-37.51243
1385766875.0,-37.52306
1385767031.25,-37.52334
1385767187.5,-37.52511
1385767343.75,-37.50675
1385767500.0,-37.50396
1385767656.25,-37.5076
1385767812.5,-37.51559
1385767968.75,-37.49875
1385768125.0,-37.50936
1385768281.25,-37.52374
1385768437.5,-37.50226
1385768593.75,-37.51207
1385768750.0,-37.51657
1385768906.25,-37.51231
1385769062.5,-37.51029
1385769218.75,-37.49615
1385769375.0,-37.51604
1385769531.25,-37.50927
1385769687.5,-37.49817
1385769843.75,-37.49724
1385770000.0,-37.49967
1385770156.25,-37.51828
1385770312.5,-37.49766
1385770468.75,-37.50648
1385770625.0,-37.51545
1385770781.25,-37.49683
1385770937.5,-37.49519
1385771093.75,-37.49278
1385771250.0,-37.49392
1385771406.25,-37.50103
1385771562.5,-37.51068
1385771718.75,-37.50347
1385771875.0,-37.49533
1385772031.25,-37.50084
1385772187.5,-37.49422
1385772343.75,-37.49432
1385772500.0,-37.4964
1385772656.25,-37.48438
1385772812.5,-37.48995
1385772968.75,-37.50547
1385773125.0,-37.49655
1385773281.25,-37.5008
1385773437.5,-37.50239
1385773593.75,-37.48587
1385773750.0,-37.48285
1385773906.25,-37.50171
1385774062.5,-37.49796
1385774218.75,-37.49696
1385774375.0,-37.4912
1385774531.25,-37.48609
1385774687.5,-37.49145
1385774843.75,-37.48952
1385775000.0,-37.48369
1385775156.25,-37.49194
1385775312.5,-37.49092
1385775468.75,-37.48748
1385775625.0,-37.46703
1385775781.25,-37.47087
1385775937.5,-37.48551
1385776093.75,-37.4877
1385776250.0,-37.48123
1385776406.25,-37.4843
1385776562.5,-37.48019
1385776718.75,-37.48508
1385776875.0,-37.47764
1385777031.25,-37.47038
1385777187.5,-37.47582
1385777343.75,-37.47688
1385777500.0,-37.49056
1385777656.25,-37.48034
1385777812.5,-37.47985
1385777968.75,-37.48512
1385778125.0,-37.47829
1385778281.25,-37.46743
1385778437.5,-37.47834
1385778593.75,-37.48208
1385778750.0,-37.46928
1385778906.25,-37.4737
1385779062.5,-37.4745
1385779218.75,-37.47026
1385779375.0,-37.47309
1385779531.25,-37.47501
1385779687.5,-37.48089
1385779843.75,-37.46075
1385780000.0,-37.47571
1385780156.25,-37.45955
1385780312.5,-37.45459
1385780468.75,-37.46729
1385780625.0,-37.46737
1385780781.25,-37.45781
1385780937.5,-37.47065
1385781093.75,-37.48213
1385781250.0,-37.44753
1385781406.25,-37.46793
1385781562.5,-37.46926
1385781718.75,-37.45589
1385781875.0,-37.46865
1385782031.25,-37.46518
1385782187.5,-37.4607
1385782343.75,-37.46081
1385782500.0,-37.45876
1385782656.25,-37.46136
1385782812.5,-37.46535
1385782968.75,-37.47489
1385783125.0,-37.45919
1385783281.25,-37.44161
1385783437.5,-37.45135
1385783593.75,-37.45162
1385783750.0,-37.45839
1385783906.25,-37.46364
1385784062.5,-37.46294
1385784218.75,-37.44892
1385784375.0,-37.45992
1385784531.25,-37.46357
1385784687.5,-37.45206
1385784843.75,-37.45115
1385785000.0,-37.45794
1385785156.25,-37.44937
1385785312.5,-37.45488
1385785468.75,-37.45736
1385785625.0,-37.4592
1385785781.25,-37.447
1385785937.5,-37.45737
1385786093.75,-37.44794
1385786250.0,-37.4422
1385786406.25,-37.4482
1385786562.5,-37.46201
1385786718.75,-37.44871
1385786875.0,-37.45097
1385787031.25,-37.44858
1385787187.5,-37.45032
1385787343.75,-37.43721
1385787500.0,-37.4412
1385787656.25,-37.45372
1385787812.5,-37.45498
1385787968.75,-37.44373
1385788125.0,-37.43534
1385788281.25,-37.46025
1385788437.5,-37.44
1385788593.75,-37.44188
1385788750.0,-37.44152
1385788906.25,-37.43507
1385789062.5,-37.44021
1385789218.75,-37.43166
1385789375.0,-37.42691
1385789531.25,-37.44561
1385789687.5,-37.42268
1385789843.75,-37.43773
1385790000.0,-37.42575
1385790156.25,-37.43255
1385790312.5,-37.43719
1385790468.75,-37.42691
1385790625.0,-37.43162
1385790781.25,-37.42754
1385790937.5,-37.44348
1385791093.75,-37.43346
1385791250.0,-37.42894
1385791406.25,-37.43146
1385791562.5,-37.42054
1385791718.75,-37.42758
1385791875.0,-37.41986
1385792031.25,-37.42571
1385792187.5,-37.42106
1385792343.75,-37.44079
1385792500.0,-37.42572
1385792656.25,-37.43078
1385792812.5,-37.4229
1385792968.75,-37.42867
1385793125.0,-37.42098
1385793281.25,-37.42493
1385793437.5,-37.429
1385793593.75,-37.42484
1385793750.0,-37.42207
1385793906.25,-37.42266
1385794062.5,-37.42673
1385794218.75,-37.4054
1385794375.0,-37.41927
1385794531.25,-37.4277
1385794687.5,-37.42615
1385794843.75,-37.41457
1385795000.0,-37.43047
1385795156.25,-37.41957
1385795312.5,-37.41342
1385795468.75,-37.41035
1385795625.0,-37.4187
1385795781.25,-37.42094
1385795937.5,-37.41622
1385796093.75,-37.41271
1385796250.0,-37.41645
1385796406.25,-37.40808
1385796562.5,-37.41066
1385796718.75,-37.41724
1385796875.0,-37.4092
1385797031.25,-37.40792
1385797187.5,-37.40299
1385797343.75,-37.41012
1385797500.0,-37.40201
1385797656.25,-37.39186
1385797812.5,-37.40107
1385797968.75,-37.4132
1385798125.0,-37.39347
1385798281.25,-37.40779
1385798437.5,-37.39993
1385798593.75,-37.40666
1385798750.0,-37.41132
1385798906.25,-37.39766
1385799062.5,-37.4105
1385799218.75,-37.39176
1385799375.0,-37.39503
1385799531.25,-37.40054
1385799687.5,-37.39523
1385799843.75,-37.39137
1385800000.0,-37.40123
1385800156.25,-37.40666
1385800312.5,-37.39871
1385800468.75,-37.39303
1385800625.0,-37.39705
1385800781.25,-37.39354
1385800937.5,-37.39851
1385801093.75,-37.39807
1385801250.0,-37.39412
1385801406.25,-37.39753
1385801562.5,-37.39797
1385801718.75,-37.39688
1385801875.0,-37.40353
1385802031.25,-37.3773
1385802187.5,-37.39444
1385802343.75,-37.399
1385802500.0,-37.38497
1385802656.25,-37.39868
1385802812.5,-37.38855
1385802968.75,-37.38258
1385803125.0,-37.38878
1385803281.25,-37.39476
1385803437.5,-37.3894
1385803593.75,-37.38273
1385803750.0,-37.38664
1385803906.25,-37.38062
1385804062.5,-37.383
1385804218.75,-37.37584
1385804375.0,-37.37815
1385804531.25,-37.3782
1385804687.5,-37.38873
1385804843.75,-37.36573
1385805000.0,-37.38324
1385805156.25,-37.37911
1385805312.5,-37.38171
1385805468.75,-37.37931
1385805625.0,-37.37796
1385805781.25,-37.38709
1385805937.5,-37.38865
1385806093.75,-37.37382
1385806250.0,-37.37766
1385806406.25,-37.36867
1385806562.5,-37.37595
1385806718.75,-37.37252
1385806875.0,-37.38206
1385807031.25,-37.38017
1385807187.5,-37.38968
1385807343.75,-37.36101
1385807500.0,-37.37912
1385807656.25,-37.36574
1385807812.5,-37.36413
1385807968.75,-37.37521
1385808125.0,-37.36807
1385808281.25,-37.37262
1385808437.5,-37.37589
1385808593.75,-37.37462
1385808750.0,-37.3611
1385808906.25,-37.36946
1385809062.5,-37.36531
1385809218.75,-37.35754
1385809375.0,-37.36704
1385809531.25,-37.35998
1385809687.5,-37.3671
1385809843.75,-37.36444
1385810000.0,-37.37254
1385810156.25,-37.36115
1385810312.5,-37.36007
1385810468.75,-37.36393
1385810625.0,-37.36317
1385810781.25,-37.36314
1385810937.5,-37.352
1385811093.75,-37.34897
1385811250.0,-37.35044
1385811406.25,-37.35961
1385811562.5,-37.35678
1385811718.75,-37.34675
1385811875.0,-37.35389
1385812031.25,-37.35202
1385812187.5,-37.35167
1385812343.75,-37.35692
1385812500.0,-37.35162
1385812656.25,-37.3604
1385812812.5,-37.35627
1385812968.75,-37.34483
1385813125.0,-37.34216
1385813281.25,-37.35408
1385813437.5,-37.35134
1385813593.75,-37.35312
1385813750.0,-37.34639
1385813906.25,-37.36121
1385814062.5,-37.34597
1385814218.75,-37.34823
1385814375.0,-37.34126
1385814531.25,-37.34561
1385814687.5,-37.34283
1385814843.75,-37.34293
1385815000.0,-37.35016
1385815156.25,-37.35312
1385815312.5,-37.34161
1385815468.75,-37.33315
1385815625.0,-37.35104
1385815781.25,-37.34026
1385815937.5,-37.33878
1385816093.75,-37.32129
1385816250.0,-37.33654
1385816406.25,-37.34099
1385816562.5,-37.33598
1385816718.75,-37.33099
1385816875.0,-37.32683
1385817031.25,-37.33622
1385817187.5,-37.3326
1385817343.75,-37.33523
1385817500.0,-37.33288
1385817656.25,-37.33203
1385817812.5,-37.33276
1385817968.75,-37.33855
1385818125.0,-37.32112
1385818281.25,-37.32693
1385818437.5,-37.33712
1385818593.75,-37.32492
1385818750.0,-37.32439
1385818906.25,-37.32988
1385819062.5,-37.33084
1385819218.75,-37.33679
1385819375.0,-37.32055
1385819531.25,-37.33154
1385819687.5,-37.32958
1385819843.75,-37.33017
1385820000.0,-37.31488
1385820156.25,-37.33279
1385820312.5,-37.32467
1385820468.75,-37.33323
1385820625.0,-37.31979
1385820781.25,-37.32204
1385820937.5,-37.31407
1385821093.75,-37.32294
1385821250.0,-37.31839
1385821406.25,-37.31083
1385821562.5,-37.30699
1385821718.75,-37.32021
1385821875.0,-37.30745
1385822031.25,-37.32591
1385822187.5,-37.3159
1385822343.75,-37.31416
1385822500.0,-37.33312
1385822656.25,-37.30909
1385822812.5,-37.3233
1385822968.75,-37.31589
1385823125.0,-37.31473
1385823281.25,-37.31345
1385823437.5,-37.30234
1385823593.75,-37.32442
1385823750.0,-37.30892
1385823906.25,-37.31474
1385824062.5,-37.31671
1385824218.75,-37.30834
1385824375.0,-37.30013
1385824531.25,-37.3207
1385824687.5,-37.3049
1385824843.75,-37.32106
1385825000.0,-37.3137
1385825156.25,-37.29554
1385825312.5,-37.30167
1385825468.75,-37.31836
1385825625.0,-37.30083
1385825781.25,-37.31063
1385825937.5,-37.30436
1385826093.75,-37.30809
1385826250.0,-37.30587
1385826406.25,-37.30441
1385826562.5,-37.29692
1385826718.75,-37.29395
1385826875.0,-37.30417
1385827031.25,-37.30137
1385827187.5,-37.29891
1385827343.75,-37.30505
1385827500.0,-37.29728
1385827656.25,-37.30085
1385827812.5,-37.28633
1385827968.75,-37.29823
1385828125.0,-37.29385
1385828281.25,-37.30059
1385828437.5,-37.29825
1385828593.75,-37.29124
1385828750.0,-37.29182
1385828906.25,-37.29621
1385829062.5,-37.29399
1385829218.75,-37.29042
1385829375.0,-37.28232
1385829531.25,-37.30221
1385829687.5,-37.29335
1385829843.75,-37.29331
1385830000.0,-37.28765
1385830156.25,-37.29141
1385830312.5,-37.28685
1385830468.75,-37.2964
1385830625.0,-37.29958
1385830781.25,-37.28117
1385830937.5,-37.28126
1385831093.75,-37.29656
1385831250.0,-37.27164
1385831406.25,-37.29788
1385831562.5,-37.27818
1385831718.75,-37.28322
1385831875.0,-37.28019
1385832031.25,-37.27478
1385832187.5,-37.27222
1385832343.75,-37.27126
1385832500.0,-37.288
1385832656.25,-37.28226
1385832812.5,-37.27683
1385832968.75,-37.27856
1385833125.0,-37.27909
1385833281.25,-37.27133
1385833437.5,-37.28864
1385833593.75,-37.27037
1385833750.0,-37.27241
1385833906.25,-37.27232
1385834062.5,-37.26503
1385834218.75,-37.26575
1385834375.0,-37.26733
1385834531.25,-37.27317
1385834687.5,-37.2709
1385834843.75,-37.26726
1385835000.0,-37.27074
1385835156.25,-37.27564
1385835312.5,-37.26002
1385835468.75,-37.27034
1385835625.0,-37.27802
1385835781.25,-37.26481
1385835937.5,-37.26128
1385836093.75,-37.27791
1385836250.0,-37.26326
1385836406.25,-37.25869
1385836562.5,-37.2738
1385836718.75,-37.26027
1385836875.0,-37.25985
1385837031.25,-37.26637
1385837187.5,-37.26366
1385837343.75,-37.25989
1385837500.0,-37.25613
1385837656.25,-37.26057
1385837812.5,-37.2644
1385837968.75,-37.25611
1385838125.0,-37.26967
1385838281.25,-37.25743
1385838437.5,-37.24899
1385838593.75,-37.26043
1385838750.0,-37.25285
1385838906.25,-37.25372
1385839062.5,-37.26477
1385839218.75,-37.25579
1385839375.0,-37.24925
1385839531.25,-37.25989
1385839687.5,-37.25138
1385839843.75,-37.26202
1385840000.0,-37.24492
1385840156.25,-37.24325
1385840312.5,-37.25894
1385840468.75,-37.23148
1385840625.0,-37.25813
1385840781.25,-37.25144
1385840937.5,-37.26183
1385841093.75,-37.24761
1385841250.0,-37.24443
1385841406.25,-37.24616
1385841562.5,-37.24293
1385841718.75,-37.25238
1385841875.0,-37.24569
1385842031.25,-37.25606
1385842187.5,-37.24247
1385842343.75,-37.24602
1385842500.0,-37.23439
1385842656.25,-37.24752
1385842812.5,-37.24372
1385842968.75,-37.25391
1385843125.0,-37.256
1385843281.25,-37.24655
1385843437.5,-37.23595
1385843593.75,-37.24199
1385843750.0,-37.24502
1385843906.25,-37.24245
1385844062.5,-37.24071
1385844218.75,-37.23807
1385844375.0,-37.24632
1385844531.25,-37.23793
1385844687.5,-37.23927
1385844843.75,-37.2421
1385845000.0,-37.23798
1385845156.25,-37.22923
1385845312.5,-37.23744
1385845468.75,-37.22364
1385845625.0,-37.23519
1385845781.25,-37.2289
1385845937.5,-37.23257
1385846093.75,-37.23162
1385846250.0,-37.22639
1385846406.25,-37.2226
1385846562.5,-37.23655
1385846718.75,-37.23619
1385846875.0,-37.24809
1385847031.25,-37.22189
1385847187.5,-37.2229
1385847343.75,-37.22079
1385847500.0,-37.22909
1385847656.25,-37.23161
1385847812.5,-37.22919
1385847968.75,-37.21581
1385848125.0,-37.23146
1385848281.25,-37.22608
1385848437.5,-37.21444
1385848593.75,-37.2275
1385848750.0,-37.21646
1385848906.25,-37.22156
1385849062.5,-37.2149
1385849218.75,-37.21441
1385849375.0,-37.21827
1385849531.25,-37.21661
1385849687.5,-37.2136
1385849843.75,-37.21719
1385850000.0,-37.21908
1385850156.25,-37.21294
1385850312.5,-37.21451
1385850468.75,-37.22291
1385850625.0,-37.21309
1385850781.25,-37.21666
1385850937.5,-37.20493
1385851093.75,-37.20584
1385851250.0,-37.21805
1385851406.25,-37.21565
1385851562.5,-37.21795
1385851718.75,-37.21374
1385851875.0,-37.20935
1385852031.25,-37.21347
1385852187.5,-37.21118
1385852343.75,-37.21374
1385852500.0,-37.20035
1385852656.25,-37.20819
1385852812.5,-37.199
1385852968.75,-37.20004
1385853125.0,-37.20819
1385853281.25,-37.2016
1385853437.5,-37.20946
1385853593.75,-37.21029
1385853750.0,-37.19901
1385853906.25,-37.1986
1385854062.5,-37.20529
1385854218.75,-37.2026
1385854375.0,-37.20067
1385854531.25,-37.20725
1385854687.5,-37.20094
1385854843.75,-37.20486
1385855000.0,-37.2055
1385855156.25,-37.19628
1385855312.5,-37.20102
1385855468.75,-37.19241
1385855625.0,-37.20302
1385855781.25,-37.19608
1385855937.5,-37.19107
1385856093.75,-37.19756
1385856250.0,-37.19036
1385856406.25,-37.20602
1385856562.5,-37.18242
1385856718.75,-37.19619
1385856875.0,-37.19114
1385857031.25,-37.1968
1385857187.5,-37.19619
1385857343.75,-37.19858
1385857500.0,-37.18151
1385857656.25,-37.19377
1385857812.5,-37.18875
1385857968.75,-37.19107
1385858125.0,-37.18827
1385858281.25,-37.17882
1385858437.5,-37.18302
1385858593.75,-37.19512
1385858750.0,-37.18749
1385858906.25,-37.17358
1385859062.5,-37.18603
1385859218.75,-37.18083
1385859375.0,-37.1916
1385859531.25,-37.19297
1385859687.5,-37.18061
1385859843.75,-37.17869
1385860000.0,-37.17558
1385860156.25,-37.18668
1385860312.5,-37.1759
1385860468.75,-37.17738
1385860625.0,-37.18584
1385860781.25,-37.18472
1385860937.5,-37.17605
1385861093.75,-37.18455
1385861250.0,-37.1752
1385861406.25,-37.18261
1385861562.5,-37.1716
1385861718.75,-37.17836
1385861875.0,-37.17211
1385862031.25,-37.19296
1385862187.5,-37.1669
1385862343.75,-37.17245
1385862500.0,-37.16534
1385862656.25,-37.1787
1385862812.5,-37.1769
1385862968.75,-37.17117
1385863125.0,-37.17175
1385863281.25,-37.16281
1385863437.5,-37.17051
1385863593.75,-37.1721
1385863750.0,-37.16579
1385863906.25,-37.16332
1385864062.5,-37.16073
1385864218.75,-37.15594
1385864375.0,-37.17252
1385864531.25,-37.16883
1385864687.5,-37.17287
1385864843.75,-37.15878
1385865000.0,-37.15568
1385865156.25,-37.16219
1385865312.5,-37.16665
1385865468.75,-37.1588
1385865625.0,-37.15118
1385865781.25,-37.15105
1385865937.5,-37.15109
1385866093.75,-37.15876
1385866250.0,-37.16206
1385866406.25,-37.16413
1385866562.5,-37.15877
1385866718.75,-37.14689
1385866875.0,-37.15063
1385867031.25,-37.14965
1385867187.5,-37.1577
1385867343.75,-37.14754
1385867500.0,-37.15061
1385867656.25,-37.16782
1385867812.5,-37.1486
1385867968.75,-37.16017
1385868125.0,-37.15636
1385868281.25,-37.14542
1385868437.5,-37.15574
1385868593.75,-37.14521
1385868750.0,-37.14689
1385868906.25,-37.13903
1385869062.5,-37.15821
1385869218.75,-37.1391
1385869375.0,-37.15569
1385869531.25,-37.15055
1385869687.5,-37.14621
1385869843.75,-37.13292
1385870000.0,-37.15206
1385870156.25,-37.13752
1385870312.5,-37.15207
1385870468.75,-37.13408
1385870625.0,-37.14277
1385870781.25,-37.13137
1385870937.5,-37.14831
1385871093.75,-37.14917
1385871250.0,-37.12979
1385871406.25,-37.12877
1385871562.5,-37.13031
1385871718.75,-37.13598
1385871875.0,-37.1459
1385872031.25,-37.13022
1385872187.5,-37.13405
1385872343.75,-37.13599
1385872500.0,-37.13923
1385872656.25,-37.13223
1385872812.5,-37.13456
1385872968.75,-37.12869
1385873125.0,-37.12308
1385873281.25,-37.13553
1385873437.5,-37.14557
1385873593.75,-37.14002
1385873750.0,-37.14062
1385873906.25,-37.11976
1385874062.5,-37.12803
1385874218.75,-37.12441
1385874375.0,-37.13435
1385874531.25,-37.13292
1385874687.5,-37.12045
1385874843.75,-37.12489
1385875000.0,-37.12474
1385875156.25,-37.12225
1385875312.5,-37.10752
1385875468.75,-37.12834
1385875625.0,-37.12489
1385875781.25,-37.11224
1385875937.5,-37.10997
1385876093.75,-37.11854
1385876250.0,-37.12265
1385876406.25,-37.13256
1385876562.5,-37.11642
1385876718.75,-37.12413
1385876875.0,-37.13245
1385877031.25,-37.12333
1385877187.5,-37.12514
1385877343.75,-37.10866
1385877500.0,-37.12304
1385877656.25,-37.11093
1385877812.5,-37.1195
1385877968.75,-37.11125
1385878125.0,-37.11663
1385878281.25,-37.11079
1385878437.5,-37.10704
1385878593.75,-37.11401
1385878750.0,-37.1042
1385878906.25,-37.11388
1385879062.5,-37.11366
1385879218.75,-37.10971
1385879375.0,-37.1134
1385879531.25,-37.11529
1385879687.5,-37.10798
1385879843.75,-37.10123
1385880000.0,-37.10973
1385880156.25,-37.11035
1385880312.5,-37.09832
1385880468.75,-37.11539
1385880625.0,-37.1045
1385880781.25,-37.11118
1385880937.5,-37.11399
1385881093.75,-37.10656
1385881250.0,-37.10305
1385881406.25,-37.10617
1385881562.5,-37.10358
1385881718.75,-37.10831
1385881875.0,-37.11237
1385882031.25,-37.09205
1385882187.5,-37.09698
1385882343.75,-37.09393
1385882500.0,-37.10623
1385882656.25,-37.09091
1385882812.5,-37.10231
1385882968.75,-37.09233
1385883125.0,-37.0974
1385883281.25,-37.09301
1385883437.5,-37.10213
1385883593.75,-37.08745
1385883750.0,-37.09063
1385883906.25,-37.1027
1385884062.5,-37.09657
1385884218.75,-37.09802
1385884375.0,-37.0896
1385884531.25,-37.08744
1385884687.5,-37.09126
1385884843.75,-37.08659
1385885000.0,-37.09424
1385885156.25,-37.07943
1385885312.5,-37.07279
1385885468.75,-37.08483
1385885625.0,-37.07738
1385885781.25,-37.07905
1385885937.5,-37.08828
1385886093.75,-37.08627
1385886250.0,-37.08591
1385886406.25,-37.08414
1385886562.5,-37.08142
1385886718.75,-37.08429
1385886875.0,-37.09294
1385887031.25,-37.06873
1385887187.5,-37.07936
1385887343.75,-37.08054
1385887500.0,-37.07593
1385887656.25,-37.06646
1385887812.5,-37.07861
1385887968.75,-37.07326
1385888125.0,-37.0782
1385888281.25,-37.06281
1385888437.5,-37.07212
1385888593.75,-37.08194
1385888750.0,-37.07165
1385888906.25,-37.07446
1385889062.5,-37.07111
1385889218.75,-37.07453
1385889375.0,-37.06488
1385889531.25,-37.07216
1385889687.5,-37.06493
1385889843.75,-37.06822
1385890000.0,-37.07278
1385890156.25,-37.06845
1385890312.5,-37.06887
1385890468.75,-37.07955
1385890625.0,-37.0694
1385890781.25,-37.06864
1385890937.5,-37.07079
1385891093.75,-37.06522
1385891250.0,-37.06329
1385891406.25,-37.07396
1385891562.5,-37.0697
1385891718.75,-37.06338
1385891875.0,-37.07162
1385892031.25,-37.06543
1385892187.5,-37.06511
1385892343.75,-37.06
1385892500.0,-37.07188
1385892656.25,-37.06768
1385892812.5,-37.05764
1385892968.75,-37.06637
1385893125.0,-37.05272
1385893281.25,-37.04846
1385893437.5,-37.06823
1385893593.75,-37.07309
1385893750.0,-37.05918
1385893906.25,-37.05745
1385894062.5,-37.05857
1385894218.75,-37.05397
1385894375.0,-37.05272
1385894531.25,-37.05851
1385894687.5,-37.05083
1385894843.75,-37.05796
1385895000.0,-37.05361
1385895156.25,-37.03882
1385895312.5,-37.05261
1385895468.75,-37.04923
1385895625.0,-37.05524
1385895781.25,-37.04647
1385895937.5,-37.04612
1385896093.75,-37.04601
1385896250.0,-37.04425
1385896406.25,-37.04294
1385896562.5,-37.04398
1385896718.75,-37.04889
1385896875.0,-37.04006
1385897031.25,-37.04746
1385897187.5,-37.03859
1385897343.75,-37.04212
1385897500.0,-37.0415
1385897656.25,-37.04248
1385897812.5,-37.04084
1385897968.75,-37.04021
1385898125.0,-37.04727
1385898281.25,-37.04378
1385898437.5,-37.02859
1385898593.75,-37.0328
1385898750.0,-37.03263
1385898906.25,-37.02785
1385899062.5,-37.03643
1385899218.75,-37.03081
1385899375.0,-37.02833
1385899531.25,-37.02352
1385899687.5,-37.03443
1385899843.75,-37.03832
1385900000.0,-37.03112
1385900156.25,-37.02837
1385900312.5,-37.03173
1385900468.75,-37.0371
1385900625.0,-37.02658
1385900781.25,-37.03866
1385900937.5,-37.02399
1385901093.75,-37.0295
1385901250.0,-37.03297
1385901406.25,-37.02967
1385901562.5,-37.03011
1385901718.75,-37.02318
1385901875.0,-37.02458
1385902031.25,-37.02429
1385902187.5,-37.02868
1385902343.75,-37.02394
1385902500.0,-37.02743
1385902656.25,-37.0202
1385902812.5,-37.01281
1385902968.75,-37.00748
1385903125.0,-37.02023
1385903281.25,-37.01823
1385903437.5,-37.01522
1385903593.75,-37.01976
1385903750.0,-37.02248
1385903906.25,-37.0241
1385904062.5,-37.02018
1385904218.75,-37.00645
1385904375.0,-37.01801
1385904531.25,-37.01176
1385904687.5,-37.02045
1385904843.75,-37.01723
1385905000.0,-37.01607
1385905156.25,-37.01597
1385905312.5,-37.0062
1385905468.75,-37.00717
1385905625.0,-37.01873
1385905781.25,-37.01372
1385905937.5,-37.00711
1385906093.75,-37.0168
1385906250.0,-37.00619
1385906406.25,-37.01332
1385906562.5,-37.01333
1385906718.75,-37.00361
1385906875.0,-37.0096
1385907031.25,-37.01113
1385907187.5,-37.01538
1385907343.75,-37.00341
1385907500.0,-37.01034
1385907656.25,-37.01173
1385907812.5,-37.0059
1385907968.75,-37.01466
1385908125.0,-37.00437
1385908281.25,-36.99374
1385908437.5,-37.00881
1385908593.75,-36.99419
1385908750.0,-36.99112
1385908906.25,-36.98829
1385909062.5,-36.9936
1385909218.75,-36.99203
1385909375.0,-36.99974
1385909531.25,-36.99294
1385909687.5,-37.00315
1385909843.75,-37.00201
1385910000.0,-36.99656
1385910156.25,-36.98626
1385910312.5,-36.99255
1385910468.75,-36.99595
1385910625.0,-37.00262
1385910781.25,-36.99263
1385910937.5,-36.98872
1385911093.75,-36.98486
1385911250.0,-36.98431
1385911406.25,-36.98639
1385911562.5,-36.98899
1385911718.75,-36.99327
1385911875.0,-36.9841
1385912031.25,-36.99344
1385912187.5,-36.99567
1385912343.75,-36.97785
1385912500.0,-36.98792
1385912656.25,-36.98004
1385912812.5,-36.97817
1385912968.75,-36.99029
1385913125.0,-36.9902
1385913281.25,-36.9921
1385913437.5,-36.98835
1385913593.75,-36.98241
1385913750.0,-36.96774
1385913906.25,-36.98869
1385914062.5,-36.9756
1385914218.75,-36.97606
1385914375.0,-36.974
1385914531.25,-36.97176
1385914687.5,-36.98601
1385914843.75,-36.98087
1385915000.0,-36.96022
1385915156.25,-36.96381
1385915312.5,-36.98338
1385915468.75,-36.97149
1385915625.0,-36.98162
1385915781.25,-36.97692
1385915937.5,-36.97493
1385916093.75,-36.97591
1385916250.0,-36.97629
1385916406.25,-36.96157
1385916562.5,-36.96234
1385916718.75,-36.96519
1385916875.0,-36.96908
1385917031.25,-36.9663
1385917187.5,-36.96828
1385917343.75,-36.95885
1385917500.0,-36.96913
1385917656.25,-36.96874
1385917812.5,-36.96265
1385917968.75,-36.96758
1385918125.0,-36.96478
1385918281.25,-36.96361
1385918437.5,-36.96897
1385918593.75,-36.96118
1385918750.0,-36.96395
1385918906.25,-36.96669
1385919062.5,-36.9612
1385919218.75,-36.96752
1385919375.0,-36.95349
1385919531.25,-36.96554
1385919687.5,-36.96095
1385919843.75,-36.95449
1385920000.0,-36.95847
1385920156.25,-36.95075
1385920312.5,-36.95546
1385920468.75,-36.95862
1385920625.0,-36.94387
1385920781.25,-36.95996
1385920937.5,-36.95407
1385921093.75,-36.94908
1385921250.0,-36.95067
1385921406.25,-36.94847
1385921562.5,-36.95899
1385921718.75,-36.94544
1385921875.0,-36.95123
1385922031.25,-36.95415
1385922187.5,-36.94754
1385922343.75,-36.94499
1385922500.0,-36.94838
1385922656.25,-36.95451
1385922812.5,-36.95301
1385922968.75,-36.9417
1385923125.0,-36.94651
1385923281.25,-36.9449
1385923437.5,-36.94279
1385923593.75,-36.94655
1385923750.0,-36.94705
1385923906.25,-36.94014
1385924062.5,-36.94874
1385924218.75,-36.93927
1385924375.0,-36.952
1385924531.25,-36.93961
1385924687.5,-36.94551
1385924843.75,-36.94796
1385925000.0,-36.93782
1385925156.25,-36.92515
1385925312.5,-36.93718
1385925468.75,-36.93007
1385925625.0,-36.94529
1385925781.25,-36.9287
1385925937.5,-36.93065
1385926093.75,-36.92934
1385926250.0,-36.93897
1385926406.25,-36.92511
1385926562.5,-36.93737
1385926718.75,-36.93544
1385926875.0,-36.93622
1385927031.25,-36.92644
1385927187.5,-36.93428
1385927343.75,-36.93017
1385927500.0,-36.92438
1385927656.25,-36.94116
1385927812.5,-36.93571
1385927968.75,-36.92168
1385928125.0,-36.91537
1385928281.25,-36.92352
1385928437.5,-36.92834
1385928593.75,-36.92668
1385928750.0,-36.93502
1385928906.25,-36.92782
1385929062.5,-36.92041
1385929218.75,-36.92361
1385929375.0,-36.92151
1385929531.25,-36.93617
1385929687.5,-36.90846
1385929843.75,-36.92017
1385930000.0,-36.91249
1385930156.25,-36.91161
1385930312.5,-36.91048
1385930468.75,-36.92608
1385930625.0,-36.9154
1385930781.25,-36.91859
1385930937.5,-36.91612
1385931093.75,-36.91571
1385931250.0,-36.91133
1385931406.25,-36.91692
1385931562.5,-36.91611
1385931718.75,-36.91735
1385931875.0,-36.91415
1385932031.25,-36.92587
1385932187.5,-36.9083
1385932343.75,-36.91029
1385932500.0,-36.90689
1385932656.25,-36.91294
1385932812.5,-36.91367
1385932968.75,-36.89962
1385933125.0,-36.91909
1385933281.25,-36.91172
1385933437.5,-36.90418
1385933593.75,-36.91511
1385933750.0,-36.90631
1385933906.25,-36.90345
1385934062.5,-36.91152
1385934218.75,-36.90221
1385934375.0,-36.90737
1385934531.25,-36.90343
1385934687.5,-36.90289
1385934843.75,-36.89454
1385935000.0,-36.90911
1385935156.25,-36.90273
1385935312.5,-36.89773
1385935468.75,-36.89862
1385935625.0,-36.90812
1385935781.25,-36.8909
1385935937.5,-36.90762
1385936093.75,-36.90297
1385936250.0,-36.90001
1385936406.25,-36.90731
1385936562.5,-36.89647
1385936718.75,-36.89649
1385936875.0,-36.90734
1385937031.25,-36.89981
1385937187.5,-36.89702
1385937343.75,-36.90482
1385937500.0,-36.8963
1385937656.25,-36.88117
1385937812.5,-36.90024
1385937968.75,-36.88577
1385938125.0,-36.89774
1385938281.25,-36.88277
1385938437.5,-36.886
1385938593.75,-36.8891
1385938750.0,-36.87947
1385938906.25,-36.88183
1385939062.5,-36.89179
1385939218.75,-36.87421
1385939375.0,-36.88117
1385939531.25,-36.88479
1385939687.5,-36.89672
1385939843.75,-36.9005
1385940000.0,-36.87933
1385940156.25,-36.88067
1385940312.5,-36.87657
1385940468.75,-36.87984
1385940625.0,-36.87245
1385940781.25,-36.8914
1385940937.5,-36.86895
1385941093.75,-36.8708
1385941250.0,-36.87256
1385941406.25,-36.87777
1385941562.5,-36.8697
1385941718.75,-36.87261
1385941875.0,-36.87671
1385942031.25,-36.87359
1385942187.5,-36.86417
1385942343.75,-36.87109
1385942500.0,-36.86224
1385942656.25,-36.87104
1385942812.5,-36.87389
1385942968.75,-36.87274
1385943125.0,-36.86574
1385943281.25,-36.86579
1385943437.5,-36.87778
1385943593.75,-36.87592
1385943750.0,-36.86282
1385943906.25,-36.87709
1385944062.5,-36.87038
1385944218.75,-36.86487
1385944375.0,-36.86752
1385944531.25,-36.86443
1385944687.5,-36.87016
1385944843.75,-36.87736
1385945000.0,-36.86623
1385945156.25,-36.86452
1385945312.5,-36.85637
1385945468.75,-36.86169
1385945625.0,-36.86471
1385945781.25,-36.86317
1385945937.5,-36.84917
1385946093.75,-36.86344
1385946250.0,-36.85428
1385946406.25,-36.8594
1385946562.5,-36.84946
1385946718.75,-36.84658
1385946875.0,-36.86685
1385947031.25,-36.84705
1385947187.5,-36.8476
1385947343.75,-36.86106
1385947500.0,-36.86597
1385947656.25,-36.86217
1385947812.5,-36.8508
1385947968.75,-36.84793
1385948125.0,-36.84276
1385948281.25,-36.8511
1385948437.5,-36.84862
1385948593.75,-36.85313
1385948750.0,-36.8491
1385948906.25,-36.85317
1385949062.5,-36.83906
1385949218.75,-36.83968
1385949375.0,-36.84798
1385949531.25,-36.8447
1385949687.5,-36.84442
1385949843.75,-36.83965
1385950000.0,-36.84898
1385950156.25,-36.84158
1385950312.5,-36.84735
1385950468.75,-36.84068
1385950625.0,-36.84876
1385950781.25,-36.83738
1385950937.5,-36.84188
1385951093.75,-36.83198
1385951250.0,-36.8346
1385951406.25,-36.84081
1385951562.5,-36.8344
1385951718.75,-36.84225
1385951875.0,-36.83939
1385952031.25,-36.83451
1385952187.5,-36.8349
1385952343.75,-36.84432
1385952500.0,-36.82669
1385952656.25,-36.83728
1385952812.5,-36.83471
1385952968.75,-36.83212
1385953125.0,-36.84122
1385953281.25,-36.83141
1385953437.5,-36.82467
1385953593.75,-36.83126
1385953750.0,-36.83019
1385953906.25,-36.84092
1385954062.5,-36.82954
1385954218.75,-36.82544
1385954375.0,-36.83104
1385954531.25,-36.82997
1385954687.5,-36.81604
1385954843.75,-36.82718
1385955000.0,-36.82519
1385955156.25,-36.82482
1385955312.5,-36.82967
1385955468.75,-36.81018
1385955625.0,-36.81461
1385955781.25,-36.82473
1385955937.5,-36.82138
1385956093.75,-36.83024
1385956250.0,-36.82402
1385956406.25,-36.81411
1385956562.5,-36.81158
1385956718.75,-36.81878
1385956875.0,-36.82724
1385957031.25,-36.81486
1385957187.5,-36.82241
1385957343.75,-36.81343
1385957500.0,-36.81334
1385957656.25,-36.8231
1385957812.5,-36.81338
1385957968.75,-36.81196
1385958125.0,-36.79922
1385958281.25,-36.80561
1385958437.5,-36.80833
1385958593.75,-36.81647
1385958750.0,-36.81317
1385958906.25,-36.8025
1385959062.5,-36.80989
1385959218.75,-36.80703
1385959375.0,-36.80316
1385959531.25,-36.80682
1385959687.5,-36.80706
1385959843.75,-36.80054
1385960000.0,-36.80976
1385960156.25,-36.80751
1385960312.5,-36.79757
1385960468.75,-36.80259
1385960625.0,-36.8046
1385960781.25,-36.79982
1385960937.5,-36.80368
1385961093.75,-36.81204
1385961250.0,-36.81031
1385961406.25,-36.77999
1385961562.5,-36.79606
1385961718.75,-36.80548
1385961875.0,-36.80589
1385962031.25,-36.79087
1385962187.5,-36.80577
1385962343.75,-36.78986
1385962500.0,-36.8034
1385962656.25,-36.79689
1385962812.5,-36.79795
1385962968.75,-36.80783
1385963125.0,-36.78477
1385963281.25,-36.79628
1385963437.5,-36.78828
1385963593.75,-36.80458
1385963750.0,-36.79541
1385963906.25,-36.79109
1385964062.5,-36.78207
1385964218.75,-36.78311
1385964375.0,-36.7953
1385964531.25,-36.79084
1385964687.5,-36.77821
1385964843.75,-36.79036
1385965000.0,-36.7945
1385965156.25,-36.78247
1385965312.5,-36.78749
1385965468.75,-36.78407
1385965625.0,-36.79019
1385965781.25,-36.77961
1385965937.5,-36.78888
1385966093.75,-36.78059
1385966250.0,-36.78574
1385966406.25,-36.79249
1385966562.5,-36.78041
1385966718.75,-36.77094
1385966875.0,-36.7806
1385967031.25,-36.77824
1385967187.5,-36.78851
1385967343.75,-36.78114
1385967500.0,-36.77551
1385967656.25,-36.7813
1385967812.5,-36.77212
1385967968.75,-36.78507
1385968125.0,-36.77728
1385968281.25,-36.76459
1385968437.5,-36.76713
1385968593.75,-36.7766
1385968750.0,-36.76773
1385968906.25,-36.77258
1385969062.5,-36.76929
1385969218.75,-36.77277
1385969375.0,-36.77238
1385969531.25,-36.76103
1385969687.5,-36.76932
1385969843.75,-36.7566
1385970000.0,-36.76995
1385970156.25,-36.77219
1385970312.5,-36.77196
1385970468.75,-36.76433
1385970625.0,-36.77342
1385970781.25,-36.76394
1385970937.5,-36.76423
1385971093.75,-36.76918
1385971250.0,-36.75877
1385971406.25,-36.76011
1385971562.5,-36.76282
1385971718.75,-36.76032
1385971875.0,-36.76654
1385972031.25,-36.76426
1385972187.5,-36.76756
1385972343.75,-36.75916
1385972500.0,-36.76387
1385972656.25,-36.75876
1385972812.5,-36.74864
1385972968.75,-36.7573
1385973125.0,-36.75986
1385973281.25,-36.76713
1385973437.5,-36.75093
1385973593.75,-36.75644
1385973750.0,-36.76295
1385973906.25,-36.7515
1385974062.5,-36.75948
1385974218.75,-36.75294
1385974375.0,-36.74654
1385974531.25,-36.75609
1385974687.5,-36.74796
1385974843.75,-36.74754
1385975000.0,-36.75175
1385975156.25,-36.74476
1385975312.5,-36.75056
1385975468.75,-36.73335
1385975625.0,-36.75125
1385975781.25,-36.74461
1385975937.5,-36.74175
1385976093.75,-36.73583
1385976250.0,-36.74054
1385976406.25,-36.74836
1385976562.5,-36.74203
1385976718.75,-36.73187
1385976875.0,-36.73866
1385977031.25,-36.73899
1385977187.5,-36.73041
1385977343.75,-36.75036
1385977500.0,-36.73533
1385977656.25,-36.73671
1385977812.5,-36.73965
1385977968.75,-36.72633
1385978125.0,-36.73244
1385978281.25,-36.72834
1385978437.5,-36.72991
1385978593.75,-36.73107
1385978750.0,-36.7356
1385978906.25,-36.72753
1385979062.5,-36.72491
1385979218.75,-36.73645
1385979375.0,-36.7365
1385979531.25,-36.72477
1385979687.5,-36.73322
1385979843.75,-36.72964
1385980000.0,-36.72213
1385980156.25,-36.73235
1385980312.5,-36.73075
1385980468.75,-36.71687
1385980625.0,-36.7241
1385980781.25,-36.72463
1385980937.5,-36.72583
1385981093.75,-36.72153
1385981250.0,-36.72993
1385981406.25,-36.72797
1385981562.5,-36.72437
1385981718.75,-36.73063
1385981875.0,-36.72181
1385982031.25,-36.72456
1385982187.5,-36.72047
1385982343.75,-36.71558
1385982500.0,-36.72262
1385982656.25,-36.72108
1385982812.5,-36.7292
1385982968.75,-36.71136
1385983125.0,-36.72764
1385983281.25,-36.72419
1385983437.5,-36.72745
1385983593.75,-36.71909
1385983750.0,-36.7047
1385983906.25,-36.70911
1385984062.5,-36.70728
1385984218.75,-36.71909
1385984375.0,-36.71878
1385984531.25,-36.71249
1385984687.5,-36.7043
1385984843.75,-36.70908
1385985000.0,-36.71502
1385985156.25,-36.70907
1385985312.5,-36.70827
1385985468.75,-36.70718
1385985625.0,-36.7068
1385985781.25,-36.70875
1385985937.5,-36.69613
1385986093.75,-36.7088
1385986250.0,-36.70387
1385986406.25,-36.70589
1385986562.5,-36.7064
1385986718.75,-36.70892
1385986875.0,-36.70007
1385987031.25,-36.70038
1385987187.5,-36.70283
1385987343.75,-36.70363
1385987500.0,-36.68663
1385987656.25,-36.69218
1385987812.5,-36.69405
1385987968.75,-36.69641
1385988125.0,-36.69901
1385988281.25,-36.69516
1385988437.5,-36.70141
1385988593.75,-36.69645
1385988750.0,-36.69819
1385988906.25,-36.69059
1385989062.5,-36.69523
1385989218.75,-36.7004
1385989375.0,-36.69865
1385989531.25,-36.68397
1385989687.5,-36.6926
1385989843.75,-36.70052
1385990000.0,-36.69493
1385990156.25,-36.69213
1385990312.5,-36.69542
1385990468.75,-36.68892
1385990625.0,-36.68804
1385990781.25,-36.68372
1385990937.5,-36.68619
1385991093.75,-36.68165
1385991250.0,-36.68611
1385991406.25,-36.68488
1385991562.5,-36.69265
1385991718.75,-36.67305
1385991875.0,-36.67747
1385992031.25,-36.68464
1385992187.5,-36.68707
1385992343.75,-36.68906
1385992500.0,-36.67633
1385992656.25,-36.68653
1385992812.5,-36.67646
1385992968.75,-36.68384
1385993125.0,-36.6747
1385993281.25,-36.67253
1385993437.5,-36.67059
1385993593.75,-36.68447
1385993750.0,-36.67316
1385993906.25,-36.67822
1385994062.5,-36.67344
1385994218.75,-36.66765
1385994375.0,-36.67244
1385994531.25,-36.67362
1385994687.5,-36.67413
1385994843.75,-36.67502
1385995000.0,-36.68423
1385995156.25,-36.67363
1385995312.5,-36.67296
1385995468.75,-36.67397
1385995625.0,-36.67079
1385995781.25,-36.67711
1385995937.5,-36.67813
1385996093.75,-36.67068
1385996250.0,-36.66516
1385996406.25,-36.66249
1385996562.5,-36.66809
1385996718.75,-36.67258
1385996875.0,-36.67065
1385997031.25,-36.6561
1385997187.5,-36.66859
1385997343.75,-36.66222
1385997500.0,-36.65522
1385997656.25,-36.66307
1385997812.5,-36.66817
1385997968.75,-36.65657
1385998125.0,-36.66051
1385998281.25,-36.65277
1385998437.5,-36.65043
1385998593.75,-36.64635
1385998750.0,-36.6639
1385998906.25,-36.65637
1385999062.5,-36.65406
1385999218.75,-36.65293
1385999375.0,-36.65971
1385999531.25,-36.656
1385999687.5,-36.64682
1385999843.75,-36.64612
1386000000.0,-36.65622
1386000156.25,-36.64436
1386000312.5,-36.65042
1386000468.75,-36.65164
1386000625.0,-36.63294
1386000781.25,-36.65011
1386000937.5,-36.64047
1386001093.75,-36.64531
1386001250.0,-36.65337
1386001406.25,-36.6434
1386001562.5,-36.63467
1386001718.75,-36.63764
1386001875.0,-36.66022
1386002031.25,-36.64263
1386002187.5,-36.64389
1386002343.75,-36.64482
1386002500.0,-36.6427
1386002656.25,-36.64399
1386002812.5,-36.63604
1386002968.75,-36.63757
1386003125.0,-36.63912
1386003281.25,-36.63826
1386003437.5,-36.63298
1386003593.75,-36.63562
1386003750.0,-36.62852
1386003906.25,-36.64038
1386004062.5,-36.64134
1386004218.75,-36.63163
1386004375.0,-36.62671
1386004531.25,-36.64286
1386004687.5,-36.64117
1386004843.75,-36.62967
1386005000.0,-36.63752
1386005156.25,-36.63034
1386005312.5,-36.63869
1386005468.75,-36.62671
1386005625.0,-36.63748
1386005781.25,-36.63112
1386005937.5,-36.63597
1386006093.75,-36.6191
1386006250.0,-36.63155
1386006406.25,-36.6336
1386006562.5,-36.61586
1386006718.75,-36.61922
1386006875.0,-36.62206
1386007031.25,-36.61345
1386007187.5,-36.61909
1386007343.75,-36.60463
1386007500.0,-36.62357
1386007656.25,-36.63244
1386007812.5,-36.61964
1386007968.75,-36.61522
1386008125.0,-36.6176
1386008281.25,-36.6164
1386008437.5,-36.61591
1386008593.75,-36.62033
1386008750.0,-36.62622
1386008906.25,-36.62433
1386009062.5,-36.61596
1386009218.75,-36.60793
1386009375.0,-36.615
1386009531.25,-36.61439
1386009687.5,-36.61546
1386009843.75,-36.60528
1386010000.0,-36.61272
1386010156.25,-36.61065
1386010312.5,-36.60564
1386010468.75,-36.61942
1386010625.0,-36.6202
1386010781.25,-36.60069
1386010937.5,-36.5999
1386011093.75,-36.60201
1386011250.0,-36.6128
1386011406.25,-36.60583
1386011562.5,-36.59384
1386011718.75,-36.61129
1386011875.0,-36.61136
1386012031.25,-36.60227
1386012187.5,-36.60091
1386012343.75,-36.59991
1386012500.0,-36.59881
1386012656.25,-36.61082
1386012812.5,-36.61589
1386012968.75,-36.60394
1386013125.0,-36.60312
1386013281.25,-36.59447
1386013437.5,-36.60989
1386013593.75,-36.60024
1386013750.0,-36.6027
1386013906.25,-36.60668
1386014062.5,-36.58599
1386014218.75,-36.60123
1386014375.0,-36.59279
1386014531.25,-36.58811
1386014687.5,-36.59349
1386014843.75,-36.59624
1386015000.0,-36.60184
1386015156.25,-36.59444
1386015312.5,-36.58921
1386015468.75,-36.58795
1386015625.0,-36.59423
1386015781.25,-36.59504
1386015937.5,-36.59295
1386016093.75,-36.5862
1386016250.0,-36.59296
1386016406.25,-36.59428
1386016562.5,-36.58018
1386016718.75,-36.58046
1386016875.0,-36.58106
1386017031.25,-36.57699
1386017187.5,-36.58051
1386017343.75,-36.5786
1386017500.0,-36.5964
1386017656.25,-36.58514
1386017812.5,-36.58038
1386017968.75,-36.57251
1386018125.0,-36.57688
1386018281.25,-36.58683
1386018437.5,-36.58292
1386018593.75,-36.5729
1386018750.0,-36.5783
1386018906.25,-36.57357
1386019062.5,-36.5828
1386019218.75,-36.57099
1386019375.0,-36.57862
1386019531.25,-36.58925
1386019687.5,-36.57811
1386019843.75,-36.57146
1386020000.0,-36.57219
1386020156.25,-36.57945
1386020312.5,-36.57775
1386020468.75,-36.56112
1386020625.0,-36.56705
1386020781.25,-36.5651
1386020937.5,-36.56939
1386021093.75,-36.55787
1386021250.0,-36.58572
1386021406.25,-36.57889
1386021562.5,-36.55743
1386021718.75,-36.56472
1386021875.0,-36.56772
1386022031.25,-36.56041
1386022187.5,-36.5616
1386022343.75,-36.56093
1386022500.0,-36.56071
1386022656.25,-36.56199
1386022812.5,-36.56682
1386022968.75,-36.5539
1386023125.0,-36.56302
1386023281.25,-36.56025
1386023437.5,-36.55997
1386023593.75,-36.55067
1386023750.0,-36.56064
1386023906.25,-36.55586
1386024062.5,-36.55949
1386024218.75,-36.56425
1386024375.0,-36.5619
1386024531.25,-36.5462
1386024687.5,-36.55368
1386024843.75,-36.56435
1386025000.0,-36.55391
1386025156.25,-36.54898
1386025312.5,-36.55265
1386025468.75,-36.54495
1386025625.0,-36.53874
1386025781.25,-36.54876
1386025937.5,-36.54334
1386026093.75,-36.55181
1386026250.0,-36.55021
1386026406.25,-36.54573
1386026562.5,-36.55524
1386026718.75,-36.53401
1386026875.0,-36.54464
1386027031.25,-36.55228
1386027187.5,-36.53479
1386027343.75,-36.54418
1386027500.0,-36.54571
1386027656.25,-36.54762
1386027812.5,-36.5399
1386027968.75,-36.53334
1386028125.0,-36.53336
1386028281.25,-36.54028
1386028437.5,-36.53493
1386028593.75,-36.54256
1386028750.0,-36.53606
1386028906.25,-36.52964
1386029062.5,-36.53073
1386029218.75,-36.53483
1386029375.0,-36.55417
1386029531.25,-36.53288
1386029687.5,-36.52184
1386029843.75,-36.52867
1386030000.0,-36.54156
1386030156.25,-36.53249
1386030312.5,-36.52732
1386030468.75,-36.53539
1386030625.0,-36.53724
1386030781.25,-36.53977
1386030937.5,-36.53066
1386031093.75,-36.52576
1386031250.0,-36.5257
1386031406.25,-36.53386
1386031562.5,-36.52057
1386031718.75,-36.52392
1386031875.0,-36.53095
1386032031.25,-36.52842
1386032187.5,-36.52747
1386032343.75,-36.52339
1386032500.0,-36.52621
1386032656.25,-36.52029
1386032812.5,-36.51639
1386032968.75,-36.52417
1386033125.0,-36.5187
1386033281.25,-36.52002
1386033437.5,-36.52216
1386033593.75,-36.51801
1386033750.0,-36.51812
1386033906.25,-36.52502
1386034062.5,-36.50699
1386034218.75,-36.51767
1386034375.0,-36.51588
1386034531.25,-36.50805
1386034687.5,-36.51242
1386034843.75,-36.51233
1386035000.0,-36.50531
1386035156.25,-36.50982
1386035312.5,-36.51325
1386035468.75,-36.50855
1386035625.0,-36.51872
1386035781.25,-36.51894
1386035937.5,-36.512
1386036093.75,-36.5114
1386036250.0,-36.51412
1386036406.25,-36.5217
1386036562.5,-36.50054
1386036718.75,-36.51163
1386036875.0,-36.50612
1386037031.25,-36.50039
1386037187.5,-36.49944
1386037343.75,-36.50811
1386037500.0,-36.5069
1386037656.25,-36.50481
1386037812.5,-36.49917
1386037968.75,-36.50386
1386038125.0,-36.50585
1386038281.25,-36.50385
1386038437.5,-36.49701
1386038593.75,-36.49203
1386038750.0,-36.50878
1386038906.25,-36.50026
1386039062.5,-36.49209
1386039218.75,-36.50311
1386039375.0,-36.50369
1386039531.25,-36.50438
1386039687.5,-36.49804
1386039843.75,-36.48753
1386040000.0,-36.48829
1386040156.25,-36.49327
1386040312.5,-36.49257
1386040468.75,-36.48123
1386040625.0,-36.4952
1386040781.25,-36.49519
1386040937.5,-36.49231
1386041093.75,-36.49924
1386041250.0,-36.49619
1386041406.25,-36.48737
1386041562.5,-36.493
1386041718.75,-36.48936
1386041875.0,-36.49036
1386042031.25,-36.48276
1386042187.5,-36.48687
1386042343.75,-36.47673
1386042500.0,-36.48496
1386042656.25,-36.47607
1386042812.5,-36.4881
1386042968.75,-36.47541
1386043125.0,-36.47755
1386043281.25,-36.47706
1386043437.5,-36.48604
1386043593.75,-36.46994
1386043750.0,-36.47403
1386043906.25,-36.4826
1386044062.5,-36.47332
1386044218.75,-36.47224
1386044375.0,-36.46547
1386044531.25,-36.47698
1386044687.5,-36.47688
1386044843.75,-36.4667
1386045000.0,-36.4726
1386045156.25,-36.47165
1386045312.5,-36.47492
1386045468.75,-36.45605
1386045625.0,-36.47314
1386045781.25,-36.47248
1386045937.5,-36.46333
1386046093.75,-36.47196
1386046250.0,-36.46597
1386046406.25,-36.45609
1386046562.5,-36.46154
1386046718.75,-36.45911
1386046875.0,-36.47443
1386047031.25,-36.47215
1386047187.5,-36.45835
1386047343.75,-36.46096
1386047500.0,-36.45966
1386047656.25,-36.45993
1386047812.5,-36.46872
1386047968.75,-36.46737
1386048125.0,-36.46711
1386048281.25,-36.46909
1386048437.5,-36.455
1386048593.75,-36.45161
1386048750.0,-36.46055
1386048906.25,-36.45295
1386049062.5,-36.46337
1386049218.75,-36.45467
1386049375.0,-36.45317
1386049531.25,-36.47021
1386049687.5,-36.45236
1386049843.75,-36.45728
1386050000.0,-36.45532
1386050156.25,-36.45454
1386050312.5,-36.45387
1386050468.75,-36.46217
1386050625.0,-36.44455
1386050781.25,-36.45024
1386050937.5,-36.44561
1386051093.75,-36.4533
1386051250.0,-36.45765
1386051406.25,-36.45384
1386051562.5,-36.45584
1386051718.75,-36.44291
1386051875.0,-36.44196
1386052031.25,-36.45039
1386052187.5,-36.44542
1386052343.75,-36.44987
1386052500.0,-36.44081
1386052656.25,-36.44554
1386052812.5,-36.45398
1386052968.75,-36.44832
1386053125.0,-36.4503
1386053281.25,-36.44109
1386053437.5,-36.44781
1386053593.75,-36.44208
1386053750.0,-36.43557
1386053906.25,-36.43139
1386054062.5,-36.438
1386054218.75,-36.439
1386054375.0,-36.43434
1386054531.25,-36.43287
1386054687.5,-36.43954
1386054843.75,-36.43963
1386055000.0,-36.43465
1386055156.25,-36.43918
1386055312.5,-36.42881
1386055468.75,-36.42923
1386055625.0,-36.43679
1386055781.25,-36.42514
1386055937.5,-36.42884
1386056093.75,-36.42613
1386056250.0,-36.43673
1386056406.25,-36.42894
1386056562.5,-36.43166
1386056718.75,-36.43234
1386056875.0,-36.42777
1386057031.25,-36.42697
1386057187.5,-36.4352
1386057343.75,-36.42402
1386057500.0,-36.42165
1386057656.25,-36.42797
1386057812.5,-36.40992
1386057968.75,-36.42673
1386058125.0,-36.42018
1386058281.25,-36.41248
1386058437.5,-36.4256
1386058593.75,-36.41714
1386058750.0,-36.41299
1386058906.25,-36.42004
1386059062.5,-36.41307
1386059218.75,-36.41414
1386059375.0,-36.41755
1386059531.25,-36.41229
1386059687.5,-36.41
1386059843.75,-36.40737
1386060000.0,-36.41203
1386060156.25,-36.41628
1386060312.5,-36.39986
1386060468.75,-36.40534
1386060625.0,-36.403
1386060781.25,-36.40771
1386060937.5,-36.40857
1386061093.75,-36.41184
1386061250.0,-36.40595
1386061406.25,-36.40659
1386061562.5,-36.40604
1386061718.75,-36.41041
1386061875.0,-36.40065
1386062031.25,-36.40289
1386062187.5,-36.41187
1386062343.75,-36.40291
1386062500.0,-36.41659
1386062656.25,-36.40372
1386062812.5,-36.40708
1386062968.75,-36.39452
1386063125.0,-36.40497
1386063281.25,-36.39408
1386063437.5,-36.39697
1386063593.75,-36.3962
1386063750.0,-36.40565
1386063906.25,-36.40134
1386064062.5,-36.40476
1386064218.75,-36.39006
1386064375.0,-36.3861
1386064531.25,-36.40184
1386064687.5,-36.387
1386064843.75,-36.3966
1386065000.0,-36.40206
1386065156.25,-36.39877
1386065312.5,-36.38882
1386065468.75,-36.3847
1386065625.0,-36.38876
1386065781.25,-36.39711
1386065937.5,-36.38279
1386066093.75,-36.38016
1386066250.0,-36.38198
1386066406.25,-36.38793
1386066562.5,-36.38274
1386066718.75,-36.39043
1386066875.0,-36.39542
1386067031.25,-36.38345
1386067187.5,-36.38679
1386067343.75,-36.38493
1386067500.0,-36.38169
1386067656.25,-36.38872
1386067812.5,-36.37752
1386067968.75,-36.3784
1386068125.0,-36.38347
1386068281.25,-36.37966
1386068437.5,-36.38567
1386068593.75,-36.38239
1386068750.0,-36.38499
1386068906.25,-36.37618
1386069062.5,-36.38023
1386069218.75,-36.37571
1386069375.0,-36.38301
1386069531.25,-36.36988
1386069687.5,-36.37922
1386069843.75,-36.38254
1386070000.0,-36.37287
1386070156.25,-36.37614
1386070312.5,-36.36559
1386070468.75,-36.3736
1386070625.0,-36.37252
1386070781.25,-36.35892
1386070937.5,-36.36492
1386071093.75,-36.36245
1386071250.0,-36.37416
1386071406.25,-36.36749
1386071562.5,-36.37356
1386071718.75,-36.36475
1386071875.0,-36.37448
1386072031.25,-36.35807
1386072187.5,-36.35701
1386072343.75,-36.3578
1386072500.0,-36.35453
1386072656.25,-36.37004
1386072812.5,-36.36264
1386072968.75,-36.36189
1386073125.0,-36.36561
1386073281.25,-36.35323
1386073437.5,-36.3488
1386073593.75,-36.35972
1386073750.0,-36.35813
1386073906.25,-36.3641
1386074062.5,-36.36292
1386074218.75,-36.36637
1386074375.0,-36.34674
1386074531.25,-36.35475
1386074687.5,-36.35418
1386074843.75,-36.35904
1386075000.0,-36.35949
1386075156.25,-36.34494
1386075312.5,-36.34818
1386075468.75,-36.34426
1386075625.0,-36.35082
1386075781.25,-36.34811
1386075937.5,-36.34292
1386076093.75,-36.35525
1386076250.0,-36.34681
1386076406.25,-36.3405
1386076562.5,-36.34404
1386076718.75,-36.3516
1386076875.0,-36.35173
1386077031.25,-36.35075
1386077187.5,-36.35143
1386077343.75,-36.34469
1386077500.0,-36.34618
1386077656.25,-36.34043
1386077812.5,-36.34149
1386077968.75,-36.34388
1386078125.0,-36.34465
1386078281.25,-36.34217
1386078437.5,-36.33781
1386078593.75,-36.33583
1386078750.0,-36.33771
1386078906.25,-36.33367
1386079062.5,-36.33691
1386079218.75,-36.33326
1386079375.0,-36.34363
1386079531.25,-36.33849
1386079687.5,-36.33715
1386079843.75,-36.33622
1386080000.0,-36.32321
1386080156.25,-36.32467
1386080312.5,-36.33573
1386080468.75,-36.33222
1386080625.0,-36.3361
1386080781.25,-36.33111
1386080937.5,-36.31456
1386081093.75,-36.33588
1386081250.0,-36.33268
1386081406.25,-36.3193
1386081562.5,-36.32327
1386081718.75,-36.32598
1386081875.0,-36.32664
1386082031.25,-36.33472
1386082187.5,-36.32975
1386082343.75,-36.332
1386082500.0,-36.31741
1386082656.25,-36.33284
1386082812.5,-36.32031
1386082968.75,-36.32849
1386083125.0,-36.33225
1386083281.25,-36.32038
1386083437.5,-36.31627
1386083593.75,-36.3194
1386083750.0,-36.31981
1386083906.25,-36.32182
1386084062.5,-36.32258
1386084218.75,-36.32017
1386084375.0,-36.32077
1386084531.25,-36.31481
1386084687.5,-36.31304
1386084843.75,-36.3126
1386085000.0,-36.3023
1386085156.25,-36.30215
1386085312.5,-36.30895
1386085468.75,-36.31655
1386085625.0,-36.31934
1386085781.25,-36.3175
1386085937.5,-36.31483
1386086093.75,-36.30411
1386086250.0,-36.3083
1386086406.25,-36.30547
1386086562.5,-36.30721
1386086718.75,-36.30263
1386086875.0,-36.3057
1386087031.25,-36.30859
1386087187.5,-36.30708
1386087343.75,-36.31123
1386087500.0,-36.29499
1386087656.25,-36.29589
1386087812.5,-36.30243
1386087968.75,-36.29438
1386088125.0,-36.31322
1386088281.25,-36.29416
1386088437.5,-36.30325
1386088593.75,-36.30186
1386088750.0,-36.3044
1386088906.25,-36.29549
1386089062.5,-36.29314
1386089218.75,-36.2993
1386089375.0,-36.30439
1386089531.25,-36.29125
1386089687.5,-36.29617
1386089843.75,-36.29586
1386090000.0,-36.30587
1386090156.25,-36.28871
1386090312.5,-36.28548
1386090468.75,-36.29235
1386090625.0,-36.28791
1386090781.25,-36.29911
1386090937.5,-36.28921
1386091093.75,-36.29497
1386091250.0,-36.28792
1386091406.25,-36.29116
1386091562.5,-36.28363
1386091718.75,-36.28779
1386091875.0,-36.27729
1386092031.25,-36.27537
1386092187.5,-36.28193
1386092343.75,-36.29223
1386092500.0,-36.28882
1386092656.25,-36.28048
1386092812.5,-36.2751
1386092968.75,-36.28211
1386093125.0,-36.2757
1386093281.25,-36.27232
1386093437.5,-36.28476
1386093593.75,-36.28005
1386093750.0,-36.27203
1386093906.25,-36.28088
1386094062.5,-36.27399
1386094218.75,-36.27934
1386094375.0,-36.26766
1386094531.25,-36.28238
1386094687.5,-36.27449
1386094843.75,-36.27473
1386095000.0,-36.2815
1386095156.25,-36.26
1386095312.5,-36.27217
1386095468.75,-36.26912
1386095625.0,-36.27082
1386095781.25,-36.26905
1386095937.5,-36.27784
1386096093.75,-36.26879
1386096250.0,-36.27345
1386096406.25,-36.26068
1386096562.5,-36.26868
1386096718.75,-36.27387
1386096875.0,-36.27034
1386097031.25,-36.27029
1386097187.5,-36.27178
1386097343.75,-36.26752
1386097500.0,-36.25444
1386097656.25,-36.26786
1386097812.5,-36.26579
1386097968.75,-36.26219
1386098125.0,-36.25157
1386098281.25,-36.26056
1386098437.5,-36.26109
1386098593.75,-36.26689
1386098750.0,-36.25538
1386098906.25,-36.25965
1386099062.5,-36.25035
1386099218.75,-36.25343
1386099375.0,-36.26823
1386099531.25,-36.24669
1386099687.5,-36.26071
1386099843.75,-36.25019
1386100000.0,-36.24355
1386100156.25,-36.25319
1386100312.5,-36.2528
1386100468.75,-36.24924
1386100625.0,-36.24276
1386100781.25,-36.24592
1386100937.5,-36.25328
1386101093.75,-36.25423
1386101250.0,-36.24727
1386101406.25,-36.24889
1386101562.5,-36.25422
1386101718.75,-36.24475
1386101875.0,-36.25252
1386102031.25,-36.24024
1386102187.5,-36.2472
1386102343.75,-36.24813
1386102500.0,-36.23895
1386102656.25,-36.23936
1386102812.5,-36.22808
1386102968.75,-36.23177
1386103125.0,-36.24025
1386103281.25,-36.24078
1386103437.5,-36.24274
1386103593.75,-36.23934
1386103750.0,-36.22525
1386103906.25,-36.23262
1386104062.5,-36.23709
1386104218.75,-36.23495
1386104375.0,-36.23517
1386104531.25,-36.23293
1386104687.5,-36.23209
1386104843.75,-36.23066
1386105000.0,-36.22202
1386105156.25,-36.22827
1386105312.5,-36.22872
1386105468.75,-36.23006
1386105625.0,-36.23484
1386105781.25,-36.23217
1386105937.5,-36.2237
1386106093.75,-36.22385
1386106250.0,-36.22665
1386106406.25,-36.2336
1386106562.5,-36.21813
1386106718.75,-36.21955
1386106875.0,-36.2281
1386107031.25,-36.23946
1386107187.5,-36.22942
1386107343.75,-36.22448
1386107500.0,-36.22244
1386107656.25,-36.21791
1386107812.5,-36.21035
1386107968.75,-36.22417
1386108125.0,-36.22007
1386108281.25,-36.22458
1386108437.5,-36.21494
1386108593.75,-36.22326
1386108750.0,-36.21943
1386108906.25,-36.22124
1386109062.5,-36.21402
1386109218.75,-36.20727
1386109375.0,-36.21941
1386109531.25,-36.21313
1386109687.5,-36.21831
1386109843.75,-36.22458
1386110000.0,-36.21013
1386110156.25,-36.20844
1386110312.5,-36.2021
1386110468.75,-36.21558
1386110625.0,-36.20577
1386110781.25,-36.21682
1386110937.5,-36.2015
1386111093.75,-36.19832
1386111250.0,-36.21076
1386111406.25,-36.21146
1386111562.5,-36.20969
1386111718.75,-36.21058
1386111875.0,-36.20372
1386112031.25,-36.21238
1386112187.5,-36.20321
1386112343.75,-36.20842
1386112500.0,-36.20895
1386112656.25,-36.19183
1386112812.5,-36.20349
1386112968.75,-36.19343
1386113125.0,-36.20412
1386113281.25,-36.1986
1386113437.5,-36.19546
1386113593.75,-36.20583
1386113750.0,-36.18778
1386113906.25,-36.19075
1386114062.5,-36.19424
1386114218.75,-36.19769
1386114375.0,-36.19695
1386114531.25,-36.19876
1386114687.5,-36.18282
1386114843.75,-36.19164
1386115000.0,-36.18132
1386115156.25,-36.19146
1386115312.5,-36.20841
1386115468.75,-36.18649
1386115625.0,-36.1832
1386115781.25,-36.19178
1386115937.5,-36.17776
1386116093.75,-36.18985
1386116250.0,-36.19231
1386116406.25,-36.18329
1386116562.5,-36.1836
1386116718.75,-36.19112
1386116875.0,-36.18533
1386117031.25,-36.17723
1386117187.5,-36.17304
1386117343.75,-36.17578
1386117500.0,-36.1749
1386117656.25,-36.17596
1386117812.5,-36.17926
1386117968.75,-36.18302
1386118125.0,-36.18393
1386118281.25,-36.17131
1386118437.5,-36.17444
1386118593.75,-36.18037
1386118750.0,-36.17705
1386118906.25,-36.17488
1386119062.5,-36.17458
1386119218.75,-36.16711
1386119375.0,-36.17889
1386119531.25,-36.1792
1386119687.5,-36.17397
1386119843.75,-36.1795
1386120000.0,-36.17481
1386120156.25,-36.16621
1386120312.5,-36.17466
1386120468.75,-36.15656
1386120625.0,-36.16124
1386120781.25,-36.17578
1386120937.5,-36.16978
1386121093.75,-36.16434
1386121250.0,-36.17904
1386121406.25,-36.16715
1386121562.5,-36.16714
1386121718.75,-36.15115
1386121875.0,-36.161
1386122031.25,-36.16316
1386122187.5,-36.15479
1386122343.75,-36.1716
1386122500.0,-36.16167
1386122656.25,-36.16282
1386122812.5,-36.1568
1386122968.75,-36.17187
1386123125.0,-36.17224
1386123281.25,-36.1628
1386123437.5,-36.15868
1386123593.75,-36.16265
1386123750.0,-36.14962
1386123906.25,-36.14747
1386124062.5,-36.15462
1386124218.75,-36.15789
1386124375.0,-36.15688
1386124531.25,-36.14909
1386124687.5,-36.14565
1386124843.75,-36.16063
1386125000.0,-36.14502
1386125156.25,-36.1466
1386125312.5,-36.14307
1386125468.75,-36.15733
1386125625.0,-36.14788
1386125781.25,-36.14959
1386125937.5,-36.1491
1386126093.75,-36.13984
1386126250.0,-36.14668
1386126406.25,-36.15221
1386126562.5,-36.14761
1386126718.75,-36.13929
1386126875.0,-36.14071
1386127031.25,-36.14353
1386127187.5,-36.14909
1386127343.75,-36.13605
1386127500.0,-36.14229
1386127656.25,-36.13929
1386127812.5,-36.13689
1386127968.75,-36.13887
1386128125.0,-36.13913
1386128281.25,-36.13124
1386128437.5,-36.13443
1386128593.75,-36.14752
1386128750.0,-36.13449
1386128906.25,-36.13052
1386129062.5,-36.12623
1386129218.75,-36.13033
1386129375.0,-36.12891
1386129531.25,-36.12694
1386129687.5,-36.13435
1386129843.75,-36.12919
1386130000.0,-36.1362
1386130156.25,-36.1295
1386130312.5,-36.12972
1386130468.75,-36.12546
1386130625.0,-36.12983
1386130781.25,-36.13039
1386130937.5,-36.12164
1386131093.75,-36.13273
1386131250.0,-36.1284
1386131406.25,-36.13366
1386131562.5,-36.12116
1386131718.75,-36.13189
1386131875.0,-36.12444
1386132031.25,-36.11909
1386132187.5,-36.11609
1386132343.75,-36.11497
1386132500.0,-36.12572
1386132656.25,-36.11074
1386132812.5,-36.12494
1386132968.75,-36.11949
1386133125.0,-36.10576
1386133281.25,-36.11555
1386133437.5,-36.11362
1386133593.75,-36.10919
1386133750.0,-36.11903
1386133906.25,-36.11678
1386134062.5,-36.12404
1386134218.75,-36.11646
1386134375.0,-36.10467
1386134531.25,-36.10915
1386134687.5,-36.12042
1386134843.75,-36.11861
1386135000.0,-36.10073
1386135156.25,-36.10255
1386135312.5,-36.11139
1386135468.75,-36.11406
1386135625.0,-36.10818
1386135781.25,-36.10896
1386135937.5,-36.10706
1386136093.75,-36.09567
1386136250.0,-36.1126
1386136406.25,-36.10372
1386136562.5,-36.09204
1386136718.75,-36.09681
1386136875.0,-36.10732
1386137031.25,-36.10018
1386137187.5,-36.0873
1386137343.75,-36.10281
1386137500.0,-36.09709
1386137656.25,-36.09739
1386137812.5,-36.1034
1386137968.75,-36.10347
1386138125.0,-36.09453
1386138281.25,-36.09748
1386138437.5,-36.09026
1386138593.75,-36.09475
1386138750.0,-36.09731
1386138906.25,-36.09569
1386139062.5,-36.08484
1386139218.75,-36.08982
1386139375.0,-36.08673
1386139531.25,-36.08854
1386139687.5,-36.09265
1386139843.75,-36.09249
1386140000.0,-36.0923
1386140156.25,-36.09468
1386140312.5,-36.07491
1386140468.75,-36.08226
1386140625.0,-36.09476
1386140781.25,-36.09225
1386140937.5,-36.08493
1386141093.75,-36.0888
1386141250.0,-36.0853
1386141406.25,-36.08792
1386141562.5,-36.08289
1386141718.75,-36.06896
1386141875.0,-36.0701
1386142031.25,-36.07739
1386142187.5,-36.07247
1386142343.75,-36.0847
1386142500.0,-36.07831
1386142656.25,-36.08089
1386142812.5,-36.07794
1386142968.75,-36.08127
1386143125.0,-36.07471
1386143281.25,-36.07563
1386143437.5,-36.0732
1386143593.75,-36.0752
1386143750.0,-36.07769
1386143906.25,-36.07261
1386144062.5,-36.0737
1386144218.75,-36.09327
1386144375.0,-36.07839
1386144531.25,-36.07532
1386144687.5,-36.07288
1386144843.75,-36.06459
1386145000.0,-36.06774
1386145156.25,-36.07076
1386145312.5,-36.06905
1386145468.75,-36.05984
1386145625.0,-36.06588
1386145781.25,-36.06738
1386145937.5,-36.06424
1386146093.75,-36.0671
1386146250.0,-36.0737
1386146406.25,-36.0588
1386146562.5,-36.06728
1386146718.75,-36.06337
1386146875.0,-36.07423
1386147031.25,-36.0545
1386147187.5,-36.06394
1386147343.75,-36.05012
1386147500.0,-36.05223
1386147656.25,-36.05462
1386147812.5,-36.06116
1386147968.75,-36.05844
1386148125.0,-36.05138
1386148281.25,-36.06248
1386148437.5,-36.06035
1386148593.75,-36.04786
1386148750.0,-36.05311
1386148906.25,-36.04526
1386149062.5,-36.04368
1386149218.75,-36.05856
1386149375.0,-36.04355
1386149531.25,-36.04697
1386149687.5,-36.04716
1386149843.75,-36.05946
1386150000.0,-36.04829
1386150156.25,-36.04186
1386150312.5,-36.03209
1386150468.75,-36.04221
1386150625.0,-36.0513
1386150781.25,-36.04636
1386150937.5,-36.03305
1386151093.75,-36.03975
1386151250.0,-36.03809
1386151406.25,-36.03764
1386151562.5,-36.03875
1386151718.75,-36.0369
1386151875.0,-36.04011
1386152031.25,-36.04321
1386152187.5,-36.0437
1386152343.75,-36.04935
1386152500.0,-36.03692
1386152656.25,-36.04042
1386152812.5,-36.04241
1386152968.75,-36.02606
1386153125.0,-36.03233
1386153281.25,-36.04029
1386153437.5,-36.02806
1386153593.75,-36.03941
1386153750.0,-36.03581
1386153906.25,-36.03305
1386154062.5,-36.02596
1386154218.75,-36.03291
1386154375.0,-36.02804
1386154531.25,-36.02507
1386154687.5,-36.02868
1386154843.75,-36.0371
1386155000.0,-36.02708
1386155156.25,-36.02349
1386155312.5,-36.02214
1386155468.75,-36.02708
1386155625.0,-36.02732
1386155781.25,-36.03332
1386155937.5,-36.01827
1386156093.75,-36.02576
1386156250.0,-36.01844
1386156406.25,-36.02222
1386156562.5,-36.01662
1386156718.75,-36.03618
1386156875.0,-36.02144
1386157031.25,-36.01852
1386157187.5,-36.02013
1386157343.75,-36.02153
1386157500.0,-36.01645
1386157656.25,-36.01752
1386157812.5,-36.02097
1386157968.75,-36.01053
1386158125.0,-36.01143
1386158281.25,-36.01429
1386158437.5,-36.01338
1386158593.75,-36.00162
1386158750.0,-36.00597
1386158906.25,-36.00199
1386159062.5,-36.00829
1386159218.75,-36.00448
1386159375.0,-36.0117
1386159531.25,-35.99895
1386159687.5,-36.0064
1386159843.75,-35.99291
1386160000.0,-35.98938
1386160156.25,-36.00485
1386160312.5,-36.00189
1386160468.75,-36.01114
1386160625.0,-35.99366
1386160781.25,-35.98908
1386160937.5,-36.00448
1386161093.75,-35.99514
1386161250.0,-36.00642
1386161406.25,-36.00517
1386161562.5,-35.99566
1386161718.75,-35.99524
1386161875.0,-35.99194
1386162031.25,-35.99474
1386162187.5,-35.99585
1386162343.75,-35.98524
1386162500.0,-35.99901
1386162656.25,-35.99717
1386162812.5,-35.99095
1386162968.75,-35.98726
1386163125.0,-35.99547
1386163281.25,-36.00425
1386163437.5,-35.98072
1386163593.75,-35.99011
1386163750.0,-35.99048
1386163906.25,-35.99112
1386164062.5,-35.99208
1386164218.75,-35.98759
1386164375.0,-35.97436
1386164531.25,-35.98742
1386164687.5,-35.99445
1386164843.75,-35.98425
1386165000.0,-35.99781
1386165156.25,-35.97999
1386165312.5,-35.98158
1386165468.75,-35.98967
1386165625.0,-35.98257
1386165781.25,-35.98038
1386165937.5,-35.98937
1386166093.75,-35.98837
1386166250.0,-35.97788
1386166406.25,-35.98236
1386166562.5,-35.9831
1386166718.75,-35.97713
1386166875.0,-35.96943
1386167031.25,-35.97958
1386167187.5,-35.96296
1386167343.75,-35.97612
1386167500.0,-35.96518
1386167656.25,-35.97197
1386167812.5,-35.97192
1386167968.75,-35.97686
1386168125.0,-35.9725
1386168281.25,-35.96365
1386168437.5,-35.96853
1386168593.75,-35.96474
1386168750.0,-35.96609
1386168906.25,-35.95938
1386169062.5,-35.95405
1386169218.75,-35.95904
1386169375.0,-35.9497
1386169531.25,-35.96736
1386169687.5,-35.96825
1386169843.75,-35.96566
1386170000.0,-35.96437
1386170156.25,-35.967
1386170312.5,-35.95934
1386170468.75,-35.96715
1386170625.0,-35.95994
1386170781.25,-35.95511
1386170937.5,-35.95656
1386171093.75,-35.94953
1386171250.0,-35.96222
1386171406.25,-35.95732
1386171562.5,-35.95318
1386171718.75,-35.95683
1386171875.0,-35.96023
1386172031.25,-35.95135
1386172187.5,-35.95622
1386172343.75,-35.94203
1386172500.0,-35.96349
1386172656.25,-35.94984
1386172812.5,-35.94741
1386172968.75,-35.94574
1386173125.0,-35.94558
1386173281.25,-35.94714
1386173437.5,-35.94789
1386173593.75,-35.94595
1386173750.0,-35.95549
1386173906.25,-35.95426
1386174062.5,-35.94546
1386174218.75,-35.94633
1386174375.0,-35.95297
1386174531.25,-35.95319
1386174687.5,-35.94498
1386174843.75,-35.94135
1386175000.0,-35.94149
1386175156.25,-35.93859
1386175312.5,-35.94381
1386175468.75,-35.93913
1386175625.0,-35.9369
1386175781.25,-35.94161
1386175937.5,-35.93958
1386176093.75,-35.93386
1386176250.0,-35.95031
1386176406.25,-35.93194
1386176562.5,-35.93607
1386176718.75,-35.93408
1386176875.0,-35.92823
1386177031.25,-35.93578
1386177187.5,-35.9351
1386177343.75,-35.94057
1386177500.0,-35.93023
1386177656.25,-35.93255
1386177812.5,-35.92613
1386177968.75,-35.94322
1386178125.0,-35.93104
1386178281.25,-35.93681
1386178437.5,-35.93084
1386178593.75,-35.92389
1386178750.0,-35.92699
1386178906.25,-35.91496
1386179062.5,-35.93283
1386179218.75,-35.92528
1386179375.0,-35.926
1386179531.25,-35.92027
1386179687.5,-35.91835
1386179843.75,-35.9193
1386180000.0,-35.93211
1386180156.25,-35.92063
1386180312.5,-35.91388
1386180468.75,-35.92393
1386180625.0,-35.9296
1386180781.25,-35.91445
1386180937.5,-35.92355
1386181093.75,-35.90741
1386181250.0,-35.90403
1386181406.25,-35.92227
1386181562.5,-35.9156
1386181718.75,-35.91533
1386181875.0,-35.92171
1386182031.25,-35.90577
1386182187.5,-35.90849
1386182343.75,-35.9004
1386182500.0,-35.90167
1386182656.25,-35.90733
1386182812.5,-35.90554
1386182968.75,-35.9109
1386183125.0,-35.91756
1386183281.25,-35.90533
1386183437.5,-35.91014
1386183593.75,-35.90665
1386183750.0,-35.89746
1386183906.25,-35.90501
1386184062.5,-35.89479
1386184218.75,-35.8991
1386184375.0,-35.89177
1386184531.25,-35.90031
1386184687.5,-35.89798
1386184843.75,-35.90359
1386185000.0,-35.9029
1386185156.25,-35.90053
1386185312.5,-35.89761
1386185468.75,-35.89671
1386185625.0,-35.90393
1386185781.25,-35.8988
1386185937.5,-35.89096
1386186093.75,-35.90297
1386186250.0,-35.89204
1386186406.25,-35.89515
1386186562.5,-35.89513
1386186718.75,-35.88564
1386186875.0,-35.88536
1386187031.25,-35.89143
1386187187.5,-35.88535
1386187343.75,-35.88324
1386187500.0,-35.88409
1386187656.25,-35.88707
1386187812.5,-35.88389
1386187968.75,-35.88791
1386188125.0,-35.88864
1386188281.25,-35.88681
1386188437.5,-35.88072
1386188593.75,-35.88803
1386188750.0,-35.88792
1386188906.25,-35.8824
1386189062.5,-35.87916
1386189218.75,-35.87582
1386189375.0,-35.86945
1386189531.25,-35.88249
1386189687.5,-35.87933
1386189843.75,-35.87549
1386190000.0,-35.87422
1386190156.25,-35.88219
1386190312.5,-35.87554
1386190468.75,-35.87431
1386190625.0,-35.87545
1386190781.25,-35.87505
1386190937.5,-35.88616
1386191093.75,-35.8695
1386191250.0,-35.86924
1386191406.25,-35.86419
1386191562.5,-35.86605
1386191718.75,-35.87216
1386191875.0,-35.8704
1386192031.25,-35.86779
1386192187.5,-35.87362
1386192343.75,-35.8689
1386192500.0,-35.86498
1386192656.25,-35.87112
1386192812.5,-35.86314
1386192968.75,-35.8748
1386193125.0,-35.85663
1386193281.25,-35.869
1386193437.5,-35.86436
1386193593.75,-35.8565
1386193750.0,-35.86055
1386193906.25,-35.85762
1386194062.5,-35.85752
1386194218.75,-35.86252
1386194375.0,-35.85331
1386194531.25,-35.86275
1386194687.5,-35.86032
1386194843.75,-35.85811
1386195000.0,-35.86504
1386195156.25,-35.85326
1386195312.5,-35.8507
1386195468.75,-35.84755
1386195625.0,-35.85839
1386195781.25,-35.86088
1386195937.5,-35.86438
1386196093.75,-35.85149
1386196250.0,-35.85285
1386196406.25,-35.84599
1386196562.5,-35.84794
1386196718.75,-35.85437
1386196875.0,-35.84031
1386197031.25,-35.85028
1386197187.5,-35.84047
1386197343.75,-35.84024
1386197500.0,-35.84888
1386197656.25,-35.84678
1386197812.5,-35.84035
1386197968.75,-35.8445
1386198125.0,-35.84134
1386198281.25,-35.83982
1386198437.5,-35.84514
1386198593.75,-35.83453
1386198750.0,-35.84785
1386198906.25,-35.84764
1386199062.5,-35.83924
1386199218.75,-35.83765
1386199375.0,-35.83985
1386199531.25,-35.83098
1386199687.5,-35.8374
1386199843.75,-35.84629
1386200000.0,-35.82823
1386200156.25,-35.83516
1386200312.5,-35.84125
1386200468.75,-35.83255
1386200625.0,-35.8351
1386200781.25,-35.84012
1386200937.5,-35.83067
1386201093.75,-35.8261
1386201250.0,-35.82494
1386201406.25,-35.84182
1386201562.5,-35.83091
1386201718.75,-35.82769
1386201875.0,-35.82817
1386202031.25,-35.82168
1386202187.5,-35.81639
1386202343.75,-35.81895
1386202500.0,-35.83267
1386202656.25,-35.82672
1386202812.5,-35.8214
1386202968.75,-35.8251
1386203125.0,-35.82069
1386203281.25,-35.81651
1386203437.5,-35.81921
1386203593.75,-35.82009
1386203750.0,-35.81227
1386203906.25,-35.81567
1386204062.5,-35.81867
1386204218.75,-35.81992
1386204375.0,-35.81499
1386204531.25,-35.81604
1386204687.5,-35.80713
1386204843.75,-35.81919
1386205000.0,-35.81428
1386205156.25,-35.80793
1386205312.5,-35.81318
1386205468.75,-35.81816
1386205625.0,-35.79521
1386205781.25,-35.80641
1386205937.5,-35.80405
1386206093.75,-35.81345
1386206250.0,-35.8031
1386206406.25,-35.80656
1386206562.5,-35.80173
1386206718.75,-35.80112
1386206875.0,-35.80827
1386207031.25,-35.80176
1386207187.5,-35.81237
1386207343.75,-35.80873
1386207500.0,-35.80841
1386207656.25,-35.81499
1386207812.5,-35.80743
1386207968.75,-35.80725
1386208125.0,-35.80475
1386208281.25,-35.79642
1386208437.5,-35.79752
1386208593.75,-35.79343
1386208750.0,-35.79623
1386208906.25,-35.79738
1386209062.5,-35.79958
1386209218.75,-35.80073
1386209375.0,-35.79493
1386209531.25,-35.80158
1386209687.5,-35.7994
1386209843.75,-35.79364
1386210000.0,-35.78617
1386210156.25,-35.79526
1386210312.5,-35.79287
1386210468.75,-35.79316
1386210625.0,-35.7819
1386210781.25,-35.79403
1386210937.5,-35.78966
1386211093.75,-35.78255
1386211250.0,-35.79729
1386211406.25,-35.7817
1386211562.5,-35.79114
1386211718.75,-35.78109
1386211875.0,-35.78806
1386212031.25,-35.78974
1386212187.5,-35.78484
1386212343.75,-35.78241
1386212500.0,-35.78593
1386212656.25,-35.77594
1386212812.5,-35.78037
1386212968.75,-35.78302
1386213125.0,-35.77454
1386213281.25,-35.76682
1386213437.5,-35.76783
1386213593.75,-35.77079
1386213750.0,-35.78334
1386213906.25,-35.77723
1386214062.5,-35.77939
1386214218.75,-35.77075
1386214375.0,-35.76836
1386214531.25,-35.77195
1386214687.5,-35.77293
1386214843.75,-35.77434
1386215000.0,-35.77164
1386215156.25,-35.77874
1386215312.5,-35.7692
1386215468.75,-35.76266
1386215625.0,-35.77682
1386215781.25,-35.76841
1386215937.5,-35.76575
1386216093.75,-35.76722
1386216250.0,-35.77171
1386216406.25,-35.77313
1386216562.5,-35.77426
1386216718.75,-35.76266
1386216875.0,-35.76772
1386217031.25,-35.76538
1386217187.5,-35.7546
1386217343.75,-35.76226
1386217500.0,-35.76044
1386217656.25,-35.76466
1386217812.5,-35.75545
1386217968.75,-35.76375
1386218125.0,-35.76576
1386218281.25,-35.75893
1386218437.5,-35.75827
1386218593.75,-35.75726
1386218750.0,-35.74617
1386218906.25,-35.74798
1386219062.5,-35.75733
1386219218.75,-35.75289
1386219375.0,-35.75354
1386219531.25,-35.7515
1386219687.5,-35.755
1386219843.75,-35.74464
1386220000.0,-35.75371
1386220156.25,-35.75243
1386220312.5,-35.75019
1386220468.75,-35.76276
1386220625.0,-35.75575
1386220781.25,-35.74392
1386220937.5,-35.74324
1386221093.75,-35.74814
1386221250.0,-35.75373
1386221406.25,-35.74865
1386221562.5,-35.74915
1386221718.75,-35.73696
1386221875.0,-35.74625
1386222031.25,-35.74803
1386222187.5,-35.73469
1386222343.75,-35.73573
1386222500.0,-35.73645
1386222656.25,-35.74345
1386222812.5,-35.73782
1386222968.75,-35.73668
1386223125.0,-35.73683
1386223281.25,-35.74166
1386223437.5,-35.73811
1386223593.75,-35.73859
1386223750.0,-35.72935
1386223906.25,-35.73478
1386224062.5,-35.72655
1386224218.75,-35.72532
1386224375.0,-35.72681
1386224531.25,-35.73511
1386224687.5,-35.73855
1386224843.75,-35.73754
1386225000.0,-35.73381
1386225156.25,-35.72829
1386225312.5,-35.73141
1386225468.75,-35.72428
1386225625.0,-35.73618
1386225781.25,-35.72399
1386225937.5,-35.7303
1386226093.75,-35.72287
1386226250.0,-35.71724
1386226406.25,-35.72473
1386226562.5,-35.72309
1386226718.75,-35.71692
1386226875.0,-35.71523
1386227031.25,-35.71974
1386227187.5,-35.72219
1386227343.75,-35.71156
1386227500.0,-35.72026
1386227656.25,-35.71493
1386227812.5,-35.71127
1386227968.75,-35.72109
1386228125.0,-35.71679
1386228281.25,-35.70553
1386228437.5,-35.71466
1386228593.75,-35.70981
1386228750.0,-35.71221
1386228906.25,-35.71314
1386229062.5,-35.71732
1386229218.75,-35.70425
1386229375.0,-35.71593
1386229531.25,-35.71507
1386229687.5,-35.71457
1386229843.75,-35.71321
1386230000.0,-35.69703
1386230156.25,-35.70952
1386230312.5,-35.70996
1386230468.75,-35.71519
1386230625.0,-35.70369
1386230781.25,-35.71254
1386230937.5,-35.70285
1386231093.75,-35.71243
1386231250.0,-35.70509
1386231406.25,-35.71184
1386231562.5,-35.70061
1386231718.75,-35.69586
1386231875.0,-35.69705
1386232031.25,-35.69
1386232187.5,-35.69817
1386232343.75,-35.69934
1386232500.0,-35.69812
1386232656.25,-35.69132
1386232812.5,-35.69672
1386232968.75,-35.69466
1386233125.0,-35.69872
1386233281.25,-35.69048
1386233437.5,-35.69199
1386233593.75,-35.68615
1386233750.0,-35.68719
1386233906.25,-35.68111
1386234062.5,-35.68237
1386234218.75,-35.68616
1386234375.0,-35.69131
1386234531.25,-35.67413
1386234687.5,-35.68648
1386234843.75,-35.6716
1386235000.0,-35.68658
1386235156.25,-35.68491
1386235312.5,-35.69315
1386235468.75,-35.6765
1386235625.0,-35.68066
1386235781.25,-35.68217
1386235937.5,-35.67311
1386236093.75,-35.68595
1386236250.0,-35.67627
1386236406.25,-35.68443
1386236562.5,-35.67784
1386236718.75,-35.66984
1386236875.0,-35.67489
1386237031.25,-35.66989
1386237187.5,-35.67602
1386237343.75,-35.67858
1386237500.0,-35.67684
1386237656.25,-35.67617
1386237812.5,-35.68305
1386237968.75,-35.67246
1386238125.0,-35.66533
1386238281.25,-35.67857
1386238437.5,-35.66359
1386238593.75,-35.67256
1386238750.0,-35.66671
1386238906.25,-35.67306
1386239062.5,-35.67383
1386239218.75,-35.66192
1386239375.0,-35.66846
1386239531.25,-35.67378
1386239687.5,-35.65989
1386239843.75,-35.66245
1386240000.0,-35.65975
1386240156.25,-35.66545
1386240312.5,-35.65794
1386240468.75,-35.66798
1386240625.0,-35.66519
1386240781.25,-35.66706
1386240937.5,-35.66407
1386241093.75,-35.65957
1386241250.0,-35.65939
1386241406.25,-35.65632
1386241562.5,-35.65161
1386241718.75,-35.6562
1386241875.0,-35.65446
1386242031.25,-35.64388
1386242187.5,-35.6454
1386242343.75,-35.66273
1386242500.0,-35.66397
1386242656.25,-35.65932
1386242812.5,-35.64268
1386242968.75,-35.63316
1386243125.0,-35.66872
1386243281.25,-35.65054
1386243437.5,-35.65548
1386243593.75,-35.64364
1386243750.0,-35.64816
1386243906.25,-35.64739
1386244062.5,-35.6539
1386244218.75,-35.64654
1386244375.0,-35.63657
1386244531.25,-35.64276
1386244687.5,-35.6483
1386244843.75,-35.64229
1386245000.0,-35.64392
1386245156.25,-35.64085
1386245312.5,-35.64204
1386245468.75,-35.65016
1386245625.0,-35.64082
1386245781.25,-35.63186
1386245937.5,-35.6368
1386246093.75,-35.63844
1386246250.0,-35.63153
1386246406.25,-35.6327
1386246562.5,-35.64514
1386246718.75,-35.63268
1386246875.0,-35.62883
1386247031.25,-35.63169
1386247187.5,-35.62139
1386247343.75,-35.63922
1386247500.0,-35.63814
1386247656.25,-35.62693
1386247812.5,-35.62922
1386247968.75,-35.63173
1386248125.0,-35.6314
1386248281.25,-35.62744
1386248437.5,-35.62926
1386248593.75,-35.62287
1386248750.0,-35.62219
1386248906.25,-35.63117
1386249062.5,-35.62725
1386249218.75,-35.62292
1386249375.0,-35.62379
1386249531.25,-35.62381
1386249687.5,-35.6094
1386249843.75,-35.62429
1386250000.0,-35.62376
1386250156.25,-35.61666
1386250312.5,-35.62401
1386250468.75,-35.61663
1386250625.0,-35.62329
1386250781.25,-35.61404
1386250937.5,-35.61551
1386251093.75,-35.6129
1386251250.0,-35.61674
1386251406.25,-35.61378
1386251562.5,-35.61398
1386251718.75,-35.63083
1386251875.0,-35.61081
1386252031.25,-35.60987
1386252187.5,-35.61591
1386252343.75,-35.61032
1386252500.0,-35.6012
1386252656.25,-35.61689
1386252812.5,-35.60321
1386252968.75,-35.59647
1386253125.0,-35.59935
1386253281.25,-35.61506
1386253437.5,-35.61203
1386253593.75,-35.60328
1386253750.0,-35.60237
1386253906.25,-35.6118
1386254062.5,-35.6077
1386254218.75,-35.59611
1386254375.0,-35.60138
1386254531.25,-35.60374
1386254687.5,-35.59883
1386254843.75,-35.60408
1386255000.0,-35.59523
1386255156.25,-35.59569
1386255312.5,-35.59224
1386255468.75,-35.59566
1386255625.0,-35.59311
1386255781.25,-35.59546
1386255937.5,-35.59788
1386256093.75,-35.59797
1386256250.0,-35.60059
1386256406.25,-35.58926
1386256562.5,-35.58923
1386256718.75,-35.59914
1386256875.0,-35.58672
1386257031.25,-35.58974
1386257187.5,-35.59195
1386257343.75,-35.58152
1386257500.0,-35.59015
1386257656.25,-35.58527
1386257812.5,-35.59131
1386257968.75,-35.58783
1386258125.0,-35.58628
1386258281.25,-35.58238
1386258437.5,-35.58818
1386258593.75,-35.58012
1386258750.0,-35.58507
1386258906.25,-35.57946
1386259062.5,-35.57979
1386259218.75,-35.57548
1386259375.0,-35.5864
1386259531.25,-35.58871
1386259687.5,-35.58105
1386259843.75,-35.58169
1386260000.0,-35.57387
1386260156.25,-35.57757
1386260312.5,-35.56664
1386260468.75,-35.58244
1386260625.0,-35.57277
1386260781.25,-35.57167
1386260937.5,-35.56327
1386261093.75,-35.58522
1386261250.0,-35.57345
1386261406.25,-35.56814
1386261562.5,-35.56177
1386261718.75,-35.57808
1386261875.0,-35.56218
1386262031.25,-35.57777
1386262187.5,-35.56509
1386262343.75,-35.56907
1386262500.0,-35.55931
1386262656.25,-35.55413
1386262812.5,-35.56678
1386262968.75,-35.564
1386263125.0,-35.56171
1386263281.25,-35.55763
1386263437.5,-35.56239
1386263593.75,-35.55045
1386263750.0,-35.56202
1386263906.25,-35.55732
1386264062.5,-35.55661
1386264218.75,-35.54529
1386264375.0,-35.56302
1386264531.25,-35.54993
1386264687.5,-35.55919
1386264843.75,-35.55851
1386265000.0,-35.55385
1386265156.25,-35.54151
1386265312.5,-35.54234
1386265468.75,-35.54705
1386265625.0,-35.55111
1386265781.25,-35.56175
1386265937.5,-35.5508
1386266093.75,-35.54625
1386266250.0,-35.5574
1386266406.25,-35.54309
1386266562.5,-35.54129
1386266718.75,-35.54238
1386266875.0,-35.54259
1386267031.25,-35.54342
1386267187.5,-35.5472
1386267343.75,-35.545
1386267500.0,-35.53553
1386267656.25,-35.5391
1386267812.5,-35.54976
1386267968.75,-35.54254
1386268125.0,-35.55334
1386268281.25,-35.54384
1386268437.5,-35.53784
1386268593.75,-35.53342
1386268750.0,-35.52852
1386268906.25,-35.5463
1386269062.5,-35.53862
1386269218.75,-35.53258
1386269375.0,-35.53173
1386269531.25,-35.53823
1386269687.5,-35.52658
1386269843.75,-35.53713
1386270000.0,-35.53592
1386270156.25,-35.53465
1386270312.5,-35.52626
1386270468.75,-35.53915
1386270625.0,-35.52911
1386270781.25,-35.52288
1386270937.5,-35.52343
1386271093.75,-35.5239
1386271250.0,-35.52766
1386271406.25,-35.53232
1386271562.5,-35.52407
1386271718.75,-35.52731
1386271875.0,-35.52944
1386272031.25,-35.52236
1386272187.5,-35.52574
1386272343.75,-35.52577
1386272500.0,-35.52405
1386272656.25,-35.51805
1386272812.5,-35.52768
1386272968.75,-35.51229
1386273125.0,-35.51875
1386273281.25,-35.52088
1386273437.5,-35.5202
1386273593.75,-35.5098
1386273750.0,-35.52318
1386273906.25,-35.50768
1386274062.5,-35.51086
1386274218.75,-35.51721
1386274375.0,-35.50583
1386274531.25,-35.51141
1386274687.5,-35.51883
1386274843.75,-35.51028
1386275000.0,-35.50809
1386275156.25,-35.50194
1386275312.5,-35.51111
1386275468.75,-35.50677
1386275625.0,-35.49784
1386275781.25,-35.4998
1386275937.5,-35.50384
1386276093.75,-35.50897
1386276250.0,-35.50227
1386276406.25,-35.49892
1386276562.5,-35.50911
1386276718.75,-35.49963
1386276875.0,-35.50118
1386277031.25,-35.50338
1386277187.5,-35.49472
1386277343.75,-35.5026
1386277500.0,-35.49012
1386277656.25,-35.49928
1386277812.5,-35.49308
1386277968.75,-35.4954
1386278125.0,-35.48755
1386278281.25,-35.50845
1386278437.5,-35.4902
1386278593.75,-35.49678
1386278750.0,-35.4963
1386278906.25,-35.4947
1386279062.5,-35.48927
1386279218.75,-35.49098
1386279375.0,-35.49558
1386279531.25,-35.49121
1386279687.5,-35.48095
1386279843.75,-35.4973
1386280000.0,-35.47573
1386280156.25,-35.4819
1386280312.5,-35.48026
1386280468.75,-35.47708
1386280625.0,-35.48382
1386280781.25,-35.48827
1386280937.5,-35.48875
1386281093.75,-35.47503
1386281250.0,-35.48089
1386281406.25,-35.48218
1386281562.5,-35.48927
1386281718.75,-35.47969
1386281875.0,-35.46951
1386282031.25,-35.49135
1386282187.5,-35.48365
1386282343.75,-35.47481
1386282500.0,-35.47834
1386282656.25,-35.48362
1386282812.5,-35.46829
1386282968.75,-35.48071
1386283125.0,-35.47722
1386283281.25,-35.46777
1386283437.5,-35.47117
1386283593.75,-35.46268
1386283750.0,-35.46441
1386283906.25,-35.46375
1386284062.5,-35.47438
1386284218.75,-35.47351
1386284375.0,-35.46999
1386284531.25,-35.47953
1386284687.5,-35.46812
1386284843.75,-35.4634
1386285000.0,-35.45959
1386285156.25,-35.46624
1386285312.5,-35.46915
1386285468.75,-35.46065
1386285625.0,-35.47317
1386285781.25,-35.46385
1386285937.5,-35.45689
1386286093.75,-35.46104
1386286250.0,-35.45993
1386286406.25,-35.45922
1386286562.5,-35.45971
1386286718.75,-35.45989
1386286875.0,-35.45968
1386287031.25,-35.45228
1386287187.5,-35.45731
1386287343.75,-35.46101
1386287500.0,-35.45921
1386287656.25,-35.46046
1386287812.5,-35.45254
1386287968.75,-35.45942
1386288125.0,-35.457
1386288281.25,-35.44949
1386288437.5,-35.44824
1386288593.75,-35.44297
1386288750.0,-35.45451
1386288906.25,-35.44809
1386289062.5,-35.44806
1386289218.75,-35.452
1386289375.0,-35.45512
1386289531.25,-35.43966
1386289687.5,-35.43991
1386289843.75,-35.44028
1386290000.0,-35.43974
1386290156.25,-35.44039
1386290312.5,-35.43698
1386290468.75,-35.44276
1386290625.0,-35.44066
1386290781.25,-35.43528
1386290937.5,-35.43733
1386291093.75,-35.4371
1386291250.0,-35.43657
1386291406.25,-35.4319
1386291562.5,-35.43907
1386291718.75,-35.43056
1386291875.0,-35.4301
1386292031.25,-35.43343
1386292187.5,-35.42464
1386292343.75,-35.43797
1386292500.0,-35.4369
1386292656.25,-35.43528
1386292812.5,-35.43571
1386292968.75,-35.43305
1386293125.0,-35.43243
1386293281.25,-35.42297
1386293437.5,-35.42379
1386293593.75,-35.42898
1386293750.0,-35.4361
1386293906.25,-35.43132
1386294062.5,-35.43309
1386294218.75,-35.42336
1386294375.0,-35.43246
1386294531.25,-35.42017
1386294687.5,-35.42036
1386294843.75,-35.4102
1386295000.0,-35.41933
1386295156.25,-35.41008
1386295312.5,-35.42319
1386295468.75,-35.41824
1386295625.0,-35.4116
1386295781.25,-35.4138
1386295937.5,-35.42329
1386296093.75,-35.41647
1386296250.0,-35.42346
1386296406.25,-35.42618
1386296562.5,-35.41247
1386296718.75,-35.42085
1386296875.0,-35.4221
1386297031.25,-35.4175
1386297187.5,-35.41713
1386297343.75,-35.40239
1386297500.0,-35.41223
1386297656.25,-35.40958
1386297812.5,-35.40903
1386297968.75,-35.41468
1386298125.0,-35.41768
1386298281.25,-35.41659
1386298437.5,-35.40455
1386298593.75,-35.40457
1386298750.0,-35.40002
1386298906.25,-35.3955
1386299062.5,-35.39812
1386299218.75,-35.40544
1386299375.0,-35.40603
1386299531.25,-35.40624
1386299687.5,-35.39811
1386299843.75,-35.40017
1386300000.0,-35.39745
1386300156.25,-35.39219
1386300312.5,-35.40412
1386300468.75,-35.3961
1386300625.0,-35.40025
1386300781.25,-35.39665
1386300937.5,-35.39572
1386301093.75,-35.39637
1386301250.0,-35.3971
1386301406.25,-35.39568
1386301562.5,-35.38871
1386301718.75,-35.39643
1386301875.0,-35.39135
1386302031.25,-35.37981
1386302187.5,-35.38607
1386302343.75,-35.38832
1386302500.0,-35.39723
1386302656.25,-35.39469
1386302812.5,-35.37946
1386302968.75,-35.38356
1386303125.0,-35.39997
1386303281.25,-35.39398
1386303437.5,-35.38927
1386303593.75,-35.38145
1386303750.0,-35.39103
1386303906.25,-35.37393
1386304062.5,-35.37815
1386304218.75,-35.38089
1386304375.0,-35.37743
1386304531.25,-35.3783
1386304687.5,-35.36443
1386304843.75,-35.38546
1386305000.0,-35.37539
1386305156.25,-35.37062
1386305312.5,-35.37404
1386305468.75,-35.39203
1386305625.0,-35.38359
1386305781.25,-35.37956
1386305937.5,-35.37423
1386306093.75,-35.3717
1386306250.0,-35.36978
1386306406.25,-35.35893
1386306562.5,-35.3784
1386306718.75,-35.36737
1386306875.0,-35.36995
1386307031.25,-35.3726
1386307187.5,-35.35918
1386307343.75,-35.36832
1386307500.0,-35.36606
1386307656.25,-35.3717
1386307812.5,-35.35555
1386307968.75,-35.34983
1386308125.0,-35.35433
1386308281.25,-35.3616
1386308437.5,-35.35952
1386308593.75,-35.36003
1386308750.0,-35.35386
1386308906.25,-35.3546
1386309062.5,-35.34129
1386309218.75,-35.35188
1386309375.0,-35.35748
1386309531.25,-35.35352
1386309687.5,-35.36424
1386309843.75,-35.36372
1386310000.0,-35.34196
1386310156.25,-35.35492
1386310312.5,-35.35854
1386310468.75,-35.35098
1386310625.0,-35.35293
1386310781.25,-35.34989
1386310937.5,-35.36277
1386311093.75,-35.35643
1386311250.0,-35.34268
1386311406.25,-35.34361
1386311562.5,-35.3464
1386311718.75,-35.34933
1386311875.0,-35.33629
1386312031.25,-35.34662
1386312187.5,-35.33631
1386312343.75,-35.33914
1386312500.0,-35.33458
1386312656.25,-35.33818
1386312812.5,-35.34222
1386312968.75,-35.34469
1386313125.0,-35.34045
1386313281.25,-35.33901
1386313437.5,-35.34463
1386313593.75,-35.34055
1386313750.0,-35.32866
1386313906.25,-35.33249
1386314062.5,-35.33683
1386314218.75,-35.33475
1386314375.0,-35.33174
1386314531.25,-35.33681
1386314687.5,-35.3298
1386314843.75,-35.34031
1386315000.0,-35.33393
1386315156.25,-35.32888
1386315312.5,-35.3279
1386315468.75,-35.32294
1386315625.0,-35.32653
1386315781.25,-35.32683
1386315937.5,-35.33128
1386316093.75,-35.32916
1386316250.0,-35.3251
1386316406.25,-35.32019
1386316562.5,-35.32618
1386316718.75,-35.32466
1386316875.0,-35.31785
1386317031.25,-35.32539
1386317187.5,-35.31233
1386317343.75,-35.31466
1386317500.0,-35.3196
1386317656.25,-35.31101
1386317812.5,-35.31423
1386317968.75,-35.31576
1386318125.0,-35.3222
1386318281.25,-35.31726
1386318437.5,-35.31474
1386318593.75,-35.31544
1386318750.0,-35.31433
1386318906.25,-35.31351
1386319062.5,-35.30988
1386319218.75,-35.30702
1386319375.0,-35.3074
1386319531.25,-35.3115
1386319687.5,-35.30407
1386319843.75,-35.30904
1386320000.0,-35.30105
1386320156.25,-35.29819
1386320312.5,-35.30552
1386320468.75,-35.30458
1386320625.0,-35.30207
1386320781.25,-35.31075
1386320937.5,-35.29591
1386321093.75,-35.3112
1386321250.0,-35.30766
1386321406.25,-35.31476
1386321562.5,-35.30523
1386321718.75,-35.3049
1386321875.0,-35.29625
1386322031.25,-35.29827
1386322187.5,-35.29702
1386322343.75,-35.29488
1386322500.0,-35.29354
1386322656.25,-35.29037
1386322812.5,-35.29603
1386322968.75,-35.2937
1386323125.0,-35.30298
1386323281.25,-35.30103
1386323437.5,-35.29023
1386323593.75,-35.29928
1386323750.0,-35.29752
1386323906.25,-35.28608
1386324062.5,-35.28616
1386324218.75,-35.29055
1386324375.0,-35.29045
1386324531.25,-35.29369
1386324687.5,-35.28345
1386324843.75,-35.27879
1386325000.0,-35.28603
1386325156.25,-35.28565
1386325312.5,-35.28767
1386325468.75,-35.28105
1386325625.0,-35.28112
1386325781.25,-35.28303
1386325937.5,-35.27612
1386326093.75,-35.28014
1386326250.0,-35.27518
1386326406.25,-35.28396
1386326562.5,-35.28104
1386326718.75,-35.27886
1386326875.0,-35.27704
1386327031.25,-35.27586
1386327187.5,-35.28415
1386327343.75,-35.27148
1386327500.0,-35.27118
1386327656.25,-35.27254
1386327812.5,-35.25948
1386327968.75,-35.26819
1386328125.0,-35.26581
1386328281.25,-35.27324
1386328437.5,-35.26768
1386328593.75,-35.27665
1386328750.0,-35.26489
1386328906.25,-35.2651
1386329062.5,-35.26618
1386329218.75,-35.26218
1386329375.0,-35.26707
1386329531.25,-35.26101
1386329687.5,-35.26875
1386329843.75,-35.25838
1386330000.0,-35.25954
1386330156.25,-35.2577
1386330312.5,-35.26104
1386330468.75,-35.25574
1386330625.0,-35.25039
1386330781.25,-35.26331
1386330937.5,-35.26516
1386331093.75,-35.27007
1386331250.0,-35.25403
1386331406.25,-35.25526
1386331562.5,-35.25857
1386331718.75,-35.26622
1386331875.0,-35.25853
1386332031.25,-35.25049
1386332187.5,-35.24572
1386332343.75,-35.25416
1386332500.0,-35.25177
1386332656.25,-35.25839
1386332812.5,-35.24353
1386332968.75,-35.2411
1386333125.0,-35.24757
1386333281.25,-35.25112
1386333437.5,-35.24624
1386333593.75,-35.25822
1386333750.0,-35.24994
1386333906.25,-35.24292
1386334062.5,-35.23886
1386334218.75,-35.24268
1386334375.0,-35.23478
1386334531.25,-35.24314
1386334687.5,-35.23894
1386334843.75,-35.23993
1386335000.0,-35.24093
1386335156.25,-35.23355
1386335312.5,-35.23648
1386335468.75,-35.23049
1386335625.0,-35.24324
1386335781.25,-35.23946
1386335937.5,-35.23373
1386336093.75,-35.21978
1386336250.0,-35.24115
1386336406.25,-35.23913
1386336562.5,-35.22678
1386336718.75,-35.23516
1386336875.0,-35.23465
1386337031.25,-35.23187
1386337187.5,-35.23144
1386337343.75,-35.22332
1386337500.0,-35.22751
1386337656.25,-35.23136
1386337812.5,-35.23196
1386337968.75,-35.23227
1386338125.0,-35.22641
1386338281.25,-35.21275
1386338437.5,-35.22562
1386338593.75,-35.22809
1386338750.0,-35.22538
1386338906.25,-35.22062
1386339062.5,-35.21341
1386339218.75,-35.22224
1386339375.0,-35.21455
1386339531.25,-35.2147
1386339687.5,-35.21914
1386339843.75,-35.21819
1386340000.0,-35.21471
1386340156.25,-35.20742
1386340312.5,-35.21241
1386340468.75,-35.21582
1386340625.0,-35.21693
1386340781.25,-35.2054
1386340937.5,-35.21405
1386341093.75,-35.21062
1386341250.0,-35.20949
1386341406.25,-35.20405
1386341562.5,-35.20002
1386341718.75,-35.2187
1386341875.0,-35.21059
1386342031.25,-35.21158
1386342187.5,-35.21151
1386342343.75,-35.20789
1386342500.0,-35.21029
1386342656.25,-35.19449
1386342812.5,-35.20137
1386342968.75,-35.19514
1386343125.0,-35.19894
1386343281.25,-35.19474
1386343437.5,-35.20101
1386343593.75,-35.20127
1386343750.0,-35.20082
1386343906.25,-35.19959
1386344062.5,-35.2014
1386344218.75,-35.20029
1386344375.0,-35.19938
1386344531.25,-35.19209
1386344687.5,-35.18862
1386344843.75,-35.19413
1386345000.0,-35.18516
1386345156.25,-35.19174
1386345312.5,-35.19432
1386345468.75,-35.19258
1386345625.0,-35.18935
1386345781.25,-35.19334
1386345937.5,-35.19299
1386346093.75,-35.18928
1386346250.0,-35.18651
1386346406.25,-35.18855
1386346562.5,-35.18349
1386346718.75,-35.18957
1386346875.0,-35.18434
1386347031.25,-35.19698
1386347187.5,-35.17463
1386347343.75,-35.18097
1386347500.0,-35.18927
1386347656.25,-35.17936
1386347812.5,-35.18231
1386347968.75,-35.17368
1386348125.0,-35.17632
1386348281.25,-35.19001
1386348437.5,-35.18394
1386348593.75,-35.17806
1386348750.0,-35.17881
1386348906.25,-35.1774
1386349062.5,-35.17391
1386349218.75,-35.17387
1386349375.0,-35.17898
1386349531.25,-35.16751
1386349687.5,-35.17111
1386349843.75,-35.16489
1386350000.0,-35.17418
1386350156.25,-35.16745
1386350312.5,-35.17227
1386350468.75,-35.17086
1386350625.0,-35.182
1386350781.25,-35.168
1386350937.5,-35.17425
1386351093.75,-35.1734
1386351250.0,-35.15786
1386351406.25,-35.15713
1386351562.5,-35.16052
1386351718.75,-35.16374
1386351875.0,-35.16132
1386352031.25,-35.15425
1386352187.5,-35.1637
1386352343.75,-35.1583
1386352500.0,-35.16845
1386352656.25,-35.16301
1386352812.5,-35.15535
1386352968.75,-35.14967
1386353125.0,-35.15763
1386353281.25,-35.16311
1386353437.5,-35.15533
1386353593.75,-35.15904
1386353750.0,-35.15228
1386353906.25,-35.14977
1386354062.5,-35.15581
1386354218.75,-35.15249
1386354375.0,-35.14827
1386354531.25,-35.15509
1386354687.5,-35.1452
1386354843.75,-35.14626
1386355000.0,-35.1558
1386355156.25,-35.14531
1386355312.5,-35.14569
1386355468.75,-35.1532
1386355625.0,-35.14836
1386355781.25,-35.14206
1386355937.5,-35.14321
1386356093.75,-35.15661
1386356250.0,-35.13756
1386356406.25,-35.14502
1386356562.5,-35.13995
1386356718.75,-35.14431
1386356875.0,-35.14236
1386357031.25,-35.14079
1386357187.5,-35.13843
1386357343.75,-35.13006
1386357500.0,-35.13418
1386357656.25,-35.12598
1386357812.5,-35.14099
1386357968.75,-35.12874
1386358125.0,-35.12292
1386358281.25,-35.12477
1386358437.5,-35.13445
1386358593.75,-35.1306
1386358750.0,-35.12575
1386358906.25,-35.11956
1386359062.5,-35.12897
1386359218.75,-35.12977
1386359375.0,-35.12389
1386359531.25,-35.12306
1386359687.5,-35.12341
1386359843.75,-35.11864
1386360000.0,-35.13107
1386360156.25,-35.12108
1386360312.5,-35.12218
1386360468.75,-35.12441
1386360625.0,-35.12229
1386360781.25,-35.12743
1386360937.5,-35.11587
1386361093.75,-35.12171
1386361250.0,-35.12253
1386361406.25,-35.12437
1386361562.5,-35.11486
1386361718.75,-35.11628
1386361875.0,-35.11549
1386362031.25,-35.10597
1386362187.5,-35.11372
1386362343.75,-35.11892
1386362500.0,-35.10464
1386362656.25,-35.10905
1386362812.5,-35.1066
1386362968.75,-35.1052
1386363125.0,-35.10605
1386363281.25,-35.10322
1386363437.5,-35.10784
1386363593.75,-35.10623
1386363750.0,-35.10365
1386363906.25,-35.10727
1386364062.5,-35.10379
1386364218.75,-35.11184
1386364375.0,-35.11044
1386364531.25,-35.10593
1386364687.5,-35.09543
1386364843.75,-35.09648
1386365000.0,-35.09665
1386365156.25,-35.09999
1386365312.5,-35.1031
1386365468.75,-35.0999
1386365625.0,-35.09291
1386365781.25,-35.09652
1386365937.5,-35.09281
1386366093.75,-35.09597
1386366250.0,-35.09101
1386366406.25,-35.10077
1386366562.5,-35.09319
1386366718.75,-35.09893
1386366875.0,-35.09535
1386367031.25,-35.08918
1386367187.5,-35.08487
1386367343.75,-35.09957
1386367500.0,-35.08664
1386367656.25,-35.08547
1386367812.5,-35.07515
1386367968.75,-35.08477
1386368125.0,-35.08518
1386368281.25,-35.08846
1386368437.5,-35.08711
1386368593.75,-35.08144
1386368750.0,-35.0918
1386368906.25,-35.08576
1386369062.5,-35.08696
1386369218.75,-35.07889
1386369375.0,-35.08534
1386369531.25,-35.08762
1386369687.5,-35.08541
1386369843.75,-35.07865
1386370000.0,-35.07302
1386370156.25,-35.07603
1386370312.5,-35.07468
1386370468.75,-35.07185
1386370625.0,-35.07288
1386370781.25,-35.07706
1386370937.5,-35.07316
1386371093.75,-35.07627
1386371250.0,-35.07016
1386371406.25,-35.07645
1386371562.5,-35.08374
1386371718.75,-35.07456
1386371875.0,-35.07857
1386372031.25,-35.07198
1386372187.5,-35.0701
1386372343.75,-35.08065
1386372500.0,-35.06545
1386372656.25,-35.07309
1386372812.5,-35.06734
1386372968.75,-35.06892
1386373125.0,-35.06636
1386373281.25,-35.07013
1386373437.5,-35.06498
1386373593.75,-35.06018
1386373750.0,-35.06184
1386373906.25,-35.06448
1386374062.5,-35.05874
1386374218.75,-35.05196
1386374375.0,-35.06099
1386374531.25,-35.0592
1386374687.5,-35.06854
1386374843.75,-35.06395
1386375000.0,-35.05429
1386375156.25,-35.05713
1386375312.5,-35.05301
1386375468.75,-35.04155
1386375625.0,-35.057
1386375781.25,-35.04833
1386375937.5,-35.04612
1386376093.75,-35.04924
1386376250.0,-35.05189
1386376406.25,-35.04924
1386376562.5,-35.0513
1386376718.75,-35.04471
1386376875.0,-35.04178
1386377031.25,-35.04311
1386377187.5,-35.03599
1386377343.75,-35.04135
1386377500.0,-35.05379
1386377656.25,-35.03699
1386377812.5,-35.04754
1386377968.75,-35.04036
1386378125.0,-35.0384
1386378281.25,-35.04206
1386378437.5,-35.03916
1386378593.75,-35.04618
1386378750.0,-35.0365
1386378906.25,-35.04083
1386379062.5,-35.04564
1386379218.75,-35.04004
1386379375.0,-35.03235
1386379531.25,-35.03334
1386379687.5,-35.02349
1386379843.75,-35.02787
1386380000.0,-35.02726
1386380156.25,-35.02718
1386380312.5,-35.02879
1386380468.75,-35.02805
1386380625.0,-35.02505
1386380781.25,-35.03044
1386380937.5,-35.0289
1386381093.75,-35.03004
1386381250.0,-35.02558
1386381406.25,-35.02345
1386381562.5,-35.02209
1386381718.75,-35.02367
1386381875.0,-35.03385
1386382031.25,-35.01749
1386382187.5,-35.02023
1386382343.75,-35.01392
1386382500.0,-35.01374
1386382656.25,-35.01805
1386382812.5,-35.02333
1386382968.75,-35.01762
1386383125.0,-35.01914
1386383281.25,-35.01881
1386383437.5,-35.01283
1386383593.75,-35.02387
1386383750.0,-35.01232
1386383906.25,-35.0139
1386384062.5,-35.01456
1386384218.75,-35.01189
1386384375.0,-35.00875
1386384531.25,-35.01023
1386384687.5,-35.01117
1386384843.75,-35.01173
1386385000.0,-35.00811
1386385156.25,-35.01905
1386385312.5,-34.99966
1386385468.75,-35.00709
1386385625.0,-35.00753
1386385781.25,-35.01105
1386385937.5,-35.00399
1386386093.75,-35.00094
1386386250.0,-35.00314
1386386406.25,-35.00582
1386386562.5,-35.00055
1386386718.75,-35.00027
1386386875.0,-35.00141
1386387031.25,-34.99229
1386387187.5,-34.99616
1386387343.75,-34.99248
1386387500.0,-34.99228
1386387656.25,-34.99522
1386387812.5,-35.00845
1386387968.75,-35.00233
1386388125.0,-34.99704
1386388281.25,-34.98212
1386388437.5,-34.99524
1386388593.75,-34.99583
1386388750.0,-34.99724
1386388906.25,-34.99986
1386389062.5,-34.99161
1386389218.75,-34.99636
1386389375.0,-34.98074
1386389531.25,-34.98158
1386389687.5,-34.97759
1386389843.75,-34.98155
1386390000.0,-34.98746
1386390156.25,-34.98407
1386390312.5,-34.98281
1386390468.75,-34.97582
1386390625.0,-34.9794
1386390781.25,-34.98513
1386390937.5,-34.9822
1386391093.75,-34.97924
1386391250.0,-34.9785
1386391406.25,-34.98436
1386391562.5,-34.97625
1386391718.75,-34.97767
1386391875.0,-34.96861
1386392031.25,-34.96397
1386392187.5,-34.97016
1386392343.75,-34.98269
1386392500.0,-34.97355
1386392656.25,-34.97046
1386392812.5,-34.97944
1386392968.75,-34.96953
1386393125.0,-34.96848
1386393281.25,-34.975
1386393437.5,-34.96688
1386393593.75,-34.96407
1386393750.0,-34.9698
1386393906.25,-34.96177
1386394062.5,-34.97721
1386394218.75,-34.96806
1386394375.0,-34.96236
1386394531.25,-34.95252
1386394687.5,-34.96457
1386394843.75,-34.95691
1386395000.0,-34.96582
1386395156.25,-34.9685
1386395312.5,-34.94769
1386395468.75,-34.96374
1386395625.0,-34.95803
1386395781.25,-34.96105
1386395937.5,-34.95799
1386396093.75,-34.9547
1386396250.0,-34.95788
1386396406.25,-34.9616
1386396562.5,-34.95015
1386396718.75,-34.94518
1386396875.0,-34.9502
1386397031.25,-34.95967
1386397187.5,-34.95562
1386397343.75,-34.94622
1386397500.0,-34.94244
1386397656.25,-34.95045
1386397812.5,-34.95346
1386397968.75,-34.95063
1386398125.0,-34.94742
1386398281.25,-34.93327
1386398437.5,-34.93032
1386398593.75,-34.9463
1386398750.0,-34.94161
1386398906.25,-34.93995
1386399062.5,-34.94712
1386399218.75,-34.93575
1386399375.0,-34.93762
1386399531.25,-34.94322
1386399687.5,-34.94054
1386399843.75,-34.94594
1386400000.0,-34.94144
1386400156.25,-34.94285
1386400312.5,-34.94248
1386400468.75,-34.93999
1386400625.0,-34.9334
1386400781.25,-34.93076
1386400937.5,-34.92687
1386401093.75,-34.93792
1386401250.0,-34.93277
1386401406.25,-34.93977
1386401562.5,-34.92842
1386401718.75,-34.92872
1386401875.0,-34.93191
1386402031.25,-34.93139
1386402187.5,-34.92189
1386402343.75,-34.92942
1386402500.0,-34.92128
1386402656.25,-34.93064
1386402812.5,-34.92607
1386402968.75,-34.924
1386403125.0,-34.9262
1386403281.25,-34.91521
1386403437.5,-34.91439
1386403593.75,-34.92168
1386403750.0,-34.92318
1386403906.25,-34.92797
1386404062.5,-34.91624
1386404218.75,-34.91509
1386404375.0,-34.92609
1386404531.25,-34.91484
1386404687.5,-34.91687
1386404843.75,-34.90976
1386405000.0,-34.91079
1386405156.25,-34.90707
1386405312.5,-34.91003
1386405468.75,-34.91121
1386405625.0,-34.91859
1386405781.25,-34.9115
1386405937.5,-34.91534
1386406093.75,-34.91422
1386406250.0,-34.90589
1386406406.25,-34.91226
1386406562.5,-34.90531
1386406718.75,-34.9075
1386406875.0,-34.90491
1386407031.25,-34.90671
1386407187.5,-34.90855
1386407343.75,-34.90138
1386407500.0,-34.90659
1386407656.25,-34.90302
1386407812.5,-34.90117
1386407968.75,-34.91136
1386408125.0,-34.88844
1386408281.25,-34.90164
1386408437.5,-34.90239
1386408593.75,-34.89615
1386408750.0,-34.91108
1386408906.25,-34.88775
1386409062.5,-34.88712
1386409218.75,-34.89767
1386409375.0,-34.89799
1386409531.25,-34.89528
1386409687.5,-34.89585
1386409843.75,-34.89806
1386410000.0,-34.89257
1386410156.25,-34.8934
1386410312.5,-34.8868
1386410468.75,-34.88114
1386410625.0,-34.89029
1386410781.25,-34.89127
1386410937.5,-34.8963
1386411093.75,-34.88937
1386411250.0,-34.88488
1386411406.25,-34.88395
1386411562.5,-34.88942
1386411718.75,-34.882
1386411875.0,-34.88663
1386412031.25,-34.886
1386412187.5,-34.877
1386412343.75,-34.88038
1386412500.0,-34.88353
1386412656.25,-34.86936
1386412812.5,-34.87848
1386412968.75,-34.87125
1386413125.0,-34.88208
1386413281.25,-34.87632
1386413437.5,-34.87071
1386413593.75,-34.87283
1386413750.0,-34.87632
1386413906.25,-34.87015
1386414062.5,-34.86979
1386414218.75,-34.85957
1386414375.0,-34.87061
1386414531.25,-34.86206
1386414687.5,-34.87017
1386414843.75,-34.86536
1386415000.0,-34.85518
1386415156.25,-34.866
1386415312.5,-34.87399
1386415468.75,-34.85932
1386415625.0,-34.86039
1386415781.25,-34.86639
1386415937.5,-34.86349
1386416093.75,-34.87517
1386416250.0,-34.85775
1386416406.25,-34.85562
1386416562.5,-34.85478
1386416718.75,-34.85703
1386416875.0,-34.86025
1386417031.25,-34.85762
1386417187.5,-34.85958
1386417343.75,-34.8552
1386417500.0,-34.86398
1386417656.25,-34.85146
1386417812.5,-34.86164
1386417968.75,-34.85192
1386418125.0,-34.85514
1386418281.25,-34.85966
1386418437.5,-34.84637
1386418593.75,-34.85183
1386418750.0,-34.83887
1386418906.25,-34.85564
1386419062.5,-34.85054
1386419218.75,-34.8384
1386419375.0,-34.84541
1386419531.25,-34.84205
1386419687.5,-34.85175
1386419843.75,-34.84367
1386420000.0,-34.84491
1386420156.25,-34.84821
1386420312.5,-34.83601
1386420468.75,-34.8378
1386420625.0,-34.84458
1386420781.25,-34.83645
1386420937.5,-34.82541
1386421093.75,-34.83818
1386421250.0,-34.84974
1386421406.25,-34.8277
1386421562.5,-34.84398
1386421718.75,-34.83041
1386421875.0,-34.83732
1386422031.25,-34.82502
1386422187.5,-34.83038
1386422343.75,-34.83168
1386422500.0,-34.83519
1386422656.25,-34.82906
1386422812.5,-34.83354
1386422968.75,-34.82384
1386423125.0,-34.83066
1386423281.25,-34.83025
1386423437.5,-34.82265
1386423593.75,-34.83294
1386423750.0,-34.82129
1386423906.25,-34.82642
1386424062.5,-34.82653
1386424218.75,-34.82273
1386424375.0,-34.82685
1386424531.25,-34.82554
1386424687.5,-34.8237
1386424843.75,-34.82224
1386425000.0,-34.83154
1386425156.25,-34.81859
1386425312.5,-34.81491
1386425468.75,-34.82085
1386425625.0,-34.81292
1386425781.25,-34.81178
1386425937.5,-34.81597
1386426093.75,-34.82066
1386426250.0,-34.80355
1386426406.25,-34.81512
1386426562.5,-34.81458
1386426718.75,-34.80847
1386426875.0,-34.80595
1386427031.25,-34.81466
1386427187.5,-34.80468
1386427343.75,-34.81091
1386427500.0,-34.79971
1386427656.25,-34.79362
1386427812.5,-34.81404
1386427968.75,-34.81135
1386428125.0,-34.80062
1386428281.25,-34.80152
1386428437.5,-34.80588
1386428593.75,-34.79721
1386428750.0,-34.80514
1386428906.25,-34.79781
1386429062.5,-34.8015
1386429218.75,-34.79494
1386429375.0,-34.79949
1386429531.25,-34.78971
1386429687.5,-34.79206
1386429843.75,-34.79271
1386430000.0,-34.79747
1386430156.25,-34.7956
1386430312.5,-34.80037
1386430468.75,-34.788
1386430625.0,-34.79762
1386430781.25,-34.77863
1386430937.5,-34.78481
1386431093.75,-34.78728
1386431250.0,-34.78595
1386431406.25,-34.78683
1386431562.5,-34.79432
1386431718.75,-34.78691
1386431875.0,-34.7886
1386432031.25,-34.79147
1386432187.5,-34.77933
1386432343.75,-34.77753
1386432500.0,-34.77988
1386432656.25,-34.77442
1386432812.5,-34.77798
1386432968.75,-34.78664
1386433125.0,-34.77798
1386433281.25,-34.78222
1386433437.5,-34.77692
1386433593.75,-34.77037
1386433750.0,-34.77974
1386433906.25,-34.76593
1386434062.5,-34.78085
1386434218.75,-34.7745
1386434375.0,-34.77264
1386434531.25,-34.77767
1386434687.5,-34.77877
1386434843.75,-34.75681
1386435000.0,-34.7746
1386435156.25,-34.77407
1386435312.5,-34.76753
1386435468.75,-34.76816
1386435625.0,-34.77429
1386435781.25,-34.7639
1386435937.5,-34.76312
1386436093.75,-34.75788
1386436250.0,-34.77266
1386436406.25,-34.76264
1386436562.5,-34.75407
1386436718.75,-34.75758
1386436875.0,-34.76134
1386437031.25,-34.76395
1386437187.5,-34.76715
1386437343.75,-34.75771
1386437500.0,-34.75893
1386437656.25,-34.76809
1386437812.5,-34.75764
1386437968.75,-34.75114
1386438125.0,-34.75523
1386438281.25,-34.74676
1386438437.5,-34.76546
1386438593.75,-34.75182
1386438750.0,-34.75089
1386438906.25,-34.76087
1386439062.5,-34.75598
1386439218.75,-34.7501
1386439375.0,-34.75443
1386439531.25,-34.7374
1386439687.5,-34.75072
1386439843.75,-34.74883
1386440000.0,-34.74341
1386440156.25,-34.74954
1386440312.5,-34.74325
1386440468.75,-34.7381
1386440625.0,-34.74274
1386440781.25,-34.7477
1386440937.5,-34.73189
1386441093.75,-34.74604
1386441250.0,-34.73956
1386441406.25,-34.73513
1386441562.5,-34.74393
1386441718.75,-34.74054
1386441875.0,-34.74415
1386442031.25,-34.73612
1386442187.5,-34.73236
1386442343.75,-34.74199
1386442500.0,-34.72833
1386442656.25,-34.73904
1386442812.5,-34.7229
1386442968.75,-34.74129
1386443125.0,-34.73505
1386443281.25,-34.72428
1386443437.5,-34.72405
1386443593.75,-34.72935
1386443750.0,-34.73231
1386443906.25,-34.72274
1386444062.5,-34.72452
1386444218.75,-34.72702
1386444375.0,-34.72987
1386444531.25,-34.71781
1386444687.5,-34.73355
1386444843.75,-34.71984
1386445000.0,-34.72472
1386445156.25,-34.71529
1386445312.5,-34.7187
1386445468.75,-34.7178
1386445625.0,-34.71365
1386445781.25,-34.71796
1386445937.5,-34.72035
1386446093.75,-34.70879
1386446250.0,-34.72387
1386446406.25,-34.71299
1386446562.5,-34.72516
1386446718.75,-34.72403
1386446875.0,-34.71442
1386447031.25,-34.71353
1386447187.5,-34.71862
1386447343.75,-34.71701
1386447500.0,-34.70638
1386447656.25,-34.71141
1386447812.5,-34.70428
1386447968.75,-34.70768
1386448125.0,-34.70394
1386448281.25,-34.70935
1386448437.5,-34.71031
1386448593.75,-34.70153
1386448750.0,-34.70385
1386448906.25,-34.69979
1386449062.5,-34.70428
1386449218.75,-34.70596
1386449375.0,-34.70335
1386449531.25,-34.69824
1386449687.5,-34.70244
1386449843.75,-34.69066
1386450000.0,-34.69527
1386450156.25,-34.69573
1386450312.5,-34.70075
1386450468.75,-34.69633
1386450625.0,-34.69656
1386450781.25,-34.69048
1386450937.5,-34.6923
1386451093.75,-34.69837
1386451250.0,-34.69666
1386451406.25,-34.70224
1386451562.5,-34.69329
1386451718.75,-34.68784
1386451875.0,-34.69606
1386452031.25,-34.68396
1386452187.5,-34.68523
1386452343.75,-34.68227
1386452500.0,-34.68719
1386452656.25,-34.69598
1386452812.5,-34.68214
1386452968.75,-34.68735
1386453125.0,-34.67654
1386453281.25,-34.68192
1386453437.5,-34.68427
1386453593.75,-34.68591
1386453750.0,-34.67991
1386453906.25,-34.68946
1386454062.5,-34.67396
1386454218.75,-34.67902
1386454375.0,-34.68411
1386454531.25,-34.67924
1386454687.5,-34.67075
1386454843.75,-34.66645
1386455000.0,-34.67659
1386455156.25,-34.68074
1386455312.5,-34.67002
1386455468.75,-34.67925
1386455625.0,-34.67293
1386455781.25,-34.67116
1386455937.5,-34.66038
1386456093.75,-34.66843
1386456250.0,-34.67479
1386456406.25,-34.6724
1386456562.5,-34.67347
1386456718.75,-34.66324
1386456875.0,-34.66474
1386457031.25,-34.67215
1386457187.5,-34.66685
1386457343.75,-34.66964
1386457500.0,-34.66153
1386457656.25,-34.64994
1386457812.5,-34.65899
1386457968.75,-34.66242
1386458125.0,-34.65683
1386458281.25,-34.66499
1386458437.5,-34.657
1386458593.75,-34.65237
1386458750.0,-34.65137
1386458906.25,-34.6584
1386459062.5,-34.65945
1386459218.75,-34.65424
1386459375.0,-34.65332
1386459531.25,-34.65516
1386459687.5,-34.65399
1386459843.75,-34.64665
1386460000.0,-34.65325
1386460156.25,-34.65405
1386460312.5,-34.64515
1386460468.75,-34.65372
1386460625.0,-34.63887
1386460781.25,-34.64686
1386460937.5,-34.64949
1386461093.75,-34.64746
1386461250.0,-34.64341
1386461406.25,-34.64195
1386461562.5,-34.64057
1386461718.75,-34.65087
1386461875.0,-34.63832
1386462031.25,-34.63844
1386462187.5,-34.64263
1386462343.75,-34.63584
1386462500.0,-34.64035
1386462656.25,-34.62964
1386462812.5,-34.63094
1386462968.75,-34.62799
1386463125.0,-34.63437
1386463281.25,-34.63897
1386463437.5,-34.62839
1386463593.75,-34.63908
1386463750.0,-34.63248
1386463906.25,-34.63988
1386464062.5,-34.63473
1386464218.75,-34.62706
1386464375.0,-34.62668
1386464531.25,-34.62991
1386464687.5,-34.62728
1386464843.75,-34.61663
1386465000.0,-34.61757
1386465156.25,-34.62116
1386465312.5,-34.61351
1386465468.75,-34.62397
1386465625.0,-34.61818
1386465781.25,-34.62533
1386465937.5,-34.62191
1386466093.75,-34.61736
1386466250.0,-34.63183
1386466406.25,-34.61109
1386466562.5,-34.62159
1386466718.75,-34.61089
1386466875.0,-34.61511
1386467031.25,-34.60855
1386467187.5,-34.61977
1386467343.75,-34.61791
1386467500.0,-34.60887
1386467656.25,-34.62059
1386467812.5,-34.61395
1386467968.75,-34.60369
1386468125.0,-34.61201
1386468281.25,-34.60545
1386468437.5,-34.61028
1386468593.75,-34.61042
1386468750.0,-34.60807
1386468906.25,-34.60495
1386469062.5,-34.60244
1386469218.75,-34.603
1386469375.0,-34.60649
1386469531.25,-34.60217
1386469687.5,-34.60579
1386469843.75,-34.60495
1386470000.0,-34.60703
1386470156.25,-34.60679
1386470312.5,-34.59986
1386470468.75,-34.60112
1386470625.0,-34.60494
1386470781.25,-34.59557
1386470937.5,-34.59567
1386471093.75,-34.59574
1386471250.0,-34.5962
1386471406.25,-34.58677
1386471562.5,-34.58961
1386471718.75,-34.59901
1386471875.0,-34.59474
1386472031.25,-34.58918
1386472187.5,-34.58914
1386472343.75,-34.59514
1386472500.0,-34.58503
1386472656.25,-34.58694
1386472812.5,-34.58249
1386472968.75,-34.57794
1386473125.0,-34.58605
1386473281.25,-34.57716
1386473437.5,-34.59344
1386473593.75,-34.5806
1386473750.0,-34.58653
1386473906.25,-34.58731
1386474062.5,-34.57865
1386474218.75,-34.58246
1386474375.0,-34.58167
1386474531.25,-34.57307
1386474687.5,-34.57964
1386474843.75,-34.57581
1386475000.0,-34.58019
1386475156.25,-34.57484
1386475312.5,-34.57308
1386475468.75,-34.57402
1386475625.0,-34.57422
1386475781.25,-34.56733
1386475937.5,-34.56926
1386476093.75,-34.57141
1386476250.0,-34.56651
1386476406.25,-34.56577
1386476562.5,-34.565
1386476718.75,-34.5662
1386476875.0,-34.56131
1386477031.25,-34.56793
1386477187.5,-34.56633
1386477343.75,-34.56306
1386477500.0,-34.56151
1386477656.25,-34.57212
1386477812.5,-34.56741
1386477968.75,-34.56145
1386478125.0,-34.56107
1386478281.25,-34.56116
1386478437.5,-34.55878
1386478593.75,-34.55625
1386478750.0,-34.55594
1386478906.25,-34.55629
1386479062.5,-34.55372
1386479218.75,-34.55898
1386479375.0,-34.55205
1386479531.25,-34.55377
1386479687.5,-34.56137
1386479843.75,-34.54824
1386480000.0,-34.54984
1386480156.25,-34.55058
1386480312.5,-34.54692
1386480468.75,-34.56292
1386480625.0,-34.53897
1386480781.25,-34.53905
1386480937.5,-34.54211
1386481093.75,-34.55249
1386481250.0,-34.54165
1386481406.25,-34.54643
1386481562.5,-34.54422
1386481718.75,-34.54372
1386481875.0,-34.5469
1386482031.25,-34.54499
1386482187.5,-34.5318
1386482343.75,-34.55178
1386482500.0,-34.53318
1386482656.25,-34.533
1386482812.5,-34.54087
1386482968.75,-34.54346
1386483125.0,-34.53843
1386483281.25,-34.53409
1386483437.5,-34.53409
1386483593.75,-34.52975
1386483750.0,-34.52998
1386483906.25,-34.53107
1386484062.5,-34.53028
1386484218.75,-34.52288
1386484375.0,-34.52227
1386484531.25,-34.53406
1386484687.5,-34.52761
1386484843.75,-34.52811
1386485000.0,-34.52613
1386485156.25,-34.52304
1386485312.5,-34.53149
1386485468.75,-34.52148
1386485625.0,-34.52871
1386485781.25,-34.52505
1386485937.5,-34.51588
1386486093.75,-34.51551
1386486250.0,-34.51918
1386486406.25,-34.52014
1386486562.5,-34.51413
1386486718.75,-34.52025
1386486875.0,-34.52147
1386487031.25,-34.51548
1386487187.5,-34.50804
1386487343.75,-34.51334
1386487500.0,-34.51929
1386487656.25,-34.51719
1386487812.5,-34.51487
1386487968.75,-34.50897
1386488125.0,-34.51134
1386488281.25,-34.52147
1386488437.5,-34.51138
1386488593.75,-34.50816
1386488750.0,-34.5163
1386488906.25,-34.50978
1386489062.5,-34.51069
1386489218.75,-34.50603
1386489375.0,-34.50721
1386489531.25,-34.50063
1386489687.5,-34.50608
1386489843.75,-34.50148
1386490000.0,-34.50745
1386490156.25,-34.50743
1386490312.5,-34.50256
1386490468.75,-34.50797
1386490625.0,-34.50187
1386490781.25,-34.50336
1386490937.5,-34.49273
1386491093.75,-34.49449
1386491250.0,-34.49674
1386491406.25,-34.49289
1386491562.5,-34.49879
1386491718.75,-34.48841
1386491875.0,-34.48501
1386492031.25,-34.49844
1386492187.5,-34.48907
1386492343.75,-34.4934
1386492500.0,-34.48836
1386492656.25,-34.48062
1386492812.5,-34.4865
1386492968.75,-34.48621
1386493125.0,-34.48192
1386493281.25,-34.48874
1386493437.5,-34.47879
1386493593.75,-34.47696
1386493750.0,-34.49198
1386493906.25,-34.48001
1386494062.5,-34.48009
1386494218.75,-34.48294
1386494375.0,-34.4749
1386494531.25,-34.47875
1386494687.5,-34.47829
1386494843.75,-34.47618
1386495000.0,-34.46824
1386495156.25,-34.47632
1386495312.5,-34.47049
1386495468.75,-34.46459
1386495625.0,-34.47951
1386495781.25,-34.47145
1386495937.5,-34.4688
1386496093.75,-34.47287
1386496250.0,-34.47579
1386496406.25,-34.46896
1386496562.5,-34.46577
1386496718.75,-34.47035
1386496875.0,-34.46573
1386497031.25,-34.4607
1386497187.5,-34.45928
1386497343.75,-34.46699
1386497500.0,-34.46531
1386497656.25,-34.46463
1386497812.5,-34.47161
1386497968.75,-34.46031
1386498125.0,-34.46014
1386498281.25,-34.4523
1386498437.5,-34.45351
1386498593.75,-34.45089
1386498750.0,-34.46395
1386498906.25,-34.46479
1386499062.5,-34.45024
1386499218.75,-34.45753
1386499375.0,-34.45975
1386499531.25,-34.45723
1386499687.5,-34.45283
1386499843.75,-34.45697
1386500000.0,-34.44662
1386500156.25,-34.45103
1386500312.5,-34.44714
1386500468.75,-34.44461
1386500625.0,-34.45806
1386500781.25,-34.44616
1386500937.5,-34.45226
1386501093.75,-34.44314
1386501250.0,-34.44896
1386501406.25,-34.43859
1386501562.5,-34.4496
1386501718.75,-34.43822
1386501875.0,-34.43954
1386502031.25,-34.43973
1386502187.5,-34.44072
1386502343.75,-34.43316
1386502500.0,-34.44488
1386502656.25,-34.42849
1386502812.5,-34.44446
1386502968.75,-34.44119
1386503125.0,-34.44246
1386503281.25,-34.43096
1386503437.5,-34.44043
1386503593.75,-34.44923
1386503750.0,-34.43233
1386503906.25,-34.43044
1386504062.5,-34.42965
1386504218.75,-34.4284
1386504375.0,-34.43364
1386504531.25,-34.43097
1386504687.5,-34.43241
1386504843.75,-34.42117
1386505000.0,-34.43468
1386505156.25,-34.4318
1386505312.5,-34.43109
1386505468.75,-34.42821
1386505625.0,-34.42856
1386505781.25,-34.42294
1386505937.5,-34.41855
1386506093.75,-34.42583
1386506250.0,-34.41694
1386506406.25,-34.40979
1386506562.5,-34.42219
1386506718.75,-34.41791
1386506875.0,-34.41726
1386507031.25,-34.41695
1386507187.5,-34.41167
1386507343.75,-34.41605
1386507500.0,-34.41762
1386507656.25,-34.40915
1386507812.5,-34.41699
1386507968.75,-34.40891
1386508125.0,-34.4054
1386508281.25,-34.41511
1386508437.5,-34.40782
1386508593.75,-34.40832
1386508750.0,-34.40588
1386508906.25,-34.40839
1386509062.5,-34.40632
1386509218.75,-34.40874
1386509375.0,-34.39456
1386509531.25,-34.40999
1386509687.5,-34.40465
1386509843.75,-34.39248
1386510000.0,-34.39997
1386510156.25,-34.41158
1386510312.5,-34.40271
1386510468.75,-34.40229
1386510625.0,-34.40466
1386510781.25,-34.40252
1386510937.5,-34.39557
1386511093.75,-34.38628
1386511250.0,-34.3907
1386511406.25,-34.40105
1386511562.5,-34.38713
1386511718.75,-34.39141
1386511875.0,-34.39656
1386512031.25,-34.40029
1386512187.5,-34.39656
1386512343.75,-34.39221
1386512500.0,-34.38306
1386512656.25,-34.38754
1386512812.5,-34.38469
1386512968.75,-34.38615
1386513125.0,-34.38321
1386513281.25,-34.3829
1386513437.5,-34.37547
1386513593.75,-34.38759
1386513750.0,-34.38952
1386513906.25,-34.38475
1386514062.5,-34.38176
1386514218.75,-34.37954
1386514375.0,-34.37975
1386514531.25,-34.38483
1386514687.5,-34.37737
1386514843.75,-34.38416
1386515000.0,-34.36362
1386515156.25,-34.36908
1386515312.5,-34.37069
1386515468.75,-34.37538
1386515625.0,-34.36736
1386515781.25,-34.37096
1386515937.5,-34.3718
1386516093.75,-34.36499
1386516250.0,-34.37691
1386516406.25,-34.37392
1386516562.5,-34.37506
1386516718.75,-34.36432
1386516875.0,-34.36367
1386517031.25,-34.36611
1386517187.5,-34.36135
1386517343.75,-34.36531
1386517500.0,-34.37251
1386517656.25,-34.35137
1386517812.5,-34.35959
1386517968.75,-34.36707
1386518125.0,-34.35246
1386518281.25,-34.3633
1386518437.5,-34.35535
1386518593.75,-34.3488
1386518750.0,-34.36286
1386518906.25,-34.35794
1386519062.5,-34.35099
1386519218.75,-34.35996
1386519375.0,-34.36538
1386519531.25,-34.35806
1386519687.5,-34.35806
1386519843.75,-34.35297
1386520000.0,-34.35
1386520156.25,-34.35779
1386520312.5,-34.34192
1386520468.75,-34.35131
1386520625.0,-34.34923
1386520781.25,-34.34448
1386520937.5,-34.35862
1386521093.75,-34.33701
1386521250.0,-34.34703
1386521406.25,-34.34224
1386521562.5,-34.34338
1386521718.75,-34.34811
1386521875.0,-34.34365
1386522031.25,-34.3357
1386522187.5,-34.33949
1386522343.75,-34.33634
1386522500.0,-34.33843
1386522656.25,-34.33757
1386522812.5,-34.34347
1386522968.75,-34.34239
1386523125.0,-34.33596
1386523281.25,-34.33979
1386523437.5,-34.33722
1386523593.75,-34.34173
1386523750.0,-34.32473
1386523906.25,-34.33589
1386524062.5,-34.33075
1386524218.75,-34.32661
1386524375.0,-34.33056
1386524531.25,-34.33187
1386524687.5,-34.31726
1386524843.75,-34.33391
1386525000.0,-34.32241
1386525156.25,-34.31472
1386525312.5,-34.32657
1386525468.75,-34.33114
1386525625.0,-34.32118
1386525781.25,-34.32945
1386525937.5,-34.33009
1386526093.75,-34.32167
1386526250.0,-34.31831
1386526406.25,-34.32466
1386526562.5,-34.32112
1386526718.75,-34.32197
1386526875.0,-34.32032
1386527031.25,-34.32061
1386527187.5,-34.31206
1386527343.75,-34.32091
1386527500.0,-34.3037
1386527656.25,-34.30769
1386527812.5,-34.31079
1386527968.75,-34.31528
1386528125.0,-34.3153
1386528281.25,-34.30894
1386528437.5,-34.31718
1386528593.75,-34.30545
1386528750.0,-34.30601
1386528906.25,-34.30918
1386529062.5,-34.30501
1386529218.75,-34.30958
1386529375.0,-34.31229
1386529531.25,-34.30838
1386529687.5,-34.30123
1386529843.75,-34.30206
1386530000.0,-34.29378
1386530156.25,-34.30122
1386530312.5,-34.30456
1386530468.75,-34.30589
1386530625.0,-34.29882
1386530781.25,-34.29383
1386530937.5,-34.3016
1386531093.75,-34.29797
1386531250.0,-34.29551
1386531406.25,-34.2954
1386531562.5,-34.29751
1386531718.75,-34.29524
1386531875.0,-34.29161
1386532031.25,-34.2964
1386532187.5,-34.29443
1386532343.75,-34.28962
1386532500.0,-34.28395
1386532656.25,-34.29308
1386532812.5,-34.2913
1386532968.75,-34.28431
1386533125.0,-34.29118
1386533281.25,-34.28867
1386533437.5,-34.2776
1386533593.75,-34.27877
1386533750.0,-34.28181
1386533906.25,-34.28376
1386534062.5,-34.28379
1386534218.75,-34.27449
1386534375.0,-34.28693
1386534531.25,-34.27625
1386534687.5,-34.28898
1386534843.75,-34.27138
1386535000.0,-34.27075
1386535156.25,-34.27522
1386535312.5,-34.27486
1386535468.75,-34.27745
1386535625.0,-34.27097
1386535781.25,-34.26342
1386535937.5,-34.27223
1386536093.75,-34.26668
1386536250.0,-34.27459
1386536406.25,-34.26859
1386536562.5,-34.2662
1386536718.75,-34.26239
1386536875.0,-34.26951
1386537031.25,-34.27657
1386537187.5,-34.25769
1386537343.75,-34.27237
1386537500.0,-34.26446
1386537656.25,-34.25481
1386537812.5,-34.25525
1386537968.75,-34.2561
1386538125.0,-34.25084
1386538281.25,-34.26269
1386538437.5,-34.26617
1386538593.75,-34.25537
1386538750.0,-34.25658
1386538906.25,-34.25099
1386539062.5,-34.26209
1386539218.75,-34.2513
1386539375.0,-34.25259
1386539531.25,-34.25206
1386539687.5,-34.25156
1386539843.75,-34.2546
1386540000.0,-34.24441
1386540156.25,-34.24545
1386540312.5,-34.25021
1386540468.75,-34.25264
1386540625.0,-34.2438
1386540781.25,-34.2444
1386540937.5,-34.24996
1386541093.75,-34.24867
1386541250.0,-34.24074
1386541406.25,-34.24104
1386541562.5,-34.23293
1386541718.75,-34.23576
1386541875.0,-34.24294
1386542031.25,-34.24377
1386542187.5,-34.24023
1386542343.75,-34.24626
1386542500.0,-34.2395
1386542656.25,-34.23684
1386542812.5,-34.23679
1386542968.75,-34.23862
1386543125.0,-34.22288
1386543281.25,-34.23076
1386543437.5,-34.22937
1386543593.75,-34.23732
1386543750.0,-34.2351
1386543906.25,-34.22899
1386544062.5,-34.22458
1386544218.75,-34.2226
1386544375.0,-34.23006
1386544531.25,-34.22113
1386544687.5,-34.22332
1386544843.75,-34.22277
1386545000.0,-34.2272
1386545156.25,-34.22184
1386545312.5,-34.22087
1386545468.75,-34.22451
1386545625.0,-34.22804
1386545781.25,-34.22474
1386545937.5,-34.21997
1386546093.75,-34.22494
1386546250.0,-34.21746
1386546406.25,-34.21859
1386546562.5,-34.22352
1386546718.75,-34.22647
1386546875.0,-34.21883
1386547031.25,-34.21973
1386547187.5,-34.21479
1386547343.75,-34.21638
1386547500.0,-34.21313
1386547656.25,-34.21753
1386547812.5,-34.21348
1386547968.75,-34.21492
1386548125.0,-34.20839
1386548281.25,-34.21046
1386548437.5,-34.21649
1386548593.75,-34.20811
1386548750.0,-34.21298
1386548906.25,-34.21027
1386549062.5,-34.20516
1386549218.75,-34.20663
1386549375.0,-34.20537
1386549531.25,-34.20101
1386549687.5,-34.19316
1386549843.75,-34.19587
1386550000.0,-34.20869
1386550156.25,-34.19375
1386550312.5,-34.19473
1386550468.75,-34.20043
1386550625.0,-34.19139
1386550781.25,-34.1889
1386550937.5,-34.19259
1386551093.75,-34.18982
1386551250.0,-34.1917
1386551406.25,-34.19889
1386551562.5,-34.18718
1386551718.75,-34.19315
1386551875.0,-34.18752
1386552031.25,-34.19858
1386552187.5,-34.18418
1386552343.75,-34.18893
1386552500.0,-34.18969
1386552656.25,-34.18074
1386552812.5,-34.18333
1386552968.75,-34.18345
1386553125.0,-34.18566
1386553281.25,-34.18303
1386553437.5,-34.17748
1386553593.75,-34.18017
1386553750.0,-34.18611
1386553906.25,-34.18302
1386554062.5,-34.17923
1386554218.75,-34.18285
1386554375.0,-34.17214
1386554531.25,-34.17925
1386554687.5,-34.17049
1386554843.75,-34.16872
1386555000.0,-34.1746
1386555156.25,-34.17376
1386555312.5,-34.16984
1386555468.75,-34.17481
1386555625.0,-34.17471
1386555781.25,-34.16695
1386555937.5,-34.16349
1386556093.75,-34.16145
1386556250.0,-34.16245
1386556406.25,-34.16998
1386556562.5,-34.16932
1386556718.75,-34.1729
1386556875.0,-34.16692
1386557031.25,-34.15929
1386557187.5,-34.15192
1386557343.75,-34.15813
1386557500.0,-34.14618
1386557656.25,-34.15565
1386557812.5,-34.16626
1386557968.75,-34.16081
1386558125.0,-34.16455
1386558281.25,-34.15112
1386558437.5,-34.15127
1386558593.75,-34.16712
1386558750.0,-34.15326
1386558906.25,-34.15827
1386559062.5,-34.15601
1386559218.75,-34.15014
1386559375.0,-34.14742
1386559531.25,-34.1386
1386559687.5,-34.14466
1386559843.75,-34.14602
1386560000.0,-34.15052
1386560156.25,-34.14093
1386560312.5,-34.14349
1386560468.75,-34.14349
1386560625.0,-34.14672
1386560781.25,-34.13702
1386560937.5,-34.14568
1386561093.75,-34.13826
1386561250.0,-34.13803
1386561406.25,-34.13276
1386561562.5,-34.14667
1386561718.75,-34.13811
1386561875.0,-34.13755
1386562031.25,-34.13083
1386562187.5,-34.14145
1386562343.75,-34.14084
1386562500.0,-34.13518
1386562656.25,-34.1292
1386562812.5,-34.13833
1386562968.75,-34.13107
1386563125.0,-34.13758
1386563281.25,-34.14114
1386563437.5,-34.12669
1386563593.75,-34.13019
1386563750.0,-34.12574
1386563906.25,-34.13557
1386564062.5,-34.13245
1386564218.75,-34.1291
1386564375.0,-34.12405
1386564531.25,-34.12917
1386564687.5,-34.11985
1386564843.75,-34.12211
1386565000.0,-34.11956
1386565156.25,-34.11808
1386565312.5,-34.12622
1386565468.75,-34.10881
1386565625.0,-34.12188
1386565781.25,-34.11484
1386565937.5,-34.10918
1386566093.75,-34.11287
1386566250.0,-34.11706
1386566406.25,-34.11115
1386566562.5,-34.12192
1386566718.75,-34.1075
1386566875.0,-34.1096
1386567031.25,-34.11411
1386567187.5,-34.10106
1386567343.75,-34.10704
1386567500.0,-34.11467
1386567656.25,-34.1039
1386567812.5,-34.10123
1386567968.75,-34.11103
1386568125.0,-34.11419
1386568281.25,-34.10631
1386568437.5,-34.10201
1386568593.75,-34.1015
1386568750.0,-34.0973
1386568906.25,-34.097
1386569062.5,-34.10421
1386569218.75,-34.10766
1386569375.0,-34.10046
1386569531.25,-34.10026
1386569687.5,-34.09037
1386569843.75,-34.09569
1386570000.0,-34.10106
1386570156.25,-34.10479
1386570312.5,-34.08992
1386570468.75,-34.09387
1386570625.0,-34.09309
1386570781.25,-34.09013
1386570937.5,-34.08801
1386571093.75,-34.08636
1386571250.0,-34.0794
1386571406.25,-34.09239
1386571562.5,-34.0876
1386571718.75,-34.08888
1386571875.0,-34.08384
1386572031.25,-34.07615
1386572187.5,-34.09168
1386572343.75,-34.08238
1386572500.0,-34.0909
1386572656.25,-34.07663
1386572812.5,-34.0838
1386572968.75,-34.07617
1386573125.0,-34.07094
1386573281.25,-34.07433
1386573437.5,-34.06961
1386573593.75,-34.07896
1386573750.0,-34.07503
1386573906.25,-34.07141
1386574062.5,-34.07657
1386574218.75,-34.07148
1386574375.0,-34.07841
1386574531.25,-34.07028
1386574687.5,-34.07526
1386574843.75,-34.06527
1386575000.0,-34.07085
1386575156.25,-34.06694
1386575312.5,-34.07276
1386575468.75,-34.07297
1386575625.0,-34.06206
1386575781.25,-34.0698
1386575937.5,-34.06718
1386576093.75,-34.06081
1386576250.0,-34.07015
1386576406.25,-34.07129
1386576562.5,-34.05433
1386576718.75,-34.06654
1386576875.0,-34.07481
1386577031.25,-34.06312
1386577187.5,-34.06391
1386577343.75,-34.05381
1386577500.0,-34.06061
1386577656.25,-34.05637
1386577812.5,-34.05821
1386577968.75,-34.05122
1386578125.0,-34.05641
1386578281.25,-34.06101
1386578437.5,-34.05635
1386578593.75,-34.04562
1386578750.0,-34.04319
1386578906.25,-34.0577
1386579062.5,-34.0479
1386579218.75,-34.0429
1386579375.0,-34.05653
1386579531.25,-34.04029
1386579687.5,-34.04484
1386579843.75,-34.04443
1386580000.0,-34.04473
1386580156.25,-34.04402
1386580312.5,-34.03975
1386580468.75,-34.0428
1386580625.0,-34.0372
1386580781.25,-34.04659
1386580937.5,-34.03906
1386581093.75,-34.0372
1386581250.0,-34.04528
1386581406.25,-34.02756
1386581562.5,-34.03658
1386581718.75,-34.03247
1386581875.0,-34.0376
1386582031.25,-34.03247
1386582187.5,-34.03135
1386582343.75,-34.0263
1386582500.0,-34.03549
1386582656.25,-34.03056
1386582812.5,-34.02274
1386582968.75,-34.03081
1386583125.0,-34.02739
1386583281.25,-34.02111
1386583437.5,-34.01987
1386583593.75,-34.02196
1386583750.0,-34.01677
1386583906.25,-34.02344
1386584062.5,-34.01709
1386584218.75,-34.0278
1386584375.0,-34.01839
1386584531.25,-34.02919
1386584687.5,-34.02169
1386584843.75,-34.01567
1386585000.0,-34.02756
1386585156.25,-34.01424
1386585312.5,-34.01609
1386585468.75,-34.02598
1386585625.0,-34.01851
1386585781.25,-34.01157
1386585937.5,-34.01384
1386586093.75,-34.01786
1386586250.0,-34.0049
1386586406.25,-34.00951
1386586562.5,-34.01441
1386586718.75,-34.00382
1386586875.0,-34.00348
1386587031.25,-34.01051
1386587187.5,-34.00146
1386587343.75,-34.00614
1386587500.0,-34.00416
1386587656.25,-34.01392
1386587812.5,-34.01099
1386587968.75,-34.00618
1386588125.0,-34.0017
1386588281.25,-33.99656
1386588437.5,-34.00204
1386588593.75,-34.00113
1386588750.0,-34.00855
1386588906.25,-33.99566
1386589062.5,-34.00174
1386589218.75,-33.98874
1386589375.0,-33.99789
1386589531.25,-33.9967
1386589687.5,-33.98577
1386589843.75,-33.99425
1386590000.0,-33.99376
1386590156.25,-33.98417
1386590312.5,-33.99819
1386590468.75,-33.99046
1386590625.0,-33.98951
1386590781.25,-33.97775
1386590937.5,-33.9849
1386591093.75,-33.99099
1386591250.0,-33.98637
1386591406.25,-33.97601
1386591562.5,-33.98065
1386591718.75,-33.98046
1386591875.0,-33.97884
1386592031.25,-33.9738
1386592187.5,-33.97507
1386592343.75,-33.9805
1386592500.0,-33.97813
1386592656.25,-33.96949
1386592812.5,-33.97441
1386592968.75,-33.96807
1386593125.0,-33.97932
1386593281.25,-33.96717
1386593437.5,-33.96651
1386593593.75,-33.96984
1386593750.0,-33.96703
1386593906.25,-33.97184
1386594062.5,-33.97059
1386594218.75,-33.97005
1386594375.0,-33.96985
1386594531.25,-33.96644
1386594687.5,-33.96964
1386594843.75,-33.97738
1386595000.0,-33.96388
1386595156.25,-33.96756
1386595312.5,-33.96231
1386595468.75,-33.95807
1386595625.0,-33.95973
1386595781.25,-33.96201
1386595937.5,-33.96161
1386596093.75,-33.9566
1386596250.0,-33.96147
1386596406.25,-33.95214
1386596562.5,-33.96524
1386596718.75,-33.95475
1386596875.0,-33.94501
1386597031.25,-33.95847
1386597187.5,-33.95054
1386597343.75,-33.95141
1386597500.0,-33.94867
1386597656.25,-33.95603
1386597812.5,-33.94633
1386597968.75,-33.94564
1386598125.0,-33.94623
1386598281.25,-33.9493
1386598437.5,-33.94778
1386598593.75,-33.95174
1386598750.0,-33.93919
1386598906.25,-33.94453
1386599062.5,-33.94373
1386599218.75,-33.94672
1386599375.0,-33.93972
1386599531.25,-33.95058
1386599687.5,-33.93969
1386599843.75,-33.93449
1386600000.0,-33.93916
1386600156.25,-33.94839
1386600312.5,-33.9385
1386600468.75,-33.93326
1386600625.0,-33.94285
1386600781.25,-33.93753
1386600937.5,-33.92588
1386601093.75,-33.92915
1386601250.0,-33.9207
1386601406.25,-33.93253
1386601562.5,-33.93576
1386601718.75,-33.93015
1386601875.0,-33.92952
1386602031.25,-33.93409
1386602187.5,-33.92287
1386602343.75,-33.92607
1386602500.0,-33.92501
1386602656.25,-33.92284
1386602812.5,-33.92793
1386602968.75,-33.91686
1386603125.0,-33.9245
1386603281.25,-33.92312
1386603437.5,-33.92081
1386603593.75,-33.91077
1386603750.0,-33.91413
1386603906.25,-33.91142
1386604062.5,-33.91446
1386604218.75,-33.91959
1386604375.0,-33.91956
1386604531.25,-33.91986
1386604687.5,-33.91475
1386604843.75,-33.90136
1386605000.0,-33.90473
1386605156.25,-33.90966
1386605312.5,-33.91756
1386605468.75,-33.9025
1386605625.0,-33.89868
1386605781.25,-33.90462
1386605937.5,-33.90734
1386606093.75,-33.91679
1386606250.0,-33.90794
1386606406.25,-33.90106
1386606562.5,-33.90161
1386606718.75,-33.90398
1386606875.0,-33.90138
1386607031.25,-33.89479
1386607187.5,-33.89325
1386607343.75,-33.89571
1386607500.0,-33.89929
1386607656.25,-33.89166
1386607812.5,-33.89639
1386607968.75,-33.89592
1386608125.0,-33.89426
1386608281.25,-33.88949
1386608437.5,-33.89616
1386608593.75,-33.89544
1386608750.0,-33.88497
1386608906.25,-33.88747
1386609062.5,-33.90087
1386609218.75,-33.89429
1386609375.0,-33.89315
1386609531.25,-33.88201
1386609687.5,-33.87881
1386609843.75,-33.8863
1386610000.0,-33.88415
1386610156.25,-33.88432
1386610312.5,-33.88408
1386610468.75,-33.88295
1386610625.0,-33.88921
1386610781.25,-33.87682
1386610937.5,-33.88265
1386611093.75,-33.88333
1386611250.0,-33.88108
1386611406.25,-33.8825
1386611562.5,-33.86504
1386611718.75,-33.88627
1386611875.0,-33.87247
1386612031.25,-33.87759
1386612187.5,-33.87107
1386612343.75,-33.87572
1386612500.0,-33.8696
1386612656.25,-33.87639
1386612812.5,-33.8712
1386612968.75,-33.86888
1386613125.0,-33.87036
1386613281.25,-33.85787
1386613437.5,-33.86966
1386613593.75,-33.85552
1386613750.0,-33.86741
1386613906.25,-33.85978
1386614062.5,-33.87033
1386614218.75,-33.87038
1386614375.0,-33.86753
1386614531.25,-33.85781
1386614687.5,-33.85362
1386614843.75,-33.85988
1386615000.0,-33.85979
1386615156.25,-33.85791
1386615312.5,-33.85723
1386615468.75,-33.87105
1386615625.0,-33.85574
1386615781.25,-33.85452
1386615937.5,-33.85559
1386616093.75,-33.84738
1386616250.0,-33.85224
1386616406.25,-33.85235
1386616562.5,-33.84398
1386616718.75,-33.85513
1386616875.0,-33.85134
1386617031.25,-33.84521
1386617187.5,-33.84166
1386617343.75,-33.84396
1386617500.0,-33.8424
1386617656.25,-33.84786
1386617812.5,-33.84315
1386617968.75,-33.84357
1386618125.0,-33.84439
1386618281.25,-33.83898
1386618437.5,-33.84196
1386618593.75,-33.83678
1386618750.0,-33.84578
1386618906.25,-33.84158
1386619062.5,-33.83629
1386619218.75,-33.83646
1386619375.0,-33.82704
1386619531.25,-33.83022
1386619687.5,-33.83634
1386619843.75,-33.83339
1386620000.0,-33.82691
1386620156.25,-33.8265
1386620312.5,-33.82976
1386620468.75,-33.83041
1386620625.0,-33.83512
1386620781.25,-33.82755
1386620937.5,-33.82299
1386621093.75,-33.82508
1386621250.0,-33.82222
1386621406.25,-33.81739
1386621562.5,-33.82059
1386621718.75,-33.81564
1386621875.0,-33.81565
1386622031.25,-33.82497
1386622187.5,-33.81732
1386622343.75,-33.81887
1386622500.0,-33.81218
1386622656.25,-33.82175
1386622812.5,-33.8207
1386622968.75,-33.81581
1386623125.0,-33.81507
1386623281.25,-33.81205
1386623437.5,-33.81058
1386623593.75,-33.81073
1386623750.0,-33.81456
1386623906.25,-33.81875
1386624062.5,-33.81233
1386624218.75,-33.80742
1386624375.0,-33.80998
1386624531.25,-33.8057
1386624687.5,-33.814
1386624843.75,-33.8065
1386625000.0,-33.80867
1386625156.25,-33.80687
1386625312.5,-33.80135
1386625468.75,-33.80573
1386625625.0,-33.80426
1386625781.25,-33.78809
1386625937.5,-33.79611
1386626093.75,-33.79846
1386626250.0,-33.78772
1386626406.25,-33.80436
1386626562.5,-33.80185
1386626718.75,-33.79491
1386626875.0,-33.79011
1386627031.25,-33.7924
1386627187.5,-33.79301
1386627343.75,-33.7902
1386627500.0,-33.79258
1386627656.25,-33.79061
1386627812.5,-33.78791
1386627968.75,-33.78651
1386628125.0,-33.78938
1386628281.25,-33.79837
1386628437.5,-33.79019
1386628593.75,-33.7869
1386628750.0,-33.78686
1386628906.25,-33.78716
1386629062.5,-33.78339
1386629218.75,-33.77847
1386629375.0,-33.77886
1386629531.25,-33.77656
1386629687.5,-33.77648
1386629843.75,-33.77646
1386630000.0,-33.78581
1386630156.25,-33.77943
1386630312.5,-33.77831
1386630468.75,-33.77298
1386630625.0,-33.77851
1386630781.25,-33.77127
1386630937.5,-33.77854
1386631093.75,-33.77043
1386631250.0,-33.77172
1386631406.25,-33.76677
1386631562.5,-33.776
1386631718.75,-33.77283
1386631875.0,-33.76583
1386632031.25,-33.76662
1386632187.5,-33.77052
1386632343.75,-33.75748
1386632500.0,-33.76263
1386632656.25,-33.76148
1386632812.5,-33.76015
1386632968.75,-33.76111
1386633125.0,-33.76375
1386633281.25,-33.76028
1386633437.5,-33.76402
1386633593.75,-33.75293
1386633750.0,-33.76041
1386633906.25,-33.75261
1386634062.5,-33.76196
1386634218.75,-33.75787
1386634375.0,-33.75352
1386634531.25,-33.7542
1386634687.5,-33.74628
1386634843.75,-33.75681
1386635000.0,-33.74703
1386635156.25,-33.75555
1386635312.5,-33.75044
1386635468.75,-33.74862
1386635625.0,-33.74666
1386635781.25,-33.74176
1386635937.5,-33.75009
1386636093.75,-33.74389
1386636250.0,-33.74651
1386636406.25,-33.74432
1386636562.5,-33.74255
1386636718.75,-33.7422
1386636875.0,-33.73657
1386637031.25,-33.74135
1386637187.5,-33.74176
1386637343.75,-33.74482
1386637500.0,-33.74462
1386637656.25,-33.74819
1386637812.5,-33.73729
1386637968.75,-33.73884
1386638125.0,-33.7362
1386638281.25,-33.73544
1386638437.5,-33.72973
1386638593.75,-33.72874
1386638750.0,-33.72658
1386638906.25,-33.72458
1386639062.5,-33.73244
1386639218.75,-33.73287
1386639375.0,-33.72899
1386639531.25,-33.72099
1386639687.5,-33.72711
1386639843.75,-33.72462
1386640000.0,-33.73348
1386640156.25,-33.72101
1386640312.5,-33.71659
1386640468.75,-33.72636
1386640625.0,-33.71634
1386640781.25,-33.71848
1386640937.5,-33.72549
1386641093.75,-33.72178
1386641250.0,-33.72418
1386641406.25,-33.7105
1386641562.5,-33.72108
1386641718.75,-33.70845
1386641875.0,-33.70715
1386642031.25,-33.70464
1386642187.5,-33.72207
1386642343.75,-33.71767
1386642500.0,-33.7135
1386642656.25,-33.72432
1386642812.5,-33.70389
1386642968.75,-33.70087
1386643125.0,-33.70311
1386643281.25,-33.71021
1386643437.5,-33.71347
1386643593.75,-33.70985
1386643750.0,-33.69733
1386643906.25,-33.70257
1386644062.5,-33.70215
1386644218.75,-33.71497
1386644375.0,-33.70031
1386644531.25,-33.69421
1386644687.5,-33.70107
1386644843.75,-33.69972
1386645000.0,-33.69409
1386645156.25,-33.69141
1386645312.5,-33.69977
1386645468.75,-33.69122
1386645625.0,-33.69101
1386645781.25,-33.69368
1386645937.5,-33.68579
1386646093.75,-33.68781
1386646250.0,-33.69505
1386646406.25,-33.68667
1386646562.5,-33.68249
1386646718.75,-33.68441
1386646875.0,-33.68597
1386647031.25,-33.68563
1386647187.5,-33.6837
1386647343.75,-33.69054
1386647500.0,-33.68839
1386647656.25,-33.6836
1386647812.5,-33.67955
1386647968.75,-33.68233
1386648125.0,-33.68557
1386648281.25,-33.67711
1386648437.5,-33.67268
1386648593.75,-33.68074
1386648750.0,-33.67606
1386648906.25,-33.68024
1386649062.5,-33.6734
1386649218.75,-33.66487
1386649375.0,-33.66962
1386649531.25,-33.68527
1386649687.5,-33.66703
1386649843.75,-33.67289
1386650000.0,-33.67231
1386650156.25,-33.67078
1386650312.5,-33.66494
1386650468.75,-33.66769
1386650625.0,-33.6634
1386650781.25,-33.66352
1386650937.5,-33.66179
1386651093.75,-33.66167
1386651250.0,-33.67019
1386651406.25,-33.66094
1386651562.5,-33.66449
1386651718.75,-33.65251
1386651875.0,-33.66483
1386652031.25,-33.65771
1386652187.5,-33.66111
1386652343.75,-33.64942
1386652500.0,-33.6576
1386652656.25,-33.64907
1386652812.5,-33.65571
1386652968.75,-33.64777
1386653125.0,-33.6549
1386653281.25,-33.65469
1386653437.5,-33.64729
1386653593.75,-33.64743
1386653750.0,-33.64935
1386653906.25,-33.65602
1386654062.5,-33.64596
1386654218.75,-33.65184
1386654375.0,-33.64359
1386654531.25,-33.64688
1386654687.5,-33.64027
1386654843.75,-33.64333
1386655000.0,-33.64388
1386655156.25,-33.64213
1386655312.5,-33.64395
1386655468.75,-33.6412
1386655625.0,-33.63576
1386655781.25,-33.64272
1386655937.5,-33.63104
1386656093.75,-33.64381
1386656250.0,-33.62743
1386656406.25,-33.63703
1386656562.5,-33.641
1386656718.75,-33.6395
1386656875.0,-33.6251
1386657031.25,-33.62684
1386657187.5,-33.62728
1386657343.75,-33.63789
1386657500.0,-33.63132
1386657656.25,-33.63
1386657812.5,-33.62647
1386657968.75,-33.62493
1386658125.0,-33.631
1386658281.25,-33.62737
1386658437.5,-33.62497
1386658593.75,-33.63251
1386658750.0,-33.61596
1386658906.25,-33.62503
1386659062.5,-33.6227
1386659218.75,-33.61899
1386659375.0,-33.61732
1386659531.25,-33.61007
1386659687.5,-33.62299
1386659843.75,-33.61613
1386660000.0,-33.61193
1386660156.25,-33.61512
1386660312.5,-33.614
1386660468.75,-33.61291
1386660625.0,-33.61016
1386660781.25,-33.6161
1386660937.5,-33.60492
1386661093.75,-33.61644
1386661250.0,-33.60341
1386661406.25,-33.60866
1386661562.5,-33.60256
1386661718.75,-33.60822
1386661875.0,-33.60566
1386662031.25,-33.60114
1386662187.5,-33.60626
1386662343.75,-33.6072
1386662500.0,-33.60717
1386662656.25,-33.5904
1386662812.5,-33.60307
1386662968.75,-33.60058
1386663125.0,-33.59775
1386663281.25,-33.59476
1386663437.5,-33.59462
1386663593.75,-33.59802
1386663750.0,-33.59049
1386663906.25,-33.59407
1386664062.5,-33.5989
1386664218.75,-33.5929
1386664375.0,-33.59542
1386664531.25,-33.59229
1386664687.5,-33.59517
1386664843.75,-33.59225
1386665000.0,-33.58997
1386665156.25,-33.59222
1386665312.5,-33.58121
1386665468.75,-33.58578
1386665625.0,-33.57686
1386665781.25,-33.58294
1386665937.5,-33.57615
1386666093.75,-33.57861
1386666250.0,-33.58529
1386666406.25,-33.57828
1386666562.5,-33.5763
1386666718.75,-33.57536
1386666875.0,-33.58002
1386667031.25,-33.58029
1386667187.5,-33.58025
1386667343.75,-33.5719
1386667500.0,-33.57508
1386667656.25,-33.57382
1386667812.5,-33.5699
1386667968.75,-33.56693
1386668125.0,-33.56687
1386668281.25,-33.57
1386668437.5,-33.57233
1386668593.75,-33.56916
1386668750.0,-33.56283
1386668906.25,-33.56289
1386669062.5,-33.5619
1386669218.75,-33.56676
1386669375.0,-33.56529
1386669531.25,-33.56845
1386669687.5,-33.5589
1386669843.75,-33.5606
1386670000.0,-33.5582
1386670156.25,-33.56271
1386670312.5,-33.55905
1386670468.75,-33.55221
1386670625.0,-33.55635
1386670781.25,-33.54977
1386670937.5,-33.56035
1386671093.75,-33.55311
1386671250.0,-33.559
1386671406.25,-33.55181
1386671562.5,-33.54768
1386671718.75,-33.55172
1386671875.0,-33.55162
1386672031.25,-33.54312
1386672187.5,-33.54919
1386672343.75,-33.54849
1386672500.0,-33.54386
1386672656.25,-33.54593
1386672812.5,-33.54927
1386672968.75,-33.54791
1386673125.0,-33.54027
1386673281.25,-33.54161
1386673437.5,-33.54128
1386673593.75,-33.53307
1386673750.0,-33.54443
1386673906.25,-33.5365
1386674062.5,-33.54618
1386674218.75,-33.53363
1386674375.0,-33.53807
1386674531.25,-33.54126
1386674687.5,-33.53808
1386674843.75,-33.53385
1386675000.0,-33.53012
1386675156.25,-33.53541
1386675312.5,-33.52985
1386675468.75,-33.53228
1386675625.0,-33.53032
1386675781.25,-33.53612
1386675937.5,-33.52313
1386676093.75,-33.52555
1386676250.0,-33.52971
1386676406.25,-33.52979
1386676562.5,-33.52193
1386676718.75,-33.52278
1386676875.0,-33.52056
1386677031.25,-33.52302
1386677187.5,-33.5148
1386677343.75,-33.51641
1386677500.0,-33.51525
1386677656.25,-33.51229
1386677812.5,-33.52036
1386677968.75,-33.51818
1386678125.0,-33.5078
1386678281.25,-33.51743
1386678437.5,-33.51284
1386678593.75,-33.51211
1386678750.0,-33.5115
1386678906.25,-33.50353
1386679062.5,-33.50911
1386679218.75,-33.51268
1386679375.0,-33.51339
1386679531.25,-33.49575
1386679687.5,-33.5045
1386679843.75,-33.5057
1386680000.0,-33.50561
1386680156.25,-33.50209
1386680312.5,-33.50457
1386680468.75,-33.49891
1386680625.0,-33.50086
1386680781.25,-33.50163
1386680937.5,-33.50378
1386681093.75,-33.50399
1386681250.0,-33.49891
1386681406.25,-33.49331
1386681562.5,-33.49133
1386681718.75,-33.49928
1386681875.0,-33.49398
1386682031.25,-33.49425
1386682187.5,-33.48874
1386682343.75,-33.49209
1386682500.0,-33.49529
1386682656.25,-33.4917
1386682812.5,-33.48685
1386682968.75,-33.48203
1386683125.0,-33.48433
1386683281.25,-33.48618
1386683437.5,-33.48098
1386683593.75,-33.49664
1386683750.0,-33.48185
1386683906.25,-33.47885
1386684062.5,-33.47858
1386684218.75,-33.47895
1386684375.0,-33.48502
1386684531.25,-33.48278
1386684687.5,-33.48101
1386684843.75,-33.47487
1386685000.0,-33.48103
1386685156.25,-33.47274
1386685312.5,-33.47852
1386685468.75,-33.47105
1386685625.0,-33.48437
1386685781.25,-33.47672
1386685937.5,-33.47575
1386686093.75,-33.47718
1386686250.0,-33.47496
1386686406.25,-33.4738
1386686562.5,-33.47627
1386686718.75,-33.46772
1386686875.0,-33.46688
1386687031.25,-33.46033
1386687187.5,-33.46836
1386687343.75,-33.45287
1386687500.0,-33.46267
1386687656.25,-33.46918
1386687812.5,-33.46965
1386687968.75,-33.46093
1386688125.0,-33.45753
1386688281.25,-33.46619
1386688437.5,-33.44793
1386688593.75,-33.4597
1386688750.0,-33.45256
1386688906.25,-33.45551
1386689062.5,-33.45803
1386689218.75,-33.44381
1386689375.0,-33.45486
1386689531.25,-33.45266
1386689687.5,-33.45042
1386689843.75,-33.44699
1386690000.0,-33.4452
1386690156.25,-33.44992
1386690312.5,-33.45314
1386690468.75,-33.45812
1386690625.0,-33.45
1386690781.25,-33.44606
1386690937.5,-33.4564
1386691093.75,-33.43967
1386691250.0,-33.44254
1386691406.25,-33.4388
1386691562.5,-33.44163
1386691718.75,-33.43856
1386691875.0,-33.43553
1386692031.25,-33.44244
1386692187.5,-33.43459
1386692343.75,-33.43784
1386692500.0,-33.43195
1386692656.25,-33.43666
1386692812.5,-33.43681
1386692968.75,-33.43077
1386693125.0,-33.43052
1386693281.25,-33.43299
1386693437.5,-33.43037
1386693593.75,-33.42636
1386693750.0,-33.42419
1386693906.25,-33.42752
1386694062.5,-33.42985
1386694218.75,-33.42047
1386694375.0,-33.42611
1386694531.25,-33.41842
1386694687.5,-33.41854
1386694843.75,-33.4212
1386695000.0,-33.41533
1386695156.25,-33.41949
1386695312.5,-33.42712
1386695468.75,-33.41037
1386695625.0,-33.41572
1386695781.25,-33.4187
1386695937.5,-33.41625
1386696093.75,-33.41677
1386696250.0,-33.41404
1386696406.25,-33.4089
1386696562.5,-33.40688
1386696718.75,-33.42102
1386696875.0,-33.40881
1386697031.25,-33.41578
1386697187.5,-33.41205
1386697343.75,-33.40957
1386697500.0,-33.40657
1386697656.25,-33.40893
1386697812.5,-33.4082
1386697968.75,-33.40301
1386698125.0,-33.40116
1386698281.25,-33.40385
1386698437.5,-33.40357
1386698593.75,-33.40366
1386698750.0,-33.40308
1386698906.25,-33.39359
1386699062.5,-33.39729
1386699218.75,-33.39178
1386699375.0,-33.39089
1386699531.25,-33.3967
1386699687.5,-33.39544
1386699843.75,-33.38774
1386700000.0,-33.39058
1386700156.25,-33.39949
1386700312.5,-33.39765
1386700468.75,-33.39245
1386700625.0,-33.3917
1386700781.25,-33.39502
1386700937.5,-33.39483
1386701093.75,-33.38464
1386701250.0,-33.37914
1386701406.25,-33.38293
1386701562.5,-33.38248
1386701718.75,-33.38111
1386701875.0,-33.38297
1386702031.25,-33.38477
1386702187.5,-33.38174
1386702343.75,-33.37655
1386702500.0,-33.37557
1386702656.25,-33.37474
1386702812.5,-33.38299
1386702968.75,-33.37633
1386703125.0,-33.37749
1386703281.25,-33.37709
1386703437.5,-33.37792
1386703593.75,-33.37229
1386703750.0,-33.37677
1386703906.25,-33.37447
1386704062.5,-33.37279
1386704218.75,-33.36906
1386704375.0,-33.36743
1386704531.25,-33.3687
1386704687.5,-33.36534
1386704843.75,-33.36704
1386705000.0,-33.36866
1386705156.25,-33.35709
1386705312.5,-33.36349
1386705468.75,-33.37429
1386705625.0,-33.3644
1386705781.25,-33.35722
1386705937.5,-33.3608
1386706093.75,-33.36024
1386706250.0,-33.3521
1386706406.25,-33.36499
1386706562.5,-33.3586
1386706718.75,-33.35781
1386706875.0,-33.3553
1386707031.25,-33.35826
1386707187.5,-33.34816
1386707343.75,-33.35521
1386707500.0,-33.35458
1386707656.25,-33.34481
1386707812.5,-33.35328
1386707968.75,-33.3447
1386708125.0,-33.34816
1386708281.25,-33.35004
1386708437.5,-33.35124
1386708593.75,-33.34013
1386708750.0,-33.34429
1386708906.25,-33.34087
1386709062.5,-33.34029
1386709218.75,-33.33681
1386709375.0,-33.33178
1386709531.25,-33.34023
1386709687.5,-33.33783
1386709843.75,-33.33698
1386710000.0,-33.33071
1386710156.25,-33.33797
1386710312.5,-33.33726
1386710468.75,-33.3281
1386710625.0,-33.33001
1386710781.25,-33.33379
1386710937.5,-33.32608
1386711093.75,-33.33748
1386711250.0,-33.32722
1386711406.25,-33.32923
1386711562.5,-33.33319
1386711718.75,-33.33016
1386711875.0,-33.32875
1386712031.25,-33.32596
1386712187.5,-33.31964
1386712343.75,-33.32101
1386712500.0,-33.31317
1386712656.25,-33.32592
1386712812.5,-33.32491
1386712968.75,-33.32334
1386713125.0,-33.3254
1386713281.25,-33.31733
1386713437.5,-33.32214
1386713593.75,-33.31743
1386713750.0,-33.30919
1386713906.25,-33.31818
1386714062.5,-33.31983
1386714218.75,-33.31274
1386714375.0,-33.3175
1386714531.25,-33.30175
1386714687.5,-33.30347
1386714843.75,-33.31377
1386715000.0,-33.3098
1386715156.25,-33.30754
1386715312.5,-33.30504
1386715468.75,-33.29698
1386715625.0,-33.29951
1386715781.25,-33.29792
1386715937.5,-33.29614
1386716093.75,-33.30877
1386716250.0,-33.29881
1386716406.25,-33.30218
1386716562.5,-33.29571
1386716718.75,-33.29733
1386716875.0,-33.30103
1386717031.25,-33.27992
1386717187.5,-33.3036
1386717343.75,-33.29849
1386717500.0,-33.29485
1386717656.25,-33.29408
1386717812.5,-33.29454
1386717968.75,-33.29363
1386718125.0,-33.29395
1386718281.25,-33.29574
1386718437.5,-33.28758
1386718593.75,-33.28582
1386718750.0,-33.28658
1386718906.25,-33.2926
1386719062.5,-33.28545
1386719218.75,-33.27521
1386719375.0,-33.28399
1386719531.25,-33.27368
1386719687.5,-33.28511
1386719843.75,-33.27987
1386720000.0,-33.27046
1386720156.25,-33.27826
1386720312.5,-33.2802
1386720468.75,-33.27429
1386720625.0,-33.27666
1386720781.25,-33.2796
1386720937.5,-33.28213
1386721093.75,-33.27312
1386721250.0,-33.27784
1386721406.25,-33.26706
1386721562.5,-33.2752
1386721718.75,-33.27483
1386721875.0,-33.2617
1386722031.25,-33.27103
1386722187.5,-33.25964
1386722343.75,-33.26737
1386722500.0,-33.25881
1386722656.25,-33.25657
1386722812.5,-33.26887
1386722968.75,-33.25909
1386723125.0,-33.26488
1386723281.25,-33.26653
1386723437.5,-33.26246
1386723593.75,-33.25667
1386723750.0,-33.26029
1386723906.25,-33.25776
1386724062.5,-33.2612
1386724218.75,-33.24823
1386724375.0,-33.25838
1386724531.25,-33.25726
1386724687.5,-33.24853
1386724843.75,-33.25024
1386725000.0,-33.25193
1386725156.25,-33.25475
1386725312.5,-33.25167
1386725468.75,-33.25394
1386725625.0,-33.2459
1386725781.25,-33.24534
1386725937.5,-33.24248
1386726093.75,-33.24763
1386726250.0,-33.24714
1386726406.25,-33.25294
1386726562.5,-33.2393
1386726718.75,-33.24525
1386726875.0,-33.23596
1386727031.25,-33.24069
1386727187.5,-33.23397
1386727343.75,-33.23432
1386727500.0,-33.23547
1386727656.25,-33.23102
1386727812.5,-33.23902
1386727968.75,-33.23381
1386728125.0,-33.22412
1386728281.25,-33.22519
1386728437.5,-33.22908
1386728593.75,-33.22916
1386728750.0,-33.22674
1386728906.25,-33.22741
1386729062.5,-33.22185
1386729218.75,-33.2284
1386729375.0,-33.22537
1386729531.25,-33.21987
1386729687.5,-33.2317
1386729843.75,-33.22652
1386730000.0,-33.21388
1386730156.25,-33.22166
1386730312.5,-33.21825
1386730468.75,-33.21677
1386730625.0,-33.22384
1386730781.25,-33.21935
1386730937.5,-33.22263
1386731093.75,-33.21907
1386731250.0,-33.21532
1386731406.25,-33.22086
1386731562.5,-33.21178
1386731718.75,-33.21472
1386731875.0,-33.20253
1386732031.25,-33.21705
1386732187.5,-33.2044
1386732343.75,-33.21453
1386732500.0,-33.20446
1386732656.25,-33.20776
1386732812.5,-33.20273
1386732968.75,-33.20481
1386733125.0,-33.19983
1386733281.25,-33.20671
1386733437.5,-33.19527
1386733593.75,-33.20285
1386733750.0,-33.20138
1386733906.25,-33.19795
1386734062.5,-33.19969
1386734218.75,-33.20019
1386734375.0,-33.19679
1386734531.25,-33.19753
1386734687.5,-33.20053
1386734843.75,-33.18995
1386735000.0,-33.19206
1386735156.25,-33.20041
1386735312.5,-33.1931
1386735468.75,-33.1966
1386735625.0,-33.18841
1386735781.25,-33.19532
1386735937.5,-33.19024
1386736093.75,-33.18977
1386736250.0,-33.19532
1386736406.25,-33.18868
1386736562.5,-33.18643
1386736718.75,-33.18441
1386736875.0,-33.18363
1386737031.25,-33.1804
1386737187.5,-33.17984
1386737343.75,-33.18159
1386737500.0,-33.17965
1386737656.25,-33.18346
1386737812.5,-33.17561
1386737968.75,-33.1783
1386738125.0,-33.18284
1386738281.25,-33.17512
1386738437.5,-33.16966
1386738593.75,-33.1735
1386738750.0,-33.17213
1386738906.25,-33.1741
1386739062.5,-33.17177
1386739218.75,-33.17571
1386739375.0,-33.16614
1386739531.25,-33.17126
1386739687.5,-33.15849
1386739843.75,-33.16585
1386740000.0,-33.16134
1386740156.25,-33.17336
1386740312.5,-33.1635
1386740468.75,-33.16483
1386740625.0,-33.16411
1386740781.25,-33.1583
1386740937.5,-33.15181
1386741093.75,-33.16355
1386741250.0,-33.15482
1386741406.25,-33.15022
1386741562.5,-33.1538
1386741718.75,-33.15867
1386741875.0,-33.15572
1386742031.25,-33.14855
1386742187.5,-33.1561
1386742343.75,-33.14968
1386742500.0,-33.14307
1386742656.25,-33.15195
1386742812.5,-33.14637
1386742968.75,-33.14167
1386743125.0,-33.14155
1386743281.25,-33.15157
1386743437.5,-33.14569
1386743593.75,-33.14085
1386743750.0,-33.14327
1386743906.25,-33.15021
1386744062.5,-33.1403
1386744218.75,-33.13639
1386744375.0,-33.14148
1386744531.25,-33.14299
1386744687.5,-33.13648
1386744843.75,-33.13893
1386745000.0,-33.14543
1386745156.25,-33.13398
1386745312.5,-33.135
1386745468.75,-33.13995
1386745625.0,-33.13288
1386745781.25,-33.11822
1386745937.5,-33.13948
1386746093.75,-33.13175
1386746250.0,-33.12657
1386746406.25,-33.12945
1386746562.5,-33.12212
1386746718.75,-33.13094
1386746875.0,-33.1276
1386747031.25,-33.12858
1386747187.5,-33.12169
1386747343.75,-33.12628
1386747500.0,-33.12407
1386747656.25,-33.12037
1386747812.5,-33.11661
1386747968.75,-33.11737
1386748125.0,-33.11943
1386748281.25,-33.11802
1386748437.5,-33.10947
1386748593.75,-33.12072
1386748750.0,-33.11835
1386748906.25,-33.10472
1386749062.5,-33.11596
1386749218.75,-33.10936
1386749375.0,-33.11613
1386749531.25,-33.10772
1386749687.5,-33.11308
1386749843.75,-33.11309
1386750000.0,-33.10447
1386750156.25,-33.10705
1386750312.5,-33.10925
1386750468.75,-33.10549
1386750625.0,-33.09879
1386750781.25,-33.10479
1386750937.5,-33.10865
1386751093.75,-33.10204
1386751250.0,-33.10062
1386751406.25,-33.09562
1386751562.5,-33.09445
1386751718.75,-33.09941
1386751875.0,-33.0935
1386752031.25,-33.08846
1386752187.5,-33.09272
1386752343.75,-33.08968
1386752500.0,-33.08902
1386752656.25,-33.09414
1386752812.5,-33.09168
1386752968.75,-33.08498
1386753125.0,-33.08538
1386753281.25,-33.09198
1386753437.5,-33.08606
1386753593.75,-33.09106
1386753750.0,-33.08798
1386753906.25,-33.08794
1386754062.5,-33.09028
1386754218.75,-33.0774
1386754375.0,-33.07894
1386754531.25,-33.07663
1386754687.5,-33.0725
1386754843.75,-33.08041
1386755000.0,-33.08484
1386755156.25,-33.07855
1386755312.5,-33.07785
1386755468.75,-33.0819
1386755625.0,-33.07417
1386755781.25,-33.06958
1386755937.5,-33.07663
1386756093.75,-33.07388
1386756250.0,-33.07104
1386756406.25,-33.06625
1386756562.5,-33.06506
1386756718.75,-33.07045
1386756875.0,-33.0717
1386757031.25,-33.06452
1386757187.5,-33.05796
1386757343.75,-33.0648
1386757500.0,-33.05314
1386757656.25,-33.064
1386757812.5,-33.06416
1386757968.75,-33.06632
1386758125.0,-33.0576
1386758281.25,-33.06131
1386758437.5,-33.0573
1386758593.75,-33.06129
1386758750.0,-33.05541
1386758906.25,-33.0473
1386759062.5,-33.05476
1386759218.75,-33.05871
1386759375.0,-33.05212
1386759531.25,-33.05084
1386759687.5,-33.05173
1386759843.75,-33.05425
1386760000.0,-33.04021
1386760156.25,-33.05019
1386760312.5,-33.0437
1386760468.75,-33.05013
1386760625.0,-33.04506
1386760781.25,-33.04699
1386760937.5,-33.04307
1386761093.75,-33.04177
1386761250.0,-33.03806
1386761406.25,-33.04324
1386761562.5,-33.03965
1386761718.75,-33.04058
1386761875.0,-33.03269
1386762031.25,-33.04294
1386762187.5,-33.02998
1386762343.75,-33.03795
1386762500.0,-33.04508
1386762656.25,-33.03043
1386762812.5,-33.03052
1386762968.75,-33.01847
1386763125.0,-33.02697
1386763281.25,-33.03343
1386763437.5,-33.02573
1386763593.75,-33.02728
1386763750.0,-33.02196
1386763906.25,-33.0285
1386764062.5,-33.02782
1386764218.75,-33.02088
1386764375.0,-33.02274
1386764531.25,-33.02238
1386764687.5,-33.01787
1386764843.75,-33.02128
1386765000.0,-33.0217
1386765156.25,-33.01831
1386765312.5,-33.02261
1386765468.75,-33.01249
1386765625.0,-33.01283
1386765781.25,-33.01653
1386765937.5,-33.01183
1386766093.75,-33.00949
1386766250.0,-33.01024
1386766406.25,-33.01354
1386766562.5,-33.01355
1386766718.75,-33.00816
1386766875.0,-33.01052
1386767031.25,-33.01295
1386767187.5,-33.00813
1386767343.75,-33.00187
1386767500.0,-33.00047
1386767656.25,-33.00397
1386767812.5,-33.00006
1386767968.75,-32.99695
1386768125.0,-32.99188
1386768281.25,-32.99865
1386768437.5,-33.00384
1386768593.75,-32.99905
1386768750.0,-33.00627
1386768906.25,-32.99663
1386769062.5,-32.99657
1386769218.75,-33.00013
1386769375.0,-32.99398
1386769531.25,-32.99027
1386769687.5,-32.99059
1386769843.75,-32.98875
1386770000.0,-32.98979
1386770156.25,-32.9967
1386770312.5,-32.98423
1386770468.75,-32.98777
1386770625.0,-32.98303
1386770781.25,-32.97726
1386770937.5,-32.98001
1386771093.75,-32.98555
1386771250.0,-32.97974
1386771406.25,-32.97286
1386771562.5,-32.98083
1386771718.75,-32.9763
1386771875.0,-32.98324
1386772031.25,-32.97884
1386772187.5,-32.98507
1386772343.75,-32.97544
1386772500.0,-32.97519
1386772656.25,-32.97197
1386772812.5,-32.97307
1386772968.75,-32.97781
1386773125.0,-32.96893
1386773281.25,-32.97483
1386773437.5,-32.97178
1386773593.75,-32.97504
1386773750.0,-32.96276
1386773906.25,-32.96718
1386774062.5,-32.97112
1386774218.75,-32.966
1386774375.0,-32.97562
1386774531.25,-32.96676
1386774687.5,-32.97139
1386774843.75,-32.95871
1386775000.0,-32.96164
1386775156.25,-32.96259
1386775312.5,-32.96287
1386775468.75,-32.96046
1386775625.0,-32.96059
1386775781.25,-32.95283
1386775937.5,-32.95878
1386776093.75,-32.95679
1386776250.0,-32.95016
1386776406.25,-32.95107
1386776562.5,-32.94252
1386776718.75,-32.94523
1386776875.0,-32.94282
1386777031.25,-32.94784
1386777187.5,-32.94421
1386777343.75,-32.94676
1386777500.0,-32.94948
1386777656.25,-32.95123
1386777812.5,-32.94492
1386777968.75,-32.94038
1386778125.0,-32.94582
1386778281.25,-32.93587
1386778437.5,-32.94293
1386778593.75,-32.93717
1386778750.0,-32.94254
1386778906.25,-32.93279
1386779062.5,-32.93355
1386779218.75,-32.93335
1386779375.0,-32.92874
1386779531.25,-32.93114
1386779687.5,-32.94276
1386779843.75,-32.93158
1386780000.0,-32.93159
1386780156.25,-32.92624
1386780312.5,-32.93586
1386780468.75,-32.92585
1386780625.0,-32.92939
1386780781.25,-32.92031
1386780937.5,-32.92841
1386781093.75,-32.92731
1386781250.0,-32.91822
1386781406.25,-32.92625
1386781562.5,-32.9257
1386781718.75,-32.91998
1386781875.0,-32.92705
1386782031.25,-32.91875
1386782187.5,-32.92236
1386782343.75,-32.91582
1386782500.0,-32.91921
1386782656.25,-32.91833
1386782812.5,-32.90806
1386782968.75,-32.91337
1386783125.0,-32.91768
1386783281.25,-32.91034
1386783437.5,-32.9084
1386783593.75,-32.90659
1386783750.0,-32.90983
1386783906.25,-32.9128
1386784062.5,-32.9037
1386784218.75,-32.90542
1386784375.0,-32.90546
1386784531.25,-32.90507
1386784687.5,-32.902
1386784843.75,-32.89864
1386785000.0,-32.90135
1386785156.25,-32.90192
1386785312.5,-32.89557
1386785468.75,-32.90136
1386785625.0,-32.90035
1386785781.25,-32.89793
1386785937.5,-32.89865
1386786093.75,-32.89213
1386786250.0,-32.89057
1386786406.25,-32.89681
1386786562.5,-32.89178
1386786718.75,-32.8945
1386786875.0,-32.88685
1386787031.25,-32.89012
1386787187.5,-32.88883
1386787343.75,-32.88969
1386787500.0,-32.88271
1386787656.25,-32.88651
1386787812.5,-32.87667
1386787968.75,-32.8807
1386788125.0,-32.88412
1386788281.25,-32.88045
1386788437.5,-32.88296
1386788593.75,-32.88623
1386788750.0,-32.87802
1386788906.25,-32.87963
1386789062.5,-32.87855
1386789218.75,-32.87857
1386789375.0,-32.87501
1386789531.25,-32.87164
1386789687.5,-32.86908
1386789843.75,-32.86852
1386790000.0,-32.86868
1386790156.25,-32.87496
1386790312.5,-32.87349
1386790468.75,-32.8719
1386790625.0,-32.87314
1386790781.25,-32.87616
1386790937.5,-32.86696
1386791093.75,-32.86712
1386791250.0,-32.86614
1386791406.25,-32.86398
1386791562.5,-32.86185
1386791718.75,-32.86817
1386791875.0,-32.86489
1386792031.25,-32.86315
1386792187.5,-32.85722
1386792343.75,-32.85387
1386792500.0,-32.85607
1386792656.25,-32.85534
1386792812.5,-32.8602
1386792968.75,-32.86206
1386793125.0,-32.85606
1386793281.25,-32.85301
1386793437.5,-32.85518
1386793593.75,-32.84625
1386793750.0,-32.84769
1386793906.25,-32.84789
1386794062.5,-32.84823
1386794218.75,-32.84536
1386794375.0,-32.84618
1386794531.25,-32.84299
1386794687.5,-32.83952
1386794843.75,-32.84243
1386795000.0,-32.83665
1386795156.25,-32.84612
1386795312.5,-32.84208
1386795468.75,-32.83686
1386795625.0,-32.83937
1386795781.25,-32.83591
1386795937.5,-32.83897
1386796093.75,-32.83091
1386796250.0,-32.83194
1386796406.25,-32.83481
1386796562.5,-32.83439
1386796718.75,-32.83168
1386796875.0,-32.83117
1386797031.25,-32.83353
1386797187.5,-32.83454
1386797343.75,-32.8263
1386797500.0,-32.82774
1386797656.25,-32.83119
1386797812.5,-32.82947
1386797968.75,-32.82858
1386798125.0,-32.82003
1386798281.25,-32.82368
1386798437.5,-32.8219
1386798593.75,-32.81806
1386798750.0,-32.81894
1386798906.25,-32.816
1386799062.5,-32.81124
1386799218.75,-32.81801
1386799375.0,-32.81499
1386799531.25,-32.81514
1386799687.5,-32.81577
1386799843.75,-32.81226
1386800000.0,-32.8171
1386800156.25,-32.80587
1386800312.5,-32.81567
1386800468.75,-32.81072
1386800625.0,-32.80734
1386800781.25,-32.8025
1386800937.5,-32.80982
1386801093.75,-32.80398
1386801250.0,-32.79962
1386801406.25,-32.80044
1386801562.5,-32.80033
1386801718.75,-32.80021
1386801875.0,-32.79941
1386802031.25,-32.79421
1386802187.5,-32.80366
1386802343.75,-32.79945
1386802500.0,-32.79094
1386802656.25,-32.79168
1386802812.5,-32.79224
1386802968.75,-32.78869
1386803125.0,-32.79098
1386803281.25,-32.79497
1386803437.5,-32.79028
1386803593.75,-32.79061
1386803750.0,-32.7897
1386803906.25,-32.79151
1386804062.5,-32.79625
1386804218.75,-32.7855
1386804375.0,-32.78261
1386804531.25,-32.78753
1386804687.5,-32.77951
1386804843.75,-32.77511
1386805000.0,-32.7824
1386805156.25,-32.78151
1386805312.5,-32.77689
1386805468.75,-32.77627
1386805625.0,-32.77947
1386805781.25,-32.78081
1386805937.5,-32.77326
1386806093.75,-32.77952
1386806250.0,-32.77514
1386806406.25,-32.77266
1386806562.5,-32.77739
1386806718.75,-32.76612
1386806875.0,-32.76635
1386807031.25,-32.77559
1386807187.5,-32.77035
1386807343.75,-32.76678
1386807500.0,-32.76756
1386807656.25,-32.76578
1386807812.5,-32.765
1386807968.75,-32.76966
1386808125.0,-32.75953
1386808281.25,-32.76233
1386808437.5,-32.75928
1386808593.75,-32.76205
1386808750.0,-32.77004
1386808906.25,-32.7542
1386809062.5,-32.7516
1386809218.75,-32.75256
1386809375.0,-32.74941
1386809531.25,-32.75441
1386809687.5,-32.74853
1386809843.75,-32.74835
1386810000.0,-32.75432
1386810156.25,-32.75161
1386810312.5,-32.74925
1386810468.75,-32.74967
1386810625.0,-32.74837
1386810781.25,-32.74986
1386810937.5,-32.74632
1386811093.75,-32.74625
1386811250.0,-32.73649
1386811406.25,-32.74413
1386811562.5,-32.74744
1386811718.75,-32.74143
1386811875.0,-32.74312
1386812031.25,-32.7406
1386812187.5,-32.7407
1386812343.75,-32.73851
1386812500.0,-32.73193
1386812656.25,-32.73235
1386812812.5,-32.73542
1386812968.75,-32.7324
1386813125.0,-32.72927
1386813281.25,-32.72595
1386813437.5,-32.73435
1386813593.75,-32.72787
1386813750.0,-32.72828
1386813906.25,-32.72787
1386814062.5,-32.72088
1386814218.75,-32.72584
1386814375.0,-32.72032
1386814531.25,-32.72312
1386814687.5,-32.72374
1386814843.75,-32.7158
1386815000.0,-32.71726
1386815156.25,-32.72205
1386815312.5,-32.71793
1386815468.75,-32.72237
1386815625.0,-32.71014
1386815781.25,-32.7153
1386815937.5,-32.71665
1386816093.75,-32.71796
1386816250.0,-32.71845
1386816406.25,-32.71333
1386816562.5,-32.71063
1386816718.75,-32.711
1386816875.0,-32.71246
1386817031.25,-32.71092
1386817187.5,-32.7044
1386817343.75,-32.70461
1386817500.0,-32.70589
1386817656.25,-32.70764
1386817812.5,-32.70621
1386817968.75,-32.7032
1386818125.0,-32.69942
1386818281.25,-32.69138
1386818437.5,-32.69942
1386818593.75,-32.70532
1386818750.0,-32.70043
1386818906.25,-32.69077
1386819062.5,-32.69531
1386819218.75,-32.69027
1386819375.0,-32.6959
1386819531.25,-32.69339
1386819687.5,-32.69367
1386819843.75,-32.69538
1386820000.0,-32.69527
1386820156.25,-32.6902
1386820312.5,-32.68864
1386820468.75,-32.68729
1386820625.0,-32.69046
1386820781.25,-32.68977
1386820937.5,-32.68063
1386821093.75,-32.67724
1386821250.0,-32.68076
1386821406.25,-32.67865
1386821562.5,-32.67426
1386821718.75,-32.6841
1386821875.0,-32.68109
1386822031.25,-32.67837
1386822187.5,-32.67382
1386822343.75,-32.67335
1386822500.0,-32.66875
1386822656.25,-32.67841
1386822812.5,-32.6799
1386822968.75,-32.66999
1386823125.0,-32.67173
1386823281.25,-32.67096
1386823437.5,-32.66856
1386823593.75,-32.67309
1386823750.0,-32.67009
1386823906.25,-32.66994
1386824062.5,-32.66356
1386824218.75,-32.6629
1386824375.0,-32.66753
1386824531.25,-32.66899
1386824687.5,-32.65974
1386824843.75,-32.6621
1386825000.0,-32.66553
1386825156.25,-32.6596
1386825312.5,-32.64878
1386825468.75,-32.65806
1386825625.0,-32.6557
1386825781.25,-32.65882
1386825937.5,-32.65313
1386826093.75,-32.65405
1386826250.0,-32.64737
1386826406.25,-32.6542
1386826562.5,-32.65258
1386826718.75,-32.65017
1386826875.0,-32.64769
1386827031.25,-32.65002
1386827187.5,-32.65049
1386827343.75,-32.64627
1386827500.0,-32.6464
1386827656.25,-32.64982
1386827812.5,-32.63916
1386827968.75,-32.64151
1386828125.0,-32.64085
1386828281.25,-32.63763
1386828437.5,-32.64255
1386828593.75,-32.64106
1386828750.0,-32.63406
1386828906.25,-32.63879
1386829062.5,-32.63686
1386829218.75,-32.63622
1386829375.0,-32.63267
1386829531.25,-32.62828
1386829687.5,-32.62648
1386829843.75,-32.62875
1386830000.0,-32.63327
1386830156.25,-32.62738
1386830312.5,-32.62577
1386830468.75,-32.62251
1386830625.0,-32.63342
1386830781.25,-32.63026
1386830937.5,-32.62642
1386831093.75,-32.62911
1386831250.0,-32.62369
1386831406.25,-32.62
1386831562.5,-32.6205
1386831718.75,-32.62375
1386831875.0,-32.6187
1386832031.25,-32.60566
1386832187.5,-32.61734
1386832343.75,-32.62
1386832500.0,-32.61965
1386832656.25,-32.61001
1386832812.5,-32.61151
1386832968.75,-32.60966
1386833125.0,-32.61598
1386833281.25,-32.60926
1386833437.5,-32.60691
1386833593.75,-32.60175
1386833750.0,-32.60755
1386833906.25,-32.60938
1386834062.5,-32.60629
1386834218.75,-32.60146
1386834375.0,-32.60445
1386834531.25,-32.60382
1386834687.5,-32.60394
1386834843.75,-32.59846
1386835000.0,-32.59706
1386835156.25,-32.59699
1386835312.5,-32.5914
1386835468.75,-32.59432
1386835625.0,-32.59731
1386835781.25,-32.5901
1386835937.5,-32.59394
1386836093.75,-32.59579
1386836250.0,-32.59544
1386836406.25,-32.59655
1386836562.5,-32.58408
1386836718.75,-32.59019
1386836875.0,-32.58439
1386837031.25,-32.58972
1386837187.5,-32.58635
1386837343.75,-32.58652
1386837500.0,-32.57986
1386837656.25,-32.58372
1386837812.5,-32.58948
1386837968.75,-32.57861
1386838125.0,-32.57765
1386838281.25,-32.57281
1386838437.5,-32.57839
1386838593.75,-32.57509
1386838750.0,-32.57351
1386838906.25,-32.57107
1386839062.5,-32.56757
1386839218.75,-32.57383
1386839375.0,-32.57381
1386839531.25,-32.57191
1386839687.5,-32.5654
1386839843.75,-32.56186
1386840000.0,-32.56591
1386840156.25,-32.56825
1386840312.5,-32.55926
1386840468.75,-32.56789
1386840625.0,-32.55384
1386840781.25,-32.56557
1386840937.5,-32.55658
1386841093.75,-32.55779
1386841250.0,-32.5635
1386841406.25,-32.55788
1386841562.5,-32.55996
1386841718.75,-32.55279
1386841875.0,-32.55719
1386842031.25,-32.55114
1386842187.5,-32.55252
1386842343.75,-32.54984
1386842500.0,-32.5501
1386842656.25,-32.55353
1386842812.5,-32.54437
1386842968.75,-32.54575
1386843125.0,-32.5555
1386843281.25,-32.55104
1386843437.5,-32.54963
1386843593.75,-32.54823
1386843750.0,-32.54786
1386843906.25,-32.5417
1386844062.5,-32.5367
1386844218.75,-32.54478
1386844375.0,-32.53772
1386844531.25,-32.54173
1386844687.5,-32.54003
1386844843.75,-32.53793
1386845000.0,-32.54169
1386845156.25,-32.53835
1386845312.5,-32.54109
1386845468.75,-32.53455
1386845625.0,-32.53437
1386845781.25,-32.52631
1386845937.5,-32.53317
1386846093.75,-32.52964
1386846250.0,-32.52184
1386846406.25,-32.52427
1386846562.5,-32.5333
1386846718.75,-32.5251
1386846875.0,-32.53036
1386847031.25,-32.52828
1386847187.5,-32.52657
1386847343.75,-32.52037
1386847500.0,-32.52011
1386847656.25,-32.52264
1386847812.5,-32.53037
1386847968.75,-32.52213
1386848125.0,-32.51522
1386848281.25,-32.51214
1386848437.5,-32.51473
1386848593.75,-32.51556
1386848750.0,-32.51328
1386848906.25,-32.50857
1386849062.5,-32.50498
1386849218.75,-32.50928
1386849375.0,-32.51207
1386849531.25,-32.5092
1386849687.5,-32.51676
1386849843.75,-32.50986
1386850000.0,-32.49955
1386850156.25,-32.50839
1386850312.5,-32.49411
1386850468.75,-32.50469
1386850625.0,-32.50328
1386850781.25,-32.50885
1386850937.5,-32.50212
1386851093.75,-32.50473
1386851250.0,-32.49672
1386851406.25,-32.49722
1386851562.5,-32.49733
1386851718.75,-32.49749
1386851875.0,-32.49812
1386852031.25,-32.48943
1386852187.5,-32.49178
1386852343.75,-32.49202
1386852500.0,-32.49104
1386852656.25,-32.48967
1386852812.5,-32.49058
1386852968.75,-32.4859
1386853125.0,-32.4868
1386853281.25,-32.48089
1386853437.5,-32.48041
1386853593.75,-32.48583
1386853750.0,-32.48247
1386853906.25,-32.484
1386854062.5,-32.48082
1386854218.75,-32.47714
1386854375.0,-32.47419
1386854531.25,-32.47548
1386854687.5,-32.47568
1386854843.75,-32.4713
1386855000.0,-32.47766
1386855156.25,-32.4725
1386855312.5,-32.474
1386855468.75,-32.47151
1386855625.0,-32.47086
1386855781.25,-32.47647
1386855937.5,-32.46249
1386856093.75,-32.47097
1386856250.0,-32.47148
1386856406.25,-32.46345
1386856562.5,-32.46764
1386856718.75,-32.46099
1386856875.0,-32.46193
1386857031.25,-32.46329
1386857187.5,-32.46514
1386857343.75,-32.46156
1386857500.0,-32.46117
1386857656.25,-32.45148
1386857812.5,-32.45739
1386857968.75,-32.45625
1386858125.0,-32.44926
1386858281.25,-32.45277
1386858437.5,-32.45391
1386858593.75,-32.45593
1386858750.0,-32.4447
1386858906.25,-32.45329
1386859062.5,-32.44864
1386859218.75,-32.45443
1386859375.0,-32.45115
1386859531.25,-32.44656
1386859687.5,-32.4486
1386859843.75,-32.45345
1386860000.0,-32.4506
1386860156.25,-32.43498
1386860312.5,-32.44574
1386860468.75,-32.43871
1386860625.0,-32.43684
1386860781.25,-32.43717
1386860937.5,-32.43605
1386861093.75,-32.43796
1386861250.0,-32.43829
1386861406.25,-32.43356
1386861562.5,-32.42271
1386861718.75,-32.42337
1386861875.0,-32.43926
1386862031.25,-32.42654
1386862187.5,-32.42694
1386862343.75,-32.43459
1386862500.0,-32.42746
1386862656.25,-32.42667
1386862812.5,-32.42443
1386862968.75,-32.42292
1386863125.0,-32.42572
1386863281.25,-32.41565
1386863437.5,-32.42537
1386863593.75,-32.4232
1386863750.0,-32.42693
1386863906.25,-32.41516
1386864062.5,-32.41183
1386864218.75,-32.42367
1386864375.0,-32.41091
1386864531.25,-32.41935
1386864687.5,-32.41648
1386864843.75,-32.41624
1386865000.0,-32.40823
1386865156.25,-32.41397
1386865312.5,-32.40567
1386865468.75,-32.41538
1386865625.0,-32.4081
1386865781.25,-32.4114
1386865937.5,-32.40977
1386866093.75,-32.39981
1386866250.0,-32.40965
1386866406.25,-32.40384
1386866562.5,-32.40118
1386866718.75,-32.39951
1386866875.0,-32.39957
1386867031.25,-32.39908
1386867187.5,-32.39721
1386867343.75,-32.39496
1386867500.0,-32.39329
1386867656.25,-32.39608
1386867812.5,-32.38889
1386867968.75,-32.39415
1386868125.0,-32.402
1386868281.25,-32.38484
1386868437.5,-32.38997
1386868593.75,-32.39177
1386868750.0,-32.38313
1386868906.25,-32.38733
1386869062.5,-32.38179
1386869218.75,-32.38974
1386869375.0,-32.38197
1386869531.25,-32.38088
1386869687.5,-32.38356
1386869843.75,-32.38406
1386870000.0,-32.37849
1386870156.25,-32.37608
1386870312.5,-32.3813
1386870468.75,-32.37488
1386870625.0,-32.37765
1386870781.25,-32.3727
1386870937.5,-32.37777
1386871093.75,-32.37396
1386871250.0,-32.37547
1386871406.25,-32.37141
1386871562.5,-32.37077
1386871718.75,-32.37416
1386871875.0,-32.36773
1386872031.25,-32.36366
1386872187.5,-32.37276
1386872343.75,-32.37164
1386872500.0,-32.3617
1386872656.25,-32.36163
1386872812.5,-32.36057
1386872968.75,-32.35807
1386873125.0,-32.36244
1386873281.25,-32.36117
1386873437.5,-32.35715
1386873593.75,-32.3532
1386873750.0,-32.35926
1386873906.25,-32.35799
1386874062.5,-32.35176
1386874218.75,-32.34765
1386874375.0,-32.35355
1386874531.25,-32.34742
1386874687.5,-32.34998
1386874843.75,-32.3466
1386875000.0,-32.34593
1386875156.25,-32.35472
1386875312.5,-32.34993
1386875468.75,-32.34589
1386875625.0,-32.34327
1386875781.25,-32.34147
1386875937.5,-32.34616
1386876093.75,-32.34043
1386876250.0,-32.34472
1386876406.25,-32.33815
1386876562.5,-32.34339
1386876718.75,-32.33266
1386876875.0,-32.33547
1386877031.25,-32.33878
1386877187.5,-32.33062
1386877343.75,-32.3372
1386877500.0,-32.33757
1386877656.25,-32.32812
1386877812.5,-32.33681
1386877968.75,-32.32815
1386878125.0,-32.33103
1386878281.25,-32.33054
1386878437.5,-32.32618
1386878593.75,-32.33047
1386878750.0,-32.32772
1386878906.25,-32.31665
1386879062.5,-32.32206
1386879218.75,-32.32968
1386879375.0,-32.31603
1386879531.25,-32.31762
1386879687.5,-32.32195
1386879843.75,-32.31435
1386880000.0,-32.31833
1386880156.25,-32.31657
1386880312.5,-32.31627
1386880468.75,-32.31712
1386880625.0,-32.31242
1386880781.25,-32.31567
1386880937.5,-32.31177
1386881093.75,-32.31054
1386881250.0,-32.30891
1386881406.25,-32.30412
1386881562.5,-32.30399
1386881718.75,-32.30297
1386881875.0,-32.30351
1386882031.25,-32.29891
1386882187.5,-32.29851
1386882343.75,-32.30614
1386882500.0,-32.30798
1386882656.25,-32.30853
1386882812.5,-32.30463
1386882968.75,-32.29641
1386883125.0,-32.29926
1386883281.25,-32.30137
1386883437.5,-32.29262
1386883593.75,-32.29128
1386883750.0,-32.28804
1386883906.25,-32.29248
1386884062.5,-32.2971
1386884218.75,-32.29067
1386884375.0,-32.29317
1386884531.25,-32.28924
1386884687.5,-32.28299
1386884843.75,-32.28544
1386885000.0,-32.28729
1386885156.25,-32.28959
1386885312.5,-32.28489
1386885468.75,-32.2882
1386885625.0,-32.28115
1386885781.25,-32.27509
1386885937.5,-32.27863
1386886093.75,-32.28107
1386886250.0,-32.27258
1386886406.25,-32.26954
1386886562.5,-32.27384
1386886718.75,-32.27528
1386886875.0,-32.27036
1386887031.25,-32.2687
1386887187.5,-32.27308
1386887343.75,-32.27451
1386887500.0,-32.26752
1386887656.25,-32.2759
1386887812.5,-32.26496
1386887968.75,-32.26735
1386888125.0,-32.2635
1386888281.25,-32.26129
1386888437.5,-32.26175
1386888593.75,-32.26621
1386888750.0,-32.26509
1386888906.25,-32.2598
1386889062.5,-32.2586
1386889218.75,-32.25648
1386889375.0,-32.25469
1386889531.25,-32.25786
1386889687.5,-32.25348
1386889843.75,-32.2512
1386890000.0,-32.25221
1386890156.25,-32.25674
1386890312.5,-32.25193
1386890468.75,-32.24737
1386890625.0,-32.25473
1386890781.25,-32.24922
1386890937.5,-32.24549
1386891093.75,-32.24527
1386891250.0,-32.2482
1386891406.25,-32.24564
1386891562.5,-32.24405
1386891718.75,-32.24369
1386891875.0,-32.24117
1386892031.25,-32.2359
1386892187.5,-32.24244
1386892343.75,-32.23888
1386892500.0,-32.23626
1386892656.25,-32.2417
1386892812.5,-32.23532
1386892968.75,-32.22896
1386893125.0,-32.23439
1386893281.25,-32.23921
1386893437.5,-32.236
1386893593.75,-32.22923
1386893750.0,-32.23354
1386893906.25,-32.23258
1386894062.5,-32.23116
1386894218.75,-32.22791
1386894375.0,-32.22894
1386894531.25,-32.22295
1386894687.5,-32.22883
1386894843.75,-32.21955
1386895000.0,-32.22147
1386895156.25,-32.22497
1386895312.5,-32.21894
1386895468.75,-32.21906
1386895625.0,-32.21531
1386895781.25,-32.21569
1386895937.5,-32.21862
1386896093.75,-32.21139
1386896250.0,-32.21354
1386896406.25,-32.21307
1386896562.5,-32.20933
1386896718.75,-32.2088
1386896875.0,-32.20704
1386897031.25,-32.21405
1386897187.5,-32.2094
1386897343.75,-32.20756
1386897500.0,-32.21
1386897656.25,-32.19706
1386897812.5,-32.20218
1386897968.75,-32.19709
1386898125.0,-32.20375
1386898281.25,-32.20639
1386898437.5,-32.19808
1386898593.75,-32.20134
1386898750.0,-32.19685
1386898906.25,-32.1962
1386899062.5,-32.19615
1386899218.75,-32.19235
1386899375.0,-32.19643
1386899531.25,-32.18753
1386899687.5,-32.19136
1386899843.75,-32.18776
1386900000.0,-32.19084
1386900156.25,-32.19022
1386900312.5,-32.18864
1386900468.75,-32.1862
1386900625.0,-32.18941
1386900781.25,-32.18264
1386900937.5,-32.18285
1386901093.75,-32.18087
1386901250.0,-32.17564
1386901406.25,-32.18032
1386901562.5,-32.18329
1386901718.75,-32.17792
1386901875.0,-32.17486
1386902031.25,-32.1748
1386902187.5,-32.17529
1386902343.75,-32.17091
1386902500.0,-32.17936
1386902656.25,-32.16979
1386902812.5,-32.17037
1386902968.75,-32.17311
1386903125.0,-32.16663
1386903281.25,-32.16633
1386903437.5,-32.17068
1386903593.75,-32.16514
1386903750.0,-32.16157
1386903906.25,-32.16359
1386904062.5,-32.1682
1386904218.75,-32.15994
1386904375.0,-32.16253
1386904531.25,-32.16153
1386904687.5,-32.15316
1386904843.75,-32.15726
1386905000.0,-32.1576
1386905156.25,-32.16075
1386905312.5,-32.15726
1386905468.75,-32.16164
1386905625.0,-32.15461
1386905781.25,-32.15657
1386905937.5,-32.14838
1386906093.75,-32.15068
1386906250.0,-32.15276
1386906406.25,-32.14265
1386906562.5,-32.14353
1386906718.75,-32.1418
1386906875.0,-32.14674
1386907031.25,-32.14061
1386907187.5,-32.14291
1386907343.75,-32.13706
1386907500.0,-32.14217
1386907656.25,-32.13798
1386907812.5,-32.14266
1386907968.75,-32.13779
1386908125.0,-32.13864
1386908281.25,-32.14013
1386908437.5,-32.13991
1386908593.75,-32.13804
1386908750.0,-32.13641
1386908906.25,-32.12104
1386909062.5,-32.12886
1386909218.75,-32.12253
1386909375.0,-32.12674
1386909531.25,-32.12796
1386909687.5,-32.12679
1386909843.75,-32.13098
1386910000.0,-32.12457
1386910156.25,-32.1263
1386910312.5,-32.12765
1386910468.75,-32.11826
1386910625.0,-32.11859
1386910781.25,-32.11798
1386910937.5,-32.11622
1386911093.75,-32.11995
1386911250.0,-32.10844
1386911406.25,-32.11861
1386911562.5,-32.11197
1386911718.75,-32.11786
1386911875.0,-32.11898
1386912031.25,-32.11145
1386912187.5,-32.11396
1386912343.75,-32.11132
1386912500.0,-32.10687
1386912656.25,-32.11256
1386912812.5,-32.10814
1386912968.75,-32.10693
1386913125.0,-32.09978
1386913281.25,-32.1033
1386913437.5,-32.09824
1386913593.75,-32.1025
1386913750.0,-32.10231
1386913906.25,-32.0962
1386914062.5,-32.10672
1386914218.75,-32.09673
1386914375.0,-32.09697
1386914531.25,-32.09447
1386914687.5,-32.09439
1386914843.75,-32.09785
1386915000.0,-32.10138
1386915156.25,-32.0982
1386915312.5,-32.09404
1386915468.75,-32.09579
1386915625.0,-32.08567
1386915781.25,-32.08236
1386915937.5,-32.08771
1386916093.75,-32.08166
1386916250.0,-32.08686
1386916406.25,-32.08673
1386916562.5,-32.08166
1386916718.75,-32.08225
1386916875.0,-32.07802
1386917031.25,-32.07734
1386917187.5,-32.06953
1386917343.75,-32.08021
1386917500.0,-32.07681
1386917656.25,-32.07542
1386917812.5,-32.07225
1386917968.75,-32.07471
1386918125.0,-32.07203
1386918281.25,-32.07072
1386918437.5,-32.06585
1386918593.75,-32.06273
1386918750.0,-32.06588
1386918906.25,-32.06132
1386919062.5,-32.0661
1386919218.75,-32.06687
1386919375.0,-32.06589
1386919531.25,-32.06598
1386919687.5,-32.06004
1386919843.75,-32.06091
1386920000.0,-32.05622
1386920156.25,-32.05546
1386920312.5,-32.05104
1386920468.75,-32.06207
1386920625.0,-32.06151
1386920781.25,-32.05663
1386920937.5,-32.04795
1386921093.75,-32.0518
1386921250.0,-32.05646
1386921406.25,-32.04399
1386921562.5,-32.04341
1386921718.75,-32.04611
1386921875.0,-32.04718
1386922031.25,-32.05194
1386922187.5,-32.05133
1386922343.75,-32.05041
1386922500.0,-32.03471
1386922656.25,-32.04361
1386922812.5,-32.03828
1386922968.75,-32.04035
1386923125.0,-32.03984
1386923281.25,-32.03586
1386923437.5,-32.03522
1386923593.75,-32.03558
1386923750.0,-32.04138
1386923906.25,-32.03452
1386924062.5,-32.03301
1386924218.75,-32.02893
1386924375.0,-32.03694
1386924531.25,-32.02914
1386924687.5,-32.03225
1386924843.75,-32.02383
1386925000.0,-32.02563
1386925156.25,-32.02677
1386925312.5,-32.02897
1386925468.75,-32.0264
1386925625.0,-32.02145
1386925781.25,-32.02375
1386925937.5,-32.02394
1386926093.75,-32.02185
1386926250.0,-32.02141
1386926406.25,-32.02494
1386926562.5,-32.0167
1386926718.75,-32.01923
1386926875.0,-32.01258
1386927031.25,-32.01641
1386927187.5,-32.02123
1386927343.75,-32.00735
1386927500.0,-32.00916
1386927656.25,-32.00834
1386927812.5,-32.00902
1386927968.75,-32.00629
1386928125.0,-32.01616
1386928281.25,-32.00919
1386928437.5,-32.00441
1386928593.75,-32.00432
1386928750.0,-31.99931
1386928906.25,-32.00528
1386929062.5,-31.99981
1386929218.75,-32.00049
1386929375.0,-31.99827
1386929531.25,-31.99465
1386929687.5,-31.99505
1386929843.75,-31.99802
1386930000.0,-31.99867
1386930156.25,-31.99626
1386930312.5,-31.98784
1386930468.75,-31.99553
1386930625.0,-31.99043
1386930781.25,-31.98616
1386930937.5,-31.99605
1386931093.75,-31.98555
1386931250.0,-31.98822
1386931406.25,-31.98381
1386931562.5,-31.98417
1386931718.75,-31.98883
1386931875.0,-31.98604
1386932031.25,-31.97932
1386932187.5,-31.9824
1386932343.75,-31.97982
1386932500.0,-31.97325
1386932656.25,-31.97868
1386932812.5,-31.97017
1386932968.75,-31.97948
1386933125.0,-31.97445
1386933281.25,-31.97138
1386933437.5,-31.97054
1386933593.75,-31.96902
1386933750.0,-31.97048
1386933906.25,-31.96694
1386934062.5,-31.96659
1386934218.75,-31.96718
1386934375.0,-31.96341
1386934531.25,-31.96593
1386934687.5,-31.96287
1386934843.75,-31.95942
1386935000.0,-31.96407
1386935156.25,-31.9579
1386935312.5,-31.96078
1386935468.75,-31.96098
1386935625.0,-31.94911
1386935781.25,-31.94757
1386935937.5,-31.95436
1386936093.75,-31.95164
1386936250.0,-31.95794
1386936406.25,-31.95168
1386936562.5,-31.95447
1386936718.75,-31.95087
1386936875.0,-31.94918
1386937031.25,-31.94635
1386937187.5,-31.94898
1386937343.75,-31.95201
1386937500.0,-31.94564
1386937656.25,-31.94421
1386937812.5,-31.94897
1386937968.75,-31.94763
1386938125.0,-31.93824
1386938281.25,-31.9373
1386938437.5,-31.93512
1386938593.75,-31.93741
1386938750.0,-31.92712
1386938906.25,-31.93343
1386939062.5,-31.93004
1386939218.75,-31.92908
1386939375.0,-31.92692
1386939531.25,-31.93276
1386939687.5,-31.92846
1386939843.75,-31.92908
1386940000.0,-31.92562
1386940156.25,-31.92499
1386940312.5,-31.92802
1386940468.75,-31.92011
1386940625.0,-31.92619
1386940781.25,-31.92629
1386940937.5,-31.91525
1386941093.75,-31.92291
1386941250.0,-31.91702
1386941406.25,-31.91679
1386941562.5,-31.91728
1386941718.75,-31.92203
1386941875.0,-31.91906
1386942031.25,-31.91428
1386942187.5,-31.91752
1386942343.75,-31.9104
1386942500.0,-31.91
1386942656.25,-31.9078
1386942812.5,-31.9086
1386942968.75,-31.91028
1386943125.0,-31.914
1386943281.25,-31.90781
1386943437.5,-31.90691
1386943593.75,-31.90591
1386943750.0,-31.90241
1386943906.25,-31.9031
1386944062.5,-31.90233
1386944218.75,-31.90024
1386944375.0,-31.90146
1386944531.25,-31.90409
1386944687.5,-31.8992
1386944843.75,-31.89753
1386945000.0,-31.89295
1386945156.25,-31.89377
1386945312.5,-31.89531
1386945468.75,-31.88646
1386945625.0,-31.88654
1386945781.25,-31.88608
1386945937.5,-31.88619
1386946093.75,-31.89144
1386946250.0,-31.88877
1386946406.25,-31.88652
1386946562.5,-31.89128
1386946718.75,-31.87894
1386946875.0,-31.88877
1386947031.25,-31.88065
1386947187.5,-31.88117
1386947343.75,-31.87952
1386947500.0,-31.87861
1386947656.25,-31.87566
1386947812.5,-31.87512
1386947968.75,-31.875
1386948125.0,-31.87188
1386948281.25,-31.87638
1386948437.5,-31.86861
1386948593.75,-31.86879
1386948750.0,-31.86486
1386948906.25,-31.86804
1386949062.5,-31.85926
1386949218.75,-31.86797
1386949375.0,-31.87388
1386949531.25,-31.86515
1386949687.5,-31.8593
1386949843.75,-31.86508
1386950000.0,-31.85875
1386950156.25,-31.85675
1386950312.5,-31.85992
1386950468.75,-31.86082
1386950625.0,-31.84861
1386950781.25,-31.8509
1386950937.5,-31.85391
1386951093.75,-31.85559
1386951250.0,-31.85654
1386951406.25,-31.84822
1386951562.5,-31.85875
1386951718.75,-31.84768
1386951875.0,-31.84677
1386952031.25,-31.84934
1386952187.5,-31.84976
1386952343.75,-31.84895
1386952500.0,-31.84366
1386952656.25,-31.84134
1386952812.5,-31.84443
1386952968.75,-31.83748
1386953125.0,-31.84187
1386953281.25,-31.83466
1386953437.5,-31.83539
1386953593.75,-31.83348
1386953750.0,-31.83551
1386953906.25,-31.83758
1386954062.5,-31.83569
1386954218.75,-31.83384
1386954375.0,-31.83672
1386954531.25,-31.83437
1386954687.5,-31.83041
1386954843.75,-31.82991
1386955000.0,-31.82258
1386955156.25,-31.82606
1386955312.5,-31.82734
1386955468.75,-31.82831
1386955625.0,-31.82905
1386955781.25,-31.82052
1386955937.5,-31.81269
1386956093.75,-31.82459
1386956250.0,-31.81304
1386956406.25,-31.81848
1386956562.5,-31.81816
1386956718.75,-31.81227
1386956875.0,-31.81302
1386957031.25,-31.81281
1386957187.5,-31.80814
1386957343.75,-31.81289
1386957500.0,-31.80558
1386957656.25,-31.81247
1386957812.5,-31.80572
1386957968.75,-31.80983
1386958125.0,-31.80868
1386958281.25,-31.80563
1386958437.5,-31.80249
1386958593.75,-31.80631
1386958750.0,-31.80102
1386958906.25,-31.80351
1386959062.5,-31.80431
1386959218.75,-31.80309
1386959375.0,-31.79693
1386959531.25,-31.79253
1386959687.5,-31.79942
1386959843.75,-31.79983
1386960000.0,-31.79359
1386960156.25,-31.79825
1386960312.5,-31.79383
1386960468.75,-31.79081
1386960625.0,-31.78593
1386960781.25,-31.7936
1386960937.5,-31.78336
1386961093.75,-31.79409
1386961250.0,-31.7835
1386961406.25,-31.78581
1386961562.5,-31.77762
1386961718.75,-31.78116
1386961875.0,-31.78263
1386962031.25,-31.77562
1386962187.5,-31.78548
1386962343.75,-31.77422
1386962500.0,-31.77608
1386962656.25,-31.77445
1386962812.5,-31.77655
1386962968.75,-31.77832
1386963125.0,-31.77322
1386963281.25,-31.76823
1386963437.5,-31.76949
1386963593.75,-31.76238
1386963750.0,-31.76898
1386963906.25,-31.77072
1386964062.5,-31.7692
1386964218.75,-31.76545
1386964375.0,-31.75691
1386964531.25,-31.76535
1386964687.5,-31.76249
1386964843.75,-31.7632
1386965000.0,-31.76044
1386965156.25,-31.75424
1386965312.5,-31.75711
1386965468.75,-31.76225
1386965625.0,-31.75451
1386965781.25,-31.75298
1386965937.5,-31.75567
1386966093.75,-31.75429
1386966250.0,-31.7499
1386966406.25,-31.74852
1386966562.5,-31.75255
1386966718.75,-31.74686
1386966875.0,-31.74578
1386967031.25,-31.74608
1386967187.5,-31.74146
1386967343.75,-31.74323
1386967500.0,-31.74169
1386967656.25,-31.75413
1386967812.5,-31.73764
1386967968.75,-31.73779
1386968125.0,-31.74001
1386968281.25,-31.73804
1386968437.5,-31.73728
1386968593.75,-31.73306
1386968750.0,-31.7334
1386968906.25,-31.72861
1386969062.5,-31.73805
1386969218.75,-31.7294
1386969375.0,-31.73022
1386969531.25,-31.72411
1386969687.5,-31.73074
1386969843.75,-31.72392
1386970000.0,-31.72394
1386970156.25,-31.72457
1386970312.5,-31.72688
1386970468.75,-31.72312
1386970625.0,-31.72923
1386970781.25,-31.7191
1386970937.5,-31.72071
1386971093.75,-31.72112
1386971250.0,-31.72498
1386971406.25,-31.71665
1386971562.5,-31.71668
1386971718.75,-31.71727
1386971875.0,-31.71308
1386972031.25,-31.70967
1386972187.5,-31.71416
1386972343.75,-31.71357
1386972500.0,-31.71003
1386972656.25,-31.70533
1386972812.5,-31.71653
1386972968.75,-31.70402
1386973125.0,-31.71026
1386973281.25,-31.7018
1386973437.5,-31.70788
1386973593.75,-31.70247
1386973750.0,-31.69967
1386973906.25,-31.6971
1386974062.5,-31.702
1386974218.75,-31.692
1386974375.0,-31.7029
1386974531.25,-31.69859
1386974687.5,-31.69037
1386974843.75,-31.69293
1386975000.0,-31.69253
1386975156.25,-31.68627
1386975312.5,-31.68983
1386975468.75,-31.68656
1386975625.0,-31.69116
1386975781.25,-31.68904
1386975937.5,-31.68884
1386976093.75,-31.68624
1386976250.0,-31.68305
1386976406.25,-31.6839
1386976562.5,-31.68459
1386976718.75,-31.67779
1386976875.0,-31.67897
1386977031.25,-31.67927
1386977187.5,-31.67642
1386977343.75,-31.67565
1386977500.0,-31.67363
1386977656.25,-31.67657
1386977812.5,-31.67183
1386977968.75,-31.6663
1386978125.0,-31.66954
1386978281.25,-31.67147
1386978437.5,-31.67515
1386978593.75,-31.66632
1386978750.0,-31.66318
1386978906.25,-31.66619
1386979062.5,-31.67196
1386979218.75,-31.66118
1386979375.0,-31.66451
1386979531.25,-31.66272
1386979687.5,-31.66078
1386979843.75,-31.6607
1386980000.0,-31.65473
1386980156.25,-31.66271
1386980312.5,-31.65788
1386980468.75,-31.65122
1386980625.0,-31.6539
1386980781.25,-31.6587
1386980937.5,-31.65148
1386981093.75,-31.64767
1386981250.0,-31.6542
1386981406.25,-31.64792
1386981562.5,-31.64897
1386981718.75,-31.64832
1386981875.0,-31.64472
1386982031.25,-31.64111
1386982187.5,-31.64132
1386982343.75,-31.64112
1386982500.0,-31.64955
1386982656.25,-31.64199
1386982812.5,-31.64051
1386982968.75,-31.63733
1386983125.0,-31.63683
1386983281.25,-31.63474
1386983437.5,-31.63096
1386983593.75,-31.63143
1386983750.0,-31.63745
1386983906.25,-31.63686
1386984062.5,-31.6253
1386984218.75,-31.63628
1386984375.0,-31.63007
1386984531.25,-31.62243
1386984687.5,-31.62611
1386984843.75,-31.6262
1386985000.0,-31.62663
1386985156.25,-31.62158
1386985312.5,-31.62565
1386985468.75,-31.61518
1386985625.0,-31.62093
1386985781.25,-31.62291
1386985937.5,-31.61664
1386986093.75,-31.6177
1386986250.0,-31.62189
1386986406.25,-31.6164
1386986562.5,-31.61331
1386986718.75,-31.61157
1386986875.0,-31.61771
1386987031.25,-31.60627
1386987187.5,-31.60752
1386987343.75,-31.60814
1386987500.0,-31.60179
1386987656.25,-31.60394
1386987812.5,-31.60238
1386987968.75,-31.60328
1386988125.0,-31.60265
1386988281.25,-31.60035
1386988437.5,-31.59786
1386988593.75,-31.60106
1386988750.0,-31.6047
1386988906.25,-31.59638
1386989062.5,-31.59718
1386989218.75,-31.59644
1386989375.0,-31.59864
1386989531.25,-31.58746
1386989687.5,-31.59229
1386989843.75,-31.59256
1386990000.0,-31.59083
1386990156.25,-31.58406
1386990312.5,-31.58093
1386990468.75,-31.58553
1386990625.0,-31.58908
1386990781.25,-31.58639
1386990937.5,-31.58549
1386991093.75,-31.58341
1386991250.0,-31.57611
1386991406.25,-31.5839
1386991562.5,-31.57504
1386991718.75,-31.58395
1386991875.0,-31.58237
1386992031.25,-31.5768
1386992187.5,-31.5742
1386992343.75,-31.57354
1386992500.0,-31.57383
1386992656.25,-31.57598
1386992812.5,-31.57377
1386992968.75,-31.57071
1386993125.0,-31.56479
1386993281.25,-31.56345
1386993437.5,-31.56351
1386993593.75,-31.56441
1386993750.0,-31.57064
1386993906.25,-31.56242
1386994062.5,-31.5615
1386994218.75,-31.55968
1386994375.0,-31.56281
1386994531.25,-31.56059
1386994687.5,-31.55213
1386994843.75,-31.55748
1386995000.0,-31.55098
1386995156.25,-31.56372
1386995312.5,-31.55581
1386995468.75,-31.54828
1386995625.0,-31.54924
1386995781.25,-31.54617
1386995937.5,-31.54565
1386996093.75,-31.5494
1386996250.0,-31.54948
1386996406.25,-31.54924
1386996562.5,-31.54154
1386996718.75,-31.54354
1386996875.0,-31.53791
1386997031.25,-31.54484
1386997187.5,-31.54319
1386997343.75,-31.54032
1386997500.0,-31.54012
1386997656.25,-31.54011
1386997812.5,-31.53853
1386997968.75,-31.53566
1386998125.0,-31.53803
1386998281.25,-31.52554
1386998437.5,-31.53303
1386998593.75,-31.53233
1386998750.0,-31.53403
1386998906.25,-31.52589
1386999062.5,-31.52521
1386999218.75,-31.52108
1386999375.0,-31.52708
1386999531.25,-31.52446
1386999687.5,-31.52023
1386999843.75,-31.52223
1387000000.0,-31.52302
1387000156.25,-31.51667
1387000312.5,-31.52038
1387000468.75,-31.51759
1387000625.0,-31.5139
1387000781.25,-31.51177
1387000937.5,-31.5102
1387001093.75,-31.51233
1387001250.0,-31.51093
1387001406.25,-31.50936
1387001562.5,-31.5043
1387001718.75,-31.50965
1387001875.0,-31.50426
1387002031.25,-31.50727
1387002187.5,-31.50564
1387002343.75,-31.50757
1387002500.0,-31.49957
1387002656.25,-31.50252
1387002812.5,-31.50503
1387002968.75,-31.49979
1387003125.0,-31.50022
1387003281.25,-31.50439
1387003437.5,-31.4968
1387003593.75,-31.49191
1387003750.0,-31.48937
1387003906.25,-31.49315
1387004062.5,-31.49331
1387004218.75,-31.49318
1387004375.0,-31.48882
1387004531.25,-31.49718
1387004687.5,-31.48509
1387004843.75,-31.49063
1387005000.0,-31.48252
1387005156.25,-31.48048
1387005312.5,-31.48461
1387005468.75,-31.48503
1387005625.0,-31.47923
1387005781.25,-31.48126
1387005937.5,-31.4875
1387006093.75,-31.48197
1387006250.0,-31.48275
1387006406.25,-31.46831
1387006562.5,-31.46996
1387006718.75,-31.46517
1387006875.0,-31.47259
1387007031.25,-31.4729
1387007187.5,-31.471
1387007343.75,-31.47524
1387007500.0,-31.46661
1387007656.25,-31.46663
1387007812.5,-31.4648
1387007968.75,-31.47017
1387008125.0,-31.4586
1387008281.25,-31.46843
1387008437.5,-31.45678
1387008593.75,-31.46343
1387008750.0,-31.45947
1387008906.25,-31.45679
1387009062.5,-31.46058
1387009218.75,-31.45574
1387009375.0,-31.46055
1387009531.25,-31.45057
1387009687.5,-31.45101
1387009843.75,-31.45394
1387010000.0,-31.45104
1387010156.25,-31.4492
1387010312.5,-31.44775
1387010468.75,-31.44765
1387010625.0,-31.4513
1387010781.25,-31.44957
1387010937.5,-31.4428
1387011093.75,-31.4447
1387011250.0,-31.4385
1387011406.25,-31.43658
1387011562.5,-31.4382
1387011718.75,-31.44104
1387011875.0,-31.43443
1387012031.25,-31.43704
1387012187.5,-31.43027
1387012343.75,-31.43733
1387012500.0,-31.43278
1387012656.25,-31.42713
1387012812.5,-31.42791
1387012968.75,-31.43308
1387013125.0,-31.42991
1387013281.25,-31.42412
1387013437.5,-31.43034
1387013593.75,-31.42673
1387013750.0,-31.42917
1387013906.25,-31.42963
1387014062.5,-31.42118
1387014218.75,-31.42226
1387014375.0,-31.41799
1387014531.25,-31.41982
1387014687.5,-31.41238
1387014843.75,-31.41264
1387015000.0,-31.41052
1387015156.25,-31.41528
1387015312.5,-31.41262
1387015468.75,-31.41482
1387015625.0,-31.41369
1387015781.25,-31.41057
1387015937.5,-31.41192
1387016093.75,-31.40361
1387016250.0,-31.41518
1387016406.25,-31.40822
1387016562.5,-31.40311
1387016718.75,-31.39639
1387016875.0,-31.39547
1387017031.25,-31.39487
1387017187.5,-31.3997
1387017343.75,-31.40211
1387017500.0,-31.39685
1387017656.25,-31.39606
1387017812.5,-31.39885
1387017968.75,-31.39461
1387018125.0,-31.39803
1387018281.25,-31.39244
1387018437.5,-31.39365
1387018593.75,-31.38717
1387018750.0,-31.38883
1387018906.25,-31.38977
1387019062.5,-31.38904
1387019218.75,-31.3868
1387019375.0,-31.38694
1387019531.25,-31.38296
1387019687.5,-31.37998
1387019843.75,-31.3755
1387020000.0,-31.38605
1387020156.25,-31.37773
1387020312.5,-31.38417
1387020468.75,-31.37453
1387020625.0,-31.37347
1387020781.25,-31.37673
1387020937.5,-31.37393
1387021093.75,-31.37523
1387021250.0,-31.375
1387021406.25,-31.37145
1387021562.5,-31.37126
1387021718.75,-31.36534
1387021875.0,-31.36713
1387022031.25,-31.37007
1387022187.5,-31.36852
1387022343.75,-31.36443
1387022500.0,-31.36236
1387022656.25,-31.36352
1387022812.5,-31.36721
1387022968.75,-31.35681
1387023125.0,-31.3586
1387023281.25,-31.36143
1387023437.5,-31.3562
1387023593.75,-31.3569
1387023750.0,-31.35145
1387023906.25,-31.35285
1387024062.5,-31.35138
1387024218.75,-31.34927
1387024375.0,-31.35044
1387024531.25,-31.3457
1387024687.5,-31.34279
1387024843.75,-31.34823
1387025000.0,-31.34119
1387025156.25,-31.34175
1387025312.5,-31.34307
1387025468.75,-31.34872
1387025625.0,-31.33773
1387025781.25,-31.33936
1387025937.5,-31.33408
1387026093.75,-31.33984
1387026250.0,-31.33685
1387026406.25,-31.33739
1387026562.5,-31.33647
1387026718.75,-31.33395
1387026875.0,-31.32823
1387027031.25,-31.33219
1387027187.5,-31.33824
1387027343.75,-31.32827
1387027500.0,-31.32816
1387027656.25,-31.32786
1387027812.5,-31.32864
1387027968.75,-31.32874
1387028125.0,-31.32564
1387028281.25,-31.31539
1387028437.5,-31.31244
1387028593.75,-31.32361
1387028750.0,-31.31416
1387028906.25,-31.31021
1387029062.5,-31.32072
1387029218.75,-31.31079
1387029375.0,-31.31698
1387029531.25,-31.31149
1387029687.5,-31.31322
1387029843.75,-31.3136
1387030000.0,-31.31541
1387030156.25,-31.30839
1387030312.5,-31.30517
1387030468.75,-31.30877
1387030625.0,-31.30211
1387030781.25,-31.3088
1387030937.5,-31.30623
1387031093.75,-31.30391
1387031250.0,-31.29896
1387031406.25,-31.29931
1387031562.5,-31.2973
1387031718.75,-31.29886
1387031875.0,-31.29382
1387032031.25,-31.29089
1387032187.5,-31.29253
1387032343.75,-31.29687
1387032500.0,-31.29039
1387032656.25,-31.28508
1387032812.5,-31.29541
1387032968.75,-31.28599
1387033125.0,-31.28429
1387033281.25,-31.28487
1387033437.5,-31.28299
1387033593.75,-31.29283
1387033750.0,-31.28321
1387033906.25,-31.28255
1387034062.5,-31.28608
1387034218.75,-31.28659
1387034375.0,-31.28036
1387034531.25,-31.2798
1387034687.5,-31.27994
1387034843.75,-31.28196
1387035000.0,-31.27882
1387035156.25,-31.27283
1387035312.5,-31.26888
1387035468.75,-31.27261
1387035625.0,-31.26965
1387035781.25,-31.26766
1387035937.5,-31.26155
1387036093.75,-31.27356
1387036250.0,-31.26666
1387036406.25,-31.26827
1387036562.5,-31.26587
1387036718.75,-31.26109
1387036875.0,-31.25615
1387037031.25,-31.25839
1387037187.5,-31.25754
1387037343.75,-31.25848
1387037500.0,-31.25768
1387037656.25,-31.25744
1387037812.5,-31.25019
1387037968.75,-31.25762
1387038125.0,-31.2549
1387038281.25,-31.25704
1387038437.5,-31.2501
1387038593.75,-31.2481
1387038750.0,-31.2411
1387038906.25,-31.25431
1387039062.5,-31.24654
1387039218.75,-31.2499
1387039375.0,-31.2466
1387039531.25,-31.24189
1387039687.5,-31.24015
1387039843.75,-31.23778
1387040000.0,-31.23818
1387040156.25,-31.23904
1387040312.5,-31.23382
1387040468.75,-31.23646
1387040625.0,-31.23614
1387040781.25,-31.2384
1387040937.5,-31.23513
1387041093.75,-31.23535
1387041250.0,-31.22898
1387041406.25,-31.2329
1387041562.5,-31.22564
1387041718.75,-31.22312
1387041875.0,-31.22821
1387042031.25,-31.22583
1387042187.5,-31.22057
1387042343.75,-31.22842
1387042500.0,-31.22209
1387042656.25,-31.21688
1387042812.5,-31.21899
1387042968.75,-31.21754
1387043125.0,-31.21678
1387043281.25,-31.21501
1387043437.5,-31.21901
1387043593.75,-31.21592
1387043750.0,-31.2163
1387043906.25,-31.20998
1387044062.5,-31.21614
1387044218.75,-31.2009
1387044375.0,-31.20467
1387044531.25,-31.20971
1387044687.5,-31.20704
1387044843.75,-31.20981
1387045000.0,-31.2025
1387045156.25,-31.198
1387045312.5,-31.20137
1387045468.75,-31.1933
1387045625.0,-31.19707
1387045781.25,-31.20394
1387045937.5,-31.1932
1387046093.75,-31.197
1387046250.0,-31.19247
1387046406.25,-31.1946
1387046562.5,-31.18132
1387046718.75,-31.18903
1387046875.0,-31.19363
1387047031.25,-31.18341
1387047187.5,-31.18974
1387047343.75,-31.19021
1387047500.0,-31.1868
1387047656.25,-31.18092
1387047812.5,-31.18349
1387047968.75,-31.18181
1387048125.0,-31.18325
1387048281.25,-31.17926
1387048437.5,-31.18365
1387048593.75,-31.17467
1387048750.0,-31.1772
1387048906.25,-31.17526
1387049062.5,-31.17497
1387049218.75,-31.17451
1387049375.0,-31.17107
1387049531.25,-31.17142
1387049687.5,-31.17381
1387049843.75,-31.16706
1387050000.0,-31.16492
1387050156.25,-31.163
1387050312.5,-31.16579
1387050468.75,-31.1645
1387050625.0,-31.15949
1387050781.25,-31.16561
1387050937.5,-31.15985
1387051093.75,-31.15575
1387051250.0,-31.16009
1387051406.25,-31.15914
1387051562.5,-31.15268
1387051718.75,-31.15663
1387051875.0,-31.15077
1387052031.25,-31.15711
1387052187.5,-31.15063
1387052343.75,-31.14986
1387052500.0,-31.14486
1387052656.25,-31.14593
1387052812.5,-31.14708
1387052968.75,-31.14258
1387053125.0,-31.14471
1387053281.25,-31.13985
1387053437.5,-31.14318
1387053593.75,-31.13714
1387053750.0,-31.14144
1387053906.25,-31.14034
1387054062.5,-31.14189
1387054218.75,-31.13128
1387054375.0,-31.13015
1387054531.25,-31.13002
1387054687.5,-31.13251
1387054843.75,-31.13317
1387055000.0,-31.1305
1387055156.25,-31.12778
1387055312.5,-31.13008
1387055468.75,-31.12214
1387055625.0,-31.12403
1387055781.25,-31.1225
1387055937.5,-31.12157
1387056093.75,-31.12149
1387056250.0,-31.12508
1387056406.25,-31.12381
1387056562.5,-31.12164
1387056718.75,-31.11576
1387056875.0,-31.11373
1387057031.25,-31.11551
1387057187.5,-31.11826
1387057343.75,-31.11835
1387057500.0,-31.11178
1387057656.25,-31.11605
1387057812.5,-31.10471
1387057968.75,-31.10667
1387058125.0,-31.10085
1387058281.25,-31.11259
1387058437.5,-31.10431
1387058593.75,-31.10255
1387058750.0,-31.10785
1387058906.25,-31.09688
1387059062.5,-31.10086
1387059218.75,-31.09748
1387059375.0,-31.09491
1387059531.25,-31.09789
1387059687.5,-31.1029
1387059843.75,-31.09841
1387060000.0,-31.0939
1387060156.25,-31.09586
1387060312.5,-31.09179
1387060468.75,-31.09297
1387060625.0,-31.09281
1387060781.25,-31.09086
1387060937.5,-31.0837
1387061093.75,-31.09009
1387061250.0,-31.08145
1387061406.25,-31.08822
1387061562.5,-31.08636
1387061718.75,-31.08477
1387061875.0,-31.07616
1387062031.25,-31.07441
1387062187.5,-31.07396
1387062343.75,-31.07598
1387062500.0,-31.07669
1387062656.25,-31.07766
1387062812.5,-31.07434
1387062968.75,-31.07091
1387063125.0,-31.06169
1387063281.25,-31.07468
1387063437.5,-31.06533
1387063593.75,-31.07027
1387063750.0,-31.06771
1387063906.25,-31.06495
1387064062.5,-31.06007
1387064218.75,-31.05999
1387064375.0,-31.05819
1387064531.25,-31.06344
1387064687.5,-31.06269
1387064843.75,-31.05753
1387065000.0,-31.06351
1387065156.25,-31.05301
1387065312.5,-31.05292
1387065468.75,-31.05823
1387065625.0,-31.05182
1387065781.25,-31.05397
1387065937.5,-31.0506
1387066093.75,-31.04507
1387066250.0,-31.05065
1387066406.25,-31.0425
1387066562.5,-31.05218
1387066718.75,-31.04402
1387066875.0,-31.04757
1387067031.25,-31.04291
1387067187.5,-31.04066
1387067343.75,-31.04058
1387067500.0,-31.03789
1387067656.25,-31.03882
1387067812.5,-31.03962
1387067968.75,-31.03436
1387068125.0,-31.04002
1387068281.25,-31.0337
1387068437.5,-31.03771
1387068593.75,-31.02965
1387068750.0,-31.03152
1387068906.25,-31.02785
1387069062.5,-31.02527
1387069218.75,-31.02201
1387069375.0,-31.02525
1387069531.25,-31.02851
1387069687.5,-31.01929
1387069843.75,-31.02258
1387070000.0,-31.02701
1387070156.25,-31.02144
1387070312.5,-31.01318
1387070468.75,-31.02329
1387070625.0,-31.01665
1387070781.25,-31.01629
1387070937.5,-31.01396
1387071093.75,-31.01129
1387071250.0,-31.01283
1387071406.25,-31.00696
1387071562.5,-30.99874
1387071718.75,-31.00752
1387071875.0,-31.00741
1387072031.25,-31.00443
1387072187.5,-30.99986
1387072343.75,-31.00363
1387072500.0,-31.00531
1387072656.25,-31.00981
1387072812.5,-31.00443
1387072968.75,-30.99803
1387073125.0,-31.0005
1387073281.25,-31.00081
1387073437.5,-30.98997
1387073593.75,-30.99782
1387073750.0,-30.98569
1387073906.25,-30.98985
1387074062.5,-30.98816
1387074218.75,-30.98799
1387074375.0,-30.98512
1387074531.25,-30.99362
1387074687.5,-30.98266
1387074843.75,-30.98613
1387075000.0,-30.98857
1387075156.25,-30.97404
1387075312.5,-30.98112
1387075468.75,-30.97966
1387075625.0,-30.97919
1387075781.25,-30.97518
1387075937.5,-30.97349
1387076093.75,-30.97342
1387076250.0,-30.96564
1387076406.25,-30.97569
1387076562.5,-30.97354
1387076718.75,-30.97049
1387076875.0,-30.97201
1387077031.25,-30.97062
1387077187.5,-30.96661
1387077343.75,-30.96713
1387077500.0,-30.96822
1387077656.25,-30.96421
1387077812.5,-30.95812
1387077968.75,-30.95922
1387078125.0,-30.95997
1387078281.25,-30.9544
1387078437.5,-30.95612
1387078593.75,-30.95817
1387078750.0,-30.9585
1387078906.25,-30.95448
1387079062.5,-30.95392
1387079218.75,-30.9501
1387079375.0,-30.94698
1387079531.25,-30.94863
1387079687.5,-30.93909
1387079843.75,-30.94517
1387080000.0,-30.9428
1387080156.25,-30.94294
1387080312.5,-30.94198
1387080468.75,-30.94388
1387080625.0,-30.94664
1387080781.25,-30.94014
1387080937.5,-30.93898
1387081093.75,-30.93795
1387081250.0,-30.93774
1387081406.25,-30.93263
1387081562.5,-30.93581
1387081718.75,-30.92908
1387081875.0,-30.9299
1387082031.25,-30.93169
1387082187.5,-30.93018
1387082343.75,-30.91976
1387082500.0,-30.9311
1387082656.25,-30.92205
1387082812.5,-30.92781
1387082968.75,-30.92662
1387083125.0,-30.92251
1387083281.25,-30.92034
1387083437.5,-30.92075
1387083593.75,-30.92257
1387083750.0,-30.91855
1387083906.25,-30.91318
1387084062.5,-30.91821
1387084218.75,-30.91833
1387084375.0,-30.91467
1387084531.25,-30.918
1387084687.5,-30.90639
1387084843.75,-30.90862
1387085000.0,-30.91242
1387085156.25,-30.90788
1387085312.5,-30.90721
1387085468.75,-30.90913
1387085625.0,-30.90952
1387085781.25,-30.90697
1387085937.5,-30.9022
1387086093.75,-30.90077
1387086250.0,-30.90215
1387086406.25,-30.89485
1387086562.5,-30.89581
1387086718.75,-30.89324
1387086875.0,-30.88972
1387087031.25,-30.89371
1387087187.5,-30.89158
1387087343.75,-30.8896
1387087500.0,-30.89063
1387087656.25,-30.88316
1387087812.5,-30.8891
1387087968.75,-30.8866
1387088125.0,-30.88688
1387088281.25,-30.88744
1387088437.5,-30.88529
1387088593.75,-30.88932
1387088750.0,-30.88427
1387088906.25,-30.88194
1387089062.5,-30.87858
1387089218.75,-30.88125
1387089375.0,-30.87641
1387089531.25,-30.87448
1387089687.5,-30.87291
1387089843.75,-30.87318
1387090000.0,-30.87493
1387090156.25,-30.87161
1387090312.5,-30.86672
1387090468.75,-30.86546
1387090625.0,-30.87082
1387090781.25,-30.86314
1387090937.5,-30.86213
1387091093.75,-30.86393
1387091250.0,-30.86068
1387091406.25,-30.85886
1387091562.5,-30.8637
1387091718.75,-30.8581
1387091875.0,-30.86011
1387092031.25,-30.85882
1387092187.5,-30.85858
1387092343.75,-30.84381
1387092500.0,-30.85218
1387092656.25,-30.85132
1387092812.5,-30.84761
1387092968.75,-30.8457
1387093125.0,-30.84716
1387093281.25,-30.84976
1387093437.5,-30.84818
1387093593.75,-30.84754
1387093750.0,-30.843
1387093906.25,-30.84385
1387094062.5,-30.84058
1387094218.75,-30.84202
1387094375.0,-30.84195
1387094531.25,-30.83618
1387094687.5,-30.83662
1387094843.75,-30.83081
1387095000.0,-30.83306
1387095156.25,-30.8345
1387095312.5,-30.83139
1387095468.75,-30.82808
1387095625.0,-30.82933
1387095781.25,-30.82348
1387095937.5,-30.83285
1387096093.75,-30.82611
1387096250.0,-30.82548
1387096406.25,-30.82458
1387096562.5,-30.82117
1387096718.75,-30.82197
1387096875.0,-30.82059
1387097031.25,-30.82106
1387097187.5,-30.82314
1387097343.75,-30.81725
1387097500.0,-30.81336
1387097656.25,-30.81343
1387097812.5,-30.81132
1387097968.75,-30.8106
1387098125.0,-30.81204
1387098281.25,-30.80719
1387098437.5,-30.80712
1387098593.75,-30.81254
1387098750.0,-30.80258
1387098906.25,-30.80585
1387099062.5,-30.80779
1387099218.75,-30.80329
1387099375.0,-30.79929
1387099531.25,-30.79216
1387099687.5,-30.80009
1387099843.75,-30.79793
1387100000.0,-30.80019
1387100156.25,-30.79478
1387100312.5,-30.79398
1387100468.75,-30.79105
1387100625.0,-30.79126
1387100781.25,-30.78778
1387100937.5,-30.79524
1387101093.75,-30.78984
1387101250.0,-30.791
1387101406.25,-30.78086
1387101562.5,-30.79133
1387101718.75,-30.78461
1387101875.0,-30.78343
1387102031.25,-30.77423
1387102187.5,-30.77857
1387102343.75,-30.78104
1387102500.0,-30.77479
1387102656.25,-30.77718
1387102812.5,-30.77734
1387102968.75,-30.77021
1387103125.0,-30.77492
1387103281.25,-30.7686
1387103437.5,-30.76912
1387103593.75,-30.77088
1387103750.0,-30.76855
1387103906.25,-30.7675
1387104062.5,-30.76955
1387104218.75,-30.7695
1387104375.0,-30.76435
1387104531.25,-30.76191
1387104687.5,-30.76315
1387104843.75,-30.75852
1387105000.0,-30.76162
1387105156.25,-30.75636
1387105312.5,-30.7594
1387105468.75,-30.75474
1387105625.0,-30.75304
1387105781.25,-30.74924
1387105937.5,-30.749
1387106093.75,-30.7508
1387106250.0,-30.75045
1387106406.25,-30.74828
1387106562.5,-30.7466
1387106718.75,-30.74244
1387106875.0,-30.73882
1387107031.25,-30.74329
1387107187.5,-30.74369
1387107343.75,-30.73962
1387107500.0,-30.74269
1387107656.25,-30.74017
1387107812.5,-30.73971
1387107968.75,-30.74153
1387108125.0,-30.73644
1387108281.25,-30.73563
1387108437.5,-30.7327
1387108593.75,-30.73061
1387108750.0,-30.72772
1387108906.25,-30.73381
1387109062.5,-30.72681
1387109218.75,-30.72036
1387109375.0,-30.7291
1387109531.25,-30.72491
1387109687.5,-30.72774
1387109843.75,-30.72151
1387110000.0,-30.71911
1387110156.25,-30.71772
1387110312.5,-30.71524
1387110468.75,-30.7222
1387110625.0,-30.71326
1387110781.25,-30.71331
1387110937.5,-30.7166
1387111093.75,-30.71442
1387111250.0,-30.71118
1387111406.25,-30.71185
1387111562.5,-30.71826
1387111718.75,-30.70933
1387111875.0,-30.70484
1387112031.25,-30.70542
1387112187.5,-30.70635
1387112343.75,-30.70764
1387112500.0,-30.70299
1387112656.25,-30.69273
1387112812.5,-30.70282
1387112968.75,-30.68903
1387113125.0,-30.69336
1387113281.25,-30.70074
1387113437.5,-30.69631
1387113593.75,-30.69527
1387113750.0,-30.68696
1387113906.25,-30.69703
1387114062.5,-30.69007
1387114218.75,-30.68751
1387114375.0,-30.68978
1387114531.25,-30.68704
1387114687.5,-30.68169
1387114843.75,-30.67532
1387115000.0,-30.67927
1387115156.25,-30.68116
1387115312.5,-30.68261
1387115468.75,-30.67653
1387115625.0,-30.67808
1387115781.25,-30.68017
1387115937.5,-30.67503
1387116093.75,-30.67615
1387116250.0,-30.67343
1387116406.25,-30.67234
1387116562.5,-30.67295
1387116718.75,-30.67785
1387116875.0,-30.67065
1387117031.25,-30.67295
1387117187.5,-30.66588
1387117343.75,-30.66822
1387117500.0,-30.66606
1387117656.25,-30.6616
1387117812.5,-30.66278
1387117968.75,-30.66311
1387118125.0,-30.66309
1387118281.25,-30.65591
1387118437.5,-30.65944
1387118593.75,-30.65328
1387118750.0,-30.65936
1387118906.25,-30.6565
1387119062.5,-30.65475
1387119218.75,-30.64618
1387119375.0,-30.64696
1387119531.25,-30.64711
1387119687.5,-30.64757
1387119843.75,-30.65369
1387120000.0,-30.64469
1387120156.25,-30.65226
1387120312.5,-30.64162
1387120468.75,-30.64483
1387120625.0,-30.63986
1387120781.25,-30.63769
1387120937.5,-30.63385
1387121093.75,-30.63309
1387121250.0,-30.64243
1387121406.25,-30.63044
1387121562.5,-30.62974
1387121718.75,-30.62776
1387121875.0,-30.63056
1387122031.25,-30.63044
1387122187.5,-30.62895
1387122343.75,-30.62536
1387122500.0,-30.62989
1387122656.25,-30.6262
1387122812.5,-30.62642
1387122968.75,-30.62108
1387123125.0,-30.61988
1387123281.25,-30.62131
1387123437.5,-30.61583
1387123593.75,-30.62209
1387123750.0,-30.61971
1387123906.25,-30.61616
1387124062.5,-30.61106
1387124218.75,-30.61103
1387124375.0,-30.60811
1387124531.25,-30.60769
1387124687.5,-30.60655
1387124843.75,-30.60341
1387125000.0,-30.60499
1387125156.25,-30.60053
1387125312.5,-30.59579
1387125468.75,-30.60249
1387125625.0,-30.59952
1387125781.25,-30.60096
1387125937.5,-30.59829
1387126093.75,-30.59852
1387126250.0,-30.59904
1387126406.25,-30.59669
1387126562.5,-30.59009
1387126718.75,-30.59377
1387126875.0,-30.59588
1387127031.25,-30.59258
1387127187.5,-30.59141
1387127343.75,-30.58564
1387127500.0,-30.5933
1387127656.25,-30.58362
1387127812.5,-30.58636
1387127968.75,-30.58386
1387128125.0,-30.58522
1387128281.25,-30.58272
1387128437.5,-30.58296
1387128593.75,-30.57419
1387128750.0,-30.57945
1387128906.25,-30.57727
1387129062.5,-30.57783
1387129218.75,-30.57255
1387129375.0,-30.56884
1387129531.25,-30.57148
1387129687.5,-30.56767
1387129843.75,-30.56871
1387130000.0,-30.56568
1387130156.25,-30.5663
1387130312.5,-30.56124
1387130468.75,-30.5663
1387130625.0,-30.56247
1387130781.25,-30.56
1387130937.5,-30.56006
1387131093.75,-30.5584
1387131250.0,-30.56211
1387131406.25,-30.55754
1387131562.5,-30.556
1387131718.75,-30.55466
1387131875.0,-30.55882
1387132031.25,-30.55178
1387132187.5,-30.55268
1387132343.75,-30.55079
1387132500.0,-30.54302
1387132656.25,-30.54841
1387132812.5,-30.55122
1387132968.75,-30.54717
1387133125.0,-30.54102
1387133281.25,-30.54222
1387133437.5,-30.54109
1387133593.75,-30.54555
1387133750.0,-30.53734
1387133906.25,-30.53835
1387134062.5,-30.539
1387134218.75,-30.53489
1387134375.0,-30.53183
1387134531.25,-30.52565
1387134687.5,-30.53148
1387134843.75,-30.53497
1387135000.0,-30.52364
1387135156.25,-30.5233
1387135312.5,-30.5285
1387135468.75,-30.53028
1387135625.0,-30.52769
1387135781.25,-30.52468
1387135937.5,-30.5177
1387136093.75,-30.52478
1387136250.0,-30.52489
1387136406.25,-30.52297
1387136562.5,-30.51989
1387136718.75,-30.51811
1387136875.0,-30.51119
1387137031.25,-30.51492
1387137187.5,-30.5132
1387137343.75,-30.51451
1387137500.0,-30.50594
1387137656.25,-30.51442
1387137812.5,-30.50711
1387137968.75,-30.50467
1387138125.0,-30.51292
1387138281.25,-30.50162
1387138437.5,-30.50435
1387138593.75,-30.49871
1387138750.0,-30.50816
1387138906.25,-30.49771
1387139062.5,-30.49886
1387139218.75,-30.49213
1387139375.0,-30.48991
1387139531.25,-30.48871
1387139687.5,-30.4931
1387139843.75,-30.49384
1387140000.0,-30.48697
1387140156.25,-30.48961
1387140312.5,-30.48924
1387140468.75,-30.49204
1387140625.0,-30.48914
1387140781.25,-30.48653
1387140937.5,-30.48462
1387141093.75,-30.4808
1387141250.0,-30.48287
1387141406.25,-30.47673
1387141562.5,-30.4813
1387141718.75,-30.47717
1387141875.0,-30.47276
1387142031.25,-30.47478
1387142187.5,-30.46888
1387142343.75,-30.46963
1387142500.0,-30.47082
1387142656.25,-30.47134
1387142812.5,-30.46924
1387142968.75,-30.46364
1387143125.0,-30.46402
1387143281.25,-30.45834
1387143437.5,-30.4667
1387143593.75,-30.45814
1387143750.0,-30.46265
1387143906.25,-30.46971
1387144062.5,-30.45994
1387144218.75,-30.45835
1387144375.0,-30.45255
1387144531.25,-30.45413
1387144687.5,-30.45453
1387144843.75,-30.45316
1387145000.0,-30.45275
1387145156.25,-30.44863
1387145312.5,-30.45043
1387145468.75,-30.45015
1387145625.0,-30.43876
1387145781.25,-30.445
1387145937.5,-30.44431
1387146093.75,-30.44197
1387146250.0,-30.43937
1387146406.25,-30.44037
1387146562.5,-30.44628
1387146718.75,-30.43767
1387146875.0,-30.43876
1387147031.25,-30.43052
1387147187.5,-30.43764
1387147343.75,-30.43122
1387147500.0,-30.42977
1387147656.25,-30.43356
1387147812.5,-30.42893
1387147968.75,-30.43149
1387148125.0,-30.42225
1387148281.25,-30.42318
1387148437.5,-30.42028
1387148593.75,-30.42417
1387148750.0,-30.42219
1387148906.25,-30.41926
1387149062.5,-30.42132
1387149218.75,-30.42351
1387149375.0,-30.41287
1387149531.25,-30.41719
1387149687.5,-30.41721
1387149843.75,-30.41511
1387150000.0,-30.41574
1387150156.25,-30.41338
1387150312.5,-30.40832
1387150468.75,-30.41304
1387150625.0,-30.40655
1387150781.25,-30.41055
1387150937.5,-30.40251
1387151093.75,-30.40137
1387151250.0,-30.40181
1387151406.25,-30.39952
1387151562.5,-30.40079
1387151718.75,-30.3995
1387151875.0,-30.39161
1387152031.25,-30.3964
1387152187.5,-30.3936
1387152343.75,-30.39788
1387152500.0,-30.39355
1387152656.25,-30.3891
1387152812.5,-30.38268
1387152968.75,-30.38618
1387153125.0,-30.38266
1387153281.25,-30.38648
1387153437.5,-30.3837
1387153593.75,-30.38146
1387153750.0,-30.38419
1387153906.25,-30.38373
1387154062.5,-30.38205
1387154218.75,-30.38168
1387154375.0,-30.38067
1387154531.25,-30.37898
1387154687.5,-30.37607
1387154843.75,-30.38285
1387155000.0,-30.37371
1387155156.25,-30.37396
1387155312.5,-30.36716
1387155468.75,-30.37194
1387155625.0,-30.36476
1387155781.25,-30.3592
1387155937.5,-30.37024
1387156093.75,-30.35874
1387156250.0,-30.36337
1387156406.25,-30.36518
1387156562.5,-30.36057
1387156718.75,-30.35939
1387156875.0,-30.35935
1387157031.25,-30.35221
1387157187.5,-30.35561
1387157343.75,-30.34964
1387157500.0,-30.35246
1387157656.25,-30.34876
1387157812.5,-30.34914
1387157968.75,-30.34612
1387158125.0,-30.34459
1387158281.25,-30.35157
1387158437.5,-30.34643
1387158593.75,-30.3458
1387158750.0,-30.34206
1387158906.25,-30.34418
1387159062.5,-30.33951
1387159218.75,-30.33899
1387159375.0,-30.34197
1387159531.25,-30.3382
1387159687.5,-30.33182
1387159843.75,-30.33792
1387160000.0,-30.33488
1387160156.25,-30.33171
1387160312.5,-30.33553
1387160468.75,-30.3272
1387160625.0,-30.3279
1387160781.25,-30.33522
1387160937.5,-30.32264
1387161093.75,-30.32896
1387161250.0,-30.32162
1387161406.25,-30.31749
1387161562.5,-30.32462
1387161718.75,-30.32017
1387161875.0,-30.31769
1387162031.25,-30.31812
1387162187.5,-30.31707
1387162343.75,-30.31509
1387162500.0,-30.30878
1387162656.25,-30.31465
1387162812.5,-30.31681
1387162968.75,-30.31208
1387163125.0,-30.30623
1387163281.25,-30.31404
1387163437.5,-30.30392
1387163593.75,-30.30965
1387163750.0,-30.30106
1387163906.25,-30.30257
1387164062.5,-30.30144
1387164218.75,-30.29471
1387164375.0,-30.29159
1387164531.25,-30.29605
1387164687.5,-30.29946
1387164843.75,-30.2899
1387165000.0,-30.29324
1387165156.25,-30.29459
1387165312.5,-30.28366
1387165468.75,-30.29479
1387165625.0,-30.28951
1387165781.25,-30.29002
1387165937.5,-30.28536
1387166093.75,-30.28782
1387166250.0,-30.28884
1387166406.25,-30.28204
1387166562.5,-30.27989
1387166718.75,-30.27576
1387166875.0,-30.28225
1387167031.25,-30.27332
1387167187.5,-30.27995
1387167343.75,-30.2703
1387167500.0,-30.26922
1387167656.25,-30.26729
1387167812.5,-30.27541
1387167968.75,-30.27179
1387168125.0,-30.27343
1387168281.25,-30.26622
1387168437.5,-30.2605
1387168593.75,-30.26986
1387168750.0,-30.26364
1387168906.25,-30.25946
1387169062.5,-30.25563
1387169218.75,-30.2578
1387169375.0,-30.26058
1387169531.25,-30.25765
1387169687.5,-30.25829
1387169843.75,-30.25708
1387170000.0,-30.25179
1387170156.25,-30.2537
1387170312.5,-30.24646
1387170468.75,-30.25234
1387170625.0,-30.24792
1387170781.25,-30.24561
1387170937.5,-30.24635
1387171093.75,-30.24239
1387171250.0,-30.24398
1387171406.25,-30.24689
1387171562.5,-30.24623
1387171718.75,-30.24125
1387171875.0,-30.24017
1387172031.25,-30.23707
1387172187.5,-30.23751
1387172343.75,-30.23932
1387172500.0,-30.23103
1387172656.25,-30.23132
1387172812.5,-30.23548
1387172968.75,-30.2249
1387173125.0,-30.22907
1387173281.25,-30.23101
1387173437.5,-30.2296
1387173593.75,-30.2222
1387173750.0,-30.22215
1387173906.25,-30.22388
1387174062.5,-30.22349
1387174218.75,-30.21891
1387174375.0,-30.2177
1387174531.25,-30.21381
1387174687.5,-30.21992
1387174843.75,-30.21317
1387175000.0,-30.21483
1387175156.25,-30.21035
1387175312.5,-30.2051
1387175468.75,-30.21429
1387175625.0,-30.21508
1387175781.25,-30.20442
1387175937.5,-30.20474
1387176093.75,-30.19748
1387176250.0,-30.20321
1387176406.25,-30.20642
1387176562.5,-30.20566
1387176718.75,-30.19311
1387176875.0,-30.1949
1387177031.25,-30.19772
1387177187.5,-30.19574
1387177343.75,-30.19114
1387177500.0,-30.19692
1387177656.25,-30.19151
1387177812.5,-30.18812
1387177968.75,-30.19118
1387178125.0,-30.18319
1387178281.25,-30.18854
1387178437.5,-30.18844
1387178593.75,-30.18771
1387178750.0,-30.1828
1387178906.25,-30.1841
1387179062.5,-30.18031
1387179218.75,-30.18361
1387179375.0,-30.18025
1387179531.25,-30.17426
1387179687.5,-30.17511
1387179843.75,-30.17246
1387180000.0,-30.17764
1387180156.25,-30.1711
1387180312.5,-30.1715
1387180468.75,-30.16844
1387180625.0,-30.16598
1387180781.25,-30.16571
1387180937.5,-30.16514
1387181093.75,-30.15952
1387181250.0,-30.16541
1387181406.25,-30.15872
1387181562.5,-30.15612
1387181718.75,-30.15645
1387181875.0,-30.15754
1387182031.25,-30.15589
1387182187.5,-30.15738
1387182343.75,-30.15509
1387182500.0,-30.1489
1387182656.25,-30.15233
1387182812.5,-30.14819
1387182968.75,-30.15012
1387183125.0,-30.14392
1387183281.25,-30.14324
1387183437.5,-30.14702
1387183593.75,-30.1415
1387183750.0,-30.1396
1387183906.25,-30.14482
1387184062.5,-30.14047
1387184218.75,-30.13726
1387184375.0,-30.13966
1387184531.25,-30.13438
1387184687.5,-30.12896
1387184843.75,-30.13494
1387185000.0,-30.13779
1387185156.25,-30.1329
1387185312.5,-30.12904
1387185468.75,-30.12484
1387185625.0,-30.13009
1387185781.25,-30.12586
1387185937.5,-30.12475
1387186093.75,-30.12463
1387186250.0,-30.12547
1387186406.25,-30.11949
1387186562.5,-30.12103
1387186718.75,-30.11961
1387186875.0,-30.11433
1387187031.25,-30.11107
1387187187.5,-30.11403
1387187343.75,-30.10845
1387187500.0,-30.11443
1387187656.25,-30.11255
1387187812.5,-30.10786
1387187968.75,-30.11131
1387188125.0,-30.113
1387188281.25,-30.10729
1387188437.5,-30.10378
1387188593.75,-30.10103
1387188750.0,-30.10171
1387188906.25,-30.09739
1387189062.5,-30.09785
1387189218.75,-30.09528
1387189375.0,-30.09097
1387189531.25,-30.09532
1387189687.5,-30.09224
1387189843.75,-30.08885
1387190000.0,-30.09166
1387190156.25,-30.09261
1387190312.5,-30.08484
1387190468.75,-30.08911
1387190625.0,-30.08644
1387190781.25,-30.08829
1387190937.5,-30.08543
1387191093.75,-30.08419
1387191250.0,-30.08047
1387191406.25,-30.07933
1387191562.5,-30.07745
1387191718.75,-30.0767
1387191875.0,-30.07466
1387192031.25,-30.07768
1387192187.5,-30.07053
1387192343.75,-30.07356
1387192500.0,-30.0735
1387192656.25,-30.07354
1387192812.5,-30.06968
1387192968.75,-30.06602
1387193125.0,-30.06353
1387193281.25,-30.0631
1387193437.5,-30.06382
1387193593.75,-30.06127
1387193750.0,-30.05953
1387193906.25,-30.06015
1387194062.5,-30.06406
1387194218.75,-30.05774
1387194375.0,-30.05666
1387194531.25,-30.0543
1387194687.5,-30.05029
1387194843.75,-30.05463
1387195000.0,-30.04623
1387195156.25,-30.05076
1387195312.5,-30.04202
1387195468.75,-30.04485
1387195625.0,-30.04128
1387195781.25,-30.043
1387195937.5,-30.04103
1387196093.75,-30.04102
1387196250.0,-30.04277
1387196406.25,-30.03931
1387196562.5,-30.03801
1387196718.75,-30.0396
1387196875.0,-30.03365
1387197031.25,-30.03168
1387197187.5,-30.03213
1387197343.75,-30.03211
1387197500.0,-30.02872
1387197656.25,-30.02953
1387197812.5,-30.03279
1387197968.75,-30.0218
1387198125.0,-30.02258
1387198281.25,-30.0251
1387198437.5,-30.02398
1387198593.75,-30.02404
1387198750.0,-30.0244
1387198906.25,-30.01911
1387199062.5,-30.0185
1387199218.75,-30.01353
1387199375.0,-30.01232
1387199531.25,-30.01345
1387199687.5,-30.01511
1387199843.75,-30.01099
1387200000.0,-30.00994
1387200156.25,-30.01174
1387200312.5,-30.00695
1387200468.75,-30.00343
1387200625.0,-30.00858
1387200781.25,-30.00067
1387200937.5,-30.00697
1387201093.75,-29.99453
1387201250.0,-29.99971
1387201406.25,-29.99567
1387201562.5,-29.99826
1387201718.75,-29.99562
1387201875.0,-29.99439
1387202031.25,-29.99497
1387202187.5,-29.99532
1387202343.75,-29.99068
1387202500.0,-29.98741
1387202656.25,-29.98795
1387202812.5,-29.99133
1387202968.75,-29.98193
1387203125.0,-29.98725
1387203281.25,-29.9842
1387203437.5,-29.9777
1387203593.75,-29.98418
1387203750.0,-29.98052
1387203906.25,-29.97989
1387204062.5,-29.97518
1387204218.75,-29.97647
1387204375.0,-29.97746
1387204531.25,-29.97374
1387204687.5,-29.97148
1387204843.75,-29.96972
1387205000.0,-29.96878
1387205156.25,-29.97162
1387205312.5,-29.9667
1387205468.75,-29.97482
1387205625.0,-29.96745
1387205781.25,-29.96371
1387205937.5,-29.96099
1387206093.75,-29.95399
1387206250.0,-29.95661
1387206406.25,-29.9543
1387206562.5,-29.9555
1387206718.75,-29.95429
1387206875.0,-29.96054
1387207031.25,-29.95149
1387207187.5,-29.94676
1387207343.75,-29.95381
1387207500.0,-29.94652
1387207656.25,-29.94833
1387207812.5,-29.952
1387207968.75,-29.94886
1387208125.0,-29.94161
1387208281.25,-29.94152
1387208437.5,-29.94096
1387208593.75,-29.94107
1387208750.0,-29.93626
1387208906.25,-29.93111
1387209062.5,-29.93154
1387209218.75,-29.93784
1387209375.0,-29.93057
1387209531.25,-29.92999
1387209687.5,-29.92736
1387209843.75,-29.9337
1387210000.0,-29.92478
1387210156.25,-29.92309
1387210312.5,-29.92268
1387210468.75,-29.9273
1387210625.0,-29.92681
1387210781.25,-29.92059
1387210937.5,-29.92165
1387211093.75,-29.91592
1387211250.0,-29.91271
1387211406.25,-29.91397
1387211562.5,-29.91398
1387211718.75,-29.90774
1387211875.0,-29.91361
1387212031.25,-29.91208
1387212187.5,-29.90453
1387212343.75,-29.91109
1387212500.0,-29.90171
1387212656.25,-29.90247
1387212812.5,-29.90568
1387212968.75,-29.90339
1387213125.0,-29.90274
1387213281.25,-29.90169
1387213437.5,-29.899
1387213593.75,-29.89535
1387213750.0,-29.89646
1387213906.25,-29.89978
1387214062.5,-29.89735
1387214218.75,-29.89519
1387214375.0,-29.89119
1387214531.25,-29.88874
1387214687.5,-29.89032
1387214843.75,-29.88905
1387215000.0,-29.88842
1387215156.25,-29.88559
1387215312.5,-29.88773
1387215468.75,-29.879
1387215625.0,-29.87935
1387215781.25,-29.87899
1387215937.5,-29.87654
1387216093.75,-29.88105
1387216250.0,-29.87791
1387216406.25,-29.87149
1387216562.5,-29.86999
1387216718.75,-29.86735
1387216875.0,-29.86991
1387217031.25,-29.87063
1387217187.5,-29.86901
1387217343.75,-29.87029
1387217500.0,-29.86745
1387217656.25,-29.86194
1387217812.5,-29.85885
1387217968.75,-29.86461
1387218125.0,-29.85918
1387218281.25,-29.86197
1387218437.5,-29.85246
1387218593.75,-29.85527
1387218750.0,-29.85352
1387218906.25,-29.85291
1387219062.5,-29.8516
1387219218.75,-29.85224
1387219375.0,-29.85016
1387219531.25,-29.84808
1387219687.5,-29.84683
1387219843.75,-29.84339
1387220000.0,-29.84565
1387220156.25,-29.84651
1387220312.5,-29.84529
1387220468.75,-29.84717
1387220625.0,-29.83691
1387220781.25,-29.83525
1387220937.5,-29.83166
1387221093.75,-29.83322
1387221250.0,-29.83215
1387221406.25,-29.83506
1387221562.5,-29.8357
1387221718.75,-29.83428
1387221875.0,-29.82353
1387222031.25,-29.82846
1387222187.5,-29.82625
1387222343.75,-29.82335
1387222500.0,-29.81822
1387222656.25,-29.82355
1387222812.5,-29.82407
1387222968.75,-29.81439
1387223125.0,-29.81243
1387223281.25,-29.81504
1387223437.5,-29.81169
1387223593.75,-29.81672
1387223750.0,-29.81335
1387223906.25,-29.81656
1387224062.5,-29.81231
1387224218.75,-29.80676
1387224375.0,-29.80244
1387224531.25,-29.80551
1387224687.5,-29.80361
1387224843.75,-29.79883
1387225000.0,-29.80138
1387225156.25,-29.79769
1387225312.5,-29.79863
1387225468.75,-29.79528
1387225625.0,-29.79675
1387225781.25,-29.79094
1387225937.5,-29.79552
1387226093.75,-29.79194
1387226250.0,-29.7895
1387226406.25,-29.79234
1387226562.5,-29.78693
1387226718.75,-29.79078
1387226875.0,-29.78302
1387227031.25,-29.78565
1387227187.5,-29.77747
1387227343.75,-29.78264
1387227500.0,-29.78132
1387227656.25,-29.77859
1387227812.5,-29.77524
1387227968.75,-29.78176
1387228125.0,-29.77306
1387228281.25,-29.7752
1387228437.5,-29.77428
1387228593.75,-29.77033
1387228750.0,-29.76431
1387228906.25,-29.77372
1387229062.5,-29.77112
1387229218.75,-29.7633
1387229375.0,-29.7617
1387229531.25,-29.76764
1387229687.5,-29.76574
1387229843.75,-29.76169
1387230000.0,-29.75575
1387230156.25,-29.75943
1387230312.5,-29.75422
1387230468.75,-29.75535
1387230625.0,-29.75347
1387230781.25,-29.7463
1387230937.5,-29.74474
1387231093.75,-29.74879
1387231250.0,-29.75216
1387231406.25,-29.74746
1387231562.5,-29.74879
1387231718.75,-29.74536
1387231875.0,-29.74952
1387232031.25,-29.74096
1387232187.5,-29.74503
1387232343.75,-29.73881
1387232500.0,-29.74134
1387232656.25,-29.73656
1387232812.5,-29.73706
1387232968.75,-29.73853
1387233125.0,-29.7357
1387233281.25,-29.73031
1387233437.5,-29.73099
1387233593.75,-29.72898
1387233750.0,-29.7236
1387233906.25,-29.72707
1387234062.5,-29.72081
1387234218.75,-29.72376
1387234375.0,-29.72258
1387234531.25,-29.71395
1387234687.5,-29.72154
1387234843.75,-29.72128
1387235000.0,-29.71721
1387235156.25,-29.71641
1387235312.5,-29.71531
1387235468.75,-29.71401
1387235625.0,-29.71041
1387235781.25,-29.70911
1387235937.5,-29.71276
1387236093.75,-29.71146
1387236250.0,-29.70408
1387236406.25,-29.70483
1387236562.5,-29.70208
1387236718.75,-29.70261
1387236875.0,-29.69584
1387237031.25,-29.70273
1387237187.5,-29.69696
1387237343.75,-29.69827
1387237500.0,-29.69839
1387237656.25,-29.68922
1387237812.5,-29.69598
1387237968.75,-29.69276
1387238125.0,-29.68851
1387238281.25,-29.68525
1387238437.5,-29.68661
1387238593.75,-29.68534
1387238750.0,-29.68616
1387238906.25,-29.68229
1387239062.5,-29.67937
1387239218.75,-29.67746
1387239375.0,-29.67718
1387239531.25,-29.6787
1387239687.5,-29.67904
1387239843.75,-29.67679
1387240000.0,-29.67964
1387240156.25,-29.67517
1387240312.5,-29.67229
1387240468.75,-29.66918
1387240625.0,-29.67307
1387240781.25,-29.66594
1387240937.5,-29.66027
1387241093.75,-29.66509
1387241250.0,-29.66922
1387241406.25,-29.66025
1387241562.5,-29.66062
1387241718.75,-29.6557
1387241875.0,-29.66009
1387242031.25,-29.65355
1387242187.5,-29.64981
1387242343.75,-29.65282
1387242500.0,-29.65152
1387242656.25,-29.65244
1387242812.5,-29.64994
1387242968.75,-29.64364
1387243125.0,-29.65085
1387243281.25,-29.64752
1387243437.5,-29.64321
1387243593.75,-29.64125
1387243750.0,-29.64318
1387243906.25,-29.63936
1387244062.5,-29.63939
1387244218.75,-29.63896
1387244375.0,-29.64065
1387244531.25,-29.63418
1387244687.5,-29.63317
1387244843.75,-29.63297
1387245000.0,-29.63526
1387245156.25,-29.62694
1387245312.5,-29.62496
1387245468.75,-29.62525
1387245625.0,-29.62122
1387245781.25,-29.61923
1387245937.5,-29.62516
1387246093.75,-29.61802
1387246250.0,-29.61646
1387246406.25,-29.62291
1387246562.5,-29.62083
1387246718.75,-29.61687
1387246875.0,-29.61193
1387247031.25,-29.60866
1387247187.5,-29.60634
1387247343.75,-29.60481
1387247500.0,-29.60817
1387247656.25,-29.60602
1387247812.5,-29.61013
1387247968.75,-29.60325
1387248125.0,-29.60831
1387248281.25,-29.60492
1387248437.5,-29.60444
1387248593.75,-29.6007
1387248750.0,-29.60214
1387248906.25,-29.60104
1387249062.5,-29.59726
1387249218.75,-29.5983
1387249375.0,-29.59607
1387249531.25,-29.58737
1387249687.5,-29.59056
1387249843.75,-29.58776
1387250000.0,-29.58884
1387250156.25,-29.58812
1387250312.5,-29.58656
1387250468.75,-29.58944
1387250625.0,-29.5909
1387250781.25,-29.58499
1387250937.5,-29.58068
1387251093.75,-29.57941
1387251250.0,-29.5769
1387251406.25,-29.57307
1387251562.5,-29.5775
1387251718.75,-29.57158
1387251875.0,-29.57513
1387252031.25,-29.57085
1387252187.5,-29.56888
1387252343.75,-29.56614
1387252500.0,-29.56775
1387252656.25,-29.56426
1387252812.5,-29.564
1387252968.75,-29.56145
1387253125.0,-29.56049
1387253281.25,-29.55708
1387253437.5,-29.56348
1387253593.75,-29.5551
1387253750.0,-29.55787
1387253906.25,-29.55378
1387254062.5,-29.55401
1387254218.75,-29.54648
1387254375.0,-29.55639
1387254531.25,-29.54859
1387254687.5,-29.54696
1387254843.75,-29.54267
1387255000.0,-29.54372
1387255156.25,-29.54498
1387255312.5,-29.54439
1387255468.75,-29.54319
1387255625.0,-29.53889
1387255781.25,-29.53929
1387255937.5,-29.53432
1387256093.75,-29.54072
1387256250.0,-29.53225
1387256406.25,-29.52936
1387256562.5,-29.535
1387256718.75,-29.52915
1387256875.0,-29.52435
1387257031.25,-29.5296
1387257187.5,-29.5267
1387257343.75,-29.52409
1387257500.0,-29.52204
1387257656.25,-29.5252
1387257812.5,-29.51717
1387257968.75,-29.51453
1387258125.0,-29.51772
1387258281.25,-29.51758
1387258437.5,-29.51521
1387258593.75,-29.51355
1387258750.0,-29.50881
1387258906.25,-29.51191
1387259062.5,-29.50914
1387259218.75,-29.50755
1387259375.0,-29.5091
1387259531.25,-29.51061
1387259687.5,-29.50671
1387259843.75,-29.49722
1387260000.0,-29.50336
1387260156.25,-29.50279
1387260312.5,-29.50092
1387260468.75,-29.49811
1387260625.0,-29.49596
1387260781.25,-29.49996
1387260937.5,-29.49828
1387261093.75,-29.49112
1387261250.0,-29.48829
1387261406.25,-29.49354
1387261562.5,-29.48925
1387261718.75,-29.48688
1387261875.0,-29.48747
1387262031.25,-29.48086
1387262187.5,-29.48519
1387262343.75,-29.4798
1387262500.0,-29.47679
1387262656.25,-29.47604
1387262812.5,-29.47661
1387262968.75,-29.47757
1387263125.0,-29.47887
1387263281.25,-29.4739
1387263437.5,-29.47045
1387263593.75,-29.46606
1387263750.0,-29.46533
1387263906.25,-29.46688
1387264062.5,-29.47006
1387264218.75,-29.46529
1387264375.0,-29.46704
1387264531.25,-29.46096
1387264687.5,-29.45944
1387264843.75,-29.45974
1387265000.0,-29.4557
1387265156.25,-29.45578
1387265312.5,-29.45412
1387265468.75,-29.45831
1387265625.0,-29.45374
1387265781.25,-29.45038
1387265937.5,-29.45007
1387266093.75,-29.45356
1387266250.0,-29.44637
1387266406.25,-29.44476
1387266562.5,-29.44448
1387266718.75,-29.44354
1387266875.0,-29.43852
1387267031.25,-29.43908
1387267187.5,-29.44372
1387267343.75,-29.44223
1387267500.0,-29.43454
1387267656.25,-29.43331
1387267812.5,-29.43315
1387267968.75,-29.42917
1387268125.0,-29.42979
1387268281.25,-29.43257
1387268437.5,-29.42962
1387268593.75,-29.4241
1387268750.0,-29.42513
1387268906.25,-29.42249
1387269062.5,-29.42411
1387269218.75,-29.42077
1387269375.0,-29.4181
1387269531.25,-29.42288
1387269687.5,-29.41572
1387269843.75,-29.41748
1387270000.0,-29.41633
1387270156.25,-29.41595
1387270312.5,-29.41297
1387270468.75,-29.41136
1387270625.0,-29.40832
1387270781.25,-29.40897
1387270937.5,-29.40476
1387271093.75,-29.40787
1387271250.0,-29.40235
1387271406.25,-29.40184
1387271562.5,-29.40238
1387271718.75,-29.39469
1387271875.0,-29.39399
1387272031.25,-29.39851
1387272187.5,-29.39468
1387272343.75,-29.39431
1387272500.0,-29.39308
1387272656.25,-29.39238
1387272812.5,-29.39194
1387272968.75,-29.38106
1387273125.0,-29.38785
1387273281.25,-29.38244
1387273437.5,-29.38074
1387273593.75,-29.38434
1387273750.0,-29.38285
1387273906.25,-29.38059
1387274062.5,-29.37293
1387274218.75,-29.37718
1387274375.0,-29.38101
1387274531.25,-29.37535
1387274687.5,-29.37609
1387274843.75,-29.36664
1387275000.0,-29.36682
1387275156.25,-29.36749
1387275312.5,-29.36605
1387275468.75,-29.36453
1387275625.0,-29.3697
1387275781.25,-29.36141
1387275937.5,-29.36134
1387276093.75,-29.36037
1387276250.0,-29.35992
1387276406.25,-29.35641
1387276562.5,-29.35976
1387276718.75,-29.35544
1387276875.0,-29.35251
1387277031.25,-29.3491
1387277187.5,-29.35245
1387277343.75,-29.3518
1387277500.0,-29.34993
1387277656.25,-29.3479
1387277812.5,-29.34473
1387277968.75,-29.34469
1387278125.0,-29.34531
1387278281.25,-29.34312
1387278437.5,-29.34525
1387278593.75,-29.33787
1387278750.0,-29.33849
1387278906.25,-29.33793
1387279062.5,-29.3298
1387279218.75,-29.3258
1387279375.0,-29.33125
1387279531.25,-29.32844
1387279687.5,-29.32346
1387279843.75,-29.33152
1387280000.0,-29.32419
1387280156.25,-29.32866
1387280312.5,-29.32308
1387280468.75,-29.32121
1387280625.0,-29.31705
1387280781.25,-29.31596
1387280937.5,-29.32072
1387281093.75,-29.31475
1387281250.0,-29.31393
1387281406.25,-29.30498
1387281562.5,-29.31701
1387281718.75,-29.31336
1387281875.0,-29.30667
1387282031.25,-29.31041
1387282187.5,-29.30889
1387282343.75,-29.31031
1387282500.0,-29.3022
1387282656.25,-29.29919
1387282812.5,-29.30255
1387282968.75,-29.29363
1387283125.0,-29.30277
1387283281.25,-29.29617
1387283437.5,-29.29605
1387283593.75,-29.29075
1387283750.0,-29.28912
1387283906.25,-29.29122
1387284062.5,-29.29014
1387284218.75,-29.2877
1387284375.0,-29.28572
1387284531.25,-29.29063
1387284687.5,-29.28061
1387284843.75,-29.28319
1387285000.0,-29.27988
1387285156.25,-29.27835
1387285312.5,-29.28538
1387285468.75,-29.27562
1387285625.0,-29.2785
1387285781.25,-29.27339
1387285937.5,-29.26801
1387286093.75,-29.27298
1387286250.0,-29.27241
1387286406.25,-29.26553
1387286562.5,-29.26463
1387286718.75,-29.27124
1387286875.0,-29.26685
1387287031.25,-29.26225
1387287187.5,-29.26494
1387287343.75,-29.25619
1387287500.0,-29.26044
1387287656.25,-29.25894
1387287812.5,-29.25369
1387287968.75,-29.25576
1387288125.0,-29.25373
1387288281.25,-29.24731
1387288437.5,-29.24948
1387288593.75,-29.24743
1387288750.0,-29.24929
1387288906.25,-29.24371
1387289062.5,-29.24565
1387289218.75,-29.23765
1387289375.0,-29.2477
1387289531.25,-29.24201
1387289687.5,-29.24184
1387289843.75,-29.23808
1387290000.0,-29.236
1387290156.25,-29.23661
1387290312.5,-29.23292
1387290468.75,-29.23228
1387290625.0,-29.22983
1387290781.25,-29.22884
1387290937.5,-29.22695
1387291093.75,-29.22681
1387291250.0,-29.2343
1387291406.25,-29.22379
1387291562.5,-29.22417
1387291718.75,-29.22198
1387291875.0,-29.21842
1387292031.25,-29.21727
1387292187.5,-29.21763
1387292343.75,-29.21228
1387292500.0,-29.21196
1387292656.25,-29.21004
1387292812.5,-29.214
1387292968.75,-29.20888
1387293125.0,-29.20337
1387293281.25,-29.20487
1387293437.5,-29.2022
1387293593.75,-29.2034
1387293750.0,-29.20162
1387293906.25,-29.20104
1387294062.5,-29.19708
1387294218.75,-29.20076
1387294375.0,-29.19666
1387294531.25,-29.19031
1387294687.5,-29.19531
1387294843.75,-29.19398
1387295000.0,-29.19492
1387295156.25,-29.18763
1387295312.5,-29.19523
1387295468.75,-29.18683
1387295625.0,-29.18382
1387295781.25,-29.19052
1387295937.5,-29.18509
1387296093.75,-29.17393
1387296250.0,-29.18204
1387296406.25,-29.1844
1387296562.5,-29.17727
1387296718.75,-29.17538
1387296875.0,-29.17333
1387297031.25,-29.16988
1387297187.5,-29.1684
1387297343.75,-29.16982
1387297500.0,-29.17103
1387297656.25,-29.16812
1387297812.5,-29.16603
1387297968.75,-29.1655
1387298125.0,-29.15718
1387298281.25,-29.16197
1387298437.5,-29.16154
1387298593.75,-29.15728
1387298750.0,-29.15864
1387298906.25,-29.15286
1387299062.5,-29.15173
1387299218.75,-29.1493
1387299375.0,-29.14783
1387299531.25,-29.15043
1387299687.5,-29.15031
1387299843.75,-29.14575
1387300000.0,-29.14772
1387300156.25,-29.14781
1387300312.5,-29.14124
1387300468.75,-29.13703
1387300625.0,-29.14183
1387300781.25,-29.13991
1387300937.5,-29.13414
1387301093.75,-29.13869
1387301250.0,-29.13345
1387301406.25,-29.1324
1387301562.5,-29.13292
1387301718.75,-29.13206
1387301875.0,-29.12564
1387302031.25,-29.12511
1387302187.5,-29.12298
1387302343.75,-29.12816
1387302500.0,-29.12229
1387302656.25,-29.12389
1387302812.5,-29.11797
1387302968.75,-29.12028
1387303125.0,-29.1228
1387303281.25,-29.11556
1387303437.5,-29.11209
1387303593.75,-29.11616
1387303750.0,-29.11579
1387303906.25,-29.11116
1387304062.5,-29.10983
1387304218.75,-29.10973
1387304375.0,-29.1028
1387304531.25,-29.1032
1387304687.5,-29.10493
1387304843.75,-29.10516
1387305000.0,-29.09913
1387305156.25,-29.10078
1387305312.5,-29.10004
1387305468.75,-29.0982
1387305625.0,-29.09362
1387305781.25,-29.0932
1387305937.5,-29.08943
1387306093.75,-29.09336
1387306250.0,-29.09186
1387306406.25,-29.09274
1387306562.5,-29.09114
1387306718.75,-29.08253
1387306875.0,-29.08359
1387307031.25,-29.08386
1387307187.5,-29.08145
1387307343.75,-29.0818
1387307500.0,-29.07481
1387307656.25,-29.07877
1387307812.5,-29.07175
1387307968.75,-29.07489
1387308125.0,-29.06789
1387308281.25,-29.0717
1387308437.5,-29.06775
1387308593.75,-29.06563
1387308750.0,-29.06551
1387308906.25,-29.06496
1387309062.5,-29.06269
1387309218.75,-29.06112
1387309375.0,-29.05947
1387309531.25,-29.0556
1387309687.5,-29.05897
1387309843.75,-29.061
1387310000.0,-29.05086
1387310156.25,-29.05429
1387310312.5,-29.05595
1387310468.75,-29.05299
1387310625.0,-29.0569
1387310781.25,-29.04921
1387310937.5,-29.04106
1387311093.75,-29.04913
1387311250.0,-29.04373
1387311406.25,-29.04325
1387311562.5,-29.03425
1387311718.75,-29.03197
1387311875.0,-29.0348
1387312031.25,-29.04104
1387312187.5,-29.03545
1387312343.75,-29.03491
1387312500.0,-29.0348
1387312656.25,-29.03241
1387312812.5,-29.02866
1387312968.75,-29.02666
1387313125.0,-29.02899
1387313281.25,-29.02919
1387313437.5,-29.02179
1387313593.75,-29.02773
1387313750.0,-29.02096
1387313906.25,-29.02297
1387314062.5,-29.01694
1387314218.75,-29.02025
1387314375.0,-29.0166
1387314531.25,-29.01868
1387314687.5,-29.01494
1387314843.75,-29.00895
1387315000.0,-29.00967
1387315156.25,-29.00959
1387315312.5,-29.00624
1387315468.75,-29.00363
1387315625.0,-29.00439
1387315781.25,-29.0038
1387315937.5,-29.00055
1387316093.75,-28.99863
1387316250.0,-28.99789
1387316406.25,-28.99178
1387316562.5,-28.99494
1387316718.75,-28.9918
1387316875.0,-28.99068
1387317031.25,-28.99619
1387317187.5,-28.99204
1387317343.75,-28.9888
1387317500.0,-28.98816
1387317656.25,-28.98562
1387317812.5,-28.98257
1387317968.75,-28.98234
1387318125.0,-28.98451
1387318281.25,-28.97941
1387318437.5,-28.97882
1387318593.75,-28.97614
1387318750.0,-28.97365
1387318906.25,-28.97382
1387319062.5,-28.96956
1387319218.75,-28.97068
1387319375.0,-28.97069
1387319531.25,-28.96886
1387319687.5,-28.96837
1387319843.75,-28.96585
1387320000.0,-28.95991
1387320156.25,-28.96608
1387320312.5,-28.96283
1387320468.75,-28.96064
1387320625.0,-28.9577
1387320781.25,-28.95584
1387320937.5,-28.95168
1387321093.75,-28.95776
1387321250.0,-28.95366
1387321406.25,-28.95118
1387321562.5,-28.94842
1387321718.75,-28.95084
1387321875.0,-28.94619
1387322031.25,-28.94459
1387322187.5,-28.94622
1387322343.75,-28.94444
1387322500.0,-28.94087
1387322656.25,-28.93985
1387322812.5,-28.94044
1387322968.75,-28.93442
1387323125.0,-28.93378
1387323281.25,-28.93197
1387323437.5,-28.92654
1387323593.75,-28.92911
1387323750.0,-28.93374
1387323906.25,-28.92409
1387324062.5,-28.92677
1387324218.75,-28.92401
1387324375.0,-28.92556
1387324531.25,-28.92146
1387324687.5,-28.92083
1387324843.75,-28.91851
1387325000.0,-28.91577
1387325156.25,-28.91511
1387325312.5,-28.91189
1387325468.75,-28.91033
1387325625.0,-28.9117
1387325781.25,-28.90989
1387325937.5,-28.90375
1387326093.75,-28.90429
1387326250.0,-28.90796
1387326406.25,-28.90895
1387326562.5,-28.90252
1387326718.75,-28.89935
1387326875.0,-28.90421
1387327031.25,-28.89673
1387327187.5,-28.89661
1387327343.75,-28.8944
1387327500.0,-28.89272
1387327656.25,-28.88835
1387327812.5,-28.88727
1387327968.75,-28.88631
1387328125.0,-28.88591
1387328281.25,-28.88655
1387328437.5,-28.88372
1387328593.75,-28.88266
1387328750.0,-28.88266
1387328906.25,-28.88471
1387329062.5,-28.87708
1387329218.75,-28.87965
1387329375.0,-28.87483
1387329531.25,-28.87468
1387329687.5,-28.87505
1387329843.75,-28.8758
1387330000.0,-28.86949
1387330156.25,-28.87099
1387330312.5,-28.86545
1387330468.75,-28.86642
1387330625.0,-28.86388
1387330781.25,-28.86586
1387330937.5,-28.86098
1387331093.75,-28.85997
1387331250.0,-28.8609
1387331406.25,-28.858
1387331562.5,-28.8593
1387331718.75,-28.85185
1387331875.0,-28.85192
1387332031.25,-28.84807
1387332187.5,-28.84524
1387332343.75,-28.84542
1387332500.0,-28.84788
1387332656.25,-28.84646
1387332812.5,-28.84631
1387332968.75,-28.84219
1387333125.0,-28.84561
1387333281.25,-28.84217
1387333437.5,-28.83915
1387333593.75,-28.8337
1387333750.0,-28.8313
1387333906.25,-28.83413
1387334062.5,-28.83377
1387334218.75,-28.83171
1387334375.0,-28.82566
1387334531.25,-28.8257
1387334687.5,-28.82806
1387334843.75,-28.8267
1387335000.0,-28.82799
1387335156.25,-28.8229
1387335312.5,-28.81981
1387335468.75,-28.81894
1387335625.0,-28.81385
1387335781.25,-28.81866
1387335937.5,-28.81213
1387336093.75,-28.81069
1387336250.0,-28.81171
1387336406.25,-28.80942
1387336562.5,-28.8032
1387336718.75,-28.80628
1387336875.0,-28.80287
1387337031.25,-28.80383
1387337187.5,-28.80218
1387337343.75,-28.80226
1387337500.0,-28.79629
1387337656.25,-28.79559
1387337812.5,-28.7987
1387337968.75,-28.79625
1387338125.0,-28.79279
1387338281.25,-28.79362
1387338437.5,-28.78564
1387338593.75,-28.78849
1387338750.0,-28.79013
1387338906.25,-28.78442
1387339062.5,-28.78666
1387339218.75,-28.78278
1387339375.0,-28.78831
1387339531.25,-28.78203
1387339687.5,-28.77886
1387339843.75,-28.77951
1387340000.0,-28.78044
1387340156.25,-28.77849
1387340312.5,-28.77458
1387340468.75,-28.77176
1387340625.0,-28.77243
1387340781.25,-28.76567
1387340937.5,-28.76715
1387341093.75,-28.76471
1387341250.0,-28.76651
1387341406.25,-28.76152
1387341562.5,-28.76098
1387341718.75,-28.76152
1387341875.0,-28.75806
1387342031.25,-28.75995
1387342187.5,-28.75653
1387342343.75,-28.75023
1387342500.0,-28.75144
1387342656.25,-28.74838
1387342812.5,-28.7479
1387342968.75,-28.7457
1387343125.0,-28.74918
1387343281.25,-28.74533
1387343437.5,-28.74226
1387343593.75,-28.74311
1387343750.0,-28.73883
1387343906.25,-28.73868
1387344062.5,-28.73949
1387344218.75,-28.7391
1387344375.0,-28.73018
1387344531.25,-28.7307
1387344687.5,-28.73177
1387344843.75,-28.73257
1387345000.0,-28.73298
1387345156.25,-28.72598
1387345312.5,-28.72677
1387345468.75,-28.72186
1387345625.0,-28.72229
1387345781.25,-28.72102
1387345937.5,-28.71892
1387346093.75,-28.71505
1387346250.0,-28.71541
1387346406.25,-28.71732
1387346562.5,-28.71264
1387346718.75,-28.71467
1387346875.0,-28.70971
1387347031.25,-28.70997
1387347187.5,-28.70572
1387347343.75,-28.70589
1387347500.0,-28.70385
1387347656.25,-28.70698
1387347812.5,-28.69736
1387347968.75,-28.70113
1387348125.0,-28.70148
1387348281.25,-28.69779
1387348437.5,-28.69585
1387348593.75,-28.69456
1387348750.0,-28.69316
1387348906.25,-28.69095
1387349062.5,-28.6926
1387349218.75,-28.68707
1387349375.0,-28.68772
1387349531.25,-28.68234
1387349687.5,-28.68306
1387349843.75,-28.68147
1387350000.0,-28.67888
1387350156.25,-28.67587
1387350312.5,-28.67739
1387350468.75,-28.67467
1387350625.0,-28.67636
1387350781.25,-28.67064
1387350937.5,-28.67271
1387351093.75,-28.6698
1387351250.0,-28.67108
1387351406.25,-28.66968
1387351562.5,-28.66761
1387351718.75,-28.66726
1387351875.0,-28.66238
1387352031.25,-28.66076
1387352187.5,-28.65698
1387352343.75,-28.66001
1387352500.0,-28.65699
1387352656.25,-28.65487
1387352812.5,-28.6541
1387352968.75,-28.6565
1387353125.0,-28.65156
1387353281.25,-28.65154
1387353437.5,-28.64971
1387353593.75,-28.6455
1387353750.0,-28.64803
1387353906.25,-28.64174
1387354062.5,-28.6411
1387354218.75,-28.64025
1387354375.0,-28.6428
1387354531.25,-28.63489
1387354687.5,-28.63554
1387354843.75,-28.63608
1387355000.0,-28.63322
1387355156.25,-28.63495
1387355312.5,-28.62918
1387355468.75,-28.62773
1387355625.0,-28.62676
1387355781.25,-28.62895
1387355937.5,-28.62287
1387356093.75,-28.62373
1387356250.0,-28.6233
1387356406.25,-28.61288
1387356562.5,-28.61926
1387356718.75,-28.6151
1387356875.0,-28.61246
1387357031.25,-28.61224
1387357187.5,-28.61186
1387357343.75,-28.60714
1387357500.0,-28.60715
1387357656.25,-28.60471
1387357812.5,-28.6047
1387357968.75,-28.60431
1387358125.0,-28.60168
1387358281.25,-28.60393
1387358437.5,-28.60078
1387358593.75,-28.59472
1387358750.0,-28.60285
1387358906.25,-28.59892
1387359062.5,-28.5904
1387359218.75,-28.59479
1387359375.0,-28.59741
1387359531.25,-28.59045
1387359687.5,-28.58743
1387359843.75,-28.58319
1387360000.0,-28.58739
1387360156.25,-28.58389
1387360312.5,-28.58619
1387360468.75,-28.58007
1387360625.0,-28.5751
1387360781.25,-28.57616
1387360937.5,-28.57344
1387361093.75,-28.57375
1387361250.0,-28.57327
1387361406.25,-28.57496
1387361562.5,-28.57259
1387361718.75,-28.56966
1387361875.0,-28.57005
1387362031.25,-28.56957
1387362187.5,-28.55846
1387362343.75,-28.55694
1387362500.0,-28.56371
1387362656.25,-28.5596
1387362812.5,-28.55585
1387362968.75,-28.55585
1387363125.0,-28.55194
1387363281.25,-28.55783
1387363437.5,-28.55095
1387363593.75,-28.55096
1387363750.0,-28.54633
1387363906.25,-28.54551
1387364062.5,-28.54459
1387364218.75,-28.54769
1387364375.0,-28.5426
1387364531.25,-28.5418
1387364687.5,-28.53903
1387364843.75,-28.54005
1387365000.0,-28.54029
1387365156.25,-28.53277
1387365312.5,-28.53258
1387365468.75,-28.52691
1387365625.0,-28.52824
1387365781.25,-28.52897
1387365937.5,-28.52646
1387366093.75,-28.53098
1387366250.0,-28.52544
1387366406.25,-28.52322
1387366562.5,-28.52439
1387366718.75,-28.51819
1387366875.0,-28.51998
1387367031.25,-28.52333
1387367187.5,-28.51798
1387367343.75,-28.50937
1387367500.0,-28.51291
1387367656.25,-28.50773
1387367812.5,-28.50841
1387367968.75,-28.50335
1387368125.0,-28.50418
1387368281.25,-28.5085
1387368437.5,-28.50242
1387368593.75,-28.50084
1387368750.0,-28.49826
1387368906.25,-28.50174
1387369062.5,-28.49538
1387369218.75,-28.4936
1387369375.0,-28.49794
1387369531.25,-28.49396
1387369687.5,-28.49159
1387369843.75,-28.48766
1387370000.0,-28.48852
1387370156.25,-28.48812
1387370312.5,-28.48497
1387370468.75,-28.48353
1387370625.0,-28.48486
1387370781.25,-28.47862
1387370937.5,-28.48233
1387371093.75,-28.48034
1387371250.0,-28.47659
1387371406.25,-28.47119
1387371562.5,-28.47194
1387371718.75,-28.46884
1387371875.0,-28.47184
1387372031.25,-28.46754
1387372187.5,-28.46511
1387372343.75,-28.4698
1387372500.0,-28.46396
1387372656.25,-28.46414
1387372812.5,-28.45971
1387372968.75,-28.45718
1387373125.0,-28.45853
1387373281.25,-28.457
1387373437.5,-28.45556
1387373593.75,-28.45027
1387373750.0,-28.4509
1387373906.25,-28.4516
1387374062.5,-28.45164
1387374218.75,-28.44976
1387374375.0,-28.44044
1387374531.25,-28.44207
1387374687.5,-28.43549
1387374843.75,-28.43998
1387375000.0,-28.43849
1387375156.25,-28.44201
1387375312.5,-28.43764
1387375468.75,-28.43477
1387375625.0,-28.43517
1387375781.25,-28.43026
1387375937.5,-28.42915
1387376093.75,-28.42706
1387376250.0,-28.42564
1387376406.25,-28.42694
1387376562.5,-28.42332
1387376718.75,-28.41808
1387376875.0,-28.42111
1387377031.25,-28.423
1387377187.5,-28.41932
1387377343.75,-28.41731
1387377500.0,-28.41595
1387377656.25,-28.41045
1387377812.5,-28.41027
1387377968.75,-28.40784
1387378125.0,-28.40671
1387378281.25,-28.40475
1387378437.5,-28.40258
1387378593.75,-28.40038
1387378750.0,-28.39994
1387378906.25,-28.39917
1387379062.5,-28.40175
1387379218.75,-28.39864
1387379375.0,-28.39519
1387379531.25,-28.39745
1387379687.5,-28.39668
1387379843.75,-28.39165
1387380000.0,-28.38568
1387380156.25,-28.39247
1387380312.5,-28.38678
1387380468.75,-28.38965
1387380625.0,-28.37891
1387380781.25,-28.38108
1387380937.5,-28.37713
1387381093.75,-28.38135
1387381250.0,-28.37603
1387381406.25,-28.38332
1387381562.5,-28.37494
1387381718.75,-28.37688
1387381875.0,-28.3743
1387382031.25,-28.3651
1387382187.5,-28.36779
1387382343.75,-28.36688
1387382500.0,-28.36655
1387382656.25,-28.36403
1387382812.5,-28.36497
1387382968.75,-28.36208
1387383125.0,-28.35815
1387383281.25,-28.35536
1387383437.5,-28.35898
1387383593.75,-28.35626
1387383750.0,-28.34943
1387383906.25,-28.35503
1387384062.5,-28.34842
1387384218.75,-28.34834
1387384375.0,-28.34854
1387384531.25,-28.34111
1387384687.5,-28.34197
1387384843.75,-28.34104
1387385000.0,-28.34118
1387385156.25,-28.34223
1387385312.5,-28.33864
1387385468.75,-28.33811
1387385625.0,-28.33512
1387385781.25,-28.33178
1387385937.5,-28.33283
1387386093.75,-28.32966
1387386250.0,-28.32914
1387386406.25,-28.3272
1387386562.5,-28.32586
1387386718.75,-28.32308
1387386875.0,-28.32247
1387387031.25,-28.32546
1387387187.5,-28.31673
1387387343.75,-28.31858
1387387500.0,-28.31151
1387387656.25,-28.31873
1387387812.5,-28.31015
1387387968.75,-28.31169
1387388125.0,-28.31105
1387388281.25,-28.30784
1387388437.5,-28.30671
1387388593.75,-28.3022
1387388750.0,-28.30057
1387388906.25,-28.30062
1387389062.5,-28.30112
1387389218.75,-28.29737
1387389375.0,-28.29766
1387389531.25,-28.29538
1387389687.5,-28.29242
1387389843.75,-28.28988
1387390000.0,-28.2917
1387390156.25,-28.29165
1387390312.5,-28.28581
1387390468.75,-28.2833
1387390625.0,-28.28298
1387390781.25,-28.28484
1387390937.5,-28.27952
1387391093.75,-28.28459
1387391250.0,-28.28173
1387391406.25,-28.27831
1387391562.5,-28.27841
1387391718.75,-28.27116
1387391875.0,-28.27282
1387392031.25,-28.26803
1387392187.5,-28.26508
1387392343.75,-28.26754
1387392500.0,-28.26614
1387392656.25,-28.26808
1387392812.5,-28.26252
1387392968.75,-28.26357
1387393125.0,-28.25876
1387393281.25,-28.26113
1387393437.5,-28.25625
1387393593.75,-28.24936
1387393750.0,-28.25599
1387393906.25,-28.24971
1387394062.5,-28.25372
1387394218.75,-28.25065
1387394375.0,-28.24719
1387394531.25,-28.24092
1387394687.5,-28.23979
1387394843.75,-28.24014
1387395000.0,-28.23936
1387395156.25,-28.23718
1387395312.5,-28.23632
1387395468.75,-28.236
1387395625.0,-28.23211
1387395781.25,-28.23377
1387395937.5,-28.235
1387396093.75,-28.23074
1387396250.0,-28.22422
1387396406.25,-28.22272
1387396562.5,-28.22538
1387396718.75,-28.22099
1387396875.0,-28.22143
1387397031.25,-28.22102
1387397187.5,-28.22053
1387397343.75,-28.22094
1387397500.0,-28.21363
1387397656.25,-28.21364
1387397812.5,-28.20782
1387397968.75,-28.21203
1387398125.0,-28.20917
1387398281.25,-28.20625
1387398437.5,-28.20258
1387398593.75,-28.20376
1387398750.0,-28.20647
1387398906.25,-28.20111
1387399062.5,-28.19851
1387399218.75,-28.19852
1387399375.0,-28.19888
1387399531.25,-28.19224
1387399687.5,-28.18962
1387399843.75,-28.19171
1387400000.0,-28.18555
1387400156.25,-28.18813
1387400312.5,-28.18885
1387400468.75,-28.18261
1387400625.0,-28.19026
1387400781.25,-28.18711
1387400937.5,-28.18178
1387401093.75,-28.17999
1387401250.0,-28.18045
1387401406.25,-28.17423
1387401562.5,-28.16749
1387401718.75,-28.17275
1387401875.0,-28.17026
1387402031.25,-28.16893
1387402187.5,-28.16904
1387402343.75,-28.16539
1387402500.0,-28.16436
1387402656.25,-28.16663
1387402812.5,-28.16685
1387402968.75,-28.15773
1387403125.0,-28.15786
1387403281.25,-28.15681
1387403437.5,-28.16049
1387403593.75,-28.15347
1387403750.0,-28.14989
1387403906.25,-28.15312
1387404062.5,-28.15061
1387404218.75,-28.14416
1387404375.0,-28.14153
1387404531.25,-28.14492
1387404687.5,-28.14468
1387404843.75,-28.13742
1387405000.0,-28.13955
1387405156.25,-28.13536
1387405312.5,-28.1375
1387405468.75,-28.13499
1387405625.0,-28.13861
1387405781.25,-28.13186
1387405937.5,-28.12949
1387406093.75,-28.12855
1387406250.0,-28.13003
1387406406.25,-28.12424
1387406562.5,-28.12475
1387406718.75,-28.12189
1387406875.0,-28.11954
1387407031.25,-28.12161
1387407187.5,-28.11978
1387407343.75,-28.11933
1387407500.0,-28.11175
1387407656.25,-28.119
1387407812.5,-28.11215
1387407968.75,-28.10757
1387408125.0,-28.10908
1387408281.25,-28.11125
1387408437.5,-28.10397
1387408593.75,-28.10596
1387408750.0,-28.10664
1387408906.25,-28.10169
1387409062.5,-28.09602
1387409218.75,-28.0996
1387409375.0,-28.09707
1387409531.25,-28.09213
1387409687.5,-28.09491
1387409843.75,-28.08821
1387410000.0,-28.09194
1387410156.25,-28.08311
1387410312.5,-28.08621
1387410468.75,-28.08516
1387410625.0,-28.08099
1387410781.25,-28.08354
1387410937.5,-28.0796
1387411093.75,-28.07767
1387411250.0,-28.07376
1387411406.25,-28.07251
1387411562.5,-28.07421
1387411718.75,-28.06797
1387411875.0,-28.07203
1387412031.25,-28.06674
1387412187.5,-28.06944
1387412343.75,-28.06697
1387412500.0,-28.0619
1387412656.25,-28.06506
1387412812.5,-28.05743
1387412968.75,-28.06382
1387413125.0,-28.0569
1387413281.25,-28.05884
1387413437.5,-28.05721
1387413593.75,-28.05048
1387413750.0,-28.05023
1387413906.25,-28.04764
1387414062.5,-28.04705
1387414218.75,-28.04271
1387414375.0,-28.0463
1387414531.25,-28.04349
1387414687.5,-28.04313
1387414843.75,-28.03978
1387415000.0,-28.03471
1387415156.25,-28.03688
1387415312.5,-28.03724
1387415468.75,-28.03331
1387415625.0,-28.03662
1387415781.25,-28.03286
1387415937.5,-28.02699
1387416093.75,-28.02446
1387416250.0,-28.02275
1387416406.25,-28.02749
1387416562.5,-28.01724
1387416718.75,-28.02102
1387416875.0,-28.01619
1387417031.25,-28.01484
1387417187.5,-28.0145
1387417343.75,-28.01338
1387417500.0,-28.01353
1387417656.25,-28.01097
1387417812.5,-28.01233
1387417968.75,-28.00756
1387418125.0,-28.00449
1387418281.25,-28.0043
1387418437.5,-28.00877
1387418593.75,-28.0017
1387418750.0,-27.99794
1387418906.25,-28.00017
1387419062.5,-27.99626
1387419218.75,-27.99398
1387419375.0,-27.99427
1387419531.25,-27.99159
1387419687.5,-27.99191
1387419843.75,-27.99102
1387420000.0,-27.98573
1387420156.25,-27.99013
1387420312.5,-27.98588
1387420468.75,-27.97685
1387420625.0,-27.97645
1387420781.25,-27.97377
1387420937.5,-27.9752
1387421093.75,-27.97763
1387421250.0,-27.97739
1387421406.25,-27.9746
1387421562.5,-27.97163
1387421718.75,-27.96869
1387421875.0,-27.96409
1387422031.25,-27.96751
1387422187.5,-27.96493
1387422343.75,-27.96618
1387422500.0,-27.96394
1387422656.25,-27.95849
1387422812.5,-27.96121
1387422968.75,-27.95682
1387423125.0,-27.9573
1387423281.25,-27.95224
1387423437.5,-27.95371
1387423593.75,-27.94872
1387423750.0,-27.94902
1387423906.25,-27.9448
1387424062.5,-27.94535
1387424218.75,-27.94438
1387424375.0,-27.94427
1387424531.25,-27.94114
1387424687.5,-27.94059
1387424843.75,-27.93749
1387425000.0,-27.9313
1387425156.25,-27.9361
1387425312.5,-27.93241
1387425468.75,-27.92829
1387425625.0,-27.92997
1387425781.25,-27.92474
1387425937.5,-27.92599
1387426093.75,-27.92273
1387426250.0,-27.9229
1387426406.25,-27.92141
1387426562.5,-27.91456
1387426718.75,-27.92029
1387426875.0,-27.91724
1387427031.25,-27.91182
1387427187.5,-27.9106
1387427343.75,-27.91149
1387427500.0,-27.91198
1387427656.25,-27.90722
1387427812.5,-27.90754
1387427968.75,-27.90213
1387428125.0,-27.90112
1387428281.25,-27.89921
1387428437.5,-27.89726
1387428593.75,-27.89436
1387428750.0,-27.89669
1387428906.25,-27.89379
1387429062.5,-27.89101
1387429218.75,-27.88759
1387429375.0,-27.88997
1387429531.25,-27.88531
1387429687.5,-27.8847
1387429843.75,-27.88424
1387430000.0,-27.88394
1387430156.25,-27.87957
1387430312.5,-27.87428
1387430468.75,-27.8734
1387430625.0,-27.87705
1387430781.25,-27.87345
1387430937.5,-27.87307
1387431093.75,-27.86753
1387431250.0,-27.87016
1387431406.25,-27.86955
1387431562.5,-27.86813
1387431718.75,-27.86529
1387431875.0,-27.8622
1387432031.25,-27.86168
1387432187.5,-27.86066
1387432343.75,-27.85861
1387432500.0,-27.85444
1387432656.25,-27.85555
1387432812.5,-27.85639
1387432968.75,-27.85495
1387433125.0,-27.84975
1387433281.25,-27.84884
1387433437.5,-27.8451
1387433593.75,-27.84425
1387433750.0,-27.84185
1387433906.25,-27.84147
1387434062.5,-27.84209
1387434218.75,-27.83694
1387434375.0,-27.83964
1387434531.25,-27.83224
1387434687.5,-27.83457
1387434843.75,-27.8334
1387435000.0,-27.83162
1387435156.25,-27.83031
1387435312.5,-27.8298
1387435468.75,-27.82602
1387435625.0,-27.82261
1387435781.25,-27.82279
1387435937.5,-27.82091
1387436093.75,-27.82029
1387436250.0,-27.81843
1387436406.25,-27.81285
1387436562.5,-27.81507
1387436718.75,-27.81329
1387436875.0,-27.81467
1387437031.25,-27.8077
1387437187.5,-27.80619
1387437343.75,-27.80585
1387437500.0,-27.80451
1387437656.25,-27.80513
1387437812.5,-27.79951
1387437968.75,-27.79893
1387438125.0,-27.79814
1387438281.25,-27.79709
1387438437.5,-27.79041
1387438593.75,-27.7937
1387438750.0,-27.79163
1387438906.25,-27.79241
1387439062.5,-27.78755
1387439218.75,-27.7865
1387439375.0,-27.7802
1387439531.25,-27.78386
1387439687.5,-27.7773
1387439843.75,-27.77479
1387440000.0,-27.7784
1387440156.25,-27.77734
1387440312.5,-27.77895
1387440468.75,-27.77152
1387440625.0,-27.7676
1387440781.25,-27.76843
1387440937.5,-27.7664
1387441093.75,-27.76418
1387441250.0,-27.76256
1387441406.25,-27.76135
1387441562.5,-27.76046
1387441718.75,-27.76141
1387441875.0,-27.7586
1387442031.25,-27.75747
1387442187.5,-27.7517
1387442343.75,-27.75269
1387442500.0,-27.75357
1387442656.25,-27.74949
1387442812.5,-27.74339
1387442968.75,-27.74788
1387443125.0,-27.74569
1387443281.25,-27.74375
1387443437.5,-27.74357
1387443593.75,-27.74061
1387443750.0,-27.73751
1387443906.25,-27.73766
1387444062.5,-27.73078
1387444218.75,-27.73079
1387444375.0,-27.73277
1387444531.25,-27.7292
1387444687.5,-27.7282
1387444843.75,-27.72706
1387445000.0,-27.72462
1387445156.25,-27.72292
1387445312.5,-27.72054
1387445468.75,-27.72016
1387445625.0,-27.71751
1387445781.25,-27.71889
1387445937.5,-27.71033
1387446093.75,-27.71438
1387446250.0,-27.712
1387446406.25,-27.70733
1387446562.5,-27.707
1387446718.75,-27.7068
1387446875.0,-27.70369
1387447031.25,-27.70143
1387447187.5,-27.70101
1387447343.75,-27.69797
1387447500.0,-27.6944
1387447656.25,-27.70014
1387447812.5,-27.69324
1387447968.75,-27.6929
1387448125.0,-27.69341
1387448281.25,-27.68695
1387448437.5,-27.69099
1387448593.75,-27.68565
1387448750.0,-27.68521
1387448906.25,-27.68426
1387449062.5,-27.68665
1387449218.75,-27.67939
1387449375.0,-27.68069
1387449531.25,-27.68046
1387449687.5,-27.67544
1387449843.75,-27.67567
1387450000.0,-27.67228
1387450156.25,-27.67297
1387450312.5,-27.67179
1387450468.75,-27.66718
1387450625.0,-27.66143
1387450781.25,-27.65999
1387450937.5,-27.65852
1387451093.75,-27.65961
1387451250.0,-27.65751
1387451406.25,-27.65729
1387451562.5,-27.66012
1387451718.75,-27.65195
1387451875.0,-27.65302
1387452031.25,-27.64766
1387452187.5,-27.65072
1387452343.75,-27.64675
1387452500.0,-27.64661
1387452656.25,-27.6418
1387452812.5,-27.63862
1387452968.75,-27.63911
1387453125.0,-27.63481
1387453281.25,-27.63482
1387453437.5,-27.63426
1387453593.75,-27.63308
1387453750.0,-27.63468
1387453906.25,-27.63156
1387454062.5,-27.61994
1387454218.75,-27.62541
1387454375.0,-27.62512
1387454531.25,-27.62641
1387454687.5,-27.62439
1387454843.75,-27.62094
1387455000.0,-27.61609
1387455156.25,-27.61638
1387455312.5,-27.61544
1387455468.75,-27.61333
1387455625.0,-27.61278
1387455781.25,-27.60976
1387455937.5,-27.61084
1387456093.75,-27.61213
1387456250.0,-27.60349
1387456406.25,-27.60322
1387456562.5,-27.59552
1387456718.75,-27.60043
1387456875.0,-27.59679
1387457031.25,-27.59551
1387457187.5,-27.59384
1387457343.75,-27.5934
1387457500.0,-27.5938
1387457656.25,-27.59063
1387457812.5,-27.59116
1387457968.75,-27.58439
1387458125.0,-27.58459
1387458281.25,-27.5827
1387458437.5,-27.57734
1387458593.75,-27.58323
1387458750.0,-27.57681
1387458906.25,-27.5764
1387459062.5,-27.57607
1387459218.75,-27.57417
1387459375.0,-27.57008
1387459531.25,-27.57113
1387459687.5,-27.56594
1387459843.75,-27.56614
1387460000.0,-27.56388
1387460156.25,-27.56352
1387460312.5,-27.56357
1387460468.75,-27.55822
1387460625.0,-27.55563
1387460781.25,-27.55462
1387460937.5,-27.55159
1387461093.75,-27.55324
1387461250.0,-27.55616
1387461406.25,-27.55154
1387461562.5,-27.5452
1387461718.75,-27.54745
1387461875.0,-27.54625
1387462031.25,-27.54035
1387462187.5,-27.53961
1387462343.75,-27.54041
1387462500.0,-27.53873
1387462656.25,-27.53804
1387462812.5,-27.53369
1387462968.75,-27.53026
1387463125.0,-27.52893
1387463281.25,-27.52752
1387463437.5,-27.52881
1387463593.75,-27.52373
1387463750.0,-27.52256
1387463906.25,-27.5231
1387464062.5,-27.5221
1387464218.75,-27.51835
1387464375.0,-27.51689
1387464531.25,-27.5129
1387464687.5,-27.51378
1387464843.75,-27.51007
1387465000.0,-27.50818
1387465156.25,-27.51249
1387465312.5,-27.50305
1387465468.75,-27.50743
1387465625.0,-27.50051
1387465781.25,-27.50083
1387465937.5,-27.49964
1387466093.75,-27.49414
1387466250.0,-27.49444
1387466406.25,-27.49411
1387466562.5,-27.48973
1387466718.75,-27.48848
1387466875.0,-27.48879
1387467031.25,-27.48681
1387467187.5,-27.4876
1387467343.75,-27.48658
1387467500.0,-27.47628
1387467656.25,-27.48644
1387467812.5,-27.48326
1387467968.75,-27.4748
1387468125.0,-27.47657
1387468281.25,-27.47495
1387468437.5,-27.47143
1387468593.75,-27.46837
1387468750.0,-27.47256
1387468906.25,-27.47001
1387469062.5,-27.46307
1387469218.75,-27.467
1387469375.0,-27.46129
1387469531.25,-27.46291
1387469687.5,-27.45772
1387469843.75,-27.45672
1387470000.0,-27.45603
1387470156.25,-27.45089
1387470312.5,-27.44905
1387470468.75,-27.45121
1387470625.0,-27.45213
1387470781.25,-27.44342
1387470937.5,-27.44547
1387471093.75,-27.44026
1387471250.0,-27.44211
1387471406.25,-27.43973
1387471562.5,-27.43643
1387471718.75,-27.4336
1387471875.0,-27.437
1387472031.25,-27.43217
1387472187.5,-27.43203
1387472343.75,-27.42599
1387472500.0,-27.42636
1387472656.25,-27.43107
1387472812.5,-27.42433
1387472968.75,-27.42069
1387473125.0,-27.41943
1387473281.25,-27.4201
1387473437.5,-27.41824
1387473593.75,-27.41575
1387473750.0,-27.41344
1387473906.25,-27.4121
1387474062.5,-27.41077
1387474218.75,-27.41103
1387474375.0,-27.41012
1387474531.25,-27.40403
1387474687.5,-27.39997
1387474843.75,-27.40148
1387475000.0,-27.40057
1387475156.25,-27.39712
1387475312.5,-27.39633
1387475468.75,-27.39897
1387475625.0,-27.39645
1387475781.25,-27.38905
1387475937.5,-27.38893
1387476093.75,-27.38872
1387476250.0,-27.38545
1387476406.25,-27.38659
1387476562.5,-27.38158
1387476718.75,-27.38572
1387476875.0,-27.38079
1387477031.25,-27.37682
1387477187.5,-27.37348
1387477343.75,-27.37392
1387477500.0,-27.37299
1387477656.25,-27.36891
1387477812.5,-27.36975
1387477968.75,-27.36967
1387478125.0,-27.36544
1387478281.25,-27.36479
1387478437.5,-27.36079
1387478593.75,-27.36295
1387478750.0,-27.36177
1387478906.25,-27.35501
1387479062.5,-27.35398
1387479218.75,-27.35745
1387479375.0,-27.35729
1387479531.25,-27.35096
1387479687.5,-27.34365
1387479843.75,-27.34589
1387480000.0,-27.34534
1387480156.25,-27.34277
1387480312.5,-27.3388
1387480468.75,-27.33774
1387480625.0,-27.34346
1387480781.25,-27.33619
1387480937.5,-27.33351
1387481093.75,-27.33232
1387481250.0,-27.33078
1387481406.25,-27.32814
1387481562.5,-27.32791
1387481718.75,-27.32275
1387481875.0,-27.32608
1387482031.25,-27.32194
1387482187.5,-27.31985
1387482343.75,-27.32099
1387482500.0,-27.31946
1387482656.25,-27.31675
1387482812.5,-27.31662
1387482968.75,-27.31221
1387483125.0,-27.31186
1387483281.25,-27.30953
1387483437.5,-27.3103
1387483593.75,-27.30816
1387483750.0,-27.29938
1387483906.25,-27.3028
1387484062.5,-27.30369
1387484218.75,-27.29494
1387484375.0,-27.29307
1387484531.25,-27.2912
1387484687.5,-27.29306
1387484843.75,-27.2908
1387485000.0,-27.29251
1387485156.25,-27.28674
1387485312.5,-27.28509
1387485468.75,-27.28137
1387485625.0,-27.28593
1387485781.25,-27.2829
1387485937.5,-27.27709
1387486093.75,-27.27731
1387486250.0,-27.27895
1387486406.25,-27.27438
1387486562.5,-27.27181
1387486718.75,-27.27124
1387486875.0,-27.26873
1387487031.25,-27.26627
1387487187.5,-27.2643
1387487343.75,-27.26777
1387487500.0,-27.26027
1387487656.25,-27.25842
1387487812.5,-27.25791
1387487968.75,-27.25284
1387488125.0,-27.25472
1387488281.25,-27.25273
1387488437.5,-27.25001
1387488593.75,-27.25122
1387488750.0,-27.25058
1387488906.25,-27.24788
1387489062.5,-27.24539
1387489218.75,-27.24333
1387489375.0,-27.24133
1387489531.25,-27.24021
1387489687.5,-27.23672
1387489843.75,-27.23851
1387490000.0,-27.23376
1387490156.25,-27.23319
1387490312.5,-27.22902
1387490468.75,-27.23001
1387490625.0,-27.22504
1387490781.25,-27.22526
1387490937.5,-27.22387
1387491093.75,-27.22441
1387491250.0,-27.21988
1387491406.25,-27.21604
1387491562.5,-27.21255
1387491718.75,-27.2158
1387491875.0,-27.2111
1387492031.25,-27.21153
1387492187.5,-27.21068
1387492343.75,-27.20972
1387492500.0,-27.20724
1387492656.25,-27.20261
1387492812.5,-27.20109
1387492968.75,-27.20062
1387493125.0,-27.19718
1387493281.25,-27.19524
1387493437.5,-27.19353
1387493593.75,-27.19319
1387493750.0,-27.19135
1387493906.25,-27.18256
1387494062.5,-27.18501
1387494218.75,-27.18321
1387494375.0,-27.18
1387494531.25,-27.18059
1387494687.5,-27.1815
1387494843.75,-27.17866
1387495000.0,-27.17819
1387495156.25,-27.17187
1387495312.5,-27.17523
1387495468.75,-27.17581
1387495625.0,-27.17303
1387495781.25,-27.17268
1387495937.5,-27.16685
1387496093.75,-27.16306
1387496250.0,-27.1615
1387496406.25,-27.15886
1387496562.5,-27.157
1387496718.75,-27.1576
1387496875.0,-27.15762
1387497031.25,-27.1555
1387497187.5,-27.15438
1387497343.75,-27.1519
1387497500.0,-27.15105
1387497656.25,-27.1461
1387497812.5,-27.1477
1387497968.75,-27.14583
1387498125.0,-27.14183
1387498281.25,-27.14386
1387498437.5,-27.13768
1387498593.75,-27.13873
1387498750.0,-27.13543
1387498906.25,-27.13424
1387499062.5,-27.13107
1387499218.75,-27.1311
1387499375.0,-27.12452
1387499531.25,-27.1276
1387499687.5,-27.12144
1387499843.75,-27.12261
1387500000.0,-27.1208
1387500156.25,-27.12122
1387500312.5,-27.11856
1387500468.75,-27.11417
1387500625.0,-27.11356
1387500781.25,-27.11041
1387500937.5,-27.11191
1387501093.75,-27.10859
1387501250.0,-27.10192
1387501406.25,-27.10835
1387501562.5,-27.10492
1387501718.75,-27.10284
1387501875.0,-27.09757
1387502031.25,-27.09709
1387502187.5,-27.0937
1387502343.75,-27.09439
1387502500.0,-27.0927
1387502656.25,-27.09476
1387502812.5,-27.08592
1387502968.75,-27.08673
1387503125.0,-27.08698
1387503281.25,-27.07984
1387503437.5,-27.0829
1387503593.75,-27.08018
1387503750.0,-27.07709
1387503906.25,-27.07541
1387504062.5,-27.07561
1387504218.75,-27.07249
1387504375.0,-27.07011
1387504531.25,-27.07062
1387504687.5,-27.07078
1387504843.75,-27.06955
1387505000.0,-27.06414
1387505156.25,-27.06151
1387505312.5,-27.05973
1387505468.75,-27.05809
1387505625.0,-27.05471
1387505781.25,-27.05361
1387505937.5,-27.05116
1387506093.75,-27.04741
1387506250.0,-27.04961
1387506406.25,-27.04673
1387506562.5,-27.04298
1387506718.75,-27.0472
1387506875.0,-27.04372
1387507031.25,-27.03829
1387507187.5,-27.03799
1387507343.75,-27.03458
1387507500.0,-27.03745
1387507656.25,-27.03484
1387507812.5,-27.03392
1387507968.75,-27.03421
1387508125.0,-27.02799
1387508281.25,-27.02631
1387508437.5,-27.02124
1387508593.75,-27.02352
1387508750.0,-27.02189
1387508906.25,-27.0166
1387509062.5,-27.0151
1387509218.75,-27.01171
1387509375.0,-27.01159
1387509531.25,-27.01135
1387509687.5,-27.01321
1387509843.75,-27.00687
1387510000.0,-27.0041
1387510156.25,-27.00552
1387510312.5,-27.00154
1387510468.75,-27.00394
1387510625.0,-26.99951
1387510781.25,-27.00011
1387510937.5,-26.99722
1387511093.75,-26.99012
1387511250.0,-26.98816
1387511406.25,-26.99117
1387511562.5,-26.99028
1387511718.75,-26.98596
1387511875.0,-26.98418
1387512031.25,-26.9855
1387512187.5,-26.98236
1387512343.75,-26.98267
1387512500.0,-26.97851
1387512656.25,-26.97445
1387512812.5,-26.97422
1387512968.75,-26.97056
1387513125.0,-26.97067
1387513281.25,-26.97316
1387513437.5,-26.96907
1387513593.75,-26.96172
1387513750.0,-26.96465
1387513906.25,-26.95899
1387514062.5,-26.95666
1387514218.75,-26.96236
1387514375.0,-26.95462
1387514531.25,-26.95233
1387514687.5,-26.95293
1387514843.75,-26.95244
1387515000.0,-26.94646
1387515156.25,-26.95061
1387515312.5,-26.94441
1387515468.75,-26.94082
1387515625.0,-26.94139
1387515781.25,-26.94048
1387515937.5,-26.93593
1387516093.75,-26.93531
1387516250.0,-26.93668
1387516406.25,-26.93382
1387516562.5,-26.93004
1387516718.75,-26.93031
1387516875.0,-26.92384
1387517031.25,-26.92405
1387517187.5,-26.92208
1387517343.75,-26.92446
1387517500.0,-26.91883
1387517656.25,-26.91751
1387517812.5,-26.91476
1387517968.75,-26.91693
1387518125.0,-26.91335
1387518281.25,-26.90721
1387518437.5,-26.91091
1387518593.75,-26.90799
1387518750.0,-26.91092
1387518906.25,-26.90139
1387519062.5,-26.90186
1387519218.75,-26.89794
1387519375.0,-26.89976
1387519531.25,-26.89688
1387519687.5,-26.89374
1387519843.75,-26.89225
1387520000.0,-26.89202
1387520156.25,-26.89227
1387520312.5,-26.89064
1387520468.75,-26.89004
1387520625.0,-26.88639
1387520781.25,-26.88524
1387520937.5,-26.87889
1387521093.75,-26.8788
1387521250.0,-26.87797
1387521406.25,-26.8722
1387521562.5,-26.87333
1387521718.75,-26.87063
1387521875.0,-26.87046
1387522031.25,-26.86839
1387522187.5,-26.86685
1387522343.75,-26.86446
1387522500.0,-26.86063
1387522656.25,-26.86162
1387522812.5,-26.85693
1387522968.75,-26.8563
1387523125.0,-26.85725
1387523281.25,-26.85256
1387523437.5,-26.84858
1387523593.75,-26.84918
1387523750.0,-26.84655
1387523906.25,-26.84485
1387524062.5,-26.84084
1387524218.75,-26.84109
1387524375.0,-26.84214
1387524531.25,-26.83968
1387524687.5,-26.8353
1387524843.75,-26.836
1387525000.0,-26.83548
1387525156.25,-26.83042
1387525312.5,-26.82866
1387525468.75,-26.82913
1387525625.0,-26.82793
1387525781.25,-26.82417
1387525937.5,-26.82195
1387526093.75,-26.82187
1387526250.0,-26.81825
1387526406.25,-26.81477
1387526562.5,-26.81698
1387526718.75,-26.81133
1387526875.0,-26.80791
1387527031.25,-26.80957
1387527187.5,-26.80751
1387527343.75,-26.80221
1387527500.0,-26.79964
1387527656.25,-26.7985
1387527812.5,-26.79992
1387527968.75,-26.79871
1387528125.0,-26.79696
1387528281.25,-26.79548
1387528437.5,-26.79084
1387528593.75,-26.78993
1387528750.0,-26.78685
1387528906.25,-26.78937
1387529062.5,-26.78432
1387529218.75,-26.78389
1387529375.0,-26.77938
1387529531.25,-26.77655
1387529687.5,-26.78238
1387529843.75,-26.77382
1387530000.0,-26.77081
1387530156.25,-26.76968
1387530312.5,-26.77109
1387530468.75,-26.77203
1387530625.0,-26.76615
1387530781.25,-26.76382
1387530937.5,-26.75988
1387531093.75,-26.75888
1387531250.0,-26.75552
1387531406.25,-26.75759
1387531562.5,-26.75504
1387531718.75,-26.75326
1387531875.0,-26.75036
1387532031.25,-26.74916
1387532187.5,-26.7471
1387532343.75,-26.74367
1387532500.0,-26.74309
1387532656.25,-26.74051
1387532812.5,-26.74262
1387532968.75,-26.73778
1387533125.0,-26.73964
1387533281.25,-26.7334
1387533437.5,-26.73152
1387533593.75,-26.7302
1387533750.0,-26.72753
1387533906.25,-26.72996
1387534062.5,-26.72599
1387534218.75,-26.7269
1387534375.0,-26.72157
1387534531.25,-26.71834
1387534687.5,-26.71484
1387534843.75,-26.71795
1387535000.0,-26.71479
1387535156.25,-26.70905
1387535312.5,-26.70978
1387535468.75,-26.70619
1387535625.0,-26.71039
1387535781.25,-26.70239
1387535937.5,-26.7018
1387536093.75,-26.69824
1387536250.0,-26.69983
1387536406.25,-26.69771
1387536562.5,-26.69668
1387536718.75,-26.69138
1387536875.0,-26.68936
1387537031.25,-26.68858
1387537187.5,-26.68877
1387537343.75,-26.68702
1387537500.0,-26.69007
1387537656.25,-26.68346
1387537812.5,-26.68258
1387537968.75,-26.67951
1387538125.0,-26.67422
1387538281.25,-26.67439
1387538437.5,-26.67442
1387538593.75,-26.66907
1387538750.0,-26.67173
1387538906.25,-26.67092
1387539062.5,-26.66319
1387539218.75,-26.66326
1387539375.0,-26.65993
1387539531.25,-26.66083
1387539687.5,-26.65733
1387539843.75,-26.65626
1387540000.0,-26.65286
1387540156.25,-26.65206
1387540312.5,-26.65383
1387540468.75,-26.64774
1387540625.0,-26.64297
1387540781.25,-26.64577
1387540937.5,-26.64236
1387541093.75,-26.6466
1387541250.0,-26.63984
1387541406.25,-26.63787
1387541562.5,-26.63613
1387541718.75,-26.63661
1387541875.0,-26.62959
1387542031.25,-26.63263
1387542187.5,-26.62974
1387542343.75,-26.62884
1387542500.0,-26.62547
1387542656.25,-26.62122
1387542812.5,-26.62188
1387542968.75,-26.62006
1387543125.0,-26.61876
1387543281.25,-26.62003
1387543437.5,-26.61531
1387543593.75,-26.61287
1387543750.0,-26.60954
1387543906.25,-26.60752
1387544062.5,-26.60664
1387544218.75,-26.60569
1387544375.0,-26.60463
1387544531.25,-26.59595
1387544687.5,-26.59725
1387544843.75,-26.59605
1387545000.0,-26.59404
1387545156.25,-26.59299
1387545312.5,-26.59322
1387545468.75,-26.5899
1387545625.0,-26.58638
1387545781.25,-26.58459
1387545937.5,-26.58602
1387546093.75,-26.58053
1387546250.0,-26.57969
1387546406.25,-26.57566
1387546562.5,-26.57841
1387546718.75,-26.57691
1387546875.0,-26.57259
1387547031.25,-26.56797
1387547187.5,-26.5678
1387547343.75,-26.56776
1387547500.0,-26.56386
1387547656.25,-26.56357
1387547812.5,-26.56048
1387547968.75,-26.55862
1387548125.0,-26.55527
1387548281.25,-26.55535
1387548437.5,-26.55688
1387548593.75,-26.55367
1387548750.0,-26.54959
1387548906.25,-26.54641
1387549062.5,-26.5454
1387549218.75,-26.5436
1387549375.0,-26.54638
1387549531.25,-26.54382
1387549687.5,-26.53871
1387549843.75,-26.53969
1387550000.0,-26.53355
1387550156.25,-26.5358
1387550312.5,-26.5326
1387550468.75,-26.53184
1387550625.0,-26.5254
1387550781.25,-26.52595
1387550937.5,-26.52362
1387551093.75,-26.51928
1387551250.0,-26.51867
1387551406.25,-26.52057
1387551562.5,-26.51608
1387551718.75,-26.51375
1387551875.0,-26.50994
1387552031.25,-26.50485
1387552187.5,-26.5077
1387552343.75,-26.50597
1387552500.0,-26.50407
1387552656.25,-26.50698
1387552812.5,-26.49954
1387552968.75,-26.49838
1387553125.0,-26.49987
1387553281.25,-26.49241
1387553437.5,-26.48896
1387553593.75,-26.49322
1387553750.0,-26.49068
1387553906.25,-26.48917
1387554062.5,-26.4836
1387554218.75,-26.48243
1387554375.0,-26.48425
1387554531.25,-26.47667
1387554687.5,-26.47801
1387554843.75,-26.47639
1387555000.0,-26.47583
1387555156.25,-26.47362
1387555312.5,-26.46958
1387555468.75,-26.471
1387555625.0,-26.46967
1387555781.25,-26.46077
1387555937.5,-26.46469
1387556093.75,-26.45855
1387556250.0,-26.46083
1387556406.25,-26.45558
1387556562.5,-26.45567
1387556718.75,-26.45412
1387556875.0,-26.45468
1387557031.25,-26.44875
1387557187.5,-26.4491
1387557343.75,-26.44422
1387557500.0,-26.44117
1387557656.25,-26.44279
1387557812.5,-26.43923
1387557968.75,-26.43599
1387558125.0,-26.43942
1387558281.25,-26.4331
1387558437.5,-26.433
1387558593.75,-26.4294
1387558750.0,-26.42629
1387558906.25,-26.43163
1387559062.5,-26.42373
1387559218.75,-26.4224
1387559375.0,-26.41811
1387559531.25,-26.41537
1387559687.5,-26.41862
1387559843.75,-26.41339
1387560000.0,-26.41247
1387560156.25,-26.40763
1387560312.5,-26.41269
1387560468.75,-26.40802
1387560625.0,-26.4062
1387560781.25,-26.40077
1387560937.5,-26.40088
1387561093.75,-26.39883
1387561250.0,-26.39339
1387561406.25,-26.39879
1387561562.5,-26.39555
1387561718.75,-26.39226
1387561875.0,-26.39137
1387562031.25,-26.38991
1387562187.5,-26.38539
1387562343.75,-26.38607
1387562500.0,-26.3828
1387562656.25,-26.37855
1387562812.5,-26.37834
1387562968.75,-26.37899
1387563125.0,-26.37248
1387563281.25,-26.37328
1387563437.5,-26.36811
1387563593.75,-26.36687
1387563750.0,-26.36678
1387563906.25,-26.36015
1387564062.5,-26.36367
1387564218.75,-26.35927
1387564375.0,-26.35898
1387564531.25,-26.35519
1387564687.5,-26.35638
1387564843.75,-26.35226
1387565000.0,-26.35264
1387565156.25,-26.35014
1387565312.5,-26.3455
1387565468.75,-26.34916
1387565625.0,-26.34458
1387565781.25,-26.34323
1387565937.5,-26.34212
1387566093.75,-26.33858
1387566250.0,-26.33388
1387566406.25,-26.33419
1387566562.5,-26.33085
1387566718.75,-26.32862
1387566875.0,-26.33283
1387567031.25,-26.3253
1387567187.5,-26.32009
1387567343.75,-26.32318
1387567500.0,-26.32184
1387567656.25,-26.3163
1387567812.5,-26.31421
1387567968.75,-26.31509
1387568125.0,-26.31393
1387568281.25,-26.3119
1387568437.5,-26.31006
1387568593.75,-26.30853
1387568750.0,-26.30401
1387568906.25,-26.30373
1387569062.5,-26.30092
1387569218.75,-26.30105
1387569375.0,-26.2932
1387569531.25,-26.28972
1387569687.5,-26.29403
1387569843.75,-26.29099
1387570000.0,-26.28829
1387570156.25,-26.28574
1387570312.5,-26.28637
1387570468.75,-26.28284
1387570625.0,-26.28601
1387570781.25,-26.28289
1387570937.5,-26.27789
1387571093.75,-26.27948
1387571250.0,-26.27126
1387571406.25,-26.2732
1387571562.5,-26.26598
1387571718.75,-26.27209
1387571875.0,-26.26318
1387572031.25,-26.26264
1387572187.5,-26.26089
1387572343.75,-26.26271
1387572500.0,-26.25615
1387572656.25,-26.25387
1387572812.5,-26.2545
1387572968.75,-26.25078
1387573125.0,-26.24942
1387573281.25,-26.2464
1387573437.5,-26.24495
1387573593.75,-26.2413
1387573750.0,-26.24377
1387573906.25,-26.24246
1387574062.5,-26.23892
1387574218.75,-26.2364
1387574375.0,-26.23363
1387574531.25,-26.23374
1387574687.5,-26.23087
1387574843.75,-26.22826
1387575000.0,-26.23078
1387575156.25,-26.22697
1387575312.5,-26.22478
1387575468.75,-26.22382
1387575625.0,-26.21973
1387575781.25,-26.21626
1387575937.5,-26.21296
1387576093.75,-26.21438
1387576250.0,-26.20964
1387576406.25,-26.20465
1387576562.5,-26.20311
1387576718.75,-26.20419
1387576875.0,-26.20281
1387577031.25,-26.19943
1387577187.5,-26.20167
1387577343.75,-26.19497
1387577500.0,-26.19407
1387577656.25,-26.19366
1387577812.5,-26.1893
1387577968.75,-26.19088
1387578125.0,-26.18876
1387578281.25,-26.18657
1387578437.5,-26.1854
1387578593.75,-26.18211
1387578750.0,-26.1797
1387578906.25,-26.1769
1387579062.5,-26.17452
1387579218.75,-26.17309
1387579375.0,-26.17033
1387579531.25,-26.16872
1387579687.5,-26.16566
1387579843.75,-26.16345
1387580000.0,-26.16209
1387580156.25,-26.15852
1387580312.5,-26.16057
1387580468.75,-26.15654
1387580625.0,-26.15448
1387580781.25,-26.15704
1387580937.5,-26.14918
1387581093.75,-26.14643
1387581250.0,-26.14731
1387581406.25,-26.14629
1387581562.5,-26.14228
1387581718.75,-26.14495
1387581875.0,-26.13915
1387582031.25,-26.13824
1387582187.5,-26.13376
1387582343.75,-26.13381
1387582500.0,-26.12788
1387582656.25,-26.1292
1387582812.5,-26.12755
1387582968.75,-26.12779
1387583125.0,-26.12546
1387583281.25,-26.1239
1387583437.5,-26.12116
1387583593.75,-26.11573
1387583750.0,-26.11923
1387583906.25,-26.1123
1387584062.5,-26.11282
1387584218.75,-26.11182
1387584375.0,-26.11111
1387584531.25,-26.10846
1387584687.5,-26.10265
1387584843.75,-26.10507
1387585000.0,-26.10161
1387585156.25,-26.09786
1387585312.5,-26.09794
1387585468.75,-26.09289
1387585625.0,-26.0907
1387585781.25,-26.09305
1387585937.5,-26.08783
1387586093.75,-26.08834
1387586250.0,-26.08887
1387586406.25,-26.08104
1387586562.5,-26.07878
1387586718.75,-26.07751
1387586875.0,-26.07755
1387587031.25,-26.0742
1387587187.5,-26.06988
1387587343.75,-26.07093
1387587500.0,-26.07184
1387587656.25,-26.06773
1387587812.5,-26.0645
1387587968.75,-26.05971
1387588125.0,-26.05777
1387588281.25,-26.05819
1387588437.5,-26.05763
1387588593.75,-26.05431
1387588750.0,-26.05473
1387588906.25,-26.05016
1387589062.5,-26.04623
1387589218.75,-26.04608
1387589375.0,-26.04471
1387589531.25,-26.04167
1387589687.5,-26.03837
1387589843.75,-26.03712
1387590000.0,-26.03861
1387590156.25,-26.04055
1387590312.5,-26.02866
1387590468.75,-26.03383
1387590625.0,-26.02691
1387590781.25,-26.02936
1387590937.5,-26.02695
1387591093.75,-26.02356
1387591250.0,-26.02197
1387591406.25,-26.02033
1387591562.5,-26.01626
1387591718.75,-26.0145
1387591875.0,-26.00888
1387592031.25,-26.01499
1387592187.5,-26.00718
1387592343.75,-26.00543
1387592500.0,-26.00325
1387592656.25,-26.00304
1387592812.5,-26.00213
1387592968.75,-25.99724
1387593125.0,-25.99654
1387593281.25,-25.99475
1387593437.5,-25.99436
1387593593.75,-25.98919
1387593750.0,-25.98887
1387593906.25,-25.98646
1387594062.5,-25.9869
1387594218.75,-25.98615
1387594375.0,-25.98026
1387594531.25,-25.97666
1387594687.5,-25.97538
1387594843.75,-25.97471
1387595000.0,-25.97506
1387595156.25,-25.96929
1387595312.5,-25.96977
1387595468.75,-25.96624
1387595625.0,-25.96826
1387595781.25,-25.96361
1387595937.5,-25.96049
1387596093.75,-25.9593
1387596250.0,-25.95584
1387596406.25,-25.95192
1387596562.5,-25.9521
1387596718.75,-25.94754
1387596875.0,-25.94889
1387597031.25,-25.94812
1387597187.5,-25.94497
1387597343.75,-25.94125
1387597500.0,-25.94065
1387597656.25,-25.93928
1387597812.5,-25.94123
1387597968.75,-25.93377
1387598125.0,-25.93522
1387598281.25,-25.93047
1387598437.5,-25.9291
1387598593.75,-25.92731
1387598750.0,-25.92399
1387598906.25,-25.91809
1387599062.5,-25.91979
1387599218.75,-25.91762
1387599375.0,-25.917
1387599531.25,-25.91602
1387599687.5,-25.90892
1387599843.75,-25.91114
1387600000.0,-25.90787
1387600156.25,-25.90693
1387600312.5,-25.90641
1387600468.75,-25.90137
1387600625.0,-25.89796
1387600781.25,-25.89492
1387600937.5,-25.89569
1387601093.75,-25.8954
1387601250.0,-25.89264
1387601406.25,-25.88977
1387601562.5,-25.88663
1387601718.75,-25.88361
1387601875.0,-25.8828
1387602031.25,-25.88096
1387602187.5,-25.88006
1387602343.75,-25.87744
1387602500.0,-25.87375
1387602656.25,-25.87396
1387602812.5,-25.86975
1387602968.75,-25.87124
1387603125.0,-25.86869
1387603281.25,-25.86507
1387603437.5,-25.86625
1387603593.75,-25.86076
1387603750.0,-25.85823
1387603906.25,-25.86098
1387604062.5,-25.85426
1387604218.75,-25.85712
1387604375.0,-25.84993
1387604531.25,-25.84776
1387604687.5,-25.84912
1387604843.75,-25.8465
1387605000.0,-25.84505
1387605156.25,-25.8407
1387605312.5,-25.84176
1387605468.75,-25.83636
1387605625.0,-25.83695
1387605781.25,-25.83363
1387605937.5,-25.82891
1387606093.75,-25.82491
1387606250.0,-25.82604
1387606406.25,-25.82798
1387606562.5,-25.8219
1387606718.75,-25.8202
1387606875.0,-25.81842
1387607031.25,-25.81715
1387607187.5,-25.81191
1387607343.75,-25.80896
1387607500.0,-25.80876
1387607656.25,-25.80869
1387607812.5,-25.80754
1387607968.75,-25.80503
1387608125.0,-25.80395
1387608281.25,-25.80155
1387608437.5,-25.80119
1387608593.75,-25.79733
1387608750.0,-25.79446
1387608906.25,-25.79121
1387609062.5,-25.79133
1387609218.75,-25.78799
1387609375.0,-25.78827
1387609531.25,-25.78562
1387609687.5,-25.78418
1387609843.75,-25.77906
1387610000.0,-25.78026
1387610156.25,-25.7769
1387610312.5,-25.77403
1387610468.75,-25.77012
1387610625.0,-25.76988
1387610781.25,-25.76364
1387610937.5,-25.76341
1387611093.75,-25.76127
1387611250.0,-25.75905
1387611406.25,-25.75925
1387611562.5,-25.75703
1387611718.75,-25.75741
1387611875.0,-25.75059
1387612031.25,-25.74891
1387612187.5,-25.74753
1387612343.75,-25.74513
1387612500.0,-25.74327
1387612656.25,-25.74061
1387612812.5,-25.74111
1387612968.75,-25.7372
1387613125.0,-25.73588
1387613281.25,-25.73456
1387613437.5,-25.73523
1387613593.75,-25.72857
1387613750.0,-25.72613
1387613906.25,-25.72622
1387614062.5,-25.71931
1387614218.75,-25.71817
1387614375.0,-25.72036
1387614531.25,-25.71644
1387614687.5,-25.71718
1387614843.75,-25.71526
1387615000.0,-25.71165
1387615156.25,-25.71016
1387615312.5,-25.70366
1387615468.75,-25.70341
1387615625.0,-25.70162
1387615781.25,-25.69932
1387615937.5,-25.69625
1387616093.75,-25.69563
1387616250.0,-25.69539
1387616406.25,-25.6932
1387616562.5,-25.68833
1387616718.75,-25.68728
1387616875.0,-25.68346
1387617031.25,-25.68521
1387617187.5,-25.68129
1387617343.75,-25.68017
1387617500.0,-25.67965
1387617656.25,-25.67573
1387617812.5,-25.67503
1387617968.75,-25.67303
1387618125.0,-25.67187
1387618281.25,-25.66718
1387618437.5,-25.66533
1387618593.75,-25.66327
1387618750.0,-25.66188
1387618906.25,-25.65971
1387619062.5,-25.6543
1387619218.75,-25.65702
1387619375.0,-25.65259
1387619531.25,-25.65216
1387619687.5,-25.64859
1387619843.75,-25.65094
1387620000.0,-25.64377
1387620156.25,-25.64379
1387620312.5,-25.63877
1387620468.75,-25.63641
1387620625.0,-25.63453
1387620781.25,-25.63317
1387620937.5,-25.63469
1387621093.75,-25.63031
1387621250.0,-25.6298
1387621406.25,-25.62556
1387621562.5,-25.62698
1387621718.75,-25.6211
1387621875.0,-25.61894
1387622031.25,-25.61848
1387622187.5,-25.61209
1387622343.75,-25.61125
1387622500.0,-25.61342
1387622656.25,-25.60551
1387622812.5,-25.60398
1387622968.75,-25.60305
1387623125.0,-25.6026
1387623281.25,-25.60102
1387623437.5,-25.59921
1387623593.75,-25.59704
1387623750.0,-25.59413
1387623906.25,-25.59507
1387624062.5,-25.58674
1387624218.75,-25.58715
1387624375.0,-25.58536
1387624531.25,-25.58627
1387624687.5,-25.57842
1387624843.75,-25.57974
1387625000.0,-25.57689
1387625156.25,-25.57882
1387625312.5,-25.57422
1387625468.75,-25.57113
1387625625.0,-25.56631
1387625781.25,-25.56583
1387625937.5,-25.5635
1387626093.75,-25.56451
1387626250.0,-25.56421
1387626406.25,-25.55685
1387626562.5,-25.55593
1387626718.75,-25.55247
1387626875.0,-25.55197
1387627031.25,-25.5491
1387627187.5,-25.54974
1387627343.75,-25.54519
1387627500.0,-25.54537
1387627656.25,-25.54244
1387627812.5,-25.53727
1387627968.75,-25.53871
1387628125.0,-25.53106
1387628281.25,-25.53249
1387628437.5,-25.52972
1387628593.75,-25.53074
1387628750.0,-25.52745
1387628906.25,-25.51904
1387629062.5,-25.52167
1387629218.75,-25.52107
1387629375.0,-25.51645
1387629531.25,-25.51848
1387629687.5,-25.51591
1387629843.75,-25.5132
1387630000.0,-25.51256
1387630156.25,-25.51212
1387630312.5,-25.50532
1387630468.75,-25.50548
1387630625.0,-25.50653
1387630781.25,-25.50037
1387630937.5,-25.49933
1387631093.75,-25.49503
1387631250.0,-25.49071
1387631406.25,-25.49336
1387631562.5,-25.48831
1387631718.75,-25.48602
1387631875.0,-25.48541
1387632031.25,-25.48152
1387632187.5,-25.48012
1387632343.75,-25.47789
1387632500.0,-25.47641
1387632656.25,-25.47556
1387632812.5,-25.47134
1387632968.75,-25.47105
1387633125.0,-25.46509
1387633281.25,-25.46671
1387633437.5,-25.46698
1387633593.75,-25.45933
1387633750.0,-25.4619
1387633906.25,-25.45898
1387634062.5,-25.45637
1387634218.75,-25.45014
1387634375.0,-25.44953
1387634531.25,-25.4467
1387634687.5,-25.44509
1387634843.75,-25.44525
1387635000.0,-25.44216
1387635156.25,-25.44089
1387635312.5,-25.43938
1387635468.75,-25.43754
1387635625.0,-25.43532
1387635781.25,-25.43078
1387635937.5,-25.42998
1387636093.75,-25.42603
1387636250.0,-25.42645
1387636406.25,-25.42349
1387636562.5,-25.42146
1387636718.75,-25.42032
1387636875.0,-25.41786
1387637031.25,-25.41652
1387637187.5,-25.41057
1387637343.75,-25.41055
1387637500.0,-25.40768
1387637656.25,-25.4078
1387637812.5,-25.40117
1387637968.75,-25.40537
1387638125.0,-25.39869
1387638281.25,-25.39785
1387638437.5,-25.39703
1387638593.75,-25.39452
1387638750.0,-25.3945
1387638906.25,-25.39038
1387639062.5,-25.38915
1387639218.75,-25.38387
1387639375.0,-25.38327
1387639531.25,-25.38186
1387639687.5,-25.37897
1387639843.75,-25.37589
1387640000.0,-25.37317
1387640156.25,-25.37196
1387640312.5,-25.37023
1387640468.75,-25.36891
1387640625.0,-25.36598
1387640781.25,-25.35975
1387640937.5,-25.36423
1387641093.75,-25.36205
1387641250.0,-25.35561
1387641406.25,-25.35435
1387641562.5,-25.3504
1387641718.75,-25.35336
1387641875.0,-25.3495
1387642031.25,-25.34498
1387642187.5,-25.34436
1387642343.75,-25.34128
1387642500.0,-25.3394
1387642656.25,-25.33916
1387642812.5,-25.33521
1387642968.75,-25.33215
1387643125.0,-25.32749
1387643281.25,-25.33024
1387643437.5,-25.32715
1387643593.75,-25.32097
1387643750.0,-25.32119
1387643906.25,-25.31864
1387644062.5,-25.31794
1387644218.75,-25.31468
1387644375.0,-25.31284
1387644531.25,-25.30903
1387644687.5,-25.30799
1387644843.75,-25.30975
1387645000.0,-25.31012
1387645156.25,-25.30205
1387645312.5,-25.30215
1387645468.75,-25.2975
1387645625.0,-25.29261
1387645781.25,-25.29687
1387645937.5,-25.29165
1387646093.75,-25.29214
1387646250.0,-25.28882
1387646406.25,-25.28664
1387646562.5,-25.28637
1387646718.75,-25.28292
1387646875.0,-25.28006
1387647031.25,-25.27793
1387647187.5,-25.27448
1387647343.75,-25.27182
1387647500.0,-25.27148
1387647656.25,-25.26735
1387647812.5,-25.26735
1387647968.75,-25.26387
1387648125.0,-25.26252
1387648281.25,-25.26021
1387648437.5,-25.25714
1387648593.75,-25.25799
1387648750.0,-25.25549
1387648906.25,-25.24949
1387649062.5,-25.24643
1387649218.75,-25.24698
1387649375.0,-25.24255
1387649531.25,-25.24268
1387649687.5,-25.2403
1387649843.75,-25.23895
1387650000.0,-25.23652
1387650156.25,-25.2347
1387650312.5,-25.23353
1387650468.75,-25.22656
1387650625.0,-25.22701
1387650781.25,-25.22503
1387650937.5,-25.22341
1387651093.75,-25.22053
1387651250.0,-25.21626
1387651406.25,-25.21444
1387651562.5,-25.21791
1387651718.75,-25.21003
1387651875.0,-25.21076
1387652031.25,-25.20962
1387652187.5,-25.20541
1387652343.75,-25.20461
1387652500.0,-25.20078
1387652656.25,-25.19864
1387652812.5,-25.19691
1387652968.75,-25.194
1387653125.0,-25.18904
1387653281.25,-25.18966
1387653437.5,-25.18928
1387653593.75,-25.18417
1387653750.0,-25.18217
1387653906.25,-25.18095
1387654062.5,-25.17716
1387654218.75,-25.17458
1387654375.0,-25.17338
1387654531.25,-25.17007
1387654687.5,-25.16916
1387654843.75,-25.16927
1387655000.0,-25.16692
1387655156.25,-25.16667
1387655312.5,-25.16125
1387655468.75,-25.1628
1387655625.0,-25.15446
1387655781.25,-25.15355
1387655937.5,-25.15159
1387656093.75,-25.15125
1387656250.0,-25.14714
1387656406.25,-25.14519
1387656562.5,-25.14181
1387656718.75,-25.14246
1387656875.0,-25.1383
1387657031.25,-25.13654
1387657187.5,-25.13623
1387657343.75,-25.13115
1387657500.0,-25.12911
1387657656.25,-25.12744
1387657812.5,-25.12534
1387657968.75,-25.1222
1387658125.0,-25.12122
1387658281.25,-25.1193
1387658437.5,-25.11858
1387658593.75,-25.11788
1387658750.0,-25.11173
1387658906.25,-25.10859
1387659062.5,-25.10886
1387659218.75,-25.10705
1387659375.0,-25.10204
1387659531.25,-25.10173
1387659687.5,-25.09944
1387659843.75,-25.09818
1387660000.0,-25.09207
1387660156.25,-25.09047
1387660312.5,-25.0893
1387660468.75,-25.08963
1387660625.0,-25.08532
1387660781.25,-25.08399
1387660937.5,-25.08041
1387661093.75,-25.07893
1387661250.0,-25.07604
1387661406.25,-25.07318
1387661562.5,-25.0692
1387661718.75,-25.07218
1387661875.0,-25.06896
1387662031.25,-25.06378
1387662187.5,-25.06565
1387662343.75,-25.05935
1387662500.0,-25.06176
1387662656.25,-25.05705
1387662812.5,-25.0545
1387662968.75,-25.05308
1387663125.0,-25.04776
1387663281.25,-25.04848
1387663437.5,-25.04391
1387663593.75,-25.04593
1387663750.0,-25.04077
1387663906.25,-25.04016
1387664062.5,-25.03678
1387664218.75,-25.03345
1387664375.0,-25.03286
1387664531.25,-25.02847
1387664687.5,-25.02472
1387664843.75,-25.02568
1387665000.0,-25.02511
1387665156.25,-25.02274
1387665312.5,-25.01715
1387665468.75,-25.0174
1387665625.0,-25.01415
1387665781.25,-25.01029
1387665937.5,-25.01156
1387666093.75,-25.00774
1387666250.0,-25.00379
1387666406.25,-25.00172
1387666562.5,-25.00251
1387666718.75,-24.9982
1387666875.0,-24.99633
1387667031.25,-24.99814
1387667187.5,-24.99366
1387667343.75,-24.98883
1387667500.0,-24.98983
1387667656.25,-24.98683
1387667812.5,-24.98502
1387667968.75,-24.97978
1387668125.0,-24.98148
1387668281.25,-24.97952
1387668437.5,-24.97778
1387668593.75,-24.97441
1387668750.0,-24.96865
1387668906.25,-24.96497
1387669062.5,-24.96614
1387669218.75,-24.96284
1387669375.0,-24.96128
1387669531.25,-24.96131
1387669687.5,-24.95597
1387669843.75,-24.95544
1387670000.0,-24.95499
1387670156.25,-24.95119
1387670312.5,-24.94974
1387670468.75,-24.9469
1387670625.0,-24.93976
1387670781.25,-24.94327
1387670937.5,-24.94201
1387671093.75,-24.93658
1387671250.0,-24.93876
1387671406.25,-24.93023
1387671562.5,-24.93023
1387671718.75,-24.92688
1387671875.0,-24.92598
1387672031.25,-24.92319
1387672187.5,-24.91972
1387672343.75,-24.91789
1387672500.0,-24.91335
1387672656.25,-24.91188
1387672812.5,-24.91232
1387672968.75,-24.90967
1387673125.0,-24.90761
1387673281.25,-24.9048
1387673437.5,-24.90217
1387673593.75,-24.90011
1387673750.0,-24.89935
1387673906.25,-24.89686
1387674062.5,-24.89137
1387674218.75,-24.89168
1387674375.0,-24.88934
1387674531.25,-24.88709
1387674687.5,-24.88397
1387674843.75,-24.88468
1387675000.0,-24.87639
1387675156.25,-24.87837
1387675312.5,-24.87848
1387675468.75,-24.87124
1387675625.0,-24.86986
1387675781.25,-24.86776
1387675937.5,-24.86494
1387676093.75,-24.86473
1387676250.0,-24.86172
1387676406.25,-24.85827
1387676562.5,-24.85607
1387676718.75,-24.85685
1387676875.0,-24.85595
1387677031.25,-24.85056
1387677187.5,-24.8482
1387677343.75,-24.84431
1387677500.0,-24.84156
1387677656.25,-24.84021
1387677812.5,-24.84085
1387677968.75,-24.83707
1387678125.0,-24.83325
1387678281.25,-24.83115
1387678437.5,-24.82939
1387678593.75,-24.82942
1387678750.0,-24.82298
1387678906.25,-24.82265
1387679062.5,-24.82335
1387679218.75,-24.81853
1387679375.0,-24.81796
1387679531.25,-24.81381
1387679687.5,-24.81145
1387679843.75,-24.80929
1387680000.0,-24.80848
1387680156.25,-24.80614
1387680312.5,-24.80342
1387680468.75,-24.80043
1387680625.0,-24.79924
1387680781.25,-24.79594
1387680937.5,-24.79525
1387681093.75,-24.78949
1387681250.0,-24.78899
1387681406.25,-24.78885
1387681562.5,-24.78563
1387681718.75,-24.78381
1387681875.0,-24.77946
1387682031.25,-24.77822
1387682187.5,-24.77442
1387682343.75,-24.77181
1387682500.0,-24.77106
1387682656.25,-24.76789
1387682812.5,-24.76748
1387682968.75,-24.76402
1387683125.0,-24.76179
1387683281.25,-24.75811
1387683437.5,-24.75692
1387683593.75,-24.75451
1387683750.0,-24.7558
1387683906.25,-24.749
1387684062.5,-24.7465
1387684218.75,-24.74837
1387684375.0,-24.74282
1387684531.25,-24.74172
1387684687.5,-24.7402
1387684843.75,-24.73358
1387685000.0,-24.73232
1387685156.25,-24.72829
1387685312.5,-24.73092
1387685468.75,-24.72841
1387685625.0,-24.72285
1387685781.25,-24.72149
1387685937.5,-24.72108
1387686093.75,-24.71617
1387686250.0,-24.71466
1387686406.25,-24.71279
1387686562.5,-24.70849
1387686718.75,-24.70862
1387686875.0,-24.70526
1387687031.25,-24.70125
1387687187.5,-24.70103
1387687343.75,-24.69842
1387687500.0,-24.69864
1387687656.25,-24.69147
1387687812.5,-24.69124
1387687968.75,-24.69019
1387688125.0,-24.68976
1387688281.25,-24.68553
1387688437.5,-24.68523
1387688593.75,-24.68027
1387688750.0,-24.67875
1387688906.25,-24.67226
1387689062.5,-24.67331
1387689218.75,-24.66843
1387689375.0,-24.66712
1387689531.25,-24.6657
1387689687.5,-24.66495
1387689843.75,-24.66296
1387690000.0,-24.65792
1387690156.25,-24.65975
1387690312.5,-24.6552
1387690468.75,-24.65126
1387690625.0,-24.65375
1387690781.25,-24.64897
1387690937.5,-24.64845
1387691093.75,-24.64371
1387691250.0,-24.64183
1387691406.25,-24.63637
1387691562.5,-24.63575
1387691718.75,-24.63355
1387691875.0,-24.63351
1387692031.25,-24.63192
1387692187.5,-24.62822
1387692343.75,-24.6212
1387692500.0,-24.62333
1387692656.25,-24.62002
1387692812.5,-24.61484
1387692968.75,-24.61561
1387693125.0,-24.61292
1387693281.25,-24.60792
1387693437.5,-24.61024
1387693593.75,-24.60549
1387693750.0,-24.60792
1387693906.25,-24.59786
1387694062.5,-24.60263
1387694218.75,-24.59602
1387694375.0,-24.59545
1387694531.25,-24.58994
1387694687.5,-24.59159
1387694843.75,-24.58835
1387695000.0,-24.58643
1387695156.25,-24.58254
1387695312.5,-24.57926
1387695468.75,-24.57634
1387695625.0,-24.57761
1387695781.25,-24.57761
1387695937.5,-24.57137
1387696093.75,-24.56633
1387696250.0,-24.5673
1387696406.25,-24.56778
1387696562.5,-24.56134
1387696718.75,-24.55677
1387696875.0,-24.55664
1387697031.25,-24.55375
1387697187.5,-24.55341
1387697343.75,-24.54981
1387697500.0,-24.54928
1387697656.25,-24.54597
1387697812.5,-24.54238
1387697968.75,-24.54122
1387698125.0,-24.53661
1387698281.25,-24.53439
1387698437.5,-24.53113
1387698593.75,-24.53161
1387698750.0,-24.52595
1387698906.25,-24.52517
1387699062.5,-24.52392
1387699218.75,-24.52156
1387699375.0,-24.52075
1387699531.25,-24.51626
1387699687.5,-24.51317
1387699843.75,-24.51316
1387700000.0,-24.50816
1387700156.25,-24.50646
1387700312.5,-24.50565
1387700468.75,-24.50374
1387700625.0,-24.50095
1387700781.25,-24.49534
1387700937.5,-24.49476
1387701093.75,-24.49292
1387701250.0,-24.49161
1387701406.25,-24.48941
1387701562.5,-24.48691
1387701718.75,-24.48432
1387701875.0,-24.48502
1387702031.25,-24.48075
1387702187.5,-24.47789
1387702343.75,-24.47371
1387702500.0,-24.47357
1387702656.25,-24.46954
1387702812.5,-24.46591
1387702968.75,-24.46839
1387703125.0,-24.46029
1387703281.25,-24.4609
1387703437.5,-24.46046
1387703593.75,-24.45232
1387703750.0,-24.45245
1387703906.25,-24.45195
1387704062.5,-24.44779
1387704218.75,-24.44383
1387704375.0,-24.44566
1387704531.25,-24.44039
1387704687.5,-24.44081
1387704843.75,-24.43608
1387705000.0,-24.43403
1387705156.25,-24.43231
1387705312.5,-24.43015
1387705468.75,-24.42861
1387705625.0,-24.42264
1387705781.25,-24.42397
1387705937.5,-24.41942
1387706093.75,-24.41693
1387706250.0,-24.41784
1387706406.25,-24.41154
1387706562.5,-24.40958
1387706718.75,-24.40863
1387706875.0,-24.40599
1387707031.25,-24.40539
1387707187.5,-24.40135
1387707343.75,-24.39614
1387707500.0,-24.39619
1387707656.25,-24.39648
1387707812.5,-24.3915
1387707968.75,-24.39188
1387708125.0,-24.38952
1387708281.25,-24.3827
1387708437.5,-24.3817
1387708593.75,-24.37873
1387708750.0,-24.37826
1387708906.25,-24.37426
1387709062.5,-24.37259
1387709218.75,-24.36753
1387709375.0,-24.36643
1387709531.25,-24.36646
1387709687.5,-24.36078
1387709843.75,-24.35987
1387710000.0,-24.35784
1387710156.25,-24.35478
1387710312.5,-24.35422
1387710468.75,-24.3506
1387710625.0,-24.34239
1387710781.25,-24.3428
1387710937.5,-24.34312
1387711093.75,-24.34109
1387711250.0,-24.3425
1387711406.25,-24.33538
1387711562.5,-24.33484
1387711718.75,-24.33112
1387711875.0,-24.33067
1387712031.25,-24.32927
1387712187.5,-24.32284
1387712343.75,-24.32017
1387712500.0,-24.31923
1387712656.25,-24.31545
1387712812.5,-24.31403
1387712968.75,-24.3141
1387713125.0,-24.3087
1387713281.25,-24.30746
1387713437.5,-24.30632
1387713593.75,-24.30141
1387713750.0,-24.29922
1387713906.25,-24.29902
1387714062.5,-24.29359
1387714218.75,-24.293
1387714375.0,-24.29245
1387714531.25,-24.29122
1387714687.5,-24.28614
1387714843.75,-24.28407
1387715000.0,-24.28127
1387715156.25,-24.27702
1387715312.5,-24.2752
1387715468.75,-24.27328
1387715625.0,-24.27093
1387715781.25,-24.26769
1387715937.5,-24.26497
1387716093.75,-24.26325
1387716250.0,-24.26269
1387716406.25,-24.25906
1387716562.5,-24.25688
1387716718.75,-24.25383
1387716875.0,-24.25023
1387717031.25,-24.24912
1387717187.5,-24.24808
1387717343.75,-24.24529
1387717500.0,-24.24292
1387717656.25,-24.24061
1387717812.5,-24.23532
1387717968.75,-24.2341
1387718125.0,-24.23081
1387718281.25,-24.22873
1387718437.5,-24.22825
1387718593.75,-24.22202
1387718750.0,-24.22444
1387718906.25,-24.22047
1387719062.5,-24.21766
1387719218.75,-24.21116
1387719375.0,-24.21031
1387719531.25,-24.21017
1387719687.5,-24.20835
1387719843.75,-24.20687
1387720000.0,-24.20303
1387720156.25,-24.20047
1387720312.5,-24.19668
1387720468.75,-24.19576
1387720625.0,-24.19254
1387720781.25,-24.1897
1387720937.5,-24.1875
1387721093.75,-24.18632
1387721250.0,-24.18399
1387721406.25,-24.18056
1387721562.5,-24.17707
1387721718.75,-24.17679
1387721875.0,-24.17645
1387722031.25,-24.17234
1387722187.5,-24.17102
1387722343.75,-24.1674
1387722500.0,-24.16254
1387722656.25,-24.15872
1387722812.5,-24.16264
1387722968.75,-24.15933
1387723125.0,-24.15383
1387723281.25,-24.15446
1387723437.5,-24.15054
1387723593.75,-24.14577
1387723750.0,-24.14573
1387723906.25,-24.14075
1387724062.5,-24.14096
1387724218.75,-24.13551
1387724375.0,-24.13658
1387724531.25,-24.13313
1387724687.5,-24.13289
1387724843.75,-24.12674
1387725000.0,-24.12465
1387725156.25,-24.12331
1387725312.5,-24.12107
1387725468.75,-24.12039
1387725625.0,-24.11024
1387725781.25,-24.11181
1387725937.5,-24.10883
1387726093.75,-24.10562
1387726250.0,-24.1056
1387726406.25,-24.10359
1387726562.5,-24.09797
1387726718.75,-24.09744
1387726875.0,-24.09577
1387727031.25,-24.08957
1387727187.5,-24.09266
1387727343.75,-24.08678
1387727500.0,-24.08609
1387727656.25,-24.08124
1387727812.5,-24.07803
1387727968.75,-24.07637
1387728125.0,-24.07519
1387728281.25,-24.07457
1387728437.5,-24.06861
1387728593.75,-24.06489
1387728750.0,-24.06626
1387728906.25,-24.06146
1387729062.5,-24.05866
1387729218.75,-24.05517
1387729375.0,-24.0552
1387729531.25,-24.05461
1387729687.5,-24.05141
1387729843.75,-24.04719
1387730000.0,-24.04573
1387730156.25,-24.0431
1387730312.5,-24.042
1387730468.75,-24.04068
1387730625.0,-24.03452
1387730781.25,-24.03168
1387730937.5,-24.0314
1387731093.75,-24.03119
1387731250.0,-24.02484
1387731406.25,-24.02243
1387731562.5,-24.02143
1387731718.75,-24.02046
1387731875.0,-24.01657
1387732031.25,-24.01408
1387732187.5,-24.01069
1387732343.75,-24.0097
1387732500.0,-24.00681
1387732656.25,-24.0019
1387732812.5,-24.0013
1387732968.75,-23.99902
1387733125.0,-23.99645
1387733281.25,-23.99208
1387733437.5,-23.99186
1387733593.75,-23.99259
1387733750.0,-23.98995
1387733906.25,-23.98481
1387734062.5,-23.98028
1387734218.75,-23.97945
1387734375.0,-23.97388
1387734531.25,-23.97604
1387734687.5,-23.97378
1387734843.75,-23.96913
1387735000.0,-23.96395
1387735156.25,-23.96204
1387735312.5,-23.96371
1387735468.75,-23.95763
1387735625.0,-23.95907
1387735781.25,-23.95318
1387735937.5,-23.95276
1387736093.75,-23.95163
1387736250.0,-23.9469
1387736406.25,-23.94201
1387736562.5,-23.94072
1387736718.75,-23.94178
1387736875.0,-23.93288
1387737031.25,-23.93547
1387737187.5,-23.93184
1387737343.75,-23.93176
1387737500.0,-23.92762
1387737656.25,-23.9268
1387737812.5,-23.9214
1387737968.75,-23.91787
1387738125.0,-23.91838
1387738281.25,-23.9136
1387738437.5,-23.91214
1387738593.75,-23.90934
1387738750.0,-23.90692
1387738906.25,-23.90238
1387739062.5,-23.90003
1387739218.75,-23.8976
1387739375.0,-23.89506
1387739531.25,-23.89204
1387739687.5,-23.88805
1387739843.75,-23.88544
1387740000.0,-23.88538
1387740156.25,-23.88357
1387740312.5,-23.87916
1387740468.75,-23.88051
1387740625.0,-23.87315
1387740781.25,-23.87334
1387740937.5,-23.87119
1387741093.75,-23.86951
1387741250.0,-23.86749
1387741406.25,-23.86263
1387741562.5,-23.86054
1387741718.75,-23.86054
1387741875.0,-23.85679
1387742031.25,-23.85557
1387742187.5,-23.8504
1387742343.75,-23.84761
1387742500.0,-23.84457
1387742656.25,-23.84645
1387742812.5,-23.84102
1387742968.75,-23.83657
1387743125.0,-23.83634
1387743281.25,-23.83476
1387743437.5,-23.83194
1387743593.75,-23.82899
1387743750.0,-23.82611
1387743906.25,-23.82464
1387744062.5,-23.82068
1387744218.75,-23.81978
1387744375.0,-23.81499
1387744531.25,-23.81224
1387744687.5,-23.8118
1387744843.75,-23.80748
1387745000.0,-23.8056
1387745156.25,-23.80318
1387745312.5,-23.80008
1387745468.75,-23.79652
1387745625.0,-23.79598
1387745781.25,-23.79431
1387745937.5,-23.79096
1387746093.75,-23.7846
1387746250.0,-23.78556
1387746406.25,-23.78244
1387746562.5,-23.78112
1387746718.75,-23.77891
1387746875.0,-23.77294
1387747031.25,-23.77137
1387747187.5,-23.77113
1387747343.75,-23.76631
1387747500.0,-23.76496
1387747656.25,-23.7624
1387747812.5,-23.75737
1387747968.75,-23.75655
1387748125.0,-23.75384
1387748281.25,-23.75098
1387748437.5,-23.74837
1387748593.75,-23.74824
1387748750.0,-23.74571
1387748906.25,-23.74229
1387749062.5,-23.74146
1387749218.75,-23.73691
1387749375.0,-23.7325
1387749531.25,-23.73093
1387749687.5,-23.73064
1387749843.75,-23.72527
1387750000.0,-23.72463
1387750156.25,-23.72151
1387750312.5,-23.71705
1387750468.75,-23.71458
1387750625.0,-23.71186
1387750781.25,-23.71009
1387750937.5,-23.7091
1387751093.75,-23.70719
1387751250.0,-23.70648
1387751406.25,-23.70107
1387751562.5,-23.69762
1387751718.75,-23.69589
1387751875.0,-23.69354
1387752031.25,-23.69113
1387752187.5,-23.68747
1387752343.75,-23.68736
1387752500.0,-23.68214
1387752656.25,-23.68026
1387752812.5,-23.67429
1387752968.75,-23.67634
1387753125.0,-23.67188
1387753281.25,-23.66873
1387753437.5,-23.6689
1387753593.75,-23.66395
1387753750.0,-23.66469
1387753906.25,-23.65958
1387754062.5,-23.65767
1387754218.75,-23.6522
1387754375.0,-23.65175
1387754531.25,-23.64861
1387754687.5,-23.6473
1387754843.75,-23.64402
1387755000.0,-23.64211
1387755156.25,-23.63929
1387755312.5,-23.63461
1387755468.75,-23.6325
1387755625.0,-23.6304
1387755781.25,-23.62969
1387755937.5,-23.62822
1387756093.75,-23.62135
1387756250.0,-23.62067
1387756406.25,-23.6161
1387756562.5,-23.61354
1387756718.75,-23.61297
1387756875.0,-23.60853
1387757031.25,-23.60836
1387757187.5,-23.6046
1387757343.75,-23.60326
1387757500.0,-23.60217
1387757656.25,-23.59801
1387757812.5,-23.59188
1387757968.75,-23.59116
1387758125.0,-23.59099
1387758281.25,-23.58676
1387758437.5,-23.58584
1387758593.75,-23.58368
1387758750.0,-23.57883
1387758906.25,-23.57847
1387759062.5,-23.57199
1387759218.75,-23.57232
1387759375.0,-23.56831
1387759531.25,-23.56555
1387759687.5,-23.56295
1387759843.75,-23.56184
1387760000.0,-23.55749
1387760156.25,-23.55558
1387760312.5,-23.55242
1387760468.75,-23.55039
1387760625.0,-23.54637
1387760781.25,-23.54758
1387760937.5,-23.54286
1387761093.75,-23.54184
1387761250.0,-23.53649
1387761406.25,-23.53199
1387761562.5,-23.53358
1387761718.75,-23.52798
1387761875.0,-23.52703
1387762031.25,-23.52475
1387762187.5,-23.52136
1387762343.75,-23.5193
1387762500.0,-23.51689
1387762656.25,-23.51471
1387762812.5,-23.51293
1387762968.75,-23.50833
1387763125.0,-23.50498
1387763281.25,-23.50038
1387763437.5,-23.49834
1387763593.75,-23.49836
1387763750.0,-23.49704
1387763906.25,-23.49265
1387764062.5,-23.49079
1387764218.75,-23.4886
1387764375.0,-23.48733
1387764531.25,-23.48146
1387764687.5,-23.47963
1387764843.75,-23.47717
1387765000.0,-23.47395
1387765156.25,-23.47128
1387765312.5,-23.46884
1387765468.75,-23.46644
1387765625.0,-23.46542
1387765781.25,-23.46148
1387765937.5,-23.45576
1387766093.75,-23.45437
1387766250.0,-23.4527
1387766406.25,-23.4498
1387766562.5,-23.44992
1387766718.75,-23.44428
1387766875.0,-23.44283
1387767031.25,-23.44081
1387767187.5,-23.43973
1387767343.75,-23.43338
1387767500.0,-23.43157
1387767656.25,-23.42993
1387767812.5,-23.42598
1387767968.75,-23.42637
1387768125.0,-23.42258
1387768281.25,-23.41807
1387768437.5,-23.41767
1387768593.75,-23.41152
1387768750.0,-23.41052
1387768906.25,-23.40521
1387769062.5,-23.40565
1387769218.75,-23.40279
1387769375.0,-23.39925
1387769531.25,-23.39729
1387769687.5,-23.3961
1387769843.75,-23.39111
1387770000.0,-23.38723
1387770156.25,-23.38661
1387770312.5,-23.38369
1387770468.75,-23.38221
1387770625.0,-23.37872
1387770781.25,-23.37354
1387770937.5,-23.3747
1387771093.75,-23.37327
1387771250.0,-23.36904
1387771406.25,-23.3666
1387771562.5,-23.36079
1387771718.75,-23.35985
1387771875.0,-23.35506
1387772031.25,-23.35336
1387772187.5,-23.35159
1387772343.75,-23.34852
1387772500.0,-23.34546
1387772656.25,-23.34515
1387772812.5,-23.33653
1387772968.75,-23.34119
1387773125.0,-23.33863
1387773281.25,-23.33244
1387773437.5,-23.33149
1387773593.75,-23.32875
1387773750.0,-23.32679
1387773906.25,-23.31861
1387774062.5,-23.31836
1387774218.75,-23.31826
1387774375.0,-23.31341
1387774531.25,-23.31156
1387774687.5,-23.31031
1387774843.75,-23.30636
1387775000.0,-23.30591
1387775156.25,-23.30258
1387775312.5,-23.29864
1387775468.75,-23.29756
1387775625.0,-23.29439
1387775781.25,-23.29034
1387775937.5,-23.28905
1387776093.75,-23.28461
1387776250.0,-23.28344
1387776406.25,-23.28142
1387776562.5,-23.27778
1387776718.75,-23.27489
1387776875.0,-23.27328
1387777031.25,-23.27001
1387777187.5,-23.26609
1387777343.75,-23.26347
1387777500.0,-23.26179
1387777656.25,-23.25961
1387777812.5,-23.25607
1387777968.75,-23.25113
1387778125.0,-23.25348
1387778281.25,-23.24763
1387778437.5,-23.24841
1387778593.75,-23.24401
1387778750.0,-23.24164
1387778906.25,-23.2375
1387779062.5,-23.23389
1387779218.75,-23.23142
1387779375.0,-23.23054
1387779531.25,-23.22807
1387779687.5,-23.2235
1387779843.75,-23.22023
1387780000.0,-23.21822
1387780156.25,-23.21714
1387780312.5,-23.21222
1387780468.75,-23.21059
1387780625.0,-23.20776
1387780781.25,-23.20543
1387780937.5,-23.20333
1387781093.75,-23.19945
1387781250.0,-23.19707
1387781406.25,-23.19079
1387781562.5,-23.19229
1387781718.75,-23.18956
1387781875.0,-23.18792
1387782031.25,-23.18315
1387782187.5,-23.18024
1387782343.75,-23.17769
1387782500.0,-23.17331
1387782656.25,-23.17233
1387782812.5,-23.16858
1387782968.75,-23.16592
1387783125.0,-23.16544
1387783281.25,-23.16134
1387783437.5,-23.15983
1387783593.75,-23.15795
1387783750.0,-23.1526
1387783906.25,-23.14803
1387784062.5,-23.14961
1387784218.75,-23.14622
1387784375.0,-23.14445
1387784531.25,-23.13831
1387784687.5,-23.13592
1387784843.75,-23.13137
1387785000.0,-23.13168
1387785156.25,-23.12645
1387785312.5,-23.12812
1387785468.75,-23.1227
1387785625.0,-23.12295
1387785781.25,-23.11839
1387785937.5,-23.11613
1387786093.75,-23.11415
1387786250.0,-23.11093
1387786406.25,-23.10568
1387786562.5,-23.10716
1387786718.75,-23.10038
1387786875.0,-23.10021
1387787031.25,-23.09751
1387787187.5,-23.09291
1387787343.75,-23.09126
1387787500.0,-23.08903
1387787656.25,-23.08472
1387787812.5,-23.08248
1387787968.75,-23.07912
1387788125.0,-23.07714
1387788281.25,-23.0711
1387788437.5,-23.07071
1387788593.75,-23.06638
1387788750.0,-23.06586
1387788906.25,-23.05995
1387789062.5,-23.06092
1387789218.75,-23.05774
1387789375.0,-23.05246
1387789531.25,-23.05283
1387789687.5,-23.04763
1387789843.75,-23.04721
1387790000.0,-23.04615
1387790156.25,-23.04202
1387790312.5,-23.03699
1387790468.75,-23.03409
1387790625.0,-23.03349
1387790781.25,-23.03262
1387790937.5,-23.02807
1387791093.75,-23.02172
1387791250.0,-23.02347
1387791406.25,-23.01917
1387791562.5,-23.01751
1387791718.75,-23.01253
1387791875.0,-23.01258
1387792031.25,-23.00684
1387792187.5,-23.00444
1387792343.75,-23.00212
1387792500.0,-22.99886
1387792656.25,-22.99546
1387792812.5,-22.99257
1387792968.75,-22.99089
1387793125.0,-22.9898
1387793281.25,-22.98432
1387793437.5,-22.98288
1387793593.75,-22.98118
1387793750.0,-22.97835
1387793906.25,-22.97411
1387794062.5,-22.97415
1387794218.75,-22.97064
1387794375.0,-22.96845
1387794531.25,-22.96303
1387794687.5,-22.96116
1387794843.75,-22.95794
1387795000.0,-22.95481
1387795156.25,-22.9506
1387795312.5,-22.94974
1387795468.75,-22.94658
1387795625.0,-22.94506
1387795781.25,-22.94178
1387795937.5,-22.9389
1387796093.75,-22.93402
1387796250.0,-22.93342
1387796406.25,-22.92951
1387796562.5,-22.9287
1387796718.75,-22.92587
1387796875.0,-22.92249
1387797031.25,-22.91975
1387797187.5,-22.91861
1387797343.75,-22.91125
1387797500.0,-22.91076
1387797656.25,-22.90774
1387797812.5,-22.9043
1387797968.75,-22.90264
1387798125.0,-22.89753
1387798281.25,-22.89615
1387798437.5,-22.8932
1387798593.75,-22.89165
1387798750.0,-22.8878
1387798906.25,-22.88524
1387799062.5,-22.88144
1387799218.75,-22.88006
1387799375.0,-22.87722
1387799531.25,-22.87405
1387799687.5,-22.8705
1387799843.75,-22.86845
1387800000.0,-22.86551
1387800156.25,-22.86224
1387800312.5,-22.8604
1387800468.75,-22.8585
1387800625.0,-22.85729
1387800781.25,-22.85121
1387800937.5,-22.84868
1387801093.75,-22.84607
1387801250.0,-22.84214
1387801406.25,-22.84042
1387801562.5,-22.8359
1387801718.75,-22.83498
1387801875.0,-22.83152
1387802031.25,-22.82949
1387802187.5,-22.8284
1387802343.75,-22.82373
1387802500.0,-22.82024
1387802656.25,-22.81815
1387802812.5,-22.81581
1387802968.75,-22.81201
1387803125.0,-22.80962
1387803281.25,-22.80691
1387803437.5,-22.80286
1387803593.75,-22.80127
1387803750.0,-22.79749
1387803906.25,-22.79548
1387804062.5,-22.79444
1387804218.75,-22.78875
1387804375.0,-22.78638
1387804531.25,-22.78541
1387804687.5,-22.78248
1387804843.75,-22.77764
1387805000.0,-22.77718
1387805156.25,-22.77086
1387805312.5,-22.77183
1387805468.75,-22.76636
1387805625.0,-22.76327
1387805781.25,-22.76353
1387805937.5,-22.75745
1387806093.75,-22.75622
1387806250.0,-22.75315
1387806406.25,-22.75185
1387806562.5,-22.74833
1387806718.75,-22.74422
1387806875.0,-22.74141
1387807031.25,-22.7398
1387807187.5,-22.7341
1387807343.75,-22.73406
1387807500.0,-22.73002
1387807656.25,-22.72841
1387807812.5,-22.72434
1387807968.75,-22.72153
1387808125.0,-22.71995
1387808281.25,-22.71542
1387808437.5,-22.71401
1387808593.75,-22.70939
1387808750.0,-22.70665
1387808906.25,-22.7027
1387809062.5,-22.70193
1387809218.75,-22.70013
1387809375.0,-22.69836
1387809531.25,-22.6943
1387809687.5,-22.69319
1387809843.75,-22.68867
1387810000.0,-22.68392
1387810156.25,-22.68241
1387810312.5,-22.68
1387810468.75,-22.67786
1387810625.0,-22.67271
1387810781.25,-22.66921
1387810937.5,-22.66575
1387811093.75,-22.66599
1387811250.0,-22.6623
1387811406.25,-22.6572
1387811562.5,-22.65654
1387811718.75,-22.65433
1387811875.0,-22.65071
1387812031.25,-22.65014
1387812187.5,-22.64389
1387812343.75,-22.6423
1387812500.0,-22.64056
1387812656.25,-22.63696
1387812812.5,-22.63273
1387812968.75,-22.63113
1387813125.0,-22.62615
1387813281.25,-22.62401
1387813437.5,-22.62267
1387813593.75,-22.61823
1387813750.0,-22.61693
1387813906.25,-22.61319
1387814062.5,-22.61009
1387814218.75,-22.60748
1387814375.0,-22.60379
1387814531.25,-22.60277
1387814687.5,-22.59937
1387814843.75,-22.59787
1387815000.0,-22.59151
1387815156.25,-22.59299
1387815312.5,-22.58912
1387815468.75,-22.58767
1387815625.0,-22.58139
1387815781.25,-22.57854
1387815937.5,-22.57435
1387816093.75,-22.57272
1387816250.0,-22.56996
1387816406.25,-22.56801
1387816562.5,-22.56331
1387816718.75,-22.56161
1387816875.0,-22.55939
1387817031.25,-22.55467
1387817187.5,-22.55261
1387817343.75,-22.54824
1387817500.0,-22.54486
1387817656.25,-22.54503
1387817812.5,-22.53955
1387817968.75,-22.53926
1387818125.0,-22.53365
1387818281.25,-22.53152
1387818437.5,-22.52809
1387818593.75,-22.52521
1387818750.0,-22.52594
1387818906.25,-22.52054
1387819062.5,-22.51754
1387819218.75,-22.51728
1387819375.0,-22.51095
1387819531.25,-22.51087
1387819687.5,-22.50592
1387819843.75,-22.50296
1387820000.0,-22.49939
1387820156.25,-22.49806
1387820312.5,-22.49556
1387820468.75,-22.49439
1387820625.0,-22.48761
1387820781.25,-22.48516
1387820937.5,-22.48156
1387821093.75,-22.47697
1387821250.0,-22.47516
1387821406.25,-22.47353
1387821562.5,-22.4687
1387821718.75,-22.46812
1387821875.0,-22.46586
1387822031.25,-22.46308
1387822187.5,-22.46135
1387822343.75,-22.45604
1387822500.0,-22.4536
1387822656.25,-22.45168
1387822812.5,-22.44762
1387822968.75,-22.44559
1387823125.0,-22.44474
1387823281.25,-22.43903
1387823437.5,-22.43678
1387823593.75,-22.4343
1387823750.0,-22.4304
1387823906.25,-22.42578
1387824062.5,-22.4233
1387824218.75,-22.42266
1387824375.0,-22.41942
1387824531.25,-22.41675
1387824687.5,-22.41341
1387824843.75,-22.41019
1387825000.0,-22.40786
1387825156.25,-22.40327
1387825312.5,-22.402
1387825468.75,-22.39818
1387825625.0,-22.39404
1387825781.25,-22.39156
1387825937.5,-22.38867
1387826093.75,-22.38626
1387826250.0,-22.38193
1387826406.25,-22.38003
1387826562.5,-22.37813
1387826718.75,-22.37493
1387826875.0,-22.37397
1387827031.25,-22.36771
1387827187.5,-22.36764
1387827343.75,-22.36287
1387827500.0,-22.35679
1387827656.25,-22.35634
1387827812.5,-22.35423
1387827968.75,-22.35116
1387828125.0,-22.34819
1387828281.25,-22.34506
1387828437.5,-22.34377
1387828593.75,-22.33814
1387828750.0,-22.33624
1387828906.25,-22.33368
1387829062.5,-22.33076
1387829218.75,-22.32777
1387829375.0,-22.32382
1387829531.25,-22.32072
1387829687.5,-22.32086
1387829843.75,-22.31452
1387830000.0,-22.31053
1387830156.25,-22.30696
1387830312.5,-22.30499
1387830468.75,-22.30157
1387830625.0,-22.29885
1387830781.25,-22.29741
1387830937.5,-22.29474
1387831093.75,-22.29296
1387831250.0,-22.28824
1387831406.25,-22.28363
1387831562.5,-22.2844
1387831718.75,-22.2792
1387831875.0,-22.27633
1387832031.25,-22.2739
1387832187.5,-22.27135
1387832343.75,-22.26843
1387832500.0,-22.26547
1387832656.25,-22.26018
1387832812.5,-22.25826
1387832968.75,-22.25665
1387833125.0,-22.25154
1387833281.25,-22.24834
1387833437.5,-22.24707
1387833593.75,-22.2442
1387833750.0,-22.23898
1387833906.25,-22.23582
1387834062.5,-22.2355
1387834218.75,-22.23392
1387834375.0,-22.22602
1387834531.25,-22.22591
1387834687.5,-22.22363
1387834843.75,-22.22006
1387835000.0,-22.21736
1387835156.25,-22.21479
1387835312.5,-22.21208
1387835468.75,-22.20859
1387835625.0,-22.2053
1387835781.25,-22.20337
1387835937.5,-22.19771
1387836093.75,-22.19773
1387836250.0,-22.19339
1387836406.25,-22.19094
1387836562.5,-22.1868
1387836718.75,-22.18662
1387836875.0,-22.1813
1387837031.25,-22.179
1387837187.5,-22.17309
1387837343.75,-22.17112
1387837500.0,-22.16931
1387837656.25,-22.16498
1387837812.5,-22.16364
1387837968.75,-22.15874
1387838125.0,-22.15904
1387838281.25,-22.15278
1387838437.5,-22.15028
1387838593.75,-22.14748
1387838750.0,-22.14509
1387838906.25,-22.13931
1387839062.5,-22.13938
1387839218.75,-22.13493
1387839375.0,-22.13123
1387839531.25,-22.12958
1387839687.5,-22.12633
1387839843.75,-22.12443
1387840000.0,-22.11971
1387840156.25,-22.11752
1387840312.5,-22.11492
1387840468.75,-22.11312
1387840625.0,-22.10592
1387840781.25,-22.10499
1387840937.5,-22.10056
1387841093.75,-22.09911
1387841250.0,-22.09445
1387841406.25,-22.09317
1387841562.5,-22.09113
1387841718.75,-22.08606
1387841875.0,-22.08275
1387842031.25,-22.08294
1387842187.5,-22.07676
1387842343.75,-22.07413
1387842500.0,-22.07124
1387842656.25,-22.06751
1387842812.5,-22.06771
1387842968.75,-22.06285
1387843125.0,-22.05905
1387843281.25,-22.05764
1387843437.5,-22.05364
1387843593.75,-22.05168
1387843750.0,-22.04791
1387843906.25,-22.04237
1387844062.5,-22.03957
1387844218.75,-22.03759
1387844375.0,-22.03584
1387844531.25,-22.03394
1387844687.5,-22.02797
1387844843.75,-22.02459
1387845000.0,-22.02288
1387845156.25,-22.02045
1387845312.5,-22.01743
1387845468.75,-22.0154
1387845625.0,-22.01129
1387845781.25,-22.00847
1387845937.5,-22.00536
1387846093.75,-22.00235
1387846250.0,-22.00085
1387846406.25,-21.99423
1387846562.5,-21.99548
1387846718.75,-21.99141
1387846875.0,-21.98621
1387847031.25,-21.98512
1387847187.5,-21.98131
1387847343.75,-21.97635
1387847500.0,-21.97396
1387847656.25,-21.97159
1387847812.5,-21.96777
1387847968.75,-21.96328
1387848125.0,-21.96163
1387848281.25,-21.95997
1387848437.5,-21.95529
1387848593.75,-21.95347
1387848750.0,-21.95025
1387848906.25,-21.94547
1387849062.5,-21.94411
1387849218.75,-21.94114
1387849375.0,-21.93748
1387849531.25,-21.93411
1387849687.5,-21.93019
1387849843.75,-21.9279
1387850000.0,-21.92602
1387850156.25,-21.92165
1387850312.5,-21.91903
1387850468.75,-21.91446
1387850625.0,-21.9132
1387850781.25,-21.90775
1387850937.5,-21.90743
1387851093.75,-21.90304
1387851250.0,-21.90047
1387851406.25,-21.89655
1387851562.5,-21.89296
1387851718.75,-21.8896
1387851875.0,-21.88841
1387852031.25,-21.88469
1387852187.5,-21.87946
1387852343.75,-21.88114
1387852500.0,-21.87708
1387852656.25,-21.87159
1387852812.5,-21.86854
1387852968.75,-21.86794
1387853125.0,-21.86257
1387853281.25,-21.85933
1387853437.5,-21.85848
1387853593.75,-21.85469
1387853750.0,-21.8493
1387853906.25,-21.84742
1387854062.5,-21.84638
1387854218.75,-21.84242
1387854375.0,-21.8377
1387854531.25,-21.83309
1387854687.5,-21.83108
1387854843.75,-21.83002
1387855000.0,-21.8254
1387855156.25,-21.82299
1387855312.5,-21.81945
1387855468.75,-21.81676
1387855625.0,-21.81392
1387855781.25,-21.80959
1387855937.5,-21.80702
1387856093.75,-21.8063
1387856250.0,-21.80281
1387856406.25,-21.79723
1387856562.5,-21.7943
1387856718.75,-21.79154
1387856875.0,-21.78894
1387857031.25,-21.78958
1387857187.5,-21.78495
1387857343.75,-21.78131
1387857500.0,-21.77521
1387857656.25,-21.77142
1387857812.5,-21.76766
1387857968.75,-21.76717
1387858125.0,-21.76489
1387858281.25,-21.76006
1387858437.5,-21.75668
1387858593.75,-21.75555
1387858750.0,-21.75007
1387858906.25,-21.74728
1387859062.5,-21.74556
1387859218.75,-21.7439
1387859375.0,-21.73676
1387859531.25,-21.73625
1387859687.5,-21.73198
1387859843.75,-21.73037
1387860000.0,-21.72638
1387860156.25,-21.72224
1387860312.5,-21.71974
1387860468.75,-21.71808
1387860625.0,-21.71225
1387860781.25,-21.7099
1387860937.5,-21.70635
1387861093.75,-21.70168
1387861250.0,-21.70094
1387861406.25,-21.69575
1387861562.5,-21.69371
1387861718.75,-21.69286
1387861875.0,-21.68876
1387862031.25,-21.68584
1387862187.5,-21.68029
1387862343.75,-21.6775
1387862500.0,-21.67639
1387862656.25,-21.67241
1387862812.5,-21.6685
1387862968.75,-21.66497
1387863125.0,-21.66323
1387863281.25,-21.65911
1387863437.5,-21.6569
1387863593.75,-21.65156
1387863750.0,-21.65075
1387863906.25,-21.64773
1387864062.5,-21.64346
1387864218.75,-21.64222
1387864375.0,-21.63583
1387864531.25,-21.63358
1387864687.5,-21.63106
1387864843.75,-21.62832
1387865000.0,-21.62557
1387865156.25,-21.62155
1387865312.5,-21.61859
1387865468.75,-21.61328
1387865625.0,-21.61293
1387865781.25,-21.60881
1387865937.5,-21.60667
1387866093.75,-21.6024
1387866250.0,-21.59715
1387866406.25,-21.59435
1387866562.5,-21.59119
1387866718.75,-21.59121
1387866875.0,-21.58781
1387867031.25,-21.58186
1387867187.5,-21.58041
1387867343.75,-21.57763
1387867500.0,-21.57334
1387867656.25,-21.56956
1387867812.5,-21.56723
1387867968.75,-21.56484
1387868125.0,-21.56252
1387868281.25,-21.55774
1387868437.5,-21.55549
1387868593.75,-21.54827
1387868750.0,-21.54692
1387868906.25,-21.54585
1387869062.5,-21.54053
1387869218.75,-21.53833
1387869375.0,-21.53391
1387869531.25,-21.53011
1387869687.5,-21.52971
1387869843.75,-21.52531
1387870000.0,-21.52287
1387870156.25,-21.51799
1387870312.5,-21.51519
1387870468.75,-21.51209
1387870625.0,-21.50807
1387870781.25,-21.50634
1387870937.5,-21.50579
1387871093.75,-21.5005
1387871250.0,-21.49597
1387871406.25,-21.49523
1387871562.5,-21.48907
1387871718.75,-21.4883
1387871875.0,-21.48185
1387872031.25,-21.48041
1387872187.5,-21.47661
1387872343.75,-21.47561
1387872500.0,-21.47099
1387872656.25,-21.46881
1387872812.5,-21.46462
1387872968.75,-21.46269
1387873125.0,-21.45882
1387873281.25,-21.4548
1387873437.5,-21.45181
1387873593.75,-21.44641
1387873750.0,-21.4452
1387873906.25,-21.44122
1387874062.5,-21.43703
1387874218.75,-21.43382
1387874375.0,-21.43217
1387874531.25,-21.42764
1387874687.5,-21.42709
1387874843.75,-21.42169
1387875000.0,-21.41946
1387875156.25,-21.41631
1387875312.5,-21.41356
1387875468.75,-21.40904
1387875625.0,-21.40585
1387875781.25,-21.40358
1387875937.5,-21.39853
1387876093.75,-21.39309
1387876250.0,-21.392
1387876406.25,-21.3902
1387876562.5,-21.38696
1387876718.75,-21.38268
1387876875.0,-21.38016
1387877031.25,-21.3759
1387877187.5,-21.37406
1387877343.75,-21.3727
1387877500.0,-21.36752
1387877656.25,-21.36284
1387877812.5,-21.36155
1387877968.75,-21.35538
1387878125.0,-21.35342
1387878281.25,-21.35066
1387878437.5,-21.34688
1387878593.75,-21.34419
1387878750.0,-21.34068
1387878906.25,-21.33807
1387879062.5,-21.33473
1387879218.75,-21.3297
1387879375.0,-21.32747
1387879531.25,-21.32424
1387879687.5,-21.32114
1387879843.75,-21.31736
1387880000.0,-21.31408
1387880156.25,-21.30926
1387880312.5,-21.30847
1387880468.75,-21.30402
1387880625.0,-21.30245
1387880781.25,-21.29658
1387880937.5,-21.29465
1387881093.75,-21.28972
1387881250.0,-21.28913
1387881406.25,-21.28572
1387881562.5,-21.28179
1387881718.75,-21.27846
1387881875.0,-21.2738
1387882031.25,-21.27141
1387882187.5,-21.26836
1387882343.75,-21.26622
1387882500.0,-21.25991
1387882656.25,-21.25903
1387882812.5,-21.25531
1387882968.75,-21.25286
1387883125.0,-21.24819
1387883281.25,-21.24704
1387883437.5,-21.24161
1387883593.75,-21.24028
1387883750.0,-21.23478
1387883906.25,-21.23189
1387884062.5,-21.22977
1387884218.75,-21.22549
1387884375.0,-21.22277
1387884531.25,-21.22095
1387884687.5,-21.21433
1387884843.75,-21.21251
1387885000.0,-21.20788
1387885156.25,-21.20558
1387885312.5,-21.20171
1387885468.75,-21.19761
1387885625.0,-21.19572
1387885781.25,-21.19274
1387885937.5,-21.1914
1387886093.75,-21.18545
1387886250.0,-21.1822
1387886406.25,-21.1804
1387886562.5,-21.17393
1387886718.75,-21.17393
1387886875.0,-21.16925
1387887031.25,-21.16679
1387887187.5,-21.16278
1387887343.75,-21.15849
1387887500.0,-21.15569
1387887656.25,-21.15326
1387887812.5,-21.15083
1387887968.75,-21.14544
1387888125.0,-21.14354
1387888281.25,-21.1404
1387888437.5,-21.13674
1387888593.75,-21.1316
1387888750.0,-21.13082
1387888906.25,-21.12645
1387889062.5,-21.12348
1387889218.75,-21.11996
1387889375.0,-21.11531
1387889531.25,-21.11322
1387889687.5,-21.10874
1387889843.75,-21.10525
1387890000.0,-21.10153
1387890156.25,-21.09967
1387890312.5,-21.09614
1387890468.75,-21.09272
1387890625.0,-21.0899
1387890781.25,-21.08625
1387890937.5,-21.08087
1387891093.75,-21.07928
1387891250.0,-21.07471
1387891406.25,-21.07227
1387891562.5,-21.06986
1387891718.75,-21.06679
1387891875.0,-21.06354
1387892031.25,-21.05935
1387892187.5,-21.05431
1387892343.75,-21.05037
1387892500.0,-21.05061
1387892656.25,-21.0438
1387892812.5,-21.04196
1387892968.75,-21.0413
1387893125.0,-21.03534
1387893281.25,-21.03124
1387893437.5,-21.02766
1387893593.75,-21.02539
1387893750.0,-21.0242
1387893906.25,-21.01654
1387894062.5,-21.01533
1387894218.75,-21.01399
1387894375.0,-21.00841
1387894531.25,-21.00588
1387894687.5,-21.00164
1387894843.75,-20.99725
1387895000.0,-20.99482
1387895156.25,-20.99315
1387895312.5,-20.98796
1387895468.75,-20.98658
1387895625.0,-20.98164
1387895781.25,-20.97687
1387895937.5,-20.97385
1387896093.75,-20.97181
1387896250.0,-20.96855
1387896406.25,-20.96415
1387896562.5,-20.96059
1387896718.75,-20.95926
1387896875.0,-20.95485
1387897031.25,-20.95098
1387897187.5,-20.94827
1387897343.75,-20.94549
1387897500.0,-20.93816
1387897656.25,-20.93659
1387897812.5,-20.93357
1387897968.75,-20.93041
1387898125.0,-20.92676
1387898281.25,-20.92411
1387898437.5,-20.9192
1387898593.75,-20.91987
1387898750.0,-20.91521
1387898906.25,-20.91118
1387899062.5,-20.90613
1387899218.75,-20.90373
1387899375.0,-20.89972
1387899531.25,-20.89746
1387899687.5,-20.89511
1387899843.75,-20.89122
1387900000.0,-20.88715
1387900156.25,-20.8833
1387900312.5,-20.88081
1387900468.75,-20.87611
1387900625.0,-20.87405
1387900781.25,-20.86824
1387900937.5,-20.86618
1387901093.75,-20.86282
1387901250.0,-20.85938
1387901406.25,-20.85697
1387901562.5,-20.85243
1387901718.75,-20.84945
1387901875.0,-20.84463
1387902031.25,-20.84184
1387902187.5,-20.83845
1387902343.75,-20.83468
1387902500.0,-20.8319
1387902656.25,-20.82705
1387902812.5,-20.824
1387902968.75,-20.8217
1387903125.0,-20.8168
1387903281.25,-20.81716
1387903437.5,-20.81064
1387903593.75,-20.80779
1387903750.0,-20.80574
1387903906.25,-20.80012
1387904062.5,-20.79463
1387904218.75,-20.79342
1387904375.0,-20.79033
1387904531.25,-20.78908
1387904687.5,-20.78254
1387904843.75,-20.7812
1387905000.0,-20.77578
1387905156.25,-20.77275
1387905312.5,-20.76849
1387905468.75,-20.76498
1387905625.0,-20.76368
1387905781.25,-20.75888
1387905937.5,-20.75601
1387906093.75,-20.75223
1387906250.0,-20.7487
1387906406.25,-20.74596
1387906562.5,-20.74259
1387906718.75,-20.7398
1387906875.0,-20.73569
1387907031.25,-20.73182
1387907187.5,-20.7264
1387907343.75,-20.72642
1387907500.0,-20.72112
1387907656.25,-20.71573
1387907812.5,-20.71389
1387907968.75,-20.71268
1387908125.0,-20.70621
1387908281.25,-20.70511
1387908437.5,-20.69998
1387908593.75,-20.69478
1387908750.0,-20.69425
1387908906.25,-20.69083
1387909062.5,-20.68546
1387909218.75,-20.68337
1387909375.0,-20.67843
1387909531.25,-20.67562
1387909687.5,-20.6715
1387909843.75,-20.66985
1387910000.0,-20.66545
1387910156.25,-20.66304
1387910312.5,-20.65773
1387910468.75,-20.65539
1387910625.0,-20.65267
1387910781.25,-20.64903
1387910937.5,-20.64432
1387911093.75,-20.64233
1387911250.0,-20.63619
1387911406.25,-20.63454
1387911562.5,-20.6321
1387911718.75,-20.62659
1387911875.0,-20.62321
1387912031.25,-20.62197
1387912187.5,-20.617
1387912343.75,-20.61242
1387912500.0,-20.60984
1387912656.25,-20.60689
1387912812.5,-20.60069
1387912968.75,-20.5995
1387913125.0,-20.59591
1387913281.25,-20.59243
1387913437.5,-20.58732
1387913593.75,-20.58455
1387913750.0,-20.58414
1387913906.25,-20.57598
1387914062.5,-20.57347
1387914218.75,-20.57067
1387914375.0,-20.56779
1387914531.25,-20.56405
1387914687.5,-20.56035
1387914843.75,-20.55505
1387915000.0,-20.55419
1387915156.25,-20.55105
1387915312.5,-20.54663
1387915468.75,-20.54239
1387915625.0,-20.53938
1387915781.25,-20.53616
1387915937.5,-20.53008
1387916093.75,-20.52761
1387916250.0,-20.52626
1387916406.25,-20.52148
1387916562.5,-20.51742
1387916718.75,-20.51496
1387916875.0,-20.51168
1387917031.25,-20.50677
1387917187.5,-20.50323
1387917343.75,-20.50119
1387917500.0,-20.49747
1387917656.25,-20.49045
1387917812.5,-20.49027
1387917968.75,-20.48655
1387918125.0,-20.48158
1387918281.25,-20.4789
1387918437.5,-20.47688
1387918593.75,-20.47049
1387918750.0,-20.46795
1387918906.25,-20.46544
1387919062.5,-20.46181
1387919218.75,-20.45747
1387919375.0,-20.45516
1387919531.25,-20.45063
1387919687.5,-20.44757
1387919843.75,-20.44375
1387920000.0,-20.43884
1387920156.25,-20.4364
1387920312.5,-20.43322
1387920468.75,-20.43058
1387920625.0,-20.42575
1387920781.25,-20.42123
1387920937.5,-20.41734
1387921093.75,-20.41452
1387921250.0,-20.41138
1387921406.25,-20.40795
1387921562.5,-20.40319
1387921718.75,-20.40037
1387921875.0,-20.39796
1387922031.25,-20.39473
1387922187.5,-20.38923
1387922343.75,-20.38686
1387922500.0,-20.38348
1387922656.25,-20.37898
1387922812.5,-20.37568
1387922968.75,-20.37171
1387923125.0,-20.3682
1387923281.25,-20.36565
1387923437.5,-20.36124
1387923593.75,-20.35649
1387923750.0,-20.35496
1387923906.25,-20.35035
1387924062.5,-20.34701
1387924218.75,-20.34288
1387924375.0,-20.33981
1387924531.25,-20.33566
1387924687.5,-20.33369
1387924843.75,-20.32779
1387925000.0,-20.32462
1387925156.25,-20.32146
1387925312.5,-20.31761
1387925468.75,-20.3139
1387925625.0,-20.31154
1387925781.25,-20.3065
1387925937.5,-20.30269
1387926093.75,-20.29986
1387926250.0,-20.29659
1387926406.25,-20.29438
1387926562.5,-20.28968
1387926718.75,-20.28629
1387926875.0,-20.28228
1387927031.25,-20.27909
1387927187.5,-20.27462
1387927343.75,-20.27132
1387927500.0,-20.26609
1387927656.25,-20.26229
1387927812.5,-20.26125
1387927968.75,-20.25719
1387928125.0,-20.25408
1387928281.25,-20.2504
1387928437.5,-20.24668
1387928593.75,-20.24324
1387928750.0,-20.23836
1387928906.25,-20.23483
1387929062.5,-20.23086
1387929218.75,-20.22819
1387929375.0,-20.22318
1387929531.25,-20.21945
1387929687.5,-20.21446
1387929843.75,-20.21296
1387930000.0,-20.20947
1387930156.25,-20.20517
1387930312.5,-20.20225
1387930468.75,-20.19773
1387930625.0,-20.19569
1387930781.25,-20.19127
1387930937.5,-20.18657
1387931093.75,-20.1829
1387931250.0,-20.17922
1387931406.25,-20.17606
1387931562.5,-20.17152
1387931718.75,-20.16946
1387931875.0,-20.16501
1387932031.25,-20.16265
1387932187.5,-20.15816
1387932343.75,-20.15424
1387932500.0,-20.15161
1387932656.25,-20.14693
1387932812.5,-20.1441
1387932968.75,-20.14063
1387933125.0,-20.13594
1387933281.25,-20.1314
1387933437.5,-20.12746
1387933593.75,-20.12554
1387933750.0,-20.12212
1387933906.25,-20.11799
1387934062.5,-20.11604
1387934218.75,-20.11015
1387934375.0,-20.10644
1387934531.25,-20.10245
1387934687.5,-20.09892
1387934843.75,-20.09668
1387935000.0,-20.0919
1387935156.25,-20.0869
1387935312.5,-20.08539
1387935468.75,-20.07982
1387935625.0,-20.07845
1387935781.25,-20.07374
1387935937.5,-20.07024
1387936093.75,-20.06699
1387936250.0,-20.06197
1387936406.25,-20.06033
1387936562.5,-20.05441
1387936718.75,-20.05075
1387936875.0,-20.04745
1387937031.25,-20.04456
1387937187.5,-20.04071
1387937343.75,-20.03757
1387937500.0,-20.03325
1387937656.25,-20.03
1387937812.5,-20.02513
1387937968.75,-20.02323
1387938125.0,-20.01834
1387938281.25,-20.01301
1387938437.5,-20.01021
1387938593.75,-20.00769
1387938750.0,-20.0035
1387938906.25,-20.00053
1387939062.5,-19.99317
1387939218.75,-19.99169
1387939375.0,-19.98905
1387939531.25,-19.98494
1387939687.5,-19.98174
1387939843.75,-19.97839
1387940000.0,-19.97446
1387940156.25,-19.97112
1387940312.5,-19.96495
1387940468.75,-19.96288
1387940625.0,-19.95762
1387940781.25,-19.95629
1387940937.5,-19.95022
1387941093.75,-19.94778
1387941250.0,-19.9443
1387941406.25,-19.94086
1387941562.5,-19.93674
1387941718.75,-19.9336
1387941875.0,-19.92902
1387942031.25,-19.9251
1387942187.5,-19.92154
1387942343.75,-19.91792
1387942500.0,-19.9148
1387942656.25,-19.91173
1387942812.5,-19.9047
1387942968.75,-19.90319
1387943125.0,-19.89949
1387943281.25,-19.89581
1387943437.5,-19.8922
1387943593.75,-19.88832
1387943750.0,-19.88558
1387943906.25,-19.88037
1387944062.5,-19.87476
1387944218.75,-19.87292
1387944375.0,-19.87021
1387944531.25,-19.86479
1387944687.5,-19.86157
1387944843.75,-19.85856
1387945000.0,-19.85455
1387945156.25,-19.85055
1387945312.5,-19.84591
1387945468.75,-19.84179
1387945625.0,-19.83765
1387945781.25,-19.83601
1387945937.5,-19.83261
1387946093.75,-19.82778
1387946250.0,-19.82401
1387946406.25,-19.82229
1387946562.5,-19.81679
1387946718.75,-19.81355
1387946875.0,-19.81186
1387947031.25,-19.80464
1387947187.5,-19.80044
1387947343.75,-19.79805
1387947500.0,-19.79357
1387947656.25,-19.78992
1387947812.5,-19.78453
1387947968.75,-19.7811
1387948125.0,-19.77857
1387948281.25,-19.77642
1387948437.5,-19.77305
1387948593.75,-19.76799
1387948750.0,-19.76413
1387948906.25,-19.76153
1387949062.5,-19.75611
1387949218.75,-19.75282
1387949375.0,-19.74774
1387949531.25,-19.74343
1387949687.5,-19.74114
1387949843.75,-19.73703
1387950000.0,-19.73335
1387950156.25,-19.72901
1387950312.5,-19.72651
1387950468.75,-19.72219
1387950625.0,-19.71853
1387950781.25,-19.71392
1387950937.5,-19.71075
1387951093.75,-19.70803
1387951250.0,-19.7023
1387951406.25,-19.69812
1387951562.5,-19.69409
1387951718.75,-19.69103
1387951875.0,-19.68856
1387952031.25,-19.68554
1387952187.5,-19.67977
1387952343.75,-19.67562
1387952500.0,-19.67161
1387952656.25,-19.66804
1387952812.5,-19.66373
1387952968.75,-19.66043
1387953125.0,-19.65743
1387953281.25,-19.65247
1387953437.5,-19.65011
1387953593.75,-19.64586
1387953750.0,-19.64208
1387953906.25,-19.63856
1387954062.5,-19.63306
1387954218.75,-19.62944
1387954375.0,-19.62676
1387954531.25,-19.62446
1387954687.5,-19.6189
1387954843.75,-19.6154
1387955000.0,-19.61157
1387955156.25,-19.60868
1387955312.5,-19.60544
1387955468.75,-19.59983
1387955625.0,-19.59497
1387955781.25,-19.59348
1387955937.5,-19.58854
1387956093.75,-19.58231
1387956250.0,-19.57862
1387956406.25,-19.57818
1387956562.5,-19.57283
1387956718.75,-19.56759
1387956875.0,-19.56531
1387957031.25,-19.56102
1387957187.5,-19.55735
1387957343.75,-19.55401
1387957500.0,-19.54979
1387957656.25,-19.54517
1387957812.5,-19.54083
1387957968.75,-19.53724
1387958125.0,-19.53369
1387958281.25,-19.53026
1387958437.5,-19.52511
1387958593.75,-19.52213
1387958750.0,-19.51832
1387958906.25,-19.5139
1387959062.5,-19.51082
1387959218.75,-19.50649
1387959375.0,-19.5014
1387959531.25,-19.4994
1387959687.5,-19.49414
1387959843.75,-19.49203
1387960000.0,-19.48909
1387960156.25,-19.48322
1387960312.5,-19.48095
1387960468.75,-19.47516
1387960625.0,-19.47266
1387960781.25,-19.46849
1387960937.5,-19.46321
1387961093.75,-19.45948
1387961250.0,-19.45513
1387961406.25,-19.45045
1387961562.5,-19.4499
1387961718.75,-19.44397
1387961875.0,-19.44093
1387962031.25,-19.4383
1387962187.5,-19.43518
1387962343.75,-19.42752
1387962500.0,-19.42596
1387962656.25,-19.42005
1387962812.5,-19.41927
1387962968.75,-19.41154
1387963125.0,-19.40993
1387963281.25,-19.40588
1387963437.5,-19.40224
1387963593.75,-19.39688
1387963750.0,-19.39255
1387963906.25,-19.38931
1387964062.5,-19.38741
1387964218.75,-19.38249
1387964375.0,-19.37815
1387964531.25,-19.37358
1387964687.5,-19.37017
1387964843.75,-19.36629
1387965000.0,-19.36424
1387965156.25,-19.35741
1387965312.5,-19.3551
1387965468.75,-19.34972
1387965625.0,-19.3486
1387965781.25,-19.34289
1387965937.5,-19.33833
1387966093.75,-19.33595
1387966250.0,-19.32907
1387966406.25,-19.32639
1387966562.5,-19.3242
1387966718.75,-19.31805
1387966875.0,-19.31529
1387967031.25,-19.30927
1387967187.5,-19.30546
1387967343.75,-19.30296
1387967500.0,-19.29803
1387967656.25,-19.29542
1387967812.5,-19.29261
1387967968.75,-19.28704
1387968125.0,-19.28221
1387968281.25,-19.28024
1387968437.5,-19.27538
1387968593.75,-19.27219
1387968750.0,-19.26793
1387968906.25,-19.26373
1387969062.5,-19.25924
1387969218.75,-19.25558
1387969375.0,-19.2525
1387969531.25,-19.24839
1387969687.5,-19.24264
1387969843.75,-19.23973
1387970000.0,-19.23623
1387970156.25,-19.23312
1387970312.5,-19.22886
1387970468.75,-19.22401
1387970625.0,-19.22227
1387970781.25,-19.21569
1387970937.5,-19.21202
1387971093.75,-19.20913
1387971250.0,-19.20442
1387971406.25,-19.20157
1387971562.5,-19.19703
1387971718.75,-19.19238
1387971875.0,-19.18743
1387972031.25,-19.18317
1387972187.5,-19.18137
1387972343.75,-19.17701
1387972500.0,-19.17145
1387972656.25,-19.16819
1387972812.5,-19.16361
1387972968.75,-19.16001
1387973125.0,-19.15629
1387973281.25,-19.15428
1387973437.5,-19.1496
1387973593.75,-19.14461
1387973750.0,-19.13974
1387973906.25,-19.13583
1387974062.5,-19.13393
1387974218.75,-19.12946
1387974375.0,-19.12535
1387974531.25,-19.1225
1387974687.5,-19.11726
1387974843.75,-19.11283
1387975000.0,-19.10879
1387975156.25,-19.10535
1387975312.5,-19.10027
1387975468.75,-19.09586
1387975625.0,-19.09333
1387975781.25,-19.08679
1387975937.5,-19.08545
1387976093.75,-19.0797
1387976250.0,-19.07658
1387976406.25,-19.07447
1387976562.5,-19.06811
1387976718.75,-19.06595
1387976875.0,-19.06002
1387977031.25,-19.05661
1387977187.5,-19.05068
1387977343.75,-19.04821
1387977500.0,-19.04425
1387977656.25,-19.03956
1387977812.5,-19.03676
1387977968.75,-19.03181
1387978125.0,-19.02909
1387978281.25,-19.02428
1387978437.5,-19.02108
1387978593.75,-19.01448
1387978750.0,-19.01251
1387978906.25,-19.00642
1387979062.5,-19.00369
1387979218.75,-19.00035
1387979375.0,-18.99528
1387979531.25,-18.99061
1387979687.5,-18.98761
1387979843.75,-18.9832
1387980000.0,-18.97962
1387980156.25,-18.97541
1387980312.5,-18.96991
1387980468.75,-18.96715
1387980625.0,-18.96324
1387980781.25,-18.96144
1387980937.5,-18.95597
1387981093.75,-18.94988
1387981250.0,-18.94648
1387981406.25,-18.94362
1387981562.5,-18.93746
1387981718.75,-18.93507
1387981875.0,-18.92943
1387982031.25,-18.92589
1387982187.5,-18.92281
1387982343.75,-18.91872
1387982500.0,-18.9141
1387982656.25,-18.90984
1387982812.5,-18.90635
1387982968.75,-18.90243
1387983125.0,-18.89613
1387983281.25,-18.89541
1387983437.5,-18.8897
1387983593.75,-18.88396
1387983750.0,-18.88147
1387983906.25,-18.87715
1387984062.5,-18.87246
1387984218.75,-18.86951
1387984375.0,-18.86555
1387984531.25,-18.86004
1387984687.5,-18.85848
1387984843.75,-18.85393
1387985000.0,-18.84846
1387985156.25,-18.84478
1387985312.5,-18.84079
1387985468.75,-18.83591
1387985625.0,-18.83446
1387985781.25,-18.82927
1387985937.5,-18.82536
1387986093.75,-18.82037
1387986250.0,-18.81601
1387986406.25,-18.81327
1387986562.5,-18.80756
1387986718.75,-18.80469
1387986875.0,-18.799
1387987031.25,-18.79531
1387987187.5,-18.79189
1387987343.75,-18.78899
1387987500.0,-18.78191
1387987656.25,-18.77909
1387987812.5,-18.77515
1387987968.75,-18.77152
1387988125.0,-18.76669
1387988281.25,-18.76167
1387988437.5,-18.75905
1387988593.75,-18.75426
1387988750.0,-18.74977
1387988906.25,-18.74656
1387989062.5,-18.74214
1387989218.75,-18.73936
1387989375.0,-18.73371
1387989531.25,-18.73034
1387989687.5,-18.72662
1387989843.75,-18.72122
1387990000.0,-18.71735
1387990156.25,-18.71262
1387990312.5,-18.70893
1387990468.75,-18.70395
1387990625.0,-18.7004
1387990781.25,-18.69751
1387990937.5,-18.69352
1387991093.75,-18.6887
1387991250.0,-18.68459
1387991406.25,-18.67989
1387991562.5,-18.67741
1387991718.75,-18.67232
1387991875.0,-18.66754
1387992031.25,-18.66278
1387992187.5,-18.6593
1387992343.75,-18.65489
1387992500.0,-18.64969
1387992656.25,-18.64659
1387992812.5,-18.64319
1387992968.75,-18.63783
1387993125.0,-18.63383
1387993281.25,-18.63003
1387993437.5,-18.6249
1387993593.75,-18.6208
1387993750.0,-18.61766
1387993906.25,-18.61272
1387994062.5,-18.61074
1387994218.75,-18.60581
1387994375.0,-18.60129
1387994531.25,-18.5976
1387994687.5,-18.59088
1387994843.75,-18.58939
1387995000.0,-18.58256
1387995156.25,-18.58047
1387995312.5,-18.57735
1387995468.75,-18.57109
1387995625.0,-18.56796
1387995781.25,-18.56404
1387995937.5,-18.55981
1387996093.75,-18.55567
1387996250.0,-18.54976
1387996406.25,-18.54754
1387996562.5,-18.54297
1387996718.75,-18.53818
1387996875.0,-18.53557
1387997031.25,-18.5312
1387997187.5,-18.52497
1387997343.75,-18.52142
1387997500.0,-18.5181
1387997656.25,-18.51269
1387997812.5,-18.5076
1387997968.75,-18.50594
1387998125.0,-18.50039
1387998281.25,-18.49674
1387998437.5,-18.49177
1387998593.75,-18.48823
1387998750.0,-18.48244
1387998906.25,-18.48002
1387999062.5,-18.47484
1387999218.75,-18.47111
1387999375.0,-18.46508
1387999531.25,-18.46154
1387999687.5,-18.45801
1387999843.75,-18.45486
1388000000.0,-18.44903
1388000156.25,-18.44623
1388000312.5,-18.4402
1388000468.75,-18.43716
1388000625.0,-18.43308
1388000781.25,-18.42727
1388000937.5,-18.42531
1388001093.75,-18.41927
1388001250.0,-18.41643
1388001406.25,-18.4092
1388001562.5,-18.40837
1388001718.75,-18.40332
1388001875.0,-18.39821
1388002031.25,-18.39527
1388002187.5,-18.39062
1388002343.75,-18.38625
1388002500.0,-18.38215
1388002656.25,-18.37698
1388002812.5,-18.37393
1388002968.75,-18.36885
1388003125.0,-18.3639
1388003281.25,-18.36177
1388003437.5,-18.35619
1388003593.75,-18.35125
1388003750.0,-18.34849
1388003906.25,-18.3438
1388004062.5,-18.33836
1388004218.75,-18.33656
1388004375.0,-18.33109
1388004531.25,-18.32713
1388004687.5,-18.32285
1388004843.75,-18.31655
1388005000.0,-18.31269
1388005156.25,-18.30921
1388005312.5,-18.30489
1388005468.75,-18.29997
1388005625.0,-18.29714
1388005781.25,-18.29153
1388005937.5,-18.28663
1388006093.75,-18.2846
1388006250.0,-18.27986
1388006406.25,-18.27577
1388006562.5,-18.26987
1388006718.75,-18.26569
1388006875.0,-18.26254
1388007031.25,-18.25683
1388007187.5,-18.25276
1388007343.75,-18.24962
1388007500.0,-18.24597
1388007656.25,-18.24046
1388007812.5,-18.23811
1388007968.75,-18.23282
1388008125.0,-18.22851
1388008281.25,-18.22315
1388008437.5,-18.21785
1388008593.75,-18.21321
1388008750.0,-18.21142
1388008906.25,-18.20721
1388009062.5,-18.20264
1388009218.75,-18.19761
1388009375.0,-18.19359
1388009531.25,-18.18935
1388009687.5,-18.18433
1388009843.75,-18.17977
1388010000.0,-18.17863
1388010156.25,-18.17016
1388010312.5,-18.16761
1388010468.75,-18.16265
1388010625.0,-18.15943
1388010781.25,-18.15412
1388010937.5,-18.15051
1388011093.75,-18.14575
1388011250.0,-18.14287
1388011406.25,-18.139
1388011562.5,-18.13286
1388011718.75,-18.12853
1388011875.0,-18.12439
1388012031.25,-18.11974
1388012187.5,-18.1167
1388012343.75,-18.11252
1388012500.0,-18.10766
1388012656.25,-18.10281
1388012812.5,-18.09929
1388012968.75,-18.09379
1388013125.0,-18.09045
1388013281.25,-18.08608
1388013437.5,-18.08108
1388013593.75,-18.07641
1388013750.0,-18.07187
1388013906.25,-18.06743
1388014062.5,-18.06333
1388014218.75,-18.05841
1388014375.0,-18.05532
1388014531.25,-18.05125
1388014687.5,-18.04555
1388014843.75,-18.04201
1388015000.0,-18.03756
1388015156.25,-18.03336
1388015312.5,-18.02767
1388015468.75,-18.02256
1388015625.0,-18.01967
1388015781.25,-18.01564
1388015937.5,-18.01145
1388016093.75,-18.00676
1388016250.0,-18.00205
1388016406.25,-17.99855
1388016562.5,-17.99341
1388016718.75,-17.98951
1388016875.0,-17.98394
1388017031.25,-17.98063
1388017187.5,-17.97744
1388017343.75,-17.97118
1388017500.0,-17.96805
1388017656.25,-17.96321
1388017812.5,-17.95799
1388017968.75,-17.95354
1388018125.0,-17.95002
1388018281.25,-17.94446
1388018437.5,-17.94261
1388018593.75,-17.93603
1388018750.0,-17.93106
1388018906.25,-17.92797
1388019062.5,-17.92416
1388019218.75,-17.91845
1388019375.0,-17.91591
1388019531.25,-17.91038
1388019687.5,-17.90536
1388019843.75,-17.90218
1388020000.0,-17.89791
1388020156.25,-17.89368
1388020312.5,-17.88581
1388020468.75,-17.88497
1388020625.0,-17.88164
1388020781.25,-17.87626
1388020937.5,-17.87145
1388021093.75,-17.86644
1388021250.0,-17.86107
1388021406.25,-17.85711
1388021562.5,-17.85256
1388021718.75,-17.84906
1388021875.0,-17.84471
1388022031.25,-17.83971
1388022187.5,-17.83702
1388022343.75,-17.8309
1388022500.0,-17.82604
1388022656.25,-17.82342
1388022812.5,-17.81856
1388022968.75,-17.81286
1388023125.0,-17.80845
1388023281.25,-17.80222
1388023437.5,-17.8004
1388023593.75,-17.7959
1388023750.0,-17.79158
1388023906.25,-17.78597
1388024062.5,-17.78291
1388024218.75,-17.77838
1388024375.0,-17.77385
1388024531.25,-17.76927
1388024687.5,-17.76597
1388024843.75,-17.75917
1388025000.0,-17.75594
1388025156.25,-17.7505
1388025312.5,-17.74668
1388025468.75,-17.74307
1388025625.0,-17.73853
1388025781.25,-17.73538
1388025937.5,-17.72894
1388026093.75,-17.72504
1388026250.0,-17.72094
1388026406.25,-17.71532
1388026562.5,-17.71023
1388026718.75,-17.70641
1388026875.0,-17.70201
1388027031.25,-17.69816
1388027187.5,-17.69266
1388027343.75,-17.68809
1388027500.0,-17.68299
1388027656.25,-17.68036
1388027812.5,-17.67567
1388027968.75,-17.67125
1388028125.0,-17.66607
1388028281.25,-17.66208
1388028437.5,-17.65941
1388028593.75,-17.65369
1388028750.0,-17.64815
1388028906.25,-17.64491
1388029062.5,-17.6399
1388029218.75,-17.63445
1388029375.0,-17.63074
1388029531.25,-17.62623
1388029687.5,-17.62086
1388029843.75,-17.61715
1388030000.0,-17.6118
1388030156.25,-17.60945
1388030312.5,-17.6046
1388030468.75,-17.60042
1388030625.0,-17.59286
1388030781.25,-17.59111
1388030937.5,-17.58548
1388031093.75,-17.58057
1388031250.0,-17.57618
1388031406.25,-17.57149
1388031562.5,-17.56933
1388031718.75,-17.56429
1388031875.0,-17.55849
1388032031.25,-17.5545
1388032187.5,-17.54985
1388032343.75,-17.54603
1388032500.0,-17.5404
1388032656.25,-17.53681
1388032812.5,-17.53225
1388032968.75,-17.52726
1388033125.0,-17.52288
1388033281.25,-17.51945
1388033437.5,-17.51291
1388033593.75,-17.50818
1388033750.0,-17.50467
1388033906.25,-17.49934
1388034062.5,-17.49437
1388034218.75,-17.49163
1388034375.0,-17.48677
1388034531.25,-17.4817
1388034687.5,-17.47664
1388034843.75,-17.47311
1388035000.0,-17.46666
1388035156.25,-17.4638
1388035312.5,-17.45772
1388035468.75,-17.45624
1388035625.0,-17.45067
1388035781.25,-17.44544
1388035937.5,-17.43957
1388036093.75,-17.43683
1388036250.0,-17.43204
1388036406.25,-17.42784
1388036562.5,-17.42318
1388036718.75,-17.4205
1388036875.0,-17.41484
1388037031.25,-17.40979
1388037187.5,-17.40398
1388037343.75,-17.39959
1388037500.0,-17.39495
1388037656.25,-17.39083
1388037812.5,-17.38624
1388037968.75,-17.3809
1388038125.0,-17.37706
1388038281.25,-17.37409
1388038437.5,-17.37009
1388038593.75,-17.36409
1388038750.0,-17.35905
1388038906.25,-17.35398
1388039062.5,-17.35143
1388039218.75,-17.34739
1388039375.0,-17.34157
1388039531.25,-17.33599
1388039687.5,-17.33227
1388039843.75,-17.32933
1388040000.0,-17.32378
1388040156.25,-17.31775
1388040312.5,-17.31307
1388040468.75,-17.30864
1388040625.0,-17.30469
1388040781.25,-17.29987
1388040937.5,-17.29517
1388041093.75,-17.29097
1388041250.0,-17.28601
1388041406.25,-17.2799
1388041562.5,-17.27536
1388041718.75,-17.27248
1388041875.0,-17.26845
1388042031.25,-17.26212
1388042187.5,-17.25833
1388042343.75,-17.25446
1388042500.0,-17.24883
1388042656.25,-17.24513
1388042812.5,-17.24049
1388042968.75,-17.23514
1388043125.0,-17.23001
1388043281.25,-17.22569
1388043437.5,-17.22128
1388043593.75,-17.21726
1388043750.0,-17.21251
1388043906.25,-17.20728
1388044062.5,-17.20296
1388044218.75,-17.19897
1388044375.0,-17.19571
1388044531.25,-17.18946
1388044687.5,-17.18605
1388044843.75,-17.18105
1388045000.0,-17.17546
1388045156.25,-17.17251
1388045312.5,-17.16639
1388045468.75,-17.16039
1388045625.0,-17.15754
1388045781.25,-17.15205
1388045937.5,-17.14912
1388046093.75,-17.14279
1388046250.0,-17.13973
1388046406.25,-17.13482
1388046562.5,-17.12951
1388046718.75,-17.12586
1388046875.0,-17.12291
1388047031.25,-17.11631
1388047187.5,-17.11212
1388047343.75,-17.10729
1388047500.0,-17.10103
1388047656.25,-17.09748
1388047812.5,-17.09231
1388047968.75,-17.08824
1388048125.0,-17.08297
1388048281.25,-17.07873
1388048437.5,-17.07293
1388048593.75,-17.06853
1388048750.0,-17.06574
1388048906.25,-17.06047
1388049062.5,-17.05585
1388049218.75,-17.05117
1388049375.0,-17.04633
1388049531.25,-17.04151
1388049687.5,-17.03756
1388049843.75,-17.03235
1388050000.0,-17.02873
1388050156.25,-17.0242
1388050312.5,-17.01864
1388050468.75,-17.01294
1388050625.0,-17.00876
1388050781.25,-17.0048
1388050937.5,-16.99981
1388051093.75,-16.9952
1388051250.0,-16.99107
1388051406.25,-16.98591
1388051562.5,-16.98095
1388051718.75,-16.97494
1388051875.0,-16.97331
1388052031.25,-16.96873
1388052187.5,-16.96216
1388052343.75,-16.95787
1388052500.0,-16.95242
1388052656.25,-16.94894
1388052812.5,-16.94311
1388052968.75,-16.9395
1388053125.0,-16.93541
1388053281.25,-16.93026
1388053437.5,-16.92472
1388053593.75,-16.92047
1388053750.0,-16.91592
1388053906.25,-16.91134
1388054062.5,-16.90775
1388054218.75,-16.90195
1388054375.0,-16.89823
1388054531.25,-16.89365
1388054687.5,-16.88696
1388054843.75,-16.88299
1388055000.0,-16.87751
1388055156.25,-16.87362
1388055312.5,-16.86853
1388055468.75,-16.86357
1388055625.0,-16.8595
1388055781.25,-16.8553
1388055937.5,-16.85118
1388056093.75,-16.84647
1388056250.0,-16.84179
1388056406.25,-16.83735
1388056562.5,-16.83168
1388056718.75,-16.8261
1388056875.0,-16.82203
1388057031.25,-16.81808
1388057187.5,-16.81205
1388057343.75,-16.80693
1388057500.0,-16.80269
1388057656.25,-16.79852
1388057812.5,-16.7926
1388057968.75,-16.78903
1388058125.0,-16.78592
1388058281.25,-16.77966
1388058437.5,-16.77497
1388058593.75,-16.77112
1388058750.0,-16.76492
1388058906.25,-16.76055
1388059062.5,-16.7573
1388059218.75,-16.75198
1388059375.0,-16.74752
1388059531.25,-16.74253
1388059687.5,-16.73782
1388059843.75,-16.73213
1388060000.0,-16.72771
1388060156.25,-16.72356
1388060312.5,-16.71898
1388060468.75,-16.71373
1388060625.0,-16.70883
1388060781.25,-16.70414
1388060937.5,-16.70005
1388061093.75,-16.69469
1388061250.0,-16.68921
1388061406.25,-16.68432
1388061562.5,-16.68118
1388061718.75,-16.67427
1388061875.0,-16.67001
1388062031.25,-16.66704
1388062187.5,-16.66243
1388062343.75,-16.65766
1388062500.0,-16.65154
1388062656.25,-16.6471
1388062812.5,-16.64305
1388062968.75,-16.63843
1388063125.0,-16.63465
1388063281.25,-16.62896
1388063437.5,-16.62355
1388063593.75,-16.61869
1388063750.0,-16.61435
1388063906.25,-16.6091
1388064062.5,-16.60511
1388064218.75,-16.60074
1388064375.0,-16.59546
1388064531.25,-16.59046
1388064687.5,-16.58605
1388064843.75,-16.58059
1388065000.0,-16.57719
1388065156.25,-16.5704
1388065312.5,-16.5658
1388065468.75,-16.56281
1388065625.0,-16.55803
1388065781.25,-16.55135
1388065937.5,-16.54774
1388066093.75,-16.54314
1388066250.0,-16.53815
1388066406.25,-16.53261
1388066562.5,-16.52859
1388066718.75,-16.52412
1388066875.0,-16.51937
1388067031.25,-16.51341
1388067187.5,-16.5098
1388067343.75,-16.50447
1388067500.0,-16.5006
1388067656.25,-16.49574
1388067812.5,-16.49067
1388067968.75,-16.48573
1388068125.0,-16.48067
1388068281.25,-16.47654
1388068437.5,-16.47211
1388068593.75,-16.46655
1388068750.0,-16.4622
1388068906.25,-16.45778
1388069062.5,-16.45291
1388069218.75,-16.44731
1388069375.0,-16.44248
1388069531.25,-16.43844
1388069687.5,-16.43382
1388069843.75,-16.42951
1388070000.0,-16.42237
1388070156.25,-16.41901
1388070312.5,-16.41346
1388070468.75,-16.40963
1388070625.0,-16.40427
1388070781.25,-16.39896
1388070937.5,-16.39437
1388071093.75,-16.39049
1388071250.0,-16.38618
1388071406.25,-16.38059
1388071562.5,-16.37638
1388071718.75,-16.3703
1388071875.0,-16.36638
1388072031.25,-16.36137
1388072187.5,-16.35712
1388072343.75,-16.35109
1388072500.0,-16.34763
1388072656.25,-16.34277
1388072812.5,-16.33725
1388072968.75,-16.33476
1388073125.0,-16.32775
1388073281.25,-16.32378
1388073437.5,-16.31843
1388073593.75,-16.31325
1388073750.0,-16.3092
1388073906.25,-16.30409
1388074062.5,-16.2994
1388074218.75,-16.29421
1388074375.0,-16.28789
1388074531.25,-16.28488
1388074687.5,-16.27947
1388074843.75,-16.27466
1388075000.0,-16.27197
1388075156.25,-16.26595
1388075312.5,-16.26133
1388075468.75,-16.25628
1388075625.0,-16.25042
1388075781.25,-16.2461
1388075937.5,-16.24143
1388076093.75,-16.23669
1388076250.0,-16.23216
1388076406.25,-16.22769
1388076562.5,-16.22115
1388076718.75,-16.21631
1388076875.0,-16.21203
1388077031.25,-16.20691
1388077187.5,-16.20197
1388077343.75,-16.19869
1388077500.0,-16.19276
1388077656.25,-16.18805
1388077812.5,-16.18394
1388077968.75,-16.17752
1388078125.0,-16.17409
1388078281.25,-16.16866
1388078437.5,-16.16552
1388078593.75,-16.15897
1388078750.0,-16.15501
1388078906.25,-16.15029
1388079062.5,-16.14388
1388079218.75,-16.14058
1388079375.0,-16.13457
1388079531.25,-16.13116
1388079687.5,-16.125
1388079843.75,-16.12152
1388080000.0,-16.11619
1388080156.25,-16.1108
1388080312.5,-16.10613
1388080468.75,-16.10133
1388080625.0,-16.09719
1388080781.25,-16.09164
1388080937.5,-16.08651
1388081093.75,-16.08237
1388081250.0,-16.0774
1388081406.25,-16.07225
1388081562.5,-16.0686
1388081718.75,-16.06228
1388081875.0,-16.05721
1388082031.25,-16.05261
1388082187.5,-16.04836
1388082343.75,-16.04381
1388082500.0,-16.03858
1388082656.25,-16.03271
1388082812.5,-16.02787
1388082968.75,-16.02509
1388083125.0,-16.01864
1388083281.25,-16.01362
1388083437.5,-16.00914
1388083593.75,-16.00422
1388083750.0,-15.999
1388083906.25,-15.99453
1388084062.5,-15.99063
1388084218.75,-15.98545
1388084375.0,-15.98062
1388084531.25,-15.97519
1388084687.5,-15.9712
1388084843.75,-15.96645
1388085000.0,-15.96073
1388085156.25,-15.95448
1388085312.5,-15.95195
1388085468.75,-15.94646
1388085625.0,-15.94158
1388085781.25,-15.93691
1388085937.5,-15.93233
1388086093.75,-15.92819
1388086250.0,-15.92219
1388086406.25,-15.9174
1388086562.5,-15.9132
1388086718.75,-15.90822
1388086875.0,-15.9031
1388087031.25,-15.89776
1388087187.5,-15.89258
1388087343.75,-15.88885
1388087500.0,-15.88353
1388087656.25,-15.87828
1388087812.5,-15.87494
1388087968.75,-15.8697
1388088125.0,-15.86338
1388088281.25,-15.85892
1388088437.5,-15.85376
1388088593.75,-15.85079
1388088750.0,-15.84382
1388088906.25,-15.83901
1388089062.5,-15.83417
1388089218.75,-15.82963
1388089375.0,-15.82537
1388089531.25,-15.82039
1388089687.5,-15.81525
1388089843.75,-15.80997
1388090000.0,-15.80426
1388090156.25,-15.80062
1388090312.5,-15.79604
1388090468.75,-15.79141
1388090625.0,-15.78647
1388090781.25,-15.78185
1388090937.5,-15.77615
1388091093.75,-15.77087
1388091250.0,-15.76728
1388091406.25,-15.76228
1388091562.5,-15.7568
1388091718.75,-15.75252
1388091875.0,-15.74624
1388092031.25,-15.74224
1388092187.5,-15.73736
1388092343.75,-15.73207
1388092500.0,-15.72803
1388092656.25,-15.72234
1388092812.5,-15.71781
1388092968.75,-15.712
1388093125.0,-15.70848
1388093281.25,-15.70395
1388093437.5,-15.6978
1388093593.75,-15.69247
1388093750.0,-15.68847
1388093906.25,-15.68417
1388094062.5,-15.68
1388094218.75,-15.67471
1388094375.0,-15.66893
1388094531.25,-15.66524
1388094687.5,-15.65944
1388094843.75,-15.65375
1388095000.0,-15.64798
1388095156.25,-15.64587
1388095312.5,-15.63866
1388095468.75,-15.63399
1388095625.0,-15.63011
1388095781.25,-15.625
1388095937.5,-15.62042
1388096093.75,-15.61516
1388096250.0,-15.61127
1388096406.25,-15.60544
1388096562.5,-15.59965
1388096718.75,-15.59604
1388096875.0,-15.59198
1388097031.25,-15.58598
1388097187.5,-15.58157
1388097343.75,-15.57649
1388097500.0,-15.5699
1388097656.25,-15.5674
1388097812.5,-15.56158
1388097968.75,-15.55661
1388098125.0,-15.55253
1388098281.25,-15.54812
1388098437.5,-15.54069
1388098593.75,-15.53575
1388098750.0,-15.53253
1388098906.25,-15.52719
1388099062.5,-15.52285
1388099218.75,-15.51828
1388099375.0,-15.51209
1388099531.25,-15.50813
1388099687.5,-15.50178
1388099843.75,-15.4993
1388100000.0,-15.49377
1388100156.25,-15.48927
1388100312.5,-15.48383
1388100468.75,-15.4795
1388100625.0,-15.47352
1388100781.25,-15.46878
1388100937.5,-15.46534
1388101093.75,-15.46024
1388101250.0,-15.45517
1388101406.25,-15.45022
1388101562.5,-15.44409
1388101718.75,-15.44009
1388101875.0,-15.43519
1388102031.25,-15.42952
1388102187.5,-15.42486
1388102343.75,-15.41988
1388102500.0,-15.41656
1388102656.25,-15.40931
1388102812.5,-15.40557
1388102968.75,-15.40068
1388103125.0,-15.39594
1388103281.25,-15.39056
1388103437.5,-15.38613
1388103593.75,-15.37916
1388103750.0,-15.37552
1388103906.25,-15.37203
1388104062.5,-15.36522
1388104218.75,-15.36132
1388104375.0,-15.35581
1388104531.25,-15.35169
1388104687.5,-15.34755
1388104843.75,-15.34229
1388105000.0,-15.33784
1388105156.25,-15.33213
1388105312.5,-15.32745
1388105468.75,-15.3224
1388105625.0,-15.31705
1388105781.25,-15.31196
1388105937.5,-15.30737
1388106093.75,-15.30185
1388106250.0,-15.29821
1388106406.25,-15.29256
1388106562.5,-15.28722
1388106718.75,-15.28257
1388106875.0,-15.27855
1388107031.25,-15.27195
1388107187.5,-15.26734
1388107343.75,-15.26345
1388107500.0,-15.25839
1388107656.25,-15.25492
1388107812.5,-15.24838
1388107968.75,-15.24377
1388108125.0,-15.23905
1388108281.25,-15.23416
1388108437.5,-15.22831
1388108593.75,-15.22353
1388108750.0,-15.21891
1388108906.25,-15.21521
1388109062.5,-15.20992
1388109218.75,-15.2053
1388109375.0,-15.19977
1388109531.25,-15.19417
1388109687.5,-15.19042
1388109843.75,-15.18541
1388110000.0,-15.18092
1388110156.25,-15.17658
1388110312.5,-15.1717
1388110468.75,-15.16571
1388110625.0,-15.1613
1388110781.25,-15.15651
1388110937.5,-15.15223
1388111093.75,-15.14716
1388111250.0,-15.14154
1388111406.25,-15.13683
1388111562.5,-15.13089
1388111718.75,-15.12717
1388111875.0,-15.12097
1388112031.25,-15.11703
1388112187.5,-15.11206
1388112343.75,-15.10736
1388112500.0,-15.10237
1388112656.25,-15.09794
1388112812.5,-15.09255
1388112968.75,-15.08705
1388113125.0,-15.08295
1388113281.25,-15.07925
1388113437.5,-15.07346
1388113593.75,-15.06865
1388113750.0,-15.06337
1388113906.25,-15.05946
1388114062.5,-15.05503
1388114218.75,-15.04788
1388114375.0,-15.04372
1388114531.25,-15.03863
1388114687.5,-15.03577
1388114843.75,-15.02957
1388115000.0,-15.02511
1388115156.25,-15.02036
1388115312.5,-15.01568
1388115468.75,-15.00982
1388115625.0,-15.00559
1388115781.25,-15.00021
1388115937.5,-14.99571
1388116093.75,-14.99004
1388116250.0,-14.98574
1388116406.25,-14.98135
1388116562.5,-14.97629
1388116718.75,-14.97134
1388116875.0,-14.96685
1388117031.25,-14.96203
1388117187.5,-14.95604
1388117343.75,-14.95177
1388117500.0,-14.94747
1388117656.25,-14.94232
1388117812.5,-14.93735
1388117968.75,-14.93312
1388118125.0,-14.92786
1388118281.25,-14.92342
1388118437.5,-14.91934
1388118593.75,-14.91448
1388118750.0,-14.90823
1388118906.25,-14.90365
1388119062.5,-14.89889
1388119218.75,-14.89492
1388119375.0,-14.88837
1388119531.25,-14.88308
1388119687.5,-14.87957
1388119843.75,-14.87527
1388120000.0,-14.86857
1388120156.25,-14.86432
1388120312.5,-14.86069
1388120468.75,-14.85462
1388120625.0,-14.84992
1388120781.25,-14.84513
1388120937.5,-14.84044
1388121093.75,-14.83657
1388121250.0,-14.83078
1388121406.25,-14.82681
1388121562.5,-14.82022
1388121718.75,-14.81651
1388121875.0,-14.81227
1388122031.25,-14.80622
1388122187.5,-14.80153
1388122343.75,-14.79623
1388122500.0,-14.79179
1388122656.25,-14.78648
1388122812.5,-14.78191
1388122968.75,-14.77674
1388123125.0,-14.77309
1388123281.25,-14.76851
1388123437.5,-14.76191
1388123593.75,-14.75775
1388123750.0,-14.75342
1388123906.25,-14.74949
1388124062.5,-14.74381
1388124218.75,-14.73839
1388124375.0,-14.73569
1388124531.25,-14.72892
1388124687.5,-14.72408
1388124843.75,-14.71903
1388125000.0,-14.71524
1388125156.25,-14.70966
1388125312.5,-14.70525
1388125468.75,-14.70003
1388125625.0,-14.69609
1388125781.25,-14.69142
1388125937.5,-14.68698
1388126093.75,-14.68066
1388126250.0,-14.67739
1388126406.25,-14.67191
1388126562.5,-14.66683
1388126718.75,-14.66284
1388126875.0,-14.65742
1388127031.25,-14.65175
1388127187.5,-14.64741
1388127343.75,-14.64248
1388127500.0,-14.63857
1388127656.25,-14.63294
1388127812.5,-14.62841
1388127968.75,-14.62411
1388128125.0,-14.6192
1388128281.25,-14.61398
1388128437.5,-14.60946
1388128593.75,-14.60466
1388128750.0,-14.60042
1388128906.25,-14.59527
1388129062.5,-14.59027
1388129218.75,-14.58434
1388129375.0,-14.58053
1388129531.25,-14.57557
1388129687.5,-14.57063
1388129843.75,-14.56611
1388130000.0,-14.56164
1388130156.25,-14.55702
1388130312.5,-14.55203
1388130468.75,-14.54726
1388130625.0,-14.54293
1388130781.25,-14.538
1388130937.5,-14.53387
1388131093.75,-14.52847
1388131250.0,-14.52363
1388131406.25,-14.51905
1388131562.5,-14.51406
1388131718.75,-14.50897
1388131875.0,-14.50346
1388132031.25,-14.50055
1388132187.5,-14.49425
1388132343.75,-14.49034
1388132500.0,-14.48432
1388132656.25,-14.47961
1388132812.5,-14.47567
1388132968.75,-14.46986
1388133125.0,-14.46588
1388133281.25,-14.46243
1388133437.5,-14.45719
1388133593.75,-14.45175
1388133750.0,-14.44808
1388133906.25,-14.44347
1388134062.5,-14.4377
1388134218.75,-14.43476
1388134375.0,-14.42917
1388134531.25,-14.4229
1388134687.5,-14.41872
1388134843.75,-14.4148
1388135000.0,-14.40956
1388135156.25,-14.40506
1388135312.5,-14.40089
1388135468.75,-14.39535
1388135625.0,-14.39128
1388135781.25,-14.38651
1388135937.5,-14.38115
1388136093.75,-14.3772
1388136250.0,-14.37254
1388136406.25,-14.36755
1388136562.5,-14.36201
1388136718.75,-14.35737
1388136875.0,-14.35322
1388137031.25,-14.34843
1388137187.5,-14.34421
1388137343.75,-14.33887
1388137500.0,-14.33566
1388137656.25,-14.32997
1388137812.5,-14.32555
1388137968.75,-14.32085
1388138125.0,-14.31561
1388138281.25,-14.31075
1388138437.5,-14.3061
1388138593.75,-14.30162
1388138750.0,-14.29651
1388138906.25,-14.2929
1388139062.5,-14.28806
1388139218.75,-14.28324
1388139375.0,-14.27793
1388139531.25,-14.27251
1388139687.5,-14.26865
1388139843.75,-14.26492
1388140000.0,-14.26033
1388140156.25,-14.25626
1388140312.5,-14.25111
1388140468.75,-14.24655
1388140625.0,-14.2414
1388140781.25,-14.23726
1388140937.5,-14.2327
1388141093.75,-14.22692
1388141250.0,-14.22223
1388141406.25,-14.21957
1388141562.5,-14.21268
1388141718.75,-14.20942
1388141875.0,-14.20345
1388142031.25,-14.19852
1388142187.5,-14.19533
1388142343.75,-14.19029
1388142500.0,-14.18518
1388142656.25,-14.18213
1388142812.5,-14.17558
1388142968.75,-14.17194
1388143125.0,-14.16682
1388143281.25,-14.16135
1388143437.5,-14.15732
1388143593.75,-14.15397
1388143750.0,-14.148
1388143906.25,-14.14302
1388144062.5,-14.13988
1388144218.75,-14.13502
1388144375.0,-14.13198
1388144531.25,-14.12601
1388144687.5,-14.1228
1388144843.75,-14.11661
1388145000.0,-14.11267
1388145156.25,-14.10766
1388145312.5,-14.10316
1388145468.75,-14.09853
1388145625.0,-14.09343
1388145781.25,-14.08941
1388145937.5,-14.08465
1388146093.75,-14.07957
1388146250.0,-14.07617
1388146406.25,-14.07136
1388146562.5,-14.06595
1388146718.75,-14.06196
1388146875.0,-14.05758
1388147031.25,-14.05383
1388147187.5,-14.04765
1388147343.75,-14.04381
1388147500.0,-14.03889
1388147656.25,-14.03446
1388147812.5,-14.03012
1388147968.75,-14.0261
1388148125.0,-14.02089
1388148281.25,-14.01584
1388148437.5,-14.01182
1388148593.75,-14.00751
1388148750.0,-14.0027
1388148906.25,-13.99936
1388149062.5,-13.9943
1388149218.75,-13.98939
1388149375.0,-13.98532
1388149531.25,-13.98081
1388149687.5,-13.97595
1388149843.75,-13.97245
1388150000.0,-13.9673
1388150156.25,-13.96279
1388150312.5,-13.95786
1388150468.75,-13.95412
1388150625.0,-13.94931
1388150781.25,-13.94558
1388150937.5,-13.94118
1388151093.75,-13.93638
1388151250.0,-13.93105
1388151406.25,-13.92806
1388151562.5,-13.92176
1388151718.75,-13.91787
1388151875.0,-13.91388
1388152031.25,-13.90958
1388152187.5,-13.9051
1388152343.75,-13.90058
1388152500.0,-13.89527
1388152656.25,-13.89098
1388152812.5,-13.88599
1388152968.75,-13.8822
1388153125.0,-13.87745
1388153281.25,-13.87426
1388153437.5,-13.86889
1388153593.75,-13.86493
1388153750.0,-13.86022
1388153906.25,-13.85654
1388154062.5,-13.85132
1388154218.75,-13.84634
1388154375.0,-13.84236
1388154531.25,-13.83804
1388154687.5,-13.83501
1388154843.75,-13.82846
1388155000.0,-13.82525
1388155156.25,-13.82158
1388155312.5,-13.81663
1388155468.75,-13.81173
1388155625.0,-13.80798
1388155781.25,-13.80246
1388155937.5,-13.79885
1388156093.75,-13.79591
1388156250.0,-13.7897
1388156406.25,-13.78552
1388156562.5,-13.78212
1388156718.75,-13.777
1388156875.0,-13.77302
1388157031.25,-13.76875
1388157187.5,-13.76457
1388157343.75,-13.75943
1388157500.0,-13.75583
1388157656.25,-13.75144
1388157812.5,-13.74637
1388157968.75,-13.74313
1388158125.0,-13.73792
1388158281.25,-13.73385
1388158437.5,-13.72968
1388158593.75,-13.72461
1388158750.0,-13.72128
1388158906.25,-13.71689
1388159062.5,-13.71248
1388159218.75,-13.70784
1388159375.0,-13.70388
1388159531.25,-13.69974
1388159687.5,-13.69532
1388159843.75,-13.69113
1388160000.0,-13.68652
1388160156.25,-13.68263
1388160312.5,-13.67877
1388160468.75,-13.67372
1388160625.0,-13.6699
1388160781.25,-13.66572
1388160937.5,-13.66077
1388161093.75,-13.65826
1388161250.0,-13.65352
1388161406.25,-13.64827
1388161562.5,-13.64579
1388161718.75,-13.64036
1388161875.0,-13.63655
1388162031.25,-13.63225
1388162187.5,-13.6286
1388162343.75,-13.62278
1388162500.0,-13.61811
1388162656.25,-13.6152
1388162812.5,-13.61162
1388162968.75,-13.60691
1388163125.0,-13.60308
1388163281.25,-13.59805
1388163437.5,-13.59467
1388163593.75,-13.59062
1388163750.0,-13.5857
1388163906.25,-13.58163
1388164062.5,-13.57578
1388164218.75,-13.5728
1388164375.0,-13.56932
1388164531.25,-13.56433
1388164687.5,-13.5608
1388164843.75,-13.55748
1388165000.0,-13.55315
1388165156.25,-13.54868
1388165312.5,-13.54469
1388165468.75,-13.54003
1388165625.0,-13.53582
1388165781.25,-13.53224
1388165937.5,-13.52849
1388166093.75,-13.52417
1388166250.0,-13.52016
1388166406.25,-13.5164
1388166562.5,-13.51249
1388166718.75,-13.50723
1388166875.0,-13.5036
1388167031.25,-13.49978
1388167187.5,-13.49593
1388167343.75,-13.49063
1388167500.0,-13.48701
1388167656.25,-13.48312
1388167812.5,-13.47912
1388167968.75,-13.47689
1388168125.0,-13.47161
1388168281.25,-13.46774
1388168437.5,-13.4632
1388168593.75,-13.45942
1388168750.0,-13.4547
1388168906.25,-13.45053
1388169062.5,-13.4468
1388169218.75,-13.44323
1388169375.0,-13.43912
1388169531.25,-13.43498
1388169687.5,-13.43134
1388169843.75,-13.42697
1388170000.0,-13.4226
1388170156.25,-13.4182
1388170312.5,-13.41538
1388170468.75,-13.41074
1388170625.0,-13.40719
1388170781.25,-13.40367
1388170937.5,-13.40015
1388171093.75,-13.39631
1388171250.0,-13.39135
1388171406.25,-13.38787
1388171562.5,-13.38364
1388171718.75,-13.37943
1388171875.0,-13.37548
1388172031.25,-13.37156
1388172187.5,-13.368
1388172343.75,-13.36371
1388172500.0,-13.36024
1388172656.25,-13.35668
1388172812.5,-13.3524
1388172968.75,-13.34898
1388173125.0,-13.34493
1388173281.25,-13.34113
1388173437.5,-13.33752
1388173593.75,-13.33261
1388173750.0,-13.32968
1388173906.25,-13.32562
1388174062.5,-13.32141
1388174218.75,-13.31804
1388174375.0,-13.31445
1388174531.25,-13.3106
1388174687.5,-13.30616
1388174843.75,-13.30248
1388175000.0,-13.29808
1388175156.25,-13.29509
1388175312.5,-13.29234
1388175468.75,-13.28725
1388175625.0,-13.28387
1388175781.25,-13.27932
1388175937.5,-13.27576
1388176093.75,-13.27205
1388176250.0,-13.26939
1388176406.25,-13.26565
1388176562.5,-13.26155
1388176718.75,-13.25761
1388176875.0,-13.25341
1388177031.25,-13.24917
1388177187.5,-13.2467
1388177343.75,-13.24279
1388177500.0,-13.23894
1388177656.25,-13.23524
1388177812.5,-13.23166
1388177968.75,-13.22787
1388178125.0,-13.22415
1388178281.25,-13.22024
1388178437.5,-13.21671
1388178593.75,-13.21336
1388178750.0,-13.20935
1388178906.25,-13.20506
1388179062.5,-13.20178
1388179218.75,-13.19802
1388179375.0,-13.19506
1388179531.25,-13.19101
1388179687.5,-13.18706
1388179843.75,-13.18358
1388180000.0,-13.17989
1388180156.25,-13.17592
1388180312.5,-13.17254
1388180468.75,-13.16994
1388180625.0,-13.16546
1388180781.25,-13.16198
1388180937.5,-13.15909
1388181093.75,-13.15603
1388181250.0,-13.1514
1388181406.25,-13.14799
1388181562.5,-13.14446
1388181718.75,-13.14055
1388181875.0,-13.13756
1388182031.25,-13.13379
1388182187.5,-13.12975
1388182343.75,-13.12667
1388182500.0,-13.12376
1388182656.25,-13.12014
1388182812.5,-13.11669
1388182968.75,-13.11331
1388183125.0,-13.10952
1388183281.25,-13.10604
1388183437.5,-13.10202
1388183593.75,-13.09899
1388183750.0,-13.09515
1388183906.25,-13.0919
1388184062.5,-13.08915
1388184218.75,-13.0851
1388184375.0,-13.08177
1388184531.25,-13.07758
1388184687.5,-13.07431
1388184843.75,-13.07127
1388185000.0,-13.06663
1388185156.25,-13.06423
1388185312.5,-13.06138
1388185468.75,-13.05775
1388185625.0,-13.05396
1388185781.25,-13.05129
1388185937.5,-13.047
1388186093.75,-13.044
1388186250.0,-13.0412
1388186406.25,-13.03685
1388186562.5,-13.03475
1388186718.75,-13.03064
1388186875.0,-13.02772
1388187031.25,-13.02387
1388187187.5,-13.02109
1388187343.75,-13.01852
1388187500.0,-13.01506
1388187656.25,-13.01124
1388187812.5,-13.00775
1388187968.75,-13.00388
1388188125.0,-13.00208
1388188281.25,-12.99835
1388188437.5,-12.99422
1388188593.75,-12.99177
1388188750.0,-12.98808
1388188906.25,-12.98504
1388189062.5,-12.98147
1388189218.75,-12.97891
1388189375.0,-12.97516
1388189531.25,-12.97308
1388189687.5,-12.96943
1388189843.75,-12.96646
1388190000.0,-12.96375
1388190156.25,-12.95924
1388190312.5,-12.95582
1388190468.75,-12.9533
1388190625.0,-12.95016
1388190781.25,-12.94657
1388190937.5,-12.94396
1388191093.75,-12.94051
1388191250.0,-12.93814
1388191406.25,-12.93461
1388191562.5,-12.93202
1388191718.75,-12.92784
1388191875.0,-12.92383
1388192031.25,-12.92212
1388192187.5,-12.919
1388192343.75,-12.91513
1388192500.0,-12.91252
1388192656.25,-12.90949
1388192812.5,-12.90625
1388192968.75,-12.90302
1388193125.0,-12.90117
1388193281.25,-12.89763
1388193437.5,-12.89364
1388193593.75,-12.89201
1388193750.0,-12.88855
1388193906.25,-12.88495
1388194062.5,-12.88176
1388194218.75,-12.8798
1388194375.0,-12.87669
1388194531.25,-12.8728
1388194687.5,-12.87071
1388194843.75,-12.86736
1388195000.0,-12.86512
1388195156.25,-12.86127
1388195312.5,-12.8584
1388195468.75,-12.85564
1388195625.0,-12.85318
1388195781.25,-12.85021
1388195937.5,-12.84711
1388196093.75,-12.84463
1388196250.0,-12.842
1388196406.25,-12.8385
1388196562.5,-12.8359
1388196718.75,-12.83262
1388196875.0,-12.83104
1388197031.25,-12.82729
1388197187.5,-12.82421
1388197343.75,-12.82193
1388197500.0,-12.81856
1388197656.25,-12.81599
1388197812.5,-12.81375
1388197968.75,-12.81138
1388198125.0,-12.80766
1388198281.25,-12.80495
1388198437.5,-12.80169
1388198593.75,-12.79933
1388198750.0,-12.7962
1388198906.25,-12.79381
1388199062.5,-12.79098
1388199218.75,-12.78898
1388199375.0,-12.78597
1388199531.25,-12.78342
1388199687.5,-12.78011
1388199843.75,-12.77828
1388200000.0,-12.77423
1388200156.25,-12.77196
1388200312.5,-12.76899
1388200468.75,-12.76745
1388200625.0,-12.76469
1388200781.25,-12.76116
1388200937.5,-12.75851
1388201093.75,-12.75649
1388201250.0,-12.75433
1388201406.25,-12.75133
1388201562.5,-12.74826
1388201718.75,-12.74697
1388201875.0,-12.744
1388202031.25,-12.73975
1388202187.5,-12.73763
1388202343.75,-12.73577
1388202500.0,-12.7325
1388202656.25,-12.7302
1388202812.5,-12.72754
1388202968.75,-12.72534
1388203125.0,-12.72268
1388203281.25,-12.72098
1388203437.5,-12.71806
1388203593.75,-12.71467
1388203750.0,-12.71359
1388203906.25,-12.71053
1388204062.5,-12.70798
1388204218.75,-12.706
1388204375.0,-12.70384
1388204531.25,-12.70044
1388204687.5,-12.69726
1388204843.75,-12.69507
1388205000.0,-12.69416
1388205156.25,-12.69139
1388205312.5,-12.68931
1388205468.75,-12.68704
1388205625.0,-12.68449
1388205781.25,-12.68177
1388205937.5,-12.67999
1388206093.75,-12.67711
1388206250.0,-12.67532
1388206406.25,-12.67228
1388206562.5,-12.67083
1388206718.75,-12.66774
1388206875.0,-12.66616
1388207031.25,-12.66298
1388207187.5,-12.66194
1388207343.75,-12.65939
1388207500.0,-12.65657
1388207656.25,-12.65365
1388207812.5,-12.65238
1388207968.75,-12.64887
1388208125.0,-12.64795
1388208281.25,-12.64589
1388208437.5,-12.6434
1388208593.75,-12.64023
1388208750.0,-12.64076
1388208906.25,-12.63589
1388209062.5,-12.63482
1388209218.75,-12.63291
1388209375.0,-12.63024
1388209531.25,-12.62801
1388209687.5,-12.62618
1388209843.75,-12.62402
1388210000.0,-12.6218
1388210156.25,-12.61977
1388210312.5,-12.61674
1388210468.75,-12.61502
1388210625.0,-12.61313
1388210781.25,-12.61122
1388210937.5,-12.60985
1388211093.75,-12.6076
1388211250.0,-12.60516
1388211406.25,-12.60335
1388211562.5,-12.60171
1388211718.75,-12.59937
1388211875.0,-12.59756
1388212031.25,-12.59583
1388212187.5,-12.59264
1388212343.75,-12.59182
1388212500.0,-12.58907
1388212656.25,-12.58757
1388212812.5,-12.58595
1388212968.75,-12.58363
1388213125.0,-12.58093
1388213281.25,-12.58056
1388213437.5,-12.57672
1388213593.75,-12.57654
1388213750.0,-12.57377
1388213906.25,-12.57231
1388214062.5,-12.57009
1388214218.75,-12.56776
1388214375.0,-12.56688
1388214531.25,-12.56537
1388214687.5,-12.56327
1388214843.75,-12.56082
1388215000.0,-12.55952
1388215156.25,-12.55827
1388215312.5,-12.55614
1388215468.75,-12.5544
1388215625.0,-12.55296
1388215781.25,-12.54997
1388215937.5,-12.5484
1388216093.75,-12.54776
1388216250.0,-12.54603
1388216406.25,-12.54432
1388216562.5,-12.54245
1388216718.75,-12.5405
1388216875.0,-12.53903
1388217031.25,-12.53638
1388217187.5,-12.53483
1388217343.75,-12.53391
1388217500.0,-12.53243
1388217656.25,-12.53008
1388217812.5,-12.52804
1388217968.75,-12.52716
1388218125.0,-12.52577
1388218281.25,-12.52346
1388218437.5,-12.5219
1388218593.75,-12.52128
1388218750.0,-12.51967
1388218906.25,-12.51832
1388219062.5,-12.51672
1388219218.75,-12.51496
1388219375.0,-12.51255
1388219531.25,-12.51221
1388219687.5,-12.51062
1388219843.75,-12.50882
1388220000.0,-12.50743
1388220156.25,-12.50508
1388220312.5,-12.50457
1388220468.75,-12.50319
1388220625.0,-12.50139
1388220781.25,-12.49944
1388220937.5,-12.49759
1388221093.75,-12.49726
1388221250.0,-12.49522
1388221406.25,-12.4934
1388221562.5,-12.49269
1388221718.75,-12.49178
1388221875.0,-12.49039
1388222031.25,-12.48909
1388222187.5,-12.48765
1388222343.75,-12.48661
1388222500.0,-12.48563
1388222656.25,-12.48398
1388222812.5,-12.48229
1388222968.75,-12.4805
1388223125.0,-12.47972
1388223281.25,-12.47949
1388223437.5,-12.47779
1388223593.75,-12.47657
1388223750.0,-12.47434
1388223906.25,-12.47349
1388224062.5,-12.47169
1388224218.75,-12.47059
1388224375.0,-12.46954
1388224531.25,-12.4691
1388224687.5,-12.46747
1388224843.75,-12.46607
1388225000.0,-12.46648
1388225156.25,-12.46461
1388225312.5,-12.46249
1388225468.75,-12.46212
1388225625.0,-12.46023
1388225781.25,-12.46026
1388225937.5,-12.45753
1388226093.75,-12.45867
1388226250.0,-12.45684
1388226406.25,-12.4548
1388226562.5,-12.45464
1388226718.75,-12.45289
1388226875.0,-12.45246
1388227031.25,-12.45087
1388227187.5,-12.44982
1388227343.75,-12.44853
1388227500.0,-12.44859
1388227656.25,-12.44678
1388227812.5,-12.44652
1388227968.75,-12.44556
1388228125.0,-12.44391
1388228281.25,-12.44406
1388228437.5,-12.44323
1388228593.75,-12.44196
1388228750.0,-12.44107
1388228906.25,-12.44005
1388229062.5,-12.43889
1388229218.75,-12.43892
1388229375.0,-12.43793
1388229531.25,-12.43614
1388229687.5,-12.43637
1388229843.75,-12.43513
1388230000.0,-12.43478
1388230156.25,-12.43373
1388230312.5,-12.43314
1388230468.75,-12.43225
1388230625.0,-12.43132
1388230781.25,-12.43046
1388230937.5,-12.43048
1388231093.75,-12.42909
1388231250.0,-12.42889
1388231406.25,-12.42756
1388231562.5,-12.42775
1388231718.75,-12.42686
1388231875.0,-12.42443
1388232031.25,-12.42424
1388232187.5,-12.42437
1388232343.75,-12.4237
1388232500.0,-12.42316
1388232656.25,-12.42315
1388232812.5,-12.42159
1388232968.75,-12.4216
1388233125.0,-12.41996
1388233281.25,-12.42005
1388233437.5,-12.41938
1388233593.75,-12.41859
1388233750.0,-12.41888
1388233906.25,-12.41758
1388234062.5,-12.41737
1388234218.75,-12.41552
1388234375.0,-12.41442
1388234531.25,-12.41593
1388234687.5,-12.41426
1388234843.75,-12.41548
1388235000.0,-12.41418
1388235156.25,-12.41323
1388235312.5,-12.4127
1388235468.75,-12.41331
1388235625.0,-12.41402
1388235781.25,-12.41232
1388235937.5,-12.41205
1388236093.75,-12.41067
1388236250.0,-12.41128
1388236406.25,-12.41061
1388236562.5,-12.40969
1388236718.75,-12.40892
1388236875.0,-12.40879
1388237031.25,-12.40889
1388237187.5,-12.40834
1388237343.75,-12.40767
1388237500.0,-12.40769
1388237656.25,-12.4079
1388237812.5,-12.40822
1388237968.75,-12.40682
1388238125.0,-12.40672
1388238281.25,-12.4072
1388238437.5,-12.40774
1388238593.75,-12.40632
1388238750.0,-12.40649
1388238906.25,-12.40531
1388239062.5,-12.40594
1388239218.75,-12.40571
1388239375.0,-12.4054
1388239531.25,-12.40481
1388239687.5,-12.40526
1388239843.75,-12.40524
1388240000.0,-12.40421
1388240156.25,-12.40525
1388240312.5,-12.40506
1388240468.75,-12.40489
1388240625.0,-12.40456
1388240781.25,-12.40451
1388240937.5,-12.40525
1388241093.75,-12.40512
1388241250.0,-12.40406
1388241406.25,-12.40386
1388241562.5,-12.40503
1388241718.75,-12.40462
1388241875.0,-12.40575
1388242031.25,-12.40493
1388242187.5,-12.40409
1388242343.75,-12.40407
1388242500.0,-12.40469
1388242656.25,-12.40495
1388242812.5,-12.40493
1388242968.75,-12.40545
1388243125.0,-12.40598
1388243281.25,-12.4046
1388243437.5,-12.40546
1388243593.75,-12.40609
1388243750.0,-12.4061
1388243906.25,-12.40632
1388244062.5,-12.40429
1388244218.75,-12.40515
1388244375.0,-12.40662
1388244531.25,-12.40636
1388244687.5,-12.40759
1388244843.75,-12.4081
1388245000.0,-12.40821
1388245156.25,-12.40816
1388245312.5,-12.40773
1388245468.75,-12.40861
1388245625.0,-12.40896
1388245781.25,-12.40865
1388245937.5,-12.40858
1388246093.75,-12.40888
1388246250.0,-12.41001
1388246406.25,-12.4104
1388246562.5,-12.41068
1388246718.75,-12.41115
1388246875.0,-12.4107
1388247031.25,-12.41194
1388247187.5,-12.41127
1388247343.75,-12.41237
1388247500.0,-12.41272
1388247656.25,-12.41274
1388247812.5,-12.41347
1388247968.75,-12.41403
1388248125.0,-12.41325
1388248281.25,-12.41479
1388248437.5,-12.41534
1388248593.75,-12.41735
1388248750.0,-12.4163
1388248906.25,-12.41701
1388249062.5,-12.4181
1388249218.75,-12.41858
1388249375.0,-12.41859
1388249531.25,-12.41912
1388249687.5,-12.41922
1388249843.75,-12.42003
1388250000.0,-12.42067
1388250156.25,-12.42175
1388250312.5,-12.42232
1388250468.75,-12.42188
1388250625.0,-12.42292
1388250781.25,-12.42426
1388250937.5,-12.42461
1388251093.75,-12.42467
1388251250.0,-12.42609
1388251406.25,-12.42683
1388251562.5,-12.42739
1388251718.75,-12.42884
1388251875.0,-12.42855
1388252031.25,-12.42971
1388252187.5,-12.43091
1388252343.75,-12.43092
1388252500.0,-12.43207
1388252656.25,-12.43299
1388252812.5,-12.43325
1388252968.75,-12.43404
1388253125.0,-12.4351
1388253281.25,-12.43492
1388253437.5,-12.43704
1388253593.75,-12.4375
1388253750.0,-12.43771
1388253906.25,-12.43899
1388254062.5,-12.4394
1388254218.75,-12.4417
1388254375.0,-12.44172
1388254531.25,-12.44212
1388254687.5,-12.44351
1388254843.75,-12.4446
1388255000.0,-12.4459
1388255156.25,-12.44643
1388255312.5,-12.44774
1388255468.75,-12.44821
1388255625.0,-12.45035
1388255781.25,-12.44995
1388255937.5,-12.45087
1388256093.75,-12.45302
1388256250.0,-12.45407
1388256406.25,-12.45387
1388256562.5,-12.45593
1388256718.75,-12.45585
1388256875.0,-12.45692
1388257031.25,-12.45779
1388257187.5,-12.45905
1388257343.75,-12.46054
1388257500.0,-12.46231
1388257656.25,-12.46242
1388257812.5,-12.46387
1388257968.75,-12.46494
1388258125.0,-12.46608
1388258281.25,-12.46736
1388258437.5,-12.46881
1388258593.75,-12.47017
1388258750.0,-12.47091
1388258906.25,-12.47158
1388259062.5,-12.47273
1388259218.75,-12.47509
1388259375.0,-12.47646
1388259531.25,-12.47655
1388259687.5,-12.4781
1388259843.75,-12.48024
1388260000.0,-12.48065
1388260156.25,-12.48117
1388260312.5,-12.48353
1388260468.75,-12.48499
1388260625.0,-12.48636
1388260781.25,-12.48693
1388260937.5,-12.48833
1388261093.75,-12.4904
1388261250.0,-12.49178
1388261406.25,-12.49276
1388261562.5,-12.49398
1388261718.75,-12.49554
1388261875.0,-12.49691
1388262031.25,-12.49829
1388262187.5,-12.5005
1388262343.75,-12.5012
1388262500.0,-12.50253
1388262656.25,-12.50492
1388262812.5,-12.50559
1388262968.75,-12.50676
1388263125.0,-12.5081
1388263281.25,-12.51006
1388263437.5,-12.51191
1388263593.75,-12.51271
1388263750.0,-12.51376
1388263906.25,-12.51531
1388264062.5,-12.51695
1388264218.75,-12.51906
1388264375.0,-12.52092
1388264531.25,-12.52208
1388264687.5,-12.52426
1388264843.75,-12.52499
1388265000.0,-12.52658
1388265156.25,-12.5295
1388265312.5,-12.5299
1388265468.75,-12.53039
1388265625.0,-12.53377
1388265781.25,-12.53463
1388265937.5,-12.53688
1388266093.75,-12.53891
1388266250.0,-12.53903
1388266406.25,-12.54163
1388266562.5,-12.54333
1388266718.75,-12.54466
1388266875.0,-12.54714
1388267031.25,-12.54821
1388267187.5,-12.54973
1388267343.75,-12.55121
1388267500.0,-12.55433
1388267656.25,-12.55657
1388267812.5,-12.55812
1388267968.75,-12.55912
1388268125.0,-12.56115
1388268281.25,-12.56396
1388268437.5,-12.56457
1388268593.75,-12.56623
1388268750.0,-12.5691
1388268906.25,-12.57039
1388269062.5,-12.57129
1388269218.75,-12.57309
1388269375.0,-12.575
1388269531.25,-12.57797
1388269687.5,-12.57973
1388269843.75,-12.58119
1388270000.0,-12.58296
1388270156.25,-12.58551
1388270312.5,-12.58665
1388270468.75,-12.58915
1388270625.0,-12.59127
1388270781.25,-12.59235
1388270937.5,-12.59498
1388271093.75,-12.59592
1388271250.0,-12.59911
1388271406.25,-12.60016
1388271562.5,-12.60245
1388271718.75,-12.60501
1388271875.0,-12.60683
1388272031.25,-12.60802
1388272187.5,-12.61074
1388272343.75,-12.61341
1388272500.0,-12.61523
1388272656.25,-12.61745
1388272812.5,-12.61943
1388272968.75,-12.62053
1388273125.0,-12.62392
1388273281.25,-12.62565
1388273437.5,-12.62735
1388273593.75,-12.62996
1388273750.0,-12.63047
1388273906.25,-12.63382
1388274062.5,-12.63675
1388274218.75,-12.63862
1388274375.0,-12.64137
1388274531.25,-12.64306
1388274687.5,-12.64524
1388274843.75,-12.64794
1388275000.0,-12.64987
1388275156.25,-12.65136
1388275312.5,-12.65355
1388275468.75,-12.65644
1388275625.0,-12.65781
1388275781.25,-12.66057
1388275937.5,-12.66378
1388276093.75,-12.66442
1388276250.0,-12.66755
1388276406.25,-12.67024
1388276562.5,-12.67234
1388276718.75,-12.67508
1388276875.0,-12.67737
1388277031.25,-12.67894
1388277187.5,-12.68151
1388277343.75,-12.68329
1388277500.0,-12.68642
1388277656.25,-12.68762
1388277812.5,-12.69102
1388277968.75,-12.69337
1388278125.0,-12.69652
1388278281.25,-12.69852
1388278437.5,-12.70098
1388278593.75,-12.70193
1388278750.0,-12.70507
1388278906.25,-12.70728
1388279062.5,-12.71071
1388279218.75,-12.71267
1388279375.0,-12.71566
1388279531.25,-12.71734
1388279687.5,-12.71932
1388279843.75,-12.72199
1388280000.0,-12.72456
1388280156.25,-12.72781
1388280312.5,-12.73058
1388280468.75,-12.733
1388280625.0,-12.73475
1388280781.25,-12.73721
1388280937.5,-12.73977
1388281093.75,-12.74248
1388281250.0,-12.74591
1388281406.25,-12.74744
1388281562.5,-12.7509
1388281718.75,-12.75359
1388281875.0,-12.75597
1388282031.25,-12.75832
1388282187.5,-12.76049
1388282343.75,-12.7633
1388282500.0,-12.76675
1388282656.25,-12.76938
1388282812.5,-12.77176
1388282968.75,-12.77528
1388283125.0,-12.77662
1388283281.25,-12.77982
1388283437.5,-12.78314
1388283593.75,-12.78469
1388283750.0,-12.7877
1388283906.25,-12.78992
1388284062.5,-12.79358
1388284218.75,-12.79549
1388284375.0,-12.79814
1388284531.25,-12.80075
1388284687.5,-12.80416
1388284843.75,-12.80657
1388285000.0,-12.80965
1388285156.25,-12.81231
1388285312.5,-12.81518
1388285468.75,-12.81807
1388285625.0,-12.821
1388285781.25,-12.82384
1388285937.5,-12.82619
1388286093.75,-12.83
1388286250.0,-12.83194
1388286406.25,-12.83556
1388286562.5,-12.83875
1388286718.75,-12.84152
1388286875.0,-12.8446
1388287031.25,-12.84624
1388287187.5,-12.84916
1388287343.75,-12.85252
1388287500.0,-12.85523
1388287656.25,-12.85879
1388287812.5,-12.86098
1388287968.75,-12.86399
1388288125.0,-12.86641
1388288281.25,-12.86971
1388288437.5,-12.87333
1388288593.75,-12.87517
1388288750.0,-12.87893
1388288906.25,-12.88193
1388289062.5,-12.88462
1388289218.75,-12.88795
1388289375.0,-12.89104
1388289531.25,-12.8939
1388289687.5,-12.89659
1388289843.75,-12.90016
1388290000.0,-12.90295
1388290156.25,-12.90508
1388290312.5,-12.90897
1388290468.75,-12.91087
1388290625.0,-12.91532
1388290781.25,-12.91847
1388290937.5,-12.92158
1388291093.75,-12.92412
1388291250.0,-12.9272
1388291406.25,-12.92999
1388291562.5,-12.93364
1388291718.75,-12.93556
1388291875.0,-12.93991
1388292031.25,-12.94283
1388292187.5,-12.9458
1388292343.75,-12.9491
1388292500.0,-12.95201
1388292656.25,-12.95639
1388292812.5,-12.95715
1388292968.75,-12.96129
1388293125.0,-12.96562
1388293281.25,-12.96819
1388293437.5,-12.97038
1388293593.75,-12.97532
1388293750.0,-12.97825
1388293906.25,-12.9808
1388294062.5,-12.98386
1388294218.75,-12.98677
1388294375.0,-12.99125
1388294531.25,-12.99351
1388294687.5,-12.99686
1388294843.75,-12.99944
1388295000.0,-13.00475
1388295156.25,-13.00748
1388295312.5,-13.009
1388295468.75,-13.01383
1388295625.0,-13.01661
1388295781.25,-13.01971
1388295937.5,-13.02272
1388296093.75,-13.0266
1388296250.0,-13.03057
1388296406.25,-13.03177
1388296562.5,-13.03669
1388296718.75,-13.04014
1388296875.0,-13.04387
1388297031.25,-13.04657
1388297187.5,-13.05009
1388297343.75,-13.05294
1388297500.0,-13.0566
1388297656.25,-13.06049
1388297812.5,-13.06287
1388297968.75,-13.06676
1388298125.0,-13.07145
1388298281.25,-13.07342
1388298437.5,-13.07726
1388298593.75,-13.07996
1388298750.0,-13.08517
1388298906.25,-13.08666
1388299062.5,-13.09187
1388299218.75,-13.0936
1388299375.0,-13.0966
1388299531.25,-13.10073
1388299687.5,-13.10445
1388299843.75,-13.10783
1388300000.0,-13.11227
1388300156.25,-13.11504
1388300312.5,-13.11846
1388300468.75,-13.12199
1388300625.0,-13.12638
1388300781.25,-13.12928
1388300937.5,-13.13217
1388301093.75,-13.13628
1388301250.0,-13.13965
1388301406.25,-13.14349
1388301562.5,-13.14723
1388301718.75,-13.15045
1388301875.0,-13.15379
1388302031.25,-13.15718
1388302187.5,-13.1613
1388302343.75,-13.16491
1388302500.0,-13.16861
1388302656.25,-13.17203
1388302812.5,-13.17603
1388302968.75,-13.17849
1388303125.0,-13.18342
1388303281.25,-13.18747
1388303437.5,-13.18945
1388303593.75,-13.19419
1388303750.0,-13.19705
1388303906.25,-13.20124
1388304062.5,-13.20532
1388304218.75,-13.20841
1388304375.0,-13.21159
1388304531.25,-13.21594
1388304687.5,-13.21919
1388304843.75,-13.22377
1388305000.0,-13.22622
1388305156.25,-13.23044
1388305312.5,-13.2334
1388305468.75,-13.23699
1388305625.0,-13.24191
1388305781.25,-13.24502
1388305937.5,-13.24826
1388306093.75,-13.25246
1388306250.0,-13.25653
1388306406.25,-13.26033
1388306562.5,-13.26335
1388306718.75,-13.26704
1388306875.0,-13.27117
1388307031.25,-13.27483
1388307187.5,-13.27878
1388307343.75,-13.2826
1388307500.0,-13.28621
1388307656.25,-13.28958
1388307812.5,-13.29397
1388307968.75,-13.2977
1388308125.0,-13.30098
1388308281.25,-13.30474
1388308437.5,-13.30917
1388308593.75,-13.3128
1388308750.0,-13.31672
1388308906.25,-13.32094
1388309062.5,-13.32522
1388309218.75,-13.32814
1388309375.0,-13.33249
1388309531.25,-13.33563
1388309687.5,-13.33976
1388309843.75,-13.3439
1388310000.0,-13.3477
1388310156.25,-13.35007
1388310312.5,-13.35497
1388310468.75,-13.35839
1388310625.0,-13.36212
1388310781.25,-13.36662
1388310937.5,-13.37054
1388311093.75,-13.37503
1388311250.0,-13.37797
1388311406.25,-13.38119
1388311562.5,-13.38668
1388311718.75,-13.38952
1388311875.0,-13.39361
1388312031.25,-13.39751
1388312187.5,-13.40217
1388312343.75,-13.40591
1388312500.0,-13.40982
1388312656.25,-13.41479
1388312812.5,-13.4172
1388312968.75,-13.42088
1388313125.0,-13.42557
1388313281.25,-13.43025
1388313437.5,-13.4331
1388313593.75,-13.43869
1388313750.0,-13.44099
1388313906.25,-13.44567
1388314062.5,-13.45012
1388314218.75,-13.45294
1388314375.0,-13.45811
1388314531.25,-13.46167
1388314687.5,-13.46537
1388314843.75,-13.46971
1388315000.0,-13.47437
1388315156.25,-13.47815
1388315312.5,-13.48106
1388315468.75,-13.4854
1388315625.0,-13.48984
1388315781.25,-13.49428
1388315937.5,-13.49858
1388316093.75,-13.49989
1388316250.0,-13.50625
1388316406.25,-13.50965
1388316562.5,-13.5136
1388316718.75,-13.51805
1388316875.0,-13.5208
1388317031.25,-13.52654
1388317187.5,-13.52997
1388317343.75,-13.53423
1388317500.0,-13.53776
1388317656.25,-13.54291
1388317812.5,-13.54682
1388317968.75,-13.54952
1388318125.0,-13.55517
1388318281.25,-13.55914
1388318437.5,-13.56382
1388318593.75,-13.56686
1388318750.0,-13.57155
1388318906.25,-13.57424
1388319062.5,-13.58021
1388319218.75,-13.58453
1388319375.0,-13.58833
1388319531.25,-13.59217
1388319687.5,-13.59615
1388319843.75,-13.59985
1388320000.0,-13.60491
1388320156.25,-13.60889
1388320312.5,-13.6126
1388320468.75,-13.6179
1388320625.0,-13.62074
1388320781.25,-13.62517
1388320937.5,-13.6288
1388321093.75,-13.63422
1388321250.0,-13.63758
1388321406.25,-13.64289
1388321562.5,-13.64636
1388321718.75,-13.65046
1388321875.0,-13.65478
1388322031.25,-13.65831
1388322187.5,-13.66327
1388322343.75,-13.66794
1388322500.0,-13.67185
1388322656.25,-13.67711
1388322812.5,-13.68123
1388322968.75,-13.68456
1388323125.0,-13.68857
1388323281.25,-13.69414
1388323437.5,-13.69745
1388323593.75,-13.70274
1388323750.0,-13.70703
1388323906.25,-13.71067
1388324062.5,-13.71507
1388324218.75,-13.71923
1388324375.0,-13.72341
1388324531.25,-13.72793
1388324687.5,-13.73315
1388324843.75,-13.73699
1388325000.0,-13.74044
1388325156.25,-13.74471
1388325312.5,-13.75007
1388325468.75,-13.75317
1388325625.0,-13.75733
1388325781.25,-13.76129
1388325937.5,-13.76596
1388326093.75,-13.77118
1388326250.0,-13.77424
1388326406.25,-13.77738
1388326562.5,-13.78365
1388326718.75,-13.78799
1388326875.0,-13.79248
1388327031.25,-13.79657
1388327187.5,-13.80141
1388327343.75,-13.80598
1388327500.0,-13.80955
1388327656.25,-13.81421
1388327812.5,-13.81797
1388327968.75,-13.8233
1388328125.0,-13.82784
1388328281.25,-13.83153
1388328437.5,-13.83671
1388328593.75,-13.84082
1388328750.0,-13.84509
1388328906.25,-13.84966
1388329062.5,-13.85364
1388329218.75,-13.85714
1388329375.0,-13.86294
1388329531.25,-13.86674
1388329687.5,-13.87224
1388329843.75,-13.87563
1388330000.0,-13.88008
1388330156.25,-13.88423
1388330312.5,-13.88882
1388330468.75,-13.89368
1388330625.0,-13.89832
1388330781.25,-13.90233
1388330937.5,-13.90564
1388331093.75,-13.91133
1388331250.0,-13.91576
1388331406.25,-13.91953
1388331562.5,-13.92452
1388331718.75,-13.92913
1388331875.0,-13.93235
1388332031.25,-13.93828
1388332187.5,-13.94239
1388332343.75,-13.94638
1388332500.0,-13.95157
1388332656.25,-13.95587
1388332812.5,-13.9611
1388332968.75,-13.96518
1388333125.0,-13.96963
1388333281.25,-13.97324
1388333437.5,-13.97817
1388333593.75,-13.98276
1388333750.0,-13.9866
1388333906.25,-13.99141
1388334062.5,-13.99567
1388334218.75,-14.0003
1388334375.0,-14.00585
1388334531.25,-14.01038
1388334687.5,-14.01396
1388334843.75,-14.0193
1388335000.0,-14.02261
1388335156.25,-14.02721
1388335312.5,-14.03135
1388335468.75,-14.03773
1388335625.0,-14.04046
1388335781.25,-14.04586
1388335937.5,-14.05028
1388336093.75,-14.05529
1388336250.0,-14.05905
1388336406.25,-14.06434
1388336562.5,-14.06874
1388336718.75,-14.07268
1388336875.0,-14.07798
1388337031.25,-14.08209
1388337187.5,-14.08575
1388337343.75,-14.09031
1388337500.0,-14.095
1388337656.25,-14.09953
1388337812.5,-14.10501
1388337968.75,-14.10868
1388338125.0,-14.11391
1388338281.25,-14.11876
1388338437.5,-14.12317
1388338593.75,-14.12634
1388338750.0,-14.13308
1388338906.25,-14.13638
1388339062.5,-14.1428
1388339218.75,-14.14649
1388339375.0,-14.15077
1388339531.25,-14.15511
1388339687.5,-14.15987
1388339843.75,-14.16492
1388340000.0,-14.16854
1388340156.25,-14.17421
1388340312.5,-14.17865
1388340468.75,-14.18308
1388340625.0,-14.18782
1388340781.25,-14.1926
1388340937.5,-14.19717
1388341093.75,-14.20151
1388341250.0,-14.20577
1388341406.25,-14.21084
1388341562.5,-14.216
1388341718.75,-14.2199
1388341875.0,-14.22433
1388342031.25,-14.22956
1388342187.5,-14.23252
1388342343.75,-14.23834
1388342500.0,-14.24318
1388342656.25,-14.24686
1388342812.5,-14.25283
1388342968.75,-14.25673
1388343125.0,-14.26214
1388343281.25,-14.2661
1388343437.5,-14.27118
1388343593.75,-14.274
1388343750.0,-14.27989
1388343906.25,-14.28488
1388344062.5,-14.28885
1388344218.75,-14.29452
1388344375.0,-14.29875
1388344531.25,-14.3032
1388344687.5,-14.30868
1388344843.75,-14.3124
1388345000.0,-14.31756
1388345156.25,-14.32179
1388345312.5,-14.32629
1388345468.75,-14.33053
1388345625.0,-14.33519
1388345781.25,-14.34118
1388345937.5,-14.3443
1388346093.75,-14.35041
1388346250.0,-14.35446
1388346406.25,-14.35878
1388346562.5,-14.36349
1388346718.75,-14.36913
1388346875.0,-14.37348
1388347031.25,-14.37809
1388347187.5,-14.38352
1388347343.75,-14.3878
1388347500.0,-14.39257
1388347656.25,-14.39684
1388347812.5,-14.4018
1388347968.75,-14.4062
1388348125.0,-14.41108
1388348281.25,-14.41726
1388348437.5,-14.42071
1388348593.75,-14.4256
1388348750.0,-14.43005
1388348906.25,-14.43377
1388349062.5,-14.43975
1388349218.75,-14.44441
1388349375.0,-14.44841
1388349531.25,-14.45367
1388349687.5,-14.45824
1388349843.75,-14.46199
1388350000.0,-14.4673
1388350156.25,-14.47311
1388350312.5,-14.47694
1388350468.75,-14.4819
1388350625.0,-14.48719
1388350781.25,-14.49111
1388350937.5,-14.4952
1388351093.75,-14.49918
1388351250.0,-14.50482
1388351406.25,-14.51001
1388351562.5,-14.51507
1388351718.75,-14.51962
1388351875.0,-14.52445
1388352031.25,-14.52869
1388352187.5,-14.53289
1388352343.75,-14.5386
1388352500.0,-14.54262
1388352656.25,-14.54944
1388352812.5,-14.55367
1388352968.75,-14.55756
1388353125.0,-14.56094
1388353281.25,-14.5673
1388353437.5,-14.57232
1388353593.75,-14.57707
1388353750.0,-14.58152
1388353906.25,-14.58617
1388354062.5,-14.5914
1388354218.75,-14.59574
1388354375.0,-14.60106
1388354531.25,-14.60501
1388354687.5,-14.61072
1388354843.75,-14.61596
1388355000.0,-14.6196
1388355156.25,-14.6251
1388355312.5,-14.63013
1388355468.75,-14.63243
1388355625.0,-14.63955
1388355781.25,-14.6439
1388355937.5,-14.64848
1388356093.75,-14.65322
1388356250.0,-14.65821
1388356406.25,-14.66362
1388356562.5,-14.66735
1388356718.75,-14.67238
1388356875.0,-14.6769
1388357031.25,-14.68218
1388357187.5,-14.68586
1388357343.75,-14.69141
1388357500.0,-14.69615
1388357656.25,-14.70108
1388357812.5,-14.70627
1388357968.75,-14.71069
1388358125.0,-14.71416
1388358281.25,-14.71978
1388358437.5,-14.72574
1388358593.75,-14.73008
1388358750.0,-14.73602
1388358906.25,-14.74056
1388359062.5,-14.74418
1388359218.75,-14.74852
1388359375.0,-14.75505
1388359531.25,-14.75983
1388359687.5,-14.76345
1388359843.75,-14.7685
1388360000.0,-14.7735
1388360156.25,-14.77787
1388360312.5,-14.78272
1388360468.75,-14.78856
1388360625.0,-14.79282
1388360781.25,-14.79844
1388360937.5,-14.80079
1388361093.75,-14.80631
1388361250.0,-14.81149
1388361406.25,-14.81613
1388361562.5,-14.82164
1388361718.75,-14.82665
1388361875.0,-14.83155
1388362031.25,-14.83677
1388362187.5,-14.84066
1388362343.75,-14.84518
1388362500.0,-14.85031
1388362656.25,-14.85455
1388362812.5,-14.85986
1388362968.75,-14.86508
1388363125.0,-14.86972
1388363281.25,-14.87405
1388363437.5,-14.8788
1388363593.75,-14.88479
1388363750.0,-14.88861
1388363906.25,-14.89314
1388364062.5,-14.89848
1388364218.75,-14.90433
1388364375.0,-14.90865
1388364531.25,-14.91424
1388364687.5,-14.91855
1388364843.75,-14.92341
1388365000.0,-14.92883
1388365156.25,-14.93278
1388365312.5,-14.9375
1388365468.75,-14.94291
1388365625.0,-14.94658
1388365781.25,-14.95239
1388365937.5,-14.95782
1388366093.75,-14.96272
1388366250.0,-14.96679
1388366406.25,-14.97077
1388366562.5,-14.97655
1388366718.75,-14.98187
1388366875.0,-14.98512
1388367031.25,-14.99022
1388367187.5,-14.99536
1388367343.75,-14.99984
1388367500.0,-15.00584
1388367656.25,-15.00971
1388367812.5,-15.01486
1388367968.75,-15.02082
1388368125.0,-15.02377
1388368281.25,-15.03043
1388368437.5,-15.03493
1388368593.75,-15.03979
1388368750.0,-15.04383
1388368906.25,-15.04916
1388369062.5,-15.05346
1388369218.75,-15.06011
1388369375.0,-15.06356
1388369531.25,-15.06836
1388369687.5,-15.0734
1388369843.75,-15.07855
1388370000.0,-15.08255
1388370156.25,-15.08865
1388370312.5,-15.09238
1388370468.75,-15.09753
1388370625.0,-15.10238
1388370781.25,-15.10777
1388370937.5,-15.11416
1388371093.75,-15.1184
1388371250.0,-15.12216
1388371406.25,-15.12644
1388371562.5,-15.13136
1388371718.75,-15.13698
1388371875.0,-15.14157
1388372031.25,-15.147
1388372187.5,-15.15052
1388372343.75,-15.15441
1388372500.0,-15.16015
1388372656.25,-15.16623
1388372812.5,-15.1712
1388372968.75,-15.17524
1388373125.0,-15.18022
1388373281.25,-15.18534
1388373437.5,-15.18987
1388373593.75,-15.19413
1388373750.0,-15.19928
1388373906.25,-15.20473
1388374062.5,-15.20995
1388374218.75,-15.21406
1388374375.0,-15.21896
1388374531.25,-15.22429
1388374687.5,-15.22937
1388374843.75,-15.23369
1388375000.0,-15.23779
1388375156.25,-15.24351
1388375312.5,-15.2486
1388375468.75,-15.25281
1388375625.0,-15.25827
1388375781.25,-15.26265
1388375937.5,-15.26752
1388376093.75,-15.27156
1388376250.0,-15.27825
1388376406.25,-15.28469
1388376562.5,-15.28774
1388376718.75,-15.29257
1388376875.0,-15.29671
1388377031.25,-15.30281
1388377187.5,-15.3067
1388377343.75,-15.31164
1388377500.0,-15.31711
1388377656.25,-15.32128
1388377812.5,-15.32527
1388377968.75,-15.3308
1388378125.0,-15.33596
1388378281.25,-15.34073
1388378437.5,-15.34623
1388378593.75,-15.35166
1388378750.0,-15.35537
1388378906.25,-15.36021
1388379062.5,-15.36559
1388379218.75,-15.37063
1388379375.0,-15.37407
1388379531.25,-15.37969
1388379687.5,-15.38464
1388379843.75,-15.39038
1388380000.0,-15.39393
1388380156.25,-15.39907
1388380312.5,-15.40586
1388380468.75,-15.40869
1388380625.0,-15.41494
1388380781.25,-15.41842
1388380937.5,-15.42445
1388381093.75,-15.42855
1388381250.0,-15.43356
1388381406.25,-15.43902
1388381562.5,-15.44353
1388381718.75,-15.44816
1388381875.0,-15.45256
1388382031.25,-15.45697
1388382187.5,-15.4628
1388382343.75,-15.46884
1388382500.0,-15.47427
1388382656.25,-15.47752
1388382812.5,-15.48285
1388382968.75,-15.48771
1388383125.0,-15.4913
1388383281.25,-15.49768
1388383437.5,-15.50334
1388383593.75,-15.50717
1388383750.0,-15.51103
1388383906.25,-15.51716
1388384062.5,-15.52165
1388384218.75,-15.52706
1388384375.0,-15.53142
1388384531.25,-15.53615
1388384687.5,-15.54089
1388384843.75,-15.54562
1388385000.0,-15.55056
1388385156.25,-15.55624
1388385312.5,-15.56049
1388385468.75,-15.566
1388385625.0,-15.57008
1388385781.25,-15.57616
1388385937.5,-15.57838
1388386093.75,-15.58416
1388386250.0,-15.59023
1388386406.25,-15.59535
1388386562.5,-15.59881
1388386718.75,-15.60444
1388386875.0,-15.60936
1388387031.25,-15.61331
1388387187.5,-15.61967
1388387343.75,-15.62396
1388387500.0,-15.62761
1388387656.25,-15.63441
1388387812.5,-15.6382
1388387968.75,-15.64229
1388388125.0,-15.64729
1388388281.25,-15.65193
1388388437.5,-15.65853
1388388593.75,-15.66378
1388388750.0,-15.66811
1388388906.25,-15.67285
1388389062.5,-15.67806
1388389218.75,-15.68277
1388389375.0,-15.68668
1388389531.25,-15.69206
1388389687.5,-15.69784
1388389843.75,-15.70189
1388390000.0,-15.70766
1388390156.25,-15.71006
1388390312.5,-15.71602
1388390468.75,-15.72086
1388390625.0,-15.7246
1388390781.25,-15.73112
1388390937.5,-15.73634
1388391093.75,-15.74028
1388391250.0,-15.74595
1388391406.25,-15.75027
1388391562.5,-15.75481
1388391718.75,-15.7592
1388391875.0,-15.76503
1388392031.25,-15.77022
1388392187.5,-15.77469
1388392343.75,-15.77882
1388392500.0,-15.78432
1388392656.25,-15.78908
1388392812.5,-15.79347
1388392968.75,-15.79919
1388393125.0,-15.80379
1388393281.25,-15.80792
1388393437.5,-15.81393
1388393593.75,-15.81777
1388393750.0,-15.82261
1388393906.25,-15.82784
1388394062.5,-15.83298
1388394218.75,-15.83801
1388394375.0,-15.84314
1388394531.25,-15.84718
1388394687.5,-15.85135
1388394843.75,-15.85825
1388395000.0,-15.86161
1388395156.25,-15.86608
1388395312.5,-15.87072
1388395468.75,-15.87632
1388395625.0,-15.88076
1388395781.25,-15.88534
1388395937.5,-15.89131
1388396093.75,-15.89636
1388396250.0,-15.89992
1388396406.25,-15.90505
1388396562.5,-15.90942
1388396718.75,-15.91487
1388396875.0,-15.92093
1388397031.25,-15.92588
1388397187.5,-15.93044
1388397343.75,-15.93426
1388397500.0,-15.94066
1388397656.25,-15.94452
1388397812.5,-15.94859
1388397968.75,-15.95519
1388398125.0,-15.95872
1388398281.25,-15.96296
1388398437.5,-15.96873
1388398593.75,-15.97286
1388398750.0,-15.97691
1388398906.25,-15.98333
1388399062.5,-15.9886
1388399218.75,-15.99261
1388399375.0,-15.9977
1388399531.25,-16.00242
1388399687.5,-16.00735
1388399843.75,-16.01264
1388400000.0,-16.01774
1388400156.25,-16.02324
1388400312.5,-16.02836
1388400468.75,-16.03112
1388400625.0,-16.03703
1388400781.25,-16.04156
1388400937.5,-16.04599
1388401093.75,-16.05167
1388401250.0,-16.05504
1388401406.25,-16.06043
1388401562.5,-16.06591
1388401718.75,-16.0707
1388401875.0,-16.07439
1388402031.25,-16.07979
1388402187.5,-16.08443
1388402343.75,-16.08894
1388402500.0,-16.09372
1388402656.25,-16.0993
1388402812.5,-16.10284
1388402968.75,-16.10923
1388403125.0,-16.11367
1388403281.25,-16.11771
1388403437.5,-16.12231
1388403593.75,-16.12863
1388403750.0,-16.13399
1388403906.25,-16.13693
1388404062.5,-16.14267
1388404218.75,-16.14846
1388404375.0,-16.15312
1388404531.25,-16.15691
1388404687.5,-16.16224
1388404843.75,-16.16711
1388405000.0,-16.17085
1388405156.25,-16.17577
1388405312.5,-16.18087
1388405468.75,-16.18658
1388405625.0,-16.18936
1388405781.25,-16.19559
1388405937.5,-16.19981
1388406093.75,-16.20546
1388406250.0,-16.20894
1388406406.25,-16.21301
1388406562.5,-16.2191
1388406718.75,-16.22414
1388406875.0,-16.22963
1388407031.25,-16.2337
1388407187.5,-16.2387
1388407343.75,-16.24404
1388407500.0,-16.2498
1388407656.25,-16.25284
1388407812.5,-16.25808
1388407968.75,-16.26267
1388408125.0,-16.26762
1388408281.25,-16.27276
1388408437.5,-16.27657
1388408593.75,-16.28155
1388408750.0,-16.28506
1388408906.25,-16.29184
1388409062.5,-16.29647
1388409218.75,-16.30028
1388409375.0,-16.30537
1388409531.25,-16.31074
1388409687.5,-16.31505
1388409843.75,-16.31843
1388410000.0,-16.32505
1388410156.25,-16.32858
1388410312.5,-16.33452
1388410468.75,-16.33873
1388410625.0,-16.34211
1388410781.25,-16.34859
1388410937.5,-16.35434
1388411093.75,-16.35826
1388411250.0,-16.36367
1388411406.25,-16.36842
1388411562.5,-16.37171
1388411718.75,-16.37646
1388411875.0,-16.38261
1388412031.25,-16.38598
1388412187.5,-16.39148
1388412343.75,-16.39635
1388412500.0,-16.40086
1388412656.25,-16.40566
1388412812.5,-16.41025
1388412968.75,-16.4161
1388413125.0,-16.42079
1388413281.25,-16.42458
1388413437.5,-16.43036
1388413593.75,-16.43587
1388413750.0,-16.43979
1388413906.25,-16.44379
1388414062.5,-16.44985
1388414218.75,-16.4538
1388414375.0,-16.45836
1388414531.25,-16.46248
1388414687.5,-16.46774
1388414843.75,-16.47302
1388415000.0,-16.47865
1388415156.25,-16.4811
1388415312.5,-16.48844
1388415468.75,-16.49155
1388415625.0,-16.49654
1388415781.25,-16.50025
1388415937.5,-16.50581
1388416093.75,-16.511
1388416250.0,-16.51497
1388416406.25,-16.51988
1388416562.5,-16.52452
1388416718.75,-16.52977
1388416875.0,-16.53463
1388417031.25,-16.53909
1388417187.5,-16.54457
1388417343.75,-16.54906
1388417500.0,-16.55264
1388417656.25,-16.55812
1388417812.5,-16.5635
1388417968.75,-16.56872
1388418125.0,-16.57345
1388418281.25,-16.57757
1388418437.5,-16.58256
1388418593.75,-16.58667
1388418750.0,-16.5911
1388418906.25,-16.59714
1388419062.5,-16.59999
1388419218.75,-16.60586
1388419375.0,-16.61056
1388419531.25,-16.61449
1388419687.5,-16.61977
1388419843.75,-16.62453
1388420000.0,-16.62853
1388420156.25,-16.63388
1388420312.5,-16.63758
1388420468.75,-16.64369
1388420625.0,-16.64844
1388420781.25,-16.65229
1388420937.5,-16.65878
1388421093.75,-16.66112
1388421250.0,-16.66681
1388421406.25,-16.67207
1388421562.5,-16.6761
1388421718.75,-16.68139
1388421875.0,-16.68621
1388422031.25,-16.69099
1388422187.5,-16.69552
1388422343.75,-16.70077
1388422500.0,-16.70621
1388422656.25,-16.71096
1388422812.5,-16.71392
1388422968.75,-16.72064
1388423125.0,-16.72277
1388423281.25,-16.72839
1388423437.5,-16.73282
1388423593.75,-16.73703
1388423750.0,-16.74166
1388423906.25,-16.74814
1388424062.5,-16.75215
1388424218.75,-16.75732
1388424375.0,-16.76065
1388424531.25,-16.76547
1388424687.5,-16.76936
1388424843.75,-16.77642
1388425000.0,-16.7805
1388425156.25,-16.78488
1388425312.5,-16.78991
1388425468.75,-16.79407
1388425625.0,-16.80062
1388425781.25,-16.80468
1388425937.5,-16.80844
1388426093.75,-16.81267
1388426250.0,-16.81622
1388426406.25,-16.82317
1388426562.5,-16.82599
1388426718.75,-16.83156
1388426875.0,-16.83635
1388427031.25,-16.84085
1388427187.5,-16.84601
1388427343.75,-16.8504
1388427500.0,-16.85507
1388427656.25,-16.85951
1388427812.5,-16.86508
1388427968.75,-16.86896
1388428125.0,-16.87293
1388428281.25,-16.87694
1388428437.5,-16.8828
1388428593.75,-16.88693
1388428750.0,-16.89209
1388428906.25,-16.89661
1388429062.5,-16.90088
1388429218.75,-16.90624
1388429375.0,-16.91089
1388429531.25,-16.91483
1388429687.5,-16.92053
1388429843.75,-16.92524
1388430000.0,-16.92897
1388430156.25,-16.9342
1388430312.5,-16.93854
1388430468.75,-16.94351
1388430625.0,-16.94906
1388430781.25,-16.95305
1388430937.5,-16.95771
1388431093.75,-16.96135
1388431250.0,-16.96719
1388431406.25,-16.97045
1388431562.5,-16.9748
1388431718.75,-16.97989
1388431875.0,-16.98592
1388432031.25,-16.99088
1388432187.5,-16.99543
1388432343.75,-16.99889
1388432500.0,-17.0031
1388432656.25,-17.00861
1388432812.5,-17.01299
1388432968.75,-17.01848
1388433125.0,-17.02121
1388433281.25,-17.02798
1388433437.5,-17.03315
1388433593.75,-17.03568
1388433750.0,-17.04043
1388433906.25,-17.0442
1388434062.5,-17.04948
1388434218.75,-17.05512
1388434375.0,-17.05976
1388434531.25,-17.06396
1388434687.5,-17.06828
1388434843.75,-17.07168
1388435000.0,-17.07783
1388435156.25,-17.08219
1388435312.5,-17.08683
1388435468.75,-17.0914
1388435625.0,-17.09758
1388435781.25,-17.10088
1388435937.5,-17.10628
1388436093.75,-17.11038
1388436250.0,-17.1155
1388436406.25,-17.11889
1388436562.5,-17.12557
1388436718.75,-17.12851
1388436875.0,-17.13373
1388437031.25,-17.13821
1388437187.5,-17.14219
1388437343.75,-17.14878
1388437500.0,-17.15103
1388437656.25,-17.15598
1388437812.5,-17.16168
1388437968.75,-17.1662
1388438125.0,-17.17056
1388438281.25,-17.17407
1388438437.5,-17.17844
1388438593.75,-17.18351
1388438750.0,-17.18863
1388438906.25,-17.19119
1388439062.5,-17.19794
1388439218.75,-17.20273
1388439375.0,-17.20599
1388439531.25,-17.2093
1388439687.5,-17.21556
1388439843.75,-17.22139
1388440000.0,-17.22341
1388440156.25,-17.23026
1388440312.5,-17.23488
1388440468.75,-17.23843
1388440625.0,-17.24377
1388440781.25,-17.24818
1388440937.5,-17.25133
1388441093.75,-17.25698
1388441250.0,-17.26057
1388441406.25,-17.26543
1388441562.5,-17.27166
1388441718.75,-17.27508
1388441875.0,-17.2796
1388442031.25,-17.28403
1388442187.5,-17.28851
1388442343.75,-17.29364
1388442500.0,-17.29754
1388442656.25,-17.30248
1388442812.5,-17.30754
1388442968.75,-17.31046
1388443125.0,-17.31732
1388443281.25,-17.32055
1388443437.5,-17.32632
1388443593.75,-17.33093
1388443750.0,-17.33473
1388443906.25,-17.33932
1388444062.5,-17.34395
1388444218.75,-17.34822
1388444375.0,-17.35398
1388444531.25,-17.35966
1388444687.5,-17.36234
1388444843.75,-17.3662
1388445000.0,-17.37105
1388445156.25,-17.37511
1388445312.5,-17.38077
1388445468.75,-17.38475
1388445625.0,-17.38896
1388445781.25,-17.39389
1388445937.5,-17.39866
1388446093.75,-17.4025
1388446250.0,-17.40723
1388446406.25,-17.41101
1388446562.5,-17.41476
1388446718.75,-17.4207
1388446875.0,-17.42312
1388447031.25,-17.43039
1388447187.5,-17.43617
1388447343.75,-17.43983
1388447500.0,-17.44486
1388447656.25,-17.44982
1388447812.5,-17.45254
1388447968.75,-17.4555
1388448125.0,-17.46006
1388448281.25,-17.46586
1388448437.5,-17.4724
1388448593.75,-17.47635
1388448750.0,-17.47861
1388448906.25,-17.48346
1388449062.5,-17.48919
1388449218.75,-17.49163
1388449375.0,-17.49902
1388449531.25,-17.50296
1388449687.5,-17.50563
1388449843.75,-17.51109
1388450000.0,-17.51547
1388450156.25,-17.52104
1388450312.5,-17.52457
1388450468.75,-17.52872
1388450625.0,-17.53392
1388450781.25,-17.53922
1388450937.5,-17.54209
1388451093.75,-17.54881
1388451250.0,-17.55108
1388451406.25,-17.55685
1388451562.5,-17.55985
1388451718.75,-17.56502
1388451875.0,-17.56965
1388452031.25,-17.57435
1388452187.5,-17.57786
1388452343.75,-17.58369
1388452500.0,-17.58724
1388452656.25,-17.5931
1388452812.5,-17.5962
1388452968.75,-17.60122
1388453125.0,-17.60576
1388453281.25,-17.6094
1388453437.5,-17.61485
1388453593.75,-17.61954
1388453750.0,-17.6246
1388453906.25,-17.6287
1388454062.5,-17.63231
1388454218.75,-17.63852
1388454375.0,-17.64177
1388454531.25,-17.64687
1388454687.5,-17.64874
1388454843.75,-17.65404
1388455000.0,-17.66006
1388455156.25,-17.66324
1388455312.5,-17.66796
1388455468.75,-17.67322
1388455625.0,-17.67588
1388455781.25,-17.68295
1388455937.5,-17.68661
1388456093.75,-17.69198
1388456250.0,-17.69503
1388456406.25,-17.69838
1388456562.5,-17.70445
1388456718.75,-17.70751
1388456875.0,-17.71197
1388457031.25,-17.71606
1388457187.5,-17.72222
1388457343.75,-17.72548
1388457500.0,-17.72974
1388457656.25,-17.73527
1388457812.5,-17.74053
1388457968.75,-17.74409
1388458125.0,-17.74731
1388458281.25,-17.75221
1388458437.5,-17.75562
1388458593.75,-17.76246
1388458750.0,-17.76632
1388458906.25,-17.77053
1388459062.5,-17.77437
1388459218.75,-17.77961
1388459375.0,-17.78431
1388459531.25,-17.78811
1388459687.5,-17.79146
1388459843.75,-17.79468
1388460000.0,-17.80106
1388460156.25,-17.80504
1388460312.5,-17.80844
1388460468.75,-17.81383
1388460625.0,-17.81728
1388460781.25,-17.82403
1388460937.5,-17.82792
1388461093.75,-17.83037
1388461250.0,-17.83734
1388461406.25,-17.84061
1388461562.5,-17.84443
1388461718.75,-17.84964
1388461875.0,-17.85405
1388462031.25,-17.85876
1388462187.5,-17.86221
1388462343.75,-17.86697
1388462500.0,-17.87263
1388462656.25,-17.87415
1388462812.5,-17.88056
1388462968.75,-17.8845
1388463125.0,-17.88833
1388463281.25,-17.89256
1388463437.5,-17.89633
1388463593.75,-17.90261
1388463750.0,-17.90598
1388463906.25,-17.91127
1388464062.5,-17.91624
1388464218.75,-17.92048
1388464375.0,-17.92451
1388464531.25,-17.92862
1388464687.5,-17.93279
1388464843.75,-17.9358
1388465000.0,-17.94081
1388465156.25,-17.94734
1388465312.5,-17.94954
1388465468.75,-17.95589
1388465625.0,-17.95881
1388465781.25,-17.96424
1388465937.5,-17.96759
1388466093.75,-17.97217
1388466250.0,-17.97618
1388466406.25,-17.98112
1388466562.5,-17.98595
1388466718.75,-17.98935
1388466875.0,-17.99515
1388467031.25,-17.99916
1388467187.5,-18.00259
1388467343.75,-18.0084
1388467500.0,-18.01105
1388467656.25,-18.01764
1388467812.5,-18.01974
1388467968.75,-18.02463
1388468125.0,-18.02891
1388468281.25,-18.03084
1388468437.5,-18.03713
1388468593.75,-18.04243
1388468750.0,-18.04597
1388468906.25,-18.04853
1388469062.5,-18.05446
1388469218.75,-18.05839
1388469375.0,-18.06228
1388469531.25,-18.06898
1388469687.5,-18.0717
1388469843.75,-18.07665
1388470000.0,-18.08127
1388470156.25,-18.08331
1388470312.5,-18.08956
1388470468.75,-18.09343
1388470625.0,-18.0973
1388470781.25,-18.1007
1388470937.5,-18.10866
1388471093.75,-18.1093
1388471250.0,-18.11722
1388471406.25,-18.12086
1388471562.5,-18.12533
1388471718.75,-18.12779
1388471875.0,-18.13198
1388472031.25,-18.13705
1388472187.5,-18.14284
1388472343.75,-18.14581
1388472500.0,-18.1496
1388472656.25,-18.15419
1388472812.5,-18.15977
1388472968.75,-18.16333
1388473125.0,-18.16704
1388473281.25,-18.17039
1388473437.5,-18.1764
1388473593.75,-18.17985
1388473750.0,-18.1851
1388473906.25,-18.18849
1388474062.5,-18.1929
1388474218.75,-18.19593
1388474375.0,-18.20191
1388474531.25,-18.20538
1388474687.5,-18.21117
1388474843.75,-18.21473
1388475000.0,-18.2183
1388475156.25,-18.22226
1388475312.5,-18.22789
1388475468.75,-18.23225
1388475625.0,-18.23543
1388475781.25,-18.23912
1388475937.5,-18.24442
1388476093.75,-18.24891
1388476250.0,-18.25338
1388476406.25,-18.25616
1388476562.5,-18.26101
1388476718.75,-18.26579
1388476875.0,-18.26821
1388477031.25,-18.27365
1388477187.5,-18.27791
1388477343.75,-18.28372
1388477500.0,-18.28674
1388477656.25,-18.29141
1388477812.5,-18.29422
1388477968.75,-18.30035
1388478125.0,-18.3044
1388478281.25,-18.30744
1388478437.5,-18.31211
1388478593.75,-18.31602
1388478750.0,-18.32153
1388478906.25,-18.3252
1388479062.5,-18.32842
1388479218.75,-18.33479
1388479375.0,-18.33666
1388479531.25,-18.34207
1388479687.5,-18.34748
1388479843.75,-18.35109
1388480000.0,-18.35606
1388480156.25,-18.35987
1388480312.5,-18.36292
1388480468.75,-18.36619
1388480625.0,-18.37305
1388480781.25,-18.37663
1388480937.5,-18.38069
1388481093.75,-18.38591
1388481250.0,-18.39085
1388481406.25,-18.39352
1388481562.5,-18.39743
1388481718.75,-18.40182
1388481875.0,-18.40639
1388482031.25,-18.40939
1388482187.5,-18.41455
1388482343.75,-18.41875
1388482500.0,-18.42193
1388482656.25,-18.42651
1388482812.5,-18.43237
1388482968.75,-18.43596
1388483125.0,-18.43991
1388483281.25,-18.44322
1388483437.5,-18.44814
1388483593.75,-18.45312
1388483750.0,-18.45903
1388483906.25,-18.46178
1388484062.5,-18.46431
1388484218.75,-18.46845
1388484375.0,-18.47352
1388484531.25,-18.47633
1388484687.5,-18.48081
1388484843.75,-18.48594
1388485000.0,-18.49024
1388485156.25,-18.49462
1388485312.5,-18.49843
1388485468.75,-18.50112
1388485625.0,-18.50818
1388485781.25,-18.51151
1388485937.5,-18.5153
1388486093.75,-18.51663
1388486250.0,-18.52276
1388486406.25,-18.52774
1388486562.5,-18.53274
1388486718.75,-18.53516
1388486875.0,-18.53894
1388487031.25,-18.54494
1388487187.5,-18.54984
1388487343.75,-18.5527
1388487500.0,-18.55777
1388487656.25,-18.56125
1388487812.5,-18.56349
1388487968.75,-18.56841
1388488125.0,-18.57384
1388488281.25,-18.57715
1388488437.5,-18.5805
1388488593.75,-18.58608
1388488750.0,-18.58999
1388488906.25,-18.59538
1388489062.5,-18.59795
1388489218.75,-18.60289
1388489375.0,-18.60684
1388489531.25,-18.61134
1388489687.5,-18.61561
1388489843.75,-18.61805
1388490000.0,-18.62443
1388490156.25,-18.62728
1388490312.5,-18.63227
1388490468.75,-18.63597
1388490625.0,-18.64001
1388490781.25,-18.64502
1388490937.5,-18.64949
1388491093.75,-18.65126
1388491250.0,-18.65697
1388491406.25,-18.66179
1388491562.5,-18.66601
1388491718.75,-18.66833
1388491875.0,-18.67371
1388492031.25,-18.6783
1388492187.5,-18.6826
1388492343.75,-18.68646
1388492500.0,-18.68905
1388492656.25,-18.69219
1388492812.5,-18.69886
1388492968.75,-18.70242
1388493125.0,-18.70831
1388493281.25,-18.70968
1388493437.5,-18.71334
1388493593.75,-18.71878
1388493750.0,-18.72335
1388493906.25,-18.72701
1388494062.5,-18.73087
1388494218.75,-18.73513
1388494375.0,-18.73899
1388494531.25,-18.74499
1388494687.5,-18.74967
1388494843.75,-18.75138
1388495000.0,-18.75569
1388495156.25,-18.7619
1388495312.5,-18.76378
1388495468.75,-18.76841
1388495625.0,-18.77187
1388495781.25,-18.77713
1388495937.5,-18.77914
1388496093.75,-18.78457
1388496250.0,-18.78919
1388496406.25,-18.79254
1388496562.5,-18.79723
1388496718.75,-18.79852
1388496875.0,-18.80489
1388497031.25,-18.80761
1388497187.5,-18.81473
1388497343.75,-18.81824
1388497500.0,-18.82233
1388497656.25,-18.82591
1388497812.5,-18.82785
1388497968.75,-18.83281
1388498125.0,-18.83603
1388498281.25,-18.84189
1388498437.5,-18.84666
1388498593.75,-18.85158
1388498750.0,-18.85303
1388498906.25,-18.85677
1388499062.5,-18.86136
1388499218.75,-18.86723
1388499375.0,-18.87112
1388499531.25,-18.87514
1388499687.5,-18.8781
1388499843.75,-18.88265
1388500000.0,-18.88678
1388500156.25,-18.8909
1388500312.5,-18.89492
1388500468.75,-18.89938
1388500625.0,-18.90301
1388500781.25,-18.90675
1388500937.5,-18.91032
1388501093.75,-18.9147
1388501250.0,-18.91954
1388501406.25,-18.92386
1388501562.5,-18.92549
1388501718.75,-18.93022
1388501875.0,-18.93372
1388502031.25,-18.93839
1388502187.5,-18.94388
1388502343.75,-18.94819
1388502500.0,-18.95105
1388502656.25,-18.9563
1388502812.5,-18.96111
1388502968.75,-18.96369
1388503125.0,-18.96576
1388503281.25,-18.97133
1388503437.5,-18.97472
1388503593.75,-18.97955
1388503750.0,-18.98466
1388503906.25,-18.98761
1388504062.5,-18.99351
1388504218.75,-18.99653
1388504375.0,-19.00086
1388504531.25,-19.00296
1388504687.5,-19.00761
1388504843.75,-19.01168
1388505000.0,-19.01607
1388505156.25,-19.01713
1388505312.5,-19.02379
1388505468.75,-19.02872
1388505625.0,-19.03261
1388505781.25,-19.03646
1388505937.5,-19.0409
1388506093.75,-19.04451
1388506250.0,-19.0484
1388506406.25,-19.05059
1388506562.5,-19.05582
1388506718.75,-19.05822
1388506875.0,-19.06322
1388507031.25,-19.06884
1388507187.5,-19.07011
1388507343.75,-19.07503
1388507500.0,-19.08146
1388507656.25,-19.08392
1388507812.5,-19.08767
1388507968.75,-19.09182
1388508125.0,-19.09551
1388508281.25,-19.09838
1388508437.5,-19.10505
1388508593.75,-19.10788
1388508750.0,-19.11234
1388508906.25,-19.11709
1388509062.5,-19.12183
1388509218.75,-19.12485
1388509375.0,-19.1276
1388509531.25,-19.13241
1388509687.5,-19.13712
1388509843.75,-19.13892
1388510000.0,-19.14415
1388510156.25,-19.1478
1388510312.5,-19.152
1388510468.75,-19.15578
1388510625.0,-19.15937
1388510781.25,-19.16326
1388510937.5,-19.16866
1388511093.75,-19.17182
1388511250.0,-19.17537
1388511406.25,-19.17927
1388511562.5,-19.1849
1388511718.75,-19.18861
1388511875.0,-19.19104
1388512031.25,-19.19674
1388512187.5,-19.19737
1388512343.75,-19.20321
1388512500.0,-19.20734
1388512656.25,-19.20968
1388512812.5,-19.21637
1388512968.75,-19.21803
1388513125.0,-19.22374
1388513281.25,-19.22819
1388513437.5,-19.22993
1388513593.75,-19.23482
1388513750.0,-19.23905
1388513906.25,-19.24324
1388514062.5,-19.24664
1388514218.75,-19.25064
1388514375.0,-19.25492
1388514531.25,-19.25771
1388514687.5,-19.26352
1388514843.75,-19.26656
1388515000.0,-19.26949
1388515156.25,-19.27316
1388515312.5,-19.2797
1388515468.75,-19.28258
1388515625.0,-19.28527
1388515781.25,-19.29177
1388515937.5,-19.29531
1388516093.75,-19.29945
1388516250.0,-19.30234
1388516406.25,-19.30653
1388516562.5,-19.30972
1388516718.75,-19.31352
1388516875.0,-19.31861
1388517031.25,-19.3213
1388517187.5,-19.32567
1388517343.75,-19.33121
1388517500.0,-19.33209
1388517656.25,-19.33726
1388517812.5,-19.34171
1388517968.75,-19.34488
1388518125.0,-19.35002
1388518281.25,-19.35321
1388518437.5,-19.35606
1388518593.75,-19.35895
1388518750.0,-19.3642
1388518906.25,-19.37021
1388519062.5,-19.37227
1388519218.75,-19.37643
1388519375.0,-19.37978
1388519531.25,-19.38518
1388519687.5,-19.38822
1388519843.75,-19.39235
1388520000.0,-19.39571
1388520156.25,-19.40094
1388520312.5,-19.40382
1388520468.75,-19.40919
1388520625.0,-19.41137
1388520781.25,-19.41682
1388520937.5,-19.42002
1388521093.75,-19.42144
1388521250.0,-19.42798
1388521406.25,-19.43139
1388521562.5,-19.43467
1388521718.75,-19.4402
1388521875.0,-19.44398
1388522031.25,-19.44527
1388522187.5,-19.45229
1388522343.75,-19.4533
1388522500.0,-19.4583
1388522656.25,-19.46388
1388522812.5,-19.46553
1388522968.75,-19.46967
1388523125.0,-19.47131
1388523281.25,-19.47692
1388523437.5,-19.48159
1388523593.75,-19.48687
1388523750.0,-19.49058
1388523906.25,-19.49193
1388524062.5,-19.49697
1388524218.75,-19.50102
1388524375.0,-19.50374
1388524531.25,-19.50925
1388524687.5,-19.51203
1388524843.75,-19.51791
1388525000.0,-19.51911
1388525156.25,-19.52516
1388525312.5,-19.52695
1388525468.75,-19.53171
1388525625.0,-19.53521
1388525781.25,-19.53945
1388525937.5,-19.54286
1388526093.75,-19.54608
1388526250.0,-19.55035
1388526406.25,-19.55515
1388526562.5,-19.55769
1388526718.75,-19.5628
1388526875.0,-19.56597
1388527031.25,-19.56971
1388527187.5,-19.57313
1388527343.75,-19.57574
1388527500.0,-19.58115
1388527656.25,-19.58647
1388527812.5,-19.58876
1388527968.75,-19.59476
1388528125.0,-19.59856
1388528281.25,-19.60243
1388528437.5,-19.60272
1388528593.75,-19.60751
1388528750.0,-19.61315
1388528906.25,-19.6143
1388529062.5,-19.6187
1388529218.75,-19.62237
1388529375.0,-19.62551
1388529531.25,-19.63148
1388529687.5,-19.63544
1388529843.75,-19.63816
1388530000.0,-19.64219
1388530156.25,-19.64753
1388530312.5,-19.65081
1388530468.75,-19.65409
1388530625.0,-19.65827
1388530781.25,-19.66225
1388530937.5,-19.66623
1388531093.75,-19.66998
1388531250.0,-19.67298
1388531406.25,-19.67736
1388531562.5,-19.68064
1388531718.75,-19.68414
1388531875.0,-19.68826
1388532031.25,-19.69275
1388532187.5,-19.69476
1388532343.75,-19.70095
1388532500.0,-19.70462
1388532656.25,-19.70512
1388532812.5,-19.71103
1388532968.75,-19.7146
1388533125.0,-19.71898
1388533281.25,-19.72286
1388533437.5,-19.72768
1388533593.75,-19.72818
1388533750.0,-19.73501
1388533906.25,-19.73774
1388534062.5,-19.74187
1388534218.75,-19.74576
1388534375.0,-19.74912
1388534531.25,-19.75194
1388534687.5,-19.75566
1388534843.75,-19.76006
1388535000.0,-19.76389
1388535156.25,-19.76754
1388535312.5,-19.77119
1388535468.75,-19.77646
1388535625.0,-19.77859
1388535781.25,-19.78349
1388535937.5,-19.78564
1388536093.75,-19.79166
1388536250.0,-19.7944
1388536406.25,-19.79731
1388536562.5,-19.80235
1388536718.75,-19.80286
1388536875.0,-19.8078
1388537031.25,-19.81405
1388537187.5,-19.8185
1388537343.75,-19.81901
1388537500.0,-19.82463
1388537656.25,-19.82774
1388537812.5,-19.82976
1388537968.75,-19.8354
1388538125.0,-19.83867
1388538281.25,-19.84308
1388538437.5,-19.84713
1388538593.75,-19.8502
1388538750.0,-19.8543
1388538906.25,-19.85954
1388539062.5,-19.864
1388539218.75,-19.8656
1388539375.0,-19.86886
1388539531.25,-19.87262
1388539687.5,-19.87772
1388539843.75,-19.88024
1388540000.0,-19.88342
1388540156.25,-19.88675
1388540312.5,-19.89024
1388540468.75,-19.89648
1388540625.0,-19.89939
1388540781.25,-19.90239
1388540937.5,-19.90511
1388541093.75,-19.90815
1388541250.0,-19.9143
1388541406.25,-19.91827
1388541562.5,-19.91931
1388541718.75,-19.92507
1388541875.0,-19.93015
1388542031.25,-19.93158
1388542187.5,-19.93678
1388542343.75,-19.93989
1388542500.0,-19.94464
1388542656.25,-19.94781
1388542812.5,-19.94967
1388542968.75,-19.95201
1388543125.0,-19.95738
1388543281.25,-19.96156
1388543437.5,-19.96649
1388543593.75,-19.96811
1388543750.0,-19.97334
1388543906.25,-19.97582
1388544062.5,-19.97982
1388544218.75,-19.98421
1388544375.0,-19.98805
1388544531.25,-19.99118
1388544687.5,-19.9954
1388544843.75,-19.99885
1388545000.0,-20.00134
1388545156.25,-20.00731
1388545312.5,-20.00941
1388545468.75,-20.01293
1388545625.0,-20.01837
1388545781.25,-20.02245
1388545937.5,-20.02535
1388546093.75,-20.02745
1388546250.0,-20.03402
1388546406.25,-20.03551
1388546562.5,-20.03753
1388546718.75,-20.04311
1388546875.0,-20.04705
1388547031.25,-20.04981
1388547187.5,-20.05475
1388547343.75,-20.05968
1388547500.0,-20.06093
1388547656.25,-20.06377
1388547812.5,-20.06687
1388547968.75,-20.07194
1388548125.0,-20.07479
1388548281.25,-20.08144
1388548437.5,-20.0833
1388548593.75,-20.08766
1388548750.0,-20.09238
1388548906.25,-20.09508
1388549062.5,-20.09809
1388549218.75,-20.10325
1388549375.0,-20.10453
1388549531.25,-20.11007
1388549687.5,-20.11256
1388549843.75,-20.11753
1388550000.0,-20.12149
1388550156.25,-20.12282
1388550312.5,-20.12928
1388550468.75,-20.13009
1388550625.0,-20.1342
1388550781.25,-20.13688
1388550937.5,-20.14135
1388551093.75,-20.14708
1388551250.0,-20.14996
1388551406.25,-20.15178
1388551562.5,-20.15724
1388551718.75,-20.16227
1388551875.0,-20.16213
1388552031.25,-20.16754
1388552187.5,-20.17249
1388552343.75,-20.17437
1388552500.0,-20.17862
1388552656.25,-20.1823
1388552812.5,-20.18486
1388552968.75,-20.18906
1388553125.0,-20.19257
1388553281.25,-20.19559
1388553437.5,-20.20002
1388553593.75,-20.20404
1388553750.0,-20.20691
1388553906.25,-20.21066
1388554062.5,-20.21489
1388554218.75,-20.2195
1388554375.0,-20.21965
1388554531.25,-20.22505
1388554687.5,-20.23134
1388554843.75,-20.23254
1388555000.0,-20.2387
1388555156.25,-20.23959
1388555312.5,-20.24401
1388555468.75,-20.24713
1388555625.0,-20.24997
1388555781.25,-20.25309
1388555937.5,-20.25872
1388556093.75,-20.26042
1388556250.0,-20.26702
1388556406.25,-20.26876
1388556562.5,-20.2724
1388556718.75,-20.27567
1388556875.0,-20.27842
1388557031.25,-20.28364
1388557187.5,-20.2859
1388557343.75,-20.28813
1388557500.0,-20.29343
1388557656.25,-20.29734
1388557812.5,-20.29999
1388557968.75,-20.30436
1388558125.0,-20.30885
1388558281.25,-20.309
1388558437.5,-20.31602
1388558593.75,-20.31874
1388558750.0,-20.32312
1388558906.25,-20.3261
1388559062.5,-20.32939
1388559218.75,-20.33102
1388559375.0,-20.33777
1388559531.25,-20.34063
1388559687.5,-20.34182
1388559843.75,-20.34745
1388560000.0,-20.35238
1388560156.25,-20.35366
1388560312.5,-20.36091
1388560468.75,-20.36275
1388560625.0,-20.36431
1388560781.25,-20.36843
1388560937.5,-20.37498
1388561093.75,-20.37502
1388561250.0,-20.38175
1388561406.25,-20.38245
1388561562.5,-20.38847
1388561718.75,-20.3885
1388561875.0,-20.39434
1388562031.25,-20.39812
1388562187.5,-20.39851
1388562343.75,-20.40487
1388562500.0,-20.40755
1388562656.25,-20.41211
1388562812.5,-20.41329
1388562968.75,-20.41685
1388563125.0,-20.42122
1388563281.25,-20.42836
1388563437.5,-20.43005
1388563593.75,-20.43471
1388563750.0,-20.43808
1388563906.25,-20.43948
1388564062.5,-20.44284
1388564218.75,-20.44774
1388564375.0,-20.45118
1388564531.25,-20.45382
1388564687.5,-20.45722
1388564843.75,-20.46021
1388565000.0,-20.46433
1388565156.25,-20.46867
1388565312.5,-20.4711
1388565468.75,-20.47524
1388565625.0,-20.48078
1388565781.25,-20.48236
1388565937.5,-20.48607
1388566093.75,-20.48997
1388566250.0,-20.4937
1388566406.25,-20.49818
1388566562.5,-20.5017
1388566718.75,-20.5023
1388566875.0,-20.50618
1388567031.25,-20.51061
1388567187.5,-20.51331
1388567343.75,-20.51824
1388567500.0,-20.52253
1388567656.25,-20.52598
1388567812.5,-20.52918
1388567968.75,-20.53294
1388568125.0,-20.53604
1388568281.25,-20.53816
1388568437.5,-20.54247
1388568593.75,-20.54692
1388568750.0,-20.54838
1388568906.25,-20.5525
1388569062.5,-20.55618
1388569218.75,-20.55859
1388569375.0,-20.56232
1388569531.25,-20.56617
1388569687.5,-20.56927
1388569843.75,-20.57444
1388570000.0,-20.57691
1388570156.25,-20.58152
1388570312.5,-20.58379
1388570468.75,-20.5867
1388570625.0,-20.59208
1388570781.25,-20.59434
1388570937.5,-20.59893
1388571093.75,-20.60201
1388571250.0,-20.60581
1388571406.25,-20.60927
1388571562.5,-20.61444
1388571718.75,-20.61474
1388571875.0,-20.62101
1388572031.25,-20.62218
1388572187.5,-20.62695
1388572343.75,-20.62849
1388572500.0,-20.63445
1388572656.25,-20.63797
1388572812.5,-20.6387
1388572968.75,-20.64294
1388573125.0,-20.64583
1388573281.25,-20.65002
1388573437.5,-20.65343
1388573593.75,-20.65721
1388573750.0,-20.66112
1388573906.25,-20.66621
1388574062.5,-20.66759
1388574218.75,-20.67126
1388574375.0,-20.6763
1388574531.25,-20.67939
1388574687.5,-20.68153
1388574843.75,-20.68506
1388575000.0,-20.68746
1388575156.25,-20.69131
1388575312.5,-20.69603
1388575468.75,-20.69835
1388575625.0,-20.70227
1388575781.25,-20.70337
1388575937.5,-20.70818
1388576093.75,-20.71276
1388576250.0,-20.71687
1388576406.25,-20.7206
1388576562.5,-20.72373
1388576718.75,-20.72552
1388576875.0,-20.7296
1388577031.25,-20.73423
1388577187.5,-20.73485
1388577343.75,-20.7385
1388577500.0,-20.74273
1388577656.25,-20.74756
1388577812.5,-20.7508
1388577968.75,-20.75582
1388578125.0,-20.75664
1388578281.25,-20.75985
1388578437.5,-20.76405
1388578593.75,-20.76782
1388578750.0,-20.77146
1388578906.25,-20.77483
1388579062.5,-20.77973
1388579218.75,-20.78298
1388579375.0,-20.786
1388579531.25,-20.78879
1388579687.5,-20.79117
1388579843.75,-20.79601
1388580000.0,-20.79732
1388580156.25,-20.80412
1388580312.5,-20.80435
1388580468.75,-20.80818
1388580625.0,-20.81234
1388580781.25,-20.81541
1388580937.5,-20.81858
1388581093.75,-20.82267
1388581250.0,-20.82609
1388581406.25,-20.82646
1388581562.5,-20.83246
1388581718.75,-20.83358
1388581875.0,-20.83912
1388582031.25,-20.84318
1388582187.5,-20.84747
1388582343.75,-20.85235
1388582500.0,-20.85456
1388582656.25,-20.85662
1388582812.5,-20.85968
1388582968.75,-20.86258
1388583125.0,-20.86574
1388583281.25,-20.86912
1388583437.5,-20.87363
1388583593.75,-20.87804
1388583750.0,-20.88048
1388583906.25,-20.88477
1388584062.5,-20.88647
1388584218.75,-20.89109
1388584375.0,-20.89345
1388584531.25,-20.89732
1388584687.5,-20.90154
1388584843.75,-20.90608
1388585000.0,-20.90803
1388585156.25,-20.91204
1388585312.5,-20.91469
1388585468.75,-20.9203
1388585625.0,-20.92048
1388585781.25,-20.92342
1388585937.5,-20.92719
1388586093.75,-20.93169
1388586250.0,-20.93527
1388586406.25,-20.93816
1388586562.5,-20.94284
1388586718.75,-20.94299
1388586875.0,-20.94789
1388587031.25,-20.95133
1388587187.5,-20.95486
1388587343.75,-20.95986
1388587500.0,-20.96156
1388587656.25,-20.96595
1388587812.5,-20.96737
1388587968.75,-20.97226
1388588125.0,-20.97463
1388588281.25,-20.9784
1388588437.5,-20.98065
1388588593.75,-20.98533
1388588750.0,-20.98794
1388588906.25,-20.9931
1388589062.5,-20.99356
1388589218.75,-20.9979
1388589375.0,-21.00195
1388589531.25,-21.00416
1388589687.5,-21.00957
1388589843.75,-21.01272
1388590000.0,-21.01433
1388590156.25,-21.0191
1388590312.5,-21.0218
1388590468.75,-21.02381
1388590625.0,-21.02875
1388590781.25,-21.03177
1388590937.5,-21.0351
1388591093.75,-21.03934
1388591250.0,-21.04148
1388591406.25,-21.04768
1388591562.5,-21.05075
1388591718.75,-21.05291
1388591875.0,-21.0561
1388592031.25,-21.0572
1388592187.5,-21.06304
1388592343.75,-21.06659
1388592500.0,-21.07188
1388592656.25,-21.07129
1388592812.5,-21.07454
1388592968.75,-21.07855
1388593125.0,-21.08351
1388593281.25,-21.08386
1388593437.5,-21.08852
1388593593.75,-21.09258
1388593750.0,-21.09487
1388593906.25,-21.0956
1388594062.5,-21.10454
1388594218.75,-21.10629
1388594375.0,-21.1089
1388594531.25,-21.11346
1388594687.5,-21.11498
1388594843.75,-21.11938
1388595000.0,-21.12327
1388595156.25,-21.12535
1388595312.5,-21.12967
1388595468.75,-21.13544
1388595625.0,-21.13795
1388595781.25,-21.13931
1388595937.5,-21.14248
1388596093.75,-21.14656
1388596250.0,-21.14759
1388596406.25,-21.15228
1388596562.5,-21.15676
1388596718.75,-21.15816
1388596875.0,-21.16306
1388597031.25,-21.16536
1388597187.5,-21.17031
1388597343.75,-21.17095
1388597500.0,-21.17283
1388597656.25,-21.17921
1388597812.5,-21.18346
1388597968.75,-21.18381
1388598125.0,-21.18853
1388598281.25,-21.1913
1388598437.5,-21.19332
1388598593.75,-21.19851
1388598750.0,-21.20211
1388598906.25,-21.20312
1388599062.5,-21.20933
1388599218.75,-21.21388
1388599375.0,-21.21463
1388599531.25,-21.21706
1388599687.5,-21.22174
1388599843.75,-21.22243
1388600000.0,-21.22921
1388600156.25,-21.23017
1388600312.5,-21.23566
1388600468.75,-21.23785
1388600625.0,-21.24361
1388600781.25,-21.24689
1388600937.5,-21.25005
1388601093.75,-21.25132
1388601250.0,-21.25182
1388601406.25,-21.25651
1388601562.5,-21.25963
1388601718.75,-21.26596
1388601875.0,-21.26834
1388602031.25,-21.2701
1388602187.5,-21.27584
1388602343.75,-21.27787
1388602500.0,-21.2802
1388602656.25,-21.28414
1388602812.5,-21.28665
1388602968.75,-21.29097
1388603125.0,-21.29374
1388603281.25,-21.29722
1388603437.5,-21.30111
1388603593.75,-21.30397
1388603750.0,-21.30698
1388603906.25,-21.31177
1388604062.5,-21.31401
1388604218.75,-21.31597
1388604375.0,-21.31994
1388604531.25,-21.32332
1388604687.5,-21.32627
1388604843.75,-21.33003
1388605000.0,-21.33503
1388605156.25,-21.33477
1388605312.5,-21.33842
1388605468.75,-21.34236
1388605625.0,-21.34615
1388605781.25,-21.348
1388605937.5,-21.35311
1388606093.75,-21.35512
1388606250.0,-21.35718
1388606406.25,-21.36035
1388606562.5,-21.36443
1388606718.75,-21.37037
1388606875.0,-21.37169
1388607031.25,-21.37387
1388607187.5,-21.37714
1388607343.75,-21.38189
1388607500.0,-21.38608
1388607656.25,-21.38819
1388607812.5,-21.38849
1388607968.75,-21.39341
1388608125.0,-21.39761
1388608281.25,-21.40133
1388608437.5,-21.40273
1388608593.75,-21.40674
1388608750.0,-21.40964
1388608906.25,-21.4154
1388609062.5,-21.41813
1388609218.75,-21.41757
1388609375.0,-21.42282
1388609531.25,-21.4269
1388609687.5,-21.4292
1388609843.75,-21.4327
1388610000.0,-21.43419
1388610156.25,-21.44006
1388610312.5,-21.44291
1388610468.75,-21.44455
1388610625.0,-21.44824
1388610781.25,-21.45073
1388610937.5,-21.45413
1388611093.75,-21.45895
1388611250.0,-21.46111
1388611406.25,-21.4657
1388611562.5,-21.46779
1388611718.75,-21.47146
1388611875.0,-21.474
1388612031.25,-21.47755
1388612187.5,-21.48177
1388612343.75,-21.48339
1388612500.0,-21.48634
1388612656.25,-21.49071
1388612812.5,-21.49301
1388612968.75,-21.49637
1388613125.0,-21.49955
1388613281.25,-21.50492
1388613437.5,-21.50666
1388613593.75,-21.50897
1388613750.0,-21.51126
1388613906.25,-21.51589
1388614062.5,-21.51924
1388614218.75,-21.52154
1388614375.0,-21.52552
1388614531.25,-21.52919
1388614687.5,-21.53331
1388614843.75,-21.5353
1388615000.0,-21.53934
1388615156.25,-21.54031
1388615312.5,-21.54499
1388615468.75,-21.54624
1388615625.0,-21.55292
1388615781.25,-21.55421
1388615937.5,-21.55853
1388616093.75,-21.56087
1388616250.0,-21.56366
1388616406.25,-21.56847
1388616562.5,-21.57029
1388616718.75,-21.5759
1388616875.0,-21.57911
1388617031.25,-21.57992
1388617187.5,-21.58325
1388617343.75,-21.58428
1388617500.0,-21.5912
1388617656.25,-21.59076
1388617812.5,-21.59739
1388617968.75,-21.59918
1388618125.0,-21.60093
1388618281.25,-21.60489
1388618437.5,-21.60993
1388618593.75,-21.61135
1388618750.0,-21.6163
1388618906.25,-21.61776
1388619062.5,-21.62136
1388619218.75,-21.62406
1388619375.0,-21.62633
1388619531.25,-21.63254
1388619687.5,-21.63193
1388619843.75,-21.63783
1388620000.0,-21.63859
1388620156.25,-21.64314
1388620312.5,-21.64683
1388620468.75,-21.64799
1388620625.0,-21.65126
1388620781.25,-21.65721
1388620937.5,-21.65835
1388621093.75,-21.66085
1388621250.0,-21.66482
1388621406.25,-21.669
1388621562.5,-21.67013
1388621718.75,-21.67459
1388621875.0,-21.67707
1388622031.25,-21.68193
1388622187.5,-21.6827
1388622343.75,-21.68716
1388622500.0,-21.68995
1388622656.25,-21.69143
1388622812.5,-21.69788
1388622968.75,-21.70053
1388623125.0,-21.70333
1388623281.25,-21.70481
1388623437.5,-21.71078
1388623593.75,-21.7118
1388623750.0,-21.71562
1388623906.25,-21.72028
1388624062.5,-21.72202
1388624218.75,-21.72389
1388624375.0,-21.7268
1388624531.25,-21.73319
1388624687.5,-21.73548
1388624843.75,-21.73825
1388625000.0,-21.74043
1388625156.25,-21.74232
1388625312.5,-21.74898
1388625468.75,-21.75012
1388625625.0,-21.75309
1388625781.25,-21.75368
1388625937.5,-21.75939
1388626093.75,-21.76043
1388626250.0,-21.76627
1388626406.25,-21.76788
1388626562.5,-21.77175
1388626718.75,-21.77515
1388626875.0,-21.77714
1388627031.25,-21.78194
1388627187.5,-21.78419
1388627343.75,-21.78711
1388627500.0,-21.79033
1388627656.25,-21.7921
1388627812.5,-21.79561
1388627968.75,-21.799
1388628125.0,-21.80304
1388628281.25,-21.80583
1388628437.5,-21.80931
1388628593.75,-21.81221
1388628750.0,-21.81494
1388628906.25,-21.81787
1388629062.5,-21.82129
1388629218.75,-21.82496
1388629375.0,-21.82604
1388629531.25,-21.83022
1388629687.5,-21.83258
1388629843.75,-21.83547
1388630000.0,-21.84117
1388630156.25,-21.84168
1388630312.5,-21.84696
1388630468.75,-21.8504
1388630625.0,-21.85294
1388630781.25,-21.85549
1388630937.5,-21.85601
1388631093.75,-21.86075
1388631250.0,-21.86431
1388631406.25,-21.86743
1388631562.5,-21.87147
1388631718.75,-21.8744
1388631875.0,-21.87497
1388632031.25,-21.87959
1388632187.5,-21.88505
1388632343.75,-21.88475
1388632500.0,-21.88775
1388632656.25,-21.88939
1388632812.5,-21.89512
1388632968.75,-21.89797
1388633125.0,-21.9009
1388633281.25,-21.90316
1388633437.5,-21.90664
1388633593.75,-21.91056
1388633750.0,-21.91137
1388633906.25,-21.9159
1388634062.5,-21.91965
1388634218.75,-21.92399
1388634375.0,-21.92611
1388634531.25,-21.92965
1388634687.5,-21.93218
1388634843.75,-21.93406
1388635000.0,-21.93769
1388635156.25,-21.94081
1388635312.5,-21.94486
1388635468.75,-21.94666
1388635625.0,-21.94986
1388635781.25,-21.95364
1388635937.5,-21.95667
1388636093.75,-21.95777
1388636250.0,-21.96244
1388636406.25,-21.96567
1388636562.5,-21.9681
1388636718.75,-21.97031
1388636875.0,-21.97333
1388637031.25,-21.97729
1388637187.5,-21.98115
1388637343.75,-21.98339
1388637500.0,-21.98583
1388637656.25,-21.98881
1388637812.5,-21.99247
1388637968.75,-21.99555
1388638125.0,-21.9988
1388638281.25,-22.00169
1388638437.5,-22.00388
1388638593.75,-22.00721
1388638750.0,-22.01057
1388638906.25,-22.01229
1388639062.5,-22.0158
1388639218.75,-22.02156
1388639375.0,-22.02417
1388639531.25,-22.02519
1388639687.5,-22.02878
1388639843.75,-22.03056
1388640000.0,-22.03637
1388640156.25,-22.03744
1388640312.5,-22.0391
1388640468.75,-22.04365
1388640625.0,-22.05019
1388640781.25,-22.04727
1388640937.5,-22.05247
1388641093.75,-22.05648
1388641250.0,-22.0597
1388641406.25,-22.06119
1388641562.5,-22.06619
1388641718.75,-22.06989
1388641875.0,-22.0711
1388642031.25,-22.07493
1388642187.5,-22.07656
1388642343.75,-22.08016
1388642500.0,-22.08331
1388642656.25,-22.08832
1388642812.5,-22.08928
1388642968.75,-22.09419
1388643125.0,-22.09866
1388643281.25,-22.09921
1388643437.5,-22.1015
1388643593.75,-22.10553
1388643750.0,-22.1073
1388643906.25,-22.111
1388644062.5,-22.11504
1388644218.75,-22.1185
1388644375.0,-22.11965
1388644531.25,-22.12217
1388644687.5,-22.12843
1388644843.75,-22.12799
1388645000.0,-22.13314
1388645156.25,-22.13328
1388645312.5,-22.13907
1388645468.75,-22.13803
1388645625.0,-22.14373
1388645781.25,-22.14622
1388645937.5,-22.14721
1388646093.75,-22.15308
1388646250.0,-22.15618
1388646406.25,-22.15869
1388646562.5,-22.15989
1388646718.75,-22.16569
1388646875.0,-22.17167
1388647031.25,-22.1696
1388647187.5,-22.17457
1388647343.75,-22.17884
1388647500.0,-22.17895
1388647656.25,-22.18146
1388647812.5,-22.18499
1388647968.75,-22.1889
1388648125.0,-22.19287
1388648281.25,-22.19119
1388648437.5,-22.19911
1388648593.75,-22.19979
1388648750.0,-22.20316
1388648906.25,-22.20549
1388649062.5,-22.2101
1388649218.75,-22.21314
1388649375.0,-22.21401
1388649531.25,-22.21841
1388649687.5,-22.22236
1388649843.75,-22.22353
1388650000.0,-22.22913
1388650156.25,-22.22904
1388650312.5,-22.23315
1388650468.75,-22.2347
1388650625.0,-22.23877
1388650781.25,-22.24195
1388650937.5,-22.2438
1388651093.75,-22.24993
1388651250.0,-22.25204
1388651406.25,-22.25396
1388651562.5,-22.25638
1388651718.75,-22.2576
1388651875.0,-22.26299
1388652031.25,-22.26483
1388652187.5,-22.26888
1388652343.75,-22.27174
1388652500.0,-22.27297
1388652656.25,-22.27688
1388652812.5,-22.28251
1388652968.75,-22.28213
1388653125.0,-22.28617
1388653281.25,-22.29106
1388653437.5,-22.29017
1388653593.75,-22.29709
1388653750.0,-22.29663
1388653906.25,-22.30276
1388654062.5,-22.30173
1388654218.75,-22.30562
1388654375.0,-22.30788
1388654531.25,-22.31237
1388654687.5,-22.31579
1388654843.75,-22.31973
1388655000.0,-22.32189
1388655156.25,-22.32747
1388655312.5,-22.32772
1388655468.75,-22.3304
1388655625.0,-22.33294
1388655781.25,-22.33752
1388655937.5,-22.33859
1388656093.75,-22.34126
1388656250.0,-22.34609
1388656406.25,-22.34868
1388656562.5,-22.35244
1388656718.75,-22.35408
1388656875.0,-22.35774
1388657031.25,-22.36112
1388657187.5,-22.36083
1388657343.75,-22.36691
1388657500.0,-22.36863
1388657656.25,-22.37098
1388657812.5,-22.37511
1388657968.75,-22.37729
1388658125.0,-22.38163
1388658281.25,-22.38286
1388658437.5,-22.38686
1388658593.75,-22.38933
1388658750.0,-22.39313
1388658906.25,-22.39679
1388659062.5,-22.39842
1388659218.75,-22.40204
1388659375.0,-22.40395
1388659531.25,-22.40535
1388659687.5,-22.40942
1388659843.75,-22.4104
1388660000.0,-22.41591
1388660156.25,-22.42018
1388660312.5,-22.41949
1388660468.75,-22.42149
1388660625.0,-22.42603
1388660781.25,-22.43042
1388660937.5,-22.43183
1388661093.75,-22.43845
1388661250.0,-22.43816
1388661406.25,-22.44306
1388661562.5,-22.44752
1388661718.75,-22.44809
1388661875.0,-22.45077
1388662031.25,-22.45624
1388662187.5,-22.45507
1388662343.75,-22.46132
1388662500.0,-22.45984
1388662656.25,-22.4653
1388662812.5,-22.46719
1388662968.75,-22.47219
1388663125.0,-22.47481
1388663281.25,-22.47496
1388663437.5,-22.47672
1388663593.75,-22.48286
1388663750.0,-22.48338
1388663906.25,-22.48819
1388664062.5,-22.49102
1388664218.75,-22.49382
1388664375.0,-22.49868
1388664531.25,-22.50008
1388664687.5,-22.50151
1388664843.75,-22.50618
1388665000.0,-22.50665
1388665156.25,-22.50754
1388665312.5,-22.51275
1388665468.75,-22.51544
1388665625.0,-22.52291
1388665781.25,-22.52366
1388665937.5,-22.52593
1388666093.75,-22.52898
1388666250.0,-22.53008
1388666406.25,-22.53607
1388666562.5,-22.53757
1388666718.75,-22.53922
1388666875.0,-22.54273
1388667031.25,-22.54429
1388667187.5,-22.54897
1388667343.75,-22.55109
1388667500.0,-22.55381
1388667656.25,-22.55837
1388667812.5,-22.55934
1388667968.75,-22.56413
1388668125.0,-22.56638
1388668281.25,-22.56886
1388668437.5,-22.56909
1388668593.75,-22.57704
1388668750.0,-22.57864
1388668906.25,-22.58114
1388669062.5,-22.58305
1388669218.75,-22.58516
1388669375.0,-22.59054
1388669531.25,-22.59358
1388669687.5,-22.59669
1388669843.75,-22.59717
1388670000.0,-22.59953
1388670156.25,-22.60441
1388670312.5,-22.60752
1388670468.75,-22.61165
1388670625.0,-22.61109
1388670781.25,-22.61287
1388670937.5,-22.6181
1388671093.75,-22.61929
1388671250.0,-22.62246
1388671406.25,-22.62634
1388671562.5,-22.62822
1388671718.75,-22.63049
1388671875.0,-22.63442
1388672031.25,-22.63767
1388672187.5,-22.64107
1388672343.75,-22.64507
1388672500.0,-22.64657
1388672656.25,-22.65006
1388672812.5,-22.65045
1388672968.75,-22.65339
1388673125.0,-22.65853
1388673281.25,-22.66051
1388673437.5,-22.66338
1388673593.75,-22.66589
1388673750.0,-22.66931
1388673906.25,-22.67056
1388674062.5,-22.67418
1388674218.75,-22.67789
1388674375.0,-22.68186
1388674531.25,-22.68305
1388674687.5,-22.6877
1388674843.75,-22.69014
1388675000.0,-22.69121
1388675156.25,-22.6953
1388675312.5,-22.69727
1388675468.75,-22.70189
1388675625.0,-22.70479
1388675781.25,-22.70429
1388675937.5,-22.70639
1388676093.75,-22.71158
1388676250.0,-22.71556
1388676406.25,-22.71582
1388676562.5,-22.7178
1388676718.75,-22.7217
1388676875.0,-22.72672
1388677031.25,-22.7281
1388677187.5,-22.73163
1388677343.75,-22.7317
1388677500.0,-22.73708
1388677656.25,-22.74113
1388677812.5,-22.74183
1388677968.75,-22.74371
1388678125.0,-22.74788
1388678281.25,-22.75024
1388678437.5,-22.75208
1388678593.75,-22.75664
1388678750.0,-22.75883
1388678906.25,-22.75947
1388679062.5,-22.76897
1388679218.75,-22.76713
1388679375.0,-22.77032
1388679531.25,-22.77318
1388679687.5,-22.77752
1388679843.75,-22.78237
1388680000.0,-22.78316
1388680156.25,-22.78442
1388680312.5,-22.78563
1388680468.75,-22.78986
1388680625.0,-22.79356
1388680781.25,-22.79605
1388680937.5,-22.79851
1388681093.75,-22.80176
1388681250.0,-22.80455
1388681406.25,-22.80765
1388681562.5,-22.80881
1388681718.75,-22.81325
1388681875.0,-22.81566
1388682031.25,-22.81743
1388682187.5,-22.82078
1388682343.75,-22.82349
1388682500.0,-22.82746
1388682656.25,-22.829
1388682812.5,-22.83381
1388682968.75,-22.83413
1388683125.0,-22.83877
1388683281.25,-22.84208
1388683437.5,-22.84448
1388683593.75,-22.8445
1388683750.0,-22.84637
1388683906.25,-22.85326
1388684062.5,-22.85378
1388684218.75,-22.85471
1388684375.0,-22.86111
1388684531.25,-22.8653
1388684687.5,-22.8662
1388684843.75,-22.86905
1388685000.0,-22.86795
1388685156.25,-22.87325
1388685312.5,-22.87579
1388685468.75,-22.87816
1388685625.0,-22.88466
1388685781.25,-22.88464
1388685937.5,-22.88857
1388686093.75,-22.88946
1388686250.0,-22.89296
1388686406.25,-22.89529
1388686562.5,-22.8985
1388686718.75,-22.90014
1388686875.0,-22.90649
1388687031.25,-22.90944
1388687187.5,-22.91091
1388687343.75,-22.91135
1388687500.0,-22.91691
1388687656.25,-22.91931
1388687812.5,-22.9194
1388687968.75,-22.92357
1388688125.0,-22.92696
1388688281.25,-22.92824
1388688437.5,-22.9346
1388688593.75,-22.9369
1388688750.0,-22.9384
1388688906.25,-22.94317
1388689062.5,-22.94441
1388689218.75,-22.94525
1388689375.0,-22.94599
1388689531.25,-22.94824
1388689687.5,-22.9551
1388689843.75,-22.95604
1388690000.0,-22.95852
1388690156.25,-22.9626
1388690312.5,-22.96559
1388690468.75,-22.96785
1388690625.0,-22.96939
1388690781.25,-22.97486
1388690937.5,-22.97708
1388691093.75,-22.97899
1388691250.0,-22.98027
1388691406.25,-22.98709
1388691562.5,-22.98651
1388691718.75,-22.98835
1388691875.0,-22.99022
1388692031.25,-22.99627
1388692187.5,-22.99809
1388692343.75,-23.00057
1388692500.0,-23.00407
1388692656.25,-23.00684
1388692812.5,-23.0084
1388692968.75,-23.01009
1388693125.0,-23.01427
1388693281.25,-23.01542
1388693437.5,-23.01852
1388693593.75,-23.02423
1388693750.0,-23.02624
1388693906.25,-23.02989
1388694062.5,-23.03152
1388694218.75,-23.03547
1388694375.0,-23.03738
1388694531.25,-23.03822
1388694687.5,-23.04257
1388694843.75,-23.04242
1388695000.0,-23.04757
1388695156.25,-23.04936
1388695312.5,-23.05287
1388695468.75,-23.05497
1388695625.0,-23.05961
1388695781.25,-23.06352
1388695937.5,-23.06348
1388696093.75,-23.06476
1388696250.0,-23.07006
1388696406.25,-23.07048
1388696562.5,-23.07467
1388696718.75,-23.07911
1388696875.0,-23.08145
1388697031.25,-23.08179
1388697187.5,-23.08522
1388697343.75,-23.08644
1388697500.0,-23.08937
1388697656.25,-23.09383
1388697812.5,-23.09492
1388697968.75,-23.09883
1388698125.0,-23.1005
1388698281.25,-23.10285
1388698437.5,-23.10663
1388698593.75,-23.11112
1388698750.0,-23.1122
1388698906.25,-23.11567
1388699062.5,-23.1178
1388699218.75,-23.11906
1388699375.0,-23.12312
1388699531.25,-23.12516
1388699687.5,-23.12858
1388699843.75,-23.13242
1388700000.0,-23.13422
1388700156.25,-23.13521
1388700312.5,-23.13951
1388700468.75,-23.1396
1388700625.0,-23.14565
1388700781.25,-23.14813
1388700937.5,-23.15134
1388701093.75,-23.15577
1388701250.0,-23.15366
1388701406.25,-23.15701
1388701562.5,-23.16085
1388701718.75,-23.16686
1388701875.0,-23.16771
1388702031.25,-23.16706
1388702187.5,-23.17094
1388702343.75,-23.17489
1388702500.0,-23.17718
1388702656.25,-23.18073
1388702812.5,-23.18079
1388702968.75,-23.1846
1388703125.0,-23.18791
1388703281.25,-23.18971
1388703437.5,-23.19314
1388703593.75,-23.19534
1388703750.0,-23.1995
1388703906.25,-23.20009
1388704062.5,-23.20403
1388704218.75,-23.20543
1388704375.0,-23.20738
1388704531.25,-23.20971
1388704687.5,-23.21623
1388704843.75,-23.21917
1388705000.0,-23.21987
1388705156.25,-23.22349
1388705312.5,-23.22787
1388705468.75,-23.22747
1388705625.0,-23.23163
1388705781.25,-23.2337
1388705937.5,-23.2377
1388706093.75,-23.2404
1388706250.0,-23.24303
1388706406.25,-23.2435
1388706562.5,-23.24777
1388706718.75,-23.24798
1388706875.0,-23.2538
1388707031.25,-23.25698
1388707187.5,-23.25827
1388707343.75,-23.26132
1388707500.0,-23.26258
1388707656.25,-23.26231
1388707812.5,-23.27038
1388707968.75,-23.27166
1388708125.0,-23.27481
1388708281.25,-23.27789
1388708437.5,-23.27904
1388708593.75,-23.28398
1388708750.0,-23.28646
1388708906.25,-23.28695
1388709062.5,-23.28988
1388709218.75,-23.29488
1388709375.0,-23.29414
1388709531.25,-23.29708
1388709687.5,-23.29901
1388709843.75,-23.30408
1388710000.0,-23.3072
1388710156.25,-23.30774
1388710312.5,-23.3105
1388710468.75,-23.31451
1388710625.0,-23.31647
1388710781.25,-23.31794
1388710937.5,-23.3212
1388711093.75,-23.32513
1388711250.0,-23.32701
1388711406.25,-23.32825
1388711562.5,-23.3305
1388711718.75,-23.3338
1388711875.0,-23.33541
1388712031.25,-23.34045
1388712187.5,-23.34351
1388712343.75,-23.34422
1388712500.0,-23.34699
1388712656.25,-23.35111
1388712812.5,-23.35228
1388712968.75,-23.35459
1388713125.0,-23.3601
1388713281.25,-23.36114
1388713437.5,-23.36366
1388713593.75,-23.36973
1388713750.0,-23.36713
1388713906.25,-23.37142
1388714062.5,-23.3768
1388714218.75,-23.37684
1388714375.0,-23.37993
1388714531.25,-23.38251
1388714687.5,-23.38558
1388714843.75,-23.38619
1388715000.0,-23.38942
1388715156.25,-23.3906
1388715312.5,-23.39443
1388715468.75,-23.39888
1388715625.0,-23.39894
1388715781.25,-23.40072
1388715937.5,-23.40834
1388716093.75,-23.41067
1388716250.0,-23.40868
1388716406.25,-23.41408
1388716562.5,-23.41936
1388716718.75,-23.4206
1388716875.0,-23.41984
1388717031.25,-23.42445
1388717187.5,-23.42783
1388717343.75,-23.42952
1388717500.0,-23.43319
1388717656.25,-23.43651
1388717812.5,-23.43617
1388717968.75,-23.43982
1388718125.0,-23.44164
1388718281.25,-23.44514
1388718437.5,-23.44678
1388718593.75,-23.44867
1388718750.0,-23.45336
1388718906.25,-23.45443
1388719062.5,-23.45687
1388719218.75,-23.46045
1388719375.0,-23.46131
1388719531.25,-23.4649
1388719687.5,-23.4703
1388719843.75,-23.47207
1388720000.0,-23.47197
1388720156.25,-23.47889
1388720312.5,-23.47918
1388720468.75,-23.4803
1388720625.0,-23.48623
1388720781.25,-23.4861
1388720937.5,-23.49064
1388721093.75,-23.49413
1388721250.0,-23.49307
1388721406.25,-23.49859
1388721562.5,-23.49919
1388721718.75,-23.49857
1388721875.0,-23.5052
1388722031.25,-23.5087
1388722187.5,-23.51014
1388722343.75,-23.51431
1388722500.0,-23.51433
1388722656.25,-23.51634
1388722812.5,-23.51936
1388722968.75,-23.52491
1388723125.0,-23.52752
1388723281.25,-23.52557
1388723437.5,-23.53099
1388723593.75,-23.5345
1388723750.0,-23.53683
1388723906.25,-23.54073
1388724062.5,-23.54226
1388724218.75,-23.54454
1388724375.0,-23.54763
1388724531.25,-23.54979
1388724687.5,-23.5537
1388724843.75,-23.55593
1388725000.0,-23.55975
1388725156.25,-23.5623
1388725312.5,-23.56228
1388725468.75,-23.56292
1388725625.0,-23.56867
1388725781.25,-23.56912
1388725937.5,-23.57602
1388726093.75,-23.5773
1388726250.0,-23.57757
1388726406.25,-23.5796
1388726562.5,-23.5841
1388726718.75,-23.58553
1388726875.0,-23.58882
1388727031.25,-23.59081
1388727187.5,-23.59228
1388727343.75,-23.59966
1388727500.0,-23.59728
1388727656.25,-23.60017
1388727812.5,-23.60443
1388727968.75,-23.60512
1388728125.0,-23.60729
1388728281.25,-23.61097
1388728437.5,-23.61257
1388728593.75,-23.61493
1388728750.0,-23.61967
1388728906.25,-23.61916
1388729062.5,-23.62379
1388729218.75,-23.62603
1388729375.0,-23.62979
1388729531.25,-23.63181
1388729687.5,-23.6343
1388729843.75,-23.63843
1388730000.0,-23.63633
1388730156.25,-23.6425
1388730312.5,-23.64409
1388730468.75,-23.64609
1388730625.0,-23.64876
1388730781.25,-23.65207
1388730937.5,-23.65659
1388731093.75,-23.65752
1388731250.0,-23.65986
1388731406.25,-23.65809
1388731562.5,-23.66567
1388731718.75,-23.66899
1388731875.0,-23.67148
1388732031.25,-23.67287
1388732187.5,-23.67664
1388732343.75,-23.67801
1388732500.0,-23.68144
1388732656.25,-23.68355
1388732812.5,-23.68555
1388732968.75,-23.68676
1388733125.0,-23.69124
1388733281.25,-23.69549
1388733437.5,-23.69451
1388733593.75,-23.69816
1388733750.0,-23.70128
1388733906.25,-23.70231
1388734062.5,-23.70418
1388734218.75,-23.71196
1388734375.0,-23.71436
1388734531.25,-23.71259
1388734687.5,-23.71659
1388734843.75,-23.71797
1388735000.0,-23.72118
1388735156.25,-23.72199
1388735312.5,-23.72716
1388735468.75,-23.72876
1388735625.0,-23.72978
1388735781.25,-23.73311
1388735937.5,-23.73479
1388736093.75,-23.73844
1388736250.0,-23.74089
1388736406.25,-23.74458
1388736562.5,-23.74684
1388736718.75,-23.75024
1388736875.0,-23.74999
1388737031.25,-23.75327
1388737187.5,-23.75779
1388737343.75,-23.75872
1388737500.0,-23.76342
1388737656.25,-23.76537
1388737812.5,-23.76796
1388737968.75,-23.7687
1388738125.0,-23.77278
1388738281.25,-23.77349
1388738437.5,-23.77802
1388738593.75,-23.77814
1388738750.0,-23.78309
1388738906.25,-23.78329
1388739062.5,-23.78581
1388739218.75,-23.78871
1388739375.0,-23.79109
1388739531.25,-23.79393
1388739687.5,-23.7973
1388739843.75,-23.80064
1388740000.0,-23.80239
1388740156.25,-23.80606
1388740312.5,-23.80708
1388740468.75,-23.80784
1388740625.0,-23.81346
1388740781.25,-23.81494
1388740937.5,-23.8178
1388741093.75,-23.81724
1388741250.0,-23.82319
1388741406.25,-23.82453
1388741562.5,-23.82693
1388741718.75,-23.83128
1388741875.0,-23.83366
1388742031.25,-23.83309
1388742187.5,-23.83776
1388742343.75,-23.84097
1388742500.0,-23.8428
1388742656.25,-23.84511
1388742812.5,-23.84653
1388742968.75,-23.84807
1388743125.0,-23.84977
1388743281.25,-23.85382
1388743437.5,-23.85599
1388743593.75,-23.86047
1388743750.0,-23.86528
1388743906.25,-23.86588
1388744062.5,-23.86803
1388744218.75,-23.87003
1388744375.0,-23.87191
1388744531.25,-23.87511
1388744687.5,-23.8776
1388744843.75,-23.87972
1388745000.0,-23.88165
1388745156.25,-23.88409
1388745312.5,-23.88642
1388745468.75,-23.88716
1388745625.0,-23.89215
1388745781.25,-23.89799
1388745937.5,-23.89659
1388746093.75,-23.90248
1388746250.0,-23.90197
1388746406.25,-23.90414
1388746562.5,-23.90876
1388746718.75,-23.90993
1388746875.0,-23.91005
1388747031.25,-23.91545
1388747187.5,-23.91805
1388747343.75,-23.92117
1388747500.0,-23.91959
1388747656.25,-23.92302
1388747812.5,-23.92773
1388747968.75,-23.93015
1388748125.0,-23.93119
1388748281.25,-23.93456
1388748437.5,-23.93641
1388748593.75,-23.9394
1388748750.0,-23.94411
1388748906.25,-23.94617
1388749062.5,-23.94679
1388749218.75,-23.94702
1388749375.0,-23.95213
1388749531.25,-23.95331
1388749687.5,-23.95727
1388749843.75,-23.9604
1388750000.0,-23.96082
1388750156.25,-23.96208
1388750312.5,-23.96441
1388750468.75,-23.97356
1388750625.0,-23.97425
1388750781.25,-23.97151
1388750937.5,-23.97788
1388751093.75,-23.98303
1388751250.0,-23.98505
1388751406.25,-23.98664
1388751562.5,-23.9875
1388751718.75,-23.98886
1388751875.0,-23.99207
1388752031.25,-23.99368
1388752187.5,-24.00028
1388752343.75,-23.99897
1388752500.0,-24.00159
1388752656.25,-24.00427
1388752812.5,-24.00564
1388752968.75,-24.0086
1388753125.0,-24.01056
1388753281.25,-24.01435
1388753437.5,-24.01506
1388753593.75,-24.02151
1388753750.0,-24.0226
1388753906.25,-24.02481
1388754062.5,-24.02483
1388754218.75,-24.0296
1388754375.0,-24.03362
1388754531.25,-24.03577
1388754687.5,-24.03352
1388754843.75,-24.03807
1388755000.0,-24.0446
1388755156.25,-24.04279
1388755312.5,-24.04771
1388755468.75,-24.04722
1388755625.0,-24.05174
1388755781.25,-24.05315
1388755937.5,-24.05811
1388756093.75,-24.05914
1388756250.0,-24.05894
1388756406.25,-24.06473
1388756562.5,-24.06344
1388756718.75,-24.06856
1388756875.0,-24.0702
1388757031.25,-24.07125
1388757187.5,-24.07561
1388757343.75,-24.0787
1388757500.0,-24.08275
1388757656.25,-24.08519
1388757812.5,-24.08575
1388757968.75,-24.09017
1388758125.0,-24.08674
1388758281.25,-24.09114
1388758437.5,-24.09448
1388758593.75,-24.09676
1388758750.0,-24.0985
1388758906.25,-24.10161
1388759062.5,-24.10459
1388759218.75,-24.10896
1388759375.0,-24.11035
1388759531.25,-24.11116
1388759687.5,-24.11568
1388759843.75,-24.11897
1388760000.0,-24.11947
1388760156.25,-24.12029
1388760312.5,-24.12465
1388760468.75,-24.12893
1388760625.0,-24.12857
1388760781.25,-24.1337
1388760937.5,-24.13507
1388761093.75,-24.13659
1388761250.0,-24.139
1388761406.25,-24.14393
1388761562.5,-24.14458
1388761718.75,-24.14687
1388761875.0,-24.14918
1388762031.25,-24.14941
1388762187.5,-24.1511
1388762343.75,-24.1565
1388762500.0,-24.1563
1388762656.25,-24.16149
1388762812.5,-24.16518
1388762968.75,-24.1668
1388763125.0,-24.16772
1388763281.25,-24.17098
1388763437.5,-24.17355
1388763593.75,-24.17284
1388763750.0,-24.1754
1388763906.25,-24.18169
1388764062.5,-24.18381
1388764218.75,-24.18549
1388764375.0,-24.1879
1388764531.25,-24.18854
1388764687.5,-24.19152
1388764843.75,-24.1932
1388765000.0,-24.19358
1388765156.25,-24.1986
1388765312.5,-24.20094
1388765468.75,-24.20346
1388765625.0,-24.2062
1388765781.25,-24.21131
1388765937.5,-24.21012
1388766093.75,-24.2149
1388766250.0,-24.2169
1388766406.25,-24.21926
1388766562.5,-24.22073
1388766718.75,-24.22247
1388766875.0,-24.22513
1388767031.25,-24.2299
1388767187.5,-24.23117
1388767343.75,-24.23406
1388767500.0,-24.23508
1388767656.25,-24.2377
1388767812.5,-24.24045
1388767968.75,-24.24163
1388768125.0,-24.24481
1388768281.25,-24.24609
1388768437.5,-24.24924
1388768593.75,-24.25119
1388768750.0,-24.25812
1388768906.25,-24.25715
1388769062.5,-24.26117
1388769218.75,-24.26378
1388769375.0,-24.26509
1388769531.25,-24.26637
1388769687.5,-24.27133
1388769843.75,-24.27232
1388770000.0,-24.27436
1388770156.25,-24.27674
1388770312.5,-24.27979
1388770468.75,-24.28057
1388770625.0,-24.28412
1388770781.25,-24.28523
1388770937.5,-24.28704
1388771093.75,-24.29132
1388771250.0,-24.29352
1388771406.25,-24.29618
1388771562.5,-24.29885
1388771718.75,-24.29827
1388771875.0,-24.30174
1388772031.25,-24.305
1388772187.5,-24.30695
1388772343.75,-24.30721
1388772500.0,-24.31278
1388772656.25,-24.31463
1388772812.5,-24.31686
1388772968.75,-24.31992
1388773125.0,-24.32365
1388773281.25,-24.32662
1388773437.5,-24.32691
1388773593.75,-24.32789
1388773750.0,-24.33137
1388773906.25,-24.33283
1388774062.5,-24.3371
1388774218.75,-24.33947
1388774375.0,-24.33865
1388774531.25,-24.34286
1388774687.5,-24.34434
1388774843.75,-24.35092
1388775000.0,-24.35025
1388775156.25,-24.35443
1388775312.5,-24.35395
1388775468.75,-24.3526
1388775625.0,-24.35801
1388775781.25,-24.35967
1388775937.5,-24.36641
1388776093.75,-24.36564
1388776250.0,-24.36996
1388776406.25,-24.37148
1388776562.5,-24.37434
1388776718.75,-24.37329
1388776875.0,-24.37647
1388777031.25,-24.38276
1388777187.5,-24.38355
1388777343.75,-24.38415
1388777500.0,-24.38955
1388777656.25,-24.39295
1388777812.5,-24.39395
1388777968.75,-24.39679
1388778125.0,-24.39716
1388778281.25,-24.39814
1388778437.5,-24.39981
1388778593.75,-24.40615
1388778750.0,-24.40744
1388778906.25,-24.40968
1388779062.5,-24.41069
1388779218.75,-24.41319
1388779375.0,-24.41579
1388779531.25,-24.41736
1388779687.5,-24.4204
1388779843.75,-24.42158
1388780000.0,-24.4277
1388780156.25,-24.42641
1388780312.5,-24.42896
1388780468.75,-24.43415
1388780625.0,-24.43478
1388780781.25,-24.43603
1388780937.5,-24.4402
1388781093.75,-24.44071
1388781250.0,-24.44275
1388781406.25,-24.44753
1388781562.5,-24.44759
1388781718.75,-24.4509
1388781875.0,-24.45417
1388782031.25,-24.45727
1388782187.5,-24.45861
1388782343.75,-24.46016
1388782500.0,-24.46075
1388782656.25,-24.46303
1388782812.5,-24.47003
1388782968.75,-24.47257
1388783125.0,-24.47038
1388783281.25,-24.47631
1388783437.5,-24.47635
1388783593.75,-24.47702
1388783750.0,-24.48297
1388783906.25,-24.48497
1388784062.5,-24.48848
1388784218.75,-24.49206
1388784375.0,-24.49316
1388784531.25,-24.49513
1388784687.5,-24.49669
1388784843.75,-24.50088
1388785000.0,-24.50208
1388785156.25,-24.50346
1388785312.5,-24.5071
1388785468.75,-24.51003
1388785625.0,-24.50973
1388785781.25,-24.51302
1388785937.5,-24.51715
1388786093.75,-24.51776
1388786250.0,-24.52006
1388786406.25,-24.52258
1388786562.5,-24.52282
1388786718.75,-24.52557
1388786875.0,-24.52783
1388787031.25,-24.5304
1388787187.5,-24.53393
1388787343.75,-24.53692
1388787500.0,-24.5371
1388787656.25,-24.53815
1388787812.5,-24.54171
1388787968.75,-24.54499
1388788125.0,-24.54652
1388788281.25,-24.54824
1388788437.5,-24.55307
1388788593.75,-24.55467
1388788750.0,-24.55618
1388788906.25,-24.56019
1388789062.5,-24.56239
1388789218.75,-24.56225
1388789375.0,-24.56461
1388789531.25,-24.56886
1388789687.5,-24.56915
1388789843.75,-24.57106
1388790000.0,-24.57362
1388790156.25,-24.57952
1388790312.5,-24.58056
1388790468.75,-24.58267
1388790625.0,-24.58371
1388790781.25,-24.58694
1388790937.5,-24.58974
1388791093.75,-24.59019
1388791250.0,-24.59565
1388791406.25,-24.59565
1388791562.5,-24.60002
1388791718.75,-24.59977
1388791875.0,-24.60444
1388792031.25,-24.60527
1388792187.5,-24.60745
1388792343.75,-24.61065
1388792500.0,-24.61015
1388792656.25,-24.61489
1388792812.5,-24.61744
1388792968.75,-24.61832
1388793125.0,-24.62318
1388793281.25,-24.62083
1388793437.5,-24.62461
1388793593.75,-24.62731
1388793750.0,-24.63112
1388793906.25,-24.63395
1388794062.5,-24.63668
1388794218.75,-24.64105
1388794375.0,-24.64157
1388794531.25,-24.64462
1388794687.5,-24.64559
1388794843.75,-24.64614
1388795000.0,-24.65028
1388795156.25,-24.65115
1388795312.5,-24.65208
1388795468.75,-24.65911
1388795625.0,-24.6595
1388795781.25,-24.66389
1388795937.5,-24.66273
1388796093.75,-24.6627
1388796250.0,-24.66744
1388796406.25,-24.6707
1388796562.5,-24.67472
1388796718.75,-24.67669
1388796875.0,-24.67555
1388797031.25,-24.67537
1388797187.5,-24.68141
1388797343.75,-24.6858
1388797500.0,-24.68597
1388797656.25,-24.68877
1388797812.5,-24.68977
1388797968.75,-24.69456
1388798125.0,-24.69557
1388798281.25,-24.6961
1388798437.5,-24.69825
1388798593.75,-24.70487
1388798750.0,-24.70534
1388798906.25,-24.70758
1388799062.5,-24.71123
1388799218.75,-24.71243
1388799375.0,-24.71274
1388799531.25,-24.71357
1388799687.5,-24.71667
1388799843.75,-24.71815
1388800000.0,-24.72229
1388800156.25,-24.72558
1388800312.5,-24.72561
1388800468.75,-24.73234
1388800625.0,-24.73254
1388800781.25,-24.73672
1388800937.5,-24.73875
1388801093.75,-24.73378
1388801250.0,-24.74174
1388801406.25,-24.7463
1388801562.5,-24.7447
1388801718.75,-24.74983
1388801875.0,-24.74841
1388802031.25,-24.75333
1388802187.5,-24.75773
1388802343.75,-24.75922
1388802500.0,-24.75752
1388802656.25,-24.76036
1388802812.5,-24.76365
1388802968.75,-24.76506
1388803125.0,-24.76642
1388803281.25,-24.76991
1388803437.5,-24.77059
1388803593.75,-24.77301
1388803750.0,-24.77994
1388803906.25,-24.7808
1388804062.5,-24.78033
1388804218.75,-24.7851
1388804375.0,-24.78719
1388804531.25,-24.79099
1388804687.5,-24.79139
1388804843.75,-24.79427
1388805000.0,-24.79698
1388805156.25,-24.7972
1388805312.5,-24.79985
1388805468.75,-24.80108
1388805625.0,-24.80373
1388805781.25,-24.80926
1388805937.5,-24.8106
1388806093.75,-24.81032
1388806250.0,-24.81123
1388806406.25,-24.81632
1388806562.5,-24.81633
1388806718.75,-24.81948
1388806875.0,-24.82416
1388807031.25,-24.82571
1388807187.5,-24.82736
1388807343.75,-24.82994
1388807500.0,-24.83073
1388807656.25,-24.83533
1388807812.5,-24.83184
1388807968.75,-24.8406
1388808125.0,-24.83909
1388808281.25,-24.8412
1388808437.5,-24.84554
1388808593.75,-24.8453
1388808750.0,-24.84682
1388808906.25,-24.84972
1388809062.5,-24.85216
1388809218.75,-24.85712
1388809375.0,-24.86038
1388809531.25,-24.86281
1388809687.5,-24.8651
1388809843.75,-24.86711
1388810000.0,-24.86745
1388810156.25,-24.87129
1388810312.5,-24.87321
1388810468.75,-24.87686
1388810625.0,-24.87757
1388810781.25,-24.87644
1388810937.5,-24.88086
1388811093.75,-24.88333
1388811250.0,-24.88486
1388811406.25,-24.88653
1388811562.5,-24.88871
1388811718.75,-24.89138
1388811875.0,-24.89384
1388812031.25,-24.89595
1388812187.5,-24.89879
1388812343.75,-24.89892
1388812500.0,-24.90713
1388812656.25,-24.90658
1388812812.5,-24.90825
1388812968.75,-24.90794
1388813125.0,-24.91459
1388813281.25,-24.91489
1388813437.5,-24.91568
1388813593.75,-24.91993
1388813750.0,-24.92207
1388813906.25,-24.92266
1388814062.5,-24.92302
1388814218.75,-24.926
1388814375.0,-24.93377
1388814531.25,-24.93159
1388814687.5,-24.93426
1388814843.75,-24.93677
1388815000.0,-24.94065
1388815156.25,-24.94267
1388815312.5,-24.94606
1388815468.75,-24.94579
1388815625.0,-24.94998
1388815781.25,-24.95052
1388815937.5,-24.95237
1388816093.75,-24.95359
1388816250.0,-24.95558
1388816406.25,-24.9582
1388816562.5,-24.96368
1388816718.75,-24.96366
1388816875.0,-24.96761
1388817031.25,-24.96806
1388817187.5,-24.9714
1388817343.75,-24.97233
1388817500.0,-24.97735
1388817656.25,-24.97682
1388817812.5,-24.97992
1388817968.75,-24.98158
1388818125.0,-24.9823
1388818281.25,-24.9888
1388818437.5,-24.98557
1388818593.75,-24.99366
1388818750.0,-24.99318
1388818906.25,-24.99475
1388819062.5,-24.99734
1388819218.75,-24.99967
1388819375.0,-25.00084
1388819531.25,-25.00434
1388819687.5,-25.00784
1388819843.75,-25.00978
1388820000.0,-25.00903
1388820156.25,-25.01308
1388820312.5,-25.01299
1388820468.75,-25.01645
1388820625.0,-25.01765
1388820781.25,-25.023
1388820937.5,-25.02501
1388821093.75,-25.0256
1388821250.0,-25.02558
1388821406.25,-25.03015
1388821562.5,-25.03371
1388821718.75,-25.03665
1388821875.0,-25.0383
1388822031.25,-25.03738
1388822187.5,-25.03951
1388822343.75,-25.04505
1388822500.0,-25.04587
1388822656.25,-25.04497
1388822812.5,-25.05368
1388822968.75,-25.05376
1388823125.0,-25.05527
1388823281.25,-25.05288
1388823437.5,-25.05924
1388823593.75,-25.05939
1388823750.0,-25.06404
1388823906.25,-25.06529
1388824062.5,-25.06839
1388824218.75,-25.07035
1388824375.0,-25.07008
1388824531.25,-25.07757
1388824687.5,-25.07767
1388824843.75,-25.07952
1388825000.0,-25.08282
1388825156.25,-25.0862
1388825312.5,-25.08502
1388825468.75,-25.09011
1388825625.0,-25.08944
1388825781.25,-25.09114
1388825937.5,-25.09406
1388826093.75,-25.09493
1388826250.0,-25.09705
1388826406.25,-25.10196
1388826562.5,-25.10586
1388826718.75,-25.10603
1388826875.0,-25.10784
1388827031.25,-25.10949
1388827187.5,-25.11201
1388827343.75,-25.11316
1388827500.0,-25.11674
1388827656.25,-25.11793
1388827812.5,-25.12178
1388827968.75,-25.12078
1388828125.0,-25.12622
1388828281.25,-25.12858
1388828437.5,-25.12933
1388828593.75,-25.13075
1388828750.0,-25.13365
1388828906.25,-25.13547
1388829062.5,-25.14079
1388829218.75,-25.13997
1388829375.0,-25.14026
1388829531.25,-25.14215
1388829687.5,-25.14907
1388829843.75,-25.14869
1388830000.0,-25.15038
1388830156.25,-25.15528
1388830312.5,-25.15422
1388830468.75,-25.15413
1388830625.0,-25.16212
1388830781.25,-25.16116
1388830937.5,-25.16242
1388831093.75,-25.16778
1388831250.0,-25.16922
1388831406.25,-25.16903
1388831562.5,-25.17375
1388831718.75,-25.17483
1388831875.0,-25.17431
1388832031.25,-25.1764
1388832187.5,-25.18048
1388832343.75,-25.18607
1388832500.0,-25.18737
1388832656.25,-25.19002
1388832812.5,-25.18991
1388832968.75,-25.19041
1388833125.0,-25.19528
1388833281.25,-25.1959
1388833437.5,-25.19934
1388833593.75,-25.20184
1388833750.0,-25.20277
1388833906.25,-25.20398
1388834062.5,-25.2084
1388834218.75,-25.20917
1388834375.0,-25.21341
1388834531.25,-25.21163
1388834687.5,-25.21383
1388834843.75,-25.22099
1388835000.0,-25.22238
1388835156.25,-25.22076
1388835312.5,-25.22499
1388835468.75,-25.22577
1388835625.0,-25.22933
1388835781.25,-25.22853
1388835937.5,-25.23275
1388836093.75,-25.23498
1388836250.0,-25.23824
1388836406.25,-25.23852
1388836562.5,-25.24342
1388836718.75,-25.24368
1388836875.0,-25.24486
1388837031.25,-25.24984
1388837187.5,-25.25343
1388837343.75,-25.25162
1388837500.0,-25.25241
1388837656.25,-25.25838
1388837812.5,-25.25573
1388837968.75,-25.26208
1388838125.0,-25.26276
1388838281.25,-25.26512
1388838437.5,-25.2685
1388838593.75,-25.2695
1388838750.0,-25.27193
1388838906.25,-25.2771
1388839062.5,-25.27412
1388839218.75,-25.28093
1388839375.0,-25.28069
1388839531.25,-25.28006
1388839687.5,-25.28463
1388839843.75,-25.2884
1388840000.0,-25.28624
1388840156.25,-25.28901
1388840312.5,-25.29044
1388840468.75,-25.29207
1388840625.0,-25.29673
1388840781.25,-25.29886
1388840937.5,-25.3028
1388841093.75,-25.30276
1388841250.0,-25.30288
1388841406.25,-25.30922
1388841562.5,-25.31187
1388841718.75,-25.31288
1388841875.0,-25.3122
1388842031.25,-25.31671
1388842187.5,-25.32429
1388842343.75,-25.32008
1388842500.0,-25.31935
1388842656.25,-25.32395
1388842812.5,-25.32609
1388842968.75,-25.32752
1388843125.0,-25.33154
1388843281.25,-25.3311
1388843437.5,-25.33672
1388843593.75,-25.33765
1388843750.0,-25.33817
1388843906.25,-25.34271
1388844062.5,-25.34117
1388844218.75,-25.34742
1388844375.0,-25.34816
1388844531.25,-25.35316
1388844687.5,-25.35068
1388844843.75,-25.35716
1388845000.0,-25.35737
1388845156.25,-25.36202
1388845312.5,-25.36215
1388845468.75,-25.36283
1388845625.0,-25.36493
1388845781.25,-25.37112
1388845937.5,-25.37083
1388846093.75,-25.37077
1388846250.0,-25.37235
1388846406.25,-25.37827
1388846562.5,-25.37882
1388846718.75,-25.38347
1388846875.0,-25.38396
1388847031.25,-25.38248
1388847187.5,-25.38614
1388847343.75,-25.38754
1388847500.0,-25.39134
1388847656.25,-25.38972
1388847812.5,-25.39713
1388847968.75,-25.39566
1388848125.0,-25.39945
1388848281.25,-25.40048
1388848437.5,-25.402
1388848593.75,-25.40698
1388848750.0,-25.41031
1388848906.25,-25.40885
1388849062.5,-25.41202
1388849218.75,-25.41405
1388849375.0,-25.41318
1388849531.25,-25.41903
1388849687.5,-25.42007
1388849843.75,-25.42254
1388850000.0,-25.42593
1388850156.25,-25.43007
1388850312.5,-25.43033
1388850468.75,-25.43079
1388850625.0,-25.43602
1388850781.25,-25.43613
1388850937.5,-25.43946
1388851093.75,-25.44258
1388851250.0,-25.44204
1388851406.25,-25.44211
1388851562.5,-25.44501
1388851718.75,-25.45
1388851875.0,-25.45318
1388852031.25,-25.44928
1388852187.5,-25.45762
1388852343.75,-25.45727
1388852500.0,-25.46016
1388852656.25,-25.46105
1388852812.5,-25.46213
1388852968.75,-25.46601
1388853125.0,-25.46857
1388853281.25,-25.47218
1388853437.5,-25.47377
1388853593.75,-25.47359
1388853750.0,-25.47619
1388853906.25,-25.47641
1388854062.5,-25.48398
1388854218.75,-25.48352
1388854375.0,-25.48643
1388854531.25,-25.48297
1388854687.5,-25.48871
1388854843.75,-25.49115
1388855000.0,-25.48858
1388855156.25,-25.49553
1388855312.5,-25.49806
1388855468.75,-25.49857
1388855625.0,-25.50212
1388855781.25,-25.5049
1388855937.5,-25.50662
1388856093.75,-25.51032
1388856250.0,-25.50921
1388856406.25,-25.51061
1388856562.5,-25.51433
1388856718.75,-25.51861
1388856875.0,-25.51788
1388857031.25,-25.52184
1388857187.5,-25.52439
1388857343.75,-25.52305
1388857500.0,-25.52763
1388857656.25,-25.5287
1388857812.5,-25.52944
1388857968.75,-25.53219
1388858125.0,-25.53489
1388858281.25,-25.53786
1388858437.5,-25.53641
1388858593.75,-25.54349
1388858750.0,-25.54231
1388858906.25,-25.54404
1388859062.5,-25.54759
1388859218.75,-25.54605
1388859375.0,-25.55013
1388859531.25,-25.55546
1388859687.5,-25.55516
1388859843.75,-25.55905
1388860000.0,-25.55771
1388860156.25,-25.56146
1388860312.5,-25.56773
1388860468.75,-25.56737
1388860625.0,-25.56828
1388860781.25,-25.57081
1388860937.5,-25.57179
1388861093.75,-25.57393
1388861250.0,-25.57571
1388861406.25,-25.58042
1388861562.5,-25.58092
1388861718.75,-25.58239
1388861875.0,-25.58504
1388862031.25,-25.58772
1388862187.5,-25.58564
1388862343.75,-25.59169
1388862500.0,-25.59585
1388862656.25,-25.59394
1388862812.5,-25.59655
1388862968.75,-25.59899
1388863125.0,-25.6034
1388863281.25,-25.59972
1388863437.5,-25.60389
1388863593.75,-25.60835
1388863750.0,-25.60919
1388863906.25,-25.61072
1388864062.5,-25.61258
1388864218.75,-25.61522
1388864375.0,-25.61565
1388864531.25,-25.61968
1388864687.5,-25.62025
1388864843.75,-25.62638
1388865000.0,-25.62297
1388865156.25,-25.62878
1388865312.5,-25.63055
1388865468.75,-25.63312
1388865625.0,-25.63547
1388865781.25,-25.63453
1388865937.5,-25.63844
1388866093.75,-25.64096
1388866250.0,-25.64304
1388866406.25,-25.64316
1388866562.5,-25.64534
1388866718.75,-25.64901
1388866875.0,-25.65236
1388867031.25,-25.65154
1388867187.5,-25.65769
1388867343.75,-25.65513
1388867500.0,-25.65915
1388867656.25,-25.66204
1388867812.5,-25.66334
1388867968.75,-25.66862
1388868125.0,-25.66491
1388868281.25,-25.67004
1388868437.5,-25.67286
1388868593.75,-25.67526
1388868750.0,-25.67716
1388868906.25,-25.67725
1388869062.5,-25.67727
1388869218.75,-25.68093
1388869375.0,-25.68128
1388869531.25,-25.6851
1388869687.5,-25.68582
1388869843.75,-25.68932
1388870000.0,-25.69092
1388870156.25,-25.69675
1388870312.5,-25.69481
1388870468.75,-25.69842
1388870625.0,-25.69827
1388870781.25,-25.70081
1388870937.5,-25.70372
1388871093.75,-25.70557
1388871250.0,-25.70743
1388871406.25,-25.7135
1388871562.5,-25.71272
1388871718.75,-25.71723
1388871875.0,-25.71581
1388872031.25,-25.71791
1388872187.5,-25.72204
1388872343.75,-25.72418
1388872500.0,-25.72447
1388872656.25,-25.72796
1388872812.5,-25.72814
1388872968.75,-25.73054
1388873125.0,-25.73596
1388873281.25,-25.7346
1388873437.5,-25.73838
1388873593.75,-25.73582
1388873750.0,-25.74456
1388873906.25,-25.74509
1388874062.5,-25.74452
1388874218.75,-25.74672
1388874375.0,-25.75022
1388874531.25,-25.74864
1388874687.5,-25.75597
1388874843.75,-25.75331
1388875000.0,-25.76109
1388875156.25,-25.75942
1388875312.5,-25.76007
1388875468.75,-25.76265
1388875625.0,-25.76632
1388875781.25,-25.76597
1388875937.5,-25.77021
1388876093.75,-25.7719
1388876250.0,-25.77465
1388876406.25,-25.77521
1388876562.5,-25.7773
1388876718.75,-25.78032
1388876875.0,-25.78512
1388877031.25,-25.78374
1388877187.5,-25.78651
1388877343.75,-25.7872
1388877500.0,-25.79064
1388877656.25,-25.78969
1388877812.5,-25.7963
1388877968.75,-25.79878
1388878125.0,-25.79821
1388878281.25,-25.80101
1388878437.5,-25.80543
1388878593.75,-25.80023
1388878750.0,-25.80575
1388878906.25,-25.80843
1388879062.5,-25.80771
1388879218.75,-25.81211
1388879375.0,-25.81443
1388879531.25,-25.81948
1388879687.5,-25.81974
1388879843.75,-25.82109
1388880000.0,-25.8235
1388880156.25,-25.82463
1388880312.5,-25.82791
1388880468.75,-25.82862
1388880625.0,-25.82957
1388880781.25,-25.83359
1388880937.5,-25.83324
1388881093.75,-25.83467
1388881250.0,-25.84137
1388881406.25,-25.8392
1388881562.5,-25.84155
1388881718.75,-25.84534
1388881875.0,-25.84627
1388882031.25,-25.84897
1388882187.5,-25.85016
1388882343.75,-25.85165
1388882500.0,-25.85594
1388882656.25,-25.85583
1388882812.5,-25.85674
1388882968.75,-25.85699
1388883125.0,-25.86301
1388883281.25,-25.8648
1388883437.5,-25.86258
1388883593.75,-25.86842
1388883750.0,-25.86958
1388883906.25,-25.87346
1388884062.5,-25.873
1388884218.75,-25.87551
1388884375.0,-25.87982
1388884531.25,-25.88091
1388884687.5,-25.8831
1388884843.75,-25.88719
1388885000.0,-25.88768
1388885156.25,-25.88868
1388885312.5,-25.89221
1388885468.75,-25.8917
1388885625.0,-25.89664
1388885781.25,-25.89556
1388885937.5,-25.89849
1388886093.75,-25.89905
1388886250.0,-25.90102
1388886406.25,-25.90517
1388886562.5,-25.90516
1388886718.75,-25.90762
1388886875.0,-25.91094
1388887031.25,-25.91313
1388887187.5,-25.91463
1388887343.75,-25.91905
1388887500.0,-25.91983
1388887656.25,-25.92151
1388887812.5,-25.9245
1388887968.75,-25.92933
1388888125.0,-25.928
1388888281.25,-25.92749
1388888437.5,-25.93085
1388888593.75,-25.93601
1388888750.0,-25.93345
1388888906.25,-25.93707
1388889062.5,-25.93903
1388889218.75,-25.94165
1388889375.0,-25.9419
1388889531.25,-25.94398
1388889687.5,-25.94663
1388889843.75,-25.94674
1388890000.0,-25.95282
1388890156.25,-25.95374
1388890312.5,-25.95433
1388890468.75,-25.95925
1388890625.0,-25.95972
1388890781.25,-25.95956
1388890937.5,-25.96638
1388891093.75,-25.96666
1388891250.0,-25.96503
1388891406.25,-25.97063
1388891562.5,-25.9706
1388891718.75,-25.96897
1388891875.0,-25.97473
1388892031.25,-25.97895
1388892187.5,-25.97491
1388892343.75,-25.98268
1388892500.0,-25.98261
1388892656.25,-25.9818
1388892812.5,-25.99076
1388892968.75,-25.98994
1388893125.0,-25.99137
1388893281.25,-25.98896
1388893437.5,-25.99324
1388893593.75,-25.99618
1388893750.0,-25.99985
1388893906.25,-26.00235
1388894062.5,-26.00285
1388894218.75,-26.00459
1388894375.0,-26.00621
1388894531.25,-26.00375
1388894687.5,-26.00894
1388894843.75,-26.01382
1388895000.0,-26.01627
1388895156.25,-26.01633
1388895312.5,-26.01882
1388895468.75,-26.01987
1388895625.0,-26.02337
1388895781.25,-26.02444
1388895937.5,-26.02532
1388896093.75,-26.02751
1388896250.0,-26.03009
1388896406.25,-26.03522
1388896562.5,-26.03448
1388896718.75,-26.03529
1388896875.0,-26.03779
1388897031.25,-26.03761
1388897187.5,-26.04496
1388897343.75,-26.04391
1388897500.0,-26.04966
1388897656.25,-26.04693
1388897812.5,-26.05357
1388897968.75,-26.05261
1388898125.0,-26.05291
1388898281.25,-26.05643
1388898437.5,-26.05722
1388898593.75,-26.05887
1388898750.0,-26.05943
1388898906.25,-26.06563
1388899062.5,-26.06468
1388899218.75,-26.06843
1388899375.0,-26.06721
1388899531.25,-26.07064
1388899687.5,-26.07483
1388899843.75,-26.07173
1388900000.0,-26.07788
1388900156.25,-26.07827
1388900312.5,-26.08288
1388900468.75,-26.08114
1388900625.0,-26.0872
1388900781.25,-26.08709
1388900937.5,-26.08928
1388901093.75,-26.09172
1388901250.0,-26.09204
1388901406.25,-26.09714
1388901562.5,-26.09647
1388901718.75,-26.09807
1388901875.0,-26.10033
1388902031.25,-26.10521
1388902187.5,-26.10024
1388902343.75,-26.10692
1388902500.0,-26.1073
1388902656.25,-26.11229
1388902812.5,-26.1129
1388902968.75,-26.11582
1388903125.0,-26.11687
1388903281.25,-26.11869
1388903437.5,-26.12273
1388903593.75,-26.1212
1388903750.0,-26.12518
1388903906.25,-26.1267
1388904062.5,-26.12929
1388904218.75,-26.1307
1388904375.0,-26.13379
1388904531.25,-26.13633
1388904687.5,-26.13733
1388904843.75,-26.13483
1388905000.0,-26.14182
1388905156.25,-26.14215
1388905312.5,-26.14266
1388905468.75,-26.14789
1388905625.0,-26.14637
1388905781.25,-26.15039
1388905937.5,-26.15125
1388906093.75,-26.15561
1388906250.0,-26.15543
1388906406.25,-26.15551
1388906562.5,-26.15791
1388906718.75,-26.16203
1388906875.0,-26.16112
1388907031.25,-26.16325
1388907187.5,-26.1705
1388907343.75,-26.16791
1388907500.0,-26.17295
1388907656.25,-26.17468
1388907812.5,-26.1754
1388907968.75,-26.17711
1388908125.0,-26.17805
1388908281.25,-26.18318
1388908437.5,-26.18287
1388908593.75,-26.18538
1388908750.0,-26.18751
1388908906.25,-26.18629
1388909062.5,-26.19237
1388909218.75,-26.19011
1388909375.0,-26.19759
1388909531.25,-26.19562
1388909687.5,-26.19825
1388909843.75,-26.2016
1388910000.0,-26.20333
1388910156.25,-26.20432
1388910312.5,-26.20674
1388910468.75,-26.20465
1388910625.0,-26.20785
1388910781.25,-26.21347
1388910937.5,-26.21336
1388911093.75,-26.21676
1388911250.0,-26.21923
1388911406.25,-26.21875
1388911562.5,-26.22453
1388911718.75,-26.22511
1388911875.0,-26.22441
1388912031.25,-26.22624
1388912187.5,-26.23054
1388912343.75,-26.23174
1388912500.0,-26.23375
1388912656.25,-26.23611
1388912812.5,-26.23664
1388912968.75,-26.23956
1388913125.0,-26.2417
1388913281.25,-26.24341
1388913437.5,-26.24562
1388913593.75,-26.24838
1388913750.0,-26.24866
1388913906.25,-26.24952
1388914062.5,-26.25418
1388914218.75,-26.25464
1388914375.0,-26.25603
1388914531.25,-26.25793
1388914687.5,-26.26172
1388914843.75,-26.26216
1388915000.0,-26.26344
1388915156.25,-26.26956
1388915312.5,-26.27002
1388915468.75,-26.27272
1388915625.0,-26.27229
1388915781.25,-26.27336
1388915937.5,-26.27984
1388916093.75,-26.27807
1388916250.0,-26.2802
1388916406.25,-26.28475
1388916562.5,-26.28168
1388916718.75,-26.28757
1388916875.0,-26.28824
1388917031.25,-26.29322
1388917187.5,-26.29125
1388917343.75,-26.29424
1388917500.0,-26.29552
1388917656.25,-26.29778
1388917812.5,-26.2999
1388917968.75,-26.29981
1388918125.0,-26.30274
1388918281.25,-26.30508
1388918437.5,-26.30946
1388918593.75,-26.3131
1388918750.0,-26.30981
1388918906.25,-26.31077
1388919062.5,-26.31511
1388919218.75,-26.31654
1388919375.0,-26.31497
1388919531.25,-26.3201
1388919687.5,-26.32353
1388919843.75,-26.3255
1388920000.0,-26.32426
1388920156.25,-26.32319
1388920312.5,-26.33168
1388920468.75,-26.32828
1388920625.0,-26.3319
1388920781.25,-26.33788
1388920937.5,-26.33508
1388921093.75,-26.33853
1388921250.0,-26.34342
1388921406.25,-26.34307
1388921562.5,-26.3453
1388921718.75,-26.34737
1388921875.0,-26.35035
1388922031.25,-26.35164
1388922187.5,-26.35187
1388922343.75,-26.35427
1388922500.0,-26.35593
1388922656.25,-26.35519
1388922812.5,-26.36226
1388922968.75,-26.36137
1388923125.0,-26.36614
1388923281.25,-26.36747
1388923437.5,-26.36727
1388923593.75,-26.37165
1388923750.0,-26.37154
1388923906.25,-26.37229
1388924062.5,-26.3741
1388924218.75,-26.37902
1388924375.0,-26.37651
1388924531.25,-26.38223
1388924687.5,-26.3857
1388924843.75,-26.38116
1388925000.0,-26.38448
1388925156.25,-26.39135
1388925312.5,-26.38915
1388925468.75,-26.39184
1388925625.0,-26.3973
1388925781.25,-26.39636
1388925937.5,-26.39938
1388926093.75,-26.40274
1388926250.0,-26.40087
1388926406.25,-26.4009
1388926562.5,-26.40326
1388926718.75,-26.41012
1388926875.0,-26.4094
1388927031.25,-26.41047
1388927187.5,-26.41509
1388927343.75,-26.41347
1388927500.0,-26.41558
1388927656.25,-26.41916
1388927812.5,-26.42094
1388927968.75,-26.42319
1388928125.0,-26.42596
1388928281.25,-26.4292
1388928437.5,-26.42805
1388928593.75,-26.42776
1388928750.0,-26.43383
1388928906.25,-26.43227
1388929062.5,-26.43778
1388929218.75,-26.43806
1388929375.0,-26.43836
1388929531.25,-26.44109
1388929687.5,-26.44248
1388929843.75,-26.44753
1388930000.0,-26.44564
1388930156.25,-26.44762
1388930312.5,-26.4494
1388930468.75,-26.45228
1388930625.0,-26.45578
1388930781.25,-26.45371
1388930937.5,-26.46144
1388931093.75,-26.46205
1388931250.0,-26.46105
1388931406.25,-26.46334
1388931562.5,-26.46728
1388931718.75,-26.46694
1388931875.0,-26.471
1388932031.25,-26.46792
1388932187.5,-26.47408
1388932343.75,-26.47465
1388932500.0,-26.47723
1388932656.25,-26.48108
1388932812.5,-26.48253
1388932968.75,-26.48444
1388933125.0,-26.48554
1388933281.25,-26.49289
1388933437.5,-26.48781
1388933593.75,-26.48966
1388933750.0,-26.4932
1388933906.25,-26.49535
1388934062.5,-26.50032
1388934218.75,-26.49879
1388934375.0,-26.49976
1388934531.25,-26.50148
1388934687.5,-26.50222
1388934843.75,-26.50334
1388935000.0,-26.50797
1388935156.25,-26.51074
1388935312.5,-26.51269
1388935468.75,-26.50898
1388935625.0,-26.51262
1388935781.25,-26.51837
1388935937.5,-26.51768
1388936093.75,-26.51767
1388936250.0,-26.51943
1388936406.25,-26.52992
1388936562.5,-26.52793
1388936718.75,-26.5291
1388936875.0,-26.52678
1388937031.25,-26.53309
1388937187.5,-26.53543
1388937343.75,-26.5372
1388937500.0,-26.53824
1388937656.25,-26.53993
1388937812.5,-26.54279
1388937968.75,-26.5441
1388938125.0,-26.54283
1388938281.25,-26.54554
1388938437.5,-26.54687
1388938593.75,-26.55157
1388938750.0,-26.55404
1388938906.25,-26.55399
1388939062.5,-26.55545
1388939218.75,-26.55478
1388939375.0,-26.55818
1388939531.25,-26.56162
1388939687.5,-26.56475
1388939843.75,-26.56525
1388940000.0,-26.56795
1388940156.25,-26.56995
1388940312.5,-26.56806
1388940468.75,-26.5731
1388940625.0,-26.57521
1388940781.25,-26.57466
1388940937.5,-26.57755
1388941093.75,-26.57967
1388941250.0,-26.5834
1388941406.25,-26.5841
1388941562.5,-26.58526
1388941718.75,-26.58727
1388941875.0,-26.59308
1388942031.25,-26.59327
1388942187.5,-26.59609
1388942343.75,-26.59455
1388942500.0,-26.59566
1388942656.25,-26.6018
1388942812.5,-26.60356
1388942968.75,-26.60804
1388943125.0,-26.60674
1388943281.25,-26.60479
1388943437.5,-26.61015
1388943593.75,-26.61137
1388943750.0,-26.61819
1388943906.25,-26.61871
1388944062.5,-26.61656
1388944218.75,-26.61836
1388944375.0,-26.62197
1388944531.25,-26.61802
1388944687.5,-26.62398
1388944843.75,-26.62539
1388945000.0,-26.62658
1388945156.25,-26.62887
1388945312.5,-26.63258
1388945468.75,-26.63345
1388945625.0,-26.63347
1388945781.25,-26.63708
1388945937.5,-26.63993
1388946093.75,-26.63428
1388946250.0,-26.64072
1388946406.25,-26.64504
1388946562.5,-26.64379
1388946718.75,-26.64483
1388946875.0,-26.65204
1388947031.25,-26.65279
1388947187.5,-26.64998
1388947343.75,-26.65458
1388947500.0,-26.65747
1388947656.25,-26.65906
1388947812.5,-26.66379
1388947968.75,-26.66239
1388948125.0,-26.66329
1388948281.25,-26.66902
1388948437.5,-26.66518
1388948593.75,-26.66953
1388948750.0,-26.66961
1388948906.25,-26.67318
1388949062.5,-26.67267
1388949218.75,-26.67645
1388949375.0,-26.68087
1388949531.25,-26.68322
1388949687.5,-26.68367
1388949843.75,-26.68392
1388950000.0,-26.68613
1388950156.25,-26.6888
1388950312.5,-26.68695
1388950468.75,-26.69139
1388950625.0,-26.69262
1388950781.25,-26.69391
1388950937.5,-26.69438
1388951093.75,-26.69595
1388951250.0,-26.6979
1388951406.25,-26.70605
1388951562.5,-26.70696
1388951718.75,-26.70743
1388951875.0,-26.70599
1388952031.25,-26.70921
1388952187.5,-26.71024
1388952343.75,-26.71356
1388952500.0,-26.71211
1388952656.25,-26.71784
1388952812.5,-26.71882
1388952968.75,-26.72041
1388953125.0,-26.72192
1388953281.25,-26.72917
1388953437.5,-26.72897
1388953593.75,-26.72934
1388953750.0,-26.72973
1388953906.25,-26.73261
1388954062.5,-26.73432
1388954218.75,-26.733
1388954375.0,-26.73949
1388954531.25,-26.73735
1388954687.5,-26.73887
1388954843.75,-26.74347
1388955000.0,-26.74339
1388955156.25,-26.7414
1388955312.5,-26.74827
1388955468.75,-26.75277
1388955625.0,-26.75281
1388955781.25,-26.75135
1388955937.5,-26.75586
1388956093.75,-26.75733
1388956250.0,-26.76379
1388956406.25,-26.76256
1388956562.5,-26.76278
1388956718.75,-26.76181
1388956875.0,-26.76847
1388957031.25,-26.77169
1388957187.5,-26.7697
1388957343.75,-26.7758
1388957500.0,-26.77581
1388957656.25,-26.77831
1388957812.5,-26.77797
1388957968.75,-26.77919
1388958125.0,-26.78155
1388958281.25,-26.78184
1388958437.5,-26.78414
1388958593.75,-26.78656
1388958750.0,-26.78912
1388958906.25,-26.78941
1388959062.5,-26.79627
1388959218.75,-26.79185
1388959375.0,-26.79419
1388959531.25,-26.79799
1388959687.5,-26.79975
1388959843.75,-26.80545
1388960000.0,-26.80368
1388960156.25,-26.80271
1388960312.5,-26.80658
1388960468.75,-26.80326
1388960625.0,-26.80992
1388960781.25,-26.81247
1388960937.5,-26.81141
1388961093.75,-26.81751
1388961250.0,-26.8168
1388961406.25,-26.82116
1388961562.5,-26.81758
1388961718.75,-26.82326
1388961875.0,-26.82484
1388962031.25,-26.82452
1388962187.5,-26.82809
1388962343.75,-26.83202
1388962500.0,-26.83006
1388962656.25,-26.83338
1388962812.5,-26.83043
1388962968.75,-26.83797
1388963125.0,-26.83922
1388963281.25,-26.83906
1388963437.5,-26.84368
1388963593.75,-26.84167
1388963750.0,-26.84413
1388963906.25,-26.84803
1388964062.5,-26.85069
1388964218.75,-26.85102
1388964375.0,-26.85196
1388964531.25,-26.85558
1388964687.5,-26.85753
1388964843.75,-26.85786
1388965000.0,-26.86368
1388965156.25,-26.86639
1388965312.5,-26.8649
1388965468.75,-26.86606
1388965625.0,-26.86722
1388965781.25,-26.86742
1388965937.5,-26.87305
1388966093.75,-26.87343
1388966250.0,-26.87308
1388966406.25,-26.87797
1388966562.5,-26.87688
1388966718.75,-26.87834
1388966875.0,-26.88017
1388967031.25,-26.88667
1388967187.5,-26.88787
1388967343.75,-26.88857
1388967500.0,-26.88718
1388967656.25,-26.89303
1388967812.5,-26.89425
1388967968.75,-26.896
1388968125.0,-26.89658
1388968281.25,-26.89588
1388968437.5,-26.9001
1388968593.75,-26.89837
1388968750.0,-26.9033
1388968906.25,-26.90306
1388969062.5,-26.90757
1388969218.75,-26.91019
1388969375.0,-26.91177
1388969531.25,-26.91546
1388969687.5,-26.91745
1388969843.75,-26.91376
1388970000.0,-26.92443
1388970156.25,-26.91858
1388970312.5,-26.92295
1388970468.75,-26.92705
1388970625.0,-26.92514
1388970781.25,-26.92743
1388970937.5,-26.92699
1388971093.75,-26.92978
1388971250.0,-26.92959
1388971406.25,-26.93312
1388971562.5,-26.93795
1388971718.75,-26.93462
1388971875.0,-26.94233
1388972031.25,-26.9421
1388972187.5,-26.94122
1388972343.75,-26.94624
1388972500.0,-26.94734
1388972656.25,-26.95214
1388972812.5,-26.95084
1388972968.75,-26.95244
1388973125.0,-26.95663
1388973281.25,-26.95755
1388973437.5,-26.95754
1388973593.75,-26.96041
1388973750.0,-26.96055
1388973906.25,-26.96145
1388974062.5,-26.96258
1388974218.75,-26.96727
1388974375.0,-26.96685
1388974531.25,-26.97287
1388974687.5,-26.97427
1388974843.75,-26.97217
1388975000.0,-26.97688
1388975156.25,-26.97844
1388975312.5,-26.98133
1388975468.75,-26.98202
1388975625.0,-26.98607
1388975781.25,-26.98506
1388975937.5,-26.98573
1388976093.75,-26.98605
1388976250.0,-26.98824
1388976406.25,-26.98845
1388976562.5,-26.99562
1388976718.75,-26.99475
1388976875.0,-27.00142
1388977031.25,-26.99967
1388977187.5,-27.00231
1388977343.75,-26.99696
1388977500.0,-27.00293
1388977656.25,-27.00654
1388977812.5,-27.00723
1388977968.75,-27.00631
1388978125.0,-27.01015
1388978281.25,-27.0157
1388978437.5,-27.01402
1388978593.75,-27.01786
1388978750.0,-27.0197
1388978906.25,-27.01729
1388979062.5,-27.02249
1388979218.75,-27.02115
1388979375.0,-27.0258
1388979531.25,-27.03023
1388979687.5,-27.02751
1388979843.75,-27.03063
1388980000.0,-27.03214
1388980156.25,-27.03499
1388980312.5,-27.03964
1388980468.75,-27.03828
1388980625.0,-27.03361
1388980781.25,-27.04348
1388980937.5,-27.04474
1388981093.75,-27.0446
1388981250.0,-27.04684
1388981406.25,-27.04987
1388981562.5,-27.05091
1388981718.75,-27.05504
1388981875.0,-27.05251
1388982031.25,-27.05774
1388982187.5,-27.06025
1388982343.75,-27.05519
1388982500.0,-27.05911
1388982656.25,-27.06369
1388982812.5,-27.06096
1388982968.75,-27.06752
1388983125.0,-27.06807
1388983281.25,-27.06898
1388983437.5,-27.0719
1388983593.75,-27.06973
1388983750.0,-27.06885
1388983906.25,-27.07485
1388984062.5,-27.0771
1388984218.75,-27.07932
1388984375.0,-27.08322
1388984531.25,-27.08083
1388984687.5,-27.08585
1388984843.75,-27.08556
1388985000.0,-27.08675
1388985156.25,-27.09302
1388985312.5,-27.09078
1388985468.75,-27.09304
1388985625.0,-27.09806
1388985781.25,-27.09859
1388985937.5,-27.09959
1388986093.75,-27.09938
1388986250.0,-27.10215
1388986406.25,-27.10647
1388986562.5,-27.1077
1388986718.75,-27.10662
1388986875.0,-27.11179
1388987031.25,-27.1117
1388987187.5,-27.11416
1388987343.75,-27.11547
1388987500.0,-27.11497
1388987656.25,-27.11671
1388987812.5,-27.11895
1388987968.75,-27.12214
1388988125.0,-27.12334
1388988281.25,-27.1273
1388988437.5,-27.12396
1388988593.75,-27.13048
1388988750.0,-27.13036
1388988906.25,-27.12997
1388989062.5,-27.13656
1388989218.75,-27.13775
1388989375.0,-27.13653
1388989531.25,-27.1421
1388989687.5,-27.14147
1388989843.75,-27.14235
1388990000.0,-27.1456
1388990156.25,-27.14255
1388990312.5,-27.14984
1388990468.75,-27.14854
1388990625.0,-27.14817
1388990781.25,-27.1484
1388990937.5,-27.1576
1388991093.75,-27.1578
1388991250.0,-27.16039
1388991406.25,-27.16206
1388991562.5,-27.16078
1388991718.75,-27.16317
1388991875.0,-27.16497
1388992031.25,-27.16448
1388992187.5,-27.16966
1388992343.75,-27.17237
1388992500.0,-27.17172
1388992656.25,-27.17629
1388992812.5,-27.18126
1388992968.75,-27.17728
1388993125.0,-27.18113
1388993281.25,-27.18147
1388993437.5,-27.18005
1388993593.75,-27.18451
1388993750.0,-27.1859
1388993906.25,-27.18717
1388994062.5,-27.19311
1388994218.75,-27.19316
1388994375.0,-27.19537
1388994531.25,-27.19711
1388994687.5,-27.19812
1388994843.75,-27.2004
1388995000.0,-27.2037
1388995156.25,-27.20001
1388995312.5,-27.20424
1388995468.75,-27.20607
1388995625.0,-27.20667
1388995781.25,-27.20814
1388995937.5,-27.21159
1388996093.75,-27.21242
1388996250.0,-27.21425
1388996406.25,-27.21702
1388996562.5,-27.21707
1388996718.75,-27.22008
1388996875.0,-27.2189
1388997031.25,-27.22453
1388997187.5,-27.22464
1388997343.75,-27.22488
1388997500.0,-27.22787
1388997656.25,-27.23018
1388997812.5,-27.2306
1388997968.75,-27.23015
1388998125.0,-27.2368
1388998281.25,-27.23886
1388998437.5,-27.23884
1388998593.75,-27.24024
1388998750.0,-27.24098
1388998906.25,-27.2483
1388999062.5,-27.24342
1388999218.75,-27.24912
1388999375.0,-27.25152
1388999531.25,-27.25399
1388999687.5,-27.25679
1388999843.75,-27.25413
1389000000.0,-27.25623
1389000156.25,-27.25693
1389000312.5,-27.2605
1389000468.75,-27.25544
1389000625.0,-27.25884
1389000781.25,-27.26136
1389000937.5,-27.26614
1389001093.75,-27.26863
1389001250.0,-27.26963
1389001406.25,-27.26927
1389001562.5,-27.26928
1389001718.75,-27.27127
1389001875.0,-27.27851
1389002031.25,-27.27539
1389002187.5,-27.28294
1389002343.75,-27.27841
1389002500.0,-27.28242
1389002656.25,-27.28449
1389002812.5,-27.28677
1389002968.75,-27.28509
1389003125.0,-27.29154
1389003281.25,-27.29397
1389003437.5,-27.29358
1389003593.75,-27.29667
1389003750.0,-27.30135
1389003906.25,-27.29601
1389004062.5,-27.29986
1389004218.75,-27.30287
1389004375.0,-27.302
1389004531.25,-27.30049
1389004687.5,-27.30513
1389004843.75,-27.30774
1389005000.0,-27.30621
1389005156.25,-27.31361
1389005312.5,-27.31269
1389005468.75,-27.31441
1389005625.0,-27.31363
1389005781.25,-27.31631
1389005937.5,-27.32517
1389006093.75,-27.32116
1389006250.0,-27.32612
1389006406.25,-27.32281
1389006562.5,-27.3274
1389006718.75,-27.33431
1389006875.0,-27.32936
1389007031.25,-27.33351
1389007187.5,-27.33618
1389007343.75,-27.33567
1389007500.0,-27.34015
1389007656.25,-27.33874
1389007812.5,-27.34385
1389007968.75,-27.34334
1389008125.0,-27.344
1389008281.25,-27.34865
1389008437.5,-27.35469
1389008593.75,-27.34709
1389008750.0,-27.35106
1389008906.25,-27.35008
1389009062.5,-27.35579
1389009218.75,-27.35471
1389009375.0,-27.35523
1389009531.25,-27.36226
1389009687.5,-27.3628
1389009843.75,-27.36361
1389010000.0,-27.36275
1389010156.25,-27.36807
1389010312.5,-27.37003
1389010468.75,-27.37133
1389010625.0,-27.37391
1389010781.25,-27.37251
1389010937.5,-27.37498
1389011093.75,-27.37943
1389011250.0,-27.38261
1389011406.25,-27.38193
1389011562.5,-27.38055
1389011718.75,-27.3844
1389011875.0,-27.3869
1389012031.25,-27.38893
1389012187.5,-27.39038
1389012343.75,-27.3909
1389012500.0,-27.39266
1389012656.25,-27.39555
1389012812.5,-27.39566
1389012968.75,-27.39698
1389013125.0,-27.39985
1389013281.25,-27.40183
1389013437.5,-27.40118
1389013593.75,-27.405
1389013750.0,-27.40531
1389013906.25,-27.41097
1389014062.5,-27.40794
1389014218.75,-27.41526
1389014375.0,-27.41093
1389014531.25,-27.41213
1389014687.5,-27.41688
1389014843.75,-27.4156
1389015000.0,-27.41856
1389015156.25,-27.41779
1389015312.5,-27.42032
1389015468.75,-27.42686
1389015625.0,-27.42929
1389015781.25,-27.42512
1389015937.5,-27.43569
1389016093.75,-27.4313
1389016250.0,-27.4312
1389016406.25,-27.4313
1389016562.5,-27.44234
1389016718.75,-27.43769
1389016875.0,-27.44003
1389017031.25,-27.44374
1389017187.5,-27.44267
1389017343.75,-27.44612
1389017500.0,-27.44487
1389017656.25,-27.44771
1389017812.5,-27.45089
1389017968.75,-27.45534
1389018125.0,-27.45658
1389018281.25,-27.45561
1389018437.5,-27.4578
1389018593.75,-27.45855
1389018750.0,-27.46038
1389018906.25,-27.46323
1389019062.5,-27.46195
1389019218.75,-27.46228
1389019375.0,-27.46864
1389019531.25,-27.46718
1389019687.5,-27.47285
1389019843.75,-27.47171
1389020000.0,-27.47461
1389020156.25,-27.47382
1389020312.5,-27.47799
1389020468.75,-27.47965
1389020625.0,-27.47791
1389020781.25,-27.48256
1389020937.5,-27.48445
1389021093.75,-27.48475
1389021250.0,-27.48664
1389021406.25,-27.48831
1389021562.5,-27.49105
1389021718.75,-27.49344
1389021875.0,-27.49516
1389022031.25,-27.49888
1389022187.5,-27.49724
1389022343.75,-27.49734
1389022500.0,-27.50139
1389022656.25,-27.50267
1389022812.5,-27.50641
1389022968.75,-27.50595
1389023125.0,-27.50844
1389023281.25,-27.50832
1389023437.5,-27.51023
1389023593.75,-27.51259
1389023750.0,-27.51619
1389023906.25,-27.51732
1389024062.5,-27.51618
1389024218.75,-27.52283
1389024375.0,-27.52257
1389024531.25,-27.52327
1389024687.5,-27.52579
1389024843.75,-27.52615
1389025000.0,-27.52752
1389025156.25,-27.52582
1389025312.5,-27.52975
1389025468.75,-27.53264
1389025625.0,-27.53645
1389025781.25,-27.53599
1389025937.5,-27.53644
1389026093.75,-27.54109
1389026250.0,-27.53903
1389026406.25,-27.54229
1389026562.5,-27.54278
1389026718.75,-27.54335
1389026875.0,-27.54845
1389027031.25,-27.54895
1389027187.5,-27.5539
1389027343.75,-27.55131
1389027500.0,-27.55509
1389027656.25,-27.5564
1389027812.5,-27.55751
1389027968.75,-27.55847
1389028125.0,-27.56157
1389028281.25,-27.56588
1389028437.5,-27.56637
1389028593.75,-27.56618
1389028750.0,-27.56872
1389028906.25,-27.57083
1389029062.5,-27.57179
1389029218.75,-27.56936
1389029375.0,-27.57331
1389029531.25,-27.57682
1389029687.5,-27.57739
1389029843.75,-27.58193
1389030000.0,-27.58039
1389030156.25,-27.5838
1389030312.5,-27.58251
1389030468.75,-27.58391
1389030625.0,-27.58716
1389030781.25,-27.59019
1389030937.5,-27.59212
1389031093.75,-27.59296
1389031250.0,-27.59645
1389031406.25,-27.59641
1389031562.5,-27.59642
1389031718.75,-27.60171
1389031875.0,-27.59928
1389032031.25,-27.60069
1389032187.5,-27.60376
1389032343.75,-27.60452
1389032500.0,-27.59869
1389032656.25,-27.61023
1389032812.5,-27.61381
1389032968.75,-27.61542
1389033125.0,-27.61321
1389033281.25,-27.6169
1389033437.5,-27.61843
1389033593.75,-27.62073
1389033750.0,-27.61756
1389033906.25,-27.6254
1389034062.5,-27.62138
1389034218.75,-27.62766
1389034375.0,-27.62457
1389034531.25,-27.62621
1389034687.5,-27.62913
1389034843.75,-27.63046
1389035000.0,-27.63477
1389035156.25,-27.63584
1389035312.5,-27.63699
1389035468.75,-27.63833
1389035625.0,-27.64469
1389035781.25,-27.6438
1389035937.5,-27.64318
1389036093.75,-27.64408
1389036250.0,-27.64305
1389036406.25,-27.64888
1389036562.5,-27.64952
1389036718.75,-27.64689
1389036875.0,-27.65321
1389037031.25,-27.6541
1389037187.5,-27.65343
1389037343.75,-27.66279
1389037500.0,-27.65727
1389037656.25,-27.66174
1389037812.5,-27.66632
1389037968.75,-27.66515
1389038125.0,-27.66813
1389038281.25,-27.67063
1389038437.5,-27.67333
1389038593.75,-27.66984
1389038750.0,-27.67525
1389038906.25,-27.67214
1389039062.5,-27.6792
1389039218.75,-27.67223
1389039375.0,-27.67472
1389039531.25,-27.68111
1389039687.5,-27.68307
1389039843.75,-27.6825
1389040000.0,-27.6881
1389040156.25,-27.69016
1389040312.5,-27.69152
1389040468.75,-27.68962
1389040625.0,-27.69268
1389040781.25,-27.69553
1389040937.5,-27.70024
1389041093.75,-27.7006
1389041250.0,-27.6996
1389041406.25,-27.69784
1389041562.5,-27.70203
1389041718.75,-27.70222
1389041875.0,-27.7053
1389042031.25,-27.70642
1389042187.5,-27.70734
1389042343.75,-27.71465
1389042500.0,-27.71241
1389042656.25,-27.71895
1389042812.5,-27.71515
1389042968.75,-27.72057
1389043125.0,-27.71849
1389043281.25,-27.72144
1389043437.5,-27.72082
1389043593.75,-27.72173
1389043750.0,-27.72419
1389043906.25,-27.72961
1389044062.5,-27.72832
1389044218.75,-27.73343
1389044375.0,-27.72804
1389044531.25,-27.73368
1389044687.5,-27.7352
1389044843.75,-27.73561
1389045000.0,-27.73589
1389045156.25,-27.73958
1389045312.5,-27.74133
1389045468.75,-27.74487
1389045625.0,-27.74458
1389045781.25,-27.7461
1389045937.5,-27.74858
1389046093.75,-27.75261
1389046250.0,-27.75176
1389046406.25,-27.75433
1389046562.5,-27.75435
1389046718.75,-27.75675
1389046875.0,-27.75845
1389047031.25,-27.75895
1389047187.5,-27.76073
1389047343.75,-27.76508
1389047500.0,-27.7673
1389047656.25,-27.76774
1389047812.5,-27.76542
1389047968.75,-27.76872
1389048125.0,-27.77482
1389048281.25,-27.77094
1389048437.5,-27.7727
1389048593.75,-27.77995
1389048750.0,-27.77799
1389048906.25,-27.77724
1389049062.5,-27.78069
1389049218.75,-27.78242
1389049375.0,-27.78321
1389049531.25,-27.78441
1389049687.5,-27.78614
1389049843.75,-27.79223
1389050000.0,-27.79577
1389050156.25,-27.79307
1389050312.5,-27.79414
1389050468.75,-27.79422
1389050625.0,-27.79916
1389050781.25,-27.79972
1389050937.5,-27.80298
1389051093.75,-27.80807
1389051250.0,-27.80097
1389051406.25,-27.80644
1389051562.5,-27.80889
1389051718.75,-27.81033
1389051875.0,-27.81083
1389052031.25,-27.81734
1389052187.5,-27.80944
1389052343.75,-27.81644
1389052500.0,-27.82002
1389052656.25,-27.81715
1389052812.5,-27.82298
1389052968.75,-27.82125
1389053125.0,-27.82363
1389053281.25,-27.82928
1389053437.5,-27.82635
1389053593.75,-27.82742
1389053750.0,-27.83006
1389053906.25,-27.82851
1389054062.5,-27.83132
1389054218.75,-27.83462
1389054375.0,-27.83446
1389054531.25,-27.83458
1389054687.5,-27.83769
1389054843.75,-27.8417
1389055000.0,-27.84423
1389055156.25,-27.84488
1389055312.5,-27.8459
1389055468.75,-27.85166
1389055625.0,-27.84866
1389055781.25,-27.85185
1389055937.5,-27.85606
1389056093.75,-27.85686
1389056250.0,-27.85777
1389056406.25,-27.85812
1389056562.5,-27.85752
1389056718.75,-27.85944
1389056875.0,-27.86767
1389057031.25,-27.86131
1389057187.5,-27.8673
1389057343.75,-27.87154
1389057500.0,-27.86686
1389057656.25,-27.87319
1389057812.5,-27.8703
1389057968.75,-27.87675
1389058125.0,-27.87508
1389058281.25,-27.87887
1389058437.5,-27.87687
1389058593.75,-27.88003
1389058750.0,-27.88019
1389058906.25,-27.88528
1389059062.5,-27.88469
1389059218.75,-27.88719
1389059375.0,-27.89019
1389059531.25,-27.89017
1389059687.5,-27.893
1389059843.75,-27.89426
1389060000.0,-27.89146
1389060156.25,-27.89672
1389060312.5,-27.89499
1389060468.75,-27.90338
1389060625.0,-27.90145
1389060781.25,-27.90224
1389060937.5,-27.9018
1389061093.75,-27.90718
1389061250.0,-27.90923
1389061406.25,-27.90735
1389061562.5,-27.90742
1389061718.75,-27.91451
1389061875.0,-27.91098
1389062031.25,-27.91135
1389062187.5,-27.9154
1389062343.75,-27.91749
1389062500.0,-27.92269
1389062656.25,-27.92396
1389062812.5,-27.92196
1389062968.75,-27.92328
1389063125.0,-27.9249
1389063281.25,-27.92937
1389063437.5,-27.93012
1389063593.75,-27.92966
1389063750.0,-27.93292
1389063906.25,-27.9378
1389064062.5,-27.93904
1389064218.75,-27.93602
1389064375.0,-27.93933
1389064531.25,-27.93981
1389064687.5,-27.94058
1389064843.75,-27.94526
1389065000.0,-27.94385
1389065156.25,-27.9486
1389065312.5,-27.94816
1389065468.75,-27.94772
1389065625.0,-27.95478
1389065781.25,-27.95163
1389065937.5,-27.95602
1389066093.75,-27.95336
1389066250.0,-27.95942
1389066406.25,-27.96153
1389066562.5,-27.96377
1389066718.75,-27.96047
1389066875.0,-27.96406
1389067031.25,-27.96797
1389067187.5,-27.96512
1389067343.75,-27.97047
1389067500.0,-27.97317
1389067656.25,-27.97206
1389067812.5,-27.97351
1389067968.75,-27.97269
1389068125.0,-27.97958
1389068281.25,-27.97921
1389068437.5,-27.98056
1389068593.75,-27.97842
1389068750.0,-27.98197
1389068906.25,-27.98601
1389069062.5,-27.98553
1389069218.75,-27.98734
1389069375.0,-27.99174
1389069531.25,-27.99055
1389069687.5,-27.99093
1389069843.75,-27.99531
1389070000.0,-27.99583
1389070156.25,-27.99881
1389070312.5,-28.00083
1389070468.75,-27.9972
1389070625.0,-27.99735
1389070781.25,-28.00613
1389070937.5,-28.00388
1389071093.75,-28.00852
1389071250.0,-28.00635
1389071406.25,-28.01109
1389071562.5,-28.01425
1389071718.75,-28.01393
1389071875.0,-28.01801
1389072031.25,-28.01164
1389072187.5,-28.01862
1389072343.75,-28.02213
1389072500.0,-28.02424
1389072656.25,-28.02491
1389072812.5,-28.02511
1389072968.75,-28.02105
1389073125.0,-28.03207
1389073281.25,-28.03344
1389073437.5,-28.03333
1389073593.75,-28.03526
1389073750.0,-28.03469
1389073906.25,-28.03166
1389074062.5,-28.03712
1389074218.75,-28.03854
1389074375.0,-28.04025
1389074531.25,-28.04195
1389074687.5,-28.04569
1389074843.75,-28.04389
1389075000.0,-28.05113
1389075156.25,-28.04845
1389075312.5,-28.05216
1389075468.75,-28.05052
1389075625.0,-28.05777
1389075781.25,-28.05095
1389075937.5,-28.05393
1389076093.75,-28.05545
1389076250.0,-28.06118
1389076406.25,-28.06453
1389076562.5,-28.06448
1389076718.75,-28.06291
1389076875.0,-28.06435
1389077031.25,-28.06671
1389077187.5,-28.06868
1389077343.75,-28.06762
1389077500.0,-28.07566
1389077656.25,-28.06845
1389077812.5,-28.07529
1389077968.75,-28.07478
1389078125.0,-28.07575
1389078281.25,-28.07854
1389078437.5,-28.08208
1389078593.75,-28.08454
1389078750.0,-28.08278
1389078906.25,-28.08394
1389079062.5,-28.08767
1389079218.75,-28.09281
1389079375.0,-28.09212
1389079531.25,-28.09172
1389079687.5,-28.0946
1389079843.75,-28.09993
1389080000.0,-28.09509
1389080156.25,-28.09937
1389080312.5,-28.10041
1389080468.75,-28.10098
1389080625.0,-28.10628
1389080781.25,-28.10436
1389080937.5,-28.10473
1389081093.75,-28.10951
1389081250.0,-28.11087
1389081406.25,-28.11388
1389081562.5,-28.11189
1389081718.75,-28.11446
1389081875.0,-28.1189
1389082031.25,-28.11741
1389082187.5,-28.11566
1389082343.75,-28.1206
1389082500.0,-28.12897
1389082656.25,-28.12654
1389082812.5,-28.12758
1389082968.75,-28.12995
1389083125.0,-28.1311
1389083281.25,-28.13004
1389083437.5,-28.12961
1389083593.75,-28.13232
1389083750.0,-28.13357
1389083906.25,-28.13316
1389084062.5,-28.13836
1389084218.75,-28.13886
1389084375.0,-28.13897
1389084531.25,-28.14362
1389084687.5,-28.14504
1389084843.75,-28.14623
1389085000.0,-28.1494
1389085156.25,-28.14526
1389085312.5,-28.14755
1389085468.75,-28.14882
1389085625.0,-28.15225
1389085781.25,-28.15114
1389085937.5,-28.15462
1389086093.75,-28.15881
1389086250.0,-28.15668
1389086406.25,-28.16047
1389086562.5,-28.16349
1389086718.75,-28.16694
1389086875.0,-28.17051
1389087031.25,-28.16495
1389087187.5,-28.16849
1389087343.75,-28.17027
1389087500.0,-28.17792
1389087656.25,-28.17378
1389087812.5,-28.1729
1389087968.75,-28.17695
1389088125.0,-28.18166
1389088281.25,-28.18189
1389088437.5,-28.17905
1389088593.75,-28.18122
1389088750.0,-28.18779
1389088906.25,-28.18567
1389089062.5,-28.18851
1389089218.75,-28.19133
1389089375.0,-28.1955
1389089531.25,-28.19632
1389089687.5,-28.1973
1389089843.75,-28.19475
1389090000.0,-28.19628
1389090156.25,-28.20208
1389090312.5,-28.19782
1389090468.75,-28.20389
1389090625.0,-28.20402
1389090781.25,-28.20389
1389090937.5,-28.20763
1389091093.75,-28.20764
1389091250.0,-28.21047
1389091406.25,-28.20882
1389091562.5,-28.21328
1389091718.75,-28.21423
1389091875.0,-28.21535
1389092031.25,-28.21972
1389092187.5,-28.22048
1389092343.75,-28.2238
1389092500.0,-28.22419
1389092656.25,-28.22295
1389092812.5,-28.22329
1389092968.75,-28.22883
1389093125.0,-28.22597
1389093281.25,-28.227
1389093437.5,-28.23238
1389093593.75,-28.23533
1389093750.0,-28.23436
1389093906.25,-28.23616
1389094062.5,-28.23602
1389094218.75,-28.23915
1389094375.0,-28.24317
1389094531.25,-28.24586
1389094687.5,-28.24364
1389094843.75,-28.24483
1389095000.0,-28.2431
1389095156.25,-28.24962
1389095312.5,-28.25059
1389095468.75,-28.25251
1389095625.0,-28.25439
1389095781.25,-28.25392
1389095937.5,-28.25516
1389096093.75,-28.25646
1389096250.0,-28.26245
1389096406.25,-28.25986
1389096562.5,-28.26187
1389096718.75,-28.26024
1389096875.0,-28.26553
1389097031.25,-28.26785
1389097187.5,-28.26901
1389097343.75,-28.27328
1389097500.0,-28.27046
1389097656.25,-28.27191
1389097812.5,-28.2782
1389097968.75,-28.27871
1389098125.0,-28.27794
1389098281.25,-28.28091
1389098437.5,-28.27416
1389098593.75,-28.28127
1389098750.0,-28.28154
1389098906.25,-28.29049
1389099062.5,-28.28538
1389099218.75,-28.28813
1389099375.0,-28.29004
1389099531.25,-28.29222
1389099687.5,-28.29319
1389099843.75,-28.29425
1389100000.0,-28.29673
1389100156.25,-28.29771
1389100312.5,-28.30406
1389100468.75,-28.29967
1389100625.0,-28.30145
1389100781.25,-28.30138
1389100937.5,-28.30428
1389101093.75,-28.30783
1389101250.0,-28.31008
1389101406.25,-28.31375
1389101562.5,-28.31383
1389101718.75,-28.31121
1389101875.0,-28.3141
1389102031.25,-28.31817
1389102187.5,-28.31535
1389102343.75,-28.31808
1389102500.0,-28.32025
1389102656.25,-28.32432
1389102812.5,-28.32263
1389102968.75,-28.32503
1389103125.0,-28.32585
1389103281.25,-28.33183
1389103437.5,-28.33003
1389103593.75,-28.33039
1389103750.0,-28.33295
1389103906.25,-28.33978
1389104062.5,-28.33762
1389104218.75,-28.33846
1389104375.0,-28.34086
1389104531.25,-28.33685
1389104687.5,-28.34187
1389104843.75,-28.34316
1389105000.0,-28.34959
1389105156.25,-28.34788
1389105312.5,-28.34836
1389105468.75,-28.35225
1389105625.0,-28.34638
1389105781.25,-28.35192
1389105937.5,-28.35738
1389106093.75,-28.35535
1389106250.0,-28.35938
1389106406.25,-28.3587
1389106562.5,-28.35992
1389106718.75,-28.36009
1389106875.0,-28.36116
1389107031.25,-28.36111
1389107187.5,-28.36703
1389107343.75,-28.36841
1389107500.0,-28.36948
1389107656.25,-28.37498
1389107812.5,-28.37154
1389107968.75,-28.3739
1389108125.0,-28.37359
1389108281.25,-28.37806
1389108437.5,-28.37997
1389108593.75,-28.38173
1389108750.0,-28.37958
1389108906.25,-28.38297
1389109062.5,-28.38735
1389109218.75,-28.38741
1389109375.0,-28.38676
1389109531.25,-28.3897
1389109687.5,-28.39094
1389109843.75,-28.38618
1389110000.0,-28.39188
1389110156.25,-28.3981
1389110312.5,-28.39924
1389110468.75,-28.40091
1389110625.0,-28.39835
1389110781.25,-28.39973
1389110937.5,-28.40728
1389111093.75,-28.40428
1389111250.0,-28.40354
1389111406.25,-28.40869
1389111562.5,-28.41127
1389111718.75,-28.41227
1389111875.0,-28.41083
1389112031.25,-28.40957
1389112187.5,-28.41553
1389112343.75,-28.41456
1389112500.0,-28.41611
1389112656.25,-28.42063
1389112812.5,-28.41866
1389112968.75,-28.42075
1389113125.0,-28.418
1389113281.25,-28.42395
1389113437.5,-28.42449
1389113593.75,-28.43261
1389113750.0,-28.43267
1389113906.25,-28.43345
1389114062.5,-28.43527
1389114218.75,-28.43767
1389114375.0,-28.43432
1389114531.25,-28.43602
1389114687.5,-28.43644
1389114843.75,-28.43852
1389115000.0,-28.44199
1389115156.25,-28.44723
1389115312.5,-28.44412
1389115468.75,-28.44882
1389115625.0,-28.45151
1389115781.25,-28.45144
1389115937.5,-28.44811
1389116093.75,-28.44985
1389116250.0,-28.45246
1389116406.25,-28.45198
1389116562.5,-28.45732
1389116718.75,-28.45566
1389116875.0,-28.45618
1389117031.25,-28.46259
1389117187.5,-28.46668
1389117343.75,-28.46647
1389117500.0,-28.46519
1389117656.25,-28.46727
1389117812.5,-28.47336
1389117968.75,-28.47195
1389118125.0,-28.47286
1389118281.25,-28.47808
1389118437.5,-28.47571
1389118593.75,-28.4768
1389118750.0,-28.47865
1389118906.25,-28.48057
1389119062.5,-28.48458
1389119218.75,-28.48328
1389119375.0,-28.48263
1389119531.25,-28.48478
1389119687.5,-28.48774
1389119843.75,-28.48778
1389120000.0,-28.48809
1389120156.25,-28.4889
1389120312.5,-28.49374
1389120468.75,-28.49339
1389120625.0,-28.49486
1389120781.25,-28.49708
1389120937.5,-28.49796
1389121093.75,-28.50024
1389121250.0,-28.50323
1389121406.25,-28.50437
1389121562.5,-28.50441
1389121718.75,-28.51135
1389121875.0,-28.50553
1389122031.25,-28.50943
1389122187.5,-28.50758
1389122343.75,-28.51393
1389122500.0,-28.51468
1389122656.25,-28.51867
1389122812.5,-28.51883
1389122968.75,-28.52185
1389123125.0,-28.5241
1389123281.25,-28.5256
1389123437.5,-28.52341
1389123593.75,-28.52465
1389123750.0,-28.51908
1389123906.25,-28.52919
1389124062.5,-28.53218
1389124218.75,-28.53038
1389124375.0,-28.53182
1389124531.25,-28.53791
1389124687.5,-28.53691
1389124843.75,-28.53486
1389125000.0,-28.53933
1389125156.25,-28.5399
1389125312.5,-28.53976
1389125468.75,-28.54652
1389125625.0,-28.54128
1389125781.25,-28.54821
1389125937.5,-28.54421
1389126093.75,-28.55481
1389126250.0,-28.55202
1389126406.25,-28.55141
1389126562.5,-28.55742
1389126718.75,-28.55668
1389126875.0,-28.554
1389127031.25,-28.55943
1389127187.5,-28.55969
1389127343.75,-28.55772
1389127500.0,-28.56033
1389127656.25,-28.56608
1389127812.5,-28.56589
1389127968.75,-28.56821
1389128125.0,-28.56965
1389128281.25,-28.56936
1389128437.5,-28.57082
1389128593.75,-28.56944
1389128750.0,-28.57523
1389128906.25,-28.57625
1389129062.5,-28.58166
1389129218.75,-28.57606
1389129375.0,-28.57814
1389129531.25,-28.58549
1389129687.5,-28.58214
1389129843.75,-28.59005
1389130000.0,-28.591
1389130156.25,-28.58954
1389130312.5,-28.58955
1389130468.75,-28.59037
1389130625.0,-28.59044
1389130781.25,-28.5941
1389130937.5,-28.59563
1389131093.75,-28.59585
1389131250.0,-28.59706
1389131406.25,-28.59869
1389131562.5,-28.60078
1389131718.75,-28.60378
1389131875.0,-28.60582
1389132031.25,-28.60617
1389132187.5,-28.6023
1389132343.75,-28.60537
1389132500.0,-28.60758
1389132656.25,-28.61264
1389132812.5,-28.61223
1389132968.75,-28.61477
1389133125.0,-28.61715
1389133281.25,-28.61551
1389133437.5,-28.62005
1389133593.75,-28.61945
1389133750.0,-28.62173
1389133906.25,-28.62211
1389134062.5,-28.62636
1389134218.75,-28.62769
1389134375.0,-28.62521
1389134531.25,-28.62671
1389134687.5,-28.63023
1389134843.75,-28.63509
1389135000.0,-28.63327
1389135156.25,-28.63879
1389135312.5,-28.63287
1389135468.75,-28.63516
1389135625.0,-28.64051
1389135781.25,-28.64162
1389135937.5,-28.64363
1389136093.75,-28.64595
1389136250.0,-28.64463
1389136406.25,-28.64818
1389136562.5,-28.65104
1389136718.75,-28.65119
1389136875.0,-28.65159
1389137031.25,-28.64676
1389137187.5,-28.65026
1389137343.75,-28.65502
1389137500.0,-28.65491
1389137656.25,-28.66021
1389137812.5,-28.66107
1389137968.75,-28.66131
1389138125.0,-28.66324
1389138281.25,-28.65737
1389138437.5,-28.66298
1389138593.75,-28.66619
1389138750.0,-28.67091
1389138906.25,-28.66654
1389139062.5,-28.67108
1389139218.75,-28.67006
1389139375.0,-28.67747
1389139531.25,-28.67645
1389139687.5,-28.67668
1389139843.75,-28.67518
1389140000.0,-28.67695
1389140156.25,-28.68202
1389140312.5,-28.68248
1389140468.75,-28.68393
1389140625.0,-28.68369
1389140781.25,-28.68779
1389140937.5,-28.68644
1389141093.75,-28.6916
1389141250.0,-28.69687
1389141406.25,-28.69201
1389141562.5,-28.69734
1389141718.75,-28.69556
1389141875.0,-28.69551
1389142031.25,-28.69938
1389142187.5,-28.69887
1389142343.75,-28.70625
1389142500.0,-28.70706
1389142656.25,-28.70445
1389142812.5,-28.71329
1389142968.75,-28.70934
1389143125.0,-28.71115
1389143281.25,-28.71332
1389143437.5,-28.71177
1389143593.75,-28.71078
1389143750.0,-28.71409
1389143906.25,-28.72238
1389144062.5,-28.72271
1389144218.75,-28.71961
1389144375.0,-28.72418
1389144531.25,-28.72456
1389144687.5,-28.72112
1389144843.75,-28.72946
1389145000.0,-28.72787
1389145156.25,-28.72826
1389145312.5,-28.72931
1389145468.75,-28.72578
1389145625.0,-28.73187
1389145781.25,-28.73375
1389145937.5,-28.73386
1389146093.75,-28.73594
1389146250.0,-28.74056
1389146406.25,-28.7393
1389146562.5,-28.74107
1389146718.75,-28.74224
1389146875.0,-28.74336
1389147031.25,-28.7443
1389147187.5,-28.74418
1389147343.75,-28.74728
1389147500.0,-28.75446
1389147656.25,-28.75315
1389147812.5,-28.7542
1389147968.75,-28.758
1389148125.0,-28.75733
1389148281.25,-28.76557
1389148437.5,-28.76115
1389148593.75,-28.76126
1389148750.0,-28.75592
1389148906.25,-28.76532
1389149062.5,-28.76525
1389149218.75,-28.76864
1389149375.0,-28.76888
1389149531.25,-28.76521
1389149687.5,-28.77599
1389149843.75,-28.77068
1389150000.0,-28.77699
1389150156.25,-28.77641
1389150312.5,-28.77472
1389150468.75,-28.77512
1389150625.0,-28.78206
1389150781.25,-28.78273
1389150937.5,-28.78152
1389151093.75,-28.78486
1389151250.0,-28.78641
1389151406.25,-28.78784
1389151562.5,-28.78864
1389151718.75,-28.78964
1389151875.0,-28.78902
1389152031.25,-28.79045
1389152187.5,-28.79103
1389152343.75,-28.79606
1389152500.0,-28.798
1389152656.25,-28.79487
1389152812.5,-28.80157
1389152968.75,-28.80201
1389153125.0,-28.80111
1389153281.25,-28.79775
1389153437.5,-28.80897
1389153593.75,-28.80436
1389153750.0,-28.80797
1389153906.25,-28.81184
1389154062.5,-28.81282
1389154218.75,-28.81319
1389154375.0,-28.81299
1389154531.25,-28.81465
1389154687.5,-28.81484
1389154843.75,-28.8233
1389155000.0,-28.81934
1389155156.25,-28.82722
1389155312.5,-28.81944
1389155468.75,-28.82922
1389155625.0,-28.82792
1389155781.25,-28.83147
1389155937.5,-28.82705
1389156093.75,-28.83198
1389156250.0,-28.83289
1389156406.25,-28.83346
1389156562.5,-28.83485
1389156718.75,-28.83932
1389156875.0,-28.83794
1389157031.25,-28.83694
1389157187.5,-28.84101
1389157343.75,-28.83544
1389157500.0,-28.83636
1389157656.25,-28.846
1389157812.5,-28.845
1389157968.75,-28.84954
1389158125.0,-28.85303
1389158281.25,-28.85419
1389158437.5,-28.84977
1389158593.75,-28.85056
1389158750.0,-28.85426
1389158906.25,-28.85789
1389159062.5,-28.85986
1389159218.75,-28.86325
1389159375.0,-28.85979
1389159531.25,-28.86133
1389159687.5,-28.86845
1389159843.75,-28.86412
1389160000.0,-28.86629
1389160156.25,-28.87451
1389160312.5,-28.87011
1389160468.75,-28.87066
1389160625.0,-28.87889
1389160781.25,-28.87389
1389160937.5,-28.87693
1389161093.75,-28.87604
1389161250.0,-28.8728
1389161406.25,-28.8825
1389161562.5,-28.88138
1389161718.75,-28.8813
1389161875.0,-28.88504
1389162031.25,-28.88831
1389162187.5,-28.8845
1389162343.75,-28.88672
1389162500.0,-28.88662
1389162656.25,-28.8914
1389162812.5,-28.89338
1389162968.75,-28.8931
1389163125.0,-28.89722
1389163281.25,-28.89923
1389163437.5,-28.89324
1389163593.75,-28.9025
1389163750.0,-28.9021
1389163906.25,-28.89861
1389164062.5,-28.90256
1389164218.75,-28.90456
1389164375.0,-28.9075
1389164531.25,-28.90447
1389164687.5,-28.90952
1389164843.75,-28.91077
1389165000.0,-28.91361
1389165156.25,-28.91393
1389165312.5,-28.91626
1389165468.75,-28.91621
1389165625.0,-28.91764
1389165781.25,-28.91927
1389165937.5,-28.91883
1389166093.75,-28.92451
1389166250.0,-28.92467
1389166406.25,-28.92853
1389166562.5,-28.92785
1389166718.75,-28.93122
1389166875.0,-28.9301
1389167031.25,-28.93259
1389167187.5,-28.9362
1389167343.75,-28.93307
1389167500.0,-28.93469
1389167656.25,-28.93935
1389167812.5,-28.94145
1389167968.75,-28.93406
1389168125.0,-28.94143
1389168281.25,-28.94441
1389168437.5,-28.94417
1389168593.75,-28.93853
1389168750.0,-28.94521
1389168906.25,-28.9463
1389169062.5,-28.95327
1389169218.75,-28.95091
1389169375.0,-28.95325
1389169531.25,-28.95318
1389169687.5,-28.95478
1389169843.75,-28.95436
1389170000.0,-28.9573
1389170156.25,-28.96048
1389170312.5,-28.95827
1389170468.75,-28.95901
1389170625.0,-28.96621
1389170781.25,-28.96382
1389170937.5,-28.96508
1389171093.75,-28.97038
1389171250.0,-28.97338
1389171406.25,-28.97189
1389171562.5,-28.97256
1389171718.75,-28.97292
1389171875.0,-28.97016
1389172031.25,-28.97445
1389172187.5,-28.9768
1389172343.75,-28.97689
1389172500.0,-28.9826
1389172656.25,-28.98119
1389172812.5,-28.9826
1389172968.75,-28.98669
1389173125.0,-28.98572
1389173281.25,-28.98741
1389173437.5,-28.98869
1389173593.75,-28.99454
1389173750.0,-28.99635
1389173906.25,-28.99573
1389174062.5,-28.99215
1389174218.75,-28.99642
1389174375.0,-28.99944
1389174531.25,-28.99418
1389174687.5,-28.99846
1389174843.75,-28.99953
1389175000.0,-29.00729
1389175156.25,-29.00528
1389175312.5,-29.00674
1389175468.75,-29.00425
1389175625.0,-29.00687
1389175781.25,-29.01211
1389175937.5,-29.00822
1389176093.75,-29.01078
1389176250.0,-29.01617
1389176406.25,-29.01597
1389176562.5,-29.02141
1389176718.75,-29.01743
1389176875.0,-29.01706
1389177031.25,-29.02247
1389177187.5,-29.02566
1389177343.75,-29.02706
1389177500.0,-29.02417
1389177656.25,-29.03537
1389177812.5,-29.0299
1389177968.75,-29.02897
1389178125.0,-29.0281
1389178281.25,-29.03498
1389178437.5,-29.03205
1389178593.75,-29.03566
1389178750.0,-29.03506
1389178906.25,-29.03729
1389179062.5,-29.03792
1389179218.75,-29.04073
1389179375.0,-29.04327
1389179531.25,-29.04824
1389179687.5,-29.05287
1389179843.75,-29.04471
1389180000.0,-29.05095
1389180156.25,-29.04805
1389180312.5,-29.04883
1389180468.75,-29.05198
1389180625.0,-29.05507
1389180781.25,-29.05282
1389180937.5,-29.05904
1389181093.75,-29.05778
1389181250.0,-29.06082
1389181406.25,-29.06497
1389181562.5,-29.06261
1389181718.75,-29.06688
1389181875.0,-29.06742
1389182031.25,-29.0721
1389182187.5,-29.07068
1389182343.75,-29.06705
1389182500.0,-29.07095
1389182656.25,-29.07351
1389182812.5,-29.07555
1389182968.75,-29.07824
1389183125.0,-29.07915
1389183281.25,-29.07382
1389183437.5,-29.0785
1389183593.75,-29.08018
1389183750.0,-29.08344
1389183906.25,-29.07998
1389184062.5,-29.08608
1389184218.75,-29.0877
1389184375.0,-29.08866
1389184531.25,-29.0917
1389184687.5,-29.09389
1389184843.75,-29.09415
1389185000.0,-29.08612
1389185156.25,-29.09378
1389185312.5,-29.09754
1389185468.75,-29.099
1389185625.0,-29.10382
1389185781.25,-29.0982
1389185937.5,-29.10098
1389186093.75,-29.10727
1389186250.0,-29.10607
1389186406.25,-29.10638
1389186562.5,-29.10768
1389186718.75,-29.11083
1389186875.0,-29.11278
1389187031.25,-29.10976
1389187187.5,-29.11718
1389187343.75,-29.11376
1389187500.0,-29.11181
1389187656.25,-29.11921
1389187812.5,-29.12239
1389187968.75,-29.12104
1389188125.0,-29.12231
1389188281.25,-29.12432
1389188437.5,-29.12748
1389188593.75,-29.1278
1389188750.0,-29.12672
1389188906.25,-29.12936
1389189062.5,-29.13059
1389189218.75,-29.12966
1389189375.0,-29.13155
1389189531.25,-29.13586
1389189687.5,-29.13462
1389189843.75,-29.13666
1389190000.0,-29.13991
1389190156.25,-29.13869
1389190312.5,-29.13692
1389190468.75,-29.14291
1389190625.0,-29.14089
1389190781.25,-29.1454
1389190937.5,-29.15212
1389191093.75,-29.15172
1389191250.0,-29.14678
1389191406.25,-29.1505
1389191562.5,-29.15372
1389191718.75,-29.15994
1389191875.0,-29.16047
1389192031.25,-29.1547
1389192187.5,-29.15973
1389192343.75,-29.16222
1389192500.0,-29.16021
1389192656.25,-29.16134
1389192812.5,-29.16396
1389192968.75,-29.16637
1389193125.0,-29.16494
1389193281.25,-29.16979
1389193437.5,-29.17045
1389193593.75,-29.17298
1389193750.0,-29.17192
1389193906.25,-29.17825
1389194062.5,-29.17655
1389194218.75,-29.18037
1389194375.0,-29.17484
1389194531.25,-29.17933
1389194687.5,-29.17827
1389194843.75,-29.17988
1389195000.0,-29.18449
1389195156.25,-29.18627
1389195312.5,-29.18484
1389195468.75,-29.18484
1389195625.0,-29.19099
1389195781.25,-29.18994
1389195937.5,-29.1926
1389196093.75,-29.19216
1389196250.0,-29.19937
1389196406.25,-29.19821
1389196562.5,-29.19229
1389196718.75,-29.19638
1389196875.0,-29.20298
1389197031.25,-29.19986
1389197187.5,-29.20328
1389197343.75,-29.20472
1389197500.0,-29.20329
1389197656.25,-29.2016
1389197812.5,-29.20724
1389197968.75,-29.21591
1389198125.0,-29.21469
1389198281.25,-29.21523
1389198437.5,-29.21243
1389198593.75,-29.21306
1389198750.0,-29.21579
1389198906.25,-29.21914
1389199062.5,-29.21746
1389199218.75,-29.22064
1389199375.0,-29.22406
1389199531.25,-29.22668
1389199687.5,-29.22408
1389199843.75,-29.22532
1389200000.0,-29.2234
1389200156.25,-29.22605
1389200312.5,-29.23024
1389200468.75,-29.23822
1389200625.0,-29.23194
1389200781.25,-29.23597
1389200937.5,-29.23916
1389201093.75,-29.24083
1389201250.0,-29.23721
1389201406.25,-29.23981
1389201562.5,-29.24352
1389201718.75,-29.24052
1389201875.0,-29.24042
1389202031.25,-29.24469
1389202187.5,-29.24425
1389202343.75,-29.24759
1389202500.0,-29.2496
1389202656.25,-29.25098
1389202812.5,-29.2514
1389202968.75,-29.24712
1389203125.0,-29.25178
1389203281.25,-29.25777
1389203437.5,-29.25921
1389203593.75,-29.25967
1389203750.0,-29.25989
1389203906.25,-29.26373
1389204062.5,-29.26063
1389204218.75,-29.26031
1389204375.0,-29.26344
1389204531.25,-29.26678
1389204687.5,-29.26943
1389204843.75,-29.27193
1389205000.0,-29.27148
1389205156.25,-29.27527
1389205312.5,-29.27161
1389205468.75,-29.27637
1389205625.0,-29.27552
1389205781.25,-29.27792
1389205937.5,-29.28199
1389206093.75,-29.28219
1389206250.0,-29.28236
1389206406.25,-29.28158
1389206562.5,-29.28096
1389206718.75,-29.28269
1389206875.0,-29.28876
1389207031.25,-29.2902
1389207187.5,-29.29047
1389207343.75,-29.29284
1389207500.0,-29.29297
1389207656.25,-29.29829
1389207812.5,-29.29693
1389207968.75,-29.29802
1389208125.0,-29.29569
1389208281.25,-29.30188
1389208437.5,-29.30317
1389208593.75,-29.30303
1389208750.0,-29.30219
1389208906.25,-29.31109
1389209062.5,-29.30975
1389209218.75,-29.3075
1389209375.0,-29.30744
1389209531.25,-29.31619
1389209687.5,-29.3097
1389209843.75,-29.31711
1389210000.0,-29.31542
1389210156.25,-29.32241
1389210312.5,-29.31557
1389210468.75,-29.32397
1389210625.0,-29.31812
1389210781.25,-29.32394
1389210937.5,-29.32452
1389211093.75,-29.32114
1389211250.0,-29.32565
1389211406.25,-29.32002
1389211562.5,-29.32681
1389211718.75,-29.32881
1389211875.0,-29.33031
1389212031.25,-29.32939
1389212187.5,-29.33569
1389212343.75,-29.33414
1389212500.0,-29.34113
1389212656.25,-29.34199
1389212812.5,-29.3383
1389212968.75,-29.33835
1389213125.0,-29.34159
1389213281.25,-29.34476
1389213437.5,-29.34601
1389213593.75,-29.34737
1389213750.0,-29.35148
1389213906.25,-29.34954
1389214062.5,-29.35431
1389214218.75,-29.35184
1389214375.0,-29.35532
1389214531.25,-29.35312
1389214687.5,-29.35637
1389214843.75,-29.36167
1389215000.0,-29.35829
1389215156.25,-29.36024
1389215312.5,-29.35893
1389215468.75,-29.3633
1389215625.0,-29.36602
1389215781.25,-29.3704
1389215937.5,-29.36642
1389216093.75,-29.37414
1389216250.0,-29.36903
1389216406.25,-29.3759
1389216562.5,-29.37762
1389216718.75,-29.37697
1389216875.0,-29.37247
1389217031.25,-29.37723
1389217187.5,-29.37839
1389217343.75,-29.37908
1389217500.0,-29.3795
1389217656.25,-29.38004
1389217812.5,-29.38527
1389217968.75,-29.38628
1389218125.0,-29.38832
1389218281.25,-29.38735
1389218437.5,-29.38888
1389218593.75,-29.38853
1389218750.0,-29.38218
1389218906.25,-29.39423
1389219062.5,-29.39527
1389219218.75,-29.39597
1389219375.0,-29.3995
1389219531.25,-29.3982
1389219687.5,-29.40137
1389219843.75,-29.4048
1389220000.0,-29.40476
1389220156.25,-29.40037
1389220312.5,-29.4062
1389220468.75,-29.41155
1389220625.0,-29.40577
1389220781.25,-29.40972
1389220937.5,-29.41254
1389221093.75,-29.41017
1389221250.0,-29.41351
1389221406.25,-29.41491
1389221562.5,-29.41617
1389221718.75,-29.41986
1389221875.0,-29.41904
1389222031.25,-29.41677
1389222187.5,-29.42487
1389222343.75,-29.42258
1389222500.0,-29.42389
1389222656.25,-29.42435
1389222812.5,-29.42825
1389222968.75,-29.4307
1389223125.0,-29.43064
1389223281.25,-29.42842
1389223437.5,-29.43196
1389223593.75,-29.43979
1389223750.0,-29.43697
1389223906.25,-29.43164
1389224062.5,-29.43589
1389224218.75,-29.44186
1389224375.0,-29.44386
1389224531.25,-29.44428
1389224687.5,-29.44337
1389224843.75,-29.45115
1389225000.0,-29.44592
1389225156.25,-29.44622
1389225312.5,-29.44644
1389225468.75,-29.44943
1389225625.0,-29.4538
1389225781.25,-29.44723
1389225937.5,-29.45327
1389226093.75,-29.46034
1389226250.0,-29.45385
1389226406.25,-29.46134
1389226562.5,-29.4549
1389226718.75,-29.45915
1389226875.0,-29.46173
1389227031.25,-29.46462
1389227187.5,-29.46449
1389227343.75,-29.46691
1389227500.0,-29.46643
1389227656.25,-29.46618
1389227812.5,-29.46536
1389227968.75,-29.47413
1389228125.0,-29.47364
1389228281.25,-29.47038
1389228437.5,-29.47275
1389228593.75,-29.47314
1389228750.0,-29.48223
1389228906.25,-29.479
1389229062.5,-29.48188
1389229218.75,-29.48073
1389229375.0,-29.48401
1389229531.25,-29.48686
1389229687.5,-29.4887
1389229843.75,-29.48516
1389230000.0,-29.48769
1389230156.25,-29.49415
1389230312.5,-29.49143
1389230468.75,-29.49436
1389230625.0,-29.49429
1389230781.25,-29.49946
1389230937.5,-29.49841
1389231093.75,-29.4956
1389231250.0,-29.5027
1389231406.25,-29.50246
1389231562.5,-29.50815
1389231718.75,-29.50445
1389231875.0,-29.50572
1389232031.25,-29.50568
1389232187.5,-29.50484
1389232343.75,-29.50973
1389232500.0,-29.51213
1389232656.25,-29.5083
1389232812.5,-29.51639
1389232968.75,-29.51737
1389233125.0,-29.50711
1389233281.25,-29.51537
1389233437.5,-29.51932
1389233593.75,-29.51962
1389233750.0,-29.52003
1389233906.25,-29.52147
1389234062.5,-29.52258
1389234218.75,-29.52576
1389234375.0,-29.52151
1389234531.25,-29.52677
1389234687.5,-29.52886
1389234843.75,-29.52956
1389235000.0,-29.53577
1389235156.25,-29.5337
1389235312.5,-29.53125
1389235468.75,-29.53473
1389235625.0,-29.53835
1389235781.25,-29.53633
1389235937.5,-29.53627
1389236093.75,-29.53621
1389236250.0,-29.54051
1389236406.25,-29.53927
1389236562.5,-29.53979
1389236718.75,-29.5414
1389236875.0,-29.54395
1389237031.25,-29.54584
1389237187.5,-29.5451
1389237343.75,-29.54662
1389237500.0,-29.55123
1389237656.25,-29.54739
1389237812.5,-29.55115
1389237968.75,-29.55542
1389238125.0,-29.56046
1389238281.25,-29.56023
1389238437.5,-29.55819
1389238593.75,-29.55923
1389238750.0,-29.56404
1389238906.25,-29.56323
1389239062.5,-29.56754
1389239218.75,-29.56428
1389239375.0,-29.56748
1389239531.25,-29.57306
1389239687.5,-29.56721
1389239843.75,-29.57174
1389240000.0,-29.57203
1389240156.25,-29.57587
1389240312.5,-29.57883
1389240468.75,-29.5834
1389240625.0,-29.57872
1389240781.25,-29.57966
1389240937.5,-29.58232
1389241093.75,-29.58455
1389241250.0,-29.58571
1389241406.25,-29.58529
1389241562.5,-29.58762
1389241718.75,-29.58893
1389241875.0,-29.59216
1389242031.25,-29.59294
1389242187.5,-29.59406
1389242343.75,-29.59479
1389242500.0,-29.59488
1389242656.25,-29.5926
1389242812.5,-29.59856
1389242968.75,-29.5977
1389243125.0,-29.60739
1389243281.25,-29.59909
1389243437.5,-29.60259
1389243593.75,-29.60482
1389243750.0,-29.60795
1389243906.25,-29.60536
1389244062.5,-29.61389
1389244218.75,-29.6107
1389244375.0,-29.61114
1389244531.25,-29.60881
1389244687.5,-29.60708
1389244843.75,-29.61537
1389245000.0,-29.61487
1389245156.25,-29.61793
1389245312.5,-29.61476
1389245468.75,-29.62139
1389245625.0,-29.61939
1389245781.25,-29.62446
1389245937.5,-29.61993
1389246093.75,-29.62722
1389246250.0,-29.62031
1389246406.25,-29.62934
1389246562.5,-29.62793
1389246718.75,-29.63181
1389246875.0,-29.629
1389247031.25,-29.63322
1389247187.5,-29.63821
1389247343.75,-29.63796
1389247500.0,-29.63839
1389247656.25,-29.64091
1389247812.5,-29.64172
1389247968.75,-29.63778
1389248125.0,-29.64379
1389248281.25,-29.64366
1389248437.5,-29.64927
1389248593.75,-29.64747
1389248750.0,-29.64916
1389248906.25,-29.64814
1389249062.5,-29.65174
1389249218.75,-29.6531
1389249375.0,-29.64953
1389249531.25,-29.65678
1389249687.5,-29.65885
1389249843.75,-29.6603
1389250000.0,-29.66164
1389250156.25,-29.66177
1389250312.5,-29.66288
1389250468.75,-29.66456
1389250625.0,-29.6666
1389250781.25,-29.66517
1389250937.5,-29.66927
1389251093.75,-29.67184
1389251250.0,-29.66924
1389251406.25,-29.66919
1389251562.5,-29.6737
1389251718.75,-29.67382
1389251875.0,-29.67606
1389252031.25,-29.67502
1389252187.5,-29.67671
1389252343.75,-29.684
1389252500.0,-29.67941
1389252656.25,-29.67885
1389252812.5,-29.68189
1389252968.75,-29.68655
1389253125.0,-29.69017
1389253281.25,-29.68331
1389253437.5,-29.68807
1389253593.75,-29.68548
1389253750.0,-29.68954
1389253906.25,-29.68733
1389254062.5,-29.68628
1389254218.75,-29.69179
1389254375.0,-29.69617
1389254531.25,-29.69902
1389254687.5,-29.70053
1389254843.75,-29.69506
1389255000.0,-29.70191
1389255156.25,-29.70041
1389255312.5,-29.70352
1389255468.75,-29.70129
1389255625.0,-29.70621
1389255781.25,-29.70594
1389255937.5,-29.71613
1389256093.75,-29.71117
1389256250.0,-29.71453
1389256406.25,-29.71004
1389256562.5,-29.71326
1389256718.75,-29.70903
1389256875.0,-29.71742
1389257031.25,-29.7151
1389257187.5,-29.72195
1389257343.75,-29.71978
1389257500.0,-29.72471
1389257656.25,-29.72023
1389257812.5,-29.72204
1389257968.75,-29.7207
1389258125.0,-29.72598
1389258281.25,-29.7271
1389258437.5,-29.72903
1389258593.75,-29.72906
1389258750.0,-29.73561
1389258906.25,-29.73273
1389259062.5,-29.73077
1389259218.75,-29.74351
1389259375.0,-29.73448
1389259531.25,-29.73404
1389259687.5,-29.73319
1389259843.75,-29.73473
1389260000.0,-29.74332
1389260156.25,-29.73793
1389260312.5,-29.74345
1389260468.75,-29.74639
1389260625.0,-29.75156
1389260781.25,-29.75111
1389260937.5,-29.74757
1389261093.75,-29.75026
1389261250.0,-29.75405
1389261406.25,-29.75397
1389261562.5,-29.75378
1389261718.75,-29.74969
1389261875.0,-29.75616
1389262031.25,-29.75974
1389262187.5,-29.76282
1389262343.75,-29.7635
1389262500.0,-29.76699
1389262656.25,-29.75959
1389262812.5,-29.7609
1389262968.75,-29.76364
1389263125.0,-29.76564
1389263281.25,-29.77513
1389263437.5,-29.76716
1389263593.75,-29.76934
1389263750.0,-29.77072
1389263906.25,-29.77663
1389264062.5,-29.77264
1389264218.75,-29.78284
1389264375.0,-29.78065
1389264531.25,-29.77922
1389264687.5,-29.78008
1389264843.75,-29.78169
1389265000.0,-29.78619
1389265156.25,-29.7818
1389265312.5,-29.78755
1389265468.75,-29.78736
1389265625.0,-29.78814
1389265781.25,-29.79275
1389265937.5,-29.78954
1389266093.75,-29.79722
1389266250.0,-29.79049
1389266406.25,-29.79503
1389266562.5,-29.79485
1389266718.75,-29.80075
1389266875.0,-29.79743
1389267031.25,-29.80389
1389267187.5,-29.80038
1389267343.75,-29.8039
1389267500.0,-29.80237
1389267656.25,-29.8045
1389267812.5,-29.80576
1389267968.75,-29.80492
1389268125.0,-29.80892
1389268281.25,-29.81277
1389268437.5,-29.81348
1389268593.75,-29.81118
1389268750.0,-29.81018
1389268906.25,-29.81756
1389269062.5,-29.82399
1389269218.75,-29.82048
1389269375.0,-29.82428
1389269531.25,-29.81996
1389269687.5,-29.81847
1389269843.75,-29.82345
1389270000.0,-29.82773
1389270156.25,-29.82622
1389270312.5,-29.82557
1389270468.75,-29.82675
1389270625.0,-29.83316
1389270781.25,-29.83187
1389270937.5,-29.83414
1389271093.75,-29.83583
1389271250.0,-29.83492
1389271406.25,-29.83831
1389271562.5,-29.83589
1389271718.75,-29.83494
1389271875.0,-29.8403
1389272031.25,-29.83913
1389272187.5,-29.83889
1389272343.75,-29.8456
1389272500.0,-29.84187
1389272656.25,-29.84204
1389272812.5,-29.8452
1389272968.75,-29.84809
1389273125.0,-29.84511
1389273281.25,-29.85079
1389273437.5,-29.85674
1389273593.75,-29.84904
1389273750.0,-29.85613
1389273906.25,-29.85655
1389274062.5,-29.8558
1389274218.75,-29.85784
1389274375.0,-29.85243
1389274531.25,-29.86157
1389274687.5,-29.85942
1389274843.75,-29.86363
1389275000.0,-29.86644
1389275156.25,-29.86518
1389275312.5,-29.86444
1389275468.75,-29.86969
1389275625.0,-29.87309
1389275781.25,-29.86836
1389275937.5,-29.87263
1389276093.75,-29.87854
1389276250.0,-29.87289
1389276406.25,-29.8771
1389276562.5,-29.87901
1389276718.75,-29.87762
1389276875.0,-29.87763
1389277031.25,-29.88102
1389277187.5,-29.88667
1389277343.75,-29.87759
1389277500.0,-29.88932
1389277656.25,-29.8905
1389277812.5,-29.88772
1389277968.75,-29.89162
1389278125.0,-29.89729
1389278281.25,-29.89203
1389278437.5,-29.89531
1389278593.75,-29.89113
1389278750.0,-29.89556
1389278906.25,-29.89874
1389279062.5,-29.90172
1389279218.75,-29.89569
1389279375.0,-29.90184
1389279531.25,-29.90414
1389279687.5,-29.90516
1389279843.75,-29.90681
1389280000.0,-29.91161
1389280156.25,-29.90612
1389280312.5,-29.90772
1389280468.75,-29.91122
1389280625.0,-29.90809
1389280781.25,-29.91515
1389280937.5,-29.91925
1389281093.75,-29.91388
1389281250.0,-29.91932
1389281406.25,-29.91746
1389281562.5,-29.91973
1389281718.75,-29.92929
1389281875.0,-29.92009
1389282031.25,-29.92379
1389282187.5,-29.93021
1389282343.75,-29.92614
1389282500.0,-29.92857
1389282656.25,-29.93404
1389282812.5,-29.92697
1389282968.75,-29.9374
1389283125.0,-29.9347
1389283281.25,-29.93896
1389283437.5,-29.93378
1389283593.75,-29.94004
1389283750.0,-29.93926
1389283906.25,-29.94113
1389284062.5,-29.93995
1389284218.75,-29.94149
1389284375.0,-29.94468
1389284531.25,-29.93862
1389284687.5,-29.94145
1389284843.75,-29.95151
1389285000.0,-29.94558
1389285156.25,-29.94799
1389285312.5,-29.95372
1389285468.75,-29.95043
1389285625.0,-29.95023
1389285781.25,-29.95579
1389285937.5,-29.95353
1389286093.75,-29.95623
1389286250.0,-29.96092
1389286406.25,-29.95739
1389286562.5,-29.96113
1389286718.75,-29.96582
1389286875.0,-29.96216
1389287031.25,-29.96646
1389287187.5,-29.96609
1389287343.75,-29.96882
1389287500.0,-29.96756
1389287656.25,-29.96604
1389287812.5,-29.96864
1389287968.75,-29.97448
1389288125.0,-29.97449
1389288281.25,-29.97097
1389288437.5,-29.97562
1389288593.75,-29.97526
1389288750.0,-29.97655
1389288906.25,-29.98492
1389289062.5,-29.97427
1389289218.75,-29.97948
1389289375.0,-29.98588
1389289531.25,-29.98256
1389289687.5,-29.98402
1389289843.75,-29.98491
1389290000.0,-29.98686
1389290156.25,-29.98877
1389290312.5,-29.98646
1389290468.75,-29.99408
1389290625.0,-29.9969
1389290781.25,-29.99578
1389290937.5,-29.99536
1389291093.75,-29.99506
1389291250.0,-29.99966
1389291406.25,-30.00293
1389291562.5,-29.99974
1389291718.75,-30.00295
1389291875.0,-30.00111
1389292031.25,-30.00335
1389292187.5,-30.00914
1389292343.75,-30.00906
1389292500.0,-30.00991
1389292656.25,-30.01253
1389292812.5,-30.01563
1389292968.75,-30.01076
1389293125.0,-30.01889
1389293281.25,-30.01693
1389293437.5,-30.01695
1389293593.75,-30.01439
1389293750.0,-30.01682
1389293906.25,-30.02594
1389294062.5,-30.01646
1389294218.75,-30.01625
1389294375.0,-30.01571
1389294531.25,-30.03121
1389294687.5,-30.02496
1389294843.75,-30.02931
1389295000.0,-30.02635
1389295156.25,-30.0277
1389295312.5,-30.02844
1389295468.75,-30.0309
1389295625.0,-30.03809
1389295781.25,-30.03503
1389295937.5,-30.03456
1389296093.75,-30.03004
1389296250.0,-30.03492
1389296406.25,-30.03805
1389296562.5,-30.04317
1389296718.75,-30.04618
1389296875.0,-30.04726
1389297031.25,-30.04638
1389297187.5,-30.05283
1389297343.75,-30.04698
1389297500.0,-30.04971
1389297656.25,-30.05085
1389297812.5,-30.04992
1389297968.75,-30.05232
1389298125.0,-30.05957
1389298281.25,-30.05659
1389298437.5,-30.06216
1389298593.75,-30.05164
1389298750.0,-30.0623
1389298906.25,-30.05816
1389299062.5,-30.05891
1389299218.75,-30.05661
1389299375.0,-30.06087
1389299531.25,-30.06522
1389299687.5,-30.06573
1389299843.75,-30.06895
1389300000.0,-30.0738
1389300156.25,-30.07153
1389300312.5,-30.07153
1389300468.75,-30.07212
1389300625.0,-30.0745
1389300781.25,-30.07206
1389300937.5,-30.08148
1389301093.75,-30.07334
1389301250.0,-30.08148
1389301406.25,-30.08193
1389301562.5,-30.0796
1389301718.75,-30.08075
1389301875.0,-30.08667
1389302031.25,-30.07892
1389302187.5,-30.08645
1389302343.75,-30.08682
1389302500.0,-30.08811
1389302656.25,-30.09592
1389302812.5,-30.09389
1389302968.75,-30.09138
1389303125.0,-30.09197
1389303281.25,-30.09689
1389303437.5,-30.09035
1389303593.75,-30.09811
1389303750.0,-30.09755
1389303906.25,-30.09221
1389304062.5,-30.09519
1389304218.75,-30.10399
1389304375.0,-30.10197
1389304531.25,-30.10419
1389304687.5,-30.11003
1389304843.75,-30.10847
1389305000.0,-30.11283
1389305156.25,-30.10756
1389305312.5,-30.11104
1389305468.75,-30.10931
1389305625.0,-30.11244
1389305781.25,-30.11485
1389305937.5,-30.12171
1389306093.75,-30.11644
1389306250.0,-30.11782
1389306406.25,-30.12272
1389306562.5,-30.12461
1389306718.75,-30.12053
1389306875.0,-30.12565
1389307031.25,-30.12862
1389307187.5,-30.12641
1389307343.75,-30.12583
1389307500.0,-30.13027
1389307656.25,-30.13016
1389307812.5,-30.13295
1389307968.75,-30.12799
1389308125.0,-30.1359
1389308281.25,-30.13619
1389308437.5,-30.13435
1389308593.75,-30.13925
1389308750.0,-30.13966
1389308906.25,-30.14349
1389309062.5,-30.1457
1389309218.75,-30.14215
1389309375.0,-30.14074
1389309531.25,-30.1433
1389309687.5,-30.13953
1389309843.75,-30.14758
1389310000.0,-30.14486
1389310156.25,-30.15132
1389310312.5,-30.15393
1389310468.75,-30.15328
1389310625.0,-30.15341
1389310781.25,-30.15563
1389310937.5,-30.15368
1389311093.75,-30.15613
1389311250.0,-30.15638
1389311406.25,-30.15948
1389311562.5,-30.16293
1389311718.75,-30.16848
1389311875.0,-30.1594
1389312031.25,-30.16353
1389312187.5,-30.16966
1389312343.75,-30.16704
1389312500.0,-30.17233
1389312656.25,-30.16615
1389312812.5,-30.16976
1389312968.75,-30.17498
1389313125.0,-30.16864
1389313281.25,-30.17476
1389313437.5,-30.17323
1389313593.75,-30.17605
1389313750.0,-30.17907
1389313906.25,-30.17815
1389314062.5,-30.18134
1389314218.75,-30.18919
1389314375.0,-30.19073
1389314531.25,-30.18157
1389314687.5,-30.18071
1389314843.75,-30.19097
1389315000.0,-30.18605
1389315156.25,-30.19189
1389315312.5,-30.189
1389315468.75,-30.19229
1389315625.0,-30.1934
1389315781.25,-30.19151
1389315937.5,-30.19098
1389316093.75,-30.20026
1389316250.0,-30.19498
1389316406.25,-30.20135
1389316562.5,-30.20084
1389316718.75,-30.19536
1389316875.0,-30.19648
1389317031.25,-30.20684
1389317187.5,-30.20183
1389317343.75,-30.20879
1389317500.0,-30.20559
1389317656.25,-30.20537
1389317812.5,-30.2116
1389317968.75,-30.21832
1389318125.0,-30.20887
1389318281.25,-30.21188
1389318437.5,-30.21724
1389318593.75,-30.21574
1389318750.0,-30.21805
1389318906.25,-30.21977
1389319062.5,-30.21932
1389319218.75,-30.22069
1389319375.0,-30.22155
1389319531.25,-30.22759
1389319687.5,-30.2259
1389319843.75,-30.22879
1389320000.0,-30.22549
1389320156.25,-30.2314
1389320312.5,-30.23417
1389320468.75,-30.2351
1389320625.0,-30.23142
1389320781.25,-30.23857
1389320937.5,-30.23611
1389321093.75,-30.24216
1389321250.0,-30.2371
1389321406.25,-30.23772
1389321562.5,-30.23711
1389321718.75,-30.2381
1389321875.0,-30.24389
1389322031.25,-30.24695
1389322187.5,-30.24824
1389322343.75,-30.24424
1389322500.0,-30.24798
1389322656.25,-30.25238
1389322812.5,-30.249
1389322968.75,-30.25303
1389323125.0,-30.25149
1389323281.25,-30.25242
1389323437.5,-30.25696
1389323593.75,-30.25369
1389323750.0,-30.25817
1389323906.25,-30.25978
1389324062.5,-30.2598
1389324218.75,-30.25842
1389324375.0,-30.2641
1389324531.25,-30.26794
1389324687.5,-30.26574
1389324843.75,-30.27155
1389325000.0,-30.26921
1389325156.25,-30.26991
1389325312.5,-30.27091
1389325468.75,-30.26987
1389325625.0,-30.27221
1389325781.25,-30.27347
1389325937.5,-30.27856
1389326093.75,-30.27906
1389326250.0,-30.27749
1389326406.25,-30.28122
1389326562.5,-30.27265
1389326718.75,-30.27783
1389326875.0,-30.28679
1389327031.25,-30.28055
1389327187.5,-30.28553
1389327343.75,-30.28545
1389327500.0,-30.28316
1389327656.25,-30.2854
1389327812.5,-30.2932
1389327968.75,-30.29235
1389328125.0,-30.28982
1389328281.25,-30.29293
1389328437.5,-30.29137
1389328593.75,-30.29659
1389328750.0,-30.3022
1389328906.25,-30.29042
1389329062.5,-30.30075
1389329218.75,-30.29644
1389329375.0,-30.30003
1389329531.25,-30.30032
1389329687.5,-30.30191
1389329843.75,-30.3098
1389330000.0,-30.30834
1389330156.25,-30.30641
1389330312.5,-30.31432
1389330468.75,-30.30921
1389330625.0,-30.31218
1389330781.25,-30.30979
1389330937.5,-30.3161
1389331093.75,-30.31274
1389331250.0,-30.31365
1389331406.25,-30.32048
1389331562.5,-30.31735
1389331718.75,-30.32161
1389331875.0,-30.3222
1389332031.25,-30.32195
1389332187.5,-30.32633
1389332343.75,-30.32167
1389332500.0,-30.32483
1389332656.25,-30.33443
1389332812.5,-30.33307
1389332968.75,-30.33079
1389333125.0,-30.33363
1389333281.25,-30.3304
1389333437.5,-30.32782
1389333593.75,-30.32901
1389333750.0,-30.33763
1389333906.25,-30.3355
1389334062.5,-30.33766
1389334218.75,-30.3428
1389334375.0,-30.34378
1389334531.25,-30.34678
1389334687.5,-30.34451
1389334843.75,-30.34402
1389335000.0,-30.34393
1389335156.25,-30.35048
1389335312.5,-30.34591
1389335468.75,-30.34973
1389335625.0,-30.34813
1389335781.25,-30.3573
1389335937.5,-30.3507
1389336093.75,-30.35274
1389336250.0,-30.35843
1389336406.25,-30.35144
1389336562.5,-30.35665
1389336718.75,-30.36079
1389336875.0,-30.3612
1389337031.25,-30.36371
1389337187.5,-30.36246
1389337343.75,-30.36238
1389337500.0,-30.36279
1389337656.25,-30.37035
1389337812.5,-30.36868
1389337968.75,-30.36506
1389338125.0,-30.37027
1389338281.25,-30.37156
1389338437.5,-30.37321
1389338593.75,-30.37261
1389338750.0,-30.37652
1389338906.25,-30.37939
1389339062.5,-30.3788
1389339218.75,-30.3805
1389339375.0,-30.37192
1389339531.25,-30.37905
1389339687.5,-30.37988
1389339843.75,-30.38429
1389340000.0,-30.38517
1389340156.25,-30.38495
1389340312.5,-30.38752
1389340468.75,-30.38508
1389340625.0,-30.38677
1389340781.25,-30.38781
1389340937.5,-30.39449
1389341093.75,-30.39628
1389341250.0,-30.39779
1389341406.25,-30.39771
1389341562.5,-30.39313
1389341718.75,-30.39869
1389341875.0,-30.39746
1389342031.25,-30.39587
1389342187.5,-30.40512
1389342343.75,-30.40136
1389342500.0,-30.39989
1389342656.25,-30.40864
1389342812.5,-30.40271
1389342968.75,-30.40741
1389343125.0,-30.40532
1389343281.25,-30.40896
1389343437.5,-30.40769
1389343593.75,-30.41267
1389343750.0,-30.41771
1389343906.25,-30.41097
1389344062.5,-30.41391
1389344218.75,-30.41392
1389344375.0,-30.42252
1389344531.25,-30.42164
1389344687.5,-30.4188
1389344843.75,-30.4274
1389345000.0,-30.42721
1389345156.25,-30.4271
1389345312.5,-30.42575
1389345468.75,-30.42666
1389345625.0,-30.42567
1389345781.25,-30.4324
1389345937.5,-30.42426
1389346093.75,-30.43225
1389346250.0,-30.43242
1389346406.25,-30.42866
1389346562.5,-30.43037
1389346718.75,-30.4324
1389346875.0,-30.4379
1389347031.25,-30.43843
1389347187.5,-30.43724
1389347343.75,-30.43646
1389347500.0,-30.44138
1389347656.25,-30.44164
1389347812.5,-30.44428
1389347968.75,-30.45241
1389348125.0,-30.4475
1389348281.25,-30.44692
1389348437.5,-30.45088
1389348593.75,-30.45038
1389348750.0,-30.45539
1389348906.25,-30.45756
1389349062.5,-30.45476
1389349218.75,-30.46075
1389349375.0,-30.46034
1389349531.25,-30.46163
1389349687.5,-30.45599
1389349843.75,-30.46197
1389350000.0,-30.46165
1389350156.25,-30.45822
1389350312.5,-30.4628
1389350468.75,-30.46562
1389350625.0,-30.46171
1389350781.25,-30.46559
1389350937.5,-30.46909
1389351093.75,-30.47419
1389351250.0,-30.47401
1389351406.25,-30.47741
1389351562.5,-30.47633
1389351718.75,-30.47448
1389351875.0,-30.47821
1389352031.25,-30.47659
1389352187.5,-30.47956
1389352343.75,-30.47848
1389352500.0,-30.48228
1389352656.25,-30.48423
1389352812.5,-30.48514
1389352968.75,-30.47955
1389353125.0,-30.49537
1389353281.25,-30.48699
1389353437.5,-30.48816
1389353593.75,-30.48975
1389353750.0,-30.49228
1389353906.25,-30.49329
1389354062.5,-30.49627
1389354218.75,-30.4905
1389354375.0,-30.49639
1389354531.25,-30.50166
1389354687.5,-30.49806
1389354843.75,-30.49534
1389355000.0,-30.49939
1389355156.25,-30.50646
1389355312.5,-30.50526
1389355468.75,-30.50175
1389355625.0,-30.50708
1389355781.25,-30.50584
1389355937.5,-30.50942
1389356093.75,-30.50986
1389356250.0,-30.50596
1389356406.25,-30.50678
1389356562.5,-30.50861
1389356718.75,-30.5125
1389356875.0,-30.51907
1389357031.25,-30.51589
1389357187.5,-30.50985
1389357343.75,-30.51431
1389357500.0,-30.51505
1389357656.25,-30.52312
1389357812.5,-30.51814
1389357968.75,-30.52348
1389358125.0,-30.52464
1389358281.25,-30.52357
1389358437.5,-30.52583
1389358593.75,-30.52389
1389358750.0,-30.53204
1389358906.25,-30.52582
1389359062.5,-30.5278
1389359218.75,-30.53616
1389359375.0,-30.53509
1389359531.25,-30.53045
1389359687.5,-30.53659
1389359843.75,-30.53979
1389360000.0,-30.53905
1389360156.25,-30.53638
1389360312.5,-30.53556
1389360468.75,-30.53602
1389360625.0,-30.54658
1389360781.25,-30.54594
1389360937.5,-30.54562
1389361093.75,-30.54668
1389361250.0,-30.54814
1389361406.25,-30.5479
1389361562.5,-30.55309
1389361718.75,-30.5519
1389361875.0,-30.55297
1389362031.25,-30.5546
1389362187.5,-30.55203
1389362343.75,-30.55893
1389362500.0,-30.55142
1389362656.25,-30.55674
1389362812.5,-30.55927
1389362968.75,-30.55998
1389363125.0,-30.55715
1389363281.25,-30.5669
1389363437.5,-30.56779
1389363593.75,-30.56525
1389363750.0,-30.57173
1389363906.25,-30.57077
1389364062.5,-30.56995
1389364218.75,-30.57093
1389364375.0,-30.56901
1389364531.25,-30.5731
1389364687.5,-30.57566
1389364843.75,-30.57623
1389365000.0,-30.5827
1389365156.25,-30.57635
1389365312.5,-30.57898
1389365468.75,-30.58332
1389365625.0,-30.57634
1389365781.25,-30.57872
1389365937.5,-30.58659
1389366093.75,-30.58561
1389366250.0,-30.59195
1389366406.25,-30.5907
1389366562.5,-30.59029
1389366718.75,-30.58664
1389366875.0,-30.59467
1389367031.25,-30.5817
1389367187.5,-30.5937
1389367343.75,-30.59298
1389367500.0,-30.59742
1389367656.25,-30.58804
1389367812.5,-30.60038
1389367968.75,-30.59659
1389368125.0,-30.59779
1389368281.25,-30.60047
1389368437.5,-30.60364
1389368593.75,-30.60057
1389368750.0,-30.60141
1389368906.25,-30.6051
1389369062.5,-30.61076
1389369218.75,-30.60559
1389369375.0,-30.61406
1389369531.25,-30.6053
1389369687.5,-30.60167
1389369843.75,-30.60949
1389370000.0,-30.61624
1389370156.25,-30.61144
1389370312.5,-30.62009
1389370468.75,-30.61721
1389370625.0,-30.6208
1389370781.25,-30.61813
1389370937.5,-30.6201
1389371093.75,-30.62033
1389371250.0,-30.62431
1389371406.25,-30.62734
1389371562.5,-30.62215
1389371718.75,-30.6287
1389371875.0,-30.62389
1389372031.25,-30.62689
1389372187.5,-30.63289
1389372343.75,-30.63345
1389372500.0,-30.62933
1389372656.25,-30.63692
1389372812.5,-30.63714
1389372968.75,-30.63525
1389373125.0,-30.63296
1389373281.25,-30.64062
1389373437.5,-30.6391
1389373593.75,-30.64417
1389373750.0,-30.64806
1389373906.25,-30.64404
1389374062.5,-30.64276
1389374218.75,-30.64446
1389374375.0,-30.64589
1389374531.25,-30.6474
1389374687.5,-30.64917
1389374843.75,-30.65496
1389375000.0,-30.651
1389375156.25,-30.65447
1389375312.5,-30.65002
1389375468.75,-30.65283
1389375625.0,-30.65761
1389375781.25,-30.65722
1389375937.5,-30.65792
1389376093.75,-30.66309
1389376250.0,-30.66164
1389376406.25,-30.65934
1389376562.5,-30.65975
1389376718.75,-30.65557
1389376875.0,-30.66363
1389377031.25,-30.66234
1389377187.5,-30.66619
1389377343.75,-30.67131
1389377500.0,-30.6656
1389377656.25,-30.66846
1389377812.5,-30.67076
1389377968.75,-30.67212
1389378125.0,-30.67569
1389378281.25,-30.68146
1389378437.5,-30.67421
1389378593.75,-30.67896
1389378750.0,-30.67838
1389378906.25,-30.67862
1389379062.5,-30.67963
1389379218.75,-30.68986
1389379375.0,-30.68134
1389379531.25,-30.68806
1389379687.5,-30.67783
1389379843.75,-30.69279
1389380000.0,-30.6881
1389380156.25,-30.69419
1389380312.5,-30.6903
1389380468.75,-30.69403
1389380625.0,-30.69498
1389380781.25,-30.69586
1389380937.5,-30.69542
1389381093.75,-30.69671
1389381250.0,-30.69826
1389381406.25,-30.69791
1389381562.5,-30.70081
1389381718.75,-30.70397
1389381875.0,-30.70535
1389382031.25,-30.7005
1389382187.5,-30.71076
1389382343.75,-30.7104
1389382500.0,-30.70418
1389382656.25,-30.71089
1389382812.5,-30.70401
1389382968.75,-30.70705
1389383125.0,-30.71537
1389383281.25,-30.7212
1389383437.5,-30.71686
1389383593.75,-30.71447
1389383750.0,-30.70833
1389383906.25,-30.71584
1389384062.5,-30.7228
1389384218.75,-30.71891
1389384375.0,-30.71859
1389384531.25,-30.72418
1389384687.5,-30.72712
1389384843.75,-30.72541
1389385000.0,-30.72404
1389385156.25,-30.72065
1389385312.5,-30.72508
1389385468.75,-30.72339
1389385625.0,-30.73112
1389385781.25,-30.72871
1389385937.5,-30.73447
1389386093.75,-30.73607
1389386250.0,-30.73707
1389386406.25,-30.73641
1389386562.5,-30.73886
1389386718.75,-30.73631
1389386875.0,-30.73695
1389387031.25,-30.73895
1389387187.5,-30.7367
1389387343.75,-30.73714
1389387500.0,-30.74002
1389387656.25,-30.74434
1389387812.5,-30.75076
1389387968.75,-30.74666
1389388125.0,-30.74848
1389388281.25,-30.7458
1389388437.5,-30.74903
1389388593.75,-30.75252
1389388750.0,-30.74773
1389388906.25,-30.75058
1389389062.5,-30.75882
1389389218.75,-30.75784
1389389375.0,-30.7617
1389389531.25,-30.76231
1389389687.5,-30.75694
1389389843.75,-30.76099
1389390000.0,-30.76268
1389390156.25,-30.76936
1389390312.5,-30.76502
1389390468.75,-30.76637
1389390625.0,-30.76373
1389390781.25,-30.76482
1389390937.5,-30.7672
1389391093.75,-30.76552
1389391250.0,-30.77261
1389391406.25,-30.77744
1389391562.5,-30.77342
1389391718.75,-30.77559
1389391875.0,-30.78058
1389392031.25,-30.77752
1389392187.5,-30.78133
1389392343.75,-30.77726
1389392500.0,-30.78298
1389392656.25,-30.7869
1389392812.5,-30.78713
1389392968.75,-30.79009
1389393125.0,-30.78577
1389393281.25,-30.78625
1389393437.5,-30.78568
1389393593.75,-30.7963
1389393750.0,-30.79477
1389393906.25,-30.79583
1389394062.5,-30.79225
1389394218.75,-30.79524
1389394375.0,-30.79726
1389394531.25,-30.79686
1389394687.5,-30.79936
1389394843.75,-30.79715
1389395000.0,-30.79889
1389395156.25,-30.8075
1389395312.5,-30.80698
1389395468.75,-30.80436
1389395625.0,-30.8043
1389395781.25,-30.81135
1389395937.5,-30.80901
1389396093.75,-30.80729
1389396250.0,-30.81344
1389396406.25,-30.80732
1389396562.5,-30.81364
1389396718.75,-30.80617
1389396875.0,-30.8142
1389397031.25,-30.8139
1389397187.5,-30.8177
1389397343.75,-30.81947
1389397500.0,-30.81693
1389397656.25,-30.82106
1389397812.5,-30.82201
1389397968.75,-30.82397
1389398125.0,-30.83006
1389398281.25,-30.82395
1389398437.5,-30.82742
1389398593.75,-30.82501
1389398750.0,-30.82373
1389398906.25,-30.83133
1389399062.5,-30.83341
1389399218.75,-30.83004
1389399375.0,-30.83213
1389399531.25,-30.83453
1389399687.5,-30.83454
1389399843.75,-30.83666
1389400000.0,-30.83508
1389400156.25,-30.83765
1389400312.5,-30.84085
1389400468.75,-30.83966
1389400625.0,-30.8413
1389400781.25,-30.83722
1389400937.5,-30.84045
1389401093.75,-30.84097
1389401250.0,-30.84117
1389401406.25,-30.84481
1389401562.5,-30.84746
1389401718.75,-30.84511
1389401875.0,-30.84822
1389402031.25,-30.85288
1389402187.5,-30.85585
1389402343.75,-30.8516
1389402500.0,-30.84919
1389402656.25,-30.85603
1389402812.5,-30.85976
1389402968.75,-30.85678
1389403125.0,-30.85637
1389403281.25,-30.86138
1389403437.5,-30.86154
1389403593.75,-30.86631
1389403750.0,-30.8634
1389403906.25,-30.86565
1389404062.5,-30.86853
1389404218.75,-30.87158
1389404375.0,-30.87261
1389404531.25,-30.8683
1389404687.5,-30.87786
1389404843.75,-30.87941
1389405000.0,-30.87804
1389405156.25,-30.87206
1389405312.5,-30.87657
1389405468.75,-30.87885
1389405625.0,-30.87341
1389405781.25,-30.87626
1389405937.5,-30.88362
1389406093.75,-30.87916
1389406250.0,-30.88411
1389406406.25,-30.8818
1389406562.5,-30.88341
1389406718.75,-30.88544
1389406875.0,-30.89016
1389407031.25,-30.88784
1389407187.5,-30.88559
1389407343.75,-30.88562
1389407500.0,-30.89151
1389407656.25,-30.89275
1389407812.5,-30.89891
1389407968.75,-30.89692
1389408125.0,-30.89382
1389408281.25,-30.89544
1389408437.5,-30.90076
1389408593.75,-30.90089
1389408750.0,-30.90245
1389408906.25,-30.90426
1389409062.5,-30.90062
1389409218.75,-30.90654
1389409375.0,-30.90474
1389409531.25,-30.90725
1389409687.5,-30.90449
1389409843.75,-30.90831
1389410000.0,-30.9122
1389410156.25,-30.91181
1389410312.5,-30.90914
1389410468.75,-30.91675
1389410625.0,-30.91775
1389410781.25,-30.91924
1389410937.5,-30.92004
1389411093.75,-30.91268
1389411250.0,-30.91583
1389411406.25,-30.91732
1389411562.5,-30.92823
1389411718.75,-30.92354
1389411875.0,-30.92111
1389412031.25,-30.91815
1389412187.5,-30.91547
1389412343.75,-30.92285
1389412500.0,-30.92557
1389412656.25,-30.92939
1389412812.5,-30.93282
1389412968.75,-30.93226
1389413125.0,-30.94153
1389413281.25,-30.93299
1389413437.5,-30.93769
1389413593.75,-30.93761
1389413750.0,-30.94022
1389413906.25,-30.93956
1389414062.5,-30.94533
1389414218.75,-30.9426
1389414375.0,-30.94709
1389414531.25,-30.94431
1389414687.5,-30.94871
1389414843.75,-30.94269
1389415000.0,-30.95203
1389415156.25,-30.95039
1389415312.5,-30.95646
1389415468.75,-30.94793
1389415625.0,-30.94816
1389415781.25,-30.95057
1389415937.5,-30.9476
1389416093.75,-30.95995
1389416250.0,-30.96053
1389416406.25,-30.95856
1389416562.5,-30.95995
1389416718.75,-30.95869
1389416875.0,-30.95457
1389417031.25,-30.95505
1389417187.5,-30.95818
1389417343.75,-30.96495
1389417500.0,-30.96708
1389417656.25,-30.96524
1389417812.5,-30.96556
1389417968.75,-30.9762
1389418125.0,-30.96865
1389418281.25,-30.96037
1389418437.5,-30.97796
1389418593.75,-30.97469
1389418750.0,-30.97878
1389418906.25,-30.97682
1389419062.5,-30.97663
1389419218.75,-30.9748
1389419375.0,-30.97388
1389419531.25,-30.97856
1389419687.5,-30.97202
1389419843.75,-30.97421
1389420000.0,-30.98186
1389420156.25,-30.98629
1389420312.5,-30.98446
1389420468.75,-30.98206
1389420625.0,-30.98372
1389420781.25,-30.9852
1389420937.5,-30.98976
1389421093.75,-30.9958
1389421250.0,-30.98796
1389421406.25,-30.99424
1389421562.5,-30.99539
1389421718.75,-30.99269
1389421875.0,-30.99734
1389422031.25,-30.9947
1389422187.5,-31.00149
1389422343.75,-30.998
1389422500.0,-30.99976
1389422656.25,-30.99826
1389422812.5,-31.00516
1389422968.75,-31.00339
1389423125.0,-31.0097
1389423281.25,-31.00526
1389423437.5,-31.00772
1389423593.75,-31.00078
1389423750.0,-31.00705
1389423906.25,-31.01268
1389424062.5,-31.00837
1389424218.75,-31.00901
1389424375.0,-31.00945
1389424531.25,-31.0126
1389424687.5,-31.01795
1389424843.75,-31.01361
1389425000.0,-31.02275
1389425156.25,-31.01917
1389425312.5,-31.02133
1389425468.75,-31.02331
1389425625.0,-31.02095
1389425781.25,-31.02606
1389425937.5,-31.02349
1389426093.75,-31.02172
1389426250.0,-31.02738
1389426406.25,-31.03069
1389426562.5,-31.03016
1389426718.75,-31.03344
1389426875.0,-31.0337
1389427031.25,-31.03562
1389427187.5,-31.03483
1389427343.75,-31.03457
1389427500.0,-31.03203
1389427656.25,-31.04293
1389427812.5,-31.03899
1389427968.75,-31.04125
1389428125.0,-31.04493
1389428281.25,-31.0387
1389428437.5,-31.04124
1389428593.75,-31.04699
1389428750.0,-31.04798
1389428906.25,-31.04465
1389429062.5,-31.04528
1389429218.75,-31.04173
1389429375.0,-31.04374
1389429531.25,-31.05051
1389429687.5,-31.05544
1389429843.75,-31.05426
1389430000.0,-31.05284
1389430156.25,-31.05545
1389430312.5,-31.05723
1389430468.75,-31.05192
1389430625.0,-31.05785
1389430781.25,-31.05901
1389430937.5,-31.06161
1389431093.75,-31.06118
1389431250.0,-31.05984
1389431406.25,-31.06483
1389431562.5,-31.07284
1389431718.75,-31.06715
1389431875.0,-31.07252
1389432031.25,-31.07152
1389432187.5,-31.07334
1389432343.75,-31.07041
1389432500.0,-31.06613
1389432656.25,-31.07431
1389432812.5,-31.07393
1389432968.75,-31.07994
1389433125.0,-31.08002
1389433281.25,-31.07828
1389433437.5,-31.08099
1389433593.75,-31.08395
1389433750.0,-31.08601
1389433906.25,-31.0794
1389434062.5,-31.08633
1389434218.75,-31.09035
1389434375.0,-31.08505
1389434531.25,-31.08928
1389434687.5,-31.08629
1389434843.75,-31.09078
1389435000.0,-31.09218
1389435156.25,-31.0895
1389435312.5,-31.09062
1389435468.75,-31.09524
1389435625.0,-31.09818
1389435781.25,-31.08971
1389435937.5,-31.09567
1389436093.75,-31.10281
1389436250.0,-31.09731
1389436406.25,-31.10324
1389436562.5,-31.10505
1389436718.75,-31.10152
1389436875.0,-31.0982
1389437031.25,-31.11187
1389437187.5,-31.10596
1389437343.75,-31.10944
1389437500.0,-31.10643
1389437656.25,-31.11027
1389437812.5,-31.10888
1389437968.75,-31.11209
1389438125.0,-31.11404
1389438281.25,-31.11842
1389438437.5,-31.11295
1389438593.75,-31.1171
1389438750.0,-31.11388
1389438906.25,-31.12147
1389439062.5,-31.12202
1389439218.75,-31.12317
1389439375.0,-31.1292
1389439531.25,-31.12703
1389439687.5,-31.1212
1389439843.75,-31.12162
1389440000.0,-31.12699
1389440156.25,-31.12807
1389440312.5,-31.12667
1389440468.75,-31.12524
1389440625.0,-31.12964
1389440781.25,-31.13323
1389440937.5,-31.1308
1389441093.75,-31.13194
1389441250.0,-31.12563
1389441406.25,-31.13553
1389441562.5,-31.1379
1389441718.75,-31.14364
1389441875.0,-31.13959
1389442031.25,-31.14158
1389442187.5,-31.13742
1389442343.75,-31.13975
1389442500.0,-31.14465
1389442656.25,-31.14912
1389442812.5,-31.14593
1389442968.75,-31.15114
1389443125.0,-31.14759
1389443281.25,-31.14866
1389443437.5,-31.15269
1389443593.75,-31.15355
1389443750.0,-31.15094
1389443906.25,-31.15002
1389444062.5,-31.15862
1389444218.75,-31.15262
1389444375.0,-31.16028
1389444531.25,-31.15909
1389444687.5,-31.15665
1389444843.75,-31.16041
1389445000.0,-31.15771
1389445156.25,-31.16465
1389445312.5,-31.16629
1389445468.75,-31.16601
1389445625.0,-31.16634
1389445781.25,-31.17042
1389445937.5,-31.17136
1389446093.75,-31.17845
1389446250.0,-31.17018
1389446406.25,-31.17287
1389446562.5,-31.17406
1389446718.75,-31.17283
1389446875.0,-31.17891
1389447031.25,-31.17551
1389447187.5,-31.17743
1389447343.75,-31.1734
1389447500.0,-31.18272
1389447656.25,-31.18073
1389447812.5,-31.18065
1389447968.75,-31.1789
1389448125.0,-31.18293
1389448281.25,-31.1874
1389448437.5,-31.18364
1389448593.75,-31.19156
1389448750.0,-31.19675
1389448906.25,-31.18455
1389449062.5,-31.18941
1389449218.75,-31.19373
1389449375.0,-31.19575
1389449531.25,-31.19763
1389449687.5,-31.19626
1389449843.75,-31.193
1389450000.0,-31.19559
1389450156.25,-31.1903
1389450312.5,-31.19969
1389450468.75,-31.20228
1389450625.0,-31.19994
1389450781.25,-31.20455
1389450937.5,-31.19932
1389451093.75,-31.20452
1389451250.0,-31.20931
1389451406.25,-31.20779
1389451562.5,-31.20661
1389451718.75,-31.20698
1389451875.0,-31.20574
1389452031.25,-31.21138
1389452187.5,-31.20847
1389452343.75,-31.21176
1389452500.0,-31.21267
1389452656.25,-31.21998
1389452812.5,-31.21188
1389452968.75,-31.22198
1389453125.0,-31.21775
1389453281.25,-31.22426
1389453437.5,-31.218
1389453593.75,-31.22059
1389453750.0,-31.22239
1389453906.25,-31.21851
1389454062.5,-31.22463
1389454218.75,-31.22079
1389454375.0,-31.22983
1389454531.25,-31.22984
1389454687.5,-31.23109
1389454843.75,-31.23325
1389455000.0,-31.23467
1389455156.25,-31.23147
1389455312.5,-31.23174
1389455468.75,-31.24064
1389455625.0,-31.22845
1389455781.25,-31.23642
1389455937.5,-31.23235
1389456093.75,-31.24643
1389456250.0,-31.2464
1389456406.25,-31.24127
1389456562.5,-31.24587
1389456718.75,-31.24628
1389456875.0,-31.24641
1389457031.25,-31.24692
1389457187.5,-31.2473
1389457343.75,-31.24355
1389457500.0,-31.25525
1389457656.25,-31.25405
1389457812.5,-31.24883
1389457968.75,-31.24928
1389458125.0,-31.25101
1389458281.25,-31.25817
1389458437.5,-31.25031
1389458593.75,-31.25912
1389458750.0,-31.25851
1389458906.25,-31.25594
1389459062.5,-31.26352
1389459218.75,-31.25925
1389459375.0,-31.26065
1389459531.25,-31.25973
1389459687.5,-31.26474
1389459843.75,-31.26786
1389460000.0,-31.27622
1389460156.25,-31.2734
1389460312.5,-31.26811
1389460468.75,-31.27436
1389460625.0,-31.2651
1389460781.25,-31.27816
1389460937.5,-31.27204
1389461093.75,-31.27329
1389461250.0,-31.27346
1389461406.25,-31.28099
1389461562.5,-31.27258
1389461718.75,-31.2738
1389461875.0,-31.27745
1389462031.25,-31.27814
1389462187.5,-31.28327
1389462343.75,-31.28366
1389462500.0,-31.27898
1389462656.25,-31.28766
1389462812.5,-31.29272
1389462968.75,-31.2895
1389463125.0,-31.28551
1389463281.25,-31.29355
1389463437.5,-31.29683
1389463593.75,-31.28855
1389463750.0,-31.29334
1389463906.25,-31.28706
1389464062.5,-31.29465
1389464218.75,-31.29945
1389464375.0,-31.29299
1389464531.25,-31.30356
1389464687.5,-31.30296
1389464843.75,-31.30043
1389465000.0,-31.29431
1389465156.25,-31.2982
1389465312.5,-31.30308
1389465468.75,-31.29988
1389465625.0,-31.30775
1389465781.25,-31.31107
1389465937.5,-31.30926
1389466093.75,-31.31414
1389466250.0,-31.31021
1389466406.25,-31.31638
1389466562.5,-31.31472
1389466718.75,-31.31628
1389466875.0,-31.31814
1389467031.25,-31.31513
1389467187.5,-31.30991
1389467343.75,-31.31787
1389467500.0,-31.32536
1389467656.25,-31.31485
1389467812.5,-31.32258
1389467968.75,-31.32584
1389468125.0,-31.32288
1389468281.25,-31.32041
1389468437.5,-31.32438
1389468593.75,-31.33041
1389468750.0,-31.33446
1389468906.25,-31.32863
1389469062.5,-31.32888
1389469218.75,-31.3307
1389469375.0,-31.33598
1389469531.25,-31.33078
1389469687.5,-31.33442
1389469843.75,-31.33562
1389470000.0,-31.33912
1389470156.25,-31.33911
1389470312.5,-31.3411
1389470468.75,-31.33751
1389470625.0,-31.34155
1389470781.25,-31.3445
1389470937.5,-31.33882
1389471093.75,-31.3415
1389471250.0,-31.35424
1389471406.25,-31.34801
1389471562.5,-31.34665
1389471718.75,-31.35391
1389471875.0,-31.35155
1389472031.25,-31.35053
1389472187.5,-31.35565
1389472343.75,-31.35779
1389472500.0,-31.35326
1389472656.25,-31.34926
1389472812.5,-31.3597
1389472968.75,-31.35706
1389473125.0,-31.35803
1389473281.25,-31.36368
1389473437.5,-31.36386
1389473593.75,-31.36525
1389473750.0,-31.35666
1389473906.25,-31.36979
1389474062.5,-31.36244
1389474218.75,-31.37094
1389474375.0,-31.37082
1389474531.25,-31.36824
1389474687.5,-31.37317
1389474843.75,-31.36901
1389475000.0,-31.37334
1389475156.25,-31.37354
1389475312.5,-31.36707
1389475468.75,-31.37932
1389475625.0,-31.37507
1389475781.25,-31.37294
1389475937.5,-31.38124
1389476093.75,-31.37909
1389476250.0,-31.38181
1389476406.25,-31.37772
1389476562.5,-31.37929
1389476718.75,-31.37712
1389476875.0,-31.38383
1389477031.25,-31.38338
1389477187.5,-31.38253
1389477343.75,-31.38491
1389477500.0,-31.38892
1389477656.25,-31.39266
1389477812.5,-31.39565
1389477968.75,-31.39349
1389478125.0,-31.39808
1389478281.25,-31.39273
1389478437.5,-31.39852
1389478593.75,-31.39557
1389478750.0,-31.39945
1389478906.25,-31.40135
1389479062.5,-31.40361
1389479218.75,-31.39758
1389479375.0,-31.40341
1389479531.25,-31.40193
1389479687.5,-31.40458
1389479843.75,-31.4066
1389480000.0,-31.40312
1389480156.25,-31.40467
1389480312.5,-31.40716
1389480468.75,-31.40805
1389480625.0,-31.40824
1389480781.25,-31.41105
1389480937.5,-31.41364
1389481093.75,-31.41544
1389481250.0,-31.41406
1389481406.25,-31.41555
1389481562.5,-31.42332
1389481718.75,-31.41594
1389481875.0,-31.42062
1389482031.25,-31.41573
1389482187.5,-31.41974
1389482343.75,-31.41516
1389482500.0,-31.42118
1389482656.25,-31.41767
1389482812.5,-31.42311
1389482968.75,-31.42611
1389483125.0,-31.42555
1389483281.25,-31.41894
1389483437.5,-31.43401
1389483593.75,-31.43084
1389483750.0,-31.43291
1389483906.25,-31.43114
1389484062.5,-31.43513
1389484218.75,-31.43832
1389484375.0,-31.44025
1389484531.25,-31.43626
1389484687.5,-31.43938
1389484843.75,-31.43976
1389485000.0,-31.44379
1389485156.25,-31.44024
1389485312.5,-31.44294
1389485468.75,-31.44557
1389485625.0,-31.44791
1389485781.25,-31.44967
1389485937.5,-31.44944
1389486093.75,-31.44346
1389486250.0,-31.4463
1389486406.25,-31.44735
1389486562.5,-31.4524
1389486718.75,-31.44903
1389486875.0,-31.46003
1389487031.25,-31.45869
1389487187.5,-31.46033
1389487343.75,-31.45284
1389487500.0,-31.45722
1389487656.25,-31.45889
1389487812.5,-31.46244
1389487968.75,-31.4599
1389488125.0,-31.46025
1389488281.25,-31.45295
1389488437.5,-31.46178
1389488593.75,-31.46396
1389488750.0,-31.46256
1389488906.25,-31.46324
1389489062.5,-31.46627
1389489218.75,-31.46957
1389489375.0,-31.46983
1389489531.25,-31.47004
1389489687.5,-31.47921
1389489843.75,-31.48016
1389490000.0,-31.47347
1389490156.25,-31.48098
1389490312.5,-31.47488
1389490468.75,-31.47859
1389490625.0,-31.48399
1389490781.25,-31.48441
1389490937.5,-31.47868
1389491093.75,-31.48059
1389491250.0,-31.48498
1389491406.25,-31.479
1389491562.5,-31.49102
1389491718.75,-31.48903
1389491875.0,-31.49076
1389492031.25,-31.4957
1389492187.5,-31.4936
1389492343.75,-31.48547
1389492500.0,-31.49587
1389492656.25,-31.49484
1389492812.5,-31.49063
1389492968.75,-31.49232
1389493125.0,-31.49793
1389493281.25,-31.50418
1389493437.5,-31.49839
1389493593.75,-31.50044
1389493750.0,-31.49614
1389493906.25,-31.49954
1389494062.5,-31.50822
1389494218.75,-31.50199
1389494375.0,-31.50072
1389494531.25,-31.50996
1389494687.5,-31.50409
1389494843.75,-31.50764
1389495000.0,-31.50495
1389495156.25,-31.50944
1389495312.5,-31.50908
1389495468.75,-31.5146
1389495625.0,-31.51189
1389495781.25,-31.51777
1389495937.5,-31.51903
1389496093.75,-31.51923
1389496250.0,-31.51981
1389496406.25,-31.52042
1389496562.5,-31.51989
1389496718.75,-31.51557
1389496875.0,-31.51752
1389497031.25,-31.52339
1389497187.5,-31.52442
1389497343.75,-31.52224
1389497500.0,-31.52957
1389497656.25,-31.52665
1389497812.5,-31.52387
1389497968.75,-31.52773
1389498125.0,-31.52994
1389498281.25,-31.53552
1389498437.5,-31.5283
1389498593.75,-31.53693
1389498750.0,-31.53119
1389498906.25,-31.53727
1389499062.5,-31.53273
1389499218.75,-31.53812
1389499375.0,-31.53519
1389499531.25,-31.53275
1389499687.5,-31.54063
1389499843.75,-31.54358
1389500000.0,-31.54776
1389500156.25,-31.53714
1389500312.5,-31.54231
1389500468.75,-31.54233
1389500625.0,-31.54425
1389500781.25,-31.54952
1389500937.5,-31.54945
1389501093.75,-31.5525
1389501250.0,-31.55527
1389501406.25,-31.55065
1389501562.5,-31.55152
1389501718.75,-31.55957
1389501875.0,-31.55021
1389502031.25,-31.56186
1389502187.5,-31.55795
1389502343.75,-31.56038
1389502500.0,-31.5601
1389502656.25,-31.56209
1389502812.5,-31.55787
1389502968.75,-31.55627
1389503125.0,-31.56772
1389503281.25,-31.56954
1389503437.5,-31.56678
1389503593.75,-31.56249
1389503750.0,-31.56892
1389503906.25,-31.56185
1389504062.5,-31.57141
1389504218.75,-31.57369
1389504375.0,-31.57311
1389504531.25,-31.57605
1389504687.5,-31.5788
1389504843.75,-31.57631
1389505000.0,-31.57848
1389505156.25,-31.57578
1389505312.5,-31.57718
1389505468.75,-31.57551
1389505625.0,-31.57747
1389505781.25,-31.58644
1389505937.5,-31.58548
1389506093.75,-31.58196
1389506250.0,-31.58422
1389506406.25,-31.58644
1389506562.5,-31.59092
1389506718.75,-31.58878
1389506875.0,-31.58628
1389507031.25,-31.58851
1389507187.5,-31.59206
1389507343.75,-31.59136
1389507500.0,-31.59494
1389507656.25,-31.59518
1389507812.5,-31.59365
1389507968.75,-31.59848
1389508125.0,-31.60203
1389508281.25,-31.59923
1389508437.5,-31.59993
1389508593.75,-31.60365
1389508750.0,-31.59791
1389508906.25,-31.59575
1389509062.5,-31.61061
1389509218.75,-31.60827
1389509375.0,-31.60459
1389509531.25,-31.60935
1389509687.5,-31.60977
1389509843.75,-31.6138
1389510000.0,-31.60927
1389510156.25,-31.61277
1389510312.5,-31.61307
1389510468.75,-31.60992
1389510625.0,-31.61735
1389510781.25,-31.61288
1389510937.5,-31.61547
1389511093.75,-31.61668
1389511250.0,-31.62183
1389511406.25,-31.61388
1389511562.5,-31.61769
1389511718.75,-31.61791
1389511875.0,-31.62008
1389512031.25,-31.62741
1389512187.5,-31.62595
1389512343.75,-31.62139
1389512500.0,-31.63268
1389512656.25,-31.62409
1389512812.5,-31.63112
1389512968.75,-31.63021
1389513125.0,-31.62818
1389513281.25,-31.63196
1389513437.5,-31.63523
1389513593.75,-31.62981
1389513750.0,-31.6316
1389513906.25,-31.63618
1389514062.5,-31.63556
1389514218.75,-31.64278
1389514375.0,-31.63908
1389514531.25,-31.63598
1389514687.5,-31.64573
1389514843.75,-31.64292
1389515000.0,-31.64731
1389515156.25,-31.64
1389515312.5,-31.64427
1389515468.75,-31.64775
1389515625.0,-31.64723
1389515781.25,-31.64937
1389515937.5,-31.645
1389516093.75,-31.64764
1389516250.0,-31.65049
1389516406.25,-31.65057
1389516562.5,-31.65538
1389516718.75,-31.64892
1389516875.0,-31.65258
1389517031.25,-31.66002
1389517187.5,-31.65655
1389517343.75,-31.65627
1389517500.0,-31.65224
1389517656.25,-31.65964
1389517812.5,-31.66514
1389517968.75,-31.65726
1389518125.0,-31.67371
1389518281.25,-31.66704
1389518437.5,-31.66791
1389518593.75,-31.66863
1389518750.0,-31.66367
1389518906.25,-31.67037
1389519062.5,-31.67435
1389519218.75,-31.67178
1389519375.0,-31.67733
1389519531.25,-31.68504
1389519687.5,-31.67546
1389519843.75,-31.66958
1389520000.0,-31.67898
1389520156.25,-31.67879
1389520312.5,-31.6767
1389520468.75,-31.69091
1389520625.0,-31.67663
1389520781.25,-31.67867
1389520937.5,-31.68352
1389521093.75,-31.68304
1389521250.0,-31.68331
1389521406.25,-31.68527
1389521562.5,-31.68909
1389521718.75,-31.68429
1389521875.0,-31.6896
1389522031.25,-31.6915
1389522187.5,-31.68937
1389522343.75,-31.6972
1389522500.0,-31.69455
1389522656.25,-31.69356
1389522812.5,-31.69096
1389522968.75,-31.70043
1389523125.0,-31.69499
1389523281.25,-31.69774
1389523437.5,-31.70201
1389523593.75,-31.69827
1389523750.0,-31.69947
1389523906.25,-31.6996
1389524062.5,-31.70918
1389524218.75,-31.70221
1389524375.0,-31.70683
1389524531.25,-31.71021
1389524687.5,-31.71165
1389524843.75,-31.70787
1389525000.0,-31.71345
1389525156.25,-31.71236
1389525312.5,-31.71894
1389525468.75,-31.70865
1389525625.0,-31.71189
1389525781.25,-31.716
1389525937.5,-31.72043
1389526093.75,-31.71596
1389526250.0,-31.71427
1389526406.25,-31.71659
1389526562.5,-31.71727
1389526718.75,-31.72671
1389526875.0,-31.72243
1389527031.25,-31.72293
1389527187.5,-31.72154
1389527343.75,-31.7239
1389527500.0,-31.72406
1389527656.25,-31.73363
1389527812.5,-31.72267
1389527968.75,-31.7275
1389528125.0,-31.73309
1389528281.25,-31.73713
1389528437.5,-31.72986
1389528593.75,-31.73666
1389528750.0,-31.73085
1389528906.25,-31.7389
1389529062.5,-31.73786
1389529218.75,-31.73151
1389529375.0,-31.73754
1389529531.25,-31.73794
1389529687.5,-31.73887
1389529843.75,-31.74244
1389530000.0,-31.7417
1389530156.25,-31.74597
1389530312.5,-31.74272
1389530468.75,-31.74389
1389530625.0,-31.74757
1389530781.25,-31.74751
1389530937.5,-31.7482
1389531093.75,-31.74267
1389531250.0,-31.74492
1389531406.25,-31.75404
1389531562.5,-31.76051
1389531718.75,-31.75783
1389531875.0,-31.75071
1389532031.25,-31.7538
1389532187.5,-31.75781
1389532343.75,-31.75648
1389532500.0,-31.76082
1389532656.25,-31.75978
1389532812.5,-31.75716
1389532968.75,-31.76468
1389533125.0,-31.76123
1389533281.25,-31.76471
1389533437.5,-31.76192
1389533593.75,-31.77228
1389533750.0,-31.77358
1389533906.25,-31.77039
1389534062.5,-31.77689
1389534218.75,-31.77398
1389534375.0,-31.7798
1389534531.25,-31.77244
1389534687.5,-31.77317
1389534843.75,-31.76739
1389535000.0,-31.77984
1389535156.25,-31.78409
1389535312.5,-31.783
1389535468.75,-31.78554
1389535625.0,-31.78314
1389535781.25,-31.77338
1389535937.5,-31.78734
1389536093.75,-31.78112
1389536250.0,-31.78126
1389536406.25,-31.78046
1389536562.5,-31.7895
1389536718.75,-31.78313
1389536875.0,-31.78685
1389537031.25,-31.79238
1389537187.5,-31.79359
1389537343.75,-31.79268
1389537500.0,-31.7891
1389537656.25,-31.79572
1389537812.5,-31.79897
1389537968.75,-31.79835
1389538125.0,-31.79683
1389538281.25,-31.7967
1389538437.5,-31.7949
1389538593.75,-31.80404
1389538750.0,-31.79727
1389538906.25,-31.80385
1389539062.5,-31.80582
1389539218.75,-31.81188
1389539375.0,-31.79989
1389539531.25,-31.79766
1389539687.5,-31.8055
1389539843.75,-31.80802
1389540000.0,-31.81256
1389540156.25,-31.80667
1389540312.5,-31.80936
1389540468.75,-31.81024
1389540625.0,-31.81726
1389540781.25,-31.81374
1389540937.5,-31.81631
1389541093.75,-31.81544
1389541250.0,-31.8182
1389541406.25,-31.81601
1389541562.5,-31.82693
1389541718.75,-31.81947
1389541875.0,-31.82128
1389542031.25,-31.82619
1389542187.5,-31.82051
1389542343.75,-31.82874
1389542500.0,-31.82379
1389542656.25,-31.82283
1389542812.5,-31.83009
1389542968.75,-31.82859
1389543125.0,-31.82645
1389543281.25,-31.82961
1389543437.5,-31.83813
1389543593.75,-31.8325
1389543750.0,-31.82986
1389543906.25,-31.83429
1389544062.5,-31.83835
1389544218.75,-31.84665
1389544375.0,-31.84129
1389544531.25,-31.84112
1389544687.5,-31.83917
1389544843.75,-31.84506
1389545000.0,-31.83945
1389545156.25,-31.84761
1389545312.5,-31.83832
1389545468.75,-31.83643
1389545625.0,-31.84774
1389545781.25,-31.8464
1389545937.5,-31.85008
1389546093.75,-31.84425
1389546250.0,-31.85813
1389546406.25,-31.84797
1389546562.5,-31.85513
1389546718.75,-31.85701
1389546875.0,-31.8534
1389547031.25,-31.85905
1389547187.5,-31.85496
1389547343.75,-31.86355
1389547500.0,-31.84958
1389547656.25,-31.86142
1389547812.5,-31.86287
1389547968.75,-31.85613
1389548125.0,-31.86072
1389548281.25,-31.86202
1389548437.5,-31.8625
1389548593.75,-31.8686
1389548750.0,-31.87622
1389548906.25,-31.8566
1389549062.5,-31.86846
1389549218.75,-31.87021
1389549375.0,-31.87262
1389549531.25,-31.87262
1389549687.5,-31.86991
