2797258906.25,-28.69201
2797259062.5,-28.69711
2797259218.75,-28.69141
2797259375.0,-28.68844
2797259531.25,-28.69123
2797259687.5,-28.69105
2797259843.75,-28.6919
2797260000.0,-28.694
2797260156.25,-28.69002
2797260312.5,-28.686
2797260468.75,-28.68666
2797260625.0,-28.68729
2797260781.25,-28.68965
2797260937.5,-28.68593
2797261093.75,-28.69157
2797261250.0,-28.68673
2797261406.25,-28.68349
2797261562.5,-28.68176
2797261718.75,-28.6828
2797261875.0,-28.68157
2797262031.25,-28.67864
2797262187.5,-28.68114
2797262343.75,-28.68409
2797262500.0,-28.67929
2797262656.25,-28.68002
2797262812.5,-28.67825
2797262968.75,-28.67651
2797263125.0,-28.68462
2797263281.25,-28.68094
2797263437.5,-28.67969
2797263593.75,-28.67718
2797263750.0,-28.67483
2797263906.25,-28.67809
2797264062.5,-28.67961
2797264218.75,-28.67778
2797264375.0,-28.67756
2797264531.25,-28.67453
2797264687.5,-28.66922
2797264843.75,-28.67645
2797265000.0,-28.6745
2797265156.25,-28.66972
2797265312.5,-28.6716
2797265468.75,-28.66632
2797265625.0,-28.66706
2797265781.25,-28.66994
2797265937.5,-28.66872
2797266093.75,-28.67065
2797266250.0,-28.6672
2797266406.25,-28.66963
2797266562.5,-28.66419
2797266718.75,-28.6685
2797266875.0,-28.66303
2797267031.25,-28.6651
2797267187.5,-28.66434
2797267343.75,-28.6646
2797267500.0,-28.66251
2797267656.25,-28.65993
2797267812.5,-28.66416
2797267968.75,-28.66345
2797268125.0,-28.6558
2797268281.25,-28.66033
2797268437.5,-28.65636
2797268593.75,-28.66384
2797268750.0,-28.66045
2797268906.25,-28.66289
2797269062.5,-28.65982
2797269218.75,-28.65733
2797269375.0,-28.65593
2797269531.25,-28.65637
2797269687.5,-28.65411
2797269843.75,-28.65715
2797270000.0,-28.65492
2797270156.25,-28.65718
2797270312.5,-28.65427
2797270468.75,-28.6506
2797270625.0,-28.65599
2797270781.25,-28.65455
2797270937.5,-28.65415
2797271093.75,-28.64928
2797271250.0,-28.64417
2797271406.25,-28.65336
2797271562.5,-28.65196
2797271718.75,-28.64533
2797271875.0,-28.65066
2797272031.25,-28.64413
2797272187.5,-28.65012
2797272343.75,-28.65021
2797272500.0,-28.64383
2797272656.25,-28.64229
2797272812.5,-28.6426
2797272968.75,-28.64532
2797273125.0,-28.64408
2797273281.25,-28.64031
2797273437.5,-28.64274
2797273593.75,-28.64187
2797273750.0,-28.63668
2797273906.25,-28.64297
2797274062.5,-28.6445
2797274218.75,-28.63805
2797274375.0,-28.64264
2797274531.25,-28.64004
2797274687.5,-28.63407
2797274843.75,-28.64209
2797275000.0,-28.63688
2797275156.25,-28.63814
2797275312.5,-28.64039
2797275468.75,-28.63385
2797275625.0,-28.63587
2797275781.25,-28.63653
2797275937.5,-28.63295
2797276093.75,-28.63671
2797276250.0,-28.6296
2797276406.25,-28.62903
2797276562.5,-28.62876
2797276718.75,-28.63434
2797276875.0,-28.63248
2797277031.25,-28.6309
2797277187.5,-28.63251
2797277343.75,-28.63035
2797277500.0,-28.63069
2797277656.25,-28.6286
2797277812.5,-28.63019
2797277968.75,-28.63199
2797278125.0,-28.6321
2797278281.25,-28.62654
2797278437.5,-28.62575
2797278593.75,-28.6251
2797278750.0,-28.6232
2797278906.25,-28.62291
2797279062.5,-28.61725
2797279218.75,-28.6211
2797279375.0,-28.621
2797279531.25,-28.62585
2797279687.5,-28.62047
2797279843.75,-28.62172
2797280000.0,-28.61824
2797280156.25,-28.61832
2797280312.5,-28.61717
2797280468.75,-28.62321
2797280625.0,-28.6149
2797280781.25,-28.61764
2797280937.5,-28.61465
2797281093.75,-28.62079
2797281250.0,-28.6183
2797281406.25,-28.61933
2797281562.5,-28.61548
2797281718.75,-28.61981
2797281875.0,-28.61173
2797282031.25,-28.61501
2797282187.5,-28.61409
2797282343.75,-28.6126
2797282500.0,-28.61223
2797282656.25,-28.61167
2797282812.5,-28.61039
2797282968.75,-28.61161
2797283125.0,-28.60877
2797283281.25,-28.60887
2797283437.5,-28.61277
2797283593.75,-28.60957
2797283750.0,-28.60399
2797283906.25,-28.60688
2797284062.5,-28.60729
2797284218.75,-28.60505
2797284375.0,-28.60436
2797284531.25,-28.60478
2797284687.5,-28.60077
2797284843.75,-28.60084
2797285000.0,-28.60514
2797285156.25,-28.6063
2797285312.5,-28.59977
2797285468.75,-28.60068
2797285625.0,-28.59995
2797285781.25,-28.59945
2797285937.5,-28.60356
2797286093.75,-28.60164
2797286250.0,-28.59574
2797286406.25,-28.59942
2797286562.5,-28.59612
2797286718.75,-28.59999
2797286875.0,-28.59804
2797287031.25,-28.59898
2797287187.5,-28.59108
2797287343.75,-28.5971
2797287500.0,-28.59473
2797287656.25,-28.59435
2797287812.5,-28.59015
2797287968.75,-28.59204
2797288125.0,-28.59426
2797288281.25,-28.58658
2797288437.5,-28.5872
2797288593.75,-28.58615
2797288750.0,-28.58967
2797288906.25,-28.59152
2797289062.5,-28.58758
2797289218.75,-28.58771
2797289375.0,-28.5881
2797289531.25,-28.588
2797289687.5,-28.58705
2797289843.75,-28.58667
2797290000.0,-28.58331
2797290156.25,-28.58506
2797290312.5,-28.58539
2797290468.75,-28.58063
2797290625.0,-28.58176
2797290781.25,-28.5803
2797290937.5,-28.58263
2797291093.75,-28.58018
2797291250.0,-28.58612
2797291406.25,-28.58308
2797291562.5,-28.58233
2797291718.75,-28.57739
2797291875.0,-28.57967
2797292031.25,-28.58095
2797292187.5,-28.58083
2797292343.75,-28.57373
2797292500.0,-28.5784
2797292656.25,-28.57539
2797292812.5,-28.57658
2797292968.75,-28.57909
2797293125.0,-28.57498
2797293281.25,-28.5743
2797293437.5,-28.57404
2797293593.75,-28.57144
2797293750.0,-28.57511
2797293906.25,-28.57086
2797294062.5,-28.57032
2797294218.75,-28.5714
2797294375.0,-28.5687
2797294531.25,-28.56892
2797294687.5,-28.56237
2797294843.75,-28.56638
2797295000.0,-28.56631
2797295156.25,-28.57061
2797295312.5,-28.56441
2797295468.75,-28.56771
2797295625.0,-28.56527
2797295781.25,-28.56306
2797295937.5,-28.56484
2797296093.75,-28.56396
2797296250.0,-28.56121
2797296406.25,-28.56833
2797296562.5,-28.56539
2797296718.75,-28.5612
2797296875.0,-28.5597
2797297031.25,-28.55972
2797297187.5,-28.56579
2797297343.75,-28.56
2797297500.0,-28.55839
2797297656.25,-28.56277
2797297812.5,-28.55937
2797297968.75,-28.56133
2797298125.0,-28.55367
2797298281.25,-28.55637
2797298437.5,-28.55718
2797298593.75,-28.55661
2797298750.0,-28.55247
2797298906.25,-28.55573
2797299062.5,-28.55426
2797299218.75,-28.555
2797299375.0,-28.55576
2797299531.25,-28.55111
2797299687.5,-28.55049
2797299843.75,-28.54912
2797300000.0,-28.54953
2797300156.25,-28.54754
2797300312.5,-28.54625
2797300468.75,-28.55255
2797300625.0,-28.54928
2797300781.25,-28.54941
2797300937.5,-28.54825
2797301093.75,-28.54515
2797301250.0,-28.5492
2797301406.25,-28.54371
2797301562.5,-28.54601
2797301718.75,-28.54166
2797301875.0,-28.54191
2797302031.25,-28.54474
2797302187.5,-28.5445
2797302343.75,-28.54324
2797302500.0,-28.54358
2797302656.25,-28.54098
2797302812.5,-28.54114
2797302968.75,-28.53905
2797303125.0,-28.54078
2797303281.25,-28.5344
2797303437.5,-28.53905
2797303593.75,-28.53525
2797303750.0,-28.53621
2797303906.25,-28.53608
2797304062.5,-28.53901
2797304218.75,-28.53653
2797304375.0,-28.53505
2797304531.25,-28.53138
2797304687.5,-28.53654
2797304843.75,-28.53207
2797305000.0,-28.52956
2797305156.25,-28.53583
2797305312.5,-28.53045
2797305468.75,-28.52873
2797305625.0,-28.53076
2797305781.25,-28.52816
2797305937.5,-28.52896
2797306093.75,-28.52544
2797306250.0,-28.52612
2797306406.25,-28.52655
2797306562.5,-28.52391
2797306718.75,-28.5262
2797306875.0,-28.52775
2797307031.25,-28.52448
2797307187.5,-28.52607
2797307343.75,-28.52621
2797307500.0,-28.52144
2797307656.25,-28.5255
2797307812.5,-28.52488
2797307968.75,-28.52645
2797308125.0,-28.52479
2797308281.25,-28.52316
2797308437.5,-28.5246
2797308593.75,-28.5197
2797308750.0,-28.51851
2797308906.25,-28.51905
2797309062.5,-28.51847
2797309218.75,-28.52007
2797309375.0,-28.51619
2797309531.25,-28.51507
2797309687.5,-28.51619
2797309843.75,-28.51126
2797310000.0,-28.51381
2797310156.25,-28.51379
2797310312.5,-28.50937
2797310468.75,-28.51459
2797310625.0,-28.51433
2797310781.25,-28.51524
2797310937.5,-28.51267
2797311093.75,-28.5116
2797311250.0,-28.51365
2797311406.25,-28.51326
2797311562.5,-28.51421
2797311718.75,-28.51032
2797311875.0,-28.50881
2797312031.25,-28.50684
2797312187.5,-28.50903
2797312343.75,-28.50377
2797312500.0,-28.5116
2797312656.25,-28.50664
2797312812.5,-28.5048
2797312968.75,-28.50446
2797313125.0,-28.50319
2797313281.25,-28.50956
2797313437.5,-28.50106
2797313593.75,-28.50244
2797313750.0,-28.50306
2797313906.25,-28.49822
2797314062.5,-28.50265
2797314218.75,-28.4975
2797314375.0,-28.50101
2797314531.25,-28.50161
2797314687.5,-28.49825
2797314843.75,-28.49819
2797315000.0,-28.49838
2797315156.25,-28.49573
2797315312.5,-28.495
2797315468.75,-28.49951
2797315625.0,-28.49922
2797315781.25,-28.49386
2797315937.5,-28.49265
2797316093.75,-28.49068
2797316250.0,-28.49443
2797316406.25,-28.49491
2797316562.5,-28.4903
2797316718.75,-28.49358
2797316875.0,-28.4888
2797317031.25,-28.48966
2797317187.5,-28.48908
2797317343.75,-28.49036
2797317500.0,-28.49061
2797317656.25,-28.4835
2797317812.5,-28.49129
2797317968.75,-28.48779
2797318125.0,-28.4867
2797318281.25,-28.4821
2797318437.5,-28.48771
2797318593.75,-28.48818
2797318750.0,-28.48131
2797318906.25,-28.48596
2797319062.5,-28.4834
2797319218.75,-28.4841
2797319375.0,-28.47672
2797319531.25,-28.48131
2797319687.5,-28.48201
2797319843.75,-28.47777
2797320000.0,-28.47884
2797320156.25,-28.48356
2797320312.5,-28.47439
2797320468.75,-28.47644
2797320625.0,-28.47703
2797320781.25,-28.47231
2797320937.5,-28.47551
2797321093.75,-28.47862
2797321250.0,-28.47677
2797321406.25,-28.47354
2797321562.5,-28.47646
2797321718.75,-28.4737
2797321875.0,-28.47514
2797322031.25,-28.47286
2797322187.5,-28.475
2797322343.75,-28.4747
2797322500.0,-28.47448
2797322656.25,-28.46991
2797322812.5,-28.47055
2797322968.75,-28.47066
2797323125.0,-28.4729
2797323281.25,-28.469
2797323437.5,-28.46707
2797323593.75,-28.4677
2797323750.0,-28.46715
2797323906.25,-28.46742
2797324062.5,-28.4681
2797324218.75,-28.46677
2797324375.0,-28.4645
2797324531.25,-28.46617
2797324687.5,-28.46665
2797324843.75,-28.46076
2797325000.0,-28.46667
2797325156.25,-28.4621
2797325312.5,-28.45905
2797325468.75,-28.45966
2797325625.0,-28.46004
2797325781.25,-28.45462
2797325937.5,-28.45491
2797326093.75,-28.46165
2797326250.0,-28.45598
2797326406.25,-28.45719
2797326562.5,-28.45371
2797326718.75,-28.45814
2797326875.0,-28.45601
2797327031.25,-28.45623
2797327187.5,-28.45467
2797327343.75,-28.45717
2797327500.0,-28.45455
2797327656.25,-28.45273
2797327812.5,-28.45077
2797327968.75,-28.44922
2797328125.0,-28.44711
2797328281.25,-28.45123
2797328437.5,-28.45119
2797328593.75,-28.4529
2797328750.0,-28.45053
2797328906.25,-28.45302
2797329062.5,-28.44856
2797329218.75,-28.45266
2797329375.0,-28.44598
2797329531.25,-28.44203
2797329687.5,-28.4468
2797329843.75,-28.45069
2797330000.0,-28.44647
2797330156.25,-28.44301
2797330312.5,-28.44016
2797330468.75,-28.44209
2797330625.0,-28.4351
2797330781.25,-28.44064
2797330937.5,-28.43866
2797331093.75,-28.44244
2797331250.0,-28.43918
2797331406.25,-28.44109
2797331562.5,-28.43802
2797331718.75,-28.44178
2797331875.0,-28.44022
2797332031.25,-28.43576
2797332187.5,-28.43961
2797332343.75,-28.43889
2797332500.0,-28.43764
2797332656.25,-28.43342
2797332812.5,-28.43784
2797332968.75,-28.43729
2797333125.0,-28.43302
2797333281.25,-28.43541
2797333437.5,-28.43214
2797333593.75,-28.42916
2797333750.0,-28.42893
2797333906.25,-28.42854
2797334062.5,-28.42813
2797334218.75,-28.43058
2797334375.0,-28.42942
2797334531.25,-28.42972
2797334687.5,-28.43072
2797334843.75,-28.42908
2797335000.0,-28.428
2797335156.25,-28.43035
2797335312.5,-28.42523
2797335468.75,-28.42973
2797335625.0,-28.42641
2797335781.25,-28.42357
2797335937.5,-28.42597
2797336093.75,-28.42418
2797336250.0,-28.42126
2797336406.25,-28.41871
2797336562.5,-28.42496
2797336718.75,-28.42254
2797336875.0,-28.41828
2797337031.25,-28.41866
2797337187.5,-28.419
2797337343.75,-28.41817
2797337500.0,-28.41649
2797337656.25,-28.41995
2797337812.5,-28.41626
2797337968.75,-28.41288
2797338125.0,-28.41654
2797338281.25,-28.40973
2797338437.5,-28.40972
2797338593.75,-28.41327
2797338750.0,-28.41316
2797338906.25,-28.40422
2797339062.5,-28.41107
2797339218.75,-28.40605
2797339375.0,-28.40965
2797339531.25,-28.40979
2797339687.5,-28.4077
2797339843.75,-28.4089
2797340000.0,-28.40791
2797340156.25,-28.41077
2797340312.5,-28.40815
2797340468.75,-28.40464
2797340625.0,-28.40569
2797340781.25,-28.40312
2797340937.5,-28.40471
2797341093.75,-28.40798
2797341250.0,-28.40239
2797341406.25,-28.40174
2797341562.5,-28.40529
2797341718.75,-28.40101
2797341875.0,-28.39646
2797342031.25,-28.40092
2797342187.5,-28.40183
2797342343.75,-28.39818
2797342500.0,-28.39798
2797342656.25,-28.40045
2797342812.5,-28.3979
2797342968.75,-28.39725
2797343125.0,-28.39472
2797343281.25,-28.39342
2797343437.5,-28.39839
2797343593.75,-28.39863
2797343750.0,-28.39218
2797343906.25,-28.39299
2797344062.5,-28.39517
2797344218.75,-28.3924
2797344375.0,-28.3938
2797344531.25,-28.39485
2797344687.5,-28.39237
2797344843.75,-28.39314
2797345000.0,-28.39047
2797345156.25,-28.39344
2797345312.5,-28.39622
2797345468.75,-28.39242
2797345625.0,-28.38768
2797345781.25,-28.384
2797345937.5,-28.38571
2797346093.75,-28.38538
2797346250.0,-28.38695
2797346406.25,-28.38414
2797346562.5,-28.38015
2797346718.75,-28.38187
2797346875.0,-28.38716
2797347031.25,-28.38423
2797347187.5,-28.38093
2797347343.75,-28.38357
2797347500.0,-28.38076
2797347656.25,-28.37762
2797347812.5,-28.3793
2797347968.75,-28.38194
2797348125.0,-28.37576
2797348281.25,-28.37521
2797348437.5,-28.3828
2797348593.75,-28.37583
2797348750.0,-28.37656
2797348906.25,-28.37825
2797349062.5,-28.37695
2797349218.75,-28.37414
2797349375.0,-28.37392
2797349531.25,-28.3726
2797349687.5,-28.376
2797349843.75,-28.37157
2797350000.0,-28.37132
2797350156.25,-28.37421
2797350312.5,-28.37135
2797350468.75,-28.36971
2797350625.0,-28.36977
2797350781.25,-28.37089
2797350937.5,-28.36565
2797351093.75,-28.3654
2797351250.0,-28.36818
2797351406.25,-28.3688
2797351562.5,-28.36522
2797351718.75,-28.36954
2797351875.0,-28.36577
2797352031.25,-28.36353
2797352187.5,-28.36464
2797352343.75,-28.3642
2797352500.0,-28.36756
2797352656.25,-28.36427
2797352812.5,-28.36087
2797352968.75,-28.36083
2797353125.0,-28.36172
2797353281.25,-28.35987
2797353437.5,-28.35966
2797353593.75,-28.36268
2797353750.0,-28.36067
2797353906.25,-28.35919
2797354062.5,-28.35991
2797354218.75,-28.36005
2797354375.0,-28.35615
2797354531.25,-28.35971
2797354687.5,-28.35756
2797354843.75,-28.35472
2797355000.0,-28.35403
2797355156.25,-28.3604
2797355312.5,-28.35041
2797355468.75,-28.35229
2797355625.0,-28.35302
2797355781.25,-28.35157
2797355937.5,-28.35081
2797356093.75,-28.35108
2797356250.0,-28.35101
2797356406.25,-28.34925
2797356562.5,-28.34761
2797356718.75,-28.34757
2797356875.0,-28.35115
2797357031.25,-28.3514
2797357187.5,-28.34496
2797357343.75,-28.34445
2797357500.0,-28.34836
2797357656.25,-28.34673
2797357812.5,-28.3495
2797357968.75,-28.34451
2797358125.0,-28.34673
2797358281.25,-28.34705
2797358437.5,-28.34603
2797358593.75,-28.34144
2797358750.0,-28.34139
2797358906.25,-28.34201
2797359062.5,-28.33844
2797359218.75,-28.33826
2797359375.0,-28.34121
2797359531.25,-28.33935
2797359687.5,-28.33384
2797359843.75,-28.3397
2797360000.0,-28.34194
2797360156.25,-28.33113
2797360312.5,-28.33418
2797360468.75,-28.33829
2797360625.0,-28.33407
2797360781.25,-28.33593
2797360937.5,-28.33213
2797361093.75,-28.33583
2797361250.0,-28.32962
2797361406.25,-28.33382
2797361562.5,-28.33304
2797361718.75,-28.32814
2797361875.0,-28.33247
2797362031.25,-28.33244
2797362187.5,-28.32841
2797362343.75,-28.32563
2797362500.0,-28.33077
2797362656.25,-28.33048
2797362812.5,-28.32692
2797362968.75,-28.3264
2797363125.0,-28.32994
2797363281.25,-28.32574
2797363437.5,-28.32134
2797363593.75,-28.32647
2797363750.0,-28.32643
2797363906.25,-28.32476
2797364062.5,-28.32276
2797364218.75,-28.32059
2797364375.0,-28.32374
2797364531.25,-28.32423
2797364687.5,-28.31992
2797364843.75,-28.32741
2797365000.0,-28.31701
2797365156.25,-28.31904
2797365312.5,-28.3188
2797365468.75,-28.31728
2797365625.0,-28.31809
2797365781.25,-28.31669
2797365937.5,-28.3188
2797366093.75,-28.31437
2797366250.0,-28.31563
2797366406.25,-28.31619
2797366562.5,-28.31197
2797366718.75,-28.3176
2797366875.0,-28.31421
2797367031.25,-28.31134
2797367187.5,-28.31389
2797367343.75,-28.3098
2797367500.0,-28.30807
2797367656.25,-28.31194
2797367812.5,-28.30677
2797367968.75,-28.30766
2797368125.0,-28.30829
2797368281.25,-28.30839
2797368437.5,-28.30347
2797368593.75,-28.30556
2797368750.0,-28.31299
2797368906.25,-28.30881
2797369062.5,-28.30517
2797369218.75,-28.30214
2797369375.0,-28.30366
2797369531.25,-28.30625
2797369687.5,-28.30507
2797369843.75,-28.30226
2797370000.0,-28.2996
2797370156.25,-28.29734
2797370312.5,-28.3011
2797370468.75,-28.30281
2797370625.0,-28.30342
2797370781.25,-28.3002
2797370937.5,-28.29766
2797371093.75,-28.29863
2797371250.0,-28.30049
2797371406.25,-28.29277
2797371562.5,-28.29552
2797371718.75,-28.29404
2797371875.0,-28.29982
2797372031.25,-28.29167
2797372187.5,-28.29177
2797372343.75,-28.29328
2797372500.0,-28.28869
2797372656.25,-28.28769
2797372812.5,-28.29273
2797372968.75,-28.29209
2797373125.0,-28.2874
2797373281.25,-28.29355
2797373437.5,-28.28935
2797373593.75,-28.28794
2797373750.0,-28.28712
2797373906.25,-28.28996
2797374062.5,-28.28434
2797374218.75,-28.28095
2797374375.0,-28.28297
2797374531.25,-28.28388
2797374687.5,-28.28429
2797374843.75,-28.28418
2797375000.0,-28.27929
2797375156.25,-28.28147
2797375312.5,-28.27952
2797375468.75,-28.28019
2797375625.0,-28.27889
2797375781.25,-28.27982
2797375937.5,-28.28421
2797376093.75,-28.27779
2797376250.0,-28.28076
2797376406.25,-28.27739
2797376562.5,-28.27261
2797376718.75,-28.27641
2797376875.0,-28.27753
2797377031.25,-28.28151
2797377187.5,-28.27277
2797377343.75,-28.27244
2797377500.0,-28.27604
2797377656.25,-28.27031
2797377812.5,-28.26989
2797377968.75,-28.2722
2797378125.0,-28.2745
2797378281.25,-28.2702
2797378437.5,-28.271
2797378593.75,-28.26747
2797378750.0,-28.26778
2797378906.25,-28.26431
2797379062.5,-28.26824
2797379218.75,-28.26887
2797379375.0,-28.26896
2797379531.25,-28.26866
2797379687.5,-28.26809
2797379843.75,-28.26516
2797380000.0,-28.26559
2797380156.25,-28.2666
2797380312.5,-28.26429
2797380468.75,-28.26305
2797380625.0,-28.26584
2797380781.25,-28.26181
2797380937.5,-28.26239
2797381093.75,-28.25893
2797381250.0,-28.26055
2797381406.25,-28.25615
2797381562.5,-28.2605
2797381718.75,-28.26199
2797381875.0,-28.25888
2797382031.25,-28.25672
2797382187.5,-28.25868
2797382343.75,-28.25753
2797382500.0,-28.24879
2797382656.25,-28.25756
2797382812.5,-28.25608
2797382968.75,-28.25882
2797383125.0,-28.25729
2797383281.25,-28.25018
2797383437.5,-28.25316
2797383593.75,-28.25427
2797383750.0,-28.25607
2797383906.25,-28.25208
2797384062.5,-28.24999
2797384218.75,-28.25282
2797384375.0,-28.25114
2797384531.25,-28.2483
2797384687.5,-28.25061
2797384843.75,-28.2471
2797385000.0,-28.24399
2797385156.25,-28.24525
2797385312.5,-28.24897
2797385468.75,-28.24352
2797385625.0,-28.24648
2797385781.25,-28.2412
2797385937.5,-28.24538
2797386093.75,-28.24348
2797386250.0,-28.24266
2797386406.25,-28.24335
2797386562.5,-28.24172
2797386718.75,-28.24134
2797386875.0,-28.23952
2797387031.25,-28.24004
2797387187.5,-28.24084
2797387343.75,-28.23668
2797387500.0,-28.23958
2797387656.25,-28.23624
2797387812.5,-28.23832
2797387968.75,-28.24134
2797388125.0,-28.23515
2797388281.25,-28.23629
2797388437.5,-28.23871
2797388593.75,-28.23458
2797388750.0,-28.23746
2797388906.25,-28.23553
2797389062.5,-28.23405
2797389218.75,-28.23584
2797389375.0,-28.2334
2797389531.25,-28.2347
2797389687.5,-28.23103
2797389843.75,-28.229
2797390000.0,-28.23067
2797390156.25,-28.23039
2797390312.5,-28.22156
2797390468.75,-28.22651
2797390625.0,-28.22873
2797390781.25,-28.22091
2797390937.5,-28.22717
2797391093.75,-28.22248
2797391250.0,-28.22466
2797391406.25,-28.22491
2797391562.5,-28.22219
2797391718.75,-28.22254
2797391875.0,-28.22573
2797392031.25,-28.22138
2797392187.5,-28.22157
2797392343.75,-28.22027
2797392500.0,-28.21713
2797392656.25,-28.21817
2797392812.5,-28.21729
2797392968.75,-28.21252
2797393125.0,-28.21291
2797393281.25,-28.22301
2797393437.5,-28.21951
2797393593.75,-28.21816
2797393750.0,-28.21352
2797393906.25,-28.21449
2797394062.5,-28.21125
2797394218.75,-28.21067
2797394375.0,-28.21498
2797394531.25,-28.2191
2797394687.5,-28.20997
2797394843.75,-28.2123
2797395000.0,-28.21019
2797395156.25,-28.21085
2797395312.5,-28.20976
2797395468.75,-28.21037
2797395625.0,-28.20715
2797395781.25,-28.20609
2797395937.5,-28.20618
2797396093.75,-28.21081
2797396250.0,-28.20514
2797396406.25,-28.20199
2797396562.5,-28.20373
2797396718.75,-28.19987
2797396875.0,-28.20416
2797397031.25,-28.20231
2797397187.5,-28.20202
2797397343.75,-28.20149
2797397500.0,-28.20695
2797397656.25,-28.19908
2797397812.5,-28.19805
2797397968.75,-28.20345
2797398125.0,-28.1991
2797398281.25,-28.20124
2797398437.5,-28.19361
2797398593.75,-28.19798
2797398750.0,-28.2
2797398906.25,-28.19321
2797399062.5,-28.19654
2797399218.75,-28.19472
2797399375.0,-28.19732
2797399531.25,-28.19088
2797399687.5,-28.19456
2797399843.75,-28.19222
2797400000.0,-28.19102
2797400156.25,-28.193
2797400312.5,-28.19132
2797400468.75,-28.19064
2797400625.0,-28.18863
2797400781.25,-28.18679
2797400937.5,-28.1885
2797401093.75,-28.19125
2797401250.0,-28.18681
2797401406.25,-28.18895
2797401562.5,-28.18608
2797401718.75,-28.18318
2797401875.0,-28.18595
2797402031.25,-28.18526
2797402187.5,-28.18311
2797402343.75,-28.18304
2797402500.0,-28.18604
2797402656.25,-28.18586
2797402812.5,-28.17985
2797402968.75,-28.18053
2797403125.0,-28.1841
2797403281.25,-28.17876
2797403437.5,-28.1787
2797403593.75,-28.17685
2797403750.0,-28.17788
2797403906.25,-28.17889
2797404062.5,-28.18126
2797404218.75,-28.17522
2797404375.0,-28.172
2797404531.25,-28.17835
2797404687.5,-28.17387
2797404843.75,-28.18
2797405000.0,-28.17418
2797405156.25,-28.17525
2797405312.5,-28.17317
2797405468.75,-28.1712
2797405625.0,-28.17225
2797405781.25,-28.17452
2797405937.5,-28.16949
2797406093.75,-28.17111
2797406250.0,-28.16789
2797406406.25,-28.17127
2797406562.5,-28.17085
2797406718.75,-28.17236
2797406875.0,-28.16901
2797407031.25,-28.16691
2797407187.5,-28.16543
2797407343.75,-28.16258
2797407500.0,-28.16459
2797407656.25,-28.16352
2797407812.5,-28.15974
2797407968.75,-28.16809
2797408125.0,-28.16197
2797408281.25,-28.16127
2797408437.5,-28.15903
2797408593.75,-28.16395
2797408750.0,-28.16659
2797408906.25,-28.15755
2797409062.5,-28.16095
2797409218.75,-28.16081
2797409375.0,-28.15855
2797409531.25,-28.16015
2797409687.5,-28.15681
2797409843.75,-28.15685
2797410000.0,-28.15642
2797410156.25,-28.15835
2797410312.5,-28.15366
2797410468.75,-28.15308
2797410625.0,-28.15078
2797410781.25,-28.15628
2797410937.5,-28.14826
2797411093.75,-28.15074
2797411250.0,-28.15083
2797411406.25,-28.14965
2797411562.5,-28.14858
2797411718.75,-28.15349
2797411875.0,-28.15028
2797412031.25,-28.15077
2797412187.5,-28.14814
2797412343.75,-28.15164
2797412500.0,-28.14758
2797412656.25,-28.14591
2797412812.5,-28.14346
2797412968.75,-28.14528
2797413125.0,-28.14819
2797413281.25,-28.14364
2797413437.5,-28.1483
2797413593.75,-28.14566
2797413750.0,-28.14339
2797413906.25,-28.14171
2797414062.5,-28.13838
2797414218.75,-28.1429
2797414375.0,-28.1416
2797414531.25,-28.13946
2797414687.5,-28.13762
2797414843.75,-28.13513
2797415000.0,-28.13657
2797415156.25,-28.13412
2797415312.5,-28.14188
2797415468.75,-28.13659
2797415625.0,-28.13369
2797415781.25,-28.14096
2797415937.5,-28.13008
2797416093.75,-28.13478
2797416250.0,-28.1347
2797416406.25,-28.13544
2797416562.5,-28.12821
2797416718.75,-28.13087
2797416875.0,-28.12924
2797417031.25,-28.12945
2797417187.5,-28.12872
2797417343.75,-28.13198
2797417500.0,-28.12459
2797417656.25,-28.12705
2797417812.5,-28.13106
2797417968.75,-28.12444
2797418125.0,-28.12338
2797418281.25,-28.12415
2797418437.5,-28.12986
2797418593.75,-28.11859
2797418750.0,-28.12428
2797418906.25,-28.12668
2797419062.5,-28.12482
2797419218.75,-28.12032
2797419375.0,-28.12514
2797419531.25,-28.12318
2797419687.5,-28.1203
2797419843.75,-28.1239
2797420000.0,-28.12257
2797420156.25,-28.11573
2797420312.5,-28.11392
2797420468.75,-28.11538
2797420625.0,-28.11665
2797420781.25,-28.1179
2797420937.5,-28.11833
2797421093.75,-28.11609
2797421250.0,-28.11498
2797421406.25,-28.11423
2797421562.5,-28.11575
2797421718.75,-28.11446
2797421875.0,-28.11374
2797422031.25,-28.11122
2797422187.5,-28.11138
2797422343.75,-28.11122
2797422500.0,-28.11724
2797422656.25,-28.11158
2797422812.5,-28.10685
2797422968.75,-28.10744
2797423125.0,-28.10739
2797423281.25,-28.10607
2797423437.5,-28.10375
2797423593.75,-28.10836
2797423750.0,-28.11336
2797423906.25,-28.10762
2797424062.5,-28.10205
2797424218.75,-28.10466
2797424375.0,-28.10434
2797424531.25,-28.10263
2797424687.5,-28.10062
2797424843.75,-28.10354
2797425000.0,-28.10442
2797425156.25,-28.10407
2797425312.5,-28.09702
2797425468.75,-28.09966
2797425625.0,-28.10034
2797425781.25,-28.09897
2797425937.5,-28.09437
2797426093.75,-28.09546
2797426250.0,-28.09663
2797426406.25,-28.09763
2797426562.5,-28.09513
2797426718.75,-28.09457
2797426875.0,-28.09276
2797427031.25,-28.09474
2797427187.5,-28.09058
2797427343.75,-28.09331
2797427500.0,-28.09328
2797427656.25,-28.09042
2797427812.5,-28.09377
2797427968.75,-28.09104
2797428125.0,-28.0903
2797428281.25,-28.08537
2797428437.5,-28.08989
2797428593.75,-28.08941
2797428750.0,-28.08835
2797428906.25,-28.08781
2797429062.5,-28.08731
2797429218.75,-28.08143
2797429375.0,-28.08219
2797429531.25,-28.084
2797429687.5,-28.08603
2797429843.75,-28.0865
2797430000.0,-28.07572
2797430156.25,-28.08328
2797430312.5,-28.0829
2797430468.75,-28.0801
2797430625.0,-28.08151
2797430781.25,-28.07523
2797430937.5,-28.07835
2797431093.75,-28.08148
2797431250.0,-28.07731
2797431406.25,-28.07505
2797431562.5,-28.07504
2797431718.75,-28.07394
2797431875.0,-28.07763
2797432031.25,-28.07508
2797432187.5,-28.07333
2797432343.75,-28.07059
2797432500.0,-28.06666
2797432656.25,-28.07356
2797432812.5,-28.06977
2797432968.75,-28.07243
2797433125.0,-28.06918
2797433281.25,-28.07404
2797433437.5,-28.06843
2797433593.75,-28.07058
2797433750.0,-28.07175
2797433906.25,-28.0657
2797434062.5,-28.06935
2797434218.75,-28.06934
2797434375.0,-28.06974
2797434531.25,-28.06994
2797434687.5,-28.06116
2797434843.75,-28.06508
2797435000.0,-28.06227
2797435156.25,-28.06751
2797435312.5,-28.06608
2797435468.75,-28.0632
2797435625.0,-28.06036
2797435781.25,-28.05916
2797435937.5,-28.06086
2797436093.75,-28.05762
2797436250.0,-28.05133
2797436406.25,-28.05617
2797436562.5,-28.0581
2797436718.75,-28.05745
2797436875.0,-28.05919
2797437031.25,-28.04956
2797437187.5,-28.0559
2797437343.75,-28.0563
2797437500.0,-28.05615
2797437656.25,-28.0571
2797437812.5,-28.04967
2797437968.75,-28.05278
2797438125.0,-28.05369
2797438281.25,-28.04537
2797438437.5,-28.05399
2797438593.75,-28.05354
2797438750.0,-28.0524
2797438906.25,-28.0522
2797439062.5,-28.04797
2797439218.75,-28.04669
2797439375.0,-28.04474
2797439531.25,-28.04572
2797439687.5,-28.04603
2797439843.75,-28.04236
2797440000.0,-28.04767
2797440156.25,-28.04787
2797440312.5,-28.03915
2797440468.75,-28.04394
2797440625.0,-28.04028
2797440781.25,-28.04251
2797440937.5,-28.042
2797441093.75,-28.04369
2797441250.0,-28.04178
2797441406.25,-28.03903
2797441562.5,-28.03887
2797441718.75,-28.04185
2797441875.0,-28.03837
2797442031.25,-28.03404
2797442187.5,-28.03761
2797442343.75,-28.0375
2797442500.0,-28.03183
2797442656.25,-28.03786
2797442812.5,-28.03221
2797442968.75,-28.03536
2797443125.0,-28.03337
2797443281.25,-28.03214
2797443437.5,-28.03454
2797443593.75,-28.03128
2797443750.0,-28.03272
2797443906.25,-28.03388
2797444062.5,-28.03069
2797444218.75,-28.02965
2797444375.0,-28.03096
2797444531.25,-28.02908
2797444687.5,-28.02361
2797444843.75,-28.02806
2797445000.0,-28.0258
2797445156.25,-28.02802
2797445312.5,-28.02645
2797445468.75,-28.02377
2797445625.0,-28.02218
2797445781.25,-28.02016
2797445937.5,-28.02108
2797446093.75,-28.02499
2797446250.0,-28.02332
2797446406.25,-28.02307
2797446562.5,-28.02303
2797446718.75,-28.01824
2797446875.0,-28.02361
2797447031.25,-28.02109
2797447187.5,-28.01834
2797447343.75,-28.01798
2797447500.0,-28.01821
2797447656.25,-28.01634
2797447812.5,-28.01707
2797447968.75,-28.01616
2797448125.0,-28.01273
2797448281.25,-28.01266
2797448437.5,-28.01509
2797448593.75,-28.00793
2797448750.0,-28.01565
2797448906.25,-28.01434
2797449062.5,-28.01127
2797449218.75,-28.01244
2797449375.0,-28.01108
2797449531.25,-28.00922
2797449687.5,-28.01065
2797449843.75,-28.00839
2797450000.0,-28.01289
2797450156.25,-28.00902
2797450312.5,-28.00494
2797450468.75,-28.0073
2797450625.0,-28.0081
2797450781.25,-28.00471
2797450937.5,-28.00791
2797451093.75,-27.99994
2797451250.0,-28.00133
2797451406.25,-28.00643
2797451562.5,-28.00216
2797451718.75,-28.00295
2797451875.0,-27.99916
2797452031.25,-27.99974
2797452187.5,-27.99972
2797452343.75,-28.00189
2797452500.0,-27.99985
2797452656.25,-27.99717
2797452812.5,-28.00075
2797452968.75,-27.99718
2797453125.0,-27.99389
2797453281.25,-27.99487
2797453437.5,-27.99328
2797453593.75,-27.99209
2797453750.0,-27.99683
2797453906.25,-27.99083
2797454062.5,-27.99436
2797454218.75,-27.99084
2797454375.0,-27.99217
2797454531.25,-27.99571
2797454687.5,-27.99051
2797454843.75,-27.98888
2797455000.0,-27.99046
2797455156.25,-27.99022
2797455312.5,-27.99361
2797455468.75,-27.98817
2797455625.0,-27.98581
2797455781.25,-27.98768
2797455937.5,-27.98927
2797456093.75,-27.97919
2797456250.0,-27.9865
2797456406.25,-27.98564
2797456562.5,-27.98225
2797456718.75,-27.98211
2797456875.0,-27.98192
2797457031.25,-27.97923
2797457187.5,-27.98192
2797457343.75,-27.97849
2797457500.0,-27.98158
2797457656.25,-27.97844
2797457812.5,-27.97841
2797457968.75,-27.97737
2797458125.0,-27.97723
2797458281.25,-27.97515
2797458437.5,-27.97442
2797458593.75,-27.97502
2797458750.0,-27.97805
2797458906.25,-27.97308
2797459062.5,-27.97363
2797459218.75,-27.9705
2797459375.0,-27.97603
2797459531.25,-27.97193
2797459687.5,-27.96824
2797459843.75,-27.97231
2797460000.0,-27.97309
2797460156.25,-27.97174
2797460312.5,-27.96944
2797460468.75,-27.96899
2797460625.0,-27.97087
2797460781.25,-27.96693
2797460937.5,-27.96824
2797461093.75,-27.96872
2797461250.0,-27.96357
2797461406.25,-27.96204
2797461562.5,-27.96603
2797461718.75,-27.96767
2797461875.0,-27.96729
2797462031.25,-27.9639
2797462187.5,-27.96346
2797462343.75,-27.96293
2797462500.0,-27.96097
2797462656.25,-27.95831
2797462812.5,-27.95848
2797462968.75,-27.95886
2797463125.0,-27.95679
2797463281.25,-27.95708
2797463437.5,-27.96002
2797463593.75,-27.95831
2797463750.0,-27.95664
2797463906.25,-27.9591
2797464062.5,-27.95452
2797464218.75,-27.95682
2797464375.0,-27.95098
2797464531.25,-27.95279
2797464687.5,-27.95389
2797464843.75,-27.94802
2797465000.0,-27.9556
2797465156.25,-27.94666
2797465312.5,-27.9472
2797465468.75,-27.95006
2797465625.0,-27.95307
2797465781.25,-27.94656
2797465937.5,-27.94975
2797466093.75,-27.94496
2797466250.0,-27.94525
2797466406.25,-27.9447
2797466562.5,-27.947
2797466718.75,-27.94635
2797466875.0,-27.93783
2797467031.25,-27.94086
2797467187.5,-27.9472
2797467343.75,-27.94196
2797467500.0,-27.94117
2797467656.25,-27.94508
2797467812.5,-27.93814
2797467968.75,-27.94009
2797468125.0,-27.93994
2797468281.25,-27.94029
2797468437.5,-27.93331
2797468593.75,-27.93787
2797468750.0,-27.94057
2797468906.25,-27.93629
2797469062.5,-27.93426
2797469218.75,-27.93368
2797469375.0,-27.93556
2797469531.25,-27.93174
2797469687.5,-27.92915
2797469843.75,-27.93525
2797470000.0,-27.9297
2797470156.25,-27.93696
2797470312.5,-27.92923
2797470468.75,-27.93364
2797470625.0,-27.93117
2797470781.25,-27.92783
2797470937.5,-27.92949
2797471093.75,-27.93047
2797471250.0,-27.92894
2797471406.25,-27.92477
2797471562.5,-27.92559
2797471718.75,-27.92331
2797471875.0,-27.92819
2797472031.25,-27.92666
2797472187.5,-27.9243
2797472343.75,-27.92563
2797472500.0,-27.92629
2797472656.25,-27.92713
2797472812.5,-27.92428
2797472968.75,-27.92259
2797473125.0,-27.91867
2797473281.25,-27.92275
2797473437.5,-27.91784
2797473593.75,-27.92636
2797473750.0,-27.9187
2797473906.25,-27.91675
2797474062.5,-27.91882
2797474218.75,-27.91357
2797474375.0,-27.91924
2797474531.25,-27.91165
2797474687.5,-27.91421
2797474843.75,-27.91638
2797475000.0,-27.91315
2797475156.25,-27.91494
2797475312.5,-27.90973
2797475468.75,-27.9156
2797475625.0,-27.91365
2797475781.25,-27.91163
2797475937.5,-27.91074
2797476093.75,-27.90989
2797476250.0,-27.9095
2797476406.25,-27.90706
2797476562.5,-27.90734
2797476718.75,-27.9075
2797476875.0,-27.91026
2797477031.25,-27.90908
2797477187.5,-27.90692
2797477343.75,-27.90662
2797477500.0,-27.90469
2797477656.25,-27.90441
2797477812.5,-27.906
2797477968.75,-27.90326
2797478125.0,-27.90758
2797478281.25,-27.89735
2797478437.5,-27.90175
2797478593.75,-27.89958
2797478750.0,-27.89979
2797478906.25,-27.89992
2797479062.5,-27.90043
2797479218.75,-27.90003
2797479375.0,-27.89794
2797479531.25,-27.89559
2797479687.5,-27.8996
2797479843.75,-27.89563
2797480000.0,-27.89702
2797480156.25,-27.89742
2797480312.5,-27.89427
2797480468.75,-27.89588
2797480625.0,-27.89185
2797480781.25,-27.89053
2797480937.5,-27.88909
2797481093.75,-27.89021
2797481250.0,-27.88811
2797481406.25,-27.88328
2797481562.5,-27.89219
2797481718.75,-27.88671
2797481875.0,-27.89051
2797482031.25,-27.8832
2797482187.5,-27.89006
2797482343.75,-27.88543
2797482500.0,-27.88495
2797482656.25,-27.88487
2797482812.5,-27.87992
2797482968.75,-27.88507
2797483125.0,-27.88676
2797483281.25,-27.88563
2797483437.5,-27.87907
2797483593.75,-27.88345
2797483750.0,-27.8809
2797483906.25,-27.88032
2797484062.5,-27.87976
2797484218.75,-27.87514
2797484375.0,-27.87731
2797484531.25,-27.87632
2797484687.5,-27.87705
2797484843.75,-27.8758
2797485000.0,-27.8768
2797485156.25,-27.87618
2797485312.5,-27.87437
2797485468.75,-27.87494
2797485625.0,-27.87507
2797485781.25,-27.87691
2797485937.5,-27.87347
2797486093.75,-27.87107
2797486250.0,-27.87089
2797486406.25,-27.86884
2797486562.5,-27.87266
2797486718.75,-27.86763
2797486875.0,-27.86918
2797487031.25,-27.86823
2797487187.5,-27.86724
2797487343.75,-27.86599
2797487500.0,-27.86955
2797487656.25,-27.86788
2797487812.5,-27.86731
2797487968.75,-27.86635
2797488125.0,-27.86481
2797488281.25,-27.86156
2797488437.5,-27.86253
2797488593.75,-27.85837
2797488750.0,-27.86078
2797488906.25,-27.86086
2797489062.5,-27.85761
2797489218.75,-27.85925
2797489375.0,-27.86248
2797489531.25,-27.86304
2797489687.5,-27.85966
2797489843.75,-27.85812
2797490000.0,-27.85837
2797490156.25,-27.85472
2797490312.5,-27.86119
2797490468.75,-27.85544
2797490625.0,-27.85313
2797490781.25,-27.85582
2797490937.5,-27.85269
2797491093.75,-27.85352
2797491250.0,-27.85167
2797491406.25,-27.85164
2797491562.5,-27.85279
2797491718.75,-27.85284
2797491875.0,-27.85114
2797492031.25,-27.84705
2797492187.5,-27.84975
2797492343.75,-27.8474
2797492500.0,-27.85004
2797492656.25,-27.84922
2797492812.5,-27.8493
2797492968.75,-27.84712
2797493125.0,-27.84755
2797493281.25,-27.84655
2797493437.5,-27.8438
2797493593.75,-27.8423
2797493750.0,-27.84164
2797493906.25,-27.83991
2797494062.5,-27.84184
2797494218.75,-27.84258
2797494375.0,-27.84116
2797494531.25,-27.84122
2797494687.5,-27.83986
2797494843.75,-27.8355
2797495000.0,-27.83478
2797495156.25,-27.8383
2797495312.5,-27.83635
2797495468.75,-27.83699
2797495625.0,-27.83488
2797495781.25,-27.8349
2797495937.5,-27.8342
2797496093.75,-27.83661
2797496250.0,-27.83904
2797496406.25,-27.83367
2797496562.5,-27.83209
2797496718.75,-27.83295
2797496875.0,-27.82982
2797497031.25,-27.82848
2797497187.5,-27.82752
2797497343.75,-27.83059
2797497500.0,-27.83033
2797497656.25,-27.82516
2797497812.5,-27.82509
2797497968.75,-27.82611
2797498125.0,-27.82512
2797498281.25,-27.82166
2797498437.5,-27.82133
2797498593.75,-27.82776
2797498750.0,-27.82371
2797498906.25,-27.82075
2797499062.5,-27.81951
2797499218.75,-27.82256
2797499375.0,-27.82289
2797499531.25,-27.81862
2797499687.5,-27.82259
2797499843.75,-27.82298
2797500000.0,-27.81756
2797500156.25,-27.81689
2797500312.5,-27.82031
2797500468.75,-27.8171
2797500625.0,-27.81609
2797500781.25,-27.81477
2797500937.5,-27.81771
2797501093.75,-27.81668
2797501250.0,-27.8152
2797501406.25,-27.80978
2797501562.5,-27.81488
2797501718.75,-27.8127
2797501875.0,-27.8139
2797502031.25,-27.81314
2797502187.5,-27.80741
2797502343.75,-27.81199
2797502500.0,-27.80911
2797502656.25,-27.80966
2797502812.5,-27.80756
2797502968.75,-27.81027
2797503125.0,-27.80779
2797503281.25,-27.8044
2797503437.5,-27.80289
2797503593.75,-27.80679
2797503750.0,-27.80356
2797503906.25,-27.80428
2797504062.5,-27.79879
2797504218.75,-27.80661
2797504375.0,-27.80585
2797504531.25,-27.79961
2797504687.5,-27.79896
2797504843.75,-27.80132
2797505000.0,-27.7988
2797505156.25,-27.79846
2797505312.5,-27.79797
2797505468.75,-27.79845
2797505625.0,-27.79524
2797505781.25,-27.79943
2797505937.5,-27.79546
2797506093.75,-27.79813
2797506250.0,-27.80002
2797506406.25,-27.79572
2797506562.5,-27.7933
2797506718.75,-27.7946
2797506875.0,-27.79384
2797507031.25,-27.79331
2797507187.5,-27.79586
2797507343.75,-27.79254
2797507500.0,-27.79315
2797507656.25,-27.79412
2797507812.5,-27.78996
2797507968.75,-27.79436
2797508125.0,-27.7875
2797508281.25,-27.78806
2797508437.5,-27.79125
2797508593.75,-27.78175
2797508750.0,-27.78788
2797508906.25,-27.78513
2797509062.5,-27.78584
2797509218.75,-27.78517
2797509375.0,-27.78794
2797509531.25,-27.78659
2797509687.5,-27.78193
2797509843.75,-27.78155
2797510000.0,-27.78198
2797510156.25,-27.78262
2797510312.5,-27.77692
2797510468.75,-27.7772
2797510625.0,-27.7785
2797510781.25,-27.77512
2797510937.5,-27.77914
2797511093.75,-27.77834
2797511250.0,-27.7765
2797511406.25,-27.7753
2797511562.5,-27.77143
2797511718.75,-27.77723
2797511875.0,-27.77594
2797512031.25,-27.77169
2797512187.5,-27.77315
2797512343.75,-27.77466
2797512500.0,-27.77494
2797512656.25,-27.77335
2797512812.5,-27.7699
2797512968.75,-27.76968
2797513125.0,-27.76824
2797513281.25,-27.76652
2797513437.5,-27.77544
2797513593.75,-27.76519
2797513750.0,-27.76861
2797513906.25,-27.76603
2797514062.5,-27.76485
2797514218.75,-27.76637
2797514375.0,-27.76567
2797514531.25,-27.76289
2797514687.5,-27.76471
2797514843.75,-27.7604
2797515000.0,-27.76548
2797515156.25,-27.76354
2797515312.5,-27.76162
2797515468.75,-27.76157
2797515625.0,-27.76322
2797515781.25,-27.75888
2797515937.5,-27.7571
2797516093.75,-27.75815
2797516250.0,-27.75616
2797516406.25,-27.7533
2797516562.5,-27.75527
2797516718.75,-27.75192
2797516875.0,-27.75351
2797517031.25,-27.75328
2797517187.5,-27.75421
2797517343.75,-27.75393
2797517500.0,-27.75507
2797517656.25,-27.75087
2797517812.5,-27.75461
2797517968.75,-27.75773
2797518125.0,-27.75325
2797518281.25,-27.74504
2797518437.5,-27.74953
2797518593.75,-27.7442
2797518750.0,-27.74671
2797518906.25,-27.75037
2797519062.5,-27.74844
2797519218.75,-27.74788
2797519375.0,-27.7455
2797519531.25,-27.74387
2797519687.5,-27.74162
2797519843.75,-27.7446
2797520000.0,-27.74237
2797520156.25,-27.74185
2797520312.5,-27.74496
2797520468.75,-27.74195
2797520625.0,-27.73928
2797520781.25,-27.73895
2797520937.5,-27.73765
2797521093.75,-27.74205
2797521250.0,-27.73778
2797521406.25,-27.7362
2797521562.5,-27.74144
2797521718.75,-27.7413
2797521875.0,-27.73763
2797522031.25,-27.73563
2797522187.5,-27.73267
2797522343.75,-27.73516
2797522500.0,-27.73352
2797522656.25,-27.73387
2797522812.5,-27.73057
2797522968.75,-27.73385
2797523125.0,-27.73529
2797523281.25,-27.73123
2797523437.5,-27.73182
2797523593.75,-27.73199
2797523750.0,-27.73172
2797523906.25,-27.72698
2797524062.5,-27.72825
2797524218.75,-27.72998
2797524375.0,-27.72469
2797524531.25,-27.72707
2797524687.5,-27.72877
2797524843.75,-27.72256
2797525000.0,-27.72137
2797525156.25,-27.72136
2797525312.5,-27.72398
2797525468.75,-27.72574
2797525625.0,-27.72401
2797525781.25,-27.72035
2797525937.5,-27.71845
2797526093.75,-27.72214
2797526250.0,-27.71983
2797526406.25,-27.7205
2797526562.5,-27.71871
2797526718.75,-27.71997
2797526875.0,-27.7114
2797527031.25,-27.71594
2797527187.5,-27.70979
2797527343.75,-27.71668
2797527500.0,-27.71281
2797527656.25,-27.71371
2797527812.5,-27.71178
2797527968.75,-27.7142
2797528125.0,-27.71603
2797528281.25,-27.71286
2797528437.5,-27.71375
2797528593.75,-27.71169
2797528750.0,-27.70878
2797528906.25,-27.70971
2797529062.5,-27.70859
2797529218.75,-27.70762
2797529375.0,-27.70984
2797529531.25,-27.70845
2797529687.5,-27.70561
2797529843.75,-27.70205
2797530000.0,-27.70261
2797530156.25,-27.70514
2797530312.5,-27.7039
2797530468.75,-27.69836
2797530625.0,-27.69829
2797530781.25,-27.7011
2797530937.5,-27.70158
2797531093.75,-27.69927
2797531250.0,-27.70093
2797531406.25,-27.6994
2797531562.5,-27.69871
2797531718.75,-27.69551
2797531875.0,-27.69716
2797532031.25,-27.69387
2797532187.5,-27.69803
2797532343.75,-27.69797
2797532500.0,-27.69685
2797532656.25,-27.69539
2797532812.5,-27.69137
2797532968.75,-27.69651
2797533125.0,-27.6946
2797533281.25,-27.68939
2797533437.5,-27.69096
2797533593.75,-27.69299
2797533750.0,-27.6882
2797533906.25,-27.68672
2797534062.5,-27.68748
2797534218.75,-27.68966
2797534375.0,-27.68621
2797534531.25,-27.68632
2797534687.5,-27.69424
2797534843.75,-27.68583
2797535000.0,-27.68101
2797535156.25,-27.68534
2797535312.5,-27.6808
2797535468.75,-27.68402
2797535625.0,-27.68485
2797535781.25,-27.68182
2797535937.5,-27.68078
2797536093.75,-27.67875
2797536250.0,-27.68007
2797536406.25,-27.68009
2797536562.5,-27.67958
2797536718.75,-27.68161
2797536875.0,-27.68015
2797537031.25,-27.67849
2797537187.5,-27.67964
2797537343.75,-27.67782
2797537500.0,-27.67318
2797537656.25,-27.6758
2797537812.5,-27.67394
2797537968.75,-27.67305
2797538125.0,-27.67406
2797538281.25,-27.67287
2797538437.5,-27.66861
2797538593.75,-27.67004
2797538750.0,-27.66995
2797538906.25,-27.66853
2797539062.5,-27.66407
2797539218.75,-27.66908
2797539375.0,-27.66751
2797539531.25,-27.6675
2797539687.5,-27.66727
2797539843.75,-27.664
2797540000.0,-27.66793
2797540156.25,-27.66212
2797540312.5,-27.66582
2797540468.75,-27.66718
2797540625.0,-27.66496
2797540781.25,-27.66488
2797540937.5,-27.66432
2797541093.75,-27.66154
2797541250.0,-27.65866
2797541406.25,-27.6602
2797541562.5,-27.65907
2797541718.75,-27.65862
2797541875.0,-27.66065
2797542031.25,-27.66037
2797542187.5,-27.65669
2797542343.75,-27.65841
2797542500.0,-27.65846
2797542656.25,-27.65146
2797542812.5,-27.65644
2797542968.75,-27.6515
2797543125.0,-27.65809
2797543281.25,-27.65424
2797543437.5,-27.65129
2797543593.75,-27.65441
2797543750.0,-27.65287
2797543906.25,-27.64819
2797544062.5,-27.65043
2797544218.75,-27.64593
2797544375.0,-27.647
2797544531.25,-27.648
2797544687.5,-27.64673
2797544843.75,-27.64835
2797545000.0,-27.64633
2797545156.25,-27.64481
2797545312.5,-27.64673
2797545468.75,-27.64254
2797545625.0,-27.64152
2797545781.25,-27.64278
2797545937.5,-27.63769
2797546093.75,-27.64395
2797546250.0,-27.64364
2797546406.25,-27.64143
2797546562.5,-27.64237
2797546718.75,-27.6421
2797546875.0,-27.63835
2797547031.25,-27.63496
2797547187.5,-27.63559
2797547343.75,-27.63835
2797547500.0,-27.63696
2797547656.25,-27.63435
2797547812.5,-27.63861
2797547968.75,-27.63313
2797548125.0,-27.63462
2797548281.25,-27.63322
2797548437.5,-27.63053
2797548593.75,-27.63292
2797548750.0,-27.63265
2797548906.25,-27.63085
2797549062.5,-27.63241
2797549218.75,-27.63099
2797549375.0,-27.63197
2797549531.25,-27.63068
2797549687.5,-27.62805
2797549843.75,-27.6313
2797550000.0,-27.62961
2797550156.25,-27.62601
2797550312.5,-27.62943
2797550468.75,-27.62433
2797550625.0,-27.62457
2797550781.25,-27.6225
2797550937.5,-27.6199
2797551093.75,-27.62244
2797551250.0,-27.62359
2797551406.25,-27.62081
2797551562.5,-27.62313
2797551718.75,-27.62
2797551875.0,-27.61473
2797552031.25,-27.61477
2797552187.5,-27.61465
2797552343.75,-27.61661
2797552500.0,-27.61925
2797552656.25,-27.61765
2797552812.5,-27.61326
2797552968.75,-27.61399
2797553125.0,-27.61568
2797553281.25,-27.61447
2797553437.5,-27.61326
2797553593.75,-27.61531
2797553750.0,-27.61632
2797553906.25,-27.61134
2797554062.5,-27.60996
2797554218.75,-27.6104
2797554375.0,-27.61125
2797554531.25,-27.60966
2797554687.5,-27.61017
2797554843.75,-27.6079
2797555000.0,-27.60617
2797555156.25,-27.60389
2797555312.5,-27.60719
2797555468.75,-27.60841
2797555625.0,-27.60573
2797555781.25,-27.60399
2797555937.5,-27.60047
2797556093.75,-27.60262
2797556250.0,-27.60774
2797556406.25,-27.60766
2797556562.5,-27.60053
2797556718.75,-27.60195
2797556875.0,-27.59892
2797557031.25,-27.59468
2797557187.5,-27.59857
2797557343.75,-27.5984
2797557500.0,-27.59452
2797557656.25,-27.59611
2797557812.5,-27.59705
2797557968.75,-27.5959
2797558125.0,-27.59619
2797558281.25,-27.59282
2797558437.5,-27.59548
2797558593.75,-27.59906
2797558750.0,-27.59383
2797558906.25,-27.5919
2797559062.5,-27.58955
2797559218.75,-27.59459
2797559375.0,-27.58924
2797559531.25,-27.58835
2797559687.5,-27.5911
2797559843.75,-27.58857
2797560000.0,-27.58835
2797560156.25,-27.58471
2797560312.5,-27.59047
2797560468.75,-27.58491
2797560625.0,-27.58776
2797560781.25,-27.58098
2797560937.5,-27.5835
2797561093.75,-27.58172
2797561250.0,-27.58226
2797561406.25,-27.58245
2797561562.5,-27.58479
2797561718.75,-27.57986
2797561875.0,-27.57989
2797562031.25,-27.57934
2797562187.5,-27.58142
2797562343.75,-27.58001
2797562500.0,-27.57479
2797562656.25,-27.57677
2797562812.5,-27.58032
2797562968.75,-27.57973
2797563125.0,-27.57363
2797563281.25,-27.5759
2797563437.5,-27.57127
2797563593.75,-27.57888
2797563750.0,-27.57197
2797563906.25,-27.57541
2797564062.5,-27.57037
2797564218.75,-27.57201
2797564375.0,-27.57284
2797564531.25,-27.5713
2797564687.5,-27.56531
2797564843.75,-27.57003
2797565000.0,-27.56917
2797565156.25,-27.56804
2797565312.5,-27.56578
2797565468.75,-27.56676
2797565625.0,-27.56947
2797565781.25,-27.56585
2797565937.5,-27.56603
2797566093.75,-27.56517
2797566250.0,-27.56022
2797566406.25,-27.5618
2797566562.5,-27.55949
2797566718.75,-27.56338
2797566875.0,-27.5597
2797567031.25,-27.56065
2797567187.5,-27.56288
2797567343.75,-27.56014
2797567500.0,-27.5614
2797567656.25,-27.56042
2797567812.5,-27.55591
2797567968.75,-27.55957
2797568125.0,-27.55329
2797568281.25,-27.55814
2797568437.5,-27.55548
2797568593.75,-27.55506
2797568750.0,-27.55639
2797568906.25,-27.55234
2797569062.5,-27.55513
2797569218.75,-27.54965
2797569375.0,-27.547
2797569531.25,-27.54928
2797569687.5,-27.54667
2797569843.75,-27.5496
2797570000.0,-27.55623
2797570156.25,-27.54967
2797570312.5,-27.54305
2797570468.75,-27.54671
2797570625.0,-27.54674
2797570781.25,-27.54377
2797570937.5,-27.5406
2797571093.75,-27.54255
2797571250.0,-27.53957
2797571406.25,-27.5446
2797571562.5,-27.53951
2797571718.75,-27.53992
2797571875.0,-27.541
2797572031.25,-27.54169
2797572187.5,-27.53708
2797572343.75,-27.54151
2797572500.0,-27.54048
2797572656.25,-27.53693
2797572812.5,-27.53459
2797572968.75,-27.53732
2797573125.0,-27.53658
2797573281.25,-27.53777
2797573437.5,-27.53459
2797573593.75,-27.53117
2797573750.0,-27.52865
2797573906.25,-27.53679
2797574062.5,-27.53191
2797574218.75,-27.52971
2797574375.0,-27.52926
2797574531.25,-27.52983
2797574687.5,-27.53248
2797574843.75,-27.52997
2797575000.0,-27.52499
2797575156.25,-27.53045
2797575312.5,-27.52698
2797575468.75,-27.52574
2797575625.0,-27.52872
2797575781.25,-27.52983
2797575937.5,-27.52535
2797576093.75,-27.52281
2797576250.0,-27.52444
2797576406.25,-27.52669
2797576562.5,-27.52461
2797576718.75,-27.52186
2797576875.0,-27.52351
2797577031.25,-27.52454
2797577187.5,-27.51993
2797577343.75,-27.51759
2797577500.0,-27.51512
2797577656.25,-27.51991
2797577812.5,-27.51759
2797577968.75,-27.51899
2797578125.0,-27.51763
2797578281.25,-27.51596
2797578437.5,-27.51795
2797578593.75,-27.51499
2797578750.0,-27.5137
2797578906.25,-27.51731
2797579062.5,-27.5152
2797579218.75,-27.5127
2797579375.0,-27.51296
2797579531.25,-27.5117
2797579687.5,-27.50988
2797579843.75,-27.51111
2797580000.0,-27.5115
2797580156.25,-27.51196
2797580312.5,-27.50805
2797580468.75,-27.50422
2797580625.0,-27.50752
2797580781.25,-27.50377
2797580937.5,-27.50683
2797581093.75,-27.50353
2797581250.0,-27.50576
2797581406.25,-27.50446
2797581562.5,-27.50488
2797581718.75,-27.50454
2797581875.0,-27.50665
2797582031.25,-27.50325
2797582187.5,-27.50171
2797582343.75,-27.49838
2797582500.0,-27.50141
2797582656.25,-27.49971
2797582812.5,-27.50132
2797582968.75,-27.49988
2797583125.0,-27.49415
2797583281.25,-27.49474
2797583437.5,-27.49523
2797583593.75,-27.4995
2797583750.0,-27.4977
2797583906.25,-27.49026
2797584062.5,-27.49533
2797584218.75,-27.49125
2797584375.0,-27.49503
2797584531.25,-27.49069
2797584687.5,-27.4915
2797584843.75,-27.49226
2797585000.0,-27.48879
2797585156.25,-27.49039
2797585312.5,-27.48876
2797585468.75,-27.48574
2797585625.0,-27.49013
2797585781.25,-27.48555
2797585937.5,-27.48514
2797586093.75,-27.48944
2797586250.0,-27.48202
2797586406.25,-27.48726
2797586562.5,-27.48272
2797586718.75,-27.48395
2797586875.0,-27.48313
2797587031.25,-27.48159
2797587187.5,-27.48088
2797587343.75,-27.48062
2797587500.0,-27.48331
2797587656.25,-27.47786
2797587812.5,-27.4767
2797587968.75,-27.48125
2797588125.0,-27.47745
2797588281.25,-27.47674
2797588437.5,-27.47855
2797588593.75,-27.47689
2797588750.0,-27.47987
2797588906.25,-27.4716
2797589062.5,-27.47288
2797589218.75,-27.47244
2797589375.0,-27.47061
2797589531.25,-27.4696
2797589687.5,-27.47144
2797589843.75,-27.46987
2797590000.0,-27.47269
2797590156.25,-27.46903
2797590312.5,-27.46598
2797590468.75,-27.46865
2797590625.0,-27.46632
2797590781.25,-27.47114
2797590937.5,-27.46483
2797591093.75,-27.46391
2797591250.0,-27.46516
2797591406.25,-27.46467
2797591562.5,-27.46546
2797591718.75,-27.46345
2797591875.0,-27.46225
2797592031.25,-27.46407
2797592187.5,-27.46121
2797592343.75,-27.45729
2797592500.0,-27.46192
2797592656.25,-27.46009
2797592812.5,-27.46185
2797592968.75,-27.45845
2797593125.0,-27.45811
2797593281.25,-27.4607
2797593437.5,-27.45829
2797593593.75,-27.45244
2797593750.0,-27.4528
2797593906.25,-27.45817
2797594062.5,-27.45306
2797594218.75,-27.45256
2797594375.0,-27.45455
2797594531.25,-27.454
2797594687.5,-27.44909
2797594843.75,-27.45343
2797595000.0,-27.4531
2797595156.25,-27.44961
2797595312.5,-27.45179
2797595468.75,-27.44326
2797595625.0,-27.45071
2797595781.25,-27.44752
2797595937.5,-27.4458
2797596093.75,-27.44759
2797596250.0,-27.44367
2797596406.25,-27.44472
2797596562.5,-27.44499
2797596718.75,-27.44011
2797596875.0,-27.44091
2797597031.25,-27.44323
2797597187.5,-27.43735
2797597343.75,-27.44374
2797597500.0,-27.43671
2797597656.25,-27.43976
2797597812.5,-27.43759
2797597968.75,-27.43812
2797598125.0,-27.43747
2797598281.25,-27.43879
2797598437.5,-27.43613
2797598593.75,-27.43641
2797598750.0,-27.43465
2797598906.25,-27.43474
2797599062.5,-27.43298
2797599218.75,-27.43479
2797599375.0,-27.43299
2797599531.25,-27.42917
2797599687.5,-27.43064
2797599843.75,-27.43131
2797600000.0,-27.42973
2797600156.25,-27.42925
2797600312.5,-27.42861
2797600468.75,-27.42871
2797600625.0,-27.42506
2797600781.25,-27.42296
2797600937.5,-27.42673
2797601093.75,-27.42373
2797601250.0,-27.42653
2797601406.25,-27.42406
2797601562.5,-27.42166
2797601718.75,-27.4247
2797601875.0,-27.42368
2797602031.25,-27.42443
2797602187.5,-27.41986
2797602343.75,-27.41959
2797602500.0,-27.42184
2797602656.25,-27.41832
2797602812.5,-27.42004
2797602968.75,-27.42091
2797603125.0,-27.41352
2797603281.25,-27.42173
2797603437.5,-27.41975
2797603593.75,-27.41785
2797603750.0,-27.41721
2797603906.25,-27.41475
2797604062.5,-27.41249
2797604218.75,-27.4132
2797604375.0,-27.40891
2797604531.25,-27.41055
2797604687.5,-27.40937
2797604843.75,-27.41526
2797605000.0,-27.40818
2797605156.25,-27.41131
2797605312.5,-27.40935
2797605468.75,-27.41
2797605625.0,-27.41046
2797605781.25,-27.40942
2797605937.5,-27.40408
2797606093.75,-27.40559
2797606250.0,-27.40376
2797606406.25,-27.40713
2797606562.5,-27.40415
2797606718.75,-27.40187
2797606875.0,-27.40318
2797607031.25,-27.40082
2797607187.5,-27.40392
2797607343.75,-27.3994
2797607500.0,-27.3998
2797607656.25,-27.4007
2797607812.5,-27.39764
2797607968.75,-27.39919
2797608125.0,-27.3966
2797608281.25,-27.39455
2797608437.5,-27.39975
2797608593.75,-27.3962
2797608750.0,-27.3973
2797608906.25,-27.39858
2797609062.5,-27.39307
2797609218.75,-27.39286
2797609375.0,-27.39206
2797609531.25,-27.39113
2797609687.5,-27.39322
2797609843.75,-27.39246
2797610000.0,-27.38614
2797610156.25,-27.39119
2797610312.5,-27.38947
2797610468.75,-27.38947
2797610625.0,-27.39175
2797610781.25,-27.38846
2797610937.5,-27.38644
2797611093.75,-27.38541
2797611250.0,-27.38243
2797611406.25,-27.38453
2797611562.5,-27.3835
2797611718.75,-27.38211
2797611875.0,-27.3834
2797612031.25,-27.38289
2797612187.5,-27.38262
2797612343.75,-27.38099
2797612500.0,-27.37764
2797612656.25,-27.38195
2797612812.5,-27.37722
2797612968.75,-27.37695
2797613125.0,-27.38209
2797613281.25,-27.37752
2797613437.5,-27.37535
2797613593.75,-27.37445
2797613750.0,-27.37298
2797613906.25,-27.37276
2797614062.5,-27.3744
2797614218.75,-27.37421
2797614375.0,-27.37404
2797614531.25,-27.37546
2797614687.5,-27.36843
2797614843.75,-27.37139
2797615000.0,-27.37314
2797615156.25,-27.36507
2797615312.5,-27.36951
2797615468.75,-27.36759
2797615625.0,-27.36735
2797615781.25,-27.36573
2797615937.5,-27.36863
2797616093.75,-27.36367
2797616250.0,-27.36538
2797616406.25,-27.36172
2797616562.5,-27.36078
2797616718.75,-27.36502
2797616875.0,-27.36291
2797617031.25,-27.36365
2797617187.5,-27.36209
2797617343.75,-27.36177
2797617500.0,-27.35796
2797617656.25,-27.36087
2797617812.5,-27.35771
2797617968.75,-27.35748
2797618125.0,-27.35713
2797618281.25,-27.35493
2797618437.5,-27.35799
2797618593.75,-27.35647
2797618750.0,-27.35602
2797618906.25,-27.35528
2797619062.5,-27.353
2797619218.75,-27.35582
2797619375.0,-27.35015
2797619531.25,-27.35391
2797619687.5,-27.35046
2797619843.75,-27.35563
2797620000.0,-27.35185
2797620156.25,-27.34949
2797620312.5,-27.34927
2797620468.75,-27.35298
2797620625.0,-27.3525
2797620781.25,-27.34391
2797620937.5,-27.3473
2797621093.75,-27.34515
2797621250.0,-27.34513
2797621406.25,-27.34647
2797621562.5,-27.34292
2797621718.75,-27.34331
2797621875.0,-27.34238
2797622031.25,-27.3384
2797622187.5,-27.3378
2797622343.75,-27.34072
2797622500.0,-27.33944
2797622656.25,-27.33823
2797622812.5,-27.34107
2797622968.75,-27.34055
2797623125.0,-27.33615
2797623281.25,-27.33647
2797623437.5,-27.33379
2797623593.75,-27.33563
2797623750.0,-27.33435
2797623906.25,-27.33691
2797624062.5,-27.3328
2797624218.75,-27.33607
2797624375.0,-27.33136
2797624531.25,-27.33252
2797624687.5,-27.32737
2797624843.75,-27.33319
2797625000.0,-27.32678
2797625156.25,-27.32633
2797625312.5,-27.33244
2797625468.75,-27.33031
2797625625.0,-27.32855
2797625781.25,-27.32997
2797625937.5,-27.32682
2797626093.75,-27.32632
2797626250.0,-27.32752
2797626406.25,-27.32659
2797626562.5,-27.32127
2797626718.75,-27.32271
2797626875.0,-27.32172
2797627031.25,-27.31912
2797627187.5,-27.32163
2797627343.75,-27.31944
2797627500.0,-27.32317
2797627656.25,-27.32236
2797627812.5,-27.3174
2797627968.75,-27.31873
2797628125.0,-27.32039
2797628281.25,-27.31603
2797628437.5,-27.31529
2797628593.75,-27.31761
2797628750.0,-27.31153
2797628906.25,-27.31588
2797629062.5,-27.31294
2797629218.75,-27.31146
2797629375.0,-27.3123
2797629531.25,-27.31262
2797629687.5,-27.31276
2797629843.75,-27.31108
2797630000.0,-27.3109
2797630156.25,-27.30796
2797630312.5,-27.31067
2797630468.75,-27.31494
2797630625.0,-27.30772
2797630781.25,-27.30449
2797630937.5,-27.30441
2797631093.75,-27.31048
2797631250.0,-27.29931
2797631406.25,-27.30718
2797631562.5,-27.30374
2797631718.75,-27.30193
2797631875.0,-27.30399
2797632031.25,-27.29926
2797632187.5,-27.30115
2797632343.75,-27.30444
2797632500.0,-27.30082
2797632656.25,-27.29816
2797632812.5,-27.29949
2797632968.75,-27.29786
2797633125.0,-27.29796
2797633281.25,-27.29721
2797633437.5,-27.29544
2797633593.75,-27.30295
2797633750.0,-27.29563
2797633906.25,-27.29237
2797634062.5,-27.289
2797634218.75,-27.29314
2797634375.0,-27.28784
2797634531.25,-27.29107
2797634687.5,-27.29391
2797634843.75,-27.28533
2797635000.0,-27.2889
2797635156.25,-27.28863
2797635312.5,-27.29293
2797635468.75,-27.28702
2797635625.0,-27.28641
2797635781.25,-27.28861
2797635937.5,-27.28518
2797636093.75,-27.28746
2797636250.0,-27.27732
2797636406.25,-27.28424
2797636562.5,-27.28064
2797636718.75,-27.27868
2797636875.0,-27.28241
2797637031.25,-27.28357
2797637187.5,-27.28316
2797637343.75,-27.28112
2797637500.0,-27.2833
2797637656.25,-27.28038
2797637812.5,-27.27877
2797637968.75,-27.27691
2797638125.0,-27.2772
2797638281.25,-27.27537
2797638437.5,-27.27762
2797638593.75,-27.27495
2797638750.0,-27.27855
2797638906.25,-27.27362
2797639062.5,-27.27322
2797639218.75,-27.26958
2797639375.0,-27.26914
2797639531.25,-27.26962
2797639687.5,-27.27237
2797639843.75,-27.26959
2797640000.0,-27.27233
2797640156.25,-27.26814
2797640312.5,-27.26533
2797640468.75,-27.27091
2797640625.0,-27.26992
2797640781.25,-27.26157
2797640937.5,-27.2633
2797641093.75,-27.26672
2797641250.0,-27.26346
2797641406.25,-27.26135
2797641562.5,-27.26648
2797641718.75,-27.26116
2797641875.0,-27.26486
2797642031.25,-27.26048
2797642187.5,-27.26139
2797642343.75,-27.26262
2797642500.0,-27.25801
2797642656.25,-27.259
2797642812.5,-27.25728
2797642968.75,-27.25937
2797643125.0,-27.25721
2797643281.25,-27.25908
2797643437.5,-27.2553
2797643593.75,-27.255
2797643750.0,-27.25296
2797643906.25,-27.25055
2797644062.5,-27.25573
2797644218.75,-27.2479
2797644375.0,-27.25507
2797644531.25,-27.25006
2797644687.5,-27.25338
2797644843.75,-27.25127
2797645000.0,-27.24779
2797645156.25,-27.25048
2797645312.5,-27.24735
2797645468.75,-27.24758
2797645625.0,-27.24963
2797645781.25,-27.25083
2797645937.5,-27.24387
2797646093.75,-27.24511
2797646250.0,-27.24422
2797646406.25,-27.24111
2797646562.5,-27.24397
2797646718.75,-27.2444
2797646875.0,-27.23948
2797647031.25,-27.24127
2797647187.5,-27.24173
2797647343.75,-27.24081
2797647500.0,-27.24133
2797647656.25,-27.23912
2797647812.5,-27.2381
2797647968.75,-27.23482
2797648125.0,-27.23503
2797648281.25,-27.23455
2797648437.5,-27.23281
2797648593.75,-27.23431
2797648750.0,-27.23181
2797648906.25,-27.23798
2797649062.5,-27.23392
2797649218.75,-27.23494
2797649375.0,-27.22943
2797649531.25,-27.2273
2797649687.5,-27.22592
2797649843.75,-27.22865
2797650000.0,-27.2315
2797650156.25,-27.22663
2797650312.5,-27.2271
2797650468.75,-27.22761
2797650625.0,-27.22681
2797650781.25,-27.22461
2797650937.5,-27.22475
2797651093.75,-27.22522
2797651250.0,-27.22616
2797651406.25,-27.21901
2797651562.5,-27.22241
2797651718.75,-27.22156
2797651875.0,-27.2223
2797652031.25,-27.21679
2797652187.5,-27.21742
2797652343.75,-27.21896
2797652500.0,-27.21871
2797652656.25,-27.22059
2797652812.5,-27.21701
2797652968.75,-27.21653
2797653125.0,-27.21614
2797653281.25,-27.21789
2797653437.5,-27.21422
2797653593.75,-27.21616
2797653750.0,-27.21126
2797653906.25,-27.21616
2797654062.5,-27.21079
2797654218.75,-27.21197
2797654375.0,-27.2137
2797654531.25,-27.21005
2797654687.5,-27.20744
2797654843.75,-27.20524
2797655000.0,-27.20901
2797655156.25,-27.20741
2797655312.5,-27.21068
2797655468.75,-27.20501
2797655625.0,-27.20933
2797655781.25,-27.20538
2797655937.5,-27.20628
2797656093.75,-27.20193
2797656250.0,-27.20335
2797656406.25,-27.20344
2797656562.5,-27.20065
2797656718.75,-27.20182
2797656875.0,-27.20081
2797657031.25,-27.19879
2797657187.5,-27.19931
2797657343.75,-27.20048
2797657500.0,-27.19547
2797657656.25,-27.19755
2797657812.5,-27.19934
2797657968.75,-27.19332
2797658125.0,-27.19678
2797658281.25,-27.19629
2797658437.5,-27.19149
2797658593.75,-27.19633
2797658750.0,-27.19405
2797658906.25,-27.19046
2797659062.5,-27.19343
2797659218.75,-27.19074
2797659375.0,-27.18837
2797659531.25,-27.19048
2797659687.5,-27.19075
2797659843.75,-27.18704
2797660000.0,-27.18526
2797660156.25,-27.18436
2797660312.5,-27.18921
2797660468.75,-27.18936
2797660625.0,-27.18564
2797660781.25,-27.18582
2797660937.5,-27.18226
2797661093.75,-27.18399
2797661250.0,-27.18067
2797661406.25,-27.18706
2797661562.5,-27.18251
2797661718.75,-27.18656
2797661875.0,-27.18015
2797662031.25,-27.1805
2797662187.5,-27.17484
2797662343.75,-27.17657
2797662500.0,-27.17565
2797662656.25,-27.17958
2797662812.5,-27.17849
2797662968.75,-27.17686
2797663125.0,-27.17733
2797663281.25,-27.1746
2797663437.5,-27.17719
2797663593.75,-27.17198
2797663750.0,-27.17109
2797663906.25,-27.17188
2797664062.5,-27.16876
2797664218.75,-27.17069
2797664375.0,-27.16957
2797664531.25,-27.16973
2797664687.5,-27.17112
2797664843.75,-27.17139
2797665000.0,-27.16912
2797665156.25,-27.16745
2797665312.5,-27.16702
2797665468.75,-27.17013
2797665625.0,-27.16781
2797665781.25,-27.16319
2797665937.5,-27.16626
2797666093.75,-27.16108
2797666250.0,-27.16636
2797666406.25,-27.16221
2797666562.5,-27.16092
2797666718.75,-27.15867
2797666875.0,-27.1574
2797667031.25,-27.16081
2797667187.5,-27.1553
2797667343.75,-27.15866
2797667500.0,-27.15575
2797667656.25,-27.15565
2797667812.5,-27.15474
2797667968.75,-27.15903
2797668125.0,-27.15322
2797668281.25,-27.15278
2797668437.5,-27.15314
2797668593.75,-27.15395
2797668750.0,-27.15099
2797668906.25,-27.15641
2797669062.5,-27.15538
2797669218.75,-27.14956
2797669375.0,-27.14487
2797669531.25,-27.15413
2797669687.5,-27.1423
2797669843.75,-27.14978
2797670000.0,-27.14825
2797670156.25,-27.15062
2797670312.5,-27.14298
2797670468.75,-27.14072
2797670625.0,-27.14073
2797670781.25,-27.14465
2797670937.5,-27.13793
2797671093.75,-27.1431
2797671250.0,-27.14417
2797671406.25,-27.13917
2797671562.5,-27.1418
2797671718.75,-27.14136
2797671875.0,-27.13795
2797672031.25,-27.13846
2797672187.5,-27.13655
2797672343.75,-27.13622
2797672500.0,-27.13926
2797672656.25,-27.13897
2797672812.5,-27.13294
2797672968.75,-27.13473
2797673125.0,-27.13512
2797673281.25,-27.1303
2797673437.5,-27.12883
2797673593.75,-27.13215
2797673750.0,-27.13071
2797673906.25,-27.13126
2797674062.5,-27.12955
2797674218.75,-27.12836
2797674375.0,-27.12885
2797674531.25,-27.12453
2797674687.5,-27.13063
2797674843.75,-27.12907
2797675000.0,-27.12866
2797675156.25,-27.1224
2797675312.5,-27.12494
2797675468.75,-27.12169
2797675625.0,-27.12533
2797675781.25,-27.12359
2797675937.5,-27.12255
2797676093.75,-27.12197
2797676250.0,-27.11957
2797676406.25,-27.12298
2797676562.5,-27.12023
2797676718.75,-27.11566
2797676875.0,-27.11715
2797677031.25,-27.11817
2797677187.5,-27.11679
2797677343.75,-27.11755
2797677500.0,-27.11655
2797677656.25,-27.11885
2797677812.5,-27.11856
2797677968.75,-27.11744
2797678125.0,-27.11636
2797678281.25,-27.11691
2797678437.5,-27.11459
2797678593.75,-27.11336
2797678750.0,-27.11284
2797678906.25,-27.11259
2797679062.5,-27.10968
2797679218.75,-27.10479
2797679375.0,-27.10462
2797679531.25,-27.10688
2797679687.5,-27.10911
2797679843.75,-27.10625
2797680000.0,-27.10873
2797680156.25,-27.10646
2797680312.5,-27.10991
2797680468.75,-27.10791
2797680625.0,-27.10081
2797680781.25,-27.10307
2797680937.5,-27.10358
2797681093.75,-27.10479
2797681250.0,-27.10163
2797681406.25,-27.1047
2797681562.5,-27.10121
2797681718.75,-27.09825
2797681875.0,-27.09674
2797682031.25,-27.09737
2797682187.5,-27.09914
2797682343.75,-27.09835
2797682500.0,-27.09622
2797682656.25,-27.09413
2797682812.5,-27.09657
2797682968.75,-27.09138
2797683125.0,-27.09313
2797683281.25,-27.09188
2797683437.5,-27.08747
2797683593.75,-27.09287
2797683750.0,-27.09274
2797683906.25,-27.08698
2797684062.5,-27.0895
2797684218.75,-27.09002
2797684375.0,-27.08515
2797684531.25,-27.08529
2797684687.5,-27.08599
2797684843.75,-27.08459
2797685000.0,-27.08083
2797685156.25,-27.08464
2797685312.5,-27.08551
2797685468.75,-27.08572
2797685625.0,-27.08329
2797685781.25,-27.08338
2797685937.5,-27.07697
2797686093.75,-27.07901
2797686250.0,-27.081
2797686406.25,-27.07939
2797686562.5,-27.0753
2797686718.75,-27.08124
2797686875.0,-27.07747
2797687031.25,-27.07857
2797687187.5,-27.07473
2797687343.75,-27.07684
2797687500.0,-27.07489
2797687656.25,-27.0738
2797687812.5,-27.07128
2797687968.75,-27.07452
2797688125.0,-27.06755
2797688281.25,-27.07411
2797688437.5,-27.07222
2797688593.75,-27.07311
2797688750.0,-27.07103
2797688906.25,-27.07143
2797689062.5,-27.06683
2797689218.75,-27.06734
2797689375.0,-27.0668
2797689531.25,-27.06911
2797689687.5,-27.06655
2797689843.75,-27.06317
2797690000.0,-27.06471
2797690156.25,-27.06456
2797690312.5,-27.06511
2797690468.75,-27.0595
2797690625.0,-27.06082
2797690781.25,-27.06186
2797690937.5,-27.06291
2797691093.75,-27.06264
2797691250.0,-27.05671
2797691406.25,-27.0611
2797691562.5,-27.06065
2797691718.75,-27.05816
2797691875.0,-27.05412
2797692031.25,-27.05616
2797692187.5,-27.05042
2797692343.75,-27.05855
2797692500.0,-27.04844
2797692656.25,-27.05397
2797692812.5,-27.05412
2797692968.75,-27.05221
2797693125.0,-27.05092
2797693281.25,-27.04869
2797693437.5,-27.04707
2797693593.75,-27.0517
2797693750.0,-27.04982
2797693906.25,-27.04615
2797694062.5,-27.05054
2797694218.75,-27.04488
2797694375.0,-27.04883
2797694531.25,-27.04609
2797694687.5,-27.04305
2797694843.75,-27.04121
2797695000.0,-27.04228
2797695156.25,-27.04212
2797695312.5,-27.0407
2797695468.75,-27.03636
2797695625.0,-27.04096
2797695781.25,-27.0436
2797695937.5,-27.0427
2797696093.75,-27.0428
2797696250.0,-27.03956
2797696406.25,-27.03981
2797696562.5,-27.03957
2797696718.75,-27.03428
2797696875.0,-27.04088
2797697031.25,-27.03134
2797697187.5,-27.03092
2797697343.75,-27.03493
2797697500.0,-27.0318
2797697656.25,-27.03521
2797697812.5,-27.03117
2797697968.75,-27.02916
2797698125.0,-27.02926
2797698281.25,-27.02924
2797698437.5,-27.03058
2797698593.75,-27.02913
2797698750.0,-27.02664
2797698906.25,-27.02634
2797699062.5,-27.02813
2797699218.75,-27.0248
2797699375.0,-27.02608
2797699531.25,-27.02532
2797699687.5,-27.02482
2797699843.75,-27.02318
2797700000.0,-27.02146
2797700156.25,-27.02361
2797700312.5,-27.02325
2797700468.75,-27.02352
2797700625.0,-27.01883
2797700781.25,-27.02206
2797700937.5,-27.01718
2797701093.75,-27.01742
2797701250.0,-27.02128
2797701406.25,-27.01873
2797701562.5,-27.01253
2797701718.75,-27.01354
2797701875.0,-27.01744
2797702031.25,-27.0169
2797702187.5,-27.01143
2797702343.75,-27.01356
2797702500.0,-27.01237
2797702656.25,-27.01488
2797702812.5,-27.00714
2797702968.75,-27.0104
2797703125.0,-27.01287
2797703281.25,-27.00715
2797703437.5,-27.00922
2797703593.75,-27.0099
2797703750.0,-27.00394
2797703906.25,-27.00462
2797704062.5,-27.00424
2797704218.75,-27.00638
2797704375.0,-27.00405
2797704531.25,-27.00219
2797704687.5,-27.00164
2797704843.75,-27.00413
2797705000.0,-27.00214
2797705156.25,-27.00034
2797705312.5,-27.00138
2797705468.75,-26.99914
2797705625.0,-27.00055
2797705781.25,-26.99919
2797705937.5,-26.99464
2797706093.75,-26.99819
2797706250.0,-26.99706
2797706406.25,-27.00113
2797706562.5,-26.99469
2797706718.75,-26.99834
2797706875.0,-26.99583
2797707031.25,-26.99654
2797707187.5,-26.98925
2797707343.75,-26.99403
2797707500.0,-26.99305
2797707656.25,-26.99107
2797707812.5,-26.98756
2797707968.75,-26.99051
2797708125.0,-26.99106
2797708281.25,-26.98883
2797708437.5,-26.98583
2797708593.75,-26.98931
2797708750.0,-26.9868
2797708906.25,-26.98565
2797709062.5,-26.98739
2797709218.75,-26.98511
2797709375.0,-26.98574
2797709531.25,-26.97983
2797709687.5,-26.98578
2797709843.75,-26.98523
2797710000.0,-26.97748
2797710156.25,-26.98152
2797710312.5,-26.97899
2797710468.75,-26.97944
2797710625.0,-26.97907
2797710781.25,-26.97953
2797710937.5,-26.97907
2797711093.75,-26.97912
2797711250.0,-26.97566
2797711406.25,-26.97955
2797711562.5,-26.9723
2797711718.75,-26.9735
2797711875.0,-26.97276
2797712031.25,-26.9699
2797712187.5,-26.97023
2797712343.75,-26.97195
2797712500.0,-26.9672
2797712656.25,-26.96836
2797712812.5,-26.96793
2797712968.75,-26.97154
2797713125.0,-26.96414
2797713281.25,-26.96676
2797713437.5,-26.9668
2797713593.75,-26.96767
2797713750.0,-26.96408
2797713906.25,-26.96712
2797714062.5,-26.96277
2797714218.75,-26.96389
2797714375.0,-26.96197
2797714531.25,-26.95783
2797714687.5,-26.96506
2797714843.75,-26.96462
2797715000.0,-26.96083
2797715156.25,-26.95843
2797715312.5,-26.96007
2797715468.75,-26.96192
2797715625.0,-26.95612
2797715781.25,-26.95641
2797715937.5,-26.95559
2797716093.75,-26.95477
2797716250.0,-26.95209
2797716406.25,-26.95544
2797716562.5,-26.95463
2797716718.75,-26.95245
2797716875.0,-26.95237
2797717031.25,-26.95312
2797717187.5,-26.94834
2797717343.75,-26.94928
2797717500.0,-26.95145
2797717656.25,-26.94927
2797717812.5,-26.95162
2797717968.75,-26.94547
2797718125.0,-26.94726
2797718281.25,-26.94608
2797718437.5,-26.94192
2797718593.75,-26.94528
2797718750.0,-26.9428
2797718906.25,-26.94637
2797719062.5,-26.93982
2797719218.75,-26.93837
2797719375.0,-26.94037
2797719531.25,-26.93974
2797719687.5,-26.93896
2797719843.75,-26.93878
2797720000.0,-26.94132
2797720156.25,-26.93546
2797720312.5,-26.93633
2797720468.75,-26.93755
2797720625.0,-26.93841
2797720781.25,-26.93476
2797720937.5,-26.93485
2797721093.75,-26.93387
2797721250.0,-26.93426
2797721406.25,-26.93519
2797721562.5,-26.93323
2797721718.75,-26.93234
2797721875.0,-26.9307
2797722031.25,-26.93249
2797722187.5,-26.92771
2797722343.75,-26.93101
2797722500.0,-26.93065
2797722656.25,-26.92797
2797722812.5,-26.92544
2797722968.75,-26.92654
2797723125.0,-26.92665
2797723281.25,-26.92332
2797723437.5,-26.92279
2797723593.75,-26.92482
2797723750.0,-26.92355
2797723906.25,-26.92009
2797724062.5,-26.92079
2797724218.75,-26.92187
2797724375.0,-26.92012
2797724531.25,-26.91875
2797724687.5,-26.92147
2797724843.75,-26.92166
2797725000.0,-26.91513
2797725156.25,-26.91803
2797725312.5,-26.91675
2797725468.75,-26.91593
2797725625.0,-26.91671
2797725781.25,-26.91553
2797725937.5,-26.91547
2797726093.75,-26.91359
2797726250.0,-26.91162
2797726406.25,-26.91118
2797726562.5,-26.91046
2797726718.75,-26.91221
2797726875.0,-26.91266
2797727031.25,-26.91545
2797727187.5,-26.90889
2797727343.75,-26.90942
2797727500.0,-26.90681
2797727656.25,-26.90741
2797727812.5,-26.90513
2797727968.75,-26.90649
2797728125.0,-26.9074
2797728281.25,-26.90691
2797728437.5,-26.9049
2797728593.75,-26.90152
2797728750.0,-26.90351
2797728906.25,-26.89983
2797729062.5,-26.89907
2797729218.75,-26.8974
2797729375.0,-26.90104
2797729531.25,-26.90141
2797729687.5,-26.89605
2797729843.75,-26.89754
2797730000.0,-26.89514
2797730156.25,-26.89951
2797730312.5,-26.90141
2797730468.75,-26.89269
2797730625.0,-26.89308
2797730781.25,-26.89302
2797730937.5,-26.89104
2797731093.75,-26.89242
2797731250.0,-26.88997
2797731406.25,-26.89233
2797731562.5,-26.89244
2797731718.75,-26.88821
2797731875.0,-26.88752
2797732031.25,-26.88667
2797732187.5,-26.88687
2797732343.75,-26.88704
2797732500.0,-26.88688
2797732656.25,-26.88614
2797732812.5,-26.88338
2797732968.75,-26.8858
2797733125.0,-26.88284
2797733281.25,-26.88411
2797733437.5,-26.8861
2797733593.75,-26.88237
2797733750.0,-26.88149
2797733906.25,-26.8807
2797734062.5,-26.87874
2797734218.75,-26.88147
2797734375.0,-26.87872
2797734531.25,-26.87286
2797734687.5,-26.87859
2797734843.75,-26.87631
2797735000.0,-26.88046
2797735156.25,-26.87286
2797735312.5,-26.87781
2797735468.75,-26.87339
2797735625.0,-26.87152
2797735781.25,-26.87276
2797735937.5,-26.86869
2797736093.75,-26.86977
2797736250.0,-26.87021
2797736406.25,-26.874
2797736562.5,-26.86575
2797736718.75,-26.86618
2797736875.0,-26.86748
2797737031.25,-26.86457
2797737187.5,-26.8636
2797737343.75,-26.86404
2797737500.0,-26.86575
2797737656.25,-26.86356
2797737812.5,-26.86423
2797737968.75,-26.86205
2797738125.0,-26.86311
2797738281.25,-26.85722
2797738437.5,-26.8597
2797738593.75,-26.86168
2797738750.0,-26.85826
2797738906.25,-26.86019
2797739062.5,-26.85816
2797739218.75,-26.85802
2797739375.0,-26.8591
2797739531.25,-26.85851
2797739687.5,-26.85359
2797739843.75,-26.85577
2797740000.0,-26.85489
2797740156.25,-26.85275
2797740312.5,-26.8545
2797740468.75,-26.85521
2797740625.0,-26.8464
2797740781.25,-26.85254
2797740937.5,-26.84897
2797741093.75,-26.84822
2797741250.0,-26.84934
2797741406.25,-26.84702
2797741562.5,-26.84731
2797741718.75,-26.84776
2797741875.0,-26.84909
2797742031.25,-26.84799
2797742187.5,-26.84608
2797742343.75,-26.84465
2797742500.0,-26.84223
2797742656.25,-26.84363
2797742812.5,-26.84379
2797742968.75,-26.84072
2797743125.0,-26.84003
2797743281.25,-26.84275
2797743437.5,-26.84141
2797743593.75,-26.84164
2797743750.0,-26.84056
2797743906.25,-26.83621
2797744062.5,-26.83375
2797744218.75,-26.83158
2797744375.0,-26.83588
2797744531.25,-26.83333
2797744687.5,-26.8338
2797744843.75,-26.83064
2797745000.0,-26.83253
2797745156.25,-26.83047
2797745312.5,-26.83158
2797745468.75,-26.8343
2797745625.0,-26.83231
2797745781.25,-26.83221
2797745937.5,-26.82928
2797746093.75,-26.82644
2797746250.0,-26.82829
2797746406.25,-26.82623
2797746562.5,-26.8239
2797746718.75,-26.8278
2797746875.0,-26.82289
2797747031.25,-26.82382
2797747187.5,-26.82107
2797747343.75,-26.82333
2797747500.0,-26.82296
2797747656.25,-26.82489
2797747812.5,-26.82359
2797747968.75,-26.82336
2797748125.0,-26.81729
2797748281.25,-26.81816
2797748437.5,-26.82223
2797748593.75,-26.81616
2797748750.0,-26.81769
2797748906.25,-26.81411
2797749062.5,-26.81407
2797749218.75,-26.81344
2797749375.0,-26.8116
2797749531.25,-26.81352
2797749687.5,-26.81286
2797749843.75,-26.81584
2797750000.0,-26.81189
2797750156.25,-26.81344
2797750312.5,-26.81223
2797750468.75,-26.8109
2797750625.0,-26.8093
2797750781.25,-26.81118
2797750937.5,-26.81029
2797751093.75,-26.8077
2797751250.0,-26.8072
2797751406.25,-26.80946
2797751562.5,-26.80506
2797751718.75,-26.80367
2797751875.0,-26.80805
2797752031.25,-26.80206
2797752187.5,-26.80239
2797752343.75,-26.80204
2797752500.0,-26.799
2797752656.25,-26.80364
2797752812.5,-26.8025
2797752968.75,-26.79647
2797753125.0,-26.79987
2797753281.25,-26.79864
2797753437.5,-26.79919
2797753593.75,-26.79421
2797753750.0,-26.79712
2797753906.25,-26.79259
2797754062.5,-26.79411
2797754218.75,-26.7902
2797754375.0,-26.79255
2797754531.25,-26.79161
2797754687.5,-26.79068
2797754843.75,-26.78912
2797755000.0,-26.79019
2797755156.25,-26.78918
2797755312.5,-26.78835
2797755468.75,-26.78758
2797755625.0,-26.78774
2797755781.25,-26.7865
2797755937.5,-26.78922
2797756093.75,-26.78741
2797756250.0,-26.79182
2797756406.25,-26.78533
2797756562.5,-26.78528
2797756718.75,-26.78187
2797756875.0,-26.78292
2797757031.25,-26.78282
2797757187.5,-26.78246
2797757343.75,-26.78008
2797757500.0,-26.78171
2797757656.25,-26.77613
2797757812.5,-26.78153
2797757968.75,-26.77682
2797758125.0,-26.77888
2797758281.25,-26.77872
2797758437.5,-26.77864
2797758593.75,-26.77246
2797758750.0,-26.77812
2797758906.25,-26.76815
2797759062.5,-26.77228
2797759218.75,-26.77446
2797759375.0,-26.77289
2797759531.25,-26.76957
2797759687.5,-26.76804
2797759843.75,-26.76988
2797760000.0,-26.76981
2797760156.25,-26.76723
2797760312.5,-26.76841
2797760468.75,-26.76488
2797760625.0,-26.76775
2797760781.25,-26.76353
2797760937.5,-26.76385
2797761093.75,-26.76369
2797761250.0,-26.76292
2797761406.25,-26.75801
2797761562.5,-26.76041
2797761718.75,-26.76763
2797761875.0,-26.76486
2797762031.25,-26.75965
2797762187.5,-26.75981
2797762343.75,-26.75547
2797762500.0,-26.75585
2797762656.25,-26.75834
2797762812.5,-26.75526
2797762968.75,-26.75297
2797763125.0,-26.75734
2797763281.25,-26.75855
2797763437.5,-26.75266
2797763593.75,-26.7531
2797763750.0,-26.75204
2797763906.25,-26.75532
2797764062.5,-26.75303
2797764218.75,-26.75088
2797764375.0,-26.75098
2797764531.25,-26.75089
2797764687.5,-26.74733
2797764843.75,-26.74974
2797765000.0,-26.75179
2797765156.25,-26.74555
2797765312.5,-26.74591
2797765468.75,-26.74785
2797765625.0,-26.74076
2797765781.25,-26.74623
2797765937.5,-26.73899
2797766093.75,-26.74107
2797766250.0,-26.7442
2797766406.25,-26.7386
2797766562.5,-26.74221
2797766718.75,-26.74381
2797766875.0,-26.73913
2797767031.25,-26.73764
2797767187.5,-26.73895
2797767343.75,-26.73824
2797767500.0,-26.73752
2797767656.25,-26.73504
2797767812.5,-26.73139
2797767968.75,-26.7378
2797768125.0,-26.73571
2797768281.25,-26.7305
2797768437.5,-26.73286
2797768593.75,-26.73422
2797768750.0,-26.73358
2797768906.25,-26.72751
2797769062.5,-26.72939
2797769218.75,-26.72887
2797769375.0,-26.72723
2797769531.25,-26.72629
2797769687.5,-26.72781
2797769843.75,-26.72567
2797770000.0,-26.7215
2797770156.25,-26.72738
2797770312.5,-26.72952
2797770468.75,-26.72029
2797770625.0,-26.72423
2797770781.25,-26.72409
2797770937.5,-26.72218
2797771093.75,-26.71653
2797771250.0,-26.72016
2797771406.25,-26.72192
2797771562.5,-26.71905
2797771718.75,-26.72133
2797771875.0,-26.71826
2797772031.25,-26.71629
2797772187.5,-26.71721
2797772343.75,-26.71755
2797772500.0,-26.71458
2797772656.25,-26.71179
2797772812.5,-26.7084
2797772968.75,-26.71309
2797773125.0,-26.7164
2797773281.25,-26.71235
2797773437.5,-26.71117
2797773593.75,-26.71214
2797773750.0,-26.70676
2797773906.25,-26.70815
2797774062.5,-26.70692
2797774218.75,-26.70646
2797774375.0,-26.70416
2797774531.25,-26.70489
2797774687.5,-26.70659
2797774843.75,-26.7106
2797775000.0,-26.70664
2797775156.25,-26.70912
2797775312.5,-26.69894
2797775468.75,-26.70338
2797775625.0,-26.7029
2797775781.25,-26.70011
2797775937.5,-26.70124
2797776093.75,-26.70189
2797776250.0,-26.69898
2797776406.25,-26.69992
2797776562.5,-26.69806
2797776718.75,-26.69828
2797776875.0,-26.69732
2797777031.25,-26.69868
2797777187.5,-26.69171
2797777343.75,-26.69642
2797777500.0,-26.69646
2797777656.25,-26.6915
2797777812.5,-26.69307
2797777968.75,-26.68963
2797778125.0,-26.69138
2797778281.25,-26.69079
2797778437.5,-26.68744
2797778593.75,-26.68862
2797778750.0,-26.6918
2797778906.25,-26.68539
2797779062.5,-26.68559
2797779218.75,-26.68422
2797779375.0,-26.68565
2797779531.25,-26.68419
2797779687.5,-26.68548
2797779843.75,-26.683
2797780000.0,-26.68412
2797780156.25,-26.67888
2797780312.5,-26.68232
2797780468.75,-26.67797
2797780625.0,-26.68517
2797780781.25,-26.68265
2797780937.5,-26.6778
2797781093.75,-26.68319
2797781250.0,-26.67785
2797781406.25,-26.67805
2797781562.5,-26.67335
2797781718.75,-26.67651
2797781875.0,-26.67135
2797782031.25,-26.67622
2797782187.5,-26.67101
2797782343.75,-26.67211
2797782500.0,-26.67211
2797782656.25,-26.67327
2797782812.5,-26.67145
2797782968.75,-26.66991
2797783125.0,-26.66806
2797783281.25,-26.67187
2797783437.5,-26.67006
2797783593.75,-26.66714
2797783750.0,-26.66395
2797783906.25,-26.66377
2797784062.5,-26.66786
2797784218.75,-26.66831
2797784375.0,-26.66835
2797784531.25,-26.66291
2797784687.5,-26.66212
2797784843.75,-26.66121
2797785000.0,-26.65991
2797785156.25,-26.66297
2797785312.5,-26.66424
2797785468.75,-26.65379
2797785625.0,-26.66051
2797785781.25,-26.66122
2797785937.5,-26.65621
2797786093.75,-26.65721
2797786250.0,-26.6542
2797786406.25,-26.65927
2797786562.5,-26.65396
2797786718.75,-26.65426
2797786875.0,-26.65644
2797787031.25,-26.65805
2797787187.5,-26.65059
2797787343.75,-26.6498
2797787500.0,-26.64985
2797787656.25,-26.64848
2797787812.5,-26.65007
2797787968.75,-26.64714
2797788125.0,-26.64651
2797788281.25,-26.64854
2797788437.5,-26.64729
2797788593.75,-26.64777
2797788750.0,-26.64711
2797788906.25,-26.64216
2797789062.5,-26.6449
2797789218.75,-26.64403
2797789375.0,-26.63966
2797789531.25,-26.64147
2797789687.5,-26.64096
2797789843.75,-26.64247
2797790000.0,-26.63751
2797790156.25,-26.63763
2797790312.5,-26.6382
2797790468.75,-26.63808
2797790625.0,-26.63527
2797790781.25,-26.63371
2797790937.5,-26.63841
2797791093.75,-26.63429
2797791250.0,-26.63455
2797791406.25,-26.63297
2797791562.5,-26.63155
2797791718.75,-26.6304
2797791875.0,-26.63114
2797792031.25,-26.6305
2797792187.5,-26.63116
2797792343.75,-26.63296
2797792500.0,-26.62796
2797792656.25,-26.62882
2797792812.5,-26.6263
2797792968.75,-26.62691
2797793125.0,-26.62359
2797793281.25,-26.62564
2797793437.5,-26.62624
2797793593.75,-26.62401
2797793750.0,-26.62161
2797793906.25,-26.62274
2797794062.5,-26.61786
2797794218.75,-26.62525
2797794375.0,-26.61982
2797794531.25,-26.61873
2797794687.5,-26.61988
2797794843.75,-26.62264
2797795000.0,-26.61494
2797795156.25,-26.61858
2797795312.5,-26.61775
2797795468.75,-26.61724
2797795625.0,-26.61374
2797795781.25,-26.61277
2797795937.5,-26.61491
2797796093.75,-26.61439
2797796250.0,-26.61462
2797796406.25,-26.61377
2797796562.5,-26.60875
2797796718.75,-26.61021
2797796875.0,-26.61095
2797797031.25,-26.6067
2797797187.5,-26.6062
2797797343.75,-26.60765
2797797500.0,-26.60596
2797797656.25,-26.60674
2797797812.5,-26.60578
2797797968.75,-26.6033
2797798125.0,-26.60203
2797798281.25,-26.60305
2797798437.5,-26.6037
2797798593.75,-26.59969
2797798750.0,-26.60152
2797798906.25,-26.6017
2797799062.5,-26.60228
2797799218.75,-26.60131
2797799375.0,-26.60141
2797799531.25,-26.59552
2797799687.5,-26.59464
2797799843.75,-26.59431
2797800000.0,-26.59138
2797800156.25,-26.59928
2797800312.5,-26.59514
2797800468.75,-26.59521
2797800625.0,-26.59479
2797800781.25,-26.59035
2797800937.5,-26.5906
2797801093.75,-26.59516
2797801250.0,-26.59079
2797801406.25,-26.58595
2797801562.5,-26.58833
2797801718.75,-26.58595
2797801875.0,-26.58413
2797802031.25,-26.58936
2797802187.5,-26.58333
2797802343.75,-26.58142
2797802500.0,-26.58103
2797802656.25,-26.5873
2797802812.5,-26.5836
2797802968.75,-26.58082
2797803125.0,-26.58188
2797803281.25,-26.57943
2797803437.5,-26.58302
2797803593.75,-26.5797
2797803750.0,-26.58092
2797803906.25,-26.57983
2797804062.5,-26.57827
2797804218.75,-26.58334
2797804375.0,-26.57438
2797804531.25,-26.57854
2797804687.5,-26.5719
2797804843.75,-26.57303
2797805000.0,-26.57241
2797805156.25,-26.57226
2797805312.5,-26.57085
2797805468.75,-26.57133
2797805625.0,-26.57171
2797805781.25,-26.56998
2797805937.5,-26.57184
2797806093.75,-26.57054
2797806250.0,-26.56871
2797806406.25,-26.56812
2797806562.5,-26.56587
2797806718.75,-26.5622
2797806875.0,-26.56271
2797807031.25,-26.56843
2797807187.5,-26.56082
2797807343.75,-26.56585
2797807500.0,-26.56298
2797807656.25,-26.56374
2797807812.5,-26.55981
2797807968.75,-26.56046
2797808125.0,-26.56021
2797808281.25,-26.55682
2797808437.5,-26.56317
2797808593.75,-26.55694
2797808750.0,-26.55939
2797808906.25,-26.56046
2797809062.5,-26.55958
2797809218.75,-26.55852
2797809375.0,-26.55559
2797809531.25,-26.55372
2797809687.5,-26.55159
2797809843.75,-26.5547
2797810000.0,-26.55004
2797810156.25,-26.55126
2797810312.5,-26.55081
2797810468.75,-26.54889
2797810625.0,-26.54581
2797810781.25,-26.55225
2797810937.5,-26.5499
2797811093.75,-26.54655
2797811250.0,-26.5462
2797811406.25,-26.54467
2797811562.5,-26.54246
2797811718.75,-26.5448
2797811875.0,-26.54118
2797812031.25,-26.54393
2797812187.5,-26.53958
2797812343.75,-26.53841
2797812500.0,-26.54471
2797812656.25,-26.54268
2797812812.5,-26.53695
2797812968.75,-26.54008
2797813125.0,-26.54003
2797813281.25,-26.53694
2797813437.5,-26.5368
2797813593.75,-26.53543
2797813750.0,-26.53804
2797813906.25,-26.53562
2797814062.5,-26.53471
2797814218.75,-26.53476
2797814375.0,-26.53328
2797814531.25,-26.53371
2797814687.5,-26.53221
2797814843.75,-26.52942
2797815000.0,-26.53037
2797815156.25,-26.53056
2797815312.5,-26.52361
2797815468.75,-26.52815
2797815625.0,-26.52962
2797815781.25,-26.52618
2797815937.5,-26.52351
2797816093.75,-26.5227
2797816250.0,-26.5252
2797816406.25,-26.5269
2797816562.5,-26.52047
2797816718.75,-26.52226
2797816875.0,-26.52044
2797817031.25,-26.52114
2797817187.5,-26.5193
2797817343.75,-26.51942
2797817500.0,-26.51863
2797817656.25,-26.51777
2797817812.5,-26.51593
2797817968.75,-26.51383
2797818125.0,-26.51581
2797818281.25,-26.51723
2797818437.5,-26.51464
2797818593.75,-26.51221
2797818750.0,-26.51682
2797818906.25,-26.51252
2797819062.5,-26.51218
2797819218.75,-26.50952
2797819375.0,-26.51029
2797819531.25,-26.50697
2797819687.5,-26.50879
2797819843.75,-26.50826
2797820000.0,-26.50653
2797820156.25,-26.50514
2797820312.5,-26.50682
2797820468.75,-26.50542
2797820625.0,-26.50344
2797820781.25,-26.50653
2797820937.5,-26.50417
2797821093.75,-26.50095
2797821250.0,-26.50071
2797821406.25,-26.50299
2797821562.5,-26.5037
2797821718.75,-26.5034
2797821875.0,-26.4982
2797822031.25,-26.49931
2797822187.5,-26.49356
2797822343.75,-26.49983
2797822500.0,-26.4958
2797822656.25,-26.49387
2797822812.5,-26.49526
2797822968.75,-26.49851
2797823125.0,-26.49407
2797823281.25,-26.49213
2797823437.5,-26.49597
2797823593.75,-26.49423
2797823750.0,-26.48845
2797823906.25,-26.49347
2797824062.5,-26.49269
2797824218.75,-26.48561
2797824375.0,-26.48977
2797824531.25,-26.48864
2797824687.5,-26.48776
2797824843.75,-26.48538
2797825000.0,-26.48327
2797825156.25,-26.48463
2797825312.5,-26.48354
2797825468.75,-26.48441
2797825625.0,-26.48431
2797825781.25,-26.48613
2797825937.5,-26.48231
2797826093.75,-26.48248
2797826250.0,-26.4752
2797826406.25,-26.48008
2797826562.5,-26.48072
2797826718.75,-26.47676
2797826875.0,-26.4814
2797827031.25,-26.47763
2797827187.5,-26.47445
2797827343.75,-26.47633
2797827500.0,-26.47646
2797827656.25,-26.47237
2797827812.5,-26.47282
2797827968.75,-26.47206
2797828125.0,-26.47054
2797828281.25,-26.472
2797828437.5,-26.46677
2797828593.75,-26.47067
2797828750.0,-26.46771
2797828906.25,-26.46866
2797829062.5,-26.47067
2797829218.75,-26.46778
2797829375.0,-26.46722
2797829531.25,-26.46575
2797829687.5,-26.46418
2797829843.75,-26.46331
2797830000.0,-26.46259
2797830156.25,-26.46146
2797830312.5,-26.46351
2797830468.75,-26.46094
2797830625.0,-26.46004
2797830781.25,-26.46013
2797830937.5,-26.45764
2797831093.75,-26.45905
2797831250.0,-26.45717
2797831406.25,-26.45835
2797831562.5,-26.45703
2797831718.75,-26.45696
2797831875.0,-26.45817
2797832031.25,-26.45455
2797832187.5,-26.45275
2797832343.75,-26.45617
2797832500.0,-26.44783
2797832656.25,-26.45049
2797832812.5,-26.45361
2797832968.75,-26.44928
2797833125.0,-26.44845
2797833281.25,-26.44766
2797833437.5,-26.45222
2797833593.75,-26.45083
2797833750.0,-26.44402
2797833906.25,-26.44382
2797834062.5,-26.44244
2797834218.75,-26.44282
2797834375.0,-26.44639
2797834531.25,-26.44108
2797834687.5,-26.44217
2797834843.75,-26.44087
2797835000.0,-26.44399
2797835156.25,-26.43988
2797835312.5,-26.43814
2797835468.75,-26.43935
2797835625.0,-26.43855
2797835781.25,-26.43196
2797835937.5,-26.43603
2797836093.75,-26.43659
2797836250.0,-26.43564
2797836406.25,-26.43622
2797836562.5,-26.43698
2797836718.75,-26.43156
2797836875.0,-26.43854
2797837031.25,-26.4312
2797837187.5,-26.43265
2797837343.75,-26.43229
2797837500.0,-26.43085
2797837656.25,-26.43005
2797837812.5,-26.42704
2797837968.75,-26.42828
2797838125.0,-26.42943
2797838281.25,-26.43
2797838437.5,-26.42837
2797838593.75,-26.42557
2797838750.0,-26.42492
2797838906.25,-26.42561
2797839062.5,-26.42476
2797839218.75,-26.42085
2797839375.0,-26.4211
2797839531.25,-26.42324
2797839687.5,-26.41685
2797839843.75,-26.42069
2797840000.0,-26.41956
2797840156.25,-26.42095
2797840312.5,-26.41846
2797840468.75,-26.41926
2797840625.0,-26.41851
2797840781.25,-26.41699
2797840937.5,-26.41614
2797841093.75,-26.41202
2797841250.0,-26.41021
2797841406.25,-26.41328
2797841562.5,-26.41419
2797841718.75,-26.41363
2797841875.0,-26.40936
2797842031.25,-26.41151
2797842187.5,-26.4103
2797842343.75,-26.41084
2797842500.0,-26.40603
2797842656.25,-26.40647
2797842812.5,-26.40626
2797842968.75,-26.40722
2797843125.0,-26.40758
2797843281.25,-26.40336
2797843437.5,-26.40244
2797843593.75,-26.40587
2797843750.0,-26.40137
2797843906.25,-26.40101
2797844062.5,-26.40407
2797844218.75,-26.40004
2797844375.0,-26.39749
2797844531.25,-26.40172
2797844687.5,-26.39869
2797844843.75,-26.40203
2797845000.0,-26.39462
2797845156.25,-26.39561
2797845312.5,-26.39773
2797845468.75,-26.39141
2797845625.0,-26.39269
2797845781.25,-26.39339
2797845937.5,-26.3906
2797846093.75,-26.39107
2797846250.0,-26.38953
2797846406.25,-26.39065
2797846562.5,-26.39008
2797846718.75,-26.39143
2797846875.0,-26.38891
2797847031.25,-26.38593
2797847187.5,-26.386
2797847343.75,-26.38663
2797847500.0,-26.3857
2797847656.25,-26.38367
2797847812.5,-26.38313
2797847968.75,-26.38526
2797848125.0,-26.38203
2797848281.25,-26.38618
2797848437.5,-26.38176
2797848593.75,-26.38136
2797848750.0,-26.38348
2797848906.25,-26.37885
2797849062.5,-26.37982
2797849218.75,-26.37616
2797849375.0,-26.37787
2797849531.25,-26.37565
2797849687.5,-26.37621
2797849843.75,-26.37652
2797850000.0,-26.37321
2797850156.25,-26.3751
2797850312.5,-26.36975
2797850468.75,-26.3706
2797850625.0,-26.374
2797850781.25,-26.37098
2797850937.5,-26.36716
2797851093.75,-26.37003
2797851250.0,-26.36901
2797851406.25,-26.36669
2797851562.5,-26.36769
2797851718.75,-26.36782
2797851875.0,-26.36503
2797852031.25,-26.36449
2797852187.5,-26.36674
2797852343.75,-26.36124
2797852500.0,-26.36228
2797852656.25,-26.36287
2797852812.5,-26.36308
2797852968.75,-26.36047
2797853125.0,-26.35915
2797853281.25,-26.35971
2797853437.5,-26.35925
2797853593.75,-26.35938
2797853750.0,-26.35268
2797853906.25,-26.3534
2797854062.5,-26.35508
2797854218.75,-26.35459
2797854375.0,-26.35514
2797854531.25,-26.35565
2797854687.5,-26.35118
2797854843.75,-26.35474
2797855000.0,-26.35122
2797855156.25,-26.35118
2797855312.5,-26.34981
2797855468.75,-26.35103
2797855625.0,-26.34938
2797855781.25,-26.34697
2797855937.5,-26.34865
2797856093.75,-26.34722
2797856250.0,-26.34603
2797856406.25,-26.3455
2797856562.5,-26.34457
2797856718.75,-26.34441
2797856875.0,-26.34472
2797857031.25,-26.34464
2797857187.5,-26.34221
2797857343.75,-26.34055
2797857500.0,-26.34275
2797857656.25,-26.34019
2797857812.5,-26.3379
2797857968.75,-26.34196
2797858125.0,-26.33808
2797858281.25,-26.33664
2797858437.5,-26.33439
2797858593.75,-26.33546
2797858750.0,-26.33041
2797858906.25,-26.33949
2797859062.5,-26.33292
2797859218.75,-26.33474
2797859375.0,-26.33129
2797859531.25,-26.32747
2797859687.5,-26.32777
2797859843.75,-26.32757
2797860000.0,-26.33325
2797860156.25,-26.33232
2797860312.5,-26.32289
2797860468.75,-26.32671
2797860625.0,-26.32475
2797860781.25,-26.32729
2797860937.5,-26.32746
2797861093.75,-26.32137
2797861250.0,-26.32086
2797861406.25,-26.32433
2797861562.5,-26.32406
2797861718.75,-26.32421
2797861875.0,-26.31991
2797862031.25,-26.31882
2797862187.5,-26.32085
2797862343.75,-26.3223
2797862500.0,-26.31618
2797862656.25,-26.31544
2797862812.5,-26.31686
2797862968.75,-26.31804
2797863125.0,-26.31443
2797863281.25,-26.31471
2797863437.5,-26.31313
2797863593.75,-26.31405
2797863750.0,-26.31505
2797863906.25,-26.30887
2797864062.5,-26.30842
2797864218.75,-26.30874
2797864375.0,-26.30949
2797864531.25,-26.31051
2797864687.5,-26.30994
2797864843.75,-26.30952
2797865000.0,-26.30715
2797865156.25,-26.30712
2797865312.5,-26.305
2797865468.75,-26.30375
2797865625.0,-26.30544
2797865781.25,-26.30135
2797865937.5,-26.29973
2797866093.75,-26.30393
2797866250.0,-26.29986
2797866406.25,-26.29605
2797866562.5,-26.30124
2797866718.75,-26.29799
2797866875.0,-26.30095
2797867031.25,-26.29978
2797867187.5,-26.29814
2797867343.75,-26.29611
2797867500.0,-26.29296
2797867656.25,-26.29759
2797867812.5,-26.28961
2797867968.75,-26.29251
2797868125.0,-26.29354
2797868281.25,-26.29356
2797868437.5,-26.29077
2797868593.75,-26.28798
2797868750.0,-26.29029
2797868906.25,-26.28463
2797869062.5,-26.2884
2797869218.75,-26.28688
2797869375.0,-26.28579
2797869531.25,-26.28775
2797869687.5,-26.28084
2797869843.75,-26.28229
2797870000.0,-26.28171
2797870156.25,-26.28417
2797870312.5,-26.28019
2797870468.75,-26.28169
2797870625.0,-26.27925
2797870781.25,-26.28169
2797870937.5,-26.27551
2797871093.75,-26.27686
2797871250.0,-26.27747
2797871406.25,-26.27787
2797871562.5,-26.27722
2797871718.75,-26.2777
2797871875.0,-26.27546
2797872031.25,-26.27673
2797872187.5,-26.2751
2797872343.75,-26.26974
2797872500.0,-26.2751
2797872656.25,-26.27032
2797872812.5,-26.27132
2797872968.75,-26.26906
2797873125.0,-26.27163
2797873281.25,-26.26848
2797873437.5,-26.26678
2797873593.75,-26.26906
2797873750.0,-26.26671
2797873906.25,-26.26686
2797874062.5,-26.26311
2797874218.75,-26.26104
2797874375.0,-26.26178
2797874531.25,-26.26616
2797874687.5,-26.26251
2797874843.75,-26.26011
2797875000.0,-26.26027
2797875156.25,-26.26431
2797875312.5,-26.25724
2797875468.75,-26.25908
2797875625.0,-26.25984
2797875781.25,-26.25731
2797875937.5,-26.25842
2797876093.75,-26.25695
2797876250.0,-26.25479
2797876406.25,-26.25578
2797876562.5,-26.25654
2797876718.75,-26.25428
2797876875.0,-26.25506
2797877031.25,-26.25078
2797877187.5,-26.24881
2797877343.75,-26.25112
2797877500.0,-26.24864
2797877656.25,-26.24635
2797877812.5,-26.24632
2797877968.75,-26.24998
2797878125.0,-26.24603
2797878281.25,-26.2484
2797878437.5,-26.24723
2797878593.75,-26.24487
2797878750.0,-26.24299
2797878906.25,-26.24271
2797879062.5,-26.24539
2797879218.75,-26.2434
2797879375.0,-26.24344
2797879531.25,-26.2414
2797879687.5,-26.23849
2797879843.75,-26.23797
2797880000.0,-26.2361
2797880156.25,-26.23573
2797880312.5,-26.23397
2797880468.75,-26.23874
2797880625.0,-26.23912
2797880781.25,-26.23632
2797880937.5,-26.23304
2797881093.75,-26.23356
2797881250.0,-26.23372
2797881406.25,-26.23019
2797881562.5,-26.23402
2797881718.75,-26.23211
2797881875.0,-26.22816
2797882031.25,-26.23061
2797882187.5,-26.23003
2797882343.75,-26.22759
2797882500.0,-26.23175
2797882656.25,-26.22721
2797882812.5,-26.22388
2797882968.75,-26.22429
2797883125.0,-26.22657
2797883281.25,-26.22525
2797883437.5,-26.22033
2797883593.75,-26.22019
2797883750.0,-26.22239
2797883906.25,-26.22317
2797884062.5,-26.22075
2797884218.75,-26.22171
2797884375.0,-26.21979
2797884531.25,-26.21881
2797884687.5,-26.21885
2797884843.75,-26.21903
2797885000.0,-26.21711
2797885156.25,-26.21524
2797885312.5,-26.21392
2797885468.75,-26.21353
2797885625.0,-26.21279
2797885781.25,-26.2132
2797885937.5,-26.21493
2797886093.75,-26.21303
2797886250.0,-26.2128
2797886406.25,-26.20964
2797886562.5,-26.20784
2797886718.75,-26.20944
2797886875.0,-26.2081
2797887031.25,-26.20693
2797887187.5,-26.20523
2797887343.75,-26.20412
2797887500.0,-26.20243
2797887656.25,-26.20262
2797887812.5,-26.20613
2797887968.75,-26.20596
2797888125.0,-26.20226
2797888281.25,-26.2036
2797888437.5,-26.19731
2797888593.75,-26.19589
2797888750.0,-26.19588
2797888906.25,-26.19964
2797889062.5,-26.20179
2797889218.75,-26.19729
2797889375.0,-26.19362
2797889531.25,-26.19655
2797889687.5,-26.19328
2797889843.75,-26.19129
2797890000.0,-26.19611
2797890156.25,-26.19145
2797890312.5,-26.19279
2797890468.75,-26.19068
2797890625.0,-26.18816
2797890781.25,-26.18665
2797890937.5,-26.18923
2797891093.75,-26.18478
2797891250.0,-26.18758
2797891406.25,-26.18534
2797891562.5,-26.18533
2797891718.75,-26.18569
2797891875.0,-26.18526
2797892031.25,-26.18335
2797892187.5,-26.18532
2797892343.75,-26.18139
2797892500.0,-26.18296
2797892656.25,-26.17725
2797892812.5,-26.17611
2797892968.75,-26.17971
2797893125.0,-26.17659
2797893281.25,-26.17664
2797893437.5,-26.17902
2797893593.75,-26.1741
2797893750.0,-26.17748
2797893906.25,-26.17453
2797894062.5,-26.17672
2797894218.75,-26.17523
2797894375.0,-26.17284
2797894531.25,-26.1721
2797894687.5,-26.17012
2797894843.75,-26.17106
2797895000.0,-26.16923
2797895156.25,-26.16857
2797895312.5,-26.16671
2797895468.75,-26.16915
2797895625.0,-26.16583
2797895781.25,-26.16735
2797895937.5,-26.16442
2797896093.75,-26.1641
2797896250.0,-26.16194
2797896406.25,-26.1629
2797896562.5,-26.15934
2797896718.75,-26.16465
2797896875.0,-26.15899
2797897031.25,-26.15798
2797897187.5,-26.15593
2797897343.75,-26.15395
2797897500.0,-26.15548
2797897656.25,-26.15917
2797897812.5,-26.15644
2797897968.75,-26.15607
2797898125.0,-26.15355
2797898281.25,-26.15369
2797898437.5,-26.15454
2797898593.75,-26.15201
2797898750.0,-26.15302
2797898906.25,-26.15069
2797899062.5,-26.15509
2797899218.75,-26.15129
2797899375.0,-26.14975
2797899531.25,-26.15158
2797899687.5,-26.14889
2797899843.75,-26.14618
2797900000.0,-26.14678
2797900156.25,-26.15021
2797900312.5,-26.14624
2797900468.75,-26.14587
2797900625.0,-26.14479
2797900781.25,-26.14665
2797900937.5,-26.14656
2797901093.75,-26.14235
2797901250.0,-26.13941
2797901406.25,-26.13784
2797901562.5,-26.13673
2797901718.75,-26.13705
2797901875.0,-26.14002
2797902031.25,-26.13975
2797902187.5,-26.13447
2797902343.75,-26.13576
2797902500.0,-26.13734
2797902656.25,-26.13492
2797902812.5,-26.13408
2797902968.75,-26.12983
2797903125.0,-26.12999
2797903281.25,-26.12769
2797903437.5,-26.13201
2797903593.75,-26.12952
2797903750.0,-26.1294
2797903906.25,-26.12652
2797904062.5,-26.13246
2797904218.75,-26.12897
2797904375.0,-26.12721
2797904531.25,-26.12502
2797904687.5,-26.12772
2797904843.75,-26.12724
2797905000.0,-26.12526
2797905156.25,-26.12139
2797905312.5,-26.12236
2797905468.75,-26.12111
2797905625.0,-26.12306
2797905781.25,-26.11948
2797905937.5,-26.12395
2797906093.75,-26.11837
2797906250.0,-26.11856
2797906406.25,-26.11747
2797906562.5,-26.11998
2797906718.75,-26.11634
2797906875.0,-26.11745
2797907031.25,-26.11166
2797907187.5,-26.11722
2797907343.75,-26.11491
2797907500.0,-26.1134
2797907656.25,-26.11038
2797907812.5,-26.11092
2797907968.75,-26.10847
2797908125.0,-26.10925
2797908281.25,-26.1085
2797908437.5,-26.10808
2797908593.75,-26.10821
2797908750.0,-26.10842
2797908906.25,-26.10364
2797909062.5,-26.10368
2797909218.75,-26.10618
2797909375.0,-26.10347
2797909531.25,-26.10109
2797909687.5,-26.10498
2797909843.75,-26.10217
2797910000.0,-26.10309
2797910156.25,-26.10051
2797910312.5,-26.09889
2797910468.75,-26.0971
2797910625.0,-26.10065
2797910781.25,-26.09935
2797910937.5,-26.0954
2797911093.75,-26.09712
2797911250.0,-26.09686
2797911406.25,-26.09621
2797911562.5,-26.09181
2797911718.75,-26.09316
2797911875.0,-26.09207
2797912031.25,-26.09121
2797912187.5,-26.08925
2797912343.75,-26.08878
2797912500.0,-26.08962
2797912656.25,-26.09271
2797912812.5,-26.08791
2797912968.75,-26.08747
2797913125.0,-26.08943
2797913281.25,-26.0861
2797913437.5,-26.08445
2797913593.75,-26.08332
2797913750.0,-26.07984
2797913906.25,-26.08176
2797914062.5,-26.08017
2797914218.75,-26.08319
2797914375.0,-26.08164
2797914531.25,-26.0814
2797914687.5,-26.07581
2797914843.75,-26.07829
2797915000.0,-26.0794
2797915156.25,-26.07834
2797915312.5,-26.07675
2797915468.75,-26.07604
2797915625.0,-26.07526
2797915781.25,-26.07573
2797915937.5,-26.07374
2797916093.75,-26.07346
2797916250.0,-26.07234
2797916406.25,-26.06998
2797916562.5,-26.07146
2797916718.75,-26.07327
2797916875.0,-26.07209
2797917031.25,-26.06816
2797917187.5,-26.07112
2797917343.75,-26.06458
2797917500.0,-26.06521
2797917656.25,-26.06668
2797917812.5,-26.06209
2797917968.75,-26.06415
2797918125.0,-26.06379
2797918281.25,-26.0623
2797918437.5,-26.05941
2797918593.75,-26.06089
2797918750.0,-26.05873
2797918906.25,-26.05885
2797919062.5,-26.05769
2797919218.75,-26.058
2797919375.0,-26.05727
2797919531.25,-26.0593
2797919687.5,-26.05383
2797919843.75,-26.0564
2797920000.0,-26.05258
2797920156.25,-26.05387
2797920312.5,-26.0551
2797920468.75,-26.05072
2797920625.0,-26.05406
2797920781.25,-26.04985
2797920937.5,-26.04672
2797921093.75,-26.04928
2797921250.0,-26.04784
2797921406.25,-26.04673
2797921562.5,-26.04638
2797921718.75,-26.04648
2797921875.0,-26.04354
2797922031.25,-26.04424
2797922187.5,-26.04384
2797922343.75,-26.03914
2797922500.0,-26.04183
2797922656.25,-26.04344
2797922812.5,-26.04406
2797922968.75,-26.04139
2797923125.0,-26.03877
2797923281.25,-26.03881
2797923437.5,-26.04139
2797923593.75,-26.03817
2797923750.0,-26.03781
2797923906.25,-26.03649
2797924062.5,-26.03314
2797924218.75,-26.03152
2797924375.0,-26.03024
2797924531.25,-26.03331
2797924687.5,-26.03362
2797924843.75,-26.03115
2797925000.0,-26.02822
2797925156.25,-26.03204
2797925312.5,-26.02754
2797925468.75,-26.03114
2797925625.0,-26.0271
2797925781.25,-26.0279
2797925937.5,-26.02505
2797926093.75,-26.02806
2797926250.0,-26.02457
2797926406.25,-26.02346
2797926562.5,-26.02431
2797926718.75,-26.02205
2797926875.0,-26.0218
2797927031.25,-26.01968
2797927187.5,-26.02029
2797927343.75,-26.01879
2797927500.0,-26.01877
2797927656.25,-26.01906
2797927812.5,-26.02077
2797927968.75,-26.01819
2797928125.0,-26.0166
2797928281.25,-26.01522
2797928437.5,-26.01673
2797928593.75,-26.01674
2797928750.0,-26.0119
2797928906.25,-26.00898
2797929062.5,-26.01066
2797929218.75,-26.01405
2797929375.0,-26.01123
2797929531.25,-26.00928
2797929687.5,-26.00945
2797929843.75,-26.00574
2797930000.0,-26.00635
2797930156.25,-26.00606
2797930312.5,-26.00292
2797930468.75,-26.00573
2797930625.0,-26.00306
2797930781.25,-26.00455
2797930937.5,-26.00317
2797931093.75,-26.00337
2797931250.0,-26.00499
2797931406.25,-25.99899
2797931562.5,-26.00122
2797931718.75,-25.99732
2797931875.0,-25.99517
2797932031.25,-25.99918
2797932187.5,-25.9997
2797932343.75,-25.99941
2797932500.0,-25.99438
2797932656.25,-25.99532
2797932812.5,-25.99239
2797932968.75,-25.99235
2797933125.0,-25.99293
2797933281.25,-25.99219
2797933437.5,-25.99421
2797933593.75,-25.99229
2797933750.0,-25.99309
2797933906.25,-25.99309
2797934062.5,-25.98697
2797934218.75,-25.98961
2797934375.0,-25.98483
2797934531.25,-25.98988
2797934687.5,-25.98408
2797934843.75,-25.98465
2797935000.0,-25.98293
2797935156.25,-25.98245
2797935312.5,-25.98724
2797935468.75,-25.98287
2797935625.0,-25.97772
2797935781.25,-25.97996
2797935937.5,-25.97952
2797936093.75,-25.98089
2797936250.0,-25.97666
2797936406.25,-25.9803
2797936562.5,-25.97967
2797936718.75,-25.97849
2797936875.0,-25.97827
2797937031.25,-25.97506
2797937187.5,-25.97512
2797937343.75,-25.97275
2797937500.0,-25.97297
2797937656.25,-25.97671
2797937812.5,-25.9722
2797937968.75,-25.96449
2797938125.0,-25.96659
2797938281.25,-25.96736
2797938437.5,-25.96454
2797938593.75,-25.96672
2797938750.0,-25.96691
2797938906.25,-25.96464
2797939062.5,-25.96431
2797939218.75,-25.96633
2797939375.0,-25.96433
2797939531.25,-25.96044
2797939687.5,-25.96108
2797939843.75,-25.96258
2797940000.0,-25.95788
2797940156.25,-25.95783
2797940312.5,-25.95755
2797940468.75,-25.95819
2797940625.0,-25.96055
2797940781.25,-25.95726
2797940937.5,-25.95786
2797941093.75,-25.95704
2797941250.0,-25.9549
2797941406.25,-25.95567
2797941562.5,-25.9521
2797941718.75,-25.95304
2797941875.0,-25.95285
2797942031.25,-25.95092
2797942187.5,-25.94825
2797942343.75,-25.95068
2797942500.0,-25.9513
2797942656.25,-25.94589
2797942812.5,-25.94876
2797942968.75,-25.94806
2797943125.0,-25.94712
2797943281.25,-25.94653
2797943437.5,-25.94416
2797943593.75,-25.94515
2797943750.0,-25.94375
2797943906.25,-25.94163
2797944062.5,-25.94224
2797944218.75,-25.94226
2797944375.0,-25.94018
2797944531.25,-25.94137
2797944687.5,-25.94073
2797944843.75,-25.93581
2797945000.0,-25.93838
2797945156.25,-25.93678
2797945312.5,-25.94047
2797945468.75,-25.93519
2797945625.0,-25.93373
2797945781.25,-25.9307
2797945937.5,-25.93363
2797946093.75,-25.92719
2797946250.0,-25.93309
2797946406.25,-25.93209
2797946562.5,-25.92816
2797946718.75,-25.93234
2797946875.0,-25.92822
2797947031.25,-25.92535
2797947187.5,-25.9254
2797947343.75,-25.92999
2797947500.0,-25.92539
2797947656.25,-25.92524
2797947812.5,-25.92192
2797947968.75,-25.92333
2797948125.0,-25.92105
2797948281.25,-25.92072
2797948437.5,-25.9234
2797948593.75,-25.92188
2797948750.0,-25.91665
2797948906.25,-25.91783
2797949062.5,-25.91402
2797949218.75,-25.91574
2797949375.0,-25.91305
2797949531.25,-25.91553
2797949687.5,-25.91422
2797949843.75,-25.91278
2797950000.0,-25.9183
2797950156.25,-25.91508
2797950312.5,-25.91432
2797950468.75,-25.91162
2797950625.0,-25.91135
2797950781.25,-25.90836
2797950937.5,-25.90658
2797951093.75,-25.90976
2797951250.0,-25.90673
2797951406.25,-25.9062
2797951562.5,-25.90614
2797951718.75,-25.90691
2797951875.0,-25.9064
2797952031.25,-25.90524
2797952187.5,-25.90197
2797952343.75,-25.90395
2797952500.0,-25.90027
2797952656.25,-25.90017
2797952812.5,-25.89927
2797952968.75,-25.89846
2797953125.0,-25.89927
2797953281.25,-25.89913
2797953437.5,-25.90074
2797953593.75,-25.89766
2797953750.0,-25.89675
2797953906.25,-25.89321
2797954062.5,-25.89423
2797954218.75,-25.89338
2797954375.0,-25.89461
2797954531.25,-25.89254
2797954687.5,-25.89043
2797954843.75,-25.8925
2797955000.0,-25.88976
2797955156.25,-25.8912
2797955312.5,-25.89232
2797955468.75,-25.8875
2797955625.0,-25.88806
2797955781.25,-25.88634
2797955937.5,-25.88137
2797956093.75,-25.88443
2797956250.0,-25.88611
2797956406.25,-25.88659
2797956562.5,-25.88136
2797956718.75,-25.88554
2797956875.0,-25.88187
2797957031.25,-25.87885
2797957187.5,-25.87799
2797957343.75,-25.87527
2797957500.0,-25.87706
2797957656.25,-25.87784
2797957812.5,-25.87602
2797957968.75,-25.87484
2797958125.0,-25.87611
2797958281.25,-25.87653
2797958437.5,-25.87544
2797958593.75,-25.87354
2797958750.0,-25.87561
2797958906.25,-25.8718
2797959062.5,-25.86881
2797959218.75,-25.87092
2797959375.0,-25.86966
2797959531.25,-25.86958
2797959687.5,-25.86776
2797959843.75,-25.86802
2797960000.0,-25.86476
2797960156.25,-25.86384
2797960312.5,-25.86581
2797960468.75,-25.8635
2797960625.0,-25.86206
2797960781.25,-25.86221
2797960937.5,-25.86028
2797961093.75,-25.862
2797961250.0,-25.86098
2797961406.25,-25.86036
2797961562.5,-25.86037
2797961718.75,-25.85949
2797961875.0,-25.85845
2797962031.25,-25.85912
2797962187.5,-25.8548
2797962343.75,-25.85649
2797962500.0,-25.85531
2797962656.25,-25.85301
2797962812.5,-25.85383
2797962968.75,-25.85206
2797963125.0,-25.85034
2797963281.25,-25.85006
2797963437.5,-25.85093
2797963593.75,-25.84979
2797963750.0,-25.84966
2797963906.25,-25.84718
2797964062.5,-25.85027
2797964218.75,-25.84667
2797964375.0,-25.84847
2797964531.25,-25.84506
2797964687.5,-25.84385
2797964843.75,-25.84215
2797965000.0,-25.84251
2797965156.25,-25.84216
2797965312.5,-25.84454
2797965468.75,-25.83913
2797965625.0,-25.8391
2797965781.25,-25.83722
2797965937.5,-25.838
2797966093.75,-25.83644
2797966250.0,-25.83679
2797966406.25,-25.83489
2797966562.5,-25.83375
2797966718.75,-25.83506
2797966875.0,-25.83237
2797967031.25,-25.83296
2797967187.5,-25.83003
2797967343.75,-25.82989
2797967500.0,-25.82728
2797967656.25,-25.83277
2797967812.5,-25.82978
2797967968.75,-25.82865
2797968125.0,-25.82797
2797968281.25,-25.83024
2797968437.5,-25.8266
2797968593.75,-25.82858
2797968750.0,-25.82725
2797968906.25,-25.82663
2797969062.5,-25.82397
2797969218.75,-25.8241
2797969375.0,-25.82083
2797969531.25,-25.81624
2797969687.5,-25.81656
2797969843.75,-25.81794
2797970000.0,-25.81965
2797970156.25,-25.8142
2797970312.5,-25.81403
2797970468.75,-25.8166
2797970625.0,-25.81405
2797970781.25,-25.81744
2797970937.5,-25.81141
2797971093.75,-25.81274
2797971250.0,-25.81204
2797971406.25,-25.81215
2797971562.5,-25.8134
2797971718.75,-25.81003
2797971875.0,-25.80721
2797972031.25,-25.80692
2797972187.5,-25.80782
2797972343.75,-25.80764
2797972500.0,-25.80948
2797972656.25,-25.80595
2797972812.5,-25.80376
2797972968.75,-25.80487
2797973125.0,-25.80627
2797973281.25,-25.80327
2797973437.5,-25.80369
2797973593.75,-25.80387
2797973750.0,-25.80081
2797973906.25,-25.80168
2797974062.5,-25.80212
2797974218.75,-25.79383
2797974375.0,-25.79488
2797974531.25,-25.79861
2797974687.5,-25.79449
2797974843.75,-25.79797
2797975000.0,-25.79493
2797975156.25,-25.79275
2797975312.5,-25.79544
2797975468.75,-25.79219
2797975625.0,-25.79153
2797975781.25,-25.79055
2797975937.5,-25.78872
2797976093.75,-25.79079
2797976250.0,-25.78591
2797976406.25,-25.783
2797976562.5,-25.78209
2797976718.75,-25.78756
2797976875.0,-25.78379
2797977031.25,-25.78839
2797977187.5,-25.78596
2797977343.75,-25.78666
2797977500.0,-25.78456
2797977656.25,-25.78111
2797977812.5,-25.78257
2797977968.75,-25.77909
2797978125.0,-25.7769
2797978281.25,-25.77687
2797978437.5,-25.77874
2797978593.75,-25.77822
2797978750.0,-25.77721
2797978906.25,-25.77264
2797979062.5,-25.77657
2797979218.75,-25.77874
2797979375.0,-25.7729
2797979531.25,-25.77266
2797979687.5,-25.77367
2797979843.75,-25.77257
2797980000.0,-25.7686
2797980156.25,-25.77201
2797980312.5,-25.77049
2797980468.75,-25.76957
2797980625.0,-25.76618
2797980781.25,-25.76462
2797980937.5,-25.76841
2797981093.75,-25.7678
2797981250.0,-25.7666
2797981406.25,-25.76481
2797981562.5,-25.76306
2797981718.75,-25.76448
2797981875.0,-25.7611
2797982031.25,-25.76358
2797982187.5,-25.76262
2797982343.75,-25.75965
2797982500.0,-25.75654
2797982656.25,-25.75824
2797982812.5,-25.75934
2797982968.75,-25.75827
2797983125.0,-25.75584
2797983281.25,-25.75749
2797983437.5,-25.75225
2797983593.75,-25.75293
2797983750.0,-25.7532
2797983906.25,-25.75154
2797984062.5,-25.75273
2797984218.75,-25.75071
2797984375.0,-25.74778
2797984531.25,-25.75009
2797984687.5,-25.7492
2797984843.75,-25.74594
2797985000.0,-25.74566
2797985156.25,-25.74629
2797985312.5,-25.74532
2797985468.75,-25.74137
2797985625.0,-25.7464
2797985781.25,-25.74236
2797985937.5,-25.74086
2797986093.75,-25.74251
2797986250.0,-25.74077
2797986406.25,-25.74006
2797986562.5,-25.74354
2797986718.75,-25.7392
2797986875.0,-25.73805
2797987031.25,-25.73566
2797987187.5,-25.73584
2797987343.75,-25.73666
2797987500.0,-25.7343
2797987656.25,-25.73261
2797987812.5,-25.73422
2797987968.75,-25.73173
2797988125.0,-25.72941
2797988281.25,-25.73008
2797988437.5,-25.72909
2797988593.75,-25.73037
2797988750.0,-25.72962
2797988906.25,-25.7285
2797989062.5,-25.72593
2797989218.75,-25.72659
2797989375.0,-25.72503
2797989531.25,-25.72558
2797989687.5,-25.72227
2797989843.75,-25.72464
2797990000.0,-25.72311
2797990156.25,-25.72475
2797990312.5,-25.72215
2797990468.75,-25.7226
2797990625.0,-25.72181
2797990781.25,-25.71894
2797990937.5,-25.71845
2797991093.75,-25.72017
2797991250.0,-25.7162
2797991406.25,-25.71807
2797991562.5,-25.71427
2797991718.75,-25.71789
2797991875.0,-25.71245
2797992031.25,-25.7152
2797992187.5,-25.71165
2797992343.75,-25.71194
2797992500.0,-25.71252
2797992656.25,-25.71169
2797992812.5,-25.70849
2797992968.75,-25.71008
2797993125.0,-25.70705
2797993281.25,-25.7081
2797993437.5,-25.70618
2797993593.75,-25.70806
2797993750.0,-25.70521
2797993906.25,-25.70472
2797994062.5,-25.70667
2797994218.75,-25.69918
2797994375.0,-25.69944
2797994531.25,-25.69791
2797994687.5,-25.69977
2797994843.75,-25.70137
2797995000.0,-25.70037
2797995156.25,-25.69806
2797995312.5,-25.69419
2797995468.75,-25.69559
2797995625.0,-25.69586
2797995781.25,-25.69506
2797995937.5,-25.69458
2797996093.75,-25.69229
2797996250.0,-25.68926
2797996406.25,-25.69447
2797996562.5,-25.69074
2797996718.75,-25.69094
2797996875.0,-25.69209
2797997031.25,-25.68791
2797997187.5,-25.68644
2797997343.75,-25.68911
2797997500.0,-25.68693
2797997656.25,-25.68707
2797997812.5,-25.68582
2797997968.75,-25.68547
2797998125.0,-25.68371
2797998281.25,-25.68479
2797998437.5,-25.68132
2797998593.75,-25.68089
2797998750.0,-25.68234
2797998906.25,-25.67636
2797999062.5,-25.67589
2797999218.75,-25.67736
2797999375.0,-25.6758
2797999531.25,-25.67755
2797999687.5,-25.67683
2797999843.75,-25.6726
2798000000.0,-25.67391
2798000156.25,-25.67295
2798000312.5,-25.67077
2798000468.75,-25.6723
2798000625.0,-25.67222
2798000781.25,-25.67215
2798000937.5,-25.67253
2798001093.75,-25.66892
2798001250.0,-25.6699
2798001406.25,-25.66611
2798001562.5,-25.66547
2798001718.75,-25.6643
2798001875.0,-25.66574
2798002031.25,-25.66702
2798002187.5,-25.66534
2798002343.75,-25.66077
2798002500.0,-25.66487
2798002656.25,-25.66142
2798002812.5,-25.66249
2798002968.75,-25.66132
2798003125.0,-25.65977
2798003281.25,-25.65937
2798003437.5,-25.65793
2798003593.75,-25.65547
2798003750.0,-25.65367
2798003906.25,-25.65541
2798004062.5,-25.65479
2798004218.75,-25.65539
2798004375.0,-25.6528
2798004531.25,-25.65223
2798004687.5,-25.65121
2798004843.75,-25.64863
2798005000.0,-25.64761
2798005156.25,-25.65376
2798005312.5,-25.64791
2798005468.75,-25.64589
2798005625.0,-25.64945
2798005781.25,-25.64846
2798005937.5,-25.64604
2798006093.75,-25.64458
2798006250.0,-25.64626
2798006406.25,-25.64226
2798006562.5,-25.64446
2798006718.75,-25.63742
2798006875.0,-25.64443
2798007031.25,-25.63889
2798007187.5,-25.63716
2798007343.75,-25.64128
2798007500.0,-25.6383
2798007656.25,-25.63604
2798007812.5,-25.63608
2798007968.75,-25.63498
2798008125.0,-25.63431
2798008281.25,-25.63458
2798008437.5,-25.63494
2798008593.75,-25.63332
2798008750.0,-25.6327
2798008906.25,-25.6337
2798009062.5,-25.63027
2798009218.75,-25.62782
2798009375.0,-25.62759
2798009531.25,-25.63146
2798009687.5,-25.62514
2798009843.75,-25.62616
2798010000.0,-25.62121
2798010156.25,-25.62733
2798010312.5,-25.62354
2798010468.75,-25.6234
2798010625.0,-25.62078
2798010781.25,-25.62033
2798010937.5,-25.62172
2798011093.75,-25.6196
2798011250.0,-25.6191
2798011406.25,-25.62009
2798011562.5,-25.61739
2798011718.75,-25.61955
2798011875.0,-25.61672
2798012031.25,-25.61512
2798012187.5,-25.61129
2798012343.75,-25.61459
2798012500.0,-25.61089
2798012656.25,-25.6136
2798012812.5,-25.61451
2798012968.75,-25.61174
2798013125.0,-25.60906
2798013281.25,-25.6083
2798013437.5,-25.60733
2798013593.75,-25.6076
2798013750.0,-25.60632
2798013906.25,-25.60792
2798014062.5,-25.60668
2798014218.75,-25.60347
2798014375.0,-25.60307
2798014531.25,-25.60371
2798014687.5,-25.60164
2798014843.75,-25.60255
2798015000.0,-25.59936
2798015156.25,-25.60392
2798015312.5,-25.5987
2798015468.75,-25.59931
2798015625.0,-25.59783
2798015781.25,-25.59592
2798015937.5,-25.59723
2798016093.75,-25.59399
2798016250.0,-25.59637
2798016406.25,-25.59388
2798016562.5,-25.59493
2798016718.75,-25.59349
2798016875.0,-25.59159
2798017031.25,-25.58866
2798017187.5,-25.59341
2798017343.75,-25.59059
2798017500.0,-25.5866
2798017656.25,-25.58841
2798017812.5,-25.58645
2798017968.75,-25.5899
2798018125.0,-25.58663
2798018281.25,-25.58863
2798018437.5,-25.58589
2798018593.75,-25.58594
2798018750.0,-25.58195
2798018906.25,-25.5808
2798019062.5,-25.58084
2798019218.75,-25.58198
2798019375.0,-25.57873
2798019531.25,-25.57447
2798019687.5,-25.57778
2798019843.75,-25.57547
2798020000.0,-25.57344
2798020156.25,-25.57512
2798020312.5,-25.57245
2798020468.75,-25.57583
2798020625.0,-25.57422
2798020781.25,-25.57106
2798020937.5,-25.5715
2798021093.75,-25.57423
2798021250.0,-25.57103
2798021406.25,-25.5699
2798021562.5,-25.56906
2798021718.75,-25.57006
2798021875.0,-25.5686
2798022031.25,-25.56815
2798022187.5,-25.56845
2798022343.75,-25.56701
2798022500.0,-25.56297
2798022656.25,-25.56428
2798022812.5,-25.55977
2798022968.75,-25.56175
2798023125.0,-25.5618
2798023281.25,-25.56241
2798023437.5,-25.56206
2798023593.75,-25.55748
2798023750.0,-25.55976
2798023906.25,-25.55769
2798024062.5,-25.55542
2798024218.75,-25.55732
2798024375.0,-25.55483
2798024531.25,-25.55189
2798024687.5,-25.55498
2798024843.75,-25.55533
2798025000.0,-25.55195
2798025156.25,-25.55039
2798025312.5,-25.54843
2798025468.75,-25.54852
2798025625.0,-25.54797
2798025781.25,-25.54658
2798025937.5,-25.54192
2798026093.75,-25.54576
2798026250.0,-25.54296
2798026406.25,-25.54156
2798026562.5,-25.54172
2798026718.75,-25.54377
2798026875.0,-25.54438
2798027031.25,-25.54197
2798027187.5,-25.5393
2798027343.75,-25.54113
2798027500.0,-25.54027
2798027656.25,-25.53954
2798027812.5,-25.54221
2798027968.75,-25.53395
2798028125.0,-25.53201
2798028281.25,-25.53555
2798028437.5,-25.53402
2798028593.75,-25.53637
2798028750.0,-25.52995
2798028906.25,-25.53378
2798029062.5,-25.52863
2798029218.75,-25.53232
2798029375.0,-25.52855
2798029531.25,-25.52931
2798029687.5,-25.52834
2798029843.75,-25.52971
2798030000.0,-25.52928
2798030156.25,-25.52718
2798030312.5,-25.52589
2798030468.75,-25.5228
2798030625.0,-25.52666
2798030781.25,-25.52579
2798030937.5,-25.5241
2798031093.75,-25.52218
2798031250.0,-25.52053
2798031406.25,-25.51744
2798031562.5,-25.51801
2798031718.75,-25.52131
2798031875.0,-25.51602
2798032031.25,-25.51812
2798032187.5,-25.51669
2798032343.75,-25.51567
2798032500.0,-25.5176
2798032656.25,-25.51377
2798032812.5,-25.51535
2798032968.75,-25.51171
2798033125.0,-25.51141
2798033281.25,-25.51018
2798033437.5,-25.51147
2798033593.75,-25.50948
2798033750.0,-25.50878
2798033906.25,-25.50644
2798034062.5,-25.50323
2798034218.75,-25.50349
2798034375.0,-25.50603
2798034531.25,-25.50499
2798034687.5,-25.49978
2798034843.75,-25.50083
2798035000.0,-25.50237
2798035156.25,-25.50131
2798035312.5,-25.50306
2798035468.75,-25.49911
2798035625.0,-25.49799
2798035781.25,-25.4992
2798035937.5,-25.49915
2798036093.75,-25.49829
2798036250.0,-25.49651
2798036406.25,-25.4943
2798036562.5,-25.4921
2798036718.75,-25.49393
2798036875.0,-25.49245
2798037031.25,-25.49277
2798037187.5,-25.49057
2798037343.75,-25.49235
2798037500.0,-25.49162
2798037656.25,-25.49123
2798037812.5,-25.48603
2798037968.75,-25.48444
2798038125.0,-25.48759
2798038281.25,-25.48741
2798038437.5,-25.48555
2798038593.75,-25.49027
2798038750.0,-25.48223
2798038906.25,-25.48935
2798039062.5,-25.48219
2798039218.75,-25.4841
2798039375.0,-25.47925
2798039531.25,-25.48126
2798039687.5,-25.47796
2798039843.75,-25.47674
2798040000.0,-25.47896
2798040156.25,-25.47687
2798040312.5,-25.47412
2798040468.75,-25.47578
2798040625.0,-25.46949
2798040781.25,-25.47084
2798040937.5,-25.47058
2798041093.75,-25.46991
2798041250.0,-25.47361
2798041406.25,-25.46967
2798041562.5,-25.46956
2798041718.75,-25.46625
2798041875.0,-25.46734
2798042031.25,-25.47019
2798042187.5,-25.46201
2798042343.75,-25.4673
2798042500.0,-25.46725
2798042656.25,-25.46395
2798042812.5,-25.46591
2798042968.75,-25.46245
2798043125.0,-25.45929
2798043281.25,-25.4614
2798043437.5,-25.45868
2798043593.75,-25.45949
2798043750.0,-25.45936
2798043906.25,-25.45789
2798044062.5,-25.45898
2798044218.75,-25.45654
2798044375.0,-25.45847
2798044531.25,-25.45744
2798044687.5,-25.45621
2798044843.75,-25.45434
2798045000.0,-25.45513
2798045156.25,-25.45367
2798045312.5,-25.45181
2798045468.75,-25.45177
2798045625.0,-25.44838
2798045781.25,-25.44723
2798045937.5,-25.44776
2798046093.75,-25.44788
2798046250.0,-25.44716
2798046406.25,-25.44389
2798046562.5,-25.4451
2798046718.75,-25.44466
2798046875.0,-25.44408
2798047031.25,-25.4432
2798047187.5,-25.44105
2798047343.75,-25.44701
2798047500.0,-25.43797
2798047656.25,-25.43921
2798047812.5,-25.43909
2798047968.75,-25.43939
2798048125.0,-25.43461
2798048281.25,-25.43585
2798048437.5,-25.43904
2798048593.75,-25.43317
2798048750.0,-25.43441
2798048906.25,-25.43609
2798049062.5,-25.43127
2798049218.75,-25.43096
2798049375.0,-25.43036
2798049531.25,-25.43346
2798049687.5,-25.42949
2798049843.75,-25.42913
2798050000.0,-25.42805
2798050156.25,-25.42872
2798050312.5,-25.42564
2798050468.75,-25.42521
2798050625.0,-25.42484
2798050781.25,-25.42549
2798050937.5,-25.42339
2798051093.75,-25.42409
2798051250.0,-25.41898
2798051406.25,-25.42245
2798051562.5,-25.41857
2798051718.75,-25.41796
2798051875.0,-25.41776
2798052031.25,-25.41597
2798052187.5,-25.41427
2798052343.75,-25.41622
2798052500.0,-25.41561
2798052656.25,-25.41702
2798052812.5,-25.41703
2798052968.75,-25.41269
2798053125.0,-25.41491
2798053281.25,-25.40912
2798053437.5,-25.41151
2798053593.75,-25.40795
2798053750.0,-25.40823
2798053906.25,-25.41027
2798054062.5,-25.4081
2798054218.75,-25.40538
2798054375.0,-25.40427
2798054531.25,-25.40813
2798054687.5,-25.40475
2798054843.75,-25.403
2798055000.0,-25.40414
2798055156.25,-25.39939
2798055312.5,-25.40089
2798055468.75,-25.39855
2798055625.0,-25.40123
2798055781.25,-25.39789
2798055937.5,-25.39657
2798056093.75,-25.39794
2798056250.0,-25.39595
2798056406.25,-25.39657
2798056562.5,-25.39905
2798056718.75,-25.39274
2798056875.0,-25.39175
2798057031.25,-25.39264
2798057187.5,-25.39241
2798057343.75,-25.39141
2798057500.0,-25.39155
2798057656.25,-25.38944
2798057812.5,-25.38788
2798057968.75,-25.38459
2798058125.0,-25.39001
2798058281.25,-25.3851
2798058437.5,-25.39009
2798058593.75,-25.38402
2798058750.0,-25.38271
2798058906.25,-25.38301
2798059062.5,-25.38046
2798059218.75,-25.38326
2798059375.0,-25.38356
2798059531.25,-25.38146
2798059687.5,-25.38094
2798059843.75,-25.38146
2798060000.0,-25.38052
2798060156.25,-25.37926
2798060312.5,-25.37327
2798060468.75,-25.37298
2798060625.0,-25.37714
2798060781.25,-25.37348
2798060937.5,-25.37081
2798061093.75,-25.37555
2798061250.0,-25.37199
2798061406.25,-25.37057
2798061562.5,-25.36909
2798061718.75,-25.36783
2798061875.0,-25.36925
2798062031.25,-25.36953
2798062187.5,-25.36916
2798062343.75,-25.36778
2798062500.0,-25.36628
2798062656.25,-25.36645
2798062812.5,-25.3609
2798062968.75,-25.36337
2798063125.0,-25.36333
2798063281.25,-25.36316
2798063437.5,-25.3604
2798063593.75,-25.35869
2798063750.0,-25.36193
2798063906.25,-25.35898
2798064062.5,-25.35461
2798064218.75,-25.35765
2798064375.0,-25.35475
2798064531.25,-25.35735
2798064687.5,-25.35683
2798064843.75,-25.34803
2798065000.0,-25.3533
2798065156.25,-25.35456
2798065312.5,-25.35259
2798065468.75,-25.35215
2798065625.0,-25.34759
2798065781.25,-25.34823
2798065937.5,-25.34644
2798066093.75,-25.34822
2798066250.0,-25.34603
2798066406.25,-25.34186
2798066562.5,-25.34706
2798066718.75,-25.34555
2798066875.0,-25.34463
2798067031.25,-25.34364
2798067187.5,-25.34085
2798067343.75,-25.338
2798067500.0,-25.34046
2798067656.25,-25.33731
2798067812.5,-25.33905
2798067968.75,-25.33876
2798068125.0,-25.34041
2798068281.25,-25.33358
2798068437.5,-25.33281
2798068593.75,-25.33641
2798068750.0,-25.33503
2798068906.25,-25.33459
2798069062.5,-25.33344
2798069218.75,-25.33352
2798069375.0,-25.32795
2798069531.25,-25.33167
2798069687.5,-25.32874
2798069843.75,-25.32809
2798070000.0,-25.32885
2798070156.25,-25.32814
2798070312.5,-25.32672
2798070468.75,-25.32647
2798070625.0,-25.31897
2798070781.25,-25.32375
2798070937.5,-25.32525
2798071093.75,-25.32283
2798071250.0,-25.3219
2798071406.25,-25.32182
2798071562.5,-25.31907
2798071718.75,-25.31758
2798071875.0,-25.3219
2798072031.25,-25.31946
2798072187.5,-25.31485
2798072343.75,-25.31616
2798072500.0,-25.31655
2798072656.25,-25.31571
2798072812.5,-25.31713
2798072968.75,-25.31337
2798073125.0,-25.31439
2798073281.25,-25.31147
2798073437.5,-25.30895
2798073593.75,-25.30716
2798073750.0,-25.30762
2798073906.25,-25.3103
2798074062.5,-25.30445
2798074218.75,-25.30691
2798074375.0,-25.3043
2798074531.25,-25.30609
2798074687.5,-25.30514
2798074843.75,-25.30438
2798075000.0,-25.30219
2798075156.25,-25.30296
2798075312.5,-25.30301
2798075468.75,-25.29967
2798075625.0,-25.29804
2798075781.25,-25.29796
2798075937.5,-25.29818
2798076093.75,-25.29923
2798076250.0,-25.2988
2798076406.25,-25.29399
2798076562.5,-25.29386
2798076718.75,-25.29434
2798076875.0,-25.29421
2798077031.25,-25.29074
2798077187.5,-25.29402
2798077343.75,-25.2923
2798077500.0,-25.28741
2798077656.25,-25.28905
2798077812.5,-25.28653
2798077968.75,-25.28903
2798078125.0,-25.28455
2798078281.25,-25.28813
2798078437.5,-25.28638
2798078593.75,-25.28254
2798078750.0,-25.28072
2798078906.25,-25.28569
2798079062.5,-25.28214
2798079218.75,-25.27882
2798079375.0,-25.28245
2798079531.25,-25.27896
2798079687.5,-25.27787
2798079843.75,-25.2795
2798080000.0,-25.27869
2798080156.25,-25.27989
2798080312.5,-25.27323
2798080468.75,-25.27418
2798080625.0,-25.27215
2798080781.25,-25.26963
2798080937.5,-25.27317
2798081093.75,-25.27222
2798081250.0,-25.27138
2798081406.25,-25.26901
2798081562.5,-25.2698
2798081718.75,-25.27083
2798081875.0,-25.26658
2798082031.25,-25.26437
2798082187.5,-25.2652
2798082343.75,-25.26625
2798082500.0,-25.26679
2798082656.25,-25.26334
2798082812.5,-25.26189
2798082968.75,-25.26075
2798083125.0,-25.26079
2798083281.25,-25.26063
2798083437.5,-25.26065
2798083593.75,-25.26062
2798083750.0,-25.25527
2798083906.25,-25.26016
2798084062.5,-25.25364
2798084218.75,-25.25719
2798084375.0,-25.25422
2798084531.25,-25.25291
2798084687.5,-25.25033
2798084843.75,-25.25344
2798085000.0,-25.24959
2798085156.25,-25.25021
2798085312.5,-25.25181
2798085468.75,-25.24895
2798085625.0,-25.24692
2798085781.25,-25.25026
2798085937.5,-25.24657
2798086093.75,-25.2466
2798086250.0,-25.24644
2798086406.25,-25.24424
2798086562.5,-25.24416
2798086718.75,-25.24229
2798086875.0,-25.24089
2798087031.25,-25.24109
2798087187.5,-25.23952
2798087343.75,-25.23639
2798087500.0,-25.23975
2798087656.25,-25.23531
2798087812.5,-25.23679
2798087968.75,-25.23615
2798088125.0,-25.23347
2798088281.25,-25.23344
2798088437.5,-25.23323
2798088593.75,-25.2324
2798088750.0,-25.23013
2798088906.25,-25.23115
2798089062.5,-25.23101
2798089218.75,-25.23028
2798089375.0,-25.22865
2798089531.25,-25.22807
2798089687.5,-25.23093
2798089843.75,-25.22694
2798090000.0,-25.22696
2798090156.25,-25.22474
2798090312.5,-25.22638
2798090468.75,-25.22433
2798090625.0,-25.2232
2798090781.25,-25.22149
2798090937.5,-25.22247
2798091093.75,-25.22134
2798091250.0,-25.22426
2798091406.25,-25.21982
2798091562.5,-25.2194
2798091718.75,-25.21677
2798091875.0,-25.21963
2798092031.25,-25.21801
2798092187.5,-25.21604
2798092343.75,-25.21637
2798092500.0,-25.21635
2798092656.25,-25.21393
2798092812.5,-25.21264
2798092968.75,-25.20917
2798093125.0,-25.20981
2798093281.25,-25.21077
2798093437.5,-25.20438
2798093593.75,-25.20694
2798093750.0,-25.21035
2798093906.25,-25.2063
2798094062.5,-25.20476
2798094218.75,-25.20337
2798094375.0,-25.20551
2798094531.25,-25.20202
2798094687.5,-25.20322
2798094843.75,-25.20101
2798095000.0,-25.2009
2798095156.25,-25.20109
2798095312.5,-25.19781
2798095468.75,-25.19923
2798095625.0,-25.19762
2798095781.25,-25.19768
2798095937.5,-25.1946
2798096093.75,-25.19586
2798096250.0,-25.19332
2798096406.25,-25.19328
2798096562.5,-25.18907
2798096718.75,-25.19538
2798096875.0,-25.19223
2798097031.25,-25.19085
2798097187.5,-25.19036
2798097343.75,-25.18782
2798097500.0,-25.18876
2798097656.25,-25.18566
2798097812.5,-25.19003
2798097968.75,-25.1875
2798098125.0,-25.18403
2798098281.25,-25.18321
2798098437.5,-25.18316
2798098593.75,-25.18067
2798098750.0,-25.18252
2798098906.25,-25.18026
2798099062.5,-25.17867
2798099218.75,-25.17838
2798099375.0,-25.17958
2798099531.25,-25.17809
2798099687.5,-25.18008
2798099843.75,-25.17779
2798100000.0,-25.17618
2798100156.25,-25.17841
2798100312.5,-25.17219
2798100468.75,-25.17177
2798100625.0,-25.16834
2798100781.25,-25.16954
2798100937.5,-25.17352
2798101093.75,-25.17028
2798101250.0,-25.17047
2798101406.25,-25.16849
2798101562.5,-25.16639
2798101718.75,-25.16729
2798101875.0,-25.16678
2798102031.25,-25.16503
2798102187.5,-25.16744
2798102343.75,-25.16009
2798102500.0,-25.16096
2798102656.25,-25.16201
2798102812.5,-25.15946
2798102968.75,-25.15994
2798103125.0,-25.15678
2798103281.25,-25.15884
2798103437.5,-25.15626
2798103593.75,-25.15735
2798103750.0,-25.1576
2798103906.25,-25.15589
2798104062.5,-25.1549
2798104218.75,-25.15756
2798104375.0,-25.15127
2798104531.25,-25.15038
2798104687.5,-25.14985
2798104843.75,-25.14967
2798105000.0,-25.1484
2798105156.25,-25.14874
2798105312.5,-25.14897
2798105468.75,-25.14523
2798105625.0,-25.14527
2798105781.25,-25.14649
2798105937.5,-25.14376
2798106093.75,-25.14333
2798106250.0,-25.14387
2798106406.25,-25.13929
2798106562.5,-25.13987
2798106718.75,-25.14195
2798106875.0,-25.13811
2798107031.25,-25.13801
2798107187.5,-25.1335
2798107343.75,-25.13712
2798107500.0,-25.13301
2798107656.25,-25.13605
2798107812.5,-25.13308
2798107968.75,-25.13442
2798108125.0,-25.13298
2798108281.25,-25.13234
2798108437.5,-25.13246
2798108593.75,-25.12912
2798108750.0,-25.12869
2798108906.25,-25.12805
2798109062.5,-25.12606
2798109218.75,-25.12668
2798109375.0,-25.12555
2798109531.25,-25.12327
2798109687.5,-25.12423
2798109843.75,-25.12189
2798110000.0,-25.12379
2798110156.25,-25.12041
2798110312.5,-25.12369
2798110468.75,-25.12117
2798110625.0,-25.11798
2798110781.25,-25.12017
2798110937.5,-25.11697
2798111093.75,-25.1168
2798111250.0,-25.11694
2798111406.25,-25.11488
2798111562.5,-25.11518
2798111718.75,-25.11576
2798111875.0,-25.11267
2798112031.25,-25.10925
2798112187.5,-25.10951
2798112343.75,-25.11162
2798112500.0,-25.11272
2798112656.25,-25.11308
2798112812.5,-25.10605
2798112968.75,-25.10973
2798113125.0,-25.10432
2798113281.25,-25.10454
2798113437.5,-25.10591
2798113593.75,-25.10313
2798113750.0,-25.10303
2798113906.25,-25.10089
2798114062.5,-25.10276
2798114218.75,-25.10077
2798114375.0,-25.10015
2798114531.25,-25.09853
2798114687.5,-25.09774
2798114843.75,-25.09675
2798115000.0,-25.09666
2798115156.25,-25.09608
2798115312.5,-25.09441
2798115468.75,-25.09575
2798115625.0,-25.09441
2798115781.25,-25.09394
2798115937.5,-25.09061
2798116093.75,-25.09506
2798116250.0,-25.09051
2798116406.25,-25.0879
2798116562.5,-25.08957
2798116718.75,-25.08583
2798116875.0,-25.0861
2798117031.25,-25.08654
2798117187.5,-25.0849
2798117343.75,-25.08476
2798117500.0,-25.08396
2798117656.25,-25.08525
2798117812.5,-25.08257
2798117968.75,-25.0805
2798118125.0,-25.07872
2798118281.25,-25.07916
2798118437.5,-25.07941
2798118593.75,-25.07769
2798118750.0,-25.07944
2798118906.25,-25.07738
2798119062.5,-25.07348
2798119218.75,-25.07665
2798119375.0,-25.07579
2798119531.25,-25.07304
2798119687.5,-25.07459
2798119843.75,-25.07384
2798120000.0,-25.07189
2798120156.25,-25.06979
2798120312.5,-25.0696
2798120468.75,-25.06957
2798120625.0,-25.0716
2798120781.25,-25.06727
2798120937.5,-25.06867
2798121093.75,-25.06717
2798121250.0,-25.06051
2798121406.25,-25.06511
2798121562.5,-25.06336
2798121718.75,-25.06538
2798121875.0,-25.0605
2798122031.25,-25.06075
2798122187.5,-25.05697
2798122343.75,-25.06075
2798122500.0,-25.06219
2798122656.25,-25.05764
2798122812.5,-25.05581
2798122968.75,-25.05827
2798123125.0,-25.0516
2798123281.25,-25.05536
2798123437.5,-25.05432
2798123593.75,-25.05459
2798123750.0,-25.05311
2798123906.25,-25.05043
2798124062.5,-25.04864
2798124218.75,-25.05328
2798124375.0,-25.04934
2798124531.25,-25.04717
2798124687.5,-25.04778
2798124843.75,-25.04349
2798125000.0,-25.04619
2798125156.25,-25.04625
2798125312.5,-25.04247
2798125468.75,-25.0454
2798125625.0,-25.04407
2798125781.25,-25.04212
2798125937.5,-25.044
2798126093.75,-25.04101
2798126250.0,-25.03839
2798126406.25,-25.03883
2798126562.5,-25.03895
2798126718.75,-25.03611
2798126875.0,-25.03398
2798127031.25,-25.03624
2798127187.5,-25.03453
2798127343.75,-25.03126
2798127500.0,-25.03015
2798127656.25,-25.0316
2798127812.5,-25.02789
2798127968.75,-25.03074
2798128125.0,-25.03015
2798128281.25,-25.02865
2798128437.5,-25.02768
2798128593.75,-25.02632
2798128750.0,-25.02403
2798128906.25,-25.02344
2798129062.5,-25.0206
2798129218.75,-25.02333
2798129375.0,-25.0241
2798129531.25,-25.02153
2798129687.5,-25.02196
2798129843.75,-25.02191
2798130000.0,-25.01717
2798130156.25,-25.02044
2798130312.5,-25.01782
2798130468.75,-25.01779
2798130625.0,-25.01711
2798130781.25,-25.01141
2798130937.5,-25.01431
2798131093.75,-25.00955
2798131250.0,-25.00757
2798131406.25,-25.01082
2798131562.5,-25.01117
2798131718.75,-25.00681
2798131875.0,-25.00911
2798132031.25,-25.00783
2798132187.5,-25.01037
2798132343.75,-25.00506
2798132500.0,-25.00596
2798132656.25,-25.00541
2798132812.5,-25.00577
2798132968.75,-25.00593
2798133125.0,-25.00524
2798133281.25,-25.00177
2798133437.5,-25.00148
2798133593.75,-25.00124
2798133750.0,-24.99955
2798133906.25,-25.00032
2798134062.5,-24.99744
2798134218.75,-24.99622
2798134375.0,-24.99825
2798134531.25,-24.99463
2798134687.5,-24.99479
2798134843.75,-24.99451
2798135000.0,-24.99384
2798135156.25,-24.99431
2798135312.5,-24.99156
2798135468.75,-24.99273
2798135625.0,-24.99074
2798135781.25,-24.99061
2798135937.5,-24.98948
2798136093.75,-24.98675
2798136250.0,-24.98781
2798136406.25,-24.98321
2798136562.5,-24.985
2798136718.75,-24.98342
2798136875.0,-24.9822
2798137031.25,-24.98474
2798137187.5,-24.98325
2798137343.75,-24.97884
2798137500.0,-24.97973
2798137656.25,-24.9769
2798137812.5,-24.97964
2798137968.75,-24.97615
2798138125.0,-24.97662
2798138281.25,-24.97567
2798138437.5,-24.97309
2798138593.75,-24.97242
2798138750.0,-24.97692
2798138906.25,-24.97355
2798139062.5,-24.97263
2798139218.75,-24.97156
2798139375.0,-24.97134
2798139531.25,-24.96837
2798139687.5,-24.97
2798139843.75,-24.9684
2798140000.0,-24.96757
2798140156.25,-24.96516
2798140312.5,-24.96579
2798140468.75,-24.9656
2798140625.0,-24.96261
2798140781.25,-24.96176
2798140937.5,-24.96193
2798141093.75,-24.96043
2798141250.0,-24.96029
2798141406.25,-24.96118
2798141562.5,-24.95772
2798141718.75,-24.95444
2798141875.0,-24.95876
2798142031.25,-24.95956
2798142187.5,-24.95428
2798142343.75,-24.95149
2798142500.0,-24.95454
2798142656.25,-24.95338
2798142812.5,-24.9525
2798142968.75,-24.95283
2798143125.0,-24.94902
2798143281.25,-24.94703
2798143437.5,-24.94694
2798143593.75,-24.94824
2798143750.0,-24.94663
2798143906.25,-24.94282
2798144062.5,-24.94795
2798144218.75,-24.94384
2798144375.0,-24.9449
2798144531.25,-24.9412
2798144687.5,-24.94403
2798144843.75,-24.94407
2798145000.0,-24.93981
2798145156.25,-24.94033
2798145312.5,-24.93951
2798145468.75,-24.93653
2798145625.0,-24.93889
2798145781.25,-24.9345
2798145937.5,-24.93571
2798146093.75,-24.93609
2798146250.0,-24.93394
2798146406.25,-24.93273
2798146562.5,-24.93092
2798146718.75,-24.9306
2798146875.0,-24.93249
2798147031.25,-24.92702
2798147187.5,-24.93179
2798147343.75,-24.92569
2798147500.0,-24.92904
2798147656.25,-24.92738
2798147812.5,-24.92566
2798147968.75,-24.92181
2798148125.0,-24.92335
2798148281.25,-24.92212
2798148437.5,-24.92084
2798148593.75,-24.92232
2798148750.0,-24.92345
2798148906.25,-24.92261
2798149062.5,-24.9196
2798149218.75,-24.91759
2798149375.0,-24.91626
2798149531.25,-24.9173
2798149687.5,-24.91629
2798149843.75,-24.91692
2798150000.0,-24.91378
2798150156.25,-24.91273
2798150312.5,-24.90899
2798150468.75,-24.91568
2798150625.0,-24.91299
2798150781.25,-24.90943
2798150937.5,-24.90566
2798151093.75,-24.90865
2798151250.0,-24.90724
2798151406.25,-24.90383
2798151562.5,-24.90617
2798151718.75,-24.90518
2798151875.0,-24.906
2798152031.25,-24.90531
2798152187.5,-24.90015
2798152343.75,-24.90242
2798152500.0,-24.90163
2798152656.25,-24.90265
2798152812.5,-24.89719
2798152968.75,-24.89889
2798153125.0,-24.89564
2798153281.25,-24.89753
2798153437.5,-24.89639
2798153593.75,-24.89437
2798153750.0,-24.89324
2798153906.25,-24.89452
2798154062.5,-24.89253
2798154218.75,-24.89298
2798154375.0,-24.89157
2798154531.25,-24.8902
2798154687.5,-24.88816
2798154843.75,-24.89015
2798155000.0,-24.89077
2798155156.25,-24.88777
2798155312.5,-24.88325
2798155468.75,-24.88349
2798155625.0,-24.88284
2798155781.25,-24.88541
2798155937.5,-24.88289
2798156093.75,-24.8828
2798156250.0,-24.87993
2798156406.25,-24.87964
2798156562.5,-24.87906
2798156718.75,-24.87926
2798156875.0,-24.87823
2798157031.25,-24.87799
2798157187.5,-24.87741
2798157343.75,-24.87485
2798157500.0,-24.87448
2798157656.25,-24.87474
2798157812.5,-24.87187
2798157968.75,-24.87182
2798158125.0,-24.87001
2798158281.25,-24.87015
2798158437.5,-24.86995
2798158593.75,-24.8675
2798158750.0,-24.86683
2798158906.25,-24.86882
2798159062.5,-24.86787
2798159218.75,-24.86518
2798159375.0,-24.86196
2798159531.25,-24.8636
2798159687.5,-24.86276
2798159843.75,-24.86206
2798160000.0,-24.86043
2798160156.25,-24.86293
2798160312.5,-24.86158
2798160468.75,-24.85695
2798160625.0,-24.85648
2798160781.25,-24.85746
2798160937.5,-24.85578
2798161093.75,-24.85662
2798161250.0,-24.85223
2798161406.25,-24.85493
2798161562.5,-24.85174
2798161718.75,-24.85284
2798161875.0,-24.85031
2798162031.25,-24.85024
2798162187.5,-24.84959
2798162343.75,-24.85092
2798162500.0,-24.84822
2798162656.25,-24.84645
2798162812.5,-24.8448
2798162968.75,-24.84438
2798163125.0,-24.84206
2798163281.25,-24.84447
2798163437.5,-24.84046
2798163593.75,-24.84172
2798163750.0,-24.84219
2798163906.25,-24.83914
2798164062.5,-24.83778
2798164218.75,-24.83846
2798164375.0,-24.84058
2798164531.25,-24.83897
2798164687.5,-24.84029
2798164843.75,-24.83749
2798165000.0,-24.83296
2798165156.25,-24.83386
2798165312.5,-24.8349
2798165468.75,-24.83253
2798165625.0,-24.83278
2798165781.25,-24.8321
2798165937.5,-24.82907
2798166093.75,-24.8287
2798166250.0,-24.82631
2798166406.25,-24.82719
2798166562.5,-24.82717
2798166718.75,-24.82763
2798166875.0,-24.82637
2798167031.25,-24.82521
2798167187.5,-24.82285
2798167343.75,-24.82133
2798167500.0,-24.82263
2798167656.25,-24.82011
2798167812.5,-24.82097
2798167968.75,-24.81799
2798168125.0,-24.81849
2798168281.25,-24.81614
2798168437.5,-24.81714
2798168593.75,-24.81504
2798168750.0,-24.81552
2798168906.25,-24.81462
2798169062.5,-24.8131
2798169218.75,-24.8145
2798169375.0,-24.81065
2798169531.25,-24.81057
2798169687.5,-24.80711
2798169843.75,-24.80657
2798170000.0,-24.80361
2798170156.25,-24.80436
2798170312.5,-24.80535
2798170468.75,-24.80684
2798170625.0,-24.80437
2798170781.25,-24.80489
2798170937.5,-24.80291
2798171093.75,-24.8012
2798171250.0,-24.80349
2798171406.25,-24.79884
2798171562.5,-24.80084
2798171718.75,-24.79865
2798171875.0,-24.7975
2798172031.25,-24.79948
2798172187.5,-24.79209
2798172343.75,-24.79479
2798172500.0,-24.79346
2798172656.25,-24.79309
2798172812.5,-24.7942
2798172968.75,-24.79068
2798173125.0,-24.78817
2798173281.25,-24.7923
2798173437.5,-24.78948
2798173593.75,-24.78888
2798173750.0,-24.78916
2798173906.25,-24.78786
2798174062.5,-24.78326
2798174218.75,-24.78257
2798174375.0,-24.78354
2798174531.25,-24.78256
2798174687.5,-24.78106
2798174843.75,-24.77949
2798175000.0,-24.78006
2798175156.25,-24.7825
2798175312.5,-24.77728
2798175468.75,-24.77841
2798175625.0,-24.77853
2798175781.25,-24.77485
2798175937.5,-24.77538
2798176093.75,-24.77458
2798176250.0,-24.77294
2798176406.25,-24.77341
2798176562.5,-24.77147
2798176718.75,-24.77272
2798176875.0,-24.77394
2798177031.25,-24.76635
2798177187.5,-24.77099
2798177343.75,-24.76829
2798177500.0,-24.76672
2798177656.25,-24.76534
2798177812.5,-24.76708
2798177968.75,-24.76421
2798178125.0,-24.76568
2798178281.25,-24.76207
2798178437.5,-24.76121
2798178593.75,-24.76028
2798178750.0,-24.76144
2798178906.25,-24.76168
2798179062.5,-24.75835
2798179218.75,-24.75782
2798179375.0,-24.75868
2798179531.25,-24.75702
2798179687.5,-24.75539
2798179843.75,-24.75763
2798180000.0,-24.75516
2798180156.25,-24.75348
2798180312.5,-24.75278
2798180468.75,-24.75099
2798180625.0,-24.74751
2798180781.25,-24.74822
2798180937.5,-24.74949
2798181093.75,-24.74967
2798181250.0,-24.74751
2798181406.25,-24.74461
2798181562.5,-24.74429
2798181718.75,-24.74586
2798181875.0,-24.74551
2798182031.25,-24.74108
2798182187.5,-24.73944
2798182343.75,-24.74027
2798182500.0,-24.74159
2798182656.25,-24.73813
2798182812.5,-24.74102
2798182968.75,-24.73766
2798183125.0,-24.73896
2798183281.25,-24.73651
2798183437.5,-24.73578
2798183593.75,-24.73733
2798183750.0,-24.73535
2798183906.25,-24.73406
2798184062.5,-24.73214
2798184218.75,-24.73398
2798184375.0,-24.73112
2798184531.25,-24.73273
2798184687.5,-24.7295
2798184843.75,-24.72474
2798185000.0,-24.72675
2798185156.25,-24.72421
2798185312.5,-24.72285
2798185468.75,-24.72519
2798185625.0,-24.72393
2798185781.25,-24.72602
2798185937.5,-24.7213
2798186093.75,-24.72213
2798186250.0,-24.72232
2798186406.25,-24.72071
2798186562.5,-24.72091
2798186718.75,-24.72116
2798186875.0,-24.71755
2798187031.25,-24.71628
2798187187.5,-24.7168
2798187343.75,-24.71161
2798187500.0,-24.71359
2798187656.25,-24.71313
2798187812.5,-24.71328
2798187968.75,-24.71228
2798188125.0,-24.70936
2798188281.25,-24.70897
2798188437.5,-24.70687
2798188593.75,-24.7053
2798188750.0,-24.70788
2798188906.25,-24.70419
2798189062.5,-24.70361
2798189218.75,-24.70714
2798189375.0,-24.70308
2798189531.25,-24.70138
2798189687.5,-24.70113
2798189843.75,-24.70085
2798190000.0,-24.70091
2798190156.25,-24.70133
2798190312.5,-24.69925
2798190468.75,-24.69613
2798190625.0,-24.69604
2798190781.25,-24.6965
2798190937.5,-24.69395
2798191093.75,-24.69056
2798191250.0,-24.69547
2798191406.25,-24.6913
2798191562.5,-24.69502
2798191718.75,-24.69248
2798191875.0,-24.69012
2798192031.25,-24.68674
2798192187.5,-24.68489
2798192343.75,-24.6884
2798192500.0,-24.6841
2798192656.25,-24.68656
2798192812.5,-24.68702
2798192968.75,-24.68287
2798193125.0,-24.68513
2798193281.25,-24.68034
2798193437.5,-24.68084
2798193593.75,-24.67812
2798193750.0,-24.67818
2798193906.25,-24.67739
2798194062.5,-24.67803
2798194218.75,-24.67816
2798194375.0,-24.67602
2798194531.25,-24.67559
2798194687.5,-24.67683
2798194843.75,-24.67537
2798195000.0,-24.67451
2798195156.25,-24.67357
2798195312.5,-24.67111
2798195468.75,-24.66736
2798195625.0,-24.66944
2798195781.25,-24.66795
2798195937.5,-24.66669
2798196093.75,-24.66656
2798196250.0,-24.66567
2798196406.25,-24.66545
2798196562.5,-24.661
2798196718.75,-24.66405
2798196875.0,-24.66295
2798197031.25,-24.66096
2798197187.5,-24.65738
2798197343.75,-24.65833
2798197500.0,-24.65984
2798197656.25,-24.65997
2798197812.5,-24.65727
2798197968.75,-24.65694
2798198125.0,-24.6555
2798198281.25,-24.65541
2798198437.5,-24.65927
2798198593.75,-24.64907
2798198750.0,-24.65115
2798198906.25,-24.65236
2798199062.5,-24.65011
2798199218.75,-24.65125
2798199375.0,-24.64913
2798199531.25,-24.64817
2798199687.5,-24.64804
2798199843.75,-24.64479
2798200000.0,-24.6462
2798200156.25,-24.64311
2798200312.5,-24.64568
2798200468.75,-24.64255
2798200625.0,-24.64262
2798200781.25,-24.64046
2798200937.5,-24.63913
2798201093.75,-24.64094
2798201250.0,-24.63759
2798201406.25,-24.63813
2798201562.5,-24.63649
2798201718.75,-24.6352
2798201875.0,-24.63705
2798202031.25,-24.63441
2798202187.5,-24.6341
2798202343.75,-24.63245
2798202500.0,-24.63089
2798202656.25,-24.63151
2798202812.5,-24.63099
2798202968.75,-24.63024
2798203125.0,-24.6299
2798203281.25,-24.62944
2798203437.5,-24.62658
2798203593.75,-24.62541
2798203750.0,-24.62773
2798203906.25,-24.62196
2798204062.5,-24.62714
2798204218.75,-24.6209
2798204375.0,-24.62313
2798204531.25,-24.62427
2798204687.5,-24.62119
2798204843.75,-24.61845
2798205000.0,-24.61732
2798205156.25,-24.61777
2798205312.5,-24.61929
2798205468.75,-24.61422
2798205625.0,-24.61657
2798205781.25,-24.61452
2798205937.5,-24.61041
2798206093.75,-24.61412
2798206250.0,-24.61418
2798206406.25,-24.61118
2798206562.5,-24.60933
2798206718.75,-24.61042
2798206875.0,-24.60906
2798207031.25,-24.60734
2798207187.5,-24.60613
2798207343.75,-24.60612
2798207500.0,-24.60634
2798207656.25,-24.60441
2798207812.5,-24.60214
2798207968.75,-24.60158
2798208125.0,-24.60288
2798208281.25,-24.6016
2798208437.5,-24.59962
2798208593.75,-24.59924
2798208750.0,-24.59563
2798208906.25,-24.59513
2798209062.5,-24.59451
2798209218.75,-24.5962
2798209375.0,-24.59763
2798209531.25,-24.5949
2798209687.5,-24.59256
2798209843.75,-24.59186
2798210000.0,-24.58936
2798210156.25,-24.58913
2798210312.5,-24.59138
2798210468.75,-24.5843
2798210625.0,-24.58733
2798210781.25,-24.58667
2798210937.5,-24.58656
2798211093.75,-24.58626
2798211250.0,-24.58416
2798211406.25,-24.57981
2798211562.5,-24.58376
2798211718.75,-24.58405
2798211875.0,-24.57883
2798212031.25,-24.57616
2798212187.5,-24.58149
2798212343.75,-24.57715
2798212500.0,-24.57458
2798212656.25,-24.57824
2798212812.5,-24.57667
2798212968.75,-24.57523
2798213125.0,-24.57393
2798213281.25,-24.57212
2798213437.5,-24.57163
2798213593.75,-24.56763
2798213750.0,-24.56835
2798213906.25,-24.57018
2798214062.5,-24.57132
2798214218.75,-24.56874
2798214375.0,-24.56869
2798214531.25,-24.56845
2798214687.5,-24.5676
2798214843.75,-24.56509
2798215000.0,-24.56197
2798215156.25,-24.56174
2798215312.5,-24.56124
2798215468.75,-24.56245
2798215625.0,-24.55975
2798215781.25,-24.5598
2798215937.5,-24.56043
2798216093.75,-24.55855
2798216250.0,-24.55898
2798216406.25,-24.5558
2798216562.5,-24.55261
2798216718.75,-24.55477
2798216875.0,-24.5515
2798217031.25,-24.55519
2798217187.5,-24.55409
2798217343.75,-24.55126
2798217500.0,-24.54865
2798217656.25,-24.54981
2798217812.5,-24.54512
2798217968.75,-24.54742
2798218125.0,-24.54655
2798218281.25,-24.54961
2798218437.5,-24.54583
2798218593.75,-24.54213
2798218750.0,-24.54403
2798218906.25,-24.53929
2798219062.5,-24.53846
2798219218.75,-24.54208
2798219375.0,-24.53877
2798219531.25,-24.53869
2798219687.5,-24.53751
2798219843.75,-24.53771
2798220000.0,-24.53708
2798220156.25,-24.53675
2798220312.5,-24.53359
2798220468.75,-24.53713
2798220625.0,-24.53303
2798220781.25,-24.53224
2798220937.5,-24.53268
2798221093.75,-24.52915
2798221250.0,-24.52927
2798221406.25,-24.5295
2798221562.5,-24.52748
2798221718.75,-24.52555
2798221875.0,-24.52694
2798222031.25,-24.52619
2798222187.5,-24.52329
2798222343.75,-24.52349
2798222500.0,-24.52232
2798222656.25,-24.51938
2798222812.5,-24.51734
2798222968.75,-24.51871
2798223125.0,-24.51633
2798223281.25,-24.51633
2798223437.5,-24.51574
2798223593.75,-24.51974
2798223750.0,-24.51513
2798223906.25,-24.51658
2798224062.5,-24.51168
2798224218.75,-24.51224
2798224375.0,-24.5096
2798224531.25,-24.51117
2798224687.5,-24.51037
2798224843.75,-24.51163
2798225000.0,-24.51102
2798225156.25,-24.5084
2798225312.5,-24.50432
2798225468.75,-24.50615
2798225625.0,-24.50426
2798225781.25,-24.50557
2798225937.5,-24.50383
2798226093.75,-24.50138
2798226250.0,-24.50023
2798226406.25,-24.49992
2798226562.5,-24.49812
2798226718.75,-24.49835
2798226875.0,-24.49929
2798227031.25,-24.49817
2798227187.5,-24.4953
2798227343.75,-24.49925
2798227500.0,-24.49271
2798227656.25,-24.49547
2798227812.5,-24.49272
2798227968.75,-24.49177
2798228125.0,-24.49292
2798228281.25,-24.48964
2798228437.5,-24.49061
2798228593.75,-24.4869
2798228750.0,-24.48854
2798228906.25,-24.48676
2798229062.5,-24.48742
2798229218.75,-24.48748
2798229375.0,-24.48141
2798229531.25,-24.48538
2798229687.5,-24.4831
2798229843.75,-24.48095
2798230000.0,-24.48145
2798230156.25,-24.48134
2798230312.5,-24.47846
2798230468.75,-24.47802
2798230625.0,-24.47412
2798230781.25,-24.477
2798230937.5,-24.47584
2798231093.75,-24.47554
2798231250.0,-24.47333
2798231406.25,-24.47383
2798231562.5,-24.47296
2798231718.75,-24.47025
2798231875.0,-24.47039
2798232031.25,-24.46578
2798232187.5,-24.46696
2798232343.75,-24.46495
2798232500.0,-24.46904
2798232656.25,-24.46547
2798232812.5,-24.46663
2798232968.75,-24.46306
2798233125.0,-24.46148
2798233281.25,-24.46183
2798233437.5,-24.46102
2798233593.75,-24.46005
2798233750.0,-24.46161
2798233906.25,-24.45927
2798234062.5,-24.45685
2798234218.75,-24.4552
2798234375.0,-24.45333
2798234531.25,-24.4563
2798234687.5,-24.45396
2798234843.75,-24.45433
2798235000.0,-24.45382
2798235156.25,-24.45313
2798235312.5,-24.4488
2798235468.75,-24.45071
2798235625.0,-24.45041
2798235781.25,-24.4502
2798235937.5,-24.45019
2798236093.75,-24.44575
2798236250.0,-24.44707
2798236406.25,-24.44518
2798236562.5,-24.44585
2798236718.75,-24.44296
2798236875.0,-24.43875
2798237031.25,-24.44051
2798237187.5,-24.43718
2798237343.75,-24.44038
2798237500.0,-24.44031
2798237656.25,-24.43849
2798237812.5,-24.43603
2798237968.75,-24.43822
2798238125.0,-24.43583
2798238281.25,-24.43355
2798238437.5,-24.43269
2798238593.75,-24.43281
2798238750.0,-24.43344
2798238906.25,-24.43277
2798239062.5,-24.42926
2798239218.75,-24.43234
2798239375.0,-24.42747
2798239531.25,-24.42707
2798239687.5,-24.42735
2798239843.75,-24.42704
2798240000.0,-24.42497
2798240156.25,-24.42382
2798240312.5,-24.42322
2798240468.75,-24.42085
2798240625.0,-24.4236
2798240781.25,-24.42139
2798240937.5,-24.41839
2798241093.75,-24.41698
2798241250.0,-24.41854
2798241406.25,-24.41881
2798241562.5,-24.41591
2798241718.75,-24.41553
2798241875.0,-24.41357
2798242031.25,-24.4157
2798242187.5,-24.41067
2798242343.75,-24.4094
2798242500.0,-24.40987
2798242656.25,-24.40831
2798242812.5,-24.40919
2798242968.75,-24.40932
2798243125.0,-24.40738
2798243281.25,-24.40822
2798243437.5,-24.40643
2798243593.75,-24.40413
2798243750.0,-24.40494
2798243906.25,-24.40364
2798244062.5,-24.40098
2798244218.75,-24.39634
2798244375.0,-24.40063
2798244531.25,-24.39791
2798244687.5,-24.39848
2798244843.75,-24.39837
2798245000.0,-24.39692
2798245156.25,-24.39328
2798245312.5,-24.39534
2798245468.75,-24.39197
2798245625.0,-24.3925
2798245781.25,-24.39275
2798245937.5,-24.39244
2798246093.75,-24.3918
2798246250.0,-24.38944
2798246406.25,-24.3872
2798246562.5,-24.3875
2798246718.75,-24.3877
2798246875.0,-24.38669
2798247031.25,-24.38705
2798247187.5,-24.3843
2798247343.75,-24.38358
2798247500.0,-24.38294
2798247656.25,-24.38152
2798247812.5,-24.38507
2798247968.75,-24.38122
2798248125.0,-24.37777
2798248281.25,-24.37502
2798248437.5,-24.37839
2798248593.75,-24.37715
2798248750.0,-24.37673
2798248906.25,-24.37636
2798249062.5,-24.37065
2798249218.75,-24.37194
2798249375.0,-24.36995
2798249531.25,-24.36702
2798249687.5,-24.37153
2798249843.75,-24.37121
2798250000.0,-24.36768
2798250156.25,-24.36729
2798250312.5,-24.36743
2798250468.75,-24.36712
2798250625.0,-24.36701
2798250781.25,-24.36684
2798250937.5,-24.36147
2798251093.75,-24.36091
2798251250.0,-24.36119
2798251406.25,-24.35899
2798251562.5,-24.35799
2798251718.75,-24.36109
2798251875.0,-24.35868
2798252031.25,-24.35715
2798252187.5,-24.35701
2798252343.75,-24.35524
2798252500.0,-24.35333
2798252656.25,-24.35253
2798252812.5,-24.35365
2798252968.75,-24.35006
2798253125.0,-24.35149
2798253281.25,-24.35045
2798253437.5,-24.35057
2798253593.75,-24.34879
2798253750.0,-24.3492
2798253906.25,-24.34712
2798254062.5,-24.3459
2798254218.75,-24.34502
2798254375.0,-24.34464
2798254531.25,-24.34022
2798254687.5,-24.34289
2798254843.75,-24.34256
2798255000.0,-24.33928
2798255156.25,-24.3412
2798255312.5,-24.34061
2798255468.75,-24.33839
2798255625.0,-24.33628
2798255781.25,-24.33702
2798255937.5,-24.33461
2798256093.75,-24.33802
2798256250.0,-24.33241
2798256406.25,-24.33204
2798256562.5,-24.33181
2798256718.75,-24.33298
2798256875.0,-24.32864
2798257031.25,-24.33019
2798257187.5,-24.32727
2798257343.75,-24.32735
2798257500.0,-24.3288
2798257656.25,-24.3243
2798257812.5,-24.32662
2798257968.75,-24.3249
2798258125.0,-24.32655
2798258281.25,-24.3207
2798258437.5,-24.32083
2798258593.75,-24.3217
2798258750.0,-24.31891
2798258906.25,-24.31945
2798259062.5,-24.31714
2798259218.75,-24.31652
2798259375.0,-24.31516
2798259531.25,-24.31613
2798259687.5,-24.31541
2798259843.75,-24.3149
2798260000.0,-24.31319
2798260156.25,-24.31294
2798260312.5,-24.31091
2798260468.75,-24.31207
2798260625.0,-24.30973
2798260781.25,-24.30873
2798260937.5,-24.30655
2798261093.75,-24.30711
2798261250.0,-24.3078
2798261406.25,-24.30407
2798261562.5,-24.30206
2798261718.75,-24.30318
2798261875.0,-24.3012
2798262031.25,-24.29983
2798262187.5,-24.29825
2798262343.75,-24.29577
2798262500.0,-24.29696
2798262656.25,-24.29595
2798262812.5,-24.29776
2798262968.75,-24.29422
2798263125.0,-24.29525
2798263281.25,-24.29302
2798263437.5,-24.29449
2798263593.75,-24.29112
2798263750.0,-24.29354
2798263906.25,-24.29067
2798264062.5,-24.2916
2798264218.75,-24.28795
2798264375.0,-24.28786
2798264531.25,-24.28561
2798264687.5,-24.28531
2798264843.75,-24.28469
2798265000.0,-24.28513
2798265156.25,-24.28275
2798265312.5,-24.28214
2798265468.75,-24.2821
2798265625.0,-24.27968
2798265781.25,-24.27978
2798265937.5,-24.27967
2798266093.75,-24.27856
2798266250.0,-24.27533
2798266406.25,-24.27617
2798266562.5,-24.27395
2798266718.75,-24.27489
2798266875.0,-24.27408
2798267031.25,-24.27012
2798267187.5,-24.2732
2798267343.75,-24.26992
2798267500.0,-24.26974
2798267656.25,-24.26899
2798267812.5,-24.26803
2798267968.75,-24.26888
2798268125.0,-24.26523
2798268281.25,-24.26545
2798268437.5,-24.26452
2798268593.75,-24.26873
2798268750.0,-24.26447
2798268906.25,-24.26181
2798269062.5,-24.26473
2798269218.75,-24.25778
2798269375.0,-24.2572
2798269531.25,-24.25504
2798269687.5,-24.25798
2798269843.75,-24.25609
2798270000.0,-24.25787
2798270156.25,-24.25653
2798270312.5,-24.25653
2798270468.75,-24.24967
2798270625.0,-24.25148
2798270781.25,-24.2526
2798270937.5,-24.24897
2798271093.75,-24.24734
2798271250.0,-24.2475
2798271406.25,-24.24785
2798271562.5,-24.2485
2798271718.75,-24.24389
2798271875.0,-24.24676
2798272031.25,-24.24249
2798272187.5,-24.24384
2798272343.75,-24.24298
2798272500.0,-24.24352
2798272656.25,-24.24076
2798272812.5,-24.23984
2798272968.75,-24.23985
2798273125.0,-24.23597
2798273281.25,-24.23844
2798273437.5,-24.23675
2798273593.75,-24.23372
2798273750.0,-24.23371
2798273906.25,-24.23295
2798274062.5,-24.23405
2798274218.75,-24.22952
2798274375.0,-24.22938
2798274531.25,-24.228
2798274687.5,-24.22888
2798274843.75,-24.23051
2798275000.0,-24.2276
2798275156.25,-24.2245
2798275312.5,-24.22721
2798275468.75,-24.22655
2798275625.0,-24.22508
2798275781.25,-24.22354
2798275937.5,-24.21948
2798276093.75,-24.21952
2798276250.0,-24.21927
2798276406.25,-24.21774
2798276562.5,-24.21457
2798276718.75,-24.21544
2798276875.0,-24.21527
2798277031.25,-24.21814
2798277187.5,-24.21498
2798277343.75,-24.21349
2798277500.0,-24.21369
2798277656.25,-24.21163
2798277812.5,-24.21385
2798277968.75,-24.20854
2798278125.0,-24.20707
2798278281.25,-24.20743
2798278437.5,-24.20611
2798278593.75,-24.20925
2798278750.0,-24.20614
2798278906.25,-24.20576
2798279062.5,-24.20352
2798279218.75,-24.20218
2798279375.0,-24.20031
2798279531.25,-24.20252
2798279687.5,-24.20134
2798279843.75,-24.20004
2798280000.0,-24.19577
2798280156.25,-24.19706
2798280312.5,-24.1986
2798280468.75,-24.19434
2798280625.0,-24.19798
2798280781.25,-24.19656
2798280937.5,-24.19415
2798281093.75,-24.19187
2798281250.0,-24.18893
2798281406.25,-24.19258
2798281562.5,-24.18992
2798281718.75,-24.18922
2798281875.0,-24.18551
2798282031.25,-24.18852
2798282187.5,-24.1851
2798282343.75,-24.18602
2798282500.0,-24.18462
2798282656.25,-24.18231
2798282812.5,-24.1842
2798282968.75,-24.17869
2798283125.0,-24.17897
2798283281.25,-24.17898
2798283437.5,-24.17834
2798283593.75,-24.17504
2798283750.0,-24.17655
2798283906.25,-24.1751
2798284062.5,-24.17412
2798284218.75,-24.1706
2798284375.0,-24.17315
2798284531.25,-24.17198
2798284687.5,-24.16951
2798284843.75,-24.17139
2798285000.0,-24.16757
2798285156.25,-24.16898
2798285312.5,-24.16711
2798285468.75,-24.16736
2798285625.0,-24.1673
2798285781.25,-24.15954
2798285937.5,-24.16201
2798286093.75,-24.16141
2798286250.0,-24.16369
2798286406.25,-24.1627
2798286562.5,-24.15984
2798286718.75,-24.15975
2798286875.0,-24.16128
2798287031.25,-24.15696
2798287187.5,-24.15616
2798287343.75,-24.15363
2798287500.0,-24.15314
2798287656.25,-24.15381
2798287812.5,-24.15453
2798287968.75,-24.15677
2798288125.0,-24.15012
2798288281.25,-24.1479
2798288437.5,-24.14924
2798288593.75,-24.14578
2798288750.0,-24.14695
2798288906.25,-24.15001
2798289062.5,-24.14428
2798289218.75,-24.14634
2798289375.0,-24.14574
2798289531.25,-24.1446
2798289687.5,-24.14064
2798289843.75,-24.14206
2798290000.0,-24.14298
2798290156.25,-24.13878
2798290312.5,-24.13733
2798290468.75,-24.13766
2798290625.0,-24.13652
2798290781.25,-24.13811
2798290937.5,-24.13572
2798291093.75,-24.13252
2798291250.0,-24.13385
2798291406.25,-24.13025
2798291562.5,-24.13104
2798291718.75,-24.13239
2798291875.0,-24.12947
2798292031.25,-24.13229
2798292187.5,-24.12839
2798292343.75,-24.12664
2798292500.0,-24.12446
2798292656.25,-24.12466
2798292812.5,-24.12493
2798292968.75,-24.1249
2798293125.0,-24.12513
2798293281.25,-24.12188
2798293437.5,-24.12051
2798293593.75,-24.12041
2798293750.0,-24.12189
2798293906.25,-24.12067
2798294062.5,-24.11544
2798294218.75,-24.11559
2798294375.0,-24.1144
2798294531.25,-24.11819
2798294687.5,-24.11459
2798294843.75,-24.11385
2798295000.0,-24.1134
2798295156.25,-24.11296
2798295312.5,-24.11045
2798295468.75,-24.10979
2798295625.0,-24.10631
2798295781.25,-24.10596
2798295937.5,-24.10762
2798296093.75,-24.10812
2798296250.0,-24.10446
2798296406.25,-24.10386
2798296562.5,-24.10254
2798296718.75,-24.1013
2798296875.0,-24.10167
2798297031.25,-24.10312
2798297187.5,-24.10036
2798297343.75,-24.09549
2798297500.0,-24.09982
2798297656.25,-24.09665
2798297812.5,-24.0945
2798297968.75,-24.09576
2798298125.0,-24.09612
2798298281.25,-24.09048
2798298437.5,-24.09404
2798298593.75,-24.08993
2798298750.0,-24.08982
2798298906.25,-24.09031
2798299062.5,-24.09002
2798299218.75,-24.08854
2798299375.0,-24.08792
2798299531.25,-24.08897
2798299687.5,-24.08621
2798299843.75,-24.08303
2798300000.0,-24.08319
2798300156.25,-24.08214
2798300312.5,-24.08108
2798300468.75,-24.07874
2798300625.0,-24.07968
2798300781.25,-24.07851
2798300937.5,-24.07936
2798301093.75,-24.07721
2798301250.0,-24.07603
2798301406.25,-24.07165
2798301562.5,-24.07611
2798301718.75,-24.07289
2798301875.0,-24.07279
2798302031.25,-24.06902
2798302187.5,-24.0708
2798302343.75,-24.06969
2798302500.0,-24.0692
2798302656.25,-24.06684
2798302812.5,-24.0683
2798302968.75,-24.06522
2798303125.0,-24.06696
2798303281.25,-24.06352
2798303437.5,-24.06412
2798303593.75,-24.06128
2798303750.0,-24.05996
2798303906.25,-24.06049
2798304062.5,-24.05829
2798304218.75,-24.05988
2798304375.0,-24.05534
2798304531.25,-24.05804
2798304687.5,-24.05743
2798304843.75,-24.05441
2798305000.0,-24.05209
2798305156.25,-24.05361
2798305312.5,-24.0532
2798305468.75,-24.05168
2798305625.0,-24.05341
2798305781.25,-24.04965
2798305937.5,-24.04845
2798306093.75,-24.05042
2798306250.0,-24.04918
2798306406.25,-24.04466
2798306562.5,-24.04609
2798306718.75,-24.04422
2798306875.0,-24.04497
2798307031.25,-24.04212
2798307187.5,-24.04365
2798307343.75,-24.04043
2798307500.0,-24.04109
2798307656.25,-24.03916
2798307812.5,-24.0376
2798307968.75,-24.03729
2798308125.0,-24.03527
2798308281.25,-24.03402
2798308437.5,-24.03373
2798308593.75,-24.0339
2798308750.0,-24.02969
2798308906.25,-24.03371
2798309062.5,-24.03226
2798309218.75,-24.02812
2798309375.0,-24.02894
2798309531.25,-24.02948
2798309687.5,-24.02553
2798309843.75,-24.026
2798310000.0,-24.02757
2798310156.25,-24.02443
2798310312.5,-24.02547
2798310468.75,-24.0247
2798310625.0,-24.02051
2798310781.25,-24.0199
2798310937.5,-24.01861
2798311093.75,-24.01965
2798311250.0,-24.01916
2798311406.25,-24.01562
2798311562.5,-24.01868
2798311718.75,-24.01563
2798311875.0,-24.01404
2798312031.25,-24.0108
2798312187.5,-24.01035
2798312343.75,-24.01124
2798312500.0,-24.01131
2798312656.25,-24.01044
2798312812.5,-24.00931
2798312968.75,-24.0109
2798313125.0,-24.00678
2798313281.25,-24.0068
2798313437.5,-24.00721
2798313593.75,-24.00475
2798313750.0,-24.00166
2798313906.25,-24.00188
2798314062.5,-24.00059
2798314218.75,-24.00266
2798314375.0,-23.99988
2798314531.25,-23.99829
2798314687.5,-23.99723
2798314843.75,-23.99555
2798315000.0,-23.99612
2798315156.25,-23.99521
2798315312.5,-23.99248
2798315468.75,-23.99435
2798315625.0,-23.99297
2798315781.25,-23.98862
2798315937.5,-23.99149
2798316093.75,-23.98882
2798316250.0,-23.98844
2798316406.25,-23.98495
2798316562.5,-23.98806
2798316718.75,-23.98556
2798316875.0,-23.98498
2798317031.25,-23.98418
2798317187.5,-23.98268
2798317343.75,-23.98214
2798317500.0,-23.98195
2798317656.25,-23.98081
2798317812.5,-23.98035
2798317968.75,-23.97824
2798318125.0,-23.97709
2798318281.25,-23.97433
2798318437.5,-23.97703
2798318593.75,-23.97387
2798318750.0,-23.97283
2798318906.25,-23.9736
2798319062.5,-23.97422
2798319218.75,-23.97249
2798319375.0,-23.9708
2798319531.25,-23.96969
2798319687.5,-23.97129
2798319843.75,-23.96845
2798320000.0,-23.96624
2798320156.25,-23.96576
2798320312.5,-23.96334
2798320468.75,-23.96289
2798320625.0,-23.96268
2798320781.25,-23.95905
2798320937.5,-23.96081
2798321093.75,-23.95798
2798321250.0,-23.95741
2798321406.25,-23.95759
2798321562.5,-23.9565
2798321718.75,-23.95801
2798321875.0,-23.95505
2798322031.25,-23.95474
2798322187.5,-23.95353
2798322343.75,-23.95289
2798322500.0,-23.95096
2798322656.25,-23.95083
2798322812.5,-23.95182
2798322968.75,-23.94813
2798323125.0,-23.94828
2798323281.25,-23.9466
2798323437.5,-23.94617
2798323593.75,-23.94868
2798323750.0,-23.94331
2798323906.25,-23.94268
2798324062.5,-23.94095
2798324218.75,-23.94133
2798324375.0,-23.94254
2798324531.25,-23.94145
2798324687.5,-23.9374
2798324843.75,-23.93556
2798325000.0,-23.93531
2798325156.25,-23.93492
2798325312.5,-23.9367
2798325468.75,-23.93319
2798325625.0,-23.93381
2798325781.25,-23.93249
2798325937.5,-23.93215
2798326093.75,-23.93222
2798326250.0,-23.93015
2798326406.25,-23.92837
2798326562.5,-23.92672
2798326718.75,-23.92738
2798326875.0,-23.92452
2798327031.25,-23.92411
2798327187.5,-23.92608
2798327343.75,-23.91986
2798327500.0,-23.92068
2798327656.25,-23.9219
2798327812.5,-23.91947
2798327968.75,-23.91689
2798328125.0,-23.91785
2798328281.25,-23.91625
2798328437.5,-23.91275
2798328593.75,-23.91628
2798328750.0,-23.91451
2798328906.25,-23.91242
2798329062.5,-23.91116
2798329218.75,-23.91175
2798329375.0,-23.91211
2798329531.25,-23.91418
2798329687.5,-23.90877
2798329843.75,-23.90673
2798330000.0,-23.90619
2798330156.25,-23.90554
2798330312.5,-23.90562
2798330468.75,-23.90553
2798330625.0,-23.90343
2798330781.25,-23.90375
2798330937.5,-23.90343
2798331093.75,-23.90069
2798331250.0,-23.89973
2798331406.25,-23.89789
2798331562.5,-23.89716
2798331718.75,-23.89782
2798331875.0,-23.89449
2798332031.25,-23.89645
2798332187.5,-23.89668
2798332343.75,-23.89363
2798332500.0,-23.89298
2798332656.25,-23.89357
2798332812.5,-23.88986
2798332968.75,-23.88892
2798333125.0,-23.88675
2798333281.25,-23.88873
2798333437.5,-23.8863
2798333593.75,-23.88594
2798333750.0,-23.88462
2798333906.25,-23.88339
2798334062.5,-23.88125
2798334218.75,-23.88429
2798334375.0,-23.88111
2798334531.25,-23.88174
2798334687.5,-23.87965
2798334843.75,-23.88243
2798335000.0,-23.8768
2798335156.25,-23.8749
2798335312.5,-23.87369
2798335468.75,-23.87523
2798335625.0,-23.87334
2798335781.25,-23.873
2798335937.5,-23.87452
2798336093.75,-23.86987
2798336250.0,-23.87223
2798336406.25,-23.8697
2798336562.5,-23.86912
2798336718.75,-23.86947
2798336875.0,-23.8662
2798337031.25,-23.8649
2798337187.5,-23.86271
2798337343.75,-23.8617
2798337500.0,-23.86166
2798337656.25,-23.86267
2798337812.5,-23.86242
2798337968.75,-23.85839
2798338125.0,-23.85722
2798338281.25,-23.85719
2798338437.5,-23.85938
2798338593.75,-23.85653
2798338750.0,-23.85368
2798338906.25,-23.85644
2798339062.5,-23.85351
2798339218.75,-23.85246
2798339375.0,-23.85315
2798339531.25,-23.84807
2798339687.5,-23.84809
2798339843.75,-23.84902
2798340000.0,-23.85096
2798340156.25,-23.8448
2798340312.5,-23.84631
2798340468.75,-23.84621
2798340625.0,-23.84503
2798340781.25,-23.84092
2798340937.5,-23.84278
2798341093.75,-23.83827
2798341250.0,-23.84122
2798341406.25,-23.838
2798341562.5,-23.8408
2798341718.75,-23.83884
2798341875.0,-23.83506
2798342031.25,-23.83695
2798342187.5,-23.83604
2798342343.75,-23.83314
2798342500.0,-23.83224
2798342656.25,-23.83034
2798342812.5,-23.83138
2798342968.75,-23.82794
2798343125.0,-23.82841
2798343281.25,-23.82998
2798343437.5,-23.82635
2798343593.75,-23.82413
2798343750.0,-23.82661
2798343906.25,-23.82471
2798344062.5,-23.82178
2798344218.75,-23.82055
2798344375.0,-23.82353
2798344531.25,-23.81901
2798344687.5,-23.81912
2798344843.75,-23.81756
2798345000.0,-23.81736
2798345156.25,-23.81581
2798345312.5,-23.82093
2798345468.75,-23.81361
2798345625.0,-23.81533
2798345781.25,-23.81208
2798345937.5,-23.81261
2798346093.75,-23.8112
2798346250.0,-23.8119
2798346406.25,-23.80933
2798346562.5,-23.80631
2798346718.75,-23.80935
2798346875.0,-23.80435
2798347031.25,-23.8065
2798347187.5,-23.80526
2798347343.75,-23.8065
2798347500.0,-23.80235
2798347656.25,-23.8034
2798347812.5,-23.80215
2798347968.75,-23.79944
2798348125.0,-23.79983
2798348281.25,-23.79745
2798348437.5,-23.79607
2798348593.75,-23.79767
2798348750.0,-23.79474
2798348906.25,-23.79365
2798349062.5,-23.79501
2798349218.75,-23.79185
2798349375.0,-23.7923
2798349531.25,-23.78833
2798349687.5,-23.79379
2798349843.75,-23.78834
2798350000.0,-23.78933
2798350156.25,-23.78676
2798350312.5,-23.78326
2798350468.75,-23.78539
2798350625.0,-23.78524
2798350781.25,-23.78154
2798350937.5,-23.7852
2798351093.75,-23.78129
2798351250.0,-23.78205
2798351406.25,-23.77938
2798351562.5,-23.77895
2798351718.75,-23.77483
2798351875.0,-23.77753
2798352031.25,-23.77682
2798352187.5,-23.77622
2798352343.75,-23.77414
2798352500.0,-23.77296
2798352656.25,-23.77324
2798352812.5,-23.77144
2798352968.75,-23.76949
2798353125.0,-23.76937
2798353281.25,-23.76983
2798353437.5,-23.76372
2798353593.75,-23.76628
2798353750.0,-23.76533
2798353906.25,-23.76586
2798354062.5,-23.76332
2798354218.75,-23.76534
2798354375.0,-23.7603
2798354531.25,-23.76012
2798354687.5,-23.76331
2798354843.75,-23.75786
2798355000.0,-23.7582
2798355156.25,-23.75667
2798355312.5,-23.75606
2798355468.75,-23.75627
2798355625.0,-23.75429
2798355781.25,-23.75494
2798355937.5,-23.75378
2798356093.75,-23.74887
2798356250.0,-23.74953
2798356406.25,-23.74853
2798356562.5,-23.74848
2798356718.75,-23.74421
2798356875.0,-23.74718
2798357031.25,-23.74418
2798357187.5,-23.74324
2798357343.75,-23.74188
2798357500.0,-23.74642
2798357656.25,-23.74272
2798357812.5,-23.74034
2798357968.75,-23.74043
2798358125.0,-23.73608
2798358281.25,-23.73723
2798358437.5,-23.73879
2798358593.75,-23.73845
2798358750.0,-23.73919
2798358906.25,-23.73249
2798359062.5,-23.73195
2798359218.75,-23.73295
2798359375.0,-23.73342
2798359531.25,-23.72833
2798359687.5,-23.73106
2798359843.75,-23.72874
2798360000.0,-23.72721
2798360156.25,-23.72867
2798360312.5,-23.7262
2798360468.75,-23.72785
2798360625.0,-23.72205
2798360781.25,-23.72354
2798360937.5,-23.7217
2798361093.75,-23.72147
2798361250.0,-23.71987
2798361406.25,-23.71747
2798361562.5,-23.72083
2798361718.75,-23.71778
2798361875.0,-23.7163
2798362031.25,-23.71424
2798362187.5,-23.71398
2798362343.75,-23.71472
2798362500.0,-23.7101
2798362656.25,-23.7081
2798362812.5,-23.71188
2798362968.75,-23.71221
2798363125.0,-23.7104
2798363281.25,-23.71075
2798363437.5,-23.70602
2798363593.75,-23.70599
2798363750.0,-23.70427
2798363906.25,-23.70356
2798364062.5,-23.70429
2798364218.75,-23.70476
2798364375.0,-23.701
2798364531.25,-23.70093
2798364687.5,-23.70014
2798364843.75,-23.69795
2798365000.0,-23.69761
2798365156.25,-23.69639
2798365312.5,-23.69403
2798365468.75,-23.69513
2798365625.0,-23.69418
2798365781.25,-23.69262
2798365937.5,-23.69105
2798366093.75,-23.68991
2798366250.0,-23.69175
2798366406.25,-23.69141
2798366562.5,-23.68775
2798366718.75,-23.68723
2798366875.0,-23.68772
2798367031.25,-23.68293
2798367187.5,-23.68208
2798367343.75,-23.6818
2798367500.0,-23.68164
2798367656.25,-23.68243
2798367812.5,-23.68327
2798367968.75,-23.67908
2798368125.0,-23.67764
2798368281.25,-23.67711
2798368437.5,-23.67925
2798368593.75,-23.67473
2798368750.0,-23.67471
2798368906.25,-23.67401
2798369062.5,-23.67517
2798369218.75,-23.67083
2798369375.0,-23.66942
2798369531.25,-23.67012
2798369687.5,-23.67036
2798369843.75,-23.66551
2798370000.0,-23.66694
2798370156.25,-23.66462
2798370312.5,-23.66499
2798370468.75,-23.66489
2798370625.0,-23.66159
2798370781.25,-23.6608
2798370937.5,-23.66145
2798371093.75,-23.65893
2798371250.0,-23.66044
2798371406.25,-23.65658
2798371562.5,-23.65848
2798371718.75,-23.65871
2798371875.0,-23.65606
2798372031.25,-23.65542
2798372187.5,-23.65685
2798372343.75,-23.65287
2798372500.0,-23.65348
2798372656.25,-23.64902
2798372812.5,-23.65143
2798372968.75,-23.64894
2798373125.0,-23.6462
2798373281.25,-23.64496
2798373437.5,-23.64664
2798373593.75,-23.64559
2798373750.0,-23.64397
2798373906.25,-23.64472
2798374062.5,-23.64017
2798374218.75,-23.64054
2798374375.0,-23.64066
2798374531.25,-23.64061
2798374687.5,-23.64026
2798374843.75,-23.63872
2798375000.0,-23.64059
2798375156.25,-23.63596
2798375312.5,-23.63645
2798375468.75,-23.63549
2798375625.0,-23.63202
2798375781.25,-23.63291
2798375937.5,-23.63213
2798376093.75,-23.63246
2798376250.0,-23.63014
2798376406.25,-23.62659
2798376562.5,-23.62925
2798376718.75,-23.62418
2798376875.0,-23.62485
2798377031.25,-23.6235
2798377187.5,-23.6224
2798377343.75,-23.62061
2798377500.0,-23.62314
2798377656.25,-23.62083
2798377812.5,-23.62064
2798377968.75,-23.62032
2798378125.0,-23.61714
2798378281.25,-23.61678
2798378437.5,-23.61536
2798378593.75,-23.61321
2798378750.0,-23.61324
2798378906.25,-23.61343
2798379062.5,-23.6114
2798379218.75,-23.61012
2798379375.0,-23.60821
2798379531.25,-23.6091
2798379687.5,-23.60409
2798379843.75,-23.60915
2798380000.0,-23.6083
2798380156.25,-23.60697
2798380312.5,-23.60337
2798380468.75,-23.60331
2798380625.0,-23.60246
2798380781.25,-23.60229
2798380937.5,-23.60106
2798381093.75,-23.59923
2798381250.0,-23.59871
2798381406.25,-23.59713
2798381562.5,-23.59591
2798381718.75,-23.59442
2798381875.0,-23.59344
2798382031.25,-23.59379
2798382187.5,-23.59249
2798382343.75,-23.59406
2798382500.0,-23.59178
2798382656.25,-23.59127
2798382812.5,-23.58752
2798382968.75,-23.58731
2798383125.0,-23.58882
2798383281.25,-23.58509
2798383437.5,-23.58475
2798383593.75,-23.58428
2798383750.0,-23.58281
2798383906.25,-23.5828
2798384062.5,-23.58051
2798384218.75,-23.57778
2798384375.0,-23.57837
2798384531.25,-23.57728
2798384687.5,-23.57633
2798384843.75,-23.57464
2798385000.0,-23.57435
2798385156.25,-23.57468
2798385312.5,-23.57342
2798385468.75,-23.57191
2798385625.0,-23.57434
2798385781.25,-23.56906
2798385937.5,-23.5697
2798386093.75,-23.56939
2798386250.0,-23.56655
2798386406.25,-23.57027
2798386562.5,-23.56372
2798386718.75,-23.56409
2798386875.0,-23.56434
2798387031.25,-23.56533
2798387187.5,-23.56472
2798387343.75,-23.5609
2798387500.0,-23.5603
2798387656.25,-23.56084
2798387812.5,-23.55724
2798387968.75,-23.55755
2798388125.0,-23.55702
2798388281.25,-23.55559
2798388437.5,-23.55194
2798388593.75,-23.55406
2798388750.0,-23.55348
2798388906.25,-23.5505
2798389062.5,-23.55096
2798389218.75,-23.54952
2798389375.0,-23.54943
2798389531.25,-23.54609
2798389687.5,-23.54807
2798389843.75,-23.54545
2798390000.0,-23.54778
2798390156.25,-23.54223
2798390312.5,-23.54461
2798390468.75,-23.54254
2798390625.0,-23.53903
2798390781.25,-23.53846
2798390937.5,-23.53971
2798391093.75,-23.53586
2798391250.0,-23.53629
2798391406.25,-23.53523
2798391562.5,-23.53836
2798391718.75,-23.53251
2798391875.0,-23.53281
2798392031.25,-23.5305
2798392187.5,-23.53164
2798392343.75,-23.53038
2798392500.0,-23.52858
2798392656.25,-23.52967
2798392812.5,-23.52892
2798392968.75,-23.52757
2798393125.0,-23.52756
2798393281.25,-23.52302
2798393437.5,-23.52496
2798393593.75,-23.52086
2798393750.0,-23.52306
2798393906.25,-23.51981
2798394062.5,-23.51586
2798394218.75,-23.52082
2798394375.0,-23.51739
2798394531.25,-23.51635
2798394687.5,-23.51593
2798394843.75,-23.51342
2798395000.0,-23.51421
2798395156.25,-23.51469
2798395312.5,-23.51282
2798395468.75,-23.51042
2798395625.0,-23.51016
2798395781.25,-23.50905
2798395937.5,-23.51029
2798396093.75,-23.50375
2798396250.0,-23.5084
2798396406.25,-23.50417
2798396562.5,-23.50241
2798396718.75,-23.50466
2798396875.0,-23.50201
2798397031.25,-23.5003
2798397187.5,-23.50141
2798397343.75,-23.49926
2798397500.0,-23.49722
2798397656.25,-23.49644
2798397812.5,-23.49701
2798397968.75,-23.49441
2798398125.0,-23.49436
2798398281.25,-23.49168
2798398437.5,-23.491
2798398593.75,-23.49025
2798398750.0,-23.49074
2798398906.25,-23.48721
2798399062.5,-23.48876
2798399218.75,-23.48741
2798399375.0,-23.48368
2798399531.25,-23.48816
2798399687.5,-23.48463
2798399843.75,-23.48179
2798400000.0,-23.48244
2798400156.25,-23.48289
2798400312.5,-23.47992
2798400468.75,-23.47958
2798400625.0,-23.48107
2798400781.25,-23.48002
2798400937.5,-23.47637
2798401093.75,-23.47606
2798401250.0,-23.47269
2798401406.25,-23.47366
2798401562.5,-23.47159
2798401718.75,-23.47258
2798401875.0,-23.4705
2798402031.25,-23.47061
2798402187.5,-23.47139
2798402343.75,-23.4687
2798402500.0,-23.46867
2798402656.25,-23.466
2798402812.5,-23.46384
2798402968.75,-23.46591
2798403125.0,-23.4627
2798403281.25,-23.46215
2798403437.5,-23.46049
2798403593.75,-23.46032
2798403750.0,-23.45863
2798403906.25,-23.45839
2798404062.5,-23.45827
2798404218.75,-23.45504
2798404375.0,-23.45728
2798404531.25,-23.45485
2798404687.5,-23.45163
2798404843.75,-23.45281
2798405000.0,-23.45082
2798405156.25,-23.45065
2798405312.5,-23.449
2798405468.75,-23.44882
2798405625.0,-23.44624
2798405781.25,-23.44756
2798405937.5,-23.44669
2798406093.75,-23.44284
2798406250.0,-23.44289
2798406406.25,-23.44267
2798406562.5,-23.44022
2798406718.75,-23.44089
2798406875.0,-23.44092
2798407031.25,-23.43693
2798407187.5,-23.43816
2798407343.75,-23.43485
2798407500.0,-23.43543
2798407656.25,-23.43498
2798407812.5,-23.43678
2798407968.75,-23.43318
2798408125.0,-23.43146
2798408281.25,-23.43075
2798408437.5,-23.42994
2798408593.75,-23.42899
2798408750.0,-23.4268
2798408906.25,-23.42595
2798409062.5,-23.42628
2798409218.75,-23.42507
2798409375.0,-23.42577
2798409531.25,-23.42342
2798409687.5,-23.42292
2798409843.75,-23.42085
2798410000.0,-23.41932
2798410156.25,-23.41803
2798410312.5,-23.41837
2798410468.75,-23.41942
2798410625.0,-23.41795
2798410781.25,-23.41753
2798410937.5,-23.41081
2798411093.75,-23.41385
2798411250.0,-23.4136
2798411406.25,-23.41027
2798411562.5,-23.40916
2798411718.75,-23.40968
2798411875.0,-23.40628
2798412031.25,-23.40823
2798412187.5,-23.40776
2798412343.75,-23.40638
2798412500.0,-23.40298
2798412656.25,-23.40726
2798412812.5,-23.40215
2798412968.75,-23.40199
2798413125.0,-23.40141
2798413281.25,-23.39895
2798413437.5,-23.39924
2798413593.75,-23.39749
2798413750.0,-23.39956
2798413906.25,-23.39517
2798414062.5,-23.39298
2798414218.75,-23.39276
2798414375.0,-23.39226
2798414531.25,-23.39298
2798414687.5,-23.38917
2798414843.75,-23.39214
2798415000.0,-23.39089
2798415156.25,-23.3868
2798415312.5,-23.38826
2798415468.75,-23.38555
2798415625.0,-23.38675
2798415781.25,-23.38515
2798415937.5,-23.38379
2798416093.75,-23.38184
2798416250.0,-23.38055
2798416406.25,-23.38
2798416562.5,-23.38026
2798416718.75,-23.38071
2798416875.0,-23.37815
2798417031.25,-23.3763
2798417187.5,-23.37407
2798417343.75,-23.37401
2798417500.0,-23.37216
2798417656.25,-23.37211
2798417812.5,-23.37123
2798417968.75,-23.37076
2798418125.0,-23.37078
2798418281.25,-23.36697
2798418437.5,-23.36902
2798418593.75,-23.36407
2798418750.0,-23.366
2798418906.25,-23.36644
2798419062.5,-23.36501
2798419218.75,-23.36224
2798419375.0,-23.36263
2798419531.25,-23.36098
2798419687.5,-23.3631
2798419843.75,-23.35944
2798420000.0,-23.35779
2798420156.25,-23.35933
2798420312.5,-23.3544
2798420468.75,-23.35309
2798420625.0,-23.35476
2798420781.25,-23.35279
2798420937.5,-23.35339
2798421093.75,-23.34867
2798421250.0,-23.34942
2798421406.25,-23.35024
2798421562.5,-23.34661
2798421718.75,-23.34673
2798421875.0,-23.3477
2798422031.25,-23.34449
2798422187.5,-23.34152
2798422343.75,-23.3438
2798422500.0,-23.33889
2798422656.25,-23.3414
2798422812.5,-23.34066
2798422968.75,-23.33857
2798423125.0,-23.33719
2798423281.25,-23.33885
2798423437.5,-23.33582
2798423593.75,-23.33322
2798423750.0,-23.33637
2798423906.25,-23.33409
2798424062.5,-23.3336
2798424218.75,-23.33099
2798424375.0,-23.33158
2798424531.25,-23.32959
2798424687.5,-23.32955
2798424843.75,-23.32637
2798425000.0,-23.32595
2798425156.25,-23.3267
2798425312.5,-23.32343
2798425468.75,-23.32445
2798425625.0,-23.32272
2798425781.25,-23.3197
2798425937.5,-23.31784
2798426093.75,-23.32016
2798426250.0,-23.31852
2798426406.25,-23.31631
2798426562.5,-23.31703
2798426718.75,-23.31484
2798426875.0,-23.31662
2798427031.25,-23.31475
2798427187.5,-23.31231
2798427343.75,-23.3106
2798427500.0,-23.31093
2798427656.25,-23.30975
2798427812.5,-23.30886
2798427968.75,-23.30761
2798428125.0,-23.3062
2798428281.25,-23.30594
2798428437.5,-23.30537
2798428593.75,-23.30235
2798428750.0,-23.30054
2798428906.25,-23.30048
2798429062.5,-23.3006
2798429218.75,-23.29881
2798429375.0,-23.29785
2798429531.25,-23.298
2798429687.5,-23.29604
2798429843.75,-23.29671
2798430000.0,-23.29483
2798430156.25,-23.29492
2798430312.5,-23.29433
2798430468.75,-23.29097
2798430625.0,-23.29112
2798430781.25,-23.28812
2798430937.5,-23.28859
2798431093.75,-23.28904
2798431250.0,-23.28741
2798431406.25,-23.28768
2798431562.5,-23.28449
2798431718.75,-23.28417
2798431875.0,-23.28226
2798432031.25,-23.28498
2798432187.5,-23.28219
2798432343.75,-23.2802
2798432500.0,-23.28182
2798432656.25,-23.27883
2798432812.5,-23.27575
2798432968.75,-23.27674
2798433125.0,-23.27252
2798433281.25,-23.27127
2798433437.5,-23.27231
2798433593.75,-23.27101
2798433750.0,-23.27098
2798433906.25,-23.27011
2798434062.5,-23.26862
2798434218.75,-23.26597
2798434375.0,-23.26752
2798434531.25,-23.26542
2798434687.5,-23.26426
2798434843.75,-23.26343
2798435000.0,-23.26262
2798435156.25,-23.26179
2798435312.5,-23.26283
2798435468.75,-23.25923
2798435625.0,-23.2602
2798435781.25,-23.25872
2798435937.5,-23.25691
2798436093.75,-23.25479
2798436250.0,-23.25511
2798436406.25,-23.2545
2798436562.5,-23.25439
2798436718.75,-23.25391
2798436875.0,-23.25139
2798437031.25,-23.24913
2798437187.5,-23.24796
2798437343.75,-23.24893
2798437500.0,-23.24574
2798437656.25,-23.24546
2798437812.5,-23.24595
2798437968.75,-23.24406
2798438125.0,-23.23975
2798438281.25,-23.24429
2798438437.5,-23.23958
2798438593.75,-23.24123
2798438750.0,-23.24041
2798438906.25,-23.23675
2798439062.5,-23.23853
2798439218.75,-23.23741
2798439375.0,-23.23667
2798439531.25,-23.23321
2798439687.5,-23.23104
2798439843.75,-23.23237
2798440000.0,-23.23161
2798440156.25,-23.23199
2798440312.5,-23.22798
2798440468.75,-23.22787
2798440625.0,-23.22798
2798440781.25,-23.22407
2798440937.5,-23.22622
2798441093.75,-23.22667
2798441250.0,-23.22441
2798441406.25,-23.22121
2798441562.5,-23.21878
2798441718.75,-23.2224
2798441875.0,-23.21963
2798442031.25,-23.21757
2798442187.5,-23.2175
2798442343.75,-23.21368
2798442500.0,-23.21377
2798442656.25,-23.21436
2798442812.5,-23.21288
2798442968.75,-23.21271
2798443125.0,-23.20924
2798443281.25,-23.20722
2798443437.5,-23.21016
2798443593.75,-23.20831
2798443750.0,-23.20827
2798443906.25,-23.20666
2798444062.5,-23.20469
2798444218.75,-23.20308
2798444375.0,-23.20396
2798444531.25,-23.20072
2798444687.5,-23.20213
2798444843.75,-23.19831
2798445000.0,-23.19954
2798445156.25,-23.1963
2798445312.5,-23.19606
2798445468.75,-23.19711
2798445625.0,-23.19503
2798445781.25,-23.19347
2798445937.5,-23.19238
2798446093.75,-23.19306
2798446250.0,-23.19057
2798446406.25,-23.19018
2798446562.5,-23.18817
2798446718.75,-23.188
2798446875.0,-23.18723
2798447031.25,-23.1874
2798447187.5,-23.18641
2798447343.75,-23.18497
2798447500.0,-23.18366
2798447656.25,-23.18314
2798447812.5,-23.18103
2798447968.75,-23.18041
2798448125.0,-23.1803
2798448281.25,-23.17805
2798448437.5,-23.17718
2798448593.75,-23.17801
2798448750.0,-23.17525
2798448906.25,-23.17626
2798449062.5,-23.17094
2798449218.75,-23.17249
2798449375.0,-23.1728
2798449531.25,-23.16849
2798449687.5,-23.16818
2798449843.75,-23.16719
2798450000.0,-23.16648
2798450156.25,-23.16515
2798450312.5,-23.16561
2798450468.75,-23.16589
2798450625.0,-23.16167
2798450781.25,-23.16129
2798450937.5,-23.16208
2798451093.75,-23.15806
2798451250.0,-23.15902
2798451406.25,-23.15672
2798451562.5,-23.15652
2798451718.75,-23.15528
2798451875.0,-23.15494
2798452031.25,-23.15322
2798452187.5,-23.15346
2798452343.75,-23.15175
2798452500.0,-23.15075
2798452656.25,-23.14829
2798452812.5,-23.15054
2798452968.75,-23.14856
2798453125.0,-23.14699
2798453281.25,-23.14449
2798453437.5,-23.14302
2798453593.75,-23.14332
2798453750.0,-23.14352
2798453906.25,-23.14273
2798454062.5,-23.14071
2798454218.75,-23.13951
2798454375.0,-23.13805
2798454531.25,-23.13839
2798454687.5,-23.13869
2798454843.75,-23.13528
2798455000.0,-23.13345
2798455156.25,-23.13205
2798455312.5,-23.13269
2798455468.75,-23.13384
2798455625.0,-23.13062
2798455781.25,-23.13051
2798455937.5,-23.12736
2798456093.75,-23.1245
2798456250.0,-23.12859
2798456406.25,-23.12564
2798456562.5,-23.1236
2798456718.75,-23.12292
2798456875.0,-23.12431
2798457031.25,-23.12402
2798457187.5,-23.11844
2798457343.75,-23.11773
2798457500.0,-23.12196
2798457656.25,-23.11671
2798457812.5,-23.11496
2798457968.75,-23.11599
2798458125.0,-23.11592
2798458281.25,-23.113
2798458437.5,-23.11281
2798458593.75,-23.11196
2798458750.0,-23.11201
2798458906.25,-23.11051
2798459062.5,-23.10844
2798459218.75,-23.10911
2798459375.0,-23.10467
2798459531.25,-23.10514
2798459687.5,-23.10447
2798459843.75,-23.10357
2798460000.0,-23.10398
2798460156.25,-23.10084
2798460312.5,-23.10157
2798460468.75,-23.1003
2798460625.0,-23.09833
2798460781.25,-23.09715
2798460937.5,-23.09426
2798461093.75,-23.09446
2798461250.0,-23.09248
2798461406.25,-23.09335
2798461562.5,-23.09135
2798461718.75,-23.08963
2798461875.0,-23.09031
2798462031.25,-23.09049
2798462187.5,-23.08844
2798462343.75,-23.08507
2798462500.0,-23.08489
2798462656.25,-23.08561
2798462812.5,-23.0864
2798462968.75,-23.08414
2798463125.0,-23.08258
2798463281.25,-23.07969
2798463437.5,-23.07955
2798463593.75,-23.07852
2798463750.0,-23.08046
2798463906.25,-23.07592
2798464062.5,-23.07589
2798464218.75,-23.0742
2798464375.0,-23.07626
2798464531.25,-23.07277
2798464687.5,-23.07199
2798464843.75,-23.07121
2798465000.0,-23.06788
2798465156.25,-23.06868
2798465312.5,-23.06757
2798465468.75,-23.06525
2798465625.0,-23.06792
2798465781.25,-23.06771
2798465937.5,-23.06579
2798466093.75,-23.06661
2798466250.0,-23.05996
2798466406.25,-23.05957
2798466562.5,-23.0586
2798466718.75,-23.06011
2798466875.0,-23.05696
2798467031.25,-23.05632
2798467187.5,-23.05263
2798467343.75,-23.05483
2798467500.0,-23.05231
2798467656.25,-23.05191
2798467812.5,-23.0534
2798467968.75,-23.05248
2798468125.0,-23.04972
2798468281.25,-23.05091
2798468437.5,-23.04755
2798468593.75,-23.04709
2798468750.0,-23.04684
2798468906.25,-23.04446
2798469062.5,-23.04551
2798469218.75,-23.04224
2798469375.0,-23.04303
2798469531.25,-23.04144
2798469687.5,-23.03945
2798469843.75,-23.03728
2798470000.0,-23.0361
2798470156.25,-23.03651
2798470312.5,-23.03362
2798470468.75,-23.03491
2798470625.0,-23.03219
2798470781.25,-23.03103
2798470937.5,-23.03297
2798471093.75,-23.02967
2798471250.0,-23.03017
2798471406.25,-23.02805
2798471562.5,-23.02852
2798471718.75,-23.02557
2798471875.0,-23.02368
2798472031.25,-23.02564
2798472187.5,-23.02094
2798472343.75,-23.02029
2798472500.0,-23.02274
2798472656.25,-23.02154
2798472812.5,-23.01908
2798472968.75,-23.01892
2798473125.0,-23.01705
2798473281.25,-23.01292
2798473437.5,-23.01472
2798473593.75,-23.01505
2798473750.0,-23.01301
2798473906.25,-23.01047
2798474062.5,-23.00982
2798474218.75,-23.00825
2798474375.0,-23.00795
2798474531.25,-23.00761
2798474687.5,-23.00586
2798474843.75,-23.00455
2798475000.0,-23.00369
2798475156.25,-23.00346
2798475312.5,-23.00145
2798475468.75,-23.00493
2798475625.0,-23.00128
2798475781.25,-23.00171
2798475937.5,-22.99704
2798476093.75,-22.99424
2798476250.0,-22.99503
2798476406.25,-22.99534
2798476562.5,-22.9937
2798476718.75,-22.99217
2798476875.0,-22.99419
2798477031.25,-22.99208
2798477187.5,-22.99236
2798477343.75,-22.99144
2798477500.0,-22.98691
2798477656.25,-22.98739
2798477812.5,-22.9858
2798477968.75,-22.98796
2798478125.0,-22.98467
2798478281.25,-22.98422
2798478437.5,-22.9815
2798478593.75,-22.98033
2798478750.0,-22.97988
2798478906.25,-22.97918
2798479062.5,-22.97671
2798479218.75,-22.97701
2798479375.0,-22.97735
2798479531.25,-22.97713
2798479687.5,-22.9775
2798479843.75,-22.97464
2798480000.0,-22.97397
2798480156.25,-22.97326
2798480312.5,-22.96706
2798480468.75,-22.9672
2798480625.0,-22.96647
2798480781.25,-22.96567
2798480937.5,-22.96705
2798481093.75,-22.96194
2798481250.0,-22.96479
2798481406.25,-22.96167
2798481562.5,-22.9607
2798481718.75,-22.95917
2798481875.0,-22.95896
2798482031.25,-22.95784
2798482187.5,-22.95972
2798482343.75,-22.95632
2798482500.0,-22.95409
2798482656.25,-22.9532
2798482812.5,-22.95287
2798482968.75,-22.95219
2798483125.0,-22.951
2798483281.25,-22.94951
2798483437.5,-22.94965
2798483593.75,-22.94995
2798483750.0,-22.94655
2798483906.25,-22.9463
2798484062.5,-22.94509
2798484218.75,-22.94497
2798484375.0,-22.94244
2798484531.25,-22.94191
2798484687.5,-22.94029
2798484843.75,-22.94036
2798485000.0,-22.94161
2798485156.25,-22.93892
2798485312.5,-22.9371
2798485468.75,-22.93477
2798485625.0,-22.93536
2798485781.25,-22.93228
2798485937.5,-22.93196
2798486093.75,-22.9336
2798486250.0,-22.9297
2798486406.25,-22.93213
2798486562.5,-22.9288
2798486718.75,-22.92803
2798486875.0,-22.92743
2798487031.25,-22.92523
2798487187.5,-22.92429
2798487343.75,-22.92342
2798487500.0,-22.92297
2798487656.25,-22.92305
2798487812.5,-22.91832
2798487968.75,-22.92265
2798488125.0,-22.91574
2798488281.25,-22.91727
2798488437.5,-22.91489
2798488593.75,-22.91755
2798488750.0,-22.91345
2798488906.25,-22.91344
2798489062.5,-22.91241
2798489218.75,-22.91141
2798489375.0,-22.91142
2798489531.25,-22.90916
2798489687.5,-22.90824
2798489843.75,-22.9082
2798490000.0,-22.90549
2798490156.25,-22.90414
2798490312.5,-22.90556
2798490468.75,-22.90508
2798490625.0,-22.90095
2798490781.25,-22.90025
2798490937.5,-22.90111
2798491093.75,-22.89713
2798491250.0,-22.89686
2798491406.25,-22.89332
2798491562.5,-22.89556
2798491718.75,-22.89425
2798491875.0,-22.89208
2798492031.25,-22.89287
2798492187.5,-22.88969
2798492343.75,-22.88899
2798492500.0,-22.89257
2798492656.25,-22.88861
2798492812.5,-22.88762
2798492968.75,-22.88531
2798493125.0,-22.88466
2798493281.25,-22.88641
2798493437.5,-22.88131
2798493593.75,-22.88478
2798493750.0,-22.8836
2798493906.25,-22.87952
2798494062.5,-22.87989
2798494218.75,-22.87786
2798494375.0,-22.87911
2798494531.25,-22.87644
2798494687.5,-22.87664
2798494843.75,-22.87278
2798495000.0,-22.86987
2798495156.25,-22.87013
2798495312.5,-22.86829
2798495468.75,-22.8709
2798495625.0,-22.86823
2798495781.25,-22.8671
2798495937.5,-22.86413
2798496093.75,-22.86565
2798496250.0,-22.86502
2798496406.25,-22.86213
2798496562.5,-22.86276
2798496718.75,-22.86065
2798496875.0,-22.86243
2798497031.25,-22.85918
2798497187.5,-22.85653
2798497343.75,-22.85908
2798497500.0,-22.85724
2798497656.25,-22.85403
2798497812.5,-22.85318
2798497968.75,-22.85279
2798498125.0,-22.85296
2798498281.25,-22.85075
2798498437.5,-22.85119
2798498593.75,-22.84909
2798498750.0,-22.84599
2798498906.25,-22.84729
2798499062.5,-22.84605
2798499218.75,-22.84339
2798499375.0,-22.84392
2798499531.25,-22.84071
2798499687.5,-22.8402
2798499843.75,-22.84111
2798500000.0,-22.83934
2798500156.25,-22.83991
2798500312.5,-22.83654
2798500468.75,-22.83577
2798500625.0,-22.83562
2798500781.25,-22.83495
2798500937.5,-22.83243
2798501093.75,-22.83175
2798501250.0,-22.83231
2798501406.25,-22.82969
2798501562.5,-22.82984
2798501718.75,-22.82803
2798501875.0,-22.82815
2798502031.25,-22.82583
2798502187.5,-22.82376
2798502343.75,-22.82205
2798502500.0,-22.82373
2798502656.25,-22.82006
2798502812.5,-22.82124
2798502968.75,-22.81944
2798503125.0,-22.81726
2798503281.25,-22.81752
2798503437.5,-22.81658
2798503593.75,-22.81463
2798503750.0,-22.8171
2798503906.25,-22.81009
2798504062.5,-22.81128
2798504218.75,-22.81038
2798504375.0,-22.81079
2798504531.25,-22.81125
2798504687.5,-22.80777
2798504843.75,-22.80908
2798505000.0,-22.80618
2798505156.25,-22.80719
2798505312.5,-22.80283
2798505468.75,-22.80134
2798505625.0,-22.80391
2798505781.25,-22.80038
2798505937.5,-22.79984
2798506093.75,-22.80018
2798506250.0,-22.79395
2798506406.25,-22.79639
2798506562.5,-22.79512
2798506718.75,-22.7938
2798506875.0,-22.79285
2798507031.25,-22.78884
2798507187.5,-22.79332
2798507343.75,-22.79409
2798507500.0,-22.79075
2798507656.25,-22.7906
2798507812.5,-22.78643
2798507968.75,-22.7847
2798508125.0,-22.78502
2798508281.25,-22.78514
2798508437.5,-22.78166
2798508593.75,-22.78153
2798508750.0,-22.78358
2798508906.25,-22.77928
2798509062.5,-22.77868
2798509218.75,-22.77855
2798509375.0,-22.7769
2798509531.25,-22.7769
2798509687.5,-22.77477
2798509843.75,-22.77566
2798510000.0,-22.77279
2798510156.25,-22.77234
2798510312.5,-22.76996
2798510468.75,-22.76931
2798510625.0,-22.7669
2798510781.25,-22.76683
2798510937.5,-22.764
2798511093.75,-22.76421
2798511250.0,-22.766
2798511406.25,-22.76282
2798511562.5,-22.76222
2798511718.75,-22.75977
2798511875.0,-22.75934
2798512031.25,-22.75812
2798512187.5,-22.75563
2798512343.75,-22.75589
2798512500.0,-22.75322
2798512656.25,-22.75455
2798512812.5,-22.75299
2798512968.75,-22.75153
2798513125.0,-22.7521
2798513281.25,-22.75085
2798513437.5,-22.75018
2798513593.75,-22.74818
2798513750.0,-22.74691
2798513906.25,-22.74581
2798514062.5,-22.74598
2798514218.75,-22.74463
2798514375.0,-22.74346
2798514531.25,-22.74154
2798514687.5,-22.74085
2798514843.75,-22.74034
2798515000.0,-22.73946
2798515156.25,-22.73747
2798515312.5,-22.73788
2798515468.75,-22.7362
2798515625.0,-22.73294
2798515781.25,-22.7352
2798515937.5,-22.73256
2798516093.75,-22.73158
2798516250.0,-22.73085
2798516406.25,-22.7309
2798516562.5,-22.73077
2798516718.75,-22.72871
2798516875.0,-22.7259
2798517031.25,-22.72579
2798517187.5,-22.72482
2798517343.75,-22.72259
2798517500.0,-22.72176
2798517656.25,-22.71938
2798517812.5,-22.71732
2798517968.75,-22.71753
2798518125.0,-22.71998
2798518281.25,-22.71699
2798518437.5,-22.7143
2798518593.75,-22.71494
2798518750.0,-22.71472
2798518906.25,-22.7141
2798519062.5,-22.70979
2798519218.75,-22.70999
2798519375.0,-22.70829
2798519531.25,-22.70707
2798519687.5,-22.70689
2798519843.75,-22.70479
2798520000.0,-22.70391
2798520156.25,-22.70455
2798520312.5,-22.70096
2798520468.75,-22.70173
2798520625.0,-22.70131
2798520781.25,-22.69805
2798520937.5,-22.69922
2798521093.75,-22.69811
2798521250.0,-22.69553
2798521406.25,-22.6966
2798521562.5,-22.69328
2798521718.75,-22.69312
2798521875.0,-22.69232
2798522031.25,-22.69025
2798522187.5,-22.69044
2798522343.75,-22.68749
2798522500.0,-22.68962
2798522656.25,-22.68729
2798522812.5,-22.68538
2798522968.75,-22.6859
2798523125.0,-22.68492
2798523281.25,-22.68369
2798523437.5,-22.68096
2798523593.75,-22.68042
2798523750.0,-22.68152
2798523906.25,-22.67796
2798524062.5,-22.67651
2798524218.75,-22.67697
2798524375.0,-22.67497
2798524531.25,-22.67536
2798524687.5,-22.67387
2798524843.75,-22.67148
2798525000.0,-22.66906
2798525156.25,-22.66893
2798525312.5,-22.66774
2798525468.75,-22.66813
2798525625.0,-22.66588
2798525781.25,-22.66519
2798525937.5,-22.66602
2798526093.75,-22.66101
2798526250.0,-22.66351
2798526406.25,-22.66105
2798526562.5,-22.65901
2798526718.75,-22.66041
2798526875.0,-22.66024
2798527031.25,-22.65598
2798527187.5,-22.65479
2798527343.75,-22.65485
2798527500.0,-22.65503
2798527656.25,-22.65574
2798527812.5,-22.65138
2798527968.75,-22.65157
2798528125.0,-22.64906
2798528281.25,-22.64883
2798528437.5,-22.64643
2798528593.75,-22.64742
2798528750.0,-22.64553
2798528906.25,-22.64477
2798529062.5,-22.64285
2798529218.75,-22.64344
2798529375.0,-22.64227
2798529531.25,-22.6395
2798529687.5,-22.63987
2798529843.75,-22.63677
2798530000.0,-22.63733
2798530156.25,-22.63598
2798530312.5,-22.63461
2798530468.75,-22.63398
2798530625.0,-22.63302
2798530781.25,-22.63177
2798530937.5,-22.6293
2798531093.75,-22.62969
2798531250.0,-22.62923
2798531406.25,-22.62635
2798531562.5,-22.62719
2798531718.75,-22.62656
2798531875.0,-22.62689
2798532031.25,-22.62373
2798532187.5,-22.62141
2798532343.75,-22.62224
2798532500.0,-22.61908
2798532656.25,-22.61907
2798532812.5,-22.61676
2798532968.75,-22.61631
2798533125.0,-22.61555
2798533281.25,-22.61466
2798533437.5,-22.61122
2798533593.75,-22.61151
2798533750.0,-22.6112
2798533906.25,-22.61173
2798534062.5,-22.61061
2798534218.75,-22.60823
2798534375.0,-22.60845
2798534531.25,-22.60534
2798534687.5,-22.60253
2798534843.75,-22.60671
2798535000.0,-22.6035
2798535156.25,-22.6039
2798535312.5,-22.60329
2798535468.75,-22.59926
2798535625.0,-22.60177
2798535781.25,-22.59791
2798535937.5,-22.5995
2798536093.75,-22.596
2798536250.0,-22.59545
2798536406.25,-22.59243
2798536562.5,-22.59309
2798536718.75,-22.59064
2798536875.0,-22.59112
2798537031.25,-22.58975
2798537187.5,-22.58757
2798537343.75,-22.58709
2798537500.0,-22.58667
2798537656.25,-22.58344
2798537812.5,-22.58203
2798537968.75,-22.58316
2798538125.0,-22.58101
2798538281.25,-22.57963
2798538437.5,-22.57961
2798538593.75,-22.57949
2798538750.0,-22.57886
2798538906.25,-22.57397
2798539062.5,-22.57418
2798539218.75,-22.57314
2798539375.0,-22.57501
2798539531.25,-22.57269
2798539687.5,-22.57177
2798539843.75,-22.56865
2798540000.0,-22.5702
2798540156.25,-22.56598
2798540312.5,-22.56767
2798540468.75,-22.56423
2798540625.0,-22.56357
2798540781.25,-22.56297
2798540937.5,-22.56356
2798541093.75,-22.56046
2798541250.0,-22.56188
2798541406.25,-22.55865
2798541562.5,-22.56068
2798541718.75,-22.55528
2798541875.0,-22.55491
2798542031.25,-22.55458
2798542187.5,-22.55467
2798542343.75,-22.55267
2798542500.0,-22.55054
2798542656.25,-22.55152
2798542812.5,-22.54872
2798542968.75,-22.54817
2798543125.0,-22.54766
2798543281.25,-22.54505
2798543437.5,-22.54498
2798543593.75,-22.54317
2798543750.0,-22.54166
2798543906.25,-22.53981
2798544062.5,-22.54033
2798544218.75,-22.53963
2798544375.0,-22.54007
2798544531.25,-22.5378
2798544687.5,-22.53597
2798544843.75,-22.53576
2798545000.0,-22.53447
2798545156.25,-22.53556
2798545312.5,-22.5312
2798545468.75,-22.53019
2798545625.0,-22.53036
2798545781.25,-22.5301
2798545937.5,-22.5276
2798546093.75,-22.52658
2798546250.0,-22.52634
2798546406.25,-22.52429
2798546562.5,-22.52364
2798546718.75,-22.52206
2798546875.0,-22.52215
2798547031.25,-22.51874
2798547187.5,-22.52071
2798547343.75,-22.51754
2798547500.0,-22.51626
2798547656.25,-22.51434
2798547812.5,-22.51498
2798547968.75,-22.51413
2798548125.0,-22.51637
2798548281.25,-22.51229
2798548437.5,-22.51107
2798548593.75,-22.50981
2798548750.0,-22.50845
2798548906.25,-22.50764
2798549062.5,-22.50817
2798549218.75,-22.50618
2798549375.0,-22.50428
2798549531.25,-22.50212
2798549687.5,-22.50117
2798549843.75,-22.5014
2798550000.0,-22.49964
2798550156.25,-22.4976
2798550312.5,-22.49663
2798550468.75,-22.49557
2798550625.0,-22.49814
2798550781.25,-22.49411
2798550937.5,-22.49311
2798551093.75,-22.4932
2798551250.0,-22.49167
2798551406.25,-22.48913
2798551562.5,-22.48965
2798551718.75,-22.48808
2798551875.0,-22.48731
2798552031.25,-22.48572
2798552187.5,-22.48667
2798552343.75,-22.48441
2798552500.0,-22.48382
2798552656.25,-22.48095
2798552812.5,-22.47876
2798552968.75,-22.47826
2798553125.0,-22.47953
2798553281.25,-22.47951
2798553437.5,-22.47885
2798553593.75,-22.47619
2798553750.0,-22.47269
2798553906.25,-22.47424
2798554062.5,-22.4724
2798554218.75,-22.46809
2798554375.0,-22.47039
2798554531.25,-22.46768
2798554687.5,-22.46761
2798554843.75,-22.46733
2798555000.0,-22.46492
2798555156.25,-22.46332
2798555312.5,-22.46198
2798555468.75,-22.46325
2798555625.0,-22.4614
2798555781.25,-22.45667
2798555937.5,-22.45656
2798556093.75,-22.45851
2798556250.0,-22.45802
2798556406.25,-22.45626
2798556562.5,-22.45527
2798556718.75,-22.45357
2798556875.0,-22.45264
2798557031.25,-22.45102
2798557187.5,-22.44932
2798557343.75,-22.44897
2798557500.0,-22.44823
2798557656.25,-22.44552
2798557812.5,-22.44406
2798557968.75,-22.44382
2798558125.0,-22.44268
2798558281.25,-22.44042
2798558437.5,-22.44328
2798558593.75,-22.43976
2798558750.0,-22.43955
2798558906.25,-22.43845
2798559062.5,-22.43665
2798559218.75,-22.43378
2798559375.0,-22.43581
2798559531.25,-22.43384
2798559687.5,-22.43329
2798559843.75,-22.43104
2798560000.0,-22.43019
2798560156.25,-22.42962
2798560312.5,-22.42785
2798560468.75,-22.42415
2798560625.0,-22.42536
2798560781.25,-22.42375
2798560937.5,-22.42245
2798561093.75,-22.42438
2798561250.0,-22.42483
2798561406.25,-22.42073
2798561562.5,-22.41824
2798561718.75,-22.41913
2798561875.0,-22.41585
2798562031.25,-22.41585
2798562187.5,-22.41536
2798562343.75,-22.41459
2798562500.0,-22.41299
2798562656.25,-22.41386
2798562812.5,-22.4108
2798562968.75,-22.41021
2798563125.0,-22.40655
2798563281.25,-22.40734
2798563437.5,-22.40641
2798563593.75,-22.40536
2798563750.0,-22.40363
2798563906.25,-22.40127
2798564062.5,-22.40219
2798564218.75,-22.40307
2798564375.0,-22.4017
2798564531.25,-22.39732
2798564687.5,-22.39747
2798564843.75,-22.3979
2798565000.0,-22.3966
2798565156.25,-22.39308
2798565312.5,-22.39448
2798565468.75,-22.39139
2798565625.0,-22.39004
2798565781.25,-22.38922
2798565937.5,-22.38807
2798566093.75,-22.38815
2798566250.0,-22.38694
2798566406.25,-22.38679
2798566562.5,-22.38288
2798566718.75,-22.38489
2798566875.0,-22.38309
2798567031.25,-22.38021
2798567187.5,-22.38108
2798567343.75,-22.37906
2798567500.0,-22.37798
2798567656.25,-22.37783
2798567812.5,-22.37672
2798567968.75,-22.37358
2798568125.0,-22.37392
2798568281.25,-22.37407
2798568437.5,-22.37109
2798568593.75,-22.3703
2798568750.0,-22.36957
2798568906.25,-22.36907
2798569062.5,-22.36872
2798569218.75,-22.36477
2798569375.0,-22.3648
2798569531.25,-22.36248
2798569687.5,-22.36519
2798569843.75,-22.36178
2798570000.0,-22.35938
2798570156.25,-22.35836
2798570312.5,-22.35863
2798570468.75,-22.35546
2798570625.0,-22.35609
2798570781.25,-22.35583
2798570937.5,-22.35302
2798571093.75,-22.35348
2798571250.0,-22.35118
2798571406.25,-22.35202
2798571562.5,-22.35161
2798571718.75,-22.34881
2798571875.0,-22.34584
2798572031.25,-22.34598
2798572187.5,-22.34511
2798572343.75,-22.34394
2798572500.0,-22.34271
2798572656.25,-22.34287
2798572812.5,-22.34187
2798572968.75,-22.33957
2798573125.0,-22.33823
2798573281.25,-22.33874
2798573437.5,-22.33649
2798573593.75,-22.33658
2798573750.0,-22.33449
2798573906.25,-22.33516
2798574062.5,-22.33306
2798574218.75,-22.33181
2798574375.0,-22.33078
2798574531.25,-22.33132
2798574687.5,-22.3285
2798574843.75,-22.32868
2798575000.0,-22.32507
2798575156.25,-22.32524
2798575312.5,-22.32122
2798575468.75,-22.32261
2798575625.0,-22.32019
2798575781.25,-22.31956
2798575937.5,-22.31844
2798576093.75,-22.31969
2798576250.0,-22.31546
2798576406.25,-22.31729
2798576562.5,-22.31425
2798576718.75,-22.3128
2798576875.0,-22.31191
2798577031.25,-22.3107
2798577187.5,-22.31132
2798577343.75,-22.31066
2798577500.0,-22.3086
2798577656.25,-22.30684
2798577812.5,-22.30502
2798577968.75,-22.30507
2798578125.0,-22.3047
2798578281.25,-22.30121
2798578437.5,-22.30117
2798578593.75,-22.30053
2798578750.0,-22.29753
2798578906.25,-22.29814
2798579062.5,-22.2975
2798579218.75,-22.29474
2798579375.0,-22.29268
2798579531.25,-22.29059
2798579687.5,-22.29461
2798579843.75,-22.2902
2798580000.0,-22.28967
2798580156.25,-22.28895
2798580312.5,-22.28863
2798580468.75,-22.28776
2798580625.0,-22.28596
2798580781.25,-22.28498
2798580937.5,-22.28322
2798581093.75,-22.28311
2798581250.0,-22.28191
2798581406.25,-22.28182
2798581562.5,-22.27871
2798581718.75,-22.27807
2798581875.0,-22.27694
2798582031.25,-22.27674
2798582187.5,-22.27464
2798582343.75,-22.27221
2798582500.0,-22.27187
2798582656.25,-22.26839
2798582812.5,-22.27022
2798582968.75,-22.26761
2798583125.0,-22.2667
2798583281.25,-22.26534
2798583437.5,-22.2659
2798583593.75,-22.26159
2798583750.0,-22.26356
2798583906.25,-22.26315
2798584062.5,-22.26099
2798584218.75,-22.25908
2798584375.0,-22.25948
2798584531.25,-22.25673
2798584687.5,-22.25603
2798584843.75,-22.25389
2798585000.0,-22.25415
2798585156.25,-22.25525
2798585312.5,-22.25291
2798585468.75,-22.25375
2798585625.0,-22.25147
2798585781.25,-22.24841
2798585937.5,-22.24771
2798586093.75,-22.24745
2798586250.0,-22.24651
2798586406.25,-22.24643
2798586562.5,-22.24494
2798586718.75,-22.2417
2798586875.0,-22.24275
2798587031.25,-22.23963
2798587187.5,-22.23594
2798587343.75,-22.23676
2798587500.0,-22.23609
2798587656.25,-22.23596
2798587812.5,-22.23431
2798587968.75,-22.23123
2798588125.0,-22.23137
2798588281.25,-22.23077
2798588437.5,-22.22815
2798588593.75,-22.23049
2798588750.0,-22.22659
2798588906.25,-22.2292
2798589062.5,-22.22737
2798589218.75,-22.22292
2798589375.0,-22.22475
2798589531.25,-22.22096
2798589687.5,-22.22195
2798589843.75,-22.21771
2798590000.0,-22.21946
2798590156.25,-22.21475
2798590312.5,-22.21663
2798590468.75,-22.21508
2798590625.0,-22.21387
2798590781.25,-22.21235
2798590937.5,-22.21082
2798591093.75,-22.21321
2798591250.0,-22.20884
2798591406.25,-22.20768
2798591562.5,-22.20814
2798591718.75,-22.20705
2798591875.0,-22.20696
2798592031.25,-22.20298
2798592187.5,-22.20267
2798592343.75,-22.20158
2798592500.0,-22.20051
2798592656.25,-22.20062
2798592812.5,-22.19786
2798592968.75,-22.19767
2798593125.0,-22.196
2798593281.25,-22.19574
2798593437.5,-22.1944
2798593593.75,-22.19371
2798593750.0,-22.19069
2798593906.25,-22.19081
2798594062.5,-22.18805
2798594218.75,-22.18854
2798594375.0,-22.18821
2798594531.25,-22.18769
2798594687.5,-22.18597
2798594843.75,-22.18072
2798595000.0,-22.18339
2798595156.25,-22.18108
2798595312.5,-22.18193
2798595468.75,-22.17998
2798595625.0,-22.17762
2798595781.25,-22.1778
2798595937.5,-22.17832
2798596093.75,-22.17449
2798596250.0,-22.17314
2798596406.25,-22.17403
2798596562.5,-22.17332
2798596718.75,-22.16894
2798596875.0,-22.16871
2798597031.25,-22.16828
2798597187.5,-22.16798
2798597343.75,-22.16762
2798597500.0,-22.16623
2798597656.25,-22.16442
2798597812.5,-22.1628
2798597968.75,-22.16143
2798598125.0,-22.16069
2798598281.25,-22.16043
2798598437.5,-22.15769
2798598593.75,-22.15647
2798598750.0,-22.15744
2798598906.25,-22.15618
2798599062.5,-22.15264
2798599218.75,-22.15289
2798599375.0,-22.15058
2798599531.25,-22.15107
2798599687.5,-22.14996
2798599843.75,-22.14775
2798600000.0,-22.14677
2798600156.25,-22.14421
2798600312.5,-22.14592
2798600468.75,-22.14319
2798600625.0,-22.14375
2798600781.25,-22.13914
2798600937.5,-22.13913
2798601093.75,-22.14162
2798601250.0,-22.13817
2798601406.25,-22.13734
2798601562.5,-22.13527
2798601718.75,-22.13355
2798601875.0,-22.13251
2798602031.25,-22.13319
2798602187.5,-22.129
2798602343.75,-22.12947
2798602500.0,-22.12896
2798602656.25,-22.12819
2798602812.5,-22.12692
2798602968.75,-22.12827
2798603125.0,-22.12487
2798603281.25,-22.12495
2798603437.5,-22.12157
2798603593.75,-22.12063
2798603750.0,-22.11899
2798603906.25,-22.11906
2798604062.5,-22.11671
2798604218.75,-22.11637
2798604375.0,-22.11675
2798604531.25,-22.11349
2798604687.5,-22.11321
2798604843.75,-22.11172
2798605000.0,-22.10908
2798605156.25,-22.10928
2798605312.5,-22.10704
2798605468.75,-22.10755
2798605625.0,-22.10654
2798605781.25,-22.10625
2798605937.5,-22.10378
2798606093.75,-22.10395
2798606250.0,-22.1019
2798606406.25,-22.09776
2798606562.5,-22.09845
2798606718.75,-22.09888
2798606875.0,-22.09952
2798607031.25,-22.09572
2798607187.5,-22.09394
2798607343.75,-22.09391
2798607500.0,-22.09452
2798607656.25,-22.0925
2798607812.5,-22.09219
2798607968.75,-22.08867
2798608125.0,-22.08733
2798608281.25,-22.08692
2798608437.5,-22.08555
2798608593.75,-22.08125
2798608750.0,-22.08491
2798608906.25,-22.0835
2798609062.5,-22.08117
2798609218.75,-22.08039
2798609375.0,-22.08175
2798609531.25,-22.0771
2798609687.5,-22.07723
2798609843.75,-22.07419
2798610000.0,-22.07569
2798610156.25,-22.07299
2798610312.5,-22.07024
2798610468.75,-22.07183
2798610625.0,-22.06835
2798610781.25,-22.06837
2798610937.5,-22.06834
2798611093.75,-22.06528
2798611250.0,-22.06465
2798611406.25,-22.06613
2798611562.5,-22.06258
2798611718.75,-22.06314
2798611875.0,-22.06163
2798612031.25,-22.05776
2798612187.5,-22.06035
2798612343.75,-22.05712
2798612500.0,-22.05663
2798612656.25,-22.05616
2798612812.5,-22.05374
2798612968.75,-22.05477
2798613125.0,-22.05137
2798613281.25,-22.05359
2798613437.5,-22.04906
2798613593.75,-22.04757
2798613750.0,-22.04938
2798613906.25,-22.04782
2798614062.5,-22.04643
2798614218.75,-22.04372
2798614375.0,-22.04496
2798614531.25,-22.04067
2798614687.5,-22.04022
2798614843.75,-22.03771
2798615000.0,-22.03835
2798615156.25,-22.03851
2798615312.5,-22.03469
2798615468.75,-22.03669
2798615625.0,-22.03385
2798615781.25,-22.03087
2798615937.5,-22.03169
2798616093.75,-22.03007
2798616250.0,-22.02892
2798616406.25,-22.02726
2798616562.5,-22.02642
2798616718.75,-22.02741
2798616875.0,-22.02826
2798617031.25,-22.02146
2798617187.5,-22.02295
2798617343.75,-22.02261
2798617500.0,-22.02106
2798617656.25,-22.01898
2798617812.5,-22.01988
2798617968.75,-22.01713
2798618125.0,-22.01665
2798618281.25,-22.01407
2798618437.5,-22.01324
2798618593.75,-22.01045
2798618750.0,-22.00909
2798618906.25,-22.01329
2798619062.5,-22.00913
2798619218.75,-22.00665
2798619375.0,-22.00741
2798619531.25,-22.00431
2798619687.5,-22.00394
2798619843.75,-22.00137
2798620000.0,-22.00239
2798620156.25,-22.00039
2798620312.5,-22.001
2798620468.75,-21.99887
2798620625.0,-21.99599
2798620781.25,-21.99284
2798620937.5,-21.99464
2798621093.75,-21.992
2798621250.0,-21.99361
2798621406.25,-21.99209
2798621562.5,-21.99272
2798621718.75,-21.98998
2798621875.0,-21.98896
2798622031.25,-21.98691
2798622187.5,-21.98674
2798622343.75,-21.98444
2798622500.0,-21.98449
2798622656.25,-21.98159
2798622812.5,-21.98239
2798622968.75,-21.97951
2798623125.0,-21.97932
2798623281.25,-21.97434
2798623437.5,-21.97579
2798623593.75,-21.97551
2798623750.0,-21.97444
2798623906.25,-21.9738
2798624062.5,-21.97094
2798624218.75,-21.97185
2798624375.0,-21.96964
2798624531.25,-21.96935
2798624687.5,-21.96802
2798624843.75,-21.96522
2798625000.0,-21.96505
2798625156.25,-21.96466
2798625312.5,-21.96217
2798625468.75,-21.95983
2798625625.0,-21.96259
2798625781.25,-21.95963
2798625937.5,-21.95746
2798626093.75,-21.95827
2798626250.0,-21.95809
2798626406.25,-21.95685
2798626562.5,-21.95321
2798626718.75,-21.95366
2798626875.0,-21.95024
2798627031.25,-21.94899
2798627187.5,-21.94829
2798627343.75,-21.94843
2798627500.0,-21.94813
2798627656.25,-21.94523
2798627812.5,-21.94431
2798627968.75,-21.94278
2798628125.0,-21.94261
2798628281.25,-21.94118
2798628437.5,-21.93661
2798628593.75,-21.93843
2798628750.0,-21.94103
2798628906.25,-21.93739
2798629062.5,-21.93522
2798629218.75,-21.93503
2798629375.0,-21.93274
2798629531.25,-21.92995
2798629687.5,-21.93244
2798629843.75,-21.9326
2798630000.0,-21.92724
2798630156.25,-21.92799
2798630312.5,-21.92402
2798630468.75,-21.92453
2798630625.0,-21.92223
2798630781.25,-21.92261
2798630937.5,-21.91998
2798631093.75,-21.91886
2798631250.0,-21.91903
2798631406.25,-21.91792
2798631562.5,-21.91529
2798631718.75,-21.91556
2798631875.0,-21.91502
2798632031.25,-21.91509
2798632187.5,-21.91269
2798632343.75,-21.91083
2798632500.0,-21.91101
2798632656.25,-21.90857
2798632812.5,-21.90668
2798632968.75,-21.90831
2798633125.0,-21.9049
2798633281.25,-21.90531
2798633437.5,-21.90414
2798633593.75,-21.90017
2798633750.0,-21.90049
2798633906.25,-21.89975
2798634062.5,-21.89734
2798634218.75,-21.89717
2798634375.0,-21.89545
2798634531.25,-21.89783
2798634687.5,-21.89383
2798634843.75,-21.89133
2798635000.0,-21.89301
2798635156.25,-21.89111
2798635312.5,-21.88555
2798635468.75,-21.8895
2798635625.0,-21.88657
2798635781.25,-21.8862
2798635937.5,-21.8854
2798636093.75,-21.88388
2798636250.0,-21.88062
2798636406.25,-21.88011
2798636562.5,-21.87848
2798636718.75,-21.87933
2798636875.0,-21.87661
2798637031.25,-21.87595
2798637187.5,-21.87667
2798637343.75,-21.8738
2798637500.0,-21.87163
2798637656.25,-21.87257
2798637812.5,-21.8707
2798637968.75,-21.8685
2798638125.0,-21.86963
2798638281.25,-21.86894
2798638437.5,-21.8646
2798638593.75,-21.86436
2798638750.0,-21.86358
2798638906.25,-21.86246
2798639062.5,-21.86127
2798639218.75,-21.86163
2798639375.0,-21.8582
2798639531.25,-21.85922
2798639687.5,-21.85626
2798639843.75,-21.85804
2798640000.0,-21.85465
2798640156.25,-21.85275
2798640312.5,-21.85289
2798640468.75,-21.85207
2798640625.0,-21.85113
2798640781.25,-21.84682
2798640937.5,-21.84833
2798641093.75,-21.84595
2798641250.0,-21.84554
2798641406.25,-21.84209
2798641562.5,-21.84439
2798641718.75,-21.84229
2798641875.0,-21.84132
2798642031.25,-21.83882
2798642187.5,-21.83691
2798642343.75,-21.83923
2798642500.0,-21.8378
2798642656.25,-21.83577
2798642812.5,-21.83217
2798642968.75,-21.83188
2798643125.0,-21.82861
2798643281.25,-21.83149
2798643437.5,-21.82757
2798643593.75,-21.82861
2798643750.0,-21.82636
2798643906.25,-21.82537
2798644062.5,-21.82706
2798644218.75,-21.82287
2798644375.0,-21.82307
2798644531.25,-21.82059
2798644687.5,-21.81787
2798644843.75,-21.81936
2798645000.0,-21.81633
2798645156.25,-21.81699
2798645312.5,-21.81469
2798645468.75,-21.81442
2798645625.0,-21.81134
2798645781.25,-21.81076
2798645937.5,-21.81082
2798646093.75,-21.80865
2798646250.0,-21.80745
2798646406.25,-21.80552
2798646562.5,-21.80466
2798646718.75,-21.80548
2798646875.0,-21.80384
2798647031.25,-21.80045
2798647187.5,-21.79982
2798647343.75,-21.79908
2798647500.0,-21.79723
2798647656.25,-21.79683
2798647812.5,-21.7959
2798647968.75,-21.79679
2798648125.0,-21.79497
2798648281.25,-21.79423
2798648437.5,-21.79161
2798648593.75,-21.7913
2798648750.0,-21.78901
2798648906.25,-21.78684
2798649062.5,-21.78518
2798649218.75,-21.78828
2798649375.0,-21.78635
2798649531.25,-21.78391
2798649687.5,-21.77983
2798649843.75,-21.78184
2798650000.0,-21.78068
2798650156.25,-21.7779
2798650312.5,-21.77738
2798650468.75,-21.77826
2798650625.0,-21.7768
2798650781.25,-21.77284
2798650937.5,-21.77203
2798651093.75,-21.77218
2798651250.0,-21.77046
2798651406.25,-21.76915
2798651562.5,-21.76783
2798651718.75,-21.76571
2798651875.0,-21.76716
2798652031.25,-21.76533
2798652187.5,-21.76335
2798652343.75,-21.76172
2798652500.0,-21.76132
2798652656.25,-21.7602
2798652812.5,-21.75839
2798652968.75,-21.76005
2798653125.0,-21.75627
2798653281.25,-21.75598
2798653437.5,-21.75482
2798653593.75,-21.75447
2798653750.0,-21.75152
2798653906.25,-21.75193
2798654062.5,-21.7491
2798654218.75,-21.74877
2798654375.0,-21.74698
2798654531.25,-21.74579
2798654687.5,-21.74325
2798654843.75,-21.74375
2798655000.0,-21.74177
2798655156.25,-21.74112
2798655312.5,-21.73861
2798655468.75,-21.739
2798655625.0,-21.73625
2798655781.25,-21.73573
2798655937.5,-21.73415
2798656093.75,-21.73304
2798656250.0,-21.73288
2798656406.25,-21.73256
2798656562.5,-21.72832
2798656718.75,-21.73122
2798656875.0,-21.72941
2798657031.25,-21.72661
2798657187.5,-21.72657
2798657343.75,-21.72482
2798657500.0,-21.7219
2798657656.25,-21.72248
2798657812.5,-21.7206
2798657968.75,-21.71986
2798658125.0,-21.71708
2798658281.25,-21.71786
2798658437.5,-21.71301
2798658593.75,-21.71435
2798658750.0,-21.71406
2798658906.25,-21.71364
2798659062.5,-21.71185
2798659218.75,-21.71015
2798659375.0,-21.70927
2798659531.25,-21.7065
2798659687.5,-21.70638
2798659843.75,-21.70543
2798660000.0,-21.70506
2798660156.25,-21.70446
2798660312.5,-21.70366
2798660468.75,-21.69858
2798660625.0,-21.69698
2798660781.25,-21.69688
2798660937.5,-21.69576
2798661093.75,-21.6971
2798661250.0,-21.69486
2798661406.25,-21.69393
2798661562.5,-21.69337
2798661718.75,-21.69035
2798661875.0,-21.69008
2798662031.25,-21.68821
2798662187.5,-21.68871
2798662343.75,-21.68566
2798662500.0,-21.68528
2798662656.25,-21.6843
2798662812.5,-21.68464
2798662968.75,-21.68345
2798663125.0,-21.6797
2798663281.25,-21.67759
2798663437.5,-21.67877
2798663593.75,-21.67601
2798663750.0,-21.67641
2798663906.25,-21.67364
2798664062.5,-21.67417
2798664218.75,-21.67301
2798664375.0,-21.67011
2798664531.25,-21.66993
2798664687.5,-21.66912
2798664843.75,-21.66715
2798665000.0,-21.66614
2798665156.25,-21.66307
2798665312.5,-21.66495
2798665468.75,-21.66493
2798665625.0,-21.66216
2798665781.25,-21.66014
2798665937.5,-21.65747
2798666093.75,-21.65962
2798666250.0,-21.65631
2798666406.25,-21.65568
2798666562.5,-21.65351
2798666718.75,-21.65359
2798666875.0,-21.65141
2798667031.25,-21.65161
2798667187.5,-21.64988
2798667343.75,-21.64803
2798667500.0,-21.64681
2798667656.25,-21.64553
2798667812.5,-21.64501
2798667968.75,-21.64518
2798668125.0,-21.64285
2798668281.25,-21.64434
2798668437.5,-21.6397
2798668593.75,-21.63963
2798668750.0,-21.6382
2798668906.25,-21.63837
2798669062.5,-21.63503
2798669218.75,-21.63447
2798669375.0,-21.6327
2798669531.25,-21.63273
2798669687.5,-21.62998
2798669843.75,-21.62959
2798670000.0,-21.62766
2798670156.25,-21.62957
2798670312.5,-21.6261
2798670468.75,-21.62172
2798670625.0,-21.62318
2798670781.25,-21.62376
2798670937.5,-21.62147
2798671093.75,-21.62012
2798671250.0,-21.62047
2798671406.25,-21.61869
2798671562.5,-21.61551
2798671718.75,-21.61571
2798671875.0,-21.61472
2798672031.25,-21.6133
2798672187.5,-21.61146
2798672343.75,-21.61162
2798672500.0,-21.60989
2798672656.25,-21.60749
2798672812.5,-21.60558
2798672968.75,-21.60487
2798673125.0,-21.60511
2798673281.25,-21.60164
2798673437.5,-21.60185
2798673593.75,-21.60229
2798673750.0,-21.59954
2798673906.25,-21.59987
2798674062.5,-21.59676
2798674218.75,-21.59731
2798674375.0,-21.59554
2798674531.25,-21.59369
2798674687.5,-21.59445
2798674843.75,-21.59199
2798675000.0,-21.5908
2798675156.25,-21.59134
2798675312.5,-21.58801
2798675468.75,-21.58577
2798675625.0,-21.58491
2798675781.25,-21.58476
2798675937.5,-21.58424
2798676093.75,-21.58164
2798676250.0,-21.58137
2798676406.25,-21.57912
2798676562.5,-21.57618
2798676718.75,-21.57761
2798676875.0,-21.57765
2798677031.25,-21.57603
2798677187.5,-21.57307
2798677343.75,-21.57228
2798677500.0,-21.56825
2798677656.25,-21.57007
2798677812.5,-21.56922
2798677968.75,-21.56833
2798678125.0,-21.56595
2798678281.25,-21.56588
2798678437.5,-21.56346
2798678593.75,-21.56344
2798678750.0,-21.56265
2798678906.25,-21.56029
2798679062.5,-21.55966
2798679218.75,-21.55837
2798679375.0,-21.55737
2798679531.25,-21.55502
2798679687.5,-21.55444
2798679843.75,-21.55188
2798680000.0,-21.55067
2798680156.25,-21.55126
2798680312.5,-21.55227
2798680468.75,-21.54913
2798680625.0,-21.54846
2798680781.25,-21.54551
2798680937.5,-21.5463
2798681093.75,-21.54373
2798681250.0,-21.54184
2798681406.25,-21.54086
2798681562.5,-21.5405
2798681718.75,-21.53812
2798681875.0,-21.53559
2798682031.25,-21.5356
2798682187.5,-21.53391
2798682343.75,-21.5342
2798682500.0,-21.53267
2798682656.25,-21.53391
2798682812.5,-21.53015
2798682968.75,-21.52948
2798683125.0,-21.52725
2798683281.25,-21.52581
2798683437.5,-21.52494
2798683593.75,-21.52513
2798683750.0,-21.52386
2798683906.25,-21.52255
2798684062.5,-21.5221
2798684218.75,-21.52091
2798684375.0,-21.51925
2798684531.25,-21.51803
2798684687.5,-21.51837
2798684843.75,-21.51485
2798685000.0,-21.51453
2798685156.25,-21.51542
2798685312.5,-21.51035
2798685468.75,-21.50856
2798685625.0,-21.5097
2798685781.25,-21.50698
2798685937.5,-21.50525
2798686093.75,-21.50372
2798686250.0,-21.50388
2798686406.25,-21.50385
2798686562.5,-21.50307
2798686718.75,-21.49813
2798686875.0,-21.501
2798687031.25,-21.49887
2798687187.5,-21.49666
2798687343.75,-21.49745
2798687500.0,-21.49394
2798687656.25,-21.49576
2798687812.5,-21.49126
2798687968.75,-21.49067
2798688125.0,-21.48835
2798688281.25,-21.48923
2798688437.5,-21.4886
2798688593.75,-21.48726
2798688750.0,-21.48261
2798688906.25,-21.48433
2798689062.5,-21.4814
2798689218.75,-21.48226
2798689375.0,-21.47677
2798689531.25,-21.4794
2798689687.5,-21.47783
2798689843.75,-21.47457
2798690000.0,-21.47482
2798690156.25,-21.47315
2798690312.5,-21.47213
2798690468.75,-21.46932
2798690625.0,-21.47
2798690781.25,-21.46997
2798690937.5,-21.46757
2798691093.75,-21.46692
2798691250.0,-21.46317
2798691406.25,-21.46468
2798691562.5,-21.46348
2798691718.75,-21.46053
2798691875.0,-21.45882
2798692031.25,-21.45993
2798692187.5,-21.4577
2798692343.75,-21.45959
2798692500.0,-21.45593
2798692656.25,-21.4562
2798692812.5,-21.45436
2798692968.75,-21.45191
2798693125.0,-21.45119
2798693281.25,-21.4496
2798693437.5,-21.44849
2798693593.75,-21.44833
2798693750.0,-21.44678
2798693906.25,-21.44271
2798694062.5,-21.44139
2798694218.75,-21.44337
2798694375.0,-21.44108
2798694531.25,-21.43888
2798694687.5,-21.43787
2798694843.75,-21.43572
2798695000.0,-21.43558
2798695156.25,-21.43522
2798695312.5,-21.43519
2798695468.75,-21.43082
2798695625.0,-21.43415
2798695781.25,-21.4283
2798695937.5,-21.42877
2798696093.75,-21.42866
2798696250.0,-21.42542
2798696406.25,-21.42509
2798696562.5,-21.42277
2798696718.75,-21.42276
2798696875.0,-21.42186
2798697031.25,-21.42226
2798697187.5,-21.42072
2798697343.75,-21.41657
2798697500.0,-21.41553
2798697656.25,-21.41518
2798697812.5,-21.41453
2798697968.75,-21.41297
2798698125.0,-21.41014
2798698281.25,-21.41082
2798698437.5,-21.41127
2798698593.75,-21.40843
2798698750.0,-21.40788
2798698906.25,-21.40585
2798699062.5,-21.40669
2798699218.75,-21.40518
2798699375.0,-21.40265
2798699531.25,-21.39873
2798699687.5,-21.3987
2798699843.75,-21.39958
2798700000.0,-21.39815
2798700156.25,-21.39483
2798700312.5,-21.39477
2798700468.75,-21.39278
2798700625.0,-21.3927
2798700781.25,-21.39201
2798700937.5,-21.39096
2798701093.75,-21.39126
2798701250.0,-21.38952
2798701406.25,-21.38615
2798701562.5,-21.38643
2798701718.75,-21.38469
2798701875.0,-21.38319
2798702031.25,-21.38249
2798702187.5,-21.37909
2798702343.75,-21.37773
2798702500.0,-21.37885
2798702656.25,-21.37877
2798702812.5,-21.3766
2798702968.75,-21.37429
2798703125.0,-21.37365
2798703281.25,-21.37135
2798703437.5,-21.37109
2798703593.75,-21.36872
2798703750.0,-21.36712
2798703906.25,-21.36784
2798704062.5,-21.36481
2798704218.75,-21.36225
2798704375.0,-21.36326
2798704531.25,-21.36177
2798704687.5,-21.36322
2798704843.75,-21.36041
2798705000.0,-21.35749
2798705156.25,-21.35791
2798705312.5,-21.35708
2798705468.75,-21.35475
2798705625.0,-21.35165
2798705781.25,-21.35075
2798705937.5,-21.35081
2798706093.75,-21.34733
2798706250.0,-21.34797
2798706406.25,-21.34873
2798706562.5,-21.34399
2798706718.75,-21.34445
2798706875.0,-21.34325
2798707031.25,-21.34125
2798707187.5,-21.3433
2798707343.75,-21.34231
2798707500.0,-21.33998
2798707656.25,-21.3374
2798707812.5,-21.33561
2798707968.75,-21.33663
2798708125.0,-21.33325
2798708281.25,-21.33294
2798708437.5,-21.33338
2798708593.75,-21.33091
2798708750.0,-21.32959
2798708906.25,-21.32963
2798709062.5,-21.32537
2798709218.75,-21.32528
2798709375.0,-21.3236
2798709531.25,-21.32123
2798709687.5,-21.32133
2798709843.75,-21.32043
2798710000.0,-21.31709
2798710156.25,-21.31699
2798710312.5,-21.31676
2798710468.75,-21.31652
2798710625.0,-21.31433
2798710781.25,-21.31456
2798710937.5,-21.31089
2798711093.75,-21.31199
2798711250.0,-21.30869
2798711406.25,-21.30913
2798711562.5,-21.30708
2798711718.75,-21.30447
2798711875.0,-21.30383
2798712031.25,-21.30422
2798712187.5,-21.30125
2798712343.75,-21.2986
2798712500.0,-21.29855
2798712656.25,-21.29662
2798712812.5,-21.29583
2798712968.75,-21.29518
2798713125.0,-21.29498
2798713281.25,-21.29291
2798713437.5,-21.29019
2798713593.75,-21.28973
2798713750.0,-21.2884
2798713906.25,-21.28825
2798714062.5,-21.28758
2798714218.75,-21.28717
2798714375.0,-21.284
2798714531.25,-21.28181
2798714687.5,-21.27999
2798714843.75,-21.28057
2798715000.0,-21.2791
2798715156.25,-21.27933
2798715312.5,-21.27675
2798715468.75,-21.27571
2798715625.0,-21.27311
2798715781.25,-21.27274
2798715937.5,-21.2723
2798716093.75,-21.27162
2798716250.0,-21.26884
2798716406.25,-21.26886
2798716562.5,-21.26712
2798716718.75,-21.26512
2798716875.0,-21.265
2798717031.25,-21.26438
2798717187.5,-21.26218
2798717343.75,-21.26038
2798717500.0,-21.25972
2798717656.25,-21.2579
2798717812.5,-21.25518
2798717968.75,-21.25476
2798718125.0,-21.25434
2798718281.25,-21.25408
2798718437.5,-21.25094
2798718593.75,-21.2484
2798718750.0,-21.24931
2798718906.25,-21.24715
2798719062.5,-21.24836
2798719218.75,-21.24619
2798719375.0,-21.24619
2798719531.25,-21.24404
2798719687.5,-21.24018
2798719843.75,-21.24224
2798720000.0,-21.23843
2798720156.25,-21.2393
2798720312.5,-21.23837
2798720468.75,-21.23801
2798720625.0,-21.23514
2798720781.25,-21.23289
2798720937.5,-21.23147
2798721093.75,-21.23121
2798721250.0,-21.2287
2798721406.25,-21.22994
2798721562.5,-21.22759
2798721718.75,-21.22628
2798721875.0,-21.22396
2798722031.25,-21.22478
2798722187.5,-21.22241
2798722343.75,-21.21945
2798722500.0,-21.21999
2798722656.25,-21.2186
2798722812.5,-21.21772
2798722968.75,-21.21624
2798723125.0,-21.2126
2798723281.25,-21.21396
2798723437.5,-21.21292
2798723593.75,-21.21048
2798723750.0,-21.21126
2798723906.25,-21.20814
2798724062.5,-21.20589
2798724218.75,-21.20625
2798724375.0,-21.20584
2798724531.25,-21.20433
2798724687.5,-21.20147
2798724843.75,-21.20167
2798725000.0,-21.20189
2798725156.25,-21.19807
2798725312.5,-21.19717
2798725468.75,-21.19491
2798725625.0,-21.1953
2798725781.25,-21.19299
2798725937.5,-21.19267
2798726093.75,-21.19097
2798726250.0,-21.18982
2798726406.25,-21.18795
2798726562.5,-21.18774
2798726718.75,-21.18619
2798726875.0,-21.18444
2798727031.25,-21.18243
2798727187.5,-21.18147
2798727343.75,-21.18016
2798727500.0,-21.17792
2798727656.25,-21.178
2798727812.5,-21.17565
2798727968.75,-21.1764
2798728125.0,-21.17577
2798728281.25,-21.17381
2798728437.5,-21.17341
2798728593.75,-21.17146
2798728750.0,-21.17042
2798728906.25,-21.16723
2798729062.5,-21.16754
2798729218.75,-21.16672
2798729375.0,-21.164
2798729531.25,-21.16467
2798729687.5,-21.16194
2798729843.75,-21.16007
2798730000.0,-21.16155
2798730156.25,-21.15841
2798730312.5,-21.15597
2798730468.75,-21.15664
2798730625.0,-21.15366
2798730781.25,-21.15459
2798730937.5,-21.15191
2798731093.75,-21.15214
2798731250.0,-21.15079
2798731406.25,-21.14854
2798731562.5,-21.14974
2798731718.75,-21.14424
2798731875.0,-21.14542
2798732031.25,-21.14717
2798732187.5,-21.14349
2798732343.75,-21.14148
2798732500.0,-21.1391
2798732656.25,-21.13936
2798732812.5,-21.13797
2798732968.75,-21.13636
2798733125.0,-21.13675
2798733281.25,-21.13385
2798733437.5,-21.13197
2798733593.75,-21.13181
2798733750.0,-21.12923
2798733906.25,-21.12864
2798734062.5,-21.12799
2798734218.75,-21.12621
2798734375.0,-21.12557
2798734531.25,-21.12378
2798734687.5,-21.12564
2798734843.75,-21.12022
2798735000.0,-21.1193
2798735156.25,-21.11986
2798735312.5,-21.11716
2798735468.75,-21.11718
2798735625.0,-21.11479
2798735781.25,-21.11201
2798735937.5,-21.11152
2798736093.75,-21.11248
2798736250.0,-21.10921
2798736406.25,-21.11022
2798736562.5,-21.10446
2798736718.75,-21.10581
2798736875.0,-21.10378
2798737031.25,-21.10351
2798737187.5,-21.10244
2798737343.75,-21.10145
2798737500.0,-21.09885
2798737656.25,-21.09853
2798737812.5,-21.0961
2798737968.75,-21.09615
2798738125.0,-21.09227
2798738281.25,-21.09169
2798738437.5,-21.09117
2798738593.75,-21.09076
2798738750.0,-21.0889
2798738906.25,-21.08827
2798739062.5,-21.08675
2798739218.75,-21.08557
2798739375.0,-21.08405
2798739531.25,-21.08206
2798739687.5,-21.081
2798739843.75,-21.07974
2798740000.0,-21.08104
2798740156.25,-21.07915
2798740312.5,-21.07646
2798740468.75,-21.07392
2798740625.0,-21.07463
2798740781.25,-21.07153
2798740937.5,-21.07043
2798741093.75,-21.07018
2798741250.0,-21.06936
2798741406.25,-21.06873
2798741562.5,-21.06607
2798741718.75,-21.06564
2798741875.0,-21.06314
2798742031.25,-21.06245
2798742187.5,-21.06182
2798742343.75,-21.06145
2798742500.0,-21.06017
2798742656.25,-21.05858
2798742812.5,-21.05761
2798742968.75,-21.05446
2798743125.0,-21.05333
2798743281.25,-21.05252
2798743437.5,-21.05381
2798743593.75,-21.05028
2798743750.0,-21.04928
2798743906.25,-21.04949
2798744062.5,-21.04564
2798744218.75,-21.04612
2798744375.0,-21.04372
2798744531.25,-21.04478
2798744687.5,-21.04197
2798744843.75,-21.03731
2798745000.0,-21.03942
2798745156.25,-21.03758
2798745312.5,-21.0373
2798745468.75,-21.03527
2798745625.0,-21.03458
2798745781.25,-21.03134
2798745937.5,-21.03233
2798746093.75,-21.02785
2798746250.0,-21.03029
2798746406.25,-21.02741
2798746562.5,-21.02646
2798746718.75,-21.02465
2798746875.0,-21.02373
2798747031.25,-21.02144
2798747187.5,-21.02005
2798747343.75,-21.01899
2798747500.0,-21.01925
2798747656.25,-21.01822
2798747812.5,-21.01562
2798747968.75,-21.01365
2798748125.0,-21.01381
2798748281.25,-21.01147
2798748437.5,-21.0127
2798748593.75,-21.00757
2798748750.0,-21.0088
2798748906.25,-21.00785
2798749062.5,-21.00688
2798749218.75,-21.0031
2798749375.0,-20.99991
2798749531.25,-21.00119
2798749687.5,-21.00135
2798749843.75,-20.99898
2798750000.0,-20.99831
2798750156.25,-20.9977
2798750312.5,-20.99508
2798750468.75,-20.99353
2798750625.0,-20.99216
2798750781.25,-20.99233
2798750937.5,-20.9926
2798751093.75,-20.99207
2798751250.0,-20.98675
2798751406.25,-20.9879
2798751562.5,-20.98468
2798751718.75,-20.98299
2798751875.0,-20.98065
2798752031.25,-20.9807
2798752187.5,-20.98051
2798752343.75,-20.98084
2798752500.0,-20.97584
2798752656.25,-20.97613
2798752812.5,-20.97435
2798752968.75,-20.97341
2798753125.0,-20.97259
2798753281.25,-20.97082
2798753437.5,-20.96989
2798753593.75,-20.96804
2798753750.0,-20.96638
2798753906.25,-20.96655
2798754062.5,-20.96749
2798754218.75,-20.96306
2798754375.0,-20.96322
2798754531.25,-20.9618
2798754687.5,-20.96115
2798754843.75,-20.95895
2798755000.0,-20.95768
2798755156.25,-20.95563
2798755312.5,-20.95522
2798755468.75,-20.95293
2798755625.0,-20.95439
2798755781.25,-20.95079
2798755937.5,-20.9487
2798756093.75,-20.94859
2798756250.0,-20.94725
2798756406.25,-20.94541
2798756562.5,-20.94543
2798756718.75,-20.9456
2798756875.0,-20.94039
2798757031.25,-20.94008
2798757187.5,-20.93992
2798757343.75,-20.93706
2798757500.0,-20.93804
2798757656.25,-20.93602
2798757812.5,-20.93436
2798757968.75,-20.93436
2798758125.0,-20.93155
2798758281.25,-20.93043
2798758437.5,-20.93028
2798758593.75,-20.92912
2798758750.0,-20.9274
2798758906.25,-20.92442
2798759062.5,-20.92401
2798759218.75,-20.92202
2798759375.0,-20.92134
2798759531.25,-20.92001
2798759687.5,-20.91873
2798759843.75,-20.91703
2798760000.0,-20.91552
2798760156.25,-20.91514
2798760312.5,-20.91214
2798760468.75,-20.91266
2798760625.0,-20.91141
2798760781.25,-20.91081
2798760937.5,-20.90777
2798761093.75,-20.90831
2798761250.0,-20.90635
2798761406.25,-20.90482
2798761562.5,-20.90369
2798761718.75,-20.9021
2798761875.0,-20.8991
2798762031.25,-20.8995
2798762187.5,-20.90042
2798762343.75,-20.89751
2798762500.0,-20.89478
2798762656.25,-20.89408
2798762812.5,-20.8922
2798762968.75,-20.89083
2798763125.0,-20.8903
2798763281.25,-20.88767
2798763437.5,-20.88722
2798763593.75,-20.88683
2798763750.0,-20.88446
2798763906.25,-20.88343
2798764062.5,-20.88179
2798764218.75,-20.88002
2798764375.0,-20.87969
2798764531.25,-20.87881
2798764687.5,-20.87863
2798764843.75,-20.87474
2798765000.0,-20.87547
2798765156.25,-20.87407
2798765312.5,-20.87256
2798765468.75,-20.86967
2798765625.0,-20.87092
2798765781.25,-20.87074
2798765937.5,-20.86702
2798766093.75,-20.86782
2798766250.0,-20.86564
2798766406.25,-20.86315
2798766562.5,-20.86136
2798766718.75,-20.86196
2798766875.0,-20.85921
2798767031.25,-20.85779
2798767187.5,-20.85675
2798767343.75,-20.85572
2798767500.0,-20.85488
2798767656.25,-20.85572
2798767812.5,-20.85191
2798767968.75,-20.84948
2798768125.0,-20.84719
2798768281.25,-20.8466
2798768437.5,-20.84621
2798768593.75,-20.84545
2798768750.0,-20.84427
2798768906.25,-20.84437
2798769062.5,-20.84038
2798769218.75,-20.8413
2798769375.0,-20.84043
2798769531.25,-20.83841
2798769687.5,-20.83785
2798769843.75,-20.83476
2798770000.0,-20.83355
2798770156.25,-20.83078
2798770312.5,-20.83029
2798770468.75,-20.82969
2798770625.0,-20.82971
2798770781.25,-20.83038
2798770937.5,-20.82473
2798771093.75,-20.82267
2798771250.0,-20.82249
2798771406.25,-20.82164
2798771562.5,-20.82188
2798771718.75,-20.81894
2798771875.0,-20.8185
2798772031.25,-20.81843
2798772187.5,-20.81391
2798772343.75,-20.81394
2798772500.0,-20.81306
2798772656.25,-20.81071
2798772812.5,-20.81125
2798772968.75,-20.80777
2798773125.0,-20.80805
2798773281.25,-20.80509
2798773437.5,-20.80444
2798773593.75,-20.80367
2798773750.0,-20.80311
2798773906.25,-20.80117
2798774062.5,-20.79928
2798774218.75,-20.79917
2798774375.0,-20.79741
2798774531.25,-20.79722
2798774687.5,-20.79369
2798774843.75,-20.79072
2798775000.0,-20.79296
2798775156.25,-20.79297
2798775312.5,-20.79253
2798775468.75,-20.78825
2798775625.0,-20.78708
2798775781.25,-20.78349
2798775937.5,-20.78265
2798776093.75,-20.78196
2798776250.0,-20.78143
2798776406.25,-20.7797
2798776562.5,-20.77702
2798776718.75,-20.77829
2798776875.0,-20.77654
2798777031.25,-20.77487
2798777187.5,-20.77691
2798777343.75,-20.77198
2798777500.0,-20.77313
2798777656.25,-20.76924
2798777812.5,-20.76875
2798777968.75,-20.76681
2798778125.0,-20.76359
2798778281.25,-20.76562
2798778437.5,-20.76359
2798778593.75,-20.75984
2798778750.0,-20.76035
2798778906.25,-20.75987
2798779062.5,-20.75879
2798779218.75,-20.75705
2798779375.0,-20.75603
2798779531.25,-20.75279
2798779687.5,-20.75388
2798779843.75,-20.75229
2798780000.0,-20.74984
2798780156.25,-20.74719
2798780312.5,-20.74625
2798780468.75,-20.74644
2798780625.0,-20.74746
2798780781.25,-20.74291
2798780937.5,-20.73962
2798781093.75,-20.74158
2798781250.0,-20.73921
2798781406.25,-20.73689
2798781562.5,-20.73879
2798781718.75,-20.73508
2798781875.0,-20.73398
2798782031.25,-20.73248
2798782187.5,-20.73234
2798782343.75,-20.73106
2798782500.0,-20.72947
2798782656.25,-20.72792
2798782812.5,-20.72544
2798782968.75,-20.72326
2798783125.0,-20.72333
2798783281.25,-20.72334
2798783437.5,-20.7217
2798783593.75,-20.71932
2798783750.0,-20.71954
2798783906.25,-20.718
2798784062.5,-20.71654
2798784218.75,-20.71551
2798784375.0,-20.71406
2798784531.25,-20.71166
2798784687.5,-20.71177
2798784843.75,-20.70976
2798785000.0,-20.70896
2798785156.25,-20.70625
2798785312.5,-20.70793
2798785468.75,-20.70142
2798785625.0,-20.70196
2798785781.25,-20.70135
2798785937.5,-20.70097
2798786093.75,-20.69797
2798786250.0,-20.69655
2798786406.25,-20.69723
2798786562.5,-20.69557
2798786718.75,-20.69465
2798786875.0,-20.69093
2798787031.25,-20.69027
2798787187.5,-20.68949
2798787343.75,-20.68659
2798787500.0,-20.68472
2798787656.25,-20.68661
2798787812.5,-20.68406
2798787968.75,-20.68179
2798788125.0,-20.68337
2798788281.25,-20.68157
2798788437.5,-20.6771
2798788593.75,-20.67598
2798788750.0,-20.67811
2798788906.25,-20.67512
2798789062.5,-20.67267
2798789218.75,-20.67253
2798789375.0,-20.67134
2798789531.25,-20.66801
2798789687.5,-20.66817
2798789843.75,-20.66821
2798790000.0,-20.66433
2798790156.25,-20.6641
2798790312.5,-20.6633
2798790468.75,-20.66076
2798790625.0,-20.6605
2798790781.25,-20.66025
2798790937.5,-20.65714
2798791093.75,-20.6562
2798791250.0,-20.65479
2798791406.25,-20.65522
2798791562.5,-20.65083
2798791718.75,-20.65079
2798791875.0,-20.65251
2798792031.25,-20.648
2798792187.5,-20.64825
2798792343.75,-20.64432
2798792500.0,-20.64311
2798792656.25,-20.64157
2798792812.5,-20.64329
2798792968.75,-20.641
2798793125.0,-20.6391
2798793281.25,-20.63793
2798793437.5,-20.63822
2798793593.75,-20.63691
2798793750.0,-20.63529
2798793906.25,-20.63149
2798794062.5,-20.63216
2798794218.75,-20.63009
2798794375.0,-20.63184
2798794531.25,-20.62636
2798794687.5,-20.62609
2798794843.75,-20.62636
2798795000.0,-20.62526
2798795156.25,-20.62261
2798795312.5,-20.62169
2798795468.75,-20.61995
2798795625.0,-20.61861
2798795781.25,-20.61824
2798795937.5,-20.61423
2798796093.75,-20.61286
2798796250.0,-20.61086
2798796406.25,-20.61177
2798796562.5,-20.60919
2798796718.75,-20.60824
2798796875.0,-20.60638
2798797031.25,-20.60518
2798797187.5,-20.60406
2798797343.75,-20.60455
2798797500.0,-20.60319
2798797656.25,-20.60197
2798797812.5,-20.60015
2798797968.75,-20.59887
2798798125.0,-20.59576
2798798281.25,-20.59721
2798798437.5,-20.59385
2798798593.75,-20.59389
2798798750.0,-20.59215
2798798906.25,-20.59055
2798799062.5,-20.58784
2798799218.75,-20.58742
2798799375.0,-20.5865
2798799531.25,-20.58472
2798799687.5,-20.5841
2798799843.75,-20.58041
2798800000.0,-20.58001
2798800156.25,-20.57896
2798800312.5,-20.57855
2798800468.75,-20.57551
2798800625.0,-20.57673
2798800781.25,-20.57528
2798800937.5,-20.57227
2798801093.75,-20.57218
2798801250.0,-20.56964
2798801406.25,-20.56887
2798801562.5,-20.56809
2798801718.75,-20.56734
2798801875.0,-20.56404
2798802031.25,-20.56388
2798802187.5,-20.56191
2798802343.75,-20.56147
2798802500.0,-20.55949
2798802656.25,-20.55973
2798802812.5,-20.55771
2798802968.75,-20.5566
2798803125.0,-20.556
2798803281.25,-20.5536
2798803437.5,-20.54989
2798803593.75,-20.55
2798803750.0,-20.54862
2798803906.25,-20.54756
2798804062.5,-20.54722
2798804218.75,-20.5453
2798804375.0,-20.54589
2798804531.25,-20.54237
2798804687.5,-20.54099
2798804843.75,-20.54033
2798805000.0,-20.53766
2798805156.25,-20.53811
2798805312.5,-20.53461
2798805468.75,-20.53445
2798805625.0,-20.53165
2798805781.25,-20.53187
2798805937.5,-20.53006
2798806093.75,-20.52798
2798806250.0,-20.52785
2798806406.25,-20.52593
2798806562.5,-20.52558
2798806718.75,-20.52213
2798806875.0,-20.52363
2798807031.25,-20.51913
2798807187.5,-20.51977
2798807343.75,-20.51955
2798807500.0,-20.51864
2798807656.25,-20.5157
2798807812.5,-20.51278
2798807968.75,-20.51095
2798808125.0,-20.5111
2798808281.25,-20.50975
2798808437.5,-20.50865
2798808593.75,-20.50487
2798808750.0,-20.50786
2798808906.25,-20.50481
2798809062.5,-20.50404
2798809218.75,-20.50286
2798809375.0,-20.50047
2798809531.25,-20.49855
2798809687.5,-20.49857
2798809843.75,-20.49604
2798810000.0,-20.49626
2798810156.25,-20.49317
2798810312.5,-20.49332
2798810468.75,-20.4912
2798810625.0,-20.48995
2798810781.25,-20.48932
2798810937.5,-20.48853
2798811093.75,-20.48628
2798811250.0,-20.48413
2798811406.25,-20.48299
2798811562.5,-20.48145
2798811718.75,-20.48164
2798811875.0,-20.47783
2798812031.25,-20.47627
2798812187.5,-20.47711
2798812343.75,-20.47499
2798812500.0,-20.47423
2798812656.25,-20.47472
2798812812.5,-20.47245
2798812968.75,-20.46735
2798813125.0,-20.46803
2798813281.25,-20.46768
2798813437.5,-20.46506
2798813593.75,-20.46506
2798813750.0,-20.4622
2798813906.25,-20.46018
2798814062.5,-20.45923
2798814218.75,-20.45782
2798814375.0,-20.45724
2798814531.25,-20.45568
2798814687.5,-20.45365
2798814843.75,-20.45273
2798815000.0,-20.45144
2798815156.25,-20.44842
2798815312.5,-20.44997
2798815468.75,-20.44667
2798815625.0,-20.44711
2798815781.25,-20.44491
2798815937.5,-20.44309
2798816093.75,-20.44408
2798816250.0,-20.44142
2798816406.25,-20.44086
2798816562.5,-20.43858
2798816718.75,-20.43677
2798816875.0,-20.436
2798817031.25,-20.4327
2798817187.5,-20.43243
2798817343.75,-20.43051
2798817500.0,-20.43033
2798817656.25,-20.42927
2798817812.5,-20.42615
2798817968.75,-20.42666
2798818125.0,-20.42496
2798818281.25,-20.42348
2798818437.5,-20.42242
2798818593.75,-20.42044
2798818750.0,-20.41883
2798818906.25,-20.4176
2798819062.5,-20.41827
2798819218.75,-20.41283
2798819375.0,-20.41549
2798819531.25,-20.41349
2798819687.5,-20.40977
2798819843.75,-20.40784
2798820000.0,-20.40662
2798820156.25,-20.40852
2798820312.5,-20.40551
2798820468.75,-20.40486
2798820625.0,-20.40325
2798820781.25,-20.40236
2798820937.5,-20.40056
2798821093.75,-20.4001
2798821250.0,-20.39777
2798821406.25,-20.39432
2798821562.5,-20.39684
2798821718.75,-20.39396
2798821875.0,-20.39257
2798822031.25,-20.39139
2798822187.5,-20.38925
2798822343.75,-20.38706
2798822500.0,-20.38764
2798822656.25,-20.38667
2798822812.5,-20.38462
2798822968.75,-20.38242
2798823125.0,-20.3808
2798823281.25,-20.37931
2798823437.5,-20.37757
2798823593.75,-20.37932
2798823750.0,-20.376
2798823906.25,-20.37371
2798824062.5,-20.37233
2798824218.75,-20.37232
2798824375.0,-20.37025
2798824531.25,-20.36853
2798824687.5,-20.36707
2798824843.75,-20.3683
2798825000.0,-20.36366
2798825156.25,-20.36345
2798825312.5,-20.36158
2798825468.75,-20.36074
2798825625.0,-20.35997
2798825781.25,-20.3571
2798825937.5,-20.35715
2798826093.75,-20.3551
2798826250.0,-20.35437
2798826406.25,-20.3518
2798826562.5,-20.34926
2798826718.75,-20.35032
2798826875.0,-20.34875
2798827031.25,-20.34684
2798827187.5,-20.34703
2798827343.75,-20.34658
2798827500.0,-20.34072
2798827656.25,-20.34313
2798827812.5,-20.34158
2798827968.75,-20.33963
2798828125.0,-20.33731
2798828281.25,-20.33494
2798828437.5,-20.33496
2798828593.75,-20.33524
2798828750.0,-20.3326
2798828906.25,-20.33124
2798829062.5,-20.33021
2798829218.75,-20.32844
2798829375.0,-20.32666
2798829531.25,-20.32637
2798829687.5,-20.32298
2798829843.75,-20.32409
2798830000.0,-20.32335
2798830156.25,-20.31954
2798830312.5,-20.3191
2798830468.75,-20.31763
2798830625.0,-20.317
2798830781.25,-20.31408
2798830937.5,-20.31583
2798831093.75,-20.31335
2798831250.0,-20.30984
2798831406.25,-20.30853
2798831562.5,-20.30797
2798831718.75,-20.30678
2798831875.0,-20.30434
2798832031.25,-20.30293
2798832187.5,-20.30151
2798832343.75,-20.30001
2798832500.0,-20.29911
2798832656.25,-20.29743
2798832812.5,-20.29756
2798832968.75,-20.29582
2798833125.0,-20.29326
2798833281.25,-20.29144
2798833437.5,-20.28967
2798833593.75,-20.28861
2798833750.0,-20.29045
2798833906.25,-20.28663
2798834062.5,-20.28577
2798834218.75,-20.28363
2798834375.0,-20.28345
2798834531.25,-20.2803
2798834687.5,-20.27959
2798834843.75,-20.27949
2798835000.0,-20.27715
2798835156.25,-20.2769
2798835312.5,-20.27496
2798835468.75,-20.27133
2798835625.0,-20.27189
2798835781.25,-20.26942
2798835937.5,-20.26921
2798836093.75,-20.26631
2798836250.0,-20.26701
2798836406.25,-20.26484
2798836562.5,-20.2636
2798836718.75,-20.26117
2798836875.0,-20.26095
2798837031.25,-20.25912
2798837187.5,-20.25808
2798837343.75,-20.25631
2798837500.0,-20.25509
2798837656.25,-20.25289
2798837812.5,-20.25161
2798837968.75,-20.25238
2798838125.0,-20.25127
2798838281.25,-20.24741
2798838437.5,-20.24696
2798838593.75,-20.24467
2798838750.0,-20.24428
2798838906.25,-20.24335
2798839062.5,-20.2405
2798839218.75,-20.23838
2798839375.0,-20.23905
2798839531.25,-20.23649
2798839687.5,-20.23673
2798839843.75,-20.23536
2798840000.0,-20.23387
2798840156.25,-20.23199
2798840312.5,-20.23182
2798840468.75,-20.22676
2798840625.0,-20.22626
2798840781.25,-20.22662
2798840937.5,-20.22443
2798841093.75,-20.22314
2798841250.0,-20.22218
2798841406.25,-20.221
2798841562.5,-20.22013
2798841718.75,-20.21824
2798841875.0,-20.21686
2798842031.25,-20.21529
2798842187.5,-20.2115
2798842343.75,-20.20997
2798842500.0,-20.2125
2798842656.25,-20.21092
2798842812.5,-20.20825
2798842968.75,-20.20676
2798843125.0,-20.2038
2798843281.25,-20.20436
2798843437.5,-20.20091
2798843593.75,-20.20021
2798843750.0,-20.19991
2798843906.25,-20.19898
2798844062.5,-20.19686
2798844218.75,-20.19432
2798844375.0,-20.19719
2798844531.25,-20.19264
2798844687.5,-20.19149
2798844843.75,-20.18968
2798845000.0,-20.18795
2798845156.25,-20.18781
2798845312.5,-20.18355
2798845468.75,-20.18097
2798845625.0,-20.18387
2798845781.25,-20.18422
2798845937.5,-20.18078
2798846093.75,-20.17998
2798846250.0,-20.17885
2798846406.25,-20.17405
2798846562.5,-20.17356
2798846718.75,-20.17344
2798846875.0,-20.17161
2798847031.25,-20.17051
2798847187.5,-20.16918
2798847343.75,-20.16594
2798847500.0,-20.16689
2798847656.25,-20.16528
2798847812.5,-20.16502
2798847968.75,-20.16369
2798848125.0,-20.16038
2798848281.25,-20.15931
2798848437.5,-20.15717
2798848593.75,-20.15675
2798848750.0,-20.15618
2798848906.25,-20.15307
2798849062.5,-20.15376
2798849218.75,-20.15062
2798849375.0,-20.15043
2798849531.25,-20.14777
2798849687.5,-20.1469
2798849843.75,-20.14603
2798850000.0,-20.14488
2798850156.25,-20.14337
2798850312.5,-20.14075
2798850468.75,-20.13887
2798850625.0,-20.13835
2798850781.25,-20.13769
2798850937.5,-20.13525
2798851093.75,-20.13416
2798851250.0,-20.13257
2798851406.25,-20.12916
2798851562.5,-20.12918
2798851718.75,-20.13036
2798851875.0,-20.12848
2798852031.25,-20.12563
2798852187.5,-20.12536
2798852343.75,-20.12328
2798852500.0,-20.12064
2798852656.25,-20.11955
2798852812.5,-20.11881
2798852968.75,-20.116
2798853125.0,-20.11525
2798853281.25,-20.11612
2798853437.5,-20.11208
2798853593.75,-20.11122
2798853750.0,-20.1099
2798853906.25,-20.10851
2798854062.5,-20.10748
2798854218.75,-20.10727
2798854375.0,-20.10558
2798854531.25,-20.10283
2798854687.5,-20.10047
2798854843.75,-20.09977
2798855000.0,-20.09803
2798855156.25,-20.09737
2798855312.5,-20.09581
2798855468.75,-20.09489
2798855625.0,-20.09367
2798855781.25,-20.09105
2798855937.5,-20.09188
2798856093.75,-20.08815
2798856250.0,-20.0869
2798856406.25,-20.08562
2798856562.5,-20.08475
2798856718.75,-20.08432
2798856875.0,-20.08089
2798857031.25,-20.07952
2798857187.5,-20.07895
2798857343.75,-20.07803
2798857500.0,-20.07485
2798857656.25,-20.07564
2798857812.5,-20.07379
2798857968.75,-20.0724
2798858125.0,-20.06993
2798858281.25,-20.06901
2798858437.5,-20.06853
2798858593.75,-20.06598
2798858750.0,-20.06592
2798858906.25,-20.06301
2798859062.5,-20.06113
2798859218.75,-20.06122
2798859375.0,-20.05861
2798859531.25,-20.0597
2798859687.5,-20.05597
2798859843.75,-20.05671
2798860000.0,-20.05462
2798860156.25,-20.04994
2798860312.5,-20.05389
2798860468.75,-20.05169
2798860625.0,-20.04802
2798860781.25,-20.04719
2798860937.5,-20.04632
2798861093.75,-20.04331
2798861250.0,-20.04308
2798861406.25,-20.04153
2798861562.5,-20.03955
2798861718.75,-20.03978
2798861875.0,-20.03698
2798862031.25,-20.03591
2798862187.5,-20.03426
2798862343.75,-20.0302
2798862500.0,-20.03076
2798862656.25,-20.02892
2798862812.5,-20.02959
2798862968.75,-20.02675
2798863125.0,-20.02537
2798863281.25,-20.02494
2798863437.5,-20.02478
2798863593.75,-20.02247
2798863750.0,-20.01778
2798863906.25,-20.01961
2798864062.5,-20.01742
2798864218.75,-20.0157
2798864375.0,-20.01407
2798864531.25,-20.0132
2798864687.5,-20.01123
2798864843.75,-20.00849
2798865000.0,-20.00946
2798865156.25,-20.00802
2798865312.5,-20.00426
2798865468.75,-20.00428
2798865625.0,-20.00288
2798865781.25,-19.99898
2798865937.5,-19.99961
2798866093.75,-19.99816
2798866250.0,-19.9987
2798866406.25,-19.9963
2798866562.5,-19.99434
2798866718.75,-19.99171
2798866875.0,-19.99232
2798867031.25,-19.99057
2798867187.5,-19.98857
2798867343.75,-19.98846
2798867500.0,-19.98762
2798867656.25,-19.98472
2798867812.5,-19.98261
2798867968.75,-19.98206
2798868125.0,-19.98056
2798868281.25,-19.97655
2798868437.5,-19.97754
2798868593.75,-19.97659
2798868750.0,-19.97389
2798868906.25,-19.97264
2798869062.5,-19.97154
2798869218.75,-19.96972
2798869375.0,-19.96961
2798869531.25,-19.96654
2798869687.5,-19.96427
2798869843.75,-19.96457
2798870000.0,-19.96226
2798870156.25,-19.9627
2798870312.5,-19.96076
2798870468.75,-19.95864
2798870625.0,-19.95697
2798870781.25,-19.95665
2798870937.5,-19.95668
2798871093.75,-19.95311
2798871250.0,-19.95243
2798871406.25,-19.94969
2798871562.5,-19.94899
2798871718.75,-19.94831
2798871875.0,-19.94718
2798872031.25,-19.94494
2798872187.5,-19.94329
2798872343.75,-19.94396
2798872500.0,-19.94148
2798872656.25,-19.93867
2798872812.5,-19.93501
2798872968.75,-19.93642
2798873125.0,-19.93526
2798873281.25,-19.93365
2798873437.5,-19.93182
2798873593.75,-19.92979
2798873750.0,-19.92941
2798873906.25,-19.92903
2798874062.5,-19.92577
2798874218.75,-19.92517
2798874375.0,-19.92404
2798874531.25,-19.92074
2798874687.5,-19.92034
2798874843.75,-19.91823
2798875000.0,-19.91696
2798875156.25,-19.91642
2798875312.5,-19.91494
2798875468.75,-19.91467
2798875625.0,-19.91286
2798875781.25,-19.91024
2798875937.5,-19.90656
2798876093.75,-19.90791
2798876250.0,-19.90656
2798876406.25,-19.90413
2798876562.5,-19.90234
2798876718.75,-19.90105
2798876875.0,-19.90102
2798877031.25,-19.89988
2798877187.5,-19.8984
2798877343.75,-19.89584
2798877500.0,-19.89324
2798877656.25,-19.89441
2798877812.5,-19.89157
2798877968.75,-19.88948
2798878125.0,-19.88804
2798878281.25,-19.88903
2798878437.5,-19.88397
2798878593.75,-19.88638
2798878750.0,-19.88302
2798878906.25,-19.88276
2798879062.5,-19.87897
2798879218.75,-19.87756
2798879375.0,-19.87758
2798879531.25,-19.87788
2798879687.5,-19.87381
2798879843.75,-19.87154
2798880000.0,-19.87192
2798880156.25,-19.86958
2798880312.5,-19.86862
2798880468.75,-19.86779
2798880625.0,-19.86506
2798880781.25,-19.86625
2798880937.5,-19.86276
2798881093.75,-19.86132
2798881250.0,-19.86188
2798881406.25,-19.8587
2798881562.5,-19.85933
2798881718.75,-19.85748
2798881875.0,-19.8548
2798882031.25,-19.85493
2798882187.5,-19.85233
2798882343.75,-19.84999
2798882500.0,-19.84871
2798882656.25,-19.84921
2798882812.5,-19.8456
2798882968.75,-19.84555
2798883125.0,-19.84359
2798883281.25,-19.84043
2798883437.5,-19.84056
2798883593.75,-19.84008
2798883750.0,-19.83709
2798883906.25,-19.83599
2798884062.5,-19.83206
2798884218.75,-19.83476
2798884375.0,-19.83113
2798884531.25,-19.82825
2798884687.5,-19.82988
2798884843.75,-19.8246
2798885000.0,-19.82384
2798885156.25,-19.82369
2798885312.5,-19.8217
2798885468.75,-19.82024
2798885625.0,-19.81886
2798885781.25,-19.81981
2798885937.5,-19.81815
2798886093.75,-19.81544
2798886250.0,-19.81571
2798886406.25,-19.81326
2798886562.5,-19.8105
2798886718.75,-19.80816
2798886875.0,-19.81067
2798887031.25,-19.80515
2798887187.5,-19.80344
2798887343.75,-19.8026
2798887500.0,-19.8048
2798887656.25,-19.80045
2798887812.5,-19.79926
2798887968.75,-19.79775
2798888125.0,-19.79534
2798888281.25,-19.79605
2798888437.5,-19.79327
2798888593.75,-19.79201
2798888750.0,-19.79098
2798888906.25,-19.79125
2798889062.5,-19.78903
2798889218.75,-19.78796
2798889375.0,-19.78578
2798889531.25,-19.78292
2798889687.5,-19.78104
2798889843.75,-19.78097
2798890000.0,-19.77747
2798890156.25,-19.77676
2798890312.5,-19.77558
2798890468.75,-19.77254
2798890625.0,-19.77193
2798890781.25,-19.77136
2798890937.5,-19.77109
2798891093.75,-19.76897
2798891250.0,-19.76718
2798891406.25,-19.76612
2798891562.5,-19.76311
2798891718.75,-19.76405
2798891875.0,-19.76033
2798892031.25,-19.76061
2798892187.5,-19.75854
2798892343.75,-19.75952
2798892500.0,-19.75634
2798892656.25,-19.75478
2798892812.5,-19.7532
2798892968.75,-19.75127
2798893125.0,-19.74961
2798893281.25,-19.74982
2798893437.5,-19.74662
2798893593.75,-19.74552
2798893750.0,-19.74369
2798893906.25,-19.74382
2798894062.5,-19.74065
2798894218.75,-19.73949
2798894375.0,-19.73811
2798894531.25,-19.73574
2798894687.5,-19.73647
2798894843.75,-19.73586
2798895000.0,-19.73182
2798895156.25,-19.73118
2798895312.5,-19.73101
2798895468.75,-19.72701
2798895625.0,-19.72746
2798895781.25,-19.72441
2798895937.5,-19.7244
2798896093.75,-19.72296
2798896250.0,-19.7205
2798896406.25,-19.71911
2798896562.5,-19.71897
2798896718.75,-19.7163
2798896875.0,-19.71548
2798897031.25,-19.71567
2798897187.5,-19.71221
2798897343.75,-19.70883
2798897500.0,-19.71004
2798897656.25,-19.70725
2798897812.5,-19.70549
2798897968.75,-19.70536
2798898125.0,-19.70351
2798898281.25,-19.70346
2798898437.5,-19.69925
2798898593.75,-19.69809
2798898750.0,-19.69613
2798898906.25,-19.69736
2798899062.5,-19.69394
2798899218.75,-19.69306
2798899375.0,-19.69088
2798899531.25,-19.69109
2798899687.5,-19.68745
2798899843.75,-19.68773
2798900000.0,-19.6853
2798900156.25,-19.68241
2798900312.5,-19.68151
2798900468.75,-19.6814
2798900625.0,-19.67974
2798900781.25,-19.67799
2798900937.5,-19.67688
2798901093.75,-19.67542
2798901250.0,-19.67616
2798901406.25,-19.67175
2798901562.5,-19.66924
2798901718.75,-19.67126
2798901875.0,-19.66983
2798902031.25,-19.66671
2798902187.5,-19.66538
2798902343.75,-19.66231
2798902500.0,-19.66352
2798902656.25,-19.66036
2798902812.5,-19.6588
2798902968.75,-19.65683
2798903125.0,-19.65548
2798903281.25,-19.65414
2798903437.5,-19.65272
2798903593.75,-19.65135
2798903750.0,-19.65025
2798903906.25,-19.64905
2798904062.5,-19.64786
2798904218.75,-19.64521
2798904375.0,-19.64499
2798904531.25,-19.64416
2798904687.5,-19.64237
2798904843.75,-19.64005
2798905000.0,-19.64042
2798905156.25,-19.63908
2798905312.5,-19.63513
2798905468.75,-19.63374
2798905625.0,-19.63339
2798905781.25,-19.63203
2798905937.5,-19.63194
2798906093.75,-19.62866
2798906250.0,-19.62625
2798906406.25,-19.62396
2798906562.5,-19.62241
2798906718.75,-19.62333
2798906875.0,-19.61966
2798907031.25,-19.61989
2798907187.5,-19.61771
2798907343.75,-19.61622
2798907500.0,-19.61524
2798907656.25,-19.61283
2798907812.5,-19.61066
2798907968.75,-19.61
2798908125.0,-19.60939
2798908281.25,-19.60732
2798908437.5,-19.60583
2798908593.75,-19.60545
2798908750.0,-19.60128
2798908906.25,-19.60107
2798909062.5,-19.59923
2798909218.75,-19.59918
2798909375.0,-19.59737
2798909531.25,-19.59503
2798909687.5,-19.59561
2798909843.75,-19.59272
2798910000.0,-19.58989
2798910156.25,-19.59117
2798910312.5,-19.58912
2798910468.75,-19.58512
2798910625.0,-19.58601
2798910781.25,-19.58387
2798910937.5,-19.58283
2798911093.75,-19.57815
2798911250.0,-19.57984
2798911406.25,-19.57766
2798911562.5,-19.57722
2798911718.75,-19.57453
2798911875.0,-19.57379
2798912031.25,-19.57195
2798912187.5,-19.56903
2798912343.75,-19.5701
2798912500.0,-19.56767
2798912656.25,-19.56465
2798912812.5,-19.56443
2798912968.75,-19.56194
2798913125.0,-19.56131
2798913281.25,-19.55987
2798913437.5,-19.55785
2798913593.75,-19.55565
2798913750.0,-19.55548
2798913906.25,-19.55239
2798914062.5,-19.5542
2798914218.75,-19.55337
2798914375.0,-19.54875
2798914531.25,-19.54795
2798914687.5,-19.54564
2798914843.75,-19.54578
2798915000.0,-19.54344
2798915156.25,-19.54158
2798915312.5,-19.54319
2798915468.75,-19.53858
2798915625.0,-19.53866
2798915781.25,-19.53768
2798915937.5,-19.53559
2798916093.75,-19.5338
2798916250.0,-19.53293
2798916406.25,-19.53073
2798916562.5,-19.52859
2798916718.75,-19.52746
2798916875.0,-19.52661
2798917031.25,-19.52371
2798917187.5,-19.52179
2798917343.75,-19.52029
2798917500.0,-19.51903
2798917656.25,-19.51907
2798917812.5,-19.51631
2798917968.75,-19.51687
2798918125.0,-19.51249
2798918281.25,-19.51488
2798918437.5,-19.51131
2798918593.75,-19.50946
2798918750.0,-19.50972
2798918906.25,-19.50618
2798919062.5,-19.50423
2798919218.75,-19.5034
2798919375.0,-19.50364
2798919531.25,-19.49992
2798919687.5,-19.49961
2798919843.75,-19.49773
2798920000.0,-19.49609
2798920156.25,-19.49508
2798920312.5,-19.49391
2798920468.75,-19.49248
2798920625.0,-19.48865
2798920781.25,-19.48909
2798920937.5,-19.4865
2798921093.75,-19.4853
2798921250.0,-19.48507
2798921406.25,-19.48266
2798921562.5,-19.47861
2798921718.75,-19.47892
2798921875.0,-19.47701
2798922031.25,-19.47539
2798922187.5,-19.47431
2798922343.75,-19.47528
2798922500.0,-19.47239
2798922656.25,-19.46974
2798922812.5,-19.46835
2798922968.75,-19.46955
2798923125.0,-19.46479
2798923281.25,-19.46501
2798923437.5,-19.46328
2798923593.75,-19.46135
2798923750.0,-19.45931
2798923906.25,-19.45794
2798924062.5,-19.45789
2798924218.75,-19.45445
2798924375.0,-19.45375
2798924531.25,-19.45371
2798924687.5,-19.45076
2798924843.75,-19.45049
2798925000.0,-19.44945
2798925156.25,-19.44459
2798925312.5,-19.44483
2798925468.75,-19.44343
2798925625.0,-19.44177
2798925781.25,-19.44119
2798925937.5,-19.44036
2798926093.75,-19.43792
2798926250.0,-19.43699
2798926406.25,-19.4339
2798926562.5,-19.43472
2798926718.75,-19.43169
2798926875.0,-19.42932
2798927031.25,-19.42958
2798927187.5,-19.42599
2798927343.75,-19.42685
2798927500.0,-19.4237
2798927656.25,-19.42096
2798927812.5,-19.42132
2798927968.75,-19.42112
2798928125.0,-19.41875
2798928281.25,-19.4173
2798928437.5,-19.41345
2798928593.75,-19.41293
2798928750.0,-19.41239
2798928906.25,-19.41042
2798929062.5,-19.40996
2798929218.75,-19.40752
2798929375.0,-19.40573
2798929531.25,-19.40433
2798929687.5,-19.40218
2798929843.75,-19.39807
2798930000.0,-19.39901
2798930156.25,-19.39747
2798930312.5,-19.39518
2798930468.75,-19.39556
2798930625.0,-19.39362
2798930781.25,-19.39209
2798930937.5,-19.39124
2798931093.75,-19.38846
2798931250.0,-19.38811
2798931406.25,-19.38552
2798931562.5,-19.38399
2798931718.75,-19.38436
2798931875.0,-19.3814
2798932031.25,-19.38111
2798932187.5,-19.3788
2798932343.75,-19.37764
2798932500.0,-19.37419
2798932656.25,-19.37314
2798932812.5,-19.37094
2798932968.75,-19.37071
2798933125.0,-19.36855
2798933281.25,-19.36975
2798933437.5,-19.36555
2798933593.75,-19.36377
2798933750.0,-19.36381
2798933906.25,-19.36102
2798934062.5,-19.36079
2798934218.75,-19.35891
2798934375.0,-19.3563
2798934531.25,-19.35404
2798934687.5,-19.35308
2798934843.75,-19.35168
2798935000.0,-19.35062
2798935156.25,-19.35038
2798935312.5,-19.34759
2798935468.75,-19.3469
2798935625.0,-19.34518
2798935781.25,-19.34186
2798935937.5,-19.34212
2798936093.75,-19.34025
2798936250.0,-19.33769
2798936406.25,-19.33725
2798936562.5,-19.33467
2798936718.75,-19.33457
2798936875.0,-19.33421
2798937031.25,-19.33215
2798937187.5,-19.32904
2798937343.75,-19.32845
2798937500.0,-19.32635
2798937656.25,-19.32514
2798937812.5,-19.323
2798937968.75,-19.32141
2798938125.0,-19.3209
2798938281.25,-19.32035
2798938437.5,-19.31757
2798938593.75,-19.31554
2798938750.0,-19.31447
2798938906.25,-19.31431
2798939062.5,-19.3108
2798939218.75,-19.31083
2798939375.0,-19.30931
2798939531.25,-19.30691
2798939687.5,-19.30603
2798939843.75,-19.30358
2798940000.0,-19.3015
2798940156.25,-19.30098
2798940312.5,-19.29906
2798940468.75,-19.2996
2798940625.0,-19.29678
2798940781.25,-19.29565
2798940937.5,-19.29297
2798941093.75,-19.29087
2798941250.0,-19.29243
2798941406.25,-19.28696
2798941562.5,-19.28734
2798941718.75,-19.28641
2798941875.0,-19.28501
2798942031.25,-19.28191
2798942187.5,-19.2788
2798942343.75,-19.27923
2798942500.0,-19.27647
2798942656.25,-19.2745
2798942812.5,-19.2763
2798942968.75,-19.27502
2798943125.0,-19.27053
2798943281.25,-19.26884
2798943437.5,-19.26708
2798943593.75,-19.26632
2798943750.0,-19.26513
2798943906.25,-19.26269
2798944062.5,-19.26078
2798944218.75,-19.26149
2798944375.0,-19.25893
2798944531.25,-19.25621
2798944687.5,-19.25716
2798944843.75,-19.25448
2798945000.0,-19.25357
2798945156.25,-19.252
2798945312.5,-19.24996
2798945468.75,-19.25011
2798945625.0,-19.24815
2798945781.25,-19.24527
2798945937.5,-19.24298
2798946093.75,-19.24369
2798946250.0,-19.24263
2798946406.25,-19.23933
2798946562.5,-19.23713
2798946718.75,-19.23718
2798946875.0,-19.23444
2798947031.25,-19.23275
2798947187.5,-19.23143
2798947343.75,-19.23002
2798947500.0,-19.22964
2798947656.25,-19.22581
2798947812.5,-19.22631
2798947968.75,-19.2249
2798948125.0,-19.22299
2798948281.25,-19.22189
2798948437.5,-19.21814
2798948593.75,-19.21722
2798948750.0,-19.2157
2798948906.25,-19.21477
2798949062.5,-19.21224
2798949218.75,-19.2102
2798949375.0,-19.21051
2798949531.25,-19.20957
2798949687.5,-19.20726
2798949843.75,-19.20435
2798950000.0,-19.20522
2798950156.25,-19.20222
2798950312.5,-19.20126
2798950468.75,-19.19811
2798950625.0,-19.20011
2798950781.25,-19.19618
2798950937.5,-19.19487
2798951093.75,-19.19277
2798951250.0,-19.19204
2798951406.25,-19.19068
2798951562.5,-19.18964
2798951718.75,-19.18812
2798951875.0,-19.18491
2798952031.25,-19.18432
2798952187.5,-19.18246
2798952343.75,-19.1819
2798952500.0,-19.17793
2798952656.25,-19.17796
2798952812.5,-19.17874
2798952968.75,-19.1747
2798953125.0,-19.17246
2798953281.25,-19.17106
2798953437.5,-19.17027
2798953593.75,-19.16828
2798953750.0,-19.16696
2798953906.25,-19.16489
2798954062.5,-19.16287
2798954218.75,-19.16244
2798954375.0,-19.16047
2798954531.25,-19.1575
2798954687.5,-19.15654
2798954843.75,-19.15511
2798955000.0,-19.15559
2798955156.25,-19.15306
2798955312.5,-19.15071
2798955468.75,-19.14991
2798955625.0,-19.14904
2798955781.25,-19.14691
2798955937.5,-19.14426
2798956093.75,-19.14173
2798956250.0,-19.14189
2798956406.25,-19.14415
2798956562.5,-19.13921
2798956718.75,-19.13765
2798956875.0,-19.13712
2798957031.25,-19.13341
2798957187.5,-19.1326
2798957343.75,-19.13041
2798957500.0,-19.13018
2798957656.25,-19.12852
2798957812.5,-19.12472
2798957968.75,-19.1258
2798958125.0,-19.12324
2798958281.25,-19.12381
2798958437.5,-19.1215
2798958593.75,-19.118
2798958750.0,-19.11658
2798958906.25,-19.11497
2798959062.5,-19.11475
2798959218.75,-19.11254
2798959375.0,-19.11265
2798959531.25,-19.11033
2798959687.5,-19.10828
2798959843.75,-19.10755
2798960000.0,-19.10468
2798960156.25,-19.10407
2798960312.5,-19.10262
2798960468.75,-19.09982
2798960625.0,-19.09904
2798960781.25,-19.09912
2798960937.5,-19.09397
2798961093.75,-19.09261
2798961250.0,-19.09232
2798961406.25,-19.0902
2798961562.5,-19.08974
2798961718.75,-19.08677
2798961875.0,-19.08495
2798962031.25,-19.08364
2798962187.5,-19.08374
2798962343.75,-19.08011
2798962500.0,-19.07915
2798962656.25,-19.08008
2798962812.5,-19.07625
2798962968.75,-19.07547
2798963125.0,-19.07352
2798963281.25,-19.07066
2798963437.5,-19.07126
2798963593.75,-19.07052
2798963750.0,-19.06611
2798963906.25,-19.06491
2798964062.5,-19.06393
2798964218.75,-19.0631
2798964375.0,-19.06243
2798964531.25,-19.0602
2798964687.5,-19.05612
2798964843.75,-19.05493
2798965000.0,-19.05405
2798965156.25,-19.05416
2798965312.5,-19.05182
2798965468.75,-19.04956
2798965625.0,-19.04751
2798965781.25,-19.04641
2798965937.5,-19.04486
2798966093.75,-19.04575
2798966250.0,-19.04266
2798966406.25,-19.04048
2798966562.5,-19.03765
2798966718.75,-19.03859
2798966875.0,-19.03452
2798967031.25,-19.03404
2798967187.5,-19.0318
2798967343.75,-19.03015
2798967500.0,-19.03059
2798967656.25,-19.02891
2798967812.5,-19.0276
2798967968.75,-19.02547
2798968125.0,-19.02368
2798968281.25,-19.02188
2798968437.5,-19.01885
2798968593.75,-19.0187
2798968750.0,-19.01676
2798968906.25,-19.01637
2798969062.5,-19.01408
2798969218.75,-19.0128
2798969375.0,-19.01228
2798969531.25,-19.00958
2798969687.5,-19.00853
2798969843.75,-19.00615
2798970000.0,-19.00563
2798970156.25,-19.00166
2798970312.5,-19.00226
2798970468.75,-18.99969
2798970625.0,-18.99772
2798970781.25,-18.99698
2798970937.5,-18.99489
2798971093.75,-18.99352
2798971250.0,-18.99109
2798971406.25,-18.99023
2798971562.5,-18.98842
2798971718.75,-18.98703
2798971875.0,-18.98412
2798972031.25,-18.98379
2798972187.5,-18.98281
2798972343.75,-18.98079
2798972500.0,-18.97825
2798972656.25,-18.97808
2798972812.5,-18.975
2798972968.75,-18.97531
2798973125.0,-18.97388
2798973281.25,-18.97058
2798973437.5,-18.96991
2798973593.75,-18.96759
2798973750.0,-18.9663
2798973906.25,-18.96507
2798974062.5,-18.96326
2798974218.75,-18.96182
2798974375.0,-18.96004
2798974531.25,-18.95854
2798974687.5,-18.9576
2798974843.75,-18.95516
2798975000.0,-18.95354
2798975156.25,-18.95335
2798975312.5,-18.94828
2798975468.75,-18.95021
2798975625.0,-18.94689
2798975781.25,-18.94539
2798975937.5,-18.94507
2798976093.75,-18.94415
2798976250.0,-18.94015
2798976406.25,-18.94012
2798976562.5,-18.93944
2798976718.75,-18.93408
2798976875.0,-18.9353
2798977031.25,-18.93079
2798977187.5,-18.93112
2798977343.75,-18.93064
2798977500.0,-18.92751
2798977656.25,-18.92689
2798977812.5,-18.92447
2798977968.75,-18.92399
2798978125.0,-18.92218
2798978281.25,-18.92045
2798978437.5,-18.91825
2798978593.75,-18.91707
2798978750.0,-18.9165
2798978906.25,-18.91268
2798979062.5,-18.91376
2798979218.75,-18.90959
2798979375.0,-18.91022
2798979531.25,-18.90839
2798979687.5,-18.9039
2798979843.75,-18.90381
2798980000.0,-18.90295
2798980156.25,-18.90283
2798980312.5,-18.90001
2798980468.75,-18.89768
2798980625.0,-18.89651
2798980781.25,-18.89606
2798980937.5,-18.89292
2798981093.75,-18.89046
2798981250.0,-18.89095
2798981406.25,-18.88877
2798981562.5,-18.88769
2798981718.75,-18.88433
2798981875.0,-18.88437
2798982031.25,-18.88167
2798982187.5,-18.88084
2798982343.75,-18.8789
2798982500.0,-18.87594
2798982656.25,-18.87526
2798982812.5,-18.8734
2798982968.75,-18.87279
2798983125.0,-18.87062
2798983281.25,-18.86911
2798983437.5,-18.86919
2798983593.75,-18.8658
2798983750.0,-18.864
2798983906.25,-18.86265
2798984062.5,-18.86122
2798984218.75,-18.86155
2798984375.0,-18.85922
2798984531.25,-18.85624
2798984687.5,-18.85575
2798984843.75,-18.85389
2798985000.0,-18.85171
2798985156.25,-18.85018
2798985312.5,-18.84812
2798985468.75,-18.84785
2798985625.0,-18.84611
2798985781.25,-18.84357
2798985937.5,-18.84171
2798986093.75,-18.8415
2798986250.0,-18.83852
2798986406.25,-18.83756
2798986562.5,-18.83743
2798986718.75,-18.83354
2798986875.0,-18.83279
2798987031.25,-18.83082
2798987187.5,-18.82939
2798987343.75,-18.82763
2798987500.0,-18.82579
2798987656.25,-18.82675
2798987812.5,-18.82296
2798987968.75,-18.82108
2798988125.0,-18.81978
2798988281.25,-18.81807
2798988437.5,-18.81698
2798988593.75,-18.81256
2798988750.0,-18.81118
2798988906.25,-18.81178
2798989062.5,-18.80943
2798989218.75,-18.80806
2798989375.0,-18.80817
2798989531.25,-18.80389
2798989687.5,-18.80281
2798989843.75,-18.80243
2798990000.0,-18.80076
2798990156.25,-18.79922
2798990312.5,-18.79722
2798990468.75,-18.79529
2798990625.0,-18.79408
2798990781.25,-18.7926
2798990937.5,-18.79162
2798991093.75,-18.78827
2798991250.0,-18.78766
2798991406.25,-18.78502
2798991562.5,-18.78379
2798991718.75,-18.78206
2798991875.0,-18.78025
2798992031.25,-18.78098
2798992187.5,-18.77881
2798992343.75,-18.77721
2798992500.0,-18.77346
2798992656.25,-18.77232
2798992812.5,-18.7725
2798992968.75,-18.77047
2798993125.0,-18.76844
2798993281.25,-18.76501
2798993437.5,-18.76469
2798993593.75,-18.76256
2798993750.0,-18.76178
2798993906.25,-18.76074
2798994062.5,-18.75805
2798994218.75,-18.75638
2798994375.0,-18.75546
2798994531.25,-18.75389
2798994687.5,-18.75215
2798994843.75,-18.7507
2798995000.0,-18.74967
2798995156.25,-18.74732
2798995312.5,-18.74419
2798995468.75,-18.74474
2798995625.0,-18.74403
2798995781.25,-18.7393
2798995937.5,-18.73877
2798996093.75,-18.73742
2798996250.0,-18.73458
2798996406.25,-18.73436
2798996562.5,-18.73284
2798996718.75,-18.73149
2798996875.0,-18.73045
2798997031.25,-18.72773
2798997187.5,-18.72511
2798997343.75,-18.72459
2798997500.0,-18.7227
2798997656.25,-18.72092
2798997812.5,-18.71854
2798997968.75,-18.71653
2798998125.0,-18.71659
2798998281.25,-18.71502
2798998437.5,-18.71289
2798998593.75,-18.71052
2798998750.0,-18.7088
2798998906.25,-18.7087
2798999062.5,-18.70715
2798999218.75,-18.70383
2798999375.0,-18.7023
2798999531.25,-18.70215
2798999687.5,-18.70014
2798999843.75,-18.69898
2799000000.0,-18.69817
2799000156.25,-18.694
2799000312.5,-18.69355
2799000468.75,-18.69241
2799000625.0,-18.69009
2799000781.25,-18.68823
2799000937.5,-18.687
2799001093.75,-18.68505
2799001250.0,-18.68233
2799001406.25,-18.68159
2799001562.5,-18.67865
2799001718.75,-18.67848
2799001875.0,-18.67696
2799002031.25,-18.67531
2799002187.5,-18.67369
2799002343.75,-18.67305
2799002500.0,-18.67007
2799002656.25,-18.67007
2799002812.5,-18.66853
2799002968.75,-18.66607
2799003125.0,-18.66357
2799003281.25,-18.66332
2799003437.5,-18.66116
2799003593.75,-18.65909
2799003750.0,-18.65768
2799003906.25,-18.65608
2799004062.5,-18.65538
2799004218.75,-18.65373
2799004375.0,-18.65144
2799004531.25,-18.64989
2799004687.5,-18.64887
2799004843.75,-18.64641
2799005000.0,-18.64493
2799005156.25,-18.64236
2799005312.5,-18.64152
2799005468.75,-18.63936
2799005625.0,-18.63856
2799005781.25,-18.63603
2799005937.5,-18.63547
2799006093.75,-18.63382
2799006250.0,-18.63076
2799006406.25,-18.62984
2799006562.5,-18.62751
2799006718.75,-18.62721
2799006875.0,-18.62547
2799007031.25,-18.62244
2799007187.5,-18.62141
2799007343.75,-18.61947
2799007500.0,-18.61704
2799007656.25,-18.61531
2799007812.5,-18.61565
2799007968.75,-18.61587
2799008125.0,-18.61168
2799008281.25,-18.61017
2799008437.5,-18.60915
2799008593.75,-18.60633
2799008750.0,-18.60552
2799008906.25,-18.60332
2799009062.5,-18.60229
2799009218.75,-18.60135
2799009375.0,-18.59846
2799009531.25,-18.59648
2799009687.5,-18.59524
2799009843.75,-18.59321
2799010000.0,-18.59267
2799010156.25,-18.59044
2799010312.5,-18.58873
2799010468.75,-18.5894
2799010625.0,-18.5858
2799010781.25,-18.58303
2799010937.5,-18.58113
2799011093.75,-18.57994
2799011250.0,-18.58026
2799011406.25,-18.57749
2799011562.5,-18.57737
2799011718.75,-18.57397
2799011875.0,-18.57133
2799012031.25,-18.57049
2799012187.5,-18.56859
2799012343.75,-18.56795
2799012500.0,-18.5641
2799012656.25,-18.56528
2799012812.5,-18.56415
2799012968.75,-18.55932
2799013125.0,-18.55895
2799013281.25,-18.55739
2799013437.5,-18.55746
2799013593.75,-18.55422
2799013750.0,-18.55158
2799013906.25,-18.55132
2799014062.5,-18.54876
2799014218.75,-18.54771
2799014375.0,-18.54492
2799014531.25,-18.54432
2799014687.5,-18.54331
2799014843.75,-18.54098
2799015000.0,-18.5403
2799015156.25,-18.53817
2799015312.5,-18.53473
2799015468.75,-18.53379
2799015625.0,-18.5313
2799015781.25,-18.53111
2799015937.5,-18.52837
2799016093.75,-18.52741
2799016250.0,-18.52579
2799016406.25,-18.52413
2799016562.5,-18.52367
2799016718.75,-18.52156
2799016875.0,-18.51894
2799017031.25,-18.51856
2799017187.5,-18.51696
2799017343.75,-18.51296
2799017500.0,-18.51274
2799017656.25,-18.512
2799017812.5,-18.5086
2799017968.75,-18.50786
2799018125.0,-18.50654
2799018281.25,-18.50437
2799018437.5,-18.50289
2799018593.75,-18.50085
2799018750.0,-18.49914
2799018906.25,-18.49925
2799019062.5,-18.49694
2799019218.75,-18.49527
2799019375.0,-18.49381
2799019531.25,-18.49168
2799019687.5,-18.48977
2799019843.75,-18.4882
2799020000.0,-18.48622
2799020156.25,-18.48628
2799020312.5,-18.48341
2799020468.75,-18.48051
2799020625.0,-18.48136
2799020781.25,-18.47818
2799020937.5,-18.47578
2799021093.75,-18.47477
2799021250.0,-18.47394
2799021406.25,-18.47115
2799021562.5,-18.46957
2799021718.75,-18.46947
2799021875.0,-18.46598
2799022031.25,-18.46407
2799022187.5,-18.46212
2799022343.75,-18.46202
2799022500.0,-18.46017
2799022656.25,-18.45838
2799022812.5,-18.45548
2799022968.75,-18.45442
2799023125.0,-18.45268
2799023281.25,-18.45241
2799023437.5,-18.44922
2799023593.75,-18.44841
2799023750.0,-18.44564
2799023906.25,-18.44248
2799024062.5,-18.44034
2799024218.75,-18.44246
2799024375.0,-18.43876
2799024531.25,-18.43983
2799024687.5,-18.43654
2799024843.75,-18.43618
2799025000.0,-18.43339
2799025156.25,-18.43102
2799025312.5,-18.42786
2799025468.75,-18.42728
2799025625.0,-18.42624
2799025781.25,-18.42459
2799025937.5,-18.42325
2799026093.75,-18.42064
2799026250.0,-18.41836
2799026406.25,-18.41846
2799026562.5,-18.41612
2799026718.75,-18.41509
2799026875.0,-18.41195
2799027031.25,-18.41153
2799027187.5,-18.40914
2799027343.75,-18.40707
2799027500.0,-18.40668
2799027656.25,-18.40459
2799027812.5,-18.40229
2799027968.75,-18.40134
2799028125.0,-18.40059
2799028281.25,-18.3959
2799028437.5,-18.39641
2799028593.75,-18.3942
2799028750.0,-18.39323
2799028906.25,-18.39019
2799029062.5,-18.38837
2799029218.75,-18.38632
2799029375.0,-18.38466
2799029531.25,-18.38395
2799029687.5,-18.38099
2799029843.75,-18.37994
2799030000.0,-18.38028
2799030156.25,-18.37724
2799030312.5,-18.37472
2799030468.75,-18.37397
2799030625.0,-18.37168
2799030781.25,-18.37168
2799030937.5,-18.3682
2799031093.75,-18.36891
2799031250.0,-18.36662
2799031406.25,-18.36327
2799031562.5,-18.36205
2799031718.75,-18.36148
2799031875.0,-18.35991
2799032031.25,-18.3567
2799032187.5,-18.356
2799032343.75,-18.35295
2799032500.0,-18.35223
2799032656.25,-18.3489
2799032812.5,-18.34981
2799032968.75,-18.34678
2799033125.0,-18.34643
2799033281.25,-18.34457
2799033437.5,-18.3428
2799033593.75,-18.33979
2799033750.0,-18.33762
2799033906.25,-18.33758
2799034062.5,-18.33719
2799034218.75,-18.33258
2799034375.0,-18.33348
2799034531.25,-18.33136
2799034687.5,-18.32977
2799034843.75,-18.32735
2799035000.0,-18.32409
2799035156.25,-18.32397
2799035312.5,-18.32135
2799035468.75,-18.32071
2799035625.0,-18.31912
2799035781.25,-18.31571
2799035937.5,-18.31518
2799036093.75,-18.3126
2799036250.0,-18.31282
2799036406.25,-18.31089
2799036562.5,-18.30807
2799036718.75,-18.30622
2799036875.0,-18.30535
2799037031.25,-18.3048
2799037187.5,-18.30217
2799037343.75,-18.29822
2799037500.0,-18.29932
2799037656.25,-18.296
2799037812.5,-18.2951
2799037968.75,-18.29385
2799038125.0,-18.29007
2799038281.25,-18.28982
2799038437.5,-18.28677
2799038593.75,-18.28661
2799038750.0,-18.28354
2799038906.25,-18.28123
2799039062.5,-18.28136
2799039218.75,-18.28013
2799039375.0,-18.27789
2799039531.25,-18.27609
2799039687.5,-18.27441
2799039843.75,-18.27222
2799040000.0,-18.27221
2799040156.25,-18.26801
2799040312.5,-18.26575
2799040468.75,-18.26578
2799040625.0,-18.26517
2799040781.25,-18.26105
2799040937.5,-18.26117
2799041093.75,-18.25815
2799041250.0,-18.25709
2799041406.25,-18.25532
2799041562.5,-18.25319
2799041718.75,-18.25166
2799041875.0,-18.24958
2799042031.25,-18.24771
2799042187.5,-18.24831
2799042343.75,-18.24574
2799042500.0,-18.24376
2799042656.25,-18.24094
2799042812.5,-18.24212
2799042968.75,-18.23853
2799043125.0,-18.23611
2799043281.25,-18.23572
2799043437.5,-18.23539
2799043593.75,-18.22982
2799043750.0,-18.23067
2799043906.25,-18.23005
2799044062.5,-18.22731
2799044218.75,-18.22639
2799044375.0,-18.22378
2799044531.25,-18.22202
2799044687.5,-18.2196
2799044843.75,-18.21748
2799045000.0,-18.21682
2799045156.25,-18.21584
2799045312.5,-18.21331
2799045468.75,-18.21123
2799045625.0,-18.20887
2799045781.25,-18.20877
2799045937.5,-18.20635
2799046093.75,-18.20407
2799046250.0,-18.2023
2799046406.25,-18.20037
2799046562.5,-18.19895
2799046718.75,-18.19793
2799046875.0,-18.19492
2799047031.25,-18.19522
2799047187.5,-18.19305
2799047343.75,-18.18907
2799047500.0,-18.19093
2799047656.25,-18.18747
2799047812.5,-18.18656
2799047968.75,-18.18457
2799048125.0,-18.18246
2799048281.25,-18.1785
2799048437.5,-18.1789
2799048593.75,-18.17608
2799048750.0,-18.17477
2799048906.25,-18.17425
2799049062.5,-18.17001
2799049218.75,-18.16924
2799049375.0,-18.16575
2799049531.25,-18.16706
2799049687.5,-18.16593
2799049843.75,-18.16242
2799050000.0,-18.16101
2799050156.25,-18.15857
2799050312.5,-18.15724
2799050468.75,-18.15638
2799050625.0,-18.15642
2799050781.25,-18.15436
2799050937.5,-18.15023
2799051093.75,-18.14902
2799051250.0,-18.1474
2799051406.25,-18.14439
2799051562.5,-18.14503
2799051718.75,-18.14222
2799051875.0,-18.14052
2799052031.25,-18.13991
2799052187.5,-18.13709
2799052343.75,-18.13581
2799052500.0,-18.1336
2799052656.25,-18.13272
2799052812.5,-18.13084
2799052968.75,-18.12922
2799053125.0,-18.12788
2799053281.25,-18.12577
2799053437.5,-18.12218
2799053593.75,-18.122
2799053750.0,-18.11905
2799053906.25,-18.11937
2799054062.5,-18.11575
2799054218.75,-18.11609
2799054375.0,-18.11429
2799054531.25,-18.10899
2799054687.5,-18.10878
2799054843.75,-18.10814
2799055000.0,-18.10758
2799055156.25,-18.10403
2799055312.5,-18.10268
2799055468.75,-18.09992
2799055625.0,-18.09939
2799055781.25,-18.09826
2799055937.5,-18.09654
2799056093.75,-18.09484
2799056250.0,-18.09244
2799056406.25,-18.08901
2799056562.5,-18.08883
2799056718.75,-18.08827
2799056875.0,-18.08582
2799057031.25,-18.083
2799057187.5,-18.08317
2799057343.75,-18.07878
2799057500.0,-18.0788
2799057656.25,-18.07655
2799057812.5,-18.07554
2799057968.75,-18.07262
2799058125.0,-18.07237
2799058281.25,-18.06879
2799058437.5,-18.06842
2799058593.75,-18.06627
2799058750.0,-18.06351
2799058906.25,-18.0625
2799059062.5,-18.06112
2799059218.75,-18.05944
2799059375.0,-18.05736
2799059531.25,-18.05439
2799059687.5,-18.05438
2799059843.75,-18.0534
2799060000.0,-18.05113
2799060156.25,-18.04719
2799060312.5,-18.04781
2799060468.75,-18.04562
2799060625.0,-18.04451
2799060781.25,-18.04266
2799060937.5,-18.03976
2799061093.75,-18.03938
2799061250.0,-18.03543
2799061406.25,-18.03497
2799061562.5,-18.03259
2799061718.75,-18.03269
2799061875.0,-18.02906
2799062031.25,-18.02835
2799062187.5,-18.02524
2799062343.75,-18.02496
2799062500.0,-18.02185
2799062656.25,-18.02124
2799062812.5,-18.01957
2799062968.75,-18.01788
2799063125.0,-18.01617
2799063281.25,-18.01415
2799063437.5,-18.01221
2799063593.75,-18.01063
2799063750.0,-18.00785
2799063906.25,-18.00585
2799064062.5,-18.00561
2799064218.75,-18.00371
2799064375.0,-18.0023
2799064531.25,-18.0005
2799064687.5,-17.99918
2799064843.75,-17.99712
2799065000.0,-17.99479
2799065156.25,-17.9928
2799065312.5,-17.99119
2799065468.75,-17.99084
2799065625.0,-17.98758
2799065781.25,-17.98666
2799065937.5,-17.98486
2799066093.75,-17.98239
2799066250.0,-17.98034
2799066406.25,-17.97967
2799066562.5,-17.97769
2799066718.75,-17.97645
2799066875.0,-17.97403
2799067031.25,-17.97305
2799067187.5,-17.97118
2799067343.75,-17.96756
2799067500.0,-17.96655
2799067656.25,-17.96578
2799067812.5,-17.96325
2799067968.75,-17.96229
2799068125.0,-17.95973
2799068281.25,-17.95688
2799068437.5,-17.95688
2799068593.75,-17.95494
2799068750.0,-17.95272
2799068906.25,-17.95045
2799069062.5,-17.94867
2799069218.75,-17.94816
2799069375.0,-17.94648
2799069531.25,-17.94436
2799069687.5,-17.94286
2799069843.75,-17.94058
2799070000.0,-17.93812
2799070156.25,-17.93654
2799070312.5,-17.93527
2799070468.75,-17.93439
2799070625.0,-17.93093
2799070781.25,-17.92996
2799070937.5,-17.92744
2799071093.75,-17.92663
2799071250.0,-17.92673
2799071406.25,-17.92272
2799071562.5,-17.92095
2799071718.75,-17.91875
2799071875.0,-17.9176
2799072031.25,-17.91612
2799072187.5,-17.91577
2799072343.75,-17.91352
2799072500.0,-17.91107
2799072656.25,-17.9101
2799072812.5,-17.90826
2799072968.75,-17.90543
2799073125.0,-17.90379
2799073281.25,-17.90152
2799073437.5,-17.90014
2799073593.75,-17.89968
2799073750.0,-17.89731
2799073906.25,-17.89396
2799074062.5,-17.8935
2799074218.75,-17.89079
2799074375.0,-17.89079
2799074531.25,-17.88916
2799074687.5,-17.88598
2799074843.75,-17.88424
2799075000.0,-17.88369
2799075156.25,-17.88172
2799075312.5,-17.87852
2799075468.75,-17.87867
2799075625.0,-17.87438
2799075781.25,-17.8723
2799075937.5,-17.87123
2799076093.75,-17.87021
2799076250.0,-17.86863
2799076406.25,-17.86515
2799076562.5,-17.86454
2799076718.75,-17.86186
2799076875.0,-17.8609
2799077031.25,-17.8588
2799077187.5,-17.85904
2799077343.75,-17.85602
2799077500.0,-17.85437
2799077656.25,-17.85348
2799077812.5,-17.84987
2799077968.75,-17.85062
2799078125.0,-17.84746
2799078281.25,-17.8463
2799078437.5,-17.84451
2799078593.75,-17.84223
2799078750.0,-17.84094
2799078906.25,-17.83878
2799079062.5,-17.83694
2799079218.75,-17.83406
2799079375.0,-17.83373
2799079531.25,-17.83026
2799079687.5,-17.83022
2799079843.75,-17.82669
2799080000.0,-17.82708
2799080156.25,-17.82494
2799080312.5,-17.82379
2799080468.75,-17.82168
2799080625.0,-17.81957
2799080781.25,-17.81592
2799080937.5,-17.8153
2799081093.75,-17.81369
2799081250.0,-17.81222
2799081406.25,-17.81072
2799081562.5,-17.80746
2799081718.75,-17.80673
2799081875.0,-17.80385
2799082031.25,-17.80323
2799082187.5,-17.80176
2799082343.75,-17.79925
2799082500.0,-17.79666
2799082656.25,-17.79756
2799082812.5,-17.79302
2799082968.75,-17.79149
2799083125.0,-17.79006
2799083281.25,-17.78887
2799083437.5,-17.78667
2799083593.75,-17.78394
2799083750.0,-17.78369
2799083906.25,-17.78129
2799084062.5,-17.78089
2799084218.75,-17.77773
2799084375.0,-17.77595
2799084531.25,-17.774
2799084687.5,-17.77064
2799084843.75,-17.77031
2799085000.0,-17.76995
2799085156.25,-17.76694
2799085312.5,-17.76359
2799085468.75,-17.76194
2799085625.0,-17.7607
2799085781.25,-17.75981
2799085937.5,-17.75856
2799086093.75,-17.75709
2799086250.0,-17.75546
2799086406.25,-17.75223
2799086562.5,-17.75124
2799086718.75,-17.74855
2799086875.0,-17.74831
2799087031.25,-17.74531
2799087187.5,-17.74422
2799087343.75,-17.74185
2799087500.0,-17.74051
2799087656.25,-17.73812
2799087812.5,-17.736
2799087968.75,-17.73628
2799088125.0,-17.7317
2799088281.25,-17.73088
2799088437.5,-17.72962
2799088593.75,-17.72707
2799088750.0,-17.72449
2799088906.25,-17.72458
2799089062.5,-17.72206
2799089218.75,-17.71969
2799089375.0,-17.71733
2799089531.25,-17.71693
2799089687.5,-17.71317
2799089843.75,-17.71221
2799090000.0,-17.71189
2799090156.25,-17.71184
2799090312.5,-17.70799
2799090468.75,-17.70659
2799090625.0,-17.70419
2799090781.25,-17.70295
2799090937.5,-17.70036
2799091093.75,-17.69765
2799091250.0,-17.69573
2799091406.25,-17.69464
2799091562.5,-17.69385
2799091718.75,-17.69086
2799091875.0,-17.68847
2799092031.25,-17.68669
2799092187.5,-17.68572
2799092343.75,-17.68387
2799092500.0,-17.6822
2799092656.25,-17.68136
2799092812.5,-17.67932
2799092968.75,-17.67752
2799093125.0,-17.67481
2799093281.25,-17.67254
2799093437.5,-17.67144
2799093593.75,-17.66932
2799093750.0,-17.66694
2799093906.25,-17.6666
2799094062.5,-17.66512
2799094218.75,-17.66221
2799094375.0,-17.66279
2799094531.25,-17.66059
2799094687.5,-17.65685
2799094843.75,-17.65517
2799095000.0,-17.654
2799095156.25,-17.65277
2799095312.5,-17.65048
2799095468.75,-17.64795
2799095625.0,-17.64896
2799095781.25,-17.64545
2799095937.5,-17.64282
2799096093.75,-17.64239
2799096250.0,-17.63919
2799096406.25,-17.63647
2799096562.5,-17.63419
2799096718.75,-17.63231
2799096875.0,-17.63219
2799097031.25,-17.63145
2799097187.5,-17.62896
2799097343.75,-17.62589
2799097500.0,-17.62378
2799097656.25,-17.62168
2799097812.5,-17.6227
2799097968.75,-17.61954
2799098125.0,-17.61682
2799098281.25,-17.61604
2799098437.5,-17.61253
2799098593.75,-17.61151
2799098750.0,-17.60995
2799098906.25,-17.6102
2799099062.5,-17.60684
2799099218.75,-17.60541
2799099375.0,-17.60183
2799099531.25,-17.60097
2799099687.5,-17.5986
2799099843.75,-17.59705
2799100000.0,-17.59539
2799100156.25,-17.5931
2799100312.5,-17.59157
2799100468.75,-17.58966
2799100625.0,-17.58855
2799100781.25,-17.58644
2799100937.5,-17.58637
2799101093.75,-17.58325
2799101250.0,-17.58186
2799101406.25,-17.58021
2799101562.5,-17.57707
2799101718.75,-17.57516
2799101875.0,-17.57324
2799102031.25,-17.5724
2799102187.5,-17.57089
2799102343.75,-17.56952
2799102500.0,-17.56519
2799102656.25,-17.56494
2799102812.5,-17.56223
2799102968.75,-17.56126
2799103125.0,-17.55765
2799103281.25,-17.55679
2799103437.5,-17.55492
2799103593.75,-17.55335
2799103750.0,-17.55096
2799103906.25,-17.55042
2799104062.5,-17.54791
2799104218.75,-17.54667
2799104375.0,-17.54452
2799104531.25,-17.54289
2799104687.5,-17.54045
2799104843.75,-17.53763
2799105000.0,-17.53544
2799105156.25,-17.53457
2799105312.5,-17.53329
2799105468.75,-17.53138
2799105625.0,-17.53044
2799105781.25,-17.52872
2799105937.5,-17.5257
2799106093.75,-17.52413
2799106250.0,-17.52218
2799106406.25,-17.52077
2799106562.5,-17.51934
2799106718.75,-17.516
2799106875.0,-17.51428
2799107031.25,-17.5135
2799107187.5,-17.51014
2799107343.75,-17.51016
2799107500.0,-17.50663
2799107656.25,-17.50534
2799107812.5,-17.50447
2799107968.75,-17.50189
2799108125.0,-17.50135
2799108281.25,-17.49918
2799108437.5,-17.49769
2799108593.75,-17.49437
2799108750.0,-17.49223
2799108906.25,-17.49149
2799109062.5,-17.48897
2799109218.75,-17.48757
2799109375.0,-17.48579
2799109531.25,-17.48506
2799109687.5,-17.48185
2799109843.75,-17.47833
2799110000.0,-17.4781
2799110156.25,-17.4766
2799110312.5,-17.47546
2799110468.75,-17.47165
2799110625.0,-17.47179
2799110781.25,-17.47085
2799110937.5,-17.46639
2799111093.75,-17.46598
2799111250.0,-17.46314
2799111406.25,-17.46236
2799111562.5,-17.46047
2799111718.75,-17.45839
2799111875.0,-17.45541
2799112031.25,-17.45339
2799112187.5,-17.45264
2799112343.75,-17.44994
2799112500.0,-17.44963
2799112656.25,-17.44507
2799112812.5,-17.44487
2799112968.75,-17.44216
2799113125.0,-17.43994
2799113281.25,-17.43976
2799113437.5,-17.43807
2799113593.75,-17.43535
2799113750.0,-17.43416
2799113906.25,-17.43327
2799114062.5,-17.42928
2799114218.75,-17.4275
2799114375.0,-17.42667
2799114531.25,-17.42515
2799114687.5,-17.42203
2799114843.75,-17.42249
2799115000.0,-17.4186
2799115156.25,-17.41702
2799115312.5,-17.4154
2799115468.75,-17.41349
2799115625.0,-17.41121
2799115781.25,-17.40913
2799115937.5,-17.40757
2799116093.75,-17.40637
2799116250.0,-17.40548
2799116406.25,-17.40295
2799116562.5,-17.40232
2799116718.75,-17.39767
2799116875.0,-17.39772
2799117031.25,-17.39541
2799117187.5,-17.3935
2799117343.75,-17.39112
2799117500.0,-17.38957
2799117656.25,-17.38811
2799117812.5,-17.38681
2799117968.75,-17.38463
2799118125.0,-17.3815
2799118281.25,-17.38071
2799118437.5,-17.37776
2799118593.75,-17.37682
2799118750.0,-17.3738
2799118906.25,-17.37401
2799119062.5,-17.37216
2799119218.75,-17.36862
2799119375.0,-17.36733
2799119531.25,-17.36548
2799119687.5,-17.36378
2799119843.75,-17.36237
2799120000.0,-17.35979
2799120156.25,-17.35708
2799120312.5,-17.3572
2799120468.75,-17.35366
2799120625.0,-17.3526
2799120781.25,-17.34941
2799120937.5,-17.34889
2799121093.75,-17.34556
2799121250.0,-17.34453
2799121406.25,-17.34262
2799121562.5,-17.34242
2799121718.75,-17.3389
2799121875.0,-17.33818
2799122031.25,-17.3362
2799122187.5,-17.33359
2799122343.75,-17.33106
2799122500.0,-17.32973
2799122656.25,-17.32765
2799122812.5,-17.32684
2799122968.75,-17.32433
2799123125.0,-17.32339
2799123281.25,-17.31916
2799123437.5,-17.31937
2799123593.75,-17.31698
2799123750.0,-17.31549
2799123906.25,-17.31244
2799124062.5,-17.31154
2799124218.75,-17.30904
2799124375.0,-17.30681
2799124531.25,-17.30441
2799124687.5,-17.30422
2799124843.75,-17.30132
2799125000.0,-17.29964
2799125156.25,-17.29857
2799125312.5,-17.29671
2799125468.75,-17.29432
2799125625.0,-17.29276
2799125781.25,-17.29031
2799125937.5,-17.28879
2799126093.75,-17.28689
2799126250.0,-17.28533
2799126406.25,-17.28337
2799126562.5,-17.28106
2799126718.75,-17.28063
2799126875.0,-17.27927
2799127031.25,-17.27542
2799127187.5,-17.27269
2799127343.75,-17.27255
2799127500.0,-17.27001
2799127656.25,-17.26821
2799127812.5,-17.26657
2799127968.75,-17.2623
2799128125.0,-17.26234
2799128281.25,-17.25997
2799128437.5,-17.25891
2799128593.75,-17.25688
2799128750.0,-17.25503
2799128906.25,-17.25302
2799129062.5,-17.25091
2799129218.75,-17.249
2799129375.0,-17.24785
2799129531.25,-17.2448
2799129687.5,-17.24366
2799129843.75,-17.24126
2799130000.0,-17.24043
2799130156.25,-17.23821
2799130312.5,-17.23481
2799130468.75,-17.23408
2799130625.0,-17.23222
2799130781.25,-17.22966
2799130937.5,-17.22836
2799131093.75,-17.22629
2799131250.0,-17.22412
2799131406.25,-17.22374
2799131562.5,-17.22055
2799131718.75,-17.21868
2799131875.0,-17.21783
2799132031.25,-17.21531
2799132187.5,-17.21432
2799132343.75,-17.21263
2799132500.0,-17.21075
2799132656.25,-17.20802
2799132812.5,-17.20565
2799132968.75,-17.20324
2799133125.0,-17.20154
2799133281.25,-17.1996
2799133437.5,-17.19792
2799133593.75,-17.19664
2799133750.0,-17.19534
2799133906.25,-17.19331
2799134062.5,-17.18998
2799134218.75,-17.1893
2799134375.0,-17.18682
2799134531.25,-17.1853
2799134687.5,-17.18248
2799134843.75,-17.1806
2799135000.0,-17.17957
2799135156.25,-17.17626
2799135312.5,-17.17439
2799135468.75,-17.17474
2799135625.0,-17.17307
2799135781.25,-17.16987
2799135937.5,-17.16705
2799136093.75,-17.16555
2799136250.0,-17.16412
2799136406.25,-17.16017
2799136562.5,-17.16079
2799136718.75,-17.15965
2799136875.0,-17.15772
2799137031.25,-17.15518
2799137187.5,-17.15404
2799137343.75,-17.15038
2799137500.0,-17.14859
2799137656.25,-17.1467
2799137812.5,-17.14625
2799137968.75,-17.1439
2799138125.0,-17.14218
2799138281.25,-17.13976
2799138437.5,-17.1374
2799138593.75,-17.13584
2799138750.0,-17.13394
2799138906.25,-17.13214
2799139062.5,-17.12945
2799139218.75,-17.12794
2799139375.0,-17.1264
2799139531.25,-17.12407
2799139687.5,-17.12277
2799139843.75,-17.12044
2799140000.0,-17.11751
2799140156.25,-17.11745
2799140312.5,-17.1146
2799140468.75,-17.11225
2799140625.0,-17.11023
2799140781.25,-17.10822
2799140937.5,-17.10636
2799141093.75,-17.10417
2799141250.0,-17.10106
2799141406.25,-17.10163
2799141562.5,-17.09968
2799141718.75,-17.09615
2799141875.0,-17.09647
2799142031.25,-17.09412
2799142187.5,-17.09154
2799142343.75,-17.08923
2799142500.0,-17.08709
2799142656.25,-17.08471
2799142812.5,-17.08458
2799142968.75,-17.0819
2799143125.0,-17.07948
2799143281.25,-17.07873
2799143437.5,-17.0758
2799143593.75,-17.07353
2799143750.0,-17.0717
2799143906.25,-17.07084
2799144062.5,-17.06896
2799144218.75,-17.06569
2799144375.0,-17.06448
2799144531.25,-17.06379
2799144687.5,-17.05952
2799144843.75,-17.05999
2799145000.0,-17.05708
2799145156.25,-17.05614
2799145312.5,-17.05323
2799145468.75,-17.04991
2799145625.0,-17.04954
2799145781.25,-17.047
2799145937.5,-17.04508
2799146093.75,-17.04344
2799146250.0,-17.04124
2799146406.25,-17.0407
2799146562.5,-17.03657
2799146718.75,-17.03536
2799146875.0,-17.03513
2799147031.25,-17.03119
2799147187.5,-17.03218
2799147343.75,-17.02851
2799147500.0,-17.02328
2799147656.25,-17.02437
2799147812.5,-17.02186
2799147968.75,-17.02024
2799148125.0,-17.01735
2799148281.25,-17.01682
2799148437.5,-17.01302
2799148593.75,-17.01105
2799148750.0,-17.01074
2799148906.25,-17.00865
2799149062.5,-17.00634
2799149218.75,-17.00507
2799149375.0,-17.00264
2799149531.25,-17.00135
2799149687.5,-16.99958
2799149843.75,-16.99623
2799150000.0,-16.99503
2799150156.25,-16.99387
2799150312.5,-16.99184
2799150468.75,-16.99053
2799150625.0,-16.9874
2799150781.25,-16.98609
2799150937.5,-16.98408
2799151093.75,-16.98138
2799151250.0,-16.97805
2799151406.25,-16.97792
2799151562.5,-16.97573
2799151718.75,-16.97346
2799151875.0,-16.97066
2799152031.25,-16.96975
2799152187.5,-16.9683
2799152343.75,-16.96578
2799152500.0,-16.96468
2799152656.25,-16.96158
2799152812.5,-16.96139
2799152968.75,-16.95852
2799153125.0,-16.9574
2799153281.25,-16.9544
2799153437.5,-16.95221
2799153593.75,-16.95208
2799153750.0,-16.94882
2799153906.25,-16.94763
2799154062.5,-16.94487
2799154218.75,-16.94188
2799154375.0,-16.94108
2799154531.25,-16.93954
2799154687.5,-16.937
2799154843.75,-16.93555
2799155000.0,-16.93304
2799155156.25,-16.93197
2799155312.5,-16.92991
2799155468.75,-16.92863
2799155625.0,-16.92565
2799155781.25,-16.92336
2799155937.5,-16.92079
2799156093.75,-16.92042
2799156250.0,-16.91879
2799156406.25,-16.91535
2799156562.5,-16.91383
2799156718.75,-16.91187
2799156875.0,-16.90948
2799157031.25,-16.90802
2799157187.5,-16.90692
2799157343.75,-16.90504
2799157500.0,-16.90162
2799157656.25,-16.90106
2799157812.5,-16.89765
2799157968.75,-16.89621
2799158125.0,-16.89457
2799158281.25,-16.89165
2799158437.5,-16.88973
2799158593.75,-16.88877
2799158750.0,-16.88725
2799158906.25,-16.88554
2799159062.5,-16.88258
2799159218.75,-16.88204
2799159375.0,-16.87916
2799159531.25,-16.87733
2799159687.5,-16.87542
2799159843.75,-16.87271
2799160000.0,-16.87118
2799160156.25,-16.86971
2799160312.5,-16.86707
2799160468.75,-16.86351
2799160625.0,-16.86243
2799160781.25,-16.86194
2799160937.5,-16.85941
2799161093.75,-16.85791
2799161250.0,-16.85565
2799161406.25,-16.85277
2799161562.5,-16.85253
2799161718.75,-16.84932
2799161875.0,-16.84811
2799162031.25,-16.84472
2799162187.5,-16.8448
2799162343.75,-16.84098
2799162500.0,-16.83948
2799162656.25,-16.83864
2799162812.5,-16.83794
2799162968.75,-16.83418
2799163125.0,-16.83286
2799163281.25,-16.83017
2799163437.5,-16.8288
2799163593.75,-16.82541
2799163750.0,-16.8249
2799163906.25,-16.82337
2799164062.5,-16.82014
2799164218.75,-16.8176
2799164375.0,-16.81633
2799164531.25,-16.81466
2799164687.5,-16.81365
2799164843.75,-16.81085
2799165000.0,-16.80999
2799165156.25,-16.80625
2799165312.5,-16.8044
2799165468.75,-16.80341
2799165625.0,-16.80138
2799165781.25,-16.79954
2799165937.5,-16.79553
2799166093.75,-16.79541
2799166250.0,-16.79235
2799166406.25,-16.78907
2799166562.5,-16.78876
2799166718.75,-16.78679
2799166875.0,-16.7849
2799167031.25,-16.78156
2799167187.5,-16.78014
2799167343.75,-16.77829
2799167500.0,-16.7762
2799167656.25,-16.77489
2799167812.5,-16.77271
2799167968.75,-16.77064
2799168125.0,-16.7689
2799168281.25,-16.76745
2799168437.5,-16.76518
2799168593.75,-16.76303
2799168750.0,-16.76171
2799168906.25,-16.7591
2799169062.5,-16.75698
2799169218.75,-16.75626
2799169375.0,-16.75296
2799169531.25,-16.75072
2799169687.5,-16.74897
2799169843.75,-16.74603
2799170000.0,-16.74532
2799170156.25,-16.74318
2799170312.5,-16.74116
2799170468.75,-16.73906
2799170625.0,-16.73808
2799170781.25,-16.73528
2799170937.5,-16.73371
2799171093.75,-16.7315
2799171250.0,-16.72993
2799171406.25,-16.72639
2799171562.5,-16.72609
2799171718.75,-16.724
2799171875.0,-16.72199
2799172031.25,-16.72087
2799172187.5,-16.71581
2799172343.75,-16.71468
2799172500.0,-16.71424
2799172656.25,-16.71108
2799172812.5,-16.70945
2799172968.75,-16.70716
2799173125.0,-16.70555
2799173281.25,-16.70314
2799173437.5,-16.70131
2799173593.75,-16.70057
2799173750.0,-16.69829
2799173906.25,-16.69572
2799174062.5,-16.69282
2799174218.75,-16.69228
2799174375.0,-16.689
2799174531.25,-16.68814
2799174687.5,-16.68651
2799174843.75,-16.68251
2799175000.0,-16.68136
2799175156.25,-16.67957
2799175312.5,-16.67763
2799175468.75,-16.67746
2799175625.0,-16.67368
2799175781.25,-16.67343
2799175937.5,-16.67106
2799176093.75,-16.66607
2799176250.0,-16.66587
2799176406.25,-16.66399
2799176562.5,-16.66235
2799176718.75,-16.65967
2799176875.0,-16.65657
2799177031.25,-16.65508
2799177187.5,-16.65281
2799177343.75,-16.65134
2799177500.0,-16.6482
2799177656.25,-16.64625
2799177812.5,-16.64602
2799177968.75,-16.6429
2799178125.0,-16.64205
2799178281.25,-16.64059
2799178437.5,-16.63661
2799178593.75,-16.63608
2799178750.0,-16.63553
2799178906.25,-16.63257
2799179062.5,-16.63054
2799179218.75,-16.62821
2799179375.0,-16.62642
2799179531.25,-16.62354
2799179687.5,-16.62246
2799179843.75,-16.62008
2799180000.0,-16.61857
2799180156.25,-16.61554
2799180312.5,-16.61471
2799180468.75,-16.61228
2799180625.0,-16.60929
2799180781.25,-16.60843
2799180937.5,-16.60571
2799181093.75,-16.60388
2799181250.0,-16.60225
2799181406.25,-16.59938
2799181562.5,-16.59805
2799181718.75,-16.59467
2799181875.0,-16.59412
2799182031.25,-16.59089
2799182187.5,-16.59061
2799182343.75,-16.58765
2799182500.0,-16.58675
2799182656.25,-16.5833
2799182812.5,-16.58054
2799182968.75,-16.5803
2799183125.0,-16.57888
2799183281.25,-16.57475
2799183437.5,-16.57406
2799183593.75,-16.57158
2799183750.0,-16.57031
2799183906.25,-16.56749
2799184062.5,-16.56532
2799184218.75,-16.5631
2799184375.0,-16.56365
2799184531.25,-16.56006
2799184687.5,-16.55812
2799184843.75,-16.55479
2799185000.0,-16.55444
2799185156.25,-16.55176
2799185312.5,-16.55076
2799185468.75,-16.54865
2799185625.0,-16.54443
2799185781.25,-16.54437
2799185937.5,-16.5412
2799186093.75,-16.5395
2799186250.0,-16.53719
2799186406.25,-16.53501
2799186562.5,-16.53341
2799186718.75,-16.53131
2799186875.0,-16.52986
2799187031.25,-16.52893
2799187187.5,-16.52592
2799187343.75,-16.5233
2799187500.0,-16.51996
2799187656.25,-16.52014
2799187812.5,-16.51704
2799187968.75,-16.51566
2799188125.0,-16.51267
2799188281.25,-16.50962
2799188437.5,-16.5082
2799188593.75,-16.50719
2799188750.0,-16.50569
2799188906.25,-16.50205
2799189062.5,-16.50085
2799189218.75,-16.49921
2799189375.0,-16.49699
2799189531.25,-16.49527
2799189687.5,-16.4923
2799189843.75,-16.49104
2799190000.0,-16.48821
2799190156.25,-16.48616
2799190312.5,-16.48485
2799190468.75,-16.48325
2799190625.0,-16.48103
2799190781.25,-16.47926
2799190937.5,-16.4766
2799191093.75,-16.47391
2799191250.0,-16.47382
2799191406.25,-16.47164
2799191562.5,-16.46728
2799191718.75,-16.46658
2799191875.0,-16.46429
2799192031.25,-16.46319
2799192187.5,-16.45945
2799192343.75,-16.45902
2799192500.0,-16.45646
2799192656.25,-16.45472
2799192812.5,-16.45263
2799192968.75,-16.44972
2799193125.0,-16.44924
2799193281.25,-16.44594
2799193437.5,-16.44409
2799193593.75,-16.44258
2799193750.0,-16.43857
2799193906.25,-16.43826
2799194062.5,-16.43533
2799194218.75,-16.43408
2799194375.0,-16.43234
2799194531.25,-16.43013
2799194687.5,-16.42797
2799194843.75,-16.42692
2799195000.0,-16.42364
2799195156.25,-16.42105
2799195312.5,-16.42076
2799195468.75,-16.41843
2799195625.0,-16.41636
2799195781.25,-16.41411
2799195937.5,-16.41121
2799196093.75,-16.40986
2799196250.0,-16.40633
2799196406.25,-16.40535
2799196562.5,-16.40436
2799196718.75,-16.40295
2799196875.0,-16.40022
2799197031.25,-16.39802
2799197187.5,-16.3947
2799197343.75,-16.39341
2799197500.0,-16.39109
2799197656.25,-16.39015
2799197812.5,-16.38674
2799197968.75,-16.38563
2799198125.0,-16.38298
2799198281.25,-16.37943
2799198437.5,-16.37897
2799198593.75,-16.37747
2799198750.0,-16.3752
2799198906.25,-16.37267
2799199062.5,-16.37081
2799199218.75,-16.3697
2799199375.0,-16.36689
2799199531.25,-16.36538
2799199687.5,-16.3629
2799199843.75,-16.35859
2799200000.0,-16.3574
2799200156.25,-16.35704
2799200312.5,-16.35236
2799200468.75,-16.35171
2799200625.0,-16.34855
2799200781.25,-16.34692
2799200937.5,-16.34687
2799201093.75,-16.34433
2799201250.0,-16.34212
2799201406.25,-16.3397
2799201562.5,-16.33797
2799201718.75,-16.33627
2799201875.0,-16.33459
2799202031.25,-16.333
2799202187.5,-16.32969
2799202343.75,-16.32755
2799202500.0,-16.32542
2799202656.25,-16.32485
2799202812.5,-16.32123
2799202968.75,-16.32018
2799203125.0,-16.31738
2799203281.25,-16.31565
2799203437.5,-16.31303
2799203593.75,-16.31212
2799203750.0,-16.30953
2799203906.25,-16.30754
2799204062.5,-16.30456
2799204218.75,-16.30214
2799204375.0,-16.29982
2799204531.25,-16.29837
2799204687.5,-16.29607
2799204843.75,-16.29468
2799205000.0,-16.29322
2799205156.25,-16.29156
2799205312.5,-16.28857
2799205468.75,-16.28699
2799205625.0,-16.28403
2799205781.25,-16.28249
2799205937.5,-16.28069
2799206093.75,-16.27852
2799206250.0,-16.27682
2799206406.25,-16.27377
2799206562.5,-16.27192
2799206718.75,-16.27056
2799206875.0,-16.26699
2799207031.25,-16.26627
2799207187.5,-16.26315
2799207343.75,-16.26117
2799207500.0,-16.25975
2799207656.25,-16.25674
2799207812.5,-16.25579
2799207968.75,-16.25377
2799208125.0,-16.25144
2799208281.25,-16.24914
2799208437.5,-16.24664
2799208593.75,-16.24549
2799208750.0,-16.24213
2799208906.25,-16.24016
2799209062.5,-16.23854
2799209218.75,-16.23738
2799209375.0,-16.23339
2799209531.25,-16.23262
2799209687.5,-16.23056
2799209843.75,-16.22901
2799210000.0,-16.22633
2799210156.25,-16.22383
2799210312.5,-16.22103
2799210468.75,-16.22006
2799210625.0,-16.21925
2799210781.25,-16.21489
2799210937.5,-16.214
2799211093.75,-16.21156
2799211250.0,-16.20879
2799211406.25,-16.20778
2799211562.5,-16.204
2799211718.75,-16.2053
2799211875.0,-16.2013
2799212031.25,-16.19909
2799212187.5,-16.19823
2799212343.75,-16.19535
2799212500.0,-16.19395
2799212656.25,-16.19191
2799212812.5,-16.19016
2799212968.75,-16.18703
2799213125.0,-16.18393
2799213281.25,-16.18313
2799213437.5,-16.18078
2799213593.75,-16.17803
2799213750.0,-16.17643
2799213906.25,-16.17375
2799214062.5,-16.17325
2799214218.75,-16.17069
2799214375.0,-16.16812
2799214531.25,-16.16628
2799214687.5,-16.16338
2799214843.75,-16.16258
2799215000.0,-16.1601
2799215156.25,-16.15785
2799215312.5,-16.15505
2799215468.75,-16.15175
2799215625.0,-16.15103
2799215781.25,-16.14771
2799215937.5,-16.14791
2799216093.75,-16.14495
2799216250.0,-16.14245
2799216406.25,-16.14153
2799216562.5,-16.13844
2799216718.75,-16.13623
2799216875.0,-16.13491
2799217031.25,-16.13211
2799217187.5,-16.12996
2799217343.75,-16.12866
2799217500.0,-16.12668
2799217656.25,-16.1253
2799217812.5,-16.12019
2799217968.75,-16.12023
2799218125.0,-16.11801
2799218281.25,-16.11619
2799218437.5,-16.11426
2799218593.75,-16.11152
2799218750.0,-16.10841
2799218906.25,-16.10817
2799219062.5,-16.10403
2799219218.75,-16.10341
2799219375.0,-16.10078
2799219531.25,-16.09931
2799219687.5,-16.09615
2799219843.75,-16.09476
2799220000.0,-16.09296
2799220156.25,-16.08964
2799220312.5,-16.08835
2799220468.75,-16.08665
2799220625.0,-16.0849
2799220781.25,-16.08277
2799220937.5,-16.07881
2799221093.75,-16.07796
2799221250.0,-16.07612
2799221406.25,-16.07283
2799221562.5,-16.07124
2799221718.75,-16.06974
2799221875.0,-16.06722
2799222031.25,-16.06453
2799222187.5,-16.0634
2799222343.75,-16.0613
2799222500.0,-16.05924
2799222656.25,-16.05841
2799222812.5,-16.05537
2799222968.75,-16.05209
2799223125.0,-16.05094
2799223281.25,-16.04773
2799223437.5,-16.04535
2799223593.75,-16.04443
2799223750.0,-16.04318
2799223906.25,-16.03866
2799224062.5,-16.03899
2799224218.75,-16.03551
2799224375.0,-16.03338
2799224531.25,-16.03112
2799224687.5,-16.0292
2799224843.75,-16.02666
2799225000.0,-16.02453
2799225156.25,-16.023
2799225312.5,-16.01991
2799225468.75,-16.01974
2799225625.0,-16.01697
2799225781.25,-16.01458
2799225937.5,-16.01284
2799226093.75,-16.01021
2799226250.0,-16.00718
2799226406.25,-16.00616
2799226562.5,-16.00398
2799226718.75,-16.00165
2799226875.0,-15.99899
2799227031.25,-15.99703
2799227187.5,-15.99446
2799227343.75,-15.99268
2799227500.0,-15.99213
2799227656.25,-15.98829
2799227812.5,-15.98745
2799227968.75,-15.98338
2799228125.0,-15.98173
2799228281.25,-15.98122
2799228437.5,-15.97927
2799228593.75,-15.97565
2799228750.0,-15.97435
2799228906.25,-15.97166
2799229062.5,-15.97037
2799229218.75,-15.96746
2799229375.0,-15.96585
2799229531.25,-15.96254
2799229687.5,-15.9606
2799229843.75,-15.95792
2799230000.0,-15.95753
2799230156.25,-15.95543
2799230312.5,-15.95242
2799230468.75,-15.95059
2799230625.0,-15.94879
2799230781.25,-15.94583
2799230937.5,-15.9452
2799231093.75,-15.94206
2799231250.0,-15.94046
2799231406.25,-15.93816
2799231562.5,-15.93573
2799231718.75,-15.93382
2799231875.0,-15.93324
2799232031.25,-15.92992
2799232187.5,-15.92794
2799232343.75,-15.92458
2799232500.0,-15.92316
2799232656.25,-15.92063
2799232812.5,-15.92
2799232968.75,-15.91754
2799233125.0,-15.91377
2799233281.25,-15.91238
2799233437.5,-15.90856
2799233593.75,-15.90821
2799233750.0,-15.9054
2799233906.25,-15.90431
2799234062.5,-15.90198
2799234218.75,-15.90008
2799234375.0,-15.89783
2799234531.25,-15.89552
2799234687.5,-15.8936
2799234843.75,-15.89098
2799235000.0,-15.88924
2799235156.25,-15.88632
2799235312.5,-15.88433
2799235468.75,-15.88234
2799235625.0,-15.87967
2799235781.25,-15.87851
2799235937.5,-15.87677
2799236093.75,-15.87413
2799236250.0,-15.87152
2799236406.25,-15.86888
2799236562.5,-15.86638
2799236718.75,-15.86628
2799236875.0,-15.86224
2799237031.25,-15.86003
2799237187.5,-15.86009
2799237343.75,-15.85739
2799237500.0,-15.85469
2799237656.25,-15.85305
2799237812.5,-15.84977
2799237968.75,-15.84873
2799238125.0,-15.8466
2799238281.25,-15.84424
2799238437.5,-15.84109
2799238593.75,-15.83989
2799238750.0,-15.83776
2799238906.25,-15.83436
2799239062.5,-15.83272
2799239218.75,-15.83054
2799239375.0,-15.82847
2799239531.25,-15.82717
2799239687.5,-15.82599
2799239843.75,-15.82286
2799240000.0,-15.81882
2799240156.25,-15.81841
2799240312.5,-15.81667
2799240468.75,-15.81265
2799240625.0,-15.81221
2799240781.25,-15.80967
2799240937.5,-15.80717
2799241093.75,-15.80414
2799241250.0,-15.80229
2799241406.25,-15.79988
2799241562.5,-15.79814
2799241718.75,-15.79624
2799241875.0,-15.79281
2799242031.25,-15.79247
2799242187.5,-15.7898
2799242343.75,-15.7872
2799242500.0,-15.78473
2799242656.25,-15.78358
2799242812.5,-15.7799
2799242968.75,-15.77902
2799243125.0,-15.77713
2799243281.25,-15.77514
2799243437.5,-15.77192
2799243593.75,-15.77055
2799243750.0,-15.76862
2799243906.25,-15.76546
2799244062.5,-15.76269
2799244218.75,-15.76203
2799244375.0,-15.75993
2799244531.25,-15.75686
2799244687.5,-15.75624
2799244843.75,-15.75301
2799245000.0,-15.75002
2799245156.25,-15.74939
2799245312.5,-15.74607
2799245468.75,-15.74444
2799245625.0,-15.74185
2799245781.25,-15.74051
2799245937.5,-15.73827
2799246093.75,-15.73583
2799246250.0,-15.73246
2799246406.25,-15.73098
2799246562.5,-15.7297
2799246718.75,-15.72608
2799246875.0,-15.72542
2799247031.25,-15.7218
2799247187.5,-15.72099
2799247343.75,-15.71938
2799247500.0,-15.71612
2799247656.25,-15.71367
2799247812.5,-15.71201
2799247968.75,-15.70882
2799248125.0,-15.70761
2799248281.25,-15.70477
2799248437.5,-15.70372
2799248593.75,-15.69955
2799248750.0,-15.69927
2799248906.25,-15.69667
2799249062.5,-15.69415
2799249218.75,-15.69247
2799249375.0,-15.68995
2799249531.25,-15.6885
2799249687.5,-15.68589
2799249843.75,-15.6831
2799250000.0,-15.68153
2799250156.25,-15.67858
2799250312.5,-15.67735
2799250468.75,-15.67449
2799250625.0,-15.67303
2799250781.25,-15.67149
2799250937.5,-15.66847
2799251093.75,-15.66729
2799251250.0,-15.66355
2799251406.25,-15.6621
2799251562.5,-15.66033
2799251718.75,-15.65679
2799251875.0,-15.65524
2799252031.25,-15.65286
2799252187.5,-15.65047
2799252343.75,-15.64841
2799252500.0,-15.64649
2799252656.25,-15.6451
2799252812.5,-15.64191
2799252968.75,-15.63999
2799253125.0,-15.63679
2799253281.25,-15.63511
2799253437.5,-15.63295
2799253593.75,-15.6308
2799253750.0,-15.62943
2799253906.25,-15.62697
2799254062.5,-15.62419
2799254218.75,-15.6229
2799254375.0,-15.62141
2799254531.25,-15.6173
2799254687.5,-15.61541
2799254843.75,-15.61249
2799255000.0,-15.61119
2799255156.25,-15.60935
2799255312.5,-15.60778
2799255468.75,-15.60411
2799255625.0,-15.60229
2799255781.25,-15.6017
2799255937.5,-15.59872
2799256093.75,-15.59559
2799256250.0,-15.59421
2799256406.25,-15.59243
2799256562.5,-15.59039
2799256718.75,-15.58713
2799256875.0,-15.58457
2799257031.25,-15.58229
2799257187.5,-15.58152
2799257343.75,-15.57809
2799257500.0,-15.57504
2799257656.25,-15.57302
2799257812.5,-15.57112
2799257968.75,-15.56922
2799258125.0,-15.5679
2799258281.25,-15.56471
2799258437.5,-15.56305
2799258593.75,-15.56141
2799258750.0,-15.55809
2799258906.25,-15.55587
2799259062.5,-15.55291
2799259218.75,-15.55121
2799259375.0,-15.54884
2799259531.25,-15.54667
2799259687.5,-15.54481
2799259843.75,-15.54356
2799260000.0,-15.54073
2799260156.25,-15.53803
2799260312.5,-15.53525
2799260468.75,-15.53407
2799260625.0,-15.53123
2799260781.25,-15.52944
2799260937.5,-15.52625
2799261093.75,-15.52518
2799261250.0,-15.52274
2799261406.25,-15.52047
2799261562.5,-15.51768
2799261718.75,-15.51529
2799261875.0,-15.51321
2799262031.25,-15.5116
2799262187.5,-15.50869
2799262343.75,-15.50578
2799262500.0,-15.50367
2799262656.25,-15.50314
2799262812.5,-15.50118
2799262968.75,-15.49858
2799263125.0,-15.49599
2799263281.25,-15.49332
2799263437.5,-15.4919
2799263593.75,-15.48979
2799263750.0,-15.4886
2799263906.25,-15.48492
2799264062.5,-15.4827
2799264218.75,-15.48044
2799264375.0,-15.47876
2799264531.25,-15.47512
2799264687.5,-15.47308
2799264843.75,-15.47111
2799265000.0,-15.47006
2799265156.25,-15.46817
2799265312.5,-15.46462
2799265468.75,-15.46341
2799265625.0,-15.46149
2799265781.25,-15.45959
2799265937.5,-15.45615
2799266093.75,-15.45329
2799266250.0,-15.4515
2799266406.25,-15.44865
2799266562.5,-15.44694
2799266718.75,-15.4467
2799266875.0,-15.44273
2799267031.25,-15.4422
2799267187.5,-15.43851
2799267343.75,-15.43522
2799267500.0,-15.43418
2799267656.25,-15.4313
2799267812.5,-15.43039
2799267968.75,-15.42756
2799268125.0,-15.42489
2799268281.25,-15.42307
2799268437.5,-15.42103
2799268593.75,-15.41789
2799268750.0,-15.41679
2799268906.25,-15.41404
2799269062.5,-15.4123
2799269218.75,-15.41028
2799269375.0,-15.40616
2799269531.25,-15.40568
2799269687.5,-15.40201
2799269843.75,-15.40117
2799270000.0,-15.39968
2799270156.25,-15.3962
2799270312.5,-15.39355
2799270468.75,-15.39148
2799270625.0,-15.38979
2799270781.25,-15.38646
2799270937.5,-15.38413
2799271093.75,-15.38291
2799271250.0,-15.37985
2799271406.25,-15.37773
2799271562.5,-15.37584
2799271718.75,-15.37301
2799271875.0,-15.37083
2799272031.25,-15.36787
2799272187.5,-15.36664
2799272343.75,-15.36456
2799272500.0,-15.36274
2799272656.25,-15.36031
2799272812.5,-15.35719
2799272968.75,-15.35526
2799273125.0,-15.35364
2799273281.25,-15.35015
2799273437.5,-15.34794
2799273593.75,-15.3471
2799273750.0,-15.34354
2799273906.25,-15.34174
2799274062.5,-15.33895
2799274218.75,-15.3368
2799274375.0,-15.33522
2799274531.25,-15.33418
2799274687.5,-15.33089
2799274843.75,-15.32865
2799275000.0,-15.32664
2799275156.25,-15.32478
2799275312.5,-15.32193
2799275468.75,-15.32004
2799275625.0,-15.31738
2799275781.25,-15.31528
2799275937.5,-15.31302
2799276093.75,-15.30935
2799276250.0,-15.30773
2799276406.25,-15.3059
2799276562.5,-15.3034
2799276718.75,-15.30282
2799276875.0,-15.29827
2799277031.25,-15.29739
2799277187.5,-15.29503
2799277343.75,-15.29278
2799277500.0,-15.2908
2799277656.25,-15.28819
2799277812.5,-15.28551
2799277968.75,-15.28387
2799278125.0,-15.28262
2799278281.25,-15.27937
2799278437.5,-15.27671
2799278593.75,-15.27397
2799278750.0,-15.27299
2799278906.25,-15.26947
2799279062.5,-15.26783
2799279218.75,-15.26471
2799279375.0,-15.26225
2799279531.25,-15.26074
2799279687.5,-15.25837
2799279843.75,-15.25593
2799280000.0,-15.25405
2799280156.25,-15.25172
2799280312.5,-15.24861
2799280468.75,-15.24728
2799280625.0,-15.24483
2799280781.25,-15.24145
2799280937.5,-15.2405
2799281093.75,-15.23919
2799281250.0,-15.23487
2799281406.25,-15.23398
2799281562.5,-15.23106
2799281718.75,-15.22944
2799281875.0,-15.22616
2799282031.25,-15.22451
2799282187.5,-15.22225
2799282343.75,-15.21918
2799282500.0,-15.21771
2799282656.25,-15.2132
2799282812.5,-15.21332
2799282968.75,-15.21055
2799283125.0,-15.2091
2799283281.25,-15.20633
2799283437.5,-15.2041
2799283593.75,-15.20074
2799283750.0,-15.19868
2799283906.25,-15.19792
2799284062.5,-15.19559
2799284218.75,-15.19364
2799284375.0,-15.19138
2799284531.25,-15.18748
2799284687.5,-15.18475
2799284843.75,-15.18298
2799285000.0,-15.18256
2799285156.25,-15.17826
2799285312.5,-15.17683
2799285468.75,-15.17434
2799285625.0,-15.17159
2799285781.25,-15.16947
2799285937.5,-15.16735
2799286093.75,-15.16521
2799286250.0,-15.16373
2799286406.25,-15.16077
2799286562.5,-15.15826
2799286718.75,-15.15666
2799286875.0,-15.15314
2799287031.25,-15.15193
2799287187.5,-15.14973
2799287343.75,-15.14714
2799287500.0,-15.14426
2799287656.25,-15.14281
2799287812.5,-15.13998
2799287968.75,-15.13772
2799288125.0,-15.13463
2799288281.25,-15.13349
2799288437.5,-15.12984
2799288593.75,-15.12894
2799288750.0,-15.12624
2799288906.25,-15.12418
2799289062.5,-15.12149
2799289218.75,-15.1201
2799289375.0,-15.11721
2799289531.25,-15.11516
2799289687.5,-15.11186
2799289843.75,-15.11018
2799290000.0,-15.10783
2799290156.25,-15.10534
2799290312.5,-15.10289
2799290468.75,-15.10115
2799290625.0,-15.09914
2799290781.25,-15.09734
2799290937.5,-15.09431
2799291093.75,-15.09132
2799291250.0,-15.0903
2799291406.25,-15.08826
2799291562.5,-15.08538
2799291718.75,-15.0835
2799291875.0,-15.08116
2799292031.25,-15.07799
2799292187.5,-15.07618
2799292343.75,-15.07321
2799292500.0,-15.07064
2799292656.25,-15.06897
2799292812.5,-15.06712
2799292968.75,-15.06342
2799293125.0,-15.06103
2799293281.25,-15.05983
2799293437.5,-15.05694
2799293593.75,-15.0549
2799293750.0,-15.05157
2799293906.25,-15.05236
2799294062.5,-15.04772
2799294218.75,-15.04521
2799294375.0,-15.04301
2799294531.25,-15.04078
2799294687.5,-15.03872
2799294843.75,-15.03688
2799295000.0,-15.03361
2799295156.25,-15.03194
2799295312.5,-15.0302
2799295468.75,-15.02701
2799295625.0,-15.02382
2799295781.25,-15.02268
2799295937.5,-15.01948
2799296093.75,-15.0179
2799296250.0,-15.01518
2799296406.25,-15.01408
2799296562.5,-15.01136
2799296718.75,-15.00948
2799296875.0,-15.00656
2799297031.25,-15.0041
2799297187.5,-15.00247
2799297343.75,-15.00036
2799297500.0,-14.99829
2799297656.25,-14.99607
2799297812.5,-14.99205
2799297968.75,-14.98948
2799298125.0,-14.98864
2799298281.25,-14.98637
2799298437.5,-14.98393
2799298593.75,-14.98119
2799298750.0,-14.97941
2799298906.25,-14.97533
2799299062.5,-14.97471
2799299218.75,-14.97104
2799299375.0,-14.96955
2799299531.25,-14.96772
2799299687.5,-14.96389
2799299843.75,-14.96243
2799300000.0,-14.95979
2799300156.25,-14.95695
2799300312.5,-14.95552
2799300468.75,-14.95304
2799300625.0,-14.95037
2799300781.25,-14.94826
2799300937.5,-14.94573
2799301093.75,-14.94313
2799301250.0,-14.94073
2799301406.25,-14.93993
2799301562.5,-14.9377
2799301718.75,-14.93482
2799301875.0,-14.93191
2799302031.25,-14.9291
2799302187.5,-14.92733
2799302343.75,-14.92558
2799302500.0,-14.92285
2799302656.25,-14.92027
2799302812.5,-14.9191
2799302968.75,-14.91735
2799303125.0,-14.91405
2799303281.25,-14.91128
2799303437.5,-14.90935
2799303593.75,-14.90724
2799303750.0,-14.90391
2799303906.25,-14.90194
2799304062.5,-14.90152
2799304218.75,-14.89752
2799304375.0,-14.89514
2799304531.25,-14.89338
2799304687.5,-14.88919
2799304843.75,-14.88756
2799305000.0,-14.88594
2799305156.25,-14.88295
2799305312.5,-14.88133
2799305468.75,-14.87761
2799305625.0,-14.87651
2799305781.25,-14.87408
2799305937.5,-14.87185
2799306093.75,-14.86866
2799306250.0,-14.86735
2799306406.25,-14.8649
2799306562.5,-14.86288
2799306718.75,-14.85969
2799306875.0,-14.8576
2799307031.25,-14.85564
2799307187.5,-14.85321
2799307343.75,-14.85006
2799307500.0,-14.84804
2799307656.25,-14.84635
2799307812.5,-14.84363
2799307968.75,-14.84161
2799308125.0,-14.8402
2799308281.25,-14.83738
2799308437.5,-14.83461
2799308593.75,-14.83157
2799308750.0,-14.82932
2799308906.25,-14.82752
2799309062.5,-14.82355
2799309218.75,-14.82217
2799309375.0,-14.81945
2799309531.25,-14.81763
2799309687.5,-14.81531
2799309843.75,-14.81365
2799310000.0,-14.81069
2799310156.25,-14.80776
2799310312.5,-14.80574
2799310468.75,-14.80208
2799310625.0,-14.80099
2799310781.25,-14.79822
2799310937.5,-14.79493
2799311093.75,-14.7944
2799311250.0,-14.7929
2799311406.25,-14.79075
2799311562.5,-14.78774
2799311718.75,-14.78551
2799311875.0,-14.78229
2799312031.25,-14.78047
2799312187.5,-14.77798
2799312343.75,-14.77518
2799312500.0,-14.77208
2799312656.25,-14.77126
2799312812.5,-14.76853
2799312968.75,-14.7658
2799313125.0,-14.76414
2799313281.25,-14.76082
2799313437.5,-14.75776
2799313593.75,-14.75592
2799313750.0,-14.75545
2799313906.25,-14.75303
2799314062.5,-14.74964
2799314218.75,-14.74679
2799314375.0,-14.74409
2799314531.25,-14.74224
2799314687.5,-14.7391
2799314843.75,-14.73766
2799315000.0,-14.73645
2799315156.25,-14.73288
2799315312.5,-14.73021
2799315468.75,-14.72719
2799315625.0,-14.72582
2799315781.25,-14.72263
2799315937.5,-14.71968
2799316093.75,-14.71828
2799316250.0,-14.71583
2799316406.25,-14.71292
2799316562.5,-14.71106
2799316718.75,-14.70901
2799316875.0,-14.70729
2799317031.25,-14.70526
2799317187.5,-14.70314
2799317343.75,-14.69987
2799317500.0,-14.6974
2799317656.25,-14.69553
2799317812.5,-14.69211
2799317968.75,-14.68985
2799318125.0,-14.688
2799318281.25,-14.68503
2799318437.5,-14.68201
2799318593.75,-14.67997
2799318750.0,-14.67898
2799318906.25,-14.67646
2799319062.5,-14.67389
2799319218.75,-14.67111
2799319375.0,-14.66838
2799319531.25,-14.66775
2799319687.5,-14.66421
2799319843.75,-14.66159
2799320000.0,-14.65917
2799320156.25,-14.65664
2799320312.5,-14.65453
2799320468.75,-14.65292
2799320625.0,-14.65019
2799320781.25,-14.64692
2799320937.5,-14.64528
2799321093.75,-14.64251
2799321250.0,-14.63976
2799321406.25,-14.63777
2799321562.5,-14.63589
2799321718.75,-14.63319
2799321875.0,-14.63101
2799322031.25,-14.62702
2799322187.5,-14.6251
2799322343.75,-14.62374
2799322500.0,-14.62212
2799322656.25,-14.61798
2799322812.5,-14.61569
2799322968.75,-14.61263
2799323125.0,-14.61138
2799323281.25,-14.60926
2799323437.5,-14.60687
2799323593.75,-14.60441
2799323750.0,-14.60165
2799323906.25,-14.5988
2799324062.5,-14.59588
2799324218.75,-14.59407
2799324375.0,-14.59181
2799324531.25,-14.58961
2799324687.5,-14.58709
2799324843.75,-14.58419
2799325000.0,-14.58226
2799325156.25,-14.58046
2799325312.5,-14.57763
2799325468.75,-14.5749
2799325625.0,-14.57327
2799325781.25,-14.57122
2799325937.5,-14.56879
2799326093.75,-14.56574
2799326250.0,-14.56376
2799326406.25,-14.56009
2799326562.5,-14.5581
2799326718.75,-14.55605
2799326875.0,-14.55401
2799327031.25,-14.5524
2799327187.5,-14.5497
2799327343.75,-14.54768
2799327500.0,-14.54441
2799327656.25,-14.54246
2799327812.5,-14.53936
2799327968.75,-14.53762
2799328125.0,-14.5341
2799328281.25,-14.53145
2799328437.5,-14.52939
2799328593.75,-14.52801
2799328750.0,-14.52596
2799328906.25,-14.52266
2799329062.5,-14.52171
2799329218.75,-14.51783
2799329375.0,-14.51564
2799329531.25,-14.5133
2799329687.5,-14.51091
2799329843.75,-14.50814
2799330000.0,-14.5061
2799330156.25,-14.50372
2799330312.5,-14.5011
2799330468.75,-14.49905
2799330625.0,-14.49523
2799330781.25,-14.49363
2799330937.5,-14.49296
2799331093.75,-14.48849
2799331250.0,-14.48728
2799331406.25,-14.48451
2799331562.5,-14.48153
2799331718.75,-14.4792
2799331875.0,-14.47633
2799332031.25,-14.47482
2799332187.5,-14.47271
2799332343.75,-14.46912
2799332500.0,-14.46731
2799332656.25,-14.46558
2799332812.5,-14.46304
2799332968.75,-14.46006
2799333125.0,-14.4576
2799333281.25,-14.45486
2799333437.5,-14.45237
2799333593.75,-14.45024
2799333750.0,-14.4482
2799333906.25,-14.445
2799334062.5,-14.4433
2799334218.75,-14.44018
2799334375.0,-14.43791
2799334531.25,-14.43532
2799334687.5,-14.43345
2799334843.75,-14.43031
2799335000.0,-14.42922
2799335156.25,-14.42658
2799335312.5,-14.42275
2799335468.75,-14.42164
2799335625.0,-14.41902
2799335781.25,-14.41568
2799335937.5,-14.41394
2799336093.75,-14.41185
2799336250.0,-14.40925
2799336406.25,-14.40751
2799336562.5,-14.40574
2799336718.75,-14.40254
2799336875.0,-14.39942
2799337031.25,-14.39669
2799337187.5,-14.39478
2799337343.75,-14.39284
2799337500.0,-14.38889
2799337656.25,-14.38605
2799337812.5,-14.38462
2799337968.75,-14.38248
2799338125.0,-14.37991
2799338281.25,-14.37737
2799338437.5,-14.37485
2799338593.75,-14.3743
2799338750.0,-14.37005
2799338906.25,-14.36792
2799339062.5,-14.36609
2799339218.75,-14.36433
2799339375.0,-14.36144
2799339531.25,-14.35756
2799339687.5,-14.3572
2799339843.75,-14.35284
2799340000.0,-14.35084
2799340156.25,-14.34822
2799340312.5,-14.34576
2799340468.75,-14.34349
2799340625.0,-14.3414
2799340781.25,-14.33912
2799340937.5,-14.3365
2799341093.75,-14.33352
2799341250.0,-14.33208
2799341406.25,-14.32947
2799341562.5,-14.32731
2799341718.75,-14.32279
2799341875.0,-14.32141
2799342031.25,-14.31832
2799342187.5,-14.31614
2799342343.75,-14.31388
2799342500.0,-14.3119
2799342656.25,-14.30874
2799342812.5,-14.30669
2799342968.75,-14.30494
2799343125.0,-14.30145
2799343281.25,-14.29939
2799343437.5,-14.29735
2799343593.75,-14.2934
2799343750.0,-14.29318
2799343906.25,-14.2895
2799344062.5,-14.28667
2799344218.75,-14.2858
2799344375.0,-14.28271
2799344531.25,-14.27997
2799344687.5,-14.27767
2799344843.75,-14.27555
2799345000.0,-14.27211
2799345156.25,-14.26997
2799345312.5,-14.26621
2799345468.75,-14.26573
2799345625.0,-14.26194
2799345781.25,-14.2602
2799345937.5,-14.25695
2799346093.75,-14.25627
2799346250.0,-14.25337
2799346406.25,-14.25034
2799346562.5,-14.24811
2799346718.75,-14.2453
2799346875.0,-14.24232
2799347031.25,-14.24037
2799347187.5,-14.23728
2799347343.75,-14.23485
2799347500.0,-14.23276
2799347656.25,-14.2307
2799347812.5,-14.22806
2799347968.75,-14.22576
2799348125.0,-14.22319
2799348281.25,-14.22103
2799348437.5,-14.2182
2799348593.75,-14.21642
2799348750.0,-14.21269
2799348906.25,-14.21184
2799349062.5,-14.20902
2799349218.75,-14.20543
2799349375.0,-14.2035
2799349531.25,-14.20103
2799349687.5,-14.19927
2799349843.75,-14.19626
2799350000.0,-14.19376
2799350156.25,-14.19141
2799350312.5,-14.19003
2799350468.75,-14.18604
2799350625.0,-14.18406
2799350781.25,-14.18157
2799350937.5,-14.17943
2799351093.75,-14.1776
2799351250.0,-14.17478
2799351406.25,-14.17174
2799351562.5,-14.16817
2799351718.75,-14.16612
2799351875.0,-14.16416
2799352031.25,-14.16105
2799352187.5,-14.15956
2799352343.75,-14.15683
2799352500.0,-14.15436
2799352656.25,-14.15145
2799352812.5,-14.14916
2799352968.75,-14.14746
2799353125.0,-14.14471
2799353281.25,-14.14233
2799353437.5,-14.13897
2799353593.75,-14.13721
2799353750.0,-14.13438
2799353906.25,-14.13101
2799354062.5,-14.12936
2799354218.75,-14.12636
2799354375.0,-14.12369
2799354531.25,-14.12227
2799354687.5,-14.12042
2799354843.75,-14.11765
2799355000.0,-14.1152
2799355156.25,-14.11191
2799355312.5,-14.11015
2799355468.75,-14.10706
2799355625.0,-14.10489
2799355781.25,-14.1021
2799355937.5,-14.10026
2799356093.75,-14.0973
2799356250.0,-14.0951
2799356406.25,-14.09211
2799356562.5,-14.09037
2799356718.75,-14.08622
2799356875.0,-14.08553
2799357031.25,-14.08243
2799357187.5,-14.07971
2799357343.75,-14.07682
2799357500.0,-14.07512
2799357656.25,-14.07184
2799357812.5,-14.06979
2799357968.75,-14.06714
2799358125.0,-14.06399
2799358281.25,-14.06311
2799358437.5,-14.05971
2799358593.75,-14.05693
2799358750.0,-14.05463
2799358906.25,-14.05241
2799359062.5,-14.04904
2799359218.75,-14.0476
2799359375.0,-14.04471
2799359531.25,-14.04242
2799359687.5,-14.04013
2799359843.75,-14.03702
2799360000.0,-14.03514
2799360156.25,-14.03295
2799360312.5,-14.0307
2799360468.75,-14.02715
2799360625.0,-14.02391
2799360781.25,-14.02133
2799360937.5,-14.01974
2799361093.75,-14.01585
2799361250.0,-14.01487
2799361406.25,-14.01124
2799361562.5,-14.01063
2799361718.75,-14.00743
2799361875.0,-14.00483
2799362031.25,-14.00213
2799362187.5,-13.99756
2799362343.75,-13.99669
2799362500.0,-13.99421
2799362656.25,-13.99265
2799362812.5,-13.98922
2799362968.75,-13.98659
2799363125.0,-13.98546
2799363281.25,-13.98326
2799363437.5,-13.97964
2799363593.75,-13.97701
2799363750.0,-13.97422
2799363906.25,-13.9728
2799364062.5,-13.96974
2799364218.75,-13.9675
2799364375.0,-13.96424
2799364531.25,-13.96161
2799364687.5,-13.95991
2799364843.75,-13.95686
2799365000.0,-13.95395
2799365156.25,-13.95278
2799365312.5,-13.95049
2799365468.75,-13.94645
2799365625.0,-13.94535
2799365781.25,-13.94147
2799365937.5,-13.94007
2799366093.75,-13.93672
2799366250.0,-13.93533
2799366406.25,-13.9331
2799366562.5,-13.92963
2799366718.75,-13.92804
2799366875.0,-13.92441
2799367031.25,-13.92215
2799367187.5,-13.92017
2799367343.75,-13.91709
2799367500.0,-13.9151
2799367656.25,-13.91229
2799367812.5,-13.90923
2799367968.75,-13.9063
2799368125.0,-13.90547
2799368281.25,-13.90133
2799368437.5,-13.89903
2799368593.75,-13.89669
2799368750.0,-13.89459
2799368906.25,-13.89126
2799369062.5,-13.88996
2799369218.75,-13.88628
2799369375.0,-13.88388
2799369531.25,-13.88111
2799369687.5,-13.87899
2799369843.75,-13.87618
2799370000.0,-13.87479
2799370156.25,-13.87115
2799370312.5,-13.86837
2799370468.75,-13.86733
2799370625.0,-13.8637
2799370781.25,-13.86021
2799370937.5,-13.85878
2799371093.75,-13.85564
2799371250.0,-13.854
2799371406.25,-13.851
2799371562.5,-13.84757
2799371718.75,-13.84672
2799371875.0,-13.844
2799372031.25,-13.84092
2799372187.5,-13.83858
2799372343.75,-13.83683
2799372500.0,-13.83369
2799372656.25,-13.83189
2799372812.5,-13.82866
2799372968.75,-13.8258
2799373125.0,-13.82318
2799373281.25,-13.82077
2799373437.5,-13.81859
2799373593.75,-13.81466
2799373750.0,-13.8125
2799373906.25,-13.80968
2799374062.5,-13.80808
2799374218.75,-13.80559
2799374375.0,-13.80333
2799374531.25,-13.80166
2799374687.5,-13.79686
2799374843.75,-13.79573
2799375000.0,-13.79277
2799375156.25,-13.78986
2799375312.5,-13.78719
2799375468.75,-13.78511
2799375625.0,-13.78232
2799375781.25,-13.77987
2799375937.5,-13.77766
2799376093.75,-13.77491
2799376250.0,-13.77259
2799376406.25,-13.76974
2799376562.5,-13.76816
2799376718.75,-13.76501
2799376875.0,-13.76227
2799377031.25,-13.75945
2799377187.5,-13.75707
2799377343.75,-13.75445
2799377500.0,-13.75206
2799377656.25,-13.74851
2799377812.5,-13.74732
2799377968.75,-13.74407
2799378125.0,-13.74263
2799378281.25,-13.74008
2799378437.5,-13.73736
2799378593.75,-13.73444
2799378750.0,-13.73229
2799378906.25,-13.72923
2799379062.5,-13.72581
2799379218.75,-13.72355
2799379375.0,-13.7212
2799379531.25,-13.71933
2799379687.5,-13.71643
2799379843.75,-13.7142
2799380000.0,-13.712
2799380156.25,-13.70837
2799380312.5,-13.70649
2799380468.75,-13.70372
2799380625.0,-13.7011
2799380781.25,-13.69905
2799380937.5,-13.69534
2799381093.75,-13.69327
2799381250.0,-13.69142
2799381406.25,-13.68889
2799381562.5,-13.68651
2799381718.75,-13.68258
2799381875.0,-13.68066
2799382031.25,-13.67776
2799382187.5,-13.67581
2799382343.75,-13.67352
2799382500.0,-13.67004
2799382656.25,-13.66751
2799382812.5,-13.66536
2799382968.75,-13.66317
2799383125.0,-13.65945
2799383281.25,-13.65629
2799383437.5,-13.65416
2799383593.75,-13.65263
2799383750.0,-13.65167
2799383906.25,-13.64653
2799384062.5,-13.64398
2799384218.75,-13.64186
2799384375.0,-13.63935
2799384531.25,-13.638
2799384687.5,-13.63458
2799384843.75,-13.63186
2799385000.0,-13.62998
2799385156.25,-13.62753
2799385312.5,-13.62399
2799385468.75,-13.62142
2799385625.0,-13.61892
2799385781.25,-13.61595
2799385937.5,-13.61359
2799386093.75,-13.61109
2799386250.0,-13.60793
2799386406.25,-13.60523
2799386562.5,-13.60375
2799386718.75,-13.60061
2799386875.0,-13.59868
2799387031.25,-13.59647
2799387187.5,-13.59283
2799387343.75,-13.59134
2799387500.0,-13.58737
2799387656.25,-13.58663
2799387812.5,-13.58307
2799387968.75,-13.58082
2799388125.0,-13.57787
2799388281.25,-13.57455
2799388437.5,-13.57214
2799388593.75,-13.5695
2799388750.0,-13.56729
2799388906.25,-13.56436
2799389062.5,-13.5624
2799389218.75,-13.55939
2799389375.0,-13.55716
2799389531.25,-13.55433
2799389687.5,-13.55164
2799389843.75,-13.54951
2799390000.0,-13.54668
2799390156.25,-13.54382
2799390312.5,-13.54162
2799390468.75,-13.539
2799390625.0,-13.53624
2799390781.25,-13.53422
2799390937.5,-13.53091
2799391093.75,-13.5274
2799391250.0,-13.52613
2799391406.25,-13.52269
2799391562.5,-13.52054
2799391718.75,-13.51918
2799391875.0,-13.51586
2799392031.25,-13.51325
2799392187.5,-13.50986
2799392343.75,-13.50757
2799392500.0,-13.50553
2799392656.25,-13.50245
2799392812.5,-13.50052
2799392968.75,-13.49799
2799393125.0,-13.49433
2799393281.25,-13.49238
2799393437.5,-13.48969
2799393593.75,-13.488
2799393750.0,-13.48464
2799393906.25,-13.48179
2799394062.5,-13.47957
2799394218.75,-13.47657
2799394375.0,-13.47411
2799394531.25,-13.47242
2799394687.5,-13.46969
2799394843.75,-13.4662
2799395000.0,-13.46449
2799395156.25,-13.46174
2799395312.5,-13.45945
2799395468.75,-13.45638
2799395625.0,-13.454
2799395781.25,-13.45079
2799395937.5,-13.44803
2799396093.75,-13.4452
2799396250.0,-13.44255
2799396406.25,-13.44001
2799396562.5,-13.43923
2799396718.75,-13.43512
2799396875.0,-13.43276
2799397031.25,-13.43031
2799397187.5,-13.42845
2799397343.75,-13.42557
2799397500.0,-13.42254
2799397656.25,-13.41952
2799397812.5,-13.41708
2799397968.75,-13.41467
2799398125.0,-13.4113
2799398281.25,-13.40844
2799398437.5,-13.40708
2799398593.75,-13.40495
2799398750.0,-13.40164
2799398906.25,-13.39786
2799399062.5,-13.39621
2799399218.75,-13.39306
2799399375.0,-13.39067
2799399531.25,-13.38884
2799399687.5,-13.38605
2799399843.75,-13.38191
2799400000.0,-13.37959
2799400156.25,-13.37739
2799400312.5,-13.37555
2799400468.75,-13.37265
2799400625.0,-13.37077
2799400781.25,-13.36832
2799400937.5,-13.36462
2799401093.75,-13.36251
2799401250.0,-13.36005
2799401406.25,-13.35696
2799401562.5,-13.35474
2799401718.75,-13.35177
2799401875.0,-13.34897
2799402031.25,-13.34614
2799402187.5,-13.34376
2799402343.75,-13.34056
2799402500.0,-13.33931
2799402656.25,-13.33673
2799402812.5,-13.33265
2799402968.75,-13.33039
2799403125.0,-13.32795
2799403281.25,-13.326
2799403437.5,-13.32208
2799403593.75,-13.31971
2799403750.0,-13.31714
2799403906.25,-13.31437
2799404062.5,-13.31139
2799404218.75,-13.31043
2799404375.0,-13.30769
2799404531.25,-13.30362
2799404687.5,-13.30202
2799404843.75,-13.29917
2799405000.0,-13.29632
2799405156.25,-13.29388
2799405312.5,-13.2917
2799405468.75,-13.28789
2799405625.0,-13.28642
2799405781.25,-13.28311
2799405937.5,-13.28139
2799406093.75,-13.27879
2799406250.0,-13.27569
2799406406.25,-13.27334
2799406562.5,-13.27012
2799406718.75,-13.26723
2799406875.0,-13.26435
2799407031.25,-13.26278
2799407187.5,-13.26011
2799407343.75,-13.25748
2799407500.0,-13.25578
2799407656.25,-13.25195
2799407812.5,-13.24925
2799407968.75,-13.24674
2799408125.0,-13.24366
2799408281.25,-13.24111
2799408437.5,-13.23893
2799408593.75,-13.23541
2799408750.0,-13.23288
2799408906.25,-13.23064
2799409062.5,-13.227
2799409218.75,-13.22519
2799409375.0,-13.22271
2799409531.25,-13.22117
2799409687.5,-13.21811
2799409843.75,-13.21448
2799410000.0,-13.21319
2799410156.25,-13.2094
2799410312.5,-13.20736
2799410468.75,-13.20508
2799410625.0,-13.20096
2799410781.25,-13.19999
2799410937.5,-13.19779
2799411093.75,-13.19324
2799411250.0,-13.19104
2799411406.25,-13.18939
2799411562.5,-13.18595
2799411718.75,-13.18304
2799411875.0,-13.18157
2799412031.25,-13.17788
2799412187.5,-13.17491
2799412343.75,-13.1738
2799412500.0,-13.16992
2799412656.25,-13.16723
2799412812.5,-13.16569
2799412968.75,-13.16242
2799413125.0,-13.15955
2799413281.25,-13.15702
2799413437.5,-13.15445
2799413593.75,-13.15094
2799413750.0,-13.14845
2799413906.25,-13.14678
2799414062.5,-13.14347
2799414218.75,-13.14082
2799414375.0,-13.13864
2799414531.25,-13.13558
2799414687.5,-13.13378
2799414843.75,-13.1313
2799415000.0,-13.12795
2799415156.25,-13.12474
2799415312.5,-13.12266
2799415468.75,-13.12007
2799415625.0,-13.1171
2799415781.25,-13.11445
2799415937.5,-13.11147
2799416093.75,-13.1094
2799416250.0,-13.10685
2799416406.25,-13.10398
2799416562.5,-13.10128
2799416718.75,-13.09769
2799416875.0,-13.09649
2799417031.25,-13.09404
2799417187.5,-13.09042
2799417343.75,-13.0882
2799417500.0,-13.08555
2799417656.25,-13.08314
2799417812.5,-13.08076
2799417968.75,-13.07763
2799418125.0,-13.07547
2799418281.25,-13.07136
2799418437.5,-13.06865
2799418593.75,-13.06611
2799418750.0,-13.06387
2799418906.25,-13.0604
2799419062.5,-13.05793
2799419218.75,-13.05632
2799419375.0,-13.05231
2799419531.25,-13.05168
2799419687.5,-13.0484
2799419843.75,-13.04549
2799420000.0,-13.04323
2799420156.25,-13.0406
2799420312.5,-13.03791
2799420468.75,-13.03521
2799420625.0,-13.03325
2799420781.25,-13.02903
2799420937.5,-13.02749
2799421093.75,-13.02367
2799421250.0,-13.02103
2799421406.25,-13.01922
2799421562.5,-13.01556
2799421718.75,-13.01313
2799421875.0,-13.01023
2799422031.25,-13.00793
2799422187.5,-13.00552
2799422343.75,-13.00276
2799422500.0,-13.00017
2799422656.25,-12.99731
2799422812.5,-12.99488
2799422968.75,-12.99138
2799423125.0,-12.98923
2799423281.25,-12.9862
2799423437.5,-12.98375
2799423593.75,-12.98088
2799423750.0,-12.97813
2799423906.25,-12.97483
2799424062.5,-12.97344
2799424218.75,-12.97081
2799424375.0,-12.9678
2799424531.25,-12.96431
2799424687.5,-12.96205
2799424843.75,-12.95982
2799425000.0,-12.95699
2799425156.25,-12.95369
2799425312.5,-12.95126
2799425468.75,-12.95002
2799425625.0,-12.94629
2799425781.25,-12.94294
2799425937.5,-12.94136
2799426093.75,-12.93826
2799426250.0,-12.93605
2799426406.25,-12.93331
2799426562.5,-12.9296
2799426718.75,-12.92675
2799426875.0,-12.92471
2799427031.25,-12.9227
2799427187.5,-12.91973
2799427343.75,-12.91731
2799427500.0,-12.91445
2799427656.25,-12.91173
2799427812.5,-12.90984
2799427968.75,-12.90614
2799428125.0,-12.90446
2799428281.25,-12.90158
2799428437.5,-12.89821
2799428593.75,-12.89533
2799428750.0,-12.89248
2799428906.25,-12.88987
2799429062.5,-12.88748
2799429218.75,-12.88525
2799429375.0,-12.88245
2799429531.25,-12.87885
2799429687.5,-12.87645
2799429843.75,-12.87432
2799430000.0,-12.87109
2799430156.25,-12.86807
2799430312.5,-12.86699
2799430468.75,-12.86379
2799430625.0,-12.86032
2799430781.25,-12.85793
2799430937.5,-12.85484
2799431093.75,-12.85255
2799431250.0,-12.84939
2799431406.25,-12.84762
2799431562.5,-12.84439
2799431718.75,-12.84102
2799431875.0,-12.83822
2799432031.25,-12.83539
2799432187.5,-12.8333
2799432343.75,-12.8304
2799432500.0,-12.82861
2799432656.25,-12.8247
2799432812.5,-12.82282
2799432968.75,-12.82078
2799433125.0,-12.81739
2799433281.25,-12.81472
2799433437.5,-12.81184
2799433593.75,-12.80907
2799433750.0,-12.8065
2799433906.25,-12.80399
2799434062.5,-12.80036
2799434218.75,-12.79867
2799434375.0,-12.79518
2799434531.25,-12.79221
2799434687.5,-12.79048
2799434843.75,-12.78777
2799435000.0,-12.7849
2799435156.25,-12.78239
2799435312.5,-12.77986
2799435468.75,-12.77633
2799435625.0,-12.77417
2799435781.25,-12.77178
2799435937.5,-12.7684
2799436093.75,-12.76616
2799436250.0,-12.7631
2799436406.25,-12.76165
2799436562.5,-12.75775
2799436718.75,-12.75456
2799436875.0,-12.75198
2799437031.25,-12.7505
2799437187.5,-12.7474
2799437343.75,-12.74403
2799437500.0,-12.74123
2799437656.25,-12.73932
2799437812.5,-12.73641
2799437968.75,-12.73446
2799438125.0,-12.72988
2799438281.25,-12.72898
2799438437.5,-12.72564
2799438593.75,-12.72298
2799438750.0,-12.71925
2799438906.25,-12.71654
2799439062.5,-12.71451
2799439218.75,-12.71294
2799439375.0,-12.70899
2799439531.25,-12.70536
2799439687.5,-12.70427
2799439843.75,-12.70233
2799440000.0,-12.69889
2799440156.25,-12.69611
2799440312.5,-12.69409
2799440468.75,-12.68996
2799440625.0,-12.68722
2799440781.25,-12.68592
2799440937.5,-12.68137
2799441093.75,-12.67901
2799441250.0,-12.67688
2799441406.25,-12.67341
2799441562.5,-12.67115
2799441718.75,-12.66883
2799441875.0,-12.66629
2799442031.25,-12.66297
2799442187.5,-12.66007
2799442343.75,-12.6581
2799442500.0,-12.65549
2799442656.25,-12.65239
2799442812.5,-12.6494
2799442968.75,-12.64571
2799443125.0,-12.64445
2799443281.25,-12.64114
2799443437.5,-12.63961
2799443593.75,-12.63627
2799443750.0,-12.63226
2799443906.25,-12.63016
2799444062.5,-12.6283
2799444218.75,-12.62495
2799444375.0,-12.62188
2799444531.25,-12.61923
2799444687.5,-12.61711
2799444843.75,-12.61423
2799445000.0,-12.6111
2799445156.25,-12.60842
2799445312.5,-12.60598
2799445468.75,-12.60353
2799445625.0,-12.5995
2799445781.25,-12.59892
2799445937.5,-12.5947
2799446093.75,-12.59198
2799446250.0,-12.58943
2799446406.25,-12.58709
2799446562.5,-12.58462
2799446718.75,-12.58125
2799446875.0,-12.57826
2799447031.25,-12.57649
2799447187.5,-12.57305
2799447343.75,-12.57073
2799447500.0,-12.56825
2799447656.25,-12.56513
2799447812.5,-12.56347
2799447968.75,-12.56032
2799448125.0,-12.55663
2799448281.25,-12.55327
2799448437.5,-12.55176
2799448593.75,-12.54947
2799448750.0,-12.54599
2799448906.25,-12.54321
2799449062.5,-12.54076
2799449218.75,-12.53784
2799449375.0,-12.53537
2799449531.25,-12.53365
2799449687.5,-12.52937
2799449843.75,-12.52707
2799450000.0,-12.52451
2799450156.25,-12.52098
2799450312.5,-12.51951
2799450468.75,-12.5166
2799450625.0,-12.51379
2799450781.25,-12.51101
2799450937.5,-12.5078
2799451093.75,-12.50445
2799451250.0,-12.50192
2799451406.25,-12.50014
2799451562.5,-12.49674
2799451718.75,-12.49388
2799451875.0,-12.49096
2799452031.25,-12.48894
2799452187.5,-12.48582
2799452343.75,-12.48245
2799452500.0,-12.48045
2799452656.25,-12.47685
2799452812.5,-12.47548
2799452968.75,-12.4717
2799453125.0,-12.47055
2799453281.25,-12.46592
2799453437.5,-12.46376
2799453593.75,-12.46119
2799453750.0,-12.45807
2799453906.25,-12.45556
2799454062.5,-12.45384
2799454218.75,-12.44996
2799454375.0,-12.44794
2799454531.25,-12.44488
2799454687.5,-12.4419
2799454843.75,-12.43986
2799455000.0,-12.43546
2799455156.25,-12.43369
2799455312.5,-12.43055
2799455468.75,-12.427
2799455625.0,-12.42503
2799455781.25,-12.42184
2799455937.5,-12.42002
2799456093.75,-12.41704
2799456250.0,-12.41428
2799456406.25,-12.41201
2799456562.5,-12.40879
2799456718.75,-12.40586
2799456875.0,-12.40433
2799457031.25,-12.40075
2799457187.5,-12.39716
2799457343.75,-12.39446
2799457500.0,-12.3925
2799457656.25,-12.39064
2799457812.5,-12.3862
2799457968.75,-12.38297
2799458125.0,-12.38153
2799458281.25,-12.37776
2799458437.5,-12.37531
2799458593.75,-12.37324
2799458750.0,-12.37029
2799458906.25,-12.36752
2799459062.5,-12.36488
2799459218.75,-12.36189
2799459375.0,-12.35822
2799459531.25,-12.35709
2799459687.5,-12.35355
2799459843.75,-12.35036
2799460000.0,-12.34797
2799460156.25,-12.3459
2799460312.5,-12.34196
2799460468.75,-12.33981
2799460625.0,-12.3367
2799460781.25,-12.33506
2799460937.5,-12.33263
2799461093.75,-12.32973
2799461250.0,-12.32615
2799461406.25,-12.3225
2799461562.5,-12.32082
2799461718.75,-12.31815
2799461875.0,-12.31566
2799462031.25,-12.31256
2799462187.5,-12.30954
2799462343.75,-12.30605
2799462500.0,-12.30344
2799462656.25,-12.3015
2799462812.5,-12.2986
2799462968.75,-12.29523
2799463125.0,-12.29317
2799463281.25,-12.28989
2799463437.5,-12.28767
2799463593.75,-12.28471
2799463750.0,-12.28126
2799463906.25,-12.27907
2799464062.5,-12.27614
2799464218.75,-12.27401
2799464375.0,-12.26965
2799464531.25,-12.26789
2799464687.5,-12.26533
2799464843.75,-12.26334
2799465000.0,-12.25904
2799465156.25,-12.25761
2799465312.5,-12.25423
2799465468.75,-12.25061
2799465625.0,-12.24871
2799465781.25,-12.2458
2799465937.5,-12.24326
2799466093.75,-12.24035
2799466250.0,-12.23837
2799466406.25,-12.23533
2799466562.5,-12.23205
2799466718.75,-12.23003
2799466875.0,-12.22732
2799467031.25,-12.22393
2799467187.5,-12.22119
2799467343.75,-12.21773
2799467500.0,-12.21555
2799467656.25,-12.21257
2799467812.5,-12.20962
2799467968.75,-12.2058
2799468125.0,-12.20448
2799468281.25,-12.20075
2799468437.5,-12.19856
2799468593.75,-12.19582
2799468750.0,-12.19318
2799468906.25,-12.19039
2799469062.5,-12.18813
2799469218.75,-12.18435
2799469375.0,-12.18254
2799469531.25,-12.17962
2799469687.5,-12.17619
2799469843.75,-12.17372
2799470000.0,-12.17104
2799470156.25,-12.16831
2799470312.5,-12.16628
2799470468.75,-12.16154
2799470625.0,-12.16033
2799470781.25,-12.15753
2799470937.5,-12.15521
2799471093.75,-12.15191
2799471250.0,-12.14889
2799471406.25,-12.1468
2799471562.5,-12.1432
2799471718.75,-12.14106
2799471875.0,-12.13749
2799472031.25,-12.13571
2799472187.5,-12.13206
2799472343.75,-12.12934
2799472500.0,-12.12651
2799472656.25,-12.12374
2799472812.5,-12.12094
2799472968.75,-12.11912
2799473125.0,-12.11609
2799473281.25,-12.11188
2799473437.5,-12.10951
2799473593.75,-12.10706
2799473750.0,-12.10413
2799473906.25,-12.10136
2799474062.5,-12.09867
2799474218.75,-12.09618
2799474375.0,-12.09351
2799474531.25,-12.0907
2799474687.5,-12.0883
2799474843.75,-12.08573
2799475000.0,-12.08263
2799475156.25,-12.07971
2799475312.5,-12.07681
2799475468.75,-12.07441
2799475625.0,-12.07111
2799475781.25,-12.06796
2799475937.5,-12.06556
2799476093.75,-12.06301
2799476250.0,-12.05966
2799476406.25,-12.05728
2799476562.5,-12.05389
2799476718.75,-12.05219
2799476875.0,-12.04937
2799477031.25,-12.04616
2799477187.5,-12.04309
2799477343.75,-12.04062
2799477500.0,-12.03695
2799477656.25,-12.03477
2799477812.5,-12.0324
2799477968.75,-12.02899
2799478125.0,-12.0268
2799478281.25,-12.02447
2799478437.5,-12.02009
2799478593.75,-12.01775
2799478750.0,-12.01641
2799478906.25,-12.01273
2799479062.5,-12.00955
2799479218.75,-12.00737
2799479375.0,-12.00421
2799479531.25,-12.00146
2799479687.5,-11.99872
2799479843.75,-11.99597
2799480000.0,-11.99322
2799480156.25,-11.98879
2799480312.5,-11.98665
2799480468.75,-11.98475
2799480625.0,-11.98174
2799480781.25,-11.97927
2799480937.5,-11.97591
2799481093.75,-11.97458
2799481250.0,-11.97089
2799481406.25,-11.9685
2799481562.5,-11.96526
2799481718.75,-11.96298
2799481875.0,-11.96045
2799482031.25,-11.95715
2799482187.5,-11.95422
2799482343.75,-11.95051
2799482500.0,-11.9474
2799482656.25,-11.94564
2799482812.5,-11.94297
2799482968.75,-11.93998
2799483125.0,-11.93668
2799483281.25,-11.93474
2799483437.5,-11.93172
2799483593.75,-11.92853
2799483750.0,-11.92663
2799483906.25,-11.92315
2799484062.5,-11.92051
2799484218.75,-11.91781
2799484375.0,-11.91396
2799484531.25,-11.91219
2799484687.5,-11.90987
2799484843.75,-11.90676
2799485000.0,-11.90411
2799485156.25,-11.90036
2799485312.5,-11.89875
2799485468.75,-11.89519
2799485625.0,-11.89227
2799485781.25,-11.88983
2799485937.5,-11.88594
2799486093.75,-11.88424
2799486250.0,-11.88181
2799486406.25,-11.87909
2799486562.5,-11.8763
2799486718.75,-11.87257
2799486875.0,-11.87011
2799487031.25,-11.86713
2799487187.5,-11.86483
2799487343.75,-11.86094
2799487500.0,-11.85866
2799487656.25,-11.85682
2799487812.5,-11.85329
2799487968.75,-11.85048
2799488125.0,-11.84772
2799488281.25,-11.84467
2799488437.5,-11.84257
2799488593.75,-11.83975
2799488750.0,-11.83569
2799488906.25,-11.83354
2799489062.5,-11.83067
2799489218.75,-11.8277
2799489375.0,-11.82482
2799489531.25,-11.8225
2799489687.5,-11.82003
2799489843.75,-11.81682
2799490000.0,-11.81283
2799490156.25,-11.81032
2799490312.5,-11.80848
2799490468.75,-11.80501
2799490625.0,-11.80281
2799490781.25,-11.80047
2799490937.5,-11.79694
2799491093.75,-11.79455
2799491250.0,-11.79201
2799491406.25,-11.78865
2799491562.5,-11.78604
2799491718.75,-11.78201
2799491875.0,-11.78019
2799492031.25,-11.77729
2799492187.5,-11.77552
2799492343.75,-11.77221
2799492500.0,-11.76872
2799492656.25,-11.76597
2799492812.5,-11.76331
2799492968.75,-11.76036
2799493125.0,-11.75749
2799493281.25,-11.75418
2799493437.5,-11.75217
2799493593.75,-11.74919
2799493750.0,-11.74615
2799493906.25,-11.74406
2799494062.5,-11.74127
2799494218.75,-11.73933
2799494375.0,-11.73505
2799494531.25,-11.73276
2799494687.5,-11.72982
2799494843.75,-11.72719
2799495000.0,-11.72473
2799495156.25,-11.72139
2799495312.5,-11.71934
2799495468.75,-11.71626
2799495625.0,-11.71269
2799495781.25,-11.70949
2799495937.5,-11.7077
2799496093.75,-11.70369
2799496250.0,-11.70237
2799496406.25,-11.69873
2799496562.5,-11.69577
2799496718.75,-11.69277
2799496875.0,-11.69048
2799497031.25,-11.68746
2799497187.5,-11.68422
2799497343.75,-11.68119
2799497500.0,-11.67851
2799497656.25,-11.67594
2799497812.5,-11.67379
2799497968.75,-11.66994
2799498125.0,-11.66782
2799498281.25,-11.66575
2799498437.5,-11.6629
2799498593.75,-11.66057
2799498750.0,-11.65716
2799498906.25,-11.65364
2799499062.5,-11.65125
2799499218.75,-11.6477
2799499375.0,-11.64557
2799499531.25,-11.64248
2799499687.5,-11.63999
2799499843.75,-11.63623
2799500000.0,-11.63361
2799500156.25,-11.63137
2799500312.5,-11.62963
2799500468.75,-11.62598
2799500625.0,-11.62241
2799500781.25,-11.61988
2799500937.5,-11.61771
2799501093.75,-11.61366
2799501250.0,-11.61145
2799501406.25,-11.60897
2799501562.5,-11.60653
2799501718.75,-11.60363
2799501875.0,-11.60054
2799502031.25,-11.59719
2799502187.5,-11.59404
2799502343.75,-11.59245
2799502500.0,-11.58895
2799502656.25,-11.58661
2799502812.5,-11.58409
2799502968.75,-11.58039
2799503125.0,-11.57685
2799503281.25,-11.57529
2799503437.5,-11.57202
2799503593.75,-11.5682
2799503750.0,-11.56641
2799503906.25,-11.5641
2799504062.5,-11.55997
2799504218.75,-11.55807
2799504375.0,-11.55503
2799504531.25,-11.55137
2799504687.5,-11.5509
2799504843.75,-11.54611
2799505000.0,-11.54383
2799505156.25,-11.54197
2799505312.5,-11.53829
2799505468.75,-11.53554
2799505625.0,-11.53257
2799505781.25,-11.53033
2799505937.5,-11.52708
2799506093.75,-11.52407
2799506250.0,-11.52107
2799506406.25,-11.51846
2799506562.5,-11.51583
2799506718.75,-11.51355
2799506875.0,-11.51075
2799507031.25,-11.50704
2799507187.5,-11.50555
2799507343.75,-11.50316
2799507500.0,-11.49928
2799507656.25,-11.49522
2799507812.5,-11.4924
2799507968.75,-11.49002
2799508125.0,-11.48751
2799508281.25,-11.48551
2799508437.5,-11.48222
2799508593.75,-11.47931
2799508750.0,-11.47652
2799508906.25,-11.4735
2799509062.5,-11.47189
2799509218.75,-11.4682
2799509375.0,-11.4652
2799509531.25,-11.46201
2799509687.5,-11.45937
2799509843.75,-11.45652
2799510000.0,-11.45397
2799510156.25,-11.45134
2799510312.5,-11.44838
2799510468.75,-11.44527
2799510625.0,-11.44314
2799510781.25,-11.43901
2799510937.5,-11.43815
2799511093.75,-11.43429
2799511250.0,-11.43158
2799511406.25,-11.4281
2799511562.5,-11.42596
2799511718.75,-11.42311
2799511875.0,-11.42057
2799512031.25,-11.41786
2799512187.5,-11.4141
2799512343.75,-11.41315
2799512500.0,-11.40869
2799512656.25,-11.40589
2799512812.5,-11.40325
2799512968.75,-11.40057
2799513125.0,-11.39674
2799513281.25,-11.39452
2799513437.5,-11.3925
2799513593.75,-11.38853
2799513750.0,-11.38646
2799513906.25,-11.38314
2799514062.5,-11.38014
2799514218.75,-11.37798
2799514375.0,-11.37571
2799514531.25,-11.37342
2799514687.5,-11.37028
2799514843.75,-11.36593
2799515000.0,-11.36417
2799515156.25,-11.36075
2799515312.5,-11.35839
2799515468.75,-11.35452
2799515625.0,-11.35302
2799515781.25,-11.34981
2799515937.5,-11.34639
2799516093.75,-11.34306
2799516250.0,-11.34183
2799516406.25,-11.33778
2799516562.5,-11.33549
2799516718.75,-11.33323
2799516875.0,-11.32926
2799517031.25,-11.3266
2799517187.5,-11.32449
2799517343.75,-11.32185
2799517500.0,-11.31859
2799517656.25,-11.31596
2799517812.5,-11.31321
2799517968.75,-11.31023
2799518125.0,-11.30792
2799518281.25,-11.30474
2799518437.5,-11.30198
2799518593.75,-11.2984
2799518750.0,-11.29654
2799518906.25,-11.29295
2799519062.5,-11.29068
2799519218.75,-11.2877
2799519375.0,-11.28545
2799519531.25,-11.28167
2799519687.5,-11.2792
2799519843.75,-11.27679
2799520000.0,-11.27267
2799520156.25,-11.27058
2799520312.5,-11.26764
2799520468.75,-11.26459
2799520625.0,-11.26215
2799520781.25,-11.26071
2799520937.5,-11.25788
2799521093.75,-11.25494
2799521250.0,-11.25102
2799521406.25,-11.24795
2799521562.5,-11.24554
2799521718.75,-11.24263
2799521875.0,-11.24027
2799522031.25,-11.23672
2799522187.5,-11.2344
2799522343.75,-11.23158
2799522500.0,-11.22856
2799522656.25,-11.22543
2799522812.5,-11.2222
2799522968.75,-11.21955
2799523125.0,-11.21745
2799523281.25,-11.21407
2799523437.5,-11.21094
2799523593.75,-11.20872
2799523750.0,-11.20565
2799523906.25,-11.20291
2799524062.5,-11.20001
2799524218.75,-11.19711
2799524375.0,-11.19494
2799524531.25,-11.19057
2799524687.5,-11.18878
2799524843.75,-11.185
2799525000.0,-11.18281
2799525156.25,-11.18106
2799525312.5,-11.17814
2799525468.75,-11.17495
2799525625.0,-11.17207
2799525781.25,-11.16862
2799525937.5,-11.16677
2799526093.75,-11.16328
2799526250.0,-11.161
2799526406.25,-11.15861
2799526562.5,-11.15608
2799526718.75,-11.15244
2799526875.0,-11.14895
2799527031.25,-11.14606
2799527187.5,-11.14444
2799527343.75,-11.14042
2799527500.0,-11.13741
2799527656.25,-11.13559
2799527812.5,-11.13235
2799527968.75,-11.13006
2799528125.0,-11.12677
2799528281.25,-11.12387
2799528437.5,-11.12133
2799528593.75,-11.11917
2799528750.0,-11.11611
2799528906.25,-11.11274
2799529062.5,-11.11005
2799529218.75,-11.10804
2799529375.0,-11.10471
2799529531.25,-11.10133
2799529687.5,-11.09924
2799529843.75,-11.0961
2799530000.0,-11.09292
2799530156.25,-11.09099
2799530312.5,-11.08781
2799530468.75,-11.08481
2799530625.0,-11.08282
2799530781.25,-11.07874
2799530937.5,-11.07576
2799531093.75,-11.07271
2799531250.0,-11.07085
2799531406.25,-11.06726
2799531562.5,-11.06429
2799531718.75,-11.0622
2799531875.0,-11.05904
2799532031.25,-11.05607
2799532187.5,-11.05399
2799532343.75,-11.05131
2799532500.0,-11.04787
2799532656.25,-11.0452
2799532812.5,-11.04278
2799532968.75,-11.03937
2799533125.0,-11.03657
2799533281.25,-11.03486
2799533437.5,-11.03161
2799533593.75,-11.02818
2799533750.0,-11.02556
2799533906.25,-11.02306
2799534062.5,-11.02069
2799534218.75,-11.0172
2799534375.0,-11.01478
2799534531.25,-11.01155
2799534687.5,-11.00856
2799534843.75,-11.00512
2799535000.0,-11.00275
2799535156.25,-11.00058
2799535312.5,-10.99753
2799535468.75,-10.99428
2799535625.0,-10.99141
2799535781.25,-10.98885
2799535937.5,-10.98629
2799536093.75,-10.98314
2799536250.0,-10.98051
2799536406.25,-10.97744
2799536562.5,-10.97493
2799536718.75,-10.97192
2799536875.0,-10.9695
2799537031.25,-10.96695
2799537187.5,-10.96392
2799537343.75,-10.96071
2799537500.0,-10.95772
2799537656.25,-10.95505
2799537812.5,-10.95201
2799537968.75,-10.94915
2799538125.0,-10.94773
2799538281.25,-10.94338
2799538437.5,-10.94066
2799538593.75,-10.939
2799538750.0,-10.93532
2799538906.25,-10.93273
2799539062.5,-10.93007
2799539218.75,-10.92761
2799539375.0,-10.92444
2799539531.25,-10.92088
2799539687.5,-10.9191
2799539843.75,-10.91618
2799540000.0,-10.91383
2799540156.25,-10.91014
2799540312.5,-10.9077
2799540468.75,-10.90501
2799540625.0,-10.90175
2799540781.25,-10.89875
2799540937.5,-10.8963
2799541093.75,-10.8938
2799541250.0,-10.89072
2799541406.25,-10.88729
2799541562.5,-10.88544
2799541718.75,-10.88329
2799541875.0,-10.8791
2799542031.25,-10.87706
2799542187.5,-10.87403
2799542343.75,-10.87074
2799542500.0,-10.86811
2799542656.25,-10.86575
2799542812.5,-10.8636
2799542968.75,-10.86081
2799543125.0,-10.85623
2799543281.25,-10.85453
2799543437.5,-10.85192
2799543593.75,-10.84858
2799543750.0,-10.84641
2799543906.25,-10.84253
2799544062.5,-10.83975
2799544218.75,-10.83743
2799544375.0,-10.83509
2799544531.25,-10.83164
2799544687.5,-10.83
2799544843.75,-10.82641
2799545000.0,-10.82351
2799545156.25,-10.8204
2799545312.5,-10.81812
2799545468.75,-10.81516
2799545625.0,-10.81241
2799545781.25,-10.80838
2799545937.5,-10.80594
2799546093.75,-10.80371
2799546250.0,-10.80087
2799546406.25,-10.79894
2799546562.5,-10.79619
2799546718.75,-10.79216
2799546875.0,-10.7903
2799547031.25,-10.78751
2799547187.5,-10.78488
2799547343.75,-10.78103
2799547500.0,-10.77836
2799547656.25,-10.7765
2799547812.5,-10.77395
2799547968.75,-10.77096
2799548125.0,-10.76823
2799548281.25,-10.76506
2799548437.5,-10.76196
2799548593.75,-10.75896
2799548750.0,-10.75637
2799548906.25,-10.75389
2799549062.5,-10.75049
2799549218.75,-10.74802
2799549375.0,-10.74636
2799549531.25,-10.74264
2799549687.5,-10.73941
2799549843.75,-10.73739
2799550000.0,-10.73403
2799550156.25,-10.73131
2799550312.5,-10.72904
2799550468.75,-10.72566
2799550625.0,-10.72341
2799550781.25,-10.72048
2799550937.5,-10.71817
2799551093.75,-10.71521
2799551250.0,-10.71114
2799551406.25,-10.70981
2799551562.5,-10.70614
2799551718.75,-10.70343
2799551875.0,-10.70038
2799552031.25,-10.69811
2799552187.5,-10.6946
2799552343.75,-10.69172
2799552500.0,-10.68971
2799552656.25,-10.68663
2799552812.5,-10.68361
2799552968.75,-10.68089
2799553125.0,-10.67801
2799553281.25,-10.67553
2799553437.5,-10.67259
2799553593.75,-10.66994
2799553750.0,-10.6676
2799553906.25,-10.6642
2799554062.5,-10.66146
2799554218.75,-10.65851
2799554375.0,-10.65656
2799554531.25,-10.65323
2799554687.5,-10.65061
2799554843.75,-10.64716
2799555000.0,-10.64539
2799555156.25,-10.64257
2799555312.5,-10.63937
2799555468.75,-10.63692
2799555625.0,-10.63414
2799555781.25,-10.63109
2799555937.5,-10.6286
2799556093.75,-10.62586
2799556250.0,-10.62317
2799556406.25,-10.62004
2799556562.5,-10.6175
2799556718.75,-10.61445
2799556875.0,-10.61228
2799557031.25,-10.60945
2799557187.5,-10.60583
2799557343.75,-10.60363
2799557500.0,-10.60069
2799557656.25,-10.59826
2799557812.5,-10.59447
2799557968.75,-10.59202
2799558125.0,-10.58918
2799558281.25,-10.5862
2799558437.5,-10.58369
2799558593.75,-10.5816
2799558750.0,-10.57852
2799558906.25,-10.57538
2799559062.5,-10.57218
2799559218.75,-10.56973
2799559375.0,-10.56718
2799559531.25,-10.56567
2799559687.5,-10.56231
2799559843.75,-10.55827
2799560000.0,-10.55716
2799560156.25,-10.55398
2799560312.5,-10.55066
2799560468.75,-10.54854
2799560625.0,-10.5451
2799560781.25,-10.54281
2799560937.5,-10.53999
2799561093.75,-10.53676
2799561250.0,-10.53463
2799561406.25,-10.53165
2799561562.5,-10.52841
2799561718.75,-10.52583
2799561875.0,-10.5239
2799562031.25,-10.51929
2799562187.5,-10.51793
2799562343.75,-10.51501
2799562500.0,-10.51223
2799562656.25,-10.50945
2799562812.5,-10.50693
2799562968.75,-10.50418
2799563125.0,-10.50117
2799563281.25,-10.49802
2799563437.5,-10.49534
2799563593.75,-10.49327
2799563750.0,-10.49071
2799563906.25,-10.48761
2799564062.5,-10.48487
2799564218.75,-10.48216
2799564375.0,-10.4794
2799564531.25,-10.47663
2799564687.5,-10.47406
2799564843.75,-10.47036
2799565000.0,-10.46866
2799565156.25,-10.46602
2799565312.5,-10.46287
2799565468.75,-10.46008
2799565625.0,-10.45708
2799565781.25,-10.45436
2799565937.5,-10.45203
2799566093.75,-10.44857
2799566250.0,-10.44611
2799566406.25,-10.44362
2799566562.5,-10.44094
2799566718.75,-10.43864
2799566875.0,-10.43506
2799567031.25,-10.4333
2799567187.5,-10.42969
2799567343.75,-10.42694
2799567500.0,-10.42439
2799567656.25,-10.42215
2799567812.5,-10.41898
2799567968.75,-10.4163
2799568125.0,-10.41361
2799568281.25,-10.41012
2799568437.5,-10.40847
2799568593.75,-10.40539
2799568750.0,-10.40195
2799568906.25,-10.40006
2799569062.5,-10.39667
2799569218.75,-10.3944
2799569375.0,-10.39138
2799569531.25,-10.38935
2799569687.5,-10.38634
2799569843.75,-10.38375
2799570000.0,-10.37978
2799570156.25,-10.37733
2799570312.5,-10.37446
2799570468.75,-10.37238
2799570625.0,-10.36998
2799570781.25,-10.36743
2799570937.5,-10.36446
2799571093.75,-10.36158
2799571250.0,-10.35761
2799571406.25,-10.35623
2799571562.5,-10.35304
2799571718.75,-10.35051
2799571875.0,-10.34875
2799572031.25,-10.34545
2799572187.5,-10.3425
2799572343.75,-10.33966
2799572500.0,-10.33709
2799572656.25,-10.33345
2799572812.5,-10.33129
2799572968.75,-10.32839
2799573125.0,-10.32665
2799573281.25,-10.32328
2799573437.5,-10.32014
2799573593.75,-10.31809
2799573750.0,-10.31439
2799573906.25,-10.31229
2799574062.5,-10.3096
2799574218.75,-10.30711
2799574375.0,-10.30424
2799574531.25,-10.3021
2799574687.5,-10.2994
2799574843.75,-10.29688
2799575000.0,-10.29383
2799575156.25,-10.29047
2799575312.5,-10.28768
2799575468.75,-10.28452
2799575625.0,-10.28278
2799575781.25,-10.27978
2799575937.5,-10.27689
2799576093.75,-10.27426
2799576250.0,-10.27167
2799576406.25,-10.26835
2799576562.5,-10.26551
2799576718.75,-10.26346
2799576875.0,-10.26066
2799577031.25,-10.25833
2799577187.5,-10.25557
2799577343.75,-10.25159
2799577500.0,-10.24853
2799577656.25,-10.24727
2799577812.5,-10.24488
2799577968.75,-10.24157
2799578125.0,-10.23972
2799578281.25,-10.23585
2799578437.5,-10.23429
2799578593.75,-10.23162
2799578750.0,-10.2277
2799578906.25,-10.22593
2799579062.5,-10.2226
2799579218.75,-10.2204
2799579375.0,-10.21724
2799579531.25,-10.21452
2799579687.5,-10.21202
2799579843.75,-10.20978
2799580000.0,-10.20579
2799580156.25,-10.20286
2799580312.5,-10.20135
2799580468.75,-10.19837
2799580625.0,-10.19654
2799580781.25,-10.19352
2799580937.5,-10.19055
2799581093.75,-10.18854
2799581250.0,-10.18596
2799581406.25,-10.18289
2799581562.5,-10.17982
2799581718.75,-10.17721
2799581875.0,-10.17429
2799582031.25,-10.17169
2799582187.5,-10.16942
2799582343.75,-10.16687
2799582500.0,-10.16331
2799582656.25,-10.16096
2799582812.5,-10.15756
2799582968.75,-10.15516
2799583125.0,-10.1524
2799583281.25,-10.14997
2799583437.5,-10.14838
2799583593.75,-10.1455
2799583750.0,-10.14132
2799583906.25,-10.14046
2799584062.5,-10.13653
2799584218.75,-10.13372
2799584375.0,-10.13143
2799584531.25,-10.129
2799584687.5,-10.12585
2799584843.75,-10.1234
2799585000.0,-10.12077
2799585156.25,-10.11781
2799585312.5,-10.11593
2799585468.75,-10.11223
2799585625.0,-10.11015
2799585781.25,-10.10765
2799585937.5,-10.10513
2799586093.75,-10.10246
2799586250.0,-10.09968
2799586406.25,-10.09748
2799586562.5,-10.09522
2799586718.75,-10.09116
2799586875.0,-10.08838
2799587031.25,-10.08592
2799587187.5,-10.08313
2799587343.75,-10.08046
2799587500.0,-10.0772
2799587656.25,-10.07596
2799587812.5,-10.07257
2799587968.75,-10.06986
2799588125.0,-10.06718
2799588281.25,-10.06521
2799588437.5,-10.06226
2799588593.75,-10.05944
2799588750.0,-10.05712
2799588906.25,-10.05468
2799589062.5,-10.0517
2799589218.75,-10.04817
2799589375.0,-10.0455
2799589531.25,-10.04385
2799589687.5,-10.04091
2799589843.75,-10.03787
2799590000.0,-10.03492
2799590156.25,-10.03303
2799590312.5,-10.03023
2799590468.75,-10.02818
2799590625.0,-10.02576
2799590781.25,-10.0227
2799590937.5,-10.01934
2799591093.75,-10.01756
2799591250.0,-10.01365
2799591406.25,-10.01179
2799591562.5,-10.00861
2799591718.75,-10.00667
2799591875.0,-10.0038
2799592031.25,-10.00136
2799592187.5,-9.997916
2799592343.75,-9.995269
2799592500.0,-9.993679
2799592656.25,-9.991058
2799592812.5,-9.988087
2799592968.75,-9.985648
2799593125.0,-9.983416
2799593281.25,-9.979948
2799593437.5,-9.9789
2799593593.75,-9.974313
2799593750.0,-9.972456
2799593906.25,-9.969628
2799594062.5,-9.967725
2799594218.75,-9.965374
2799594375.0,-9.962008
2799594531.25,-9.959769
2799594687.5,-9.956958
2799594843.75,-9.954153
2799595000.0,-9.951661
2799595156.25,-9.948465
2799595312.5,-9.946196
2799595468.75,-9.944022
2799595625.0,-9.940314
2799595781.25,-9.938277
2799595937.5,-9.935336
2799596093.75,-9.932762
2799596250.0,-9.930593
2799596406.25,-9.92768
2799596562.5,-9.924999
2799596718.75,-9.923157
2799596875.0,-9.920762
2799597031.25,-9.917031
2799597187.5,-9.914599
2799597343.75,-9.912676
2799597500.0,-9.910394
2799597656.25,-9.90679
2799597812.5,-9.904763
2799597968.75,-9.902179
2799598125.0,-9.899968
2799598281.25,-9.897879
2799598437.5,-9.894594
2799598593.75,-9.892437
2799598750.0,-9.888786
2799598906.25,-9.88624
2799599062.5,-9.884322
2799599218.75,-9.881053
2799599375.0,-9.878674
2799599531.25,-9.876543
2799599687.5,-9.873525
2799599843.75,-9.870021
2799600000.0,-9.868297
2799600156.25,-9.865327
2799600312.5,-9.863003
2799600468.75,-9.860439
2799600625.0,-9.85813
2799600781.25,-9.855446
2799600937.5,-9.852282
2799601093.75,-9.850806
2799601250.0,-9.847748
2799601406.25,-9.844982
2799601562.5,-9.842189
2799601718.75,-9.840172
2799601875.0,-9.83707
2799602031.25,-9.834534
2799602187.5,-9.832781
2799602343.75,-9.829585
2799602500.0,-9.826579
2799602656.25,-9.823884
2799602812.5,-9.821867
2799602968.75,-9.819732
2799603125.0,-9.816652
2799603281.25,-9.814234
2799603437.5,-9.81143
2799603593.75,-9.808694
2799603750.0,-9.806428
2799603906.25,-9.80383
2799604062.5,-9.801055
2799604218.75,-9.798727
2799604375.0,-9.796262
2799604531.25,-9.793001
2799604687.5,-9.791064
2799604843.75,-9.789188
2799605000.0,-9.7868
2799605156.25,-9.783121
2799605312.5,-9.780958
2799605468.75,-9.778779
2799605625.0,-9.775874
2799605781.25,-9.773395
2799605937.5,-9.770858
2799606093.75,-9.76874
2799606250.0,-9.765392
2799606406.25,-9.763594
2799606562.5,-9.760901
2799606718.75,-9.75867
2799606875.0,-9.755837
2799607031.25,-9.752859
2799607187.5,-9.750846
2799607343.75,-9.747879
2799607500.0,-9.745562
2799607656.25,-9.742207
2799607812.5,-9.740285
2799607968.75,-9.738294
2799608125.0,-9.734811
2799608281.25,-9.733511
2799608437.5,-9.730468
2799608593.75,-9.727999
2799608750.0,-9.724563
2799608906.25,-9.722172
2799609062.5,-9.7199
2799609218.75,-9.717583
2799609375.0,-9.714768
2799609531.25,-9.711916
2799609687.5,-9.70971
2799609843.75,-9.707076
2799610000.0,-9.705612
2799610156.25,-9.702216
2799610312.5,-9.700608
2799610468.75,-9.697965
2799610625.0,-9.694367
2799610781.25,-9.691915
2799610937.5,-9.690473
2799611093.75,-9.686939
2799611250.0,-9.684502
2799611406.25,-9.682044
2799611562.5,-9.680119
2799611718.75,-9.677335
2799611875.0,-9.674864
2799612031.25,-9.672438
2799612187.5,-9.669133
2799612343.75,-9.667479
2799612500.0,-9.664952
2799612656.25,-9.662315
2799612812.5,-9.6603
2799612968.75,-9.657019
2799613125.0,-9.655096
2799613281.25,-9.652456
2799613437.5,-9.650051
2799613593.75,-9.647903
2799613750.0,-9.644611
2799613906.25,-9.642637
2799614062.5,-9.640102
2799614218.75,-9.637601
2799614375.0,-9.634987
2799614531.25,-9.632393
2799614687.5,-9.630325
2799614843.75,-9.627922
2799615000.0,-9.624498
2799615156.25,-9.622701
2799615312.5,-9.61945
2799615468.75,-9.617496
2799615625.0,-9.61517
2799615781.25,-9.611947
2799615937.5,-9.609845
2799616093.75,-9.607412
2799616250.0,-9.604836
2799616406.25,-9.602595
2799616562.5,-9.59982
2799616718.75,-9.597161
2799616875.0,-9.595978
2799617031.25,-9.59238
2799617187.5,-9.59083
2799617343.75,-9.587801
2799617500.0,-9.585825
2799617656.25,-9.582105
2799617812.5,-9.580374
2799617968.75,-9.578371
2799618125.0,-9.576283
2799618281.25,-9.573786
2799618437.5,-9.570558
2799618593.75,-9.568604
2799618750.0,-9.566415
2799618906.25,-9.564024
2799619062.5,-9.560815
2799619218.75,-9.558152
2799619375.0,-9.556339
2799619531.25,-9.55388
2799619687.5,-9.551652
2799619843.75,-9.549248
2799620000.0,-9.546804
2799620156.25,-9.543961
2799620312.5,-9.541431
2799620468.75,-9.53901
2799620625.0,-9.536689
2799620781.25,-9.534169
2799620937.5,-9.532697
2799621093.75,-9.529361
2799621250.0,-9.52744
2799621406.25,-9.524647
2799621562.5,-9.521907
2799621718.75,-9.519617
2799621875.0,-9.517158
2799622031.25,-9.514351
2799622187.5,-9.512058
2799622343.75,-9.510225
2799622500.0,-9.508163
2799622656.25,-9.505796
2799622812.5,-9.502877
2799622968.75,-9.501057
2799623125.0,-9.49853
2799623281.25,-9.496521
2799623437.5,-9.493039
2799623593.75,-9.490932
2799623750.0,-9.488322
2799623906.25,-9.4858
2799624062.5,-9.484238
2799624218.75,-9.481151
2799624375.0,-9.477856
2799624531.25,-9.475942
2799624687.5,-9.47463
2799624843.75,-9.47145
2799625000.0,-9.469417
2799625156.25,-9.467126
2799625312.5,-9.464389
2799625468.75,-9.462783
2799625625.0,-9.459755
2799625781.25,-9.457296
2799625937.5,-9.455065
2799626093.75,-9.452152
2799626250.0,-9.450465
2799626406.25,-9.447863
2799626562.5,-9.445563
2799626718.75,-9.443202
2799626875.0,-9.439889
2799627031.25,-9.437926
2799627187.5,-9.43549
2799627343.75,-9.433782
2799627500.0,-9.431486
2799627656.25,-9.428636
2799627812.5,-9.425883
2799627968.75,-9.424229
2799628125.0,-9.42204
2799628281.25,-9.419184
2799628437.5,-9.416513
2799628593.75,-9.415654
2799628750.0,-9.412041
2799628906.25,-9.410086
2799629062.5,-9.407799
2799629218.75,-9.405384
2799629375.0,-9.40249
2799629531.25,-9.400887
2799629687.5,-9.398458
2799629843.75,-9.395443
2799630000.0,-9.394108
2799630156.25,-9.391273
2799630312.5,-9.389534
2799630468.75,-9.386901
2799630625.0,-9.383802
2799630781.25,-9.381449
2799630937.5,-9.379858
2799631093.75,-9.377651
2799631250.0,-9.375394
2799631406.25,-9.372243
2799631562.5,-9.37017
2799631718.75,-9.368492
2799631875.0,-9.365976
2799632031.25,-9.363838
2799632187.5,-9.36103
2799632343.75,-9.358775
2799632500.0,-9.356292
2799632656.25,-9.354203
2799632812.5,-9.350823
2799632968.75,-9.349782
2799633125.0,-9.34691
2799633281.25,-9.344442
2799633437.5,-9.342797
2799633593.75,-9.339142
2799633750.0,-9.337806
2799633906.25,-9.335697
2799634062.5,-9.333268
2799634218.75,-9.330803
2799634375.0,-9.32829
2799634531.25,-9.32513
2799634687.5,-9.323607
2799634843.75,-9.322717
2799635000.0,-9.318481
2799635156.25,-9.317397
2799635312.5,-9.315593
2799635468.75,-9.31246
2799635625.0,-9.310421
2799635781.25,-9.308801
2799635937.5,-9.305877
2799636093.75,-9.303602
2799636250.0,-9.30232
2799636406.25,-9.298141
2799636562.5,-9.296922
2799636718.75,-9.294631
2799636875.0,-9.292299
2799637031.25,-9.290447
2799637187.5,-9.28714
2799637343.75,-9.284865
2799637500.0,-9.282506
2799637656.25,-9.281187
2799637812.5,-9.278326
2799637968.75,-9.276114
2799638125.0,-9.274334
2799638281.25,-9.271847
2799638437.5,-9.269427
2799638593.75,-9.26761
2799638750.0,-9.265496
2799638906.25,-9.262712
2799639062.5,-9.261162
2799639218.75,-9.258665
2799639375.0,-9.256359
2799639531.25,-9.254514
2799639687.5,-9.251969
2799639843.75,-9.249652
2799640000.0,-9.247279
2799640156.25,-9.244904
2799640312.5,-9.242663
2799640468.75,-9.240799
2799640625.0,-9.239035
2799640781.25,-9.235662
2799640937.5,-9.233635
2799641093.75,-9.231914
2799641250.0,-9.229788
2799641406.25,-9.226781
2799641562.5,-9.224781
2799641718.75,-9.223288
2799641875.0,-9.22072
2799642031.25,-9.218963
2799642187.5,-9.216063
2799642343.75,-9.214361
2799642500.0,-9.211225
2799642656.25,-9.209928
2799642812.5,-9.207536
2799642968.75,-9.205717
2799643125.0,-9.20294
2799643281.25,-9.200783
2799643437.5,-9.199155
2799643593.75,-9.195179
2799643750.0,-9.19482
2799643906.25,-9.191945
2799644062.5,-9.190073
2799644218.75,-9.188945
2799644375.0,-9.185324
2799644531.25,-9.18341
2799644687.5,-9.181089
2799644843.75,-9.179721
2799645000.0,-9.177167
2799645156.25,-9.17451
2799645312.5,-9.17295
2799645468.75,-9.170551
2799645625.0,-9.168095
2799645781.25,-9.165174
2799645937.5,-9.164098
2799646093.75,-9.161536
2799646250.0,-9.158962
2799646406.25,-9.157698
2799646562.5,-9.155007
2799646718.75,-9.152769
2799646875.0,-9.151091
2799647031.25,-9.148099
2799647187.5,-9.147087
2799647343.75,-9.145
2799647500.0,-9.142022
2799647656.25,-9.140418
2799647812.5,-9.138254
2799647968.75,-9.136194
2799648125.0,-9.13324
2799648281.25,-9.13147
2799648437.5,-9.129516
2799648593.75,-9.12717
2799648750.0,-9.124993
2799648906.25,-9.122896
2799649062.5,-9.121675
2799649218.75,-9.11964
2799649375.0,-9.116341
2799649531.25,-9.114973
2799649687.5,-9.112611
2799649843.75,-9.110516
2799650000.0,-9.108194
2799650156.25,-9.106241
2799650312.5,-9.103269
2799650468.75,-9.102144
2799650625.0,-9.100389
2799650781.25,-9.097735
2799650937.5,-9.09548
2799651093.75,-9.093433
2799651250.0,-9.091785
2799651406.25,-9.088267
2799651562.5,-9.086542
2799651718.75,-9.084487
2799651875.0,-9.083325
2799652031.25,-9.08163
2799652187.5,-9.079336
2799652343.75,-9.076908
2799652500.0,-9.074564
2799652656.25,-9.072439
2799652812.5,-9.070631
2799652968.75,-9.068409
2799653125.0,-9.06606
2799653281.25,-9.064132
2799653437.5,-9.061871
2799653593.75,-9.060477
2799653750.0,-9.058633
2799653906.25,-9.056014
2799654062.5,-9.054356
2799654218.75,-9.052197
2799654375.0,-9.049695
2799654531.25,-9.047654
2799654687.5,-9.045637
2799654843.75,-9.043693
2799655000.0,-9.041387
2799655156.25,-9.039533
2799655312.5,-9.037944
2799655468.75,-9.035542
2799655625.0,-9.034631
2799655781.25,-9.031808
2799655937.5,-9.030322
2799656093.75,-9.027766
2799656250.0,-9.025463
2799656406.25,-9.023197
2799656562.5,-9.021808
2799656718.75,-9.020456
2799656875.0,-9.017642
2799657031.25,-9.014786
2799657187.5,-9.013718
2799657343.75,-9.010922
2799657500.0,-9.0089
2799657656.25,-9.007518
2799657812.5,-9.005424
2799657968.75,-9.003834
2799658125.0,-9.001514
2799658281.25,-8.999975
2799658437.5,-8.997571
2799658593.75,-8.995521
2799658750.0,-8.993933
2799658906.25,-8.992129
2799659062.5,-8.989891
2799659218.75,-8.987751
2799659375.0,-8.986108
2799659531.25,-8.983725
2799659687.5,-8.98156
2799659843.75,-8.979613
2799660000.0,-8.977653
2799660156.25,-8.975874
2799660312.5,-8.973703
2799660468.75,-8.971442
2799660625.0,-8.969875
2799660781.25,-8.96746
2799660937.5,-8.966266
2799661093.75,-8.964178
2799661250.0,-8.962491
2799661406.25,-8.960181
2799661562.5,-8.957562
2799661718.75,-8.955615
2799661875.0,-8.954079
2799662031.25,-8.952268
2799662187.5,-8.950007
2799662343.75,-8.948326
2799662500.0,-8.946686
2799662656.25,-8.944444
2799662812.5,-8.942399
2799662968.75,-8.941569
2799663125.0,-8.938841
2799663281.25,-8.93665
2799663437.5,-8.935392
2799663593.75,-8.932833
2799663750.0,-8.930975
2799663906.25,-8.928907
2799664062.5,-8.927606
2799664218.75,-8.925467
2799664375.0,-8.922921
2799664531.25,-8.920979
2799664687.5,-8.919527
2799664843.75,-8.918576
2799665000.0,-8.915757
2799665156.25,-8.91314
2799665312.5,-8.911632
2799665468.75,-8.910341
2799665625.0,-8.908484
2799665781.25,-8.906056
2799665937.5,-8.904708
2799666093.75,-8.902356
2799666250.0,-8.90101
2799666406.25,-8.898474
2799666562.5,-8.895931
2799666718.75,-8.894592
2799666875.0,-8.89258
2799667031.25,-8.891361
2799667187.5,-8.888906
2799667343.75,-8.886941
2799667500.0,-8.885726
2799667656.25,-8.882974
2799667812.5,-8.882324
2799667968.75,-8.87933
2799668125.0,-8.878376
2799668281.25,-8.876381
2799668437.5,-8.874615
2799668593.75,-8.872506
2799668750.0,-8.870172
2799668906.25,-8.868572
2799669062.5,-8.867509
2799669218.75,-8.864756
2799669375.0,-8.863527
2799669531.25,-8.861086
2799669687.5,-8.859889
2799669843.75,-8.858514
2799670000.0,-8.855886
2799670156.25,-8.854731
2799670312.5,-8.851597
2799670468.75,-8.850117
2799670625.0,-8.848028
2799670781.25,-8.847128
2799670937.5,-8.846256
2799671093.75,-8.843163
2799671250.0,-8.841951
2799671406.25,-8.839688
2799671562.5,-8.837545
2799671718.75,-8.835993
2799671875.0,-8.834232
2799672031.25,-8.832892
2799672187.5,-8.83019
2799672343.75,-8.827969
2799672500.0,-8.827483
2799672656.25,-8.825136
2799672812.5,-8.823478
2799672968.75,-8.821791
2799673125.0,-8.81999
2799673281.25,-8.818439
2799673437.5,-8.816588
2799673593.75,-8.81432
2799673750.0,-8.812725
2799673906.25,-8.810932
2799674062.5,-8.809344
2799674218.75,-8.807947
2799674375.0,-8.805801
2799674531.25,-8.803887
2799674687.5,-8.801832
2799674843.75,-8.800418
2799675000.0,-8.799412
2799675156.25,-8.796972
2799675312.5,-8.794595
2799675468.75,-8.79371
2799675625.0,-8.79167
2799675781.25,-8.789645
2799675937.5,-8.788922
2799676093.75,-8.787348
2799676250.0,-8.785494
2799676406.25,-8.783251
2799676562.5,-8.781435
2799676718.75,-8.779473
2799676875.0,-8.777753
2799677031.25,-8.776447
2799677187.5,-8.775069
2799677343.75,-8.772686
2799677500.0,-8.772303
2799677656.25,-8.770225
2799677812.5,-8.767699
2799677968.75,-8.766431
2799678125.0,-8.764282
2799678281.25,-8.762383
2799678437.5,-8.76085
2799678593.75,-8.759425
2799678750.0,-8.757996
2799678906.25,-8.756001
2799679062.5,-8.753737
2799679218.75,-8.752051
2799679375.0,-8.751057
2799679531.25,-8.748496
2799679687.5,-8.747901
2799679843.75,-8.746627
2799680000.0,-8.744708
2799680156.25,-8.742483
2799680312.5,-8.741201
2799680468.75,-8.739386
2799680625.0,-8.737095
2799680781.25,-8.735334
2799680937.5,-8.734644
2799681093.75,-8.733043
2799681250.0,-8.730921
2799681406.25,-8.729524
2799681562.5,-8.727247
2799681718.75,-8.726758
2799681875.0,-8.724725
2799682031.25,-8.722777
2799682187.5,-8.721654
2799682343.75,-8.7205
2799682500.0,-8.717591
2799682656.25,-8.717044
2799682812.5,-8.714957
2799682968.75,-8.713217
2799683125.0,-8.711765
2799683281.25,-8.709699
2799683437.5,-8.708096
2799683593.75,-8.706653
2799683750.0,-8.705226
2799683906.25,-8.703923
2799684062.5,-8.701653
2799684218.75,-8.7
2799684375.0,-8.698788
2799684531.25,-8.697803
2799684687.5,-8.696962
2799684843.75,-8.695027
2799685000.0,-8.693246
2799685156.25,-8.691715
2799685312.5,-8.689712
2799685468.75,-8.688951
2799685625.0,-8.686325
2799685781.25,-8.685147
2799685937.5,-8.68399
2799686093.75,-8.682171
2799686250.0,-8.679882
2799686406.25,-8.67859
2799686562.5,-8.677211
2799686718.75,-8.674577
2799686875.0,-8.673077
2799687031.25,-8.672894
2799687187.5,-8.670442
2799687343.75,-8.669514
2799687500.0,-8.668395
2799687656.25,-8.667405
2799687812.5,-8.665455
2799687968.75,-8.66399
2799688125.0,-8.662083
2799688281.25,-8.660375
2799688437.5,-8.658321
2799688593.75,-8.656599
2799688750.0,-8.655544
2799688906.25,-8.654356
2799689062.5,-8.652476
2799689218.75,-8.650915
2799689375.0,-8.650431
2799689531.25,-8.648374
2799689687.5,-8.647033
2799689843.75,-8.644533
2799690000.0,-8.643476
2799690156.25,-8.642042
2799690312.5,-8.640747
2799690468.75,-8.640386
2799690625.0,-8.637574
2799690781.25,-8.636478
2799690937.5,-8.634975
2799691093.75,-8.63298
2799691250.0,-8.632404
2799691406.25,-8.630933
2799691562.5,-8.629102
2799691718.75,-8.62818
2799691875.0,-8.626709
2799692031.25,-8.625381
2799692187.5,-8.62425
2799692343.75,-8.621885
2799692500.0,-8.620728
2799692656.25,-8.618498
2799692812.5,-8.617658
2799692968.75,-8.616355
2799693125.0,-8.615116
2799693281.25,-8.614529
2799693437.5,-8.611804
2799693593.75,-8.609777
2799693750.0,-8.609523
2799693906.25,-8.607427
2799694062.5,-8.606091
2799694218.75,-8.604742
2799694375.0,-8.603992
2799694531.25,-8.602542
2799694687.5,-8.600565
2799694843.75,-8.598862
2799695000.0,-8.598403
2799695156.25,-8.596705
2799695312.5,-8.595676
2799695468.75,-8.593735
2799695625.0,-8.592641
2799695781.25,-8.591046
2799695937.5,-8.589931
2799696093.75,-8.587881
2799696250.0,-8.586819
2799696406.25,-8.586108
2799696562.5,-8.583684
2799696718.75,-8.582575
2799696875.0,-8.581482
2799697031.25,-8.580164
2799697187.5,-8.578697
2799697343.75,-8.577297
2799697500.0,-8.576137
2799697656.25,-8.574178
2799697812.5,-8.573505
2799697968.75,-8.572319
2799698125.0,-8.57043
2799698281.25,-8.569448
2799698437.5,-8.568061
2799698593.75,-8.566828
2799698750.0,-8.56532
2799698906.25,-8.564165
2799699062.5,-8.563108
2799699218.75,-8.561642
2799699375.0,-8.5607
2799699531.25,-8.558577
2799699687.5,-8.558084
2799699843.75,-8.556175
2799700000.0,-8.555104
2799700156.25,-8.55405
2799700312.5,-8.552065
2799700468.75,-8.550907
2799700625.0,-8.549164
2799700781.25,-8.549262
2799700937.5,-8.547377
2799701093.75,-8.546154
2799701250.0,-8.545443
2799701406.25,-8.543221
2799701562.5,-8.541189
2799701718.75,-8.540864
2799701875.0,-8.540702
2799702031.25,-8.538829
2799702187.5,-8.537174
2799702343.75,-8.535886
2799702500.0,-8.534308
2799702656.25,-8.532948
2799702812.5,-8.531738
2799702968.75,-8.531318
2799703125.0,-8.529096
2799703281.25,-8.528016
2799703437.5,-8.528088
2799703593.75,-8.526106
2799703750.0,-8.524807
2799703906.25,-8.523434
2799704062.5,-8.521814
2799704218.75,-8.520165
2799704375.0,-8.519963
2799704531.25,-8.518548
2799704687.5,-8.517794
2799704843.75,-8.515852
2799705000.0,-8.515391
2799705156.25,-8.514608
2799705312.5,-8.512548
2799705468.75,-8.512275
2799705625.0,-8.510373
2799705781.25,-8.509359
2799705937.5,-8.50727
2799706093.75,-8.506508
2799706250.0,-8.505539
2799706406.25,-8.505534
2799706562.5,-8.503551
2799706718.75,-8.502439
2799706875.0,-8.500764
2799707031.25,-8.499496
2799707187.5,-8.498866
2799707343.75,-8.497324
2799707500.0,-8.495908
2799707656.25,-8.495339
2799707812.5,-8.494534
2799707968.75,-8.492139
2799708125.0,-8.492292
2799708281.25,-8.490369
2799708437.5,-8.489576
2799708593.75,-8.487895
2799708750.0,-8.488136
2799708906.25,-8.486224
2799709062.5,-8.484849
2799709218.75,-8.483501
2799709375.0,-8.483247
2799709531.25,-8.482019
2799709687.5,-8.480712
2799709843.75,-8.479832
2799710000.0,-8.478145
2799710156.25,-8.477075
2799710312.5,-8.476839
2799710468.75,-8.47501
2799710625.0,-8.473781
2799710781.25,-8.472993
2799710937.5,-8.471962
2799711093.75,-8.471915
2799711250.0,-8.469286
2799711406.25,-8.469008
2799711562.5,-8.466509
2799711718.75,-8.46729
2799711875.0,-8.465756
2799712031.25,-8.464778
2799712187.5,-8.463601
2799712343.75,-8.462674
2799712500.0,-8.46096
2799712656.25,-8.460565
2799712812.5,-8.459223
2799712968.75,-8.45762
2799713125.0,-8.457353
2799713281.25,-8.456313
2799713437.5,-8.455193
2799713593.75,-8.454094
2799713750.0,-8.453183
2799713906.25,-8.451772
2799714062.5,-8.451341
2799714218.75,-8.450906
2799714375.0,-8.449108
2799714531.25,-8.448351
2799714687.5,-8.447782
2799714843.75,-8.446098
2799715000.0,-8.445575
2799715156.25,-8.444304
2799715312.5,-8.443145
2799715468.75,-8.442307
2799715625.0,-8.441289
2799715781.25,-8.440704
2799715937.5,-8.439542
2799716093.75,-8.438403
2799716250.0,-8.43778
2799716406.25,-8.436961
2799716562.5,-8.435244
2799716718.75,-8.434615
2799716875.0,-8.433686
2799717031.25,-8.432466
2799717187.5,-8.431817
2799717343.75,-8.430371
2799717500.0,-8.430179
2799717656.25,-8.42907
2799717812.5,-8.428239
2799717968.75,-8.427066
2799718125.0,-8.425861
2799718281.25,-8.425109
2799718437.5,-8.423896
2799718593.75,-8.42325
2799718750.0,-8.422977
2799718906.25,-8.421352
2799719062.5,-8.421179
2799719218.75,-8.420022
2799719375.0,-8.418674
2799719531.25,-8.417987
2799719687.5,-8.416565
2799719843.75,-8.416657
2799720000.0,-8.415763
2799720156.25,-8.414369
2799720312.5,-8.413381
2799720468.75,-8.412254
2799720625.0,-8.412127
2799720781.25,-8.411086
2799720937.5,-8.41073
2799721093.75,-8.409909
2799721250.0,-8.409062
2799721406.25,-8.408108
2799721562.5,-8.407534
2799721718.75,-8.406091
2799721875.0,-8.404504
2799722031.25,-8.404502
2799722187.5,-8.403213
2799722343.75,-8.402878
2799722500.0,-8.402056
2799722656.25,-8.400712
2799722812.5,-8.399972
2799722968.75,-8.399017
2799723125.0,-8.398432
2799723281.25,-8.397234
2799723437.5,-8.397178
2799723593.75,-8.39668
2799723750.0,-8.395228
2799723906.25,-8.394093
2799724062.5,-8.393067
2799724218.75,-8.392386
2799724375.0,-8.392228
2799724531.25,-8.391131
2799724687.5,-8.391294
2799724843.75,-8.39011
2799725000.0,-8.389391
2799725156.25,-8.38798
2799725312.5,-8.386619
2799725468.75,-8.38672
2799725625.0,-8.385643
2799725781.25,-8.384627
2799725937.5,-8.384586
2799726093.75,-8.383863
2799726250.0,-8.383001
2799726406.25,-8.382463
2799726562.5,-8.382023
2799726718.75,-8.380214
2799726875.0,-8.380351
2799727031.25,-8.380198
2799727187.5,-8.378542
2799727343.75,-8.377113
2799727500.0,-8.376711
2799727656.25,-8.376637
2799727812.5,-8.375978
2799727968.75,-8.37556
2799728125.0,-8.374016
2799728281.25,-8.373864
2799728437.5,-8.372665
2799728593.75,-8.372431
2799728750.0,-8.370764
2799728906.25,-8.370584
2799729062.5,-8.370356
2799729218.75,-8.370036
2799729375.0,-8.368189
2799729531.25,-8.367947
2799729687.5,-8.367292
2799729843.75,-8.366068
2799730000.0,-8.366291
2799730156.25,-8.365426
2799730312.5,-8.364721
2799730468.75,-8.364334
2799730625.0,-8.362612
2799730781.25,-8.363162
2799730937.5,-8.36276
2799731093.75,-8.361013
2799731250.0,-8.360624
2799731406.25,-8.359667
2799731562.5,-8.360244
2799731718.75,-8.359196
2799731875.0,-8.358608
2799732031.25,-8.357992
2799732187.5,-8.35724
2799732343.75,-8.35605
2799732500.0,-8.356277
2799732656.25,-8.35533
2799732812.5,-8.354395
2799732968.75,-8.353765
2799733125.0,-8.353247
2799733281.25,-8.353312
2799733437.5,-8.351974
2799733593.75,-8.351531
2799733750.0,-8.351143
2799733906.25,-8.350272
2799734062.5,-8.349865
2799734218.75,-8.349916
2799734375.0,-8.349004
2799734531.25,-8.348084
2799734687.5,-8.347654
2799734843.75,-8.347285
2799735000.0,-8.345816
2799735156.25,-8.345796
2799735312.5,-8.34635
2799735468.75,-8.345096
2799735625.0,-8.344545
2799735781.25,-8.343897
2799735937.5,-8.34282
2799736093.75,-8.343118
2799736250.0,-8.342184
2799736406.25,-8.341839
2799736562.5,-8.340814
2799736718.75,-8.340617
2799736875.0,-8.340818
2799737031.25,-8.339272
2799737187.5,-8.339773
2799737343.75,-8.339478
2799737500.0,-8.338423
2799737656.25,-8.337894
2799737812.5,-8.336467
2799737968.75,-8.337127
2799738125.0,-8.336711
2799738281.25,-8.335982
2799738437.5,-8.33603
2799738593.75,-8.334871
2799738750.0,-8.334373
2799738906.25,-8.334414
2799739062.5,-8.333787
2799739218.75,-8.333231
2799739375.0,-8.331773
2799739531.25,-8.331942
2799739687.5,-8.331728
2799739843.75,-8.331815
2799740000.0,-8.331176
2799740156.25,-8.330754
2799740312.5,-8.330447
2799740468.75,-8.328913
2799740625.0,-8.328765
2799740781.25,-8.328997
2799740937.5,-8.32846
2799741093.75,-8.327893
2799741250.0,-8.327804
2799741406.25,-8.32719
2799741562.5,-8.326706
2799741718.75,-8.326375
2799741875.0,-8.325471
2799742031.25,-8.325048
2799742187.5,-8.325055
2799742343.75,-8.324908
2799742500.0,-8.324088
2799742656.25,-8.324611
2799742812.5,-8.323338
2799742968.75,-8.323546
2799743125.0,-8.322534
2799743281.25,-8.322324
2799743437.5,-8.322219
2799743593.75,-8.321874
2799743750.0,-8.321562
2799743906.25,-8.321172
2799744062.5,-8.321013
2799744218.75,-8.31991
2799744375.0,-8.319754
2799744531.25,-8.319427
2799744687.5,-8.319623
2799744843.75,-8.318031
2799745000.0,-8.31804
2799745156.25,-8.319438
2799745312.5,-8.318047
2799745468.75,-8.317788
2799745625.0,-8.317616
2799745781.25,-8.318177
2799745937.5,-8.316768
2799746093.75,-8.315997
2799746250.0,-8.317025
2799746406.25,-8.316137
2799746562.5,-8.315841
2799746718.75,-8.315816
2799746875.0,-8.316053
2799747031.25,-8.315242
2799747187.5,-8.314457
2799747343.75,-8.3137
2799747500.0,-8.315127
2799747656.25,-8.314153
2799747812.5,-8.313844
2799747968.75,-8.312961
2799748125.0,-8.312419
2799748281.25,-8.312501
2799748437.5,-8.313263
2799748593.75,-8.312184
2799748750.0,-8.313015
2799748906.25,-8.312111
2799749062.5,-8.311268
2799749218.75,-8.312362
2799749375.0,-8.310999
2799749531.25,-8.312283
2799749687.5,-8.311136
2799749843.75,-8.310596
2799750000.0,-8.310899
2799750156.25,-8.310208
2799750312.5,-8.309945
2799750468.75,-8.310346
2799750625.0,-8.309997
2799750781.25,-8.308808
2799750937.5,-8.309649
2799751093.75,-8.309769
2799751250.0,-8.308735
2799751406.25,-8.309151
2799751562.5,-8.308633
2799751718.75,-8.308517
2799751875.0,-8.30865
2799752031.25,-8.30813
2799752187.5,-8.308242
2799752343.75,-8.307448
2799752500.0,-8.307543
2799752656.25,-8.308274
2799752812.5,-8.307296
2799752968.75,-8.306504
2799753125.0,-8.306989
2799753281.25,-8.307026
2799753437.5,-8.306762
2799753593.75,-8.306476
2799753750.0,-8.305889
2799753906.25,-8.306975
2799754062.5,-8.307076
2799754218.75,-8.30584
2799754375.0,-8.305744
2799754531.25,-8.306334
2799754687.5,-8.306459
2799754843.75,-8.305734
2799755000.0,-8.306673
2799755156.25,-8.305635
2799755312.5,-8.305962
2799755468.75,-8.306207
2799755625.0,-8.305558
2799755781.25,-8.305672
2799755937.5,-8.305322
2799756093.75,-8.305489
2799756250.0,-8.305387
2799756406.25,-8.305586
2799756562.5,-8.305013
2799756718.75,-8.305254
2799756875.0,-8.304497
2799757031.25,-8.305241
2799757187.5,-8.304997
2799757343.75,-8.30543
2799757500.0,-8.305102
2799757656.25,-8.305607
2799757812.5,-8.304816
2799757968.75,-8.304862
2799758125.0,-8.305
2799758281.25,-8.30488
2799758437.5,-8.304773
2799758593.75,-8.304733
2799758750.0,-8.305203
2799758906.25,-8.304769
2799759062.5,-8.305062
2799759218.75,-8.304905
2799759375.0,-8.305449
2799759531.25,-8.304326
2799759687.5,-8.304708
2799759843.75,-8.305064
2799760000.0,-8.304675
2799760156.25,-8.305183
2799760312.5,-8.305565
2799760468.75,-8.305071
2799760625.0,-8.305777
2799760781.25,-8.305734
2799760937.5,-8.305579
2799761093.75,-8.305355
2799761250.0,-8.305554
2799761406.25,-8.305155
2799761562.5,-8.30529
2799761718.75,-8.305811
2799761875.0,-8.305983
2799762031.25,-8.305476
2799762187.5,-8.306405
2799762343.75,-8.30616
2799762500.0,-8.30627
2799762656.25,-8.30645
2799762812.5,-8.305975
2799762968.75,-8.305911
2799763125.0,-8.30643
2799763281.25,-8.306459
2799763437.5,-8.306159
2799763593.75,-8.307314
2799763750.0,-8.307208
2799763906.25,-8.306547
2799764062.5,-8.306719
2799764218.75,-8.30711
2799764375.0,-8.307337
2799764531.25,-8.307306
2799764687.5,-8.307348
2799764843.75,-8.307444
2799765000.0,-8.307552
2799765156.25,-8.308977
2799765312.5,-8.307832
2799765468.75,-8.308413
2799765625.0,-8.308712
2799765781.25,-8.309278
2799765937.5,-8.308846
2799766093.75,-8.309326
2799766250.0,-8.308684
2799766406.25,-8.309171
2799766562.5,-8.309531
2799766718.75,-8.309757
2799766875.0,-8.310296
2799767031.25,-8.310269
2799767187.5,-8.309705
2799767343.75,-8.309835
2799767500.0,-8.310987
2799767656.25,-8.310667
2799767812.5,-8.310896
2799767968.75,-8.31146
2799768125.0,-8.311781
2799768281.25,-8.311939
2799768437.5,-8.312356
2799768593.75,-8.312126
2799768750.0,-8.312449
2799768906.25,-8.313199
2799769062.5,-8.313182
2799769218.75,-8.312876
2799769375.0,-8.313826
2799769531.25,-8.314032
2799769687.5,-8.313761
2799769843.75,-8.314278
2799770000.0,-8.314457
2799770156.25,-8.314922
2799770312.5,-8.315441
2799770468.75,-8.315893
2799770625.0,-8.316049
2799770781.25,-8.315384
2799770937.5,-8.317247
2799771093.75,-8.3168
2799771250.0,-8.316675
2799771406.25,-8.316283
2799771562.5,-8.317376
2799771718.75,-8.317382
2799771875.0,-8.318227
2799772031.25,-8.318427
2799772187.5,-8.317909
2799772343.75,-8.318738
2799772500.0,-8.318993
2799772656.25,-8.318956
2799772812.5,-8.32032
2799772968.75,-8.320086
2799773125.0,-8.320466
2799773281.25,-8.320225
2799773437.5,-8.320422
2799773593.75,-8.32097
2799773750.0,-8.322393
2799773906.25,-8.321099
2799774062.5,-8.322913
2799774218.75,-8.322661
2799774375.0,-8.323196
2799774531.25,-8.323659
2799774687.5,-8.323839
2799774843.75,-8.324127
2799775000.0,-8.324466
2799775156.25,-8.324436
2799775312.5,-8.32556
2799775468.75,-8.325798
2799775625.0,-8.326297
2799775781.25,-8.326752
2799775937.5,-8.327245
2799776093.75,-8.327405
2799776250.0,-8.328174
2799776406.25,-8.327754
2799776562.5,-8.328852
2799776718.75,-8.328691
2799776875.0,-8.329581
2799777031.25,-8.330027
2799777187.5,-8.330434
2799777343.75,-8.331365
2799777500.0,-8.331795
2799777656.25,-8.331068
2799777812.5,-8.332507
2799777968.75,-8.332757
2799778125.0,-8.332818
2799778281.25,-8.333785
2799778437.5,-8.334176
2799778593.75,-8.334059
2799778750.0,-8.334474
2799778906.25,-8.335555
2799779062.5,-8.336226
2799779218.75,-8.337047
2799779375.0,-8.336402
2799779531.25,-8.337044
2799779687.5,-8.337105
2799779843.75,-8.338547
2799780000.0,-8.339656
2799780156.25,-8.339364
2799780312.5,-8.339695
2799780468.75,-8.340321
2799780625.0,-8.340878
2799780781.25,-8.34113
2799780937.5,-8.341887
2799781093.75,-8.342832
2799781250.0,-8.343209
2799781406.25,-8.343616
2799781562.5,-8.342848
2799781718.75,-8.344943
2799781875.0,-8.344983
2799782031.25,-8.344997
2799782187.5,-8.345852
2799782343.75,-8.346152
2799782500.0,-8.346714
2799782656.25,-8.347884
2799782812.5,-8.348867
2799782968.75,-8.348763
2799783125.0,-8.349186
2799783281.25,-8.350888
2799783437.5,-8.350274
2799783593.75,-8.351263
2799783750.0,-8.352004
2799783906.25,-8.352563
2799784062.5,-8.352893
2799784218.75,-8.352757
2799784375.0,-8.353605
2799784531.25,-8.354784
2799784687.5,-8.354588
2799784843.75,-8.355537
2799785000.0,-8.355888
2799785156.25,-8.356698
2799785312.5,-8.357289
2799785468.75,-8.357807
2799785625.0,-8.35838
2799785781.25,-8.3602
2799785937.5,-8.359845
2799786093.75,-8.360436
2799786250.0,-8.360716
2799786406.25,-8.362185
2799786562.5,-8.362936
2799786718.75,-8.363401
2799786875.0,-8.363346
2799787031.25,-8.363822
2799787187.5,-8.3652
2799787343.75,-8.365743
2799787500.0,-8.366099
2799787656.25,-8.367241
2799787812.5,-8.367946
2799787968.75,-8.367612
2799788125.0,-8.369125
2799788281.25,-8.369922
2799788437.5,-8.370346
2799788593.75,-8.370476
2799788750.0,-8.372058
2799788906.25,-8.372759
2799789062.5,-8.372559
2799789218.75,-8.37322
2799789375.0,-8.375291
2799789531.25,-8.374586
2799789687.5,-8.375181
2799789843.75,-8.376456
2799790000.0,-8.377442
2799790156.25,-8.378131
2799790312.5,-8.379206
2799790468.75,-8.378883
2799790625.0,-8.38074
2799790781.25,-8.381122
2799790937.5,-8.381687
2799791093.75,-8.3823
2799791250.0,-8.383986
2799791406.25,-8.384499
2799791562.5,-8.385165
2799791718.75,-8.385313
2799791875.0,-8.385741
2799792031.25,-8.387053
2799792187.5,-8.388408
2799792343.75,-8.388178
2799792500.0,-8.389691
2799792656.25,-8.390335
2799792812.5,-8.391308
2799792968.75,-8.391895
2799793125.0,-8.392522
2799793281.25,-8.393603
2799793437.5,-8.393788
2799793593.75,-8.395205
2799793750.0,-8.395012
2799793906.25,-8.396935
2799794062.5,-8.397324
2799794218.75,-8.397601
2799794375.0,-8.399178
2799794531.25,-8.399649
2799794687.5,-8.40023
2799794843.75,-8.401415
2799795000.0,-8.402687
2799795156.25,-8.40336
2799795312.5,-8.403896
2799795468.75,-8.404702
2799795625.0,-8.405233
2799795781.25,-8.405809
2799795937.5,-8.407609
2799796093.75,-8.407868
2799796250.0,-8.408425
2799796406.25,-8.409459
2799796562.5,-8.410926
2799796718.75,-8.411151
2799796875.0,-8.413002
2799797031.25,-8.413417
2799797187.5,-8.414347
2799797343.75,-8.414697
2799797500.0,-8.415927
2799797656.25,-8.416589
2799797812.5,-8.417832
2799797968.75,-8.419193
2799798125.0,-8.419222
2799798281.25,-8.420099
2799798437.5,-8.421142
2799798593.75,-8.421913
2799798750.0,-8.422523
2799798906.25,-8.423971
2799799062.5,-8.42485
2799799218.75,-8.425163
2799799375.0,-8.427098
2799799531.25,-8.427381
2799799687.5,-8.428723
2799799843.75,-8.429646
2799800000.0,-8.429809
2799800156.25,-8.431375
2799800312.5,-8.431887
2799800468.75,-8.432838
2799800625.0,-8.43347
2799800781.25,-8.435399
2799800937.5,-8.436152
2799801093.75,-8.437285
2799801250.0,-8.437844
2799801406.25,-8.439615
2799801562.5,-8.440303
2799801718.75,-8.442222
2799801875.0,-8.441489
2799802031.25,-8.443562
2799802187.5,-8.444503
2799802343.75,-8.445702
2799802500.0,-8.445629
2799802656.25,-8.447049
2799802812.5,-8.447453
2799802968.75,-8.448797
2799803125.0,-8.449944
2799803281.25,-8.450603
2799803437.5,-8.451882
2799803593.75,-8.451982
2799803750.0,-8.454334
2799803906.25,-8.453863
2799804062.5,-8.456033
2799804218.75,-8.4571
2799804375.0,-8.457684
2799804531.25,-8.458948
2799804687.5,-8.459654
2799804843.75,-8.461027
2799805000.0,-8.46152
2799805156.25,-8.462513
2799805312.5,-8.464861
2799805468.75,-8.465376
2799805625.0,-8.466591
2799805781.25,-8.46733
2799805937.5,-8.468208
2799806093.75,-8.468792
2799806250.0,-8.469871
2799806406.25,-8.471132
2799806562.5,-8.471991
2799806718.75,-8.473717
2799806875.0,-8.47446
2799807031.25,-8.475202
2799807187.5,-8.47709
2799807343.75,-8.477555
2799807500.0,-8.479661
2799807656.25,-8.480013
2799807812.5,-8.481306
2799807968.75,-8.482489
2799808125.0,-8.483458
2799808281.25,-8.484242
2799808437.5,-8.486271
2799808593.75,-8.487825
2799808750.0,-8.487493
2799808906.25,-8.489145
2799809062.5,-8.490121
2799809218.75,-8.491458
2799809375.0,-8.492007
2799809531.25,-8.493965
2799809687.5,-8.49423
2799809843.75,-8.496903
2799810000.0,-8.497287
2799810156.25,-8.498163
2799810312.5,-8.49925
2799810468.75,-8.500239
2799810625.0,-8.501809
2799810781.25,-8.502627
2799810937.5,-8.504275
2799811093.75,-8.50456
2799811250.0,-8.506419
2799811406.25,-8.507263
2799811562.5,-8.507995
2799811718.75,-8.509176
2799811875.0,-8.510589
2799812031.25,-8.511978
2799812187.5,-8.513151
2799812343.75,-8.514699
2799812500.0,-8.515321
2799812656.25,-8.516663
2799812812.5,-8.517504
2799812968.75,-8.519868
2799813125.0,-8.520526
2799813281.25,-8.522484
2799813437.5,-8.523202
2799813593.75,-8.523947
2799813750.0,-8.52529
2799813906.25,-8.526958
2799814062.5,-8.528129
2799814218.75,-8.528912
2799814375.0,-8.531357
2799814531.25,-8.531762
2799814687.5,-8.532393
2799814843.75,-8.533851
2799815000.0,-8.535196
2799815156.25,-8.536085
2799815312.5,-8.537574
2799815468.75,-8.538506
2799815625.0,-8.539982
2799815781.25,-8.540885
2799815937.5,-8.542593
2799816093.75,-8.544695
2799816250.0,-8.545259
2799816406.25,-8.547005
2799816562.5,-8.548247
2799816718.75,-8.549024
2799816875.0,-8.550119
2799817031.25,-8.55144
2799817187.5,-8.552859
2799817343.75,-8.554376
2799817500.0,-8.555714
2799817656.25,-8.556985
2799817812.5,-8.558128
2799817968.75,-8.559413
2799818125.0,-8.560777
2799818281.25,-8.562204
2799818437.5,-8.56276
2799818593.75,-8.564238
2799818750.0,-8.566446
2799818906.25,-8.567125
2799819062.5,-8.568386
2799819218.75,-8.569903
2799819375.0,-8.571374
2799819531.25,-8.571632
2799819687.5,-8.573924
2799819843.75,-8.574985
2799820000.0,-8.57665
2799820156.25,-8.577504
2799820312.5,-8.579802
2799820468.75,-8.580313
2799820625.0,-8.581891
2799820781.25,-8.583376
2799820937.5,-8.58463
2799821093.75,-8.586044
2799821250.0,-8.587496
2799821406.25,-8.588784
2799821562.5,-8.590177
2799821718.75,-8.591322
2799821875.0,-8.592878
2799822031.25,-8.594303
2799822187.5,-8.595533
2799822343.75,-8.597329
2799822500.0,-8.59861
2799822656.25,-8.599965
2799822812.5,-8.601086
2799822968.75,-8.602883
2799823125.0,-8.603603
2799823281.25,-8.604942
2799823437.5,-8.607034
2799823593.75,-8.608366
2799823750.0,-8.610042
2799823906.25,-8.611341
2799824062.5,-8.61245
2799824218.75,-8.6137
2799824375.0,-8.615149
2799824531.25,-8.61648
2799824687.5,-8.618061
2799824843.75,-8.619749
2799825000.0,-8.621489
2799825156.25,-8.621787
2799825312.5,-8.623917
2799825468.75,-8.625357
2799825625.0,-8.62674
2799825781.25,-8.627786
2799825937.5,-8.629636
2799826093.75,-8.630505
2799826250.0,-8.632694
2799826406.25,-8.633592
2799826562.5,-8.635655
2799826718.75,-8.6368
2799826875.0,-8.638942
2799827031.25,-8.640376
2799827187.5,-8.642162
2799827343.75,-8.64257
2799827500.0,-8.643871
2799827656.25,-8.645939
2799827812.5,-8.646537
2799827968.75,-8.649055
2799828125.0,-8.650244
2799828281.25,-8.650746
2799828437.5,-8.653785
2799828593.75,-8.655754
2799828750.0,-8.656155
2799828906.25,-8.657312
2799829062.5,-8.659089
2799829218.75,-8.660887
2799829375.0,-8.66214
2799829531.25,-8.664316
2799829687.5,-8.665187
2799829843.75,-8.666822
2799830000.0,-8.667729
2799830156.25,-8.669037
2799830312.5,-8.671307
2799830468.75,-8.673204
2799830625.0,-8.674283
2799830781.25,-8.675989
2799830937.5,-8.678191
2799831093.75,-8.678708
2799831250.0,-8.681389
2799831406.25,-8.682864
2799831562.5,-8.6837
2799831718.75,-8.684998
2799831875.0,-8.68705
2799832031.25,-8.688491
2799832187.5,-8.690014
2799832343.75,-8.691951
2799832500.0,-8.69324
2799832656.25,-8.694678
2799832812.5,-8.696282
2799832968.75,-8.698256
2799833125.0,-8.699669
2799833281.25,-8.701391
2799833437.5,-8.702425
2799833593.75,-8.704549
2799833750.0,-8.705623
2799833906.25,-8.707658
2799834062.5,-8.708473
2799834218.75,-8.710878
2799834375.0,-8.71225
2799834531.25,-8.713762
2799834687.5,-8.715088
2799834843.75,-8.717718
2799835000.0,-8.71899
2799835156.25,-8.72044
2799835312.5,-8.722207
2799835468.75,-8.723783
2799835625.0,-8.725455
2799835781.25,-8.726897
2799835937.5,-8.72841
2799836093.75,-8.729861
2799836250.0,-8.732153
2799836406.25,-8.733543
2799836562.5,-8.734962
2799836718.75,-8.737433
2799836875.0,-8.738926
2799837031.25,-8.739402
2799837187.5,-8.741897
2799837343.75,-8.743165
2799837500.0,-8.745389
2799837656.25,-8.746712
2799837812.5,-8.748753
2799837968.75,-8.749993
2799838125.0,-8.751678
2799838281.25,-8.75348
2799838437.5,-8.755436
2799838593.75,-8.757129
2799838750.0,-8.759188
2799838906.25,-8.760891
2799839062.5,-8.761744
2799839218.75,-8.763531
2799839375.0,-8.764967
2799839531.25,-8.766418
2799839687.5,-8.767962
2799839843.75,-8.770779
2799840000.0,-8.772357
2799840156.25,-8.774365
2799840312.5,-8.775703
2799840468.75,-8.777093
2799840625.0,-8.778797
2799840781.25,-8.780539
2799840937.5,-8.782547
2799841093.75,-8.783912
2799841250.0,-8.784725
2799841406.25,-8.787693
2799841562.5,-8.789212
2799841718.75,-8.791178
2799841875.0,-8.792153
2799842031.25,-8.794242
2799842187.5,-8.796468
2799842343.75,-8.797091
2799842500.0,-8.800104
2799842656.25,-8.801053
2799842812.5,-8.802508
2799842968.75,-8.80432
2799843125.0,-8.806647
2799843281.25,-8.807955
2799843437.5,-8.809928
2799843593.75,-8.811723
2799843750.0,-8.813659
2799843906.25,-8.815609
2799844062.5,-8.81782
2799844218.75,-8.818134
2799844375.0,-8.820271
2799844531.25,-8.822277
2799844687.5,-8.823773
2799844843.75,-8.82537
2799845000.0,-8.82736
2799845156.25,-8.828953
2799845312.5,-8.831417
2799845468.75,-8.833591
2799845625.0,-8.835244
2799845781.25,-8.836366
2799845937.5,-8.837894
2799846093.75,-8.840198
2799846250.0,-8.842117
2799846406.25,-8.843962
2799846562.5,-8.845666
2799846718.75,-8.846938
2799846875.0,-8.849582
2799847031.25,-8.851348
2799847187.5,-8.852783
2799847343.75,-8.853917
2799847500.0,-8.856418
2799847656.25,-8.858006
2799847812.5,-8.860632
2799847968.75,-8.861508
2799848125.0,-8.863401
2799848281.25,-8.865885
2799848437.5,-8.867433
2799848593.75,-8.869751
2799848750.0,-8.870536
2799848906.25,-8.872969
2799849062.5,-8.875194
2799849218.75,-8.876388
2799849375.0,-8.878303
2799849531.25,-8.880513
2799849687.5,-8.882316
2799849843.75,-8.884216
2799850000.0,-8.886083
2799850156.25,-8.888312
2799850312.5,-8.889978
2799850468.75,-8.891488
2799850625.0,-8.894014
2799850781.25,-8.895714
2799850937.5,-8.896996
2799851093.75,-8.899743
2799851250.0,-8.900918
2799851406.25,-8.90223
2799851562.5,-8.904495
2799851718.75,-8.906271
2799851875.0,-8.908549
2799852031.25,-8.910768
2799852187.5,-8.912034
2799852343.75,-8.914531
2799852500.0,-8.915437
2799852656.25,-8.917948
2799852812.5,-8.920609
2799852968.75,-8.922273
2799853125.0,-8.923456
2799853281.25,-8.926414
2799853437.5,-8.927911
2799853593.75,-8.929827
2799853750.0,-8.931537
2799853906.25,-8.933102
2799854062.5,-8.934919
2799854218.75,-8.936712
2799854375.0,-8.938882
2799854531.25,-8.940888
2799854687.5,-8.942922
2799854843.75,-8.945024
2799855000.0,-8.946155
2799855156.25,-8.949517
2799855312.5,-8.951153
2799855468.75,-8.952715
2799855625.0,-8.953979
2799855781.25,-8.956405
2799855937.5,-8.958708
2799856093.75,-8.961183
2799856250.0,-8.9626
2799856406.25,-8.964079
2799856562.5,-8.966707
2799856718.75,-8.968266
2799856875.0,-8.96991
2799857031.25,-8.972458
2799857187.5,-8.974201
2799857343.75,-8.97621
2799857500.0,-8.978893
2799857656.25,-8.979283
2799857812.5,-8.982568
2799857968.75,-8.98423
2799858125.0,-8.986447
2799858281.25,-8.987968
2799858437.5,-8.990618
2799858593.75,-8.992404
2799858750.0,-8.994295
2799858906.25,-8.996583
2799859062.5,-8.997703
2799859218.75,-8.999617
2799859375.0,-9.002116
2799859531.25,-9.003995
2799859687.5,-9.006086
2799859843.75,-9.008382
2799860000.0,-9.009543
2799860156.25,-9.012074
2799860312.5,-9.013886
2799860468.75,-9.016515
2799860625.0,-9.017742
2799860781.25,-9.020295
2799860937.5,-9.022957
2799861093.75,-9.024878
2799861250.0,-9.026166
2799861406.25,-9.028465
2799861562.5,-9.031364
2799861718.75,-9.031649
2799861875.0,-9.034296
2799862031.25,-9.037385
2799862187.5,-9.038511
2799862343.75,-9.04051
2799862500.0,-9.042442
2799862656.25,-9.044527
2799862812.5,-9.04662
2799862968.75,-9.048446
2799863125.0,-9.050225
2799863281.25,-9.05264
2799863437.5,-9.054945
2799863593.75,-9.056461
2799863750.0,-9.05838
2799863906.25,-9.061564
2799864062.5,-9.063135
2799864218.75,-9.064958
2799864375.0,-9.068098
2799864531.25,-9.069514
2799864687.5,-9.071057
2799864843.75,-9.073235
2799865000.0,-9.076088
2799865156.25,-9.077088
2799865312.5,-9.079804
2799865468.75,-9.081287
2799865625.0,-9.083686
2799865781.25,-9.085835
2799865937.5,-9.087677
2799866093.75,-9.089933
2799866250.0,-9.092223
2799866406.25,-9.094298
2799866562.5,-9.097157
2799866718.75,-9.098638
2799866875.0,-9.100018
2799867031.25,-9.102756
2799867187.5,-9.104877
2799867343.75,-9.106299
2799867500.0,-9.109244
2799867656.25,-9.111527
2799867812.5,-9.113204
2799867968.75,-9.114855
2799868125.0,-9.117574
2799868281.25,-9.118238
2799868437.5,-9.121576
2799868593.75,-9.123537
2799868750.0,-9.125602
2799868906.25,-9.128205
2799869062.5,-9.130595
2799869218.75,-9.131754
2799869375.0,-9.134409
2799869531.25,-9.136348
2799869687.5,-9.138065
2799869843.75,-9.141126
2799870000.0,-9.142636
2799870156.25,-9.145457
2799870312.5,-9.146729
2799870468.75,-9.149429
2799870625.0,-9.151546
2799870781.25,-9.153916
2799870937.5,-9.156141
2799871093.75,-9.15723
2799871250.0,-9.159842
2799871406.25,-9.163267
2799871562.5,-9.165058
2799871718.75,-9.166569
2799871875.0,-9.168829
2799872031.25,-9.170352
2799872187.5,-9.173259
2799872343.75,-9.175781
2799872500.0,-9.177094
2799872656.25,-9.178992
2799872812.5,-9.18171
2799872968.75,-9.184778
2799873125.0,-9.18623
2799873281.25,-9.188584
2799873437.5,-9.190312
2799873593.75,-9.1924
2799873750.0,-9.195239
2799873906.25,-9.19659
2799874062.5,-9.199268
2799874218.75,-9.201352
2799874375.0,-9.203128
2799874531.25,-9.205227
2799874687.5,-9.207262
2799874843.75,-9.209601
2799875000.0,-9.212563
2799875156.25,-9.213978
2799875312.5,-9.216511
2799875468.75,-9.218541
2799875625.0,-9.221153
2799875781.25,-9.223156
2799875937.5,-9.225277
2799876093.75,-9.228004
2799876250.0,-9.229181
2799876406.25,-9.232132
2799876562.5,-9.235267
2799876718.75,-9.236381
2799876875.0,-9.239463
2799877031.25,-9.240788
2799877187.5,-9.243073
2799877343.75,-9.244555
2799877500.0,-9.247021
2799877656.25,-9.250246
2799877812.5,-9.252931
2799877968.75,-9.254539
2799878125.0,-9.256522
2799878281.25,-9.259404
2799878437.5,-9.261658
2799878593.75,-9.263706
2799878750.0,-9.265672
2799878906.25,-9.268352
2799879062.5,-9.270359
2799879218.75,-9.272832
2799879375.0,-9.274654
2799879531.25,-9.27734
2799879687.5,-9.278425
2799879843.75,-9.280724
2799880000.0,-9.283439
2799880156.25,-9.286012
2799880312.5,-9.288086
2799880468.75,-9.290123
2799880625.0,-9.293161
2799880781.25,-9.29504
2799880937.5,-9.2974
2799881093.75,-9.299544
2799881250.0,-9.302098
2799881406.25,-9.303856
2799881562.5,-9.305897
2799881718.75,-9.308773
2799881875.0,-9.311571
2799882031.25,-9.313643
2799882187.5,-9.315396
2799882343.75,-9.317803
2799882500.0,-9.320394
2799882656.25,-9.32288
2799882812.5,-9.324785
2799882968.75,-9.327601
2799883125.0,-9.329408
2799883281.25,-9.33146
2799883437.5,-9.334045
2799883593.75,-9.336196
2799883750.0,-9.338483
2799883906.25,-9.341108
2799884062.5,-9.342549
2799884218.75,-9.34596
2799884375.0,-9.347625
2799884531.25,-9.350224
2799884687.5,-9.351918
2799884843.75,-9.35493
2799885000.0,-9.356976
2799885156.25,-9.358901
2799885312.5,-9.361879
2799885468.75,-9.363869
2799885625.0,-9.366588
2799885781.25,-9.368097
2799885937.5,-9.37051
2799886093.75,-9.37396
2799886250.0,-9.37544
2799886406.25,-9.377697
2799886562.5,-9.379632
2799886718.75,-9.382607
2799886875.0,-9.384346
2799887031.25,-9.387046
2799887187.5,-9.390102
2799887343.75,-9.392028
2799887500.0,-9.394244
2799887656.25,-9.39685
2799887812.5,-9.398454
2799887968.75,-9.400045
2799888125.0,-9.404582
2799888281.25,-9.405774
2799888437.5,-9.408047
2799888593.75,-9.409977
2799888750.0,-9.412498
2799888906.25,-9.414904
2799889062.5,-9.417432
2799889218.75,-9.419568
2799889375.0,-9.422626
2799889531.25,-9.425303
2799889687.5,-9.427342
2799889843.75,-9.429443
2799890000.0,-9.431543
2799890156.25,-9.433991
2799890312.5,-9.435966
2799890468.75,-9.438371
2799890625.0,-9.440691
2799890781.25,-9.444364
2799890937.5,-9.446217
2799891093.75,-9.44801
2799891250.0,-9.451481
2799891406.25,-9.452374
2799891562.5,-9.455253
2799891718.75,-9.457591
2799891875.0,-9.460459
2799892031.25,-9.462598
2799892187.5,-9.464722
2799892343.75,-9.467016
2799892500.0,-9.469481
2799892656.25,-9.471773
2799892812.5,-9.474013
2799892968.75,-9.476525
2799893125.0,-9.478635
2799893281.25,-9.481476
2799893437.5,-9.484186
2799893593.75,-9.486166
2799893750.0,-9.489416
2799893906.25,-9.490906
2799894062.5,-9.493495
2799894218.75,-9.496165
2799894375.0,-9.498282
2799894531.25,-9.50117
2799894687.5,-9.502788
2799894843.75,-9.506616
2799895000.0,-9.507775
2799895156.25,-9.510262
2799895312.5,-9.512278
2799895468.75,-9.515243
2799895625.0,-9.517647
2799895781.25,-9.51966
2799895937.5,-9.522542
2799896093.75,-9.52529
2799896250.0,-9.527491
2799896406.25,-9.530435
2799896562.5,-9.531874
2799896718.75,-9.535512
2799896875.0,-9.537382
2799897031.25,-9.540012
2799897187.5,-9.541818
2799897343.75,-9.544982
2799897500.0,-9.547183
2799897656.25,-9.549553
2799897812.5,-9.551652
2799897968.75,-9.553685
2799898125.0,-9.556067
2799898281.25,-9.558546
2799898437.5,-9.561543
2799898593.75,-9.563805
2799898750.0,-9.566915
2799898906.25,-9.568212
2799899062.5,-9.571544
2799899218.75,-9.573027
2799899375.0,-9.575322
2799899531.25,-9.578381
2799899687.5,-9.580709
2799899843.75,-9.583362
2799900000.0,-9.585065
2799900156.25,-9.588025
2799900312.5,-9.590511
2799900468.75,-9.593539
2799900625.0,-9.594899
2799900781.25,-9.598875
2799900937.5,-9.601213
2799901093.75,-9.602336
2799901250.0,-9.605021
2799901406.25,-9.608027
2799901562.5,-9.610276
2799901718.75,-9.6134
2799901875.0,-9.614684
2799902031.25,-9.618111
2799902187.5,-9.620673
2799902343.75,-9.622837
2799902500.0,-9.625346
2799902656.25,-9.627826
2799902812.5,-9.630646
2799902968.75,-9.633145
2799903125.0,-9.635742
2799903281.25,-9.636868
2799903437.5,-9.640275
2799903593.75,-9.642756
2799903750.0,-9.644877
2799903906.25,-9.647976
2799904062.5,-9.649965
2799904218.75,-9.652537
2799904375.0,-9.654983
2799904531.25,-9.657414
2799904687.5,-9.660267
2799904843.75,-9.662265
2799905000.0,-9.664971
2799905156.25,-9.667558
2799905312.5,-9.670078
2799905468.75,-9.672093
2799905625.0,-9.674691
2799905781.25,-9.677492
2799905937.5,-9.679961
2799906093.75,-9.682643
2799906250.0,-9.684806
2799906406.25,-9.687661
2799906562.5,-9.690001
2799906718.75,-9.691992
2799906875.0,-9.694716
2799907031.25,-9.69822
2799907187.5,-9.699749
2799907343.75,-9.702356
2799907500.0,-9.704535
2799907656.25,-9.707417
2799907812.5,-9.709883
2799907968.75,-9.712609
2799908125.0,-9.714981
2799908281.25,-9.718177
2799908437.5,-9.719685
2799908593.75,-9.722597
2799908750.0,-9.725374
2799908906.25,-9.727729
2799909062.5,-9.729847
2799909218.75,-9.732943
2799909375.0,-9.735177
2799909531.25,-9.737805
2799909687.5,-9.739475
2799909843.75,-9.742936
2799910000.0,-9.744939
2799910156.25,-9.74784
2799910312.5,-9.750937
2799910468.75,-9.752865
2799910625.0,-9.754929
2799910781.25,-9.757951
2799910937.5,-9.760708
2799911093.75,-9.76306
2799911250.0,-9.765349
2799911406.25,-9.76817
2799911562.5,-9.770477
2799911718.75,-9.773632
2799911875.0,-9.776052
2799912031.25,-9.778535
2799912187.5,-9.780958
2799912343.75,-9.783126
2799912500.0,-9.785862
2799912656.25,-9.788187
2799912812.5,-9.79166
2799912968.75,-9.793966
2799913125.0,-9.796644
2799913281.25,-9.798028
2799913437.5,-9.801566
2799913593.75,-9.803545
2799913750.0,-9.80705
2799913906.25,-9.808739
2799914062.5,-9.811989
2799914218.75,-9.814035
2799914375.0,-9.816216
2799914531.25,-9.81913
2799914687.5,-9.821732
2799914843.75,-9.825104
2799915000.0,-9.82722
2799915156.25,-9.829111
2799915312.5,-9.831428
2799915468.75,-9.83374
2799915625.0,-9.837092
2799915781.25,-9.83989
2799915937.5,-9.843336
2799916093.75,-9.844474
2799916250.0,-9.847342
2799916406.25,-9.850103
2799916562.5,-9.852935
2799916718.75,-9.855498
2799916875.0,-9.858401
2799917031.25,-9.860715
2799917187.5,-9.863021
2799917343.75,-9.865314
2799917500.0,-9.868711
2799917656.25,-9.870914
2799917812.5,-9.872732
2799917968.75,-9.876751
2799918125.0,-9.878105
2799918281.25,-9.880687
2799918437.5,-9.884083
2799918593.75,-9.886885
2799918750.0,-9.889454
2799918906.25,-9.892041
2799919062.5,-9.894161
2799919218.75,-9.896738
2799919375.0,-9.900387
2799919531.25,-9.902729
2799919687.5,-9.905081
2799919843.75,-9.90766
2799920000.0,-9.910406
2799920156.25,-9.913276
2799920312.5,-9.915276
2799920468.75,-9.917693
2799920625.0,-9.920216
2799920781.25,-9.922883
2799920937.5,-9.924839
2799921093.75,-9.92692
2799921250.0,-9.930464
2799921406.25,-9.932731
2799921562.5,-9.936108
2799921718.75,-9.938371
2799921875.0,-9.940742
2799922031.25,-9.943637
2799922187.5,-9.946033
2799922343.75,-9.949088
2799922500.0,-9.95142
2799922656.25,-9.954283
2799922812.5,-9.956768
2799922968.75,-9.95925
2799923125.0,-9.962752
2799923281.25,-9.965215
2799923437.5,-9.967579
2799923593.75,-9.969907
2799923750.0,-9.972938
2799923906.25,-9.97526
2799924062.5,-9.977661
2799924218.75,-9.980729
2799924375.0,-9.983334
2799924531.25,-9.985727
2799924687.5,-9.98818
2799924843.75,-9.990283
2799925000.0,-9.993647
2799925156.25,-9.994751
2799925312.5,-9.998516
2799925468.75,-10.00065
2799925625.0,-10.00454
2799925781.25,-10.00709
2799925937.5,-10.00933
2799926093.75,-10.01123
2799926250.0,-10.01386
2799926406.25,-10.01714
2799926562.5,-10.02084
2799926718.75,-10.0229
2799926875.0,-10.02476
2799927031.25,-10.02777
2799927187.5,-10.03088
2799927343.75,-10.03355
2799927500.0,-10.0354
2799927656.25,-10.03871
2799927812.5,-10.04129
2799927968.75,-10.04384
2799928125.0,-10.04677
2799928281.25,-10.04853
2799928437.5,-10.05175
2799928593.75,-10.05413
2799928750.0,-10.05675
2799928906.25,-10.06054
2799929062.5,-10.06237
2799929218.75,-10.06492
2799929375.0,-10.06753
2799929531.25,-10.07074
2799929687.5,-10.07222
2799929843.75,-10.07547
2799930000.0,-10.07859
2799930156.25,-10.08115
2799930312.5,-10.08353
2799930468.75,-10.08683
2799930625.0,-10.0889
2799930781.25,-10.09147
2799930937.5,-10.09443
2799931093.75,-10.0969
2799931250.0,-10.09923
2799931406.25,-10.10203
2799931562.5,-10.10435
2799931718.75,-10.10748
2799931875.0,-10.11083
2799932031.25,-10.11276
2799932187.5,-10.11566
2799932343.75,-10.11765
2799932500.0,-10.1208
2799932656.25,-10.12356
2799932812.5,-10.12615
2799932968.75,-10.12924
2799933125.0,-10.1304
2799933281.25,-10.13403
2799933437.5,-10.13613
2799933593.75,-10.1398
2799933750.0,-10.14276
2799933906.25,-10.14438
2799934062.5,-10.14714
2799934218.75,-10.1495
2799934375.0,-10.15253
2799934531.25,-10.15499
2799934687.5,-10.15768
2799934843.75,-10.16075
2799935000.0,-10.16371
2799935156.25,-10.1659
2799935312.5,-10.16895
2799935468.75,-10.1707
2799935625.0,-10.17431
2799935781.25,-10.17758
2799935937.5,-10.18042
2799936093.75,-10.18257
2799936250.0,-10.18487
2799936406.25,-10.18851
2799936562.5,-10.19116
2799936718.75,-10.19272
2799936875.0,-10.19587
2799937031.25,-10.19915
2799937187.5,-10.2018
2799937343.75,-10.20434
2799937500.0,-10.20662
2799937656.25,-10.20993
2799937812.5,-10.21188
2799937968.75,-10.21488
2799938125.0,-10.21735
2799938281.25,-10.22049
2799938437.5,-10.22352
2799938593.75,-10.22522
2799938750.0,-10.22825
2799938906.25,-10.23081
2799939062.5,-10.23349
2799939218.75,-10.2366
2799939375.0,-10.23901
2799939531.25,-10.24062
2799939687.5,-10.24474
2799939843.75,-10.24746
2799940000.0,-10.24914
2799940156.25,-10.25267
2799940312.5,-10.25541
2799940468.75,-10.25823
2799940625.0,-10.26059
2799940781.25,-10.26336
2799940937.5,-10.26613
2799941093.75,-10.26898
2799941250.0,-10.27096
2799941406.25,-10.27387
2799941562.5,-10.27636
2799941718.75,-10.28082
2799941875.0,-10.2821
2799942031.25,-10.28463
2799942187.5,-10.28767
2799942343.75,-10.28991
2799942500.0,-10.29316
2799942656.25,-10.2955
2799942812.5,-10.29757
2799942968.75,-10.302
2799943125.0,-10.30417
2799943281.25,-10.30517
2799943437.5,-10.30877
2799943593.75,-10.31214
2799943750.0,-10.31381
2799943906.25,-10.31781
2799944062.5,-10.32024
2799944218.75,-10.32326
2799944375.0,-10.32602
2799944531.25,-10.32805
2799944687.5,-10.33105
2799944843.75,-10.33396
2799945000.0,-10.33608
2799945156.25,-10.33879
2799945312.5,-10.3421
2799945468.75,-10.34399
2799945625.0,-10.3473
2799945781.25,-10.34978
2799945937.5,-10.3526
2799946093.75,-10.35592
2799946250.0,-10.35853
2799946406.25,-10.36111
2799946562.5,-10.36394
2799946718.75,-10.36691
2799946875.0,-10.3696
2799947031.25,-10.37165
2799947187.5,-10.37519
2799947343.75,-10.37711
2799947500.0,-10.38128
2799947656.25,-10.38296
2799947812.5,-10.38568
2799947968.75,-10.38863
2799948125.0,-10.39138
2799948281.25,-10.39427
2799948437.5,-10.397
2799948593.75,-10.3989
2799948750.0,-10.40251
2799948906.25,-10.40534
2799949062.5,-10.40755
2799949218.75,-10.41066
2799949375.0,-10.41326
2799949531.25,-10.4153
2799949687.5,-10.41816
2799949843.75,-10.42119
2799950000.0,-10.42394
2799950156.25,-10.42677
2799950312.5,-10.42935
2799950468.75,-10.43179
2799950625.0,-10.43442
2799950781.25,-10.4373
2799950937.5,-10.43955
2799951093.75,-10.44294
2799951250.0,-10.44678
2799951406.25,-10.44877
2799951562.5,-10.45137
2799951718.75,-10.45374
2799951875.0,-10.45721
2799952031.25,-10.45945
2799952187.5,-10.46204
2799952343.75,-10.46411
2799952500.0,-10.46809
2799952656.25,-10.47027
2799952812.5,-10.47332
2799952968.75,-10.47601
2799953125.0,-10.47941
2799953281.25,-10.48102
2799953437.5,-10.48444
2799953593.75,-10.48765
2799953750.0,-10.48948
2799953906.25,-10.4929
2799954062.5,-10.49529
2799954218.75,-10.49825
2799954375.0,-10.49995
2799954531.25,-10.50349
2799954687.5,-10.50607
2799954843.75,-10.50853
2799955000.0,-10.51136
2799955156.25,-10.51437
2799955312.5,-10.5175
2799955468.75,-10.52006
2799955625.0,-10.52274
2799955781.25,-10.52595
2799955937.5,-10.52928
2799956093.75,-10.53118
2799956250.0,-10.53282
2799956406.25,-10.53713
2799956562.5,-10.53937
2799956718.75,-10.54276
2799956875.0,-10.54544
2799957031.25,-10.54806
2799957187.5,-10.55107
2799957343.75,-10.55392
2799957500.0,-10.55483
2799957656.25,-10.55953
2799957812.5,-10.56155
2799957968.75,-10.56437
2799958125.0,-10.56737
2799958281.25,-10.56983
2799958437.5,-10.57236
2799958593.75,-10.57484
2799958750.0,-10.57726
2799958906.25,-10.58125
2799959062.5,-10.58337
2799959218.75,-10.58594
2799959375.0,-10.58892
2799959531.25,-10.5917
2799959687.5,-10.59517
2799959843.75,-10.5968
2799960000.0,-10.60009
2799960156.25,-10.60201
2799960312.5,-10.60559
2799960468.75,-10.60915
2799960625.0,-10.61109
2799960781.25,-10.61378
2799960937.5,-10.61716
2799961093.75,-10.61925
2799961250.0,-10.62305
2799961406.25,-10.62471
2799961562.5,-10.62838
2799961718.75,-10.63053
2799961875.0,-10.63407
2799962031.25,-10.63649
2799962187.5,-10.63867
2799962343.75,-10.64306
2799962500.0,-10.64445
2799962656.25,-10.64796
2799962812.5,-10.65016
2799962968.75,-10.65374
2799963125.0,-10.65585
2799963281.25,-10.65865
2799963437.5,-10.66115
2799963593.75,-10.66452
2799963750.0,-10.6669
2799963906.25,-10.66943
2799964062.5,-10.67317
2799964218.75,-10.67489
2799964375.0,-10.67742
2799964531.25,-10.68078
2799964687.5,-10.68346
2799964843.75,-10.68544
2799965000.0,-10.68925
2799965156.25,-10.69113
2799965312.5,-10.69399
2799965468.75,-10.69791
2799965625.0,-10.70001
2799965781.25,-10.70256
2799965937.5,-10.7058
2799966093.75,-10.70816
2799966250.0,-10.71215
2799966406.25,-10.71361
2799966562.5,-10.71632
2799966718.75,-10.71998
2799966875.0,-10.72225
2799967031.25,-10.72473
2799967187.5,-10.72818
2799967343.75,-10.7309
2799967500.0,-10.73373
2799967656.25,-10.73683
2799967812.5,-10.73906
2799967968.75,-10.74228
2799968125.0,-10.74482
2799968281.25,-10.74754
2799968437.5,-10.75057
2799968593.75,-10.75284
2799968750.0,-10.75563
2799968906.25,-10.75911
2799969062.5,-10.76156
2799969218.75,-10.76358
2799969375.0,-10.76802
2799969531.25,-10.76968
2799969687.5,-10.77222
2799969843.75,-10.77542
2799970000.0,-10.77803
2799970156.25,-10.78093
2799970312.5,-10.78412
2799970468.75,-10.78577
2799970625.0,-10.78828
2799970781.25,-10.79237
2799970937.5,-10.79547
2799971093.75,-10.79754
2799971250.0,-10.80037
2799971406.25,-10.80289
2799971562.5,-10.80597
2799971718.75,-10.80919
2799971875.0,-10.81162
2799972031.25,-10.81364
2799972187.5,-10.81796
2799972343.75,-10.81916
2799972500.0,-10.82296
2799972656.25,-10.82536
2799972812.5,-10.828
2799972968.75,-10.83085
2799973125.0,-10.83343
2799973281.25,-10.83594
2799973437.5,-10.84026
2799973593.75,-10.8415
2799973750.0,-10.8449
2799973906.25,-10.84702
2799974062.5,-10.84993
2799974218.75,-10.85338
2799974375.0,-10.85596
2799974531.25,-10.859
2799974687.5,-10.86155
2799974843.75,-10.86429
2799975000.0,-10.86754
2799975156.25,-10.86987
2799975312.5,-10.87245
2799975468.75,-10.87603
2799975625.0,-10.87864
2799975781.25,-10.88229
2799975937.5,-10.8844
2799976093.75,-10.88809
2799976250.0,-10.89041
2799976406.25,-10.89224
2799976562.5,-10.89526
2799976718.75,-10.89848
2799976875.0,-10.90103
2799977031.25,-10.90304
2799977187.5,-10.90684
2799977343.75,-10.90902
2799977500.0,-10.91258
2799977656.25,-10.91514
2799977812.5,-10.91747
2799977968.75,-10.92019
2799978125.0,-10.92348
2799978281.25,-10.92575
2799978437.5,-10.92848
2799978593.75,-10.93194
2799978750.0,-10.93471
2799978906.25,-10.93717
2799979062.5,-10.94034
2799979218.75,-10.94291
2799979375.0,-10.94632
2799979531.25,-10.94868
2799979687.5,-10.95184
2799979843.75,-10.95382
2799980000.0,-10.95689
2799980156.25,-10.95968
2799980312.5,-10.96249
2799980468.75,-10.96632
2799980625.0,-10.96837
2799980781.25,-10.97044
2799980937.5,-10.97298
2799981093.75,-10.97685
2799981250.0,-10.98035
2799981406.25,-10.98288
2799981562.5,-10.98556
2799981718.75,-10.98861
2799981875.0,-10.99085
2799982031.25,-10.99487
2799982187.5,-10.99727
2799982343.75,-10.99905
2799982500.0,-11.00209
2799982656.25,-11.00465
2799982812.5,-11.0077
2799982968.75,-11.01054
2799983125.0,-11.01372
2799983281.25,-11.01525
2799983437.5,-11.01881
2799983593.75,-11.02145
2799983750.0,-11.02424
2799983906.25,-11.02743
2799984062.5,-11.03006
2799984218.75,-11.03298
2799984375.0,-11.03582
2799984531.25,-11.03941
2799984687.5,-11.04195
2799984843.75,-11.04469
2799985000.0,-11.04703
2799985156.25,-11.04933
2799985312.5,-11.05288
2799985468.75,-11.05426
2799985625.0,-11.05861
2799985781.25,-11.06078
2799985937.5,-11.06377
2799986093.75,-11.06718
2799986250.0,-11.07049
2799986406.25,-11.07259
2799986562.5,-11.07505
2799986718.75,-11.07835
2799986875.0,-11.0811
2799987031.25,-11.08254
2799987187.5,-11.08592
2799987343.75,-11.08865
2799987500.0,-11.09188
2799987656.25,-11.09453
2799987812.5,-11.09741
2799987968.75,-11.10029
2799988125.0,-11.1034
2799988281.25,-11.10571
2799988437.5,-11.10849
2799988593.75,-11.1116
2799988750.0,-11.11425
2799988906.25,-11.11763
2799989062.5,-11.11993
2799989218.75,-11.12296
2799989375.0,-11.12644
2799989531.25,-11.12794
2799989687.5,-11.1313
2799989843.75,-11.13406
2799990000.0,-11.13771
2799990156.25,-11.139
2799990312.5,-11.14305
2799990468.75,-11.14548
2799990625.0,-11.14816
2799990781.25,-11.15118
2799990937.5,-11.1537
2799991093.75,-11.15654
2799991250.0,-11.15944
2799991406.25,-11.1624
2799991562.5,-11.16555
2799991718.75,-11.16763
2799991875.0,-11.17101
2799992031.25,-11.17255
2799992187.5,-11.17623
2799992343.75,-11.17995
2799992500.0,-11.18163
2799992656.25,-11.18404
2799992812.5,-11.18744
2799992968.75,-11.19167
2799993125.0,-11.19292
2799993281.25,-11.1961
2799993437.5,-11.19952
2799993593.75,-11.20103
2799993750.0,-11.20458
2799993906.25,-11.20779
2799994062.5,-11.21059
2799994218.75,-11.21232
2799994375.0,-11.21655
2799994531.25,-11.21797
2799994687.5,-11.22217
2799994843.75,-11.224
2799995000.0,-11.22681
2799995156.25,-11.22931
2799995312.5,-11.23242
2799995468.75,-11.23631
2799995625.0,-11.23838
2799995781.25,-11.2406
2799995937.5,-11.24384
2799996093.75,-11.24614
2799996250.0,-11.24889
2799996406.25,-11.25241
2799996562.5,-11.25445
2799996718.75,-11.25767
2799996875.0,-11.26064
2799997031.25,-11.26335
2799997187.5,-11.26584
2799997343.75,-11.26893
2799997500.0,-11.27188
2799997656.25,-11.27468
2799997812.5,-11.27866
2799997968.75,-11.28025
2799998125.0,-11.28356
2799998281.25,-11.28648
2799998437.5,-11.28873
2799998593.75,-11.29174
2799998750.0,-11.29441
2799998906.25,-11.2979
2799999062.5,-11.30017
2799999218.75,-11.30297
2799999375.0,-11.3061
2799999531.25,-11.30923
2799999687.5,-11.31135
2799999843.75,-11.31351
2800000000.0,-11.31646
2800000156.25,-11.32078
2800000312.5,-11.32276
2800000468.75,-11.32477
2800000625.0,-11.32843
2800000781.25,-11.3305
2800000937.5,-11.33337
2800001093.75,-11.33701
2800001250.0,-11.33943
2800001406.25,-11.34196
2800001562.5,-11.34597
2800001718.75,-11.34775
2800001875.0,-11.35054
2800002031.25,-11.35442
2800002187.5,-11.35681
2800002343.75,-11.35912
2800002500.0,-11.36162
2800002656.25,-11.36561
2800002812.5,-11.36844
2800002968.75,-11.37042
2800003125.0,-11.37355
2800003281.25,-11.37589
2800003437.5,-11.37969
2800003593.75,-11.38112
2800003750.0,-11.38425
2800003906.25,-11.38771
2800004062.5,-11.3902
2800004218.75,-11.39279
2800004375.0,-11.39533
2800004531.25,-11.39811
2800004687.5,-11.40135
2800004843.75,-11.40475
2800005000.0,-11.40729
2800005156.25,-11.41005
2800005312.5,-11.41378
2800005468.75,-11.41605
2800005625.0,-11.41711
2800005781.25,-11.42083
2800005937.5,-11.42353
2800006093.75,-11.42637
2800006250.0,-11.43027
2800006406.25,-11.43193
2800006562.5,-11.43569
2800006718.75,-11.43835
2800006875.0,-11.44061
2800007031.25,-11.44408
2800007187.5,-11.44669
2800007343.75,-11.44968
2800007500.0,-11.4525
2800007656.25,-11.45432
2800007812.5,-11.45733
2800007968.75,-11.46089
2800008125.0,-11.46335
2800008281.25,-11.46639
2800008437.5,-11.46978
2800008593.75,-11.47263
2800008750.0,-11.47504
2800008906.25,-11.478
2800009062.5,-11.47957
2800009218.75,-11.48257
2800009375.0,-11.48552
2800009531.25,-11.4882
2800009687.5,-11.49185
2800009843.75,-11.49441
2800010000.0,-11.49815
2800010156.25,-11.49936
2800010312.5,-11.50315
2800010468.75,-11.50523
2800010625.0,-11.50888
2800010781.25,-11.51186
2800010937.5,-11.51392
2800011093.75,-11.51726
2800011250.0,-11.51999
2800011406.25,-11.52219
2800011562.5,-11.52586
2800011718.75,-11.52854
2800011875.0,-11.5307
2800012031.25,-11.53352
2800012187.5,-11.53646
2800012343.75,-11.5393
2800012500.0,-11.5412
2800012656.25,-11.54465
2800012812.5,-11.54774
2800012968.75,-11.54968
2800013125.0,-11.55266
2800013281.25,-11.55584
2800013437.5,-11.55872
2800013593.75,-11.56294
2800013750.0,-11.56528
2800013906.25,-11.56803
2800014062.5,-11.57004
2800014218.75,-11.57351
2800014375.0,-11.5757
2800014531.25,-11.57884
2800014687.5,-11.58092
2800014843.75,-11.58423
2800015000.0,-11.58697
2800015156.25,-11.58964
2800015312.5,-11.59293
2800015468.75,-11.59543
2800015625.0,-11.5981
2800015781.25,-11.60113
2800015937.5,-11.60391
2800016093.75,-11.60703
2800016250.0,-11.60933
2800016406.25,-11.61216
2800016562.5,-11.61566
2800016718.75,-11.61692
2800016875.0,-11.6209
2800017031.25,-11.62351
2800017187.5,-11.62601
2800017343.75,-11.63044
2800017500.0,-11.63192
2800017656.25,-11.63519
2800017812.5,-11.63811
2800017968.75,-11.64031
2800018125.0,-11.64382
2800018281.25,-11.64621
2800018437.5,-11.64906
2800018593.75,-11.65179
2800018750.0,-11.65487
2800018906.25,-11.65805
2800019062.5,-11.65953
2800019218.75,-11.66282
2800019375.0,-11.66603
2800019531.25,-11.66897
2800019687.5,-11.67169
2800019843.75,-11.67458
2800020000.0,-11.67635
2800020156.25,-11.67982
2800020312.5,-11.68205
2800020468.75,-11.68582
2800020625.0,-11.68725
2800020781.25,-11.69137
2800020937.5,-11.69328
2800021093.75,-11.69613
2800021250.0,-11.69931
2800021406.25,-11.70184
2800021562.5,-11.70535
2800021718.75,-11.70763
2800021875.0,-11.70957
2800022031.25,-11.71299
2800022187.5,-11.71631
2800022343.75,-11.71878
2800022500.0,-11.72193
2800022656.25,-11.7244
2800022812.5,-11.72727
2800022968.75,-11.73052
2800023125.0,-11.73353
2800023281.25,-11.73637
2800023437.5,-11.73879
2800023593.75,-11.74122
2800023750.0,-11.74446
2800023906.25,-11.74815
2800024062.5,-11.75063
2800024218.75,-11.75374
2800024375.0,-11.75552
2800024531.25,-11.7581
2800024687.5,-11.76184
2800024843.75,-11.76462
2800025000.0,-11.76578
2800025156.25,-11.77001
2800025312.5,-11.77182
2800025468.75,-11.7745
2800025625.0,-11.77708
2800025781.25,-11.78127
2800025937.5,-11.78394
2800026093.75,-11.78714
2800026250.0,-11.7894
2800026406.25,-11.79152
2800026562.5,-11.79513
2800026718.75,-11.79802
2800026875.0,-11.8
2800027031.25,-11.80278
2800027187.5,-11.80626
2800027343.75,-11.80876
2800027500.0,-11.81221
2800027656.25,-11.81465
2800027812.5,-11.81757
2800027968.75,-11.81917
2800028125.0,-11.8222
2800028281.25,-11.82478
2800028437.5,-11.82799
2800028593.75,-11.83103
2800028750.0,-11.83368
2800028906.25,-11.83618
2800029062.5,-11.83958
2800029218.75,-11.84266
2800029375.0,-11.84433
2800029531.25,-11.84761
2800029687.5,-11.85083
2800029843.75,-11.85361
2800030000.0,-11.85677
2800030156.25,-11.85902
2800030312.5,-11.86195
2800030468.75,-11.86399
2800030625.0,-11.86709
2800030781.25,-11.87106
2800030937.5,-11.87382
2800031093.75,-11.87516
2800031250.0,-11.87861
2800031406.25,-11.88155
2800031562.5,-11.88499
2800031718.75,-11.88789
2800031875.0,-11.88994
2800032031.25,-11.89189
2800032187.5,-11.89585
2800032343.75,-11.89805
2800032500.0,-11.90102
2800032656.25,-11.90434
2800032812.5,-11.90541
2800032968.75,-11.90988
2800033125.0,-11.91232
2800033281.25,-11.91412
2800033437.5,-11.91705
2800033593.75,-11.92074
2800033750.0,-11.92311
2800033906.25,-11.92543
2800034062.5,-11.92878
2800034218.75,-11.93213
2800034375.0,-11.93495
2800034531.25,-11.93736
2800034687.5,-11.93968
2800034843.75,-11.94242
2800035000.0,-11.94625
2800035156.25,-11.94814
2800035312.5,-11.9513
2800035468.75,-11.95441
2800035625.0,-11.95548
2800035781.25,-11.9592
2800035937.5,-11.96269
2800036093.75,-11.96566
2800036250.0,-11.96792
2800036406.25,-11.97089
2800036562.5,-11.97325
2800036718.75,-11.97479
2800036875.0,-11.97948
2800037031.25,-11.98224
2800037187.5,-11.9849
2800037343.75,-11.98762
2800037500.0,-11.98963
2800037656.25,-11.993
2800037812.5,-11.99651
2800037968.75,-11.99888
2800038125.0,-12.00208
2800038281.25,-12.00377
2800038437.5,-12.00595
2800038593.75,-12.01
2800038750.0,-12.01234
2800038906.25,-12.01512
2800039062.5,-12.01791
2800039218.75,-12.02058
2800039375.0,-12.02288
2800039531.25,-12.02586
2800039687.5,-12.02958
2800039843.75,-12.03226
2800040000.0,-12.03513
2800040156.25,-12.03896
2800040312.5,-12.04068
2800040468.75,-12.04311
2800040625.0,-12.0469
2800040781.25,-12.0488
2800040937.5,-12.05161
2800041093.75,-12.05462
2800041250.0,-12.05736
2800041406.25,-12.05988
2800041562.5,-12.06295
2800041718.75,-12.06499
2800041875.0,-12.06816
2800042031.25,-12.07078
2800042187.5,-12.07422
2800042343.75,-12.07695
2800042500.0,-12.07908
2800042656.25,-12.0833
2800042812.5,-12.08463
2800042968.75,-12.08767
2800043125.0,-12.09112
2800043281.25,-12.09314
2800043437.5,-12.09612
2800043593.75,-12.09827
2800043750.0,-12.10182
2800043906.25,-12.1037
2800044062.5,-12.10708
2800044218.75,-12.10933
2800044375.0,-12.11274
2800044531.25,-12.11515
2800044687.5,-12.11855
2800044843.75,-12.12136
2800045000.0,-12.12407
2800045156.25,-12.12676
2800045312.5,-12.1295
2800045468.75,-12.1327
2800045625.0,-12.13573
2800045781.25,-12.13794
2800045937.5,-12.14022
2800046093.75,-12.14388
2800046250.0,-12.14671
2800046406.25,-12.14968
2800046562.5,-12.15199
2800046718.75,-12.15403
2800046875.0,-12.15851
2800047031.25,-12.1607
2800047187.5,-12.16222
2800047343.75,-12.16579
2800047500.0,-12.16829
2800047656.25,-12.17071
2800047812.5,-12.17372
2800047968.75,-12.17622
2800048125.0,-12.17895
2800048281.25,-12.18213
2800048437.5,-12.18497
2800048593.75,-12.18793
2800048750.0,-12.19023
2800048906.25,-12.19338
2800049062.5,-12.19526
2800049218.75,-12.19903
2800049375.0,-12.20139
2800049531.25,-12.20323
2800049687.5,-12.20712
2800049843.75,-12.21002
2800050000.0,-12.21281
2800050156.25,-12.21531
2800050312.5,-12.21817
2800050468.75,-12.2216
2800050625.0,-12.22426
2800050781.25,-12.22601
2800050937.5,-12.22893
2800051093.75,-12.23232
2800051250.0,-12.23472
2800051406.25,-12.23666
2800051562.5,-12.23992
2800051718.75,-12.24338
2800051875.0,-12.24641
2800052031.25,-12.24921
2800052187.5,-12.25105
2800052343.75,-12.25354
2800052500.0,-12.25631
2800052656.25,-12.26135
2800052812.5,-12.262
2800052968.75,-12.26483
2800053125.0,-12.26871
2800053281.25,-12.27058
2800053437.5,-12.27362
2800053593.75,-12.27578
2800053750.0,-12.27947
2800053906.25,-12.28039
2800054062.5,-12.28283
2800054218.75,-12.28766
2800054375.0,-12.29027
2800054531.25,-12.29288
2800054687.5,-12.29519
2800054843.75,-12.29795
2800055000.0,-12.30202
2800055156.25,-12.30364
2800055312.5,-12.3065
2800055468.75,-12.3094
2800055625.0,-12.31252
2800055781.25,-12.31482
2800055937.5,-12.3179
2800056093.75,-12.32091
2800056250.0,-12.32271
2800056406.25,-12.32645
2800056562.5,-12.32837
2800056718.75,-12.33156
2800056875.0,-12.33429
2800057031.25,-12.33587
2800057187.5,-12.33955
2800057343.75,-12.34349
2800057500.0,-12.34503
2800057656.25,-12.3479
2800057812.5,-12.35086
2800057968.75,-12.35264
2800058125.0,-12.35683
2800058281.25,-12.35917
2800058437.5,-12.36277
2800058593.75,-12.36395
2800058750.0,-12.36697
2800058906.25,-12.37099
2800059062.5,-12.37199
2800059218.75,-12.37499
2800059375.0,-12.37756
2800059531.25,-12.38054
2800059687.5,-12.38251
2800059843.75,-12.38651
2800060000.0,-12.38952
2800060156.25,-12.39076
2800060312.5,-12.39438
2800060468.75,-12.39761
2800060625.0,-12.4005
2800060781.25,-12.40193
2800060937.5,-12.40586
2800061093.75,-12.40824
2800061250.0,-12.4115
2800061406.25,-12.41361
2800061562.5,-12.4164
2800061718.75,-12.41869
2800061875.0,-12.42256
2800062031.25,-12.42569
2800062187.5,-12.42839
2800062343.75,-12.43024
2800062500.0,-12.43291
2800062656.25,-12.43585
2800062812.5,-12.43826
2800062968.75,-12.44069
2800063125.0,-12.44435
2800063281.25,-12.44806
2800063437.5,-12.44995
2800063593.75,-12.4522
2800063750.0,-12.45453
2800063906.25,-12.45744
2800064062.5,-12.46129
2800064218.75,-12.46303
2800064375.0,-12.46632
2800064531.25,-12.46839
2800064687.5,-12.47096
2800064843.75,-12.47449
2800065000.0,-12.47672
2800065156.25,-12.48012
2800065312.5,-12.48218
2800065468.75,-12.48502
2800065625.0,-12.4881
2800065781.25,-12.49034
2800065937.5,-12.49265
2800066093.75,-12.49554
2800066250.0,-12.49908
2800066406.25,-12.50146
2800066562.5,-12.50461
2800066718.75,-12.50686
2800066875.0,-12.5098
2800067031.25,-12.51257
2800067187.5,-12.51576
2800067343.75,-12.518
2800067500.0,-12.52164
2800067656.25,-12.52336
2800067812.5,-12.52677
2800067968.75,-12.5288
2800068125.0,-12.53178
2800068281.25,-12.53445
2800068437.5,-12.53685
2800068593.75,-12.54006
2800068750.0,-12.54247
2800068906.25,-12.54544
2800069062.5,-12.54729
2800069218.75,-12.55013
2800069375.0,-12.55382
2800069531.25,-12.55546
2800069687.5,-12.55777
2800069843.75,-12.56085
2800070000.0,-12.56454
2800070156.25,-12.56739
2800070312.5,-12.56864
2800070468.75,-12.57245
2800070625.0,-12.57572
2800070781.25,-12.57831
2800070937.5,-12.58006
2800071093.75,-12.58303
2800071250.0,-12.58687
2800071406.25,-12.58775
2800071562.5,-12.59085
2800071718.75,-12.5954
2800071875.0,-12.597
2800072031.25,-12.59949
2800072187.5,-12.60268
2800072343.75,-12.60505
2800072500.0,-12.60735
2800072656.25,-12.61044
2800072812.5,-12.61257
2800072968.75,-12.61582
2800073125.0,-12.61878
2800073281.25,-12.62072
2800073437.5,-12.62489
2800073593.75,-12.62718
2800073750.0,-12.62909
2800073906.25,-12.63253
2800074062.5,-12.63525
2800074218.75,-12.63671
2800074375.0,-12.64063
2800074531.25,-12.64308
2800074687.5,-12.64555
2800074843.75,-12.64893
2800075000.0,-12.65072
2800075156.25,-12.65378
2800075312.5,-12.65643
2800075468.75,-12.65917
2800075625.0,-12.66196
2800075781.25,-12.66481
2800075937.5,-12.6676
2800076093.75,-12.66965
2800076250.0,-12.67338
2800076406.25,-12.67601
2800076562.5,-12.6777
2800076718.75,-12.68048
2800076875.0,-12.68432
2800077031.25,-12.68584
2800077187.5,-12.68901
2800077343.75,-12.69219
2800077500.0,-12.69319
2800077656.25,-12.69793
2800077812.5,-12.70033
2800077968.75,-12.70302
2800078125.0,-12.70563
2800078281.25,-12.70723
2800078437.5,-12.71108
2800078593.75,-12.71288
2800078750.0,-12.71555
2800078906.25,-12.71879
2800079062.5,-12.7223
2800079218.75,-12.72467
2800079375.0,-12.72717
2800079531.25,-12.73013
2800079687.5,-12.73336
2800079843.75,-12.73441
2800080000.0,-12.73764
2800080156.25,-12.74022
2800080312.5,-12.74272
2800080468.75,-12.74565
2800080625.0,-12.7474
2800080781.25,-12.75156
2800080937.5,-12.75397
2800081093.75,-12.7568
2800081250.0,-12.75965
2800081406.25,-12.76181
2800081562.5,-12.76506
2800081718.75,-12.76804
2800081875.0,-12.77036
2800082031.25,-12.77275
2800082187.5,-12.77633
2800082343.75,-12.77839
2800082500.0,-12.78083
2800082656.25,-12.78349
2800082812.5,-12.78649
2800082968.75,-12.78899
2800083125.0,-12.79139
2800083281.25,-12.79505
2800083437.5,-12.79752
2800083593.75,-12.80036
2800083750.0,-12.80339
2800083906.25,-12.80628
2800084062.5,-12.80847
2800084218.75,-12.81074
2800084375.0,-12.81285
2800084531.25,-12.81565
2800084687.5,-12.81908
2800084843.75,-12.82231
2800085000.0,-12.82512
2800085156.25,-12.82745
2800085312.5,-12.83038
2800085468.75,-12.83221
2800085625.0,-12.83468
2800085781.25,-12.83811
2800085937.5,-12.84072
2800086093.75,-12.84364
2800086250.0,-12.84608
2800086406.25,-12.84824
2800086562.5,-12.85178
2800086718.75,-12.85391
2800086875.0,-12.85711
2800087031.25,-12.85945
2800087187.5,-12.86233
2800087343.75,-12.86427
2800087500.0,-12.86783
2800087656.25,-12.87019
2800087812.5,-12.87284
2800087968.75,-12.87447
2800088125.0,-12.87918
2800088281.25,-12.88012
2800088437.5,-12.88343
2800088593.75,-12.88551
2800088750.0,-12.88873
2800088906.25,-12.89233
2800089062.5,-12.8937
2800089218.75,-12.89736
2800089375.0,-12.90025
2800089531.25,-12.90242
2800089687.5,-12.9053
2800089843.75,-12.90775
2800090000.0,-12.91023
2800090156.25,-12.91344
2800090312.5,-12.91626
2800090468.75,-12.9193
2800090625.0,-12.92
2800090781.25,-12.92394
2800090937.5,-12.92502
2800091093.75,-12.92941
2800091250.0,-12.93126
2800091406.25,-12.93402
2800091562.5,-12.93793
2800091718.75,-12.94049
2800091875.0,-12.94253
2800092031.25,-12.94444
2800092187.5,-12.94783
2800092343.75,-12.95053
2800092500.0,-12.95357
2800092656.25,-12.95584
2800092812.5,-12.95858
2800092968.75,-12.96183
2800093125.0,-12.96447
2800093281.25,-12.9665
2800093437.5,-12.96779
2800093593.75,-12.97232
2800093750.0,-12.97474
2800093906.25,-12.97742
2800094062.5,-12.98071
2800094218.75,-12.982
2800094375.0,-12.98452
2800094531.25,-12.98831
2800094687.5,-12.99127
2800094843.75,-12.99337
2800095000.0,-12.99586
2800095156.25,-12.99866
2800095312.5,-13.00121
2800095468.75,-13.00386
2800095625.0,-13.00723
2800095781.25,-13.00869
2800095937.5,-13.01215
2800096093.75,-13.01476
2800096250.0,-13.01855
2800096406.25,-13.02041
2800096562.5,-13.02276
2800096718.75,-13.02506
2800096875.0,-13.0285
2800097031.25,-13.02994
2800097187.5,-13.03343
2800097343.75,-13.0369
2800097500.0,-13.03782
2800097656.25,-13.04179
2800097812.5,-13.04291
2800097968.75,-13.04672
2800098125.0,-13.04831
2800098281.25,-13.05229
2800098437.5,-13.05555
2800098593.75,-13.05791
2800098750.0,-13.05969
2800098906.25,-13.06209
2800099062.5,-13.06561
2800099218.75,-13.06781
2800099375.0,-13.07015
2800099531.25,-13.07336
2800099687.5,-13.07547
2800099843.75,-13.07848
2800100000.0,-13.08114
2800100156.25,-13.0817
2800100312.5,-13.08583
2800100468.75,-13.08891
2800100625.0,-13.09148
2800100781.25,-13.09406
2800100937.5,-13.09771
2800101093.75,-13.09889
2800101250.0,-13.10257
2800101406.25,-13.10398
2800101562.5,-13.10771
2800101718.75,-13.11068
2800101875.0,-13.11271
2800102031.25,-13.11517
2800102187.5,-13.11771
2800102343.75,-13.12064
2800102500.0,-13.12398
2800102656.25,-13.12624
2800102812.5,-13.12884
2800102968.75,-13.13141
2800103125.0,-13.13352
2800103281.25,-13.13679
2800103437.5,-13.13863
2800103593.75,-13.14241
2800103750.0,-13.14489
2800103906.25,-13.14749
2800104062.5,-13.14938
2800104218.75,-13.15302
2800104375.0,-13.15493
2800104531.25,-13.15833
2800104687.5,-13.16129
2800104843.75,-13.16339
2800105000.0,-13.16622
2800105156.25,-13.16871
2800105312.5,-13.17119
2800105468.75,-13.17385
2800105625.0,-13.17588
2800105781.25,-13.17883
2800105937.5,-13.18189
2800106093.75,-13.18467
2800106250.0,-13.18643
2800106406.25,-13.18894
2800106562.5,-13.19181
2800106718.75,-13.19505
2800106875.0,-13.1974
2800107031.25,-13.20015
2800107187.5,-13.20193
2800107343.75,-13.20471
2800107500.0,-13.20893
2800107656.25,-13.21098
2800107812.5,-13.21253
2800107968.75,-13.21565
2800108125.0,-13.21925
2800108281.25,-13.22097
2800108437.5,-13.22351
2800108593.75,-13.22688
2800108750.0,-13.22906
2800108906.25,-13.23112
2800109062.5,-13.23371
2800109218.75,-13.23617
2800109375.0,-13.23932
2800109531.25,-13.24228
2800109687.5,-13.24529
2800109843.75,-13.24768
2800110000.0,-13.2496
2800110156.25,-13.25322
2800110312.5,-13.25559
2800110468.75,-13.25765
2800110625.0,-13.26028
2800110781.25,-13.26418
2800110937.5,-13.26626
2800111093.75,-13.2684
2800111250.0,-13.27198
2800111406.25,-13.27216
2800111562.5,-13.27725
2800111718.75,-13.27982
2800111875.0,-13.28188
2800112031.25,-13.28446
2800112187.5,-13.28639
2800112343.75,-13.28967
2800112500.0,-13.2918
2800112656.25,-13.29448
2800112812.5,-13.29698
2800112968.75,-13.30035
2800113125.0,-13.30124
2800113281.25,-13.30447
2800113437.5,-13.30813
2800113593.75,-13.30964
2800113750.0,-13.3124
2800113906.25,-13.31536
2800114062.5,-13.31873
2800114218.75,-13.32034
2800114375.0,-13.32304
2800114531.25,-13.32614
2800114687.5,-13.32783
2800114843.75,-13.3309
2800115000.0,-13.33311
2800115156.25,-13.33629
2800115312.5,-13.33903
2800115468.75,-13.34214
2800115625.0,-13.34359
2800115781.25,-13.34654
2800115937.5,-13.3498
2800116093.75,-13.35147
2800116250.0,-13.35473
2800116406.25,-13.35712
2800116562.5,-13.36002
2800116718.75,-13.36265
2800116875.0,-13.36481
2800117031.25,-13.36876
2800117187.5,-13.37082
2800117343.75,-13.37312
2800117500.0,-13.37583
2800117656.25,-13.37721
2800117812.5,-13.38134
2800117968.75,-13.38356
2800118125.0,-13.3861
2800118281.25,-13.38861
2800118437.5,-13.39063
2800118593.75,-13.39449
2800118750.0,-13.39541
2800118906.25,-13.39871
2800119062.5,-13.4016
2800119218.75,-13.40396
2800119375.0,-13.40766
2800119531.25,-13.40969
2800119687.5,-13.41143
2800119843.75,-13.41491
2800120000.0,-13.41752
2800120156.25,-13.42033
2800120312.5,-13.42266
2800120468.75,-13.42463
2800120625.0,-13.42768
2800120781.25,-13.43108
2800120937.5,-13.43328
2800121093.75,-13.43515
2800121250.0,-13.43762
2800121406.25,-13.44051
2800121562.5,-13.44381
2800121718.75,-13.44565
2800121875.0,-13.44791
2800122031.25,-13.45018
2800122187.5,-13.45432
2800122343.75,-13.4564
2800122500.0,-13.45855
2800122656.25,-13.46146
2800122812.5,-13.46433
2800122968.75,-13.4659
2800123125.0,-13.46981
2800123281.25,-13.47176
2800123437.5,-13.47436
2800123593.75,-13.47811
2800123750.0,-13.47878
2800123906.25,-13.48231
2800124062.5,-13.48438
2800124218.75,-13.48696
2800124375.0,-13.49022
2800124531.25,-13.49298
2800124687.5,-13.49528
2800124843.75,-13.49715
2800125000.0,-13.49932
2800125156.25,-13.50313
2800125312.5,-13.50571
2800125468.75,-13.50804
2800125625.0,-13.50998
2800125781.25,-13.51339
2800125937.5,-13.51665
2800126093.75,-13.51862
2800126250.0,-13.52195
2800126406.25,-13.52294
2800126562.5,-13.5267
2800126718.75,-13.52867
2800126875.0,-13.53172
2800127031.25,-13.53423
2800127187.5,-13.53678
2800127343.75,-13.53913
2800127500.0,-13.54148
2800127656.25,-13.54401
2800127812.5,-13.54668
2800127968.75,-13.54962
2800128125.0,-13.55135
2800128281.25,-13.55367
2800128437.5,-13.55692
2800128593.75,-13.56001
2800128750.0,-13.56238
2800128906.25,-13.5651
2800129062.5,-13.56712
2800129218.75,-13.57052
2800129375.0,-13.57205
2800129531.25,-13.5752
2800129687.5,-13.57759
2800129843.75,-13.5801
2800130000.0,-13.58172
2800130156.25,-13.58608
2800130312.5,-13.58799
2800130468.75,-13.59123
2800130625.0,-13.59372
2800130781.25,-13.59688
2800130937.5,-13.59849
2800131093.75,-13.60034
2800131250.0,-13.6035
2800131406.25,-13.60625
2800131562.5,-13.60838
2800131718.75,-13.61109
2800131875.0,-13.61238
2800132031.25,-13.61576
2800132187.5,-13.61847
2800132343.75,-13.62091
2800132500.0,-13.62445
2800132656.25,-13.62698
2800132812.5,-13.62983
2800132968.75,-13.63148
2800133125.0,-13.633
2800133281.25,-13.63599
2800133437.5,-13.63887
2800133593.75,-13.64344
2800133750.0,-13.644
2800133906.25,-13.64655
2800134062.5,-13.65071
2800134218.75,-13.65195
2800134375.0,-13.65524
2800134531.25,-13.65723
2800134687.5,-13.66042
2800134843.75,-13.66217
2800135000.0,-13.66414
2800135156.25,-13.66777
2800135312.5,-13.66975
2800135468.75,-13.67271
2800135625.0,-13.67518
2800135781.25,-13.67894
2800135937.5,-13.67945
2800136093.75,-13.68269
2800136250.0,-13.6853
2800136406.25,-13.68884
2800136562.5,-13.69107
2800136718.75,-13.69294
2800136875.0,-13.69495
2800137031.25,-13.69844
2800137187.5,-13.70101
2800137343.75,-13.70398
2800137500.0,-13.70618
2800137656.25,-13.70728
2800137812.5,-13.71063
2800137968.75,-13.71329
2800138125.0,-13.71527
2800138281.25,-13.71786
2800138437.5,-13.72097
2800138593.75,-13.72352
2800138750.0,-13.72611
2800138906.25,-13.72798
2800139062.5,-13.73077
2800139218.75,-13.73389
2800139375.0,-13.73504
2800139531.25,-13.73837
2800139687.5,-13.74178
2800139843.75,-13.74306
2800140000.0,-13.74629
2800140156.25,-13.74884
2800140312.5,-13.75175
2800140468.75,-13.75399
2800140625.0,-13.75762
2800140781.25,-13.7591
2800140937.5,-13.76182
2800141093.75,-13.76437
2800141250.0,-13.76738
2800141406.25,-13.76868
2800141562.5,-13.7712
2800141718.75,-13.77485
2800141875.0,-13.7755
2800142031.25,-13.78041
2800142187.5,-13.78193
2800142343.75,-13.78553
2800142500.0,-13.78683
2800142656.25,-13.79031
2800142812.5,-13.79273
2800142968.75,-13.79402
2800143125.0,-13.79659
2800143281.25,-13.80003
2800143437.5,-13.80223
2800143593.75,-13.80456
2800143750.0,-13.80697
2800143906.25,-13.80977
2800144062.5,-13.81243
2800144218.75,-13.81498
2800144375.0,-13.81751
2800144531.25,-13.81994
2800144687.5,-13.82301
2800144843.75,-13.82655
2800145000.0,-13.82782
2800145156.25,-13.83138
2800145312.5,-13.83204
2800145468.75,-13.8341
2800145625.0,-13.83776
2800145781.25,-13.83972
2800145937.5,-13.84327
2800146093.75,-13.84512
2800146250.0,-13.84826
2800146406.25,-13.85062
2800146562.5,-13.85242
2800146718.75,-13.85553
2800146875.0,-13.85779
2800147031.25,-13.85965
2800147187.5,-13.86205
2800147343.75,-13.86563
2800147500.0,-13.86815
2800147656.25,-13.87009
2800147812.5,-13.87301
2800147968.75,-13.87638
2800148125.0,-13.87811
2800148281.25,-13.87992
2800148437.5,-13.8822
2800148593.75,-13.8852
2800148750.0,-13.88772
2800148906.25,-13.89222
2800149062.5,-13.89353
2800149218.75,-13.89374
2800149375.0,-13.89854
2800149531.25,-13.90014
2800149687.5,-13.90331
2800149843.75,-13.90558
2800150000.0,-13.90794
2800150156.25,-13.9103
2800150312.5,-13.91358
2800150468.75,-13.91581
2800150625.0,-13.91782
2800150781.25,-13.92143
2800150937.5,-13.92319
2800151093.75,-13.92518
2800151250.0,-13.92845
2800151406.25,-13.93099
2800151562.5,-13.93361
2800151718.75,-13.93581
2800151875.0,-13.93792
2800152031.25,-13.94098
2800152187.5,-13.9439
2800152343.75,-13.94567
2800152500.0,-13.94825
2800152656.25,-13.9506
2800152812.5,-13.95199
2800152968.75,-13.95513
2800153125.0,-13.95841
2800153281.25,-13.9616
2800153437.5,-13.96237
2800153593.75,-13.96629
2800153750.0,-13.96862
2800153906.25,-13.97005
2800154062.5,-13.97347
2800154218.75,-13.97501
2800154375.0,-13.97806
2800154531.25,-13.98053
2800154687.5,-13.98409
2800154843.75,-13.98553
2800155000.0,-13.98931
2800155156.25,-13.9907
2800155312.5,-13.99349
2800155468.75,-13.99566
2800155625.0,-13.99918
2800155781.25,-14.00128
2800155937.5,-14.00398
2800156093.75,-14.00582
2800156250.0,-14.00833
2800156406.25,-14.01017
2800156562.5,-14.01431
2800156718.75,-14.01523
2800156875.0,-14.01912
2800157031.25,-14.02059
2800157187.5,-14.02212
2800157343.75,-14.0264
2800157500.0,-14.02865
2800157656.25,-14.03131
2800157812.5,-14.03324
2800157968.75,-14.03491
2800158125.0,-14.03776
2800158281.25,-14.04082
2800158437.5,-14.0446
2800158593.75,-14.04565
2800158750.0,-14.04786
2800158906.25,-14.0515
2800159062.5,-14.05337
2800159218.75,-14.05512
2800159375.0,-14.05828
2800159531.25,-14.06098
2800159687.5,-14.06356
2800159843.75,-14.06608
2800160000.0,-14.06818
2800160156.25,-14.07052
2800160312.5,-14.07316
2800160468.75,-14.07646
2800160625.0,-14.07801
2800160781.25,-14.08082
2800160937.5,-14.08412
2800161093.75,-14.08561
2800161250.0,-14.08716
2800161406.25,-14.09181
2800161562.5,-14.09311
2800161718.75,-14.09529
2800161875.0,-14.09776
2800162031.25,-14.10039
2800162187.5,-14.10373
2800162343.75,-14.10517
2800162500.0,-14.10807
2800162656.25,-14.11261
2800162812.5,-14.11354
2800162968.75,-14.11573
2800163125.0,-14.11861
2800163281.25,-14.1197
2800163437.5,-14.12238
2800163593.75,-14.12486
2800163750.0,-14.12721
2800163906.25,-14.12914
2800164062.5,-14.13248
2800164218.75,-14.13552
2800164375.0,-14.13702
2800164531.25,-14.14025
2800164687.5,-14.14344
2800164843.75,-14.14566
2800165000.0,-14.14683
2800165156.25,-14.15022
2800165312.5,-14.15261
2800165468.75,-14.15596
2800165625.0,-14.15733
2800165781.25,-14.15999
2800165937.5,-14.16225
2800166093.75,-14.16423
2800166250.0,-14.16698
2800166406.25,-14.1698
2800166562.5,-14.17276
2800166718.75,-14.17537
2800166875.0,-14.17793
2800167031.25,-14.17958
2800167187.5,-14.18215
2800167343.75,-14.18611
2800167500.0,-14.18818
2800167656.25,-14.18934
2800167812.5,-14.19196
2800167968.75,-14.19399
2800168125.0,-14.19686
2800168281.25,-14.19893
2800168437.5,-14.20254
2800168593.75,-14.20353
2800168750.0,-14.2072
2800168906.25,-14.20922
2800169062.5,-14.2108
2800169218.75,-14.21419
2800169375.0,-14.21609
2800169531.25,-14.21922
2800169687.5,-14.22183
2800169843.75,-14.22467
2800170000.0,-14.22731
2800170156.25,-14.22959
2800170312.5,-14.2318
2800170468.75,-14.23378
2800170625.0,-14.2365
2800170781.25,-14.23839
2800170937.5,-14.24125
2800171093.75,-14.24336
2800171250.0,-14.24528
2800171406.25,-14.24948
2800171562.5,-14.25037
2800171718.75,-14.25301
2800171875.0,-14.25598
2800172031.25,-14.25874
2800172187.5,-14.26092
2800172343.75,-14.26345
2800172500.0,-14.26601
2800172656.25,-14.26873
2800172812.5,-14.26992
2800172968.75,-14.27309
2800173125.0,-14.27544
2800173281.25,-14.27869
2800173437.5,-14.28005
2800173593.75,-14.28347
2800173750.0,-14.2848
2800173906.25,-14.28848
2800174062.5,-14.29049
2800174218.75,-14.29161
2800174375.0,-14.29502
2800174531.25,-14.2965
2800174687.5,-14.30014
2800174843.75,-14.30214
2800175000.0,-14.30404
2800175156.25,-14.30584
2800175312.5,-14.3104
2800175468.75,-14.3123
2800175625.0,-14.31523
2800175781.25,-14.31802
2800175937.5,-14.31924
2800176093.75,-14.32122
2800176250.0,-14.32491
2800176406.25,-14.32739
2800176562.5,-14.32873
2800176718.75,-14.33156
2800176875.0,-14.33392
2800177031.25,-14.33636
2800177187.5,-14.33923
2800177343.75,-14.34088
2800177500.0,-14.34438
2800177656.25,-14.34563
2800177812.5,-14.349
2800177968.75,-14.35036
2800178125.0,-14.35301
2800178281.25,-14.35643
2800178437.5,-14.35863
2800178593.75,-14.36012
2800178750.0,-14.36362
2800178906.25,-14.36539
2800179062.5,-14.36813
2800179218.75,-14.37075
2800179375.0,-14.37246
2800179531.25,-14.37594
2800179687.5,-14.37758
2800179843.75,-14.38002
2800180000.0,-14.38265
2800180156.25,-14.38476
2800180312.5,-14.38737
2800180468.75,-14.39044
2800180625.0,-14.39307
2800180781.25,-14.39485
2800180937.5,-14.39717
2800181093.75,-14.39997
2800181250.0,-14.40141
2800181406.25,-14.40436
2800181562.5,-14.40713
2800181718.75,-14.41023
2800181875.0,-14.41135
2800182031.25,-14.41455
2800182187.5,-14.41749
2800182343.75,-14.41878
2800182500.0,-14.42187
2800182656.25,-14.42474
2800182812.5,-14.42556
2800182968.75,-14.42992
2800183125.0,-14.43071
2800183281.25,-14.43352
2800183437.5,-14.43674
2800183593.75,-14.43935
2800183750.0,-14.44077
2800183906.25,-14.44302
2800184062.5,-14.4456
2800184218.75,-14.4486
2800184375.0,-14.45247
2800184531.25,-14.45421
2800184687.5,-14.45636
2800184843.75,-14.45771
2800185000.0,-14.46011
2800185156.25,-14.46257
2800185312.5,-14.46485
2800185468.75,-14.46759
2800185625.0,-14.47015
2800185781.25,-14.47281
2800185937.5,-14.47547
2800186093.75,-14.47781
2800186250.0,-14.47947
2800186406.25,-14.48254
2800186562.5,-14.48513
2800186718.75,-14.48729
2800186875.0,-14.48873
2800187031.25,-14.49124
2800187187.5,-14.49412
2800187343.75,-14.49651
2800187500.0,-14.49893
2800187656.25,-14.50082
2800187812.5,-14.50483
2800187968.75,-14.50522
2800188125.0,-14.50994
2800188281.25,-14.51158
2800188437.5,-14.51327
2800188593.75,-14.51559
2800188750.0,-14.51878
2800188906.25,-14.51934
2800189062.5,-14.52403
2800189218.75,-14.5249
2800189375.0,-14.52779
2800189531.25,-14.53027
2800189687.5,-14.53184
2800189843.75,-14.53524
2800190000.0,-14.53679
2800190156.25,-14.53985
2800190312.5,-14.54144
2800190468.75,-14.54471
2800190625.0,-14.54754
2800190781.25,-14.55038
2800190937.5,-14.55175
2800191093.75,-14.55284
2800191250.0,-14.55619
2800191406.25,-14.55908
2800191562.5,-14.56257
2800191718.75,-14.56341
2800191875.0,-14.56612
2800192031.25,-14.5684
2800192187.5,-14.57124
2800192343.75,-14.57393
2800192500.0,-14.5764
2800192656.25,-14.57798
2800192812.5,-14.57975
2800192968.75,-14.58269
2800193125.0,-14.58556
2800193281.25,-14.58816
2800193437.5,-14.59104
2800193593.75,-14.59297
2800193750.0,-14.59449
2800193906.25,-14.59729
2800194062.5,-14.59982
2800194218.75,-14.60266
2800194375.0,-14.60403
2800194531.25,-14.60732
2800194687.5,-14.60894
2800194843.75,-14.61129
2800195000.0,-14.61328
2800195156.25,-14.61645
2800195312.5,-14.6178
2800195468.75,-14.62101
2800195625.0,-14.6238
2800195781.25,-14.6255
2800195937.5,-14.62837
2800196093.75,-14.63069
2800196250.0,-14.63328
2800196406.25,-14.63564
2800196562.5,-14.63833
2800196718.75,-14.6391
2800196875.0,-14.64212
2800197031.25,-14.64501
2800197187.5,-14.64809
2800197343.75,-14.6503
2800197500.0,-14.6513
2800197656.25,-14.6539
2800197812.5,-14.65717
2800197968.75,-14.65946
2800198125.0,-14.66272
2800198281.25,-14.66367
2800198437.5,-14.66601
2800198593.75,-14.66889
2800198750.0,-14.6715
2800198906.25,-14.67403
2800199062.5,-14.67573
2800199218.75,-14.67769
2800199375.0,-14.67854
2800199531.25,-14.68283
2800199687.5,-14.68508
2800199843.75,-14.68797
2800200000.0,-14.69027
2800200156.25,-14.69313
2800200312.5,-14.69458
2800200468.75,-14.69827
2800200625.0,-14.69875
2800200781.25,-14.70184
2800200937.5,-14.70485
2800201093.75,-14.70488
2800201250.0,-14.70936
2800201406.25,-14.71167
2800201562.5,-14.71384
2800201718.75,-14.7161
2800201875.0,-14.71847
2800202031.25,-14.72057
2800202187.5,-14.72348
2800202343.75,-14.72473
2800202500.0,-14.72832
2800202656.25,-14.72997
2800202812.5,-14.73234
2800202968.75,-14.73524
2800203125.0,-14.73658
2800203281.25,-14.73972
2800203437.5,-14.74288
2800203593.75,-14.74416
2800203750.0,-14.74632
2800203906.25,-14.74826
2800204062.5,-14.75147
2800204218.75,-14.75324
2800204375.0,-14.75538
2800204531.25,-14.75905
2800204687.5,-14.75899
2800204843.75,-14.76308
2800205000.0,-14.76485
2800205156.25,-14.7677
2800205312.5,-14.7705
2800205468.75,-14.77213
2800205625.0,-14.77378
2800205781.25,-14.77652
2800205937.5,-14.78032
2800206093.75,-14.78257
2800206250.0,-14.78437
2800206406.25,-14.78597
2800206562.5,-14.78937
2800206718.75,-14.79113
2800206875.0,-14.79325
2800207031.25,-14.79628
2800207187.5,-14.79914
2800207343.75,-14.80134
2800207500.0,-14.80352
2800207656.25,-14.80539
2800207812.5,-14.80736
2800207968.75,-14.81059
2800208125.0,-14.81203
2800208281.25,-14.81532
2800208437.5,-14.81763
2800208593.75,-14.82089
2800208750.0,-14.82166
2800208906.25,-14.82256
2800209062.5,-14.82625
2800209218.75,-14.82924
2800209375.0,-14.83154
2800209531.25,-14.83432
2800209687.5,-14.83608
2800209843.75,-14.83896
2800210000.0,-14.84013
2800210156.25,-14.84257
2800210312.5,-14.84544
2800210468.75,-14.84851
2800210625.0,-14.8497
2800210781.25,-14.85265
2800210937.5,-14.856
2800211093.75,-14.85672
2800211250.0,-14.85981
2800211406.25,-14.86184
2800211562.5,-14.86403
2800211718.75,-14.86644
2800211875.0,-14.8687
2800212031.25,-14.87049
2800212187.5,-14.87394
2800212343.75,-14.87622
2800212500.0,-14.87729
2800212656.25,-14.87896
2800212812.5,-14.88244
2800212968.75,-14.8846
2800213125.0,-14.88792
2800213281.25,-14.88863
2800213437.5,-14.89268
2800213593.75,-14.8951
2800213750.0,-14.89708
2800213906.25,-14.89919
2800214062.5,-14.90195
2800214218.75,-14.90395
2800214375.0,-14.90618
2800214531.25,-14.90769
2800214687.5,-14.91019
2800214843.75,-14.91284
2800215000.0,-14.91461
2800215156.25,-14.91823
2800215312.5,-14.92
2800215468.75,-14.92232
2800215625.0,-14.92418
2800215781.25,-14.9268
2800215937.5,-14.92905
2800216093.75,-14.93151
2800216250.0,-14.93462
2800216406.25,-14.93661
2800216562.5,-14.9385
2800216718.75,-14.94195
2800216875.0,-14.94323
2800217031.25,-14.94594
2800217187.5,-14.94821
2800217343.75,-14.9493
2800217500.0,-14.9537
2800217656.25,-14.95473
2800217812.5,-14.95676
2800217968.75,-14.95891
2800218125.0,-14.9616
2800218281.25,-14.96406
2800218437.5,-14.96814
2800218593.75,-14.96868
2800218750.0,-14.97066
2800218906.25,-14.97368
2800219062.5,-14.9762
2800219218.75,-14.978
2800219375.0,-14.9795
2800219531.25,-14.9822
2800219687.5,-14.98544
2800219843.75,-14.98732
2800220000.0,-14.98913
2800220156.25,-14.99126
2800220312.5,-14.99433
2800220468.75,-14.99647
2800220625.0,-14.99856
2800220781.25,-15.00081
2800220937.5,-15.00405
2800221093.75,-15.006
2800221250.0,-15.00824
2800221406.25,-15.00951
2800221562.5,-15.01251
2800221718.75,-15.01397
2800221875.0,-15.01638
2800222031.25,-15.01848
2800222187.5,-15.02199
2800222343.75,-15.02429
2800222500.0,-15.02617
2800222656.25,-15.02881
2800222812.5,-15.03125
2800222968.75,-15.03296
2800223125.0,-15.03549
2800223281.25,-15.03733
2800223437.5,-15.04109
2800223593.75,-15.04204
2800223750.0,-15.04427
2800223906.25,-15.04835
2800224062.5,-15.0491
2800224218.75,-15.05175
2800224375.0,-15.0533
2800224531.25,-15.05673
2800224687.5,-15.05889
2800224843.75,-15.05953
2800225000.0,-15.06295
2800225156.25,-15.06489
2800225312.5,-15.06789
2800225468.75,-15.06962
2800225625.0,-15.07201
2800225781.25,-15.07546
2800225937.5,-15.07696
2800226093.75,-15.07894
2800226250.0,-15.0818
2800226406.25,-15.08356
2800226562.5,-15.08652
2800226718.75,-15.08727
2800226875.0,-15.08968
2800227031.25,-15.09279
2800227187.5,-15.09599
2800227343.75,-15.09719
2800227500.0,-15.10023
2800227656.25,-15.10278
2800227812.5,-15.10535
2800227968.75,-15.10801
2800228125.0,-15.1092
2800228281.25,-15.11019
2800228437.5,-15.11352
2800228593.75,-15.11628
2800228750.0,-15.11713
2800228906.25,-15.1218
2800229062.5,-15.12417
2800229218.75,-15.12559
2800229375.0,-15.12754
2800229531.25,-15.12921
2800229687.5,-15.13074
2800229843.75,-15.13462
2800230000.0,-15.13585
2800230156.25,-15.13825
2800230312.5,-15.141
2800230468.75,-15.14296
2800230625.0,-15.14511
2800230781.25,-15.14858
2800230937.5,-15.14969
2800231093.75,-15.15157
2800231250.0,-15.1544
2800231406.25,-15.15623
2800231562.5,-15.15993
2800231718.75,-15.1615
2800231875.0,-15.16373
2800232031.25,-15.16723
2800232187.5,-15.1697
2800232343.75,-15.17142
2800232500.0,-15.17325
2800232656.25,-15.17503
2800232812.5,-15.17689
2800232968.75,-15.17934
2800233125.0,-15.18124
2800233281.25,-15.18477
2800233437.5,-15.18605
2800233593.75,-15.1891
2800233750.0,-15.19073
2800233906.25,-15.19399
2800234062.5,-15.19628
2800234218.75,-15.19841
2800234375.0,-15.19934
2800234531.25,-15.20286
2800234687.5,-15.20478
2800234843.75,-15.2059
2800235000.0,-15.20887
2800235156.25,-15.21202
2800235312.5,-15.21393
2800235468.75,-15.21543
2800235625.0,-15.21792
2800235781.25,-15.22038
2800235937.5,-15.2228
2800236093.75,-15.22471
2800236250.0,-15.22714
2800236406.25,-15.22907
2800236562.5,-15.23258
2800236718.75,-15.23445
2800236875.0,-15.23667
2800237031.25,-15.23846
2800237187.5,-15.23987
2800237343.75,-15.24155
2800237500.0,-15.2462
2800237656.25,-15.24734
2800237812.5,-15.24967
2800237968.75,-15.25277
2800238125.0,-15.2547
2800238281.25,-15.25678
2800238437.5,-15.25914
2800238593.75,-15.26139
2800238750.0,-15.26387
2800238906.25,-15.26644
2800239062.5,-15.2682
2800239218.75,-15.27017
2800239375.0,-15.27382
2800239531.25,-15.27535
2800239687.5,-15.27748
2800239843.75,-15.27845
2800240000.0,-15.28268
2800240156.25,-15.28376
2800240312.5,-15.28722
2800240468.75,-15.28849
2800240625.0,-15.28995
2800240781.25,-15.29229
2800240937.5,-15.29509
2800241093.75,-15.29736
2800241250.0,-15.3004
2800241406.25,-15.30282
2800241562.5,-15.30513
2800241718.75,-15.30636
2800241875.0,-15.31027
2800242031.25,-15.31171
2800242187.5,-15.31383
2800242343.75,-15.31476
2800242500.0,-15.3162
2800242656.25,-15.31968
2800242812.5,-15.32269
2800242968.75,-15.3255
2800243125.0,-15.32695
2800243281.25,-15.32882
2800243437.5,-15.33145
2800243593.75,-15.33315
2800243750.0,-15.33644
2800243906.25,-15.33825
2800244062.5,-15.34028
2800244218.75,-15.34211
2800244375.0,-15.34293
2800244531.25,-15.3468
2800244687.5,-15.34931
2800244843.75,-15.35093
2800245000.0,-15.35288
2800245156.25,-15.35512
2800245312.5,-15.3572
2800245468.75,-15.36092
2800245625.0,-15.36216
2800245781.25,-15.36476
2800245937.5,-15.36685
2800246093.75,-15.36939
2800246250.0,-15.37216
2800246406.25,-15.37449
2800246562.5,-15.37623
2800246718.75,-15.37823
2800246875.0,-15.38109
2800247031.25,-15.38304
2800247187.5,-15.38507
2800247343.75,-15.38601
2800247500.0,-15.38944
2800247656.25,-15.39148
2800247812.5,-15.39349
2800247968.75,-15.3953
2800248125.0,-15.39888
2800248281.25,-15.40134
2800248437.5,-15.40374
2800248593.75,-15.40575
2800248750.0,-15.40744
2800248906.25,-15.40911
2800249062.5,-15.41301
2800249218.75,-15.41369
2800249375.0,-15.41618
2800249531.25,-15.4183
2800249687.5,-15.42102
2800249843.75,-15.42353
2800250000.0,-15.42477
2800250156.25,-15.42844
2800250312.5,-15.4287
2800250468.75,-15.43235
2800250625.0,-15.43366
2800250781.25,-15.43661
2800250937.5,-15.43731
2800251093.75,-15.44117
2800251250.0,-15.44357
2800251406.25,-15.446
2800251562.5,-15.44731
2800251718.75,-15.45
2800251875.0,-15.45155
2800252031.25,-15.45393
2800252187.5,-15.45694
2800252343.75,-15.45888
2800252500.0,-15.4604
2800252656.25,-15.46288
2800252812.5,-15.46501
2800252968.75,-15.46707
2800253125.0,-15.46966
2800253281.25,-15.47195
2800253437.5,-15.47422
2800253593.75,-15.47737
2800253750.0,-15.47777
2800253906.25,-15.48065
2800254062.5,-15.48255
2800254218.75,-15.48554
2800254375.0,-15.48689
2800254531.25,-15.49024
2800254687.5,-15.49113
2800254843.75,-15.49454
2800255000.0,-15.4964
2800255156.25,-15.4987
2800255312.5,-15.50097
2800255468.75,-15.50341
2800255625.0,-15.50473
2800255781.25,-15.50665
2800255937.5,-15.50861
2800256093.75,-15.51168
2800256250.0,-15.51356
2800256406.25,-15.5162
2800256562.5,-15.51742
2800256718.75,-15.5204
2800256875.0,-15.52418
2800257031.25,-15.5249
2800257187.5,-15.52746
2800257343.75,-15.52867
2800257500.0,-15.53182
2800257656.25,-15.53341
2800257812.5,-15.53547
2800257968.75,-15.53783
2800258125.0,-15.54156
2800258281.25,-15.54307
2800258437.5,-15.54522
2800258593.75,-15.54736
2800258750.0,-15.54858
2800258906.25,-15.5508
2800259062.5,-15.55386
2800259218.75,-15.55592
2800259375.0,-15.55889
2800259531.25,-15.56136
2800259687.5,-15.5622
2800259843.75,-15.56471
2800260000.0,-15.56729
2800260156.25,-15.56899
2800260312.5,-15.57
2800260468.75,-15.57282
2800260625.0,-15.57639
2800260781.25,-15.57771
2800260937.5,-15.57969
2800261093.75,-15.58256
2800261250.0,-15.58438
2800261406.25,-15.58653
2800261562.5,-15.5892
2800261718.75,-15.59097
2800261875.0,-15.59274
2800262031.25,-15.5964
2800262187.5,-15.59648
2800262343.75,-15.59856
2800262500.0,-15.60202
2800262656.25,-15.60462
2800262812.5,-15.6064
2800262968.75,-15.60783
2800263125.0,-15.61117
2800263281.25,-15.61143
2800263437.5,-15.61527
2800263593.75,-15.61755
2800263750.0,-15.6199
2800263906.25,-15.6215
2800264062.5,-15.62246
2800264218.75,-15.62512
2800264375.0,-15.62808
2800264531.25,-15.63047
2800264687.5,-15.63137
2800264843.75,-15.63357
2800265000.0,-15.63708
2800265156.25,-15.63979
2800265312.5,-15.64152
2800265468.75,-15.64354
2800265625.0,-15.64539
2800265781.25,-15.64807
2800265937.5,-15.65055
2800266093.75,-15.65297
2800266250.0,-15.65519
2800266406.25,-15.65689
2800266562.5,-15.65816
2800266718.75,-15.66037
2800266875.0,-15.66323
2800267031.25,-15.66582
2800267187.5,-15.66744
2800267343.75,-15.67072
2800267500.0,-15.67231
2800267656.25,-15.67456
2800267812.5,-15.67662
2800267968.75,-15.67823
2800268125.0,-15.68167
2800268281.25,-15.68345
2800268437.5,-15.6855
2800268593.75,-15.68766
2800268750.0,-15.68946
2800268906.25,-15.69172
2800269062.5,-15.69285
2800269218.75,-15.69672
2800269375.0,-15.69804
2800269531.25,-15.70045
2800269687.5,-15.70249
2800269843.75,-15.70489
2800270000.0,-15.70669
2800270156.25,-15.70922
2800270312.5,-15.71047
2800270468.75,-15.71322
2800270625.0,-15.71529
2800270781.25,-15.71794
2800270937.5,-15.72031
2800271093.75,-15.72186
2800271250.0,-15.72361
2800271406.25,-15.72693
2800271562.5,-15.72829
2800271718.75,-15.72987
2800271875.0,-15.73227
2800272031.25,-15.73505
2800272187.5,-15.73745
2800272343.75,-15.7385
2800272500.0,-15.7413
2800272656.25,-15.74319
2800272812.5,-15.74566
2800272968.75,-15.74824
2800273125.0,-15.7498
2800273281.25,-15.75241
2800273437.5,-15.75408
2800273593.75,-15.75674
2800273750.0,-15.75723
2800273906.25,-15.76163
2800274062.5,-15.76235
2800274218.75,-15.76507
2800274375.0,-15.76794
2800274531.25,-15.77017
2800274687.5,-15.77183
2800274843.75,-15.77331
2800275000.0,-15.77679
2800275156.25,-15.77809
2800275312.5,-15.78026
2800275468.75,-15.78281
2800275625.0,-15.78506
2800275781.25,-15.78686
2800275937.5,-15.78832
2800276093.75,-15.79103
2800276250.0,-15.79419
2800276406.25,-15.79468
2800276562.5,-15.79778
2800276718.75,-15.7995
2800276875.0,-15.80192
2800277031.25,-15.8047
2800277187.5,-15.80688
2800277343.75,-15.80836
2800277500.0,-15.81032
2800277656.25,-15.81252
2800277812.5,-15.81509
2800277968.75,-15.81662
2800278125.0,-15.81962
2800278281.25,-15.82053
2800278437.5,-15.82423
2800278593.75,-15.82487
2800278750.0,-15.82844
2800278906.25,-15.83011
2800279062.5,-15.83144
2800279218.75,-15.83468
2800279375.0,-15.83487
2800279531.25,-15.83794
2800279687.5,-15.84145
2800279843.75,-15.84139
2800280000.0,-15.84479
2800280156.25,-15.84673
2800280312.5,-15.84991
2800280468.75,-15.85095
2800280625.0,-15.85433
2800280781.25,-15.85536
2800280937.5,-15.85693
2800281093.75,-15.86015
2800281250.0,-15.86323
2800281406.25,-15.86404
2800281562.5,-15.86543
2800281718.75,-15.86894
2800281875.0,-15.87086
2800282031.25,-15.87246
2800282187.5,-15.87325
2800282343.75,-15.87767
2800282500.0,-15.87972
2800282656.25,-15.87987
2800282812.5,-15.88335
2800282968.75,-15.88585
2800283125.0,-15.88826
2800283281.25,-15.88879
2800283437.5,-15.89052
2800283593.75,-15.89491
2800283750.0,-15.89631
2800283906.25,-15.89711
2800284062.5,-15.89867
2800284218.75,-15.90305
2800284375.0,-15.90415
2800284531.25,-15.90688
2800284687.5,-15.91006
2800284843.75,-15.91064
2800285000.0,-15.91321
2800285156.25,-15.91594
2800285312.5,-15.91735
2800285468.75,-15.91954
2800285625.0,-15.92204
2800285781.25,-15.92313
2800285937.5,-15.92636
2800286093.75,-15.92664
2800286250.0,-15.93141
2800286406.25,-15.93262
2800286562.5,-15.93591
2800286718.75,-15.93608
2800286875.0,-15.93929
2800287031.25,-15.94278
2800287187.5,-15.94223
2800287343.75,-15.94555
2800287500.0,-15.94724
2800287656.25,-15.94952
2800287812.5,-15.95226
2800287968.75,-15.95277
2800288125.0,-15.95563
2800288281.25,-15.95635
2800288437.5,-15.96088
2800288593.75,-15.96239
2800288750.0,-15.96522
2800288906.25,-15.9668
2800289062.5,-15.96929
2800289218.75,-15.97046
2800289375.0,-15.97181
2800289531.25,-15.97498
2800289687.5,-15.97724
2800289843.75,-15.97996
2800290000.0,-15.98158
2800290156.25,-15.9835
2800290312.5,-15.98664
2800290468.75,-15.98758
2800290625.0,-15.99068
2800290781.25,-15.99133
2800290937.5,-15.99398
2800291093.75,-15.99396
2800291250.0,-15.99898
2800291406.25,-16.00042
2800291562.5,-16.00312
2800291718.75,-16.00388
2800291875.0,-16.00705
2800292031.25,-16.01012
2800292187.5,-16.01089
2800292343.75,-16.01183
2800292500.0,-16.0154
2800292656.25,-16.01778
2800292812.5,-16.01847
2800292968.75,-16.02143
2800293125.0,-16.02275
2800293281.25,-16.02656
2800293437.5,-16.02855
2800293593.75,-16.02953
2800293750.0,-16.03265
2800293906.25,-16.0345
2800294062.5,-16.03643
2800294218.75,-16.03744
2800294375.0,-16.0409
2800294531.25,-16.04252
2800294687.5,-16.04414
2800294843.75,-16.0465
2800295000.0,-16.04944
2800295156.25,-16.05245
2800295312.5,-16.05307
2800295468.75,-16.05426
2800295625.0,-16.05702
2800295781.25,-16.05949
2800295937.5,-16.06079
2800296093.75,-16.06364
2800296250.0,-16.06498
2800296406.25,-16.06723
2800296562.5,-16.07015
2800296718.75,-16.07228
2800296875.0,-16.07384
2800297031.25,-16.07531
2800297187.5,-16.07857
2800297343.75,-16.08003
2800297500.0,-16.08203
2800297656.25,-16.08463
2800297812.5,-16.0872
2800297968.75,-16.08841
2800298125.0,-16.0895
2800298281.25,-16.09326
2800298437.5,-16.09491
2800298593.75,-16.0968
2800298750.0,-16.0988
2800298906.25,-16.10092
2800299062.5,-16.1011
2800299218.75,-16.10436
2800299375.0,-16.10644
2800299531.25,-16.10893
2800299687.5,-16.11255
2800299843.75,-16.11291
2800300000.0,-16.11512
2800300156.25,-16.11754
2800300312.5,-16.11855
2800300468.75,-16.12244
2800300625.0,-16.12371
2800300781.25,-16.12638
2800300937.5,-16.12852
2800301093.75,-16.12973
2800301250.0,-16.13354
2800301406.25,-16.134
2800301562.5,-16.13686
2800301718.75,-16.13862
2800301875.0,-16.14144
2800302031.25,-16.14295
2800302187.5,-16.14533
2800302343.75,-16.14746
2800302500.0,-16.15022
2800302656.25,-16.15281
2800302812.5,-16.15361
2800302968.75,-16.15483
2800303125.0,-16.15849
2800303281.25,-16.15932
2800303437.5,-16.16313
2800303593.75,-16.16482
2800303750.0,-16.16566
2800303906.25,-16.16655
2800304062.5,-16.17082
2800304218.75,-16.17122
2800304375.0,-16.17524
2800304531.25,-16.17705
2800304687.5,-16.17781
2800304843.75,-16.18111
2800305000.0,-16.18298
2800305156.25,-16.1839
2800305312.5,-16.18675
2800305468.75,-16.18853
2800305625.0,-16.19013
2800305781.25,-16.19444
2800305937.5,-16.19563
2800306093.75,-16.19662
2800306250.0,-16.19944
2800306406.25,-16.20104
2800306562.5,-16.20296
2800306718.75,-16.2058
2800306875.0,-16.20779
2800307031.25,-16.21033
2800307187.5,-16.21197
2800307343.75,-16.21305
2800307500.0,-16.21531
2800307656.25,-16.21611
2800307812.5,-16.22031
2800307968.75,-16.22077
2800308125.0,-16.22353
2800308281.25,-16.22662
2800308437.5,-16.22775
2800308593.75,-16.22892
2800308750.0,-16.23241
2800308906.25,-16.23353
2800309062.5,-16.23687
2800309218.75,-16.23829
2800309375.0,-16.24069
2800309531.25,-16.24355
2800309687.5,-16.24403
2800309843.75,-16.24657
2800310000.0,-16.24915
2800310156.25,-16.25008
2800310312.5,-16.25193
2800310468.75,-16.25413
2800310625.0,-16.25798
2800310781.25,-16.25901
2800310937.5,-16.26114
2800311093.75,-16.26258
2800311250.0,-16.26462
2800311406.25,-16.26702
2800311562.5,-16.27003
2800311718.75,-16.27048
2800311875.0,-16.27375
2800312031.25,-16.27211
2800312187.5,-16.27754
2800312343.75,-16.27995
2800312500.0,-16.28134
2800312656.25,-16.28382
2800312812.5,-16.28727
2800312968.75,-16.28881
2800313125.0,-16.2901
2800313281.25,-16.29168
2800313437.5,-16.29518
2800313593.75,-16.29675
2800313750.0,-16.29757
2800313906.25,-16.30071
2800314062.5,-16.30236
2800314218.75,-16.30541
2800314375.0,-16.30631
2800314531.25,-16.30913
2800314687.5,-16.31006
2800314843.75,-16.3117
2800315000.0,-16.3155
2800315156.25,-16.31609
2800315312.5,-16.31824
2800315468.75,-16.32093
2800315625.0,-16.32343
2800315781.25,-16.32499
2800315937.5,-16.32782
2800316093.75,-16.32868
2800316250.0,-16.33099
2800316406.25,-16.33354
2800316562.5,-16.33575
2800316718.75,-16.33827
2800316875.0,-16.34008
2800317031.25,-16.34058
2800317187.5,-16.34369
2800317343.75,-16.34591
2800317500.0,-16.34828
2800317656.25,-16.3499
2800317812.5,-16.35183
2800317968.75,-16.35471
2800318125.0,-16.35524
2800318281.25,-16.35715
2800318437.5,-16.35991
2800318593.75,-16.36135
2800318750.0,-16.36527
2800318906.25,-16.36647
2800319062.5,-16.36827
2800319218.75,-16.36916
2800319375.0,-16.37144
2800319531.25,-16.37481
2800319687.5,-16.37691
2800319843.75,-16.37855
2800320000.0,-16.38002
2800320156.25,-16.38239
2800320312.5,-16.3856
2800320468.75,-16.38626
2800320625.0,-16.38686
2800320781.25,-16.39076
2800320937.5,-16.39268
2800321093.75,-16.39555
2800321250.0,-16.39705
2800321406.25,-16.39958
2800321562.5,-16.40039
2800321718.75,-16.40413
2800321875.0,-16.40421
2800322031.25,-16.40681
2800322187.5,-16.40837
2800322343.75,-16.41117
2800322500.0,-16.41314
2800322656.25,-16.41616
2800322812.5,-16.41719
2800322968.75,-16.41961
2800323125.0,-16.42093
2800323281.25,-16.4224
2800323437.5,-16.42447
2800323593.75,-16.42715
2800323750.0,-16.42975
2800323906.25,-16.43191
2800324062.5,-16.43385
2800324218.75,-16.43531
2800324375.0,-16.43596
2800324531.25,-16.43885
2800324687.5,-16.44271
2800324843.75,-16.44325
2800325000.0,-16.44556
2800325156.25,-16.44718
2800325312.5,-16.44927
2800325468.75,-16.45205
2800325625.0,-16.45399
2800325781.25,-16.45648
2800325937.5,-16.45833
2800326093.75,-16.45906
2800326250.0,-16.46119
2800326406.25,-16.46379
2800326562.5,-16.46643
2800326718.75,-16.46756
2800326875.0,-16.46975
2800327031.25,-16.47142
2800327187.5,-16.47436
2800327343.75,-16.4768
2800327500.0,-16.47902
2800327656.25,-16.47968
2800327812.5,-16.48237
2800327968.75,-16.48347
2800328125.0,-16.48651
2800328281.25,-16.48779
2800328437.5,-16.48941
2800328593.75,-16.49157
2800328750.0,-16.49435
2800328906.25,-16.49652
2800329062.5,-16.4976
2800329218.75,-16.49897
2800329375.0,-16.50199
2800329531.25,-16.50357
2800329687.5,-16.5064
2800329843.75,-16.51038
2800330000.0,-16.50813
2800330156.25,-16.51088
2800330312.5,-16.51361
2800330468.75,-16.51562
2800330625.0,-16.5163
2800330781.25,-16.5197
2800330937.5,-16.52225
2800331093.75,-16.52412
2800331250.0,-16.52574
2800331406.25,-16.52877
2800331562.5,-16.53035
2800331718.75,-16.53201
2800331875.0,-16.53507
2800332031.25,-16.53661
2800332187.5,-16.53833
2800332343.75,-16.5409
2800332500.0,-16.54282
2800332656.25,-16.5447
2800332812.5,-16.54642
2800332968.75,-16.54986
2800333125.0,-16.5504
2800333281.25,-16.55257
2800333437.5,-16.55414
2800333593.75,-16.55672
2800333750.0,-16.5599
2800333906.25,-16.56141
2800334062.5,-16.5621
2800334218.75,-16.56568
2800334375.0,-16.56868
2800334531.25,-16.56805
2800334687.5,-16.57081
2800334843.75,-16.57318
2800335000.0,-16.57307
2800335156.25,-16.57666
2800335312.5,-16.57883
2800335468.75,-16.58055
2800335625.0,-16.58332
2800335781.25,-16.58421
2800335937.5,-16.58613
2800336093.75,-16.58878
2800336250.0,-16.5905
2800336406.25,-16.59358
2800336562.5,-16.59482
2800336718.75,-16.59647
2800336875.0,-16.59758
2800337031.25,-16.60049
2800337187.5,-16.60269
2800337343.75,-16.60451
2800337500.0,-16.60709
2800337656.25,-16.60757
2800337812.5,-16.61115
2800337968.75,-16.61149
2800338125.0,-16.61423
2800338281.25,-16.61783
2800338437.5,-16.61823
2800338593.75,-16.62171
2800338750.0,-16.62191
2800338906.25,-16.62469
2800339062.5,-16.62578
2800339218.75,-16.62848
2800339375.0,-16.62957
2800339531.25,-16.63318
2800339687.5,-16.63449
2800339843.75,-16.63713
2800340000.0,-16.63913
2800340156.25,-16.64135
2800340312.5,-16.64052
2800340468.75,-16.64396
2800340625.0,-16.64714
2800340781.25,-16.64812
2800340937.5,-16.64976
2800341093.75,-16.65281
2800341250.0,-16.65527
2800341406.25,-16.65585
2800341562.5,-16.65891
2800341718.75,-16.66028
2800341875.0,-16.66255
2800342031.25,-16.66376
2800342187.5,-16.66788
2800342343.75,-16.66864
2800342500.0,-16.67059
2800342656.25,-16.67269
2800342812.5,-16.67195
2800342968.75,-16.67547
2800343125.0,-16.67875
2800343281.25,-16.67993
2800343437.5,-16.68232
2800343593.75,-16.6847
2800343750.0,-16.68699
2800343906.25,-16.6865
2800344062.5,-16.69061
2800344218.75,-16.69159
2800344375.0,-16.69257
2800344531.25,-16.69565
2800344687.5,-16.69889
2800344843.75,-16.7
2800345000.0,-16.70258
2800345156.25,-16.70367
2800345312.5,-16.70564
2800345468.75,-16.70773
2800345625.0,-16.70953
2800345781.25,-16.71192
2800345937.5,-16.71239
2800346093.75,-16.71609
2800346250.0,-16.71914
2800346406.25,-16.72108
2800346562.5,-16.72175
2800346718.75,-16.72489
2800346875.0,-16.72597
2800347031.25,-16.72687
2800347187.5,-16.72892
2800347343.75,-16.73164
2800347500.0,-16.73356
2800347656.25,-16.73495
2800347812.5,-16.73758
2800347968.75,-16.74
2800348125.0,-16.74168
2800348281.25,-16.74367
2800348437.5,-16.74501
2800348593.75,-16.74665
2800348750.0,-16.7494
2800348906.25,-16.74984
2800349062.5,-16.75299
2800349218.75,-16.75532
2800349375.0,-16.75785
2800349531.25,-16.76083
2800349687.5,-16.76143
2800349843.75,-16.76294
2800350000.0,-16.76509
2800350156.25,-16.76695
2800350312.5,-16.76871
2800350468.75,-16.77103
2800350625.0,-16.77305
2800350781.25,-16.77524
2800350937.5,-16.77501
2800351093.75,-16.77812
2800351250.0,-16.78053
2800351406.25,-16.78444
2800351562.5,-16.78345
2800351718.75,-16.78731
2800351875.0,-16.78877
2800352031.25,-16.79166
2800352187.5,-16.79254
2800352343.75,-16.79549
2800352500.0,-16.79722
2800352656.25,-16.79844
2800352812.5,-16.79974
2800352968.75,-16.80179
2800353125.0,-16.80486
2800353281.25,-16.80603
2800353437.5,-16.80851
2800353593.75,-16.81071
2800353750.0,-16.81334
2800353906.25,-16.81344
2800354062.5,-16.81519
2800354218.75,-16.8176
2800354375.0,-16.82046
2800354531.25,-16.82199
2800354687.5,-16.82433
2800354843.75,-16.82558
2800355000.0,-16.82744
2800355156.25,-16.83067
2800355312.5,-16.83057
2800355468.75,-16.83471
2800355625.0,-16.83691
2800355781.25,-16.83756
2800355937.5,-16.84056
2800356093.75,-16.84253
2800356250.0,-16.8449
2800356406.25,-16.84698
2800356562.5,-16.84732
2800356718.75,-16.84869
2800356875.0,-16.85169
2800357031.25,-16.85184
2800357187.5,-16.85558
2800357343.75,-16.85715
2800357500.0,-16.86016
2800357656.25,-16.86142
2800357812.5,-16.86336
2800357968.75,-16.86423
2800358125.0,-16.86718
2800358281.25,-16.86867
2800358437.5,-16.87091
2800358593.75,-16.87185
2800358750.0,-16.87419
2800358906.25,-16.87759
2800359062.5,-16.87765
2800359218.75,-16.8807
2800359375.0,-16.88215
2800359531.25,-16.88373
2800359687.5,-16.88704
2800359843.75,-16.88836
2800360000.0,-16.89045
2800360156.25,-16.89238
2800360312.5,-16.89384
2800360468.75,-16.89713
2800360625.0,-16.89757
2800360781.25,-16.9
2800360937.5,-16.90166
2800361093.75,-16.90224
2800361250.0,-16.90461
2800361406.25,-16.90594
2800361562.5,-16.90895
2800361718.75,-16.91055
2800361875.0,-16.91408
2800362031.25,-16.91498
2800362187.5,-16.91796
2800362343.75,-16.91923
2800362500.0,-16.92179
2800362656.25,-16.92281
2800362812.5,-16.92378
2800362968.75,-16.92735
2800363125.0,-16.92873
2800363281.25,-16.93025
2800363437.5,-16.93274
2800363593.75,-16.93518
2800363750.0,-16.93698
2800363906.25,-16.93826
2800364062.5,-16.94074
2800364218.75,-16.94325
2800364375.0,-16.94571
2800364531.25,-16.9468
2800364687.5,-16.94934
2800364843.75,-16.95172
2800365000.0,-16.95225
2800365156.25,-16.95399
2800365312.5,-16.95575
2800365468.75,-16.95801
2800365625.0,-16.96057
2800365781.25,-16.96165
2800365937.5,-16.9629
2800366093.75,-16.96643
2800366250.0,-16.96754
2800366406.25,-16.97059
2800366562.5,-16.9727
2800366718.75,-16.97514
2800366875.0,-16.97457
2800367031.25,-16.97704
2800367187.5,-16.97942
2800367343.75,-16.98186
2800367500.0,-16.98174
2800367656.25,-16.98458
2800367812.5,-16.98701
2800367968.75,-16.98803
2800368125.0,-16.99179
2800368281.25,-16.99351
2800368437.5,-16.99342
2800368593.75,-16.99678
2800368750.0,-16.99871
2800368906.25,-16.99942
2800369062.5,-17.00137
2800369218.75,-17.0041
2800369375.0,-17.00648
2800369531.25,-17.0077
2800369687.5,-17.00998
2800369843.75,-17.01192
2800370000.0,-17.01366
2800370156.25,-17.01713
2800370312.5,-17.01783
2800370468.75,-17.01889
2800370625.0,-17.02107
2800370781.25,-17.02443
2800370937.5,-17.02417
2800371093.75,-17.02723
2800371250.0,-17.02961
2800371406.25,-17.03064
2800371562.5,-17.03238
2800371718.75,-17.03472
2800371875.0,-17.03786
2800372031.25,-17.03909
2800372187.5,-17.04251
2800372343.75,-17.04238
2800372500.0,-17.04529
2800372656.25,-17.04684
2800372812.5,-17.04819
2800372968.75,-17.04984
2800373125.0,-17.05214
2800373281.25,-17.05458
2800373437.5,-17.05535
2800373593.75,-17.05718
2800373750.0,-17.05922
2800373906.25,-17.06169
2800374062.5,-17.06367
2800374218.75,-17.06542
2800374375.0,-17.06866
2800374531.25,-17.06923
2800374687.5,-17.07294
2800374843.75,-17.07358
2800375000.0,-17.07581
2800375156.25,-17.07758
2800375312.5,-17.07927
2800375468.75,-17.08188
2800375625.0,-17.08327
2800375781.25,-17.08415
2800375937.5,-17.0856
2800376093.75,-17.08662
2800376250.0,-17.09129
2800376406.25,-17.09228
2800376562.5,-17.09521
2800376718.75,-17.09644
2800376875.0,-17.09881
2800377031.25,-17.09867
2800377187.5,-17.10261
2800377343.75,-17.10265
2800377500.0,-17.10544
2800377656.25,-17.10664
2800377812.5,-17.10958
2800377968.75,-17.11167
2800378125.0,-17.11339
2800378281.25,-17.11529
2800378437.5,-17.11666
2800378593.75,-17.11956
2800378750.0,-17.12142
2800378906.25,-17.12276
2800379062.5,-17.12326
2800379218.75,-17.12617
2800379375.0,-17.12914
2800379531.25,-17.13031
2800379687.5,-17.13186
2800379843.75,-17.13429
2800380000.0,-17.13712
2800380156.25,-17.13782
2800380312.5,-17.14065
2800380468.75,-17.14186
2800380625.0,-17.1437
2800380781.25,-17.1456
2800380937.5,-17.14674
2800381093.75,-17.15006
2800381250.0,-17.15008
2800381406.25,-17.15274
2800381562.5,-17.15543
2800381718.75,-17.15614
2800381875.0,-17.15828
2800382031.25,-17.16197
2800382187.5,-17.16267
2800382343.75,-17.16423
2800382500.0,-17.16669
2800382656.25,-17.16831
2800382812.5,-17.17055
2800382968.75,-17.1723
2800383125.0,-17.17453
2800383281.25,-17.17577
2800383437.5,-17.17809
2800383593.75,-17.18145
2800383750.0,-17.18059
2800383906.25,-17.1845
2800384062.5,-17.18512
2800384218.75,-17.18708
2800384375.0,-17.18875
2800384531.25,-17.19076
2800384687.5,-17.19276
2800384843.75,-17.19405
2800385000.0,-17.19724
2800385156.25,-17.19805
2800385312.5,-17.19925
2800385468.75,-17.20267
2800385625.0,-17.20452
2800385781.25,-17.20695
2800385937.5,-17.20856
2800386093.75,-17.2086
2800386250.0,-17.21144
2800386406.25,-17.21464
2800386562.5,-17.21497
2800386718.75,-17.21725
2800386875.0,-17.22046
2800387031.25,-17.22203
2800387187.5,-17.22258
2800387343.75,-17.22512
2800387500.0,-17.22604
2800387656.25,-17.22797
2800387812.5,-17.22915
2800387968.75,-17.23264
2800388125.0,-17.23329
2800388281.25,-17.23642
2800388437.5,-17.23623
2800388593.75,-17.23883
2800388750.0,-17.24099
2800388906.25,-17.24451
2800389062.5,-17.24524
2800389218.75,-17.24776
2800389375.0,-17.25045
2800389531.25,-17.2505
2800389687.5,-17.25273
2800389843.75,-17.25416
2800390000.0,-17.25729
2800390156.25,-17.25848
2800390312.5,-17.2606
2800390468.75,-17.26259
2800390625.0,-17.26383
2800390781.25,-17.2656
2800390937.5,-17.26679
2800391093.75,-17.27024
2800391250.0,-17.27241
2800391406.25,-17.27382
2800391562.5,-17.27695
2800391718.75,-17.27673
2800391875.0,-17.28014
2800392031.25,-17.28208
2800392187.5,-17.28267
2800392343.75,-17.28468
2800392500.0,-17.28717
2800392656.25,-17.2878
2800392812.5,-17.28991
2800392968.75,-17.29227
2800393125.0,-17.29401
2800393281.25,-17.29647
2800393437.5,-17.2978
2800393593.75,-17.29856
2800393750.0,-17.30073
2800393906.25,-17.30352
2800394062.5,-17.30519
2800394218.75,-17.30721
2800394375.0,-17.30919
2800394531.25,-17.31148
2800394687.5,-17.3137
2800394843.75,-17.31416
2800395000.0,-17.31713
2800395156.25,-17.3183
2800395312.5,-17.31919
2800395468.75,-17.32259
2800395625.0,-17.32356
2800395781.25,-17.32681
2800395937.5,-17.32749
2800396093.75,-17.33055
2800396250.0,-17.33289
2800396406.25,-17.33326
2800396562.5,-17.33478
2800396718.75,-17.33653
2800396875.0,-17.33833
2800397031.25,-17.34216
2800397187.5,-17.3422
2800397343.75,-17.34416
2800397500.0,-17.34631
2800397656.25,-17.3493
2800397812.5,-17.35019
2800397968.75,-17.35306
2800398125.0,-17.3546
2800398281.25,-17.35657
2800398437.5,-17.35701
2800398593.75,-17.35856
2800398750.0,-17.36077
2800398906.25,-17.36405
2800399062.5,-17.36403
2800399218.75,-17.36694
2800399375.0,-17.36981
2800399531.25,-17.37069
2800399687.5,-17.37267
2800399843.75,-17.37429
2800400000.0,-17.37608
2800400156.25,-17.37823
2800400312.5,-17.3808
2800400468.75,-17.38
2800400625.0,-17.38377
2800400781.25,-17.38608
2800400937.5,-17.38673
2800401093.75,-17.38839
2800401250.0,-17.39016
2800401406.25,-17.39264
2800401562.5,-17.39528
2800401718.75,-17.39641
2800401875.0,-17.3987
2800402031.25,-17.40078
2800402187.5,-17.40212
2800402343.75,-17.40427
2800402500.0,-17.40722
2800402656.25,-17.40721
2800402812.5,-17.40892
2800402968.75,-17.411
2800403125.0,-17.41285
2800403281.25,-17.41451
2800403437.5,-17.41864
2800403593.75,-17.41913
2800403750.0,-17.41939
2800403906.25,-17.42247
2800404062.5,-17.42503
2800404218.75,-17.42489
2800404375.0,-17.42705
2800404531.25,-17.43079
2800404687.5,-17.43117
2800404843.75,-17.43356
2800405000.0,-17.4344
2800405156.25,-17.43748
2800405312.5,-17.43953
2800405468.75,-17.44031
2800405625.0,-17.4418
2800405781.25,-17.44525
2800405937.5,-17.44526
2800406093.75,-17.44912
2800406250.0,-17.44987
2800406406.25,-17.45136
2800406562.5,-17.45318
2800406718.75,-17.45699
2800406875.0,-17.45814
2800407031.25,-17.45943
2800407187.5,-17.46165
2800407343.75,-17.46381
2800407500.0,-17.46462
2800407656.25,-17.46688
2800407812.5,-17.46878
2800407968.75,-17.47005
2800408125.0,-17.4714
2800408281.25,-17.47405
2800408437.5,-17.47671
2800408593.75,-17.47862
2800408750.0,-17.48009
2800408906.25,-17.48218
2800409062.5,-17.48359
2800409218.75,-17.48477
2800409375.0,-17.48622
2800409531.25,-17.48949
2800409687.5,-17.49011
2800409843.75,-17.49243
2800410000.0,-17.49515
2800410156.25,-17.49574
2800410312.5,-17.49743
2800410468.75,-17.49904
2800410625.0,-17.50009
2800410781.25,-17.50416
2800410937.5,-17.50629
2800411093.75,-17.50591
2800411250.0,-17.5084
2800411406.25,-17.51225
2800411562.5,-17.51346
2800411718.75,-17.51306
2800411875.0,-17.51723
2800412031.25,-17.51836
2800412187.5,-17.52056
2800412343.75,-17.52279
2800412500.0,-17.52253
2800412656.25,-17.52566
2800412812.5,-17.52654
2800412968.75,-17.52963
2800413125.0,-17.52984
2800413281.25,-17.53266
2800413437.5,-17.5349
2800413593.75,-17.53716
2800413750.0,-17.53771
2800413906.25,-17.54021
2800414062.5,-17.54323
2800414218.75,-17.54286
2800414375.0,-17.54494
2800414531.25,-17.54684
2800414687.5,-17.54922
2800414843.75,-17.55133
2800415000.0,-17.55334
2800415156.25,-17.55412
2800415312.5,-17.55639
2800415468.75,-17.55756
2800415625.0,-17.55922
2800415781.25,-17.56151
2800415937.5,-17.56417
2800416093.75,-17.56644
2800416250.0,-17.56797
2800416406.25,-17.56888
2800416562.5,-17.5704
2800416718.75,-17.57263
2800416875.0,-17.57436
2800417031.25,-17.57685
2800417187.5,-17.57831
2800417343.75,-17.58119
2800417500.0,-17.58128
2800417656.25,-17.58313
2800417812.5,-17.58588
2800417968.75,-17.58774
2800418125.0,-17.5882
2800418281.25,-17.59035
2800418437.5,-17.59281
2800418593.75,-17.59548
2800418750.0,-17.59808
2800418906.25,-17.59682
2800419062.5,-17.60043
2800419218.75,-17.60213
2800419375.0,-17.60432
2800419531.25,-17.60666
2800419687.5,-17.60745
2800419843.75,-17.60831
2800420000.0,-17.61117
2800420156.25,-17.61363
2800420312.5,-17.61531
2800420468.75,-17.61665
2800420625.0,-17.61705
2800420781.25,-17.61962
2800420937.5,-17.62164
2800421093.75,-17.62418
2800421250.0,-17.62712
2800421406.25,-17.628
2800421562.5,-17.62775
2800421718.75,-17.63094
2800421875.0,-17.63263
2800422031.25,-17.63416
2800422187.5,-17.6376
2800422343.75,-17.63713
2800422500.0,-17.63858
2800422656.25,-17.64163
2800422812.5,-17.64329
2800422968.75,-17.64778
2800423125.0,-17.64739
2800423281.25,-17.6484
2800423437.5,-17.65163
2800423593.75,-17.65207
2800423750.0,-17.65413
2800423906.25,-17.65556
2800424062.5,-17.65768
2800424218.75,-17.65914
2800424375.0,-17.66078
2800424531.25,-17.6632
2800424687.5,-17.66441
2800424843.75,-17.66581
2800425000.0,-17.66838
2800425156.25,-17.66828
2800425312.5,-17.67102
2800425468.75,-17.67419
2800425625.0,-17.67661
2800425781.25,-17.6774
2800425937.5,-17.67898
2800426093.75,-17.67991
2800426250.0,-17.68203
2800426406.25,-17.68584
2800426562.5,-17.68616
2800426718.75,-17.68952
2800426875.0,-17.69059
2800427031.25,-17.69138
2800427187.5,-17.69256
2800427343.75,-17.69508
2800427500.0,-17.69836
2800427656.25,-17.69939
2800427812.5,-17.70068
2800427968.75,-17.70397
2800428125.0,-17.70539
2800428281.25,-17.70649
2800428437.5,-17.70776
2800428593.75,-17.70876
2800428750.0,-17.71348
2800428906.25,-17.71439
2800429062.5,-17.7146
2800429218.75,-17.71762
2800429375.0,-17.71856
2800429531.25,-17.71969
2800429687.5,-17.72248
2800429843.75,-17.72538
2800430000.0,-17.72716
2800430156.25,-17.72741
2800430312.5,-17.73002
2800430468.75,-17.73185
2800430625.0,-17.73261
2800430781.25,-17.73613
2800430937.5,-17.73618
2800431093.75,-17.73944
2800431250.0,-17.74036
2800431406.25,-17.7425
2800431562.5,-17.74458
2800431718.75,-17.74462
2800431875.0,-17.74686
2800432031.25,-17.74917
2800432187.5,-17.75111
2800432343.75,-17.75324
2800432500.0,-17.75445
2800432656.25,-17.7558
2800432812.5,-17.75851
2800432968.75,-17.76217
2800433125.0,-17.76294
2800433281.25,-17.76321
2800433437.5,-17.76602
2800433593.75,-17.76795
2800433750.0,-17.76951
2800433906.25,-17.77137
2800434062.5,-17.77289
2800434218.75,-17.77585
2800434375.0,-17.77868
2800434531.25,-17.7777
2800434687.5,-17.78206
2800434843.75,-17.78201
2800435000.0,-17.78469
2800435156.25,-17.78543
2800435312.5,-17.78594
2800435468.75,-17.78865
2800435625.0,-17.79022
2800435781.25,-17.7932
2800435937.5,-17.79374
2800436093.75,-17.79543
2800436250.0,-17.79618
2800436406.25,-17.79753
2800436562.5,-17.80095
2800436718.75,-17.80245
2800436875.0,-17.80417
2800437031.25,-17.80505
2800437187.5,-17.80873
2800437343.75,-17.80962
2800437500.0,-17.81106
2800437656.25,-17.81271
2800437812.5,-17.81632
2800437968.75,-17.81676
2800438125.0,-17.81839
2800438281.25,-17.81881
2800438437.5,-17.823
2800438593.75,-17.82537
2800438750.0,-17.8256
2800438906.25,-17.82844
2800439062.5,-17.82805
2800439218.75,-17.83
2800439375.0,-17.83343
2800439531.25,-17.83562
2800439687.5,-17.83748
2800439843.75,-17.83753
2800440000.0,-17.83984
2800440156.25,-17.84152
2800440312.5,-17.84275
2800440468.75,-17.84662
2800440625.0,-17.84806
2800440781.25,-17.84953
2800440937.5,-17.8499
2800441093.75,-17.85299
2800441250.0,-17.85408
2800441406.25,-17.85567
2800441562.5,-17.8572
2800441718.75,-17.85912
2800441875.0,-17.85985
2800442031.25,-17.86314
2800442187.5,-17.86523
2800442343.75,-17.86773
2800442500.0,-17.86703
2800442656.25,-17.87148
2800442812.5,-17.87147
2800442968.75,-17.874
2800443125.0,-17.87531
2800443281.25,-17.87676
2800443437.5,-17.87937
2800443593.75,-17.88039
2800443750.0,-17.88377
2800443906.25,-17.88358
2800444062.5,-17.88443
2800444218.75,-17.88869
2800444375.0,-17.89
2800444531.25,-17.89066
2800444687.5,-17.89363
2800444843.75,-17.89393
2800445000.0,-17.89615
2800445156.25,-17.89835
2800445312.5,-17.9004
2800445468.75,-17.9017
2800445625.0,-17.90384
2800445781.25,-17.90397
2800445937.5,-17.90734
2800446093.75,-17.90983
2800446250.0,-17.9117
2800446406.25,-17.91339
2800446562.5,-17.91236
2800446718.75,-17.91599
2800446875.0,-17.91836
2800447031.25,-17.92008
2800447187.5,-17.9215
2800447343.75,-17.92293
2800447500.0,-17.92404
2800447656.25,-17.92719
2800447812.5,-17.92929
2800447968.75,-17.92898
2800448125.0,-17.93117
2800448281.25,-17.93285
2800448437.5,-17.9354
2800448593.75,-17.93656
2800448750.0,-17.93853
2800448906.25,-17.94065
2800449062.5,-17.94036
2800449218.75,-17.94311
2800449375.0,-17.94592
2800449531.25,-17.94787
2800449687.5,-17.94933
2800449843.75,-17.94913
2800450000.0,-17.95176
2800450156.25,-17.95465
2800450312.5,-17.95612
2800450468.75,-17.9578
2800450625.0,-17.95942
2800450781.25,-17.96065
2800450937.5,-17.9628
2800451093.75,-17.96589
2800451250.0,-17.96618
2800451406.25,-17.96719
2800451562.5,-17.96974
2800451718.75,-17.97239
2800451875.0,-17.97334
2800452031.25,-17.97491
2800452187.5,-17.97665
2800452343.75,-17.97973
2800452500.0,-17.98097
2800452656.25,-17.9817
2800452812.5,-17.98427
2800452968.75,-17.98606
2800453125.0,-17.98777
2800453281.25,-17.98953
2800453437.5,-17.98965
2800453593.75,-17.99452
2800453750.0,-17.99273
2800453906.25,-17.99512
2800454062.5,-17.99846
2800454218.75,-17.9994
2800454375.0,-17.99939
2800454531.25,-18.00352
2800454687.5,-18.00561
2800454843.75,-18.0064
2800455000.0,-18.00874
2800455156.25,-18.01085
2800455312.5,-18.01158
2800455468.75,-18.01433
2800455625.0,-18.01575
2800455781.25,-18.01667
2800455937.5,-18.01966
2800456093.75,-18.01972
2800456250.0,-18.02171
2800456406.25,-18.02452
2800456562.5,-18.02512
2800456718.75,-18.02721
2800456875.0,-18.02777
2800457031.25,-18.03065
2800457187.5,-18.03344
2800457343.75,-18.03418
2800457500.0,-18.03561
2800457656.25,-18.03684
2800457812.5,-18.03954
2800457968.75,-18.04035
2800458125.0,-18.04306
2800458281.25,-18.04555
2800458437.5,-18.04642
2800458593.75,-18.04662
2800458750.0,-18.04961
2800458906.25,-18.05084
2800459062.5,-18.05367
2800459218.75,-18.05466
2800459375.0,-18.05692
2800459531.25,-18.05972
2800459687.5,-18.05989
2800459843.75,-18.06183
2800460000.0,-18.06468
2800460156.25,-18.06578
2800460312.5,-18.06688
2800460468.75,-18.06799
2800460625.0,-18.07085
2800460781.25,-18.07213
2800460937.5,-18.07339
2800461093.75,-18.07501
2800461250.0,-18.07775
2800461406.25,-18.07864
2800461562.5,-18.08093
2800461718.75,-18.08257
2800461875.0,-18.08391
2800462031.25,-18.08628
2800462187.5,-18.08854
2800462343.75,-18.08921
2800462500.0,-18.09273
2800462656.25,-18.09356
2800462812.5,-18.09534
2800462968.75,-18.09756
2800463125.0,-18.09719
2800463281.25,-18.10126
2800463437.5,-18.10036
2800463593.75,-18.10246
2800463750.0,-18.10386
2800463906.25,-18.105
2800464062.5,-18.10982
2800464218.75,-18.11146
2800464375.0,-18.11224
2800464531.25,-18.11311
2800464687.5,-18.11522
2800464843.75,-18.11728
2800465000.0,-18.11867
2800465156.25,-18.12035
2800465312.5,-18.12252
2800465468.75,-18.12334
2800465625.0,-18.12606
2800465781.25,-18.12758
2800465937.5,-18.12936
2800466093.75,-18.13137
2800466250.0,-18.13096
2800466406.25,-18.13463
2800466562.5,-18.13572
2800466718.75,-18.13817
2800466875.0,-18.13834
2800467031.25,-18.14132
2800467187.5,-18.14378
2800467343.75,-18.1455
2800467500.0,-18.1455
2800467656.25,-18.14831
2800467812.5,-18.15059
2800467968.75,-18.15078
2800468125.0,-18.15227
2800468281.25,-18.15623
2800468437.5,-18.15629
2800468593.75,-18.15919
2800468750.0,-18.16124
2800468906.25,-18.16142
2800469062.5,-18.16324
2800469218.75,-18.16548
2800469375.0,-18.16628
2800469531.25,-18.16807
2800469687.5,-18.16958
2800469843.75,-18.17264
2800470000.0,-18.17576
2800470156.25,-18.17557
2800470312.5,-18.17849
2800470468.75,-18.17901
2800470625.0,-18.1811
2800470781.25,-18.18193
2800470937.5,-18.18341
2800471093.75,-18.18691
2800471250.0,-18.18716
2800471406.25,-18.19052
2800471562.5,-18.19037
2800471718.75,-18.19256
2800471875.0,-18.19372
2800472031.25,-18.19597
2800472187.5,-18.19701
2800472343.75,-18.19916
2800472500.0,-18.20101
2800472656.25,-18.20243
2800472812.5,-18.20428
2800472968.75,-18.20588
2800473125.0,-18.20787
2800473281.25,-18.21004
2800473437.5,-18.21274
2800473593.75,-18.21315
2800473750.0,-18.21609
2800473906.25,-18.21678
2800474062.5,-18.21847
2800474218.75,-18.22004
2800474375.0,-18.22133
2800474531.25,-18.22431
2800474687.5,-18.22526
2800474843.75,-18.22591
2800475000.0,-18.22759
2800475156.25,-18.23004
2800475312.5,-18.23105
2800475468.75,-18.2336
2800475625.0,-18.23529
2800475781.25,-18.23697
2800475937.5,-18.23809
2800476093.75,-18.24063
2800476250.0,-18.24222
2800476406.25,-18.24418
2800476562.5,-18.24623
2800476718.75,-18.24647
2800476875.0,-18.24738
2800477031.25,-18.25065
2800477187.5,-18.25001
2800477343.75,-18.25537
2800477500.0,-18.25609
2800477656.25,-18.2572
2800477812.5,-18.25943
2800477968.75,-18.2614
2800478125.0,-18.26216
2800478281.25,-18.26502
2800478437.5,-18.26561
2800478593.75,-18.26535
2800478750.0,-18.26881
2800478906.25,-18.27225
2800479062.5,-18.27185
2800479218.75,-18.27526
2800479375.0,-18.27605
2800479531.25,-18.279
2800479687.5,-18.27857
2800479843.75,-18.2815
2800480000.0,-18.28288
2800480156.25,-18.28437
2800480312.5,-18.28629
2800480468.75,-18.28772
2800480625.0,-18.29137
2800480781.25,-18.29123
2800480937.5,-18.29343
2800481093.75,-18.29503
2800481250.0,-18.2958
2800481406.25,-18.2986
2800481562.5,-18.29915
2800481718.75,-18.30219
2800481875.0,-18.30156
2800482031.25,-18.30619
2800482187.5,-18.30574
2800482343.75,-18.30765
2800482500.0,-18.31064
2800482656.25,-18.31141
2800482812.5,-18.31154
2800482968.75,-18.315
2800483125.0,-18.31669
2800483281.25,-18.31801
2800483437.5,-18.32014
2800483593.75,-18.32152
2800483750.0,-18.32342
2800483906.25,-18.32619
2800484062.5,-18.3268
2800484218.75,-18.32846
2800484375.0,-18.32931
2800484531.25,-18.33062
2800484687.5,-18.3317
2800484843.75,-18.33391
2800485000.0,-18.33778
2800485156.25,-18.33837
2800485312.5,-18.33918
2800485468.75,-18.34296
2800485625.0,-18.34371
2800485781.25,-18.34604
2800485937.5,-18.34655
2800486093.75,-18.34863
2800486250.0,-18.3491
2800486406.25,-18.35085
2800486562.5,-18.35394
2800486718.75,-18.35577
2800486875.0,-18.35676
2800487031.25,-18.35951
2800487187.5,-18.36072
2800487343.75,-18.36219
2800487500.0,-18.36393
2800487656.25,-18.36548
2800487812.5,-18.36539
2800487968.75,-18.36848
2800488125.0,-18.36889
2800488281.25,-18.37135
2800488437.5,-18.37228
2800488593.75,-18.37589
2800488750.0,-18.37683
2800488906.25,-18.37953
2800489062.5,-18.37976
2800489218.75,-18.38203
2800489375.0,-18.3841
2800489531.25,-18.38477
2800489687.5,-18.38707
2800489843.75,-18.38986
2800490000.0,-18.39069
2800490156.25,-18.39235
2800490312.5,-18.39399
2800490468.75,-18.39458
2800490625.0,-18.39721
2800490781.25,-18.39934
2800490937.5,-18.40146
2800491093.75,-18.40105
2800491250.0,-18.40292
2800491406.25,-18.40512
2800491562.5,-18.407
2800491718.75,-18.41032
2800491875.0,-18.40984
2800492031.25,-18.41232
2800492187.5,-18.41354
2800492343.75,-18.41417
2800492500.0,-18.41724
2800492656.25,-18.41872
2800492812.5,-18.42104
2800492968.75,-18.42153
2800493125.0,-18.42335
2800493281.25,-18.42348
2800493437.5,-18.42722
2800493593.75,-18.42875
2800493750.0,-18.42857
2800493906.25,-18.43302
2800494062.5,-18.43403
2800494218.75,-18.43543
2800494375.0,-18.43744
2800494531.25,-18.43954
2800494687.5,-18.44114
2800494843.75,-18.44235
2800495000.0,-18.44207
2800495156.25,-18.44796
2800495312.5,-18.44768
2800495468.75,-18.44862
2800495625.0,-18.45047
2800495781.25,-18.45205
2800495937.5,-18.45325
2800496093.75,-18.45427
2800496250.0,-18.45645
2800496406.25,-18.45643
2800496562.5,-18.46199
2800496718.75,-18.46193
2800496875.0,-18.46475
2800497031.25,-18.46577
2800497187.5,-18.46738
2800497343.75,-18.46831
2800497500.0,-18.47041
2800497656.25,-18.47206
2800497812.5,-18.47277
2800497968.75,-18.4757
2800498125.0,-18.47728
2800498281.25,-18.47824
2800498437.5,-18.48093
2800498593.75,-18.4806
2800498750.0,-18.48409
2800498906.25,-18.48526
2800499062.5,-18.48514
2800499218.75,-18.4879
2800499375.0,-18.49022
2800499531.25,-18.49174
2800499687.5,-18.4937
2800499843.75,-18.49438
2800500000.0,-18.49571
2800500156.25,-18.49786
2800500312.5,-18.50176
2800500468.75,-18.50268
2800500625.0,-18.50286
2800500781.25,-18.50464
2800500937.5,-18.50511
2800501093.75,-18.50819
2800501250.0,-18.5103
2800501406.25,-18.51118
2800501562.5,-18.51461
2800501718.75,-18.51556
2800501875.0,-18.51672
2800502031.25,-18.51865
2800502187.5,-18.5212
2800502343.75,-18.5203
2800502500.0,-18.52368
2800502656.25,-18.52502
2800502812.5,-18.52705
2800502968.75,-18.52856
2800503125.0,-18.52809
2800503281.25,-18.5308
2800503437.5,-18.53312
2800503593.75,-18.535
2800503750.0,-18.5372
2800503906.25,-18.537
2800504062.5,-18.5374
2800504218.75,-18.54004
2800504375.0,-18.54213
2800504531.25,-18.54559
2800504687.5,-18.54742
2800504843.75,-18.54877
2800505000.0,-18.5514
2800505156.25,-18.55133
2800505312.5,-18.55408
2800505468.75,-18.55433
2800505625.0,-18.55641
2800505781.25,-18.557
2800505937.5,-18.55888
2800506093.75,-18.56
2800506250.0,-18.56254
2800506406.25,-18.5636
2800506562.5,-18.56647
2800506718.75,-18.56751
2800506875.0,-18.56863
2800507031.25,-18.57196
2800507187.5,-18.56963
2800507343.75,-18.57351
2800507500.0,-18.57704
2800507656.25,-18.57574
2800507812.5,-18.57936
2800507968.75,-18.58086
2800508125.0,-18.58166
2800508281.25,-18.58452
2800508437.5,-18.58735
2800508593.75,-18.58784
2800508750.0,-18.59017
2800508906.25,-18.59079
2800509062.5,-18.59139
2800509218.75,-18.59342
2800509375.0,-18.59412
2800509531.25,-18.59745
2800509687.5,-18.59826
2800509843.75,-18.60116
2800510000.0,-18.60312
2800510156.25,-18.60291
2800510312.5,-18.60643
2800510468.75,-18.60661
2800510625.0,-18.60944
2800510781.25,-18.61005
2800510937.5,-18.61279
2800511093.75,-18.61344
2800511250.0,-18.61522
2800511406.25,-18.61763
2800511562.5,-18.61875
2800511718.75,-18.62076
2800511875.0,-18.62389
2800512031.25,-18.62287
2800512187.5,-18.62539
2800512343.75,-18.62483
2800512500.0,-18.62843
2800512656.25,-18.62965
2800512812.5,-18.63132
2800512968.75,-18.63353
2800513125.0,-18.63521
2800513281.25,-18.63675
2800513437.5,-18.63896
2800513593.75,-18.64044
2800513750.0,-18.64171
2800513906.25,-18.64332
2800514062.5,-18.64413
2800514218.75,-18.64691
2800514375.0,-18.64924
2800514531.25,-18.64979
2800514687.5,-18.6518
2800514843.75,-18.65307
2800515000.0,-18.65421
2800515156.25,-18.65278
2800515312.5,-18.6583
2800515468.75,-18.66035
2800515625.0,-18.66015
2800515781.25,-18.66123
2800515937.5,-18.66391
2800516093.75,-18.66558
2800516250.0,-18.66699
2800516406.25,-18.66832
2800516562.5,-18.66843
2800516718.75,-18.6713
2800516875.0,-18.67385
2800517031.25,-18.67596
2800517187.5,-18.67644
2800517343.75,-18.67842
2800517500.0,-18.6809
2800517656.25,-18.68147
2800517812.5,-18.68395
2800517968.75,-18.68585
2800518125.0,-18.68791
2800518281.25,-18.6882
2800518437.5,-18.68963
2800518593.75,-18.69203
2800518750.0,-18.69364
2800518906.25,-18.69569
2800519062.5,-18.69661
2800519218.75,-18.69637
2800519375.0,-18.70013
2800519531.25,-18.70167
2800519687.5,-18.70418
2800519843.75,-18.70448
2800520000.0,-18.70717
2800520156.25,-18.70669
2800520312.5,-18.70827
2800520468.75,-18.71159
2800520625.0,-18.71277
2800520781.25,-18.71456
2800520937.5,-18.71683
2800521093.75,-18.71774
2800521250.0,-18.71921
2800521406.25,-18.72073
2800521562.5,-18.72254
2800521718.75,-18.72283
2800521875.0,-18.72553
2800522031.25,-18.72777
2800522187.5,-18.73122
2800522343.75,-18.73103
2800522500.0,-18.7315
2800522656.25,-18.73316
2800522812.5,-18.73507
2800522968.75,-18.73773
2800523125.0,-18.73903
2800523281.25,-18.74126
2800523437.5,-18.74037
2800523593.75,-18.74283
2800523750.0,-18.74471
2800523906.25,-18.74655
2800524062.5,-18.74753
2800524218.75,-18.7488
2800524375.0,-18.75147
2800524531.25,-18.75328
2800524687.5,-18.75564
2800524843.75,-18.75618
2800525000.0,-18.76002
2800525156.25,-18.75836
2800525312.5,-18.76052
2800525468.75,-18.76161
2800525625.0,-18.76328
2800525781.25,-18.76443
2800525937.5,-18.7658
2800526093.75,-18.76988
2800526250.0,-18.76974
2800526406.25,-18.77431
2800526562.5,-18.77346
2800526718.75,-18.77646
2800526875.0,-18.77687
2800527031.25,-18.77739
2800527187.5,-18.77993
2800527343.75,-18.77998
2800527500.0,-18.78318
2800527656.25,-18.78627
2800527812.5,-18.78617
2800527968.75,-18.78743
2800528125.0,-18.79073
2800528281.25,-18.79069
2800528437.5,-18.79388
2800528593.75,-18.79584
2800528750.0,-18.79454
2800528906.25,-18.79689
2800529062.5,-18.80111
2800529218.75,-18.80243
2800529375.0,-18.80312
2800529531.25,-18.80513
2800529687.5,-18.80687
2800529843.75,-18.80681
2800530000.0,-18.80641
2800530156.25,-18.81211
2800530312.5,-18.81318
2800530468.75,-18.81333
2800530625.0,-18.81616
2800530781.25,-18.81765
2800530937.5,-18.81881
2800531093.75,-18.81959
2800531250.0,-18.82231
2800531406.25,-18.82337
2800531562.5,-18.8263
2800531718.75,-18.82745
2800531875.0,-18.82875
2800532031.25,-18.82995
2800532187.5,-18.83142
2800532343.75,-18.83315
2800532500.0,-18.83393
2800532656.25,-18.83822
2800532812.5,-18.83807
2800532968.75,-18.84041
2800533125.0,-18.84291
2800533281.25,-18.84264
2800533437.5,-18.84389
2800533593.75,-18.84493
2800533750.0,-18.84598
2800533906.25,-18.84978
2800534062.5,-18.85008
2800534218.75,-18.85267
2800534375.0,-18.8532
2800534531.25,-18.85558
2800534687.5,-18.8577
2800534843.75,-18.85887
2800535000.0,-18.86018
2800535156.25,-18.86113
2800535312.5,-18.86352
2800535468.75,-18.86676
2800535625.0,-18.86714
2800535781.25,-18.86819
2800535937.5,-18.8703
2800536093.75,-18.8707
2800536250.0,-18.87341
2800536406.25,-18.87395
2800536562.5,-18.8767
2800536718.75,-18.87704
2800536875.0,-18.87984
2800537031.25,-18.88114
2800537187.5,-18.8831
2800537343.75,-18.8841
2800537500.0,-18.88511
2800537656.25,-18.88792
2800537812.5,-18.89031
2800537968.75,-18.89067
2800538125.0,-18.89211
2800538281.25,-18.89382
2800538437.5,-18.89614
2800538593.75,-18.89603
2800538750.0,-18.89864
2800538906.25,-18.90012
2800539062.5,-18.90227
2800539218.75,-18.90449
2800539375.0,-18.90384
2800539531.25,-18.90743
2800539687.5,-18.90893
2800539843.75,-18.90956
2800540000.0,-18.91148
2800540156.25,-18.91372
2800540312.5,-18.91351
2800540468.75,-18.91632
2800540625.0,-18.9189
2800540781.25,-18.91941
2800540937.5,-18.92053
2800541093.75,-18.92223
2800541250.0,-18.92452
2800541406.25,-18.92615
2800541562.5,-18.92686
2800541718.75,-18.92723
2800541875.0,-18.93078
2800542031.25,-18.93207
2800542187.5,-18.93202
2800542343.75,-18.93485
2800542500.0,-18.93769
2800542656.25,-18.93883
2800542812.5,-18.93844
2800542968.75,-18.94011
2800543125.0,-18.94297
2800543281.25,-18.94394
2800543437.5,-18.94602
2800543593.75,-18.94781
2800543750.0,-18.94893
2800543906.25,-18.94986
2800544062.5,-18.95405
2800544218.75,-18.95443
2800544375.0,-18.95665
2800544531.25,-18.95983
2800544687.5,-18.9593
2800544843.75,-18.95996
2800545000.0,-18.96266
2800545156.25,-18.96373
2800545312.5,-18.96514
2800545468.75,-18.96475
2800545625.0,-18.96833
2800545781.25,-18.96928
2800545937.5,-18.97075
2800546093.75,-18.97198
2800546250.0,-18.97298
2800546406.25,-18.97606
2800546562.5,-18.97616
2800546718.75,-18.97876
2800546875.0,-18.98095
2800547031.25,-18.98224
2800547187.5,-18.98421
2800547343.75,-18.98655
2800547500.0,-18.98686
2800547656.25,-18.98845
2800547812.5,-18.99008
2800547968.75,-18.99128
2800548125.0,-18.99397
2800548281.25,-18.99633
2800548437.5,-18.99742
2800548593.75,-18.99887
2800548750.0,-18.99967
2800548906.25,-19.00055
2800549062.5,-19.00177
2800549218.75,-19.00494
2800549375.0,-19.00555
2800549531.25,-19.00701
2800549687.5,-19.00967
2800549843.75,-19.01114
2800550000.0,-19.01261
2800550156.25,-19.01294
2800550312.5,-19.01382
2800550468.75,-19.01608
2800550625.0,-19.01758
2800550781.25,-19.01864
2800550937.5,-19.02085
2800551093.75,-19.02449
2800551250.0,-19.02501
2800551406.25,-19.0253
2800551562.5,-19.0277
2800551718.75,-19.02915
2800551875.0,-19.03042
2800552031.25,-19.03337
2800552187.5,-19.035
2800552343.75,-19.0329
2800552500.0,-19.03766
2800552656.25,-19.03861
2800552812.5,-19.03951
2800552968.75,-19.04183
2800553125.0,-19.04374
2800553281.25,-19.04465
2800553437.5,-19.04641
2800553593.75,-19.0494
2800553750.0,-19.04988
2800553906.25,-19.05229
2800554062.5,-19.05268
2800554218.75,-19.05589
2800554375.0,-19.05587
2800554531.25,-19.05683
2800554687.5,-19.05929
2800554843.75,-19.06058
2800555000.0,-19.06162
2800555156.25,-19.06432
2800555312.5,-19.06445
2800555468.75,-19.06604
2800555625.0,-19.0692
2800555781.25,-19.06951
2800555937.5,-19.07078
2800556093.75,-19.07532
2800556250.0,-19.07328
2800556406.25,-19.07614
2800556562.5,-19.07648
2800556718.75,-19.07856
2800556875.0,-19.08032
2800557031.25,-19.07999
2800557187.5,-19.08427
2800557343.75,-19.08635
2800557500.0,-19.08539
2800557656.25,-19.08843
2800557812.5,-19.08863
2800557968.75,-19.09297
2800558125.0,-19.09359
2800558281.25,-19.09476
2800558437.5,-19.09544
2800558593.75,-19.09595
2800558750.0,-19.09919
2800558906.25,-19.10193
2800559062.5,-19.10261
2800559218.75,-19.10409
2800559375.0,-19.10612
2800559531.25,-19.10785
2800559687.5,-19.10764
2800559843.75,-19.11095
2800560000.0,-19.11244
2800560156.25,-19.11139
2800560312.5,-19.11451
2800560468.75,-19.11454
2800560625.0,-19.11885
2800560781.25,-19.1201
2800560937.5,-19.12098
2800561093.75,-19.12391
2800561250.0,-19.12487
2800561406.25,-19.12528
2800561562.5,-19.12774
2800561718.75,-19.12961
2800561875.0,-19.13123
2800562031.25,-19.1318
2800562187.5,-19.13446
2800562343.75,-19.13746
2800562500.0,-19.13568
2800562656.25,-19.13776
2800562812.5,-19.14012
2800562968.75,-19.14184
2800563125.0,-19.14194
2800563281.25,-19.14455
2800563437.5,-19.14595
2800563593.75,-19.14672
2800563750.0,-19.14876
2800563906.25,-19.15126
2800564062.5,-19.15327
2800564218.75,-19.15616
2800564375.0,-19.15602
2800564531.25,-19.15673
2800564687.5,-19.1586
2800564843.75,-19.1593
2800565000.0,-19.16017
2800565156.25,-19.16387
2800565312.5,-19.16273
2800565468.75,-19.16616
2800565625.0,-19.16745
2800565781.25,-19.16888
2800565937.5,-19.171
2800566093.75,-19.17289
2800566250.0,-19.17468
2800566406.25,-19.1755
2800566562.5,-19.17775
2800566718.75,-19.17954
2800566875.0,-19.18009
2800567031.25,-19.18284
2800567187.5,-19.18466
2800567343.75,-19.18377
2800567500.0,-19.18501
2800567656.25,-19.18763
2800567812.5,-19.19023
2800567968.75,-19.19117
2800568125.0,-19.19232
2800568281.25,-19.19268
2800568437.5,-19.19605
2800568593.75,-19.19672
2800568750.0,-19.19671
2800568906.25,-19.1996
2800569062.5,-19.20122
2800569218.75,-19.20439
2800569375.0,-19.20288
2800569531.25,-19.20621
2800569687.5,-19.20686
2800569843.75,-19.20887
2800570000.0,-19.21082
2800570156.25,-19.21282
2800570312.5,-19.2124
2800570468.75,-19.21386
2800570625.0,-19.21745
2800570781.25,-19.21737
2800570937.5,-19.22112
2800571093.75,-19.22197
2800571250.0,-19.22231
2800571406.25,-19.22328
2800571562.5,-19.22601
2800571718.75,-19.22699
2800571875.0,-19.22914
2800572031.25,-19.23109
2800572187.5,-19.23319
2800572343.75,-19.23435
2800572500.0,-19.23486
2800572656.25,-19.23593
2800572812.5,-19.23785
2800572968.75,-19.2408
2800573125.0,-19.24185
2800573281.25,-19.24361
2800573437.5,-19.24423
2800573593.75,-19.24626
2800573750.0,-19.24721
2800573906.25,-19.24931
2800574062.5,-19.25099
2800574218.75,-19.25201
2800574375.0,-19.25274
2800574531.25,-19.25402
2800574687.5,-19.25546
2800574843.75,-19.2569
2800575000.0,-19.25886
2800575156.25,-19.26245
2800575312.5,-19.26276
2800575468.75,-19.26539
2800575625.0,-19.26687
2800575781.25,-19.26661
2800575937.5,-19.27044
2800576093.75,-19.27127
2800576250.0,-19.27151
2800576406.25,-19.27319
2800576562.5,-19.27498
2800576718.75,-19.27709
2800576875.0,-19.27845
2800577031.25,-19.27868
2800577187.5,-19.27998
2800577343.75,-19.28395
2800577500.0,-19.2822
2800577656.25,-19.28657
2800577812.5,-19.28544
2800577968.75,-19.2892
2800578125.0,-19.2906
2800578281.25,-19.29246
2800578437.5,-19.29356
2800578593.75,-19.29594
2800578750.0,-19.29839
2800578906.25,-19.29757
2800579062.5,-19.29866
2800579218.75,-19.30148
2800579375.0,-19.30217
2800579531.25,-19.30298
2800579687.5,-19.30504
2800579843.75,-19.30783
2800580000.0,-19.30962
2800580156.25,-19.31052
2800580312.5,-19.31223
2800580468.75,-19.31261
2800580625.0,-19.31336
2800580781.25,-19.31553
2800580937.5,-19.31862
2800581093.75,-19.31759
2800581250.0,-19.32021
2800581406.25,-19.32238
2800581562.5,-19.32288
2800581718.75,-19.32378
2800581875.0,-19.32735
2800582031.25,-19.32866
2800582187.5,-19.32904
2800582343.75,-19.33006
2800582500.0,-19.33307
2800582656.25,-19.33302
2800582812.5,-19.33607
2800582968.75,-19.33774
2800583125.0,-19.33926
2800583281.25,-19.33985
2800583437.5,-19.34066
2800583593.75,-19.34415
2800583750.0,-19.34547
2800583906.25,-19.34733
2800584062.5,-19.34786
2800584218.75,-19.34922
2800584375.0,-19.35026
2800584531.25,-19.35099
2800584687.5,-19.35396
2800584843.75,-19.35615
2800585000.0,-19.35639
2800585156.25,-19.35675
2800585312.5,-19.36075
2800585468.75,-19.3615
2800585625.0,-19.36343
2800585781.25,-19.36466
2800585937.5,-19.3665
2800586093.75,-19.36801
2800586250.0,-19.36932
2800586406.25,-19.36941
2800586562.5,-19.37221
2800586718.75,-19.37425
2800586875.0,-19.37377
2800587031.25,-19.37819
2800587187.5,-19.37658
2800587343.75,-19.37929
2800587500.0,-19.37961
2800587656.25,-19.38147
2800587812.5,-19.38228
2800587968.75,-19.38697
2800588125.0,-19.3885
2800588281.25,-19.38868
2800588437.5,-19.39075
2800588593.75,-19.39115
2800588750.0,-19.39456
2800588906.25,-19.39422
2800589062.5,-19.39633
2800589218.75,-19.3971
2800589375.0,-19.39831
2800589531.25,-19.40057
2800589687.5,-19.40304
2800589843.75,-19.4017
2800590000.0,-19.40464
2800590156.25,-19.40784
2800590312.5,-19.40804
2800590468.75,-19.41007
2800590625.0,-19.41227
2800590781.25,-19.41178
2800590937.5,-19.41319
2800591093.75,-19.41582
2800591250.0,-19.41841
2800591406.25,-19.41732
2800591562.5,-19.42035
2800591718.75,-19.42062
2800591875.0,-19.42405
2800592031.25,-19.4239
2800592187.5,-19.42642
2800592343.75,-19.42733
2800592500.0,-19.43176
2800592656.25,-19.43205
2800592812.5,-19.4311
2800592968.75,-19.43426
2800593125.0,-19.43607
2800593281.25,-19.4373
2800593437.5,-19.43938
2800593593.75,-19.44045
2800593750.0,-19.44047
2800593906.25,-19.44305
2800594062.5,-19.44365
2800594218.75,-19.44658
2800594375.0,-19.44686
2800594531.25,-19.44815
2800594687.5,-19.44921
2800594843.75,-19.45259
2800595000.0,-19.45455
2800595156.25,-19.45297
2800595312.5,-19.45678
2800595468.75,-19.45841
2800595625.0,-19.46111
2800595781.25,-19.46091
2800595937.5,-19.46383
2800596093.75,-19.46463
2800596250.0,-19.46411
2800596406.25,-19.46718
2800596562.5,-19.46712
2800596718.75,-19.47001
2800596875.0,-19.46969
2800597031.25,-19.47265
2800597187.5,-19.47315
2800597343.75,-19.47499
2800597500.0,-19.48025
2800597656.25,-19.47891
2800597812.5,-19.48138
2800597968.75,-19.47957
2800598125.0,-19.4828
2800598281.25,-19.48528
2800598437.5,-19.48601
2800598593.75,-19.48912
2800598750.0,-19.48758
2800598906.25,-19.49214
2800599062.5,-19.49209
2800599218.75,-19.49426
2800599375.0,-19.49506
2800599531.25,-19.49632
2800599687.5,-19.49921
2800599843.75,-19.50134
2800600000.0,-19.50024
2800600156.25,-19.50315
2800600312.5,-19.50336
2800600468.75,-19.506
2800600625.0,-19.50661
2800600781.25,-19.50713
2800600937.5,-19.51072
2800601093.75,-19.51215
2800601250.0,-19.51246
2800601406.25,-19.51475
2800601562.5,-19.51728
2800601718.75,-19.51674
2800601875.0,-19.51917
2800602031.25,-19.51999
2800602187.5,-19.52026
2800602343.75,-19.52361
2800602500.0,-19.52521
2800602656.25,-19.52595
2800602812.5,-19.52769
2800602968.75,-19.52971
2800603125.0,-19.53163
2800603281.25,-19.53218
2800603437.5,-19.533
2800603593.75,-19.53536
2800603750.0,-19.53582
2800603906.25,-19.53941
2800604062.5,-19.5401
2800604218.75,-19.53988
2800604375.0,-19.54216
2800604531.25,-19.54377
2800604687.5,-19.54559
2800604843.75,-19.54604
2800605000.0,-19.55142
2800605156.25,-19.54964
2800605312.5,-19.55224
2800605468.75,-19.55263
2800605625.0,-19.55466
2800605781.25,-19.55495
2800605937.5,-19.55773
2800606093.75,-19.55856
2800606250.0,-19.56017
2800606406.25,-19.56424
2800606562.5,-19.56259
2800606718.75,-19.56555
2800606875.0,-19.56682
2800607031.25,-19.56878
2800607187.5,-19.56937
2800607343.75,-19.56946
2800607500.0,-19.57258
2800607656.25,-19.57228
2800607812.5,-19.57475
2800607968.75,-19.5762
2800608125.0,-19.57638
2800608281.25,-19.57919
2800608437.5,-19.58103
2800608593.75,-19.58253
2800608750.0,-19.58355
2800608906.25,-19.58623
2800609062.5,-19.58859
2800609218.75,-19.58908
2800609375.0,-19.59056
2800609531.25,-19.58977
2800609687.5,-19.59259
2800609843.75,-19.59337
2800610000.0,-19.59715
2800610156.25,-19.59693
2800610312.5,-19.59891
2800610468.75,-19.60071
2800610625.0,-19.60091
2800610781.25,-19.60328
2800610937.5,-19.60534
2800611093.75,-19.60741
2800611250.0,-19.60717
2800611406.25,-19.60762
2800611562.5,-19.61107
2800611718.75,-19.61428
2800611875.0,-19.61417
2800612031.25,-19.61474
2800612187.5,-19.61705
2800612343.75,-19.61866
2800612500.0,-19.61744
2800612656.25,-19.62124
2800612812.5,-19.62388
2800612968.75,-19.62327
2800613125.0,-19.62405
2800613281.25,-19.62661
2800613437.5,-19.62871
2800613593.75,-19.62914
2800613750.0,-19.63006
2800613906.25,-19.63201
2800614062.5,-19.63577
2800614218.75,-19.635
2800614375.0,-19.63627
2800614531.25,-19.63933
2800614687.5,-19.63998
2800614843.75,-19.64054
2800615000.0,-19.64093
2800615156.25,-19.64368
2800615312.5,-19.64501
2800615468.75,-19.64818
2800615625.0,-19.64835
2800615781.25,-19.65127
2800615937.5,-19.652
2800616093.75,-19.65241
2800616250.0,-19.65538
2800616406.25,-19.65783
2800616562.5,-19.65795
2800616718.75,-19.65841
2800616875.0,-19.65949
2800617031.25,-19.66336
2800617187.5,-19.66368
2800617343.75,-19.66529
2800617500.0,-19.66439
2800617656.25,-19.67009
2800617812.5,-19.66703
2800617968.75,-19.67177
2800618125.0,-19.67273
2800618281.25,-19.67332
2800618437.5,-19.67564
2800618593.75,-19.67673
2800618750.0,-19.67727
2800618906.25,-19.68105
2800619062.5,-19.68129
2800619218.75,-19.68125
2800619375.0,-19.6819
2800619531.25,-19.68556
2800619687.5,-19.68915
2800619843.75,-19.68938
2800620000.0,-19.68837
2800620156.25,-19.69032
2800620312.5,-19.69225
2800620468.75,-19.69424
2800620625.0,-19.6948
2800620781.25,-19.69564
2800620937.5,-19.69836
2800621093.75,-19.70039
2800621250.0,-19.70114
2800621406.25,-19.70291
2800621562.5,-19.70343
2800621718.75,-19.70538
2800621875.0,-19.70756
2800622031.25,-19.70868
2800622187.5,-19.71105
2800622343.75,-19.71059
2800622500.0,-19.71558
2800622656.25,-19.71614
2800622812.5,-19.71536
2800622968.75,-19.71939
2800623125.0,-19.71959
2800623281.25,-19.71988
2800623437.5,-19.72305
2800623593.75,-19.72208
2800623750.0,-19.72475
2800623906.25,-19.72565
2800624062.5,-19.72842
2800624218.75,-19.72946
2800624375.0,-19.73095
2800624531.25,-19.73145
2800624687.5,-19.73319
2800624843.75,-19.73502
2800625000.0,-19.73463
2800625156.25,-19.73628
2800625312.5,-19.74018
2800625468.75,-19.74071
2800625625.0,-19.74224
2800625781.25,-19.74309
2800625937.5,-19.74307
2800626093.75,-19.74815
2800626250.0,-19.74925
2800626406.25,-19.75089
2800626562.5,-19.75154
2800626718.75,-19.75241
2800626875.0,-19.75317
2800627031.25,-19.75441
2800627187.5,-19.75682
2800627343.75,-19.75896
2800627500.0,-19.76028
2800627656.25,-19.76259
2800627812.5,-19.76209
2800627968.75,-19.76417
2800628125.0,-19.76564
2800628281.25,-19.76682
2800628437.5,-19.76726
2800628593.75,-19.76809
2800628750.0,-19.77096
2800628906.25,-19.77132
2800629062.5,-19.7742
2800629218.75,-19.77513
2800629375.0,-19.77628
2800629531.25,-19.77885
2800629687.5,-19.7789
2800629843.75,-19.7798
2800630000.0,-19.78085
2800630156.25,-19.78468
2800630312.5,-19.78387
2800630468.75,-19.78535
2800630625.0,-19.78941
2800630781.25,-19.7901
2800630937.5,-19.7901
2800631093.75,-19.79185
2800631250.0,-19.79394
2800631406.25,-19.79531
2800631562.5,-19.79808
2800631718.75,-19.79817
2800631875.0,-19.79985
2800632031.25,-19.80124
2800632187.5,-19.80168
2800632343.75,-19.80443
2800632500.0,-19.80557
2800632656.25,-19.80598
2800632812.5,-19.80816
2800632968.75,-19.81088
2800633125.0,-19.81183
2800633281.25,-19.81283
2800633437.5,-19.8159
2800633593.75,-19.81533
2800633750.0,-19.8166
2800633906.25,-19.81975
2800634062.5,-19.82142
2800634218.75,-19.82222
2800634375.0,-19.82236
2800634531.25,-19.8246
2800634687.5,-19.82663
2800634843.75,-19.82701
2800635000.0,-19.82952
2800635156.25,-19.82898
2800635312.5,-19.83075
2800635468.75,-19.83186
2800635625.0,-19.83557
2800635781.25,-19.8361
2800635937.5,-19.83861
2800636093.75,-19.83942
2800636250.0,-19.83993
2800636406.25,-19.84226
2800636562.5,-19.84347
2800636718.75,-19.84367
2800636875.0,-19.84568
2800637031.25,-19.84775
2800637187.5,-19.84818
2800637343.75,-19.85116
2800637500.0,-19.85158
2800637656.25,-19.85396
2800637812.5,-19.85373
2800637968.75,-19.85411
2800638125.0,-19.85773
2800638281.25,-19.85874
2800638437.5,-19.85926
2800638593.75,-19.86381
2800638750.0,-19.86143
2800638906.25,-19.86324
2800639062.5,-19.86428
2800639218.75,-19.86907
2800639375.0,-19.87133
2800639531.25,-19.8702
2800639687.5,-19.87177
2800639843.75,-19.8724
2800640000.0,-19.87498
2800640156.25,-19.87621
2800640312.5,-19.87762
2800640468.75,-19.8779
2800640625.0,-19.8813
2800640781.25,-19.88346
2800640937.5,-19.88349
2800641093.75,-19.88601
2800641250.0,-19.8858
2800641406.25,-19.88814
2800641562.5,-19.88897
2800641718.75,-19.89012
2800641875.0,-19.89238
2800642031.25,-19.89196
2800642187.5,-19.89307
2800642343.75,-19.89604
2800642500.0,-19.89841
2800642656.25,-19.90001
2800642812.5,-19.90142
2800642968.75,-19.90127
2800643125.0,-19.90367
2800643281.25,-19.90371
2800643437.5,-19.90472
2800643593.75,-19.90754
2800643750.0,-19.91005
2800643906.25,-19.9104
2800644062.5,-19.91217
2800644218.75,-19.91528
2800644375.0,-19.9135
2800644531.25,-19.91571
2800644687.5,-19.918
2800644843.75,-19.91876
2800645000.0,-19.91957
2800645156.25,-19.92004
2800645312.5,-19.92204
2800645468.75,-19.92419
2800645625.0,-19.92493
2800645781.25,-19.92577
2800645937.5,-19.92821
2800646093.75,-19.9301
2800646250.0,-19.9315
2800646406.25,-19.93538
2800646562.5,-19.93366
2800646718.75,-19.93576
2800646875.0,-19.93765
2800647031.25,-19.94026
2800647187.5,-19.94123
2800647343.75,-19.94235
2800647500.0,-19.94162
2800647656.25,-19.9447
2800647812.5,-19.94572
2800647968.75,-19.94812
2800648125.0,-19.94883
2800648281.25,-19.94881
2800648437.5,-19.95111
2800648593.75,-19.95356
2800648750.0,-19.95493
2800648906.25,-19.95594
2800649062.5,-19.95668
2800649218.75,-19.95987
2800649375.0,-19.96002
2800649531.25,-19.95996
2800649687.5,-19.96414
2800649843.75,-19.9643
2800650000.0,-19.965
2800650156.25,-19.96741
2800650312.5,-19.96892
2800650468.75,-19.96855
2800650625.0,-19.97085
2800650781.25,-19.97083
2800650937.5,-19.97539
2800651093.75,-19.9746
2800651250.0,-19.9787
2800651406.25,-19.97583
2800651562.5,-19.98019
2800651718.75,-19.98142
2800651875.0,-19.98248
2800652031.25,-19.98401
2800652187.5,-19.9855
2800652343.75,-19.98822
2800652500.0,-19.98752
2800652656.25,-19.99042
2800652812.5,-19.99057
2800652968.75,-19.99006
2800653125.0,-19.99269
2800653281.25,-19.99588
2800653437.5,-19.99728
2800653593.75,-19.99859
2800653750.0,-20.00062
2800653906.25,-20.00142
2800654062.5,-20.00164
2800654218.75,-20.00333
2800654375.0,-20.00536
2800654531.25,-20.00619
2800654687.5,-20.00678
2800654843.75,-20.01061
2800655000.0,-20.00876
2800655156.25,-20.01374
2800655312.5,-20.0124
2800655468.75,-20.01513
2800655625.0,-20.01729
2800655781.25,-20.01769
2800655937.5,-20.01843
2800656093.75,-20.01967
2800656250.0,-20.02291
2800656406.25,-20.02265
2800656562.5,-20.02519
2800656718.75,-20.02527
2800656875.0,-20.02792
2800657031.25,-20.02738
2800657187.5,-20.0321
2800657343.75,-20.03118
2800657500.0,-20.03527
2800657656.25,-20.03568
2800657812.5,-20.03662
2800657968.75,-20.03774
2800658125.0,-20.04033
2800658281.25,-20.04182
2800658437.5,-20.04284
2800658593.75,-20.04414
2800658750.0,-20.04526
2800658906.25,-20.04813
2800659062.5,-20.04712
2800659218.75,-20.04828
2800659375.0,-20.05196
2800659531.25,-20.05383
2800659687.5,-20.05407
2800659843.75,-20.05407
2800660000.0,-20.05618
2800660156.25,-20.05826
2800660312.5,-20.05979
2800660468.75,-20.06074
2800660625.0,-20.06107
2800660781.25,-20.06409
2800660937.5,-20.06252
2800661093.75,-20.06446
2800661250.0,-20.06855
2800661406.25,-20.06661
2800661562.5,-20.06974
2800661718.75,-20.0716
2800661875.0,-20.0734
2800662031.25,-20.07721
2800662187.5,-20.07685
2800662343.75,-20.07776
2800662500.0,-20.07986
2800662656.25,-20.07978
2800662812.5,-20.08245
2800662968.75,-20.08329
2800663125.0,-20.08479
2800663281.25,-20.08531
2800663437.5,-20.08854
2800663593.75,-20.08793
2800663750.0,-20.09081
2800663906.25,-20.0912
2800664062.5,-20.09285
2800664218.75,-20.09572
2800664375.0,-20.09369
2800664531.25,-20.09739
2800664687.5,-20.09796
2800664843.75,-20.09906
2800665000.0,-20.10154
2800665156.25,-20.10251
2800665312.5,-20.10124
2800665468.75,-20.10371
2800665625.0,-20.10693
2800665781.25,-20.10839
2800665937.5,-20.10857
2800666093.75,-20.11329
2800666250.0,-20.11169
2800666406.25,-20.11468
2800666562.5,-20.11586
2800666718.75,-20.11705
2800666875.0,-20.11774
2800667031.25,-20.11973
2800667187.5,-20.12068
2800667343.75,-20.12033
2800667500.0,-20.12468
2800667656.25,-20.12502
2800667812.5,-20.12577
2800667968.75,-20.12861
2800668125.0,-20.12897
2800668281.25,-20.12937
2800668437.5,-20.12978
2800668593.75,-20.1335
2800668750.0,-20.13521
2800668906.25,-20.13699
2800669062.5,-20.13673
2800669218.75,-20.13816
2800669375.0,-20.13939
2800669531.25,-20.14085
2800669687.5,-20.1428
2800669843.75,-20.14546
2800670000.0,-20.14654
2800670156.25,-20.14639
2800670312.5,-20.14799
2800670468.75,-20.14945
2800670625.0,-20.15181
2800670781.25,-20.152
2800670937.5,-20.15243
2800671093.75,-20.15525
2800671250.0,-20.15683
2800671406.25,-20.15907
2800671562.5,-20.15844
2800671718.75,-20.16092
2800671875.0,-20.16352
2800672031.25,-20.16332
2800672187.5,-20.16587
2800672343.75,-20.16647
2800672500.0,-20.1678
2800672656.25,-20.16919
2800672812.5,-20.17004
2800672968.75,-20.1725
2800673125.0,-20.1729
2800673281.25,-20.17488
2800673437.5,-20.17729
2800673593.75,-20.17862
2800673750.0,-20.18001
2800673906.25,-20.18083
2800674062.5,-20.18181
2800674218.75,-20.1836
2800674375.0,-20.18484
2800674531.25,-20.18793
2800674687.5,-20.1876
2800674843.75,-20.18918
2800675000.0,-20.18925
2800675156.25,-20.1905
2800675312.5,-20.1933
2800675468.75,-20.19442
2800675625.0,-20.19478
2800675781.25,-20.1965
2800675937.5,-20.19799
2800676093.75,-20.19917
2800676250.0,-20.20004
2800676406.25,-20.20386
2800676562.5,-20.20341
2800676718.75,-20.2061
2800676875.0,-20.20624
2800677031.25,-20.20668
2800677187.5,-20.20892
2800677343.75,-20.21308
2800677500.0,-20.21321
2800677656.25,-20.2125
2800677812.5,-20.21476
2800677968.75,-20.2157
2800678125.0,-20.21705
2800678281.25,-20.21965
2800678437.5,-20.22013
2800678593.75,-20.22272
2800678750.0,-20.22298
2800678906.25,-20.22389
2800679062.5,-20.22766
2800679218.75,-20.22713
2800679375.0,-20.22999
2800679531.25,-20.22932
2800679687.5,-20.23142
2800679843.75,-20.23395
2800680000.0,-20.23433
2800680156.25,-20.23389
2800680312.5,-20.23646
2800680468.75,-20.23845
2800680625.0,-20.2393
2800680781.25,-20.24182
2800680937.5,-20.24385
2800681093.75,-20.24451
2800681250.0,-20.24541
2800681406.25,-20.24638
2800681562.5,-20.24962
2800681718.75,-20.24727
2800681875.0,-20.25074
2800682031.25,-20.25159
2800682187.5,-20.25375
2800682343.75,-20.25519
2800682500.0,-20.25681
2800682656.25,-20.25578
2800682812.5,-20.25825
2800682968.75,-20.26103
2800683125.0,-20.26179
2800683281.25,-20.26365
2800683437.5,-20.26169
2800683593.75,-20.26509
2800683750.0,-20.26672
2800683906.25,-20.26869
2800684062.5,-20.27043
2800684218.75,-20.27096
2800684375.0,-20.27255
2800684531.25,-20.27396
2800684687.5,-20.27487
2800684843.75,-20.27609
2800685000.0,-20.27844
2800685156.25,-20.27929
2800685312.5,-20.27966
2800685468.75,-20.28334
2800685625.0,-20.28393
2800685781.25,-20.28369
2800685937.5,-20.28679
2800686093.75,-20.28746
2800686250.0,-20.28898
2800686406.25,-20.29066
2800686562.5,-20.28968
2800686718.75,-20.29473
2800686875.0,-20.29389
2800687031.25,-20.29458
2800687187.5,-20.29659
2800687343.75,-20.29828
2800687500.0,-20.30007
2800687656.25,-20.30071
2800687812.5,-20.30455
2800687968.75,-20.30486
2800688125.0,-20.30574
2800688281.25,-20.30661
2800688437.5,-20.30887
2800688593.75,-20.30835
2800688750.0,-20.31071
2800688906.25,-20.3127
2800689062.5,-20.31328
2800689218.75,-20.31323
2800689375.0,-20.31652
2800689531.25,-20.31795
2800689687.5,-20.31984
2800689843.75,-20.32016
2800690000.0,-20.32268
2800690156.25,-20.32191
2800690312.5,-20.3224
2800690468.75,-20.3259
2800690625.0,-20.32824
2800690781.25,-20.32985
2800690937.5,-20.32938
2800691093.75,-20.33211
2800691250.0,-20.33191
2800691406.25,-20.33288
2800691562.5,-20.33542
2800691718.75,-20.33656
2800691875.0,-20.33744
2800692031.25,-20.34008
2800692187.5,-20.34109
2800692343.75,-20.34411
2800692500.0,-20.34323
2800692656.25,-20.34484
2800692812.5,-20.34735
2800692968.75,-20.34794
2800693125.0,-20.34868
2800693281.25,-20.35043
2800693437.5,-20.35151
2800693593.75,-20.35363
2800693750.0,-20.35595
2800693906.25,-20.35382
2800694062.5,-20.3567
2800694218.75,-20.35814
2800694375.0,-20.35994
2800694531.25,-20.36226
2800694687.5,-20.3627
2800694843.75,-20.36252
2800695000.0,-20.36523
2800695156.25,-20.36904
2800695312.5,-20.36648
2800695468.75,-20.36937
2800695625.0,-20.37144
2800695781.25,-20.37039
2800695937.5,-20.37228
2800696093.75,-20.37516
2800696250.0,-20.37576
2800696406.25,-20.37794
2800696562.5,-20.38043
2800696718.75,-20.37776
2800696875.0,-20.3811
2800697031.25,-20.38054
2800697187.5,-20.38365
2800697343.75,-20.38645
2800697500.0,-20.38724
2800697656.25,-20.39067
2800697812.5,-20.38835
2800697968.75,-20.39209
2800698125.0,-20.39473
2800698281.25,-20.39297
2800698437.5,-20.39459
2800698593.75,-20.3972
2800698750.0,-20.39758
2800698906.25,-20.39991
2800699062.5,-20.39959
2800699218.75,-20.40156
2800699375.0,-20.40397
2800699531.25,-20.40706
2800699687.5,-20.40384
2800699843.75,-20.4075
2800700000.0,-20.40904
2800700156.25,-20.40971
2800700312.5,-20.4115
2800700468.75,-20.41191
2800700625.0,-20.41486
2800700781.25,-20.41446
2800700937.5,-20.41681
2800701093.75,-20.41878
2800701250.0,-20.4203
2800701406.25,-20.42295
2800701562.5,-20.42273
2800701718.75,-20.42321
2800701875.0,-20.42523
2800702031.25,-20.42598
2800702187.5,-20.42755
2800702343.75,-20.42955
2800702500.0,-20.43026
2800702656.25,-20.43121
2800702812.5,-20.43305
2800702968.75,-20.4345
2800703125.0,-20.43634
2800703281.25,-20.43778
2800703437.5,-20.43954
2800703593.75,-20.43966
2800703750.0,-20.43905
2800703906.25,-20.44331
2800704062.5,-20.44279
2800704218.75,-20.44329
2800704375.0,-20.44666
2800704531.25,-20.44674
2800704687.5,-20.44928
2800704843.75,-20.45173
2800705000.0,-20.4522
2800705156.25,-20.45127
2800705312.5,-20.45218
2800705468.75,-20.45475
2800705625.0,-20.45727
2800705781.25,-20.4586
2800705937.5,-20.46117
2800706093.75,-20.46192
2800706250.0,-20.46383
2800706406.25,-20.46439
2800706562.5,-20.46511
2800706718.75,-20.46664
2800706875.0,-20.47023
2800707031.25,-20.47115
2800707187.5,-20.47184
2800707343.75,-20.47158
2800707500.0,-20.47275
2800707656.25,-20.47568
2800707812.5,-20.47725
2800707968.75,-20.47719
2800708125.0,-20.47846
2800708281.25,-20.48183
2800708437.5,-20.48196
2800708593.75,-20.48185
2800708750.0,-20.48166
2800708906.25,-20.48431
2800709062.5,-20.48731
2800709218.75,-20.48654
2800709375.0,-20.4906
2800709531.25,-20.49119
2800709687.5,-20.49087
2800709843.75,-20.49314
2800710000.0,-20.49452
2800710156.25,-20.49614
2800710312.5,-20.49822
2800710468.75,-20.49957
2800710625.0,-20.50062
2800710781.25,-20.50091
2800710937.5,-20.50386
2800711093.75,-20.50306
2800711250.0,-20.50887
2800711406.25,-20.50699
2800711562.5,-20.50809
2800711718.75,-20.509
2800711875.0,-20.50978
2800712031.25,-20.51426
2800712187.5,-20.51435
2800712343.75,-20.51193
2800712500.0,-20.5163
2800712656.25,-20.51842
2800712812.5,-20.51919
2800712968.75,-20.52012
2800713125.0,-20.52048
2800713281.25,-20.52412
2800713437.5,-20.52486
2800713593.75,-20.52549
2800713750.0,-20.52857
2800713906.25,-20.5271
2800714062.5,-20.52727
2800714218.75,-20.53202
2800714375.0,-20.53166
2800714531.25,-20.53116
2800714687.5,-20.53512
2800714843.75,-20.5374
2800715000.0,-20.53892
2800715156.25,-20.53876
2800715312.5,-20.53857
2800715468.75,-20.53963
2800715625.0,-20.54255
2800715781.25,-20.54202
2800715937.5,-20.54541
2800716093.75,-20.54686
2800716250.0,-20.5469
2800716406.25,-20.55131
2800716562.5,-20.55098
2800716718.75,-20.55079
2800716875.0,-20.55202
2800717031.25,-20.55393
2800717187.5,-20.5558
2800717343.75,-20.55716
2800717500.0,-20.55882
2800717656.25,-20.55785
2800717812.5,-20.56028
2800717968.75,-20.56259
2800718125.0,-20.56287
2800718281.25,-20.56352
2800718437.5,-20.56646
2800718593.75,-20.56791
2800718750.0,-20.56902
2800718906.25,-20.56891
2800719062.5,-20.57299
2800719218.75,-20.57368
2800719375.0,-20.5744
2800719531.25,-20.57463
2800719687.5,-20.57902
2800719843.75,-20.57726
2800720000.0,-20.57944
2800720156.25,-20.58108
2800720312.5,-20.58255
2800720468.75,-20.58488
2800720625.0,-20.58497
2800720781.25,-20.58673
2800720937.5,-20.58852
2800721093.75,-20.58937
2800721250.0,-20.59151
2800721406.25,-20.59277
2800721562.5,-20.59329
2800721718.75,-20.5952
2800721875.0,-20.59615
2800722031.25,-20.59423
2800722187.5,-20.5984
2800722343.75,-20.59827
2800722500.0,-20.59937
2800722656.25,-20.60381
2800722812.5,-20.60238
2800722968.75,-20.60349
2800723125.0,-20.60713
2800723281.25,-20.60928
2800723437.5,-20.60999
2800723593.75,-20.61015
2800723750.0,-20.61262
2800723906.25,-20.6144
2800724062.5,-20.61411
2800724218.75,-20.61599
2800724375.0,-20.61623
2800724531.25,-20.61835
2800724687.5,-20.62221
2800724843.75,-20.62205
2800725000.0,-20.62268
2800725156.25,-20.62554
2800725312.5,-20.62465
2800725468.75,-20.6257
2800725625.0,-20.62665
2800725781.25,-20.62911
2800725937.5,-20.63134
2800726093.75,-20.63164
2800726250.0,-20.63339
2800726406.25,-20.63252
2800726562.5,-20.63548
2800726718.75,-20.63827
2800726875.0,-20.63762
2800727031.25,-20.6397
2800727187.5,-20.64001
2800727343.75,-20.64172
2800727500.0,-20.6426
2800727656.25,-20.64622
2800727812.5,-20.64502
2800727968.75,-20.64737
2800728125.0,-20.64924
2800728281.25,-20.64924
2800728437.5,-20.6488
2800728593.75,-20.65274
2800728750.0,-20.65178
2800728906.25,-20.65462
2800729062.5,-20.65535
2800729218.75,-20.65683
2800729375.0,-20.66012
2800729531.25,-20.66073
2800729687.5,-20.66208
2800729843.75,-20.66345
2800730000.0,-20.66395
2800730156.25,-20.66516
2800730312.5,-20.66686
2800730468.75,-20.66856
2800730625.0,-20.66767
2800730781.25,-20.67289
2800730937.5,-20.67344
2800731093.75,-20.67397
2800731250.0,-20.67331
2800731406.25,-20.67696
2800731562.5,-20.6783
2800731718.75,-20.68084
2800731875.0,-20.68148
2800732031.25,-20.68077
2800732187.5,-20.68397
2800732343.75,-20.6848
2800732500.0,-20.6855
2800732656.25,-20.68747
2800732812.5,-20.68661
2800732968.75,-20.68927
2800733125.0,-20.68988
2800733281.25,-20.69188
2800733437.5,-20.692
2800733593.75,-20.6957
2800733750.0,-20.69629
2800733906.25,-20.6962
2800734062.5,-20.70003
2800734218.75,-20.6996
2800734375.0,-20.70138
2800734531.25,-20.70222
2800734687.5,-20.70471
2800734843.75,-20.70645
2800735000.0,-20.70554
2800735156.25,-20.70672
2800735312.5,-20.71017
2800735468.75,-20.70854
2800735625.0,-20.71116
2800735781.25,-20.71262
2800735937.5,-20.71521
2800736093.75,-20.71488
2800736250.0,-20.71745
2800736406.25,-20.71879
2800736562.5,-20.71805
2800736718.75,-20.71989
2800736875.0,-20.72265
2800737031.25,-20.72379
2800737187.5,-20.72619
2800737343.75,-20.72593
2800737500.0,-20.72799
2800737656.25,-20.73027
2800737812.5,-20.72979
2800737968.75,-20.73176
2800738125.0,-20.73037
2800738281.25,-20.73381
2800738437.5,-20.73418
2800738593.75,-20.73502
2800738750.0,-20.73941
2800738906.25,-20.74035
2800739062.5,-20.74001
2800739218.75,-20.7415
2800739375.0,-20.74397
2800739531.25,-20.74467
2800739687.5,-20.74532
2800739843.75,-20.74538
2800740000.0,-20.74777
2800740156.25,-20.74965
2800740312.5,-20.75241
2800740468.75,-20.75284
2800740625.0,-20.75188
2800740781.25,-20.75498
2800740937.5,-20.75447
2800741093.75,-20.75664
2800741250.0,-20.76002
2800741406.25,-20.7594
2800741562.5,-20.76195
2800741718.75,-20.76348
2800741875.0,-20.76289
2800742031.25,-20.7651
2800742187.5,-20.76627
2800742343.75,-20.76705
2800742500.0,-20.76921
2800742656.25,-20.77037
2800742812.5,-20.77113
2800742968.75,-20.77226
2800743125.0,-20.77308
2800743281.25,-20.77534
2800743437.5,-20.77532
2800743593.75,-20.77965
2800743750.0,-20.77901
2800743906.25,-20.78118
2800744062.5,-20.78126
2800744218.75,-20.78378
2800744375.0,-20.7833
2800744531.25,-20.78745
2800744687.5,-20.78702
2800744843.75,-20.78826
2800745000.0,-20.78987
2800745156.25,-20.79206
2800745312.5,-20.79225
2800745468.75,-20.79395
2800745625.0,-20.79488
2800745781.25,-20.79734
2800745937.5,-20.79716
2800746093.75,-20.7979
2800746250.0,-20.80031
2800746406.25,-20.801
2800746562.5,-20.80194
2800746718.75,-20.80364
2800746875.0,-20.80676
2800747031.25,-20.80529
2800747187.5,-20.80581
2800747343.75,-20.81052
2800747500.0,-20.81075
2800747656.25,-20.81305
2800747812.5,-20.81073
2800747968.75,-20.81512
2800748125.0,-20.81706
2800748281.25,-20.8169
2800748437.5,-20.81825
2800748593.75,-20.82003
2800748750.0,-20.81947
2800748906.25,-20.82297
2800749062.5,-20.8231
2800749218.75,-20.82497
2800749375.0,-20.82623
2800749531.25,-20.82531
2800749687.5,-20.82854
2800749843.75,-20.83033
2800750000.0,-20.83109
2800750156.25,-20.83308
2800750312.5,-20.83411
2800750468.75,-20.83596
2800750625.0,-20.83577
2800750781.25,-20.83772
2800750937.5,-20.83837
2800751093.75,-20.83936
2800751250.0,-20.84266
2800751406.25,-20.84385
2800751562.5,-20.84351
2800751718.75,-20.84497
2800751875.0,-20.84813
2800752031.25,-20.84882
2800752187.5,-20.84819
2800752343.75,-20.85046
2800752500.0,-20.85221
2800752656.25,-20.85245
2800752812.5,-20.85575
2800752968.75,-20.85711
2800753125.0,-20.85678
2800753281.25,-20.85791
2800753437.5,-20.85906
2800753593.75,-20.85827
2800753750.0,-20.86528
2800753906.25,-20.86205
2800754062.5,-20.8632
2800754218.75,-20.86451
2800754375.0,-20.8663
2800754531.25,-20.86995
2800754687.5,-20.8716
2800754843.75,-20.87102
2800755000.0,-20.87278
2800755156.25,-20.87302
2800755312.5,-20.87579
2800755468.75,-20.87722
2800755625.0,-20.87579
2800755781.25,-20.8801
2800755937.5,-20.87774
2800756093.75,-20.87882
2800756250.0,-20.88247
2800756406.25,-20.88605
2800756562.5,-20.88432
2800756718.75,-20.88742
2800756875.0,-20.88798
2800757031.25,-20.88827
2800757187.5,-20.89228
2800757343.75,-20.89349
2800757500.0,-20.89276
2800757656.25,-20.89415
2800757812.5,-20.89519
2800757968.75,-20.89675
2800758125.0,-20.89859
2800758281.25,-20.90162
2800758437.5,-20.90016
2800758593.75,-20.89913
2800758750.0,-20.90191
2800758906.25,-20.90474
2800759062.5,-20.90746
2800759218.75,-20.90903
2800759375.0,-20.9092
2800759531.25,-20.90841
2800759687.5,-20.90804
2800759843.75,-20.91117
2800760000.0,-20.91321
2800760156.25,-20.91392
2800760312.5,-20.91459
2800760468.75,-20.91809
2800760625.0,-20.92019
2800760781.25,-20.92179
2800760937.5,-20.92048
2800761093.75,-20.92299
2800761250.0,-20.92253
2800761406.25,-20.92399
2800761562.5,-20.92575
2800761718.75,-20.92678
2800761875.0,-20.92965
2800762031.25,-20.93115
2800762187.5,-20.93122
2800762343.75,-20.93049
2800762500.0,-20.93435
2800762656.25,-20.93483
2800762812.5,-20.93658
2800762968.75,-20.93753
2800763125.0,-20.94099
2800763281.25,-20.94055
2800763437.5,-20.94151
2800763593.75,-20.94231
2800763750.0,-20.94595
2800763906.25,-20.94578
2800764062.5,-20.94601
2800764218.75,-20.94766
2800764375.0,-20.95064
2800764531.25,-20.94862
2800764687.5,-20.95149
2800764843.75,-20.95385
2800765000.0,-20.95403
2800765156.25,-20.95598
2800765312.5,-20.95654
2800765468.75,-20.95872
2800765625.0,-20.95877
2800765781.25,-20.95911
2800765937.5,-20.9612
2800766093.75,-20.96259
2800766250.0,-20.96461
2800766406.25,-20.96586
2800766562.5,-20.96712
2800766718.75,-20.96962
2800766875.0,-20.97003
2800767031.25,-20.97006
2800767187.5,-20.97324
2800767343.75,-20.97418
2800767500.0,-20.97462
2800767656.25,-20.97655
2800767812.5,-20.97675
2800767968.75,-20.97941
2800768125.0,-20.97972
2800768281.25,-20.98066
2800768437.5,-20.98322
2800768593.75,-20.9852
2800768750.0,-20.98471
2800768906.25,-20.98796
2800769062.5,-20.98503
2800769218.75,-20.98958
2800769375.0,-20.98877
2800769531.25,-20.99125
2800769687.5,-20.99264
2800769843.75,-20.99582
2800770000.0,-20.99489
2800770156.25,-20.99591
2800770312.5,-20.99735
2800770468.75,-21.00008
2800770625.0,-21.0
2800770781.25,-21.00312
2800770937.5,-21.00328
2800771093.75,-21.00309
2800771250.0,-21.00587
2800771406.25,-21.00674
2800771562.5,-21.00967
2800771718.75,-21.00898
2800771875.0,-21.01083
2800772031.25,-21.01225
2800772187.5,-21.01351
2800772343.75,-21.01606
2800772500.0,-21.01608
2800772656.25,-21.01563
2800772812.5,-21.01712
2800772968.75,-21.01853
2800773125.0,-21.02095
2800773281.25,-21.02046
2800773437.5,-21.02067
2800773593.75,-21.02411
2800773750.0,-21.02641
2800773906.25,-21.02679
2800774062.5,-21.02742
2800774218.75,-21.03018
2800774375.0,-21.02825
2800774531.25,-21.03149
2800774687.5,-21.03186
2800774843.75,-21.03393
2800775000.0,-21.03484
2800775156.25,-21.03801
2800775312.5,-21.0383
2800775468.75,-21.04126
2800775625.0,-21.03924
2800775781.25,-21.04193
2800775937.5,-21.04435
2800776093.75,-21.04298
2800776250.0,-21.04646
2800776406.25,-21.04549
2800776562.5,-21.04765
2800776718.75,-21.04811
2800776875.0,-21.05048
2800777031.25,-21.05204
2800777187.5,-21.05246
2800777343.75,-21.05387
2800777500.0,-21.05503
2800777656.25,-21.0571
2800777812.5,-21.05678
2800777968.75,-21.06117
2800778125.0,-21.05961
2800778281.25,-21.06144
2800778437.5,-21.06297
2800778593.75,-21.06553
2800778750.0,-21.0675
2800778906.25,-21.06729
2800779062.5,-21.07002
2800779218.75,-21.06802
2800779375.0,-21.07183
2800779531.25,-21.07104
2800779687.5,-21.07372
2800779843.75,-21.07456
2800780000.0,-21.07532
2800780156.25,-21.07704
2800780312.5,-21.07716
2800780468.75,-21.08186
2800780625.0,-21.07962
2800780781.25,-21.08217
2800780937.5,-21.08348
2800781093.75,-21.08522
2800781250.0,-21.08483
2800781406.25,-21.08785
2800781562.5,-21.08771
2800781718.75,-21.09135
2800781875.0,-21.08949
2800782031.25,-21.09324
2800782187.5,-21.0952
2800782343.75,-21.09563
2800782500.0,-21.09772
2800782656.25,-21.09536
2800782812.5,-21.09921
2800782968.75,-21.09925
2800783125.0,-21.09945
2800783281.25,-21.10139
2800783437.5,-21.1044
2800783593.75,-21.10285
2800783750.0,-21.10653
2800783906.25,-21.10581
2800784062.5,-21.1101
2800784218.75,-21.10964
2800784375.0,-21.11116
2800784531.25,-21.11128
2800784687.5,-21.11288
2800784843.75,-21.11488
2800785000.0,-21.11666
2800785156.25,-21.11732
2800785312.5,-21.11901
2800785468.75,-21.11869
2800785625.0,-21.12232
2800785781.25,-21.12144
2800785937.5,-21.12313
2800786093.75,-21.12488
2800786250.0,-21.12559
2800786406.25,-21.12724
2800786562.5,-21.1258
2800786718.75,-21.13045
2800786875.0,-21.13044
2800787031.25,-21.13111
2800787187.5,-21.13385
2800787343.75,-21.13461
2800787500.0,-21.13579
2800787656.25,-21.13705
2800787812.5,-21.13829
2800787968.75,-21.14091
2800788125.0,-21.14324
2800788281.25,-21.1423
2800788437.5,-21.14272
2800788593.75,-21.14425
2800788750.0,-21.14615
2800788906.25,-21.14687
2800789062.5,-21.14718
2800789218.75,-21.1505
2800789375.0,-21.15137
2800789531.25,-21.15182
2800789687.5,-21.15289
2800789843.75,-21.1545
2800790000.0,-21.15531
2800790156.25,-21.15569
2800790312.5,-21.15879
2800790468.75,-21.15893
2800790625.0,-21.16048
2800790781.25,-21.1625
2800790937.5,-21.16384
2800791093.75,-21.16653
2800791250.0,-21.16615
2800791406.25,-21.16664
2800791562.5,-21.16541
2800791718.75,-21.16868
2800791875.0,-21.17027
2800792031.25,-21.1729
2800792187.5,-21.17517
2800792343.75,-21.17559
2800792500.0,-21.17452
2800792656.25,-21.17798
2800792812.5,-21.17841
2800792968.75,-21.17731
2800793125.0,-21.1783
2800793281.25,-21.18367
2800793437.5,-21.18299
2800793593.75,-21.18467
2800793750.0,-21.18564
2800793906.25,-21.18649
2800794062.5,-21.1888
2800794218.75,-21.1903
2800794375.0,-21.19125
2800794531.25,-21.19207
2800794687.5,-21.19457
2800794843.75,-21.1958
2800795000.0,-21.1954
2800795156.25,-21.19589
2800795312.5,-21.19838
2800795468.75,-21.19773
2800795625.0,-21.20117
2800795781.25,-21.20033
2800795937.5,-21.20441
2800796093.75,-21.2045
2800796250.0,-21.20564
2800796406.25,-21.20774
2800796562.5,-21.20732
2800796718.75,-21.20881
2800796875.0,-21.21091
2800797031.25,-21.21328
2800797187.5,-21.21297
2800797343.75,-21.21264
2800797500.0,-21.21458
2800797656.25,-21.21486
2800797812.5,-21.2189
2800797968.75,-21.22041
2800798125.0,-21.22056
2800798281.25,-21.22108
2800798437.5,-21.22224
2800798593.75,-21.2256
2800798750.0,-21.22436
2800798906.25,-21.22764
2800799062.5,-21.22648
2800799218.75,-21.22987
2800799375.0,-21.22989
2800799531.25,-21.23161
2800799687.5,-21.2322
2800799843.75,-21.23323
2800800000.0,-21.23567
2800800156.25,-21.23555
2800800312.5,-21.23959
2800800468.75,-21.2387
2800800625.0,-21.23871
2800800781.25,-21.24127
2800800937.5,-21.24342
2800801093.75,-21.24431
2800801250.0,-21.24559
2800801406.25,-21.24525
2800801562.5,-21.24744
2800801718.75,-21.24875
2800801875.0,-21.25093
2800802031.25,-21.25015
2800802187.5,-21.25352
2800802343.75,-21.25326
2800802500.0,-21.25436
2800802656.25,-21.25599
2800802812.5,-21.25739
2800802968.75,-21.25972
2800803125.0,-21.25933
2800803281.25,-21.26176
2800803437.5,-21.26154
2800803593.75,-21.26542
2800803750.0,-21.2645
2800803906.25,-21.26468
2800804062.5,-21.26887
2800804218.75,-21.26984
2800804375.0,-21.27102
2800804531.25,-21.27205
2800804687.5,-21.27372
2800804843.75,-21.27418
2800805000.0,-21.27604
2800805156.25,-21.27607
2800805312.5,-21.27665
2800805468.75,-21.27647
2800805625.0,-21.27755
2800805781.25,-21.28151
2800805937.5,-21.28086
2800806093.75,-21.28336
2800806250.0,-21.2853
2800806406.25,-21.2852
2800806562.5,-21.28495
2800806718.75,-21.28805
2800806875.0,-21.29218
2800807031.25,-21.29019
2800807187.5,-21.29206
2800807343.75,-21.29338
2800807500.0,-21.29392
2800807656.25,-21.29448
2800807812.5,-21.29571
2800807968.75,-21.29862
2800808125.0,-21.29875
2800808281.25,-21.30127
2800808437.5,-21.30243
2800808593.75,-21.30474
2800808750.0,-21.30274
2800808906.25,-21.30487
2800809062.5,-21.30531
2800809218.75,-21.30867
2800809375.0,-21.31136
2800809531.25,-21.31153
2800809687.5,-21.31196
2800809843.75,-21.31212
2800810000.0,-21.31611
2800810156.25,-21.31425
2800810312.5,-21.31684
2800810468.75,-21.31674
2800810625.0,-21.31886
2800810781.25,-21.31988
2800810937.5,-21.32171
2800811093.75,-21.32319
2800811250.0,-21.32337
2800811406.25,-21.32468
2800811562.5,-21.32778
2800811718.75,-21.32819
2800811875.0,-21.32714
2800812031.25,-21.3292
2800812187.5,-21.32963
2800812343.75,-21.3335
2800812500.0,-21.33468
2800812656.25,-21.33494
2800812812.5,-21.33642
2800812968.75,-21.33607
2800813125.0,-21.3388
2800813281.25,-21.33868
2800813437.5,-21.33727
2800813593.75,-21.34264
2800813750.0,-21.34449
2800813906.25,-21.34495
2800814062.5,-21.34585
2800814218.75,-21.3458
2800814375.0,-21.34918
2800814531.25,-21.35039
2800814687.5,-21.35006
2800814843.75,-21.35219
2800815000.0,-21.35283
2800815156.25,-21.35551
2800815312.5,-21.35597
2800815468.75,-21.3567
2800815625.0,-21.35796
2800815781.25,-21.35927
2800815937.5,-21.36014
2800816093.75,-21.36034
2800816250.0,-21.36183
2800816406.25,-21.36323
2800816562.5,-21.36489
2800816718.75,-21.36612
2800816875.0,-21.3669
2800817031.25,-21.36866
2800817187.5,-21.37003
2800817343.75,-21.37024
2800817500.0,-21.37165
2800817656.25,-21.37548
2800817812.5,-21.37359
2800817968.75,-21.37672
2800818125.0,-21.37586
2800818281.25,-21.37714
2800818437.5,-21.37919
2800818593.75,-21.38119
2800818750.0,-21.38305
2800818906.25,-21.383
2800819062.5,-21.38359
2800819218.75,-21.38661
2800819375.0,-21.38624
2800819531.25,-21.38916
2800819687.5,-21.38837
2800819843.75,-21.39088
2800820000.0,-21.39057
2800820156.25,-21.39462
2800820312.5,-21.39598
2800820468.75,-21.3961
2800820625.0,-21.39631
2800820781.25,-21.3971
2800820937.5,-21.39892
2800821093.75,-21.39935
2800821250.0,-21.40266
2800821406.25,-21.40266
2800821562.5,-21.40495
2800821718.75,-21.40504
2800821875.0,-21.40632
2800822031.25,-21.40749
2800822187.5,-21.40882
2800822343.75,-21.40857
2800822500.0,-21.40965
2800822656.25,-21.41374
2800822812.5,-21.4146
2800822968.75,-21.41501
2800823125.0,-21.41744
2800823281.25,-21.4189
2800823437.5,-21.41946
2800823593.75,-21.42065
2800823750.0,-21.42112
2800823906.25,-21.42133
2800824062.5,-21.42279
2800824218.75,-21.42392
2800824375.0,-21.42685
2800824531.25,-21.4271
2800824687.5,-21.42849
2800824843.75,-21.42588
2800825000.0,-21.43165
2800825156.25,-21.43439
2800825312.5,-21.43217
2800825468.75,-21.43378
2800825625.0,-21.43435
2800825781.25,-21.43635
2800825937.5,-21.43728
2800826093.75,-21.43998
2800826250.0,-21.44158
2800826406.25,-21.44231
2800826562.5,-21.44315
2800826718.75,-21.44202
2800826875.0,-21.44572
2800827031.25,-21.44613
2800827187.5,-21.44558
2800827343.75,-21.44556
2800827500.0,-21.44966
2800827656.25,-21.45207
2800827812.5,-21.45418
2800827968.75,-21.45422
2800828125.0,-21.45533
2800828281.25,-21.45597
2800828437.5,-21.45705
2800828593.75,-21.45711
2800828750.0,-21.45844
2800828906.25,-21.46016
2800829062.5,-21.46102
2800829218.75,-21.46367
2800829375.0,-21.46401
2800829531.25,-21.46622
2800829687.5,-21.46752
2800829843.75,-21.46924
2800830000.0,-21.4712
2800830156.25,-21.47065
2800830312.5,-21.47007
2800830468.75,-21.47191
2800830625.0,-21.47476
2800830781.25,-21.47365
2800830937.5,-21.47423
2800831093.75,-21.4737
2800831250.0,-21.47951
2800831406.25,-21.4796
2800831562.5,-21.48158
2800831718.75,-21.48204
2800831875.0,-21.48415
2800832031.25,-21.48488
2800832187.5,-21.4864
2800832343.75,-21.48617
2800832500.0,-21.48755
2800832656.25,-21.48976
2800832812.5,-21.48999
2800832968.75,-21.49405
2800833125.0,-21.49461
2800833281.25,-21.4947
2800833437.5,-21.49389
2800833593.75,-21.49651
2800833750.0,-21.49758
2800833906.25,-21.4991
2800834062.5,-21.50111
2800834218.75,-21.50167
2800834375.0,-21.50533
2800834531.25,-21.50276
2800834687.5,-21.50643
2800834843.75,-21.50517
2800835000.0,-21.50758
2800835156.25,-21.50989
2800835312.5,-21.5086
2800835468.75,-21.50987
2800835625.0,-21.51271
2800835781.25,-21.51432
2800835937.5,-21.51441
2800836093.75,-21.51414
2800836250.0,-21.51805
2800836406.25,-21.51672
2800836562.5,-21.51829
2800836718.75,-21.52186
2800836875.0,-21.52338
2800837031.25,-21.52191
2800837187.5,-21.52584
2800837343.75,-21.52476
2800837500.0,-21.52547
2800837656.25,-21.52959
2800837812.5,-21.52726
2800837968.75,-21.5309
2800838125.0,-21.53211
2800838281.25,-21.531
2800838437.5,-21.53507
2800838593.75,-21.53398
2800838750.0,-21.53752
2800838906.25,-21.53692
2800839062.5,-21.5393
2800839218.75,-21.53989
2800839375.0,-21.54202
2800839531.25,-21.54185
2800839687.5,-21.54457
2800839843.75,-21.54497
2800840000.0,-21.54489
2800840156.25,-21.5472
2800840312.5,-21.54961
2800840468.75,-21.54982
2800840625.0,-21.55043
2800840781.25,-21.55313
2800840937.5,-21.55473
2800841093.75,-21.55399
2800841250.0,-21.55536
2800841406.25,-21.55969
2800841562.5,-21.5585
2800841718.75,-21.55902
2800841875.0,-21.55935
2800842031.25,-21.55976
2800842187.5,-21.56317
2800842343.75,-21.56437
2800842500.0,-21.56346
2800842656.25,-21.56706
2800842812.5,-21.56811
2800842968.75,-21.56979
2800843125.0,-21.56867
2800843281.25,-21.57107
2800843437.5,-21.57185
2800843593.75,-21.57339
2800843750.0,-21.57308
2800843906.25,-21.57619
2800844062.5,-21.57669
2800844218.75,-21.57715
2800844375.0,-21.57937
2800844531.25,-21.58031
2800844687.5,-21.58028
2800844843.75,-21.58275
2800845000.0,-21.58423
2800845156.25,-21.58501
2800845312.5,-21.58497
2800845468.75,-21.58902
2800845625.0,-21.58732
2800845781.25,-21.59055
2800845937.5,-21.59117
2800846093.75,-21.59216
2800846250.0,-21.59285
2800846406.25,-21.5958
2800846562.5,-21.59659
2800846718.75,-21.59708
2800846875.0,-21.59836
2800847031.25,-21.59992
2800847187.5,-21.60128
2800847343.75,-21.60115
2800847500.0,-21.60173
2800847656.25,-21.60383
2800847812.5,-21.60412
2800847968.75,-21.60871
2800848125.0,-21.60684
2800848281.25,-21.60974
2800848437.5,-21.60822
2800848593.75,-21.6111
2800848750.0,-21.61372
2800848906.25,-21.61282
2800849062.5,-21.61491
2800849218.75,-21.61815
2800849375.0,-21.61999
2800849531.25,-21.62046
2800849687.5,-21.61678
2800849843.75,-21.61943
2800850000.0,-21.62084
2800850156.25,-21.62195
2800850312.5,-21.62529
2800850468.75,-21.62578
2800850625.0,-21.62634
2800850781.25,-21.62814
2800850937.5,-21.63005
2800851093.75,-21.62851
2800851250.0,-21.63138
2800851406.25,-21.63463
2800851562.5,-21.63401
2800851718.75,-21.63409
2800851875.0,-21.63513
2800852031.25,-21.63561
2800852187.5,-21.63844
2800852343.75,-21.64136
2800852500.0,-21.6407
2800852656.25,-21.64356
2800852812.5,-21.64397
2800852968.75,-21.64195
2800853125.0,-21.6469
2800853281.25,-21.64852
2800853437.5,-21.64733
2800853593.75,-21.64845
2800853750.0,-21.64865
2800853906.25,-21.65093
2800854062.5,-21.65356
2800854218.75,-21.65487
2800854375.0,-21.65499
2800854531.25,-21.65878
2800854687.5,-21.65633
2800854843.75,-21.65616
2800855000.0,-21.65929
2800855156.25,-21.65841
2800855312.5,-21.66353
2800855468.75,-21.66216
2800855625.0,-21.66259
2800855781.25,-21.66616
2800855937.5,-21.66846
2800856093.75,-21.66743
2800856250.0,-21.67018
2800856406.25,-21.67085
2800856562.5,-21.6736
2800856718.75,-21.67132
2800856875.0,-21.67492
2800857031.25,-21.6755
2800857187.5,-21.67585
2800857343.75,-21.67878
2800857500.0,-21.67691
2800857656.25,-21.68231
2800857812.5,-21.68501
2800857968.75,-21.68339
2800858125.0,-21.68356
2800858281.25,-21.68496
2800858437.5,-21.68672
2800858593.75,-21.6886
2800858750.0,-21.68993
2800858906.25,-21.68918
2800859062.5,-21.69049
2800859218.75,-21.69402
2800859375.0,-21.69154
2800859531.25,-21.69519
2800859687.5,-21.69263
2800859843.75,-21.69554
2800860000.0,-21.69728
2800860156.25,-21.70045
2800860312.5,-21.70159
2800860468.75,-21.69912
2800860625.0,-21.70098
2800860781.25,-21.70447
2800860937.5,-21.70315
2800861093.75,-21.70679
2800861250.0,-21.70631
2800861406.25,-21.71
2800861562.5,-21.70865
2800861718.75,-21.71104
2800861875.0,-21.71279
2800862031.25,-21.7114
2800862187.5,-21.71466
2800862343.75,-21.71696
2800862500.0,-21.7167
2800862656.25,-21.71915
2800862812.5,-21.71788
2800862968.75,-21.71902
2800863125.0,-21.72142
2800863281.25,-21.72474
2800863437.5,-21.72285
2800863593.75,-21.72516
2800863750.0,-21.7267
2800863906.25,-21.72788
2800864062.5,-21.7305
2800864218.75,-21.73045
2800864375.0,-21.73356
2800864531.25,-21.73177
2800864687.5,-21.73351
2800864843.75,-21.73482
2800865000.0,-21.7353
2800865156.25,-21.73827
2800865312.5,-21.73732
2800865468.75,-21.73708
2800865625.0,-21.7392
2800865781.25,-21.74093
2800865937.5,-21.74101
2800866093.75,-21.74367
2800866250.0,-21.74523
2800866406.25,-21.74598
2800866562.5,-21.74562
2800866718.75,-21.74794
2800866875.0,-21.74793
2800867031.25,-21.74896
2800867187.5,-21.75169
2800867343.75,-21.75302
2800867500.0,-21.75371
2800867656.25,-21.7563
2800867812.5,-21.7541
2800867968.75,-21.75589
2800868125.0,-21.7587
2800868281.25,-21.75839
2800868437.5,-21.75935
2800868593.75,-21.76329
2800868750.0,-21.76558
2800868906.25,-21.76455
2800869062.5,-21.76404
2800869218.75,-21.76513
2800869375.0,-21.76644
2800869531.25,-21.76672
2800869687.5,-21.77084
2800869843.75,-21.7721
2800870000.0,-21.77212
2800870156.25,-21.77363
2800870312.5,-21.77493
2800870468.75,-21.77489
2800870625.0,-21.77623
2800870781.25,-21.7773
2800870937.5,-21.7807
2800871093.75,-21.78067
2800871250.0,-21.78134
2800871406.25,-21.78354
2800871562.5,-21.78483
2800871718.75,-21.78649
2800871875.0,-21.78752
2800872031.25,-21.78911
2800872187.5,-21.78741
2800872343.75,-21.78988
2800872500.0,-21.78819
2800872656.25,-21.79221
2800872812.5,-21.79454
2800872968.75,-21.79513
2800873125.0,-21.79461
2800873281.25,-21.79551
2800873437.5,-21.79762
2800873593.75,-21.79928
2800873750.0,-21.79967
2800873906.25,-21.80198
2800874062.5,-21.8045
2800874218.75,-21.80401
2800874375.0,-21.80478
2800874531.25,-21.80673
2800874687.5,-21.8086
2800874843.75,-21.80713
2800875000.0,-21.808
2800875156.25,-21.8113
2800875312.5,-21.81053
2800875468.75,-21.81226
2800875625.0,-21.8117
2800875781.25,-21.81435
2800875937.5,-21.81591
2800876093.75,-21.81672
2800876250.0,-21.81898
2800876406.25,-21.81839
2800876562.5,-21.82053
2800876718.75,-21.82189
2800876875.0,-21.82418
2800877031.25,-21.8246
2800877187.5,-21.82462
2800877343.75,-21.82808
2800877500.0,-21.82734
2800877656.25,-21.82857
2800877812.5,-21.83072
2800877968.75,-21.83177
2800878125.0,-21.83319
2800878281.25,-21.83222
2800878437.5,-21.83603
2800878593.75,-21.83643
2800878750.0,-21.83953
2800878906.25,-21.83869
2800879062.5,-21.83823
2800879218.75,-21.83997
2800879375.0,-21.83986
2800879531.25,-21.84335
2800879687.5,-21.84467
2800879843.75,-21.84519
2800880000.0,-21.84685
2800880156.25,-21.84765
2800880312.5,-21.84948
2800880468.75,-21.84856
2800880625.0,-21.8503
2800880781.25,-21.85085
2800880937.5,-21.85157
2800881093.75,-21.85518
2800881250.0,-21.85408
2800881406.25,-21.8568
2800881562.5,-21.85937
2800881718.75,-21.85862
2800881875.0,-21.86083
2800882031.25,-21.8606
2800882187.5,-21.86219
2800882343.75,-21.86564
2800882500.0,-21.86493
2800882656.25,-21.86701
2800882812.5,-21.8667
2800882968.75,-21.86902
2800883125.0,-21.87056
2800883281.25,-21.86881
2800883437.5,-21.87084
2800883593.75,-21.87495
2800883750.0,-21.87543
2800883906.25,-21.87446
2800884062.5,-21.87489
2800884218.75,-21.87776
2800884375.0,-21.87776
2800884531.25,-21.87919
2800884687.5,-21.88227
2800884843.75,-21.88154
2800885000.0,-21.88061
2800885156.25,-21.88556
2800885312.5,-21.88529
2800885468.75,-21.88742
2800885625.0,-21.89004
2800885781.25,-21.88791
2800885937.5,-21.8896
2800886093.75,-21.89029
2800886250.0,-21.89556
2800886406.25,-21.89468
2800886562.5,-21.89556
2800886718.75,-21.8961
2800886875.0,-21.8986
2800887031.25,-21.89961
2800887187.5,-21.89891
2800887343.75,-21.90018
2800887500.0,-21.90334
2800887656.25,-21.90425
2800887812.5,-21.90117
2800887968.75,-21.90587
2800888125.0,-21.90716
2800888281.25,-21.90531
2800888437.5,-21.90873
2800888593.75,-21.91079
2800888750.0,-21.91228
2800888906.25,-21.91123
2800889062.5,-21.91418
2800889218.75,-21.91369
2800889375.0,-21.91399
2800889531.25,-21.91469
2800889687.5,-21.91571
2800889843.75,-21.91972
2800890000.0,-21.92079
2800890156.25,-21.92164
2800890312.5,-21.92342
2800890468.75,-21.92336
2800890625.0,-21.92327
2800890781.25,-21.92665
2800890937.5,-21.92696
2800891093.75,-21.92753
2800891250.0,-21.93002
2800891406.25,-21.93014
2800891562.5,-21.9303
2800891718.75,-21.93127
2800891875.0,-21.93423
2800892031.25,-21.93395
2800892187.5,-21.93496
2800892343.75,-21.93837
2800892500.0,-21.93731
2800892656.25,-21.93844
2800892812.5,-21.94009
2800892968.75,-21.94129
2800893125.0,-21.94241
2800893281.25,-21.94322
2800893437.5,-21.94657
2800893593.75,-21.94601
2800893750.0,-21.94764
2800893906.25,-21.94787
2800894062.5,-21.95173
2800894218.75,-21.94955
2800894375.0,-21.95492
2800894531.25,-21.95474
2800894687.5,-21.95362
2800894843.75,-21.95406
2800895000.0,-21.958
2800895156.25,-21.95869
2800895312.5,-21.96073
2800895468.75,-21.95898
2800895625.0,-21.96219
2800895781.25,-21.962
2800895937.5,-21.96337
2800896093.75,-21.96648
2800896250.0,-21.96689
2800896406.25,-21.96765
2800896562.5,-21.96697
2800896718.75,-21.96987
2800896875.0,-21.97093
2800897031.25,-21.97167
2800897187.5,-21.97277
2800897343.75,-21.97308
2800897500.0,-21.97658
2800897656.25,-21.97709
2800897812.5,-21.97544
2800897968.75,-21.98042
2800898125.0,-21.98002
2800898281.25,-21.98027
2800898437.5,-21.98159
2800898593.75,-21.98581
2800898750.0,-21.9868
2800898906.25,-21.9845
2800899062.5,-21.98635
2800899218.75,-21.98753
2800899375.0,-21.9891
2800899531.25,-21.9881
2800899687.5,-21.98981
2800899843.75,-21.99059
2800900000.0,-21.99534
2800900156.25,-21.99556
2800900312.5,-21.99594
2800900468.75,-21.99494
2800900625.0,-21.99616
2800900781.25,-21.99769
2800900937.5,-21.99904
2800901093.75,-22.0
2800901250.0,-22.00087
2800901406.25,-22.00411
2800901562.5,-22.00566
2800901718.75,-22.00696
2800901875.0,-22.00724
2800902031.25,-22.00698
2800902187.5,-22.00868
2800902343.75,-22.00931
2800902500.0,-22.01088
2800902656.25,-22.01354
2800902812.5,-22.01466
2800902968.75,-22.01443
2800903125.0,-22.01468
2800903281.25,-22.01835
2800903437.5,-22.01906
2800903593.75,-22.01746
2800903750.0,-22.02094
2800903906.25,-22.02127
2800904062.5,-22.01991
2800904218.75,-22.02319
2800904375.0,-22.02584
2800904531.25,-22.02517
2800904687.5,-22.02637
2800904843.75,-22.02956
2800905000.0,-22.02981
2800905156.25,-22.03304
2800905312.5,-22.0326
2800905468.75,-22.03164
2800905625.0,-22.0328
2800905781.25,-22.03553
2800905937.5,-22.03975
2800906093.75,-22.03744
2800906250.0,-22.03751
2800906406.25,-22.03929
2800906562.5,-22.03894
2800906718.75,-22.04014
2800906875.0,-22.04133
2800907031.25,-22.04438
2800907187.5,-22.04469
2800907343.75,-22.04775
2800907500.0,-22.04647
2800907656.25,-22.04861
2800907812.5,-22.04974
2800907968.75,-22.05062
2800908125.0,-22.0514
2800908281.25,-22.05209
2800908437.5,-22.05381
2800908593.75,-22.05557
2800908750.0,-22.05678
2800908906.25,-22.05777
2800909062.5,-22.05974
2800909218.75,-22.05932
2800909375.0,-22.05847
2800909531.25,-22.06278
2800909687.5,-22.06299
2800909843.75,-22.06441
2800910000.0,-22.06532
2800910156.25,-22.06724
2800910312.5,-22.06849
2800910468.75,-22.06832
2800910625.0,-22.0706
2800910781.25,-22.07051
2800910937.5,-22.07039
2800911093.75,-22.0753
2800911250.0,-22.07408
2800911406.25,-22.07423
2800911562.5,-22.07691
2800911718.75,-22.07769
2800911875.0,-22.08055
2800912031.25,-22.08338
2800912187.5,-22.0812
2800912343.75,-22.08212
2800912500.0,-22.08279
2800912656.25,-22.08451
2800912812.5,-22.08445
2800912968.75,-22.08467
2800913125.0,-22.08738
2800913281.25,-22.09071
2800913437.5,-22.0895
2800913593.75,-22.09345
2800913750.0,-22.09266
2800913906.25,-22.0934
2800914062.5,-22.0958
2800914218.75,-22.09352
2800914375.0,-22.09676
2800914531.25,-22.0959
2800914687.5,-22.10121
2800914843.75,-22.09997
2800915000.0,-22.0993
2800915156.25,-22.10262
2800915312.5,-22.10371
2800915468.75,-22.10367
2800915625.0,-22.10751
2800915781.25,-22.10752
2800915937.5,-22.1087
2800916093.75,-22.10885
2800916250.0,-22.11017
2800916406.25,-22.11062
2800916562.5,-22.11262
2800916718.75,-22.1132
2800916875.0,-22.11454
2800917031.25,-22.11591
2800917187.5,-22.11502
2800917343.75,-22.12172
2800917500.0,-22.12102
2800917656.25,-22.12237
2800917812.5,-22.12127
2800917968.75,-22.12389
2800918125.0,-22.12431
2800918281.25,-22.12499
2800918437.5,-22.12855
2800918593.75,-22.12898
2800918750.0,-22.12941
2800918906.25,-22.12974
2800919062.5,-22.13018
2800919218.75,-22.13398
2800919375.0,-22.13175
2800919531.25,-22.13394
2800919687.5,-22.13437
2800919843.75,-22.13692
2800920000.0,-22.13601
2800920156.25,-22.13813
2800920312.5,-22.14009
2800920468.75,-22.14119
2800920625.0,-22.14178
2800920781.25,-22.14267
2800920937.5,-22.14383
2800921093.75,-22.14567
2800921250.0,-22.14727
2800921406.25,-22.14728
2800921562.5,-22.14991
2800921718.75,-22.14797
2800921875.0,-22.14754
2800922031.25,-22.15247
2800922187.5,-22.15579
2800922343.75,-22.15419
2800922500.0,-22.15575
2800922656.25,-22.15563
2800922812.5,-22.15736
2800922968.75,-22.15698
2800923125.0,-22.16001
2800923281.25,-22.15831
2800923437.5,-22.16307
2800923593.75,-22.16278
2800923750.0,-22.16253
2800923906.25,-22.16562
2800924062.5,-22.16685
2800924218.75,-22.16783
2800924375.0,-22.16657
2800924531.25,-22.17075
2800924687.5,-22.17173
2800924843.75,-22.17215
2800925000.0,-22.17255
2800925156.25,-22.17653
2800925312.5,-22.17605
2800925468.75,-22.17451
2800925625.0,-22.17859
2800925781.25,-22.17784
2800925937.5,-22.17865
2800926093.75,-22.1793
2800926250.0,-22.18169
2800926406.25,-22.18448
2800926562.5,-22.18377
2800926718.75,-22.18604
2800926875.0,-22.18738
2800927031.25,-22.1871
2800927187.5,-22.18584
2800927343.75,-22.18925
2800927500.0,-22.19134
2800927656.25,-22.19234
2800927812.5,-22.19453
2800927968.75,-22.19312
2800928125.0,-22.19634
2800928281.25,-22.19661
2800928437.5,-22.19644
2800928593.75,-22.19816
2800928750.0,-22.1983
2800928906.25,-22.20335
2800929062.5,-22.20089
2800929218.75,-22.20255
2800929375.0,-22.20402
2800929531.25,-22.20629
2800929687.5,-22.20569
2800929843.75,-22.2063
2800930000.0,-22.2085
2800930156.25,-22.20946
2800930312.5,-22.21108
2800930468.75,-22.21164
2800930625.0,-22.21208
2800930781.25,-22.21477
2800930937.5,-22.2156
2800931093.75,-22.2177
2800931250.0,-22.21746
2800931406.25,-22.21658
2800931562.5,-22.21997
2800931718.75,-22.22128
2800931875.0,-22.21913
2800932031.25,-22.22233
2800932187.5,-22.22496
2800932343.75,-22.22582
2800932500.0,-22.22466
2800932656.25,-22.22741
2800932812.5,-22.23057
2800932968.75,-22.23127
2800933125.0,-22.2307
2800933281.25,-22.23327
2800933437.5,-22.23228
2800933593.75,-22.23581
2800933750.0,-22.2345
2800933906.25,-22.23442
2800934062.5,-22.23825
2800934218.75,-22.23752
2800934375.0,-22.23972
2800934531.25,-22.23973
2800934687.5,-22.24231
2800934843.75,-22.24141
2800935000.0,-22.24426
2800935156.25,-22.24526
2800935312.5,-22.24456
2800935468.75,-22.24456
2800935625.0,-22.24886
2800935781.25,-22.24981
2800935937.5,-22.24968
2800936093.75,-22.25026
2800936250.0,-22.25398
2800936406.25,-22.2539
2800936562.5,-22.25364
2800936718.75,-22.2565
2800936875.0,-22.25645
2800937031.25,-22.25824
2800937187.5,-22.25874
2800937343.75,-22.25983
2800937500.0,-22.2607
2800937656.25,-22.26221
2800937812.5,-22.26426
2800937968.75,-22.26663
2800938125.0,-22.2664
2800938281.25,-22.26447
2800938437.5,-22.26689
2800938593.75,-22.27082
2800938750.0,-22.26949
2800938906.25,-22.27272
2800939062.5,-22.27323
2800939218.75,-22.27474
2800939375.0,-22.27507
2800939531.25,-22.27597
2800939687.5,-22.27502
2800939843.75,-22.27824
2800940000.0,-22.27874
2800940156.25,-22.28033
2800940312.5,-22.28019
2800940468.75,-22.28143
2800940625.0,-22.28556
2800940781.25,-22.2843
2800940937.5,-22.28621
2800941093.75,-22.28634
2800941250.0,-22.28712
2800941406.25,-22.29163
2800941562.5,-22.2913
2800941718.75,-22.29105
2800941875.0,-22.2913
2800942031.25,-22.29347
2800942187.5,-22.29451
2800942343.75,-22.2972
2800942500.0,-22.29802
2800942656.25,-22.29708
2800942812.5,-22.29983
2800942968.75,-22.30037
2800943125.0,-22.30146
2800943281.25,-22.30173
2800943437.5,-22.30334
2800943593.75,-22.30462
2800943750.0,-22.30644
2800943906.25,-22.307
2800944062.5,-22.30696
2800944218.75,-22.30986
2800944375.0,-22.31064
2800944531.25,-22.31092
2800944687.5,-22.31228
2800944843.75,-22.31452
2800945000.0,-22.31474
2800945156.25,-22.31611
2800945312.5,-22.31744
2800945468.75,-22.31638
2800945625.0,-22.31894
2800945781.25,-22.31729
2800945937.5,-22.32263
2800946093.75,-22.32306
2800946250.0,-22.32091
2800946406.25,-22.32407
2800946562.5,-22.32446
2800946718.75,-22.32756
2800946875.0,-22.32951
2800947031.25,-22.3282
2800947187.5,-22.32939
2800947343.75,-22.33119
2800947500.0,-22.33563
2800947656.25,-22.33459
2800947812.5,-22.33378
2800947968.75,-22.33329
2800948125.0,-22.33509
2800948281.25,-22.33926
2800948437.5,-22.33688
2800948593.75,-22.33796
2800948750.0,-22.33959
2800948906.25,-22.34064
2800949062.5,-22.34208
2800949218.75,-22.34319
2800949375.0,-22.34318
2800949531.25,-22.34805
2800949687.5,-22.34602
2800949843.75,-22.34505
2800950000.0,-22.34853
2800950156.25,-22.34848
2800950312.5,-22.35218
2800950468.75,-22.3538
2800950625.0,-22.35566
2800950781.25,-22.35415
2800950937.5,-22.35551
2800951093.75,-22.35765
2800951250.0,-22.35883
2800951406.25,-22.36029
2800951562.5,-22.36031
2800951718.75,-22.36222
2800951875.0,-22.36032
2800952031.25,-22.36352
2800952187.5,-22.36631
2800952343.75,-22.36498
2800952500.0,-22.3651
2800952656.25,-22.36924
2800952812.5,-22.3696
2800952968.75,-22.36969
2800953125.0,-22.37056
2800953281.25,-22.37493
2800953437.5,-22.37272
2800953593.75,-22.37302
2800953750.0,-22.37611
2800953906.25,-22.37585
2800954062.5,-22.37719
2800954218.75,-22.37756
2800954375.0,-22.38152
2800954531.25,-22.38119
2800954687.5,-22.38111
2800954843.75,-22.38488
2800955000.0,-22.3829
2800955156.25,-22.38462
2800955312.5,-22.38881
2800955468.75,-22.3865
2800955625.0,-22.38846
2800955781.25,-22.39023
2800955937.5,-22.39145
2800956093.75,-22.38705
2800956250.0,-22.39269
2800956406.25,-22.39584
2800956562.5,-22.3948
2800956718.75,-22.39764
2800956875.0,-22.39696
2800957031.25,-22.39792
2800957187.5,-22.40029
2800957343.75,-22.39881
2800957500.0,-22.40201
2800957656.25,-22.40425
2800957812.5,-22.40256
2800957968.75,-22.406
2800958125.0,-22.40511
2800958281.25,-22.40816
2800958437.5,-22.4107
2800958593.75,-22.41044
2800958750.0,-22.40941
2800958906.25,-22.41373
2800959062.5,-22.41361
2800959218.75,-22.41426
2800959375.0,-22.41376
2800959531.25,-22.41658
2800959687.5,-22.41856
2800959843.75,-22.41898
2800960000.0,-22.4182
2800960156.25,-22.4204
2800960312.5,-22.42034
2800960468.75,-22.42486
2800960625.0,-22.42428
2800960781.25,-22.42414
2800960937.5,-22.42706
2800961093.75,-22.42824
2800961250.0,-22.42903
2800961406.25,-22.42898
2800961562.5,-22.43061
2800961718.75,-22.43217
2800961875.0,-22.43354
2800962031.25,-22.43446
2800962187.5,-22.43518
2800962343.75,-22.43607
2800962500.0,-22.43808
2800962656.25,-22.4371
2800962812.5,-22.43871
2800962968.75,-22.43987
2800963125.0,-22.44084
2800963281.25,-22.44248
2800963437.5,-22.44395
2800963593.75,-22.44388
2800963750.0,-22.44189
2800963906.25,-22.44701
2800964062.5,-22.44607
2800964218.75,-22.44933
2800964375.0,-22.4501
2800964531.25,-22.44958
2800964687.5,-22.45308
2800964843.75,-22.45094
2800965000.0,-22.45374
2800965156.25,-22.45557
2800965312.5,-22.45873
2800965468.75,-22.4564
2800965625.0,-22.45634
2800965781.25,-22.45941
2800965937.5,-22.46236
2800966093.75,-22.46279
2800966250.0,-22.46208
2800966406.25,-22.46452
2800966562.5,-22.46521
2800966718.75,-22.46774
2800966875.0,-22.46627
2800967031.25,-22.46873
2800967187.5,-22.47118
2800967343.75,-22.47065
2800967500.0,-22.47416
2800967656.25,-22.47358
2800967812.5,-22.47478
2800967968.75,-22.47426
2800968125.0,-22.47283
2800968281.25,-22.4766
2800968437.5,-22.47817
2800968593.75,-22.47858
2800968750.0,-22.47966
2800968906.25,-22.47876
2800969062.5,-22.47932
2800969218.75,-22.48057
2800969375.0,-22.4812
2800969531.25,-22.48573
2800969687.5,-22.48602
2800969843.75,-22.48696
2800970000.0,-22.48686
2800970156.25,-22.49017
2800970312.5,-22.48813
2800970468.75,-22.48971
2800970625.0,-22.49129
2800970781.25,-22.49449
2800970937.5,-22.49598
2800971093.75,-22.49562
2800971250.0,-22.49498
2800971406.25,-22.49716
2800971562.5,-22.49798
2800971718.75,-22.49944
2800971875.0,-22.50015
2800972031.25,-22.50023
2800972187.5,-22.50342
2800972343.75,-22.50651
2800972500.0,-22.50538
2800972656.25,-22.50686
2800972812.5,-22.50753
2800972968.75,-22.50974
2800973125.0,-22.50893
2800973281.25,-22.50904
2800973437.5,-22.51133
2800973593.75,-22.51211
2800973750.0,-22.51389
2800973906.25,-22.51467
2800974062.5,-22.51786
2800974218.75,-22.51508
2800974375.0,-22.51757
2800974531.25,-22.51959
2800974687.5,-22.52012
2800974843.75,-22.52031
2800975000.0,-22.52289
2800975156.25,-22.52375
2800975312.5,-22.52466
2800975468.75,-22.52651
2800975625.0,-22.52548
2800975781.25,-22.52785
2800975937.5,-22.52929
2800976093.75,-22.52758
2800976250.0,-22.53176
2800976406.25,-22.53203
2800976562.5,-22.53081
2800976718.75,-22.53522
2800976875.0,-22.53337
2800977031.25,-22.53548
2800977187.5,-22.53847
2800977343.75,-22.53794
2800977500.0,-22.5398
2800977656.25,-22.54015
2800977812.5,-22.54339
2800977968.75,-22.54074
2800978125.0,-22.54426
2800978281.25,-22.54557
2800978437.5,-22.54449
2800978593.75,-22.54843
2800978750.0,-22.54798
2800978906.25,-22.54849
2800979062.5,-22.55017
2800979218.75,-22.54985
2800979375.0,-22.55332
2800979531.25,-22.55393
2800979687.5,-22.55555
2800979843.75,-22.55605
2800980000.0,-22.55649
2800980156.25,-22.55833
2800980312.5,-22.56162
2800980468.75,-22.56122
2800980625.0,-22.56044
2800980781.25,-22.56347
2800980937.5,-22.56522
2800981093.75,-22.56504
2800981250.0,-22.56556
2800981406.25,-22.56685
2800981562.5,-22.56769
2800981718.75,-22.56758
2800981875.0,-22.57089
2800982031.25,-22.5708
2800982187.5,-22.56944
2800982343.75,-22.57291
2800982500.0,-22.57143
2800982656.25,-22.5742
2800982812.5,-22.57476
2800982968.75,-22.57773
2800983125.0,-22.57835
2800983281.25,-22.57809
2800983437.5,-22.58014
2800983593.75,-22.57912
2800983750.0,-22.58245
2800983906.25,-22.58461
2800984062.5,-22.58504
2800984218.75,-22.58606
2800984375.0,-22.586
2800984531.25,-22.58627
2800984687.5,-22.58738
2800984843.75,-22.59147
2800985000.0,-22.58929
2800985156.25,-22.59241
2800985312.5,-22.59478
2800985468.75,-22.59483
2800985625.0,-22.59507
2800985781.25,-22.59498
2800985937.5,-22.59563
2800986093.75,-22.59642
2800986250.0,-22.59828
2800986406.25,-22.6007
2800986562.5,-22.60047
2800986718.75,-22.60469
2800986875.0,-22.60329
2800987031.25,-22.60359
2800987187.5,-22.60606
2800987343.75,-22.60768
2800987500.0,-22.608
2800987656.25,-22.60767
2800987812.5,-22.60865
2800987968.75,-22.60987
2800988125.0,-22.6124
2800988281.25,-22.61317
2800988437.5,-22.61206
2800988593.75,-22.61372
2800988750.0,-22.61724
2800988906.25,-22.61707
2800989062.5,-22.61812
2800989218.75,-22.61906
2800989375.0,-22.61932
2800989531.25,-22.61959
2800989687.5,-22.62291
2800989843.75,-22.6239
2800990000.0,-22.62437
2800990156.25,-22.62461
2800990312.5,-22.62717
2800990468.75,-22.62817
2800990625.0,-22.6313
2800990781.25,-22.62916
2800990937.5,-22.63004
2800991093.75,-22.62979
2800991250.0,-22.63276
2800991406.25,-22.63653
2800991562.5,-22.63338
2800991718.75,-22.63692
2800991875.0,-22.63802
2800992031.25,-22.63751
2800992187.5,-22.6393
2800992343.75,-22.63862
2800992500.0,-22.63963
2800992656.25,-22.64382
2800992812.5,-22.64269
2800992968.75,-22.6417
2800993125.0,-22.64741
2800993281.25,-22.64594
2800993437.5,-22.64952
2800993593.75,-22.64908
2800993750.0,-22.65141
2800993906.25,-22.65345
2800994062.5,-22.65206
2800994218.75,-22.654
2800994375.0,-22.65467
2800994531.25,-22.65705
2800994687.5,-22.65392
2800994843.75,-22.65641
2800995000.0,-22.65794
2800995156.25,-22.65868
2800995312.5,-22.65713
2800995468.75,-22.65956
2800995625.0,-22.66392
2800995781.25,-22.66419
2800995937.5,-22.66497
2800996093.75,-22.6684
2800996250.0,-22.66642
2800996406.25,-22.66663
2800996562.5,-22.67009
2800996718.75,-22.6709
2800996875.0,-22.66983
2800997031.25,-22.67248
2800997187.5,-22.67164
2800997343.75,-22.67516
2800997500.0,-22.67491
2800997656.25,-22.67677
2800997812.5,-22.67673
2800997968.75,-22.67794
2800998125.0,-22.67793
2800998281.25,-22.68094
2800998437.5,-22.68365
2800998593.75,-22.68369
2800998750.0,-22.68487
2800998906.25,-22.68596
2800999062.5,-22.68714
2800999218.75,-22.68589
2800999375.0,-22.68694
2800999531.25,-22.68708
2800999687.5,-22.69013
2800999843.75,-22.69233
2801000000.0,-22.69122
2801000156.25,-22.69333
2801000312.5,-22.69341
2801000468.75,-22.69815
2801000625.0,-22.69669
2801000781.25,-22.69684
2801000937.5,-22.69835
2801001093.75,-22.69875
2801001250.0,-22.70136
2801001406.25,-22.70267
2801001562.5,-22.70307
2801001718.75,-22.70356
2801001875.0,-22.70603
2801002031.25,-22.70362
2801002187.5,-22.70667
2801002343.75,-22.70927
2801002500.0,-22.7088
2801002656.25,-22.71219
2801002812.5,-22.70941
2801002968.75,-22.7127
2801003125.0,-22.71077
2801003281.25,-22.71034
2801003437.5,-22.71427
2801003593.75,-22.71666
2801003750.0,-22.71413
2801003906.25,-22.7201
2801004062.5,-22.72022
2801004218.75,-22.72003
2801004375.0,-22.72
2801004531.25,-22.72381
2801004687.5,-22.72467
2801004843.75,-22.72494
2801005000.0,-22.72721
2801005156.25,-22.72304
2801005312.5,-22.72853
2801005468.75,-22.72983
2801005625.0,-22.73067
2801005781.25,-22.73391
2801005937.5,-22.73177
2801006093.75,-22.73359
2801006250.0,-22.7349
2801006406.25,-22.73501
2801006562.5,-22.73668
2801006718.75,-22.73751
2801006875.0,-22.73503
2801007031.25,-22.74009
2801007187.5,-22.74379
2801007343.75,-22.74239
2801007500.0,-22.74329
2801007656.25,-22.7427
2801007812.5,-22.74478
2801007968.75,-22.74565
2801008125.0,-22.74599
2801008281.25,-22.7469
2801008437.5,-22.74603
2801008593.75,-22.74871
2801008750.0,-22.75146
2801008906.25,-22.7527
2801009062.5,-22.75204
2801009218.75,-22.75542
2801009375.0,-22.75654
2801009531.25,-22.75723
2801009687.5,-22.75859
2801009843.75,-22.75918
2801010000.0,-22.76054
2801010156.25,-22.76013
2801010312.5,-22.76144
2801010468.75,-22.75993
2801010625.0,-22.76396
2801010781.25,-22.76225
2801010937.5,-22.76445
2801011093.75,-22.76612
2801011250.0,-22.77008
2801011406.25,-22.76839
2801011562.5,-22.77104
2801011718.75,-22.7695
2801011875.0,-22.7718
2801012031.25,-22.77396
2801012187.5,-22.77601
2801012343.75,-22.77543
2801012500.0,-22.77637
2801012656.25,-22.77691
2801012812.5,-22.77596
2801012968.75,-22.78055
2801013125.0,-22.78141
2801013281.25,-22.78117
2801013437.5,-22.78183
2801013593.75,-22.7832
2801013750.0,-22.78236
2801013906.25,-22.78701
2801014062.5,-22.78667
2801014218.75,-22.78561
2801014375.0,-22.78801
2801014531.25,-22.78847
2801014687.5,-22.7916
2801014843.75,-22.79302
2801015000.0,-22.79428
2801015156.25,-22.79485
2801015312.5,-22.79448
2801015468.75,-22.79688
2801015625.0,-22.7972
2801015781.25,-22.7977
2801015937.5,-22.79612
2801016093.75,-22.79966
2801016250.0,-22.80045
2801016406.25,-22.80472
2801016562.5,-22.80325
2801016718.75,-22.80293
2801016875.0,-22.80581
2801017031.25,-22.80657
2801017187.5,-22.80963
2801017343.75,-22.8053
2801017500.0,-22.80804
2801017656.25,-22.81013
2801017812.5,-22.81211
2801017968.75,-22.81195
2801018125.0,-22.81362
2801018281.25,-22.81436
2801018437.5,-22.81597
2801018593.75,-22.81574
2801018750.0,-22.81729
2801018906.25,-22.81776
2801019062.5,-22.82096
2801019218.75,-22.82056
2801019375.0,-22.8264
2801019531.25,-22.82649
2801019687.5,-22.82206
2801019843.75,-22.82551
2801020000.0,-22.82641
2801020156.25,-22.82768
2801020312.5,-22.82729
2801020468.75,-22.82812
2801020625.0,-22.83183
2801020781.25,-22.82962
2801020937.5,-22.83342
2801021093.75,-22.83471
2801021250.0,-22.83245
2801021406.25,-22.8346
2801021562.5,-22.83826
2801021718.75,-22.83772
2801021875.0,-22.83716
2801022031.25,-22.83829
2801022187.5,-22.84132
2801022343.75,-22.84086
2801022500.0,-22.84364
2801022656.25,-22.84519
2801022812.5,-22.84485
2801022968.75,-22.84659
2801023125.0,-22.84606
2801023281.25,-22.84717
2801023437.5,-22.84744
2801023593.75,-22.8495
2801023750.0,-22.84897
2801023906.25,-22.85346
2801024062.5,-22.85017
2801024218.75,-22.85458
2801024375.0,-22.85686
2801024531.25,-22.85738
2801024687.5,-22.85636
2801024843.75,-22.85884
2801025000.0,-22.859
2801025156.25,-22.85911
2801025312.5,-22.8617
2801025468.75,-22.86087
2801025625.0,-22.86241
2801025781.25,-22.864
2801025937.5,-22.86559
2801026093.75,-22.86694
2801026250.0,-22.86748
2801026406.25,-22.86797
2801026562.5,-22.86835
2801026718.75,-22.87121
2801026875.0,-22.87112
2801027031.25,-22.87385
2801027187.5,-22.872
2801027343.75,-22.87365
2801027500.0,-22.87535
2801027656.25,-22.87734
2801027812.5,-22.88064
2801027968.75,-22.88014
2801028125.0,-22.87777
2801028281.25,-22.8829
2801028437.5,-22.8816
2801028593.75,-22.88146
2801028750.0,-22.88443
2801028906.25,-22.88344
2801029062.5,-22.88633
2801029218.75,-22.8851
2801029375.0,-22.88778
2801029531.25,-22.88837
2801029687.5,-22.89067
2801029843.75,-22.89073
2801030000.0,-22.88966
2801030156.25,-22.89616
2801030312.5,-22.89468
2801030468.75,-22.89663
2801030625.0,-22.89548
2801030781.25,-22.89572
2801030937.5,-22.89665
2801031093.75,-22.89875
2801031250.0,-22.89904
2801031406.25,-22.8998
2801031562.5,-22.90305
2801031718.75,-22.90168
2801031875.0,-22.90454
2801032031.25,-22.90509
2801032187.5,-22.90372
2801032343.75,-22.90719
2801032500.0,-22.90562
2801032656.25,-22.90971
2801032812.5,-22.91037
2801032968.75,-22.90889
2801033125.0,-22.91208
2801033281.25,-22.91405
2801033437.5,-22.91556
2801033593.75,-22.91533
2801033750.0,-22.91512
2801033906.25,-22.91852
2801034062.5,-22.91731
2801034218.75,-22.91936
2801034375.0,-22.91798
2801034531.25,-22.92146
2801034687.5,-22.92045
2801034843.75,-22.92312
2801035000.0,-22.92418
2801035156.25,-22.9254
2801035312.5,-22.92273
2801035468.75,-22.92861
2801035625.0,-22.92991
2801035781.25,-22.93036
2801035937.5,-22.9301
2801036093.75,-22.93345
2801036250.0,-22.93282
2801036406.25,-22.93323
2801036562.5,-22.93313
2801036718.75,-22.93826
2801036875.0,-22.93621
2801037031.25,-22.94005
2801037187.5,-22.93962
2801037343.75,-22.93853
2801037500.0,-22.93966
2801037656.25,-22.93881
2801037812.5,-22.94497
2801037968.75,-22.94417
2801038125.0,-22.94765
2801038281.25,-22.94431
2801038437.5,-22.94682
2801038593.75,-22.94947
2801038750.0,-22.94905
2801038906.25,-22.95185
2801039062.5,-22.94974
2801039218.75,-22.95313
2801039375.0,-22.95521
2801039531.25,-22.95423
2801039687.5,-22.95728
2801039843.75,-22.95519
2801040000.0,-22.95621
2801040156.25,-22.95863
2801040312.5,-22.9577
2801040468.75,-22.95983
2801040625.0,-22.96059
2801040781.25,-22.96058
2801040937.5,-22.96474
2801041093.75,-22.96471
2801041250.0,-22.96858
2801041406.25,-22.96761
2801041562.5,-22.96485
2801041718.75,-22.96747
2801041875.0,-22.96964
2801042031.25,-22.97158
2801042187.5,-22.96995
2801042343.75,-22.97273
2801042500.0,-22.97446
2801042656.25,-22.97389
2801042812.5,-22.97688
2801042968.75,-22.9799
2801043125.0,-22.97895
2801043281.25,-22.97786
2801043437.5,-22.97939
2801043593.75,-22.98072
2801043750.0,-22.98227
2801043906.25,-22.98223
2801044062.5,-22.9834
2801044218.75,-22.98403
2801044375.0,-22.98383
2801044531.25,-22.98812
2801044687.5,-22.98775
2801044843.75,-22.98717
2801045000.0,-22.99121
2801045156.25,-22.99129
2801045312.5,-22.99299
2801045468.75,-22.99096
2801045625.0,-22.99386
2801045781.25,-22.9974
2801045937.5,-22.99628
2801046093.75,-22.99567
2801046250.0,-22.99915
2801046406.25,-22.99903
2801046562.5,-23.0027
2801046718.75,-22.99915
2801046875.0,-23.00504
2801047031.25,-23.00443
2801047187.5,-23.00419
2801047343.75,-23.00648
2801047500.0,-23.00818
2801047656.25,-23.00536
2801047812.5,-23.00651
2801047968.75,-23.01248
2801048125.0,-23.0113
2801048281.25,-23.01223
2801048437.5,-23.01362
2801048593.75,-23.01108
2801048750.0,-23.01391
2801048906.25,-23.01321
2801049062.5,-23.01427
2801049218.75,-23.01672
2801049375.0,-23.01766
2801049531.25,-23.02125
2801049687.5,-23.02252
2801049843.75,-23.0252
2801050000.0,-23.02279
2801050156.25,-23.02591
2801050312.5,-23.02511
2801050468.75,-23.02509
2801050625.0,-23.02566
2801050781.25,-23.02786
2801050937.5,-23.0278
2801051093.75,-23.02936
2801051250.0,-23.03174
2801051406.25,-23.03283
2801051562.5,-23.03128
2801051718.75,-23.03423
2801051875.0,-23.03397
2801052031.25,-23.03522
2801052187.5,-23.03595
2801052343.75,-23.03847
2801052500.0,-23.03921
2801052656.25,-23.04245
2801052812.5,-23.04247
2801052968.75,-23.04228
2801053125.0,-23.04385
2801053281.25,-23.04528
2801053437.5,-23.0464
2801053593.75,-23.04591
2801053750.0,-23.04823
2801053906.25,-23.05035
2801054062.5,-23.05044
2801054218.75,-23.04981
2801054375.0,-23.05169
2801054531.25,-23.0515
2801054687.5,-23.051
2801054843.75,-23.05437
2801055000.0,-23.05428
2801055156.25,-23.05648
2801055312.5,-23.05771
2801055468.75,-23.05962
2801055625.0,-23.06052
2801055781.25,-23.0598
2801055937.5,-23.06039
2801056093.75,-23.06106
2801056250.0,-23.06233
2801056406.25,-23.0649
2801056562.5,-23.06648
2801056718.75,-23.06479
2801056875.0,-23.06523
2801057031.25,-23.06709
2801057187.5,-23.07143
2801057343.75,-23.06987
2801057500.0,-23.07161
2801057656.25,-23.07368
2801057812.5,-23.07206
2801057968.75,-23.07594
2801058125.0,-23.07456
2801058281.25,-23.0751
2801058437.5,-23.07674
2801058593.75,-23.07783
2801058750.0,-23.08103
2801058906.25,-23.08359
2801059062.5,-23.08245
2801059218.75,-23.07954
2801059375.0,-23.08285
2801059531.25,-23.08607
2801059687.5,-23.08643
2801059843.75,-23.08589
2801060000.0,-23.08958
2801060156.25,-23.08717
2801060312.5,-23.08965
2801060468.75,-23.09229
2801060625.0,-23.08994
2801060781.25,-23.09093
2801060937.5,-23.09418
2801061093.75,-23.09447
2801061250.0,-23.09746
2801061406.25,-23.09668
2801061562.5,-23.09743
2801061718.75,-23.09779
2801061875.0,-23.09971
2801062031.25,-23.0993
2801062187.5,-23.10316
2801062343.75,-23.1025
2801062500.0,-23.10132
2801062656.25,-23.10417
2801062812.5,-23.10575
2801062968.75,-23.10793
2801063125.0,-23.10748
2801063281.25,-23.10598
2801063437.5,-23.10704
2801063593.75,-23.1118
2801063750.0,-23.11215
2801063906.25,-23.11185
2801064062.5,-23.11391
2801064218.75,-23.11395
2801064375.0,-23.11522
2801064531.25,-23.11782
2801064687.5,-23.11829
2801064843.75,-23.11796
2801065000.0,-23.11728
2801065156.25,-23.12479
2801065312.5,-23.12059
2801065468.75,-23.12102
2801065625.0,-23.12682
2801065781.25,-23.12522
2801065937.5,-23.12616
2801066093.75,-23.12846
2801066250.0,-23.12624
2801066406.25,-23.12872
2801066562.5,-23.13093
2801066718.75,-23.13097
2801066875.0,-23.13054
2801067031.25,-23.13453
2801067187.5,-23.1314
2801067343.75,-23.13224
2801067500.0,-23.13619
2801067656.25,-23.13726
2801067812.5,-23.13625
2801067968.75,-23.14052
2801068125.0,-23.13851
2801068281.25,-23.14058
2801068437.5,-23.13949
2801068593.75,-23.14225
2801068750.0,-23.14373
2801068906.25,-23.14463
2801069062.5,-23.14495
2801069218.75,-23.14868
2801069375.0,-23.14704
2801069531.25,-23.1481
2801069687.5,-23.14802
2801069843.75,-23.15073
2801070000.0,-23.15313
2801070156.25,-23.1539
2801070312.5,-23.15307
2801070468.75,-23.15816
2801070625.0,-23.1563
2801070781.25,-23.15913
2801070937.5,-23.15641
2801071093.75,-23.15902
2801071250.0,-23.15831
2801071406.25,-23.16235
2801071562.5,-23.16042
2801071718.75,-23.16197
2801071875.0,-23.16164
2801072031.25,-23.16395
2801072187.5,-23.1677
2801072343.75,-23.16805
2801072500.0,-23.16926
2801072656.25,-23.17154
2801072812.5,-23.16921
2801072968.75,-23.16789
2801073125.0,-23.17243
2801073281.25,-23.17213
2801073437.5,-23.17453
2801073593.75,-23.176
2801073750.0,-23.17442
2801073906.25,-23.17593
2801074062.5,-23.17806
2801074218.75,-23.18027
2801074375.0,-23.18139
2801074531.25,-23.18033
2801074687.5,-23.18204
2801074843.75,-23.18262
2801075000.0,-23.18348
2801075156.25,-23.18525
2801075312.5,-23.18536
2801075468.75,-23.18719
2801075625.0,-23.18612
2801075781.25,-23.18609
2801075937.5,-23.18721
2801076093.75,-23.18909
2801076250.0,-23.19473
2801076406.25,-23.1919
2801076562.5,-23.19154
2801076718.75,-23.19166
2801076875.0,-23.19478
2801077031.25,-23.19796
2801077187.5,-23.19739
2801077343.75,-23.19817
2801077500.0,-23.19761
2801077656.25,-23.19856
2801077812.5,-23.20121
2801077968.75,-23.2023
2801078125.0,-23.20283
2801078281.25,-23.20352
2801078437.5,-23.20524
2801078593.75,-23.20454
2801078750.0,-23.20695
2801078906.25,-23.21017
2801079062.5,-23.20938
2801079218.75,-23.20954
2801079375.0,-23.21314
2801079531.25,-23.21241
2801079687.5,-23.21487
2801079843.75,-23.21505
2801080000.0,-23.21605
2801080156.25,-23.21614
2801080312.5,-23.21708
2801080468.75,-23.21578
2801080625.0,-23.22142
2801080781.25,-23.21861
2801080937.5,-23.22078
2801081093.75,-23.2209
2801081250.0,-23.22372
2801081406.25,-23.22418
2801081562.5,-23.22532
2801081718.75,-23.22413
2801081875.0,-23.22825
2801082031.25,-23.22881
2801082187.5,-23.22985
2801082343.75,-23.23185
2801082500.0,-23.23259
2801082656.25,-23.23137
2801082812.5,-23.23656
2801082968.75,-23.23326
2801083125.0,-23.23756
2801083281.25,-23.23637
2801083437.5,-23.23762
2801083593.75,-23.23878
2801083750.0,-23.23901
2801083906.25,-23.23997
2801084062.5,-23.24085
2801084218.75,-23.2422
2801084375.0,-23.2416
2801084531.25,-23.24399
2801084687.5,-23.24449
2801084843.75,-23.2424
2801085000.0,-23.24606
2801085156.25,-23.25083
2801085312.5,-23.24827
2801085468.75,-23.24945
2801085625.0,-23.24964
2801085781.25,-23.24924
2801085937.5,-23.25251
2801086093.75,-23.25433
2801086250.0,-23.25524
2801086406.25,-23.2533
2801086562.5,-23.25766
2801086718.75,-23.25723
2801086875.0,-23.25962
2801087031.25,-23.26027
2801087187.5,-23.26038
2801087343.75,-23.26182
2801087500.0,-23.26395
2801087656.25,-23.26457
2801087812.5,-23.26759
2801087968.75,-23.26556
2801088125.0,-23.269
2801088281.25,-23.26967
2801088437.5,-23.26652
2801088593.75,-23.27124
2801088750.0,-23.27067
2801088906.25,-23.27086
2801089062.5,-23.27317
2801089218.75,-23.27456
2801089375.0,-23.276
2801089531.25,-23.27488
2801089687.5,-23.27682
2801089843.75,-23.27596
2801090000.0,-23.27718
2801090156.25,-23.28067
2801090312.5,-23.27918
2801090468.75,-23.27931
2801090625.0,-23.28318
2801090781.25,-23.28078
2801090937.5,-23.28519
2801091093.75,-23.28591
2801091250.0,-23.28636
2801091406.25,-23.2867
2801091562.5,-23.28774
2801091718.75,-23.28768
2801091875.0,-23.29253
2801092031.25,-23.29032
2801092187.5,-23.2901
2801092343.75,-23.29235
2801092500.0,-23.29645
2801092656.25,-23.29503
2801092812.5,-23.2952
2801092968.75,-23.29645
2801093125.0,-23.29765
2801093281.25,-23.29994
2801093437.5,-23.30001
2801093593.75,-23.29897
2801093750.0,-23.30171
2801093906.25,-23.3023
2801094062.5,-23.30552
2801094218.75,-23.30463
2801094375.0,-23.30753
2801094531.25,-23.30754
2801094687.5,-23.30997
2801094843.75,-23.30721
2801095000.0,-23.30973
2801095156.25,-23.30974
2801095312.5,-23.31257
2801095468.75,-23.31106
2801095625.0,-23.31341
2801095781.25,-23.31607
2801095937.5,-23.31475
2801096093.75,-23.31662
2801096250.0,-23.32087
2801096406.25,-23.32079
2801096562.5,-23.31677
2801096718.75,-23.32055
2801096875.0,-23.32088
2801097031.25,-23.3265
2801097187.5,-23.32333
2801097343.75,-23.32391
2801097500.0,-23.32596
2801097656.25,-23.32507
2801097812.5,-23.32777
2801097968.75,-23.32952
2801098125.0,-23.32884
2801098281.25,-23.33026
2801098437.5,-23.33158
2801098593.75,-23.33269
2801098750.0,-23.33294
2801098906.25,-23.33359
2801099062.5,-23.33455
2801099218.75,-23.33711
2801099375.0,-23.33671
2801099531.25,-23.33965
2801099687.5,-23.33864
2801099843.75,-23.33879
2801100000.0,-23.34292
2801100156.25,-23.34148
2801100312.5,-23.34063
2801100468.75,-23.34249
2801100625.0,-23.34436
2801100781.25,-23.34491
2801100937.5,-23.34784
2801101093.75,-23.34623
2801101250.0,-23.34786
2801101406.25,-23.35022
2801101562.5,-23.3525
2801101718.75,-23.35014
2801101875.0,-23.35257
2801102031.25,-23.35536
2801102187.5,-23.3568
2801102343.75,-23.35761
2801102500.0,-23.35704
2801102656.25,-23.35941
2801102812.5,-23.35703
2801102968.75,-23.35939
2801103125.0,-23.36026
2801103281.25,-23.36303
2801103437.5,-23.36536
2801103593.75,-23.3633
2801103750.0,-23.36357
2801103906.25,-23.36421
2801104062.5,-23.3679
2801104218.75,-23.36756
2801104375.0,-23.36864
2801104531.25,-23.36887
2801104687.5,-23.37352
2801104843.75,-23.36963
2801105000.0,-23.37357
2801105156.25,-23.37147
2801105312.5,-23.37572
2801105468.75,-23.37704
2801105625.0,-23.37675
2801105781.25,-23.37647
2801105937.5,-23.37755
2801106093.75,-23.37742
2801106250.0,-23.38063
2801106406.25,-23.38183
2801106562.5,-23.38249
2801106718.75,-23.38466
2801106875.0,-23.38402
2801107031.25,-23.38289
2801107187.5,-23.38522
2801107343.75,-23.38419
2801107500.0,-23.38784
2801107656.25,-23.38613
2801107812.5,-23.39393
2801107968.75,-23.39295
2801108125.0,-23.39051
2801108281.25,-23.39458
2801108437.5,-23.393
2801108593.75,-23.39454
2801108750.0,-23.3968
2801108906.25,-23.39669
2801109062.5,-23.39693
2801109218.75,-23.39922
2801109375.0,-23.39761
2801109531.25,-23.39983
2801109687.5,-23.40108
2801109843.75,-23.40072
2801110000.0,-23.40228
2801110156.25,-23.40436
2801110312.5,-23.40495
2801110468.75,-23.40625
2801110625.0,-23.40609
2801110781.25,-23.40832
2801110937.5,-23.4102
2801111093.75,-23.41138
2801111250.0,-23.41135
2801111406.25,-23.41301
2801111562.5,-23.41175
2801111718.75,-23.41585
2801111875.0,-23.41665
2801112031.25,-23.41635
2801112187.5,-23.41825
2801112343.75,-23.41792
2801112500.0,-23.41904
2801112656.25,-23.4189
2801112812.5,-23.42105
2801112968.75,-23.42011
2801113125.0,-23.42204
2801113281.25,-23.42222
2801113437.5,-23.42519
2801113593.75,-23.42389
2801113750.0,-23.42682
2801113906.25,-23.4307
2801114062.5,-23.42775
2801114218.75,-23.43256
2801114375.0,-23.42985
2801114531.25,-23.43181
2801114687.5,-23.43325
2801114843.75,-23.43229
2801115000.0,-23.43406
2801115156.25,-23.4382
2801115312.5,-23.43662
2801115468.75,-23.43467
2801115625.0,-23.43967
2801115781.25,-23.43826
2801115937.5,-23.43848
2801116093.75,-23.44026
2801116250.0,-23.44174
2801116406.25,-23.44075
2801116562.5,-23.44229
2801116718.75,-23.44698
2801116875.0,-23.44475
2801117031.25,-23.44765
2801117187.5,-23.44787
2801117343.75,-23.44938
2801117500.0,-23.44846
2801117656.25,-23.4507
2801117812.5,-23.45308
2801117968.75,-23.45424
2801118125.0,-23.45258
2801118281.25,-23.45546
2801118437.5,-23.45473
2801118593.75,-23.45719
2801118750.0,-23.45897
2801118906.25,-23.45903
2801119062.5,-23.45995
2801119218.75,-23.4575
2801119375.0,-23.46264
2801119531.25,-23.4629
2801119687.5,-23.46512
2801119843.75,-23.46421
2801120000.0,-23.46359
2801120156.25,-23.46878
2801120312.5,-23.46845
2801120468.75,-23.468
2801120625.0,-23.46915
2801120781.25,-23.47181
2801120937.5,-23.47361
2801121093.75,-23.4734
2801121250.0,-23.47276
2801121406.25,-23.4715
2801121562.5,-23.47572
2801121718.75,-23.47658
2801121875.0,-23.47658
2801122031.25,-23.47874
2801122187.5,-23.47727
2801122343.75,-23.4792
2801122500.0,-23.47957
2801122656.25,-23.48308
2801122812.5,-23.48079
2801122968.75,-23.48261
2801123125.0,-23.48384
2801123281.25,-23.48583
2801123437.5,-23.48602
2801123593.75,-23.48853
2801123750.0,-23.48972
2801123906.25,-23.49024
2801124062.5,-23.48661
2801124218.75,-23.48954
2801124375.0,-23.49385
2801124531.25,-23.49059
2801124687.5,-23.49145
2801124843.75,-23.49571
2801125000.0,-23.49473
2801125156.25,-23.49797
2801125312.5,-23.49741
2801125468.75,-23.50085
2801125625.0,-23.50134
2801125781.25,-23.50254
2801125937.5,-23.50271
2801126093.75,-23.503
2801126250.0,-23.50435
2801126406.25,-23.506
2801126562.5,-23.50444
2801126718.75,-23.50618
2801126875.0,-23.51029
2801127031.25,-23.50902
2801127187.5,-23.51145
2801127343.75,-23.50902
2801127500.0,-23.51219
2801127656.25,-23.51283
2801127812.5,-23.51137
2801127968.75,-23.513
2801128125.0,-23.51379
2801128281.25,-23.51391
2801128437.5,-23.51876
2801128593.75,-23.51975
2801128750.0,-23.52062
2801128906.25,-23.51941
2801129062.5,-23.5193
2801129218.75,-23.5234
2801129375.0,-23.52266
2801129531.25,-23.52505
2801129687.5,-23.52506
2801129843.75,-23.52574
2801130000.0,-23.52736
2801130156.25,-23.52854
2801130312.5,-23.53049
2801130468.75,-23.52728
2801130625.0,-23.52934
2801130781.25,-23.53061
2801130937.5,-23.53268
2801131093.75,-23.53238
2801131250.0,-23.53469
2801131406.25,-23.53405
2801131562.5,-23.53676
2801131718.75,-23.54125
2801131875.0,-23.53916
2801132031.25,-23.53944
2801132187.5,-23.54046
2801132343.75,-23.53786
2801132500.0,-23.54485
2801132656.25,-23.54224
2801132812.5,-23.54253
2801132968.75,-23.54452
2801133125.0,-23.54657
2801133281.25,-23.5464
2801133437.5,-23.54836
2801133593.75,-23.54806
2801133750.0,-23.54955
2801133906.25,-23.55112
2801134062.5,-23.55076
2801134218.75,-23.55343
2801134375.0,-23.55533
2801134531.25,-23.55562
2801134687.5,-23.55674
2801134843.75,-23.55566
2801135000.0,-23.55762
2801135156.25,-23.56102
2801135312.5,-23.55902
2801135468.75,-23.5626
2801135625.0,-23.55953
2801135781.25,-23.56258
2801135937.5,-23.56293
2801136093.75,-23.56486
2801136250.0,-23.56414
2801136406.25,-23.56474
2801136562.5,-23.56858
2801136718.75,-23.56908
2801136875.0,-23.56985
2801137031.25,-23.56821
2801137187.5,-23.56873
2801137343.75,-23.57314
2801137500.0,-23.57285
2801137656.25,-23.57369
2801137812.5,-23.57386
2801137968.75,-23.57456
2801138125.0,-23.57824
2801138281.25,-23.57615
2801138437.5,-23.5792
2801138593.75,-23.58042
2801138750.0,-23.58166
2801138906.25,-23.58191
2801139062.5,-23.5834
2801139218.75,-23.58177
2801139375.0,-23.58288
2801139531.25,-23.58612
2801139687.5,-23.58678
2801139843.75,-23.58453
2801140000.0,-23.58593
2801140156.25,-23.58984
2801140312.5,-23.59052
2801140468.75,-23.59122
2801140625.0,-23.58979
2801140781.25,-23.5933
2801140937.5,-23.59398
2801141093.75,-23.59432
2801141250.0,-23.59622
2801141406.25,-23.59436
2801141562.5,-23.59411
2801141718.75,-23.59739
2801141875.0,-23.60194
2801142031.25,-23.59838
2801142187.5,-23.60103
2801142343.75,-23.60233
2801142500.0,-23.60291
2801142656.25,-23.60362
2801142812.5,-23.60783
2801142968.75,-23.60557
2801143125.0,-23.60711
2801143281.25,-23.61017
2801143437.5,-23.60775
2801143593.75,-23.60422
2801143750.0,-23.61231
2801143906.25,-23.61102
2801144062.5,-23.6107
2801144218.75,-23.61545
2801144375.0,-23.61643
2801144531.25,-23.61592
2801144687.5,-23.61564
2801144843.75,-23.61615
2801145000.0,-23.61856
2801145156.25,-23.62105
2801145312.5,-23.62175
2801145468.75,-23.62295
2801145625.0,-23.62164
2801145781.25,-23.62536
2801145937.5,-23.62347
2801146093.75,-23.62613
2801146250.0,-23.6247
2801146406.25,-23.6289
2801146562.5,-23.62877
2801146718.75,-23.62639
2801146875.0,-23.62818
2801147031.25,-23.62778
2801147187.5,-23.63272
2801147343.75,-23.63178
2801147500.0,-23.63222
2801147656.25,-23.63408
2801147812.5,-23.63447
2801147968.75,-23.63589
2801148125.0,-23.63683
2801148281.25,-23.63884
2801148437.5,-23.63921
2801148593.75,-23.63856
2801148750.0,-23.64024
2801148906.25,-23.64277
2801149062.5,-23.64644
2801149218.75,-23.64376
2801149375.0,-23.64492
2801149531.25,-23.645
2801149687.5,-23.64497
2801149843.75,-23.64646
2801150000.0,-23.64935
2801150156.25,-23.64914
2801150312.5,-23.65055
2801150468.75,-23.65016
2801150625.0,-23.65414
2801150781.25,-23.65626
2801150937.5,-23.65422
2801151093.75,-23.65485
2801151250.0,-23.65625
2801151406.25,-23.65604
2801151562.5,-23.65837
2801151718.75,-23.65813
2801151875.0,-23.66106
2801152031.25,-23.66343
2801152187.5,-23.66395
2801152343.75,-23.66613
2801152500.0,-23.66189
2801152656.25,-23.66707
2801152812.5,-23.66886
2801152968.75,-23.6682
2801153125.0,-23.66717
2801153281.25,-23.6707
2801153437.5,-23.67033
2801153593.75,-23.67261
2801153750.0,-23.67233
2801153906.25,-23.66996
2801154062.5,-23.67143
2801154218.75,-23.67207
2801154375.0,-23.67457
2801154531.25,-23.67522
2801154687.5,-23.67705
2801154843.75,-23.67785
2801155000.0,-23.68011
2801155156.25,-23.68247
2801155312.5,-23.67927
2801155468.75,-23.68213
2801155625.0,-23.68304
2801155781.25,-23.68479
2801155937.5,-23.68525
2801156093.75,-23.68678
2801156250.0,-23.68585
2801156406.25,-23.68474
2801156562.5,-23.68898
2801156718.75,-23.69087
2801156875.0,-23.69259
2801157031.25,-23.692
2801157187.5,-23.69198
2801157343.75,-23.69226
2801157500.0,-23.69515
2801157656.25,-23.69265
2801157812.5,-23.69848
2801157968.75,-23.69388
2801158125.0,-23.69883
2801158281.25,-23.69813
2801158437.5,-23.69925
2801158593.75,-23.70056
2801158750.0,-23.70224
2801158906.25,-23.7048
2801159062.5,-23.70518
2801159218.75,-23.70483
2801159375.0,-23.70464
2801159531.25,-23.70406
2801159687.5,-23.70866
2801159843.75,-23.70745
2801160000.0,-23.70872
2801160156.25,-23.71081
2801160312.5,-23.71304
2801160468.75,-23.711
2801160625.0,-23.71253
2801160781.25,-23.71714
2801160937.5,-23.71483
2801161093.75,-23.71523
2801161250.0,-23.71459
2801161406.25,-23.71761
2801161562.5,-23.71925
2801161718.75,-23.71911
2801161875.0,-23.71704
2801162031.25,-23.721
2801162187.5,-23.72142
2801162343.75,-23.72169
2801162500.0,-23.72322
2801162656.25,-23.72572
2801162812.5,-23.72399
2801162968.75,-23.72494
2801163125.0,-23.72957
2801163281.25,-23.72696
2801163437.5,-23.73009
2801163593.75,-23.73055
2801163750.0,-23.7305
2801163906.25,-23.7324
2801164062.5,-23.73022
2801164218.75,-23.73371
2801164375.0,-23.73565
2801164531.25,-23.73591
2801164687.5,-23.7387
2801164843.75,-23.73702
2801165000.0,-23.73847
2801165156.25,-23.74228
2801165312.5,-23.74036
2801165468.75,-23.7407
2801165625.0,-23.74369
2801165781.25,-23.74232
2801165937.5,-23.74649
2801166093.75,-23.74617
2801166250.0,-23.74339
2801166406.25,-23.74699
2801166562.5,-23.74797
2801166718.75,-23.74976
2801166875.0,-23.7517
2801167031.25,-23.75497
2801167187.5,-23.75193
2801167343.75,-23.7538
2801167500.0,-23.75328
2801167656.25,-23.75558
2801167812.5,-23.75871
2801167968.75,-23.75588
2801168125.0,-23.75752
2801168281.25,-23.75834
2801168437.5,-23.75746
2801168593.75,-23.76144
2801168750.0,-23.76186
2801168906.25,-23.7636
2801169062.5,-23.76294
2801169218.75,-23.76274
2801169375.0,-23.76324
2801169531.25,-23.76613
2801169687.5,-23.76868
2801169843.75,-23.76816
2801170000.0,-23.76722
2801170156.25,-23.77201
2801170312.5,-23.77297
2801170468.75,-23.77341
2801170625.0,-23.7729
2801170781.25,-23.77073
2801170937.5,-23.77321
2801171093.75,-23.77437
2801171250.0,-23.77748
2801171406.25,-23.77733
2801171562.5,-23.77612
2801171718.75,-23.77801
2801171875.0,-23.78212
2801172031.25,-23.78032
2801172187.5,-23.78155
2801172343.75,-23.78385
2801172500.0,-23.7832
2801172656.25,-23.78593
2801172812.5,-23.78593
2801172968.75,-23.78769
2801173125.0,-23.78792
2801173281.25,-23.7899
2801173437.5,-23.78835
2801173593.75,-23.78913
2801173750.0,-23.79256
2801173906.25,-23.79285
2801174062.5,-23.79242
2801174218.75,-23.79609
2801174375.0,-23.79375
2801174531.25,-23.79399
2801174687.5,-23.79304
2801174843.75,-23.80102
2801175000.0,-23.79784
2801175156.25,-23.80011
2801175312.5,-23.7993
2801175468.75,-23.80324
2801175625.0,-23.80459
2801175781.25,-23.80122
2801175937.5,-23.80655
2801176093.75,-23.80498
2801176250.0,-23.80673
2801176406.25,-23.80525
2801176562.5,-23.8079
2801176718.75,-23.8092
2801176875.0,-23.80992
2801177031.25,-23.81005
2801177187.5,-23.81013
2801177343.75,-23.81029
2801177500.0,-23.81368
2801177656.25,-23.81531
2801177812.5,-23.81318
2801177968.75,-23.81476
2801178125.0,-23.82034
2801178281.25,-23.81868
2801178437.5,-23.81933
2801178593.75,-23.82018
2801178750.0,-23.82064
2801178906.25,-23.82239
2801179062.5,-23.82262
2801179218.75,-23.82355
2801179375.0,-23.82609
2801179531.25,-23.82637
2801179687.5,-23.82503
2801179843.75,-23.82515
2801180000.0,-23.82846
2801180156.25,-23.82888
2801180312.5,-23.83358
2801180468.75,-23.8316
2801180625.0,-23.83271
2801180781.25,-23.83244
2801180937.5,-23.83327
2801181093.75,-23.83444
2801181250.0,-23.83428
2801181406.25,-23.8363
2801181562.5,-23.83707
2801181718.75,-23.84011
2801181875.0,-23.83698
2801182031.25,-23.83917
2801182187.5,-23.84226
2801182343.75,-23.84163
2801182500.0,-23.84439
2801182656.25,-23.84574
2801182812.5,-23.84169
2801182968.75,-23.84465
2801183125.0,-23.8478
2801183281.25,-23.84837
2801183437.5,-23.85016
2801183593.75,-23.85216
2801183750.0,-23.85086
2801183906.25,-23.85327
2801184062.5,-23.85074
2801184218.75,-23.85328
2801184375.0,-23.85628
2801184531.25,-23.85396
2801184687.5,-23.85792
2801184843.75,-23.85726
2801185000.0,-23.85881
2801185156.25,-23.8574
2801185312.5,-23.86044
2801185468.75,-23.86255
2801185625.0,-23.85979
2801185781.25,-23.86244
2801185937.5,-23.86484
2801186093.75,-23.86823
2801186250.0,-23.86768
2801186406.25,-23.86317
2801186562.5,-23.86799
2801186718.75,-23.8677
2801186875.0,-23.86551
2801187031.25,-23.86987
2801187187.5,-23.8668
2801187343.75,-23.87153
2801187500.0,-23.87137
2801187656.25,-23.87184
2801187812.5,-23.87362
2801187968.75,-23.87543
2801188125.0,-23.87709
2801188281.25,-23.87538
2801188437.5,-23.87619
2801188593.75,-23.87716
2801188750.0,-23.88161
2801188906.25,-23.87655
2801189062.5,-23.88052
2801189218.75,-23.88324
2801189375.0,-23.8835
2801189531.25,-23.88413
2801189687.5,-23.8861
2801189843.75,-23.88545
2801190000.0,-23.88574
2801190156.25,-23.88799
2801190312.5,-23.88969
2801190468.75,-23.89
2801190625.0,-23.89026
2801190781.25,-23.89222
2801190937.5,-23.89275
2801191093.75,-23.89449
2801191250.0,-23.89487
2801191406.25,-23.89438
2801191562.5,-23.89694
2801191718.75,-23.90043
2801191875.0,-23.89802
2801192031.25,-23.90154
2801192187.5,-23.90098
2801192343.75,-23.89999
2801192500.0,-23.89937
2801192656.25,-23.90269
2801192812.5,-23.90421
2801192968.75,-23.903
2801193125.0,-23.90444
2801193281.25,-23.90549
2801193437.5,-23.9046
2801193593.75,-23.90794
2801193750.0,-23.90828
2801193906.25,-23.90968
2801194062.5,-23.90944
2801194218.75,-23.91437
2801194375.0,-23.91388
2801194531.25,-23.91328
2801194687.5,-23.9161
2801194843.75,-23.9157
2801195000.0,-23.91955
2801195156.25,-23.91724
2801195312.5,-23.91662
2801195468.75,-23.9211
2801195625.0,-23.92106
2801195781.25,-23.91904
2801195937.5,-23.9221
2801196093.75,-23.92209
2801196250.0,-23.92192
2801196406.25,-23.92416
2801196562.5,-23.92341
2801196718.75,-23.92373
2801196875.0,-23.92568
2801197031.25,-23.92884
2801197187.5,-23.93033
2801197343.75,-23.92918
2801197500.0,-23.92939
2801197656.25,-23.93213
2801197812.5,-23.93329
2801197968.75,-23.93672
2801198125.0,-23.93123
2801198281.25,-23.93499
2801198437.5,-23.93751
2801198593.75,-23.93585
2801198750.0,-23.93744
2801198906.25,-23.94022
2801199062.5,-23.9419
2801199218.75,-23.93994
2801199375.0,-23.94157
2801199531.25,-23.93993
2801199687.5,-23.94273
2801199843.75,-23.9425
2801200000.0,-23.94619
2801200156.25,-23.94936
2801200312.5,-23.94712
2801200468.75,-23.94858
2801200625.0,-23.94625
2801200781.25,-23.95034
2801200937.5,-23.94963
2801201093.75,-23.95318
2801201250.0,-23.95467
2801201406.25,-23.95374
2801201562.5,-23.95376
2801201718.75,-23.95566
2801201875.0,-23.95726
2801202031.25,-23.95665
2801202187.5,-23.95938
2801202343.75,-23.95951
2801202500.0,-23.96212
2801202656.25,-23.96173
2801202812.5,-23.96335
2801202968.75,-23.96679
2801203125.0,-23.9684
2801203281.25,-23.96375
2801203437.5,-23.96776
2801203593.75,-23.9658
2801203750.0,-23.96608
2801203906.25,-23.96901
2801204062.5,-23.9689
2801204218.75,-23.97061
2801204375.0,-23.971
2801204531.25,-23.97375
2801204687.5,-23.97348
2801204843.75,-23.9744
2801205000.0,-23.97554
2801205156.25,-23.97377
2801205312.5,-23.97758
2801205468.75,-23.97713
2801205625.0,-23.9791
2801205781.25,-23.97831
2801205937.5,-23.9831
2801206093.75,-23.9808
2801206250.0,-23.98277
2801206406.25,-23.98481
2801206562.5,-23.98276
2801206718.75,-23.98326
2801206875.0,-23.98871
2801207031.25,-23.98724
2801207187.5,-23.99036
2801207343.75,-23.99096
2801207500.0,-23.98856
2801207656.25,-23.98905
2801207812.5,-23.98942
2801207968.75,-23.98926
2801208125.0,-23.99244
2801208281.25,-23.99357
2801208437.5,-23.99307
2801208593.75,-23.9939
2801208750.0,-23.99371
2801208906.25,-23.99651
2801209062.5,-23.9987
2801209218.75,-23.9985
2801209375.0,-24.00004
2801209531.25,-24.00238
2801209687.5,-24.00543
2801209843.75,-24.00383
2801210000.0,-23.99972
2801210156.25,-24.00525
2801210312.5,-24.00496
2801210468.75,-24.00649
2801210625.0,-24.00768
2801210781.25,-24.00972
2801210937.5,-24.01006
2801211093.75,-24.0103
2801211250.0,-24.00955
2801211406.25,-24.01337
2801211562.5,-24.01602
2801211718.75,-24.01287
2801211875.0,-24.01474
2801212031.25,-24.01701
2801212187.5,-24.0151
2801212343.75,-24.01625
2801212500.0,-24.01768
2801212656.25,-24.01896
2801212812.5,-24.02116
2801212968.75,-24.02232
2801213125.0,-24.02246
2801213281.25,-24.02261
2801213437.5,-24.02269
2801213593.75,-24.02352
2801213750.0,-24.02806
2801213906.25,-24.02556
2801214062.5,-24.02855
2801214218.75,-24.03083
2801214375.0,-24.03128
2801214531.25,-24.03036
2801214687.5,-24.03019
2801214843.75,-24.03237
2801215000.0,-24.03116
2801215156.25,-24.03321
2801215312.5,-24.03408
2801215468.75,-24.03477
2801215625.0,-24.03634
2801215781.25,-24.03906
2801215937.5,-24.03978
2801216093.75,-24.03921
2801216250.0,-24.04188
2801216406.25,-24.04177
2801216562.5,-24.04133
2801216718.75,-24.04427
2801216875.0,-24.04218
2801217031.25,-24.04543
2801217187.5,-24.04595
2801217343.75,-24.04648
2801217500.0,-24.04938
2801217656.25,-24.04796
2801217812.5,-24.04888
2801217968.75,-24.05138
2801218125.0,-24.05231
2801218281.25,-24.05285
2801218437.5,-24.05511
2801218593.75,-24.05354
2801218750.0,-24.05213
2801218906.25,-24.0563
2801219062.5,-24.05719
2801219218.75,-24.05513
2801219375.0,-24.05782
2801219531.25,-24.06094
2801219687.5,-24.06149
2801219843.75,-24.05912
2801220000.0,-24.0644
2801220156.25,-24.06452
2801220312.5,-24.06496
2801220468.75,-24.06429
2801220625.0,-24.06632
2801220781.25,-24.06644
2801220937.5,-24.06745
2801221093.75,-24.06901
2801221250.0,-24.06917
2801221406.25,-24.07122
2801221562.5,-24.06992
2801221718.75,-24.07114
2801221875.0,-24.07582
2801222031.25,-24.07193
2801222187.5,-24.07405
2801222343.75,-24.07431
2801222500.0,-24.07732
2801222656.25,-24.07549
2801222812.5,-24.07942
2801222968.75,-24.07887
2801223125.0,-24.0802
2801223281.25,-24.08187
2801223437.5,-24.08256
2801223593.75,-24.08163
2801223750.0,-24.07852
2801223906.25,-24.08341
2801224062.5,-24.0846
2801224218.75,-24.08545
2801224375.0,-24.08596
2801224531.25,-24.08741
2801224687.5,-24.088
2801224843.75,-24.09055
2801225000.0,-24.09157
2801225156.25,-24.09002
2801225312.5,-24.09286
2801225468.75,-24.0965
2801225625.0,-24.09274
2801225781.25,-24.09697
2801225937.5,-24.09806
2801226093.75,-24.09647
2801226250.0,-24.09961
2801226406.25,-24.09766
2801226562.5,-24.10019
2801226718.75,-24.09948
2801226875.0,-24.10314
2801227031.25,-24.10313
2801227187.5,-24.10359
2801227343.75,-24.10366
2801227500.0,-24.10759
2801227656.25,-24.10379
2801227812.5,-24.10654
2801227968.75,-24.10756
2801228125.0,-24.11118
2801228281.25,-24.10945
2801228437.5,-24.11155
2801228593.75,-24.11005
2801228750.0,-24.11126
2801228906.25,-24.11449
2801229062.5,-24.11343
2801229218.75,-24.11473
2801229375.0,-24.11448
2801229531.25,-24.11569
2801229687.5,-24.11761
2801229843.75,-24.11798
2801230000.0,-24.11763
2801230156.25,-24.1229
2801230312.5,-24.12115
2801230468.75,-24.12334
2801230625.0,-24.12259
2801230781.25,-24.12413
2801230937.5,-24.1262
2801231093.75,-24.12562
2801231250.0,-24.12861
2801231406.25,-24.12618
2801231562.5,-24.12917
2801231718.75,-24.12751
2801231875.0,-24.13191
2801232031.25,-24.13215
2801232187.5,-24.13512
2801232343.75,-24.13307
2801232500.0,-24.13297
2801232656.25,-24.1348
2801232812.5,-24.13629
2801232968.75,-24.13591
2801233125.0,-24.13785
2801233281.25,-24.14058
2801233437.5,-24.13949
2801233593.75,-24.1426
2801233750.0,-24.14255
2801233906.25,-24.13976
2801234062.5,-24.142
2801234218.75,-24.14606
2801234375.0,-24.14626
2801234531.25,-24.14564
2801234687.5,-24.14571
2801234843.75,-24.14674
2801235000.0,-24.15088
2801235156.25,-24.14808
2801235312.5,-24.15083
2801235468.75,-24.15209
2801235625.0,-24.15316
2801235781.25,-24.15506
2801235937.5,-24.15526
2801236093.75,-24.15636
2801236250.0,-24.15523
2801236406.25,-24.15751
2801236562.5,-24.15487
2801236718.75,-24.15936
2801236875.0,-24.15811
2801237031.25,-24.15996
2801237187.5,-24.16191
2801237343.75,-24.16389
2801237500.0,-24.16272
2801237656.25,-24.16421
2801237812.5,-24.16342
2801237968.75,-24.16613
2801238125.0,-24.16856
2801238281.25,-24.16592
2801238437.5,-24.1663
2801238593.75,-24.16713
2801238750.0,-24.17217
2801238906.25,-24.16991
2801239062.5,-24.16793
2801239218.75,-24.17111
2801239375.0,-24.17227
2801239531.25,-24.17569
2801239687.5,-24.1731
2801239843.75,-24.17741
2801240000.0,-24.17475
2801240156.25,-24.1752
2801240312.5,-24.17927
2801240468.75,-24.17704
2801240625.0,-24.1802
2801240781.25,-24.18356
2801240937.5,-24.18513
2801241093.75,-24.1832
2801241250.0,-24.18118
2801241406.25,-24.18771
2801241562.5,-24.18434
2801241718.75,-24.18569
2801241875.0,-24.18715
2801242031.25,-24.18712
2801242187.5,-24.19166
2801242343.75,-24.18887
2801242500.0,-24.18912
2801242656.25,-24.19093
2801242812.5,-24.19472
2801242968.75,-24.1929
2801243125.0,-24.19355
2801243281.25,-24.1951
2801243437.5,-24.19573
2801243593.75,-24.19783
2801243750.0,-24.19805
2801243906.25,-24.19696
2801244062.5,-24.19816
2801244218.75,-24.19859
2801244375.0,-24.20208
2801244531.25,-24.20221
2801244687.5,-24.20212
2801244843.75,-24.20322
2801245000.0,-24.20455
2801245156.25,-24.20493
2801245312.5,-24.20436
2801245468.75,-24.2099
2801245625.0,-24.2067
2801245781.25,-24.20642
2801245937.5,-24.20929
2801246093.75,-24.21189
2801246250.0,-24.21302
2801246406.25,-24.21356
2801246562.5,-24.21073
2801246718.75,-24.21685
2801246875.0,-24.21527
2801247031.25,-24.21736
2801247187.5,-24.22105
2801247343.75,-24.21974
2801247500.0,-24.22061
2801247656.25,-24.22081
2801247812.5,-24.22207
2801247968.75,-24.22064
2801248125.0,-24.22223
2801248281.25,-24.22456
2801248437.5,-24.22642
2801248593.75,-24.22436
2801248750.0,-24.22643
2801248906.25,-24.22563
2801249062.5,-24.23135
2801249218.75,-24.22725
2801249375.0,-24.23148
2801249531.25,-24.2322
2801249687.5,-24.23171
2801249843.75,-24.23266
2801250000.0,-24.23231
2801250156.25,-24.23303
2801250312.5,-24.23411
2801250468.75,-24.23801
2801250625.0,-24.23546
2801250781.25,-24.23673
2801250937.5,-24.23939
2801251093.75,-24.23943
2801251250.0,-24.24224
2801251406.25,-24.23937
2801251562.5,-24.24175
2801251718.75,-24.24405
2801251875.0,-24.24685
2801252031.25,-24.2432
2801252187.5,-24.24615
2801252343.75,-24.24598
2801252500.0,-24.24953
2801252656.25,-24.24859
2801252812.5,-24.246
2801252968.75,-24.25117
2801253125.0,-24.24895
2801253281.25,-24.25324
2801253437.5,-24.2525
2801253593.75,-24.25358
2801253750.0,-24.25489
2801253906.25,-24.25835
2801254062.5,-24.25771
2801254218.75,-24.25828
2801254375.0,-24.25753
2801254531.25,-24.25925
2801254687.5,-24.25932
2801254843.75,-24.26012
2801255000.0,-24.25968
2801255156.25,-24.26263
2801255312.5,-24.2664
2801255468.75,-24.26307
2801255625.0,-24.26805
2801255781.25,-24.26719
2801255937.5,-24.26666
2801256093.75,-24.26757
2801256250.0,-24.27196
2801256406.25,-24.27231
2801256562.5,-24.26715
2801256718.75,-24.26989
2801256875.0,-24.27387
2801257031.25,-24.2733
2801257187.5,-24.27509
2801257343.75,-24.27592
2801257500.0,-24.27705
2801257656.25,-24.27568
2801257812.5,-24.27883
2801257968.75,-24.27959
2801258125.0,-24.27907
2801258281.25,-24.27957
2801258437.5,-24.28158
2801258593.75,-24.28356
2801258750.0,-24.28251
2801258906.25,-24.28203
2801259062.5,-24.286
2801259218.75,-24.28679
2801259375.0,-24.28828
2801259531.25,-24.2879
2801259687.5,-24.28791
2801259843.75,-24.28929
2801260000.0,-24.28713
2801260156.25,-24.28945
2801260312.5,-24.29113
2801260468.75,-24.29288
2801260625.0,-24.29446
2801260781.25,-24.2952
2801260937.5,-24.29764
2801261093.75,-24.29251
2801261250.0,-24.29597
2801261406.25,-24.2986
2801261562.5,-24.29635
2801261718.75,-24.30165
2801261875.0,-24.30127
2801262031.25,-24.30035
2801262187.5,-24.30198
2801262343.75,-24.30157
2801262500.0,-24.30287
2801262656.25,-24.30425
2801262812.5,-24.30518
2801262968.75,-24.30697
2801263125.0,-24.30894
2801263281.25,-24.30983
2801263437.5,-24.31216
2801263593.75,-24.30996
2801263750.0,-24.31237
2801263906.25,-24.31248
2801264062.5,-24.31425
2801264218.75,-24.31333
2801264375.0,-24.31593
2801264531.25,-24.31391
2801264687.5,-24.31962
2801264843.75,-24.31708
2801265000.0,-24.31817
2801265156.25,-24.31723
2801265312.5,-24.32092
2801265468.75,-24.32135
2801265625.0,-24.32142
2801265781.25,-24.31947
2801265937.5,-24.32085
2801266093.75,-24.32317
2801266250.0,-24.32304
2801266406.25,-24.32802
2801266562.5,-24.32533
2801266718.75,-24.32515
2801266875.0,-24.32968
2801267031.25,-24.32832
2801267187.5,-24.33027
2801267343.75,-24.33007
2801267500.0,-24.33312
2801267656.25,-24.33391
2801267812.5,-24.33356
2801267968.75,-24.33134
2801268125.0,-24.33323
2801268281.25,-24.33815
2801268437.5,-24.3383
2801268593.75,-24.33783
2801268750.0,-24.33934
2801268906.25,-24.34069
2801269062.5,-24.33928
2801269218.75,-24.34071
2801269375.0,-24.34292
2801269531.25,-24.34277
2801269687.5,-24.34624
2801269843.75,-24.34798
2801270000.0,-24.34576
2801270156.25,-24.34746
2801270312.5,-24.34743
2801270468.75,-24.3451
2801270625.0,-24.34912
2801270781.25,-24.35041
2801270937.5,-24.35235
2801271093.75,-24.35235
2801271250.0,-24.35327
2801271406.25,-24.35618
2801271562.5,-24.3549
2801271718.75,-24.36015
2801271875.0,-24.35715
2801272031.25,-24.35591
2801272187.5,-24.35777
2801272343.75,-24.36028
2801272500.0,-24.35796
2801272656.25,-24.36138
2801272812.5,-24.36094
2801272968.75,-24.36387
2801273125.0,-24.36186
2801273281.25,-24.3649
2801273437.5,-24.36572
2801273593.75,-24.36453
2801273750.0,-24.37007
2801273906.25,-24.368
2801274062.5,-24.36923
2801274218.75,-24.3697
2801274375.0,-24.36848
2801274531.25,-24.37205
2801274687.5,-24.37464
2801274843.75,-24.37226
2801275000.0,-24.37557
2801275156.25,-24.37647
2801275312.5,-24.37567
2801275468.75,-24.37604
2801275625.0,-24.37573
2801275781.25,-24.37743
2801275937.5,-24.37988
2801276093.75,-24.37752
2801276250.0,-24.38294
2801276406.25,-24.3797
2801276562.5,-24.38438
2801276718.75,-24.38584
2801276875.0,-24.38347
2801277031.25,-24.38385
2801277187.5,-24.38466
2801277343.75,-24.3874
2801277500.0,-24.3907
2801277656.25,-24.38928
2801277812.5,-24.38763
2801277968.75,-24.39194
2801278125.0,-24.39309
2801278281.25,-24.39203
2801278437.5,-24.39279
2801278593.75,-24.39285
2801278750.0,-24.39628
2801278906.25,-24.39348
2801279062.5,-24.39601
2801279218.75,-24.39744
2801279375.0,-24.40123
2801279531.25,-24.3998
2801279687.5,-24.40131
2801279843.75,-24.40106
2801280000.0,-24.40161
2801280156.25,-24.40284
2801280312.5,-24.40424
2801280468.75,-24.40425
2801280625.0,-24.40691
2801280781.25,-24.40722
2801280937.5,-24.40754
2801281093.75,-24.40939
2801281250.0,-24.40959
2801281406.25,-24.41082
2801281562.5,-24.40745
2801281718.75,-24.41141
2801281875.0,-24.41478
2801282031.25,-24.41247
2801282187.5,-24.41171
2801282343.75,-24.4158
2801282500.0,-24.41534
2801282656.25,-24.41696
2801282812.5,-24.41901
2801282968.75,-24.41393
2801283125.0,-24.41841
2801283281.25,-24.42199
2801283437.5,-24.41915
2801283593.75,-24.42258
2801283750.0,-24.42292
2801283906.25,-24.42326
2801284062.5,-24.42417
2801284218.75,-24.42647
2801284375.0,-24.42454
2801284531.25,-24.42257
2801284687.5,-24.43031
2801284843.75,-24.42581
2801285000.0,-24.43022
2801285156.25,-24.43015
2801285312.5,-24.43326
2801285468.75,-24.43097
2801285625.0,-24.4334
2801285781.25,-24.43552
2801285937.5,-24.4349
2801286093.75,-24.43574
2801286250.0,-24.43624
2801286406.25,-24.4384
2801286562.5,-24.43967
2801286718.75,-24.44042
2801286875.0,-24.44033
2801287031.25,-24.44161
2801287187.5,-24.4414
2801287343.75,-24.43951
2801287500.0,-24.44212
2801287656.25,-24.44551
2801287812.5,-24.4458
2801287968.75,-24.44685
2801288125.0,-24.44797
2801288281.25,-24.44906
2801288437.5,-24.44858
2801288593.75,-24.44942
2801288750.0,-24.4519
2801288906.25,-24.45039
2801289062.5,-24.45348
2801289218.75,-24.45387
2801289375.0,-24.45337
2801289531.25,-24.45419
2801289687.5,-24.45925
2801289843.75,-24.45693
2801290000.0,-24.45712
2801290156.25,-24.45661
2801290312.5,-24.45932
2801290468.75,-24.46161
2801290625.0,-24.46034
2801290781.25,-24.46014
2801290937.5,-24.4604
2801291093.75,-24.46267
2801291250.0,-24.46423
2801291406.25,-24.46425
2801291562.5,-24.4639
2801291718.75,-24.46687
2801291875.0,-24.46881
2801292031.25,-24.46638
2801292187.5,-24.46662
2801292343.75,-24.4701
2801292500.0,-24.47127
2801292656.25,-24.47265
2801292812.5,-24.47421
2801292968.75,-24.47489
2801293125.0,-24.47462
2801293281.25,-24.47507
2801293437.5,-24.47627
2801293593.75,-24.47795
2801293750.0,-24.47766
2801293906.25,-24.47933
2801294062.5,-24.47879
2801294218.75,-24.4798
2801294375.0,-24.48108
2801294531.25,-24.48319
2801294687.5,-24.48323
2801294843.75,-24.48262
2801295000.0,-24.48432
2801295156.25,-24.48713
2801295312.5,-24.48715
2801295468.75,-24.48917
2801295625.0,-24.48557
2801295781.25,-24.48867
2801295937.5,-24.48899
2801296093.75,-24.49015
2801296250.0,-24.49049
2801296406.25,-24.49253
2801296562.5,-24.49446
2801296718.75,-24.49499
2801296875.0,-24.49632
2801297031.25,-24.4974
2801297187.5,-24.49636
2801297343.75,-24.49658
2801297500.0,-24.49639
2801297656.25,-24.50335
2801297812.5,-24.49771
2801297968.75,-24.50406
2801298125.0,-24.50078
2801298281.25,-24.50516
2801298437.5,-24.50505
2801298593.75,-24.50373
2801298750.0,-24.50615
2801298906.25,-24.50599
2801299062.5,-24.50926
2801299218.75,-24.50668
2801299375.0,-24.50783
2801299531.25,-24.51194
2801299687.5,-24.51183
2801299843.75,-24.51169
2801300000.0,-24.51323
2801300156.25,-24.51351
2801300312.5,-24.51266
2801300468.75,-24.51243
2801300625.0,-24.51453
2801300781.25,-24.51785
2801300937.5,-24.51715
2801301093.75,-24.51605
2801301250.0,-24.51696
2801301406.25,-24.51729
2801301562.5,-24.52362
2801301718.75,-24.52068
2801301875.0,-24.52137
2801302031.25,-24.52481
2801302187.5,-24.52689
2801302343.75,-24.5258
2801302500.0,-24.52509
2801302656.25,-24.52625
2801302812.5,-24.52392
2801302968.75,-24.52767
2801303125.0,-24.52932
2801303281.25,-24.52895
2801303437.5,-24.53367
2801303593.75,-24.53255
2801303750.0,-24.53508
2801303906.25,-24.53504
2801304062.5,-24.53566
2801304218.75,-24.5351
2801304375.0,-24.53662
2801304531.25,-24.53719
2801304687.5,-24.53732
2801304843.75,-24.53762
2801305000.0,-24.53867
2801305156.25,-24.53952
2801305312.5,-24.54001
2801305468.75,-24.54475
2801305625.0,-24.54047
2801305781.25,-24.54219
2801305937.5,-24.54442
2801306093.75,-24.54289
2801306250.0,-24.5457
2801306406.25,-24.54899
2801306562.5,-24.54843
2801306718.75,-24.54881
2801306875.0,-24.54891
2801307031.25,-24.55076
2801307187.5,-24.55091
2801307343.75,-24.55413
2801307500.0,-24.55282
2801307656.25,-24.55497
2801307812.5,-24.55763
2801307968.75,-24.5544
2801308125.0,-24.55779
2801308281.25,-24.55762
2801308437.5,-24.55841
2801308593.75,-24.55977
2801308750.0,-24.56156
2801308906.25,-24.56015
2801309062.5,-24.56319
2801309218.75,-24.56137
2801309375.0,-24.5643
2801309531.25,-24.56734
2801309687.5,-24.56692
2801309843.75,-24.56453
2801310000.0,-24.5647
2801310156.25,-24.56833
2801310312.5,-24.56874
2801310468.75,-24.57065
2801310625.0,-24.57055
2801310781.25,-24.57136
2801310937.5,-24.57369
2801311093.75,-24.57031
2801311250.0,-24.57192
2801311406.25,-24.57419
2801311562.5,-24.5736
2801311718.75,-24.57668
2801311875.0,-24.57607
2801312031.25,-24.57968
2801312187.5,-24.57798
2801312343.75,-24.57748
2801312500.0,-24.57807
2801312656.25,-24.57937
2801312812.5,-24.58246
2801312968.75,-24.58204
2801313125.0,-24.58205
2801313281.25,-24.58442
2801313437.5,-24.58598
2801313593.75,-24.58684
2801313750.0,-24.58628
2801313906.25,-24.58675
2801314062.5,-24.58795
2801314218.75,-24.59196
2801314375.0,-24.59103
2801314531.25,-24.59017
2801314687.5,-24.59449
2801314843.75,-24.59304
2801315000.0,-24.59052
2801315156.25,-24.59238
2801315312.5,-24.59452
2801315468.75,-24.59752
2801315625.0,-24.59625
2801315781.25,-24.59593
2801315937.5,-24.60132
2801316093.75,-24.59764
2801316250.0,-24.60001
2801316406.25,-24.59934
2801316562.5,-24.60069
2801316718.75,-24.60459
2801316875.0,-24.60342
2801317031.25,-24.60209
2801317187.5,-24.60471
2801317343.75,-24.60588
2801317500.0,-24.60674
2801317656.25,-24.6121
2801317812.5,-24.61079
2801317968.75,-24.61042
2801318125.0,-24.61152
2801318281.25,-24.61207
2801318437.5,-24.61458
2801318593.75,-24.61404
2801318750.0,-24.6135
2801318906.25,-24.61586
2801319062.5,-24.61491
2801319218.75,-24.61721
2801319375.0,-24.61742
2801319531.25,-24.61858
2801319687.5,-24.62368
2801319843.75,-24.61829
2801320000.0,-24.62137
2801320156.25,-24.62328
2801320312.5,-24.6231
2801320468.75,-24.62381
2801320625.0,-24.62316
2801320781.25,-24.62639
2801320937.5,-24.62601
2801321093.75,-24.62646
2801321250.0,-24.62916
2801321406.25,-24.62625
2801321562.5,-24.62996
2801321718.75,-24.63048
2801321875.0,-24.63058
2801322031.25,-24.63322
2801322187.5,-24.6325
2801322343.75,-24.6306
2801322500.0,-24.63631
2801322656.25,-24.63315
2801322812.5,-24.63637
2801322968.75,-24.63479
2801323125.0,-24.63852
2801323281.25,-24.63929
2801323437.5,-24.63845
2801323593.75,-24.63941
2801323750.0,-24.63906
2801323906.25,-24.64305
2801324062.5,-24.64537
2801324218.75,-24.64325
2801324375.0,-24.64348
2801324531.25,-24.6467
2801324687.5,-24.64757
2801324843.75,-24.64941
2801325000.0,-24.64601
2801325156.25,-24.65172
2801325312.5,-24.64849
2801325468.75,-24.65087
2801325625.0,-24.65041
2801325781.25,-24.65039
2801325937.5,-24.65353
2801326093.75,-24.65314
2801326250.0,-24.65661
2801326406.25,-24.65523
2801326562.5,-24.65977
2801326718.75,-24.65751
2801326875.0,-24.6595
2801327031.25,-24.65877
2801327187.5,-24.66229
2801327343.75,-24.65772
2801327500.0,-24.65805
2801327656.25,-24.66151
2801327812.5,-24.66293
2801327968.75,-24.66802
2801328125.0,-24.6644
2801328281.25,-24.66782
2801328437.5,-24.66748
2801328593.75,-24.6672
2801328750.0,-24.67145
2801328906.25,-24.67008
2801329062.5,-24.66921
2801329218.75,-24.67302
2801329375.0,-24.67472
2801329531.25,-24.67191
2801329687.5,-24.67203
2801329843.75,-24.67422
2801330000.0,-24.67432
2801330156.25,-24.67245
2801330312.5,-24.67659
2801330468.75,-24.67709
2801330625.0,-24.67876
2801330781.25,-24.6811
2801330937.5,-24.68056
2801331093.75,-24.67819
2801331250.0,-24.68001
2801331406.25,-24.68193
2801331562.5,-24.68106
2801331718.75,-24.68428
2801331875.0,-24.68464
2801332031.25,-24.68387
2801332187.5,-24.68829
2801332343.75,-24.68872
2801332500.0,-24.68876
2801332656.25,-24.69213
2801332812.5,-24.69078
2801332968.75,-24.68958
2801333125.0,-24.69137
2801333281.25,-24.69384
2801333437.5,-24.69371
2801333593.75,-24.69315
2801333750.0,-24.69628
2801333906.25,-24.6966
2801334062.5,-24.69717
2801334218.75,-24.69813
2801334375.0,-24.69966
2801334531.25,-24.69963
2801334687.5,-24.69852
2801334843.75,-24.70278
2801335000.0,-24.70091
2801335156.25,-24.70069
2801335312.5,-24.70234
2801335468.75,-24.70683
2801335625.0,-24.70553
2801335781.25,-24.70578
2801335937.5,-24.70439
2801336093.75,-24.71084
2801336250.0,-24.70674
2801336406.25,-24.7121
2801336562.5,-24.70952
2801336718.75,-24.71163
2801336875.0,-24.71159
2801337031.25,-24.71271
2801337187.5,-24.71414
2801337343.75,-24.71582
2801337500.0,-24.71394
2801337656.25,-24.71841
2801337812.5,-24.71959
2801337968.75,-24.71788
2801338125.0,-24.71796
2801338281.25,-24.72012
2801338437.5,-24.72218
2801338593.75,-24.7187
2801338750.0,-24.72229
2801338906.25,-24.72184
2801339062.5,-24.7268
2801339218.75,-24.72466
2801339375.0,-24.72653
2801339531.25,-24.72567
2801339687.5,-24.72291
2801339843.75,-24.72685
2801340000.0,-24.72702
2801340156.25,-24.72811
2801340312.5,-24.73303
2801340468.75,-24.73167
2801340625.0,-24.73224
2801340781.25,-24.73037
2801340937.5,-24.73499
2801341093.75,-24.73169
2801341250.0,-24.73617
2801341406.25,-24.73332
2801341562.5,-24.73871
2801341718.75,-24.73636
2801341875.0,-24.73759
2801342031.25,-24.74065
2801342187.5,-24.74346
2801342343.75,-24.74171
2801342500.0,-24.74154
2801342656.25,-24.74422
2801342812.5,-24.74538
2801342968.75,-24.7445
2801343125.0,-24.74713
2801343281.25,-24.74545
2801343437.5,-24.74656
2801343593.75,-24.74974
2801343750.0,-24.74905
2801343906.25,-24.74899
2801344062.5,-24.74987
2801344218.75,-24.7479
2801344375.0,-24.75251
2801344531.25,-24.75189
2801344687.5,-24.7545
2801344843.75,-24.75339
2801345000.0,-24.75567
2801345156.25,-24.75267
2801345312.5,-24.75839
2801345468.75,-24.7577
2801345625.0,-24.76199
2801345781.25,-24.75819
2801345937.5,-24.76307
2801346093.75,-24.76272
2801346250.0,-24.76266
2801346406.25,-24.76499
2801346562.5,-24.76263
2801346718.75,-24.76453
2801346875.0,-24.76376
2801347031.25,-24.76935
2801347187.5,-24.76894
2801347343.75,-24.76965
2801347500.0,-24.76873
2801347656.25,-24.77145
2801347812.5,-24.76989
2801347968.75,-24.76861
2801348125.0,-24.77267
2801348281.25,-24.77484
2801348437.5,-24.77475
2801348593.75,-24.77509
2801348750.0,-24.77375
2801348906.25,-24.77555
2801349062.5,-24.77584
2801349218.75,-24.77861
2801349375.0,-24.7766
2801349531.25,-24.77973
2801349687.5,-24.78225
2801349843.75,-24.78155
2801350000.0,-24.78207
2801350156.25,-24.78381
2801350312.5,-24.7854
2801350468.75,-24.78221
2801350625.0,-24.78802
2801350781.25,-24.78511
2801350937.5,-24.78859
2801351093.75,-24.78616
2801351250.0,-24.7896
2801351406.25,-24.78866
2801351562.5,-24.79174
2801351718.75,-24.79329
2801351875.0,-24.78958
2801352031.25,-24.79302
2801352187.5,-24.79238
2801352343.75,-24.79512
2801352500.0,-24.79381
2801352656.25,-24.79891
2801352812.5,-24.80036
2801352968.75,-24.79753
2801353125.0,-24.79765
2801353281.25,-24.8001
2801353437.5,-24.80033
2801353593.75,-24.79935
2801353750.0,-24.80057
2801353906.25,-24.80259
2801354062.5,-24.80165
2801354218.75,-24.80608
2801354375.0,-24.8055
2801354531.25,-24.80413
2801354687.5,-24.80573
2801354843.75,-24.81008
2801355000.0,-24.80636
2801355156.25,-24.8066
2801355312.5,-24.80998
2801355468.75,-24.8095
2801355625.0,-24.81571
2801355781.25,-24.81198
2801355937.5,-24.81248
2801356093.75,-24.81731
2801356250.0,-24.81885
2801356406.25,-24.8178
2801356562.5,-24.8181
2801356718.75,-24.81639
2801356875.0,-24.81891
2801357031.25,-24.82099
2801357187.5,-24.82047
2801357343.75,-24.81928
2801357500.0,-24.82137
2801357656.25,-24.82486
2801357812.5,-24.82445
2801357968.75,-24.82475
2801358125.0,-24.82688
2801358281.25,-24.82587
2801358437.5,-24.82608
2801358593.75,-24.82485
2801358750.0,-24.82792
2801358906.25,-24.83033
2801359062.5,-24.83335
2801359218.75,-24.83149
2801359375.0,-24.83364
2801359531.25,-24.83493
2801359687.5,-24.83449
2801359843.75,-24.83503
2801360000.0,-24.83504
2801360156.25,-24.83443
2801360312.5,-24.83828
2801360468.75,-24.83511
2801360625.0,-24.8389
2801360781.25,-24.83915
2801360937.5,-24.84038
2801361093.75,-24.8423
2801361250.0,-24.84261
2801361406.25,-24.84518
2801361562.5,-24.84412
2801361718.75,-24.84592
2801361875.0,-24.84579
2801362031.25,-24.84827
2801362187.5,-24.84721
2801362343.75,-24.84667
2801362500.0,-24.8495
2801362656.25,-24.84707
2801362812.5,-24.84762
2801362968.75,-24.85055
2801363125.0,-24.85208
2801363281.25,-24.85379
2801363437.5,-24.85453
2801363593.75,-24.85757
2801363750.0,-24.85694
2801363906.25,-24.85634
2801364062.5,-24.85832
2801364218.75,-24.85497
2801364375.0,-24.85845
2801364531.25,-24.85989
2801364687.5,-24.86286
2801364843.75,-24.86057
2801365000.0,-24.86127
2801365156.25,-24.86253
2801365312.5,-24.86357
2801365468.75,-24.86367
2801365625.0,-24.8652
2801365781.25,-24.86497
2801365937.5,-24.86583
2801366093.75,-24.86701
2801366250.0,-24.86976
2801366406.25,-24.86632
2801366562.5,-24.8726
2801366718.75,-24.87186
2801366875.0,-24.87193
2801367031.25,-24.87466
2801367187.5,-24.87351
2801367343.75,-24.87838
2801367500.0,-24.8758
2801367656.25,-24.87433
2801367812.5,-24.87407
2801367968.75,-24.87878
2801368125.0,-24.88126
2801368281.25,-24.87432
2801368437.5,-24.88454
2801368593.75,-24.88165
2801368750.0,-24.88283
2801368906.25,-24.88372
2801369062.5,-24.88302
2801369218.75,-24.8834
2801369375.0,-24.88605
2801369531.25,-24.88366
2801369687.5,-24.88564
2801369843.75,-24.8894
2801370000.0,-24.8879
2801370156.25,-24.89007
2801370312.5,-24.88887
2801370468.75,-24.88939
2801370625.0,-24.89181
2801370781.25,-24.89717
2801370937.5,-24.89128
2801371093.75,-24.89003
2801371250.0,-24.89186
2801371406.25,-24.89535
2801371562.5,-24.89829
2801371718.75,-24.89662
2801371875.0,-24.89838
2801372031.25,-24.89838
2801372187.5,-24.89978
2801372343.75,-24.89974
2801372500.0,-24.90273
2801372656.25,-24.89989
2801372812.5,-24.90148
2801372968.75,-24.89968
2801373125.0,-24.90701
2801373281.25,-24.90314
2801373437.5,-24.90172
2801373593.75,-24.90895
2801373750.0,-24.905
2801373906.25,-24.90717
2801374062.5,-24.90872
2801374218.75,-24.90925
2801374375.0,-24.91127
2801374531.25,-24.91197
2801374687.5,-24.91101
2801374843.75,-24.90989
2801375000.0,-24.91618
2801375156.25,-24.91446
2801375312.5,-24.91648
2801375468.75,-24.91369
2801375625.0,-24.91912
2801375781.25,-24.91727
2801375937.5,-24.91947
2801376093.75,-24.91832
2801376250.0,-24.92073
2801376406.25,-24.91951
2801376562.5,-24.9214
2801376718.75,-24.92384
2801376875.0,-24.92812
2801377031.25,-24.92496
2801377187.5,-24.92654
2801377343.75,-24.92564
2801377500.0,-24.92674
2801377656.25,-24.92809
2801377812.5,-24.9304
2801377968.75,-24.93124
2801378125.0,-24.92956
2801378281.25,-24.9346
2801378437.5,-24.92929
2801378593.75,-24.93459
2801378750.0,-24.93056
2801378906.25,-24.93546
2801379062.5,-24.93359
2801379218.75,-24.93925
2801379375.0,-24.93852
2801379531.25,-24.93661
2801379687.5,-24.93819
2801379843.75,-24.93696
2801380000.0,-24.93705
2801380156.25,-24.93891
2801380312.5,-24.94337
2801380468.75,-24.94144
2801380625.0,-24.94397
2801380781.25,-24.94389
2801380937.5,-24.94655
2801381093.75,-24.94512
2801381250.0,-24.94585
2801381406.25,-24.94646
2801381562.5,-24.94999
2801381718.75,-24.95119
2801381875.0,-24.9504
2801382031.25,-24.94839
2801382187.5,-24.95386
2801382343.75,-24.95183
2801382500.0,-24.95528
2801382656.25,-24.95424
2801382812.5,-24.95381
2801382968.75,-24.9576
2801383125.0,-24.95867
2801383281.25,-24.9575
2801383437.5,-24.95963
2801383593.75,-24.96138
2801383750.0,-24.9576
2801383906.25,-24.96313
2801384062.5,-24.96232
2801384218.75,-24.96266
2801384375.0,-24.96277
2801384531.25,-24.96157
2801384687.5,-24.9683
2801384843.75,-24.96987
2801385000.0,-24.96428
2801385156.25,-24.96856
2801385312.5,-24.9678
2801385468.75,-24.96907
2801385625.0,-24.96792
2801385781.25,-24.9721
2801385937.5,-24.97077
2801386093.75,-24.97027
2801386250.0,-24.97044
2801386406.25,-24.97536
2801386562.5,-24.97148
2801386718.75,-24.97481
2801386875.0,-24.97654
2801387031.25,-24.97806
2801387187.5,-24.97512
2801387343.75,-24.98028
2801387500.0,-24.98022
2801387656.25,-24.98172
2801387812.5,-24.98046
2801387968.75,-24.97916
2801388125.0,-24.98376
2801388281.25,-24.98456
2801388437.5,-24.98171
2801388593.75,-24.98473
2801388750.0,-24.98755
2801388906.25,-24.98867
2801389062.5,-24.98805
2801389218.75,-24.99117
2801389375.0,-24.98826
2801389531.25,-24.99092
2801389687.5,-24.99227
2801389843.75,-24.99123
2801390000.0,-24.99032
2801390156.25,-24.9932
2801390312.5,-24.99632
2801390468.75,-24.99373
2801390625.0,-24.99472
2801390781.25,-24.99767
2801390937.5,-24.99894
2801391093.75,-24.99972
2801391250.0,-24.99656
2801391406.25,-24.99821
2801391562.5,-25.00254
2801391718.75,-25.00214
2801391875.0,-25.00195
2801392031.25,-25.00227
2801392187.5,-25.00461
2801392343.75,-25.00521
2801392500.0,-25.00596
2801392656.25,-25.00681
2801392812.5,-25.00857
2801392968.75,-25.00913
2801393125.0,-25.00474
2801393281.25,-25.00907
2801393437.5,-25.01018
2801393593.75,-25.00889
2801393750.0,-25.01295
2801393906.25,-25.01408
2801394062.5,-25.016
2801394218.75,-25.01383
2801394375.0,-25.01482
2801394531.25,-25.01511
2801394687.5,-25.01922
2801394843.75,-25.01569
2801395000.0,-25.01969
2801395156.25,-25.02137
2801395312.5,-25.01711
2801395468.75,-25.02281
2801395625.0,-25.02368
2801395781.25,-25.02272
2801395937.5,-25.0242
2801396093.75,-25.02414
2801396250.0,-25.02421
2801396406.25,-25.02517
2801396562.5,-25.02745
2801396718.75,-25.02996
2801396875.0,-25.0261
2801397031.25,-25.02851
2801397187.5,-25.02765
2801397343.75,-25.03163
2801397500.0,-25.0318
2801397656.25,-25.02892
2801397812.5,-25.03289
2801397968.75,-25.03391
2801398125.0,-25.03911
2801398281.25,-25.03496
2801398437.5,-25.03636
2801398593.75,-25.0358
2801398750.0,-25.03469
2801398906.25,-25.03848
2801399062.5,-25.03712
2801399218.75,-25.03828
2801399375.0,-25.03834
2801399531.25,-25.03984
2801399687.5,-25.04156
2801399843.75,-25.04392
2801400000.0,-25.0447
2801400156.25,-25.04362
2801400312.5,-25.0449
2801400468.75,-25.0472
2801400625.0,-25.04604
2801400781.25,-25.05069
2801400937.5,-25.04829
2801401093.75,-25.04854
2801401250.0,-25.04698
2801401406.25,-25.05231
2801401562.5,-25.05003
2801401718.75,-25.05493
2801401875.0,-25.05534
2801402031.25,-25.05397
2801402187.5,-25.05433
2801402343.75,-25.05305
2801402500.0,-25.05611
2801402656.25,-25.06081
2801402812.5,-25.06071
2801402968.75,-25.06155
2801403125.0,-25.06102
2801403281.25,-25.06257
2801403437.5,-25.06551
2801403593.75,-25.06275
2801403750.0,-25.06483
2801403906.25,-25.06491
2801404062.5,-25.06664
2801404218.75,-25.06695
2801404375.0,-25.06642
2801404531.25,-25.06462
2801404687.5,-25.06931
2801404843.75,-25.06871
2801405000.0,-25.06863
2801405156.25,-25.07284
2801405312.5,-25.0695
2801405468.75,-25.07205
2801405625.0,-25.07399
2801405781.25,-25.07539
2801405937.5,-25.07541
2801406093.75,-25.07414
2801406250.0,-25.07675
2801406406.25,-25.07645
2801406562.5,-25.07942
2801406718.75,-25.0787
2801406875.0,-25.07908
2801407031.25,-25.08102
2801407187.5,-25.08015
2801407343.75,-25.08186
2801407500.0,-25.07986
2801407656.25,-25.08086
2801407812.5,-25.08353
2801407968.75,-25.08657
2801408125.0,-25.08583
2801408281.25,-25.08885
2801408437.5,-25.08906
2801408593.75,-25.08877
2801408750.0,-25.08875
2801408906.25,-25.09002
2801409062.5,-25.08877
2801409218.75,-25.08949
2801409375.0,-25.09212
2801409531.25,-25.09332
2801409687.5,-25.0898
2801409843.75,-25.0967
2801410000.0,-25.0934
2801410156.25,-25.09601
2801410312.5,-25.09695
2801410468.75,-25.09892
2801410625.0,-25.10296
2801410781.25,-25.0956
2801410937.5,-25.10294
2801411093.75,-25.09967
2801411250.0,-25.10161
2801411406.25,-25.10323
2801411562.5,-25.10501
2801411718.75,-25.10279
2801411875.0,-25.10506
2801412031.25,-25.1057
2801412187.5,-25.10571
2801412343.75,-25.10848
2801412500.0,-25.10888
2801412656.25,-25.10982
2801412812.5,-25.11005
2801412968.75,-25.10818
2801413125.0,-25.11177
2801413281.25,-25.1154
2801413437.5,-25.11265
2801413593.75,-25.11283
2801413750.0,-25.11697
2801413906.25,-25.11194
2801414062.5,-25.11517
2801414218.75,-25.11935
2801414375.0,-25.1177
2801414531.25,-25.11757
2801414687.5,-25.11905
2801414843.75,-25.12353
2801415000.0,-25.12234
2801415156.25,-25.12068
2801415312.5,-25.12202
2801415468.75,-25.12363
2801415625.0,-25.12339
2801415781.25,-25.12523
2801415937.5,-25.12751
2801416093.75,-25.12712
2801416250.0,-25.12632
2801416406.25,-25.12833
2801416562.5,-25.13031
2801416718.75,-25.12943
2801416875.0,-25.13166
2801417031.25,-25.1336
2801417187.5,-25.1331
2801417343.75,-25.13354
2801417500.0,-25.1324
2801417656.25,-25.13503
2801417812.5,-25.13594
2801417968.75,-25.13638
2801418125.0,-25.13894
2801418281.25,-25.1393
2801418437.5,-25.13914
2801418593.75,-25.14172
2801418750.0,-25.1384
2801418906.25,-25.14332
2801419062.5,-25.14232
2801419218.75,-25.14228
2801419375.0,-25.14443
2801419531.25,-25.14469
2801419687.5,-25.14557
2801419843.75,-25.14782
2801420000.0,-25.14619
2801420156.25,-25.14952
2801420312.5,-25.15159
2801420468.75,-25.1493
2801420625.0,-25.15096
2801420781.25,-25.14946
2801420937.5,-25.15303
2801421093.75,-25.15159
2801421250.0,-25.15431
2801421406.25,-25.15557
2801421562.5,-25.15505
2801421718.75,-25.15586
2801421875.0,-25.15816
2801422031.25,-25.15669
2801422187.5,-25.1569
2801422343.75,-25.162
2801422500.0,-25.15908
2801422656.25,-25.16136
2801422812.5,-25.16134
2801422968.75,-25.16482
2801423125.0,-25.16122
2801423281.25,-25.1648
2801423437.5,-25.16206
2801423593.75,-25.1629
2801423750.0,-25.16614
2801423906.25,-25.16752
2801424062.5,-25.167
2801424218.75,-25.16973
2801424375.0,-25.16863
2801424531.25,-25.16906
2801424687.5,-25.17295
2801424843.75,-25.16842
2801425000.0,-25.17375
2801425156.25,-25.1732
2801425312.5,-25.17205
2801425468.75,-25.175
2801425625.0,-25.177
2801425781.25,-25.17635
2801425937.5,-25.17705
2801426093.75,-25.17512
2801426250.0,-25.17853
2801426406.25,-25.17812
2801426562.5,-25.18145
2801426718.75,-25.17909
2801426875.0,-25.18149
2801427031.25,-25.18462
2801427187.5,-25.18555
2801427343.75,-25.18541
2801427500.0,-25.18101
2801427656.25,-25.18533
2801427812.5,-25.18625
2801427968.75,-25.18791
2801428125.0,-25.18807
2801428281.25,-25.18954
2801428437.5,-25.1895
2801428593.75,-25.19388
2801428750.0,-25.1897
2801428906.25,-25.19221
2801429062.5,-25.19032
2801429218.75,-25.19145
2801429375.0,-25.19733
2801429531.25,-25.1951
2801429687.5,-25.19382
2801429843.75,-25.19695
2801430000.0,-25.20211
2801430156.25,-25.201
2801430312.5,-25.20012
2801430468.75,-25.20139
2801430625.0,-25.20027
2801430781.25,-25.20106
2801430937.5,-25.19911
2801431093.75,-25.2037
2801431250.0,-25.2068
2801431406.25,-25.20501
2801431562.5,-25.20646
2801431718.75,-25.20659
2801431875.0,-25.21
2801432031.25,-25.20674
2801432187.5,-25.21004
2801432343.75,-25.20875
2801432500.0,-25.2084
2801432656.25,-25.21022
2801432812.5,-25.21313
2801432968.75,-25.21227
2801433125.0,-25.21127
2801433281.25,-25.21628
2801433437.5,-25.21716
2801433593.75,-25.216
2801433750.0,-25.21695
2801433906.25,-25.21673
2801434062.5,-25.21792
2801434218.75,-25.2204
2801434375.0,-25.22037
2801434531.25,-25.2203
2801434687.5,-25.21943
2801434843.75,-25.22208
2801435000.0,-25.22449
2801435156.25,-25.22279
2801435312.5,-25.22403
2801435468.75,-25.22473
2801435625.0,-25.22474
2801435781.25,-25.22884
2801435937.5,-25.22673
2801436093.75,-25.22524
2801436250.0,-25.23372
2801436406.25,-25.23162
2801436562.5,-25.22878
2801436718.75,-25.23138
2801436875.0,-25.23114
2801437031.25,-25.2322
2801437187.5,-25.23397
2801437343.75,-25.23376
2801437500.0,-25.23914
2801437656.25,-25.23368
2801437812.5,-25.23876
2801437968.75,-25.23718
2801438125.0,-25.23931
2801438281.25,-25.23936
2801438437.5,-25.24055
2801438593.75,-25.24227
2801438750.0,-25.23736
2801438906.25,-25.24033
2801439062.5,-25.24277
2801439218.75,-25.24495
2801439375.0,-25.24623
2801439531.25,-25.24625
2801439687.5,-25.24736
2801439843.75,-25.24773
2801440000.0,-25.24939
2801440156.25,-25.25273
2801440312.5,-25.24651
2801440468.75,-25.25085
2801440625.0,-25.2493
2801440781.25,-25.25632
2801440937.5,-25.25263
2801441093.75,-25.25237
2801441250.0,-25.25294
2801441406.25,-25.25554
2801441562.5,-25.25461
2801441718.75,-25.25508
2801441875.0,-25.257
2801442031.25,-25.26149
2801442187.5,-25.25836
2801442343.75,-25.26145
2801442500.0,-25.26092
2801442656.25,-25.26388
2801442812.5,-25.2609
2801442968.75,-25.26227
2801443125.0,-25.26213
2801443281.25,-25.26292
2801443437.5,-25.26709
2801443593.75,-25.26591
2801443750.0,-25.26942
2801443906.25,-25.26723
2801444062.5,-25.26856
2801444218.75,-25.26831
2801444375.0,-25.27303
2801444531.25,-25.27072
2801444687.5,-25.26975
2801444843.75,-25.27534
2801445000.0,-25.27525
2801445156.25,-25.27291
2801445312.5,-25.27637
2801445468.75,-25.27432
2801445625.0,-25.27296
2801445781.25,-25.27705
2801445937.5,-25.2769
2801446093.75,-25.27745
2801446250.0,-25.2788
2801446406.25,-25.28195
2801446562.5,-25.28238
2801446718.75,-25.27865
2801446875.0,-25.28115
2801447031.25,-25.28097
2801447187.5,-25.28608
2801447343.75,-25.28384
2801447500.0,-25.28651
2801447656.25,-25.28319
2801447812.5,-25.28507
2801447968.75,-25.28588
2801448125.0,-25.28873
2801448281.25,-25.29078
2801448437.5,-25.29057
2801448593.75,-25.29281
2801448750.0,-25.2932
2801448906.25,-25.2928
2801449062.5,-25.29523
2801449218.75,-25.29346
2801449375.0,-25.29576
2801449531.25,-25.29706
2801449687.5,-25.29668
2801449843.75,-25.29525
2801450000.0,-25.29958
2801450156.25,-25.29812
2801450312.5,-25.3027
2801450468.75,-25.30114
2801450625.0,-25.30112
2801450781.25,-25.30123
2801450937.5,-25.30054
2801451093.75,-25.30388
2801451250.0,-25.30408
2801451406.25,-25.30389
2801451562.5,-25.30549
2801451718.75,-25.30746
2801451875.0,-25.3078
2801452031.25,-25.3091
2801452187.5,-25.30894
2801452343.75,-25.31289
2801452500.0,-25.31206
2801452656.25,-25.3119
2801452812.5,-25.31428
2801452968.75,-25.31355
2801453125.0,-25.31369
2801453281.25,-25.31434
2801453437.5,-25.31595
2801453593.75,-25.31429
2801453750.0,-25.31775
2801453906.25,-25.31974
2801454062.5,-25.32087
2801454218.75,-25.31749
2801454375.0,-25.32084
2801454531.25,-25.32039
2801454687.5,-25.31879
2801454843.75,-25.3252
2801455000.0,-25.32473
2801455156.25,-25.32615
2801455312.5,-25.32304
2801455468.75,-25.32808
2801455625.0,-25.32573
2801455781.25,-25.32637
2801455937.5,-25.32939
2801456093.75,-25.32911
2801456250.0,-25.33206
2801456406.25,-25.32995
2801456562.5,-25.33026
2801456718.75,-25.33546
2801456875.0,-25.33678
2801457031.25,-25.33226
2801457187.5,-25.33629
2801457343.75,-25.33678
2801457500.0,-25.33522
2801457656.25,-25.33577
2801457812.5,-25.33963
2801457968.75,-25.33684
2801458125.0,-25.34044
2801458281.25,-25.3391
2801458437.5,-25.33966
2801458593.75,-25.33922
2801458750.0,-25.34121
2801458906.25,-25.34242
2801459062.5,-25.34257
2801459218.75,-25.34711
2801459375.0,-25.34572
2801459531.25,-25.34496
2801459687.5,-25.34958
2801459843.75,-25.34706
2801460000.0,-25.34763
2801460156.25,-25.34904
2801460312.5,-25.34837
2801460468.75,-25.34908
2801460625.0,-25.35096
2801460781.25,-25.35409
2801460937.5,-25.35261
2801461093.75,-25.3525
2801461250.0,-25.35345
2801461406.25,-25.35408
2801461562.5,-25.35971
2801461718.75,-25.35863
2801461875.0,-25.35611
2801462031.25,-25.35363
2801462187.5,-25.35965
2801462343.75,-25.36047
2801462500.0,-25.36036
2801462656.25,-25.35828
2801462812.5,-25.36364
2801462968.75,-25.3637
2801463125.0,-25.36387
2801463281.25,-25.36763
2801463437.5,-25.36601
2801463593.75,-25.36742
2801463750.0,-25.37137
2801463906.25,-25.36833
2801464062.5,-25.37036
2801464218.75,-25.37042
2801464375.0,-25.36959
2801464531.25,-25.37416
2801464687.5,-25.37158
2801464843.75,-25.36934
2801465000.0,-25.37386
2801465156.25,-25.37654
2801465312.5,-25.37797
2801465468.75,-25.37513
2801465625.0,-25.37627
2801465781.25,-25.37769
2801465937.5,-25.37894
2801466093.75,-25.37804
2801466250.0,-25.38047
2801466406.25,-25.37839
2801466562.5,-25.37912
2801466718.75,-25.38494
2801466875.0,-25.38477
2801467031.25,-25.38203
2801467187.5,-25.38568
2801467343.75,-25.38706
2801467500.0,-25.38374
2801467656.25,-25.38642
2801467812.5,-25.3898
2801467968.75,-25.38822
2801468125.0,-25.38979
2801468281.25,-25.38784
2801468437.5,-25.39312
2801468593.75,-25.39295
2801468750.0,-25.39103
2801468906.25,-25.39246
2801469062.5,-25.39509
2801469218.75,-25.39172
2801469375.0,-25.39662
2801469531.25,-25.39769
2801469687.5,-25.39874
2801469843.75,-25.39643
2801470000.0,-25.39801
2801470156.25,-25.40026
2801470312.5,-25.40309
2801470468.75,-25.39926
2801470625.0,-25.40219
2801470781.25,-25.40224
2801470937.5,-25.40448
2801471093.75,-25.40484
2801471250.0,-25.40542
2801471406.25,-25.40651
2801471562.5,-25.40801
2801471718.75,-25.40907
2801471875.0,-25.40763
2801472031.25,-25.40859
2801472187.5,-25.41099
2801472343.75,-25.41209
2801472500.0,-25.40812
2801472656.25,-25.4091
2801472812.5,-25.41541
2801472968.75,-25.41262
2801473125.0,-25.41504
2801473281.25,-25.41323
2801473437.5,-25.41785
2801473593.75,-25.4169
2801473750.0,-25.41634
2801473906.25,-25.41738
2801474062.5,-25.41823
2801474218.75,-25.41924
2801474375.0,-25.41785
2801474531.25,-25.4237
2801474687.5,-25.41993
2801474843.75,-25.42418
2801475000.0,-25.42143
2801475156.25,-25.42273
2801475312.5,-25.42617
2801475468.75,-25.42755
2801475625.0,-25.42844
2801475781.25,-25.42788
2801475937.5,-25.42518
2801476093.75,-25.42432
2801476250.0,-25.42976
2801476406.25,-25.4318
2801476562.5,-25.43258
2801476718.75,-25.43348
2801476875.0,-25.4343
2801477031.25,-25.43125
2801477187.5,-25.43305
2801477343.75,-25.43529
2801477500.0,-25.43351
2801477656.25,-25.43287
2801477812.5,-25.43744
2801477968.75,-25.43831
2801478125.0,-25.44102
2801478281.25,-25.4399
2801478437.5,-25.43736
2801478593.75,-25.44062
2801478750.0,-25.442
2801478906.25,-25.44396
2801479062.5,-25.4408
2801479218.75,-25.44659
2801479375.0,-25.44554
2801479531.25,-25.44353
2801479687.5,-25.44591
2801479843.75,-25.44892
2801480000.0,-25.4504
2801480156.25,-25.44712
2801480312.5,-25.4516
2801480468.75,-25.45317
2801480625.0,-25.45013
2801480781.25,-25.45442
2801480937.5,-25.45601
2801481093.75,-25.45289
2801481250.0,-25.4533
2801481406.25,-25.45123
2801481562.5,-25.4564
2801481718.75,-25.45693
2801481875.0,-25.4547
2801482031.25,-25.45755
2801482187.5,-25.45662
2801482343.75,-25.45862
2801482500.0,-25.45857
2801482656.25,-25.46095
2801482812.5,-25.4642
2801482968.75,-25.45979
2801483125.0,-25.46426
2801483281.25,-25.46192
2801483437.5,-25.46679
2801483593.75,-25.46691
2801483750.0,-25.47003
2801483906.25,-25.468
2801484062.5,-25.46731
2801484218.75,-25.46792
2801484375.0,-25.46922
2801484531.25,-25.46433
2801484687.5,-25.47283
2801484843.75,-25.47399
2801485000.0,-25.474
2801485156.25,-25.47212
2801485312.5,-25.47506
2801485468.75,-25.47333
2801485625.0,-25.47534
2801485781.25,-25.47783
2801485937.5,-25.47778
2801486093.75,-25.47923
2801486250.0,-25.47829
2801486406.25,-25.48149
2801486562.5,-25.48153
2801486718.75,-25.4784
2801486875.0,-25.48202
2801487031.25,-25.48178
2801487187.5,-25.48508
2801487343.75,-25.48421
2801487500.0,-25.48369
2801487656.25,-25.48896
2801487812.5,-25.48635
2801487968.75,-25.48669
2801488125.0,-25.48383
2801488281.25,-25.4864
2801488437.5,-25.48767
2801488593.75,-25.49037
2801488750.0,-25.48943
2801488906.25,-25.49062
2801489062.5,-25.49402
2801489218.75,-25.49308
2801489375.0,-25.49377
2801489531.25,-25.49458
2801489687.5,-25.49585
2801489843.75,-25.49302
2801490000.0,-25.49801
2801490156.25,-25.49683
2801490312.5,-25.49829
2801490468.75,-25.49944
2801490625.0,-25.49699
2801490781.25,-25.49949
2801490937.5,-25.5016
2801491093.75,-25.5027
2801491250.0,-25.50209
2801491406.25,-25.50484
2801491562.5,-25.50279
2801491718.75,-25.50529
2801491875.0,-25.50852
2801492031.25,-25.50806
2801492187.5,-25.50891
2801492343.75,-25.50689
2801492500.0,-25.50759
2801492656.25,-25.50923
2801492812.5,-25.50867
2801492968.75,-25.51139
2801493125.0,-25.51169
2801493281.25,-25.51506
2801493437.5,-25.51576
2801493593.75,-25.51338
2801493750.0,-25.51038
2801493906.25,-25.51565
2801494062.5,-25.51738
2801494218.75,-25.51889
2801494375.0,-25.5215
2801494531.25,-25.51814
2801494687.5,-25.5179
2801494843.75,-25.5201
2801495000.0,-25.51954
2801495156.25,-25.52246
2801495312.5,-25.52372
2801495468.75,-25.52152
2801495625.0,-25.52369
2801495781.25,-25.52508
2801495937.5,-25.52586
2801496093.75,-25.52463
2801496250.0,-25.52881
2801496406.25,-25.52659
2801496562.5,-25.52947
2801496718.75,-25.53066
2801496875.0,-25.53263
2801497031.25,-25.52919
2801497187.5,-25.53231
2801497343.75,-25.53189
2801497500.0,-25.53321
2801497656.25,-25.5349
2801497812.5,-25.5334
2801497968.75,-25.53696
2801498125.0,-25.53618
2801498281.25,-25.53913
2801498437.5,-25.53702
2801498593.75,-25.53757
2801498750.0,-25.54384
2801498906.25,-25.54324
2801499062.5,-25.53835
2801499218.75,-25.54361
2801499375.0,-25.5439
2801499531.25,-25.5437
2801499687.5,-25.54362
2801499843.75,-25.54319
2801500000.0,-25.54578
2801500156.25,-25.54619
2801500312.5,-25.54686
2801500468.75,-25.55301
2801500625.0,-25.54987
2801500781.25,-25.54955
2801500937.5,-25.55089
2801501093.75,-25.55147
2801501250.0,-25.55101
2801501406.25,-25.55118
2801501562.5,-25.55579
2801501718.75,-25.5543
2801501875.0,-25.55619
2801502031.25,-25.55586
2801502187.5,-25.559
2801502343.75,-25.5587
2801502500.0,-25.55648
2801502656.25,-25.56071
2801502812.5,-25.55996
2801502968.75,-25.56401
2801503125.0,-25.56174
2801503281.25,-25.55829
2801503437.5,-25.56099
2801503593.75,-25.56481
2801503750.0,-25.56227
2801503906.25,-25.56133
2801504062.5,-25.56479
2801504218.75,-25.56376
2801504375.0,-25.56774
2801504531.25,-25.56786
2801504687.5,-25.56762
2801504843.75,-25.5703
2801505000.0,-25.57223
2801505156.25,-25.57379
2801505312.5,-25.57485
2801505468.75,-25.57109
2801505625.0,-25.57405
2801505781.25,-25.57273
2801505937.5,-25.57649
2801506093.75,-25.57279
2801506250.0,-25.57924
2801506406.25,-25.57609
2801506562.5,-25.5762
2801506718.75,-25.57614
2801506875.0,-25.5819
2801507031.25,-25.58066
2801507187.5,-25.5789
2801507343.75,-25.5822
2801507500.0,-25.5839
2801507656.25,-25.58344
2801507812.5,-25.58319
2801507968.75,-25.58366
2801508125.0,-25.58703
2801508281.25,-25.58565
2801508437.5,-25.58427
2801508593.75,-25.58748
2801508750.0,-25.58834
2801508906.25,-25.58679
2801509062.5,-25.58792
2801509218.75,-25.58951
2801509375.0,-25.59181
2801509531.25,-25.59257
2801509687.5,-25.5952
2801509843.75,-25.59485
2801510000.0,-25.59759
2801510156.25,-25.59352
2801510312.5,-25.59481
2801510468.75,-25.5963
2801510625.0,-25.59583
2801510781.25,-25.5974
2801510937.5,-25.59807
2801511093.75,-25.60225
2801511250.0,-25.60102
2801511406.25,-25.60368
2801511562.5,-25.6004
2801511718.75,-25.60596
2801511875.0,-25.60283
2801512031.25,-25.60496
2801512187.5,-25.60308
2801512343.75,-25.6044
2801512500.0,-25.60719
2801512656.25,-25.60832
2801512812.5,-25.60534
2801512968.75,-25.60518
2801513125.0,-25.61171
2801513281.25,-25.61172
2801513437.5,-25.60994
2801513593.75,-25.60933
2801513750.0,-25.61167
2801513906.25,-25.61453
2801514062.5,-25.61264
2801514218.75,-25.61848
2801514375.0,-25.61439
2801514531.25,-25.61892
2801514687.5,-25.6172
2801514843.75,-25.61743
2801515000.0,-25.61915
2801515156.25,-25.62072
2801515312.5,-25.61749
2801515468.75,-25.61893
2801515625.0,-25.62058
2801515781.25,-25.62299
2801515937.5,-25.61995
2801516093.75,-25.62218
2801516250.0,-25.62421
2801516406.25,-25.6272
2801516562.5,-25.62362
2801516718.75,-25.6263
2801516875.0,-25.62568
2801517031.25,-25.62718
2801517187.5,-25.62922
2801517343.75,-25.63131
2801517500.0,-25.62954
2801517656.25,-25.63211
2801517812.5,-25.63191
2801517968.75,-25.6301
2801518125.0,-25.63453
2801518281.25,-25.63581
2801518437.5,-25.63249
2801518593.75,-25.63439
2801518750.0,-25.63486
2801518906.25,-25.63959
2801519062.5,-25.63919
2801519218.75,-25.64146
2801519375.0,-25.64023
2801519531.25,-25.641
2801519687.5,-25.6404
2801519843.75,-25.64033
2801520000.0,-25.64289
2801520156.25,-25.641
2801520312.5,-25.64273
2801520468.75,-25.64418
2801520625.0,-25.64533
2801520781.25,-25.6442
2801520937.5,-25.64644
2801521093.75,-25.64592
2801521250.0,-25.64708
2801521406.25,-25.65057
2801521562.5,-25.65293
2801521718.75,-25.65041
2801521875.0,-25.65111
2801522031.25,-25.65297
2801522187.5,-25.65211
2801522343.75,-25.65422
2801522500.0,-25.65622
2801522656.25,-25.65544
2801522812.5,-25.65894
2801522968.75,-25.65814
2801523125.0,-25.65818
2801523281.25,-25.65939
2801523437.5,-25.65889
2801523593.75,-25.66243
2801523750.0,-25.65908
2801523906.25,-25.66057
2801524062.5,-25.66241
2801524218.75,-25.66448
2801524375.0,-25.6643
2801524531.25,-25.66483
2801524687.5,-25.66531
2801524843.75,-25.66756
2801525000.0,-25.66491
2801525156.25,-25.67022
2801525312.5,-25.6674
2801525468.75,-25.66875
2801525625.0,-25.67245
2801525781.25,-25.67441
2801525937.5,-25.67295
2801526093.75,-25.67154
2801526250.0,-25.67554
2801526406.25,-25.67194
2801526562.5,-25.67669
2801526718.75,-25.67661
2801526875.0,-25.67655
2801527031.25,-25.67736
2801527187.5,-25.67481
2801527343.75,-25.67916
2801527500.0,-25.67393
2801527656.25,-25.68214
2801527812.5,-25.68007
2801527968.75,-25.68155
2801528125.0,-25.68155
2801528281.25,-25.68501
2801528437.5,-25.68188
2801528593.75,-25.68459
2801528750.0,-25.68498
2801528906.25,-25.68744
2801529062.5,-25.68686
2801529218.75,-25.68676
2801529375.0,-25.68788
2801529531.25,-25.68818
2801529687.5,-25.68979
2801529843.75,-25.68867
2801530000.0,-25.69044
2801530156.25,-25.69353
2801530312.5,-25.69119
2801530468.75,-25.69705
2801530625.0,-25.69388
2801530781.25,-25.69723
2801530937.5,-25.69544
2801531093.75,-25.69435
2801531250.0,-25.69575
2801531406.25,-25.69663
2801531562.5,-25.6947
2801531718.75,-25.69721
2801531875.0,-25.70015
2801532031.25,-25.69819
2801532187.5,-25.70074
2801532343.75,-25.70191
2801532500.0,-25.70597
2801532656.25,-25.70484
2801532812.5,-25.70553
2801532968.75,-25.70424
2801533125.0,-25.70753
2801533281.25,-25.70663
2801533437.5,-25.70629
2801533593.75,-25.70567
2801533750.0,-25.70749
2801533906.25,-25.71062
2801534062.5,-25.70902
2801534218.75,-25.70965
2801534375.0,-25.71142
2801534531.25,-25.71199
2801534687.5,-25.71702
2801534843.75,-25.71464
2801535000.0,-25.71702
2801535156.25,-25.71317
2801535312.5,-25.71463
2801535468.75,-25.71696
2801535625.0,-25.71888
2801535781.25,-25.71886
2801535937.5,-25.71812
2801536093.75,-25.72411
2801536250.0,-25.72245
2801536406.25,-25.72042
2801536562.5,-25.72034
2801536718.75,-25.725
2801536875.0,-25.72192
2801537031.25,-25.72465
2801537187.5,-25.72581
2801537343.75,-25.72511
2801537500.0,-25.7267
2801537656.25,-25.72666
2801537812.5,-25.72859
2801537968.75,-25.73274
2801538125.0,-25.72861
2801538281.25,-25.72996
2801538437.5,-25.73527
2801538593.75,-25.73261
2801538750.0,-25.73259
2801538906.25,-25.73116
2801539062.5,-25.73455
2801539218.75,-25.73299
2801539375.0,-25.73284
2801539531.25,-25.73362
2801539687.5,-25.73547
2801539843.75,-25.73586
2801540000.0,-25.73746
2801540156.25,-25.73929
2801540312.5,-25.74165
2801540468.75,-25.74058
2801540625.0,-25.74049
2801540781.25,-25.74542
2801540937.5,-25.74446
2801541093.75,-25.7439
2801541250.0,-25.74473
2801541406.25,-25.74588
2801541562.5,-25.74872
2801541718.75,-25.74845
2801541875.0,-25.7488
2801542031.25,-25.7499
2801542187.5,-25.74814
2801542343.75,-25.75178
2801542500.0,-25.75005
2801542656.25,-25.74964
2801542812.5,-25.75429
2801542968.75,-25.75422
2801543125.0,-25.75318
2801543281.25,-25.75458
2801543437.5,-25.75793
2801543593.75,-25.75335
2801543750.0,-25.75694
2801543906.25,-25.75681
2801544062.5,-25.76184
2801544218.75,-25.75843
2801544375.0,-25.76126
2801544531.25,-25.76007
2801544687.5,-25.76056
2801544843.75,-25.76016
2801545000.0,-25.76451
2801545156.25,-25.76009
2801545312.5,-25.76582
2801545468.75,-25.76291
2801545625.0,-25.76851
2801545781.25,-25.76604
2801545937.5,-25.76623
2801546093.75,-25.76896
2801546250.0,-25.76826
2801546406.25,-25.77299
2801546562.5,-25.77288
2801546718.75,-25.76877
2801546875.0,-25.77344
2801547031.25,-25.77505
2801547187.5,-25.77707
2801547343.75,-25.7716
2801547500.0,-25.77768
2801547656.25,-25.77617
2801547812.5,-25.77318
2801547968.75,-25.77596
2801548125.0,-25.77852
2801548281.25,-25.77952
2801548437.5,-25.78067
2801548593.75,-25.78029
2801548750.0,-25.77906
2801548906.25,-25.78153
2801549062.5,-25.77832
2801549218.75,-25.78373
2801549375.0,-25.78189
2801549531.25,-25.78741
2801549687.5,-25.78823
2801549843.75,-25.78389
2801550000.0,-25.78435
2801550156.25,-25.78401
2801550312.5,-25.7923
2801550468.75,-25.79156
2801550625.0,-25.78756
2801550781.25,-25.79069
2801550937.5,-25.79319
2801551093.75,-25.78873
2801551250.0,-25.79471
2801551406.25,-25.79293
2801551562.5,-25.793
2801551718.75,-25.79426
2801551875.0,-25.79759
2801552031.25,-25.79709
2801552187.5,-25.79416
2801552343.75,-25.79688
2801552500.0,-25.80227
2801552656.25,-25.80051
2801552812.5,-25.80024
2801552968.75,-25.80361
2801553125.0,-25.79918
2801553281.25,-25.80285
2801553437.5,-25.80238
2801553593.75,-25.80191
2801553750.0,-25.80437
2801553906.25,-25.80776
2801554062.5,-25.80824
2801554218.75,-25.80578
2801554375.0,-25.80795
2801554531.25,-25.80738
2801554687.5,-25.80852
2801554843.75,-25.81058
2801555000.0,-25.81106
2801555156.25,-25.81427
2801555312.5,-25.81205
2801555468.75,-25.81516
2801555625.0,-25.81656
2801555781.25,-25.81636
2801555937.5,-25.81347
2801556093.75,-25.8159
2801556250.0,-25.81445
2801556406.25,-25.81315
2801556562.5,-25.81753
2801556718.75,-25.8198
2801556875.0,-25.81803
2801557031.25,-25.81866
2801557187.5,-25.8227
2801557343.75,-25.82121
2801557500.0,-25.82067
2801557656.25,-25.81953
2801557812.5,-25.82294
2801557968.75,-25.82453
2801558125.0,-25.8267
2801558281.25,-25.82638
2801558437.5,-25.82762
2801558593.75,-25.82974
2801558750.0,-25.83171
2801558906.25,-25.83001
2801559062.5,-25.8305
2801559218.75,-25.82775
2801559375.0,-25.82648
2801559531.25,-25.83406
2801559687.5,-25.82784
2801559843.75,-25.8324
2801560000.0,-25.83395
2801560156.25,-25.83419
2801560312.5,-25.83554
2801560468.75,-25.83756
2801560625.0,-25.83585
2801560781.25,-25.83766
2801560937.5,-25.83897
2801561093.75,-25.83839
2801561250.0,-25.84103
2801561406.25,-25.84181
2801561562.5,-25.8399
2801561718.75,-25.83969
2801561875.0,-25.84296
2801562031.25,-25.84459
2801562187.5,-25.84136
2801562343.75,-25.84598
2801562500.0,-25.84755
2801562656.25,-25.84714
2801562812.5,-25.84677
2801562968.75,-25.84863
2801563125.0,-25.84929
2801563281.25,-25.84923
2801563437.5,-25.85144
2801563593.75,-25.84936
2801563750.0,-25.85321
2801563906.25,-25.85343
2801564062.5,-25.85355
2801564218.75,-25.85358
2801564375.0,-25.85497
2801564531.25,-25.85677
2801564687.5,-25.85815
2801564843.75,-25.85641
2801565000.0,-25.86026
2801565156.25,-25.85979
2801565312.5,-25.85808
2801565468.75,-25.85802
2801565625.0,-25.8607
2801565781.25,-25.85944
2801565937.5,-25.86176
2801566093.75,-25.85985
2801566250.0,-25.86191
2801566406.25,-25.86137
2801566562.5,-25.86604
2801566718.75,-25.86626
2801566875.0,-25.86647
2801567031.25,-25.86661
2801567187.5,-25.86474
2801567343.75,-25.8705
2801567500.0,-25.86993
2801567656.25,-25.87119
2801567812.5,-25.86792
2801567968.75,-25.87258
2801568125.0,-25.8751
2801568281.25,-25.8728
2801568437.5,-25.87135
2801568593.75,-25.87342
2801568750.0,-25.87106
2801568906.25,-25.8762
2801569062.5,-25.87811
2801569218.75,-25.87775
2801569375.0,-25.87749
2801569531.25,-25.87993
2801569687.5,-25.8832
2801569843.75,-25.88176
2801570000.0,-25.88074
2801570156.25,-25.87947
2801570312.5,-25.88289
2801570468.75,-25.88127
2801570625.0,-25.88383
2801570781.25,-25.88169
2801570937.5,-25.88669
2801571093.75,-25.88283
2801571250.0,-25.88341
2801571406.25,-25.88719
2801571562.5,-25.88929
2801571718.75,-25.88777
2801571875.0,-25.88637
2801572031.25,-25.88886
2801572187.5,-25.8913
2801572343.75,-25.88925
2801572500.0,-25.89198
2801572656.25,-25.89485
2801572812.5,-25.89456
2801572968.75,-25.89682
2801573125.0,-25.89509
2801573281.25,-25.89776
2801573437.5,-25.89685
2801573593.75,-25.89678
2801573750.0,-25.89983
2801573906.25,-25.89931
2801574062.5,-25.89899
2801574218.75,-25.90102
2801574375.0,-25.90326
2801574531.25,-25.90232
2801574687.5,-25.90459
2801574843.75,-25.9019
2801575000.0,-25.90305
2801575156.25,-25.90264
2801575312.5,-25.9056
2801575468.75,-25.90678
2801575625.0,-25.90888
2801575781.25,-25.90794
2801575937.5,-25.91145
2801576093.75,-25.91138
2801576250.0,-25.9116
2801576406.25,-25.91205
2801576562.5,-25.91602
2801576718.75,-25.91062
2801576875.0,-25.91423
2801577031.25,-25.91434
2801577187.5,-25.91555
2801577343.75,-25.91471
2801577500.0,-25.91818
2801577656.25,-25.91648
2801577812.5,-25.91798
2801577968.75,-25.91479
2801578125.0,-25.91864
2801578281.25,-25.92161
2801578437.5,-25.91925
2801578593.75,-25.92238
2801578750.0,-25.92316
2801578906.25,-25.92261
2801579062.5,-25.92209
2801579218.75,-25.92488
2801579375.0,-25.92344
2801579531.25,-25.92463
2801579687.5,-25.92624
2801579843.75,-25.92277
2801580000.0,-25.92792
2801580156.25,-25.93068
2801580312.5,-25.92806
2801580468.75,-25.93009
2801580625.0,-25.92763
2801580781.25,-25.93126
2801580937.5,-25.93556
2801581093.75,-25.93376
2801581250.0,-25.93243
2801581406.25,-25.93588
2801581562.5,-25.93259
2801581718.75,-25.93685
2801581875.0,-25.93459
2801582031.25,-25.93663
2801582187.5,-25.93786
2801582343.75,-25.93684
2801582500.0,-25.9414
2801582656.25,-25.93801
2801582812.5,-25.94266
2801582968.75,-25.94088
2801583125.0,-25.93922
2801583281.25,-25.94361
2801583437.5,-25.94616
2801583593.75,-25.94607
2801583750.0,-25.94263
2801583906.25,-25.94378
2801584062.5,-25.94472
2801584218.75,-25.951
2801584375.0,-25.9438
2801584531.25,-25.94755
2801584687.5,-25.95037
2801584843.75,-25.94816
2801585000.0,-25.95123
2801585156.25,-25.95179
2801585312.5,-25.95284
2801585468.75,-25.9507
2801585625.0,-25.95229
2801585781.25,-25.95869
2801585937.5,-25.95198
2801586093.75,-25.95615
2801586250.0,-25.9592
2801586406.25,-25.95597
2801586562.5,-25.95612
2801586718.75,-25.96001
2801586875.0,-25.96028
2801587031.25,-25.96014
2801587187.5,-25.96014
2801587343.75,-25.96383
2801587500.0,-25.95887
2801587656.25,-25.96191
2801587812.5,-25.96423
2801587968.75,-25.96389
2801588125.0,-25.96954
2801588281.25,-25.96527
2801588437.5,-25.96844
2801588593.75,-25.96509
2801588750.0,-25.9676
2801588906.25,-25.9682
2801589062.5,-25.97171
2801589218.75,-25.97094
2801589375.0,-25.97194
2801589531.25,-25.97399
2801589687.5,-25.97114
2801589843.75,-25.97051
2801590000.0,-25.97307
2801590156.25,-25.97363
2801590312.5,-25.97491
2801590468.75,-25.97594
2801590625.0,-25.97592
2801590781.25,-25.97845
2801590937.5,-25.98233
2801591093.75,-25.97859
2801591250.0,-25.98261
2801591406.25,-25.98294
2801591562.5,-25.98363
2801591718.75,-25.97964
2801591875.0,-25.98382
2801592031.25,-25.98389
2801592187.5,-25.98425
2801592343.75,-25.98415
2801592500.0,-25.98272
2801592656.25,-25.98646
2801592812.5,-25.98929
2801592968.75,-25.98705
2801593125.0,-25.98857
2801593281.25,-25.98836
2801593437.5,-25.99054
2801593593.75,-25.99276
2801593750.0,-25.99281
2801593906.25,-25.99471
2801594062.5,-25.99299
2801594218.75,-25.99502
2801594375.0,-25.99236
2801594531.25,-25.99528
2801594687.5,-25.99739
2801594843.75,-25.99867
2801595000.0,-25.99633
2801595156.25,-26.00058
2801595312.5,-25.99868
2801595468.75,-25.99777
2801595625.0,-26.0002
2801595781.25,-26.0007
2801595937.5,-26.00083
2801596093.75,-26.00003
2801596250.0,-26.00236
2801596406.25,-26.00676
2801596562.5,-26.00406
2801596718.75,-26.0045
2801596875.0,-26.00346
2801597031.25,-26.0052
2801597187.5,-26.00614
2801597343.75,-26.00898
2801597500.0,-26.00766
2801597656.25,-26.00971
2801597812.5,-26.00949
2801597968.75,-26.01017
2801598125.0,-26.01246
2801598281.25,-26.01341
2801598437.5,-26.01569
2801598593.75,-26.01221
2801598750.0,-26.01588
2801598906.25,-26.01667
2801599062.5,-26.01796
2801599218.75,-26.01698
2801599375.0,-26.02067
2801599531.25,-26.01803
2801599687.5,-26.02212
2801599843.75,-26.01957
2801600000.0,-26.0235
2801600156.25,-26.02106
2801600312.5,-26.02081
2801600468.75,-26.02459
2801600625.0,-26.02738
2801600781.25,-26.02364
2801600937.5,-26.02715
2801601093.75,-26.02494
2801601250.0,-26.02471
2801601406.25,-26.03061
2801601562.5,-26.02777
2801601718.75,-26.02785
2801601875.0,-26.02966
2801602031.25,-26.03105
2801602187.5,-26.03253
2801602343.75,-26.02881
2801602500.0,-26.03089
2801602656.25,-26.03251
2801602812.5,-26.03455
2801602968.75,-26.03594
2801603125.0,-26.03509
2801603281.25,-26.03663
2801603437.5,-26.03523
2801603593.75,-26.03721
2801603750.0,-26.03823
2801603906.25,-26.03894
2801604062.5,-26.04159
2801604218.75,-26.04022
2801604375.0,-26.03586
2801604531.25,-26.04251
2801604687.5,-26.04155
2801604843.75,-26.03972
2801605000.0,-26.04598
2801605156.25,-26.04456
2801605312.5,-26.04502
2801605468.75,-26.04933
2801605625.0,-26.04429
2801605781.25,-26.0458
2801605937.5,-26.0463
2801606093.75,-26.04844
2801606250.0,-26.04833
2801606406.25,-26.0456
2801606562.5,-26.0487
2801606718.75,-26.05536
2801606875.0,-26.05386
2801607031.25,-26.0529
2801607187.5,-26.05521
2801607343.75,-26.05634
2801607500.0,-26.0584
2801607656.25,-26.05344
2801607812.5,-26.05729
2801607968.75,-26.05994
2801608125.0,-26.05805
2801608281.25,-26.05904
2801608437.5,-26.05972
2801608593.75,-26.06151
2801608750.0,-26.06524
2801608906.25,-26.06155
2801609062.5,-26.06288
2801609218.75,-26.06015
2801609375.0,-26.06519
2801609531.25,-26.06531
2801609687.5,-26.06367
2801609843.75,-26.06624
2801610000.0,-26.06773
2801610156.25,-26.06679
2801610312.5,-26.06802
2801610468.75,-26.07018
2801610625.0,-26.07237
2801610781.25,-26.06865
2801610937.5,-26.06969
2801611093.75,-26.07142
2801611250.0,-26.07274
2801611406.25,-26.07371
2801611562.5,-26.07538
2801611718.75,-26.07325
2801611875.0,-26.07553
2801612031.25,-26.0783
2801612187.5,-26.0763
2801612343.75,-26.07995
2801612500.0,-26.07995
2801612656.25,-26.07785
2801612812.5,-26.08145
2801612968.75,-26.07804
2801613125.0,-26.08049
2801613281.25,-26.08262
2801613437.5,-26.08209
2801613593.75,-26.08343
2801613750.0,-26.08564
2801613906.25,-26.08112
2801614062.5,-26.08593
2801614218.75,-26.0835
2801614375.0,-26.08511
2801614531.25,-26.09185
2801614687.5,-26.08465
2801614843.75,-26.08829
2801615000.0,-26.09074
2801615156.25,-26.09168
2801615312.5,-26.08791
2801615468.75,-26.09134
2801615625.0,-26.09373
2801615781.25,-26.09226
2801615937.5,-26.09371
2801616093.75,-26.09576
2801616250.0,-26.09784
2801616406.25,-26.09473
2801616562.5,-26.09683
2801616718.75,-26.09733
2801616875.0,-26.1018
2801617031.25,-26.10472
2801617187.5,-26.09916
2801617343.75,-26.10311
2801617500.0,-26.1035
2801617656.25,-26.10456
2801617812.5,-26.09921
2801617968.75,-26.10458
2801618125.0,-26.10168
2801618281.25,-26.10403
2801618437.5,-26.10582
2801618593.75,-26.10777
2801618750.0,-26.10628
2801618906.25,-26.10645
2801619062.5,-26.10589
2801619218.75,-26.10708
2801619375.0,-26.10853
2801619531.25,-26.10859
2801619687.5,-26.10967
2801619843.75,-26.111
2801620000.0,-26.11459
2801620156.25,-26.11378
2801620312.5,-26.11593
2801620468.75,-26.11637
2801620625.0,-26.11453
2801620781.25,-26.11803
2801620937.5,-26.11576
2801621093.75,-26.11674
2801621250.0,-26.11764
2801621406.25,-26.11914
2801621562.5,-26.12061
2801621718.75,-26.11898
2801621875.0,-26.1238
2801622031.25,-26.12031
2801622187.5,-26.12705
2801622343.75,-26.12587
2801622500.0,-26.12353
2801622656.25,-26.12521
2801622812.5,-26.12664
2801622968.75,-26.12852
2801623125.0,-26.1291
2801623281.25,-26.12587
2801623437.5,-26.12973
2801623593.75,-26.13309
2801623750.0,-26.13036
2801623906.25,-26.13107
2801624062.5,-26.1318
2801624218.75,-26.13243
2801624375.0,-26.13012
2801624531.25,-26.13084
2801624687.5,-26.13482
2801624843.75,-26.13486
2801625000.0,-26.1368
2801625156.25,-26.13207
2801625312.5,-26.135
2801625468.75,-26.13877
2801625625.0,-26.1369
2801625781.25,-26.14007
2801625937.5,-26.14095
2801626093.75,-26.13937
2801626250.0,-26.1378
2801626406.25,-26.14152
2801626562.5,-26.14002
2801626718.75,-26.14377
2801626875.0,-26.14275
2801627031.25,-26.14287
2801627187.5,-26.1459
2801627343.75,-26.14806
2801627500.0,-26.1471
2801627656.25,-26.14593
2801627812.5,-26.14703
2801627968.75,-26.14749
2801628125.0,-26.15117
2801628281.25,-26.1487
2801628437.5,-26.15384
2801628593.75,-26.15236
2801628750.0,-26.15343
2801628906.25,-26.15392
2801629062.5,-26.15464
2801629218.75,-26.15215
2801629375.0,-26.15329
2801629531.25,-26.15666
2801629687.5,-26.15779
2801629843.75,-26.1556
2801630000.0,-26.15733
2801630156.25,-26.15698
2801630312.5,-26.15858
2801630468.75,-26.15748
2801630625.0,-26.16051
2801630781.25,-26.16249
2801630937.5,-26.16384
2801631093.75,-26.1652
2801631250.0,-26.16671
2801631406.25,-26.16397
2801631562.5,-26.16345
2801631718.75,-26.1644
2801631875.0,-26.16734
2801632031.25,-26.16546
2801632187.5,-26.16707
2801632343.75,-26.16929
2801632500.0,-26.16966
2801632656.25,-26.17447
2801632812.5,-26.17236
2801632968.75,-26.16987
2801633125.0,-26.172
2801633281.25,-26.17127
2801633437.5,-26.17614
2801633593.75,-26.17507
2801633750.0,-26.17441
2801633906.25,-26.17741
2801634062.5,-26.17751
2801634218.75,-26.17681
2801634375.0,-26.17776
2801634531.25,-26.17891
2801634687.5,-26.17757
2801634843.75,-26.17898
2801635000.0,-26.1822
2801635156.25,-26.18242
2801635312.5,-26.18305
2801635468.75,-26.18161
2801635625.0,-26.18489
2801635781.25,-26.18418
2801635937.5,-26.18307
2801636093.75,-26.1867
2801636250.0,-26.18774
2801636406.25,-26.1912
2801636562.5,-26.18458
2801636718.75,-26.18781
2801636875.0,-26.18933
2801637031.25,-26.19063
2801637187.5,-26.18974
2801637343.75,-26.193
2801637500.0,-26.1909
2801637656.25,-26.19369
2801637812.5,-26.19424
2801637968.75,-26.19555
2801638125.0,-26.19806
2801638281.25,-26.19659
2801638437.5,-26.19727
2801638593.75,-26.19645
2801638750.0,-26.19662
2801638906.25,-26.1966
2801639062.5,-26.19749
2801639218.75,-26.19731
2801639375.0,-26.19547
2801639531.25,-26.19956
2801639687.5,-26.19789
2801639843.75,-26.20373
2801640000.0,-26.20203
2801640156.25,-26.20247
2801640312.5,-26.20568
2801640468.75,-26.20828
2801640625.0,-26.20866
2801640781.25,-26.20841
2801640937.5,-26.20793
2801641093.75,-26.20855
2801641250.0,-26.20921
2801641406.25,-26.2108
2801641562.5,-26.21079
2801641718.75,-26.21467
2801641875.0,-26.2114
2801642031.25,-26.21132
2801642187.5,-26.21559
2801642343.75,-26.21504
2801642500.0,-26.21375
2801642656.25,-26.21737
2801642812.5,-26.2172
2801642968.75,-26.21761
2801643125.0,-26.21881
2801643281.25,-26.2182
2801643437.5,-26.21734
2801643593.75,-26.21997
2801643750.0,-26.2197
2801643906.25,-26.22358
2801644062.5,-26.22427
2801644218.75,-26.22288
2801644375.0,-26.22657
2801644531.25,-26.22494
2801644687.5,-26.22397
2801644843.75,-26.22362
2801645000.0,-26.2235
2801645156.25,-26.22685
2801645312.5,-26.22876
2801645468.75,-26.2281
2801645625.0,-26.22342
2801645781.25,-26.22958
2801645937.5,-26.22898
2801646093.75,-26.23013
2801646250.0,-26.23051
2801646406.25,-26.22813
2801646562.5,-26.23235
2801646718.75,-26.23391
2801646875.0,-26.23495
2801647031.25,-26.23483
2801647187.5,-26.23178
2801647343.75,-26.23634
2801647500.0,-26.23935
2801647656.25,-26.23473
2801647812.5,-26.23615
2801647968.75,-26.2395
2801648125.0,-26.23606
2801648281.25,-26.23968
2801648437.5,-26.23974
2801648593.75,-26.24273
2801648750.0,-26.24257
2801648906.25,-26.24538
2801649062.5,-26.24453
2801649218.75,-26.2442
2801649375.0,-26.24653
2801649531.25,-26.24649
2801649687.5,-26.2474
2801649843.75,-26.2455
2801650000.0,-26.2483
2801650156.25,-26.25182
2801650312.5,-26.24866
2801650468.75,-26.24823
2801650625.0,-26.24977
2801650781.25,-26.25401
2801650937.5,-26.24985
2801651093.75,-26.25387
2801651250.0,-26.25819
2801651406.25,-26.25397
2801651562.5,-26.25691
2801651718.75,-26.25385
2801651875.0,-26.25848
2801652031.25,-26.25899
2801652187.5,-26.25803
2801652343.75,-26.25989
2801652500.0,-26.26031
2801652656.25,-26.25682
2801652812.5,-26.26012
2801652968.75,-26.26296
2801653125.0,-26.26161
2801653281.25,-26.26208
2801653437.5,-26.26778
2801653593.75,-26.2634
2801653750.0,-26.26682
2801653906.25,-26.26727
2801654062.5,-26.26745
2801654218.75,-26.27025
2801654375.0,-26.27219
2801654531.25,-26.26694
2801654687.5,-26.26844
2801654843.75,-26.26688
2801655000.0,-26.27317
2801655156.25,-26.27586
2801655312.5,-26.27052
2801655468.75,-26.27354
2801655625.0,-26.27486
2801655781.25,-26.27528
2801655937.5,-26.27622
2801656093.75,-26.27489
2801656250.0,-26.27704
2801656406.25,-26.2778
2801656562.5,-26.27987
2801656718.75,-26.2795
2801656875.0,-26.28054
2801657031.25,-26.28174
2801657187.5,-26.27752
2801657343.75,-26.2797
2801657500.0,-26.28239
2801657656.25,-26.2817
2801657812.5,-26.28613
2801657968.75,-26.28624
2801658125.0,-26.2864
2801658281.25,-26.28582
2801658437.5,-26.28587
2801658593.75,-26.29151
2801658750.0,-26.2893
2801658906.25,-26.28885
2801659062.5,-26.28918
2801659218.75,-26.29317
2801659375.0,-26.28908
2801659531.25,-26.29153
2801659687.5,-26.29489
2801659843.75,-26.29342
2801660000.0,-26.29373
2801660156.25,-26.29407
2801660312.5,-26.2928
2801660468.75,-26.29204
2801660625.0,-26.29515
2801660781.25,-26.2973
2801660937.5,-26.29579
2801661093.75,-26.29777
2801661250.0,-26.30053
2801661406.25,-26.30062
2801661562.5,-26.2996
2801661718.75,-26.30242
2801661875.0,-26.3001
2801662031.25,-26.30325
2801662187.5,-26.30297
2801662343.75,-26.30178
2801662500.0,-26.30759
2801662656.25,-26.3041
2801662812.5,-26.30651
2801662968.75,-26.30615
2801663125.0,-26.30939
2801663281.25,-26.30791
2801663437.5,-26.30744
2801663593.75,-26.31063
2801663750.0,-26.30964
2801663906.25,-26.31291
2801664062.5,-26.30987
2801664218.75,-26.31195
2801664375.0,-26.31514
2801664531.25,-26.31325
2801664687.5,-26.31594
2801664843.75,-26.3148
2801665000.0,-26.31191
2801665156.25,-26.3174
2801665312.5,-26.3193
2801665468.75,-26.3158
2801665625.0,-26.31948
2801665781.25,-26.31979
2801665937.5,-26.32127
2801666093.75,-26.31799
2801666250.0,-26.32078
2801666406.25,-26.32413
2801666562.5,-26.32106
2801666718.75,-26.32091
2801666875.0,-26.32478
2801667031.25,-26.31867
2801667187.5,-26.32307
2801667343.75,-26.32897
2801667500.0,-26.32802
2801667656.25,-26.32631
2801667812.5,-26.33159
2801667968.75,-26.32909
2801668125.0,-26.3295
2801668281.25,-26.33142
2801668437.5,-26.32851
2801668593.75,-26.33212
2801668750.0,-26.3335
2801668906.25,-26.334
2801669062.5,-26.33427
2801669218.75,-26.33579
2801669375.0,-26.33685
2801669531.25,-26.33667
2801669687.5,-26.33417
2801669843.75,-26.33469
2801670000.0,-26.33828
2801670156.25,-26.3399
2801670312.5,-26.33938
2801670468.75,-26.34048
2801670625.0,-26.33785
2801670781.25,-26.3415
2801670937.5,-26.34025
2801671093.75,-26.34135
2801671250.0,-26.34034
2801671406.25,-26.3444
2801671562.5,-26.34563
2801671718.75,-26.34968
2801671875.0,-26.35072
2801672031.25,-26.34524
2801672187.5,-26.34857
2801672343.75,-26.34815
2801672500.0,-26.351
2801672656.25,-26.35067
2801672812.5,-26.34987
2801672968.75,-26.34816
2801673125.0,-26.35149
2801673281.25,-26.35371
2801673437.5,-26.35305
2801673593.75,-26.35378
2801673750.0,-26.35277
2801673906.25,-26.35914
2801674062.5,-26.35453
2801674218.75,-26.35632
2801674375.0,-26.35936
2801674531.25,-26.36039
2801674687.5,-26.35674
2801674843.75,-26.36031
2801675000.0,-26.36232
2801675156.25,-26.36073
2801675312.5,-26.35884
2801675468.75,-26.35983
2801675625.0,-26.36172
2801675781.25,-26.36578
2801675937.5,-26.36505
2801676093.75,-26.36735
2801676250.0,-26.36628
2801676406.25,-26.36359
2801676562.5,-26.36596
2801676718.75,-26.37164
2801676875.0,-26.36609
2801677031.25,-26.37125
2801677187.5,-26.373
2801677343.75,-26.37453
2801677500.0,-26.3732
2801677656.25,-26.36958
2801677812.5,-26.37326
2801677968.75,-26.37381
2801678125.0,-26.37616
2801678281.25,-26.37333
2801678437.5,-26.37504
2801678593.75,-26.37353
2801678750.0,-26.37589
2801678906.25,-26.3796
2801679062.5,-26.3759
2801679218.75,-26.37518
2801679375.0,-26.37905
2801679531.25,-26.38434
2801679687.5,-26.37864
2801679843.75,-26.38422
2801680000.0,-26.38195
2801680156.25,-26.38225
2801680312.5,-26.3832
2801680468.75,-26.38803
2801680625.0,-26.38385
2801680781.25,-26.38597
2801680937.5,-26.38652
2801681093.75,-26.38888
2801681250.0,-26.39021
2801681406.25,-26.38655
2801681562.5,-26.39225
2801681718.75,-26.38985
2801681875.0,-26.38976
2801682031.25,-26.39261
2801682187.5,-26.39025
2801682343.75,-26.38894
2801682500.0,-26.39604
2801682656.25,-26.39263
2801682812.5,-26.39944
2801682968.75,-26.3949
2801683125.0,-26.40016
2801683281.25,-26.394
2801683437.5,-26.3986
2801683593.75,-26.39666
2801683750.0,-26.39518
2801683906.25,-26.4004
2801684062.5,-26.40073
2801684218.75,-26.40287
2801684375.0,-26.40108
2801684531.25,-26.40246
2801684687.5,-26.40483
2801684843.75,-26.40677
2801685000.0,-26.40381
2801685156.25,-26.40902
2801685312.5,-26.40833
2801685468.75,-26.40653
2801685625.0,-26.40641
2801685781.25,-26.40545
2801685937.5,-26.41099
2801686093.75,-26.41124
2801686250.0,-26.41016
2801686406.25,-26.41242
2801686562.5,-26.41214
2801686718.75,-26.41002
2801686875.0,-26.41523
2801687031.25,-26.41352
2801687187.5,-26.4116
2801687343.75,-26.41602
2801687500.0,-26.41557
2801687656.25,-26.41761
2801687812.5,-26.41915
2801687968.75,-26.41696
2801688125.0,-26.41672
2801688281.25,-26.41825
2801688437.5,-26.41768
2801688593.75,-26.41932
2801688750.0,-26.42019
2801688906.25,-26.42392
2801689062.5,-26.42348
2801689218.75,-26.42202
2801689375.0,-26.42303
2801689531.25,-26.42823
2801689687.5,-26.42176
2801689843.75,-26.42613
2801690000.0,-26.42837
2801690156.25,-26.42627
2801690312.5,-26.43006
2801690468.75,-26.43242
2801690625.0,-26.42689
2801690781.25,-26.43116
2801690937.5,-26.43106
2801691093.75,-26.43484
2801691250.0,-26.43416
2801691406.25,-26.43351
2801691562.5,-26.43499
2801691718.75,-26.43717
2801691875.0,-26.43075
2801692031.25,-26.43785
2801692187.5,-26.43438
2801692343.75,-26.4368
2801692500.0,-26.44193
2801692656.25,-26.44002
2801692812.5,-26.43955
2801692968.75,-26.43632
2801693125.0,-26.44206
2801693281.25,-26.44264
2801693437.5,-26.44292
2801693593.75,-26.44588
2801693750.0,-26.44087
2801693906.25,-26.44767
2801694062.5,-26.44479
2801694218.75,-26.44592
2801694375.0,-26.44453
2801694531.25,-26.44535
2801694687.5,-26.4467
2801694843.75,-26.44904
2801695000.0,-26.44854
2801695156.25,-26.44937
2801695312.5,-26.45113
2801695468.75,-26.4484
2801695625.0,-26.44862
2801695781.25,-26.45302
2801695937.5,-26.45525
2801696093.75,-26.45503
2801696250.0,-26.45264
2801696406.25,-26.45723
2801696562.5,-26.45525
2801696718.75,-26.45833
2801696875.0,-26.45829
2801697031.25,-26.46013
2801697187.5,-26.45975
2801697343.75,-26.46015
2801697500.0,-26.45973
2801697656.25,-26.45983
2801697812.5,-26.45761
2801697968.75,-26.45946
2801698125.0,-26.46217
2801698281.25,-26.46528
2801698437.5,-26.46825
2801698593.75,-26.46333
2801698750.0,-26.46287
2801698906.25,-26.4704
2801699062.5,-26.46528
2801699218.75,-26.46567
2801699375.0,-26.47221
2801699531.25,-26.46858
2801699687.5,-26.46885
2801699843.75,-26.47253
2801700000.0,-26.46943
2801700156.25,-26.47254
2801700312.5,-26.47022
2801700468.75,-26.47198
2801700625.0,-26.47514
2801700781.25,-26.4737
2801700937.5,-26.47744
2801701093.75,-26.47645
2801701250.0,-26.47936
2801701406.25,-26.47704
2801701562.5,-26.48073
2801701718.75,-26.47709
2801701875.0,-26.47658
2801702031.25,-26.47948
2801702187.5,-26.48375
2801702343.75,-26.48215
2801702500.0,-26.48439
2801702656.25,-26.48328
2801702812.5,-26.48452
2801702968.75,-26.48395
2801703125.0,-26.48786
2801703281.25,-26.48576
2801703437.5,-26.48265
2801703593.75,-26.48636
2801703750.0,-26.48825
2801703906.25,-26.48916
2801704062.5,-26.48638
2801704218.75,-26.48945
2801704375.0,-26.49332
2801704531.25,-26.4882
2801704687.5,-26.4931
2801704843.75,-26.4919
2801705000.0,-26.48965
2801705156.25,-26.49765
2801705312.5,-26.49796
2801705468.75,-26.49036
2801705625.0,-26.49882
2801705781.25,-26.49537
2801705937.5,-26.49836
2801706093.75,-26.49634
2801706250.0,-26.49892
2801706406.25,-26.5
2801706562.5,-26.50391
2801706718.75,-26.49954
2801706875.0,-26.50129
2801707031.25,-26.49904
2801707187.5,-26.50332
2801707343.75,-26.50556
2801707500.0,-26.50107
2801707656.25,-26.49851
2801707812.5,-26.50482
2801707968.75,-26.504
2801708125.0,-26.50668
2801708281.25,-26.50708
2801708437.5,-26.50964
2801708593.75,-26.50746
2801708750.0,-26.50719
2801708906.25,-26.51122
2801709062.5,-26.51115
2801709218.75,-26.51244
2801709375.0,-26.5149
2801709531.25,-26.51633
2801709687.5,-26.51002
2801709843.75,-26.51142
2801710000.0,-26.51367
2801710156.25,-26.51412
2801710312.5,-26.51403
2801710468.75,-26.52155
2801710625.0,-26.52024
2801710781.25,-26.51982
2801710937.5,-26.51866
2801711093.75,-26.52173
2801711250.0,-26.52179
2801711406.25,-26.52355
2801711562.5,-26.51978
2801711718.75,-26.52083
2801711875.0,-26.52517
2801712031.25,-26.52414
2801712187.5,-26.52213
2801712343.75,-26.52503
2801712500.0,-26.52311
2801712656.25,-26.52277
2801712812.5,-26.52553
2801712968.75,-26.53148
2801713125.0,-26.52817
2801713281.25,-26.52905
2801713437.5,-26.53088
2801713593.75,-26.53792
2801713750.0,-26.53633
2801713906.25,-26.53333
2801714062.5,-26.53237
2801714218.75,-26.53308
2801714375.0,-26.53693
2801714531.25,-26.53248
2801714687.5,-26.53884
2801714843.75,-26.5358
2801715000.0,-26.53988
2801715156.25,-26.53753
2801715312.5,-26.53478
2801715468.75,-26.53948
2801715625.0,-26.53938
2801715781.25,-26.53859
2801715937.5,-26.54192
2801716093.75,-26.54147
2801716250.0,-26.54091
2801716406.25,-26.54198
2801716562.5,-26.54298
2801716718.75,-26.54459
2801716875.0,-26.54561
2801717031.25,-26.54679
2801717187.5,-26.54565
2801717343.75,-26.54636
2801717500.0,-26.54879
2801717656.25,-26.55085
2801717812.5,-26.54982
2801717968.75,-26.54997
2801718125.0,-26.55412
2801718281.25,-26.54895
2801718437.5,-26.55207
2801718593.75,-26.55234
2801718750.0,-26.55479
2801718906.25,-26.55312
2801719062.5,-26.55236
2801719218.75,-26.5545
2801719375.0,-26.55779
2801719531.25,-26.55735
2801719687.5,-26.55805
2801719843.75,-26.55675
2801720000.0,-26.5595
2801720156.25,-26.55978
2801720312.5,-26.56124
2801720468.75,-26.55728
2801720625.0,-26.56093
2801720781.25,-26.56429
2801720937.5,-26.56137
2801721093.75,-26.5599
2801721250.0,-26.56429
2801721406.25,-26.5677
2801721562.5,-26.5678
2801721718.75,-26.56553
2801721875.0,-26.5669
2801722031.25,-26.57062
2801722187.5,-26.56878
2801722343.75,-26.56841
2801722500.0,-26.57178
2801722656.25,-26.57154
2801722812.5,-26.57272
2801722968.75,-26.57228
2801723125.0,-26.56899
2801723281.25,-26.56975
2801723437.5,-26.56983
2801723593.75,-26.57589
2801723750.0,-26.57204
2801723906.25,-26.57806
2801724062.5,-26.57555
2801724218.75,-26.57665
2801724375.0,-26.57578
2801724531.25,-26.58189
2801724687.5,-26.57425
2801724843.75,-26.5765
2801725000.0,-26.5837
2801725156.25,-26.58481
2801725312.5,-26.5792
2801725468.75,-26.57913
2801725625.0,-26.58292
2801725781.25,-26.58469
2801725937.5,-26.58412
2801726093.75,-26.58468
2801726250.0,-26.58437
2801726406.25,-26.58605
2801726562.5,-26.58337
2801726718.75,-26.59246
2801726875.0,-26.58952
2801727031.25,-26.58971
2801727187.5,-26.5853
2801727343.75,-26.59039
2801727500.0,-26.59073
2801727656.25,-26.59102
2801727812.5,-26.59509
2801727968.75,-26.5934
2801728125.0,-26.59179
2801728281.25,-26.59502
2801728437.5,-26.59591
2801728593.75,-26.59857
2801728750.0,-26.59656
2801728906.25,-26.59836
2801729062.5,-26.60149
2801729218.75,-26.59671
2801729375.0,-26.59899
2801729531.25,-26.60165
2801729687.5,-26.59844
2801729843.75,-26.60219
2801730000.0,-26.60212
2801730156.25,-26.60144
2801730312.5,-26.60338
2801730468.75,-26.60088
2801730625.0,-26.6023
2801730781.25,-26.60543
2801730937.5,-26.60625
2801731093.75,-26.60557
2801731250.0,-26.609
2801731406.25,-26.61079
2801731562.5,-26.60908
2801731718.75,-26.61086
2801731875.0,-26.60979
2801732031.25,-26.60628
2801732187.5,-26.6103
2801732343.75,-26.61144
2801732500.0,-26.61241
2801732656.25,-26.61657
2801732812.5,-26.61224
2801732968.75,-26.61343
2801733125.0,-26.61676
2801733281.25,-26.61611
2801733437.5,-26.61722
2801733593.75,-26.61878
2801733750.0,-26.61558
2801733906.25,-26.61515
2801734062.5,-26.61932
2801734218.75,-26.62007
2801734375.0,-26.6193
2801734531.25,-26.61845
2801734687.5,-26.62437
2801734843.75,-26.62192
2801735000.0,-26.62099
2801735156.25,-26.62189
2801735312.5,-26.62513
2801735468.75,-26.62575
2801735625.0,-26.62916
2801735781.25,-26.62403
2801735937.5,-26.62361
2801736093.75,-26.62691
2801736250.0,-26.62994
2801736406.25,-26.62726
2801736562.5,-26.62815
2801736718.75,-26.63157
2801736875.0,-26.63133
2801737031.25,-26.6299
2801737187.5,-26.63377
2801737343.75,-26.62982
2801737500.0,-26.6335
2801737656.25,-26.63148
2801737812.5,-26.63209
2801737968.75,-26.63691
2801738125.0,-26.63481
2801738281.25,-26.63889
2801738437.5,-26.63683
2801738593.75,-26.63829
2801738750.0,-26.64169
2801738906.25,-26.64141
2801739062.5,-26.64219
2801739218.75,-26.64502
2801739375.0,-26.63847
2801739531.25,-26.64153
2801739687.5,-26.64473
2801739843.75,-26.64455
2801740000.0,-26.64435
2801740156.25,-26.64369
2801740312.5,-26.64436
2801740468.75,-26.64714
2801740625.0,-26.64865
2801740781.25,-26.64868
2801740937.5,-26.64658
2801741093.75,-26.65062
2801741250.0,-26.65179
2801741406.25,-26.65227
2801741562.5,-26.6492
2801741718.75,-26.65239
2801741875.0,-26.65309
2801742031.25,-26.65644
2801742187.5,-26.65056
2801742343.75,-26.65583
2801742500.0,-26.65275
2801742656.25,-26.65723
2801742812.5,-26.66152
2801742968.75,-26.65664
2801743125.0,-26.65728
2801743281.25,-26.65894
2801743437.5,-26.65863
2801743593.75,-26.66251
2801743750.0,-26.66402
2801743906.25,-26.66136
2801744062.5,-26.66695
2801744218.75,-26.6641
2801744375.0,-26.66296
2801744531.25,-26.66308
2801744687.5,-26.66544
2801744843.75,-26.66259
2801745000.0,-26.66863
2801745156.25,-26.6665
2801745312.5,-26.66794
2801745468.75,-26.66781
2801745625.0,-26.66751
2801745781.25,-26.67009
2801745937.5,-26.6688
2801746093.75,-26.67402
2801746250.0,-26.67207
2801746406.25,-26.67147
2801746562.5,-26.67403
2801746718.75,-26.67106
2801746875.0,-26.67806
2801747031.25,-26.67715
2801747187.5,-26.67666
2801747343.75,-26.67838
2801747500.0,-26.67668
2801747656.25,-26.67785
2801747812.5,-26.68127
2801747968.75,-26.6806
2801748125.0,-26.67767
2801748281.25,-26.67607
2801748437.5,-26.67925
2801748593.75,-26.68017
2801748750.0,-26.68117
2801748906.25,-26.68366
2801749062.5,-26.68216
2801749218.75,-26.6854
2801749375.0,-26.68652
2801749531.25,-26.68532
2801749687.5,-26.68526
2801749843.75,-26.68727
2801750000.0,-26.68951
2801750156.25,-26.68755
2801750312.5,-26.68856
2801750468.75,-26.69272
2801750625.0,-26.69104
2801750781.25,-26.68777
2801750937.5,-26.69103
2801751093.75,-26.69229
2801751250.0,-26.69232
2801751406.25,-26.69606
2801751562.5,-26.6954
2801751718.75,-26.69697
2801751875.0,-26.69505
2801752031.25,-26.69611
2801752187.5,-26.69727
2801752343.75,-26.6981
2801752500.0,-26.69684
2801752656.25,-26.70128
2801752812.5,-26.70333
2801752968.75,-26.7018
2801753125.0,-26.70273
2801753281.25,-26.70233
2801753437.5,-26.70202
2801753593.75,-26.70273
2801753750.0,-26.70442
2801753906.25,-26.70331
2801754062.5,-26.70417
2801754218.75,-26.70191
2801754375.0,-26.70708
2801754531.25,-26.70734
2801754687.5,-26.71054
2801754843.75,-26.7084
2801755000.0,-26.70789
2801755156.25,-26.70883
2801755312.5,-26.7065
2801755468.75,-26.70963
2801755625.0,-26.70772
2801755781.25,-26.71115
2801755937.5,-26.71278
2801756093.75,-26.71433
2801756250.0,-26.71355
2801756406.25,-26.71507
2801756562.5,-26.71674
2801756718.75,-26.71212
2801756875.0,-26.71645
2801757031.25,-26.71718
2801757187.5,-26.71744
2801757343.75,-26.71866
2801757500.0,-26.71992
2801757656.25,-26.72182
2801757812.5,-26.7183
2801757968.75,-26.72033
2801758125.0,-26.71985
2801758281.25,-26.72475
2801758437.5,-26.72861
2801758593.75,-26.72175
2801758750.0,-26.72443
2801758906.25,-26.7241
2801759062.5,-26.7258
2801759218.75,-26.7284
2801759375.0,-26.72783
2801759531.25,-26.72693
2801759687.5,-26.73038
2801759843.75,-26.73168
2801760000.0,-26.73191
2801760156.25,-26.73068
2801760312.5,-26.73264
2801760468.75,-26.7324
2801760625.0,-26.73328
2801760781.25,-26.73596
2801760937.5,-26.73315
2801761093.75,-26.73598
2801761250.0,-26.73496
2801761406.25,-26.73494
2801761562.5,-26.73911
2801761718.75,-26.73834
2801761875.0,-26.73723
2801762031.25,-26.7358
2801762187.5,-26.73703
2801762343.75,-26.7419
2801762500.0,-26.74121
2801762656.25,-26.73978
2801762812.5,-26.74174
2801762968.75,-26.74354
2801763125.0,-26.74306
2801763281.25,-26.74471
2801763437.5,-26.7471
2801763593.75,-26.74633
2801763750.0,-26.74821
2801763906.25,-26.74773
2801764062.5,-26.75186
2801764218.75,-26.75122
2801764375.0,-26.74892
2801764531.25,-26.74858
2801764687.5,-26.75097
2801764843.75,-26.75066
2801765000.0,-26.75318
2801765156.25,-26.75188
2801765312.5,-26.74982
2801765468.75,-26.7517
2801765625.0,-26.75137
2801765781.25,-26.75109
2801765937.5,-26.75758
2801766093.75,-26.75521
2801766250.0,-26.75678
2801766406.25,-26.75947
2801766562.5,-26.75825
2801766718.75,-26.76088
2801766875.0,-26.75642
2801767031.25,-26.76025
2801767187.5,-26.76263
2801767343.75,-26.76111
2801767500.0,-26.7656
2801767656.25,-26.76146
2801767812.5,-26.76232
2801767968.75,-26.76137
2801768125.0,-26.76345
2801768281.25,-26.76866
2801768437.5,-26.76627
2801768593.75,-26.76814
2801768750.0,-26.76943
2801768906.25,-26.77135
2801769062.5,-26.76854
2801769218.75,-26.77259
2801769375.0,-26.76647
2801769531.25,-26.76842
2801769687.5,-26.77173
2801769843.75,-26.77649
2801770000.0,-26.77211
2801770156.25,-26.7754
2801770312.5,-26.77499
2801770468.75,-26.77329
2801770625.0,-26.7762
2801770781.25,-26.77878
2801770937.5,-26.77391
2801771093.75,-26.77573
2801771250.0,-26.77869
2801771406.25,-26.77217
2801771562.5,-26.78109
2801771718.75,-26.78124
2801771875.0,-26.78151
2801772031.25,-26.78082
2801772187.5,-26.78107
2801772343.75,-26.78241
2801772500.0,-26.78621
2801772656.25,-26.78392
2801772812.5,-26.78409
2801772968.75,-26.78407
2801773125.0,-26.78567
2801773281.25,-26.79121
2801773437.5,-26.78328
2801773593.75,-26.78665
2801773750.0,-26.78677
2801773906.25,-26.78997
2801774062.5,-26.78862
2801774218.75,-26.78876
2801774375.0,-26.79049
2801774531.25,-26.791
2801774687.5,-26.79346
2801774843.75,-26.79215
2801775000.0,-26.79309
2801775156.25,-26.79137
2801775312.5,-26.7981
2801775468.75,-26.79397
2801775625.0,-26.79728
2801775781.25,-26.79782
2801775937.5,-26.79591
2801776093.75,-26.79774
2801776250.0,-26.7971
2801776406.25,-26.80281
2801776562.5,-26.80098
2801776718.75,-26.79569
2801776875.0,-26.80126
2801777031.25,-26.80179
2801777187.5,-26.8086
2801777343.75,-26.80416
2801777500.0,-26.80396
2801777656.25,-26.80092
2801777812.5,-26.80573
2801777968.75,-26.80638
2801778125.0,-26.80824
2801778281.25,-26.81373
2801778437.5,-26.8055
2801778593.75,-26.812
2801778750.0,-26.80939
2801778906.25,-26.80788
2801779062.5,-26.80993
2801779218.75,-26.81576
2801779375.0,-26.81116
2801779531.25,-26.81103
2801779687.5,-26.81493
2801779843.75,-26.81526
2801780000.0,-26.81609
2801780156.25,-26.81429
2801780312.5,-26.81812
2801780468.75,-26.81976
2801780625.0,-26.81814
2801780781.25,-26.81782
2801780937.5,-26.81756
2801781093.75,-26.8188
2801781250.0,-26.82247
2801781406.25,-26.8203
2801781562.5,-26.82152
2801781718.75,-26.82375
2801781875.0,-26.81988
2801782031.25,-26.82301
2801782187.5,-26.82337
2801782343.75,-26.82391
2801782500.0,-26.82614
2801782656.25,-26.82478
2801782812.5,-26.82737
2801782968.75,-26.82688
2801783125.0,-26.83235
2801783281.25,-26.83129
2801783437.5,-26.83058
2801783593.75,-26.83053
2801783750.0,-26.82839
2801783906.25,-26.83237
2801784062.5,-26.83421
2801784218.75,-26.83677
2801784375.0,-26.83171
2801784531.25,-26.83479
2801784687.5,-26.83349
2801784843.75,-26.83283
2801785000.0,-26.8336
2801785156.25,-26.83278
2801785312.5,-26.837
2801785468.75,-26.8361
2801785625.0,-26.83672
2801785781.25,-26.84235
2801785937.5,-26.83822
2801786093.75,-26.84186
2801786250.0,-26.84245
2801786406.25,-26.84469
2801786562.5,-26.84311
2801786718.75,-26.84373
2801786875.0,-26.84195
2801787031.25,-26.84719
2801787187.5,-26.84063
2801787343.75,-26.84462
2801787500.0,-26.84885
2801787656.25,-26.84597
2801787812.5,-26.84432
2801787968.75,-26.84704
2801788125.0,-26.84873
2801788281.25,-26.85156
2801788437.5,-26.85042
2801788593.75,-26.85004
2801788750.0,-26.85254
2801788906.25,-26.85802
2801789062.5,-26.85003
2801789218.75,-26.85277
2801789375.0,-26.85262
2801789531.25,-26.85442
2801789687.5,-26.85423
2801789843.75,-26.85247
2801790000.0,-26.85747
2801790156.25,-26.85792
2801790312.5,-26.85945
2801790468.75,-26.85827
2801790625.0,-26.86239
2801790781.25,-26.86067
2801790937.5,-26.85619
2801791093.75,-26.86102
2801791250.0,-26.86439
2801791406.25,-26.86339
2801791562.5,-26.86586
2801791718.75,-26.86681
2801791875.0,-26.86653
2801792031.25,-26.86745
2801792187.5,-26.8669
2801792343.75,-26.86919
2801792500.0,-26.86962
2801792656.25,-26.86772
2801792812.5,-26.87007
2801792968.75,-26.86401
2801793125.0,-26.86942
2801793281.25,-26.87111
2801793437.5,-26.87121
2801793593.75,-26.87328
2801793750.0,-26.87202
2801793906.25,-26.87261
2801794062.5,-26.8745
2801794218.75,-26.87656
2801794375.0,-26.87835
2801794531.25,-26.87818
2801794687.5,-26.87341
2801794843.75,-26.87763
2801795000.0,-26.87974
2801795156.25,-26.88017
2801795312.5,-26.87958
2801795468.75,-26.87782
2801795625.0,-26.88215
2801795781.25,-26.8812
2801795937.5,-26.88572
2801796093.75,-26.88091
2801796250.0,-26.88375
2801796406.25,-26.88503
2801796562.5,-26.88553
2801796718.75,-26.89
2801796875.0,-26.88584
2801797031.25,-26.88663
2801797187.5,-26.88998
2801797343.75,-26.88801
2801797500.0,-26.88623
2801797656.25,-26.88786
2801797812.5,-26.88853
2801797968.75,-26.88936
2801798125.0,-26.89066
2801798281.25,-26.89721
2801798437.5,-26.89295
2801798593.75,-26.8914
2801798750.0,-26.89419
2801798906.25,-26.89381
2801799062.5,-26.89524
2801799218.75,-26.89947
2801799375.0,-26.89934
2801799531.25,-26.89922
2801799687.5,-26.89682
2801799843.75,-26.89898
2801800000.0,-26.89725
2801800156.25,-26.90158
2801800312.5,-26.90007
2801800468.75,-26.90056
2801800625.0,-26.90171
2801800781.25,-26.90314
2801800937.5,-26.90334
2801801093.75,-26.89901
2801801250.0,-26.9078
2801801406.25,-26.91031
2801801562.5,-26.9003
2801801718.75,-26.90578
2801801875.0,-26.90452
2801802031.25,-26.91096
2801802187.5,-26.90879
2801802343.75,-26.91023
2801802500.0,-26.91154
2801802656.25,-26.90846
2801802812.5,-26.91199
2801802968.75,-26.91499
2801803125.0,-26.91189
2801803281.25,-26.91586
2801803437.5,-26.91213
2801803593.75,-26.91526
2801803750.0,-26.91726
2801803906.25,-26.91333
2801804062.5,-26.91365
2801804218.75,-26.9153
2801804375.0,-26.91771
2801804531.25,-26.92317
2801804687.5,-26.92034
2801804843.75,-26.92016
2801805000.0,-26.91703
2801805156.25,-26.91678
2801805312.5,-26.92042
2801805468.75,-26.92044
2801805625.0,-26.92007
2801805781.25,-26.92321
2801805937.5,-26.92608
2801806093.75,-26.92727
2801806250.0,-26.92321
2801806406.25,-26.92459
2801806562.5,-26.92779
2801806718.75,-26.92934
2801806875.0,-26.92805
2801807031.25,-26.9299
2801807187.5,-26.92847
2801807343.75,-26.93085
2801807500.0,-26.93125
2801807656.25,-26.92988
2801807812.5,-26.93031
2801807968.75,-26.93298
2801808125.0,-26.93231
2801808281.25,-26.93695
2801808437.5,-26.93404
2801808593.75,-26.93543
2801808750.0,-26.93218
2801808906.25,-26.9383
2801809062.5,-26.93667
2801809218.75,-26.9366
2801809375.0,-26.93949
2801809531.25,-26.93855
2801809687.5,-26.93728
2801809843.75,-26.93917
2801810000.0,-26.94226
2801810156.25,-26.94385
2801810312.5,-26.93965
2801810468.75,-26.94221
2801810625.0,-26.94647
2801810781.25,-26.94264
2801810937.5,-26.94603
2801811093.75,-26.9498
2801811250.0,-26.94358
2801811406.25,-26.94753
2801811562.5,-26.94798
2801811718.75,-26.94827
2801811875.0,-26.9471
2801812031.25,-26.95227
2801812187.5,-26.9495
2801812343.75,-26.95152
2801812500.0,-26.95082
2801812656.25,-26.95204
2801812812.5,-26.95277
2801812968.75,-26.95141
2801813125.0,-26.95332
2801813281.25,-26.95369
2801813437.5,-26.95497
2801813593.75,-26.9538
2801813750.0,-26.95347
2801813906.25,-26.95579
2801814062.5,-26.96015
2801814218.75,-26.9603
2801814375.0,-26.96008
2801814531.25,-26.95839
2801814687.5,-26.96091
2801814843.75,-26.96009
2801815000.0,-26.96395
2801815156.25,-26.95858
2801815312.5,-26.96358
2801815468.75,-26.96438
2801815625.0,-26.96632
2801815781.25,-26.96554
2801815937.5,-26.96482
2801816093.75,-26.96789
2801816250.0,-26.96909
2801816406.25,-26.96804
2801816562.5,-26.96801
2801816718.75,-26.96636
2801816875.0,-26.96876
2801817031.25,-26.9741
2801817187.5,-26.97067
2801817343.75,-26.9704
2801817500.0,-26.97383
2801817656.25,-26.97395
2801817812.5,-26.97395
2801817968.75,-26.97305
2801818125.0,-26.97639
2801818281.25,-26.97437
2801818437.5,-26.97582
2801818593.75,-26.97794
2801818750.0,-26.97901
2801818906.25,-26.97626
2801819062.5,-26.98037
2801819218.75,-26.97705
2801819375.0,-26.97522
2801819531.25,-26.98199
2801819687.5,-26.97867
2801819843.75,-26.98063
2801820000.0,-26.98354
2801820156.25,-26.98509
2801820312.5,-26.98295
2801820468.75,-26.98635
2801820625.0,-26.97949
2801820781.25,-26.98724
2801820937.5,-26.98783
2801821093.75,-26.98827
2801821250.0,-26.98707
2801821406.25,-26.98834
2801821562.5,-26.99154
2801821718.75,-26.99144
2801821875.0,-26.98823
2801822031.25,-26.99301
2801822187.5,-26.98665
2801822343.75,-26.99042
2801822500.0,-26.99282
2801822656.25,-26.99416
2801822812.5,-26.99351
2801822968.75,-26.99613
2801823125.0,-26.99402
2801823281.25,-26.99415
2801823437.5,-26.99384
2801823593.75,-26.99566
2801823750.0,-26.99929
2801823906.25,-26.99935
2801824062.5,-26.99644
2801824218.75,-26.99731
2801824375.0,-26.99964
2801824531.25,-27.00315
2801824687.5,-26.99881
2801824843.75,-27.00301
2801825000.0,-27.0057
2801825156.25,-27.00223
2801825312.5,-27.00508
2801825468.75,-27.00657
2801825625.0,-27.0044
2801825781.25,-27.00797
2801825937.5,-27.00573
2801826093.75,-27.00448
2801826250.0,-27.00923
2801826406.25,-27.00882
2801826562.5,-27.00706
2801826718.75,-27.00954
2801826875.0,-27.00983
2801827031.25,-27.01255
2801827187.5,-27.00991
2801827343.75,-27.00972
2801827500.0,-27.01155
2801827656.25,-27.01607
2801827812.5,-27.01363
2801827968.75,-27.01341
2801828125.0,-27.0174
2801828281.25,-27.01577
2801828437.5,-27.01866
2801828593.75,-27.01648
2801828750.0,-27.0198
2801828906.25,-27.01682
2801829062.5,-27.01743
2801829218.75,-27.01978
2801829375.0,-27.02121
2801829531.25,-27.02212
2801829687.5,-27.02113
2801829843.75,-27.02358
2801830000.0,-27.02505
2801830156.25,-27.02672
2801830312.5,-27.02668
2801830468.75,-27.02612
2801830625.0,-27.02663
2801830781.25,-27.02834
2801830937.5,-27.02756
2801831093.75,-27.0306
2801831250.0,-27.02989
2801831406.25,-27.03054
2801831562.5,-27.03072
2801831718.75,-27.03297
2801831875.0,-27.03215
2801832031.25,-27.02878
2801832187.5,-27.03448
2801832343.75,-27.03183
2801832500.0,-27.03158
2801832656.25,-27.03563
2801832812.5,-27.03739
2801832968.75,-27.03565
2801833125.0,-27.03798
2801833281.25,-27.03535
2801833437.5,-27.03657
2801833593.75,-27.04036
2801833750.0,-27.03749
2801833906.25,-27.0412
2801834062.5,-27.03939
2801834218.75,-27.04332
2801834375.0,-27.04504
2801834531.25,-27.04352
2801834687.5,-27.04497
2801834843.75,-27.04557
2801835000.0,-27.04249
2801835156.25,-27.04488
2801835312.5,-27.04612
2801835468.75,-27.04421
2801835625.0,-27.04462
2801835781.25,-27.05158
2801835937.5,-27.04855
2801836093.75,-27.04966
2801836250.0,-27.05097
2801836406.25,-27.04966
2801836562.5,-27.05065
2801836718.75,-27.04826
2801836875.0,-27.05679
2801837031.25,-27.05547
2801837187.5,-27.04933
2801837343.75,-27.05577
2801837500.0,-27.05489
2801837656.25,-27.05285
2801837812.5,-27.05779
2801837968.75,-27.06127
2801838125.0,-27.05473
2801838281.25,-27.05947
2801838437.5,-27.05939
2801838593.75,-27.05783
2801838750.0,-27.05996
2801838906.25,-27.06489
2801839062.5,-27.06205
2801839218.75,-27.06105
2801839375.0,-27.06557
2801839531.25,-27.06293
2801839687.5,-27.06188
2801839843.75,-27.06094
2801840000.0,-27.06387
2801840156.25,-27.06615
2801840312.5,-27.06586
2801840468.75,-27.06679
2801840625.0,-27.06501
2801840781.25,-27.06809
2801840937.5,-27.06988
2801841093.75,-27.06767
2801841250.0,-27.06903
2801841406.25,-27.07545
2801841562.5,-27.07223
2801841718.75,-27.06747
2801841875.0,-27.07459
2801842031.25,-27.0712
2801842187.5,-27.07178
2801842343.75,-27.07305
2801842500.0,-27.07573
2801842656.25,-27.0768
2801842812.5,-27.07445
2801842968.75,-27.07357
2801843125.0,-27.07825
2801843281.25,-27.07676
2801843437.5,-27.07911
2801843593.75,-27.08403
2801843750.0,-27.08131
2801843906.25,-27.07898
2801844062.5,-27.08102
2801844218.75,-27.07887
2801844375.0,-27.0817
2801844531.25,-27.07961
2801844687.5,-27.08422
2801844843.75,-27.08583
2801845000.0,-27.08307
2801845156.25,-27.08835
2801845312.5,-27.08781
2801845468.75,-27.08825
2801845625.0,-27.08498
2801845781.25,-27.08744
2801845937.5,-27.09092
2801846093.75,-27.08795
2801846250.0,-27.09341
2801846406.25,-27.09093
2801846562.5,-27.08815
2801846718.75,-27.09003
2801846875.0,-27.09086
2801847031.25,-27.09636
2801847187.5,-27.09825
2801847343.75,-27.09464
2801847500.0,-27.09351
2801847656.25,-27.09857
2801847812.5,-27.09712
2801847968.75,-27.09991
2801848125.0,-27.09992
2801848281.25,-27.09944
2801848437.5,-27.10347
2801848593.75,-27.10184
2801848750.0,-27.10258
2801848906.25,-27.10175
2801849062.5,-27.10135
2801849218.75,-27.103
2801849375.0,-27.09926
2801849531.25,-27.10074
2801849687.5,-27.10467
2801849843.75,-27.09933
2801850000.0,-27.10889
2801850156.25,-27.10526
2801850312.5,-27.10689
2801850468.75,-27.10558
2801850625.0,-27.11102
2801850781.25,-27.10765
2801850937.5,-27.10754
2801851093.75,-27.10846
2801851250.0,-27.11039
2801851406.25,-27.10717
2801851562.5,-27.11212
2801851718.75,-27.11339
2801851875.0,-27.11578
2801852031.25,-27.11599
2801852187.5,-27.11535
2801852343.75,-27.11204
2801852500.0,-27.11594
2801852656.25,-27.11684
2801852812.5,-27.11424
2801852968.75,-27.11971
2801853125.0,-27.11792
2801853281.25,-27.11671
2801853437.5,-27.11983
2801853593.75,-27.11884
2801853750.0,-27.12157
2801853906.25,-27.12124
2801854062.5,-27.12343
2801854218.75,-27.12356
2801854375.0,-27.12099
2801854531.25,-27.12488
2801854687.5,-27.12626
2801854843.75,-27.12675
2801855000.0,-27.12243
2801855156.25,-27.12715
2801855312.5,-27.12958
2801855468.75,-27.12945
2801855625.0,-27.12996
2801855781.25,-27.12773
2801855937.5,-27.1287
2801856093.75,-27.12873
2801856250.0,-27.13231
2801856406.25,-27.13207
2801856562.5,-27.12904
2801856718.75,-27.13003
2801856875.0,-27.13163
2801857031.25,-27.1375
2801857187.5,-27.1372
2801857343.75,-27.13574
2801857500.0,-27.13206
2801857656.25,-27.1376
2801857812.5,-27.1363
2801857968.75,-27.14008
2801858125.0,-27.13884
2801858281.25,-27.14123
2801858437.5,-27.13726
2801858593.75,-27.1436
2801858750.0,-27.14153
2801858906.25,-27.14473
2801859062.5,-27.1407
2801859218.75,-27.14135
2801859375.0,-27.14263
2801859531.25,-27.14518
2801859687.5,-27.14268
2801859843.75,-27.14698
2801860000.0,-27.14272
2801860156.25,-27.14484
2801860312.5,-27.14876
2801860468.75,-27.14958
2801860625.0,-27.14866
2801860781.25,-27.15039
2801860937.5,-27.1518
2801861093.75,-27.14733
2801861250.0,-27.14927
2801861406.25,-27.14995
2801861562.5,-27.15277
2801861718.75,-27.15709
2801861875.0,-27.15488
2801862031.25,-27.15431
2801862187.5,-27.15427
2801862343.75,-27.15511
2801862500.0,-27.15823
2801862656.25,-27.15431
2801862812.5,-27.15856
2801862968.75,-27.15871
2801863125.0,-27.16011
2801863281.25,-27.15979
2801863437.5,-27.16228
2801863593.75,-27.15904
2801863750.0,-27.16245
2801863906.25,-27.16534
2801864062.5,-27.16774
2801864218.75,-27.16144
2801864375.0,-27.16236
2801864531.25,-27.162
2801864687.5,-27.16687
2801864843.75,-27.16441
2801865000.0,-27.16918
2801865156.25,-27.16727
2801865312.5,-27.16893
2801865468.75,-27.16828
2801865625.0,-27.16736
2801865781.25,-27.17117
2801865937.5,-27.17048
2801866093.75,-27.17344
2801866250.0,-27.1753
2801866406.25,-27.17697
2801866562.5,-27.17246
2801866718.75,-27.17356
2801866875.0,-27.17669
2801867031.25,-27.17805
2801867187.5,-27.17614
2801867343.75,-27.1855
2801867500.0,-27.17781
2801867656.25,-27.17765
2801867812.5,-27.17669
2801867968.75,-27.17506
2801868125.0,-27.18038
2801868281.25,-27.17872
2801868437.5,-27.1772
2801868593.75,-27.17974
2801868750.0,-27.18516
2801868906.25,-27.17984
2801869062.5,-27.18159
2801869218.75,-27.18333
2801869375.0,-27.18225
2801869531.25,-27.18646
2801869687.5,-27.18826
2801869843.75,-27.18897
2801870000.0,-27.19141
2801870156.25,-27.18843
2801870312.5,-27.18404
2801870468.75,-27.18818
2801870625.0,-27.18781
2801870781.25,-27.18888
2801870937.5,-27.19017
2801871093.75,-27.19324
2801871250.0,-27.18915
2801871406.25,-27.19171
2801871562.5,-27.19475
2801871718.75,-27.19159
2801871875.0,-27.19268
2801872031.25,-27.19458
2801872187.5,-27.19464
2801872343.75,-27.19848
2801872500.0,-27.19864
2801872656.25,-27.19923
2801872812.5,-27.20203
2801872968.75,-27.19874
2801873125.0,-27.20269
2801873281.25,-27.20157
2801873437.5,-27.20176
2801873593.75,-27.20261
2801873750.0,-27.20437
2801873906.25,-27.20131
2801874062.5,-27.20326
2801874218.75,-27.20385
2801874375.0,-27.20479
2801874531.25,-27.20167
2801874687.5,-27.20489
2801874843.75,-27.20562
2801875000.0,-27.20683
2801875156.25,-27.20603
2801875312.5,-27.20938
2801875468.75,-27.21062
2801875625.0,-27.20998
2801875781.25,-27.20966
2801875937.5,-27.21222
2801876093.75,-27.21387
2801876250.0,-27.2115
2801876406.25,-27.21381
2801876562.5,-27.21638
2801876718.75,-27.2127
2801876875.0,-27.21261
2801877031.25,-27.21717
2801877187.5,-27.2145
2801877343.75,-27.22109
2801877500.0,-27.2155
2801877656.25,-27.21184
2801877812.5,-27.21839
2801877968.75,-27.22131
2801878125.0,-27.22384
2801878281.25,-27.21834
2801878437.5,-27.21792
2801878593.75,-27.22657
2801878750.0,-27.2231
2801878906.25,-27.22205
2801879062.5,-27.22292
2801879218.75,-27.22845
2801879375.0,-27.22342
2801879531.25,-27.22744
2801879687.5,-27.23064
2801879843.75,-27.22561
2801880000.0,-27.22715
2801880156.25,-27.22841
2801880312.5,-27.22993
2801880468.75,-27.2289
2801880625.0,-27.23047
2801880781.25,-27.23088
2801880937.5,-27.23266
2801881093.75,-27.23575
2801881250.0,-27.23225
2801881406.25,-27.23455
2801881562.5,-27.2332
2801881718.75,-27.23284
2801881875.0,-27.23486
2801882031.25,-27.2343
2801882187.5,-27.23232
2801882343.75,-27.2375
2801882500.0,-27.23891
2801882656.25,-27.24018
2801882812.5,-27.23755
2801882968.75,-27.23528
2801883125.0,-27.23779
2801883281.25,-27.24179
2801883437.5,-27.24233
2801883593.75,-27.24496
2801883750.0,-27.24232
2801883906.25,-27.24194
2801884062.5,-27.24473
2801884218.75,-27.23952
2801884375.0,-27.24311
2801884531.25,-27.24552
2801884687.5,-27.24299
2801884843.75,-27.24541
2801885000.0,-27.25035
2801885156.25,-27.24974
2801885312.5,-27.24941
2801885468.75,-27.24785
2801885625.0,-27.24798
2801885781.25,-27.2527
2801885937.5,-27.25364
2801886093.75,-27.25315
2801886250.0,-27.25304
2801886406.25,-27.25601
2801886562.5,-27.25422
2801886718.75,-27.25126
2801886875.0,-27.25176
2801887031.25,-27.25902
2801887187.5,-27.25651
2801887343.75,-27.25489
2801887500.0,-27.25944
2801887656.25,-27.26177
2801887812.5,-27.25949
2801887968.75,-27.26114
2801888125.0,-27.2596
2801888281.25,-27.25914
2801888437.5,-27.26436
2801888593.75,-27.25889
2801888750.0,-27.26202
2801888906.25,-27.26458
2801889062.5,-27.26804
2801889218.75,-27.26614
2801889375.0,-27.26177
2801889531.25,-27.26063
2801889687.5,-27.26601
2801889843.75,-27.26832
2801890000.0,-27.26856
2801890156.25,-27.26997
2801890312.5,-27.27105
2801890468.75,-27.26784
2801890625.0,-27.26779
2801890781.25,-27.27246
2801890937.5,-27.27392
2801891093.75,-27.27165
2801891250.0,-27.27274
2801891406.25,-27.27347
2801891562.5,-27.2729
2801891718.75,-27.27402
2801891875.0,-27.27748
2801892031.25,-27.2729
2801892187.5,-27.27242
2801892343.75,-27.27589
2801892500.0,-27.27733
2801892656.25,-27.27393
2801892812.5,-27.27672
2801892968.75,-27.28114
2801893125.0,-27.27864
2801893281.25,-27.2828
2801893437.5,-27.28198
2801893593.75,-27.27819
2801893750.0,-27.28536
2801893906.25,-27.28473
2801894062.5,-27.28363
2801894218.75,-27.2816
2801894375.0,-27.28285
2801894531.25,-27.28461
2801894687.5,-27.28979
2801894843.75,-27.28967
2801895000.0,-27.2885
2801895156.25,-27.28541
2801895312.5,-27.28875
2801895468.75,-27.28814
2801895625.0,-27.28926
2801895781.25,-27.29386
2801895937.5,-27.28899
2801896093.75,-27.29177
2801896250.0,-27.28946
2801896406.25,-27.2889
2801896562.5,-27.29164
2801896718.75,-27.29667
2801896875.0,-27.29595
2801897031.25,-27.2991
2801897187.5,-27.29544
2801897343.75,-27.29482
2801897500.0,-27.29745
2801897656.25,-27.29589
2801897812.5,-27.30062
2801897968.75,-27.2991
2801898125.0,-27.29897
2801898281.25,-27.30054
2801898437.5,-27.30021
2801898593.75,-27.30602
2801898750.0,-27.30609
2801898906.25,-27.30707
2801899062.5,-27.30544
2801899218.75,-27.30515
2801899375.0,-27.30272
2801899531.25,-27.30423
2801899687.5,-27.30162
2801899843.75,-27.30718
2801900000.0,-27.30508
2801900156.25,-27.30941
2801900312.5,-27.31075
2801900468.75,-27.31461
2801900625.0,-27.30829
2801900781.25,-27.31016
2801900937.5,-27.31429
2801901093.75,-27.30826
2801901250.0,-27.31378
2801901406.25,-27.31241
2801901562.5,-27.31624
2801901718.75,-27.31349
2801901875.0,-27.31985
2801902031.25,-27.31819
2801902187.5,-27.3168
2801902343.75,-27.31734
2801902500.0,-27.31915
2801902656.25,-27.3175
2801902812.5,-27.31616
2801902968.75,-27.31906
2801903125.0,-27.32181
2801903281.25,-27.32283
2801903437.5,-27.32354
2801903593.75,-27.32045
2801903750.0,-27.32149
2801903906.25,-27.32238
2801904062.5,-27.32596
2801904218.75,-27.32655
2801904375.0,-27.32641
2801904531.25,-27.326
2801904687.5,-27.32677
2801904843.75,-27.32798
2801905000.0,-27.32665
2801905156.25,-27.32911
2801905312.5,-27.32788
2801905468.75,-27.32603
2801905625.0,-27.3322
2801905781.25,-27.33112
2801905937.5,-27.3283
2801906093.75,-27.33587
2801906250.0,-27.3332
2801906406.25,-27.33495
2801906562.5,-27.33355
2801906718.75,-27.33078
2801906875.0,-27.33321
2801907031.25,-27.33497
2801907187.5,-27.33829
2801907343.75,-27.33494
2801907500.0,-27.33399
2801907656.25,-27.33651
2801907812.5,-27.3358
2801907968.75,-27.34146
2801908125.0,-27.33885
2801908281.25,-27.33719
2801908437.5,-27.3399
2801908593.75,-27.34033
2801908750.0,-27.33944
2801908906.25,-27.34027
2801909062.5,-27.34528
2801909218.75,-27.3435
2801909375.0,-27.34305
2801909531.25,-27.34641
2801909687.5,-27.34676
2801909843.75,-27.35207
2801910000.0,-27.34499
2801910156.25,-27.34902
2801910312.5,-27.34801
2801910468.75,-27.34537
2801910625.0,-27.34769
2801910781.25,-27.35116
2801910937.5,-27.35158
2801911093.75,-27.35382
2801911250.0,-27.35378
2801911406.25,-27.34856
2801911562.5,-27.3555
2801911718.75,-27.35177
2801911875.0,-27.35133
2801912031.25,-27.35547
2801912187.5,-27.35671
2801912343.75,-27.35455
2801912500.0,-27.35975
2801912656.25,-27.35496
2801912812.5,-27.35956
2801912968.75,-27.35936
2801913125.0,-27.35998
2801913281.25,-27.3628
2801913437.5,-27.35932
2801913593.75,-27.36293
2801913750.0,-27.36037
2801913906.25,-27.36079
2801914062.5,-27.3633
2801914218.75,-27.36417
2801914375.0,-27.36418
2801914531.25,-27.36618
2801914687.5,-27.36268
2801914843.75,-27.36116
2801915000.0,-27.36732
2801915156.25,-27.3672
2801915312.5,-27.36548
2801915468.75,-27.36884
2801915625.0,-27.37269
2801915781.25,-27.37186
2801915937.5,-27.37436
2801916093.75,-27.36852
2801916250.0,-27.37527
2801916406.25,-27.37383
2801916562.5,-27.37613
2801916718.75,-27.37517
2801916875.0,-27.37635
2801917031.25,-27.37803
2801917187.5,-27.37647
2801917343.75,-27.37708
2801917500.0,-27.3782
2801917656.25,-27.37893
2801917812.5,-27.37774
2801917968.75,-27.37765
2801918125.0,-27.37864
2801918281.25,-27.37791
2801918437.5,-27.38146
2801918593.75,-27.38533
2801918750.0,-27.38005
2801918906.25,-27.38256
2801919062.5,-27.38316
2801919218.75,-27.38674
2801919375.0,-27.38815
2801919531.25,-27.38955
2801919687.5,-27.38331
2801919843.75,-27.37926
2801920000.0,-27.38461
2801920156.25,-27.38695
2801920312.5,-27.39037
2801920468.75,-27.39141
2801920625.0,-27.38648
2801920781.25,-27.38927
2801920937.5,-27.38931
2801921093.75,-27.38673
2801921250.0,-27.38846
2801921406.25,-27.39618
2801921562.5,-27.39037
2801921718.75,-27.38896
2801921875.0,-27.39666
2801922031.25,-27.39779
2801922187.5,-27.39559
2801922343.75,-27.39607
2801922500.0,-27.39997
2801922656.25,-27.39608
2801922812.5,-27.39601
2801922968.75,-27.40257
2801923125.0,-27.39725
2801923281.25,-27.40152
2801923437.5,-27.39816
2801923593.75,-27.40225
2801923750.0,-27.39791
2801923906.25,-27.40177
2801924062.5,-27.40201
2801924218.75,-27.39794
2801924375.0,-27.4065
2801924531.25,-27.40155
2801924687.5,-27.4074
2801924843.75,-27.40738
2801925000.0,-27.40562
2801925156.25,-27.40555
2801925312.5,-27.40661
2801925468.75,-27.40654
2801925625.0,-27.41081
2801925781.25,-27.40722
2801925937.5,-27.40882
2801926093.75,-27.41094
2801926250.0,-27.41183
2801926406.25,-27.40997
2801926562.5,-27.41372
2801926718.75,-27.41172
2801926875.0,-27.41171
2801927031.25,-27.41412
2801927187.5,-27.41222
2801927343.75,-27.41794
2801927500.0,-27.41644
2801927656.25,-27.41545
2801927812.5,-27.4182
2801927968.75,-27.41868
2801928125.0,-27.41781
2801928281.25,-27.42009
2801928437.5,-27.42216
2801928593.75,-27.42062
2801928750.0,-27.42325
2801928906.25,-27.42315
2801929062.5,-27.42425
2801929218.75,-27.42289
2801929375.0,-27.42104
2801929531.25,-27.42776
2801929687.5,-27.42584
2801929843.75,-27.42565
2801930000.0,-27.42654
2801930156.25,-27.42851
2801930312.5,-27.43098
2801930468.75,-27.42928
2801930625.0,-27.43098
2801930781.25,-27.43078
2801930937.5,-27.43061
2801931093.75,-27.43068
2801931250.0,-27.42756
2801931406.25,-27.43257
2801931562.5,-27.43245
2801931718.75,-27.43264
2801931875.0,-27.43711
2801932031.25,-27.43345
2801932187.5,-27.43192
2801932343.75,-27.43758
2801932500.0,-27.43693
2801932656.25,-27.43634
2801932812.5,-27.43543
2801932968.75,-27.43834
2801933125.0,-27.43878
2801933281.25,-27.44193
2801933437.5,-27.44308
2801933593.75,-27.43971
2801933750.0,-27.43744
2801933906.25,-27.44425
2801934062.5,-27.44039
2801934218.75,-27.44387
2801934375.0,-27.44324
2801934531.25,-27.4404
2801934687.5,-27.44689
2801934843.75,-27.44597
2801935000.0,-27.44532
2801935156.25,-27.44602
2801935312.5,-27.44844
2801935468.75,-27.44961
2801935625.0,-27.44921
2801935781.25,-27.44793
2801935937.5,-27.44554
2801936093.75,-27.45222
2801936250.0,-27.45258
2801936406.25,-27.44675
2801936562.5,-27.451
2801936718.75,-27.44763
2801936875.0,-27.45634
2801937031.25,-27.45479
2801937187.5,-27.45258
2801937343.75,-27.45244
2801937500.0,-27.45489
2801937656.25,-27.45422
2801937812.5,-27.45916
2801937968.75,-27.45486
2801938125.0,-27.45837
2801938281.25,-27.45762
2801938437.5,-27.45788
2801938593.75,-27.45591
2801938750.0,-27.45909
2801938906.25,-27.4639
2801939062.5,-27.46291
2801939218.75,-27.45944
2801939375.0,-27.46351
2801939531.25,-27.46405
2801939687.5,-27.46537
2801939843.75,-27.46899
2801940000.0,-27.46524
2801940156.25,-27.46319
2801940312.5,-27.4685
2801940468.75,-27.46414
2801940625.0,-27.46719
2801940781.25,-27.47046
2801940937.5,-27.4684
2801941093.75,-27.46968
2801941250.0,-27.47004
2801941406.25,-27.47189
2801941562.5,-27.47565
2801941718.75,-27.47349
2801941875.0,-27.47664
2801942031.25,-27.47078
2801942187.5,-27.48007
2801942343.75,-27.47539
2801942500.0,-27.47952
2801942656.25,-27.47789
2801942812.5,-27.47753
2801942968.75,-27.47371
2801943125.0,-27.47685
2801943281.25,-27.47803
2801943437.5,-27.4788
2801943593.75,-27.48131
2801943750.0,-27.47931
2801943906.25,-27.4803
2801944062.5,-27.48425
2801944218.75,-27.48315
2801944375.0,-27.48454
2801944531.25,-27.48233
2801944687.5,-27.48101
2801944843.75,-27.48603
2801945000.0,-27.48078
2801945156.25,-27.48663
2801945312.5,-27.48642
2801945468.75,-27.48473
2801945625.0,-27.48334
2801945781.25,-27.48737
2801945937.5,-27.48794
2801946093.75,-27.48765
2801946250.0,-27.48839
2801946406.25,-27.49098
2801946562.5,-27.49052
2801946718.75,-27.49577
2801946875.0,-27.49523
2801947031.25,-27.4928
2801947187.5,-27.49232
2801947343.75,-27.49396
2801947500.0,-27.49219
2801947656.25,-27.49129
2801947812.5,-27.49728
2801947968.75,-27.49827
2801948125.0,-27.49818
2801948281.25,-27.49554
2801948437.5,-27.49895
2801948593.75,-27.49749
2801948750.0,-27.49944
2801948906.25,-27.49989
2801949062.5,-27.50082
2801949218.75,-27.5022
2801949375.0,-27.50276
2801949531.25,-27.50225
2801949687.5,-27.49795
2801949843.75,-27.50408
2801950000.0,-27.50876
2801950156.25,-27.50277
2801950312.5,-27.50829
2801950468.75,-27.50381
2801950625.0,-27.50464
2801950781.25,-27.50547
2801950937.5,-27.51114
2801951093.75,-27.50799
2801951250.0,-27.50911
2801951406.25,-27.51113
2801951562.5,-27.51038
2801951718.75,-27.51568
2801951875.0,-27.50907
2801952031.25,-27.51353
2801952187.5,-27.51024
2801952343.75,-27.51933
2801952500.0,-27.51286
2801952656.25,-27.51323
2801952812.5,-27.51458
2801952968.75,-27.51524
2801953125.0,-27.51793
2801953281.25,-27.51932
2801953437.5,-27.51985
2801953593.75,-27.51751
2801953750.0,-27.51403
2801953906.25,-27.51566
2801954062.5,-27.51938
2801954218.75,-27.52241
2801954375.0,-27.51706
2801954531.25,-27.51959
2801954687.5,-27.52822
2801954843.75,-27.52813
2801955000.0,-27.5239
2801955156.25,-27.52367
2801955312.5,-27.52922
2801955468.75,-27.52504
2801955625.0,-27.52462
2801955781.25,-27.52738
2801955937.5,-27.52976
2801956093.75,-27.52764
2801956250.0,-27.52804
2801956406.25,-27.52963
2801956562.5,-27.53216
2801956718.75,-27.52915
2801956875.0,-27.53025
2801957031.25,-27.53086
2801957187.5,-27.53315
2801957343.75,-27.53257
2801957500.0,-27.53407
2801957656.25,-27.53927
2801957812.5,-27.5358
2801957968.75,-27.53791
2801958125.0,-27.5351
2801958281.25,-27.54214
2801958437.5,-27.53807
2801958593.75,-27.53787
2801958750.0,-27.53551
2801958906.25,-27.54322
2801959062.5,-27.53553
2801959218.75,-27.54092
2801959375.0,-27.54161
2801959531.25,-27.54292
2801959687.5,-27.53979
2801959843.75,-27.54205
2801960000.0,-27.54391
2801960156.25,-27.54253
2801960312.5,-27.54593
2801960468.75,-27.54536
2801960625.0,-27.54669
2801960781.25,-27.54421
2801960937.5,-27.54275
2801961093.75,-27.54549
2801961250.0,-27.54824
2801961406.25,-27.55031
2801961562.5,-27.54992
2801961718.75,-27.55147
2801961875.0,-27.54949
2801962031.25,-27.54857
2801962187.5,-27.55033
2801962343.75,-27.54813
2801962500.0,-27.54848
2801962656.25,-27.55336
2801962812.5,-27.55044
2801962968.75,-27.5548
2801963125.0,-27.55682
2801963281.25,-27.5539
2801963437.5,-27.56085
2801963593.75,-27.55718
2801963750.0,-27.55506
2801963906.25,-27.55818
2801964062.5,-27.55615
2801964218.75,-27.55987
2801964375.0,-27.56043
2801964531.25,-27.56231
2801964687.5,-27.56431
2801964843.75,-27.56217
2801965000.0,-27.56683
2801965156.25,-27.56427
2801965312.5,-27.56138
2801965468.75,-27.56427
2801965625.0,-27.5674
2801965781.25,-27.56335
2801965937.5,-27.56416
2801966093.75,-27.56635
2801966250.0,-27.56441
2801966406.25,-27.56745
2801966562.5,-27.56847
2801966718.75,-27.56837
2801966875.0,-27.57064
2801967031.25,-27.57372
2801967187.5,-27.57275
2801967343.75,-27.56957
2801967500.0,-27.57211
2801967656.25,-27.57026
2801967812.5,-27.57508
2801967968.75,-27.57524
2801968125.0,-27.57108
2801968281.25,-27.57737
2801968437.5,-27.57786
2801968593.75,-27.57664
2801968750.0,-27.57949
2801968906.25,-27.57955
2801969062.5,-27.58034
2801969218.75,-27.58176
2801969375.0,-27.58534
2801969531.25,-27.58055
2801969687.5,-27.5859
2801969843.75,-27.5817
2801970000.0,-27.58226
2801970156.25,-27.58303
2801970312.5,-27.58584
2801970468.75,-27.58719
2801970625.0,-27.58274
2801970781.25,-27.58329
2801970937.5,-27.58053
2801971093.75,-27.58595
2801971250.0,-27.58987
2801971406.25,-27.59058
2801971562.5,-27.5849
2801971718.75,-27.58782
2801971875.0,-27.58907
2801972031.25,-27.59124
2801972187.5,-27.59002
2801972343.75,-27.589
2801972500.0,-27.59284
2801972656.25,-27.59093
2801972812.5,-27.59233
2801972968.75,-27.58979
2801973125.0,-27.59255
2801973281.25,-27.59428
2801973437.5,-27.60049
2801973593.75,-27.59778
2801973750.0,-27.59589
2801973906.25,-27.59842
2801974062.5,-27.5976
2801974218.75,-27.60079
2801974375.0,-27.59974
2801974531.25,-27.59913
2801974687.5,-27.59789
2801974843.75,-27.59925
2801975000.0,-27.59985
2801975156.25,-27.60099
2801975312.5,-27.60477
2801975468.75,-27.59908
2801975625.0,-27.60444
2801975781.25,-27.60586
2801975937.5,-27.6061
2801976093.75,-27.60889
2801976250.0,-27.60843
2801976406.25,-27.60451
2801976562.5,-27.60722
2801976718.75,-27.60859
2801976875.0,-27.61084
2801977031.25,-27.60789
2801977187.5,-27.61031
2801977343.75,-27.61353
2801977500.0,-27.61442
2801977656.25,-27.61211
2801977812.5,-27.61162
2801977968.75,-27.61317
2801978125.0,-27.61095
2801978281.25,-27.61491
2801978437.5,-27.61569
2801978593.75,-27.61502
2801978750.0,-27.61723
2801978906.25,-27.61374
2801979062.5,-27.61769
2801979218.75,-27.61598
2801979375.0,-27.61783
2801979531.25,-27.62065
2801979687.5,-27.62274
2801979843.75,-27.61913
2801980000.0,-27.62196
2801980156.25,-27.62393
2801980312.5,-27.6225
2801980468.75,-27.61873
2801980625.0,-27.62362
2801980781.25,-27.62188
2801980937.5,-27.62607
2801981093.75,-27.62393
2801981250.0,-27.62222
2801981406.25,-27.62754
2801981562.5,-27.62515
2801981718.75,-27.62639
2801981875.0,-27.6255
2801982031.25,-27.62487
2801982187.5,-27.62941
2801982343.75,-27.62608
2801982500.0,-27.63002
2801982656.25,-27.62835
2801982812.5,-27.6288
2801982968.75,-27.63071
2801983125.0,-27.63008
2801983281.25,-27.63195
2801983437.5,-27.6372
2801983593.75,-27.63285
2801983750.0,-27.63636
2801983906.25,-27.63897
2801984062.5,-27.63557
2801984218.75,-27.63687
2801984375.0,-27.63604
2801984531.25,-27.63241
2801984687.5,-27.64191
2801984843.75,-27.63597
2801985000.0,-27.63969
2801985156.25,-27.6381
2801985312.5,-27.63999
2801985468.75,-27.64307
2801985625.0,-27.64354
2801985781.25,-27.64352
2801985937.5,-27.64456
2801986093.75,-27.64449
2801986250.0,-27.64433
2801986406.25,-27.64024
2801986562.5,-27.64262
2801986718.75,-27.64617
2801986875.0,-27.65055
2801987031.25,-27.64889
2801987187.5,-27.64634
2801987343.75,-27.64433
2801987500.0,-27.64817
2801987656.25,-27.65156
2801987812.5,-27.65084
2801987968.75,-27.64592
2801988125.0,-27.64795
2801988281.25,-27.64887
2801988437.5,-27.65004
2801988593.75,-27.65474
2801988750.0,-27.65541
2801988906.25,-27.65307
2801989062.5,-27.65028
2801989218.75,-27.65386
2801989375.0,-27.65506
2801989531.25,-27.66058
2801989687.5,-27.65297
2801989843.75,-27.6576
2801990000.0,-27.66159
2801990156.25,-27.66376
2801990312.5,-27.65963
2801990468.75,-27.65779
2801990625.0,-27.66103
2801990781.25,-27.66285
2801990937.5,-27.66218
2801991093.75,-27.66108
2801991250.0,-27.66878
2801991406.25,-27.66587
2801991562.5,-27.66318
2801991718.75,-27.66215
2801991875.0,-27.67001
2801992031.25,-27.67066
2801992187.5,-27.66687
2801992343.75,-27.66911
2801992500.0,-27.67221
2801992656.25,-27.66589
2801992812.5,-27.67093
2801992968.75,-27.66836
2801993125.0,-27.66933
2801993281.25,-27.67592
2801993437.5,-27.67217
2801993593.75,-27.67077
2801993750.0,-27.67674
2801993906.25,-27.67464
2801994062.5,-27.67825
2801994218.75,-27.67711
2801994375.0,-27.6742
2801994531.25,-27.6797
2801994687.5,-27.67411
2801994843.75,-27.67525
2801995000.0,-27.67987
2801995156.25,-27.67648
2801995312.5,-27.67976
2801995468.75,-27.68112
2801995625.0,-27.68402
2801995781.25,-27.67566
2801995937.5,-27.68545
2801996093.75,-27.6844
2801996250.0,-27.68166
2801996406.25,-27.68342
2801996562.5,-27.68496
2801996718.75,-27.68695
2801996875.0,-27.68449
2801997031.25,-27.68748
2801997187.5,-27.68665
2801997343.75,-27.68484
2801997500.0,-27.68729
2801997656.25,-27.6877
2801997812.5,-27.68479
2801997968.75,-27.69031
2801998125.0,-27.69414
2801998281.25,-27.69122
2801998437.5,-27.69094
2801998593.75,-27.68924
2801998750.0,-27.69679
2801998906.25,-27.69168
2801999062.5,-27.69305
2801999218.75,-27.69032
2801999375.0,-27.69582
2801999531.25,-27.69812
2801999687.5,-27.69236
2801999843.75,-27.69784
2802000000.0,-27.69951
2802000156.25,-27.70001
2802000312.5,-27.69835
2802000468.75,-27.69809
2802000625.0,-27.7003
2802000781.25,-27.69889
2802000937.5,-27.70005
2802001093.75,-27.69891
2802001250.0,-27.70038
2802001406.25,-27.70207
2802001562.5,-27.70529
2802001718.75,-27.70179
2802001875.0,-27.70661
2802002031.25,-27.70557
2802002187.5,-27.70726
2802002343.75,-27.70597
2802002500.0,-27.71085
2802002656.25,-27.70528
2802002812.5,-27.70941
2802002968.75,-27.70652
2802003125.0,-27.71088
2802003281.25,-27.71284
2802003437.5,-27.70995
2802003593.75,-27.71153
2802003750.0,-27.7081
2802003906.25,-27.71324
2802004062.5,-27.7101
2802004218.75,-27.71216
2802004375.0,-27.71414
2802004531.25,-27.70797
2802004687.5,-27.71758
2802004843.75,-27.71679
2802005000.0,-27.71757
2802005156.25,-27.71714
2802005312.5,-27.71742
2802005468.75,-27.71916
2802005625.0,-27.71399
2802005781.25,-27.7183
2802005937.5,-27.71902
2802006093.75,-27.71992
2802006250.0,-27.72132
2802006406.25,-27.72132
2802006562.5,-27.71606
2802006718.75,-27.72408
2802006875.0,-27.72189
2802007031.25,-27.72364
2802007187.5,-27.7245
2802007343.75,-27.72274
2802007500.0,-27.72783
2802007656.25,-27.72911
2802007812.5,-27.72898
2802007968.75,-27.72606
2802008125.0,-27.72918
2802008281.25,-27.72717
2802008437.5,-27.73005
2802008593.75,-27.72903
2802008750.0,-27.7293
2802008906.25,-27.72778
2802009062.5,-27.72864
2802009218.75,-27.73265
2802009375.0,-27.73281
2802009531.25,-27.73055
2802009687.5,-27.7357
2802009843.75,-27.73459
2802010000.0,-27.73817
2802010156.25,-27.73478
2802010312.5,-27.73412
2802010468.75,-27.74054
2802010625.0,-27.73534
2802010781.25,-27.73544
2802010937.5,-27.73622
2802011093.75,-27.73905
2802011250.0,-27.7413
2802011406.25,-27.74066
2802011562.5,-27.74409
2802011718.75,-27.74039
2802011875.0,-27.74362
2802012031.25,-27.74239
2802012187.5,-27.74237
2802012343.75,-27.74502
2802012500.0,-27.74226
2802012656.25,-27.74411
2802012812.5,-27.7447
2802012968.75,-27.74891
2802013125.0,-27.74711
2802013281.25,-27.7484
2802013437.5,-27.74491
2802013593.75,-27.75242
2802013750.0,-27.74532
2802013906.25,-27.75169
2802014062.5,-27.75256
2802014218.75,-27.74994
2802014375.0,-27.75266
2802014531.25,-27.75511
2802014687.5,-27.757
2802014843.75,-27.75189
2802015000.0,-27.75364
2802015156.25,-27.74893
2802015312.5,-27.75403
2802015468.75,-27.75711
2802015625.0,-27.76127
2802015781.25,-27.75867
2802015937.5,-27.75938
2802016093.75,-27.7601
2802016250.0,-27.75638
2802016406.25,-27.76109
2802016562.5,-27.76093
2802016718.75,-27.76072
2802016875.0,-27.76118
2802017031.25,-27.76378
2802017187.5,-27.76003
2802017343.75,-27.75964
2802017500.0,-27.76261
2802017656.25,-27.76696
2802017812.5,-27.76748
2802017968.75,-27.76362
2802018125.0,-27.76636
2802018281.25,-27.76708
2802018437.5,-27.7655
2802018593.75,-27.76889
2802018750.0,-27.76676
2802018906.25,-27.76889
2802019062.5,-27.77125
2802019218.75,-27.77309
2802019375.0,-27.77057
2802019531.25,-27.771
2802019687.5,-27.77116
2802019843.75,-27.77652
2802020000.0,-27.77157
2802020156.25,-27.77091
2802020312.5,-27.77319
2802020468.75,-27.77514
2802020625.0,-27.77711
2802020781.25,-27.77531
2802020937.5,-27.77633
2802021093.75,-27.77937
2802021250.0,-27.77869
2802021406.25,-27.77997
2802021562.5,-27.77955
2802021718.75,-27.78043
2802021875.0,-27.78204
2802022031.25,-27.78138
2802022187.5,-27.78245
2802022343.75,-27.78631
2802022500.0,-27.78498
2802022656.25,-27.78358
2802022812.5,-27.78344
2802022968.75,-27.78191
2802023125.0,-27.78257
2802023281.25,-27.78663
2802023437.5,-27.78375
2802023593.75,-27.79333
2802023750.0,-27.78561
2802023906.25,-27.79169
2802024062.5,-27.79237
2802024218.75,-27.78686
2802024375.0,-27.7892
2802024531.25,-27.78981
2802024687.5,-27.79435
2802024843.75,-27.79077
2802025000.0,-27.79654
2802025156.25,-27.79247
2802025312.5,-27.79454
2802025468.75,-27.79486
2802025625.0,-27.79019
2802025781.25,-27.80061
2802025937.5,-27.79008
2802026093.75,-27.79432
2802026250.0,-27.8004
2802026406.25,-27.79778
2802026562.5,-27.79913
2802026718.75,-27.80189
2802026875.0,-27.79882
2802027031.25,-27.80028
2802027187.5,-27.79667
2802027343.75,-27.80062
2802027500.0,-27.80201
2802027656.25,-27.80226
2802027812.5,-27.80451
2802027968.75,-27.80048
2802028125.0,-27.80428
2802028281.25,-27.80845
2802028437.5,-27.80529
2802028593.75,-27.80973
2802028750.0,-27.80834
2802028906.25,-27.80402
2802029062.5,-27.80668
2802029218.75,-27.80465
2802029375.0,-27.80879
2802029531.25,-27.80712
2802029687.5,-27.80513
2802029843.75,-27.80789
2802030000.0,-27.80966
2802030156.25,-27.81239
2802030312.5,-27.81185
2802030468.75,-27.81502
2802030625.0,-27.81177
2802030781.25,-27.81406
2802030937.5,-27.81357
2802031093.75,-27.81607
2802031250.0,-27.81664
2802031406.25,-27.81356
2802031562.5,-27.81808
2802031718.75,-27.82063
2802031875.0,-27.81764
2802032031.25,-27.81506
2802032187.5,-27.82098
2802032343.75,-27.81916
2802032500.0,-27.8161
2802032656.25,-27.82106
2802032812.5,-27.82301
2802032968.75,-27.82095
2802033125.0,-27.82224
2802033281.25,-27.82416
2802033437.5,-27.82531
2802033593.75,-27.82778
2802033750.0,-27.82639
2802033906.25,-27.82677
2802034062.5,-27.82631
2802034218.75,-27.82595
2802034375.0,-27.82571
2802034531.25,-27.8269
2802034687.5,-27.82893
2802034843.75,-27.82843
2802035000.0,-27.82796
2802035156.25,-27.8279
2802035312.5,-27.83105
2802035468.75,-27.83185
2802035625.0,-27.83092
2802035781.25,-27.83809
2802035937.5,-27.83222
2802036093.75,-27.83265
2802036250.0,-27.83431
2802036406.25,-27.83409
2802036562.5,-27.83294
2802036718.75,-27.83588
2802036875.0,-27.83482
2802037031.25,-27.83599
2802037187.5,-27.8393
2802037343.75,-27.84066
2802037500.0,-27.84081
2802037656.25,-27.83812
2802037812.5,-27.83722
2802037968.75,-27.83606
2802038125.0,-27.84427
2802038281.25,-27.8383
2802038437.5,-27.84071
2802038593.75,-27.84218
2802038750.0,-27.84702
2802038906.25,-27.84659
2802039062.5,-27.84164
2802039218.75,-27.84535
2802039375.0,-27.8464
2802039531.25,-27.84807
2802039687.5,-27.84352
2802039843.75,-27.84762
2802040000.0,-27.85148
2802040156.25,-27.84856
2802040312.5,-27.84769
2802040468.75,-27.84365
2802040625.0,-27.84911
2802040781.25,-27.85719
2802040937.5,-27.84924
2802041093.75,-27.85332
2802041250.0,-27.85247
2802041406.25,-27.85699
2802041562.5,-27.8564
2802041718.75,-27.85473
2802041875.0,-27.85829
2802042031.25,-27.85516
2802042187.5,-27.85482
2802042343.75,-27.8605
2802042500.0,-27.85591
2802042656.25,-27.86153
2802042812.5,-27.85866
2802042968.75,-27.85693
2802043125.0,-27.85894
2802043281.25,-27.86346
2802043437.5,-27.86433
2802043593.75,-27.8616
2802043750.0,-27.86029
2802043906.25,-27.86427
2802044062.5,-27.86605
2802044218.75,-27.86429
2802044375.0,-27.86459
2802044531.25,-27.87101
2802044687.5,-27.86441
2802044843.75,-27.86803
2802045000.0,-27.86684
2802045156.25,-27.87156
2802045312.5,-27.86878
2802045468.75,-27.87015
2802045625.0,-27.86609
2802045781.25,-27.86716
2802045937.5,-27.8731
2802046093.75,-27.87361
2802046250.0,-27.8681
2802046406.25,-27.87367
2802046562.5,-27.87431
2802046718.75,-27.87562
2802046875.0,-27.87169
2802047031.25,-27.8719
2802047187.5,-27.87574
2802047343.75,-27.87611
2802047500.0,-27.87506
2802047656.25,-27.8765
2802047812.5,-27.87565
2802047968.75,-27.87836
2802048125.0,-27.87656
2802048281.25,-27.87684
2802048437.5,-27.88421
2802048593.75,-27.87626
2802048750.0,-27.8849
2802048906.25,-27.88111
2802049062.5,-27.88306
2802049218.75,-27.88293
2802049375.0,-27.88401
2802049531.25,-27.88444
2802049687.5,-27.88326
2802049843.75,-27.88505
2802050000.0,-27.88958
2802050156.25,-27.88508
2802050312.5,-27.8828
2802050468.75,-27.8901
2802050625.0,-27.89021
2802050781.25,-27.88932
2802050937.5,-27.88952
2802051093.75,-27.88415
2802051250.0,-27.88791
2802051406.25,-27.88811
2802051562.5,-27.89505
2802051718.75,-27.8888
2802051875.0,-27.89383
2802052031.25,-27.89753
2802052187.5,-27.89717
2802052343.75,-27.89304
2802052500.0,-27.89509
2802052656.25,-27.89589
2802052812.5,-27.89783
2802052968.75,-27.89905
2802053125.0,-27.899
2802053281.25,-27.89436
2802053437.5,-27.89654
2802053593.75,-27.898
2802053750.0,-27.90146
2802053906.25,-27.89658
2802054062.5,-27.90451
2802054218.75,-27.89988
2802054375.0,-27.90351
2802054531.25,-27.90336
2802054687.5,-27.90046
2802054843.75,-27.90266
2802055000.0,-27.90343
2802055156.25,-27.9069
2802055312.5,-27.90368
2802055468.75,-27.90365
2802055625.0,-27.90621
2802055781.25,-27.9072
2802055937.5,-27.90598
2802056093.75,-27.91129
2802056250.0,-27.90709
2802056406.25,-27.9088
2802056562.5,-27.90738
2802056718.75,-27.91113
2802056875.0,-27.91238
2802057031.25,-27.91214
2802057187.5,-27.90929
2802057343.75,-27.91609
2802057500.0,-27.91463
2802057656.25,-27.91032
2802057812.5,-27.91357
2802057968.75,-27.91515
2802058125.0,-27.91517
2802058281.25,-27.9182
2802058437.5,-27.91497
2802058593.75,-27.91838
2802058750.0,-27.91481
2802058906.25,-27.91856
2802059062.5,-27.91564
2802059218.75,-27.91535
2802059375.0,-27.92058
2802059531.25,-27.91832
2802059687.5,-27.92011
2802059843.75,-27.923
2802060000.0,-27.92565
2802060156.25,-27.92472
2802060312.5,-27.92702
2802060468.75,-27.92426
2802060625.0,-27.92498
2802060781.25,-27.92614
2802060937.5,-27.92762
2802061093.75,-27.92583
2802061250.0,-27.92891
2802061406.25,-27.92782
2802061562.5,-27.92834
2802061718.75,-27.93028
2802061875.0,-27.93229
2802062031.25,-27.93299
2802062187.5,-27.93259
2802062343.75,-27.93833
2802062500.0,-27.93461
2802062656.25,-27.93403
2802062812.5,-27.93557
2802062968.75,-27.938
2802063125.0,-27.93391
2802063281.25,-27.93209
2802063437.5,-27.93404
2802063593.75,-27.93606
2802063750.0,-27.93384
2802063906.25,-27.93945
2802064062.5,-27.93855
2802064218.75,-27.94023
2802064375.0,-27.94315
2802064531.25,-27.93795
2802064687.5,-27.94488
2802064843.75,-27.93962
2802065000.0,-27.94142
2802065156.25,-27.93966
2802065312.5,-27.9388
2802065468.75,-27.94297
2802065625.0,-27.94358
2802065781.25,-27.94283
2802065937.5,-27.94423
2802066093.75,-27.9444
2802066250.0,-27.94847
2802066406.25,-27.94799
2802066562.5,-27.94905
2802066718.75,-27.94872
2802066875.0,-27.94892
2802067031.25,-27.94629
2802067187.5,-27.9477
2802067343.75,-27.95023
2802067500.0,-27.94989
2802067656.25,-27.95368
2802067812.5,-27.95292
2802067968.75,-27.9511
2802068125.0,-27.95492
2802068281.25,-27.95488
2802068437.5,-27.95228
2802068593.75,-27.95642
2802068750.0,-27.9542
2802068906.25,-27.95603
2802069062.5,-27.95762
2802069218.75,-27.95651
2802069375.0,-27.95755
2802069531.25,-27.95868
2802069687.5,-27.96186
2802069843.75,-27.96466
2802070000.0,-27.96359
2802070156.25,-27.96624
2802070312.5,-27.9612
2802070468.75,-27.95871
2802070625.0,-27.96343
2802070781.25,-27.96442
2802070937.5,-27.96504
2802071093.75,-27.96564
2802071250.0,-27.96622
2802071406.25,-27.96961
2802071562.5,-27.97064
2802071718.75,-27.96932
2802071875.0,-27.9684
2802072031.25,-27.96885
2802072187.5,-27.96346
2802072343.75,-27.96595
2802072500.0,-27.97118
2802072656.25,-27.97255
2802072812.5,-27.96871
2802072968.75,-27.97353
2802073125.0,-27.96802
2802073281.25,-27.96851
2802073437.5,-27.97457
2802073593.75,-27.97271
2802073750.0,-27.97717
2802073906.25,-27.98177
2802074062.5,-27.9775
2802074218.75,-27.97477
2802074375.0,-27.98074
2802074531.25,-27.97547
2802074687.5,-27.97959
2802074843.75,-27.97543
2802075000.0,-27.97806
2802075156.25,-27.97894
2802075312.5,-27.9759
2802075468.75,-27.98095
2802075625.0,-27.97756
2802075781.25,-27.98153
2802075937.5,-27.98
2802076093.75,-27.98619
2802076250.0,-27.98255
2802076406.25,-27.98228
2802076562.5,-27.98282
2802076718.75,-27.98705
2802076875.0,-27.98337
2802077031.25,-27.98492
2802077187.5,-27.98739
2802077343.75,-27.98903
2802077500.0,-27.98497
2802077656.25,-27.9867
2802077812.5,-27.98807
2802077968.75,-27.99234
2802078125.0,-27.98938
2802078281.25,-27.99038
2802078437.5,-27.99069
2802078593.75,-27.98913
2802078750.0,-27.9913
2802078906.25,-27.99644
2802079062.5,-27.99293
2802079218.75,-27.99278
2802079375.0,-27.99428
2802079531.25,-27.99059
2802079687.5,-27.99356
2802079843.75,-27.99618
2802080000.0,-27.99603
2802080156.25,-27.9964
2802080312.5,-27.99936
2802080468.75,-28.00018
2802080625.0,-28.00089
2802080781.25,-28.00192
2802080937.5,-28.00233
2802081093.75,-28.00166
2802081250.0,-27.99791
2802081406.25,-28.00127
2802081562.5,-28.00735
2802081718.75,-28.00416
2802081875.0,-28.00484
2802082031.25,-28.00609
2802082187.5,-28.00429
2802082343.75,-28.00458
2802082500.0,-28.00427
2802082656.25,-28.00559
2802082812.5,-28.01118
2802082968.75,-28.00623
2802083125.0,-28.01018
2802083281.25,-28.00784
2802083437.5,-28.00686
2802083593.75,-28.00892
2802083750.0,-28.0096
2802083906.25,-28.01143
2802084062.5,-28.01335
2802084218.75,-28.01311
2802084375.0,-28.0126
2802084531.25,-28.01461
2802084687.5,-28.01182
2802084843.75,-28.01172
2802085000.0,-28.01658
2802085156.25,-28.0151
2802085312.5,-28.01801
2802085468.75,-28.01228
2802085625.0,-28.02118
2802085781.25,-28.01811
2802085937.5,-28.01585
2802086093.75,-28.01667
2802086250.0,-28.02054
2802086406.25,-28.01806
2802086562.5,-28.02296
2802086718.75,-28.01976
2802086875.0,-28.01983
2802087031.25,-28.02118
2802087187.5,-28.02321
2802087343.75,-28.01728
2802087500.0,-28.02519
2802087656.25,-28.02778
2802087812.5,-28.02594
2802087968.75,-28.02311
2802088125.0,-28.02478
2802088281.25,-28.02572
2802088437.5,-28.02604
2802088593.75,-28.02814
2802088750.0,-28.03122
2802088906.25,-28.03044
2802089062.5,-28.02838
2802089218.75,-28.028
2802089375.0,-28.03106
2802089531.25,-28.03079
2802089687.5,-28.03498
2802089843.75,-28.03221
2802090000.0,-28.03488
2802090156.25,-28.03307
2802090312.5,-28.02968
2802090468.75,-28.0343
2802090625.0,-28.03668
2802090781.25,-28.03458
2802090937.5,-28.03535
2802091093.75,-28.03594
2802091250.0,-28.04043
2802091406.25,-28.04243
2802091562.5,-28.04318
2802091718.75,-28.03977
2802091875.0,-28.04016
2802092031.25,-28.04163
2802092187.5,-28.03971
2802092343.75,-28.04027
2802092500.0,-28.04651
2802092656.25,-28.04439
2802092812.5,-28.04084
2802092968.75,-28.04509
2802093125.0,-28.04248
2802093281.25,-28.04792
2802093437.5,-28.04367
2802093593.75,-28.05008
2802093750.0,-28.04857
2802093906.25,-28.04643
2802094062.5,-28.05149
2802094218.75,-28.04798
2802094375.0,-28.04822
2802094531.25,-28.04962
2802094687.5,-28.04887
2802094843.75,-28.05231
2802095000.0,-28.05364
2802095156.25,-28.05494
2802095312.5,-28.05125
2802095468.75,-28.05384
2802095625.0,-28.05515
2802095781.25,-28.05196
2802095937.5,-28.05803
2802096093.75,-28.05252
2802096250.0,-28.05622
2802096406.25,-28.05689
2802096562.5,-28.05603
2802096718.75,-28.05861
2802096875.0,-28.05569
2802097031.25,-28.06192
2802097187.5,-28.05704
2802097343.75,-28.06223
2802097500.0,-28.06425
2802097656.25,-28.06326
2802097812.5,-28.06543
2802097968.75,-28.06521
2802098125.0,-28.06655
2802098281.25,-28.05859
2802098437.5,-28.06013
2802098593.75,-28.06394
2802098750.0,-28.06527
2802098906.25,-28.06039
2802099062.5,-28.06168
2802099218.75,-28.06726
2802099375.0,-28.06401
2802099531.25,-28.07305
2802099687.5,-28.06533
2802099843.75,-28.06806
2802100000.0,-28.07043
2802100156.25,-28.06663
2802100312.5,-28.0696
2802100468.75,-28.07152
2802100625.0,-28.07321
2802100781.25,-28.07518
2802100937.5,-28.07376
2802101093.75,-28.07082
2802101250.0,-28.07314
2802101406.25,-28.07874
2802101562.5,-28.07348
2802101718.75,-28.07565
2802101875.0,-28.0768
2802102031.25,-28.07298
2802102187.5,-28.08191
2802102343.75,-28.07995
2802102500.0,-28.07696
2802102656.25,-28.07827
2802102812.5,-28.07928
2802102968.75,-28.08179
2802103125.0,-28.07887
2802103281.25,-28.0829
2802103437.5,-28.08078
2802103593.75,-28.08387
2802103750.0,-28.08579
2802103906.25,-28.0841
2802104062.5,-28.08397
2802104218.75,-28.08672
2802104375.0,-28.08413
2802104531.25,-28.08669
2802104687.5,-28.09071
2802104843.75,-28.08745
2802105000.0,-28.08563
2802105156.25,-28.08951
2802105312.5,-28.08719
2802105468.75,-28.08884
2802105625.0,-28.09054
2802105781.25,-28.09029
2802105937.5,-28.09438
2802106093.75,-28.09252
2802106250.0,-28.09278
2802106406.25,-28.09306
2802106562.5,-28.09378
2802106718.75,-28.09674
2802106875.0,-28.0948
2802107031.25,-28.09479
2802107187.5,-28.10059
2802107343.75,-28.09778
2802107500.0,-28.0984
2802107656.25,-28.09474
2802107812.5,-28.09827
2802107968.75,-28.09908
2802108125.0,-28.10305
2802108281.25,-28.09741
2802108437.5,-28.09999
2802108593.75,-28.10106
2802108750.0,-28.10191
2802108906.25,-28.10519
2802109062.5,-28.10562
2802109218.75,-28.10506
2802109375.0,-28.10625
2802109531.25,-28.11111
2802109687.5,-28.10957
2802109843.75,-28.10822
2802110000.0,-28.10904
2802110156.25,-28.11145
2802110312.5,-28.11155
2802110468.75,-28.1074
2802110625.0,-28.11414
2802110781.25,-28.10999
2802110937.5,-28.1117
2802111093.75,-28.11148
2802111250.0,-28.11267
2802111406.25,-28.10825
2802111562.5,-28.11302
2802111718.75,-28.11378
2802111875.0,-28.11034
2802112031.25,-28.11627
2802112187.5,-28.11521
2802112343.75,-28.11398
2802112500.0,-28.11392
2802112656.25,-28.1156
2802112812.5,-28.11736
2802112968.75,-28.11931
2802113125.0,-28.11954
2802113281.25,-28.11481
2802113437.5,-28.12196
2802113593.75,-28.12196
2802113750.0,-28.12101
2802113906.25,-28.12022
2802114062.5,-28.1198
2802114218.75,-28.12108
2802114375.0,-28.12215
2802114531.25,-28.12215
2802114687.5,-28.12143
2802114843.75,-28.12271
2802115000.0,-28.12102
2802115156.25,-28.12781
2802115312.5,-28.12662
2802115468.75,-28.1287
2802115625.0,-28.12708
2802115781.25,-28.12706
2802115937.5,-28.12424
2802116093.75,-28.12869
2802116250.0,-28.1318
2802116406.25,-28.12426
2802116562.5,-28.12895
2802116718.75,-28.13365
2802116875.0,-28.13426
2802117031.25,-28.13274
2802117187.5,-28.13259
2802117343.75,-28.13463
2802117500.0,-28.13533
2802117656.25,-28.1361
2802117812.5,-28.13418
2802117968.75,-28.13525
2802118125.0,-28.14025
2802118281.25,-28.1391
2802118437.5,-28.14036
2802118593.75,-28.13746
2802118750.0,-28.13887
2802118906.25,-28.14284
2802119062.5,-28.13515
2802119218.75,-28.14155
2802119375.0,-28.14014
2802119531.25,-28.13971
2802119687.5,-28.145
2802119843.75,-28.14373
2802120000.0,-28.14297
2802120156.25,-28.14347
2802120312.5,-28.14548
2802120468.75,-28.14155
2802120625.0,-28.14295
2802120781.25,-28.14438
2802120937.5,-28.14726
2802121093.75,-28.14722
2802121250.0,-28.14422
2802121406.25,-28.14699
2802121562.5,-28.14797
2802121718.75,-28.14695
2802121875.0,-28.15549
2802122031.25,-28.14974
2802122187.5,-28.14576
2802122343.75,-28.14762
2802122500.0,-28.15236
2802122656.25,-28.15694
2802122812.5,-28.1502
2802122968.75,-28.15227
2802123125.0,-28.1533
2802123281.25,-28.15233
2802123437.5,-28.15254
2802123593.75,-28.15809
2802123750.0,-28.15519
2802123906.25,-28.15586
2802124062.5,-28.1587
2802124218.75,-28.15644
2802124375.0,-28.1568
2802124531.25,-28.1618
2802124687.5,-28.16318
2802124843.75,-28.15793
2802125000.0,-28.16008
2802125156.25,-28.15829
2802125312.5,-28.16354
2802125468.75,-28.16607
2802125625.0,-28.16454
2802125781.25,-28.16348
2802125937.5,-28.16505
2802126093.75,-28.16523
2802126250.0,-28.16199
2802126406.25,-28.167
2802126562.5,-28.16778
2802126718.75,-28.16844
2802126875.0,-28.16932
2802127031.25,-28.16644
2802127187.5,-28.17109
2802127343.75,-28.16831
2802127500.0,-28.16485
2802127656.25,-28.16851
2802127812.5,-28.17383
2802127968.75,-28.17114
2802128125.0,-28.17076
2802128281.25,-28.17285
2802128437.5,-28.1705
2802128593.75,-28.17316
2802128750.0,-28.17537
2802128906.25,-28.17747
2802129062.5,-28.17882
2802129218.75,-28.17844
2802129375.0,-28.17367
2802129531.25,-28.17648
2802129687.5,-28.17632
2802129843.75,-28.1791
2802130000.0,-28.18069
2802130156.25,-28.17969
2802130312.5,-28.17953
2802130468.75,-28.18065
2802130625.0,-28.18032
2802130781.25,-28.18576
2802130937.5,-28.1839
2802131093.75,-28.18431
2802131250.0,-28.18135
2802131406.25,-28.18586
2802131562.5,-28.18191
2802131718.75,-28.18626
2802131875.0,-28.18802
2802132031.25,-28.18245
2802132187.5,-28.19003
2802132343.75,-28.18596
2802132500.0,-28.19014
2802132656.25,-28.19165
2802132812.5,-28.18813
2802132968.75,-28.19178
2802133125.0,-28.18981
2802133281.25,-28.19399
2802133437.5,-28.19256
2802133593.75,-28.18985
2802133750.0,-28.19506
2802133906.25,-28.1922
2802134062.5,-28.19139
2802134218.75,-28.19121
2802134375.0,-28.19331
2802134531.25,-28.19553
2802134687.5,-28.19617
2802134843.75,-28.19292
2802135000.0,-28.19382
2802135156.25,-28.20056
2802135312.5,-28.20036
2802135468.75,-28.20376
2802135625.0,-28.19843
2802135781.25,-28.19677
2802135937.5,-28.20073
2802136093.75,-28.2032
2802136250.0,-28.20317
2802136406.25,-28.20245
2802136562.5,-28.2021
2802136718.75,-28.2033
2802136875.0,-28.20496
2802137031.25,-28.20505
2802137187.5,-28.20151
2802137343.75,-28.20611
2802137500.0,-28.21062
2802137656.25,-28.20575
2802137812.5,-28.20537
2802137968.75,-28.20504
2802138125.0,-28.2057
2802138281.25,-28.20616
2802138437.5,-28.21125
2802138593.75,-28.20776
2802138750.0,-28.21025
2802138906.25,-28.2116
2802139062.5,-28.21315
2802139218.75,-28.20998
2802139375.0,-28.21762
2802139531.25,-28.21395
2802139687.5,-28.21519
2802139843.75,-28.21721
2802140000.0,-28.21362
2802140156.25,-28.21734
2802140312.5,-28.21776
2802140468.75,-28.2154
2802140625.0,-28.21937
2802140781.25,-28.21856
2802140937.5,-28.22058
2802141093.75,-28.21873
2802141250.0,-28.21751
2802141406.25,-28.21917
2802141562.5,-28.22414
2802141718.75,-28.22562
2802141875.0,-28.21848
2802142031.25,-28.22544
2802142187.5,-28.22218
2802142343.75,-28.22685
2802142500.0,-28.22266
2802142656.25,-28.23036
2802142812.5,-28.2198
2802142968.75,-28.22707
2802143125.0,-28.22668
2802143281.25,-28.22986
2802143437.5,-28.2269
2802143593.75,-28.22765
2802143750.0,-28.23012
2802143906.25,-28.23333
2802144062.5,-28.23487
2802144218.75,-28.23252
2802144375.0,-28.2315
2802144531.25,-28.2338
2802144687.5,-28.22789
2802144843.75,-28.22897
2802145000.0,-28.23589
2802145156.25,-28.23528
2802145312.5,-28.23826
2802145468.75,-28.2319
2802145625.0,-28.23755
2802145781.25,-28.2325
2802145937.5,-28.23441
2802146093.75,-28.23793
2802146250.0,-28.23456
2802146406.25,-28.24173
2802146562.5,-28.23927
2802146718.75,-28.24077
2802146875.0,-28.2409
2802147031.25,-28.24254
2802147187.5,-28.24211
2802147343.75,-28.24085
2802147500.0,-28.24201
2802147656.25,-28.24234
2802147812.5,-28.24371
2802147968.75,-28.24236
2802148125.0,-28.24628
2802148281.25,-28.2417
2802148437.5,-28.24441
2802148593.75,-28.24916
2802148750.0,-28.24767
2802148906.25,-28.24673
2802149062.5,-28.24699
2802149218.75,-28.24898
2802149375.0,-28.25018
2802149531.25,-28.25055
2802149687.5,-28.24853
2802149843.75,-28.2536
2802150000.0,-28.25071
2802150156.25,-28.2486
2802150312.5,-28.25178
2802150468.75,-28.25334
2802150625.0,-28.25051
2802150781.25,-28.25385
2802150937.5,-28.25853
2802151093.75,-28.25696
2802151250.0,-28.25795
2802151406.25,-28.25574
2802151562.5,-28.26077
2802151718.75,-28.25779
2802151875.0,-28.2531
2802152031.25,-28.25416
2802152187.5,-28.26205
2802152343.75,-28.25781
2802152500.0,-28.25573
2802152656.25,-28.25429
2802152812.5,-28.26154
2802152968.75,-28.26221
2802153125.0,-28.26247
2802153281.25,-28.26306
2802153437.5,-28.25934
2802153593.75,-28.26297
2802153750.0,-28.26509
2802153906.25,-28.26921
2802154062.5,-28.26477
2802154218.75,-28.26436
2802154375.0,-28.26724
2802154531.25,-28.26616
2802154687.5,-28.27335
2802154843.75,-28.26877
2802155000.0,-28.27217
2802155156.25,-28.26759
2802155312.5,-28.26591
2802155468.75,-28.27205
2802155625.0,-28.27579
2802155781.25,-28.2728
2802155937.5,-28.26898
2802156093.75,-28.2753
2802156250.0,-28.27472
2802156406.25,-28.27222
2802156562.5,-28.27381
2802156718.75,-28.27415
2802156875.0,-28.27673
2802157031.25,-28.27522
2802157187.5,-28.27326
2802157343.75,-28.27551
2802157500.0,-28.2776
2802157656.25,-28.27914
2802157812.5,-28.27903
2802157968.75,-28.2759
2802158125.0,-28.28092
2802158281.25,-28.28485
2802158437.5,-28.281
2802158593.75,-28.28229
2802158750.0,-28.2799
2802158906.25,-28.28466
2802159062.5,-28.28005
2802159218.75,-28.28481
2802159375.0,-28.28896
2802159531.25,-28.28596
2802159687.5,-28.28285
2802159843.75,-28.2883
2802160000.0,-28.28366
2802160156.25,-28.28148
2802160312.5,-28.28747
2802160468.75,-28.28865
2802160625.0,-28.28768
2802160781.25,-28.29184
2802160937.5,-28.28717
2802161093.75,-28.28795
2802161250.0,-28.28809
2802161406.25,-28.29215
2802161562.5,-28.28805
2802161718.75,-28.29035
2802161875.0,-28.29493
2802162031.25,-28.29547
2802162187.5,-28.29149
2802162343.75,-28.29289
2802162500.0,-28.29304
2802162656.25,-28.2959
2802162812.5,-28.2955
2802162968.75,-28.29786
2802163125.0,-28.29671
2802163281.25,-28.29895
2802163437.5,-28.29697
2802163593.75,-28.29979
2802163750.0,-28.30101
2802163906.25,-28.2989
2802164062.5,-28.29944
2802164218.75,-28.30299
2802164375.0,-28.30397
2802164531.25,-28.2977
2802164687.5,-28.30494
2802164843.75,-28.30473
2802165000.0,-28.3008
2802165156.25,-28.3045
2802165312.5,-28.30408
2802165468.75,-28.30575
2802165625.0,-28.30549
2802165781.25,-28.30898
2802165937.5,-28.30727
2802166093.75,-28.30487
2802166250.0,-28.307
2802166406.25,-28.3129
2802166562.5,-28.30876
2802166718.75,-28.30735
2802166875.0,-28.30796
2802167031.25,-28.30822
2802167187.5,-28.3099
2802167343.75,-28.31491
2802167500.0,-28.31735
2802167656.25,-28.31409
2802167812.5,-28.31351
2802167968.75,-28.31016
2802168125.0,-28.31716
2802168281.25,-28.31852
2802168437.5,-28.31645
2802168593.75,-28.31746
2802168750.0,-28.31747
2802168906.25,-28.32079
2802169062.5,-28.32046
2802169218.75,-28.31827
2802169375.0,-28.32302
2802169531.25,-28.3179
2802169687.5,-28.3219
2802169843.75,-28.32106
2802170000.0,-28.31656
2802170156.25,-28.32518
2802170312.5,-28.32596
2802170468.75,-28.3232
2802170625.0,-28.31912
2802170781.25,-28.32859
2802170937.5,-28.32259
2802171093.75,-28.32878
2802171250.0,-28.32207
2802171406.25,-28.32887
2802171562.5,-28.3243
2802171718.75,-28.32947
2802171875.0,-28.32983
2802172031.25,-28.32668
2802172187.5,-28.33248
2802172343.75,-28.33415
2802172500.0,-28.33286
2802172656.25,-28.3325
2802172812.5,-28.33457
2802172968.75,-28.33187
2802173125.0,-28.33779
2802173281.25,-28.33158
2802173437.5,-28.33413
2802173593.75,-28.334
2802173750.0,-28.33472
2802173906.25,-28.33551
2802174062.5,-28.33712
2802174218.75,-28.34179
2802174375.0,-28.33912
2802174531.25,-28.3381
2802174687.5,-28.333
2802174843.75,-28.3415
2802175000.0,-28.34453
2802175156.25,-28.34485
2802175312.5,-28.34265
2802175468.75,-28.34127
2802175625.0,-28.34306
2802175781.25,-28.34189
2802175937.5,-28.34159
2802176093.75,-28.34398
2802176250.0,-28.34535
2802176406.25,-28.35003
2802176562.5,-28.34218
2802176718.75,-28.34496
2802176875.0,-28.35057
2802177031.25,-28.3458
2802177187.5,-28.3495
2802177343.75,-28.34951
2802177500.0,-28.34954
2802177656.25,-28.34624
2802177812.5,-28.34829
2802177968.75,-28.35088
2802178125.0,-28.35341
2802178281.25,-28.34785
2802178437.5,-28.35368
2802178593.75,-28.35659
2802178750.0,-28.35223
2802178906.25,-28.35096
2802179062.5,-28.35603
2802179218.75,-28.35228
2802179375.0,-28.35285
2802179531.25,-28.35759
2802179687.5,-28.35461
2802179843.75,-28.35241
2802180000.0,-28.35834
2802180156.25,-28.35744
2802180312.5,-28.35598
2802180468.75,-28.35962
2802180625.0,-28.36522
2802180781.25,-28.3613
2802180937.5,-28.36159
2802181093.75,-28.36123
2802181250.0,-28.36476
2802181406.25,-28.36066
2802181562.5,-28.36749
2802181718.75,-28.36187
2802181875.0,-28.36599
2802182031.25,-28.36735
2802182187.5,-28.36527
2802182343.75,-28.36296
2802182500.0,-28.36691
2802182656.25,-28.36783
2802182812.5,-28.36409
2802182968.75,-28.36324
2802183125.0,-28.37048
2802183281.25,-28.36753
2802183437.5,-28.36758
2802183593.75,-28.36746
2802183750.0,-28.37344
2802183906.25,-28.36819
2802184062.5,-28.37419
2802184218.75,-28.37013
2802184375.0,-28.37009
2802184531.25,-28.37136
2802184687.5,-28.37496
2802184843.75,-28.37283
2802185000.0,-28.38178
2802185156.25,-28.37577
2802185312.5,-28.37302
2802185468.75,-28.37786
2802185625.0,-28.37637
2802185781.25,-28.37613
2802185937.5,-28.3799
2802186093.75,-28.38194
2802186250.0,-28.37739
2802186406.25,-28.38398
2802186562.5,-28.3788
2802186718.75,-28.37835
2802186875.0,-28.3856
2802187031.25,-28.38751
2802187187.5,-28.37999
2802187343.75,-28.38429
2802187500.0,-28.38613
2802187656.25,-28.38783
2802187812.5,-28.38553
2802187968.75,-28.38732
2802188125.0,-28.38466
2802188281.25,-28.38598
2802188437.5,-28.38782
2802188593.75,-28.38727
2802188750.0,-28.3915
2802188906.25,-28.38755
2802189062.5,-28.39144
2802189218.75,-28.39013
2802189375.0,-28.39101
2802189531.25,-28.39451
2802189687.5,-28.38524
2802189843.75,-28.39054
2802190000.0,-28.39271
2802190156.25,-28.39598
2802190312.5,-28.39639
2802190468.75,-28.39519
2802190625.0,-28.39378
2802190781.25,-28.39555
2802190937.5,-28.39968
2802191093.75,-28.39276
2802191250.0,-28.40014
2802191406.25,-28.39839
2802191562.5,-28.3996
2802191718.75,-28.39702
2802191875.0,-28.40136
2802192031.25,-28.39499
2802192187.5,-28.40215
2802192343.75,-28.40218
2802192500.0,-28.40405
2802192656.25,-28.40217
2802192812.5,-28.40005
2802192968.75,-28.40475
2802193125.0,-28.40359
2802193281.25,-28.39729
2802193437.5,-28.40915
2802193593.75,-28.40815
2802193750.0,-28.40891
2802193906.25,-28.40456
2802194062.5,-28.40668
2802194218.75,-28.40485
2802194375.0,-28.40737
2802194531.25,-28.40526
2802194687.5,-28.40912
2802194843.75,-28.41074
2802195000.0,-28.41424
2802195156.25,-28.41078
2802195312.5,-28.41432
2802195468.75,-28.415
2802195625.0,-28.41652
2802195781.25,-28.41418
2802195937.5,-28.41621
2802196093.75,-28.41488
2802196250.0,-28.41733
2802196406.25,-28.41502
2802196562.5,-28.41717
2802196718.75,-28.41993
2802196875.0,-28.41417
2802197031.25,-28.42049
2802197187.5,-28.41938
2802197343.75,-28.41631
2802197500.0,-28.41987
2802197656.25,-28.42169
2802197812.5,-28.42001
2802197968.75,-28.42019
2802198125.0,-28.42143
2802198281.25,-28.42205
2802198437.5,-28.42245
2802198593.75,-28.42575
2802198750.0,-28.42102
2802198906.25,-28.42392
2802199062.5,-28.42343
2802199218.75,-28.42578
2802199375.0,-28.42621
2802199531.25,-28.42168
2802199687.5,-28.42695
2802199843.75,-28.42708
2802200000.0,-28.42188
2802200156.25,-28.42447
2802200312.5,-28.42956
2802200468.75,-28.42728
2802200625.0,-28.42984
2802200781.25,-28.43182
2802200937.5,-28.43551
2802201093.75,-28.43654
2802201250.0,-28.43019
2802201406.25,-28.43447
2802201562.5,-28.4368
2802201718.75,-28.43347
2802201875.0,-28.43871
2802202031.25,-28.43369
2802202187.5,-28.43376
2802202343.75,-28.43498
2802202500.0,-28.43733
2802202656.25,-28.43502
2802202812.5,-28.43409
2802202968.75,-28.44001
2802203125.0,-28.43486
2802203281.25,-28.43757
2802203437.5,-28.43979
2802203593.75,-28.43913
2802203750.0,-28.44251
2802203906.25,-28.44287
2802204062.5,-28.43816
2802204218.75,-28.44496
2802204375.0,-28.44326
2802204531.25,-28.44541
2802204687.5,-28.44405
2802204843.75,-28.44486
2802205000.0,-28.44414
2802205156.25,-28.44781
2802205312.5,-28.44837
2802205468.75,-28.44876
2802205625.0,-28.4489
2802205781.25,-28.44397
2802205937.5,-28.44899
2802206093.75,-28.4455
2802206250.0,-28.45145
2802206406.25,-28.44823
2802206562.5,-28.44934
2802206718.75,-28.45227
2802206875.0,-28.45119
2802207031.25,-28.4535
2802207187.5,-28.45412
2802207343.75,-28.45661
2802207500.0,-28.45529
2802207656.25,-28.45651
2802207812.5,-28.45504
2802207968.75,-28.45069
2802208125.0,-28.45216
2802208281.25,-28.45741
2802208437.5,-28.4549
2802208593.75,-28.46071
2802208750.0,-28.45992
2802208906.25,-28.45902
2802209062.5,-28.45906
2802209218.75,-28.46188
2802209375.0,-28.46107
2802209531.25,-28.46518
2802209687.5,-28.46218
2802209843.75,-28.46433
2802210000.0,-28.46309
2802210156.25,-28.4623
2802210312.5,-28.46165
2802210468.75,-28.46398
2802210625.0,-28.46649
2802210781.25,-28.46765
2802210937.5,-28.46401
2802211093.75,-28.47149
2802211250.0,-28.46924
2802211406.25,-28.46639
2802211562.5,-28.46907
2802211718.75,-28.47034
2802211875.0,-28.46555
2802212031.25,-28.47132
2802212187.5,-28.47237
2802212343.75,-28.47129
2802212500.0,-28.46865
2802212656.25,-28.47019
2802212812.5,-28.47762
2802212968.75,-28.47106
2802213125.0,-28.46986
2802213281.25,-28.47485
2802213437.5,-28.4734
2802213593.75,-28.47518
2802213750.0,-28.47976
2802213906.25,-28.47874
2802214062.5,-28.48081
2802214218.75,-28.47409
2802214375.0,-28.4746
2802214531.25,-28.47997
2802214687.5,-28.47581
2802214843.75,-28.47718
2802215000.0,-28.48156
2802215156.25,-28.48046
2802215312.5,-28.48183
2802215468.75,-28.48364
2802215625.0,-28.47996
2802215781.25,-28.48228
2802215937.5,-28.4854
2802216093.75,-28.48257
2802216250.0,-28.48704
2802216406.25,-28.48539
2802216562.5,-28.48777
2802216718.75,-28.48325
2802216875.0,-28.48516
2802217031.25,-28.4894
2802217187.5,-28.49055
2802217343.75,-28.48937
2802217500.0,-28.49205
2802217656.25,-28.49292
2802217812.5,-28.48809
2802217968.75,-28.48962
2802218125.0,-28.4875
2802218281.25,-28.48786
2802218437.5,-28.48805
2802218593.75,-28.4973
2802218750.0,-28.49807
2802218906.25,-28.49373
2802219062.5,-28.49337
2802219218.75,-28.49329
2802219375.0,-28.4955
2802219531.25,-28.49718
2802219687.5,-28.49276
2802219843.75,-28.49917
2802220000.0,-28.49829
2802220156.25,-28.49792
2802220312.5,-28.50061
2802220468.75,-28.50217
2802220625.0,-28.49659
2802220781.25,-28.49909
2802220937.5,-28.50234
2802221093.75,-28.50069
2802221250.0,-28.49952
2802221406.25,-28.50269
2802221562.5,-28.50477
2802221718.75,-28.50295
2802221875.0,-28.49928
2802222031.25,-28.50346
2802222187.5,-28.50412
2802222343.75,-28.50554
2802222500.0,-28.50525
2802222656.25,-28.50531
2802222812.5,-28.51073
2802222968.75,-28.50577
2802223125.0,-28.50752
2802223281.25,-28.50441
2802223437.5,-28.51077
2802223593.75,-28.51016
2802223750.0,-28.51208
2802223906.25,-28.51385
2802224062.5,-28.51457
2802224218.75,-28.51294
2802224375.0,-28.51353
2802224531.25,-28.51699
2802224687.5,-28.51475
2802224843.75,-28.51749
2802225000.0,-28.51761
2802225156.25,-28.51267
2802225312.5,-28.51427
2802225468.75,-28.51581
2802225625.0,-28.51859
2802225781.25,-28.51378
2802225937.5,-28.5169
2802226093.75,-28.52109
2802226250.0,-28.51881
2802226406.25,-28.51985
2802226562.5,-28.52282
2802226718.75,-28.51919
2802226875.0,-28.52236
2802227031.25,-28.52515
2802227187.5,-28.52257
2802227343.75,-28.52451
2802227500.0,-28.52574
2802227656.25,-28.51964
2802227812.5,-28.52227
2802227968.75,-28.52773
2802228125.0,-28.52893
2802228281.25,-28.52688
2802228437.5,-28.52732
2802228593.75,-28.52504
2802228750.0,-28.52823
2802228906.25,-28.53203
2802229062.5,-28.52736
2802229218.75,-28.53206
2802229375.0,-28.53248
2802229531.25,-28.52856
2802229687.5,-28.52579
2802229843.75,-28.53235
2802230000.0,-28.53572
2802230156.25,-28.53484
2802230312.5,-28.53668
2802230468.75,-28.53465
2802230625.0,-28.53582
2802230781.25,-28.53486
2802230937.5,-28.53743
2802231093.75,-28.53101
2802231250.0,-28.53679
2802231406.25,-28.54092
2802231562.5,-28.53983
2802231718.75,-28.53922
2802231875.0,-28.53304
2802232031.25,-28.53742
2802232187.5,-28.54084
2802232343.75,-28.54189
2802232500.0,-28.54099
2802232656.25,-28.54124
2802232812.5,-28.54016
2802232968.75,-28.54093
2802233125.0,-28.54229
2802233281.25,-28.54265
2802233437.5,-28.54669
2802233593.75,-28.5471
2802233750.0,-28.54538
2802233906.25,-28.54566
2802234062.5,-28.54683
2802234218.75,-28.54679
2802234375.0,-28.54328
2802234531.25,-28.54523
2802234687.5,-28.55057
2802234843.75,-28.55084
2802235000.0,-28.5509
2802235156.25,-28.55329
2802235312.5,-28.55069
2802235468.75,-28.55267
2802235625.0,-28.54934
2802235781.25,-28.55312
2802235937.5,-28.55424
2802236093.75,-28.5507
2802236250.0,-28.55199
2802236406.25,-28.55399
2802236562.5,-28.55729
2802236718.75,-28.56057
2802236875.0,-28.55871
2802237031.25,-28.55783
2802237187.5,-28.55938
2802237343.75,-28.55678
2802237500.0,-28.5603
2802237656.25,-28.56
2802237812.5,-28.56046
2802237968.75,-28.55945
2802238125.0,-28.5652
2802238281.25,-28.55927
2802238437.5,-28.56336
2802238593.75,-28.56003
2802238750.0,-28.56512
2802238906.25,-28.56358
2802239062.5,-28.56382
2802239218.75,-28.56779
2802239375.0,-28.56743
2802239531.25,-28.5658
2802239687.5,-28.56811
2802239843.75,-28.56249
2802240000.0,-28.56883
2802240156.25,-28.56504
2802240312.5,-28.57133
2802240468.75,-28.56597
2802240625.0,-28.56652
2802240781.25,-28.56545
2802240937.5,-28.5708
2802241093.75,-28.57117
2802241250.0,-28.56685
2802241406.25,-28.56915
2802241562.5,-28.56808
2802241718.75,-28.56977
2802241875.0,-28.57098
2802242031.25,-28.57329
2802242187.5,-28.57852
2802242343.75,-28.5724
2802242500.0,-28.57322
2802242656.25,-28.57132
2802242812.5,-28.57556
2802242968.75,-28.58014
2802243125.0,-28.57804
2802243281.25,-28.57629
2802243437.5,-28.58012
2802243593.75,-28.58086
2802243750.0,-28.57841
2802243906.25,-28.58101
2802244062.5,-28.58202
2802244218.75,-28.58165
2802244375.0,-28.57957
2802244531.25,-28.58205
2802244687.5,-28.58269
2802244843.75,-28.5838
2802245000.0,-28.58537
2802245156.25,-28.5865
2802245312.5,-28.59094
2802245468.75,-28.5814
2802245625.0,-28.58626
2802245781.25,-28.58729
2802245937.5,-28.58703
2802246093.75,-28.58972
2802246250.0,-28.59108
2802246406.25,-28.58637
2802246562.5,-28.58954
2802246718.75,-28.59459
2802246875.0,-28.58601
2802247031.25,-28.59286
2802247187.5,-28.59009
2802247343.75,-28.58896
2802247500.0,-28.59385
2802247656.25,-28.59148
2802247812.5,-28.59014
2802247968.75,-28.59523
2802248125.0,-28.59473
2802248281.25,-28.59552
2802248437.5,-28.59471
2802248593.75,-28.59689
2802248750.0,-28.60015
2802248906.25,-28.60107
2802249062.5,-28.59597
2802249218.75,-28.59906
2802249375.0,-28.59958
2802249531.25,-28.59796
2802249687.5,-28.60106
2802249843.75,-28.59826
2802250000.0,-28.60447
2802250156.25,-28.60549
2802250312.5,-28.60812
2802250468.75,-28.60534
2802250625.0,-28.60242
2802250781.25,-28.60011
2802250937.5,-28.60951
2802251093.75,-28.60637
2802251250.0,-28.60429
2802251406.25,-28.6108
2802251562.5,-28.60701
2802251718.75,-28.60845
2802251875.0,-28.60749
2802252031.25,-28.60709
2802252187.5,-28.60508
2802252343.75,-28.60886
2802252500.0,-28.60839
2802252656.25,-28.60977
2802252812.5,-28.6132
2802252968.75,-28.61147
2802253125.0,-28.61305
2802253281.25,-28.60886
2802253437.5,-28.61599
2802253593.75,-28.61103
2802253750.0,-28.61658
2802253906.25,-28.61558
2802254062.5,-28.61781
2802254218.75,-28.6158
2802254375.0,-28.61525
2802254531.25,-28.61815
2802254687.5,-28.62133
2802254843.75,-28.61735
2802255000.0,-28.61847
2802255156.25,-28.61985
2802255312.5,-28.62174
2802255468.75,-28.62294
2802255625.0,-28.6235
2802255781.25,-28.61804
2802255937.5,-28.62428
2802256093.75,-28.61729
2802256250.0,-28.62744
2802256406.25,-28.6237
2802256562.5,-28.62362
2802256718.75,-28.62359
2802256875.0,-28.6234
2802257031.25,-28.62202
2802257187.5,-28.62766
2802257343.75,-28.62549
2802257500.0,-28.62909
2802257656.25,-28.62715
2802257812.5,-28.63008
2802257968.75,-28.6279
2802258125.0,-28.6279
2802258281.25,-28.62667
2802258437.5,-28.63079
2802258593.75,-28.6316
2802258750.0,-28.63255
2802258906.25,-28.63258
