1906510000.0,-32.53288284796121
1906513125.0,-32.52224216735927
1906516250.0,-32.51222866452455
1906519375.0,-32.49945736313837
1906522500.0,-32.489863424426055
1906525625.0,-32.4776592793582
1906528750.0,-32.46799769221132
1906531875.0,-32.4565318994705
1906535000.0,-32.44303020990355
1906538125.0,-32.432099053520204
1906541250.0,-32.42177643119044
1906544375.0,-32.40892216204279
1906547500.0,-32.3989391812838
1906550625.0,-32.388481410677834
1906553750.0,-32.37555644148741
1906556875.0,-32.36523878627533
1906560000.0,-32.35173267896569
1906563125.0,-32.342358191264175
1906566250.0,-32.32873634641736
1906569375.0,-32.31784917235706
1906572500.0,-32.30587247453502
1906575625.0,-32.29470272880008
1906578750.0,-32.28298302472133
1906581875.0,-32.271655538831176
1906585000.0,-32.26053148415357
1906588125.0,-32.25059895210422
1906591250.0,-32.23896891318782
1906594375.0,-32.22694563180373
1906597500.0,-32.21477654716719
1906600625.0,-32.202406186492524
1906603750.0,-32.19252127381663
1906606875.0,-32.178386863025054
1906610000.0,-32.1695043279538
1906613125.0,-32.15614023850602
1906616250.0,-32.14288109973113
1906619375.0,-32.132799197595915
1906622500.0,-32.120038863860785
1906625625.0,-32.109416238448254
1906628750.0,-32.09763527262567
1906631875.0,-32.08638059736615
1906635000.0,-32.072626744939456
1906638125.0,-32.06049595690178
1906641250.0,-32.05136630328373
1906644375.0,-32.03949130313664
1906647500.0,-32.02806555387541
1906650625.0,-32.01592687066701
1906653750.0,-32.00083104840943
1906656875.0,-31.99274747826646
1906660000.0,-31.98036278003593
1906663125.0,-31.96735247810375
1906666250.0,-31.95616143524177
1906669375.0,-31.944636963211188
1906672500.0,-31.931963972829234
1906675625.0,-31.920958008875512
1906678750.0,-31.906464833273173
1906681875.0,-31.894664369187677
1906685000.0,-31.88346046208423
1906688125.0,-31.870856019067283
1906691250.0,-31.86106479186261
1906694375.0,-31.846316110110738
1906697500.0,-31.836145386142515
1906700625.0,-31.821960455205293
1906703750.0,-31.810872416551632
1906706875.0,-31.798930852594257
1906710000.0,-31.787177905093785
1906713125.0,-31.772961012308308
1906716250.0,-31.761932391909312
1906719375.0,-31.75043940560691
1906722500.0,-31.737573438781386
1906725625.0,-31.72614198363732
1906728750.0,-31.714408331860742
1906731875.0,-31.701672875739632
1906735000.0,-31.687401871826072
1906738125.0,-31.6767235313745
1906741250.0,-31.663803049150165
1906744375.0,-31.650749417229196
1906747500.0,-31.638737894290855
1906750625.0,-31.62520629194825
1906753750.0,-31.612302523944642
1906756875.0,-31.6020470292416
1906760000.0,-31.588031707128547
1906763125.0,-31.578032239385287
1906766250.0,-31.563218001996237
1906769375.0,-31.55323324930432
1906772500.0,-31.540497685022828
1906775625.0,-31.52634255859738
1906778750.0,-31.512018038351716
1906781875.0,-31.50188343574767
1906785000.0,-31.48750442075926
1906788125.0,-31.476470062691728
1906791250.0,-31.46442886965596
1906794375.0,-31.44956023443608
1906797500.0,-31.438438841766235
1906800625.0,-31.42527412653291
1906803750.0,-31.414005048130623
1906806875.0,-31.40088154197601
1906810000.0,-31.38659521886736
1906813125.0,-31.375759412774066
1906816250.0,-31.362628844722447
1906819375.0,-31.34954767349185
1906822500.0,-31.33577908277
1906825625.0,-31.32330942983036
1906828750.0,-31.310744443759653
1906831875.0,-31.29894539837687
1906835000.0,-31.2850991982202
1906838125.0,-31.270941480643824
1906841250.0,-31.25747006525467
1906844375.0,-31.246419133153605
1906847500.0,-31.23509706815222
1906850625.0,-31.22207160736284
1906853750.0,-31.20872973472707
1906856875.0,-31.193805295287653
1906860000.0,-31.18143564303276
1906863125.0,-31.16785257827677
1906866250.0,-31.15440438435789
1906869375.0,-31.141055435900018
1906872500.0,-31.128839838170027
1906875625.0,-31.115124056629806
1906878750.0,-31.102342102818564
1906881875.0,-31.089396968651013
1906885000.0,-31.07667028812882
1906888125.0,-31.065015300970078
1906891250.0,-31.048609660878537
1906894375.0,-31.035959179528266
1906897500.0,-31.023999379947906
1906900625.0,-31.00982969713707
1906903750.0,-30.996311486996678
1906906875.0,-30.9830021924807
1906910000.0,-30.969442613383936
1906913125.0,-30.95622956435634
1906916250.0,-30.943319668302312
1906919375.0,-30.929195652681795
1906922500.0,-30.916220408142443
1906925625.0,-30.901620251375437
1906928750.0,-30.88885694003473
1906931875.0,-30.87575548324735
1906935000.0,-30.860417544144163
1906938125.0,-30.848999106326808
1906941250.0,-30.835931066523962
1906944375.0,-30.822088269835128
1906947500.0,-30.807474839175107
1906950625.0,-30.794442738384557
1906953750.0,-30.77968944481046
1906956875.0,-30.767958312900493
1906960000.0,-30.752429055820667
1906963125.0,-30.739772819294995
1906966250.0,-30.72635009655888
1906969375.0,-30.712530246567958
1906972500.0,-30.699449242545985
1906975625.0,-30.68373336977145
1906978750.0,-30.67090084003509
1906981875.0,-30.656639754079823
1906985000.0,-30.642752209966886
1906988125.0,-30.629185270431396
1906991250.0,-30.614288411732698
1906994375.0,-30.600476079050917
1906997500.0,-30.585963809704452
1907000625.0,-30.57292369873753
1907003750.0,-30.559125517829237
1907006875.0,-30.54527900735427
1907010000.0,-30.531364510962124
1907013125.0,-30.516205216198905
1907016250.0,-30.502278555974996
1907019375.0,-30.48934772592528
1907022500.0,-30.474092870515037
1907025625.0,-30.460996093444294
1907028750.0,-30.447519677068676
1907031875.0,-30.431462679050615
1907035000.0,-30.418759479710335
1907038125.0,-30.404236793915114
1907041250.0,-30.38945829354859
1907044375.0,-30.374157244353434
1907047500.0,-30.36067045455549
1907050625.0,-30.34699923105199
1907053750.0,-30.331702675132252
1907056875.0,-30.315886888287025
1907060000.0,-30.302922570756927
1907063125.0,-30.28863755460112
1907066250.0,-30.274255258829545
1907069375.0,-30.259598304966836
1907072500.0,-30.24464818202164
1907075625.0,-30.230558820479704
1907078750.0,-30.21662024962592
1907081875.0,-30.201417744484868
1907085000.0,-30.18806101309242
1907088125.0,-30.173032060216276
1907091250.0,-30.157995992468816
1907094375.0,-30.143219297825798
1907097500.0,-30.129181982603352
1907100625.0,-30.113825720737115
1907103750.0,-30.09774259932579
1907106875.0,-30.08325939646765
1907110000.0,-30.07009535755176
1907113125.0,-30.05565122490652
1907116250.0,-30.039861327064692
1907119375.0,-30.02460980696807
1907122500.0,-30.00975899568949
1907125625.0,-29.995328362040336
1907128750.0,-29.980160915404475
1907131875.0,-29.96463071355583
1907135000.0,-29.949613458124475
1907138125.0,-29.93461796302629
1907141250.0,-29.919790542280204
1907144375.0,-29.904599222531026
1907147500.0,-29.888785276699114
1907150625.0,-29.875146906048677
1907153750.0,-29.859549812500006
1907156875.0,-29.843918329553674
1907160000.0,-29.82932710164094
1907163125.0,-29.813684135764127
1907166250.0,-29.797944827035558
1907169375.0,-29.782614988108033
1907172500.0,-29.76932461978777
1907175625.0,-29.752691047838166
1907178750.0,-29.73756050141585
1907181875.0,-29.721882328741366
1907185000.0,-29.70581990070644
1907188125.0,-29.690876671097595
1907191250.0,-29.675116420150935
1907194375.0,-29.660222737395067
1907197500.0,-29.643038476851565
1907200625.0,-29.62878704933922
1907203750.0,-29.61320478435456
1907206875.0,-29.59882744945925
1907210000.0,-29.582886524955462
1907213125.0,-29.566174272989024
1907216250.0,-29.55058999850647
1907219375.0,-29.535115532152947
1907222500.0,-29.51755561976231
1907225625.0,-29.50472118139574
1907228750.0,-29.487070544707706
1907231875.0,-29.473039690709744
1907235000.0,-29.455581964114334
1907238125.0,-29.440659220406733
1907241250.0,-29.42370817046013
1907244375.0,-29.40714850055148
1907247500.0,-29.39174526767288
1907250625.0,-29.376623827436184
1907253750.0,-29.35940326128779
1907256875.0,-29.344521524166424
1907260000.0,-29.32851398412902
1907263125.0,-29.311363497466036
1907266250.0,-29.29689785810307
1907269375.0,-29.279383367490894
1907272500.0,-29.26349220886523
1907275625.0,-29.246543035038822
1907278750.0,-29.231381891441373
1907281875.0,-29.21430772822692
1907285000.0,-29.198305413070567
1907288125.0,-29.18089242639732
1907291250.0,-29.166586572178538
1907294375.0,-29.14901397244973
1907297500.0,-29.132137482164644
1907300625.0,-29.116060573099084
1907303750.0,-29.09993428875343
1907306875.0,-29.083966862186127
1907310000.0,-29.066677534510458
1907313125.0,-29.04988396507527
1907316250.0,-29.03356012450015
1907319375.0,-29.016364051759382
1907322500.0,-28.99942377901278
1907325625.0,-28.98246260973376
1907328750.0,-28.965767823665104
1907331875.0,-28.950351235029764
1907335000.0,-28.93211066942629
1907338125.0,-28.915438794054147
1907341250.0,-28.898623642741892
1907344375.0,-28.881977233853423
1907347500.0,-28.864348186256052
1907350625.0,-28.848362894704707
1907353750.0,-28.831434989848486
1907356875.0,-28.81287090629954
1907360000.0,-28.796770871743856
1907363125.0,-28.77956271229469
1907366250.0,-28.76336670119866
1907369375.0,-28.745254141993872
1907372500.0,-28.728339080149443
1907375625.0,-28.7110708531297
1907378750.0,-28.69237096688259
1907381875.0,-28.67645171786582
1907385000.0,-28.659516029316972
1907388125.0,-28.640651086830005
1907391250.0,-28.62423959975216
1907394375.0,-28.606506991831157
1907397500.0,-28.588906505061832
1907400625.0,-28.57104785042194
1907403750.0,-28.553404053424803
1907406875.0,-28.536822277106655
1907410000.0,-28.51953728486876
1907413125.0,-28.5011497067237
1907416250.0,-28.483997638981485
1907419375.0,-28.465961921293285
1907422500.0,-28.447783268674144
1907425625.0,-28.42977989034644
1907428750.0,-28.412510432561582
1907431875.0,-28.39366186126104
1907435000.0,-28.376097901753344
1907438125.0,-28.358017411133357
1907441250.0,-28.340784639553576
1907444375.0,-28.322149531382713
1907447500.0,-28.303450722796104
1907450625.0,-28.286023968654337
1907453750.0,-28.26805597227364
1907456875.0,-28.24895427440012
1907460000.0,-28.231705179146996
1907463125.0,-28.213324487211004
1907466250.0,-28.19432440504266
1907469375.0,-28.176745810785388
1907472500.0,-28.157267241992706
1907475625.0,-28.13936939474426
1907478750.0,-28.12034111772632
1907481875.0,-28.101765901391435
1907485000.0,-28.084288464031815
1907488125.0,-28.06548468144911
1907491250.0,-28.046813252628464
1907494375.0,-28.028730427966646
1907497500.0,-28.010880232660238
1907500625.0,-27.98961016016263
1907503750.0,-27.97263208846454
1907506875.0,-27.953215143027116
1907510000.0,-27.93467326378261
1907513125.0,-27.91599074602331
1907516250.0,-27.89696363803018
1907519375.0,-27.877318081178547
1907522500.0,-27.858564224429486
1907525625.0,-27.839703851122344
1907528750.0,-27.820441709030106
1907531875.0,-27.80171360173077
1907535000.0,-27.78194152133393
1907538125.0,-27.76271389861014
1907541250.0,-27.742911187554355
1907544375.0,-27.724140210164904
1907547500.0,-27.705100432887566
1907550625.0,-27.685176401691727
1907553750.0,-27.667111125736227
1907556875.0,-27.646506431550748
1907560000.0,-27.62806370616095
1907563125.0,-27.607047108461508
1907566250.0,-27.588858893803827
1907569375.0,-27.568549524505894
1907572500.0,-27.548386432899218
1907575625.0,-27.52873533823772
1907578750.0,-27.508571227269844
1907581875.0,-27.488885983275093
1907585000.0,-27.46922148911557
1907588125.0,-27.44998985849394
1907591250.0,-27.429643878067395
1907594375.0,-27.408865104601773
1907597500.0,-27.38888250196631
1907600625.0,-27.370450773671973
1907603750.0,-27.35047811191234
1907606875.0,-27.329734776478553
1907610000.0,-27.309608133984632
1907613125.0,-27.28881992381427
1907616250.0,-27.268233760798157
1907619375.0,-27.248342572818984
1907622500.0,-27.228108331899936
1907625625.0,-27.206775673052817
1907628750.0,-27.18687967726699
1907631875.0,-27.166921358490164
1907635000.0,-27.145985240945905
1907638125.0,-27.125779874116528
1907641250.0,-27.10528317576306
1907644375.0,-27.08408562494521
1907647500.0,-27.062952159159057
1907650625.0,-27.042013898217107
1907653750.0,-27.02150597072562
1907656875.0,-27.000518906650868
1907660000.0,-26.97975965209279
1907663125.0,-26.95858894670297
1907666250.0,-26.937369991727806
1907669375.0,-26.915900217720004
1907672500.0,-26.895019274451357
1907675625.0,-26.873297281044668
1907678750.0,-26.851913265438533
1907681875.0,-26.830928237629895
1907685000.0,-26.80986416566216
1907688125.0,-26.788060366106787
1907691250.0,-26.766664223859422
1907694375.0,-26.745289679604774
1907697500.0,-26.723091768268073
1907700625.0,-26.701886135754986
1907703750.0,-26.680619193557913
1907706875.0,-26.65857585330811
1907710000.0,-26.63666059297049
1907713125.0,-26.614262454144914
1907716250.0,-26.59315389426056
1907719375.0,-26.571316448379267
1907722500.0,-26.54858896252881
1907725625.0,-26.52597384021703
1907728750.0,-26.503912348344333
1907731875.0,-26.48257670782916
1907735000.0,-26.45889037286432
1907738125.0,-26.43756808423943
1907741250.0,-26.415704513963355
1907744375.0,-26.39290325939481
1907747500.0,-26.370523282824696
1907750625.0,-26.34800748911525
1907753750.0,-26.325597183397917
1907756875.0,-26.303674888214314
1907760000.0,-26.280685471704793
1907763125.0,-26.257785797135845
1907766250.0,-26.23483091311578
1907769375.0,-26.212220095954518
1907772500.0,-26.188898846732396
1907775625.0,-26.16596419099233
1907778750.0,-26.14242076685469
1907781875.0,-26.120802988328904
1907785000.0,-26.096070110095752
1907788125.0,-26.073851641598075
1907791250.0,-26.049425674337627
1907794375.0,-26.027876335359366
1907797500.0,-26.003385192823444
1907800625.0,-25.98053054616484
1907803750.0,-25.956324396013073
1907806875.0,-25.933253125233506
1907810000.0,-25.909562100172046
1907813125.0,-25.885642765273193
1907816250.0,-25.861363351789038
1907819375.0,-25.83844526972682
1907822500.0,-25.814585521159465
1907825625.0,-25.789665915452094
1907828750.0,-25.766000267659045
1907831875.0,-25.741819868669108
1907835000.0,-25.71805639932316
1907838125.0,-25.693785145295017
1907841250.0,-25.66966539533665
1907844375.0,-25.644838448444887
1907847500.0,-25.620629502763663
1907850625.0,-25.59571149556918
1907853750.0,-25.570811593887353
1907856875.0,-25.54663752700573
1907860000.0,-25.521510690045943
1907863125.0,-25.49748485540955
1907866250.0,-25.47159842862653
1907869375.0,-25.4478118014688
1907872500.0,-25.42247282885817
1907875625.0,-25.39728641541165
1907878750.0,-25.373313856669643
1907881875.0,-25.347072525419513
1907885000.0,-25.32241610769605
1907888125.0,-25.297427700008058
1907891250.0,-25.271082092801024
1907894375.0,-25.245939264813092
1907897500.0,-25.220514464493753
1907900625.0,-25.19485784531034
1907903750.0,-25.169755272344478
1907906875.0,-25.143695323854782
1907910000.0,-25.117069747792048
1907913125.0,-25.091146635272594
1907916250.0,-25.06475633217098
1907919375.0,-25.040611998740157
1907922500.0,-25.013460732994822
1907925625.0,-24.9873256320243
1907928750.0,-24.9618165985104
1907931875.0,-24.934680657536504
1907935000.0,-24.908292853721903
1907938125.0,-24.88198883504634
1907941250.0,-24.85571335133496
1907944375.0,-24.828468758407567
1907947500.0,-24.801298935698792
1907950625.0,-24.77536454913538
1907953750.0,-24.747962560731565
1907956875.0,-24.72121561473464
1907960000.0,-24.693625631717275
1907963125.0,-24.66729499551854
1907966250.0,-24.639724979371874
1907969375.0,-24.61230329028382
1907972500.0,-24.585026385501553
1907975625.0,-24.557197194805184
1907978750.0,-24.529679778766695
1907981875.0,-24.502191680781912
1907985000.0,-24.475148182557582
1907988125.0,-24.446870556211643
1907991250.0,-24.418954888341094
1907994375.0,-24.391339270670876
1907997500.0,-24.36309946211019
1908000625.0,-24.33456991807546
1908003750.0,-24.30594606786131
1908006875.0,-24.278962683154877
1908010000.0,-24.25005269518335
1908013125.0,-24.222142090476975
1908016250.0,-24.193553688333026
1908019375.0,-24.164222231570964
1908022500.0,-24.134980620248836
1908025625.0,-24.106802063493205
1908028750.0,-24.07714143071105
1908031875.0,-24.04811438826213
1908035000.0,-24.020021064443128
1908038125.0,-23.990566665282145
1908041250.0,-23.960607913696442
1908044375.0,-23.93123886881624
1908047500.0,-23.901828104877136
1908050625.0,-23.872560431231406
1908053750.0,-23.8421735616736
1908056875.0,-23.813033459747288
1908060000.0,-23.783260042265965
1908063125.0,-23.753111262821534
1908066250.0,-23.722790152184675
1908069375.0,-23.692916360116
1908072500.0,-23.662132336258008
1908075625.0,-23.63180013221289
1908078750.0,-23.601062202513578
1908081875.0,-23.57069118629577
1908085000.0,-23.539515276264904
1908088125.0,-23.508983128021313
1908091250.0,-23.47806140847065
1908094375.0,-23.447207411395702
1908097500.0,-23.416171643984526
1908100625.0,-23.384943494258057
1908103750.0,-23.35332138871298
1908106875.0,-23.321847758605273
1908110000.0,-23.290329846364408
1908113125.0,-23.258611988115334
1908116250.0,-23.227308339934538
1908119375.0,-23.19515271205658
1908122500.0,-23.1624142746393
1908125625.0,-23.130096661825018
1908128750.0,-23.098544417262993
1908131875.0,-23.06599568902945
1908135000.0,-23.033497157926202
1908138125.0,-23.001314180051125
1908141250.0,-22.968317203738486
1908144375.0,-22.93563570175791
1908147500.0,-22.90286240631532
1908150625.0,-22.87017640806748
1908153750.0,-22.836549286945868
1908156875.0,-22.80289252153901
1908160000.0,-22.77022210691426
1908163125.0,-22.736541750851416
1908166250.0,-22.70270825081484
1908169375.0,-22.668108892199477
1908172500.0,-22.63540575753563
1908175625.0,-22.601101717718688
1908178750.0,-22.566999068859364
1908181875.0,-22.532596609375172
1908185000.0,-22.497631104106272
1908188125.0,-22.46294345902865
1908191250.0,-22.42884617871318
1908194375.0,-22.394685206667866
1908197500.0,-22.358465372875322
1908200625.0,-22.324586243102175
1908203750.0,-22.28848838772684
1908206875.0,-22.25415648536537
1908210000.0,-22.218791196248173
1908213125.0,-22.182172215325807
1908216250.0,-22.146296035038798
1908219375.0,-22.111178174539717
1908222500.0,-22.075039295446718
1908225625.0,-22.038188656832524
1908228750.0,-22.002558984054993
1908231875.0,-21.966537381827518
1908235000.0,-21.929472949799035
1908238125.0,-21.89279921497466
1908241250.0,-21.856432542258656
1908244375.0,-21.81916031514814
1908247500.0,-21.78216489960089
1908250625.0,-21.744466789722697
1908253750.0,-21.707113423168703
1908256875.0,-21.669719973246934
1908260000.0,-21.631861503145302
1908263125.0,-21.593895274617026
1908266250.0,-21.555685450164763
1908269375.0,-21.518159239244657
1908272500.0,-21.479325671582906
1908275625.0,-21.44113213440053
1908278750.0,-21.402439524480517
1908281875.0,-21.363817098400762
1908285000.0,-21.324010728719056
1908288125.0,-21.286284097688593
1908291250.0,-21.246602012324917
1908294375.0,-21.207265386809958
1908297500.0,-21.167606352765407
1908300625.0,-21.127117192552774
1908303750.0,-21.08772405596025
1908306875.0,-21.047158789540894
1908310000.0,-21.008119114209975
1908313125.0,-20.96675684554765
1908316250.0,-20.926621144355114
1908319375.0,-20.88589444146664
1908322500.0,-20.84423232908794
1908325625.0,-20.80368309575647
1908328750.0,-20.76132023288996
1908331875.0,-20.720358505702364
1908335000.0,-20.679039862004952
1908338125.0,-20.637358249734064
1908341250.0,-20.59515266736149
1908344375.0,-20.55342530123452
1908347500.0,-20.51112267199718
1908350625.0,-20.467505749857644
1908353750.0,-20.425407378371442
1908356875.0,-20.382508640474743
1908360000.0,-20.33804604886274
1908363125.0,-20.295859043537675
1908366250.0,-20.25218020809078
1908369375.0,-20.208583700885896
1908372500.0,-20.164473707316787
1908375625.0,-20.12046961381687
1908378750.0,-20.07626293021362
1908381875.0,-20.031518665576982
1908385000.0,-19.98695381435646
1908388125.0,-19.941221096494907
1908391250.0,-19.89682846090503
1908394375.0,-19.8509987454612
1908397500.0,-19.80537506849779
1908400625.0,-19.76010298318186
1908403750.0,-19.71385984062826
1908406875.0,-19.667331711439264
1908410000.0,-19.621494880284004
1908413125.0,-19.57499785340721
1908416250.0,-19.52806353001674
1908419375.0,-19.481440115799437
1908422500.0,-19.434024775009462
1908425625.0,-19.38628022431831
1908428750.0,-19.338520095876813
1908431875.0,-19.29017468532623
1908435000.0,-19.242442712236173
1908438125.0,-19.19428097629706
1908441250.0,-19.145557976107614
1908444375.0,-19.09621371252716
1908447500.0,-19.047679315636216
1908450625.0,-18.997980834878938
1908453750.0,-18.948964058606148
1908456875.0,-18.89878420329859
1908460000.0,-18.849291491772828
1908463125.0,-18.79887548931601
1908466250.0,-18.74742096306492
1908469375.0,-18.69711976794333
1908472500.0,-18.647071639840966
1908475625.0,-18.594585244572347
1908478750.0,-18.543386459285717
1908481875.0,-18.491122339740897
1908485000.0,-18.4397623429286
1908488125.0,-18.387606227815287
1908491250.0,-18.3341465966202
1908494375.0,-18.281866440418902
1908497500.0,-18.228907994875954
1908500625.0,-18.175547848459793
1908503750.0,-18.12198254019788
1908506875.0,-18.067797614659092
1908510000.0,-18.013704074734694
1908513125.0,-17.95936862711684
1908516250.0,-17.90525003588686
1908519375.0,-17.850256108209393
1908522500.0,-17.794587182004935
1908525625.0,-17.739228450985102
1908528750.0,-17.68344900690557
1908531875.0,-17.628182551311756
1908535000.0,-17.570972661831956
1908538125.0,-17.514951931129062
1908541250.0,-17.457570129632273
1908544375.0,-17.400748987350408
1908547500.0,-17.34303029337658
1908550625.0,-17.28589447128947
1908553750.0,-17.22766924044488
1908556875.0,-17.168389958675473
1908560000.0,-17.110720660830626
1908563125.0,-17.052292981150504
1908566250.0,-16.992620886705083
1908569375.0,-16.93286126634268
1908572500.0,-16.873115180110343
1908575625.0,-16.813283131459574
1908578750.0,-16.752766188455038
1908581875.0,-16.691737564756984
1908585000.0,-16.63108898214583
1908588125.0,-16.569666511756555
1908591250.0,-16.507676359560097
1908594375.0,-16.44607381642029
1908597500.0,-16.384310133781266
1908600625.0,-16.321696718776565
1908603750.0,-16.258825608215634
1908606875.0,-16.1957934409854
1908610000.0,-16.131836496556435
1908613125.0,-16.068986204809416
1908616250.0,-16.005282999480333
1908619375.0,-15.940285231328806
1908622500.0,-15.875526532787566
1908625625.0,-15.811012865316954
1908628750.0,-15.746283935204714
1908631875.0,-15.680401423881321
1908635000.0,-15.614322926787802
1908638125.0,-15.54848407460498
1908641250.0,-15.48211213790473
1908644375.0,-15.414770065117118
1908647500.0,-15.34886783135651
1908650625.0,-15.281346668320706
1908653750.0,-15.213562661683092
1908656875.0,-15.145818113215181
1908660000.0,-15.078278994055708
1908663125.0,-15.00975070707138
1908666250.0,-14.941531992791317
1908669375.0,-14.872101236142225
1908672500.0,-14.80327469461765
1908675625.0,-14.734206623190463
1908678750.0,-14.665066423618248
1908681875.0,-14.594651742204116
1908685000.0,-14.524453132807391
1908688125.0,-14.454494924303075
1908691250.0,-14.383587046873446
1908694375.0,-14.313196827955103
1908697500.0,-14.242391867181901
1908700625.0,-14.17144467523941
1908703750.0,-14.100201383456266
1908706875.0,-14.028691089962589
1908710000.0,-13.957492706293824
1908713125.0,-13.885970798733643
1908716250.0,-13.813925593758498
1908719375.0,-13.741675858255231
1908722500.0,-13.670266603162492
1908725625.0,-13.597625910656925
1908728750.0,-13.525712065233321
1908731875.0,-13.453712450404824
1908735000.0,-13.380814938655991
1908738125.0,-13.30865662224005
1908741250.0,-13.236235568115486
1908744375.0,-13.164443953192368
1908747500.0,-13.091524541503118
1908750625.0,-13.019960636203594
1908753750.0,-12.947388419630709
1908756875.0,-12.875412284482783
1908760000.0,-12.804154033658323
1908763125.0,-12.732468465521425
1908766250.0,-12.660419915828058
1908769375.0,-12.589965047111454
1908772500.0,-12.51871911893524
1908775625.0,-12.447984354256278
1908778750.0,-12.377230003686115
1908781875.0,-12.307676681004411
1908785000.0,-12.238350667898477
1908788125.0,-12.1688729300464
1908791250.0,-12.100701482827178
1908794375.0,-12.031859294546841
1908797500.0,-11.964895228783933
1908800625.0,-11.897610861499498
1908803750.0,-11.831064060884005
1908806875.0,-11.76593563760272
1908810000.0,-11.700361134059797
1908813125.0,-11.636824703109482
1908816250.0,-11.573005387039293
1908819375.0,-11.510788839807304
1908822500.0,-11.448987584469943
1908825625.0,-11.388618829431927
1908828750.0,-11.329403862520532
1908831875.0,-11.270642413908568
1908835000.0,-11.213709740234199
1908838125.0,-11.157963208442021
1908841250.0,-11.102974836149242
1908844375.0,-11.049529595179328
1908847500.0,-10.997205496200978
1908850625.0,-10.946986990717848
1908853750.0,-10.897804475553928
1908856875.0,-10.850242225470515
1908860000.0,-10.80467394266133
1908863125.0,-10.76056039796729
1908866250.0,-10.71769987580223
1908869375.0,-10.677619165592157
1908872500.0,-10.637809686608836
1908875625.0,-10.60126916428287
1908878750.0,-10.56644352129804
1908881875.0,-10.532711916724733
1908885000.0,-10.501949068345061
1908888125.0,-10.47332155193281
1908891250.0,-10.446693695645695
1908894375.0,-10.422191225355412
1908897500.0,-10.39976034538679
1908900625.0,-10.379467955318871
1908903750.0,-10.361656758449218
1908906875.0,-10.346325085243986
1908910000.0,-10.332570389240887
1908913125.0,-10.321668108633439
1908916250.0,-10.313677884762894
1908919375.0,-10.307672717156146
1908922500.0,-10.30362276610904
1908925625.0,-10.302303662038067
1908928750.0,-10.303510476267654
1908931875.0,-10.306684893840998
1908935000.0,-10.312553420920274
1908938125.0,-10.320860223333762
1908941250.0,-10.33183663969744
1908944375.0,-10.345193813633138
1908947500.0,-10.360179794815936
1908950625.0,-10.378131245181851
1908953750.0,-10.397514776661525
1908956875.0,-10.41983683576036
1908960000.0,-10.444459865399354
1908963125.0,-10.470940770996657
1908966250.0,-10.499635291485113
1908969375.0,-10.530550391533804
1908972500.0,-10.56349447301928
1908975625.0,-10.597988847357371
1908978750.0,-10.635155276801072
1908981875.0,-10.673547794572439
1908985000.0,-10.713752882889418
1908988125.0,-10.756383338833762
1908991250.0,-10.80055161353408
1908994375.0,-10.846216915959252
1908997500.0,-10.893739963685958
1909000625.0,-10.942629289079946
1909003750.0,-10.992993129292827
1909006875.0,-11.044466946574522
1909010000.0,-11.097857683510815
1909013125.0,-11.152656058370232
1909016250.0,-11.208550512691616
1909019375.0,-11.265218909635227
1909022500.0,-11.323567028000923
1909025625.0,-11.382910760701963
1909028750.0,-11.44347760708104
1909031875.0,-11.504315031338534
1909035000.0,-11.567057764432523
1909038125.0,-11.630483233053038
1909041250.0,-11.694448605744423
1909044375.0,-11.759339869461357
1909047500.0,-11.824766376343005
1909050625.0,-11.891119148301168
1909053750.0,-11.957860652440218
1909056875.0,-12.025301512835766
1909060000.0,-12.09393292067802
1909063125.0,-12.161716448642352
1909066250.0,-12.231076860835824
1909069375.0,-12.300582195261372
1909072500.0,-12.3706848969855
1909075625.0,-12.440717374699757
1909078750.0,-12.511414132464093
1909081875.0,-12.582611838296883
1909085000.0,-12.653451437759385
1909088125.0,-12.725016702805279
1909091250.0,-12.796909884606707
1909094375.0,-12.86799888460494
1909097500.0,-12.93980372907649
1909100625.0,-13.01220451854017
1909103750.0,-13.08420842008
1909106875.0,-13.156317805951193
1909110000.0,-13.228773325507362
1909113125.0,-13.300722203372457
1909116250.0,-13.373294527346276
1909119375.0,-13.445387876739545
1909122500.0,-13.517477900087876
1909125625.0,-13.590096423283809
1909128750.0,-13.661856488831312
1909131875.0,-13.733699504960382
1909135000.0,-13.805737117900774
1909138125.0,-13.877156905112816
1909141250.0,-13.94846465690786
1909144375.0,-14.020445901002766
1909147500.0,-14.092037908713968
1909150625.0,-14.16290887322545
1909153750.0,-14.23365650394465
1909156875.0,-14.305006490064894
1909160000.0,-14.375385995041336
1909163125.0,-14.445765716228737
1909166250.0,-14.515895491251817
1909169375.0,-14.586291018292364
1909172500.0,-14.655658706495997
1909175625.0,-14.725223968000389
1909178750.0,-14.794140499565211
1909181875.0,-14.863836377383954
1909185000.0,-14.931968706455153
1909188125.0,-15.000845666438558
1909191250.0,-15.069317782481058
1909194375.0,-15.136387837370163
1909197500.0,-15.204146592382136
1909200625.0,-15.271551347677674
1909203750.0,-15.339227072315627
1909206875.0,-15.406323861351328
1909210000.0,-15.472380013623235
1909213125.0,-15.539209220754326
1909216250.0,-15.605537932207074
1909219375.0,-15.670871395093341
1909222500.0,-15.736705799967572
1909225625.0,-15.801459600111697
1909228750.0,-15.866063367711222
1909231875.0,-15.930707832926583
1909235000.0,-15.99483787186023
1909238125.0,-16.05879632989241
1909241250.0,-16.122653786951552
1909244375.0,-16.185862661556502
1909247500.0,-16.249344263000797
1909250625.0,-16.31187724346108
1909253750.0,-16.373981395368407
1909256875.0,-16.43658626352755
1909260000.0,-16.498494479710775
1909263125.0,-16.560070985690228
1909266250.0,-16.621369310089772
1909269375.0,-16.68238342897398
1909272500.0,-16.742366849060602
1909275625.0,-16.803520183960842
1909278750.0,-16.86361843468474
1909281875.0,-16.92301236815955
1909285000.0,-16.982441464477436
1909288125.0,-17.04137154833321
1909291250.0,-17.099965566054934
1909294375.0,-17.158896714224372
1909297500.0,-17.217179177791774
1909300625.0,-17.275619994907863
1909303750.0,-17.33309984717926
1909306875.0,-17.390380905213856
1909310000.0,-17.447580102915843
1909313125.0,-17.504289087845322
1909316250.0,-17.560933061649735
1909319375.0,-17.617381651246323
1909322500.0,-17.673073763655477
1909325625.0,-17.72876337027815
1909328750.0,-17.784623614317713
1909331875.0,-17.83949146217865
1909335000.0,-17.894593344483877
1909338125.0,-17.94920646155627
1909341250.0,-18.003398470623438
1909344375.0,-18.057600897497977
1909347500.0,-18.111643093575573
1909350625.0,-18.164982297238474
1909353750.0,-18.218228465134548
1909356875.0,-18.271303923713415
1909360000.0,-18.324059196800587
1909363125.0,-18.37660670996561
1909366250.0,-18.429158891845795
1909369375.0,-18.48189088054583
1909372500.0,-18.532891310600114
1909375625.0,-18.584067146006714
1909378750.0,-18.635024386231237
1909381875.0,-18.686297315511162
1909385000.0,-18.737460704693476
1909388125.0,-18.78767667338599
1909391250.0,-18.83763141723565
1909394375.0,-18.887886803202434
1909397500.0,-18.93761222649001
1909400625.0,-18.98729331836404
1909403750.0,-19.036519279904848
1909406875.0,-19.085355498135833
1909410000.0,-19.13389959227772
1909413125.0,-19.183474028157157
1909416250.0,-19.230978306850186
1909419375.0,-19.280066847114135
1909422500.0,-19.32707783779779
1909425625.0,-19.375224777852704
1909428750.0,-19.42198728911996
1909431875.0,-19.469790755440535
1909435000.0,-19.516550819354862
1909438125.0,-19.56350068352043
1909441250.0,-19.60967002862515
1909444375.0,-19.65640343393981
1909447500.0,-19.702310642470447
1909450625.0,-19.748560552818944
1909453750.0,-19.794180222338625
1909456875.0,-19.839574498902746
1909460000.0,-19.884581020274798
1909463125.0,-19.929945305813888
1909466250.0,-19.973997607115855
1909469375.0,-20.019670998236347
1909472500.0,-20.063888495545328
1909475625.0,-20.108198829763854
1909478750.0,-20.152016296442483
1909481875.0,-20.195704570768
1909485000.0,-20.239325517432455
1909488125.0,-20.28336773322099
1909491250.0,-20.326624389664058
1909494375.0,-20.36933193557874
1909497500.0,-20.412977025756163
1909500625.0,-20.45608917103561
1909503750.0,-20.498168185286247
1909506875.0,-20.540436223280963
1909510000.0,-20.582487823282243
1909513125.0,-20.62412965028445
1909516250.0,-20.66630940333596
1909519375.0,-20.70768522930104
1909522500.0,-20.74954126826198
1909525625.0,-20.791027742517493
1909528750.0,-20.831956590129586
1909531875.0,-20.873057149752924
1909535000.0,-20.91341864025097
1909538125.0,-20.9543558586646
1909541250.0,-20.994493058421444
1909544375.0,-21.03458931991664
1909547500.0,-21.07425900624159
1909550625.0,-21.114364982126315
1909553750.0,-21.154787977373722
1909556875.0,-21.193776972260963
1909560000.0,-21.234121502272295
1909563125.0,-21.272396150831224
1909566250.0,-21.31207980852315
1909569375.0,-21.350824569940542
1909572500.0,-21.389439246570166
1909575625.0,-21.42821653315641
1909578750.0,-21.46626584461786
1909581875.0,-21.50501147670788
1909585000.0,-21.54230277454212
1909588125.0,-21.580879320820202
1909591250.0,-21.618128939184338
1909594375.0,-21.657189930945854
1909597500.0,-21.693775559252256
1909600625.0,-21.731204604869912
1909603750.0,-21.76840516113496
1909606875.0,-21.805602524357226
1909610000.0,-21.84254079032449
1909613125.0,-21.879275023009743
1909616250.0,-21.915779491814792
1909619375.0,-21.952473739676766
1909622500.0,-21.98871084183112
1909625625.0,-22.025258715829906
1909628750.0,-22.061089393013606
1909631875.0,-22.096780179735553
1909635000.0,-22.13181376755972
1909638125.0,-22.16860170916404
1909641250.0,-22.20427403855228
1909644375.0,-22.239672799258418
1909647500.0,-22.27443749305605
1909650625.0,-22.30942876348994
1909653750.0,-22.344863123398298
1909656875.0,-22.38055547390265
1909660000.0,-22.414600490291626
1909663125.0,-22.449125974953713
1909666250.0,-22.483217809066026
1909669375.0,-22.518402201770044
1909672500.0,-22.55183511720153
1909675625.0,-22.58622565786559
1909678750.0,-22.620520174522166
1909681875.0,-22.6539004708595
1909685000.0,-22.687054075621923
1909688125.0,-22.721276456241934
1909691250.0,-22.75391580365166
1909694375.0,-22.78822554478366
1909697500.0,-22.820842589416518
1909700625.0,-22.855542238862693
1909703750.0,-22.888096688493192
1909706875.0,-22.920257975934845
1909710000.0,-22.95316982881371
1909713125.0,-22.986139073388987
1909716250.0,-23.018481774950924
1909719375.0,-23.050727423961444
1909722500.0,-23.083385699126044
1909725625.0,-23.11561184762192
1909728750.0,-23.146936326565253
1909731875.0,-23.179960300378653
1909735000.0,-23.21102076629563
1909738125.0,-23.24319898952466
1909741250.0,-23.274778467992686
1909744375.0,-23.30591563771204
1909747500.0,-23.33737805684024
1909750625.0,-23.368933324937228
1909753750.0,-23.400358380910415
1909756875.0,-23.43161835045975
1909760000.0,-23.461553374888453
1909763125.0,-23.492801101424476
1909766250.0,-23.523301205287222
1909769375.0,-23.554273878055362
1909772500.0,-23.585139607177254
1909775625.0,-23.61515705379101
1909778750.0,-23.645123070368175
1909781875.0,-23.67628693885203
1909785000.0,-23.706054795727628
1909788125.0,-23.73654630068982
1909791250.0,-23.7666702271646
1909794375.0,-23.79618886338936
1909797500.0,-23.82567112764279
1909800625.0,-23.855841913935635
1909803750.0,-23.886307277958235
1909806875.0,-23.915145335288933
1909810000.0,-23.944382752663664
1909813125.0,-23.97382902677179
1909816250.0,-24.00248933146112
1909819375.0,-24.031727381858918
1909822500.0,-24.060695220071434
1909825625.0,-24.08967424045771
1909828750.0,-24.11874117652751
1909831875.0,-24.146979999405172
1909835000.0,-24.176259240752344
1909838125.0,-24.204194120382326
1909841250.0,-24.2328236444092
1909844375.0,-24.260326121926923
1909847500.0,-24.290099514017832
1909850625.0,-24.317320533959325
1909853750.0,-24.346257711281698
1909856875.0,-24.373422612629177
1909860000.0,-24.40145984801977
1909863125.0,-24.430012033000356
1909866250.0,-24.457793105057235
1909869375.0,-24.485177429210598
1909872500.0,-24.51348804441523
1909875625.0,-24.53994114097419
1909878750.0,-24.568026058110554
1909881875.0,-24.594409714756964
1909885000.0,-24.622456970832246
1909888125.0,-24.64991466725425
1909891250.0,-24.676683989195652
1909894375.0,-24.703676998958997
1909897500.0,-24.73033011927813
1909900625.0,-24.75744397232306
1909903750.0,-24.784259214204013
1909906875.0,-24.811475596520356
1909910000.0,-24.83762383195108
1909913125.0,-24.8641823258886
1909916250.0,-24.89141620033738
1909919375.0,-24.917442161815558
1909922500.0,-24.943374745907494
1909925625.0,-24.96967718777314
1909928750.0,-24.995232211327927
1909931875.0,-25.02073990154621
1909935000.0,-25.047803092646
1909938125.0,-25.073862412893238
1909941250.0,-25.099544694757356
1909944375.0,-25.12464580171655
1909947500.0,-25.15008070985807
1909950625.0,-25.176015843823553
1909953750.0,-25.20246657149665
1909956875.0,-25.227370355338692
1909960000.0,-25.253008964638614
1909963125.0,-25.27877152428308
1909966250.0,-25.3033409130492
1909969375.0,-25.329573429923446
1909972500.0,-25.354045204626807
1909975625.0,-25.37957973992067
1909978750.0,-25.40334607307761
1909981875.0,-25.428630836660954
1909985000.0,-25.452479117701024
1909988125.0,-25.4791852838937
1909991250.0,-25.50265732134779
1909994375.0,-25.52731356891373
1909997500.0,-25.55243716563053
1910000625.0,-25.576353070867878
1910003750.0,-25.60112300345273
1910006875.0,-25.625210535088932
1910010000.0,-25.65048724069543
1910013125.0,-25.674113999433168
1910016250.0,-25.698298463036018
1910019375.0,-25.722983184523258
1910022500.0,-25.745800355770932
1910025625.0,-25.769831120413894
1910028750.0,-25.794693351069125
1910031875.0,-25.818234095907265
1910035000.0,-25.841579600705128
1910038125.0,-25.86594901077078
1910041250.0,-25.889272055341458
1910044375.0,-25.913286444654076
1910047500.0,-25.93632572941184
1910050625.0,-25.9606211868293
1910053750.0,-25.98346609527007
1910056875.0,-26.00753258754389
1910060000.0,-26.030024100657236
1910063125.0,-26.05449468025635
1910066250.0,-26.077332306926262
1910069375.0,-26.099385554131754
1910072500.0,-26.123672504796787
1910075625.0,-26.14603921847867
1910078750.0,-26.16799120197099
1910081875.0,-26.191258564576305
1910085000.0,-26.21379117231775
1910088125.0,-26.236991571002424
1910091250.0,-26.259850727702368
1910094375.0,-26.28231426543022
1910097500.0,-26.30578756716952
1910100625.0,-26.328395181646275
1910103750.0,-26.350425346502607
1910106875.0,-26.372025296849944
1910110000.0,-26.394981763140073
1910113125.0,-26.41695074515165
1910116250.0,-26.440557575061803
1910119375.0,-26.46179361454722
1910122500.0,-26.48395802851329
1910125625.0,-26.506371347809587
1910128750.0,-26.5284891026666
1910131875.0,-26.55022809283405
1910135000.0,-26.57233874224022
1910138125.0,-26.5934826520429
1910141250.0,-26.615805139950456
1910144375.0,-26.6370537165119
1910147500.0,-26.658849661108842
1910150625.0,-26.680095256477856
1910153750.0,-26.702401181429966
1910156875.0,-26.72436783342764
1910160000.0,-26.744659393586286
1910163125.0,-26.766775661345978
1910166250.0,-26.789053982936142
1910169375.0,-26.80979562573327
1910172500.0,-26.830236734035555
1910175625.0,-26.852037340002106
1910178750.0,-26.873303110948928
1910181875.0,-26.894170330085995
1910185000.0,-26.914631147435188
1910188125.0,-26.936631305554844
1910191250.0,-26.957252166783704
1910194375.0,-26.977919704300493
1910197500.0,-26.999366466370457
1910200625.0,-27.02057430045722
1910203750.0,-27.04149384083167
1910206875.0,-27.062868432873618
1910210000.0,-27.082302397619443
1910213125.0,-27.1030685929762
1910216250.0,-27.122264553687295
1910219375.0,-27.144078442998303
1910222500.0,-27.163569692763005
1910225625.0,-27.183796689119976
1910228750.0,-27.20560610081991
1910231875.0,-27.226095258921628
1910235000.0,-27.246410360429074
1910238125.0,-27.26555066332924
1910241250.0,-27.287213079273492
1910244375.0,-27.30638897523981
1910247500.0,-27.325599306487188
1910250625.0,-27.345924528675027
1910253750.0,-27.366651452039708
1910256875.0,-27.386587162060714
1910260000.0,-27.407057081553685
1910263125.0,-27.42662262955948
1910266250.0,-27.44700071698242
1910269375.0,-27.46576463945456
1910272500.0,-27.48615911290648
1910275625.0,-27.505933920419753
1910278750.0,-27.526338395487215
1910281875.0,-27.54507277318684
1910285000.0,-27.5651400242028
1910288125.0,-27.584399315342647
1910291250.0,-27.604770098193466
1910294375.0,-27.62340777421038
1910297500.0,-27.642536123878692
1910300625.0,-27.662581003806988
1910303750.0,-27.682604770995436
1910306875.0,-27.70126920386429
1910310000.0,-27.719469466207943
1910313125.0,-27.739189547567843
1910316250.0,-27.758162177902037
1910319375.0,-27.77723875817227
1910322500.0,-27.797265951198398
1910325625.0,-27.81598476688971
1910328750.0,-27.834944412507593
1910331875.0,-27.85483254223076
1910335000.0,-27.872995627588146
1910338125.0,-27.890334070530727
1910341250.0,-27.90934573593877
1910344375.0,-27.92938871502668
1910347500.0,-27.9485091034491
1910350625.0,-27.96645505613948
1910353750.0,-27.984985444073974
1910356875.0,-28.003248875039134
1910360000.0,-28.022579918201057
1910363125.0,-28.040394528483993
1910366250.0,-28.060001481935796
1910369375.0,-28.077511134980313
1910372500.0,-28.096569049570068
1910375625.0,-28.114695562412127
1910378750.0,-28.133925596543072
1910381875.0,-28.15225711465575
1910385000.0,-28.170283904449814
1910388125.0,-28.188956711018637
1910391250.0,-28.206350426128534
1910394375.0,-28.223907348370368
1910397500.0,-28.243351995032437
1910400625.0,-28.260018440450025
1910403750.0,-28.27890600824659
1910406875.0,-28.296641689833734
1910410000.0,-28.315395043992577
1910413125.0,-28.33295872188581
1910416250.0,-28.350940101110616
1910419375.0,-28.36850930265384
1910422500.0,-28.387887299193483
1910425625.0,-28.40361196264807
1910428750.0,-28.42135563484466
1910431875.0,-28.440263586092524
1910435000.0,-28.45709733511108
1910438125.0,-28.476436645373226
1910441250.0,-28.492622547407983
1910444375.0,-28.51074393385681
1910447500.0,-28.527916185287626
1910450625.0,-28.546111176228937
1910453750.0,-28.56236973557274
1910456875.0,-28.581468159603656
1910460000.0,-28.598165121876892
1910463125.0,-28.614549972398123
1910466250.0,-28.633580400535603
1910469375.0,-28.6506150426598
1910472500.0,-28.666596459356377
1910475625.0,-28.685654602042337
1910478750.0,-28.70118879886442
1910481875.0,-28.71907222046904
1910485000.0,-28.737007033952775
1910488125.0,-28.753135088861594
1910491250.0,-28.770693266609218
1910494375.0,-28.78774232758402
1910497500.0,-28.804229502678826
1910500625.0,-28.821533542007746
1910503750.0,-28.839054337311765
1910506875.0,-28.85555190361567
1910510000.0,-28.87202521549142
1910513125.0,-28.888157908450086
1910516250.0,-28.90500442173808
1910519375.0,-28.923012763423934
1910522500.0,-28.93999232690833
1910525625.0,-28.957188188727997
1910528750.0,-28.972438549444114
1910531875.0,-28.989999127304976
1910535000.0,-29.005523969100967
1910538125.0,-29.02312517435122
1910541250.0,-29.039993725691865
1910544375.0,-29.055795656768616
1910547500.0,-29.072716368743457
1910550625.0,-29.088483154037892
1910553750.0,-29.105585784082294
1910556875.0,-29.1213753136852
1910560000.0,-29.137988669319807
1910563125.0,-29.153705705032152
1910566250.0,-29.17064798131247
1910569375.0,-29.186090679536367
1910572500.0,-29.204892252013387
1910575625.0,-29.219006881059194
1910578750.0,-29.23643887394429
1910581875.0,-29.251952880544565
1910585000.0,-29.268528791098376
1910588125.0,-29.28343322292385
1910591250.0,-29.302074946222625
1910594375.0,-29.316419586098952
1910597500.0,-29.331812341793462
1910600625.0,-29.348418685603967
1910603750.0,-29.36364297782182
1910606875.0,-29.379665254956127
1910610000.0,-29.396298394063763
1910613125.0,-29.41168098665441
1910616250.0,-29.42716049712321
1910619375.0,-29.44281352544967
1910622500.0,-29.45920945930448
1910625625.0,-29.475570125163248
1910628750.0,-29.49017655262049
1910631875.0,-29.50710996354537
1910635000.0,-29.522504502661583
1910638125.0,-29.53848653067775
1910641250.0,-29.55317632766785
1910644375.0,-29.56839164793454
1910647500.0,-29.584370457615353
1910650625.0,-29.600262317987834
1910653750.0,-29.61460108811598
1910656875.0,-29.631292630857896
1910660000.0,-29.646508867330855
1910663125.0,-29.661747970600462
1910666250.0,-29.677982932253546
1910669375.0,-29.693013291788102
1910672500.0,-29.707360544691163
1910675625.0,-29.722842416023965
1910678750.0,-29.73851467209491
1910681875.0,-29.753933355819733
1910685000.0,-29.76936759359034
1910688125.0,-29.78551470760233
1910691250.0,-29.800076997707496
1910694375.0,-29.81524813409767
1910697500.0,-29.83016591128684
1910700625.0,-29.84534153750744
1910703750.0,-29.85987222278313
1910706875.0,-29.875780974075756
1910710000.0,-29.89067422079439
1910713125.0,-29.905139741412434
1910716250.0,-29.920021104250154
1910719375.0,-29.935551451397256
1910722500.0,-29.951930556187303
1910725625.0,-29.965276808928433
1910728750.0,-29.980862105919297
1910731875.0,-29.9933271761834
1910735000.0,-30.00792011828779
1910738125.0,-30.024432576614256
1910741250.0,-30.03894090113712
1910744375.0,-30.053629428409103
1910747500.0,-30.06734558577946
1910750625.0,-30.08188959252116
1910753750.0,-30.09806320369038
1910756875.0,-30.112595276282203
1910760000.0,-30.12884601713325
1910763125.0,-30.1412202441247
1910766250.0,-30.155907985672417
1910769375.0,-30.170004698875267
1910772500.0,-30.185260913693266
1910775625.0,-30.20102287765157
1910778750.0,-30.214032047099316
1910781875.0,-30.229722577868205
1910785000.0,-30.243414643276417
1910788125.0,-30.259243224195558
1910791250.0,-30.272212432600227
1910794375.0,-30.28502578916923
1910797500.0,-30.299705048733237
1910800625.0,-30.31502823257372
1910803750.0,-30.330831668309827
1910806875.0,-30.34393109548269
1910810000.0,-30.357747124948794
1910813125.0,-30.373601259155606
1910816250.0,-30.385972195159436
1910819375.0,-30.400889543876875
1910822500.0,-30.415216055625258
1910825625.0,-30.428470741385677
1910828750.0,-30.442126326007493
1910831875.0,-30.457308318246955
1910835000.0,-30.470132361130695
1910838125.0,-30.485909372118556
1910841250.0,-30.499101261270138
1910844375.0,-30.51320076376474
1910847500.0,-30.52647147796851
1910850625.0,-30.540858969808955
1910853750.0,-30.556309750579974
1910856875.0,-30.569423441753642
1910860000.0,-30.58346217633913
1910863125.0,-30.59697210004513
1910866250.0,-30.61051731873059
1910869375.0,-30.623176390486517
1910872500.0,-30.63811082533973
1910875625.0,-30.652661547559024
1910878750.0,-30.665253872356054
1910881875.0,-30.679227621412384
1910885000.0,-30.692566635230676
1910888125.0,-30.706488623972128
1910891250.0,-30.720787779387717
1910894375.0,-30.734707101689995
1910897500.0,-30.74647942330678
1910900625.0,-30.761460812435125
1910903750.0,-30.77480768879599
1910906875.0,-30.788755392833
1910910000.0,-30.8017542220384
1910913125.0,-30.815847488428073
1910916250.0,-30.828339249080102
1910919375.0,-30.841924928004406
1910922500.0,-30.85539281762394
1910925625.0,-30.870221882012842
1910928750.0,-30.882553758587818
1910931875.0,-30.896892263947436
1910935000.0,-30.910334262470244
1910938125.0,-30.922285592889235
1910941250.0,-30.93562340071664
1910944375.0,-30.95063647829589
1910947500.0,-30.963716194541252
1910950625.0,-30.975886681215947
1910953750.0,-30.98940130078004
1910956875.0,-31.002915838545984
1910960000.0,-31.015478922168814
1910963125.0,-31.027660637389136
1910966250.0,-31.04272962527584
1910969375.0,-31.05542739687498
1910972500.0,-31.068711672361175
1910975625.0,-31.080816124513568
1910978750.0,-31.09472826301898
1910981875.0,-31.107926257412426
1910985000.0,-31.121413515579434
1910988125.0,-31.133613304633965
1910991250.0,-31.14717448793763
1910994375.0,-31.159391254750457
1910997500.0,-31.172747116876362
1911000625.0,-31.18624078571649
1911003750.0,-31.199131914714382
1911006875.0,-31.212244255009598
1911010000.0,-31.225821664139055
1911013125.0,-31.238098393263126
1911016250.0,-31.25063094729985
1911019375.0,-31.262583929799998
1911022500.0,-31.27665316280454
1911025625.0,-31.288613396368092
1911028750.0,-31.30113447058767
1911031875.0,-31.314565251473198
1911035000.0,-31.327225709331756
1911038125.0,-31.339694753298623
1911041250.0,-31.352568175304256
1911044375.0,-31.365600429908334
1911047500.0,-31.376393167392585
1911050625.0,-31.391183028391648
1911053750.0,-31.40205376675273
1911056875.0,-31.415606877812213
1911060000.0,-31.427322098006588
1911063125.0,-31.440295178167897
1911066250.0,-31.451900827957154
1911069375.0,-31.466638645990102
1911072500.0,-31.478284271541387
1911075625.0,-31.49174399145035
1911078750.0,-31.503562247851274
1911081875.0,-31.51752594074184
1911085000.0,-31.529116229216896
1911088125.0,-31.54074064708671
1911091250.0,-31.552590512916577
1911094375.0,-31.56629951108933
1911097500.0,-31.57707546318904
1911100625.0,-31.590611181673246
1911103750.0,-31.603988019051048
1911106875.0,-31.615687059220893
1911110000.0,-31.628172312985587
1911113125.0,-31.638324238806888
1911116250.0,-31.651423339858184
1911119375.0,-31.665027141264208
1911122500.0,-31.677787998273807
1911125625.0,-31.68833583837717
1911128750.0,-31.702455034790212
1911131875.0,-31.71378559419455
1911135000.0,-31.724502050429866
1911138125.0,-31.73759473616557
1911141250.0,-31.749716708616972
1911144375.0,-31.762591205903476
1911147500.0,-31.774385748881347
1911150625.0,-31.785610515410248
1911153750.0,-31.797686778876912
1911156875.0,-31.8101884800247
1911160000.0,-31.82246659311833
1911163125.0,-31.832899417527013
1911166250.0,-31.846980316462723
1911169375.0,-31.858102360842526
1911172500.0,-31.87107711487639
1911175625.0,-31.882638924795767
1911178750.0,-31.893684943285756
1911181875.0,-31.90587342916164
1911185000.0,-31.91779635780207
1911188125.0,-31.93045229824697
1911191250.0,-31.939674533545674
1911194375.0,-31.953352813370405
1911197500.0,-31.966356158596362
1911200625.0,-31.977863567290104
1911203750.0,-31.98933001182327
1911206875.0,-32.00125898460049
1911210000.0,-32.01397067025364
1911213125.0,-32.02583523781513
1911216250.0,-32.035124250760255
1911219375.0,-32.048742454094125
1911222500.0,-32.05973867012872
1911225625.0,-32.07209906110824
1911228750.0,-32.08380609980794
1911231875.0,-32.09457625594779
1911235000.0,-32.10703302222707
1911238125.0,-32.117478102220005
1911241250.0,-32.13152282924573
1911244375.0,-32.142269871130104
1911247500.0,-32.15265203988667
1911250625.0,-32.16544715638228
1911253750.0,-32.176068591660496
1911256875.0,-32.18733979351624
1911260000.0,-32.20081932202856
1911263125.0,-32.211448959151454
1911266250.0,-32.22186106020534
1911269375.0,-32.234394929364406
1911272500.0,-32.24674266258052
1911275625.0,-32.25671615130601
1911278750.0,-32.26725473753086
1911281875.0,-32.27995039052945
1911285000.0,-32.29028438808987
1911288125.0,-32.30229504446991
1911291250.0,-32.3150345603167
1911294375.0,-32.32487332456986
1911297500.0,-32.33714141374764
1911300625.0,-32.346718542889604
1911303750.0,-32.359979417144984
1911306875.0,-32.370261818140214
1911310000.0,-32.38123157525901
1911313125.0,-32.39127431319993
1911316250.0,-32.40332969482437
1911319375.0,-32.414957277691926
1911322500.0,-32.42744651827259
1911325625.0,-32.43979551252018
1911328750.0,-32.4487835999928
1911331875.0,-32.4604247225057
1911335000.0,-32.471128038438586
1911338125.0,-32.48565076396131
1911341250.0,-32.49445274848418
1911344375.0,-32.50411959157786
1911347500.0,-32.518063118963845
1911350625.0,-32.52728182197278
1911353750.0,-32.53862875166118
1911356875.0,-32.548942453583116
1911360000.0,-32.55975018069985
1911363125.0,-32.57192632663014
1911366250.0,-32.58303231029944
1911369375.0,-32.59362254002091
1911372500.0,-32.60541822751538
1911375625.0,-32.614511176178596
1911378750.0,-32.627043320243935
1911381875.0,-32.63753422832111
1911385000.0,-32.649132863747845
1911388125.0,-32.65916605839915
1911391250.0,-32.67043273029852
1911394375.0,-32.68090186761928
1911397500.0,-32.69096443587452
1911400625.0,-32.70264257735079
1911403750.0,-32.71307505737069
1911406875.0,-32.72604489329939
1911410000.0,-32.73425747995756
1911413125.0,-32.74685825701106
1911416250.0,-32.75747110366335
1911419375.0,-32.76912408741717
1911422500.0,-32.77750207179183
1911425625.0,-32.78944005940544
1911428750.0,-32.80234076297743
1911431875.0,-32.81274532026415
1911435000.0,-32.81965655839987
1911438125.0,-32.83405500753682
1911441250.0,-32.84365239371693
1911444375.0,-32.85500230841103
1911447500.0,-32.86626736362004
1911450625.0,-32.87427937903712
1911453750.0,-32.8857345877906
1911456875.0,-32.898029466388444
1911460000.0,-32.90709506663467
1911463125.0,-32.917433771007204
1911466250.0,-32.9298074806785
1911469375.0,-32.940904895045264
1911472500.0,-32.949704665342
1911475625.0,-32.96075801016433
1911478750.0,-32.970853201482605
1911481875.0,-32.98177188774214
1911485000.0,-32.993303779937946
1911488125.0,-33.00184600888667
1911491250.0,-33.011770946745145
1911494375.0,-33.022539112080715
1911497500.0,-33.03511061533071
1911500625.0,-33.04374630443581
1911503750.0,-33.053946003287905
1911506875.0,-33.066432896009026
1911510000.0,-33.07762696072243
