2486210781.25,-33.1229
2486210937.5,-33.11639
2486211093.75,-33.12615
2486211250.0,-33.12365
2486211406.25,-33.12519
2486211562.5,-33.12278
2486211718.75,-33.1211
2486211875.0,-33.12719
2486212031.25,-33.12653
2486212187.5,-33.12804
2486212343.75,-33.12476
2486212500.0,-33.12064
2486212656.25,-33.1207
2486212812.5,-33.12412
2486212968.75,-33.11902
2486213125.0,-33.1242
2486213281.25,-33.12075
2486213437.5,-33.11887
2486213593.75,-33.11639
2486213750.0,-33.11872
2486213906.25,-33.11729
2486214062.5,-33.11949
2486214218.75,-33.11093
2486214375.0,-33.12499
2486214531.25,-33.11004
2486214687.5,-33.1241
2486214843.75,-33.11971
2486215000.0,-33.1105
2486215156.25,-33.11765
2486215312.5,-33.12368
2486215468.75,-33.11071
2486215625.0,-33.11611
2486215781.25,-33.11564
2486215937.5,-33.11235
2486216093.75,-33.11734
2486216250.0,-33.117
2486216406.25,-33.11594
2486216562.5,-33.11243
2486216718.75,-33.11948
2486216875.0,-33.11212
2486217031.25,-33.11321
2486217187.5,-33.10883
2486217343.75,-33.11493
2486217500.0,-33.11268
2486217656.25,-33.11663
2486217812.5,-33.11016
2486217968.75,-33.11634
2486218125.0,-33.10637
2486218281.25,-33.11589
2486218437.5,-33.0933
2486218593.75,-33.11288
2486218750.0,-33.11069
2486218906.25,-33.11189
2486219062.5,-33.11615
2486219218.75,-33.10434
2486219375.0,-33.10658
2486219531.25,-33.10785
2486219687.5,-33.10574
2486219843.75,-33.10497
2486220000.0,-33.10439
2486220156.25,-33.11119
2486220312.5,-33.10233
2486220468.75,-33.10197
2486220625.0,-33.10243
2486220781.25,-33.10501
2486220937.5,-33.1
2486221093.75,-33.10776
2486221250.0,-33.10161
2486221406.25,-33.11201
2486221562.5,-33.09942
2486221718.75,-33.10716
2486221875.0,-33.10371
2486222031.25,-33.10177
2486222187.5,-33.09538
2486222343.75,-33.09835
2486222500.0,-33.09919
2486222656.25,-33.09724
2486222812.5,-33.09696
2486222968.75,-33.09346
2486223125.0,-33.09668
2486223281.25,-33.09317
2486223437.5,-33.09585
2486223593.75,-33.09774
2486223750.0,-33.09433
2486223906.25,-33.08793
2486224062.5,-33.09618
2486224218.75,-33.09331
2486224375.0,-33.09743
2486224531.25,-33.09037
2486224687.5,-33.09357
2486224843.75,-33.09084
2486225000.0,-33.09221
2486225156.25,-33.09287
2486225312.5,-33.09594
2486225468.75,-33.08849
2486225625.0,-33.09471
2486225781.25,-33.0855
2486225937.5,-33.09299
2486226093.75,-33.09744
2486226250.0,-33.08862
2486226406.25,-33.0852
2486226562.5,-33.08501
2486226718.75,-33.08839
2486226875.0,-33.08759
2486227031.25,-33.09795
2486227187.5,-33.09532
2486227343.75,-33.08902
2486227500.0,-33.08132
2486227656.25,-33.08578
2486227812.5,-33.08495
2486227968.75,-33.08804
2486228125.0,-33.08669
2486228281.25,-33.08147
2486228437.5,-33.0844
2486228593.75,-33.08553
2486228750.0,-33.09006
2486228906.25,-33.08686
2486229062.5,-33.08039
2486229218.75,-33.07981
2486229375.0,-33.08535
2486229531.25,-33.07871
2486229687.5,-33.08262
2486229843.75,-33.08078
2486230000.0,-33.06927
2486230156.25,-33.07761
2486230312.5,-33.08005
2486230468.75,-33.07933
2486230625.0,-33.07751
2486230781.25,-33.08135
2486230937.5,-33.07809
2486231093.75,-33.07834
2486231250.0,-33.08058
2486231406.25,-33.08003
2486231562.5,-33.07985
2486231718.75,-33.07062
2486231875.0,-33.08415
2486232031.25,-33.07228
2486232187.5,-33.08288
2486232343.75,-33.0626
2486232500.0,-33.07257
2486232656.25,-33.08128
2486232812.5,-33.07166
2486232968.75,-33.0734
2486233125.0,-33.07757
2486233281.25,-33.07205
2486233437.5,-33.07625
2486233593.75,-33.07024
2486233750.0,-33.0716
2486233906.25,-33.07612
2486234062.5,-33.07343
2486234218.75,-33.06701
2486234375.0,-33.07614
2486234531.25,-33.06786
2486234687.5,-33.06932
2486234843.75,-33.06985
2486235000.0,-33.07868
2486235156.25,-33.06623
2486235312.5,-33.06729
2486235468.75,-33.06826
2486235625.0,-33.07248
2486235781.25,-33.06922
2486235937.5,-33.06771
2486236093.75,-33.06797
2486236250.0,-33.06656
2486236406.25,-33.06487
2486236562.5,-33.06203
2486236718.75,-33.06343
2486236875.0,-33.06119
2486237031.25,-33.06732
2486237187.5,-33.05869
2486237343.75,-33.07072
2486237500.0,-33.05952
2486237656.25,-33.06357
2486237812.5,-33.06202
2486237968.75,-33.05715
2486238125.0,-33.05991
2486238281.25,-33.05737
2486238437.5,-33.05646
2486238593.75,-33.05614
2486238750.0,-33.04897
2486238906.25,-33.0606
2486239062.5,-33.05784
2486239218.75,-33.0609
2486239375.0,-33.05635
2486239531.25,-33.06223
2486239687.5,-33.05616
2486239843.75,-33.05798
2486240000.0,-33.06386
2486240156.25,-33.05639
2486240312.5,-33.05634
2486240468.75,-33.05145
2486240625.0,-33.05671
2486240781.25,-33.05637
2486240937.5,-33.05582
2486241093.75,-33.06042
2486241250.0,-33.05696
2486241406.25,-33.05426
2486241562.5,-33.04848
2486241718.75,-33.0573
2486241875.0,-33.05225
2486242031.25,-33.05479
2486242187.5,-33.0592
2486242343.75,-33.05621
2486242500.0,-33.0523
2486242656.25,-33.04847
2486242812.5,-33.0516
2486242968.75,-33.04205
2486243125.0,-33.0513
2486243281.25,-33.04205
2486243437.5,-33.04994
2486243593.75,-33.04283
2486243750.0,-33.04517
2486243906.25,-33.04501
2486244062.5,-33.05597
2486244218.75,-33.05142
2486244375.0,-33.04814
2486244531.25,-33.04823
2486244687.5,-33.04494
2486244843.75,-33.04656
2486245000.0,-33.04183
2486245156.25,-33.04471
2486245312.5,-33.04942
2486245468.75,-33.03958
2486245625.0,-33.04243
2486245781.25,-33.04025
2486245937.5,-33.04398
2486246093.75,-33.03221
2486246250.0,-33.04207
2486246406.25,-33.04623
2486246562.5,-33.03804
2486246718.75,-33.03933
2486246875.0,-33.03927
2486247031.25,-33.03871
2486247187.5,-33.03981
2486247343.75,-33.03373
2486247500.0,-33.04845
2486247656.25,-33.03958
2486247812.5,-33.02486
2486247968.75,-33.04037
2486248125.0,-33.03291
2486248281.25,-33.03694
2486248437.5,-33.03338
2486248593.75,-33.03535
2486248750.0,-33.0373
2486248906.25,-33.04357
2486249062.5,-33.04582
2486249218.75,-33.0358
2486249375.0,-33.03988
2486249531.25,-33.03894
2486249687.5,-33.0435
2486249843.75,-33.03318
2486250000.0,-33.0294
2486250156.25,-33.03337
2486250312.5,-33.03062
2486250468.75,-33.03335
2486250625.0,-33.03141
2486250781.25,-33.03333
2486250937.5,-33.03437
2486251093.75,-33.02305
2486251250.0,-33.03023
2486251406.25,-33.02511
2486251562.5,-33.02406
2486251718.75,-33.02579
2486251875.0,-33.02868
2486252031.25,-33.02603
2486252187.5,-33.03075
2486252343.75,-33.0278
2486252500.0,-33.02308
2486252656.25,-33.0279
2486252812.5,-33.02262
2486252968.75,-33.03048
2486253125.0,-33.03246
2486253281.25,-33.02592
2486253437.5,-33.02689
2486253593.75,-33.02419
2486253750.0,-33.02281
2486253906.25,-33.02147
2486254062.5,-33.02447
2486254218.75,-33.01952
2486254375.0,-33.01065
2486254531.25,-33.02526
2486254687.5,-33.02149
2486254843.75,-33.02677
2486255000.0,-33.01384
2486255156.25,-33.02217
2486255312.5,-33.02026
2486255468.75,-33.0197
2486255625.0,-33.0163
2486255781.25,-33.01435
2486255937.5,-33.02174
2486256093.75,-33.01782
2486256250.0,-33.01947
2486256406.25,-33.01988
2486256562.5,-33.01286
2486256718.75,-33.01578
2486256875.0,-33.01292
2486257031.25,-33.01435
2486257187.5,-33.01223
2486257343.75,-33.01536
2486257500.0,-33.0176
2486257656.25,-33.0119
2486257812.5,-33.01485
2486257968.75,-33.00916
2486258125.0,-33.01507
2486258281.25,-33.01528
2486258437.5,-33.01543
2486258593.75,-33.00113
2486258750.0,-33.01044
2486258906.25,-33.0158
2486259062.5,-33.01242
2486259218.75,-33.0164
2486259375.0,-33.00501
2486259531.25,-33.01203
2486259687.5,-33.01049
2486259843.75,-33.01794
2486260000.0,-33.01046
2486260156.25,-33.0044
2486260312.5,-33.00114
2486260468.75,-33.00566
2486260625.0,-33.00554
2486260781.25,-33.00222
2486260937.5,-33.00875
2486261093.75,-33.00872
2486261250.0,-33.00079
2486261406.25,-33.00075
2486261562.5,-32.99827
2486261718.75,-32.99781
2486261875.0,-32.99837
2486262031.25,-33.0048
2486262187.5,-32.99897
2486262343.75,-33.00188
2486262500.0,-33.0013
2486262656.25,-32.99676
2486262812.5,-32.99999
2486262968.75,-32.99632
2486263125.0,-33.0013
2486263281.25,-33.00273
2486263437.5,-32.99642
2486263593.75,-33.00583
2486263750.0,-32.99677
2486263906.25,-32.99752
2486264062.5,-32.99819
2486264218.75,-33.00876
2486264375.0,-32.99574
2486264531.25,-32.99664
2486264687.5,-32.99269
2486264843.75,-32.9942
2486265000.0,-32.99676
2486265156.25,-32.99752
2486265312.5,-32.9907
2486265468.75,-32.98689
2486265625.0,-32.99673
2486265781.25,-32.9903
2486265937.5,-32.99226
2486266093.75,-32.9888
2486266250.0,-32.98931
2486266406.25,-32.99404
2486266562.5,-32.99259
2486266718.75,-32.98611
2486266875.0,-32.99453
2486267031.25,-32.99343
2486267187.5,-32.99504
2486267343.75,-32.98597
2486267500.0,-32.99477
2486267656.25,-32.99275
2486267812.5,-32.98757
2486267968.75,-32.99076
2486268125.0,-32.9815
2486268281.25,-32.99145
2486268437.5,-32.98551
2486268593.75,-32.97603
2486268750.0,-32.98655
2486268906.25,-32.98912
2486269062.5,-32.98504
2486269218.75,-32.98241
2486269375.0,-32.98365
2486269531.25,-32.98697
2486269687.5,-32.97803
2486269843.75,-32.98183
2486270000.0,-32.984
2486270156.25,-32.9878
2486270312.5,-32.97422
2486270468.75,-32.98275
2486270625.0,-32.98541
2486270781.25,-32.97549
2486270937.5,-32.97812
2486271093.75,-32.97312
2486271250.0,-32.97935
2486271406.25,-32.98445
2486271562.5,-32.97881
2486271718.75,-32.97841
2486271875.0,-32.9787
2486272031.25,-32.97715
2486272187.5,-32.97844
2486272343.75,-32.9832
2486272500.0,-32.97269
2486272656.25,-32.97003
2486272812.5,-32.98041
2486272968.75,-32.97336
2486273125.0,-32.97525
2486273281.25,-32.97876
2486273437.5,-32.97182
2486273593.75,-32.9731
2486273750.0,-32.96913
2486273906.25,-32.9794
2486274062.5,-32.97264
2486274218.75,-32.96936
2486274375.0,-32.97309
2486274531.25,-32.97069
2486274687.5,-32.97238
2486274843.75,-32.96715
2486275000.0,-32.97257
2486275156.25,-32.96669
2486275312.5,-32.96579
2486275468.75,-32.97059
2486275625.0,-32.96844
2486275781.25,-32.96665
2486275937.5,-32.97046
2486276093.75,-32.96701
2486276250.0,-32.96354
2486276406.25,-32.96153
2486276562.5,-32.9673
2486276718.75,-32.97277
2486276875.0,-32.96718
2486277031.25,-32.96433
2486277187.5,-32.9701
2486277343.75,-32.96617
2486277500.0,-32.9673
2486277656.25,-32.96164
2486277812.5,-32.96072
2486277968.75,-32.97288
2486278125.0,-32.96389
2486278281.25,-32.96489
2486278437.5,-32.96974
2486278593.75,-32.96083
2486278750.0,-32.96667
2486278906.25,-32.96273
2486279062.5,-32.96431
2486279218.75,-32.95722
2486279375.0,-32.95918
2486279531.25,-32.9583
2486279687.5,-32.95915
2486279843.75,-32.96614
2486280000.0,-32.95911
2486280156.25,-32.96469
2486280312.5,-32.95439
2486280468.75,-32.9502
2486280625.0,-32.95779
2486280781.25,-32.95403
2486280937.5,-32.96125
2486281093.75,-32.95257
2486281250.0,-32.9506
2486281406.25,-32.95387
2486281562.5,-32.96011
2486281718.75,-32.95157
2486281875.0,-32.95159
2486282031.25,-32.94281
2486282187.5,-32.95223
2486282343.75,-32.96117
2486282500.0,-32.95363
2486282656.25,-32.9496
2486282812.5,-32.95309
2486282968.75,-32.94833
2486283125.0,-32.95031
2486283281.25,-32.95926
2486283437.5,-32.94698
2486283593.75,-32.94818
2486283750.0,-32.95593
2486283906.25,-32.94741
2486284062.5,-32.94621
2486284218.75,-32.94919
2486284375.0,-32.94934
2486284531.25,-32.94571
2486284687.5,-32.9459
2486284843.75,-32.94478
2486285000.0,-32.94191
2486285156.25,-32.94495
2486285312.5,-32.93816
2486285468.75,-32.94802
2486285625.0,-32.94825
2486285781.25,-32.94371
2486285937.5,-32.94421
2486286093.75,-32.94778
2486286250.0,-32.93941
2486286406.25,-32.94367
2486286562.5,-32.94149
2486286718.75,-32.94053
2486286875.0,-32.93343
2486287031.25,-32.94104
2486287187.5,-32.9399
2486287343.75,-32.93716
2486287500.0,-32.94344
2486287656.25,-32.9406
2486287812.5,-32.92835
2486287968.75,-32.94209
2486288125.0,-32.93981
2486288281.25,-32.93175
2486288437.5,-32.93453
2486288593.75,-32.93414
2486288750.0,-32.93587
2486288906.25,-32.9335
2486289062.5,-32.93442
2486289218.75,-32.92736
2486289375.0,-32.93678
2486289531.25,-32.93881
2486289687.5,-32.93021
2486289843.75,-32.93465
2486290000.0,-32.93283
2486290156.25,-32.93369
2486290312.5,-32.93024
2486290468.75,-32.93723
2486290625.0,-32.93502
2486290781.25,-32.93031
2486290937.5,-32.93126
2486291093.75,-32.92157
2486291250.0,-32.93665
2486291406.25,-32.92778
2486291562.5,-32.93713
2486291718.75,-32.92546
2486291875.0,-32.92733
2486292031.25,-32.92763
2486292187.5,-32.92217
2486292343.75,-32.9256
2486292500.0,-32.93181
2486292656.25,-32.93085
2486292812.5,-32.92506
2486292968.75,-32.92533
2486293125.0,-32.92791
2486293281.25,-32.92793
2486293437.5,-32.9229
2486293593.75,-32.9231
2486293750.0,-32.92072
2486293906.25,-32.92639
2486294062.5,-32.92275
2486294218.75,-32.91824
2486294375.0,-32.92257
2486294531.25,-32.92957
2486294687.5,-32.92134
2486294843.75,-32.93007
2486295000.0,-32.92634
2486295156.25,-32.92164
2486295312.5,-32.92248
2486295468.75,-32.91754
2486295625.0,-32.92252
2486295781.25,-32.91571
2486295937.5,-32.92716
2486296093.75,-32.91602
2486296250.0,-32.91731
2486296406.25,-32.92086
2486296562.5,-32.9133
2486296718.75,-32.91922
2486296875.0,-32.91264
2486297031.25,-32.91278
2486297187.5,-32.91751
2486297343.75,-32.91366
2486297500.0,-32.91513
2486297656.25,-32.91539
2486297812.5,-32.91536
2486297968.75,-32.90974
2486298125.0,-32.92586
2486298281.25,-32.90801
2486298437.5,-32.92048
2486298593.75,-32.9096
2486298750.0,-32.91678
2486298906.25,-32.91653
2486299062.5,-32.90882
2486299218.75,-32.91388
2486299375.0,-32.90821
2486299531.25,-32.91135
2486299687.5,-32.91236
2486299843.75,-32.89982
2486300000.0,-32.90311
2486300156.25,-32.91106
2486300312.5,-32.90997
2486300468.75,-32.91079
2486300625.0,-32.91436
2486300781.25,-32.90445
2486300937.5,-32.90458
2486301093.75,-32.909
2486301250.0,-32.90877
2486301406.25,-32.90874
2486301562.5,-32.90449
2486301718.75,-32.90274
2486301875.0,-32.89692
2486302031.25,-32.9011
2486302187.5,-32.90239
2486302343.75,-32.90328
2486302500.0,-32.89246
2486302656.25,-32.89983
2486302812.5,-32.90317
2486302968.75,-32.9043
2486303125.0,-32.8997
2486303281.25,-32.90472
2486303437.5,-32.89877
2486303593.75,-32.904
2486303750.0,-32.8993
2486303906.25,-32.89236
2486304062.5,-32.89772
2486304218.75,-32.89392
2486304375.0,-32.89185
2486304531.25,-32.89547
2486304687.5,-32.89381
2486304843.75,-32.89515
2486305000.0,-32.89173
2486305156.25,-32.89532
2486305312.5,-32.89468
2486305468.75,-32.89264
2486305625.0,-32.89482
2486305781.25,-32.89308
2486305937.5,-32.89845
2486306093.75,-32.89673
2486306250.0,-32.8982
2486306406.25,-32.89888
2486306562.5,-32.89422
2486306718.75,-32.89078
2486306875.0,-32.89092
2486307031.25,-32.89469
2486307187.5,-32.89373
2486307343.75,-32.89512
2486307500.0,-32.89261
2486307656.25,-32.88806
2486307812.5,-32.88354
2486307968.75,-32.89213
2486308125.0,-32.89883
2486308281.25,-32.88527
2486308437.5,-32.88923
2486308593.75,-32.88707
2486308750.0,-32.88551
2486308906.25,-32.8853
2486309062.5,-32.88276
2486309218.75,-32.88364
2486309375.0,-32.88403
2486309531.25,-32.8861
2486309687.5,-32.89196
2486309843.75,-32.87912
2486310000.0,-32.89268
2486310156.25,-32.87947
2486310312.5,-32.882
2486310468.75,-32.88212
2486310625.0,-32.88404
2486310781.25,-32.87576
2486310937.5,-32.8838
2486311093.75,-32.87857
2486311250.0,-32.88296
2486311406.25,-32.88155
2486311562.5,-32.87703
2486311718.75,-32.88107
2486311875.0,-32.87913
2486312031.25,-32.88287
2486312187.5,-32.87985
2486312343.75,-32.87043
2486312500.0,-32.88102
2486312656.25,-32.88
2486312812.5,-32.88092
2486312968.75,-32.87925
2486313125.0,-32.87996
2486313281.25,-32.87364
2486313437.5,-32.88379
2486313593.75,-32.87489
2486313750.0,-32.8738
2486313906.25,-32.87445
2486314062.5,-32.87012
2486314218.75,-32.87334
2486314375.0,-32.87511
2486314531.25,-32.87258
2486314687.5,-32.86627
2486314843.75,-32.86897
2486315000.0,-32.87458
2486315156.25,-32.86987
2486315312.5,-32.87762
2486315468.75,-32.87092
2486315625.0,-32.86928
2486315781.25,-32.87006
2486315937.5,-32.86809
2486316093.75,-32.87736
2486316250.0,-32.86668
2486316406.25,-32.86996
2486316562.5,-32.86592
2486316718.75,-32.86112
2486316875.0,-32.8634
2486317031.25,-32.86478
2486317187.5,-32.86028
2486317343.75,-32.86232
2486317500.0,-32.86555
2486317656.25,-32.86754
2486317812.5,-32.85997
2486317968.75,-32.86818
2486318125.0,-32.86411
2486318281.25,-32.85744
2486318437.5,-32.85855
2486318593.75,-32.86216
2486318750.0,-32.85954
2486318906.25,-32.85763
2486319062.5,-32.86107
2486319218.75,-32.861
2486319375.0,-32.8544
2486319531.25,-32.86151
2486319687.5,-32.85717
2486319843.75,-32.85664
2486320000.0,-32.8527
2486320156.25,-32.85921
2486320312.5,-32.8484
2486320468.75,-32.85204
2486320625.0,-32.85047
2486320781.25,-32.85745
2486320937.5,-32.85469
2486321093.75,-32.86108
2486321250.0,-32.84991
2486321406.25,-32.85503
2486321562.5,-32.85926
2486321718.75,-32.85467
2486321875.0,-32.85381
2486322031.25,-32.84543
2486322187.5,-32.85067
2486322343.75,-32.85799
2486322500.0,-32.85877
2486322656.25,-32.86145
2486322812.5,-32.85297
2486322968.75,-32.8462
2486323125.0,-32.84879
2486323281.25,-32.84295
2486323437.5,-32.85245
2486323593.75,-32.84799
2486323750.0,-32.85258
2486323906.25,-32.85109
2486324062.5,-32.84972
2486324218.75,-32.83783
2486324375.0,-32.84792
2486324531.25,-32.84571
2486324687.5,-32.84718
2486324843.75,-32.85039
2486325000.0,-32.85001
2486325156.25,-32.85063
2486325312.5,-32.8462
2486325468.75,-32.8518
2486325625.0,-32.85004
2486325781.25,-32.84539
2486325937.5,-32.83948
2486326093.75,-32.83755
2486326250.0,-32.84592
2486326406.25,-32.83865
2486326562.5,-32.84163
2486326718.75,-32.83893
2486326875.0,-32.84198
2486327031.25,-32.84166
2486327187.5,-32.8417
2486327343.75,-32.83852
2486327500.0,-32.84468
2486327656.25,-32.83592
2486327812.5,-32.84089
2486327968.75,-32.84174
2486328125.0,-32.83989
2486328281.25,-32.83559
2486328437.5,-32.84123
2486328593.75,-32.83871
2486328750.0,-32.83359
2486328906.25,-32.83768
2486329062.5,-32.83413
2486329218.75,-32.83428
2486329375.0,-32.83535
2486329531.25,-32.83118
2486329687.5,-32.83133
2486329843.75,-32.83371
2486330000.0,-32.83895
2486330156.25,-32.83072
2486330312.5,-32.83666
2486330468.75,-32.83713
2486330625.0,-32.83104
2486330781.25,-32.82911
2486330937.5,-32.8302
2486331093.75,-32.83782
2486331250.0,-32.83347
2486331406.25,-32.82664
2486331562.5,-32.82555
2486331718.75,-32.84059
2486331875.0,-32.82957
2486332031.25,-32.83059
2486332187.5,-32.8281
2486332343.75,-32.83374
2486332500.0,-32.8333
2486332656.25,-32.83009
2486332812.5,-32.83284
2486332968.75,-32.82608
2486333125.0,-32.82433
2486333281.25,-32.82721
2486333437.5,-32.81839
2486333593.75,-32.82555
2486333750.0,-32.82189
2486333906.25,-32.83072
2486334062.5,-32.8225
2486334218.75,-32.82806
2486334375.0,-32.82767
2486334531.25,-32.82498
2486334687.5,-32.82495
2486334843.75,-32.82581
2486335000.0,-32.81942
2486335156.25,-32.82224
2486335312.5,-32.81819
2486335468.75,-32.82001
2486335625.0,-32.82209
2486335781.25,-32.82505
2486335937.5,-32.82055
2486336093.75,-32.82723
2486336250.0,-32.81613
2486336406.25,-32.82065
2486336562.5,-32.81467
2486336718.75,-32.81623
2486336875.0,-32.81838
2486337031.25,-32.81072
2486337187.5,-32.81142
2486337343.75,-32.81985
2486337500.0,-32.82421
2486337656.25,-32.81863
2486337812.5,-32.82063
2486337968.75,-32.81911
2486338125.0,-32.81401
2486338281.25,-32.81322
2486338437.5,-32.81327
2486338593.75,-32.81315
2486338750.0,-32.81686
2486338906.25,-32.80809
2486339062.5,-32.80441
2486339218.75,-32.80878
2486339375.0,-32.81358
2486339531.25,-32.81434
2486339687.5,-32.80691
2486339843.75,-32.81363
2486340000.0,-32.81022
2486340156.25,-32.81185
2486340312.5,-32.81019
2486340468.75,-32.80993
2486340625.0,-32.81074
2486340781.25,-32.80437
2486340937.5,-32.80313
2486341093.75,-32.7976
2486341250.0,-32.80133
2486341406.25,-32.80394
2486341562.5,-32.80442
2486341718.75,-32.805
2486341875.0,-32.79816
2486342031.25,-32.81247
2486342187.5,-32.80404
2486342343.75,-32.80518
2486342500.0,-32.79779
2486342656.25,-32.80084
2486342812.5,-32.7954
2486342968.75,-32.8037
2486343125.0,-32.79832
2486343281.25,-32.79923
2486343437.5,-32.7956
2486343593.75,-32.8024
2486343750.0,-32.79613
2486343906.25,-32.79986
2486344062.5,-32.7965
2486344218.75,-32.79506
2486344375.0,-32.79594
2486344531.25,-32.79587
2486344687.5,-32.80037
2486344843.75,-32.7879
2486345000.0,-32.79545
2486345156.25,-32.78983
2486345312.5,-32.79773
2486345468.75,-32.79279
2486345625.0,-32.79996
2486345781.25,-32.79819
2486345937.5,-32.79236
2486346093.75,-32.79705
2486346250.0,-32.79522
2486346406.25,-32.79515
2486346562.5,-32.78387
2486346718.75,-32.79553
2486346875.0,-32.79323
2486347031.25,-32.79979
2486347187.5,-32.79181
2486347343.75,-32.78834
2486347500.0,-32.79012
2486347656.25,-32.79259
2486347812.5,-32.78959
2486347968.75,-32.79195
2486348125.0,-32.7845
2486348281.25,-32.78959
2486348437.5,-32.78662
2486348593.75,-32.78632
2486348750.0,-32.78593
2486348906.25,-32.7921
2486349062.5,-32.78494
2486349218.75,-32.78435
2486349375.0,-32.78556
2486349531.25,-32.78376
2486349687.5,-32.78982
2486349843.75,-32.78732
2486350000.0,-32.78576
2486350156.25,-32.77937
2486350312.5,-32.78283
2486350468.75,-32.78482
2486350625.0,-32.78558
2486350781.25,-32.78431
2486350937.5,-32.78148
2486351093.75,-32.77757
2486351250.0,-32.78542
2486351406.25,-32.78257
2486351562.5,-32.78103
2486351718.75,-32.78449
2486351875.0,-32.77973
2486352031.25,-32.77987
2486352187.5,-32.77331
2486352343.75,-32.77912
2486352500.0,-32.776
2486352656.25,-32.76991
2486352812.5,-32.78115
2486352968.75,-32.78131
2486353125.0,-32.77127
2486353281.25,-32.77342
2486353437.5,-32.77549
2486353593.75,-32.76946
2486353750.0,-32.76755
2486353906.25,-32.77187
2486354062.5,-32.77767
2486354218.75,-32.76641
2486354375.0,-32.77836
2486354531.25,-32.76868
2486354687.5,-32.7663
2486354843.75,-32.77289
2486355000.0,-32.7704
2486355156.25,-32.77046
2486355312.5,-32.77033
2486355468.75,-32.77177
2486355625.0,-32.76597
2486355781.25,-32.76733
2486355937.5,-32.7737
2486356093.75,-32.76993
2486356250.0,-32.76975
2486356406.25,-32.77002
2486356562.5,-32.76464
2486356718.75,-32.76722
2486356875.0,-32.76322
2486357031.25,-32.76762
2486357187.5,-32.76512
2486357343.75,-32.76627
2486357500.0,-32.76722
2486357656.25,-32.76672
2486357812.5,-32.76263
2486357968.75,-32.76114
2486358125.0,-32.76589
2486358281.25,-32.75919
2486358437.5,-32.75999
2486358593.75,-32.75211
2486358750.0,-32.7631
2486358906.25,-32.75851
2486359062.5,-32.76161
2486359218.75,-32.76376
2486359375.0,-32.76375
2486359531.25,-32.7659
2486359687.5,-32.75806
2486359843.75,-32.76155
2486360000.0,-32.75927
2486360156.25,-32.75318
2486360312.5,-32.75806
2486360468.75,-32.75685
2486360625.0,-32.76189
2486360781.25,-32.75694
2486360937.5,-32.74863
2486361093.75,-32.75854
2486361250.0,-32.75758
2486361406.25,-32.75301
2486361562.5,-32.75867
2486361718.75,-32.75296
2486361875.0,-32.75198
2486362031.25,-32.74727
2486362187.5,-32.75728
2486362343.75,-32.75489
2486362500.0,-32.74928
2486362656.25,-32.75642
2486362812.5,-32.75707
2486362968.75,-32.74948
2486363125.0,-32.7457
2486363281.25,-32.756
2486363437.5,-32.75061
2486363593.75,-32.75428
2486363750.0,-32.74993
2486363906.25,-32.74434
2486364062.5,-32.75347
2486364218.75,-32.74786
2486364375.0,-32.74385
2486364531.25,-32.75474
2486364687.5,-32.74924
2486364843.75,-32.74932
2486365000.0,-32.75005
2486365156.25,-32.74769
2486365312.5,-32.74771
2486365468.75,-32.74469
2486365625.0,-32.74163
2486365781.25,-32.7346
2486365937.5,-32.74658
2486366093.75,-32.74361
2486366250.0,-32.74274
2486366406.25,-32.7392
2486366562.5,-32.74873
2486366718.75,-32.74377
2486366875.0,-32.74124
2486367031.25,-32.73912
2486367187.5,-32.74645
2486367343.75,-32.73645
2486367500.0,-32.74811
2486367656.25,-32.74055
2486367812.5,-32.74325
2486367968.75,-32.73928
2486368125.0,-32.74546
2486368281.25,-32.74405
2486368437.5,-32.73493
2486368593.75,-32.74186
2486368750.0,-32.74183
2486368906.25,-32.73751
2486369062.5,-32.72757
2486369218.75,-32.74065
2486369375.0,-32.73322
2486369531.25,-32.73375
2486369687.5,-32.73404
2486369843.75,-32.72404
2486370000.0,-32.73022
2486370156.25,-32.73213
2486370312.5,-32.73389
2486370468.75,-32.72965
2486370625.0,-32.73287
2486370781.25,-32.73197
2486370937.5,-32.72498
2486371093.75,-32.73083
2486371250.0,-32.7319
2486371406.25,-32.72996
2486371562.5,-32.73038
2486371718.75,-32.72496
2486371875.0,-32.7277
2486372031.25,-32.73264
2486372187.5,-32.72768
2486372343.75,-32.72185
2486372500.0,-32.72763
2486372656.25,-32.72103
2486372812.5,-32.72789
2486372968.75,-32.72695
2486373125.0,-32.72675
2486373281.25,-32.72238
2486373437.5,-32.72693
2486373593.75,-32.72142
2486373750.0,-32.72112
2486373906.25,-32.716
2486374062.5,-32.71967
2486374218.75,-32.71857
2486374375.0,-32.72312
2486374531.25,-32.72169
2486374687.5,-32.72289
2486374843.75,-32.71858
2486375000.0,-32.72408
2486375156.25,-32.72538
2486375312.5,-32.71597
2486375468.75,-32.72054
2486375625.0,-32.72749
2486375781.25,-32.71017
2486375937.5,-32.72343
2486376093.75,-32.71655
2486376250.0,-32.71154
2486376406.25,-32.71547
2486376562.5,-32.71213
2486376718.75,-32.71787
2486376875.0,-32.72134
2486377031.25,-32.71684
2486377187.5,-32.71263
2486377343.75,-32.71467
2486377500.0,-32.71062
2486377656.25,-32.71116
2486377812.5,-32.71334
2486377968.75,-32.71275
2486378125.0,-32.71546
2486378281.25,-32.71516
2486378437.5,-32.71324
2486378593.75,-32.70768
2486378750.0,-32.71264
2486378906.25,-32.71378
2486379062.5,-32.70956
2486379218.75,-32.70783
2486379375.0,-32.70577
2486379531.25,-32.70137
2486379687.5,-32.70583
2486379843.75,-32.71192
2486380000.0,-32.70696
2486380156.25,-32.712
2486380312.5,-32.70588
2486380468.75,-32.70969
2486380625.0,-32.71042
2486380781.25,-32.70473
2486380937.5,-32.69932
2486381093.75,-32.7051
2486381250.0,-32.70512
2486381406.25,-32.7073
2486381562.5,-32.7034
2486381718.75,-32.70653
2486381875.0,-32.69921
2486382031.25,-32.69801
2486382187.5,-32.70488
2486382343.75,-32.70253
2486382500.0,-32.69946
2486382656.25,-32.70081
2486382812.5,-32.69954
2486382968.75,-32.69927
2486383125.0,-32.70093
2486383281.25,-32.69598
2486383437.5,-32.69489
2486383593.75,-32.69668
2486383750.0,-32.70243
2486383906.25,-32.70044
2486384062.5,-32.70313
2486384218.75,-32.69305
2486384375.0,-32.70187
2486384531.25,-32.69922
2486384687.5,-32.70074
2486384843.75,-32.69502
2486385000.0,-32.69312
2486385156.25,-32.69152
2486385312.5,-32.69421
2486385468.75,-32.69741
2486385625.0,-32.6899
2486385781.25,-32.69484
2486385937.5,-32.68733
2486386093.75,-32.69801
2486386250.0,-32.69396
2486386406.25,-32.688
2486386562.5,-32.69738
2486386718.75,-32.68756
2486386875.0,-32.6888
2486387031.25,-32.69373
2486387187.5,-32.68682
2486387343.75,-32.69281
2486387500.0,-32.6855
2486387656.25,-32.68855
2486387812.5,-32.6899
2486387968.75,-32.68653
2486388125.0,-32.68767
2486388281.25,-32.68919
2486388437.5,-32.69166
2486388593.75,-32.68151
2486388750.0,-32.68282
2486388906.25,-32.68351
2486389062.5,-32.68576
2486389218.75,-32.6849
2486389375.0,-32.68307
2486389531.25,-32.68297
2486389687.5,-32.67768
2486389843.75,-32.6838
2486390000.0,-32.6771
2486390156.25,-32.68111
2486390312.5,-32.68056
2486390468.75,-32.67165
2486390625.0,-32.68237
2486390781.25,-32.68576
2486390937.5,-32.68094
2486391093.75,-32.67838
2486391250.0,-32.67453
2486391406.25,-32.6813
2486391562.5,-32.67469
2486391718.75,-32.68538
2486391875.0,-32.68545
2486392031.25,-32.68309
2486392187.5,-32.67514
2486392343.75,-32.67565
2486392500.0,-32.67713
2486392656.25,-32.67133
2486392812.5,-32.67648
2486392968.75,-32.6825
2486393125.0,-32.67462
2486393281.25,-32.6798
2486393437.5,-32.67365
2486393593.75,-32.66845
2486393750.0,-32.67255
2486393906.25,-32.6824
2486394062.5,-32.663
2486394218.75,-32.66878
2486394375.0,-32.67448
2486394531.25,-32.67347
2486394687.5,-32.67278
2486394843.75,-32.66787
2486395000.0,-32.66898
2486395156.25,-32.66163
2486395312.5,-32.66911
2486395468.75,-32.66816
2486395625.0,-32.66586
2486395781.25,-32.67357
2486395937.5,-32.66352
2486396093.75,-32.66338
2486396250.0,-32.6631
2486396406.25,-32.66846
2486396562.5,-32.66933
2486396718.75,-32.66608
2486396875.0,-32.65514
2486397031.25,-32.6644
2486397187.5,-32.66843
2486397343.75,-32.66293
2486397500.0,-32.66552
2486397656.25,-32.65581
2486397812.5,-32.66145
2486397968.75,-32.66599
2486398125.0,-32.66214
2486398281.25,-32.66513
2486398437.5,-32.66362
2486398593.75,-32.6621
2486398750.0,-32.65927
2486398906.25,-32.66132
2486399062.5,-32.66382
2486399218.75,-32.65316
2486399375.0,-32.658
2486399531.25,-32.65762
2486399687.5,-32.66346
2486399843.75,-32.65914
2486400000.0,-32.66422
2486400156.25,-32.65603
2486400312.5,-32.65383
2486400468.75,-32.64994
2486400625.0,-32.65485
2486400781.25,-32.65833
2486400937.5,-32.64781
2486401093.75,-32.65599
2486401250.0,-32.65559
2486401406.25,-32.65389
2486401562.5,-32.65086
2486401718.75,-32.6524
2486401875.0,-32.65289
2486402031.25,-32.65388
2486402187.5,-32.65201
2486402343.75,-32.65114
2486402500.0,-32.6485
2486402656.25,-32.64776
2486402812.5,-32.6523
2486402968.75,-32.65051
2486403125.0,-32.64796
2486403281.25,-32.64526
2486403437.5,-32.65525
2486403593.75,-32.65289
2486403750.0,-32.65911
2486403906.25,-32.63964
2486404062.5,-32.64877
2486404218.75,-32.64554
2486404375.0,-32.64453
2486404531.25,-32.64828
2486404687.5,-32.65124
2486404843.75,-32.64112
2486405000.0,-32.64289
2486405156.25,-32.63982
2486405312.5,-32.64459
2486405468.75,-32.64365
2486405625.0,-32.64058
2486405781.25,-32.64115
2486405937.5,-32.6426
2486406093.75,-32.6389
2486406250.0,-32.64996
2486406406.25,-32.63928
2486406562.5,-32.64053
2486406718.75,-32.64134
2486406875.0,-32.6419
2486407031.25,-32.63755
2486407187.5,-32.63826
2486407343.75,-32.64504
2486407500.0,-32.63637
2486407656.25,-32.62769
2486407812.5,-32.63408
2486407968.75,-32.63152
2486408125.0,-32.63948
2486408281.25,-32.63446
2486408437.5,-32.63646
2486408593.75,-32.63186
2486408750.0,-32.63385
2486408906.25,-32.62956
2486409062.5,-32.63008
2486409218.75,-32.63737
2486409375.0,-32.63656
2486409531.25,-32.63476
2486409687.5,-32.63301
2486409843.75,-32.63586
2486410000.0,-32.63363
2486410156.25,-32.62027
2486410312.5,-32.63545
2486410468.75,-32.62852
2486410625.0,-32.63177
2486410781.25,-32.62738
2486410937.5,-32.62644
2486411093.75,-32.63319
2486411250.0,-32.62401
2486411406.25,-32.62831
2486411562.5,-32.62878
2486411718.75,-32.62831
2486411875.0,-32.6294
2486412031.25,-32.63038
2486412187.5,-32.62317
2486412343.75,-32.63361
2486412500.0,-32.62734
2486412656.25,-32.62468
2486412812.5,-32.61722
2486412968.75,-32.62643
2486413125.0,-32.62494
2486413281.25,-32.62959
2486413437.5,-32.61993
2486413593.75,-32.61932
2486413750.0,-32.62226
2486413906.25,-32.62613
2486414062.5,-32.62101
2486414218.75,-32.62082
2486414375.0,-32.62148
2486414531.25,-32.61818
2486414687.5,-32.62481
2486414843.75,-32.61765
2486415000.0,-32.61917
2486415156.25,-32.62562
2486415312.5,-32.6181
2486415468.75,-32.62099
2486415625.0,-32.61635
2486415781.25,-32.61853
2486415937.5,-32.6163
2486416093.75,-32.62146
2486416250.0,-32.6204
2486416406.25,-32.61306
2486416562.5,-32.6097
2486416718.75,-32.61767
2486416875.0,-32.62555
2486417031.25,-32.61991
2486417187.5,-32.61243
2486417343.75,-32.61536
2486417500.0,-32.61296
2486417656.25,-32.6132
2486417812.5,-32.61063
2486417968.75,-32.60807
2486418125.0,-32.61092
2486418281.25,-32.61691
2486418437.5,-32.61374
2486418593.75,-32.61016
2486418750.0,-32.60603
2486418906.25,-32.606
2486419062.5,-32.60297
2486419218.75,-32.61103
2486419375.0,-32.6054
2486419531.25,-32.60693
2486419687.5,-32.60789
2486419843.75,-32.60225
2486420000.0,-32.60635
2486420156.25,-32.59989
2486420312.5,-32.60452
2486420468.75,-32.59958
2486420625.0,-32.60279
2486420781.25,-32.59921
2486420937.5,-32.60875
2486421093.75,-32.60373
2486421250.0,-32.60104
2486421406.25,-32.6066
2486421562.5,-32.60266
2486421718.75,-32.60568
2486421875.0,-32.59229
2486422031.25,-32.60036
2486422187.5,-32.59937
2486422343.75,-32.59857
2486422500.0,-32.5979
2486422656.25,-32.60028
2486422812.5,-32.60082
2486422968.75,-32.59921
2486423125.0,-32.59263
2486423281.25,-32.60068
2486423437.5,-32.59899
2486423593.75,-32.59691
2486423750.0,-32.59594
2486423906.25,-32.5989
2486424062.5,-32.59101
2486424218.75,-32.59109
2486424375.0,-32.58797
2486424531.25,-32.59303
2486424687.5,-32.58915
2486424843.75,-32.59538
2486425000.0,-32.59216
2486425156.25,-32.58646
2486425312.5,-32.59249
2486425468.75,-32.59233
2486425625.0,-32.58719
2486425781.25,-32.59229
2486425937.5,-32.58789
2486426093.75,-32.58868
2486426250.0,-32.58408
2486426406.25,-32.58006
2486426562.5,-32.57994
2486426718.75,-32.58742
2486426875.0,-32.58372
2486427031.25,-32.58775
2486427187.5,-32.59109
2486427343.75,-32.58499
2486427500.0,-32.58808
2486427656.25,-32.588
2486427812.5,-32.5824
2486427968.75,-32.58158
2486428125.0,-32.59063
2486428281.25,-32.58906
2486428437.5,-32.58308
2486428593.75,-32.5763
2486428750.0,-32.58816
2486428906.25,-32.57605
2486429062.5,-32.57628
2486429218.75,-32.5851
2486429375.0,-32.57832
2486429531.25,-32.5818
2486429687.5,-32.58319
2486429843.75,-32.58217
2486430000.0,-32.57742
2486430156.25,-32.5831
2486430312.5,-32.57757
2486430468.75,-32.57429
2486430625.0,-32.58007
2486430781.25,-32.58133
2486430937.5,-32.57412
2486431093.75,-32.58112
2486431250.0,-32.57504
2486431406.25,-32.57604
2486431562.5,-32.57846
2486431718.75,-32.57195
2486431875.0,-32.56771
2486432031.25,-32.57487
2486432187.5,-32.5751
2486432343.75,-32.57644
2486432500.0,-32.57347
2486432656.25,-32.57246
2486432812.5,-32.56886
2486432968.75,-32.57221
2486433125.0,-32.57134
2486433281.25,-32.57433
2486433437.5,-32.57185
2486433593.75,-32.57397
2486433750.0,-32.56918
2486433906.25,-32.56664
2486434062.5,-32.56023
2486434218.75,-32.56744
2486434375.0,-32.56474
2486434531.25,-32.56343
2486434687.5,-32.57192
2486434843.75,-32.56556
2486435000.0,-32.56506
2486435156.25,-32.55991
2486435312.5,-32.5624
2486435468.75,-32.57172
2486435625.0,-32.56474
2486435781.25,-32.56401
2486435937.5,-32.55561
2486436093.75,-32.5633
2486436250.0,-32.56437
2486436406.25,-32.56567
2486436562.5,-32.56907
2486436718.75,-32.56298
2486436875.0,-32.55977
2486437031.25,-32.55729
2486437187.5,-32.55974
2486437343.75,-32.56046
2486437500.0,-32.56516
2486437656.25,-32.56253
2486437812.5,-32.55889
2486437968.75,-32.55822
2486438125.0,-32.55434
2486438281.25,-32.55545
2486438437.5,-32.55853
2486438593.75,-32.55035
2486438750.0,-32.55134
2486438906.25,-32.55585
2486439062.5,-32.5534
2486439218.75,-32.5621
2486439375.0,-32.56013
2486439531.25,-32.55906
2486439687.5,-32.55285
2486439843.75,-32.55898
2486440000.0,-32.55043
2486440156.25,-32.54808
2486440312.5,-32.5474
2486440468.75,-32.54734
2486440625.0,-32.54868
2486440781.25,-32.54536
2486440937.5,-32.54322
2486441093.75,-32.54964
2486441250.0,-32.54757
2486441406.25,-32.55218
2486441562.5,-32.55072
2486441718.75,-32.54998
2486441875.0,-32.55605
2486442031.25,-32.54681
2486442187.5,-32.55127
2486442343.75,-32.55106
2486442500.0,-32.54549
2486442656.25,-32.54302
2486442812.5,-32.54577
2486442968.75,-32.54557
2486443125.0,-32.55205
2486443281.25,-32.55061
2486443437.5,-32.54919
2486443593.75,-32.54086
2486443750.0,-32.54581
2486443906.25,-32.5495
2486444062.5,-32.54213
2486444218.75,-32.54283
2486444375.0,-32.54594
2486444531.25,-32.54445
2486444687.5,-32.5397
2486444843.75,-32.54394
2486445000.0,-32.54185
2486445156.25,-32.53598
2486445312.5,-32.54588
2486445468.75,-32.5449
2486445625.0,-32.53966
2486445781.25,-32.54049
2486445937.5,-32.53962
2486446093.75,-32.53616
2486446250.0,-32.53769
2486446406.25,-32.53584
2486446562.5,-32.53618
2486446718.75,-32.54243
2486446875.0,-32.53496
2486447031.25,-32.53032
2486447187.5,-32.53804
2486447343.75,-32.53405
2486447500.0,-32.53403
2486447656.25,-32.53303
2486447812.5,-32.52714
2486447968.75,-32.53226
2486448125.0,-32.53598
2486448281.25,-32.53286
2486448437.5,-32.53704
2486448593.75,-32.52777
2486448750.0,-32.5316
2486448906.25,-32.52945
2486449062.5,-32.53075
2486449218.75,-32.5378
2486449375.0,-32.5276
2486449531.25,-32.52894
2486449687.5,-32.53142
2486449843.75,-32.52973
2486450000.0,-32.52998
2486450156.25,-32.52886
2486450312.5,-32.52202
2486450468.75,-32.53199
2486450625.0,-32.52551
2486450781.25,-32.52312
2486450937.5,-32.52807
2486451093.75,-32.52655
2486451250.0,-32.52265
2486451406.25,-32.52303
2486451562.5,-32.52428
2486451718.75,-32.5172
2486451875.0,-32.52073
2486452031.25,-32.52854
2486452187.5,-32.52212
2486452343.75,-32.51539
2486452500.0,-32.52438
2486452656.25,-32.52089
2486452812.5,-32.5218
2486452968.75,-32.51913
2486453125.0,-32.5186
2486453281.25,-32.52113
2486453437.5,-32.51879
2486453593.75,-32.52074
2486453750.0,-32.52554
2486453906.25,-32.51629
2486454062.5,-32.51237
2486454218.75,-32.51738
2486454375.0,-32.52524
2486454531.25,-32.50741
2486454687.5,-32.51788
2486454843.75,-32.51614
2486455000.0,-32.51043
2486455156.25,-32.51995
2486455312.5,-32.51067
2486455468.75,-32.51913
2486455625.0,-32.51346
2486455781.25,-32.51348
2486455937.5,-32.51265
2486456093.75,-32.5129
2486456250.0,-32.50818
2486456406.25,-32.51067
2486456562.5,-32.51827
2486456718.75,-32.50682
2486456875.0,-32.51828
2486457031.25,-32.50915
2486457187.5,-32.50834
2486457343.75,-32.50098
2486457500.0,-32.50743
2486457656.25,-32.50251
2486457812.5,-32.50726
2486457968.75,-32.5032
2486458125.0,-32.49996
2486458281.25,-32.50267
2486458437.5,-32.50575
2486458593.75,-32.50414
2486458750.0,-32.50923
2486458906.25,-32.50613
2486459062.5,-32.50442
2486459218.75,-32.5015
2486459375.0,-32.50299
2486459531.25,-32.502
2486459687.5,-32.50299
2486459843.75,-32.50676
2486460000.0,-32.50193
2486460156.25,-32.50729
2486460312.5,-32.50323
2486460468.75,-32.50486
2486460625.0,-32.4981
2486460781.25,-32.50524
2486460937.5,-32.50198
2486461093.75,-32.49805
2486461250.0,-32.49134
2486461406.25,-32.49739
2486461562.5,-32.49308
2486461718.75,-32.4962
2486461875.0,-32.49312
2486462031.25,-32.49523
2486462187.5,-32.50132
2486462343.75,-32.49484
2486462500.0,-32.4972
2486462656.25,-32.49179
2486462812.5,-32.49553
2486462968.75,-32.49294
2486463125.0,-32.50237
2486463281.25,-32.49735
2486463437.5,-32.49443
2486463593.75,-32.49127
2486463750.0,-32.49513
2486463906.25,-32.49048
2486464062.5,-32.49621
2486464218.75,-32.48898
2486464375.0,-32.48774
2486464531.25,-32.48698
2486464687.5,-32.48905
2486464843.75,-32.47879
2486465000.0,-32.48904
2486465156.25,-32.48559
2486465312.5,-32.49631
2486465468.75,-32.48816
2486465625.0,-32.48657
2486465781.25,-32.48532
2486465937.5,-32.48532
2486466093.75,-32.47719
2486466250.0,-32.48908
2486466406.25,-32.48315
2486466562.5,-32.48396
2486466718.75,-32.48679
2486466875.0,-32.48353
2486467031.25,-32.47456
2486467187.5,-32.48045
2486467343.75,-32.48576
2486467500.0,-32.47917
2486467656.25,-32.47942
2486467812.5,-32.48226
2486467968.75,-32.47421
2486468125.0,-32.47705
2486468281.25,-32.48229
2486468437.5,-32.48477
2486468593.75,-32.48034
2486468750.0,-32.46981
2486468906.25,-32.48642
2486469062.5,-32.48338
2486469218.75,-32.47676
2486469375.0,-32.48027
2486469531.25,-32.47231
2486469687.5,-32.47874
2486469843.75,-32.47082
2486470000.0,-32.47472
2486470156.25,-32.47547
2486470312.5,-32.47057
2486470468.75,-32.47316
2486470625.0,-32.47747
2486470781.25,-32.47949
2486470937.5,-32.47366
2486471093.75,-32.48142
2486471250.0,-32.4721
2486471406.25,-32.46812
2486471562.5,-32.47453
2486471718.75,-32.46968
2486471875.0,-32.46941
2486472031.25,-32.47253
2486472187.5,-32.47173
2486472343.75,-32.46454
2486472500.0,-32.46976
2486472656.25,-32.46743
2486472812.5,-32.4646
2486472968.75,-32.46754
2486473125.0,-32.46862
2486473281.25,-32.46856
2486473437.5,-32.46946
2486473593.75,-32.46668
2486473750.0,-32.46921
2486473906.25,-32.46163
2486474062.5,-32.46018
2486474218.75,-32.46577
2486474375.0,-32.46498
2486474531.25,-32.46585
2486474687.5,-32.4675
2486474843.75,-32.4658
2486475000.0,-32.46553
2486475156.25,-32.46314
2486475312.5,-32.46215
2486475468.75,-32.46276
2486475625.0,-32.46278
2486475781.25,-32.45766
2486475937.5,-32.45668
2486476093.75,-32.45879
2486476250.0,-32.46075
2486476406.25,-32.45944
2486476562.5,-32.45353
2486476718.75,-32.45925
2486476875.0,-32.45481
2486477031.25,-32.45695
2486477187.5,-32.45854
2486477343.75,-32.44972
2486477500.0,-32.45827
2486477656.25,-32.44827
2486477812.5,-32.46193
2486477968.75,-32.45472
2486478125.0,-32.45212
2486478281.25,-32.45485
2486478437.5,-32.4597
2486478593.75,-32.45766
2486478750.0,-32.45509
2486478906.25,-32.4454
2486479062.5,-32.4528
2486479218.75,-32.45738
2486479375.0,-32.45523
2486479531.25,-32.45381
2486479687.5,-32.45137
2486479843.75,-32.44886
2486480000.0,-32.44856
2486480156.25,-32.45332
2486480312.5,-32.45473
2486480468.75,-32.44942
2486480625.0,-32.44826
2486480781.25,-32.45062
2486480937.5,-32.44606
2486481093.75,-32.44759
2486481250.0,-32.44526
2486481406.25,-32.45007
2486481562.5,-32.44974
2486481718.75,-32.44719
2486481875.0,-32.44553
2486482031.25,-32.4539
2486482187.5,-32.44708
2486482343.75,-32.44451
2486482500.0,-32.4465
2486482656.25,-32.43912
2486482812.5,-32.44648
2486482968.75,-32.4392
2486483125.0,-32.44202
2486483281.25,-32.44164
2486483437.5,-32.43673
2486483593.75,-32.43502
2486483750.0,-32.44337
2486483906.25,-32.44186
2486484062.5,-32.44485
2486484218.75,-32.44303
2486484375.0,-32.44338
2486484531.25,-32.43738
2486484687.5,-32.43779
2486484843.75,-32.43475
2486485000.0,-32.43966
2486485156.25,-32.43468
2486485312.5,-32.42794
2486485468.75,-32.4287
2486485625.0,-32.43667
2486485781.25,-32.43749
2486485937.5,-32.43333
2486486093.75,-32.44133
2486486250.0,-32.42874
2486486406.25,-32.43679
2486486562.5,-32.43824
2486486718.75,-32.43879
2486486875.0,-32.42905
2486487031.25,-32.43172
2486487187.5,-32.43367
2486487343.75,-32.43273
2486487500.0,-32.42851
2486487656.25,-32.43112
2486487812.5,-32.43239
2486487968.75,-32.43119
2486488125.0,-32.43445
2486488281.25,-32.42745
2486488437.5,-32.42629
2486488593.75,-32.42287
2486488750.0,-32.42992
2486488906.25,-32.42095
2486489062.5,-32.42698
2486489218.75,-32.4237
2486489375.0,-32.4285
2486489531.25,-32.42823
2486489687.5,-32.42256
2486489843.75,-32.41839
2486490000.0,-32.42355
2486490156.25,-32.42702
2486490312.5,-32.42052
2486490468.75,-32.42355
2486490625.0,-32.42485
2486490781.25,-32.41836
2486490937.5,-32.41753
2486491093.75,-32.41744
2486491250.0,-32.42747
2486491406.25,-32.40944
2486491562.5,-32.42033
2486491718.75,-32.41105
2486491875.0,-32.41788
2486492031.25,-32.41273
2486492187.5,-32.41803
2486492343.75,-32.4186
2486492500.0,-32.42054
2486492656.25,-32.42097
2486492812.5,-32.42387
2486492968.75,-32.41483
2486493125.0,-32.41609
2486493281.25,-32.41556
2486493437.5,-32.41359
2486493593.75,-32.41114
2486493750.0,-32.41383
2486493906.25,-32.4162
2486494062.5,-32.41395
2486494218.75,-32.41242
2486494375.0,-32.41442
2486494531.25,-32.40903
2486494687.5,-32.40992
2486494843.75,-32.41035
2486495000.0,-32.41285
2486495156.25,-32.41541
2486495312.5,-32.40779
2486495468.75,-32.40791
2486495625.0,-32.41464
2486495781.25,-32.41009
2486495937.5,-32.40566
2486496093.75,-32.40859
2486496250.0,-32.4129
2486496406.25,-32.40897
2486496562.5,-32.40658
2486496718.75,-32.40616
2486496875.0,-32.40652
2486497031.25,-32.40535
2486497187.5,-32.40282
2486497343.75,-32.4035
2486497500.0,-32.40032
2486497656.25,-32.4092
2486497812.5,-32.40295
2486497968.75,-32.40177
2486498125.0,-32.4078
2486498281.25,-32.39864
2486498437.5,-32.40029
2486498593.75,-32.3998
2486498750.0,-32.39915
2486498906.25,-32.40056
2486499062.5,-32.39886
2486499218.75,-32.40128
2486499375.0,-32.39334
2486499531.25,-32.39272
2486499687.5,-32.40044
2486499843.75,-32.39598
2486500000.0,-32.39831
2486500156.25,-32.39886
2486500312.5,-32.39601
2486500468.75,-32.39809
2486500625.0,-32.3947
2486500781.25,-32.39461
2486500937.5,-32.39417
2486501093.75,-32.40113
2486501250.0,-32.39558
2486501406.25,-32.38932
2486501562.5,-32.39526
2486501718.75,-32.39303
2486501875.0,-32.38801
2486502031.25,-32.39227
2486502187.5,-32.38732
2486502343.75,-32.38877
2486502500.0,-32.39389
2486502656.25,-32.38367
2486502812.5,-32.3998
2486502968.75,-32.39715
2486503125.0,-32.3924
2486503281.25,-32.38787
2486503437.5,-32.39229
2486503593.75,-32.38792
2486503750.0,-32.38391
2486503906.25,-32.38662
2486504062.5,-32.38473
2486504218.75,-32.38606
2486504375.0,-32.38248
2486504531.25,-32.38216
2486504687.5,-32.38614
2486504843.75,-32.38102
2486505000.0,-32.38337
2486505156.25,-32.38232
2486505312.5,-32.3842
2486505468.75,-32.37955
2486505625.0,-32.38022
2486505781.25,-32.38037
2486505937.5,-32.38022
2486506093.75,-32.38314
2486506250.0,-32.38317
2486506406.25,-32.38125
2486506562.5,-32.38058
2486506718.75,-32.38041
2486506875.0,-32.3885
2486507031.25,-32.37243
2486507187.5,-32.37589
2486507343.75,-32.3774
2486507500.0,-32.3768
2486507656.25,-32.37595
2486507812.5,-32.3815
2486507968.75,-32.37146
2486508125.0,-32.37304
2486508281.25,-32.37397
2486508437.5,-32.37864
2486508593.75,-32.37886
2486508750.0,-32.37323
2486508906.25,-32.37114
2486509062.5,-32.3739
2486509218.75,-32.37085
2486509375.0,-32.37204
2486509531.25,-32.37146
2486509687.5,-32.3813
2486509843.75,-32.36982
2486510000.0,-32.37226
2486510156.25,-32.37379
2486510312.5,-32.37334
2486510468.75,-32.37257
2486510625.0,-32.37506
2486510781.25,-32.36724
2486510937.5,-32.36805
2486511093.75,-32.36938
2486511250.0,-32.3646
2486511406.25,-32.36729
2486511562.5,-32.37205
2486511718.75,-32.37244
2486511875.0,-32.36265
2486512031.25,-32.36851
2486512187.5,-32.36447
2486512343.75,-32.35771
2486512500.0,-32.3639
2486512656.25,-32.35939
2486512812.5,-32.36191
2486512968.75,-32.36589
2486513125.0,-32.35947
2486513281.25,-32.35992
2486513437.5,-32.3609
2486513593.75,-32.36317
2486513750.0,-32.35617
2486513906.25,-32.35926
2486514062.5,-32.35682
2486514218.75,-32.36082
2486514375.0,-32.361
2486514531.25,-32.35736
2486514687.5,-32.35714
2486514843.75,-32.36062
2486515000.0,-32.35756
2486515156.25,-32.35502
2486515312.5,-32.35233
2486515468.75,-32.34904
2486515625.0,-32.35363
2486515781.25,-32.35706
2486515937.5,-32.34639
2486516093.75,-32.35738
2486516250.0,-32.3524
2486516406.25,-32.35809
2486516562.5,-32.3551
2486516718.75,-32.35831
2486516875.0,-32.35021
2486517031.25,-32.3504
2486517187.5,-32.34094
2486517343.75,-32.35157
2486517500.0,-32.34143
2486517656.25,-32.34973
2486517812.5,-32.34433
2486517968.75,-32.34429
2486518125.0,-32.353
2486518281.25,-32.3472
2486518437.5,-32.34781
2486518593.75,-32.34716
2486518750.0,-32.35023
2486518906.25,-32.3471
2486519062.5,-32.34279
2486519218.75,-32.34651
2486519375.0,-32.35138
2486519531.25,-32.34184
2486519687.5,-32.34774
2486519843.75,-32.34703
2486520000.0,-32.34454
2486520156.25,-32.34497
2486520312.5,-32.34546
2486520468.75,-32.33855
2486520625.0,-32.338
2486520781.25,-32.33919
2486520937.5,-32.34792
2486521093.75,-32.33232
2486521250.0,-32.3414
2486521406.25,-32.34222
2486521562.5,-32.34645
2486521718.75,-32.33433
2486521875.0,-32.33412
2486522031.25,-32.34568
2486522187.5,-32.3358
2486522343.75,-32.34385
2486522500.0,-32.33801
2486522656.25,-32.3335
2486522812.5,-32.339
2486522968.75,-32.33636
2486523125.0,-32.33279
2486523281.25,-32.33308
2486523437.5,-32.3296
2486523593.75,-32.33288
2486523750.0,-32.32902
2486523906.25,-32.33057
2486524062.5,-32.32996
2486524218.75,-32.3317
2486524375.0,-32.32905
2486524531.25,-32.33398
2486524687.5,-32.33099
2486524843.75,-32.3294
2486525000.0,-32.33188
2486525156.25,-32.3252
2486525312.5,-32.32678
2486525468.75,-32.33472
2486525625.0,-32.33093
2486525781.25,-32.32954
2486525937.5,-32.32822
2486526093.75,-32.32524
2486526250.0,-32.33181
2486526406.25,-32.32902
2486526562.5,-32.32161
2486526718.75,-32.32803
2486526875.0,-32.32831
2486527031.25,-32.32815
2486527187.5,-32.32038
2486527343.75,-32.31984
2486527500.0,-32.32277
2486527656.25,-32.32439
2486527812.5,-32.32989
2486527968.75,-32.31821
2486528125.0,-32.32069
2486528281.25,-32.32443
2486528437.5,-32.32555
2486528593.75,-32.32653
2486528750.0,-32.32128
2486528906.25,-32.32195
2486529062.5,-32.32617
2486529218.75,-32.32774
2486529375.0,-32.3155
2486529531.25,-32.31513
2486529687.5,-32.31657
2486529843.75,-32.31212
2486530000.0,-32.31149
2486530156.25,-32.31509
2486530312.5,-32.31422
2486530468.75,-32.31462
2486530625.0,-32.31483
2486530781.25,-32.31989
2486530937.5,-32.31371
2486531093.75,-32.318
2486531250.0,-32.31353
2486531406.25,-32.31241
2486531562.5,-32.3191
2486531718.75,-32.31482
2486531875.0,-32.30678
2486532031.25,-32.30837
2486532187.5,-32.31222
2486532343.75,-32.31417
2486532500.0,-32.30764
2486532656.25,-32.31424
2486532812.5,-32.304
2486532968.75,-32.31358
2486533125.0,-32.31401
2486533281.25,-32.31328
2486533437.5,-32.30824
2486533593.75,-32.31339
2486533750.0,-32.31135
2486533906.25,-32.30222
2486534062.5,-32.30491
2486534218.75,-32.30494
2486534375.0,-32.30219
2486534531.25,-32.29681
2486534687.5,-32.30782
2486534843.75,-32.30685
2486535000.0,-32.30446
2486535156.25,-32.30745
2486535312.5,-32.30709
2486535468.75,-32.30382
2486535625.0,-32.30079
2486535781.25,-32.30796
2486535937.5,-32.29674
2486536093.75,-32.29313
2486536250.0,-32.29813
2486536406.25,-32.30558
2486536562.5,-32.29769
2486536718.75,-32.30053
2486536875.0,-32.30453
2486537031.25,-32.30057
2486537187.5,-32.29545
2486537343.75,-32.29897
2486537500.0,-32.29964
2486537656.25,-32.29155
2486537812.5,-32.3015
2486537968.75,-32.29443
2486538125.0,-32.29418
2486538281.25,-32.29752
2486538437.5,-32.29855
2486538593.75,-32.29208
2486538750.0,-32.29365
2486538906.25,-32.29686
2486539062.5,-32.29652
2486539218.75,-32.29354
2486539375.0,-32.29142
2486539531.25,-32.2918
2486539687.5,-32.29132
2486539843.75,-32.29686
2486540000.0,-32.28888
2486540156.25,-32.29018
2486540312.5,-32.28577
2486540468.75,-32.29777
2486540625.0,-32.28617
2486540781.25,-32.29007
2486540937.5,-32.29397
2486541093.75,-32.29078
2486541250.0,-32.2813
2486541406.25,-32.29141
2486541562.5,-32.27961
2486541718.75,-32.28877
2486541875.0,-32.29063
2486542031.25,-32.28432
2486542187.5,-32.28458
2486542343.75,-32.28434
2486542500.0,-32.28391
2486542656.25,-32.28753
2486542812.5,-32.28548
2486542968.75,-32.28923
2486543125.0,-32.28569
2486543281.25,-32.27925
2486543437.5,-32.27902
2486543593.75,-32.28373
2486543750.0,-32.27567
2486543906.25,-32.27929
2486544062.5,-32.27429
2486544218.75,-32.28317
2486544375.0,-32.28155
2486544531.25,-32.2863
2486544687.5,-32.28366
2486544843.75,-32.27524
2486545000.0,-32.27387
2486545156.25,-32.27073
2486545312.5,-32.27736
2486545468.75,-32.277
2486545625.0,-32.27929
2486545781.25,-32.27557
2486545937.5,-32.27649
2486546093.75,-32.27467
2486546250.0,-32.27466
2486546406.25,-32.27393
2486546562.5,-32.27345
2486546718.75,-32.28025
2486546875.0,-32.26938
2486547031.25,-32.26447
2486547187.5,-32.27176
2486547343.75,-32.27286
2486547500.0,-32.26551
2486547656.25,-32.27241
2486547812.5,-32.26527
2486547968.75,-32.26452
2486548125.0,-32.27179
2486548281.25,-32.27266
2486548437.5,-32.26955
2486548593.75,-32.26746
2486548750.0,-32.27474
2486548906.25,-32.26686
2486549062.5,-32.2639
2486549218.75,-32.26279
2486549375.0,-32.26148
2486549531.25,-32.26635
2486549687.5,-32.26643
2486549843.75,-32.26611
2486550000.0,-32.26956
2486550156.25,-32.26417
2486550312.5,-32.26542
2486550468.75,-32.25574
2486550625.0,-32.25951
2486550781.25,-32.25718
2486550937.5,-32.26747
2486551093.75,-32.26127
2486551250.0,-32.26285
2486551406.25,-32.26139
2486551562.5,-32.2621
2486551718.75,-32.26792
2486551875.0,-32.25757
2486552031.25,-32.26273
2486552187.5,-32.25768
2486552343.75,-32.26463
2486552500.0,-32.25734
2486552656.25,-32.2533
2486552812.5,-32.25142
2486552968.75,-32.24855
2486553125.0,-32.25785
2486553281.25,-32.25436
2486553437.5,-32.25668
2486553593.75,-32.25477
2486553750.0,-32.2588
2486553906.25,-32.25659
2486554062.5,-32.25731
2486554218.75,-32.25478
2486554375.0,-32.25425
2486554531.25,-32.24901
2486554687.5,-32.25041
2486554843.75,-32.25096
2486555000.0,-32.25467
2486555156.25,-32.2513
2486555312.5,-32.24404
2486555468.75,-32.24902
2486555625.0,-32.25154
2486555781.25,-32.25308
2486555937.5,-32.25189
2486556093.75,-32.24788
2486556250.0,-32.25232
2486556406.25,-32.24531
2486556562.5,-32.24339
2486556718.75,-32.24447
2486556875.0,-32.25368
2486557031.25,-32.24646
2486557187.5,-32.25455
2486557343.75,-32.24496
2486557500.0,-32.24776
2486557656.25,-32.24312
2486557812.5,-32.23794
2486557968.75,-32.24451
2486558125.0,-32.24037
2486558281.25,-32.24214
2486558437.5,-32.23807
2486558593.75,-32.2411
2486558750.0,-32.24417
2486558906.25,-32.24486
2486559062.5,-32.23775
2486559218.75,-32.23783
2486559375.0,-32.24109
2486559531.25,-32.24235
2486559687.5,-32.23555
2486559843.75,-32.24501
2486560000.0,-32.23911
2486560156.25,-32.24084
2486560312.5,-32.2416
2486560468.75,-32.23753
2486560625.0,-32.22675
2486560781.25,-32.22596
2486560937.5,-32.23214
2486561093.75,-32.23183
2486561250.0,-32.23912
2486561406.25,-32.24406
2486561562.5,-32.22873
2486561718.75,-32.23506
2486561875.0,-32.24212
2486562031.25,-32.22863
2486562187.5,-32.23753
2486562343.75,-32.23032
2486562500.0,-32.22748
2486562656.25,-32.23485
2486562812.5,-32.22483
2486562968.75,-32.2304
2486563125.0,-32.23728
2486563281.25,-32.23417
2486563437.5,-32.22726
2486563593.75,-32.22187
2486563750.0,-32.22886
2486563906.25,-32.22561
2486564062.5,-32.22548
2486564218.75,-32.23292
2486564375.0,-32.22335
2486564531.25,-32.2178
2486564687.5,-32.22097
2486564843.75,-32.2259
2486565000.0,-32.22239
2486565156.25,-32.22148
2486565312.5,-32.22446
2486565468.75,-32.22604
2486565625.0,-32.22586
2486565781.25,-32.21811
2486565937.5,-32.22012
2486566093.75,-32.21607
2486566250.0,-32.22606
2486566406.25,-32.21478
2486566562.5,-32.21372
2486566718.75,-32.22129
2486566875.0,-32.22033
2486567031.25,-32.2129
2486567187.5,-32.21413
2486567343.75,-32.22306
2486567500.0,-32.21669
2486567656.25,-32.22182
2486567812.5,-32.21396
2486567968.75,-32.21637
2486568125.0,-32.21335
2486568281.25,-32.20798
2486568437.5,-32.21154
2486568593.75,-32.21873
2486568750.0,-32.21095
2486568906.25,-32.21127
2486569062.5,-32.20919
2486569218.75,-32.21132
2486569375.0,-32.21774
2486569531.25,-32.21588
2486569687.5,-32.20879
2486569843.75,-32.21622
2486570000.0,-32.2126
2486570156.25,-32.21265
2486570312.5,-32.21093
2486570468.75,-32.2107
2486570625.0,-32.20709
2486570781.25,-32.20756
2486570937.5,-32.20407
2486571093.75,-32.21202
2486571250.0,-32.21288
2486571406.25,-32.20502
2486571562.5,-32.2047
2486571718.75,-32.20704
2486571875.0,-32.20405
2486572031.25,-32.20988
2486572187.5,-32.2038
2486572343.75,-32.20439
2486572500.0,-32.20304
2486572656.25,-32.20502
2486572812.5,-32.19967
2486572968.75,-32.19995
2486573125.0,-32.20481
2486573281.25,-32.20282
2486573437.5,-32.20235
2486573593.75,-32.20189
2486573750.0,-32.20618
2486573906.25,-32.19938
2486574062.5,-32.19746
2486574218.75,-32.1991
2486574375.0,-32.19921
2486574531.25,-32.19948
2486574687.5,-32.19681
2486574843.75,-32.19878
2486575000.0,-32.20187
2486575156.25,-32.19519
2486575312.5,-32.19627
2486575468.75,-32.20072
2486575625.0,-32.19873
2486575781.25,-32.18835
2486575937.5,-32.19056
2486576093.75,-32.19432
2486576250.0,-32.19434
2486576406.25,-32.1936
2486576562.5,-32.19347
2486576718.75,-32.1958
2486576875.0,-32.1891
2486577031.25,-32.20115
2486577187.5,-32.18996
2486577343.75,-32.18854
2486577500.0,-32.19339
2486577656.25,-32.19125
2486577812.5,-32.18544
2486577968.75,-32.19307
2486578125.0,-32.18966
2486578281.25,-32.1867
2486578437.5,-32.19481
2486578593.75,-32.18254
2486578750.0,-32.18504
2486578906.25,-32.18667
2486579062.5,-32.18758
2486579218.75,-32.18674
2486579375.0,-32.18904
2486579531.25,-32.19305
2486579687.5,-32.1832
2486579843.75,-32.18651
2486580000.0,-32.18537
2486580156.25,-32.18263
2486580312.5,-32.1844
2486580468.75,-32.18592
2486580625.0,-32.17979
2486580781.25,-32.18227
2486580937.5,-32.18236
2486581093.75,-32.18541
2486581250.0,-32.18053
2486581406.25,-32.1739
2486581562.5,-32.18274
2486581718.75,-32.18142
2486581875.0,-32.17932
2486582031.25,-32.17565
2486582187.5,-32.17937
2486582343.75,-32.18211
2486582500.0,-32.17875
2486582656.25,-32.17262
2486582812.5,-32.17329
2486582968.75,-32.17891
2486583125.0,-32.17445
2486583281.25,-32.17268
2486583437.5,-32.17121
2486583593.75,-32.17493
2486583750.0,-32.17385
2486583906.25,-32.17456
2486584062.5,-32.17646
2486584218.75,-32.17093
2486584375.0,-32.17215
2486584531.25,-32.16692
2486584687.5,-32.17478
2486584843.75,-32.16918
2486585000.0,-32.17452
2486585156.25,-32.17076
2486585312.5,-32.17385
2486585468.75,-32.17382
2486585625.0,-32.17455
2486585781.25,-32.16575
2486585937.5,-32.15925
2486586093.75,-32.1641
2486586250.0,-32.16851
2486586406.25,-32.17175
2486586562.5,-32.16971
2486586718.75,-32.16807
2486586875.0,-32.16111
2486587031.25,-32.16011
2486587187.5,-32.17131
2486587343.75,-32.15319
2486587500.0,-32.15714
2486587656.25,-32.15803
2486587812.5,-32.16442
2486587968.75,-32.16624
2486588125.0,-32.16244
2486588281.25,-32.15962
2486588437.5,-32.1631
2486588593.75,-32.15108
2486588750.0,-32.1585
2486588906.25,-32.15459
2486589062.5,-32.15594
2486589218.75,-32.15905
2486589375.0,-32.16095
2486589531.25,-32.1518
2486589687.5,-32.16087
2486589843.75,-32.15612
2486590000.0,-32.16172
2486590156.25,-32.15419
2486590312.5,-32.15768
2486590468.75,-32.15055
2486590625.0,-32.15081
2486590781.25,-32.15655
2486590937.5,-32.15575
2486591093.75,-32.15579
2486591250.0,-32.14976
2486591406.25,-32.14918
2486591562.5,-32.15398
2486591718.75,-32.14857
2486591875.0,-32.14738
2486592031.25,-32.14657
2486592187.5,-32.15193
2486592343.75,-32.15396
2486592500.0,-32.15582
2486592656.25,-32.15372
2486592812.5,-32.14886
2486592968.75,-32.14484
2486593125.0,-32.14665
2486593281.25,-32.14531
2486593437.5,-32.15312
2486593593.75,-32.14558
2486593750.0,-32.14437
2486593906.25,-32.14988
2486594062.5,-32.1454
2486594218.75,-32.14344
2486594375.0,-32.14292
2486594531.25,-32.13586
2486594687.5,-32.13842
2486594843.75,-32.14389
2486595000.0,-32.14259
2486595156.25,-32.14406
2486595312.5,-32.14202
2486595468.75,-32.14566
2486595625.0,-32.14137
2486595781.25,-32.1368
2486595937.5,-32.14593
2486596093.75,-32.14268
2486596250.0,-32.13955
2486596406.25,-32.1445
2486596562.5,-32.13686
2486596718.75,-32.13488
2486596875.0,-32.13543
2486597031.25,-32.13459
2486597187.5,-32.13902
2486597343.75,-32.13572
2486597500.0,-32.13675
2486597656.25,-32.14031
2486597812.5,-32.14006
2486597968.75,-32.14022
2486598125.0,-32.13054
2486598281.25,-32.13143
2486598437.5,-32.13918
2486598593.75,-32.13183
2486598750.0,-32.13042
2486598906.25,-32.12527
2486599062.5,-32.13499
2486599218.75,-32.13364
2486599375.0,-32.12502
2486599531.25,-32.13179
2486599687.5,-32.13202
2486599843.75,-32.13832
2486600000.0,-32.1282
2486600156.25,-32.12623
2486600312.5,-32.12524
2486600468.75,-32.13144
2486600625.0,-32.13174
2486600781.25,-32.13158
2486600937.5,-32.12823
2486601093.75,-32.12447
2486601250.0,-32.13031
2486601406.25,-32.12577
2486601562.5,-32.12429
2486601718.75,-32.12516
2486601875.0,-32.12626
2486602031.25,-32.12444
2486602187.5,-32.11854
2486602343.75,-32.12379
2486602500.0,-32.12091
2486602656.25,-32.12542
2486602812.5,-32.12533
2486602968.75,-32.12203
2486603125.0,-32.12547
2486603281.25,-32.12025
2486603437.5,-32.12535
2486603593.75,-32.11812
2486603750.0,-32.12592
2486603906.25,-32.12315
2486604062.5,-32.11172
2486604218.75,-32.12293
2486604375.0,-32.12241
2486604531.25,-32.11451
2486604687.5,-32.11248
2486604843.75,-32.11354
2486605000.0,-32.12196
2486605156.25,-32.11521
2486605312.5,-32.11436
2486605468.75,-32.11459
2486605625.0,-32.12219
2486605781.25,-32.11241
2486605937.5,-32.11236
2486606093.75,-32.10378
2486606250.0,-32.11064
2486606406.25,-32.11592
2486606562.5,-32.11237
2486606718.75,-32.11058
2486606875.0,-32.1102
2486607031.25,-32.11355
2486607187.5,-32.11742
2486607343.75,-32.10941
2486607500.0,-32.11227
2486607656.25,-32.11251
2486607812.5,-32.10381
2486607968.75,-32.10779
2486608125.0,-32.10583
2486608281.25,-32.11046
2486608437.5,-32.10381
2486608593.75,-32.10677
2486608750.0,-32.10531
2486608906.25,-32.11123
2486609062.5,-32.09935
2486609218.75,-32.10191
2486609375.0,-32.10667
2486609531.25,-32.10767
2486609687.5,-32.10653
2486609843.75,-32.10104
2486610000.0,-32.10344
2486610156.25,-32.09964
2486610312.5,-32.09939
2486610468.75,-32.10252
2486610625.0,-32.10134
2486610781.25,-32.1014
2486610937.5,-32.1009
2486611093.75,-32.10231
2486611250.0,-32.09781
2486611406.25,-32.10144
2486611562.5,-32.10011
2486611718.75,-32.10246
2486611875.0,-32.09519
2486612031.25,-32.095
2486612187.5,-32.09902
2486612343.75,-32.09676
2486612500.0,-32.09477
2486612656.25,-32.09926
2486612812.5,-32.09637
2486612968.75,-32.09206
2486613125.0,-32.09117
2486613281.25,-32.09775
2486613437.5,-32.09751
2486613593.75,-32.0881
2486613750.0,-32.09865
2486613906.25,-32.08932
2486614062.5,-32.09325
2486614218.75,-32.09064
2486614375.0,-32.09048
2486614531.25,-32.08546
2486614687.5,-32.09251
2486614843.75,-32.08773
2486615000.0,-32.09657
2486615156.25,-32.09606
2486615312.5,-32.08932
2486615468.75,-32.08865
2486615625.0,-32.08398
2486615781.25,-32.08547
2486615937.5,-32.0856
2486616093.75,-32.08683
2486616250.0,-32.08745
2486616406.25,-32.08331
2486616562.5,-32.09194
2486616718.75,-32.07833
2486616875.0,-32.08366
2486617031.25,-32.0911
2486617187.5,-32.07853
2486617343.75,-32.08766
2486617500.0,-32.08268
2486617656.25,-32.07947
2486617812.5,-32.08459
2486617968.75,-32.08062
2486618125.0,-32.07838
2486618281.25,-32.07604
2486618437.5,-32.07772
2486618593.75,-32.0801
2486618750.0,-32.08377
2486618906.25,-32.07443
2486619062.5,-32.07338
2486619218.75,-32.08161
2486619375.0,-32.07633
2486619531.25,-32.07077
2486619687.5,-32.08056
2486619843.75,-32.07154
2486620000.0,-32.08021
2486620156.25,-32.07262
2486620312.5,-32.07936
2486620468.75,-32.07222
2486620625.0,-32.08051
2486620781.25,-32.07463
2486620937.5,-32.0649
2486621093.75,-32.0715
2486621250.0,-32.07014
2486621406.25,-32.071
2486621562.5,-32.06868
2486621718.75,-32.06978
2486621875.0,-32.06586
2486622031.25,-32.06927
2486622187.5,-32.06499
2486622343.75,-32.07035
2486622500.0,-32.06803
2486622656.25,-32.06338
2486622812.5,-32.06604
2486622968.75,-32.06771
2486623125.0,-32.07249
2486623281.25,-32.06997
2486623437.5,-32.06971
2486623593.75,-32.06523
2486623750.0,-32.06303
2486623906.25,-32.06392
2486624062.5,-32.06312
2486624218.75,-32.0635
2486624375.0,-32.06572
2486624531.25,-32.06482
2486624687.5,-32.06641
2486624843.75,-32.05761
2486625000.0,-32.05809
2486625156.25,-32.0616
2486625312.5,-32.05921
2486625468.75,-32.06029
2486625625.0,-32.06382
2486625781.25,-32.06145
2486625937.5,-32.0625
2486626093.75,-32.05202
2486626250.0,-32.05197
2486626406.25,-32.05696
2486626562.5,-32.05741
2486626718.75,-32.05516
2486626875.0,-32.0524
2486627031.25,-32.06039
2486627187.5,-32.05777
2486627343.75,-32.05235
2486627500.0,-32.05779
2486627656.25,-32.05519
2486627812.5,-32.06245
2486627968.75,-32.05816
2486628125.0,-32.05032
2486628281.25,-32.05329
2486628437.5,-32.05355
2486628593.75,-32.05121
2486628750.0,-32.05218
2486628906.25,-32.05692
2486629062.5,-32.05042
2486629218.75,-32.05774
2486629375.0,-32.05434
2486629531.25,-32.04908
2486629687.5,-32.05057
2486629843.75,-32.03899
2486630000.0,-32.04556
2486630156.25,-32.04643
2486630312.5,-32.04642
2486630468.75,-32.04671
2486630625.0,-32.05027
2486630781.25,-32.04837
2486630937.5,-32.04554
2486631093.75,-32.05021
2486631250.0,-32.04124
2486631406.25,-32.04494
2486631562.5,-32.04763
2486631718.75,-32.04398
2486631875.0,-32.03791
2486632031.25,-32.04445
2486632187.5,-32.04255
2486632343.75,-32.04536
2486632500.0,-32.03757
2486632656.25,-32.03824
2486632812.5,-32.04259
2486632968.75,-32.0378
2486633125.0,-32.03587
2486633281.25,-32.04196
2486633437.5,-32.03767
2486633593.75,-32.04037
2486633750.0,-32.043
2486633906.25,-32.0369
2486634062.5,-32.03981
2486634218.75,-32.03234
2486634375.0,-32.03318
2486634531.25,-32.03303
2486634687.5,-32.02851
2486634843.75,-32.03157
2486635000.0,-32.03537
2486635156.25,-32.02456
2486635312.5,-32.02924
2486635468.75,-32.03345
2486635625.0,-32.03268
2486635781.25,-32.02726
2486635937.5,-32.02644
2486636093.75,-32.02758
2486636250.0,-32.03301
2486636406.25,-32.02873
2486636562.5,-32.03142
2486636718.75,-32.02353
2486636875.0,-32.02805
2486637031.25,-32.03064
2486637187.5,-32.03119
2486637343.75,-32.03132
2486637500.0,-32.02456
2486637656.25,-32.02442
2486637812.5,-32.02448
2486637968.75,-32.03077
2486638125.0,-32.02695
2486638281.25,-32.01498
2486638437.5,-32.0259
2486638593.75,-32.02438
2486638750.0,-32.02509
2486638906.25,-32.02294
2486639062.5,-32.02166
2486639218.75,-32.01656
2486639375.0,-32.02776
2486639531.25,-32.01726
2486639687.5,-32.01683
2486639843.75,-32.02179
2486640000.0,-32.02138
2486640156.25,-32.01521
2486640312.5,-32.02042
2486640468.75,-32.01965
2486640625.0,-32.02062
2486640781.25,-32.01637
2486640937.5,-32.01797
2486641093.75,-32.02068
2486641250.0,-32.021
2486641406.25,-32.02501
2486641562.5,-32.01514
2486641718.75,-32.01253
2486641875.0,-32.01813
2486642031.25,-32.01702
2486642187.5,-32.01499
2486642343.75,-32.01596
2486642500.0,-32.01628
2486642656.25,-32.01432
2486642812.5,-32.01591
2486642968.75,-32.01128
2486643125.0,-32.00796
2486643281.25,-32.0107
2486643437.5,-32.01517
2486643593.75,-32.00742
2486643750.0,-32.0071
2486643906.25,-32.00798
2486644062.5,-32.00975
2486644218.75,-32.00045
2486644375.0,-32.0112
2486644531.25,-32.00047
2486644687.5,-32.01431
2486644843.75,-32.00259
2486645000.0,-32.00641
2486645156.25,-32.00221
2486645312.5,-32.01494
2486645468.75,-32.00163
2486645625.0,-31.99825
2486645781.25,-32.01238
2486645937.5,-32.00632
2486646093.75,-31.99843
2486646250.0,-32.00233
2486646406.25,-31.99811
2486646562.5,-32.00491
2486646718.75,-31.99987
2486646875.0,-32.00245
2486647031.25,-32.00017
2486647187.5,-31.99719
2486647343.75,-31.99902
2486647500.0,-31.99541
2486647656.25,-31.99951
2486647812.5,-31.99696
2486647968.75,-31.99069
2486648125.0,-32.00102
2486648281.25,-32.00303
2486648437.5,-31.99669
2486648593.75,-31.99869
2486648750.0,-31.9941
2486648906.25,-31.99845
2486649062.5,-32.00198
2486649218.75,-31.99235
2486649375.0,-31.99508
2486649531.25,-31.99028
2486649687.5,-31.99663
2486649843.75,-31.99596
2486650000.0,-31.99254
2486650156.25,-31.98911
2486650312.5,-31.99473
2486650468.75,-31.99675
2486650625.0,-31.99912
2486650781.25,-31.99653
2486650937.5,-31.98891
2486651093.75,-31.98955
2486651250.0,-31.99637
2486651406.25,-31.98865
2486651562.5,-31.98728
2486651718.75,-31.98848
2486651875.0,-31.98943
2486652031.25,-31.97849
2486652187.5,-31.97837
2486652343.75,-31.98969
2486652500.0,-31.98848
2486652656.25,-31.98654
2486652812.5,-31.98432
2486652968.75,-31.97717
2486653125.0,-31.9815
2486653281.25,-31.98915
2486653437.5,-31.98256
2486653593.75,-31.97721
2486653750.0,-31.98018
2486653906.25,-31.98125
2486654062.5,-31.9775
2486654218.75,-31.98433
2486654375.0,-31.97794
2486654531.25,-31.97981
2486654687.5,-31.97445
2486654843.75,-31.97727
2486655000.0,-31.98528
2486655156.25,-31.97316
2486655312.5,-31.97892
2486655468.75,-31.97995
2486655625.0,-31.98173
2486655781.25,-31.97808
2486655937.5,-31.97576
2486656093.75,-31.97436
2486656250.0,-31.97507
2486656406.25,-31.9765
2486656562.5,-31.9751
2486656718.75,-31.97507
2486656875.0,-31.97231
2486657031.25,-31.97152
2486657187.5,-31.97749
2486657343.75,-31.9719
2486657500.0,-31.97557
2486657656.25,-31.96995
2486657812.5,-31.97225
2486657968.75,-31.9707
2486658125.0,-31.97095
2486658281.25,-31.96581
2486658437.5,-31.97555
2486658593.75,-31.97412
2486658750.0,-31.97082
2486658906.25,-31.96762
2486659062.5,-31.96894
2486659218.75,-31.96825
2486659375.0,-31.96687
2486659531.25,-31.9621
2486659687.5,-31.96456
2486659843.75,-31.96937
2486660000.0,-31.96491
2486660156.25,-31.96125
2486660312.5,-31.96312
2486660468.75,-31.95831
2486660625.0,-31.96421
2486660781.25,-31.95893
2486660937.5,-31.96902
2486661093.75,-31.96049
2486661250.0,-31.97042
2486661406.25,-31.96035
2486661562.5,-31.95979
2486661718.75,-31.96635
2486661875.0,-31.95626
2486662031.25,-31.96199
2486662187.5,-31.96554
2486662343.75,-31.95533
2486662500.0,-31.96481
2486662656.25,-31.96097
2486662812.5,-31.96115
2486662968.75,-31.96248
2486663125.0,-31.95888
2486663281.25,-31.95355
2486663437.5,-31.95167
2486663593.75,-31.95989
2486663750.0,-31.95651
2486663906.25,-31.95296
2486664062.5,-31.95151
2486664218.75,-31.94876
2486664375.0,-31.94908
2486664531.25,-31.95376
2486664687.5,-31.94809
2486664843.75,-31.94788
2486665000.0,-31.95325
2486665156.25,-31.94721
2486665312.5,-31.94975
2486665468.75,-31.94798
2486665625.0,-31.94911
2486665781.25,-31.94938
2486665937.5,-31.9444
2486666093.75,-31.94964
2486666250.0,-31.95015
2486666406.25,-31.944
2486666562.5,-31.94069
2486666718.75,-31.94442
2486666875.0,-31.94764
2486667031.25,-31.94832
2486667187.5,-31.9418
2486667343.75,-31.93889
2486667500.0,-31.94045
2486667656.25,-31.94785
2486667812.5,-31.94302
2486667968.75,-31.94753
2486668125.0,-31.94537
2486668281.25,-31.9453
2486668437.5,-31.94155
2486668593.75,-31.94303
2486668750.0,-31.94098
2486668906.25,-31.94303
2486669062.5,-31.94187
2486669218.75,-31.93735
2486669375.0,-31.93469
2486669531.25,-31.93568
2486669687.5,-31.94148
2486669843.75,-31.9382
2486670000.0,-31.93999
2486670156.25,-31.93205
2486670312.5,-31.94064
2486670468.75,-31.9355
2486670625.0,-31.93568
2486670781.25,-31.93252
2486670937.5,-31.93476
2486671093.75,-31.92939
2486671250.0,-31.9341
2486671406.25,-31.93431
2486671562.5,-31.93502
2486671718.75,-31.92893
2486671875.0,-31.93132
2486672031.25,-31.92882
2486672187.5,-31.93496
2486672343.75,-31.92831
2486672500.0,-31.92199
2486672656.25,-31.92678
2486672812.5,-31.92706
2486672968.75,-31.92216
2486673125.0,-31.9217
2486673281.25,-31.93214
2486673437.5,-31.93277
2486673593.75,-31.92861
2486673750.0,-31.92465
2486673906.25,-31.92422
2486674062.5,-31.92638
2486674218.75,-31.92914
2486674375.0,-31.92621
2486674531.25,-31.92753
2486674687.5,-31.92675
2486674843.75,-31.92506
2486675000.0,-31.92732
2486675156.25,-31.92087
2486675312.5,-31.926
2486675468.75,-31.92545
2486675625.0,-31.92425
2486675781.25,-31.91717
2486675937.5,-31.92623
2486676093.75,-31.91427
2486676250.0,-31.91809
2486676406.25,-31.91815
2486676562.5,-31.92135
2486676718.75,-31.91783
2486676875.0,-31.91472
2486677031.25,-31.92014
2486677187.5,-31.9155
2486677343.75,-31.91375
2486677500.0,-31.92131
2486677656.25,-31.91405
2486677812.5,-31.91032
2486677968.75,-31.91429
2486678125.0,-31.90709
2486678281.25,-31.91303
2486678437.5,-31.9131
2486678593.75,-31.9143
2486678750.0,-31.91058
2486678906.25,-31.90976
2486679062.5,-31.91684
2486679218.75,-31.9115
2486679375.0,-31.91242
2486679531.25,-31.90846
2486679687.5,-31.91381
2486679843.75,-31.91308
2486680000.0,-31.90964
2486680156.25,-31.91267
2486680312.5,-31.90283
2486680468.75,-31.90789
2486680625.0,-31.9087
2486680781.25,-31.90429
2486680937.5,-31.91445
2486681093.75,-31.90629
2486681250.0,-31.90921
2486681406.25,-31.90009
2486681562.5,-31.90315
2486681718.75,-31.901
2486681875.0,-31.90314
2486682031.25,-31.90479
2486682187.5,-31.89957
2486682343.75,-31.90224
2486682500.0,-31.90405
2486682656.25,-31.9037
2486682812.5,-31.90259
2486682968.75,-31.8987
2486683125.0,-31.89969
2486683281.25,-31.89364
2486683437.5,-31.90186
2486683593.75,-31.8955
2486683750.0,-31.90189
2486683906.25,-31.89786
2486684062.5,-31.89992
2486684218.75,-31.89296
2486684375.0,-31.89669
2486684531.25,-31.89436
2486684687.5,-31.89019
2486684843.75,-31.89385
2486685000.0,-31.88886
2486685156.25,-31.89855
2486685312.5,-31.89723
2486685468.75,-31.8877
2486685625.0,-31.88792
2486685781.25,-31.89408
2486685937.5,-31.89361
2486686093.75,-31.88951
2486686250.0,-31.89216
2486686406.25,-31.89743
2486686562.5,-31.88964
2486686718.75,-31.89111
2486686875.0,-31.88557
2486687031.25,-31.89411
2486687187.5,-31.89218
2486687343.75,-31.88261
2486687500.0,-31.89432
2486687656.25,-31.89065
2486687812.5,-31.87799
2486687968.75,-31.88579
2486688125.0,-31.8861
2486688281.25,-31.88051
2486688437.5,-31.88383
2486688593.75,-31.8907
2486688750.0,-31.88756
2486688906.25,-31.89076
2486689062.5,-31.88062
2486689218.75,-31.88272
2486689375.0,-31.88227
2486689531.25,-31.8853
2486689687.5,-31.87696
2486689843.75,-31.8799
2486690000.0,-31.88165
2486690156.25,-31.88706
2486690312.5,-31.87779
2486690468.75,-31.88086
2486690625.0,-31.88193
2486690781.25,-31.87844
2486690937.5,-31.8813
2486691093.75,-31.88136
2486691250.0,-31.87157
2486691406.25,-31.87503
2486691562.5,-31.87448
2486691718.75,-31.8741
2486691875.0,-31.87901
2486692031.25,-31.87252
2486692187.5,-31.8751
2486692343.75,-31.8699
2486692500.0,-31.8708
2486692656.25,-31.87236
2486692812.5,-31.87146
2486692968.75,-31.87211
2486693125.0,-31.8748
2486693281.25,-31.87778
2486693437.5,-31.8648
2486693593.75,-31.86952
2486693750.0,-31.86538
2486693906.25,-31.8767
2486694062.5,-31.86964
2486694218.75,-31.87095
2486694375.0,-31.86931
2486694531.25,-31.86862
2486694687.5,-31.8682
2486694843.75,-31.87036
2486695000.0,-31.86787
2486695156.25,-31.86667
2486695312.5,-31.86095
2486695468.75,-31.87351
2486695625.0,-31.86815
2486695781.25,-31.8584
2486695937.5,-31.86433
2486696093.75,-31.86824
2486696250.0,-31.86978
2486696406.25,-31.85927
2486696562.5,-31.86104
2486696718.75,-31.86095
2486696875.0,-31.86446
2486697031.25,-31.86662
2486697187.5,-31.86497
2486697343.75,-31.86299
2486697500.0,-31.8625
2486697656.25,-31.86133
2486697812.5,-31.86322
2486697968.75,-31.85598
2486698125.0,-31.85302
2486698281.25,-31.85632
2486698437.5,-31.85863
2486698593.75,-31.86111
2486698750.0,-31.85234
2486698906.25,-31.85634
2486699062.5,-31.85137
2486699218.75,-31.85921
2486699375.0,-31.8603
2486699531.25,-31.85092
2486699687.5,-31.85173
2486699843.75,-31.86023
2486700000.0,-31.85163
2486700156.25,-31.85294
2486700312.5,-31.85189
2486700468.75,-31.85811
2486700625.0,-31.85052
2486700781.25,-31.85124
2486700937.5,-31.85426
2486701093.75,-31.84682
2486701250.0,-31.85737
2486701406.25,-31.85277
2486701562.5,-31.85416
2486701718.75,-31.8447
2486701875.0,-31.84718
2486702031.25,-31.84692
2486702187.5,-31.84629
2486702343.75,-31.8524
2486702500.0,-31.84423
2486702656.25,-31.84877
2486702812.5,-31.84579
2486702968.75,-31.85149
2486703125.0,-31.84177
2486703281.25,-31.84676
2486703437.5,-31.83863
2486703593.75,-31.85043
2486703750.0,-31.84145
2486703906.25,-31.83706
2486704062.5,-31.84134
2486704218.75,-31.84402
2486704375.0,-31.84146
2486704531.25,-31.83812
2486704687.5,-31.84535
2486704843.75,-31.83661
2486705000.0,-31.84351
2486705156.25,-31.84243
2486705312.5,-31.83883
2486705468.75,-31.84021
2486705625.0,-31.83417
2486705781.25,-31.84115
2486705937.5,-31.83994
2486706093.75,-31.84095
2486706250.0,-31.83266
2486706406.25,-31.8348
2486706562.5,-31.83703
2486706718.75,-31.8374
2486706875.0,-31.8302
2486707031.25,-31.83618
2486707187.5,-31.83441
2486707343.75,-31.83731
2486707500.0,-31.83286
2486707656.25,-31.83593
2486707812.5,-31.83607
2486707968.75,-31.83515
2486708125.0,-31.82909
2486708281.25,-31.82278
2486708437.5,-31.82977
2486708593.75,-31.82812
2486708750.0,-31.82926
2486708906.25,-31.82578
2486709062.5,-31.8302
2486709218.75,-31.83037
2486709375.0,-31.82902
2486709531.25,-31.83063
2486709687.5,-31.82835
2486709843.75,-31.82453
2486710000.0,-31.81924
2486710156.25,-31.82223
2486710312.5,-31.81974
2486710468.75,-31.82397
2486710625.0,-31.82567
2486710781.25,-31.81475
2486710937.5,-31.82418
2486711093.75,-31.82024
2486711250.0,-31.82025
2486711406.25,-31.82359
2486711562.5,-31.82154
2486711718.75,-31.82303
2486711875.0,-31.82001
2486712031.25,-31.81755
2486712187.5,-31.81508
2486712343.75,-31.81408
2486712500.0,-31.81599
2486712656.25,-31.81838
2486712812.5,-31.81676
2486712968.75,-31.81006
2486713125.0,-31.8154
2486713281.25,-31.81488
2486713437.5,-31.82076
2486713593.75,-31.82048
2486713750.0,-31.81431
2486713906.25,-31.81524
2486714062.5,-31.81642
2486714218.75,-31.81439
2486714375.0,-31.81969
2486714531.25,-31.80668
2486714687.5,-31.8144
2486714843.75,-31.811
2486715000.0,-31.81268
2486715156.25,-31.81161
2486715312.5,-31.80945
2486715468.75,-31.81035
2486715625.0,-31.80762
2486715781.25,-31.81444
2486715937.5,-31.80182
2486716093.75,-31.81403
2486716250.0,-31.80492
2486716406.25,-31.80145
2486716562.5,-31.80414
2486716718.75,-31.80635
2486716875.0,-31.80347
2486717031.25,-31.80381
2486717187.5,-31.80652
2486717343.75,-31.80193
2486717500.0,-31.80742
2486717656.25,-31.80323
2486717812.5,-31.79764
2486717968.75,-31.80026
2486718125.0,-31.80466
2486718281.25,-31.80651
2486718437.5,-31.80433
2486718593.75,-31.80229
2486718750.0,-31.79424
2486718906.25,-31.80228
2486719062.5,-31.80083
2486719218.75,-31.79277
2486719375.0,-31.80074
2486719531.25,-31.80528
2486719687.5,-31.78965
2486719843.75,-31.79425
2486720000.0,-31.79534
2486720156.25,-31.7928
2486720312.5,-31.79155
2486720468.75,-31.79968
2486720625.0,-31.79598
2486720781.25,-31.79433
2486720937.5,-31.79359
2486721093.75,-31.79461
2486721250.0,-31.78781
2486721406.25,-31.79313
2486721562.5,-31.7954
2486721718.75,-31.79189
2486721875.0,-31.79149
2486722031.25,-31.79153
2486722187.5,-31.79437
2486722343.75,-31.79134
2486722500.0,-31.79026
2486722656.25,-31.7898
2486722812.5,-31.79378
2486722968.75,-31.78632
2486723125.0,-31.78926
2486723281.25,-31.78023
2486723437.5,-31.78517
2486723593.75,-31.79012
2486723750.0,-31.78592
2486723906.25,-31.78076
2486724062.5,-31.78548
2486724218.75,-31.78238
2486724375.0,-31.78983
2486724531.25,-31.78412
2486724687.5,-31.79231
2486724843.75,-31.78578
2486725000.0,-31.77965
2486725156.25,-31.78434
2486725312.5,-31.78701
2486725468.75,-31.78857
2486725625.0,-31.77583
2486725781.25,-31.77773
2486725937.5,-31.77666
2486726093.75,-31.78332
2486726250.0,-31.78017
2486726406.25,-31.77988
2486726562.5,-31.77741
2486726718.75,-31.77487
2486726875.0,-31.78057
2486727031.25,-31.77817
2486727187.5,-31.77977
2486727343.75,-31.77686
2486727500.0,-31.77745
2486727656.25,-31.77226
2486727812.5,-31.78017
2486727968.75,-31.77263
2486728125.0,-31.77701
2486728281.25,-31.77583
2486728437.5,-31.77851
2486728593.75,-31.76942
2486728750.0,-31.77294
2486728906.25,-31.77
2486729062.5,-31.77192
2486729218.75,-31.76973
2486729375.0,-31.77007
2486729531.25,-31.77609
2486729687.5,-31.76561
2486729843.75,-31.76679
2486730000.0,-31.77681
2486730156.25,-31.76748
2486730312.5,-31.76621
2486730468.75,-31.76862
2486730625.0,-31.77217
2486730781.25,-31.7668
2486730937.5,-31.76541
2486731093.75,-31.76774
2486731250.0,-31.76032
2486731406.25,-31.76758
2486731562.5,-31.76252
2486731718.75,-31.7683
2486731875.0,-31.76362
2486732031.25,-31.77269
2486732187.5,-31.76724
2486732343.75,-31.7625
2486732500.0,-31.75562
2486732656.25,-31.75346
2486732812.5,-31.76609
2486732968.75,-31.76343
2486733125.0,-31.75819
2486733281.25,-31.76261
2486733437.5,-31.76085
2486733593.75,-31.74777
2486733750.0,-31.75992
2486733906.25,-31.75583
2486734062.5,-31.75871
2486734218.75,-31.75489
2486734375.0,-31.75608
2486734531.25,-31.75401
2486734687.5,-31.7566
2486734843.75,-31.7548
2486735000.0,-31.7572
2486735156.25,-31.75866
2486735312.5,-31.75256
2486735468.75,-31.75344
2486735625.0,-31.75047
2486735781.25,-31.75517
2486735937.5,-31.7638
2486736093.75,-31.74858
2486736250.0,-31.74504
2486736406.25,-31.75057
2486736562.5,-31.74898
2486736718.75,-31.75252
2486736875.0,-31.74587
2486737031.25,-31.75138
2486737187.5,-31.74325
2486737343.75,-31.74928
2486737500.0,-31.7473
2486737656.25,-31.74625
2486737812.5,-31.74026
2486737968.75,-31.74835
2486738125.0,-31.74991
2486738281.25,-31.74705
2486738437.5,-31.74785
2486738593.75,-31.74898
2486738750.0,-31.74328
2486738906.25,-31.74171
2486739062.5,-31.74442
2486739218.75,-31.7484
2486739375.0,-31.74111
2486739531.25,-31.73821
2486739687.5,-31.74162
2486739843.75,-31.73984
2486740000.0,-31.73942
2486740156.25,-31.74027
2486740312.5,-31.73866
2486740468.75,-31.73852
2486740625.0,-31.73485
2486740781.25,-31.74379
2486740937.5,-31.73268
2486741093.75,-31.731
2486741250.0,-31.7369
2486741406.25,-31.73294
2486741562.5,-31.73506
2486741718.75,-31.72957
2486741875.0,-31.73021
2486742031.25,-31.73786
2486742187.5,-31.73554
2486742343.75,-31.72878
2486742500.0,-31.73188
2486742656.25,-31.7365
2486742812.5,-31.7302
2486742968.75,-31.73616
2486743125.0,-31.72837
2486743281.25,-31.72618
2486743437.5,-31.72467
2486743593.75,-31.72918
2486743750.0,-31.72636
2486743906.25,-31.72698
2486744062.5,-31.72564
2486744218.75,-31.72664
2486744375.0,-31.72978
2486744531.25,-31.72535
2486744687.5,-31.72486
2486744843.75,-31.72867
2486745000.0,-31.71766
2486745156.25,-31.7248
2486745312.5,-31.72455
2486745468.75,-31.72566
2486745625.0,-31.72589
2486745781.25,-31.72214
2486745937.5,-31.71888
2486746093.75,-31.72183
2486746250.0,-31.71855
2486746406.25,-31.7244
2486746562.5,-31.71834
2486746718.75,-31.72437
2486746875.0,-31.71962
2486747031.25,-31.7267
2486747187.5,-31.72509
2486747343.75,-31.72017
2486747500.0,-31.71853
2486747656.25,-31.71989
2486747812.5,-31.72418
2486747968.75,-31.72067
2486748125.0,-31.72028
2486748281.25,-31.71781
2486748437.5,-31.71645
2486748593.75,-31.71584
2486748750.0,-31.70915
2486748906.25,-31.71521
2486749062.5,-31.72234
2486749218.75,-31.71081
2486749375.0,-31.71917
2486749531.25,-31.70793
2486749687.5,-31.71301
2486749843.75,-31.715
2486750000.0,-31.71433
2486750156.25,-31.7085
2486750312.5,-31.71678
2486750468.75,-31.70809
2486750625.0,-31.7086
2486750781.25,-31.70659
2486750937.5,-31.70658
2486751093.75,-31.7083
2486751250.0,-31.70881
2486751406.25,-31.70773
2486751562.5,-31.70902
2486751718.75,-31.71323
2486751875.0,-31.70869
2486752031.25,-31.70559
2486752187.5,-31.70768
2486752343.75,-31.70649
2486752500.0,-31.70717
2486752656.25,-31.70701
2486752812.5,-31.70411
2486752968.75,-31.70876
2486753125.0,-31.69945
2486753281.25,-31.6977
2486753437.5,-31.70342
2486753593.75,-31.70499
2486753750.0,-31.70158
2486753906.25,-31.69899
2486754062.5,-31.6963
2486754218.75,-31.69903
2486754375.0,-31.69811
2486754531.25,-31.70306
2486754687.5,-31.70567
2486754843.75,-31.69681
2486755000.0,-31.69475
2486755156.25,-31.69593
2486755312.5,-31.6982
2486755468.75,-31.699
2486755625.0,-31.69132
2486755781.25,-31.69968
2486755937.5,-31.69138
2486756093.75,-31.68895
2486756250.0,-31.69534
2486756406.25,-31.69918
2486756562.5,-31.68968
2486756718.75,-31.69162
2486756875.0,-31.69265
2486757031.25,-31.69876
2486757187.5,-31.69435
2486757343.75,-31.68872
2486757500.0,-31.69341
2486757656.25,-31.69316
2486757812.5,-31.69799
2486757968.75,-31.69149
2486758125.0,-31.68947
2486758281.25,-31.68479
2486758437.5,-31.68831
2486758593.75,-31.68759
2486758750.0,-31.68856
2486758906.25,-31.68931
2486759062.5,-31.6866
2486759218.75,-31.68689
2486759375.0,-31.68446
2486759531.25,-31.68482
2486759687.5,-31.6816
2486759843.75,-31.6827
2486760000.0,-31.67853
2486760156.25,-31.67804
2486760312.5,-31.67602
2486760468.75,-31.67269
2486760625.0,-31.68613
2486760781.25,-31.68605
2486760937.5,-31.68834
2486761093.75,-31.68344
2486761250.0,-31.68013
2486761406.25,-31.67785
2486761562.5,-31.67513
2486761718.75,-31.68297
2486761875.0,-31.6842
2486762031.25,-31.67778
2486762187.5,-31.68162
2486762343.75,-31.68001
2486762500.0,-31.67471
2486762656.25,-31.67038
2486762812.5,-31.67291
2486762968.75,-31.67739
2486763125.0,-31.67414
2486763281.25,-31.67564
2486763437.5,-31.67195
2486763593.75,-31.66569
2486763750.0,-31.68024
2486763906.25,-31.66967
2486764062.5,-31.67522
2486764218.75,-31.67499
2486764375.0,-31.67443
2486764531.25,-31.67533
2486764687.5,-31.66775
2486764843.75,-31.66662
2486765000.0,-31.66967
2486765156.25,-31.67246
2486765312.5,-31.66608
2486765468.75,-31.66336
2486765625.0,-31.66752
2486765781.25,-31.67081
2486765937.5,-31.66776
2486766093.75,-31.66841
2486766250.0,-31.66416
2486766406.25,-31.66489
2486766562.5,-31.66918
2486766718.75,-31.66422
2486766875.0,-31.66331
2486767031.25,-31.66426
2486767187.5,-31.65893
2486767343.75,-31.66356
2486767500.0,-31.66085
2486767656.25,-31.66422
2486767812.5,-31.66132
2486767968.75,-31.65901
2486768125.0,-31.66308
2486768281.25,-31.65921
2486768437.5,-31.66099
2486768593.75,-31.65763
2486768750.0,-31.65524
2486768906.25,-31.66635
2486769062.5,-31.65293
2486769218.75,-31.6592
2486769375.0,-31.6552
2486769531.25,-31.65308
2486769687.5,-31.66179
2486769843.75,-31.66237
2486770000.0,-31.65793
2486770156.25,-31.65562
2486770312.5,-31.65557
2486770468.75,-31.64975
2486770625.0,-31.65295
2486770781.25,-31.6553
2486770937.5,-31.65283
2486771093.75,-31.64809
2486771250.0,-31.65472
2486771406.25,-31.64889
2486771562.5,-31.64826
2486771718.75,-31.65123
2486771875.0,-31.65384
2486772031.25,-31.646
2486772187.5,-31.64415
2486772343.75,-31.65218
2486772500.0,-31.64991
2486772656.25,-31.64785
2486772812.5,-31.64613
2486772968.75,-31.64222
2486773125.0,-31.65014
2486773281.25,-31.6376
2486773437.5,-31.64303
2486773593.75,-31.6474
2486773750.0,-31.64581
2486773906.25,-31.63619
2486774062.5,-31.64885
2486774218.75,-31.64763
2486774375.0,-31.6391
2486774531.25,-31.63836
2486774687.5,-31.64178
2486774843.75,-31.64778
2486775000.0,-31.6381
2486775156.25,-31.63588
2486775312.5,-31.64346
2486775468.75,-31.63359
2486775625.0,-31.64307
2486775781.25,-31.63652
2486775937.5,-31.64067
2486776093.75,-31.6428
2486776250.0,-31.63471
2486776406.25,-31.63909
2486776562.5,-31.63346
2486776718.75,-31.63681
2486776875.0,-31.63192
2486777031.25,-31.63765
2486777187.5,-31.63643
2486777343.75,-31.62939
2486777500.0,-31.63917
2486777656.25,-31.63461
2486777812.5,-31.6307
2486777968.75,-31.63097
2486778125.0,-31.63034
2486778281.25,-31.62818
2486778437.5,-31.63455
2486778593.75,-31.63023
2486778750.0,-31.63455
2486778906.25,-31.63043
2486779062.5,-31.63565
2486779218.75,-31.63054
2486779375.0,-31.62593
2486779531.25,-31.62408
2486779687.5,-31.6292
2486779843.75,-31.62651
2486780000.0,-31.63089
2486780156.25,-31.62511
2486780312.5,-31.62254
2486780468.75,-31.63262
2486780625.0,-31.62105
2486780781.25,-31.62214
2486780937.5,-31.62168
2486781093.75,-31.62063
2486781250.0,-31.62411
2486781406.25,-31.62099
2486781562.5,-31.62083
2486781718.75,-31.6154
2486781875.0,-31.62189
2486782031.25,-31.62152
2486782187.5,-31.62037
2486782343.75,-31.61531
2486782500.0,-31.61665
2486782656.25,-31.62007
2486782812.5,-31.62351
2486782968.75,-31.61996
2486783125.0,-31.62296
2486783281.25,-31.61734
2486783437.5,-31.61602
2486783593.75,-31.62169
2486783750.0,-31.62092
2486783906.25,-31.61782
2486784062.5,-31.6188
2486784218.75,-31.61376
2486784375.0,-31.61864
2486784531.25,-31.61248
2486784687.5,-31.6139
2486784843.75,-31.61613
2486785000.0,-31.61347
2486785156.25,-31.61028
2486785312.5,-31.61135
2486785468.75,-31.60599
2486785625.0,-31.61201
2486785781.25,-31.61324
2486785937.5,-31.60808
2486786093.75,-31.60978
2486786250.0,-31.60656
2486786406.25,-31.60918
2486786562.5,-31.60393
2486786718.75,-31.61349
2486786875.0,-31.60445
2486787031.25,-31.60311
2486787187.5,-31.61054
2486787343.75,-31.59886
2486787500.0,-31.60056
2486787656.25,-31.60267
2486787812.5,-31.60366
2486787968.75,-31.60188
2486788125.0,-31.60893
2486788281.25,-31.59469
2486788437.5,-31.60206
2486788593.75,-31.60186
2486788750.0,-31.60338
2486788906.25,-31.60393
2486789062.5,-31.60163
2486789218.75,-31.59829
2486789375.0,-31.59581
2486789531.25,-31.5991
2486789687.5,-31.59468
2486789843.75,-31.5988
2486790000.0,-31.59685
2486790156.25,-31.59809
2486790312.5,-31.59664
2486790468.75,-31.59478
2486790625.0,-31.59849
2486790781.25,-31.59229
2486790937.5,-31.59128
2486791093.75,-31.58801
2486791250.0,-31.59183
2486791406.25,-31.59512
2486791562.5,-31.59643
2486791718.75,-31.59246
2486791875.0,-31.59552
2486792031.25,-31.59433
2486792187.5,-31.59372
2486792343.75,-31.59373
2486792500.0,-31.58628
2486792656.25,-31.58644
2486792812.5,-31.58608
2486792968.75,-31.58891
2486793125.0,-31.58634
2486793281.25,-31.58603
2486793437.5,-31.58794
2486793593.75,-31.5887
2486793750.0,-31.58439
2486793906.25,-31.58286
2486794062.5,-31.58749
2486794218.75,-31.58138
2486794375.0,-31.59109
2486794531.25,-31.5848
2486794687.5,-31.58463
2486794843.75,-31.58505
2486795000.0,-31.58622
2486795156.25,-31.58355
2486795312.5,-31.58119
2486795468.75,-31.58182
2486795625.0,-31.58538
2486795781.25,-31.58516
2486795937.5,-31.57981
2486796093.75,-31.57631
2486796250.0,-31.57476
2486796406.25,-31.58171
2486796562.5,-31.57723
2486796718.75,-31.57552
2486796875.0,-31.57922
2486797031.25,-31.58103
2486797187.5,-31.58209
2486797343.75,-31.57436
2486797500.0,-31.57472
2486797656.25,-31.57755
2486797812.5,-31.57338
2486797968.75,-31.56829
2486798125.0,-31.5736
2486798281.25,-31.56789
2486798437.5,-31.5732
2486798593.75,-31.57339
2486798750.0,-31.56802
2486798906.25,-31.5719
2486799062.5,-31.57423
2486799218.75,-31.58031
2486799375.0,-31.56603
2486799531.25,-31.56838
2486799687.5,-31.5622
2486799843.75,-31.57044
2486800000.0,-31.56914
2486800156.25,-31.57342
2486800312.5,-31.56872
2486800468.75,-31.56636
2486800625.0,-31.56772
2486800781.25,-31.56886
2486800937.5,-31.56858
2486801093.75,-31.56614
2486801250.0,-31.55627
2486801406.25,-31.56414
2486801562.5,-31.56487
2486801718.75,-31.56096
2486801875.0,-31.56236
2486802031.25,-31.56338
2486802187.5,-31.55876
2486802343.75,-31.5585
2486802500.0,-31.56385
2486802656.25,-31.55952
2486802812.5,-31.55954
2486802968.75,-31.55559
2486803125.0,-31.56118
2486803281.25,-31.55236
2486803437.5,-31.56366
2486803593.75,-31.55676
2486803750.0,-31.55597
2486803906.25,-31.55541
2486804062.5,-31.55521
2486804218.75,-31.56146
2486804375.0,-31.5533
2486804531.25,-31.55797
2486804687.5,-31.55114
2486804843.75,-31.55312
2486805000.0,-31.55799
2486805156.25,-31.55632
2486805312.5,-31.55293
2486805468.75,-31.54859
2486805625.0,-31.55634
2486805781.25,-31.55296
2486805937.5,-31.54808
2486806093.75,-31.54674
2486806250.0,-31.55435
2486806406.25,-31.55378
2486806562.5,-31.55031
2486806718.75,-31.55362
2486806875.0,-31.54791
2486807031.25,-31.55093
2486807187.5,-31.545
2486807343.75,-31.54889
2486807500.0,-31.54992
2486807656.25,-31.54809
2486807812.5,-31.54123
2486807968.75,-31.55287
2486808125.0,-31.54961
2486808281.25,-31.53848
2486808437.5,-31.54104
2486808593.75,-31.54048
2486808750.0,-31.54266
2486808906.25,-31.5472
2486809062.5,-31.5339
2486809218.75,-31.53809
2486809375.0,-31.54107
2486809531.25,-31.53957
2486809687.5,-31.54622
2486809843.75,-31.54682
2486810000.0,-31.54021
2486810156.25,-31.53835
2486810312.5,-31.53436
2486810468.75,-31.53656
2486810625.0,-31.53834
2486810781.25,-31.52974
2486810937.5,-31.53815
2486811093.75,-31.53984
2486811250.0,-31.53517
2486811406.25,-31.53363
2486811562.5,-31.53419
2486811718.75,-31.53526
2486811875.0,-31.52661
2486812031.25,-31.53493
2486812187.5,-31.53177
2486812343.75,-31.53169
2486812500.0,-31.51821
2486812656.25,-31.53052
2486812812.5,-31.53051
2486812968.75,-31.52978
2486813125.0,-31.53274
2486813281.25,-31.5323
2486813437.5,-31.5362
2486813593.75,-31.52824
2486813750.0,-31.52869
2486813906.25,-31.52932
2486814062.5,-31.52535
2486814218.75,-31.52212
2486814375.0,-31.52939
2486814531.25,-31.52993
2486814687.5,-31.52417
2486814843.75,-31.52805
2486815000.0,-31.52313
2486815156.25,-31.5295
2486815312.5,-31.52698
2486815468.75,-31.52622
2486815625.0,-31.52617
2486815781.25,-31.52436
2486815937.5,-31.52198
2486816093.75,-31.52608
2486816250.0,-31.52195
2486816406.25,-31.51607
2486816562.5,-31.52497
2486816718.75,-31.51378
2486816875.0,-31.52104
2486817031.25,-31.51698
2486817187.5,-31.51883
2486817343.75,-31.51497
2486817500.0,-31.51122
2486817656.25,-31.5124
2486817812.5,-31.51624
2486817968.75,-31.51307
2486818125.0,-31.51789
2486818281.25,-31.51151
2486818437.5,-31.51081
2486818593.75,-31.51558
2486818750.0,-31.51092
2486818906.25,-31.51652
2486819062.5,-31.51342
2486819218.75,-31.51698
2486819375.0,-31.51364
2486819531.25,-31.51297
2486819687.5,-31.51027
2486819843.75,-31.51603
2486820000.0,-31.50909
2486820156.25,-31.50473
2486820312.5,-31.51076
2486820468.75,-31.50889
2486820625.0,-31.51047
2486820781.25,-31.51126
2486820937.5,-31.51096
2486821093.75,-31.50679
2486821250.0,-31.50035
2486821406.25,-31.50558
2486821562.5,-31.49639
2486821718.75,-31.50827
2486821875.0,-31.49866
2486822031.25,-31.50278
2486822187.5,-31.50144
2486822343.75,-31.50207
2486822500.0,-31.50463
2486822656.25,-31.50396
2486822812.5,-31.49911
2486822968.75,-31.49738
2486823125.0,-31.50256
2486823281.25,-31.49687
2486823437.5,-31.49329
2486823593.75,-31.49482
2486823750.0,-31.49872
2486823906.25,-31.50151
2486824062.5,-31.49623
2486824218.75,-31.5055
2486824375.0,-31.49889
2486824531.25,-31.49895
2486824687.5,-31.49018
2486824843.75,-31.49574
2486825000.0,-31.50193
2486825156.25,-31.49781
2486825312.5,-31.49247
2486825468.75,-31.49693
2486825625.0,-31.49654
2486825781.25,-31.49058
2486825937.5,-31.49415
2486826093.75,-31.49302
2486826250.0,-31.48613
2486826406.25,-31.49363
2486826562.5,-31.4898
2486826718.75,-31.48895
2486826875.0,-31.48785
2486827031.25,-31.49017
2486827187.5,-31.49461
2486827343.75,-31.48117
2486827500.0,-31.4914
2486827656.25,-31.48906
2486827812.5,-31.48563
2486827968.75,-31.48681
2486828125.0,-31.48528
2486828281.25,-31.49149
2486828437.5,-31.48768
2486828593.75,-31.4811
2486828750.0,-31.4928
2486828906.25,-31.49039
2486829062.5,-31.48492
2486829218.75,-31.48194
2486829375.0,-31.48096
2486829531.25,-31.47819
2486829687.5,-31.48496
2486829843.75,-31.47596
2486830000.0,-31.48369
2486830156.25,-31.47925
2486830312.5,-31.48004
2486830468.75,-31.48382
2486830625.0,-31.47724
2486830781.25,-31.48021
2486830937.5,-31.47925
2486831093.75,-31.4772
2486831250.0,-31.4743
2486831406.25,-31.47896
2486831562.5,-31.48106
2486831718.75,-31.47312
2486831875.0,-31.47167
2486832031.25,-31.4819
2486832187.5,-31.47285
2486832343.75,-31.47137
2486832500.0,-31.47705
2486832656.25,-31.47588
2486832812.5,-31.47074
2486832968.75,-31.47685
2486833125.0,-31.46651
2486833281.25,-31.47486
2486833437.5,-31.47156
2486833593.75,-31.46684
2486833750.0,-31.46899
2486833906.25,-31.46913
2486834062.5,-31.47295
2486834218.75,-31.47335
2486834375.0,-31.47777
2486834531.25,-31.46818
2486834687.5,-31.46368
2486834843.75,-31.46876
2486835000.0,-31.46558
2486835156.25,-31.46351
2486835312.5,-31.46633
2486835468.75,-31.46424
2486835625.0,-31.46637
2486835781.25,-31.46385
2486835937.5,-31.46294
2486836093.75,-31.46689
2486836250.0,-31.4607
2486836406.25,-31.46237
2486836562.5,-31.46609
2486836718.75,-31.46343
2486836875.0,-31.46284
2486837031.25,-31.46271
2486837187.5,-31.46007
2486837343.75,-31.46216
2486837500.0,-31.45873
2486837656.25,-31.46073
2486837812.5,-31.45736
2486837968.75,-31.45493
2486838125.0,-31.46273
2486838281.25,-31.45609
2486838437.5,-31.45536
2486838593.75,-31.45742
2486838750.0,-31.45576
2486838906.25,-31.4588
2486839062.5,-31.45649
2486839218.75,-31.46004
2486839375.0,-31.44731
2486839531.25,-31.44986
2486839687.5,-31.45358
2486839843.75,-31.44988
2486840000.0,-31.45109
2486840156.25,-31.45716
2486840312.5,-31.44863
2486840468.75,-31.44746
2486840625.0,-31.45055
2486840781.25,-31.44817
2486840937.5,-31.44839
2486841093.75,-31.4474
2486841250.0,-31.45188
2486841406.25,-31.45345
2486841562.5,-31.43925
2486841718.75,-31.44856
2486841875.0,-31.44051
2486842031.25,-31.4413
2486842187.5,-31.44517
2486842343.75,-31.45029
2486842500.0,-31.44557
2486842656.25,-31.44447
2486842812.5,-31.43901
2486842968.75,-31.43883
2486843125.0,-31.44033
2486843281.25,-31.43854
2486843437.5,-31.44046
2486843593.75,-31.44263
2486843750.0,-31.44245
2486843906.25,-31.43933
2486844062.5,-31.4394
2486844218.75,-31.44
2486844375.0,-31.4379
2486844531.25,-31.43841
2486844687.5,-31.43884
2486844843.75,-31.4378
2486845000.0,-31.43695
2486845156.25,-31.43967
2486845312.5,-31.44053
2486845468.75,-31.4346
2486845625.0,-31.4376
2486845781.25,-31.43389
2486845937.5,-31.43533
2486846093.75,-31.43539
2486846250.0,-31.4287
2486846406.25,-31.43239
2486846562.5,-31.43327
2486846718.75,-31.43269
2486846875.0,-31.43449
2486847031.25,-31.42639
2486847187.5,-31.42826
2486847343.75,-31.43165
2486847500.0,-31.42989
2486847656.25,-31.42664
2486847812.5,-31.4281
2486847968.75,-31.43272
2486848125.0,-31.42839
2486848281.25,-31.42907
2486848437.5,-31.43603
2486848593.75,-31.42256
2486848750.0,-31.42454
2486848906.25,-31.42457
2486849062.5,-31.42026
2486849218.75,-31.4286
2486849375.0,-31.42402
2486849531.25,-31.42406
2486849687.5,-31.42597
2486849843.75,-31.42768
2486850000.0,-31.42183
2486850156.25,-31.4241
2486850312.5,-31.42116
2486850468.75,-31.4151
2486850625.0,-31.41942
2486850781.25,-31.4221
2486850937.5,-31.41098
2486851093.75,-31.42283
2486851250.0,-31.41978
2486851406.25,-31.41659
2486851562.5,-31.41832
2486851718.75,-31.4112
2486851875.0,-31.41422
2486852031.25,-31.41497
2486852187.5,-31.41843
2486852343.75,-31.41432
2486852500.0,-31.41751
2486852656.25,-31.41393
2486852812.5,-31.4136
2486852968.75,-31.4174
2486853125.0,-31.40879
2486853281.25,-31.41678
2486853437.5,-31.41435
2486853593.75,-31.41273
2486853750.0,-31.40712
2486853906.25,-31.40854
2486854062.5,-31.40723
2486854218.75,-31.40912
2486854375.0,-31.4068
2486854531.25,-31.40964
2486854687.5,-31.40594
2486854843.75,-31.4107
2486855000.0,-31.41265
2486855156.25,-31.40646
2486855312.5,-31.40436
2486855468.75,-31.40864
2486855625.0,-31.40541
2486855781.25,-31.40492
2486855937.5,-31.40615
2486856093.75,-31.39443
2486856250.0,-31.39865
2486856406.25,-31.40024
2486856562.5,-31.40671
2486856718.75,-31.4
2486856875.0,-31.40739
2486857031.25,-31.39699
2486857187.5,-31.40186
2486857343.75,-31.40546
2486857500.0,-31.39465
2486857656.25,-31.39444
2486857812.5,-31.40416
2486857968.75,-31.39856
2486858125.0,-31.40187
2486858281.25,-31.39753
2486858437.5,-31.39518
2486858593.75,-31.3863
2486858750.0,-31.39437
2486858906.25,-31.39402
2486859062.5,-31.39609
2486859218.75,-31.3954
2486859375.0,-31.39247
2486859531.25,-31.39501
2486859687.5,-31.39216
2486859843.75,-31.39851
2486860000.0,-31.39813
2486860156.25,-31.39355
2486860312.5,-31.39186
2486860468.75,-31.39436
2486860625.0,-31.38609
2486860781.25,-31.38404
2486860937.5,-31.38141
2486861093.75,-31.39526
2486861250.0,-31.38804
2486861406.25,-31.38619
2486861562.5,-31.38939
2486861718.75,-31.38723
2486861875.0,-31.38996
2486862031.25,-31.38153
2486862187.5,-31.3904
2486862343.75,-31.39037
2486862500.0,-31.3927
2486862656.25,-31.38667
2486862812.5,-31.3808
2486862968.75,-31.38515
2486863125.0,-31.38609
2486863281.25,-31.37795
2486863437.5,-31.38689
2486863593.75,-31.38007
2486863750.0,-31.37648
2486863906.25,-31.38072
2486864062.5,-31.38593
2486864218.75,-31.37454
2486864375.0,-31.37114
2486864531.25,-31.38003
2486864687.5,-31.37891
2486864843.75,-31.38085
2486865000.0,-31.37644
2486865156.25,-31.37756
2486865312.5,-31.37595
2486865468.75,-31.37691
2486865625.0,-31.37653
2486865781.25,-31.37724
2486865937.5,-31.37751
2486866093.75,-31.37479
2486866250.0,-31.36737
2486866406.25,-31.37625
2486866562.5,-31.3709
2486866718.75,-31.37074
2486866875.0,-31.37018
2486867031.25,-31.3791
2486867187.5,-31.37352
2486867343.75,-31.3698
2486867500.0,-31.36618
2486867656.25,-31.37353
2486867812.5,-31.36974
2486867968.75,-31.36791
2486868125.0,-31.36754
2486868281.25,-31.36831
2486868437.5,-31.3691
2486868593.75,-31.36558
2486868750.0,-31.36263
2486868906.25,-31.36279
2486869062.5,-31.36962
2486869218.75,-31.36324
2486869375.0,-31.36464
2486869531.25,-31.37199
2486869687.5,-31.36426
2486869843.75,-31.36092
2486870000.0,-31.3567
2486870156.25,-31.35776
2486870312.5,-31.36207
2486870468.75,-31.3577
2486870625.0,-31.36221
2486870781.25,-31.35724
2486870937.5,-31.35966
2486871093.75,-31.35419
2486871250.0,-31.35946
2486871406.25,-31.35747
2486871562.5,-31.36283
2486871718.75,-31.35886
2486871875.0,-31.35886
2486872031.25,-31.35401
2486872187.5,-31.3526
2486872343.75,-31.35847
2486872500.0,-31.36001
2486872656.25,-31.35495
2486872812.5,-31.35147
2486872968.75,-31.35915
2486873125.0,-31.3564
2486873281.25,-31.3508
2486873437.5,-31.35489
2486873593.75,-31.35306
2486873750.0,-31.35504
2486873906.25,-31.35475
2486874062.5,-31.34813
2486874218.75,-31.35263
2486874375.0,-31.34851
2486874531.25,-31.34469
2486874687.5,-31.35136
2486874843.75,-31.35504
2486875000.0,-31.35048
2486875156.25,-31.35066
2486875312.5,-31.34636
2486875468.75,-31.34712
2486875625.0,-31.34607
2486875781.25,-31.3424
2486875937.5,-31.34532
2486876093.75,-31.34615
2486876250.0,-31.3442
2486876406.25,-31.33835
2486876562.5,-31.34253
2486876718.75,-31.34068
2486876875.0,-31.34128
2486877031.25,-31.3466
2486877187.5,-31.34484
2486877343.75,-31.33953
2486877500.0,-31.34356
2486877656.25,-31.33863
2486877812.5,-31.34434
2486877968.75,-31.34261
2486878125.0,-31.33316
2486878281.25,-31.33699
2486878437.5,-31.33686
2486878593.75,-31.33713
2486878750.0,-31.33912
2486878906.25,-31.33221
2486879062.5,-31.34145
2486879218.75,-31.33055
2486879375.0,-31.33859
2486879531.25,-31.33259
2486879687.5,-31.3309
2486879843.75,-31.33581
2486880000.0,-31.33323
2486880156.25,-31.32868
2486880312.5,-31.3356
2486880468.75,-31.33304
2486880625.0,-31.33491
2486880781.25,-31.32912
2486880937.5,-31.32756
2486881093.75,-31.32992
2486881250.0,-31.33108
2486881406.25,-31.33072
2486881562.5,-31.3295
2486881718.75,-31.32484
2486881875.0,-31.32711
2486882031.25,-31.32848
2486882187.5,-31.32842
2486882343.75,-31.32943
2486882500.0,-31.32714
2486882656.25,-31.3222
2486882812.5,-31.32571
2486882968.75,-31.31891
2486883125.0,-31.3214
2486883281.25,-31.31958
2486883437.5,-31.32341
2486883593.75,-31.32437
2486883750.0,-31.32634
2486883906.25,-31.32044
2486884062.5,-31.31834
2486884218.75,-31.31835
2486884375.0,-31.31881
2486884531.25,-31.3173
2486884687.5,-31.32017
2486884843.75,-31.32124
2486885000.0,-31.31635
2486885156.25,-31.31821
2486885312.5,-31.32204
2486885468.75,-31.31411
2486885625.0,-31.31082
2486885781.25,-31.31584
2486885937.5,-31.31342
2486886093.75,-31.31244
2486886250.0,-31.31724
2486886406.25,-31.31656
2486886562.5,-31.31051
2486886718.75,-31.31332
2486886875.0,-31.30936
2486887031.25,-31.3122
2486887187.5,-31.3113
2486887343.75,-31.31255
2486887500.0,-31.30846
2486887656.25,-31.31028
2486887812.5,-31.30965
2486887968.75,-31.30897
2486888125.0,-31.30387
2486888281.25,-31.30737
2486888437.5,-31.30603
2486888593.75,-31.30559
2486888750.0,-31.31137
2486888906.25,-31.30513
2486889062.5,-31.30685
2486889218.75,-31.30188
2486889375.0,-31.30482
2486889531.25,-31.30857
2486889687.5,-31.30457
2486889843.75,-31.30168
2486890000.0,-31.29826
2486890156.25,-31.30193
2486890312.5,-31.29408
2486890468.75,-31.30712
2486890625.0,-31.29958
2486890781.25,-31.29679
2486890937.5,-31.29744
2486891093.75,-31.29629
2486891250.0,-31.30034
2486891406.25,-31.29865
2486891562.5,-31.29667
2486891718.75,-31.29939
2486891875.0,-31.29638
2486892031.25,-31.29822
2486892187.5,-31.29421
2486892343.75,-31.2949
2486892500.0,-31.29879
2486892656.25,-31.2986
2486892812.5,-31.29548
2486892968.75,-31.29308
2486893125.0,-31.29173
2486893281.25,-31.28904
2486893437.5,-31.29403
2486893593.75,-31.296
2486893750.0,-31.2942
2486893906.25,-31.29373
2486894062.5,-31.28876
2486894218.75,-31.2915
2486894375.0,-31.28963
2486894531.25,-31.29207
2486894687.5,-31.29207
2486894843.75,-31.28892
2486895000.0,-31.28435
2486895156.25,-31.28865
2486895312.5,-31.28985
2486895468.75,-31.28523
2486895625.0,-31.28809
2486895781.25,-31.28685
2486895937.5,-31.28233
2486896093.75,-31.28168
2486896250.0,-31.29018
2486896406.25,-31.28068
2486896562.5,-31.28435
2486896718.75,-31.29007
2486896875.0,-31.28076
2486897031.25,-31.2783
2486897187.5,-31.28152
2486897343.75,-31.28403
2486897500.0,-31.28764
2486897656.25,-31.28527
2486897812.5,-31.27396
2486897968.75,-31.27902
2486898125.0,-31.27918
2486898281.25,-31.28067
2486898437.5,-31.2778
2486898593.75,-31.28068
2486898750.0,-31.26889
2486898906.25,-31.27898
2486899062.5,-31.26957
2486899218.75,-31.27901
2486899375.0,-31.27077
2486899531.25,-31.27446
2486899687.5,-31.27583
2486899843.75,-31.2781
2486900000.0,-31.27501
2486900156.25,-31.27236
2486900312.5,-31.2724
2486900468.75,-31.27705
2486900625.0,-31.27462
2486900781.25,-31.27421
2486900937.5,-31.27332
2486901093.75,-31.26274
2486901250.0,-31.27318
2486901406.25,-31.27178
2486901562.5,-31.26957
2486901718.75,-31.26524
2486901875.0,-31.26874
2486902031.25,-31.26321
2486902187.5,-31.26863
2486902343.75,-31.26747
2486902500.0,-31.26089
2486902656.25,-31.2636
2486902812.5,-31.26294
2486902968.75,-31.26356
2486903125.0,-31.26267
2486903281.25,-31.26532
2486903437.5,-31.26306
2486903593.75,-31.26189
2486903750.0,-31.26308
2486903906.25,-31.26348
2486904062.5,-31.26287
2486904218.75,-31.26224
2486904375.0,-31.25706
2486904531.25,-31.25909
2486904687.5,-31.25543
2486904843.75,-31.25655
2486905000.0,-31.25294
2486905156.25,-31.25614
2486905312.5,-31.24905
2486905468.75,-31.2634
2486905625.0,-31.26004
2486905781.25,-31.26652
2486905937.5,-31.25744
2486906093.75,-31.25722
2486906250.0,-31.25583
2486906406.25,-31.25182
2486906562.5,-31.25782
2486906718.75,-31.25685
2486906875.0,-31.25378
2486907031.25,-31.25429
2486907187.5,-31.25241
2486907343.75,-31.25454
2486907500.0,-31.25055
2486907656.25,-31.25563
2486907812.5,-31.24985
2486907968.75,-31.24783
2486908125.0,-31.24989
2486908281.25,-31.25106
2486908437.5,-31.24552
2486908593.75,-31.25303
2486908750.0,-31.24331
2486908906.25,-31.25051
2486909062.5,-31.25123
2486909218.75,-31.24406
2486909375.0,-31.24989
2486909531.25,-31.24399
2486909687.5,-31.23878
2486909843.75,-31.23806
2486910000.0,-31.24111
2486910156.25,-31.24437
2486910312.5,-31.24724
2486910468.75,-31.24305
2486910625.0,-31.24465
2486910781.25,-31.24027
2486910937.5,-31.2399
2486911093.75,-31.24209
2486911250.0,-31.2377
2486911406.25,-31.23635
2486911562.5,-31.23314
2486911718.75,-31.23507
2486911875.0,-31.23286
2486912031.25,-31.23158
2486912187.5,-31.23262
2486912343.75,-31.23718
2486912500.0,-31.23476
2486912656.25,-31.23522
2486912812.5,-31.22914
2486912968.75,-31.23077
2486913125.0,-31.23698
2486913281.25,-31.23402
2486913437.5,-31.23629
2486913593.75,-31.22947
2486913750.0,-31.22556
2486913906.25,-31.22863
2486914062.5,-31.22763
2486914218.75,-31.23411
2486914375.0,-31.2288
2486914531.25,-31.23205
2486914687.5,-31.23113
2486914843.75,-31.22857
2486915000.0,-31.22535
2486915156.25,-31.22948
2486915312.5,-31.22352
2486915468.75,-31.22449
2486915625.0,-31.22155
2486915781.25,-31.22242
2486915937.5,-31.22674
2486916093.75,-31.22268
2486916250.0,-31.22599
2486916406.25,-31.22176
2486916562.5,-31.22617
2486916718.75,-31.21807
2486916875.0,-31.22544
2486917031.25,-31.2247
2486917187.5,-31.23252
2486917343.75,-31.2251
2486917500.0,-31.22336
2486917656.25,-31.21396
2486917812.5,-31.21952
2486917968.75,-31.21927
2486918125.0,-31.21665
2486918281.25,-31.21868
2486918437.5,-31.21971
2486918593.75,-31.2162
2486918750.0,-31.21926
2486918906.25,-31.21368
2486919062.5,-31.21497
2486919218.75,-31.2175
2486919375.0,-31.2164
2486919531.25,-31.22136
2486919687.5,-31.21523
2486919843.75,-31.21598
2486920000.0,-31.21003
2486920156.25,-31.2169
2486920312.5,-31.20826
2486920468.75,-31.21385
2486920625.0,-31.20949
2486920781.25,-31.21539
2486920937.5,-31.21133
2486921093.75,-31.20587
2486921250.0,-31.21016
2486921406.25,-31.21365
2486921562.5,-31.21162
2486921718.75,-31.20987
2486921875.0,-31.21134
2486922031.25,-31.20714
2486922187.5,-31.20593
2486922343.75,-31.20829
2486922500.0,-31.20447
2486922656.25,-31.20492
2486922812.5,-31.20973
2486922968.75,-31.21083
2486923125.0,-31.2046
2486923281.25,-31.20477
2486923437.5,-31.20488
2486923593.75,-31.20708
2486923750.0,-31.20341
2486923906.25,-31.2021
2486924062.5,-31.20706
2486924218.75,-31.20185
2486924375.0,-31.19568
2486924531.25,-31.19828
2486924687.5,-31.20054
2486924843.75,-31.19328
2486925000.0,-31.19633
2486925156.25,-31.20215
2486925312.5,-31.18725
2486925468.75,-31.20013
2486925625.0,-31.19452
2486925781.25,-31.191
2486925937.5,-31.19552
2486926093.75,-31.19158
2486926250.0,-31.20221
2486926406.25,-31.19208
2486926562.5,-31.18952
2486926718.75,-31.19366
2486926875.0,-31.19527
2486927031.25,-31.19307
2486927187.5,-31.18771
2486927343.75,-31.18822
2486927500.0,-31.19249
2486927656.25,-31.19449
2486927812.5,-31.19303
2486927968.75,-31.19106
2486928125.0,-31.18517
2486928281.25,-31.18533
2486928437.5,-31.18581
2486928593.75,-31.1829
2486928750.0,-31.18491
2486928906.25,-31.18421
2486929062.5,-31.18654
2486929218.75,-31.18427
2486929375.0,-31.17958
2486929531.25,-31.18086
2486929687.5,-31.18236
2486929843.75,-31.1814
2486930000.0,-31.18557
2486930156.25,-31.17804
2486930312.5,-31.18287
2486930468.75,-31.18345
2486930625.0,-31.18472
2486930781.25,-31.17953
2486930937.5,-31.17962
2486931093.75,-31.17915
2486931250.0,-31.18622
2486931406.25,-31.17809
2486931562.5,-31.18165
2486931718.75,-31.17604
2486931875.0,-31.18001
2486932031.25,-31.17951
2486932187.5,-31.17971
2486932343.75,-31.17954
2486932500.0,-31.17828
2486932656.25,-31.1756
2486932812.5,-31.17878
2486932968.75,-31.17517
2486933125.0,-31.17396
2486933281.25,-31.17302
2486933437.5,-31.17508
2486933593.75,-31.17064
2486933750.0,-31.17182
2486933906.25,-31.17379
2486934062.5,-31.17475
2486934218.75,-31.17089
2486934375.0,-31.1667
2486934531.25,-31.17154
2486934687.5,-31.16771
2486934843.75,-31.16745
2486935000.0,-31.17217
2486935156.25,-31.16388
2486935312.5,-31.16796
2486935468.75,-31.16063
2486935625.0,-31.16687
2486935781.25,-31.16587
2486935937.5,-31.16936
2486936093.75,-31.16694
2486936250.0,-31.15891
2486936406.25,-31.16572
2486936562.5,-31.16456
2486936718.75,-31.16588
2486936875.0,-31.16251
2486937031.25,-31.16258
2486937187.5,-31.16151
2486937343.75,-31.16427
2486937500.0,-31.15623
2486937656.25,-31.16183
2486937812.5,-31.16016
2486937968.75,-31.15751
2486938125.0,-31.15516
2486938281.25,-31.15515
2486938437.5,-31.1588
2486938593.75,-31.15066
2486938750.0,-31.16172
2486938906.25,-31.15738
2486939062.5,-31.15794
2486939218.75,-31.15265
2486939375.0,-31.15833
2486939531.25,-31.15181
2486939687.5,-31.15708
2486939843.75,-31.15124
2486940000.0,-31.15332
2486940156.25,-31.15286
2486940312.5,-31.14983
2486940468.75,-31.15292
2486940625.0,-31.15119
2486940781.25,-31.14694
2486940937.5,-31.14735
2486941093.75,-31.15315
2486941250.0,-31.14975
2486941406.25,-31.15903
2486941562.5,-31.14627
2486941718.75,-31.14845
2486941875.0,-31.14492
2486942031.25,-31.14776
2486942187.5,-31.14038
2486942343.75,-31.14546
2486942500.0,-31.14629
2486942656.25,-31.14291
2486942812.5,-31.14663
2486942968.75,-31.14736
2486943125.0,-31.14725
2486943281.25,-31.13894
2486943437.5,-31.14729
2486943593.75,-31.14732
2486943750.0,-31.13945
2486943906.25,-31.14152
2486944062.5,-31.14153
2486944218.75,-31.1374
2486944375.0,-31.14005
2486944531.25,-31.13552
2486944687.5,-31.14447
2486944843.75,-31.13593
2486945000.0,-31.13815
2486945156.25,-31.13536
2486945312.5,-31.14367
2486945468.75,-31.13454
2486945625.0,-31.13468
2486945781.25,-31.13838
2486945937.5,-31.1361
2486946093.75,-31.13277
2486946250.0,-31.13516
2486946406.25,-31.1286
2486946562.5,-31.13322
2486946718.75,-31.12994
2486946875.0,-31.14013
2486947031.25,-31.13126
2486947187.5,-31.13138
2486947343.75,-31.13223
2486947500.0,-31.12818
2486947656.25,-31.12807
2486947812.5,-31.12922
2486947968.75,-31.12941
2486948125.0,-31.12655
2486948281.25,-31.1255
2486948437.5,-31.12517
2486948593.75,-31.12769
2486948750.0,-31.12429
2486948906.25,-31.12493
2486949062.5,-31.12944
2486949218.75,-31.12999
2486949375.0,-31.12814
2486949531.25,-31.12501
2486949687.5,-31.12534
2486949843.75,-31.1161
2486950000.0,-31.12372
2486950156.25,-31.12294
2486950312.5,-31.11692
2486950468.75,-31.12178
2486950625.0,-31.11621
2486950781.25,-31.12349
2486950937.5,-31.12418
2486951093.75,-31.11692
2486951250.0,-31.1144
2486951406.25,-31.12031
2486951562.5,-31.11903
2486951718.75,-31.11324
2486951875.0,-31.11847
2486952031.25,-31.11378
2486952187.5,-31.1227
2486952343.75,-31.11316
2486952500.0,-31.12012
2486952656.25,-31.11338
2486952812.5,-31.10832
2486952968.75,-31.10896
2486953125.0,-31.11828
2486953281.25,-31.11008
2486953437.5,-31.11765
2486953593.75,-31.11503
2486953750.0,-31.11236
2486953906.25,-31.1135
2486954062.5,-31.11077
2486954218.75,-31.10888
2486954375.0,-31.11154
2486954531.25,-31.10789
2486954687.5,-31.10818
2486954843.75,-31.11185
2486955000.0,-31.10899
2486955156.25,-31.10596
2486955312.5,-31.1075
2486955468.75,-31.1049
2486955625.0,-31.10305
2486955781.25,-31.10097
2486955937.5,-31.10683
2486956093.75,-31.10561
2486956250.0,-31.10377
2486956406.25,-31.09976
2486956562.5,-31.10185
2486956718.75,-31.09628
2486956875.0,-31.10254
2486957031.25,-31.09959
2486957187.5,-31.09496
2486957343.75,-31.10301
2486957500.0,-31.0982
2486957656.25,-31.09733
2486957812.5,-31.09192
2486957968.75,-31.09599
2486958125.0,-31.09247
2486958281.25,-31.09259
2486958437.5,-31.10008
2486958593.75,-31.09549
2486958750.0,-31.09552
2486958906.25,-31.09725
2486959062.5,-31.09299
2486959218.75,-31.09484
2486959375.0,-31.09346
2486959531.25,-31.09229
2486959687.5,-31.08889
2486959843.75,-31.09244
2486960000.0,-31.09084
2486960156.25,-31.08866
2486960312.5,-31.09307
2486960468.75,-31.0845
2486960625.0,-31.08903
2486960781.25,-31.09164
2486960937.5,-31.08728
2486961093.75,-31.08746
2486961250.0,-31.08647
2486961406.25,-31.08725
2486961562.5,-31.08694
2486961718.75,-31.08671
2486961875.0,-31.08212
2486962031.25,-31.08495
2486962187.5,-31.08116
2486962343.75,-31.08528
2486962500.0,-31.08525
2486962656.25,-31.08069
2486962812.5,-31.08552
2486962968.75,-31.08131
2486963125.0,-31.084
2486963281.25,-31.07963
2486963437.5,-31.08484
2486963593.75,-31.08065
2486963750.0,-31.07211
2486963906.25,-31.07899
2486964062.5,-31.08547
2486964218.75,-31.07757
2486964375.0,-31.07645
2486964531.25,-31.07218
2486964687.5,-31.07419
2486964843.75,-31.07463
2486965000.0,-31.06745
2486965156.25,-31.07449
2486965312.5,-31.08168
2486965468.75,-31.07256
2486965625.0,-31.07691
2486965781.25,-31.07874
2486965937.5,-31.07425
2486966093.75,-31.07018
2486966250.0,-31.06833
2486966406.25,-31.07467
2486966562.5,-31.07319
2486966718.75,-31.07267
2486966875.0,-31.06818
2486967031.25,-31.06976
2486967187.5,-31.0692
2486967343.75,-31.06928
2486967500.0,-31.06911
2486967656.25,-31.06714
2486967812.5,-31.07264
2486967968.75,-31.06458
2486968125.0,-31.0657
2486968281.25,-31.06983
2486968437.5,-31.06326
2486968593.75,-31.06133
2486968750.0,-31.06427
2486968906.25,-31.06928
2486969062.5,-31.06686
2486969218.75,-31.05957
2486969375.0,-31.06038
2486969531.25,-31.06277
2486969687.5,-31.05642
2486969843.75,-31.0626
2486970000.0,-31.06915
2486970156.25,-31.0627
2486970312.5,-31.05739
2486970468.75,-31.05871
2486970625.0,-31.06577
2486970781.25,-31.06078
2486970937.5,-31.05494
2486971093.75,-31.06448
2486971250.0,-31.06119
2486971406.25,-31.05572
2486971562.5,-31.05081
2486971718.75,-31.05704
2486971875.0,-31.05527
2486972031.25,-31.06352
2486972187.5,-31.04918
2486972343.75,-31.05148
2486972500.0,-31.056
2486972656.25,-31.0497
2486972812.5,-31.04915
2486972968.75,-31.05451
2486973125.0,-31.04867
2486973281.25,-31.04959
2486973437.5,-31.05567
2486973593.75,-31.05103
2486973750.0,-31.05005
2486973906.25,-31.05245
2486974062.5,-31.05144
2486974218.75,-31.04864
2486974375.0,-31.04823
2486974531.25,-31.04771
2486974687.5,-31.04942
2486974843.75,-31.04979
2486975000.0,-31.04902
2486975156.25,-31.04926
2486975312.5,-31.03816
2486975468.75,-31.04696
2486975625.0,-31.04349
2486975781.25,-31.04437
2486975937.5,-31.04623
2486976093.75,-31.0431
2486976250.0,-31.04482
2486976406.25,-31.04207
2486976562.5,-31.04391
2486976718.75,-31.04141
2486976875.0,-31.03707
2486977031.25,-31.03593
2486977187.5,-31.03956
2486977343.75,-31.04183
2486977500.0,-31.03489
2486977656.25,-31.03164
2486977812.5,-31.03463
2486977968.75,-31.04278
2486978125.0,-31.03543
2486978281.25,-31.03524
2486978437.5,-31.03432
2486978593.75,-31.03574
2486978750.0,-31.03515
2486978906.25,-31.02792
2486979062.5,-31.03105
2486979218.75,-31.0349
2486979375.0,-31.02956
2486979531.25,-31.0366
2486979687.5,-31.03084
2486979843.75,-31.02938
2486980000.0,-31.02578
2486980156.25,-31.03004
2486980312.5,-31.03251
2486980468.75,-31.03187
2486980625.0,-31.03322
2486980781.25,-31.02635
2486980937.5,-31.03243
2486981093.75,-31.02821
2486981250.0,-31.0279
2486981406.25,-31.02453
2486981562.5,-31.03171
2486981718.75,-31.01528
2486981875.0,-31.02634
2486982031.25,-31.02374
2486982187.5,-31.02695
2486982343.75,-31.02161
2486982500.0,-31.02308
2486982656.25,-31.02995
2486982812.5,-31.02164
2486982968.75,-31.02056
2486983125.0,-31.01911
2486983281.25,-31.01962
2486983437.5,-31.02675
2486983593.75,-31.01755
2486983750.0,-31.02072
2486983906.25,-31.021
2486984062.5,-31.02356
2486984218.75,-31.02235
2486984375.0,-31.01746
2486984531.25,-31.02214
2486984687.5,-31.01949
2486984843.75,-31.01263
2486985000.0,-31.01313
2486985156.25,-31.02209
2486985312.5,-31.01443
2486985468.75,-31.0148
2486985625.0,-31.0125
2486985781.25,-31.01089
2486985937.5,-31.01033
2486986093.75,-31.01024
2486986250.0,-31.00468
2486986406.25,-31.0111
2486986562.5,-31.01245
2486986718.75,-31.01109
2486986875.0,-31.00539
2486987031.25,-31.01043
2486987187.5,-31.00466
2486987343.75,-31.01006
2486987500.0,-31.00738
2486987656.25,-31.00707
2486987812.5,-31.00362
2486987968.75,-31.00345
2486988125.0,-31.001
2486988281.25,-31.0022
2486988437.5,-31.00057
2486988593.75,-31.00532
2486988750.0,-30.99835
2486988906.25,-31.0005
2486989062.5,-30.99701
2486989218.75,-30.99734
2486989375.0,-30.9986
2486989531.25,-31.00372
2486989687.5,-31.00079
2486989843.75,-31.00351
2486990000.0,-31.00515
2486990156.25,-31.00638
2486990312.5,-30.99912
2486990468.75,-30.99834
2486990625.0,-30.99425
2486990781.25,-30.99943
2486990937.5,-30.99528
2486991093.75,-30.99792
2486991250.0,-30.99264
2486991406.25,-30.9948
2486991562.5,-30.99459
2486991718.75,-30.99652
2486991875.0,-30.9961
2486992031.25,-30.99117
2486992187.5,-30.99494
2486992343.75,-30.99346
2486992500.0,-30.98944
2486992656.25,-30.99524
2486992812.5,-30.99204
2486992968.75,-30.98657
2486993125.0,-30.99123
2486993281.25,-30.98696
2486993437.5,-30.98493
2486993593.75,-30.99203
2486993750.0,-30.9876
2486993906.25,-30.98796
2486994062.5,-30.98511
2486994218.75,-30.98812
2486994375.0,-30.98063
2486994531.25,-30.98425
2486994687.5,-30.98564
2486994843.75,-30.98779
2486995000.0,-30.98463
2486995156.25,-30.97687
2486995312.5,-30.98651
2486995468.75,-30.97964
2486995625.0,-30.97823
2486995781.25,-30.98424
2486995937.5,-30.98075
2486996093.75,-30.97973
2486996250.0,-30.98275
2486996406.25,-30.97376
2486996562.5,-30.97709
2486996718.75,-30.97792
2486996875.0,-30.98586
2486997031.25,-30.97856
2486997187.5,-30.97506
2486997343.75,-30.97414
2486997500.0,-30.97723
2486997656.25,-30.97487
2486997812.5,-30.97107
2486997968.75,-30.97263
2486998125.0,-30.97597
2486998281.25,-30.97679
2486998437.5,-30.97394
2486998593.75,-30.972
2486998750.0,-30.97471
2486998906.25,-30.96956
2486999062.5,-30.97486
2486999218.75,-30.97217
2486999375.0,-30.96644
2486999531.25,-30.96577
2486999687.5,-30.96899
2486999843.75,-30.97206
2487000000.0,-30.97132
2487000156.25,-30.9655
2487000312.5,-30.96129
2487000468.75,-30.96935
2487000625.0,-30.96418
2487000781.25,-30.96798
2487000937.5,-30.96485
2487001093.75,-30.96125
2487001250.0,-30.96363
2487001406.25,-30.96374
2487001562.5,-30.96429
2487001718.75,-30.96079
2487001875.0,-30.96043
2487002031.25,-30.96349
2487002187.5,-30.96856
2487002343.75,-30.9623
2487002500.0,-30.96233
2487002656.25,-30.9592
2487002812.5,-30.96295
2487002968.75,-30.96303
2487003125.0,-30.96424
2487003281.25,-30.96315
2487003437.5,-30.95874
2487003593.75,-30.96359
2487003750.0,-30.96082
2487003906.25,-30.9579
2487004062.5,-30.95961
2487004218.75,-30.95415
2487004375.0,-30.95269
2487004531.25,-30.95478
2487004687.5,-30.95345
2487004843.75,-30.95321
2487005000.0,-30.9511
2487005156.25,-30.95653
2487005312.5,-30.95324
2487005468.75,-30.95316
2487005625.0,-30.9511
2487005781.25,-30.95004
2487005937.5,-30.94853
2487006093.75,-30.95235
2487006250.0,-30.94884
2487006406.25,-30.94716
2487006562.5,-30.95413
2487006718.75,-30.94658
2487006875.0,-30.94663
2487007031.25,-30.9434
2487007187.5,-30.9506
2487007343.75,-30.94613
2487007500.0,-30.94387
2487007656.25,-30.94237
2487007812.5,-30.94654
2487007968.75,-30.94355
2487008125.0,-30.94713
2487008281.25,-30.9428
2487008437.5,-30.94159
2487008593.75,-30.94101
2487008750.0,-30.94408
2487008906.25,-30.94598
2487009062.5,-30.93977
2487009218.75,-30.93579
2487009375.0,-30.94391
2487009531.25,-30.94216
2487009687.5,-30.94128
2487009843.75,-30.93223
2487010000.0,-30.93692
2487010156.25,-30.94777
2487010312.5,-30.94116
2487010468.75,-30.9381
2487010625.0,-30.93406
2487010781.25,-30.93643
2487010937.5,-30.93446
2487011093.75,-30.93546
2487011250.0,-30.93145
2487011406.25,-30.93422
2487011562.5,-30.93378
2487011718.75,-30.93538
2487011875.0,-30.93184
2487012031.25,-30.92696
2487012187.5,-30.92695
2487012343.75,-30.93165
2487012500.0,-30.93394
2487012656.25,-30.9289
2487012812.5,-30.92902
2487012968.75,-30.92125
2487013125.0,-30.92527
2487013281.25,-30.93
2487013437.5,-30.9257
2487013593.75,-30.9337
2487013750.0,-30.93128
2487013906.25,-30.92677
2487014062.5,-30.92613
2487014218.75,-30.92822
2487014375.0,-30.92658
2487014531.25,-30.92188
2487014687.5,-30.9217
2487014843.75,-30.92507
2487015000.0,-30.92118
2487015156.25,-30.92141
2487015312.5,-30.92623
2487015468.75,-30.91792
2487015625.0,-30.91553
2487015781.25,-30.91601
2487015937.5,-30.92272
2487016093.75,-30.9166
2487016250.0,-30.92032
2487016406.25,-30.91019
2487016562.5,-30.91663
2487016718.75,-30.91661
2487016875.0,-30.91165
2487017031.25,-30.91969
2487017187.5,-30.91307
2487017343.75,-30.916
2487017500.0,-30.91242
2487017656.25,-30.91829
2487017812.5,-30.90787
2487017968.75,-30.91338
2487018125.0,-30.91112
2487018281.25,-30.90855
2487018437.5,-30.91104
2487018593.75,-30.91551
2487018750.0,-30.90886
2487018906.25,-30.91333
2487019062.5,-30.90639
2487019218.75,-30.90681
2487019375.0,-30.90573
2487019531.25,-30.90799
2487019687.5,-30.90891
2487019843.75,-30.9074
2487020000.0,-30.90472
2487020156.25,-30.90942
2487020312.5,-30.90678
2487020468.75,-30.90691
2487020625.0,-30.89666
2487020781.25,-30.90095
2487020937.5,-30.90374
2487021093.75,-30.90427
2487021250.0,-30.90126
2487021406.25,-30.90095
2487021562.5,-30.89762
2487021718.75,-30.90298
2487021875.0,-30.89907
2487022031.25,-30.90087
2487022187.5,-30.89769
2487022343.75,-30.89837
2487022500.0,-30.90045
2487022656.25,-30.89908
2487022812.5,-30.90049
2487022968.75,-30.8928
2487023125.0,-30.89169
2487023281.25,-30.89977
2487023437.5,-30.8952
2487023593.75,-30.89675
2487023750.0,-30.89814
2487023906.25,-30.89968
2487024062.5,-30.88908
2487024218.75,-30.89683
2487024375.0,-30.89676
2487024531.25,-30.88891
2487024687.5,-30.89502
2487024843.75,-30.88886
2487025000.0,-30.89154
2487025156.25,-30.89291
2487025312.5,-30.88994
2487025468.75,-30.8882
2487025625.0,-30.89119
2487025781.25,-30.88587
2487025937.5,-30.88961
2487026093.75,-30.88189
2487026250.0,-30.88388
2487026406.25,-30.8857
2487026562.5,-30.8833
2487026718.75,-30.88077
2487026875.0,-30.88085
2487027031.25,-30.88249
2487027187.5,-30.88235
2487027343.75,-30.88449
2487027500.0,-30.87803
2487027656.25,-30.88371
2487027812.5,-30.88436
2487027968.75,-30.87872
2487028125.0,-30.87671
2487028281.25,-30.88198
2487028437.5,-30.87725
2487028593.75,-30.88283
2487028750.0,-30.88071
2487028906.25,-30.87967
2487029062.5,-30.87755
2487029218.75,-30.87514
2487029375.0,-30.87993
2487029531.25,-30.874
2487029687.5,-30.8704
2487029843.75,-30.87559
2487030000.0,-30.87296
2487030156.25,-30.87087
2487030312.5,-30.87625
2487030468.75,-30.87301
2487030625.0,-30.87445
2487030781.25,-30.87941
2487030937.5,-30.87467
2487031093.75,-30.86786
2487031250.0,-30.86864
2487031406.25,-30.86867
2487031562.5,-30.87051
2487031718.75,-30.87507
2487031875.0,-30.86973
2487032031.25,-30.86608
2487032187.5,-30.86822
2487032343.75,-30.8631
2487032500.0,-30.86767
2487032656.25,-30.86456
2487032812.5,-30.86867
2487032968.75,-30.86712
2487033125.0,-30.86667
2487033281.25,-30.86696
2487033437.5,-30.86545
2487033593.75,-30.86253
2487033750.0,-30.86236
2487033906.25,-30.86574
2487034062.5,-30.85794
2487034218.75,-30.85488
2487034375.0,-30.86179
2487034531.25,-30.85556
2487034687.5,-30.85652
2487034843.75,-30.86082
2487035000.0,-30.85696
2487035156.25,-30.85805
2487035312.5,-30.85806
2487035468.75,-30.85709
2487035625.0,-30.85402
2487035781.25,-30.85535
2487035937.5,-30.8555
2487036093.75,-30.85714
2487036250.0,-30.8592
2487036406.25,-30.85452
2487036562.5,-30.85283
2487036718.75,-30.8504
2487036875.0,-30.85303
2487037031.25,-30.85111
2487037187.5,-30.85154
2487037343.75,-30.8506
2487037500.0,-30.8504
2487037656.25,-30.85176
2487037812.5,-30.84688
2487037968.75,-30.84738
2487038125.0,-30.85038
2487038281.25,-30.84928
2487038437.5,-30.84441
2487038593.75,-30.84709
2487038750.0,-30.84261
2487038906.25,-30.84352
2487039062.5,-30.84809
2487039218.75,-30.84737
2487039375.0,-30.84117
2487039531.25,-30.83914
2487039687.5,-30.84169
2487039843.75,-30.84533
2487040000.0,-30.84096
2487040156.25,-30.84604
2487040312.5,-30.84141
2487040468.75,-30.84585
2487040625.0,-30.84358
2487040781.25,-30.84263
2487040937.5,-30.83884
2487041093.75,-30.83372
2487041250.0,-30.84526
2487041406.25,-30.83572
2487041562.5,-30.84247
2487041718.75,-30.84009
2487041875.0,-30.83424
2487042031.25,-30.83236
2487042187.5,-30.83428
2487042343.75,-30.8313
2487042500.0,-30.83393
2487042656.25,-30.83858
2487042812.5,-30.82298
2487042968.75,-30.83805
2487043125.0,-30.83236
2487043281.25,-30.83359
2487043437.5,-30.83967
2487043593.75,-30.83609
2487043750.0,-30.82906
2487043906.25,-30.8369
2487044062.5,-30.8316
2487044218.75,-30.82705
2487044375.0,-30.82449
2487044531.25,-30.82946
2487044687.5,-30.82829
2487044843.75,-30.82869
2487045000.0,-30.8274
2487045156.25,-30.82635
2487045312.5,-30.82769
2487045468.75,-30.8241
2487045625.0,-30.82611
2487045781.25,-30.82532
2487045937.5,-30.821
2487046093.75,-30.81991
2487046250.0,-30.82441
2487046406.25,-30.82369
2487046562.5,-30.8146
2487046718.75,-30.82161
2487046875.0,-30.81698
2487047031.25,-30.82119
2487047187.5,-30.81871
2487047343.75,-30.8202
2487047500.0,-30.82289
2487047656.25,-30.82471
2487047812.5,-30.81618
2487047968.75,-30.82118
2487048125.0,-30.81876
2487048281.25,-30.81531
2487048437.5,-30.81807
2487048593.75,-30.82042
2487048750.0,-30.81621
2487048906.25,-30.81244
2487049062.5,-30.81973
2487049218.75,-30.81626
2487049375.0,-30.81222
2487049531.25,-30.81647
2487049687.5,-30.81663
2487049843.75,-30.81393
2487050000.0,-30.80552
2487050156.25,-30.81732
2487050312.5,-30.8083
2487050468.75,-30.81608
2487050625.0,-30.81103
2487050781.25,-30.80704
2487050937.5,-30.80499
2487051093.75,-30.80609
2487051250.0,-30.80747
2487051406.25,-30.80165
2487051562.5,-30.80649
2487051718.75,-30.80457
2487051875.0,-30.80445
2487052031.25,-30.8084
2487052187.5,-30.80585
2487052343.75,-30.80057
2487052500.0,-30.80675
2487052656.25,-30.80505
2487052812.5,-30.80307
2487052968.75,-30.80027
2487053125.0,-30.80121
2487053281.25,-30.79988
2487053437.5,-30.80303
2487053593.75,-30.8027
2487053750.0,-30.80107
2487053906.25,-30.79882
2487054062.5,-30.79582
2487054218.75,-30.7979
2487054375.0,-30.79698
2487054531.25,-30.80169
2487054687.5,-30.80115
2487054843.75,-30.79585
2487055000.0,-30.7967
2487055156.25,-30.79999
2487055312.5,-30.79255
2487055468.75,-30.80207
2487055625.0,-30.79751
2487055781.25,-30.79495
2487055937.5,-30.7955
2487056093.75,-30.79912
2487056250.0,-30.79729
2487056406.25,-30.7879
2487056562.5,-30.78462
2487056718.75,-30.78985
2487056875.0,-30.79421
2487057031.25,-30.78831
2487057187.5,-30.78972
2487057343.75,-30.78724
2487057500.0,-30.79052
2487057656.25,-30.78411
2487057812.5,-30.78907
2487057968.75,-30.78925
2487058125.0,-30.78418
2487058281.25,-30.78706
2487058437.5,-30.78887
2487058593.75,-30.78558
2487058750.0,-30.77956
2487058906.25,-30.78385
2487059062.5,-30.785
2487059218.75,-30.7861
2487059375.0,-30.78065
2487059531.25,-30.77972
2487059687.5,-30.78379
2487059843.75,-30.77763
2487060000.0,-30.77728
2487060156.25,-30.7815
2487060312.5,-30.77968
2487060468.75,-30.777
2487060625.0,-30.77625
2487060781.25,-30.78286
2487060937.5,-30.77282
2487061093.75,-30.78273
2487061250.0,-30.77565
2487061406.25,-30.77762
2487061562.5,-30.77762
2487061718.75,-30.77903
2487061875.0,-30.77208
2487062031.25,-30.77345
2487062187.5,-30.7721
2487062343.75,-30.77051
2487062500.0,-30.76961
2487062656.25,-30.77344
2487062812.5,-30.76728
2487062968.75,-30.76711
2487063125.0,-30.77234
2487063281.25,-30.76792
2487063437.5,-30.77211
2487063593.75,-30.76608
2487063750.0,-30.76275
2487063906.25,-30.76436
2487064062.5,-30.76926
2487064218.75,-30.76551
2487064375.0,-30.76949
2487064531.25,-30.76081
2487064687.5,-30.76772
2487064843.75,-30.75833
2487065000.0,-30.76613
2487065156.25,-30.76201
2487065312.5,-30.76239
2487065468.75,-30.76647
2487065625.0,-30.76684
2487065781.25,-30.75935
2487065937.5,-30.76366
2487066093.75,-30.7601
2487066250.0,-30.75858
2487066406.25,-30.7617
2487066562.5,-30.75851
2487066718.75,-30.75681
2487066875.0,-30.7581
2487067031.25,-30.75448
2487067187.5,-30.75781
2487067343.75,-30.75641
2487067500.0,-30.75798
2487067656.25,-30.75308
2487067812.5,-30.75588
2487067968.75,-30.75695
2487068125.0,-30.75454
2487068281.25,-30.74668
2487068437.5,-30.75573
2487068593.75,-30.7595
2487068750.0,-30.75626
2487068906.25,-30.75117
2487069062.5,-30.75144
2487069218.75,-30.75062
2487069375.0,-30.75253
2487069531.25,-30.74904
2487069687.5,-30.75289
2487069843.75,-30.74629
2487070000.0,-30.75203
2487070156.25,-30.75156
2487070312.5,-30.74652
2487070468.75,-30.7473
2487070625.0,-30.74743
2487070781.25,-30.74825
2487070937.5,-30.74917
2487071093.75,-30.74665
2487071250.0,-30.74244
2487071406.25,-30.74765
2487071562.5,-30.7413
2487071718.75,-30.73683
2487071875.0,-30.74136
2487072031.25,-30.74109
2487072187.5,-30.74349
2487072343.75,-30.74444
2487072500.0,-30.73564
2487072656.25,-30.74007
2487072812.5,-30.7407
2487072968.75,-30.74001
2487073125.0,-30.73398
2487073281.25,-30.73903
2487073437.5,-30.73771
2487073593.75,-30.74173
2487073750.0,-30.73614
2487073906.25,-30.73833
2487074062.5,-30.73301
2487074218.75,-30.738
2487074375.0,-30.73451
2487074531.25,-30.73492
2487074687.5,-30.72979
2487074843.75,-30.73328
2487075000.0,-30.72936
2487075156.25,-30.72826
2487075312.5,-30.73078
2487075468.75,-30.73148
2487075625.0,-30.72725
2487075781.25,-30.72744
2487075937.5,-30.73424
2487076093.75,-30.73048
2487076250.0,-30.72923
2487076406.25,-30.72602
2487076562.5,-30.72501
2487076718.75,-30.73177
2487076875.0,-30.73073
2487077031.25,-30.73276
2487077187.5,-30.73299
2487077343.75,-30.72976
2487077500.0,-30.72332
2487077656.25,-30.72324
2487077812.5,-30.72558
2487077968.75,-30.72489
2487078125.0,-30.72738
2487078281.25,-30.72116
2487078437.5,-30.7233
2487078593.75,-30.71973
2487078750.0,-30.72188
2487078906.25,-30.71987
2487079062.5,-30.7126
2487079218.75,-30.71998
2487079375.0,-30.71842
2487079531.25,-30.72523
2487079687.5,-30.72125
2487079843.75,-30.71779
2487080000.0,-30.71805
2487080156.25,-30.71772
2487080312.5,-30.71725
2487080468.75,-30.71875
2487080625.0,-30.71576
2487080781.25,-30.71285
2487080937.5,-30.72154
2487081093.75,-30.71509
2487081250.0,-30.71021
2487081406.25,-30.71456
2487081562.5,-30.71308
2487081718.75,-30.70891
2487081875.0,-30.71171
2487082031.25,-30.71189
2487082187.5,-30.70928
2487082343.75,-30.71408
2487082500.0,-30.71083
2487082656.25,-30.70644
2487082812.5,-30.70595
2487082968.75,-30.70481
2487083125.0,-30.70959
2487083281.25,-30.70771
2487083437.5,-30.70374
2487083593.75,-30.70902
2487083750.0,-30.70509
2487083906.25,-30.7035
2487084062.5,-30.70593
2487084218.75,-30.6984
2487084375.0,-30.7079
2487084531.25,-30.70459
2487084687.5,-30.69606
2487084843.75,-30.70412
2487085000.0,-30.703
2487085156.25,-30.70212
2487085312.5,-30.69752
2487085468.75,-30.69968
2487085625.0,-30.70071
2487085781.25,-30.69584
2487085937.5,-30.69509
2487086093.75,-30.6917
2487086250.0,-30.69952
2487086406.25,-30.69714
2487086562.5,-30.69487
2487086718.75,-30.69083
2487086875.0,-30.69273
2487087031.25,-30.6922
2487087187.5,-30.69626
2487087343.75,-30.69363
2487087500.0,-30.6946
2487087656.25,-30.69173
2487087812.5,-30.68752
2487087968.75,-30.69516
2487088125.0,-30.6944
2487088281.25,-30.68812
2487088437.5,-30.68855
2487088593.75,-30.6852
2487088750.0,-30.68543
2487088906.25,-30.68841
2487089062.5,-30.68675
2487089218.75,-30.69223
2487089375.0,-30.68768
2487089531.25,-30.6867
2487089687.5,-30.68969
2487089843.75,-30.69182
2487090000.0,-30.68373
2487090156.25,-30.68198
2487090312.5,-30.68199
2487090468.75,-30.68391
2487090625.0,-30.68266
2487090781.25,-30.68085
2487090937.5,-30.68039
2487091093.75,-30.67927
2487091250.0,-30.677
2487091406.25,-30.67722
2487091562.5,-30.68121
2487091718.75,-30.67964
2487091875.0,-30.67752
2487092031.25,-30.67843
2487092187.5,-30.68144
2487092343.75,-30.67753
2487092500.0,-30.67316
2487092656.25,-30.67654
2487092812.5,-30.67108
2487092968.75,-30.67599
2487093125.0,-30.67982
2487093281.25,-30.66718
2487093437.5,-30.67099
2487093593.75,-30.67702
2487093750.0,-30.67289
2487093906.25,-30.67142
2487094062.5,-30.67231
2487094218.75,-30.66962
2487094375.0,-30.66719
2487094531.25,-30.66858
2487094687.5,-30.66517
2487094843.75,-30.6666
2487095000.0,-30.6689
2487095156.25,-30.67152
2487095312.5,-30.66353
2487095468.75,-30.67028
2487095625.0,-30.66455
2487095781.25,-30.67084
2487095937.5,-30.66664
2487096093.75,-30.66778
2487096250.0,-30.66201
2487096406.25,-30.66421
2487096562.5,-30.67006
2487096718.75,-30.66588
2487096875.0,-30.66484
2487097031.25,-30.65873
2487097187.5,-30.65514
2487097343.75,-30.66476
2487097500.0,-30.65831
2487097656.25,-30.66091
2487097812.5,-30.6615
2487097968.75,-30.65621
2487098125.0,-30.65205
2487098281.25,-30.65458
2487098437.5,-30.65966
2487098593.75,-30.6565
2487098750.0,-30.65721
2487098906.25,-30.65351
2487099062.5,-30.65189
2487099218.75,-30.65287
2487099375.0,-30.65253
2487099531.25,-30.65216
2487099687.5,-30.65743
2487099843.75,-30.64874
2487100000.0,-30.65269
2487100156.25,-30.64855
2487100312.5,-30.65085
2487100468.75,-30.65423
2487100625.0,-30.65235
2487100781.25,-30.65063
2487100937.5,-30.65055
2487101093.75,-30.64922
2487101250.0,-30.64779
2487101406.25,-30.64875
2487101562.5,-30.64616
2487101718.75,-30.65183
2487101875.0,-30.64328
2487102031.25,-30.63977
2487102187.5,-30.65108
2487102343.75,-30.64095
2487102500.0,-30.64163
2487102656.25,-30.64495
2487102812.5,-30.64647
2487102968.75,-30.64218
2487103125.0,-30.6404
2487103281.25,-30.6394
2487103437.5,-30.64131
2487103593.75,-30.63953
2487103750.0,-30.64126
2487103906.25,-30.64385
2487104062.5,-30.64015
2487104218.75,-30.63646
2487104375.0,-30.63647
2487104531.25,-30.64048
2487104687.5,-30.63775
2487104843.75,-30.63963
2487105000.0,-30.63854
2487105156.25,-30.64086
2487105312.5,-30.63064
2487105468.75,-30.63886
2487105625.0,-30.63899
2487105781.25,-30.63031
2487105937.5,-30.62812
2487106093.75,-30.63733
2487106250.0,-30.62998
2487106406.25,-30.63437
2487106562.5,-30.63309
2487106718.75,-30.62985
2487106875.0,-30.63464
2487107031.25,-30.62785
2487107187.5,-30.62744
2487107343.75,-30.62729
2487107500.0,-30.63133
2487107656.25,-30.62528
2487107812.5,-30.62864
2487107968.75,-30.63198
2487108125.0,-30.63188
2487108281.25,-30.6211
2487108437.5,-30.62362
2487108593.75,-30.62063
2487108750.0,-30.62431
2487108906.25,-30.62427
2487109062.5,-30.6218
2487109218.75,-30.62528
2487109375.0,-30.61787
2487109531.25,-30.62429
2487109687.5,-30.61919
2487109843.75,-30.6204
2487110000.0,-30.62202
2487110156.25,-30.61848
2487110312.5,-30.62223
2487110468.75,-30.61819
2487110625.0,-30.62234
2487110781.25,-30.61497
2487110937.5,-30.61312
2487111093.75,-30.61438
2487111250.0,-30.61707
2487111406.25,-30.61849
2487111562.5,-30.61174
2487111718.75,-30.61334
2487111875.0,-30.61384
2487112031.25,-30.61431
2487112187.5,-30.6164
2487112343.75,-30.61322
2487112500.0,-30.60467
2487112656.25,-30.60854
2487112812.5,-30.60478
2487112968.75,-30.6093
2487113125.0,-30.60474
2487113281.25,-30.60879
2487113437.5,-30.60852
2487113593.75,-30.60579
2487113750.0,-30.60294
2487113906.25,-30.61022
2487114062.5,-30.60983
2487114218.75,-30.60951
2487114375.0,-30.60569
2487114531.25,-30.60871
2487114687.5,-30.60541
2487114843.75,-30.60549
2487115000.0,-30.60311
2487115156.25,-30.60613
2487115312.5,-30.6029
2487115468.75,-30.60695
2487115625.0,-30.60404
2487115781.25,-30.60362
2487115937.5,-30.60436
2487116093.75,-30.60622
2487116250.0,-30.60312
2487116406.25,-30.59985
2487116562.5,-30.60151
2487116718.75,-30.599
2487116875.0,-30.60464
2487117031.25,-30.59864
2487117187.5,-30.59433
2487117343.75,-30.59668
2487117500.0,-30.59376
2487117656.25,-30.58933
2487117812.5,-30.59512
2487117968.75,-30.59239
2487118125.0,-30.59304
2487118281.25,-30.5998
2487118437.5,-30.5921
2487118593.75,-30.59149
2487118750.0,-30.59294
2487118906.25,-30.59475
2487119062.5,-30.59399
2487119218.75,-30.59088
2487119375.0,-30.58997
2487119531.25,-30.58666
2487119687.5,-30.58807
2487119843.75,-30.58759
2487120000.0,-30.58728
2487120156.25,-30.58612
2487120312.5,-30.58878
2487120468.75,-30.58809
2487120625.0,-30.59148
2487120781.25,-30.58134
2487120937.5,-30.58518
2487121093.75,-30.58573
2487121250.0,-30.57955
2487121406.25,-30.58381
2487121562.5,-30.57419
2487121718.75,-30.58015
2487121875.0,-30.57859
2487122031.25,-30.57815
2487122187.5,-30.57993
2487122343.75,-30.57747
2487122500.0,-30.58067
2487122656.25,-30.57696
2487122812.5,-30.57933
2487122968.75,-30.57731
2487123125.0,-30.57021
2487123281.25,-30.5808
2487123437.5,-30.57425
2487123593.75,-30.57175
2487123750.0,-30.57177
2487123906.25,-30.5682
2487124062.5,-30.58046
2487124218.75,-30.57391
2487124375.0,-30.5803
2487124531.25,-30.57465
2487124687.5,-30.57161
2487124843.75,-30.57439
2487125000.0,-30.57704
2487125156.25,-30.57238
2487125312.5,-30.57205
2487125468.75,-30.57622
2487125625.0,-30.56708
2487125781.25,-30.57705
2487125937.5,-30.56658
2487126093.75,-30.56907
2487126250.0,-30.57006
2487126406.25,-30.56772
2487126562.5,-30.56467
2487126718.75,-30.56852
2487126875.0,-30.57151
2487127031.25,-30.5715
2487127187.5,-30.56647
2487127343.75,-30.56692
2487127500.0,-30.56561
2487127656.25,-30.55926
2487127812.5,-30.56453
2487127968.75,-30.56479
2487128125.0,-30.56305
2487128281.25,-30.55714
2487128437.5,-30.56556
2487128593.75,-30.56123
2487128750.0,-30.55927
2487128906.25,-30.5576
2487129062.5,-30.56367
2487129218.75,-30.55799
2487129375.0,-30.55529
2487129531.25,-30.5568
2487129687.5,-30.55552
2487129843.75,-30.56098
2487130000.0,-30.54865
2487130156.25,-30.55377
2487130312.5,-30.55634
2487130468.75,-30.55624
2487130625.0,-30.55098
2487130781.25,-30.55509
2487130937.5,-30.55516
2487131093.75,-30.55525
2487131250.0,-30.54724
2487131406.25,-30.549
2487131562.5,-30.55225
2487131718.75,-30.55497
2487131875.0,-30.55411
2487132031.25,-30.54841
2487132187.5,-30.55444
2487132343.75,-30.54716
2487132500.0,-30.55096
2487132656.25,-30.55076
2487132812.5,-30.5348
2487132968.75,-30.54531
2487133125.0,-30.54832
2487133281.25,-30.54272
2487133437.5,-30.54754
2487133593.75,-30.54947
2487133750.0,-30.54406
2487133906.25,-30.54512
2487134062.5,-30.5454
2487134218.75,-30.54377
2487134375.0,-30.54748
2487134531.25,-30.54323
2487134687.5,-30.54084
2487134843.75,-30.54353
2487135000.0,-30.53423
2487135156.25,-30.54129
2487135312.5,-30.52921
2487135468.75,-30.53437
2487135625.0,-30.53349
2487135781.25,-30.53571
2487135937.5,-30.53488
2487136093.75,-30.53776
2487136250.0,-30.53239
2487136406.25,-30.53041
2487136562.5,-30.53377
2487136718.75,-30.5311
2487136875.0,-30.53322
2487137031.25,-30.53444
2487137187.5,-30.53084
2487137343.75,-30.53187
2487137500.0,-30.53667
2487137656.25,-30.52858
2487137812.5,-30.52994
2487137968.75,-30.53211
2487138125.0,-30.52666
2487138281.25,-30.52633
2487138437.5,-30.52459
2487138593.75,-30.52405
2487138750.0,-30.5216
2487138906.25,-30.52956
2487139062.5,-30.5257
2487139218.75,-30.52669
2487139375.0,-30.52117
2487139531.25,-30.52758
2487139687.5,-30.52595
2487139843.75,-30.5197
2487140000.0,-30.51962
2487140156.25,-30.52414
2487140312.5,-30.51954
2487140468.75,-30.51974
2487140625.0,-30.52164
2487140781.25,-30.52142
2487140937.5,-30.51693
2487141093.75,-30.51954
2487141250.0,-30.51655
2487141406.25,-30.52049
2487141562.5,-30.51879
2487141718.75,-30.51483
2487141875.0,-30.5145
2487142031.25,-30.51873
2487142187.5,-30.51496
2487142343.75,-30.51358
2487142500.0,-30.51381
2487142656.25,-30.51532
2487142812.5,-30.51805
2487142968.75,-30.51216
2487143125.0,-30.5138
2487143281.25,-30.51361
2487143437.5,-30.51314
2487143593.75,-30.51111
2487143750.0,-30.5111
2487143906.25,-30.50228
2487144062.5,-30.51104
2487144218.75,-30.5119
2487144375.0,-30.50599
2487144531.25,-30.50208
2487144687.5,-30.50547
2487144843.75,-30.50334
2487145000.0,-30.50947
2487145156.25,-30.50367
2487145312.5,-30.50705
2487145468.75,-30.50768
2487145625.0,-30.50235
2487145781.25,-30.50114
2487145937.5,-30.50531
2487146093.75,-30.506
2487146250.0,-30.50269
2487146406.25,-30.50186
2487146562.5,-30.49406
2487146718.75,-30.49773
2487146875.0,-30.4972
2487147031.25,-30.50104
2487147187.5,-30.50245
2487147343.75,-30.4957
2487147500.0,-30.4959
2487147656.25,-30.50397
2487147812.5,-30.50059
2487147968.75,-30.49754
2487148125.0,-30.49669
2487148281.25,-30.49663
2487148437.5,-30.49459
2487148593.75,-30.49397
2487148750.0,-30.489
2487148906.25,-30.49354
2487149062.5,-30.49268
2487149218.75,-30.49189
2487149375.0,-30.49126
2487149531.25,-30.49163
2487149687.5,-30.49364
2487149843.75,-30.4898
2487150000.0,-30.49663
2487150156.25,-30.49119
2487150312.5,-30.49294
2487150468.75,-30.48939
2487150625.0,-30.4855
2487150781.25,-30.48906
2487150937.5,-30.48363
2487151093.75,-30.48635
2487151250.0,-30.47859
2487151406.25,-30.4844
2487151562.5,-30.48646
2487151718.75,-30.48583
2487151875.0,-30.48303
2487152031.25,-30.48516
2487152187.5,-30.48013
2487152343.75,-30.4852
2487152500.0,-30.4824
2487152656.25,-30.47931
2487152812.5,-30.4758
2487152968.75,-30.47587
2487153125.0,-30.48357
2487153281.25,-30.47517
2487153437.5,-30.47639
2487153593.75,-30.47954
2487153750.0,-30.47876
2487153906.25,-30.4766
2487154062.5,-30.47358
2487154218.75,-30.47039
2487154375.0,-30.47676
2487154531.25,-30.46947
2487154687.5,-30.47401
2487154843.75,-30.47607
2487155000.0,-30.46787
2487155156.25,-30.47113
2487155312.5,-30.46871
2487155468.75,-30.47216
2487155625.0,-30.47303
2487155781.25,-30.4709
2487155937.5,-30.47217
2487156093.75,-30.47317
2487156250.0,-30.46762
2487156406.25,-30.46904
2487156562.5,-30.46939
2487156718.75,-30.46395
2487156875.0,-30.46436
2487157031.25,-30.46968
2487157187.5,-30.46958
2487157343.75,-30.46677
2487157500.0,-30.4666
2487157656.25,-30.46265
2487157812.5,-30.45981
2487157968.75,-30.46105
2487158125.0,-30.46572
2487158281.25,-30.46142
2487158437.5,-30.46165
2487158593.75,-30.46164
2487158750.0,-30.46429
2487158906.25,-30.46173
2487159062.5,-30.45751
2487159218.75,-30.45678
2487159375.0,-30.45968
2487159531.25,-30.46008
2487159687.5,-30.45729
2487159843.75,-30.45697
2487160000.0,-30.45345
2487160156.25,-30.45525
2487160312.5,-30.45464
2487160468.75,-30.45559
2487160625.0,-30.45379
2487160781.25,-30.45311
2487160937.5,-30.46045
2487161093.75,-30.45686
2487161250.0,-30.45288
2487161406.25,-30.45685
2487161562.5,-30.44878
2487161718.75,-30.45025
2487161875.0,-30.44975
2487162031.25,-30.45097
2487162187.5,-30.45057
2487162343.75,-30.44654
2487162500.0,-30.45388
2487162656.25,-30.45145
2487162812.5,-30.44323
2487162968.75,-30.44511
2487163125.0,-30.45112
2487163281.25,-30.44771
2487163437.5,-30.44487
2487163593.75,-30.44561
2487163750.0,-30.44189
2487163906.25,-30.44102
2487164062.5,-30.44545
2487164218.75,-30.44284
2487164375.0,-30.44209
2487164531.25,-30.44376
2487164687.5,-30.44153
2487164843.75,-30.44148
2487165000.0,-30.44204
2487165156.25,-30.43885
2487165312.5,-30.43582
2487165468.75,-30.43546
2487165625.0,-30.43635
2487165781.25,-30.43887
2487165937.5,-30.43565
2487166093.75,-30.4384
2487166250.0,-30.43881
2487166406.25,-30.4361
2487166562.5,-30.43652
2487166718.75,-30.43455
2487166875.0,-30.43318
2487167031.25,-30.43492
2487167187.5,-30.42859
2487167343.75,-30.43807
2487167500.0,-30.43417
2487167656.25,-30.43269
2487167812.5,-30.43178
2487167968.75,-30.43161
2487168125.0,-30.43274
2487168281.25,-30.42813
2487168437.5,-30.42723
2487168593.75,-30.43013
2487168750.0,-30.42655
2487168906.25,-30.42875
2487169062.5,-30.42984
2487169218.75,-30.42835
2487169375.0,-30.42665
2487169531.25,-30.43006
2487169687.5,-30.42666
2487169843.75,-30.42387
2487170000.0,-30.42218
2487170156.25,-30.42584
2487170312.5,-30.42519
2487170468.75,-30.42279
2487170625.0,-30.42366
2487170781.25,-30.422
2487170937.5,-30.4204
2487171093.75,-30.41549
2487171250.0,-30.42103
2487171406.25,-30.42302
2487171562.5,-30.41529
2487171718.75,-30.41591
2487171875.0,-30.4235
2487172031.25,-30.41903
2487172187.5,-30.42352
2487172343.75,-30.41761
2487172500.0,-30.4158
2487172656.25,-30.41451
2487172812.5,-30.40977
2487172968.75,-30.41936
2487173125.0,-30.4132
2487173281.25,-30.41206
2487173437.5,-30.40993
2487173593.75,-30.41417
2487173750.0,-30.40963
2487173906.25,-30.41164
2487174062.5,-30.40902
2487174218.75,-30.4047
2487174375.0,-30.40554
2487174531.25,-30.40877
2487174687.5,-30.40751
2487174843.75,-30.41002
2487175000.0,-30.40646
2487175156.25,-30.40525
2487175312.5,-30.40656
2487175468.75,-30.40551
2487175625.0,-30.40957
2487175781.25,-30.3989
2487175937.5,-30.40358
2487176093.75,-30.40648
2487176250.0,-30.4078
2487176406.25,-30.40115
2487176562.5,-30.40359
2487176718.75,-30.4022
2487176875.0,-30.3976
2487177031.25,-30.3969
2487177187.5,-30.40147
2487177343.75,-30.40382
2487177500.0,-30.40296
2487177656.25,-30.40026
2487177812.5,-30.39691
2487177968.75,-30.39589
2487178125.0,-30.40186
2487178281.25,-30.3927
2487178437.5,-30.40183
2487178593.75,-30.39812
2487178750.0,-30.39338
2487178906.25,-30.39616
2487179062.5,-30.39688
2487179218.75,-30.39629
2487179375.0,-30.39112
2487179531.25,-30.39633
2487179687.5,-30.39218
2487179843.75,-30.39338
2487180000.0,-30.38971
2487180156.25,-30.3871
2487180312.5,-30.39176
2487180468.75,-30.39171
2487180625.0,-30.39169
2487180781.25,-30.38968
2487180937.5,-30.38924
2487181093.75,-30.38499
2487181250.0,-30.38684
2487181406.25,-30.38749
2487181562.5,-30.38713
2487181718.75,-30.37802
2487181875.0,-30.38476
2487182031.25,-30.38305
2487182187.5,-30.38643
2487182343.75,-30.3818
2487182500.0,-30.38561
2487182656.25,-30.38523
2487182812.5,-30.3829
2487182968.75,-30.38487
2487183125.0,-30.37624
2487183281.25,-30.37981
2487183437.5,-30.38648
2487183593.75,-30.37804
2487183750.0,-30.37766
2487183906.25,-30.37365
2487184062.5,-30.37512
2487184218.75,-30.37687
2487184375.0,-30.38648
2487184531.25,-30.37629
2487184687.5,-30.3771
2487184843.75,-30.37597
2487185000.0,-30.37511
2487185156.25,-30.37657
2487185312.5,-30.37266
2487185468.75,-30.3723
2487185625.0,-30.37105
2487185781.25,-30.37153
2487185937.5,-30.36765
2487186093.75,-30.3719
2487186250.0,-30.36642
2487186406.25,-30.37
2487186562.5,-30.371
2487186718.75,-30.37017
2487186875.0,-30.36787
2487187031.25,-30.36344
2487187187.5,-30.36948
2487187343.75,-30.36539
2487187500.0,-30.36762
2487187656.25,-30.36706
2487187812.5,-30.35932
2487187968.75,-30.36985
2487188125.0,-30.36013
2487188281.25,-30.36493
2487188437.5,-30.36196
2487188593.75,-30.3683
2487188750.0,-30.36536
2487188906.25,-30.36857
2487189062.5,-30.35981
2487189218.75,-30.35999
2487189375.0,-30.36082
2487189531.25,-30.35309
2487189687.5,-30.36056
2487189843.75,-30.367
2487190000.0,-30.35729
2487190156.25,-30.3591
2487190312.5,-30.35715
2487190468.75,-30.35689
2487190625.0,-30.35334
2487190781.25,-30.3574
2487190937.5,-30.35212
2487191093.75,-30.35399
2487191250.0,-30.3534
2487191406.25,-30.35525
2487191562.5,-30.35541
2487191718.75,-30.35586
2487191875.0,-30.34707
2487192031.25,-30.34959
2487192187.5,-30.35219
2487192343.75,-30.35225
2487192500.0,-30.35182
2487192656.25,-30.35139
2487192812.5,-30.3482
2487192968.75,-30.35078
2487193125.0,-30.35023
2487193281.25,-30.34216
2487193437.5,-30.34872
2487193593.75,-30.34623
2487193750.0,-30.3442
2487193906.25,-30.34392
2487194062.5,-30.34699
2487194218.75,-30.34521
2487194375.0,-30.34704
2487194531.25,-30.34007
2487194687.5,-30.34163
2487194843.75,-30.34337
2487195000.0,-30.34146
2487195156.25,-30.34467
2487195312.5,-30.33915
2487195468.75,-30.33918
2487195625.0,-30.33916
2487195781.25,-30.33906
2487195937.5,-30.33674
2487196093.75,-30.33297
2487196250.0,-30.33776
2487196406.25,-30.34218
2487196562.5,-30.33489
2487196718.75,-30.33641
2487196875.0,-30.33377
2487197031.25,-30.33439
2487197187.5,-30.3341
2487197343.75,-30.33392
2487197500.0,-30.33075
2487197656.25,-30.33386
2487197812.5,-30.33131
2487197968.75,-30.33546
2487198125.0,-30.32713
2487198281.25,-30.33089
2487198437.5,-30.33252
2487198593.75,-30.33295
2487198750.0,-30.32658
2487198906.25,-30.32729
2487199062.5,-30.32929
2487199218.75,-30.32649
2487199375.0,-30.32778
2487199531.25,-30.32706
2487199687.5,-30.328
2487199843.75,-30.32318
2487200000.0,-30.31871
2487200156.25,-30.32481
2487200312.5,-30.32279
2487200468.75,-30.31851
2487200625.0,-30.32912
2487200781.25,-30.32228
2487200937.5,-30.32232
2487201093.75,-30.32029
2487201250.0,-30.32154
2487201406.25,-30.31357
2487201562.5,-30.31925
2487201718.75,-30.31479
2487201875.0,-30.31906
2487202031.25,-30.31442
2487202187.5,-30.31528
2487202343.75,-30.31813
2487202500.0,-30.31418
2487202656.25,-30.31251
2487202812.5,-30.31705
2487202968.75,-30.31411
2487203125.0,-30.31573
2487203281.25,-30.3064
2487203437.5,-30.31641
2487203593.75,-30.31465
2487203750.0,-30.31362
2487203906.25,-30.30799
2487204062.5,-30.3068
2487204218.75,-30.30803
2487204375.0,-30.31097
2487204531.25,-30.31122
2487204687.5,-30.30991
2487204843.75,-30.3091
2487205000.0,-30.30899
2487205156.25,-30.30909
2487205312.5,-30.30189
2487205468.75,-30.30393
2487205625.0,-30.30315
2487205781.25,-30.30866
2487205937.5,-30.30223
2487206093.75,-30.30717
2487206250.0,-30.30284
2487206406.25,-30.3077
2487206562.5,-30.30541
2487206718.75,-30.30016
2487206875.0,-30.30249
2487207031.25,-30.29754
2487207187.5,-30.30598
2487207343.75,-30.29568
2487207500.0,-30.30121
2487207656.25,-30.30004
2487207812.5,-30.29957
2487207968.75,-30.29922
2487208125.0,-30.30052
2487208281.25,-30.29674
2487208437.5,-30.29836
2487208593.75,-30.29406
2487208750.0,-30.293
2487208906.25,-30.29484
2487209062.5,-30.29251
2487209218.75,-30.29154
2487209375.0,-30.29386
2487209531.25,-30.29503
2487209687.5,-30.28973
2487209843.75,-30.28789
2487210000.0,-30.2893
2487210156.25,-30.28684
2487210312.5,-30.29358
2487210468.75,-30.28788
2487210625.0,-30.28547
2487210781.25,-30.28638
2487210937.5,-30.28341
2487211093.75,-30.2901
2487211250.0,-30.28736
2487211406.25,-30.28512
2487211562.5,-30.28413
2487211718.75,-30.28481
2487211875.0,-30.28623
2487212031.25,-30.28338
2487212187.5,-30.28388
2487212343.75,-30.27887
2487212500.0,-30.27849
2487212656.25,-30.28346
2487212812.5,-30.28233
2487212968.75,-30.28081
2487213125.0,-30.28392
2487213281.25,-30.27979
2487213437.5,-30.28162
2487213593.75,-30.27994
2487213750.0,-30.27925
2487213906.25,-30.27815
2487214062.5,-30.27479
2487214218.75,-30.27994
2487214375.0,-30.27691
2487214531.25,-30.27858
2487214687.5,-30.27869
2487214843.75,-30.2707
2487215000.0,-30.26606
2487215156.25,-30.27078
2487215312.5,-30.27374
2487215468.75,-30.27349
2487215625.0,-30.27052
2487215781.25,-30.27112
2487215937.5,-30.26888
2487216093.75,-30.27285
2487216250.0,-30.2666
2487216406.25,-30.27153
2487216562.5,-30.26682
2487216718.75,-30.27044
2487216875.0,-30.27105
2487217031.25,-30.26661
2487217187.5,-30.26763
2487217343.75,-30.26847
2487217500.0,-30.27102
2487217656.25,-30.26355
2487217812.5,-30.26846
2487217968.75,-30.26746
2487218125.0,-30.26053
2487218281.25,-30.26401
2487218437.5,-30.26132
2487218593.75,-30.26527
2487218750.0,-30.26197
2487218906.25,-30.25932
2487219062.5,-30.26181
2487219218.75,-30.25553
2487219375.0,-30.25643
2487219531.25,-30.26175
2487219687.5,-30.25685
2487219843.75,-30.25486
2487220000.0,-30.25534
2487220156.25,-30.25183
2487220312.5,-30.25772
2487220468.75,-30.25977
2487220625.0,-30.25298
2487220781.25,-30.25771
2487220937.5,-30.25593
2487221093.75,-30.25588
2487221250.0,-30.25064
2487221406.25,-30.2501
2487221562.5,-30.25467
2487221718.75,-30.25135
2487221875.0,-30.25122
2487222031.25,-30.24972
2487222187.5,-30.2482
2487222343.75,-30.25086
2487222500.0,-30.25268
2487222656.25,-30.25371
2487222812.5,-30.2506
2487222968.75,-30.24294
2487223125.0,-30.24993
2487223281.25,-30.24624
2487223437.5,-30.24611
2487223593.75,-30.248
2487223750.0,-30.24643
2487223906.25,-30.24359
2487224062.5,-30.24812
2487224218.75,-30.24384
2487224375.0,-30.24275
2487224531.25,-30.23859
2487224687.5,-30.24372
2487224843.75,-30.24348
2487225000.0,-30.24144
2487225156.25,-30.23733
2487225312.5,-30.24152
2487225468.75,-30.23694
2487225625.0,-30.23785
2487225781.25,-30.23594
2487225937.5,-30.23347
2487226093.75,-30.2347
2487226250.0,-30.23672
2487226406.25,-30.23207
2487226562.5,-30.23605
2487226718.75,-30.23426
2487226875.0,-30.23627
2487227031.25,-30.23375
2487227187.5,-30.23188
2487227343.75,-30.23175
2487227500.0,-30.2358
2487227656.25,-30.22985
2487227812.5,-30.23227
2487227968.75,-30.23428
2487228125.0,-30.22821
2487228281.25,-30.22885
2487228437.5,-30.23226
2487228593.75,-30.23167
2487228750.0,-30.22941
2487228906.25,-30.22731
2487229062.5,-30.22978
2487229218.75,-30.22051
2487229375.0,-30.23276
2487229531.25,-30.22791
2487229687.5,-30.22986
2487229843.75,-30.22406
2487230000.0,-30.22297
2487230156.25,-30.22309
2487230312.5,-30.2241
2487230468.75,-30.228
2487230625.0,-30.22544
2487230781.25,-30.22368
2487230937.5,-30.22135
2487231093.75,-30.21894
2487231250.0,-30.22191
2487231406.25,-30.2179
2487231562.5,-30.22167
2487231718.75,-30.21516
2487231875.0,-30.21862
2487232031.25,-30.21651
2487232187.5,-30.21802
2487232343.75,-30.211
2487232500.0,-30.21443
2487232656.25,-30.21454
2487232812.5,-30.21773
2487232968.75,-30.20967
2487233125.0,-30.21328
2487233281.25,-30.21017
2487233437.5,-30.21099
2487233593.75,-30.21272
2487233750.0,-30.20911
2487233906.25,-30.20607
2487234062.5,-30.20904
2487234218.75,-30.21388
2487234375.0,-30.20857
2487234531.25,-30.20265
2487234687.5,-30.21115
2487234843.75,-30.20776
2487235000.0,-30.21038
2487235156.25,-30.20833
2487235312.5,-30.20735
2487235468.75,-30.20088
2487235625.0,-30.20578
2487235781.25,-30.20376
2487235937.5,-30.20351
2487236093.75,-30.20201
2487236250.0,-30.20102
2487236406.25,-30.20461
2487236562.5,-30.20176
2487236718.75,-30.19657
2487236875.0,-30.1999
2487237031.25,-30.19516
2487237187.5,-30.20018
2487237343.75,-30.20272
2487237500.0,-30.20108
2487237656.25,-30.19856
2487237812.5,-30.1968
2487237968.75,-30.19807
2487238125.0,-30.19084
2487238281.25,-30.19525
2487238437.5,-30.19933
2487238593.75,-30.19752
2487238750.0,-30.19168
2487238906.25,-30.19135
2487239062.5,-30.1948
2487239218.75,-30.18741
2487239375.0,-30.19204
2487239531.25,-30.19308
2487239687.5,-30.18692
2487239843.75,-30.18482
2487240000.0,-30.18942
2487240156.25,-30.18747
2487240312.5,-30.18921
2487240468.75,-30.18455
2487240625.0,-30.18289
2487240781.25,-30.19058
2487240937.5,-30.18448
2487241093.75,-30.1846
2487241250.0,-30.18539
2487241406.25,-30.18496
2487241562.5,-30.18604
2487241718.75,-30.18045
2487241875.0,-30.18622
2487242031.25,-30.18036
2487242187.5,-30.18041
2487242343.75,-30.18203
2487242500.0,-30.17932
2487242656.25,-30.18039
2487242812.5,-30.17829
2487242968.75,-30.17938
2487243125.0,-30.18385
2487243281.25,-30.1765
2487243437.5,-30.18041
2487243593.75,-30.17984
2487243750.0,-30.17469
2487243906.25,-30.17655
2487244062.5,-30.17222
2487244218.75,-30.1798
2487244375.0,-30.1743
2487244531.25,-30.17732
2487244687.5,-30.17585
2487244843.75,-30.17881
2487245000.0,-30.17352
2487245156.25,-30.17107
2487245312.5,-30.17458
2487245468.75,-30.177
2487245625.0,-30.17081
2487245781.25,-30.16876
2487245937.5,-30.17118
2487246093.75,-30.17286
2487246250.0,-30.17298
2487246406.25,-30.16858
2487246562.5,-30.16988
2487246718.75,-30.16311
2487246875.0,-30.17116
2487247031.25,-30.16522
2487247187.5,-30.16267
2487247343.75,-30.16834
2487247500.0,-30.16903
2487247656.25,-30.16232
2487247812.5,-30.16328
2487247968.75,-30.16577
2487248125.0,-30.16353
2487248281.25,-30.16081
2487248437.5,-30.15982
2487248593.75,-30.16058
2487248750.0,-30.15783
2487248906.25,-30.16129
2487249062.5,-30.16016
2487249218.75,-30.16104
2487249375.0,-30.16071
2487249531.25,-30.15536
2487249687.5,-30.1598
2487249843.75,-30.15796
2487250000.0,-30.15823
2487250156.25,-30.15249
2487250312.5,-30.15419
2487250468.75,-30.14968
2487250625.0,-30.16405
2487250781.25,-30.15665
2487250937.5,-30.14722
2487251093.75,-30.15368
2487251250.0,-30.15041
2487251406.25,-30.15423
2487251562.5,-30.14886
2487251718.75,-30.14768
2487251875.0,-30.14692
2487252031.25,-30.14996
2487252187.5,-30.14962
2487252343.75,-30.15052
2487252500.0,-30.14479
2487252656.25,-30.15244
2487252812.5,-30.14836
2487252968.75,-30.14599
2487253125.0,-30.14404
2487253281.25,-30.14758
2487253437.5,-30.14636
2487253593.75,-30.14073
2487253750.0,-30.14479
2487253906.25,-30.1416
2487254062.5,-30.14275
2487254218.75,-30.14055
2487254375.0,-30.14035
2487254531.25,-30.14133
2487254687.5,-30.14379
2487254843.75,-30.13728
2487255000.0,-30.13746
2487255156.25,-30.13889
2487255312.5,-30.13755
2487255468.75,-30.14158
2487255625.0,-30.1377
2487255781.25,-30.1382
2487255937.5,-30.13734
2487256093.75,-30.13651
2487256250.0,-30.13425
2487256406.25,-30.13195
2487256562.5,-30.1292
2487256718.75,-30.131
2487256875.0,-30.13274
2487257031.25,-30.13374
2487257187.5,-30.13528
2487257343.75,-30.13546
2487257500.0,-30.12873
2487257656.25,-30.13028
2487257812.5,-30.13076
2487257968.75,-30.12821
2487258125.0,-30.13174
2487258281.25,-30.12607
2487258437.5,-30.12696
2487258593.75,-30.12294
2487258750.0,-30.12533
2487258906.25,-30.12989
2487259062.5,-30.12523
2487259218.75,-30.12126
2487259375.0,-30.12849
2487259531.25,-30.12374
2487259687.5,-30.12041
2487259843.75,-30.12224
2487260000.0,-30.12428
2487260156.25,-30.12337
2487260312.5,-30.1247
2487260468.75,-30.11825
2487260625.0,-30.12105
2487260781.25,-30.12446
2487260937.5,-30.12109
2487261093.75,-30.11633
2487261250.0,-30.11631
2487261406.25,-30.11671
2487261562.5,-30.11708
2487261718.75,-30.11903
2487261875.0,-30.11598
2487262031.25,-30.11493
2487262187.5,-30.11145
2487262343.75,-30.11847
2487262500.0,-30.11588
2487262656.25,-30.10949
2487262812.5,-30.11525
2487262968.75,-30.1148
2487263125.0,-30.10755
2487263281.25,-30.10874
2487263437.5,-30.11289
2487263593.75,-30.1106
2487263750.0,-30.11085
2487263906.25,-30.1039
2487264062.5,-30.11084
2487264218.75,-30.10984
2487264375.0,-30.10713
2487264531.25,-30.10543
2487264687.5,-30.11021
2487264843.75,-30.10339
2487265000.0,-30.10574
2487265156.25,-30.10687
2487265312.5,-30.09666
2487265468.75,-30.10225
2487265625.0,-30.10107
2487265781.25,-30.09897
2487265937.5,-30.10003
2487266093.75,-30.10015
2487266250.0,-30.1043
2487266406.25,-30.09322
2487266562.5,-30.10262
2487266718.75,-30.10142
2487266875.0,-30.09553
2487267031.25,-30.10041
2487267187.5,-30.09971
2487267343.75,-30.10087
2487267500.0,-30.0995
2487267656.25,-30.09166
2487267812.5,-30.09566
2487267968.75,-30.08934
2487268125.0,-30.09721
2487268281.25,-30.09695
2487268437.5,-30.09818
2487268593.75,-30.08934
2487268750.0,-30.09707
2487268906.25,-30.09422
2487269062.5,-30.09271
2487269218.75,-30.08917
2487269375.0,-30.08834
2487269531.25,-30.09269
2487269687.5,-30.08693
2487269843.75,-30.08764
2487270000.0,-30.08481
2487270156.25,-30.0854
2487270312.5,-30.0847
2487270468.75,-30.08609
2487270625.0,-30.08247
2487270781.25,-30.08836
2487270937.5,-30.08115
2487271093.75,-30.08488
2487271250.0,-30.0868
2487271406.25,-30.08122
2487271562.5,-30.08193
2487271718.75,-30.08725
2487271875.0,-30.0789
2487272031.25,-30.08158
2487272187.5,-30.07864
2487272343.75,-30.08009
2487272500.0,-30.07405
2487272656.25,-30.08225
2487272812.5,-30.0785
2487272968.75,-30.07644
2487273125.0,-30.07925
2487273281.25,-30.07542
2487273437.5,-30.08276
2487273593.75,-30.07308
2487273750.0,-30.07449
2487273906.25,-30.06972
2487274062.5,-30.07073
2487274218.75,-30.07265
2487274375.0,-30.06877
2487274531.25,-30.071
2487274687.5,-30.07552
2487274843.75,-30.0709
2487275000.0,-30.06767
2487275156.25,-30.07289
2487275312.5,-30.06572
2487275468.75,-30.07649
2487275625.0,-30.07043
2487275781.25,-30.06375
2487275937.5,-30.07116
2487276093.75,-30.06209
2487276250.0,-30.06405
2487276406.25,-30.06489
2487276562.5,-30.067
2487276718.75,-30.05659
2487276875.0,-30.06203
2487277031.25,-30.06731
2487277187.5,-30.06569
2487277343.75,-30.06764
2487277500.0,-30.05945
2487277656.25,-30.06531
2487277812.5,-30.06337
2487277968.75,-30.06235
2487278125.0,-30.05758
2487278281.25,-30.06027
2487278437.5,-30.05554
2487278593.75,-30.05489
2487278750.0,-30.05901
2487278906.25,-30.05669
2487279062.5,-30.05943
2487279218.75,-30.05572
2487279375.0,-30.05184
2487279531.25,-30.0542
2487279687.5,-30.05686
2487279843.75,-30.05488
2487280000.0,-30.05414
2487280156.25,-30.05231
2487280312.5,-30.05228
2487280468.75,-30.04571
2487280625.0,-30.05279
2487280781.25,-30.05103
2487280937.5,-30.04687
2487281093.75,-30.05108
2487281250.0,-30.0538
2487281406.25,-30.04894
2487281562.5,-30.04716
2487281718.75,-30.0462
2487281875.0,-30.04774
2487282031.25,-30.04735
2487282187.5,-30.04632
2487282343.75,-30.04998
2487282500.0,-30.04275
2487282656.25,-30.04441
2487282812.5,-30.04159
2487282968.75,-30.04272
2487283125.0,-30.04449
2487283281.25,-30.04118
2487283437.5,-30.04227
2487283593.75,-30.04412
2487283750.0,-30.04316
2487283906.25,-30.04207
2487284062.5,-30.04072
2487284218.75,-30.03988
2487284375.0,-30.03738
2487284531.25,-30.04044
2487284687.5,-30.04126
2487284843.75,-30.03766
2487285000.0,-30.03272
2487285156.25,-30.03557
2487285312.5,-30.03737
2487285468.75,-30.03326
2487285625.0,-30.03193
2487285781.25,-30.03254
2487285937.5,-30.03333
2487286093.75,-30.03738
2487286250.0,-30.03401
2487286406.25,-30.02896
2487286562.5,-30.02892
2487286718.75,-30.02753
2487286875.0,-30.03044
2487287031.25,-30.02605
2487287187.5,-30.02382
2487287343.75,-30.03407
2487287500.0,-30.02756
2487287656.25,-30.02595
2487287812.5,-30.02335
2487287968.75,-30.0277
2487288125.0,-30.0255
2487288281.25,-30.02459
2487288437.5,-30.02222
2487288593.75,-30.02495
2487288750.0,-30.02017
2487288906.25,-30.02303
2487289062.5,-30.01943
2487289218.75,-30.02195
2487289375.0,-30.02236
2487289531.25,-30.02115
2487289687.5,-30.02222
2487289843.75,-30.02147
2487290000.0,-30.01408
2487290156.25,-30.0164
2487290312.5,-30.01589
2487290468.75,-30.01916
2487290625.0,-30.01656
2487290781.25,-30.01717
2487290937.5,-30.01571
2487291093.75,-30.01151
2487291250.0,-30.01438
2487291406.25,-30.01581
2487291562.5,-30.01853
2487291718.75,-30.01394
2487291875.0,-30.01257
2487292031.25,-30.01219
2487292187.5,-30.01177
2487292343.75,-30.00815
2487292500.0,-30.01278
2487292656.25,-30.01248
2487292812.5,-30.00427
2487292968.75,-30.0078
2487293125.0,-29.9998
2487293281.25,-30.00814
2487293437.5,-30.00662
2487293593.75,-30.00453
2487293750.0,-30.0068
2487293906.25,-30.00563
2487294062.5,-30.00774
2487294218.75,-29.99998
2487294375.0,-30.00155
2487294531.25,-29.99729
2487294687.5,-30.00411
2487294843.75,-30.00146
2487295000.0,-30.00123
2487295156.25,-30.00004
2487295312.5,-29.9954
2487295468.75,-30.00057
2487295625.0,-30.00065
2487295781.25,-29.99861
2487295937.5,-29.99243
2487296093.75,-29.99971
2487296250.0,-29.99986
2487296406.25,-29.99966
2487296562.5,-29.9971
2487296718.75,-29.9936
2487296875.0,-29.99326
2487297031.25,-29.99741
2487297187.5,-29.99632
2487297343.75,-29.99625
2487297500.0,-29.98979
2487297656.25,-29.98979
2487297812.5,-29.99155
2487297968.75,-29.98877
2487298125.0,-29.98957
2487298281.25,-29.98926
2487298437.5,-29.9854
2487298593.75,-29.99075
2487298750.0,-29.98561
2487298906.25,-29.98602
2487299062.5,-29.98268
2487299218.75,-29.9892
2487299375.0,-29.98763
2487299531.25,-29.98365
2487299687.5,-29.98869
2487299843.75,-29.98288
2487300000.0,-29.98501
2487300156.25,-29.98393
2487300312.5,-29.97931
2487300468.75,-29.98359
2487300625.0,-29.98225
2487300781.25,-29.98244
2487300937.5,-29.98571
2487301093.75,-29.9841
2487301250.0,-29.98215
2487301406.25,-29.97984
2487301562.5,-29.98213
2487301718.75,-29.97728
2487301875.0,-29.97666
2487302031.25,-29.97844
2487302187.5,-29.97561
2487302343.75,-29.97739
2487302500.0,-29.97649
2487302656.25,-29.97492
2487302812.5,-29.97556
2487302968.75,-29.97742
2487303125.0,-29.97111
2487303281.25,-29.97362
2487303437.5,-29.97209
2487303593.75,-29.97097
2487303750.0,-29.96881
2487303906.25,-29.97099
2487304062.5,-29.97162
2487304218.75,-29.96787
2487304375.0,-29.97107
2487304531.25,-29.96915
2487304687.5,-29.96994
2487304843.75,-29.96799
2487305000.0,-29.96716
2487305156.25,-29.96627
2487305312.5,-29.96491
2487305468.75,-29.97125
2487305625.0,-29.96351
2487305781.25,-29.96474
2487305937.5,-29.9616
2487306093.75,-29.96604
2487306250.0,-29.96297
2487306406.25,-29.96619
2487306562.5,-29.96103
2487306718.75,-29.96253
2487306875.0,-29.95613
2487307031.25,-29.96283
2487307187.5,-29.9604
2487307343.75,-29.95627
2487307500.0,-29.95343
2487307656.25,-29.96111
2487307812.5,-29.95139
2487307968.75,-29.9581
2487308125.0,-29.95336
2487308281.25,-29.95436
2487308437.5,-29.95708
2487308593.75,-29.95629
2487308750.0,-29.95431
2487308906.25,-29.94997
2487309062.5,-29.95408
2487309218.75,-29.94872
2487309375.0,-29.95127
2487309531.25,-29.94701
2487309687.5,-29.95009
2487309843.75,-29.95111
2487310000.0,-29.94752
2487310156.25,-29.95294
2487310312.5,-29.94911
2487310468.75,-29.94553
2487310625.0,-29.94965
2487310781.25,-29.95027
2487310937.5,-29.95123
2487311093.75,-29.94535
2487311250.0,-29.94676
2487311406.25,-29.94788
2487311562.5,-29.94705
2487311718.75,-29.94505
2487311875.0,-29.94153
2487312031.25,-29.9377
2487312187.5,-29.94053
2487312343.75,-29.94481
2487312500.0,-29.94243
2487312656.25,-29.93744
2487312812.5,-29.94022
2487312968.75,-29.94
2487313125.0,-29.9389
2487313281.25,-29.94236
2487313437.5,-29.94305
2487313593.75,-29.93867
2487313750.0,-29.94343
2487313906.25,-29.93496
2487314062.5,-29.94192
2487314218.75,-29.93709
2487314375.0,-29.93454
2487314531.25,-29.93097
2487314687.5,-29.93954
2487314843.75,-29.93764
2487315000.0,-29.93187
2487315156.25,-29.93059
2487315312.5,-29.93335
2487315468.75,-29.92691
2487315625.0,-29.92715
2487315781.25,-29.92517
2487315937.5,-29.93063
2487316093.75,-29.93238
2487316250.0,-29.92314
2487316406.25,-29.92665
2487316562.5,-29.93047
2487316718.75,-29.92392
2487316875.0,-29.92368
2487317031.25,-29.92469
2487317187.5,-29.92306
2487317343.75,-29.91788
2487317500.0,-29.9234
2487317656.25,-29.92029
2487317812.5,-29.92587
2487317968.75,-29.92355
2487318125.0,-29.92292
2487318281.25,-29.92153
2487318437.5,-29.91513
2487318593.75,-29.91904
2487318750.0,-29.91681
2487318906.25,-29.91702
2487319062.5,-29.91669
2487319218.75,-29.92088
2487319375.0,-29.9208
2487319531.25,-29.91097
2487319687.5,-29.91576
2487319843.75,-29.91837
2487320000.0,-29.91328
2487320156.25,-29.91674
2487320312.5,-29.90783
2487320468.75,-29.91488
2487320625.0,-29.91128
2487320781.25,-29.91127
2487320937.5,-29.90985
2487321093.75,-29.91146
2487321250.0,-29.91115
2487321406.25,-29.91226
2487321562.5,-29.91257
2487321718.75,-29.90682
2487321875.0,-29.91253
2487322031.25,-29.90975
2487322187.5,-29.90966
2487322343.75,-29.9042
2487322500.0,-29.90887
2487322656.25,-29.90586
2487322812.5,-29.90182
2487322968.75,-29.90743
2487323125.0,-29.9052
2487323281.25,-29.89645
2487323437.5,-29.9026
2487323593.75,-29.90239
2487323750.0,-29.89816
2487323906.25,-29.9
2487324062.5,-29.90002
2487324218.75,-29.89792
2487324375.0,-29.90042
2487324531.25,-29.89677
2487324687.5,-29.90084
2487324843.75,-29.90087
2487325000.0,-29.89837
2487325156.25,-29.89993
2487325312.5,-29.89413
2487325468.75,-29.89908
2487325625.0,-29.90166
2487325781.25,-29.8948
2487325937.5,-29.89767
2487326093.75,-29.89347
2487326250.0,-29.89623
2487326406.25,-29.8962
2487326562.5,-29.88903
2487326718.75,-29.8898
2487326875.0,-29.8938
2487327031.25,-29.89266
2487327187.5,-29.88947
2487327343.75,-29.89153
2487327500.0,-29.88729
2487327656.25,-29.88827
2487327812.5,-29.89167
2487327968.75,-29.88853
2487328125.0,-29.88943
2487328281.25,-29.88226
2487328437.5,-29.88363
2487328593.75,-29.88211
2487328750.0,-29.88545
2487328906.25,-29.88096
2487329062.5,-29.88426
2487329218.75,-29.88216
2487329375.0,-29.87878
2487329531.25,-29.88254
2487329687.5,-29.88115
2487329843.75,-29.87763
2487330000.0,-29.8819
2487330156.25,-29.87923
2487330312.5,-29.87646
2487330468.75,-29.88487
2487330625.0,-29.87538
2487330781.25,-29.87657
2487330937.5,-29.87716
2487331093.75,-29.87794
2487331250.0,-29.87625
2487331406.25,-29.87262
2487331562.5,-29.87377
2487331718.75,-29.87872
2487331875.0,-29.87118
2487332031.25,-29.86894
2487332187.5,-29.87326
2487332343.75,-29.87259
2487332500.0,-29.8682
2487332656.25,-29.87419
2487332812.5,-29.87017
2487332968.75,-29.86849
2487333125.0,-29.86392
2487333281.25,-29.87127
2487333437.5,-29.86627
2487333593.75,-29.86947
2487333750.0,-29.86356
2487333906.25,-29.86175
2487334062.5,-29.86463
2487334218.75,-29.86375
2487334375.0,-29.86554
2487334531.25,-29.86989
2487334687.5,-29.86707
2487334843.75,-29.8688
2487335000.0,-29.85916
2487335156.25,-29.86354
2487335312.5,-29.85739
2487335468.75,-29.86385
2487335625.0,-29.85804
2487335781.25,-29.85868
2487335937.5,-29.85477
2487336093.75,-29.85756
2487336250.0,-29.85788
2487336406.25,-29.85718
2487336562.5,-29.85749
2487336718.75,-29.85435
2487336875.0,-29.85439
2487337031.25,-29.85664
2487337187.5,-29.8583
2487337343.75,-29.85524
2487337500.0,-29.85764
2487337656.25,-29.85232
2487337812.5,-29.85321
2487337968.75,-29.84875
2487338125.0,-29.85167
2487338281.25,-29.84571
2487338437.5,-29.85253
2487338593.75,-29.85355
2487338750.0,-29.84924
2487338906.25,-29.84961
2487339062.5,-29.84681
2487339218.75,-29.84467
2487339375.0,-29.84715
2487339531.25,-29.84555
2487339687.5,-29.84831
2487339843.75,-29.84519
2487340000.0,-29.84706
2487340156.25,-29.84575
2487340312.5,-29.84214
2487340468.75,-29.84508
2487340625.0,-29.84477
2487340781.25,-29.83758
2487340937.5,-29.84051
2487341093.75,-29.83995
2487341250.0,-29.8381
2487341406.25,-29.83975
2487341562.5,-29.83897
2487341718.75,-29.83624
2487341875.0,-29.83815
2487342031.25,-29.83287
2487342187.5,-29.83365
2487342343.75,-29.83734
2487342500.0,-29.83095
2487342656.25,-29.83848
2487342812.5,-29.83225
2487342968.75,-29.83371
2487343125.0,-29.83197
2487343281.25,-29.83485
2487343437.5,-29.83313
2487343593.75,-29.82765
2487343750.0,-29.83151
2487343906.25,-29.8348
2487344062.5,-29.82668
2487344218.75,-29.82976
2487344375.0,-29.82402
2487344531.25,-29.82807
2487344687.5,-29.8281
2487344843.75,-29.82684
2487345000.0,-29.82769
2487345156.25,-29.82738
2487345312.5,-29.82925
2487345468.75,-29.82774
2487345625.0,-29.82113
2487345781.25,-29.82234
2487345937.5,-29.82295
2487346093.75,-29.82085
2487346250.0,-29.82556
2487346406.25,-29.82423
2487346562.5,-29.81718
2487346718.75,-29.81627
2487346875.0,-29.81735
2487347031.25,-29.82083
2487347187.5,-29.81827
2487347343.75,-29.8165
2487347500.0,-29.81474
2487347656.25,-29.81723
2487347812.5,-29.81382
2487347968.75,-29.81253
2487348125.0,-29.81944
2487348281.25,-29.81504
2487348437.5,-29.81775
2487348593.75,-29.81555
2487348750.0,-29.81189
2487348906.25,-29.81576
2487349062.5,-29.81457
2487349218.75,-29.80947
2487349375.0,-29.81762
2487349531.25,-29.81484
2487349687.5,-29.8097
2487349843.75,-29.80896
2487350000.0,-29.80375
2487350156.25,-29.80478
2487350312.5,-29.80966
2487350468.75,-29.80432
2487350625.0,-29.80736
2487350781.25,-29.80228
2487350937.5,-29.80741
2487351093.75,-29.80216
2487351250.0,-29.80945
2487351406.25,-29.80404
2487351562.5,-29.80364
2487351718.75,-29.79935
2487351875.0,-29.80043
2487352031.25,-29.80253
2487352187.5,-29.80309
2487352343.75,-29.80637
2487352500.0,-29.7992
2487352656.25,-29.80212
2487352812.5,-29.79257
2487352968.75,-29.79752
2487353125.0,-29.80163
2487353281.25,-29.79225
2487353437.5,-29.79809
2487353593.75,-29.79243
2487353750.0,-29.79202
2487353906.25,-29.79487
2487354062.5,-29.80017
2487354218.75,-29.79383
2487354375.0,-29.79847
2487354531.25,-29.79632
2487354687.5,-29.78924
2487354843.75,-29.7899
2487355000.0,-29.79108
2487355156.25,-29.79353
2487355312.5,-29.78677
2487355468.75,-29.79135
2487355625.0,-29.79202
2487355781.25,-29.78794
2487355937.5,-29.78604
2487356093.75,-29.79054
2487356250.0,-29.78695
2487356406.25,-29.78794
2487356562.5,-29.78039
2487356718.75,-29.78484
2487356875.0,-29.78222
2487357031.25,-29.78564
2487357187.5,-29.77951
2487357343.75,-29.78341
2487357500.0,-29.78042
2487357656.25,-29.78494
2487357812.5,-29.78498
2487357968.75,-29.78975
2487358125.0,-29.7797
2487358281.25,-29.78426
2487358437.5,-29.77903
2487358593.75,-29.77842
2487358750.0,-29.77881
2487358906.25,-29.77945
2487359062.5,-29.77618
2487359218.75,-29.77437
2487359375.0,-29.77797
2487359531.25,-29.77736
2487359687.5,-29.77293
2487359843.75,-29.77449
2487360000.0,-29.77372
2487360156.25,-29.77449
2487360312.5,-29.77697
2487360468.75,-29.77152
2487360625.0,-29.77365
2487360781.25,-29.77156
2487360937.5,-29.76928
2487361093.75,-29.77052
2487361250.0,-29.76769
2487361406.25,-29.7667
2487361562.5,-29.76653
2487361718.75,-29.76773
2487361875.0,-29.76698
2487362031.25,-29.76459
2487362187.5,-29.7588
2487362343.75,-29.76702
2487362500.0,-29.76606
2487362656.25,-29.76583
2487362812.5,-29.7616
2487362968.75,-29.76694
2487363125.0,-29.7639
2487363281.25,-29.76603
2487363437.5,-29.76271
2487363593.75,-29.76114
2487363750.0,-29.7645
2487363906.25,-29.76041
2487364062.5,-29.75672
2487364218.75,-29.7613
2487364375.0,-29.76131
2487364531.25,-29.75412
2487364687.5,-29.76218
2487364843.75,-29.75839
2487365000.0,-29.75523
2487365156.25,-29.75227
2487365312.5,-29.75816
2487365468.75,-29.75417
2487365625.0,-29.75387
2487365781.25,-29.75303
2487365937.5,-29.75067
2487366093.75,-29.74812
2487366250.0,-29.75085
2487366406.25,-29.74917
2487366562.5,-29.74832
2487366718.75,-29.75127
2487366875.0,-29.75284
2487367031.25,-29.74762
2487367187.5,-29.75426
2487367343.75,-29.75003
2487367500.0,-29.74354
2487367656.25,-29.7437
2487367812.5,-29.75039
2487367968.75,-29.74616
2487368125.0,-29.74485
2487368281.25,-29.74677
2487368437.5,-29.74528
2487368593.75,-29.74337
2487368750.0,-29.74064
2487368906.25,-29.74531
2487369062.5,-29.74019
2487369218.75,-29.74252
2487369375.0,-29.73895
2487369531.25,-29.73927
2487369687.5,-29.73682
2487369843.75,-29.74006
2487370000.0,-29.7411
2487370156.25,-29.73782
2487370312.5,-29.73177
2487370468.75,-29.73765
2487370625.0,-29.7332
2487370781.25,-29.73759
2487370937.5,-29.73314
2487371093.75,-29.73367
2487371250.0,-29.73658
2487371406.25,-29.73616
2487371562.5,-29.73406
2487371718.75,-29.73182
2487371875.0,-29.72663
2487372031.25,-29.73462
2487372187.5,-29.73261
2487372343.75,-29.73051
2487372500.0,-29.73176
2487372656.25,-29.72684
2487372812.5,-29.72768
2487372968.75,-29.72949
2487373125.0,-29.72788
2487373281.25,-29.73062
2487373437.5,-29.72778
2487373593.75,-29.72721
2487373750.0,-29.71867
2487373906.25,-29.72145
2487374062.5,-29.72439
2487374218.75,-29.72038
2487374375.0,-29.72102
2487374531.25,-29.72594
2487374687.5,-29.72134
2487374843.75,-29.72343
2487375000.0,-29.72171
2487375156.25,-29.72278
2487375312.5,-29.71638
2487375468.75,-29.71213
2487375625.0,-29.72275
2487375781.25,-29.72039
2487375937.5,-29.71327
2487376093.75,-29.71163
2487376250.0,-29.72308
2487376406.25,-29.71947
2487376562.5,-29.71225
2487376718.75,-29.71349
2487376875.0,-29.71118
2487377031.25,-29.71479
2487377187.5,-29.72039
2487377343.75,-29.71156
2487377500.0,-29.71025
2487377656.25,-29.70969
2487377812.5,-29.71007
2487377968.75,-29.70666
2487378125.0,-29.71446
2487378281.25,-29.71235
2487378437.5,-29.70986
2487378593.75,-29.70556
2487378750.0,-29.71175
2487378906.25,-29.70423
2487379062.5,-29.70712
2487379218.75,-29.70505
2487379375.0,-29.70355
2487379531.25,-29.70733
2487379687.5,-29.70128
2487379843.75,-29.70239
2487380000.0,-29.70281
2487380156.25,-29.70506
2487380312.5,-29.70069
2487380468.75,-29.69451
2487380625.0,-29.69747
2487380781.25,-29.70081
2487380937.5,-29.69659
2487381093.75,-29.70009
2487381250.0,-29.69494
2487381406.25,-29.70067
2487381562.5,-29.69526
2487381718.75,-29.6921
2487381875.0,-29.69291
2487382031.25,-29.69194
2487382187.5,-29.69409
2487382343.75,-29.69395
2487382500.0,-29.69421
2487382656.25,-29.69669
2487382812.5,-29.69166
2487382968.75,-29.69268
2487383125.0,-29.69203
2487383281.25,-29.69104
2487383437.5,-29.68855
2487383593.75,-29.68662
2487383750.0,-29.69077
2487383906.25,-29.69075
2487384062.5,-29.68629
2487384218.75,-29.68354
2487384375.0,-29.6842
2487384531.25,-29.68828
2487384687.5,-29.68851
2487384843.75,-29.68738
2487385000.0,-29.68806
2487385156.25,-29.68631
2487385312.5,-29.68262
2487385468.75,-29.68408
2487385625.0,-29.68567
2487385781.25,-29.68286
2487385937.5,-29.68191
2487386093.75,-29.68239
2487386250.0,-29.67844
2487386406.25,-29.67961
2487386562.5,-29.68356
2487386718.75,-29.67505
2487386875.0,-29.6782
2487387031.25,-29.67697
2487387187.5,-29.67705
2487387343.75,-29.67236
2487387500.0,-29.6736
2487387656.25,-29.67082
2487387812.5,-29.6819
2487387968.75,-29.6738
2487388125.0,-29.67569
2487388281.25,-29.67215
2487388437.5,-29.66858
2487388593.75,-29.67017
2487388750.0,-29.66507
2487388906.25,-29.66841
2487389062.5,-29.67147
2487389218.75,-29.66703
2487389375.0,-29.66625
2487389531.25,-29.66649
2487389687.5,-29.66438
2487389843.75,-29.66662
2487390000.0,-29.66376
2487390156.25,-29.66738
2487390312.5,-29.66525
2487390468.75,-29.66438
2487390625.0,-29.66607
2487390781.25,-29.66029
2487390937.5,-29.66553
2487391093.75,-29.66473
2487391250.0,-29.66555
2487391406.25,-29.65976
2487391562.5,-29.66603
2487391718.75,-29.66166
2487391875.0,-29.66228
2487392031.25,-29.66005
2487392187.5,-29.66003
2487392343.75,-29.65882
2487392500.0,-29.65621
2487392656.25,-29.6575
2487392812.5,-29.65466
2487392968.75,-29.65667
2487393125.0,-29.65327
2487393281.25,-29.65293
2487393437.5,-29.65755
2487393593.75,-29.65212
2487393750.0,-29.65044
2487393906.25,-29.65512
2487394062.5,-29.64591
2487394218.75,-29.6467
2487394375.0,-29.64917
2487394531.25,-29.64809
2487394687.5,-29.65112
2487394843.75,-29.65081
2487395000.0,-29.6496
2487395156.25,-29.64744
2487395312.5,-29.64462
2487395468.75,-29.65217
2487395625.0,-29.6483
2487395781.25,-29.64794
2487395937.5,-29.64057
2487396093.75,-29.64136
2487396250.0,-29.6472
2487396406.25,-29.63655
2487396562.5,-29.64303
2487396718.75,-29.6386
2487396875.0,-29.64115
2487397031.25,-29.64195
2487397187.5,-29.63901
2487397343.75,-29.63828
2487397500.0,-29.6397
2487397656.25,-29.6412
2487397812.5,-29.6363
2487397968.75,-29.63821
2487398125.0,-29.63916
2487398281.25,-29.63611
2487398437.5,-29.63591
2487398593.75,-29.63043
2487398750.0,-29.63271
2487398906.25,-29.6381
2487399062.5,-29.63344
2487399218.75,-29.63258
2487399375.0,-29.63201
2487399531.25,-29.63252
2487399687.5,-29.63325
2487399843.75,-29.6334
2487400000.0,-29.62823
2487400156.25,-29.62765
2487400312.5,-29.62769
2487400468.75,-29.6263
2487400625.0,-29.62875
2487400781.25,-29.61871
2487400937.5,-29.62683
2487401093.75,-29.6288
2487401250.0,-29.62956
2487401406.25,-29.62862
2487401562.5,-29.62579
2487401718.75,-29.62213
2487401875.0,-29.61995
2487402031.25,-29.62848
2487402187.5,-29.61316
2487402343.75,-29.61653
2487402500.0,-29.62082
2487402656.25,-29.62179
2487402812.5,-29.61999
2487402968.75,-29.62285
2487403125.0,-29.61883
2487403281.25,-29.62259
2487403437.5,-29.61945
2487403593.75,-29.61855
2487403750.0,-29.61455
2487403906.25,-29.61002
2487404062.5,-29.61506
2487404218.75,-29.61226
2487404375.0,-29.61403
2487404531.25,-29.61402
2487404687.5,-29.61322
2487404843.75,-29.61288
2487405000.0,-29.61114
2487405156.25,-29.60999
2487405312.5,-29.60816
2487405468.75,-29.61142
2487405625.0,-29.60881
2487405781.25,-29.60765
2487405937.5,-29.60995
2487406093.75,-29.60106
2487406250.0,-29.60945
2487406406.25,-29.6094
2487406562.5,-29.60477
2487406718.75,-29.60785
2487406875.0,-29.60878
2487407031.25,-29.60306
2487407187.5,-29.60608
2487407343.75,-29.60961
2487407500.0,-29.6092
2487407656.25,-29.60325
2487407812.5,-29.60099
2487407968.75,-29.59989
2487408125.0,-29.60102
2487408281.25,-29.59746
2487408437.5,-29.59763
2487408593.75,-29.59307
2487408750.0,-29.59955
2487408906.25,-29.59722
2487409062.5,-29.59384
2487409218.75,-29.60075
2487409375.0,-29.60136
2487409531.25,-29.59147
2487409687.5,-29.59114
2487409843.75,-29.59367
2487410000.0,-29.59714
2487410156.25,-29.59844
2487410312.5,-29.59579
2487410468.75,-29.59301
2487410625.0,-29.59392
2487410781.25,-29.58897
2487410937.5,-29.59162
2487411093.75,-29.58963
2487411250.0,-29.58585
2487411406.25,-29.59001
2487411562.5,-29.58887
2487411718.75,-29.58551
2487411875.0,-29.58434
2487412031.25,-29.59106
2487412187.5,-29.58533
2487412343.75,-29.58503
2487412500.0,-29.58067
2487412656.25,-29.59225
2487412812.5,-29.58185
2487412968.75,-29.58889
2487413125.0,-29.58321
2487413281.25,-29.57951
2487413437.5,-29.58137
2487413593.75,-29.58443
2487413750.0,-29.57841
2487413906.25,-29.57637
2487414062.5,-29.5781
2487414218.75,-29.5726
2487414375.0,-29.57876
2487414531.25,-29.5754
2487414687.5,-29.57798
2487414843.75,-29.5775
2487415000.0,-29.57474
2487415156.25,-29.57634
2487415312.5,-29.57361
2487415468.75,-29.57583
2487415625.0,-29.57377
2487415781.25,-29.57097
2487415937.5,-29.57206
2487416093.75,-29.57153
2487416250.0,-29.56927
2487416406.25,-29.56849
2487416562.5,-29.56822
2487416718.75,-29.56359
2487416875.0,-29.56904
2487417031.25,-29.57156
2487417187.5,-29.56906
2487417343.75,-29.56924
2487417500.0,-29.56882
2487417656.25,-29.56342
2487417812.5,-29.57108
2487417968.75,-29.56362
2487418125.0,-29.56651
2487418281.25,-29.56077
2487418437.5,-29.56358
2487418593.75,-29.56522
2487418750.0,-29.55942
2487418906.25,-29.55908
2487419062.5,-29.55886
2487419218.75,-29.55954
2487419375.0,-29.56395
2487419531.25,-29.55717
2487419687.5,-29.56197
2487419843.75,-29.55641
2487420000.0,-29.55402
2487420156.25,-29.56063
2487420312.5,-29.55673
2487420468.75,-29.55653
2487420625.0,-29.55252
2487420781.25,-29.55198
2487420937.5,-29.55836
2487421093.75,-29.55322
2487421250.0,-29.54977
2487421406.25,-29.54834
2487421562.5,-29.55464
2487421718.75,-29.55354
2487421875.0,-29.55224
2487422031.25,-29.54346
2487422187.5,-29.54515
2487422343.75,-29.54607
2487422500.0,-29.54544
2487422656.25,-29.55146
2487422812.5,-29.54455
2487422968.75,-29.54586
2487423125.0,-29.5475
2487423281.25,-29.539
2487423437.5,-29.54351
2487423593.75,-29.54472
2487423750.0,-29.54955
2487423906.25,-29.54465
2487424062.5,-29.54442
2487424218.75,-29.53525
2487424375.0,-29.54285
2487424531.25,-29.54091
2487424687.5,-29.53998
2487424843.75,-29.54182
2487425000.0,-29.53855
2487425156.25,-29.53967
2487425312.5,-29.53818
2487425468.75,-29.54179
2487425625.0,-29.53444
2487425781.25,-29.53951
2487425937.5,-29.53777
2487426093.75,-29.53356
2487426250.0,-29.54156
2487426406.25,-29.53312
2487426562.5,-29.53661
2487426718.75,-29.5322
2487426875.0,-29.53171
2487427031.25,-29.53003
2487427187.5,-29.53149
2487427343.75,-29.53312
2487427500.0,-29.52801
2487427656.25,-29.52835
2487427812.5,-29.53365
2487427968.75,-29.52944
2487428125.0,-29.52621
2487428281.25,-29.52534
2487428437.5,-29.5316
2487428593.75,-29.5276
2487428750.0,-29.52525
2487428906.25,-29.53018
2487429062.5,-29.52169
2487429218.75,-29.52196
2487429375.0,-29.52093
2487429531.25,-29.52138
2487429687.5,-29.51984
2487429843.75,-29.51937
2487430000.0,-29.51681
2487430156.25,-29.52057
2487430312.5,-29.52201
2487430468.75,-29.51633
2487430625.0,-29.51563
2487430781.25,-29.51356
2487430937.5,-29.51343
2487431093.75,-29.51445
2487431250.0,-29.51419
2487431406.25,-29.51975
2487431562.5,-29.52099
2487431718.75,-29.51461
2487431875.0,-29.51369
2487432031.25,-29.51118
2487432187.5,-29.51012
2487432343.75,-29.51021
2487432500.0,-29.50928
2487432656.25,-29.51116
2487432812.5,-29.51385
2487432968.75,-29.50673
2487433125.0,-29.50674
2487433281.25,-29.51032
2487433437.5,-29.50922
2487433593.75,-29.51231
2487433750.0,-29.51317
2487433906.25,-29.50662
2487434062.5,-29.50802
2487434218.75,-29.50731
2487434375.0,-29.50349
2487434531.25,-29.51007
2487434687.5,-29.50756
2487434843.75,-29.49793
2487435000.0,-29.50519
2487435156.25,-29.49879
2487435312.5,-29.49707
2487435468.75,-29.50093
2487435625.0,-29.49853
2487435781.25,-29.49423
2487435937.5,-29.49776
2487436093.75,-29.49831
2487436250.0,-29.50143
2487436406.25,-29.49687
2487436562.5,-29.50284
2487436718.75,-29.49355
2487436875.0,-29.4924
2487437031.25,-29.49204
2487437187.5,-29.49321
2487437343.75,-29.50036
2487437500.0,-29.49033
2487437656.25,-29.49337
2487437812.5,-29.48567
2487437968.75,-29.4886
2487438125.0,-29.48878
2487438281.25,-29.4905
2487438437.5,-29.49254
2487438593.75,-29.48526
2487438750.0,-29.48598
2487438906.25,-29.48501
2487439062.5,-29.4892
2487439218.75,-29.48694
2487439375.0,-29.48381
2487439531.25,-29.48288
2487439687.5,-29.48438
2487439843.75,-29.48634
2487440000.0,-29.48517
2487440156.25,-29.47811
2487440312.5,-29.48421
2487440468.75,-29.48488
2487440625.0,-29.48042
2487440781.25,-29.48364
2487440937.5,-29.47807
2487441093.75,-29.47597
2487441250.0,-29.47957
2487441406.25,-29.48072
2487441562.5,-29.48025
2487441718.75,-29.47981
2487441875.0,-29.47781
2487442031.25,-29.47732
2487442187.5,-29.47399
2487442343.75,-29.47475
2487442500.0,-29.47518
2487442656.25,-29.4723
2487442812.5,-29.46845
2487442968.75,-29.47536
2487443125.0,-29.48026
2487443281.25,-29.4743
2487443437.5,-29.47048
2487443593.75,-29.47353
2487443750.0,-29.47462
2487443906.25,-29.47266
2487444062.5,-29.46465
2487444218.75,-29.46564
2487444375.0,-29.46728
2487444531.25,-29.46492
2487444687.5,-29.46873
2487444843.75,-29.46526
2487445000.0,-29.46761
2487445156.25,-29.46613
2487445312.5,-29.46763
2487445468.75,-29.46508
2487445625.0,-29.46332
2487445781.25,-29.46243
2487445937.5,-29.46295
2487446093.75,-29.46419
2487446250.0,-29.45543
2487446406.25,-29.46541
2487446562.5,-29.46083
2487446718.75,-29.45585
2487446875.0,-29.46043
2487447031.25,-29.45812
2487447187.5,-29.45758
2487447343.75,-29.45906
2487447500.0,-29.45176
2487447656.25,-29.45458
2487447812.5,-29.45843
2487447968.75,-29.45453
2487448125.0,-29.45628
2487448281.25,-29.44956
2487448437.5,-29.45446
2487448593.75,-29.44984
2487448750.0,-29.45166
2487448906.25,-29.44764
2487449062.5,-29.44989
2487449218.75,-29.44842
2487449375.0,-29.44775
2487449531.25,-29.4457
2487449687.5,-29.44746
2487449843.75,-29.45275
2487450000.0,-29.44625
2487450156.25,-29.45244
2487450312.5,-29.44851
2487450468.75,-29.43815
2487450625.0,-29.44364
2487450781.25,-29.44756
2487450937.5,-29.44145
2487451093.75,-29.43983
2487451250.0,-29.4471
2487451406.25,-29.44375
2487451562.5,-29.44132
2487451718.75,-29.44258
2487451875.0,-29.44007
2487452031.25,-29.43985
2487452187.5,-29.43779
2487452343.75,-29.43514
2487452500.0,-29.43792
2487452656.25,-29.43671
2487452812.5,-29.43939
2487452968.75,-29.43733
2487453125.0,-29.43467
2487453281.25,-29.44053
2487453437.5,-29.43322
2487453593.75,-29.43125
2487453750.0,-29.43593
2487453906.25,-29.43214
2487454062.5,-29.43638
2487454218.75,-29.43203
2487454375.0,-29.43859
2487454531.25,-29.43125
2487454687.5,-29.43275
2487454843.75,-29.43344
2487455000.0,-29.43105
2487455156.25,-29.42864
2487455312.5,-29.42592
2487455468.75,-29.43045
2487455625.0,-29.4259
2487455781.25,-29.4281
2487455937.5,-29.42443
2487456093.75,-29.42669
2487456250.0,-29.42689
2487456406.25,-29.42261
2487456562.5,-29.42493
2487456718.75,-29.41856
2487456875.0,-29.41964
2487457031.25,-29.42485
2487457187.5,-29.42224
2487457343.75,-29.42128
2487457500.0,-29.41607
2487457656.25,-29.41746
2487457812.5,-29.41451
2487457968.75,-29.41615
2487458125.0,-29.41472
2487458281.25,-29.41632
2487458437.5,-29.41444
2487458593.75,-29.41581
2487458750.0,-29.42106
2487458906.25,-29.41495
2487459062.5,-29.41343
2487459218.75,-29.41272
2487459375.0,-29.41563
2487459531.25,-29.41459
2487459687.5,-29.41367
2487459843.75,-29.41055
2487460000.0,-29.40889
2487460156.25,-29.41004
2487460312.5,-29.41066
2487460468.75,-29.40586
2487460625.0,-29.4097
2487460781.25,-29.40545
2487460937.5,-29.40857
2487461093.75,-29.40584
2487461250.0,-29.4078
2487461406.25,-29.4081
2487461562.5,-29.40285
2487461718.75,-29.40808
2487461875.0,-29.40266
2487462031.25,-29.40092
2487462187.5,-29.40279
2487462343.75,-29.39517
2487462500.0,-29.39876
2487462656.25,-29.40397
2487462812.5,-29.40045
2487462968.75,-29.3989
2487463125.0,-29.40027
2487463281.25,-29.39611
2487463437.5,-29.39993
2487463593.75,-29.3972
2487463750.0,-29.39611
2487463906.25,-29.39929
2487464062.5,-29.39697
2487464218.75,-29.39546
2487464375.0,-29.39072
2487464531.25,-29.39624
2487464687.5,-29.39305
2487464843.75,-29.39763
2487465000.0,-29.39249
2487465156.25,-29.38995
2487465312.5,-29.38904
2487465468.75,-29.39205
2487465625.0,-29.38875
2487465781.25,-29.38905
2487465937.5,-29.38829
2487466093.75,-29.3845
2487466250.0,-29.3868
2487466406.25,-29.38628
2487466562.5,-29.38537
2487466718.75,-29.3832
2487466875.0,-29.38472
2487467031.25,-29.38547
2487467187.5,-29.39229
2487467343.75,-29.3865
2487467500.0,-29.38021
2487467656.25,-29.37843
2487467812.5,-29.38157
2487467968.75,-29.38036
2487468125.0,-29.38386
2487468281.25,-29.38036
2487468437.5,-29.37715
2487468593.75,-29.37797
2487468750.0,-29.37985
2487468906.25,-29.37757
2487469062.5,-29.37323
2487469218.75,-29.37805
2487469375.0,-29.37472
2487469531.25,-29.37378
2487469687.5,-29.37558
2487469843.75,-29.38067
2487470000.0,-29.37261
2487470156.25,-29.36855
2487470312.5,-29.37156
2487470468.75,-29.3729
2487470625.0,-29.37023
2487470781.25,-29.36674
2487470937.5,-29.37048
2487471093.75,-29.37227
2487471250.0,-29.36723
2487471406.25,-29.3686
2487471562.5,-29.368
2487471718.75,-29.36751
2487471875.0,-29.36538
2487472031.25,-29.3639
2487472187.5,-29.35754
2487472343.75,-29.36667
2487472500.0,-29.36726
2487472656.25,-29.36904
2487472812.5,-29.36596
2487472968.75,-29.36137
2487473125.0,-29.35988
2487473281.25,-29.35998
2487473437.5,-29.36408
2487473593.75,-29.35773
2487473750.0,-29.35858
2487473906.25,-29.36243
2487474062.5,-29.36078
2487474218.75,-29.35569
2487474375.0,-29.35746
2487474531.25,-29.35511
2487474687.5,-29.35633
2487474843.75,-29.35253
2487475000.0,-29.34769
2487475156.25,-29.35504
2487475312.5,-29.3542
2487475468.75,-29.35491
2487475625.0,-29.34895
2487475781.25,-29.3518
2487475937.5,-29.34748
2487476093.75,-29.35159
2487476250.0,-29.35286
2487476406.25,-29.35021
2487476562.5,-29.35409
2487476718.75,-29.35202
2487476875.0,-29.34575
2487477031.25,-29.3491
2487477187.5,-29.3446
2487477343.75,-29.34567
2487477500.0,-29.34827
2487477656.25,-29.34751
2487477812.5,-29.34993
2487477968.75,-29.34525
2487478125.0,-29.34469
2487478281.25,-29.34175
2487478437.5,-29.34305
2487478593.75,-29.34565
2487478750.0,-29.34077
2487478906.25,-29.34303
2487479062.5,-29.33918
2487479218.75,-29.34171
2487479375.0,-29.33455
2487479531.25,-29.33808
2487479687.5,-29.33535
2487479843.75,-29.33429
2487480000.0,-29.3383
2487480156.25,-29.33167
2487480312.5,-29.33619
2487480468.75,-29.3298
2487480625.0,-29.33841
2487480781.25,-29.33042
2487480937.5,-29.33748
2487481093.75,-29.33455
2487481250.0,-29.32887
2487481406.25,-29.3309
2487481562.5,-29.33067
2487481718.75,-29.33001
2487481875.0,-29.32961
2487482031.25,-29.3251
2487482187.5,-29.32374
2487482343.75,-29.33021
2487482500.0,-29.32552
2487482656.25,-29.3243
2487482812.5,-29.32204
2487482968.75,-29.32255
2487483125.0,-29.32677
2487483281.25,-29.32554
2487483437.5,-29.32313
2487483593.75,-29.32402
2487483750.0,-29.32594
2487483906.25,-29.32144
2487484062.5,-29.32513
2487484218.75,-29.32015
2487484375.0,-29.31592
2487484531.25,-29.31742
2487484687.5,-29.31767
2487484843.75,-29.31588
2487485000.0,-29.31701
2487485156.25,-29.31269
2487485312.5,-29.32022
2487485468.75,-29.31224
2487485625.0,-29.31807
2487485781.25,-29.31783
2487485937.5,-29.31462
2487486093.75,-29.30964
2487486250.0,-29.31155
2487486406.25,-29.30489
2487486562.5,-29.31002
2487486718.75,-29.30605
2487486875.0,-29.31402
2487487031.25,-29.30956
2487487187.5,-29.31129
2487487343.75,-29.30622
2487487500.0,-29.30615
2487487656.25,-29.30517
2487487812.5,-29.30521
2487487968.75,-29.30742
2487488125.0,-29.31176
2487488281.25,-29.30285
2487488437.5,-29.30322
2487488593.75,-29.30221
2487488750.0,-29.30217
2487488906.25,-29.30053
2487489062.5,-29.3004
2487489218.75,-29.30066
2487489375.0,-29.29867
2487489531.25,-29.30181
2487489687.5,-29.29955
2487489843.75,-29.2992
2487490000.0,-29.30051
2487490156.25,-29.29943
2487490312.5,-29.29434
2487490468.75,-29.29811
2487490625.0,-29.2926
2487490781.25,-29.29473
2487490937.5,-29.2937
2487491093.75,-29.29077
2487491250.0,-29.29395
2487491406.25,-29.28868
2487491562.5,-29.28964
2487491718.75,-29.29171
2487491875.0,-29.28966
2487492031.25,-29.2914
2487492187.5,-29.29252
2487492343.75,-29.2953
2487492500.0,-29.29013
2487492656.25,-29.29049
2487492812.5,-29.28521
2487492968.75,-29.28508
2487493125.0,-29.28625
2487493281.25,-29.28762
2487493437.5,-29.2874
2487493593.75,-29.28647
2487493750.0,-29.28549
2487493906.25,-29.28415
2487494062.5,-29.27908
2487494218.75,-29.28556
2487494375.0,-29.28277
2487494531.25,-29.27659
2487494687.5,-29.27876
2487494843.75,-29.28468
2487495000.0,-29.2771
2487495156.25,-29.27797
2487495312.5,-29.28118
2487495468.75,-29.27299
2487495625.0,-29.27661
2487495781.25,-29.28051
2487495937.5,-29.27561
2487496093.75,-29.28031
2487496250.0,-29.27089
2487496406.25,-29.27913
2487496562.5,-29.27218
2487496718.75,-29.27013
2487496875.0,-29.2732
2487497031.25,-29.2677
2487497187.5,-29.27633
2487497343.75,-29.26794
2487497500.0,-29.26838
2487497656.25,-29.27318
2487497812.5,-29.27069
2487497968.75,-29.26804
2487498125.0,-29.27043
2487498281.25,-29.26644
2487498437.5,-29.26957
2487498593.75,-29.26363
2487498750.0,-29.26948
2487498906.25,-29.26397
2487499062.5,-29.26253
2487499218.75,-29.26127
2487499375.0,-29.2623
2487499531.25,-29.26091
2487499687.5,-29.26538
2487499843.75,-29.26385
2487500000.0,-29.26226
2487500156.25,-29.25611
2487500312.5,-29.26598
2487500468.75,-29.25609
2487500625.0,-29.26187
2487500781.25,-29.26076
2487500937.5,-29.25452
2487501093.75,-29.25585
2487501250.0,-29.26108
2487501406.25,-29.25405
2487501562.5,-29.2579
2487501718.75,-29.25591
2487501875.0,-29.25018
2487502031.25,-29.25038
2487502187.5,-29.25376
2487502343.75,-29.25033
2487502500.0,-29.25475
2487502656.25,-29.25152
2487502812.5,-29.251
2487502968.75,-29.25359
2487503125.0,-29.24841
2487503281.25,-29.24948
2487503437.5,-29.24652
2487503593.75,-29.24637
2487503750.0,-29.24726
2487503906.25,-29.23992
2487504062.5,-29.25039
2487504218.75,-29.24494
2487504375.0,-29.24368
2487504531.25,-29.24262
2487504687.5,-29.23952
2487504843.75,-29.24064
2487505000.0,-29.24418
2487505156.25,-29.24063
2487505312.5,-29.24208
2487505468.75,-29.23733
2487505625.0,-29.23884
2487505781.25,-29.2348
2487505937.5,-29.24012
2487506093.75,-29.23627
2487506250.0,-29.23316
2487506406.25,-29.23569
2487506562.5,-29.23192
2487506718.75,-29.23733
2487506875.0,-29.23443
2487507031.25,-29.235
2487507187.5,-29.23318
2487507343.75,-29.23413
2487507500.0,-29.23162
2487507656.25,-29.2301
2487507812.5,-29.23275
2487507968.75,-29.23412
2487508125.0,-29.22313
2487508281.25,-29.22917
2487508437.5,-29.22862
2487508593.75,-29.22811
2487508750.0,-29.2309
2487508906.25,-29.22635
2487509062.5,-29.22241
2487509218.75,-29.22673
2487509375.0,-29.22173
2487509531.25,-29.22721
2487509687.5,-29.22388
2487509843.75,-29.22299
2487510000.0,-29.22351
2487510156.25,-29.22381
2487510312.5,-29.22055
2487510468.75,-29.22451
2487510625.0,-29.22156
2487510781.25,-29.22098
2487510937.5,-29.21646
2487511093.75,-29.21891
2487511250.0,-29.21561
2487511406.25,-29.21862
2487511562.5,-29.21922
2487511718.75,-29.21757
2487511875.0,-29.21606
2487512031.25,-29.21628
2487512187.5,-29.21282
2487512343.75,-29.21408
2487512500.0,-29.21041
2487512656.25,-29.21577
2487512812.5,-29.20878
2487512968.75,-29.21458
2487513125.0,-29.21135
2487513281.25,-29.21097
2487513437.5,-29.2117
2487513593.75,-29.21056
2487513750.0,-29.20663
2487513906.25,-29.20775
2487514062.5,-29.20594
2487514218.75,-29.20951
2487514375.0,-29.21059
2487514531.25,-29.20467
2487514687.5,-29.20309
2487514843.75,-29.20207
2487515000.0,-29.20714
2487515156.25,-29.19998
2487515312.5,-29.19961
2487515468.75,-29.20002
2487515625.0,-29.20165
2487515781.25,-29.20248
2487515937.5,-29.20268
2487516093.75,-29.19845
2487516250.0,-29.2011
2487516406.25,-29.19817
2487516562.5,-29.20163
2487516718.75,-29.19575
2487516875.0,-29.19422
2487517031.25,-29.19926
2487517187.5,-29.19755
2487517343.75,-29.19843
2487517500.0,-29.19455
2487517656.25,-29.19567
2487517812.5,-29.19176
2487517968.75,-29.19668
2487518125.0,-29.19574
2487518281.25,-29.19393
2487518437.5,-29.19323
2487518593.75,-29.19294
2487518750.0,-29.19296
2487518906.25,-29.18842
2487519062.5,-29.18907
2487519218.75,-29.18857
2487519375.0,-29.18965
2487519531.25,-29.18346
2487519687.5,-29.1839
2487519843.75,-29.18441
2487520000.0,-29.18586
2487520156.25,-29.18497
2487520312.5,-29.18531
2487520468.75,-29.17846
2487520625.0,-29.18489
2487520781.25,-29.18106
2487520937.5,-29.18234
2487521093.75,-29.17927
2487521250.0,-29.17472
2487521406.25,-29.17998
2487521562.5,-29.1786
2487521718.75,-29.18398
2487521875.0,-29.17784
2487522031.25,-29.17401
2487522187.5,-29.18295
2487522343.75,-29.17842
2487522500.0,-29.1725
2487522656.25,-29.17536
2487522812.5,-29.17819
2487522968.75,-29.17351
2487523125.0,-29.17095
2487523281.25,-29.17108
2487523437.5,-29.17661
2487523593.75,-29.17121
2487523750.0,-29.17664
2487523906.25,-29.17317
2487524062.5,-29.16836
2487524218.75,-29.16607
2487524375.0,-29.16936
2487524531.25,-29.16659
2487524687.5,-29.16986
2487524843.75,-29.16746
2487525000.0,-29.16974
2487525156.25,-29.1649
2487525312.5,-29.1602
2487525468.75,-29.1623
2487525625.0,-29.1637
2487525781.25,-29.15887
2487525937.5,-29.16579
2487526093.75,-29.16121
2487526250.0,-29.16011
2487526406.25,-29.16294
2487526562.5,-29.1627
2487526718.75,-29.15916
2487526875.0,-29.16042
2487527031.25,-29.15956
2487527187.5,-29.16083
2487527343.75,-29.15409
2487527500.0,-29.15381
2487527656.25,-29.1564
2487527812.5,-29.15359
2487527968.75,-29.15077
2487528125.0,-29.15602
2487528281.25,-29.15352
2487528437.5,-29.14996
2487528593.75,-29.15619
2487528750.0,-29.15373
2487528906.25,-29.14902
2487529062.5,-29.14664
2487529218.75,-29.14698
2487529375.0,-29.15026
2487529531.25,-29.14982
2487529687.5,-29.14683
2487529843.75,-29.15011
2487530000.0,-29.14317
2487530156.25,-29.14361
2487530312.5,-29.14702
2487530468.75,-29.14231
2487530625.0,-29.14529
2487530781.25,-29.14039
2487530937.5,-29.14441
2487531093.75,-29.14395
2487531250.0,-29.14263
2487531406.25,-29.13994
2487531562.5,-29.14028
2487531718.75,-29.13995
2487531875.0,-29.14039
2487532031.25,-29.14337
2487532187.5,-29.13464
2487532343.75,-29.13627
2487532500.0,-29.14379
2487532656.25,-29.13785
2487532812.5,-29.1377
2487532968.75,-29.13799
2487533125.0,-29.13587
2487533281.25,-29.13314
2487533437.5,-29.13251
2487533593.75,-29.12965
2487533750.0,-29.1356
2487533906.25,-29.13244
2487534062.5,-29.13188
2487534218.75,-29.13762
2487534375.0,-29.13645
2487534531.25,-29.12827
2487534687.5,-29.13168
2487534843.75,-29.12849
2487535000.0,-29.1297
2487535156.25,-29.12765
2487535312.5,-29.13046
2487535468.75,-29.12213
2487535625.0,-29.12113
2487535781.25,-29.1263
2487535937.5,-29.12333
2487536093.75,-29.12686
2487536250.0,-29.13297
2487536406.25,-29.11936
2487536562.5,-29.12085
2487536718.75,-29.12423
2487536875.0,-29.12093
2487537031.25,-29.11968
2487537187.5,-29.11855
2487537343.75,-29.1193
2487537500.0,-29.12268
2487537656.25,-29.11777
2487537812.5,-29.12435
2487537968.75,-29.11519
2487538125.0,-29.11659
2487538281.25,-29.11796
2487538437.5,-29.11291
2487538593.75,-29.10975
2487538750.0,-29.11639
2487538906.25,-29.11591
2487539062.5,-29.11581
2487539218.75,-29.11079
2487539375.0,-29.11186
2487539531.25,-29.10767
2487539687.5,-29.11188
2487539843.75,-29.11133
2487540000.0,-29.10982
2487540156.25,-29.11119
2487540312.5,-29.11244
2487540468.75,-29.10705
2487540625.0,-29.11052
2487540781.25,-29.10641
2487540937.5,-29.10391
2487541093.75,-29.10542
2487541250.0,-29.10218
2487541406.25,-29.10524
2487541562.5,-29.10134
2487541718.75,-29.10549
2487541875.0,-29.10726
2487542031.25,-29.10416
2487542187.5,-29.09837
2487542343.75,-29.10096
2487542500.0,-29.1003
2487542656.25,-29.09988
2487542812.5,-29.09743
2487542968.75,-29.09683
2487543125.0,-29.09131
2487543281.25,-29.09782
2487543437.5,-29.09808
2487543593.75,-29.09162
2487543750.0,-29.0906
2487543906.25,-29.09598
2487544062.5,-29.09397
2487544218.75,-29.0953
2487544375.0,-29.09246
2487544531.25,-29.08821
2487544687.5,-29.08822
2487544843.75,-29.08835
2487545000.0,-29.0875
2487545156.25,-29.09055
2487545312.5,-29.09014
2487545468.75,-29.08644
2487545625.0,-29.08795
2487545781.25,-29.0895
2487545937.5,-29.09263
2487546093.75,-29.08185
2487546250.0,-29.08793
2487546406.25,-29.08341
2487546562.5,-29.08579
2487546718.75,-29.0819
2487546875.0,-29.07968
2487547031.25,-29.0832
2487547187.5,-29.08253
2487547343.75,-29.08844
2487547500.0,-29.0788
2487547656.25,-29.08171
2487547812.5,-29.0741
2487547968.75,-29.07857
2487548125.0,-29.07581
2487548281.25,-29.07379
2487548437.5,-29.07763
2487548593.75,-29.07669
2487548750.0,-29.0704
2487548906.25,-29.07369
2487549062.5,-29.0677
2487549218.75,-29.07577
2487549375.0,-29.07106
2487549531.25,-29.07467
2487549687.5,-29.07118
2487549843.75,-29.06971
2487550000.0,-29.06718
2487550156.25,-29.06764
2487550312.5,-29.0739
2487550468.75,-29.06581
2487550625.0,-29.06949
2487550781.25,-29.07439
2487550937.5,-29.06241
2487551093.75,-29.0678
2487551250.0,-29.0651
2487551406.25,-29.06817
2487551562.5,-29.0623
2487551718.75,-29.0664
2487551875.0,-29.06535
2487552031.25,-29.05697
2487552187.5,-29.06181
2487552343.75,-29.05788
2487552500.0,-29.06331
2487552656.25,-29.0614
2487552812.5,-29.0601
2487552968.75,-29.05314
2487553125.0,-29.05418
2487553281.25,-29.05703
2487553437.5,-29.05198
2487553593.75,-29.05567
2487553750.0,-29.05589
2487553906.25,-29.05483
2487554062.5,-29.05708
2487554218.75,-29.05551
2487554375.0,-29.05098
2487554531.25,-29.05317
2487554687.5,-29.0538
2487554843.75,-29.05257
2487555000.0,-29.05449
2487555156.25,-29.04893
2487555312.5,-29.04432
2487555468.75,-29.04867
2487555625.0,-29.04897
2487555781.25,-29.05163
2487555937.5,-29.04652
2487556093.75,-29.04473
2487556250.0,-29.04826
2487556406.25,-29.04753
2487556562.5,-29.04696
2487556718.75,-29.04888
2487556875.0,-29.04497
2487557031.25,-29.04028
2487557187.5,-29.04137
2487557343.75,-29.04527
2487557500.0,-29.04219
2487557656.25,-29.04236
2487557812.5,-29.04177
2487557968.75,-29.04373
2487558125.0,-29.03502
2487558281.25,-29.03947
2487558437.5,-29.03632
2487558593.75,-29.0346
2487558750.0,-29.03188
2487558906.25,-29.03706
2487559062.5,-29.03307
2487559218.75,-29.03457
2487559375.0,-29.03676
2487559531.25,-29.03318
2487559687.5,-29.03028
2487559843.75,-29.03025
2487560000.0,-29.03395
2487560156.25,-29.03205
2487560312.5,-29.03302
2487560468.75,-29.03292
2487560625.0,-29.03098
2487560781.25,-29.03137
2487560937.5,-29.0307
2487561093.75,-29.0251
2487561250.0,-29.02628
2487561406.25,-29.02889
2487561562.5,-29.0257
2487561718.75,-29.02802
2487561875.0,-29.02176
2487562031.25,-29.02353
2487562187.5,-29.02522
2487562343.75,-29.02702
2487562500.0,-29.02363
2487562656.25,-29.02325
2487562812.5,-29.01724
2487562968.75,-29.02264
2487563125.0,-29.02104
2487563281.25,-29.01619
2487563437.5,-29.01744
2487563593.75,-29.01627
2487563750.0,-29.01837
2487563906.25,-29.01644
2487564062.5,-29.01924
2487564218.75,-29.01517
2487564375.0,-29.01483
2487564531.25,-29.01259
2487564687.5,-29.01367
2487564843.75,-29.01404
2487565000.0,-29.01423
2487565156.25,-29.00835
2487565312.5,-29.01313
2487565468.75,-29.01057
2487565625.0,-29.00952
2487565781.25,-29.00742
2487565937.5,-29.01254
2487566093.75,-29.01386
2487566250.0,-29.00994
2487566406.25,-29.00497
2487566562.5,-29.00737
2487566718.75,-29.00401
2487566875.0,-29.0086
2487567031.25,-29.00485
2487567187.5,-29.00319
2487567343.75,-29.0084
2487567500.0,-28.99992
2487567656.25,-28.99966
2487567812.5,-29.00197
2487567968.75,-28.99867
2487568125.0,-29.00196
2487568281.25,-29.00354
2487568437.5,-29.0018
2487568593.75,-28.99529
2487568750.0,-28.99609
2487568906.25,-28.99373
2487569062.5,-28.99583
2487569218.75,-28.99841
2487569375.0,-29.00192
2487569531.25,-28.9919
2487569687.5,-28.99338
2487569843.75,-28.99502
2487570000.0,-28.99207
2487570156.25,-28.99437
2487570312.5,-28.99381
2487570468.75,-28.9921
2487570625.0,-28.99286
2487570781.25,-28.99182
2487570937.5,-28.98969
2487571093.75,-28.98992
2487571250.0,-28.992
2487571406.25,-28.98954
2487571562.5,-28.98893
2487571718.75,-28.98721
2487571875.0,-28.98836
2487572031.25,-28.97919
2487572187.5,-28.98224
2487572343.75,-28.99003
2487572500.0,-28.97659
2487572656.25,-28.98128
2487572812.5,-28.98162
2487572968.75,-28.98348
2487573125.0,-28.98435
2487573281.25,-28.9799
2487573437.5,-28.97755
2487573593.75,-28.97787
2487573750.0,-28.97785
2487573906.25,-28.97612
2487574062.5,-28.97678
2487574218.75,-28.97563
2487574375.0,-28.97432
2487574531.25,-28.97367
2487574687.5,-28.97154
2487574843.75,-28.97555
2487575000.0,-28.97063
2487575156.25,-28.97339
2487575312.5,-28.97387
2487575468.75,-28.97549
2487575625.0,-28.96929
2487575781.25,-28.96715
2487575937.5,-28.97496
2487576093.75,-28.96736
2487576250.0,-28.96535
2487576406.25,-28.97343
2487576562.5,-28.96976
2487576718.75,-28.96626
2487576875.0,-28.96786
2487577031.25,-28.96566
2487577187.5,-28.96672
2487577343.75,-28.96772
2487577500.0,-28.96605
2487577656.25,-28.96644
2487577812.5,-28.95777
2487577968.75,-28.96098
2487578125.0,-28.96565
2487578281.25,-28.95968
2487578437.5,-28.9658
2487578593.75,-28.96397
2487578750.0,-28.95925
2487578906.25,-28.95884
2487579062.5,-28.96011
2487579218.75,-28.96157
2487579375.0,-28.95483
2487579531.25,-28.95553
2487579687.5,-28.9518
2487579843.75,-28.95648
2487580000.0,-28.95239
2487580156.25,-28.95944
2487580312.5,-28.95285
2487580468.75,-28.95158
2487580625.0,-28.94788
2487580781.25,-28.94962
2487580937.5,-28.95187
2487581093.75,-28.95091
2487581250.0,-28.94648
2487581406.25,-28.9455
2487581562.5,-28.95126
2487581718.75,-28.94765
2487581875.0,-28.95002
2487582031.25,-28.94583
2487582187.5,-28.94141
2487582343.75,-28.94258
2487582500.0,-28.94312
2487582656.25,-28.94174
2487582812.5,-28.94497
2487582968.75,-28.94032
2487583125.0,-28.94191
2487583281.25,-28.94134
2487583437.5,-28.94198
2487583593.75,-28.94086
2487583750.0,-28.93987
2487583906.25,-28.93813
2487584062.5,-28.93342
2487584218.75,-28.93905
2487584375.0,-28.93746
2487584531.25,-28.93756
2487584687.5,-28.93754
2487584843.75,-28.93239
2487585000.0,-28.93894
2487585156.25,-28.93754
2487585312.5,-28.93369
2487585468.75,-28.9334
2487585625.0,-28.93214
2487585781.25,-28.93324
2487585937.5,-28.93286
2487586093.75,-28.92841
2487586250.0,-28.92668
2487586406.25,-28.92963
2487586562.5,-28.92728
2487586718.75,-28.93085
2487586875.0,-28.93093
2487587031.25,-28.92679
2487587187.5,-28.92945
2487587343.75,-28.92568
2487587500.0,-28.92581
2487587656.25,-28.92131
2487587812.5,-28.92296
2487587968.75,-28.92048
2487588125.0,-28.92423
2487588281.25,-28.92124
2487588437.5,-28.91776
2487588593.75,-28.92287
2487588750.0,-28.9221
2487588906.25,-28.92248
2487589062.5,-28.92191
2487589218.75,-28.92178
2487589375.0,-28.9202
2487589531.25,-28.91697
2487589687.5,-28.9181
2487589843.75,-28.91565
2487590000.0,-28.91839
2487590156.25,-28.91693
2487590312.5,-28.91188
2487590468.75,-28.91322
2487590625.0,-28.91052
2487590781.25,-28.91519
2487590937.5,-28.91234
2487591093.75,-28.907
2487591250.0,-28.91248
2487591406.25,-28.90746
2487591562.5,-28.9118
2487591718.75,-28.90989
2487591875.0,-28.91119
2487592031.25,-28.90719
2487592187.5,-28.90583
2487592343.75,-28.90865
2487592500.0,-28.90609
2487592656.25,-28.90034
2487592812.5,-28.90522
2487592968.75,-28.90567
2487593125.0,-28.90389
2487593281.25,-28.90042
2487593437.5,-28.9012
2487593593.75,-28.90657
2487593750.0,-28.90141
2487593906.25,-28.89861
2487594062.5,-28.89681
2487594218.75,-28.8962
2487594375.0,-28.89677
2487594531.25,-28.89886
2487594687.5,-28.8956
2487594843.75,-28.89729
2487595000.0,-28.89269
2487595156.25,-28.89885
2487595312.5,-28.89281
2487595468.75,-28.89105
2487595625.0,-28.89049
2487595781.25,-28.89907
2487595937.5,-28.89619
2487596093.75,-28.89194
2487596250.0,-28.89316
2487596406.25,-28.89518
2487596562.5,-28.88796
2487596718.75,-28.88992
2487596875.0,-28.88981
2487597031.25,-28.89149
2487597187.5,-28.88594
2487597343.75,-28.8864
2487597500.0,-28.88808
2487597656.25,-28.88805
2487597812.5,-28.88404
2487597968.75,-28.88368
2487598125.0,-28.88441
2487598281.25,-28.88527
2487598437.5,-28.88752
2487598593.75,-28.88147
2487598750.0,-28.87681
2487598906.25,-28.87852
2487599062.5,-28.87976
2487599218.75,-28.87951
2487599375.0,-28.87714
2487599531.25,-28.87892
2487599687.5,-28.8771
2487599843.75,-28.87498
2487600000.0,-28.87872
2487600156.25,-28.87545
2487600312.5,-28.87341
2487600468.75,-28.8737
2487600625.0,-28.87234
2487600781.25,-28.87373
2487600937.5,-28.87234
2487601093.75,-28.86815
2487601250.0,-28.86856
2487601406.25,-28.87071
2487601562.5,-28.87202
2487601718.75,-28.86558
2487601875.0,-28.86813
2487602031.25,-28.86624
2487602187.5,-28.86209
2487602343.75,-28.86562
2487602500.0,-28.86666
2487602656.25,-28.86517
2487602812.5,-28.85837
2487602968.75,-28.86567
2487603125.0,-28.86676
2487603281.25,-28.86642
2487603437.5,-28.86261
2487603593.75,-28.86293
2487603750.0,-28.86164
2487603906.25,-28.86203
2487604062.5,-28.85451
2487604218.75,-28.85595
2487604375.0,-28.8563
2487604531.25,-28.85736
2487604687.5,-28.85943
2487604843.75,-28.85231
2487605000.0,-28.85519
2487605156.25,-28.85284
2487605312.5,-28.85449
2487605468.75,-28.85379
2487605625.0,-28.85573
2487605781.25,-28.85137
2487605937.5,-28.85471
2487606093.75,-28.84694
2487606250.0,-28.84827
2487606406.25,-28.84924
2487606562.5,-28.85399
2487606718.75,-28.84787
2487606875.0,-28.84747
2487607031.25,-28.84655
2487607187.5,-28.84558
2487607343.75,-28.85015
2487607500.0,-28.84431
2487607656.25,-28.84737
2487607812.5,-28.84411
2487607968.75,-28.84467
2487608125.0,-28.84527
2487608281.25,-28.83883
2487608437.5,-28.84046
2487608593.75,-28.84424
2487608750.0,-28.84088
2487608906.25,-28.83516
2487609062.5,-28.8416
2487609218.75,-28.83933
2487609375.0,-28.84044
2487609531.25,-28.8385
2487609687.5,-28.83519
2487609843.75,-28.83826
2487610000.0,-28.83482
2487610156.25,-28.83464
2487610312.5,-28.83266
2487610468.75,-28.83689
2487610625.0,-28.83554
2487610781.25,-28.82932
2487610937.5,-28.83104
2487611093.75,-28.83346
2487611250.0,-28.8311
2487611406.25,-28.82621
2487611562.5,-28.82746
2487611718.75,-28.83043
2487611875.0,-28.82532
2487612031.25,-28.82633
2487612187.5,-28.82611
2487612343.75,-28.82906
2487612500.0,-28.82838
2487612656.25,-28.82702
2487612812.5,-28.82196
2487612968.75,-28.82463
2487613125.0,-28.82163
2487613281.25,-28.8199
2487613437.5,-28.81964
2487613593.75,-28.82554
2487613750.0,-28.81902
2487613906.25,-28.82175
2487614062.5,-28.82172
2487614218.75,-28.81931
2487614375.0,-28.81245
2487614531.25,-28.81581
2487614687.5,-28.81836
2487614843.75,-28.81749
2487615000.0,-28.81716
2487615156.25,-28.82041
2487615312.5,-28.81073
2487615468.75,-28.81169
2487615625.0,-28.81463
2487615781.25,-28.81021
2487615937.5,-28.81083
2487616093.75,-28.81241
2487616250.0,-28.81113
2487616406.25,-28.80839
2487616562.5,-28.80801
2487616718.75,-28.80713
2487616875.0,-28.80515
2487617031.25,-28.80369
2487617187.5,-28.81083
2487617343.75,-28.80691
2487617500.0,-28.80776
2487617656.25,-28.8125
2487617812.5,-28.80496
2487617968.75,-28.80676
2487618125.0,-28.80573
2487618281.25,-28.80464
2487618437.5,-28.80054
2487618593.75,-28.80227
2487618750.0,-28.80244
2487618906.25,-28.80472
2487619062.5,-28.80359
2487619218.75,-28.79919
2487619375.0,-28.79896
2487619531.25,-28.80026
2487619687.5,-28.79707
2487619843.75,-28.80178
2487620000.0,-28.79709
2487620156.25,-28.79263
2487620312.5,-28.79216
2487620468.75,-28.79267
2487620625.0,-28.79759
2487620781.25,-28.79128
2487620937.5,-28.79559
2487621093.75,-28.7944
2487621250.0,-28.7912
2487621406.25,-28.79361
2487621562.5,-28.79536
2487621718.75,-28.79188
2487621875.0,-28.78851
2487622031.25,-28.78603
2487622187.5,-28.78863
2487622343.75,-28.7883
2487622500.0,-28.78723
2487622656.25,-28.78428
2487622812.5,-28.78611
2487622968.75,-28.78782
2487623125.0,-28.785
2487623281.25,-28.78326
2487623437.5,-28.7772
2487623593.75,-28.78124
2487623750.0,-28.78424
2487623906.25,-28.78403
2487624062.5,-28.78672
2487624218.75,-28.77584
2487624375.0,-28.77909
2487624531.25,-28.77841
2487624687.5,-28.77949
2487624843.75,-28.78112
2487625000.0,-28.77545
2487625156.25,-28.7727
2487625312.5,-28.77769
2487625468.75,-28.77756
2487625625.0,-28.77152
2487625781.25,-28.77369
2487625937.5,-28.77211
2487626093.75,-28.77241
2487626250.0,-28.77258
2487626406.25,-28.76879
2487626562.5,-28.77113
2487626718.75,-28.77221
2487626875.0,-28.7705
2487627031.25,-28.76921
2487627187.5,-28.77115
2487627343.75,-28.76359
2487627500.0,-28.76592
2487627656.25,-28.76515
2487627812.5,-28.76158
2487627968.75,-28.76832
2487628125.0,-28.76412
2487628281.25,-28.76861
2487628437.5,-28.76417
2487628593.75,-28.76229
2487628750.0,-28.75968
2487628906.25,-28.76598
2487629062.5,-28.76382
2487629218.75,-28.76157
2487629375.0,-28.75703
2487629531.25,-28.76071
2487629687.5,-28.75306
2487629843.75,-28.75683
2487630000.0,-28.75205
2487630156.25,-28.76017
2487630312.5,-28.75684
2487630468.75,-28.7538
2487630625.0,-28.75602
2487630781.25,-28.75027
2487630937.5,-28.75218
2487631093.75,-28.75582
2487631250.0,-28.75414
2487631406.25,-28.75621
2487631562.5,-28.75198
2487631718.75,-28.75063
2487631875.0,-28.75185
2487632031.25,-28.75182
2487632187.5,-28.75624
2487632343.75,-28.74826
2487632500.0,-28.74627
2487632656.25,-28.74947
2487632812.5,-28.74372
2487632968.75,-28.74654
2487633125.0,-28.74452
2487633281.25,-28.74407
2487633437.5,-28.73923
2487633593.75,-28.7461
2487633750.0,-28.74319
2487633906.25,-28.74137
2487634062.5,-28.73934
2487634218.75,-28.73585
2487634375.0,-28.73977
2487634531.25,-28.73517
2487634687.5,-28.73471
2487634843.75,-28.73678
2487635000.0,-28.73455
2487635156.25,-28.73811
2487635312.5,-28.73773
2487635468.75,-28.73625
2487635625.0,-28.73528
2487635781.25,-28.73336
2487635937.5,-28.72965
2487636093.75,-28.72916
2487636250.0,-28.72914
2487636406.25,-28.7337
2487636562.5,-28.73354
2487636718.75,-28.72624
2487636875.0,-28.73117
2487637031.25,-28.72528
2487637187.5,-28.72746
2487637343.75,-28.73252
2487637500.0,-28.73008
2487637656.25,-28.73023
2487637812.5,-28.72655
2487637968.75,-28.72488
2487638125.0,-28.72358
2487638281.25,-28.72551
2487638437.5,-28.7232
2487638593.75,-28.72091
2487638750.0,-28.72072
2487638906.25,-28.71814
2487639062.5,-28.72151
2487639218.75,-28.72018
2487639375.0,-28.72055
2487639531.25,-28.7162
2487639687.5,-28.72043
2487639843.75,-28.71531
2487640000.0,-28.71493
2487640156.25,-28.71443
2487640312.5,-28.71499
2487640468.75,-28.71559
2487640625.0,-28.71516
2487640781.25,-28.71382
2487640937.5,-28.7154
2487641093.75,-28.71636
2487641250.0,-28.71095
2487641406.25,-28.70689
2487641562.5,-28.71215
2487641718.75,-28.71429
2487641875.0,-28.71125
2487642031.25,-28.7104
2487642187.5,-28.70634
2487642343.75,-28.70669
2487642500.0,-28.70936
2487642656.25,-28.70982
2487642812.5,-28.706
2487642968.75,-28.70452
2487643125.0,-28.70331
2487643281.25,-28.70378
2487643437.5,-28.70702
2487643593.75,-28.69905
2487643750.0,-28.7037
2487643906.25,-28.70477
2487644062.5,-28.70043
2487644218.75,-28.70455
2487644375.0,-28.70573
2487644531.25,-28.69787
2487644687.5,-28.69787
2487644843.75,-28.69955
2487645000.0,-28.69839
2487645156.25,-28.69459
2487645312.5,-28.69585
2487645468.75,-28.6937
2487645625.0,-28.69566
2487645781.25,-28.69511
2487645937.5,-28.68969
2487646093.75,-28.69727
2487646250.0,-28.68778
2487646406.25,-28.6927
2487646562.5,-28.69026
2487646718.75,-28.69296
2487646875.0,-28.68635
2487647031.25,-28.68959
2487647187.5,-28.6864
2487647343.75,-28.69197
2487647500.0,-28.68294
2487647656.25,-28.68538
2487647812.5,-28.6858
2487647968.75,-28.68782
2487648125.0,-28.68387
2487648281.25,-28.68393
2487648437.5,-28.68035
2487648593.75,-28.68085
2487648750.0,-28.68089
2487648906.25,-28.67921
2487649062.5,-28.68112
2487649218.75,-28.68597
2487649375.0,-28.67359
2487649531.25,-28.67912
2487649687.5,-28.67571
2487649843.75,-28.67878
2487650000.0,-28.67653
2487650156.25,-28.67921
2487650312.5,-28.66933
2487650468.75,-28.6744
2487650625.0,-28.67613
2487650781.25,-28.67186
2487650937.5,-28.67175
2487651093.75,-28.66981
2487651250.0,-28.67065
2487651406.25,-28.67246
2487651562.5,-28.67252
2487651718.75,-28.67108
2487651875.0,-28.66633
2487652031.25,-28.66617
2487652187.5,-28.66826
2487652343.75,-28.66938
2487652500.0,-28.6684
2487652656.25,-28.66665
2487652812.5,-28.66804
2487652968.75,-28.6636
2487653125.0,-28.66714
2487653281.25,-28.6659
2487653437.5,-28.66241
2487653593.75,-28.66554
2487653750.0,-28.65826
2487653906.25,-28.65907
2487654062.5,-28.66044
2487654218.75,-28.66114
2487654375.0,-28.65909
2487654531.25,-28.65521
2487654687.5,-28.65793
2487654843.75,-28.65786
2487655000.0,-28.65547
2487655156.25,-28.6537
2487655312.5,-28.65758
2487655468.75,-28.64902
2487655625.0,-28.65508
2487655781.25,-28.65339
2487655937.5,-28.65055
2487656093.75,-28.65576
2487656250.0,-28.65415
2487656406.25,-28.64993
2487656562.5,-28.64968
2487656718.75,-28.64931
2487656875.0,-28.64706
2487657031.25,-28.64996
2487657187.5,-28.64787
2487657343.75,-28.6477
2487657500.0,-28.64553
2487657656.25,-28.64788
2487657812.5,-28.64937
2487657968.75,-28.64615
2487658125.0,-28.6403
2487658281.25,-28.64288
2487658437.5,-28.64846
2487658593.75,-28.63946
2487658750.0,-28.63971
2487658906.25,-28.63428
2487659062.5,-28.63764
2487659218.75,-28.63637
2487659375.0,-28.63437
2487659531.25,-28.63833
2487659687.5,-28.63317
2487659843.75,-28.63521
2487660000.0,-28.64144
2487660156.25,-28.63142
2487660312.5,-28.63225
2487660468.75,-28.63373
2487660625.0,-28.63589
2487660781.25,-28.63537
2487660937.5,-28.62984
2487661093.75,-28.63275
2487661250.0,-28.63417
2487661406.25,-28.63474
2487661562.5,-28.62865
2487661718.75,-28.62874
2487661875.0,-28.63023
2487662031.25,-28.63136
2487662187.5,-28.62821
2487662343.75,-28.62189
2487662500.0,-28.62606
2487662656.25,-28.62895
2487662812.5,-28.62693
2487662968.75,-28.62485
2487663125.0,-28.61897
2487663281.25,-28.62215
2487663437.5,-28.62201
2487663593.75,-28.62494
2487663750.0,-28.62144
2487663906.25,-28.62477
2487664062.5,-28.61689
2487664218.75,-28.61969
2487664375.0,-28.6226
2487664531.25,-28.61493
2487664687.5,-28.61541
2487664843.75,-28.61687
2487665000.0,-28.61861
2487665156.25,-28.61689
2487665312.5,-28.61094
2487665468.75,-28.60979
2487665625.0,-28.61421
2487665781.25,-28.61752
2487665937.5,-28.61014
2487666093.75,-28.61126
2487666250.0,-28.61217
2487666406.25,-28.60917
2487666562.5,-28.60833
2487666718.75,-28.60783
2487666875.0,-28.60854
2487667031.25,-28.60262
2487667187.5,-28.60771
2487667343.75,-28.60266
2487667500.0,-28.60629
2487667656.25,-28.60548
2487667812.5,-28.6017
2487667968.75,-28.60458
2487668125.0,-28.60751
2487668281.25,-28.60442
2487668437.5,-28.60201
2487668593.75,-28.6015
2487668750.0,-28.60442
2487668906.25,-28.60144
2487669062.5,-28.59721
2487669218.75,-28.59979
2487669375.0,-28.59528
2487669531.25,-28.59488
2487669687.5,-28.59964
2487669843.75,-28.5943
2487670000.0,-28.59756
2487670156.25,-28.59536
2487670312.5,-28.59394
2487670468.75,-28.59251
2487670625.0,-28.59409
2487670781.25,-28.59313
2487670937.5,-28.59107
2487671093.75,-28.58871
2487671250.0,-28.58815
2487671406.25,-28.59162
2487671562.5,-28.59396
2487671718.75,-28.58804
2487671875.0,-28.58892
2487672031.25,-28.58991
2487672187.5,-28.59041
2487672343.75,-28.58637
2487672500.0,-28.5854
2487672656.25,-28.58458
2487672812.5,-28.58183
2487672968.75,-28.58689
2487673125.0,-28.58391
2487673281.25,-28.58217
2487673437.5,-28.58165
2487673593.75,-28.58065
2487673750.0,-28.5772
2487673906.25,-28.57846
2487674062.5,-28.57592
2487674218.75,-28.57572
2487674375.0,-28.57697
2487674531.25,-28.57485
2487674687.5,-28.58076
2487674843.75,-28.57402
2487675000.0,-28.57216
2487675156.25,-28.57501
2487675312.5,-28.5791
2487675468.75,-28.57235
2487675625.0,-28.57245
2487675781.25,-28.57134
2487675937.5,-28.57328
2487676093.75,-28.56919
2487676250.0,-28.57096
2487676406.25,-28.56684
2487676562.5,-28.5661
2487676718.75,-28.57198
2487676875.0,-28.56522
2487677031.25,-28.56226
2487677187.5,-28.56624
2487677343.75,-28.56466
2487677500.0,-28.56046
2487677656.25,-28.56624
2487677812.5,-28.56032
2487677968.75,-28.56224
2487678125.0,-28.56248
2487678281.25,-28.56026
2487678437.5,-28.55781
2487678593.75,-28.55985
2487678750.0,-28.56079
2487678906.25,-28.55858
2487679062.5,-28.55886
2487679218.75,-28.55922
2487679375.0,-28.55658
2487679531.25,-28.55404
2487679687.5,-28.55413
2487679843.75,-28.55306
2487680000.0,-28.55615
2487680156.25,-28.55823
2487680312.5,-28.55347
2487680468.75,-28.55321
2487680625.0,-28.55176
2487680781.25,-28.54862
2487680937.5,-28.55054
2487681093.75,-28.55264
2487681250.0,-28.55234
2487681406.25,-28.54765
2487681562.5,-28.54669
2487681718.75,-28.5533
2487681875.0,-28.54832
2487682031.25,-28.54325
2487682187.5,-28.54966
2487682343.75,-28.54842
2487682500.0,-28.54427
2487682656.25,-28.54278
2487682812.5,-28.54649
2487682968.75,-28.54138
2487683125.0,-28.54325
2487683281.25,-28.53886
2487683437.5,-28.54103
2487683593.75,-28.53941
2487683750.0,-28.54377
2487683906.25,-28.53975
2487684062.5,-28.5362
2487684218.75,-28.53932
2487684375.0,-28.53728
2487684531.25,-28.53666
2487684687.5,-28.53475
2487684843.75,-28.53687
2487685000.0,-28.53302
2487685156.25,-28.53506
2487685312.5,-28.53391
2487685468.75,-28.53287
2487685625.0,-28.52872
2487685781.25,-28.53149
2487685937.5,-28.53284
2487686093.75,-28.53302
2487686250.0,-28.52812
2487686406.25,-28.52936
2487686562.5,-28.52422
2487686718.75,-28.52242
2487686875.0,-28.52481
2487687031.25,-28.52715
2487687187.5,-28.52717
2487687343.75,-28.52746
2487687500.0,-28.52363
2487687656.25,-28.52065
2487687812.5,-28.52509
2487687968.75,-28.52234
2487688125.0,-28.52256
2487688281.25,-28.52261
2487688437.5,-28.52154
2487688593.75,-28.52334
2487688750.0,-28.51951
2487688906.25,-28.51695
2487689062.5,-28.51294
2487689218.75,-28.51805
2487689375.0,-28.5172
2487689531.25,-28.51631
2487689687.5,-28.51274
2487689843.75,-28.51618
2487690000.0,-28.51049
2487690156.25,-28.51283
2487690312.5,-28.51329
2487690468.75,-28.51287
2487690625.0,-28.51431
2487690781.25,-28.50988
2487690937.5,-28.51228
2487691093.75,-28.5099
2487691250.0,-28.5099
2487691406.25,-28.50755
2487691562.5,-28.50564
2487691718.75,-28.50707
2487691875.0,-28.50928
2487692031.25,-28.50385
2487692187.5,-28.50569
2487692343.75,-28.50349
2487692500.0,-28.50595
2487692656.25,-28.50216
2487692812.5,-28.50323
2487692968.75,-28.50344
2487693125.0,-28.50309
2487693281.25,-28.49974
2487693437.5,-28.49701
2487693593.75,-28.49712
2487693750.0,-28.49778
2487693906.25,-28.49343
2487694062.5,-28.49896
2487694218.75,-28.49655
2487694375.0,-28.495
2487694531.25,-28.49663
2487694687.5,-28.49641
2487694843.75,-28.49605
2487695000.0,-28.495
2487695156.25,-28.49227
2487695312.5,-28.4916
2487695468.75,-28.49116
2487695625.0,-28.49233
2487695781.25,-28.4899
2487695937.5,-28.4887
2487696093.75,-28.48714
2487696250.0,-28.48767
2487696406.25,-28.48652
2487696562.5,-28.48258
2487696718.75,-28.48521
2487696875.0,-28.48447
2487697031.25,-28.48573
2487697187.5,-28.48148
2487697343.75,-28.48531
2487697500.0,-28.48596
2487697656.25,-28.48391
2487697812.5,-28.48364
2487697968.75,-28.47976
2487698125.0,-28.47875
2487698281.25,-28.4825
2487698437.5,-28.47913
2487698593.75,-28.47791
2487698750.0,-28.47623
2487698906.25,-28.48244
2487699062.5,-28.47747
2487699218.75,-28.47654
2487699375.0,-28.47032
2487699531.25,-28.47341
2487699687.5,-28.46989
2487699843.75,-28.47166
2487700000.0,-28.47339
2487700156.25,-28.47083
2487700312.5,-28.46865
2487700468.75,-28.4696
2487700625.0,-28.46362
2487700781.25,-28.4699
2487700937.5,-28.46874
2487701093.75,-28.46555
2487701250.0,-28.46861
2487701406.25,-28.46827
2487701562.5,-28.46654
2487701718.75,-28.46509
2487701875.0,-28.46217
2487702031.25,-28.46591
2487702187.5,-28.46564
2487702343.75,-28.45617
2487702500.0,-28.4619
2487702656.25,-28.46012
2487702812.5,-28.45865
2487702968.75,-28.45865
2487703125.0,-28.46118
2487703281.25,-28.45854
2487703437.5,-28.45828
2487703593.75,-28.45972
2487703750.0,-28.46219
2487703906.25,-28.45543
2487704062.5,-28.45557
2487704218.75,-28.4589
2487704375.0,-28.45564
2487704531.25,-28.45163
2487704687.5,-28.45233
2487704843.75,-28.45158
2487705000.0,-28.45183
2487705156.25,-28.45051
2487705312.5,-28.44815
2487705468.75,-28.45357
2487705625.0,-28.44909
2487705781.25,-28.44791
2487705937.5,-28.44218
2487706093.75,-28.44287
2487706250.0,-28.44714
2487706406.25,-28.44684
2487706562.5,-28.44157
2487706718.75,-28.44454
2487706875.0,-28.44521
2487707031.25,-28.4379
2487707187.5,-28.44535
2487707343.75,-28.44629
2487707500.0,-28.44156
2487707656.25,-28.44395
2487707812.5,-28.44522
2487707968.75,-28.43783
2487708125.0,-28.43664
2487708281.25,-28.4367
2487708437.5,-28.44063
2487708593.75,-28.4398
2487708750.0,-28.43776
2487708906.25,-28.43556
2487709062.5,-28.43788
2487709218.75,-28.43608
2487709375.0,-28.43424
2487709531.25,-28.43147
2487709687.5,-28.4333
2487709843.75,-28.43151
2487710000.0,-28.43051
2487710156.25,-28.43199
2487710312.5,-28.43191
2487710468.75,-28.42796
2487710625.0,-28.43185
2487710781.25,-28.42765
2487710937.5,-28.42453
2487711093.75,-28.42938
2487711250.0,-28.42591
2487711406.25,-28.42785
2487711562.5,-28.42367
2487711718.75,-28.42466
2487711875.0,-28.42292
2487712031.25,-28.42511
2487712187.5,-28.41948
2487712343.75,-28.42173
2487712500.0,-28.42102
2487712656.25,-28.42094
2487712812.5,-28.41832
2487712968.75,-28.4178
2487713125.0,-28.41985
2487713281.25,-28.41847
2487713437.5,-28.42048
2487713593.75,-28.41521
2487713750.0,-28.4173
2487713906.25,-28.4132
2487714062.5,-28.40992
2487714218.75,-28.41364
2487714375.0,-28.40952
2487714531.25,-28.41139
2487714687.5,-28.41315
2487714843.75,-28.41354
2487715000.0,-28.40699
2487715156.25,-28.40601
2487715312.5,-28.41155
2487715468.75,-28.41008
2487715625.0,-28.4089
2487715781.25,-28.41143
2487715937.5,-28.40715
2487716093.75,-28.40686
2487716250.0,-28.40491
2487716406.25,-28.4039
2487716562.5,-28.40728
2487716718.75,-28.40648
2487716875.0,-28.40237
2487717031.25,-28.40309
2487717187.5,-28.40238
2487717343.75,-28.39945
2487717500.0,-28.40037
2487717656.25,-28.40137
2487717812.5,-28.397
2487717968.75,-28.3967
2487718125.0,-28.3987
2487718281.25,-28.39494
2487718437.5,-28.39566
2487718593.75,-28.40004
2487718750.0,-28.39112
2487718906.25,-28.39503
2487719062.5,-28.39328
2487719218.75,-28.389
2487719375.0,-28.39344
2487719531.25,-28.39274
2487719687.5,-28.3919
2487719843.75,-28.3882
2487720000.0,-28.39152
2487720156.25,-28.39013
2487720312.5,-28.38982
2487720468.75,-28.38746
2487720625.0,-28.39016
2487720781.25,-28.38767
2487720937.5,-28.38382
2487721093.75,-28.38416
2487721250.0,-28.38342
2487721406.25,-28.38317
2487721562.5,-28.3859
2487721718.75,-28.38349
2487721875.0,-28.38027
2487722031.25,-28.382
2487722187.5,-28.38379
2487722343.75,-28.37605
2487722500.0,-28.38243
2487722656.25,-28.38168
2487722812.5,-28.37746
2487722968.75,-28.37421
2487723125.0,-28.37573
2487723281.25,-28.37609
2487723437.5,-28.37344
2487723593.75,-28.37768
2487723750.0,-28.37188
2487723906.25,-28.37389
2487724062.5,-28.37733
2487724218.75,-28.36998
2487724375.0,-28.37323
2487724531.25,-28.37274
2487724687.5,-28.36907
2487724843.75,-28.37185
2487725000.0,-28.36941
2487725156.25,-28.36713
2487725312.5,-28.37
2487725468.75,-28.37004
2487725625.0,-28.36654
2487725781.25,-28.36457
2487725937.5,-28.36359
2487726093.75,-28.36311
2487726250.0,-28.36264
2487726406.25,-28.35891
2487726562.5,-28.36383
2487726718.75,-28.3605
2487726875.0,-28.36118
2487727031.25,-28.35704
2487727187.5,-28.35948
2487727343.75,-28.35674
2487727500.0,-28.35948
2487727656.25,-28.35652
2487727812.5,-28.35457
2487727968.75,-28.35832
2487728125.0,-28.35649
2487728281.25,-28.35306
2487728437.5,-28.35743
2487728593.75,-28.35807
2487728750.0,-28.35632
2487728906.25,-28.35162
2487729062.5,-28.34956
2487729218.75,-28.34719
2487729375.0,-28.35167
2487729531.25,-28.35293
2487729687.5,-28.34657
2487729843.75,-28.34813
2487730000.0,-28.34268
2487730156.25,-28.34734
2487730312.5,-28.34664
2487730468.75,-28.34728
2487730625.0,-28.34655
2487730781.25,-28.34843
2487730937.5,-28.34186
2487731093.75,-28.34757
2487731250.0,-28.34206
2487731406.25,-28.3481
2487731562.5,-28.34096
2487731718.75,-28.34049
2487731875.0,-28.34209
2487732031.25,-28.33796
2487732187.5,-28.33764
2487732343.75,-28.33957
2487732500.0,-28.33658
2487732656.25,-28.33537
2487732812.5,-28.33632
2487732968.75,-28.3365
2487733125.0,-28.33233
2487733281.25,-28.33448
2487733437.5,-28.33094
2487733593.75,-28.33553
2487733750.0,-28.33516
2487733906.25,-28.3327
2487734062.5,-28.33322
2487734218.75,-28.32754
2487734375.0,-28.32675
2487734531.25,-28.3324
2487734687.5,-28.32916
2487734843.75,-28.32471
2487735000.0,-28.32693
2487735156.25,-28.32925
2487735312.5,-28.32125
2487735468.75,-28.32385
2487735625.0,-28.3253
2487735781.25,-28.32133
2487735937.5,-28.32642
2487736093.75,-28.31958
2487736250.0,-28.32224
2487736406.25,-28.32432
2487736562.5,-28.31969
2487736718.75,-28.32455
2487736875.0,-28.31777
2487737031.25,-28.31942
2487737187.5,-28.31471
2487737343.75,-28.31916
2487737500.0,-28.31591
2487737656.25,-28.31428
2487737812.5,-28.31272
2487737968.75,-28.31754
2487738125.0,-28.31666
2487738281.25,-28.31499
2487738437.5,-28.31357
2487738593.75,-28.31407
2487738750.0,-28.31561
2487738906.25,-28.31368
2487739062.5,-28.30546
2487739218.75,-28.3145
2487739375.0,-28.31067
2487739531.25,-28.30965
2487739687.5,-28.30958
2487739843.75,-28.30693
2487740000.0,-28.30635
2487740156.25,-28.30041
2487740312.5,-28.30412
2487740468.75,-28.30804
2487740625.0,-28.307
2487740781.25,-28.29971
2487740937.5,-28.29924
2487741093.75,-28.29889
2487741250.0,-28.3013
2487741406.25,-28.29931
2487741562.5,-28.29379
2487741718.75,-28.3001
2487741875.0,-28.29856
2487742031.25,-28.29206
2487742187.5,-28.29533
2487742343.75,-28.3009
2487742500.0,-28.29738
2487742656.25,-28.29602
2487742812.5,-28.29382
2487742968.75,-28.29715
2487743125.0,-28.29528
2487743281.25,-28.29248
2487743437.5,-28.28855
2487743593.75,-28.28751
2487743750.0,-28.29018
2487743906.25,-28.28529
2487744062.5,-28.28881
2487744218.75,-28.28844
2487744375.0,-28.28921
2487744531.25,-28.28524
2487744687.5,-28.28386
2487744843.75,-28.28278
2487745000.0,-28.28386
2487745156.25,-28.28365
2487745312.5,-28.28393
2487745468.75,-28.28419
2487745625.0,-28.2815
2487745781.25,-28.28057
2487745937.5,-28.2814
2487746093.75,-28.27269
2487746250.0,-28.28051
2487746406.25,-28.27958
2487746562.5,-28.27919
2487746718.75,-28.2804
2487746875.0,-28.27495
2487747031.25,-28.27508
2487747187.5,-28.27525
2487747343.75,-28.2743
2487747500.0,-28.27374
2487747656.25,-28.27468
2487747812.5,-28.27262
2487747968.75,-28.27334
2487748125.0,-28.27035
2487748281.25,-28.27374
2487748437.5,-28.27098
2487748593.75,-28.2714
2487748750.0,-28.26833
2487748906.25,-28.27127
2487749062.5,-28.26645
2487749218.75,-28.26823
2487749375.0,-28.26499
2487749531.25,-28.26306
2487749687.5,-28.2674
2487749843.75,-28.2632
2487750000.0,-28.26741
2487750156.25,-28.25937
2487750312.5,-28.26305
2487750468.75,-28.26311
2487750625.0,-28.26218
2487750781.25,-28.25923
2487750937.5,-28.25937
2487751093.75,-28.26091
2487751250.0,-28.25583
2487751406.25,-28.26058
2487751562.5,-28.2601
2487751718.75,-28.25225
2487751875.0,-28.25775
2487752031.25,-28.26083
2487752187.5,-28.25444
2487752343.75,-28.25396
2487752500.0,-28.25404
2487752656.25,-28.25442
2487752812.5,-28.25366
2487752968.75,-28.25052
2487753125.0,-28.25064
2487753281.25,-28.24961
2487753437.5,-28.25085
2487753593.75,-28.24908
2487753750.0,-28.24958
2487753906.25,-28.24696
2487754062.5,-28.24651
2487754218.75,-28.24488
2487754375.0,-28.24497
2487754531.25,-28.2472
2487754687.5,-28.24461
2487754843.75,-28.24402
2487755000.0,-28.24463
2487755156.25,-28.24158
2487755312.5,-28.24113
2487755468.75,-28.24112
2487755625.0,-28.23989
2487755781.25,-28.23902
2487755937.5,-28.2385
2487756093.75,-28.23805
2487756250.0,-28.2371
2487756406.25,-28.23974
2487756562.5,-28.23841
2487756718.75,-28.23939
2487756875.0,-28.23063
2487757031.25,-28.22813
2487757187.5,-28.23593
2487757343.75,-28.23594
2487757500.0,-28.23343
2487757656.25,-28.2311
2487757812.5,-28.23351
2487757968.75,-28.22788
2487758125.0,-28.23153
2487758281.25,-28.22963
2487758437.5,-28.22727
2487758593.75,-28.23062
2487758750.0,-28.22742
2487758906.25,-28.22729
2487759062.5,-28.22389
2487759218.75,-28.22536
2487759375.0,-28.22234
2487759531.25,-28.2197
2487759687.5,-28.21963
2487759843.75,-28.21849
2487760000.0,-28.22084
2487760156.25,-28.22043
2487760312.5,-28.2183
2487760468.75,-28.21953
2487760625.0,-28.2215
2487760781.25,-28.22185
2487760937.5,-28.21674
2487761093.75,-28.21805
2487761250.0,-28.21747
2487761406.25,-28.21727
2487761562.5,-28.21432
2487761718.75,-28.21283
2487761875.0,-28.21659
2487762031.25,-28.2113
2487762187.5,-28.21271
2487762343.75,-28.20994
2487762500.0,-28.20689
2487762656.25,-28.21095
2487762812.5,-28.20933
2487762968.75,-28.20642
2487763125.0,-28.20944
2487763281.25,-28.21043
2487763437.5,-28.20285
2487763593.75,-28.20687
2487763750.0,-28.20283
2487763906.25,-28.20774
2487764062.5,-28.20728
2487764218.75,-28.20661
2487764375.0,-28.20386
2487764531.25,-28.2028
2487764687.5,-28.20155
2487764843.75,-28.20318
2487765000.0,-28.20079
2487765156.25,-28.19684
2487765312.5,-28.19775
2487765468.75,-28.19862
2487765625.0,-28.19876
2487765781.25,-28.20003
2487765937.5,-28.19823
2487766093.75,-28.19487
2487766250.0,-28.196
2487766406.25,-28.19489
2487766562.5,-28.19533
2487766718.75,-28.19151
2487766875.0,-28.19172
2487767031.25,-28.19343
2487767187.5,-28.19302
2487767343.75,-28.19575
2487767500.0,-28.18727
2487767656.25,-28.18387
2487767812.5,-28.18947
2487767968.75,-28.18569
2487768125.0,-28.18796
2487768281.25,-28.18124
2487768437.5,-28.18595
2487768593.75,-28.1857
2487768750.0,-28.18391
2487768906.25,-28.18188
2487769062.5,-28.18339
2487769218.75,-28.18188
2487769375.0,-28.18166
2487769531.25,-28.18147
2487769687.5,-28.17645
2487769843.75,-28.17716
2487770000.0,-28.17913
2487770156.25,-28.17873
2487770312.5,-28.17721
2487770468.75,-28.17496
2487770625.0,-28.17464
2487770781.25,-28.17469
2487770937.5,-28.17943
2487771093.75,-28.1757
2487771250.0,-28.17392
2487771406.25,-28.17122
2487771562.5,-28.17328
2487771718.75,-28.17061
2487771875.0,-28.17299
2487772031.25,-28.16945
2487772187.5,-28.17298
2487772343.75,-28.16608
2487772500.0,-28.17018
2487772656.25,-28.16903
2487772812.5,-28.17166
2487772968.75,-28.1666
2487773125.0,-28.16789
2487773281.25,-28.16063
2487773437.5,-28.16299
2487773593.75,-28.16485
2487773750.0,-28.16773
2487773906.25,-28.16495
2487774062.5,-28.16052
2487774218.75,-28.16244
2487774375.0,-28.1592
2487774531.25,-28.15944
2487774687.5,-28.15916
2487774843.75,-28.15794
2487775000.0,-28.15568
2487775156.25,-28.15785
2487775312.5,-28.15911
2487775468.75,-28.15362
2487775625.0,-28.15217
2487775781.25,-28.15471
2487775937.5,-28.15624
2487776093.75,-28.1487
2487776250.0,-28.14778
2487776406.25,-28.15176
2487776562.5,-28.15521
2487776718.75,-28.14941
2487776875.0,-28.14608
2487777031.25,-28.14856
2487777187.5,-28.14668
2487777343.75,-28.14396
2487777500.0,-28.14851
2487777656.25,-28.1458
2487777812.5,-28.14702
2487777968.75,-28.14284
2487778125.0,-28.14304
2487778281.25,-28.14552
2487778437.5,-28.14522
2487778593.75,-28.14853
2487778750.0,-28.14167
2487778906.25,-28.14269
2487779062.5,-28.13812
2487779218.75,-28.13981
2487779375.0,-28.13861
2487779531.25,-28.1391
2487779687.5,-28.13595
2487779843.75,-28.1378
2487780000.0,-28.13522
2487780156.25,-28.13316
2487780312.5,-28.13475
2487780468.75,-28.14041
2487780625.0,-28.13427
2487780781.25,-28.13276
2487780937.5,-28.13163
2487781093.75,-28.13476
2487781250.0,-28.1316
2487781406.25,-28.12855
2487781562.5,-28.12484
2487781718.75,-28.12833
2487781875.0,-28.12493
2487782031.25,-28.1232
2487782187.5,-28.12626
2487782343.75,-28.13008
2487782500.0,-28.12351
2487782656.25,-28.12185
2487782812.5,-28.1253
2487782968.75,-28.12241
2487783125.0,-28.11937
2487783281.25,-28.12109
2487783437.5,-28.12021
2487783593.75,-28.12219
2487783750.0,-28.11776
2487783906.25,-28.12193
2487784062.5,-28.11928
2487784218.75,-28.11816
2487784375.0,-28.11322
2487784531.25,-28.11102
2487784687.5,-28.11332
2487784843.75,-28.11047
2487785000.0,-28.11708
2487785156.25,-28.11299
2487785312.5,-28.11191
2487785468.75,-28.113
2487785625.0,-28.11028
2487785781.25,-28.11426
2487785937.5,-28.10768
2487786093.75,-28.11294
2487786250.0,-28.10855
2487786406.25,-28.10798
2487786562.5,-28.11064
2487786718.75,-28.10867
2487786875.0,-28.10416
2487787031.25,-28.10635
2487787187.5,-28.10012
2487787343.75,-28.10732
2487787500.0,-28.10249
2487787656.25,-28.1022
2487787812.5,-28.10296
2487787968.75,-28.09948
2487788125.0,-28.10001
2487788281.25,-28.09993
2487788437.5,-28.10221
2487788593.75,-28.10203
2487788750.0,-28.0959
2487788906.25,-28.099
2487789062.5,-28.09606
2487789218.75,-28.09467
2487789375.0,-28.0938
2487789531.25,-28.09166
2487789687.5,-28.09779
2487789843.75,-28.09905
2487790000.0,-28.09217
2487790156.25,-28.09215
2487790312.5,-28.09194
2487790468.75,-28.09179
2487790625.0,-28.09067
2487790781.25,-28.08761
2487790937.5,-28.08955
2487791093.75,-28.0883
2487791250.0,-28.09166
2487791406.25,-28.08649
2487791562.5,-28.08655
2487791718.75,-28.08802
2487791875.0,-28.08342
2487792031.25,-28.08538
2487792187.5,-28.08584
2487792343.75,-28.08709
2487792500.0,-28.08314
2487792656.25,-28.08453
2487792812.5,-28.0814
2487792968.75,-28.08492
2487793125.0,-28.07874
2487793281.25,-28.08176
2487793437.5,-28.07955
2487793593.75,-28.07541
2487793750.0,-28.07867
2487793906.25,-28.08004
2487794062.5,-28.07131
2487794218.75,-28.07686
2487794375.0,-28.07772
2487794531.25,-28.07821
2487794687.5,-28.07685
2487794843.75,-28.06898
2487795000.0,-28.07514
2487795156.25,-28.06916
2487795312.5,-28.06687
2487795468.75,-28.0721
2487795625.0,-28.06983
2487795781.25,-28.06925
2487795937.5,-28.06734
2487796093.75,-28.06704
2487796250.0,-28.06835
2487796406.25,-28.06608
2487796562.5,-28.06574
2487796718.75,-28.06211
2487796875.0,-28.05894
2487797031.25,-28.05938
2487797187.5,-28.05916
2487797343.75,-28.0624
2487797500.0,-28.05552
2487797656.25,-28.06138
2487797812.5,-28.05751
2487797968.75,-28.06076
2487798125.0,-28.05515
2487798281.25,-28.05723
2487798437.5,-28.05763
2487798593.75,-28.05752
2487798750.0,-28.05282
2487798906.25,-28.05299
2487799062.5,-28.05803
2487799218.75,-28.05408
2487799375.0,-28.05557
2487799531.25,-28.0534
2487799687.5,-28.05447
2487799843.75,-28.04251
2487800000.0,-28.05309
2487800156.25,-28.04709
2487800312.5,-28.04838
2487800468.75,-28.04877
2487800625.0,-28.04701
2487800781.25,-28.04831
2487800937.5,-28.04236
2487801093.75,-28.04856
2487801250.0,-28.04425
2487801406.25,-28.04694
2487801562.5,-28.04263
2487801718.75,-28.04378
2487801875.0,-28.03635
2487802031.25,-28.0435
2487802187.5,-28.04511
2487802343.75,-28.03899
2487802500.0,-28.0417
2487802656.25,-28.0323
2487802812.5,-28.03667
2487802968.75,-28.03555
2487803125.0,-28.03545
2487803281.25,-28.03697
2487803437.5,-28.03333
2487803593.75,-28.03802
2487803750.0,-28.03011
2487803906.25,-28.02918
2487804062.5,-28.03427
2487804218.75,-28.03503
2487804375.0,-28.0329
2487804531.25,-28.0293
2487804687.5,-28.03096
2487804843.75,-28.02884
2487805000.0,-28.02723
2487805156.25,-28.02549
2487805312.5,-28.02407
2487805468.75,-28.0251
2487805625.0,-28.02759
2487805781.25,-28.02373
2487805937.5,-28.02935
2487806093.75,-28.0238
2487806250.0,-28.02561
2487806406.25,-28.02264
2487806562.5,-28.02612
2487806718.75,-28.01972
2487806875.0,-28.02034
2487807031.25,-28.0179
2487807187.5,-28.02155
2487807343.75,-28.02518
2487807500.0,-28.01513
2487807656.25,-28.01866
2487807812.5,-28.017
2487807968.75,-28.01641
2487808125.0,-28.01302
2487808281.25,-28.01633
2487808437.5,-28.01678
2487808593.75,-28.01095
2487808750.0,-28.01057
2487808906.25,-28.0113
2487809062.5,-28.01042
2487809218.75,-28.00977
2487809375.0,-28.00784
2487809531.25,-28.00531
2487809687.5,-28.00338
2487809843.75,-28.00499
2487810000.0,-28.00625
2487810156.25,-28.00422
2487810312.5,-28.00661
2487810468.75,-28.00471
2487810625.0,-28.0069
2487810781.25,-28.00406
2487810937.5,-28.00205
2487811093.75,-28.00142
2487811250.0,-28.00394
2487811406.25,-28.00037
2487811562.5,-27.99648
2487811718.75,-27.99796
2487811875.0,-28.0
2487812031.25,-27.99983
2487812187.5,-28.00071
2487812343.75,-27.9985
2487812500.0,-27.99483
2487812656.25,-27.99326
2487812812.5,-27.99304
2487812968.75,-27.98847
2487813125.0,-27.99636
2487813281.25,-27.99539
2487813437.5,-27.99297
2487813593.75,-27.99438
2487813750.0,-27.98752
2487813906.25,-27.9896
2487814062.5,-27.98913
2487814218.75,-27.99269
2487814375.0,-27.98519
2487814531.25,-27.98341
2487814687.5,-27.98669
2487814843.75,-27.98512
2487815000.0,-27.98737
2487815156.25,-27.98712
2487815312.5,-27.98396
2487815468.75,-27.98897
2487815625.0,-27.98249
2487815781.25,-27.98181
2487815937.5,-27.98057
2487816093.75,-27.97555
2487816250.0,-27.98281
2487816406.25,-27.97756
2487816562.5,-27.98084
2487816718.75,-27.97416
2487816875.0,-27.97664
2487817031.25,-27.97893
2487817187.5,-27.97462
2487817343.75,-27.97548
2487817500.0,-27.97713
2487817656.25,-27.97447
2487817812.5,-27.97324
2487817968.75,-27.97269
2487818125.0,-27.97148
2487818281.25,-27.97257
2487818437.5,-27.97305
2487818593.75,-27.97042
2487818750.0,-27.97136
2487818906.25,-27.96844
2487819062.5,-27.9626
2487819218.75,-27.96688
2487819375.0,-27.96476
2487819531.25,-27.96475
2487819687.5,-27.96246
2487819843.75,-27.96687
2487820000.0,-27.96515
2487820156.25,-27.96302
2487820312.5,-27.9652
2487820468.75,-27.96452
2487820625.0,-27.96287
2487820781.25,-27.95759
2487820937.5,-27.96118
2487821093.75,-27.95938
2487821250.0,-27.95958
2487821406.25,-27.95718
2487821562.5,-27.95371
2487821718.75,-27.95593
2487821875.0,-27.96019
2487822031.25,-27.95406
2487822187.5,-27.95325
2487822343.75,-27.95198
2487822500.0,-27.95514
2487822656.25,-27.94976
2487822812.5,-27.95178
2487822968.75,-27.95171
2487823125.0,-27.94833
2487823281.25,-27.95105
2487823437.5,-27.94659
2487823593.75,-27.95073
2487823750.0,-27.94489
2487823906.25,-27.94535
2487824062.5,-27.94614
2487824218.75,-27.94255
2487824375.0,-27.9421
2487824531.25,-27.93792
2487824687.5,-27.94514
2487824843.75,-27.9392
2487825000.0,-27.94376
2487825156.25,-27.94217
2487825312.5,-27.93941
2487825468.75,-27.9344
2487825625.0,-27.9369
2487825781.25,-27.93742
2487825937.5,-27.93755
2487826093.75,-27.93681
2487826250.0,-27.93481
2487826406.25,-27.93172
2487826562.5,-27.9315
2487826718.75,-27.93026
2487826875.0,-27.92868
2487827031.25,-27.93233
2487827187.5,-27.92916
2487827343.75,-27.93035
2487827500.0,-27.92831
2487827656.25,-27.92735
2487827812.5,-27.92761
2487827968.75,-27.92581
2487828125.0,-27.929
2487828281.25,-27.92836
2487828437.5,-27.92499
2487828593.75,-27.92456
2487828750.0,-27.92777
2487828906.25,-27.92309
2487829062.5,-27.92482
2487829218.75,-27.92203
2487829375.0,-27.92385
2487829531.25,-27.92188
2487829687.5,-27.921
2487829843.75,-27.92258
2487830000.0,-27.92156
2487830156.25,-27.91793
2487830312.5,-27.92136
2487830468.75,-27.91538
2487830625.0,-27.91688
2487830781.25,-27.91472
2487830937.5,-27.91695
2487831093.75,-27.9132
2487831250.0,-27.911
2487831406.25,-27.90995
2487831562.5,-27.91196
2487831718.75,-27.90833
2487831875.0,-27.91746
2487832031.25,-27.91002
2487832187.5,-27.90818
2487832343.75,-27.90978
2487832500.0,-27.90838
2487832656.25,-27.91058
2487832812.5,-27.90774
2487832968.75,-27.90833
2487833125.0,-27.90269
2487833281.25,-27.90349
2487833437.5,-27.90081
2487833593.75,-27.90202
2487833750.0,-27.90078
2487833906.25,-27.90596
2487834062.5,-27.90221
2487834218.75,-27.89992
2487834375.0,-27.90142
2487834531.25,-27.89984
2487834687.5,-27.90051
2487834843.75,-27.89976
2487835000.0,-27.89822
2487835156.25,-27.89874
2487835312.5,-27.90031
2487835468.75,-27.89239
2487835625.0,-27.89453
2487835781.25,-27.89485
2487835937.5,-27.88919
2487836093.75,-27.8906
2487836250.0,-27.89244
2487836406.25,-27.8892
2487836562.5,-27.88877
2487836718.75,-27.89545
2487836875.0,-27.89006
2487837031.25,-27.88763
2487837187.5,-27.88974
2487837343.75,-27.88424
2487837500.0,-27.88911
2487837656.25,-27.88851
2487837812.5,-27.88668
2487837968.75,-27.88462
2487838125.0,-27.88477
2487838281.25,-27.88224
2487838437.5,-27.8849
2487838593.75,-27.87986
2487838750.0,-27.88172
2487838906.25,-27.88108
2487839062.5,-27.87528
2487839218.75,-27.87955
2487839375.0,-27.87968
2487839531.25,-27.87654
2487839687.5,-27.87891
2487839843.75,-27.87946
2487840000.0,-27.88301
2487840156.25,-27.877
2487840312.5,-27.87104
2487840468.75,-27.87652
2487840625.0,-27.87488
2487840781.25,-27.87479
2487840937.5,-27.87064
2487841093.75,-27.87058
2487841250.0,-27.87096
2487841406.25,-27.87075
2487841562.5,-27.86943
2487841718.75,-27.87464
2487841875.0,-27.86952
2487842031.25,-27.86827
2487842187.5,-27.86815
2487842343.75,-27.86498
2487842500.0,-27.86269
2487842656.25,-27.86469
2487842812.5,-27.8642
2487842968.75,-27.86392
2487843125.0,-27.86422
2487843281.25,-27.86135
2487843437.5,-27.86163
2487843593.75,-27.8578
2487843750.0,-27.86504
2487843906.25,-27.86152
2487844062.5,-27.85528
2487844218.75,-27.85585
2487844375.0,-27.85251
2487844531.25,-27.85659
2487844687.5,-27.85565
2487844843.75,-27.85372
2487845000.0,-27.84983
2487845156.25,-27.85193
2487845312.5,-27.85051
2487845468.75,-27.84991
2487845625.0,-27.84977
2487845781.25,-27.84682
2487845937.5,-27.85036
2487846093.75,-27.8485
2487846250.0,-27.84599
2487846406.25,-27.84877
2487846562.5,-27.84683
2487846718.75,-27.84685
2487846875.0,-27.84573
2487847031.25,-27.84559
2487847187.5,-27.84463
2487847343.75,-27.84259
2487847500.0,-27.8449
2487847656.25,-27.84131
2487847812.5,-27.84004
2487847968.75,-27.83679
2487848125.0,-27.84003
2487848281.25,-27.84025
2487848437.5,-27.8392
2487848593.75,-27.83372
2487848750.0,-27.83835
2487848906.25,-27.8332
2487849062.5,-27.83335
2487849218.75,-27.8353
2487849375.0,-27.83168
2487849531.25,-27.83307
2487849687.5,-27.82815
2487849843.75,-27.83497
2487850000.0,-27.83392
2487850156.25,-27.83011
2487850312.5,-27.82887
2487850468.75,-27.82912
2487850625.0,-27.82521
2487850781.25,-27.8273
2487850937.5,-27.82923
2487851093.75,-27.8245
2487851250.0,-27.8263
2487851406.25,-27.83139
2487851562.5,-27.82363
2487851718.75,-27.82567
2487851875.0,-27.8234
2487852031.25,-27.8216
2487852187.5,-27.82115
2487852343.75,-27.82051
2487852500.0,-27.81864
2487852656.25,-27.81861
2487852812.5,-27.81601
2487852968.75,-27.81902
2487853125.0,-27.82009
2487853281.25,-27.81394
2487853437.5,-27.81758
2487853593.75,-27.81396
2487853750.0,-27.81462
2487853906.25,-27.81786
2487854062.5,-27.81296
2487854218.75,-27.81096
2487854375.0,-27.81022
2487854531.25,-27.8128
2487854687.5,-27.81017
2487854843.75,-27.80974
2487855000.0,-27.80811
2487855156.25,-27.80859
2487855312.5,-27.80665
2487855468.75,-27.80788
2487855625.0,-27.80445
2487855781.25,-27.80661
2487855937.5,-27.80358
2487856093.75,-27.8031
2487856250.0,-27.8046
2487856406.25,-27.80387
2487856562.5,-27.80297
2487856718.75,-27.80444
2487856875.0,-27.80195
2487857031.25,-27.79994
2487857187.5,-27.79665
2487857343.75,-27.79871
2487857500.0,-27.79602
2487857656.25,-27.7949
2487857812.5,-27.79728
2487857968.75,-27.79142
2487858125.0,-27.79486
2487858281.25,-27.79669
2487858437.5,-27.79504
2487858593.75,-27.79259
2487858750.0,-27.78923
2487858906.25,-27.79087
2487859062.5,-27.7934
2487859218.75,-27.7933
2487859375.0,-27.7944
2487859531.25,-27.78383
2487859687.5,-27.78532
2487859843.75,-27.78753
2487860000.0,-27.78563
2487860156.25,-27.78926
2487860312.5,-27.78779
2487860468.75,-27.78198
2487860625.0,-27.7882
2487860781.25,-27.78443
2487860937.5,-27.78087
2487861093.75,-27.78357
2487861250.0,-27.78006
2487861406.25,-27.77619
2487861562.5,-27.78316
2487861718.75,-27.78058
2487861875.0,-27.77559
2487862031.25,-27.77538
2487862187.5,-27.77674
2487862343.75,-27.77475
2487862500.0,-27.78098
2487862656.25,-27.77524
2487862812.5,-27.77403
2487862968.75,-27.77143
2487863125.0,-27.77328
2487863281.25,-27.76978
2487863437.5,-27.76818
2487863593.75,-27.77387
2487863750.0,-27.77202
2487863906.25,-27.76964
2487864062.5,-27.76904
2487864218.75,-27.7681
2487864375.0,-27.76855
2487864531.25,-27.76423
2487864687.5,-27.76742
2487864843.75,-27.76608
2487865000.0,-27.76346
2487865156.25,-27.76297
2487865312.5,-27.76423
2487865468.75,-27.76488
2487865625.0,-27.75874
2487865781.25,-27.76367
2487865937.5,-27.76126
2487866093.75,-27.76103
2487866250.0,-27.75961
2487866406.25,-27.75573
2487866562.5,-27.75758
2487866718.75,-27.75595
2487866875.0,-27.7571
2487867031.25,-27.75892
2487867187.5,-27.75462
2487867343.75,-27.75373
2487867500.0,-27.75391
2487867656.25,-27.75291
2487867812.5,-27.74909
2487867968.75,-27.75136
2487868125.0,-27.74735
2487868281.25,-27.75058
2487868437.5,-27.74509
2487868593.75,-27.75033
2487868750.0,-27.74925
2487868906.25,-27.74843
2487869062.5,-27.7471
2487869218.75,-27.74576
2487869375.0,-27.74758
2487869531.25,-27.74586
2487869687.5,-27.74826
2487869843.75,-27.74385
2487870000.0,-27.74212
2487870156.25,-27.74176
2487870312.5,-27.74033
2487870468.75,-27.74066
2487870625.0,-27.74396
2487870781.25,-27.74174
2487870937.5,-27.73981
2487871093.75,-27.73612
2487871250.0,-27.73746
2487871406.25,-27.73383
2487871562.5,-27.7384
2487871718.75,-27.73647
2487871875.0,-27.73236
2487872031.25,-27.72777
2487872187.5,-27.73091
2487872343.75,-27.7336
2487872500.0,-27.73472
2487872656.25,-27.73042
2487872812.5,-27.72979
2487872968.75,-27.73087
2487873125.0,-27.72638
2487873281.25,-27.72362
2487873437.5,-27.72784
2487873593.75,-27.72914
2487873750.0,-27.72458
2487873906.25,-27.7268
2487874062.5,-27.72296
2487874218.75,-27.72379
2487874375.0,-27.72406
2487874531.25,-27.71844
2487874687.5,-27.72707
2487874843.75,-27.72124
2487875000.0,-27.72036
2487875156.25,-27.71854
2487875312.5,-27.7199
2487875468.75,-27.71852
2487875625.0,-27.72039
2487875781.25,-27.71545
2487875937.5,-27.71228
2487876093.75,-27.71751
2487876250.0,-27.71549
2487876406.25,-27.71377
2487876562.5,-27.71179
2487876718.75,-27.71265
2487876875.0,-27.71019
2487877031.25,-27.71132
2487877187.5,-27.71041
2487877343.75,-27.70841
2487877500.0,-27.70867
2487877656.25,-27.70857
2487877812.5,-27.70869
2487877968.75,-27.70585
2487878125.0,-27.70961
2487878281.25,-27.70583
2487878437.5,-27.70633
2487878593.75,-27.70422
2487878750.0,-27.70147
2487878906.25,-27.70587
2487879062.5,-27.70434
2487879218.75,-27.70125
2487879375.0,-27.69919
2487879531.25,-27.70079
2487879687.5,-27.70028
2487879843.75,-27.69478
2487880000.0,-27.69868
2487880156.25,-27.6968
2487880312.5,-27.69679
2487880468.75,-27.69734
2487880625.0,-27.69411
2487880781.25,-27.69207
2487880937.5,-27.69268
2487881093.75,-27.68933
2487881250.0,-27.68884
2487881406.25,-27.68871
2487881562.5,-27.69158
2487881718.75,-27.6896
2487881875.0,-27.69192
2487882031.25,-27.68613
2487882187.5,-27.68881
2487882343.75,-27.68976
2487882500.0,-27.68586
2487882656.25,-27.68583
2487882812.5,-27.68717
2487882968.75,-27.68145
2487883125.0,-27.68605
2487883281.25,-27.68536
2487883437.5,-27.67987
2487883593.75,-27.68277
2487883750.0,-27.6804
2487883906.25,-27.67999
2487884062.5,-27.677
2487884218.75,-27.67823
2487884375.0,-27.67612
2487884531.25,-27.67824
2487884687.5,-27.67252
2487884843.75,-27.678
2487885000.0,-27.67647
2487885156.25,-27.67706
2487885312.5,-27.67484
2487885468.75,-27.67402
2487885625.0,-27.67084
2487885781.25,-27.67221
2487885937.5,-27.66831
2487886093.75,-27.67108
2487886250.0,-27.66998
2487886406.25,-27.66634
2487886562.5,-27.66819
2487886718.75,-27.66722
2487886875.0,-27.66735
2487887031.25,-27.66739
2487887187.5,-27.66618
2487887343.75,-27.66229
2487887500.0,-27.66189
2487887656.25,-27.66362
2487887812.5,-27.66175
2487887968.75,-27.66188
2487888125.0,-27.65764
2487888281.25,-27.65895
2487888437.5,-27.65582
2487888593.75,-27.66103
2487888750.0,-27.66223
2487888906.25,-27.66202
2487889062.5,-27.65194
2487889218.75,-27.65558
2487889375.0,-27.65439
2487889531.25,-27.6526
2487889687.5,-27.65127
2487889843.75,-27.65231
2487890000.0,-27.6515
2487890156.25,-27.65369
2487890312.5,-27.6512
2487890468.75,-27.64919
2487890625.0,-27.64986
2487890781.25,-27.65166
2487890937.5,-27.65046
2487891093.75,-27.6492
2487891250.0,-27.64609
2487891406.25,-27.64936
2487891562.5,-27.64602
2487891718.75,-27.64312
2487891875.0,-27.64373
2487892031.25,-27.64093
2487892187.5,-27.64037
2487892343.75,-27.64415
2487892500.0,-27.64115
2487892656.25,-27.64051
2487892812.5,-27.63849
2487892968.75,-27.6391
2487893125.0,-27.63708
2487893281.25,-27.63608
2487893437.5,-27.6346
2487893593.75,-27.63754
2487893750.0,-27.63318
2487893906.25,-27.63584
2487894062.5,-27.63079
2487894218.75,-27.62969
2487894375.0,-27.63173
2487894531.25,-27.63017
2487894687.5,-27.62941
2487894843.75,-27.63021
2487895000.0,-27.62804
2487895156.25,-27.62598
2487895312.5,-27.62865
2487895468.75,-27.62794
2487895625.0,-27.62578
2487895781.25,-27.62593
2487895937.5,-27.62518
2487896093.75,-27.62579
2487896250.0,-27.62102
2487896406.25,-27.62401
2487896562.5,-27.62112
2487896718.75,-27.62154
2487896875.0,-27.61925
2487897031.25,-27.61997
2487897187.5,-27.62059
2487897343.75,-27.62135
2487897500.0,-27.61465
2487897656.25,-27.61953
2487897812.5,-27.61771
2487897968.75,-27.61622
2487898125.0,-27.61594
2487898281.25,-27.61658
2487898437.5,-27.61485
2487898593.75,-27.6134
2487898750.0,-27.61408
2487898906.25,-27.61145
2487899062.5,-27.6116
2487899218.75,-27.60676
2487899375.0,-27.60924
2487899531.25,-27.60419
2487899687.5,-27.60731
2487899843.75,-27.60674
2487900000.0,-27.60452
2487900156.25,-27.60501
2487900312.5,-27.60925
2487900468.75,-27.60243
2487900625.0,-27.60452
2487900781.25,-27.60688
2487900937.5,-27.60235
2487901093.75,-27.59982
2487901250.0,-27.59924
2487901406.25,-27.59981
2487901562.5,-27.60059
2487901718.75,-27.59368
2487901875.0,-27.5988
2487902031.25,-27.5998
2487902187.5,-27.59372
2487902343.75,-27.59551
2487902500.0,-27.59127
2487902656.25,-27.59172
2487902812.5,-27.5952
2487902968.75,-27.59552
2487903125.0,-27.59167
2487903281.25,-27.59019
2487903437.5,-27.59414
2487903593.75,-27.58917
2487903750.0,-27.58639
2487903906.25,-27.59181
2487904062.5,-27.58639
2487904218.75,-27.5898
2487904375.0,-27.58804
2487904531.25,-27.58831
2487904687.5,-27.58222
2487904843.75,-27.58392
2487905000.0,-27.58509
2487905156.25,-27.58642
2487905312.5,-27.57898
2487905468.75,-27.5795
2487905625.0,-27.58117
2487905781.25,-27.58121
2487905937.5,-27.57668
2487906093.75,-27.58138
2487906250.0,-27.58029
2487906406.25,-27.58037
2487906562.5,-27.57407
2487906718.75,-27.57604
2487906875.0,-27.5717
2487907031.25,-27.57228
2487907187.5,-27.57582
2487907343.75,-27.57437
2487907500.0,-27.57238
2487907656.25,-27.57109
2487907812.5,-27.57422
2487907968.75,-27.57478
2487908125.0,-27.5631
2487908281.25,-27.57129
2487908437.5,-27.56493
2487908593.75,-27.56996
2487908750.0,-27.56522
2487908906.25,-27.56501
2487909062.5,-27.5678
2487909218.75,-27.56477
2487909375.0,-27.56683
2487909531.25,-27.56179
2487909687.5,-27.56392
2487909843.75,-27.56011
2487910000.0,-27.5604
2487910156.25,-27.56193
2487910312.5,-27.55906
2487910468.75,-27.5581
2487910625.0,-27.55791
2487910781.25,-27.55442
2487910937.5,-27.55871
2487911093.75,-27.55544
2487911250.0,-27.55343
2487911406.25,-27.55457
2487911562.5,-27.55387
2487911718.75,-27.55378
2487911875.0,-27.55261
2487912031.25,-27.55447
2487912187.5,-27.55344
2487912343.75,-27.55185
2487912500.0,-27.54779
2487912656.25,-27.55013
2487912812.5,-27.5497
2487912968.75,-27.54534
2487913125.0,-27.54846
2487913281.25,-27.54395
2487913437.5,-27.54581
2487913593.75,-27.54658
2487913750.0,-27.54473
2487913906.25,-27.54519
2487914062.5,-27.54321
2487914218.75,-27.54133
2487914375.0,-27.53925
2487914531.25,-27.54319
2487914687.5,-27.53809
2487914843.75,-27.54246
2487915000.0,-27.53825
2487915156.25,-27.5395
2487915312.5,-27.54027
2487915468.75,-27.53473
2487915625.0,-27.53493
2487915781.25,-27.53441
2487915937.5,-27.53469
2487916093.75,-27.53163
2487916250.0,-27.53158
2487916406.25,-27.5315
2487916562.5,-27.53032
2487916718.75,-27.53312
2487916875.0,-27.53061
2487917031.25,-27.52632
2487917187.5,-27.52448
2487917343.75,-27.5284
2487917500.0,-27.52653
2487917656.25,-27.5282
2487917812.5,-27.52523
2487917968.75,-27.52375
2487918125.0,-27.5245
2487918281.25,-27.52349
2487918437.5,-27.51683
2487918593.75,-27.5209
2487918750.0,-27.52052
2487918906.25,-27.52089
2487919062.5,-27.52127
2487919218.75,-27.51787
2487919375.0,-27.51529
2487919531.25,-27.51713
2487919687.5,-27.51425
2487919843.75,-27.5159
2487920000.0,-27.51435
2487920156.25,-27.51473
2487920312.5,-27.51429
2487920468.75,-27.51739
2487920625.0,-27.5136
2487920781.25,-27.51171
2487920937.5,-27.51023
2487921093.75,-27.51126
2487921250.0,-27.50907
2487921406.25,-27.50752
2487921562.5,-27.50647
2487921718.75,-27.50969
2487921875.0,-27.50621
2487922031.25,-27.50372
2487922187.5,-27.50831
2487922343.75,-27.50499
2487922500.0,-27.502
2487922656.25,-27.50194
2487922812.5,-27.50406
2487922968.75,-27.50089
2487923125.0,-27.49757
2487923281.25,-27.50245
2487923437.5,-27.5005
2487923593.75,-27.49946
2487923750.0,-27.49536
2487923906.25,-27.49637
2487924062.5,-27.5001
2487924218.75,-27.4944
2487924375.0,-27.493
2487924531.25,-27.49189
2487924687.5,-27.49337
2487924843.75,-27.49212
2487925000.0,-27.48819
2487925156.25,-27.49547
2487925312.5,-27.49327
2487925468.75,-27.49588
2487925625.0,-27.49047
2487925781.25,-27.48994
2487925937.5,-27.48629
2487926093.75,-27.48459
2487926250.0,-27.48505
2487926406.25,-27.48476
2487926562.5,-27.48297
2487926718.75,-27.4855
2487926875.0,-27.48704
2487927031.25,-27.48389
2487927187.5,-27.47936
2487927343.75,-27.48062
2487927500.0,-27.47424
2487927656.25,-27.47779
2487927812.5,-27.48048
2487927968.75,-27.47849
2487928125.0,-27.47728
2487928281.25,-27.47891
2487928437.5,-27.47696
2487928593.75,-27.47449
2487928750.0,-27.47438
2487928906.25,-27.47469
2487929062.5,-27.47372
2487929218.75,-27.47276
2487929375.0,-27.47304
2487929531.25,-27.46985
2487929687.5,-27.47116
2487929843.75,-27.46883
2487930000.0,-27.4642
2487930156.25,-27.47067
2487930312.5,-27.46736
2487930468.75,-27.46753
2487930625.0,-27.46713
2487930781.25,-27.46449
2487930937.5,-27.46517
2487931093.75,-27.46379
2487931250.0,-27.46281
2487931406.25,-27.45936
2487931562.5,-27.45783
2487931718.75,-27.46066
2487931875.0,-27.46235
2487932031.25,-27.46489
2487932187.5,-27.45901
2487932343.75,-27.45942
2487932500.0,-27.4569
2487932656.25,-27.45392
2487932812.5,-27.45846
2487932968.75,-27.45532
2487933125.0,-27.45383
2487933281.25,-27.4536
2487933437.5,-27.45625
2487933593.75,-27.45544
2487933750.0,-27.45321
2487933906.25,-27.45014
2487934062.5,-27.4505
2487934218.75,-27.45001
2487934375.0,-27.449
2487934531.25,-27.45176
2487934687.5,-27.44822
2487934843.75,-27.44598
2487935000.0,-27.44873
2487935156.25,-27.44816
2487935312.5,-27.44316
2487935468.75,-27.44522
2487935625.0,-27.44574
2487935781.25,-27.44122
2487935937.5,-27.43959
2487936093.75,-27.44045
2487936250.0,-27.43669
2487936406.25,-27.44015
2487936562.5,-27.43825
2487936718.75,-27.43815
2487936875.0,-27.43653
2487937031.25,-27.4398
2487937187.5,-27.43871
2487937343.75,-27.43681
2487937500.0,-27.43874
2487937656.25,-27.43789
2487937812.5,-27.43318
2487937968.75,-27.43328
2487938125.0,-27.43248
2487938281.25,-27.42918
2487938437.5,-27.42898
2487938593.75,-27.43017
2487938750.0,-27.4248
2487938906.25,-27.42603
2487939062.5,-27.42682
2487939218.75,-27.42509
2487939375.0,-27.42354
2487939531.25,-27.42577
2487939687.5,-27.42148
2487939843.75,-27.42622
2487940000.0,-27.42043
2487940156.25,-27.42232
2487940312.5,-27.42167
2487940468.75,-27.42334
2487940625.0,-27.41858
2487940781.25,-27.41632
2487940937.5,-27.41826
2487941093.75,-27.41516
2487941250.0,-27.41972
2487941406.25,-27.4155
2487941562.5,-27.41757
2487941718.75,-27.41273
2487941875.0,-27.41429
2487942031.25,-27.41143
2487942187.5,-27.41419
2487942343.75,-27.41071
2487942500.0,-27.41177
2487942656.25,-27.41161
2487942812.5,-27.41469
2487942968.75,-27.41109
2487943125.0,-27.40841
2487943281.25,-27.404
2487943437.5,-27.40761
2487943593.75,-27.40477
2487943750.0,-27.40782
2487943906.25,-27.40359
2487944062.5,-27.40452
2487944218.75,-27.40138
2487944375.0,-27.40323
2487944531.25,-27.40242
2487944687.5,-27.40155
2487944843.75,-27.40314
2487945000.0,-27.40032
2487945156.25,-27.39983
2487945312.5,-27.39831
2487945468.75,-27.39748
2487945625.0,-27.39527
2487945781.25,-27.39729
2487945937.5,-27.39819
2487946093.75,-27.39666
2487946250.0,-27.39451
2487946406.25,-27.391
2487946562.5,-27.39347
2487946718.75,-27.39246
2487946875.0,-27.38975
2487947031.25,-27.38904
2487947187.5,-27.39203
2487947343.75,-27.38923
2487947500.0,-27.38701
2487947656.25,-27.38854
2487947812.5,-27.3849
2487947968.75,-27.3832
2487948125.0,-27.38363
2487948281.25,-27.38396
2487948437.5,-27.38498
2487948593.75,-27.38419
2487948750.0,-27.38273
2487948906.25,-27.37626
2487949062.5,-27.38218
2487949218.75,-27.37781
2487949375.0,-27.37696
2487949531.25,-27.37856
2487949687.5,-27.37951
2487949843.75,-27.37819
2487950000.0,-27.3783
2487950156.25,-27.3778
2487950312.5,-27.37457
2487950468.75,-27.37327
2487950625.0,-27.37701
2487950781.25,-27.37258
2487950937.5,-27.37187
2487951093.75,-27.37306
2487951250.0,-27.37279
2487951406.25,-27.37124
2487951562.5,-27.36909
2487951718.75,-27.36757
2487951875.0,-27.36964
2487952031.25,-27.36949
2487952187.5,-27.36528
2487952343.75,-27.36632
2487952500.0,-27.36608
2487952656.25,-27.36373
2487952812.5,-27.36377
2487952968.75,-27.36405
2487953125.0,-27.36427
2487953281.25,-27.36061
2487953437.5,-27.36139
2487953593.75,-27.3586
2487953750.0,-27.36269
2487953906.25,-27.35999
2487954062.5,-27.3583
2487954218.75,-27.35592
2487954375.0,-27.35481
2487954531.25,-27.3592
2487954687.5,-27.35475
2487954843.75,-27.35348
2487955000.0,-27.35838
2487955156.25,-27.35104
2487955312.5,-27.35461
2487955468.75,-27.34746
2487955625.0,-27.3513
2487955781.25,-27.34874
2487955937.5,-27.348
2487956093.75,-27.34555
2487956250.0,-27.34549
2487956406.25,-27.34737
2487956562.5,-27.34441
2487956718.75,-27.34268
2487956875.0,-27.34188
2487957031.25,-27.34226
2487957187.5,-27.34334
2487957343.75,-27.34648
2487957500.0,-27.34045
2487957656.25,-27.33984
2487957812.5,-27.33886
2487957968.75,-27.33909
2487958125.0,-27.33934
2487958281.25,-27.33719
2487958437.5,-27.33703
2487958593.75,-27.33768
2487958750.0,-27.33959
2487958906.25,-27.3367
2487959062.5,-27.33778
2487959218.75,-27.33501
2487959375.0,-27.32899
2487959531.25,-27.33221
2487959687.5,-27.33113
2487959843.75,-27.32917
2487960000.0,-27.33032
2487960156.25,-27.33266
2487960312.5,-27.32464
2487960468.75,-27.32691
2487960625.0,-27.32599
2487960781.25,-27.32445
2487960937.5,-27.3245
2487961093.75,-27.32686
2487961250.0,-27.32232
2487961406.25,-27.32032
2487961562.5,-27.32276
2487961718.75,-27.32255
2487961875.0,-27.31745
2487962031.25,-27.32222
2487962187.5,-27.31984
2487962343.75,-27.32093
2487962500.0,-27.31646
2487962656.25,-27.31967
2487962812.5,-27.31489
2487962968.75,-27.31778
2487963125.0,-27.31516
2487963281.25,-27.3163
2487963437.5,-27.31648
2487963593.75,-27.31498
2487963750.0,-27.30893
2487963906.25,-27.31333
2487964062.5,-27.31171
2487964218.75,-27.30777
2487964375.0,-27.30836
2487964531.25,-27.31025
2487964687.5,-27.30893
2487964843.75,-27.30479
2487965000.0,-27.304
2487965156.25,-27.30659
2487965312.5,-27.30497
2487965468.75,-27.30271
2487965625.0,-27.30263
2487965781.25,-27.3028
2487965937.5,-27.30089
2487966093.75,-27.29692
2487966250.0,-27.30156
2487966406.25,-27.30035
2487966562.5,-27.29846
2487966718.75,-27.29832
2487966875.0,-27.29588
2487967031.25,-27.29632
2487967187.5,-27.29406
2487967343.75,-27.29354
2487967500.0,-27.29678
2487967656.25,-27.29309
2487967812.5,-27.29217
2487967968.75,-27.29078
2487968125.0,-27.28816
2487968281.25,-27.28824
2487968437.5,-27.29117
2487968593.75,-27.29198
2487968750.0,-27.28591
2487968906.25,-27.28622
2487969062.5,-27.28541
2487969218.75,-27.28654
2487969375.0,-27.2883
2487969531.25,-27.28466
2487969687.5,-27.28308
2487969843.75,-27.28052
2487970000.0,-27.28416
2487970156.25,-27.2865
2487970312.5,-27.27999
2487970468.75,-27.28062
2487970625.0,-27.2769
2487970781.25,-27.28392
2487970937.5,-27.27882
2487971093.75,-27.27846
2487971250.0,-27.27447
2487971406.25,-27.27818
2487971562.5,-27.27577
2487971718.75,-27.27271
2487971875.0,-27.27466
2487972031.25,-27.27368
2487972187.5,-27.27013
2487972343.75,-27.27002
2487972500.0,-27.26822
2487972656.25,-27.2717
2487972812.5,-27.2711
2487972968.75,-27.26982
2487973125.0,-27.26634
2487973281.25,-27.27011
2487973437.5,-27.26672
2487973593.75,-27.2677
2487973750.0,-27.26395
2487973906.25,-27.26143
2487974062.5,-27.2607
2487974218.75,-27.264
2487974375.0,-27.2622
2487974531.25,-27.26371
2487974687.5,-27.26202
2487974843.75,-27.26147
2487975000.0,-27.25708
2487975156.25,-27.2565
2487975312.5,-27.25664
2487975468.75,-27.25612
2487975625.0,-27.2602
2487975781.25,-27.25702
2487975937.5,-27.25587
2487976093.75,-27.25469
2487976250.0,-27.25044
2487976406.25,-27.2547
2487976562.5,-27.25342
2487976718.75,-27.25071
2487976875.0,-27.24765
2487977031.25,-27.24893
2487977187.5,-27.25172
2487977343.75,-27.24919
2487977500.0,-27.24797
2487977656.25,-27.24422
2487977812.5,-27.24548
2487977968.75,-27.24585
2487978125.0,-27.24576
2487978281.25,-27.24101
2487978437.5,-27.2422
2487978593.75,-27.24296
2487978750.0,-27.2405
2487978906.25,-27.2424
2487979062.5,-27.23692
2487979218.75,-27.23973
2487979375.0,-27.23613
2487979531.25,-27.23786
2487979687.5,-27.23658
2487979843.75,-27.23529
2487980000.0,-27.23809
2487980156.25,-27.23905
2487980312.5,-27.22975
2487980468.75,-27.23274
2487980625.0,-27.23126
2487980781.25,-27.22874
2487980937.5,-27.23025
2487981093.75,-27.22475
2487981250.0,-27.23033
2487981406.25,-27.22913
2487981562.5,-27.22819
2487981718.75,-27.22505
2487981875.0,-27.22466
2487982031.25,-27.22646
2487982187.5,-27.22757
2487982343.75,-27.22292
2487982500.0,-27.22091
2487982656.25,-27.22008
2487982812.5,-27.21846
2487982968.75,-27.22387
2487983125.0,-27.22238
2487983281.25,-27.22256
2487983437.5,-27.2202
2487983593.75,-27.22084
2487983750.0,-27.21937
2487983906.25,-27.21842
2487984062.5,-27.21633
2487984218.75,-27.21352
2487984375.0,-27.21381
2487984531.25,-27.2144
2487984687.5,-27.21164
2487984843.75,-27.21603
2487985000.0,-27.21108
2487985156.25,-27.21384
2487985312.5,-27.21479
2487985468.75,-27.2059
2487985625.0,-27.2083
2487985781.25,-27.20807
2487985937.5,-27.20918
2487986093.75,-27.21057
2487986250.0,-27.20545
2487986406.25,-27.20812
2487986562.5,-27.20467
2487986718.75,-27.20298
2487986875.0,-27.20306
2487987031.25,-27.20608
2487987187.5,-27.20288
2487987343.75,-27.19996
2487987500.0,-27.20014
2487987656.25,-27.19681
2487987812.5,-27.20196
2487987968.75,-27.20052
2487988125.0,-27.19294
2487988281.25,-27.19732
2487988437.5,-27.19774
2487988593.75,-27.19575
2487988750.0,-27.19392
2487988906.25,-27.19171
2487989062.5,-27.19056
2487989218.75,-27.19306
2487989375.0,-27.18725
2487989531.25,-27.18851
2487989687.5,-27.18869
2487989843.75,-27.18778
2487990000.0,-27.1855
2487990156.25,-27.18841
2487990312.5,-27.18561
2487990468.75,-27.18483
2487990625.0,-27.18869
2487990781.25,-27.18184
2487990937.5,-27.18581
2487991093.75,-27.18298
2487991250.0,-27.18001
2487991406.25,-27.17704
2487991562.5,-27.17896
2487991718.75,-27.17911
2487991875.0,-27.1787
2487992031.25,-27.17717
2487992187.5,-27.17779
2487992343.75,-27.17828
2487992500.0,-27.17179
2487992656.25,-27.17308
2487992812.5,-27.17538
2487992968.75,-27.17168
2487993125.0,-27.17377
2487993281.25,-27.17107
2487993437.5,-27.17428
2487993593.75,-27.16856
2487993750.0,-27.17047
2487993906.25,-27.17085
2487994062.5,-27.17143
2487994218.75,-27.16778
2487994375.0,-27.16707
2487994531.25,-27.16537
2487994687.5,-27.16639
2487994843.75,-27.16725
2487995000.0,-27.16402
2487995156.25,-27.16488
2487995312.5,-27.15623
2487995468.75,-27.16287
2487995625.0,-27.16201
2487995781.25,-27.15975
2487995937.5,-27.16177
2487996093.75,-27.15802
2487996250.0,-27.15317
2487996406.25,-27.15698
2487996562.5,-27.1579
2487996718.75,-27.15312
2487996875.0,-27.15685
2487997031.25,-27.15263
2487997187.5,-27.15183
2487997343.75,-27.15394
2487997500.0,-27.15371
2487997656.25,-27.15169
2487997812.5,-27.15047
2487997968.75,-27.14978
2487998125.0,-27.14896
2487998281.25,-27.14798
2487998437.5,-27.14579
2487998593.75,-27.14596
2487998750.0,-27.14744
2487998906.25,-27.14423
2487999062.5,-27.14238
2487999218.75,-27.14028
2487999375.0,-27.14196
2487999531.25,-27.14587
2487999687.5,-27.14148
2487999843.75,-27.14013
2488000000.0,-27.14056
2488000156.25,-27.14404
2488000312.5,-27.13984
2488000468.75,-27.14051
2488000625.0,-27.13343
2488000781.25,-27.13722
2488000937.5,-27.13497
2488001093.75,-27.13798
2488001250.0,-27.13296
2488001406.25,-27.13262
2488001562.5,-27.13139
2488001718.75,-27.13436
2488001875.0,-27.12914
2488002031.25,-27.13116
2488002187.5,-27.12785
2488002343.75,-27.13053
2488002500.0,-27.1277
2488002656.25,-27.12652
2488002812.5,-27.12721
2488002968.75,-27.12602
2488003125.0,-27.12227
2488003281.25,-27.12108
2488003437.5,-27.12607
2488003593.75,-27.12358
2488003750.0,-27.11952
2488003906.25,-27.12123
2488004062.5,-27.11884
2488004218.75,-27.11782
2488004375.0,-27.11921
2488004531.25,-27.11679
2488004687.5,-27.11807
2488004843.75,-27.11251
2488005000.0,-27.11481
2488005156.25,-27.11491
2488005312.5,-27.11276
2488005468.75,-27.11188
2488005625.0,-27.11213
2488005781.25,-27.11382
2488005937.5,-27.11147
2488006093.75,-27.10904
2488006250.0,-27.10798
2488006406.25,-27.10787
2488006562.5,-27.1079
2488006718.75,-27.1073
2488006875.0,-27.10653
2488007031.25,-27.10812
2488007187.5,-27.10378
2488007343.75,-27.10914
2488007500.0,-27.10356
2488007656.25,-27.10259
2488007812.5,-27.10177
2488007968.75,-27.10095
2488008125.0,-27.09889
2488008281.25,-27.10045
2488008437.5,-27.09624
2488008593.75,-27.09801
2488008750.0,-27.09184
2488008906.25,-27.09642
2488009062.5,-27.09722
2488009218.75,-27.09489
2488009375.0,-27.09841
2488009531.25,-27.09488
2488009687.5,-27.0883
2488009843.75,-27.09045
2488010000.0,-27.09102
2488010156.25,-27.09177
2488010312.5,-27.09035
2488010468.75,-27.08814
2488010625.0,-27.08287
2488010781.25,-27.08643
2488010937.5,-27.08702
2488011093.75,-27.08806
2488011250.0,-27.08718
2488011406.25,-27.08801
2488011562.5,-27.08675
2488011718.75,-27.08161
2488011875.0,-27.08173
2488012031.25,-27.08184
2488012187.5,-27.08226
2488012343.75,-27.07679
2488012500.0,-27.07872
2488012656.25,-27.07847
2488012812.5,-27.07871
2488012968.75,-27.07286
2488013125.0,-27.07477
2488013281.25,-27.07982
2488013437.5,-27.07508
2488013593.75,-27.07203
2488013750.0,-27.07246
2488013906.25,-27.07089
2488014062.5,-27.07318
2488014218.75,-27.07362
2488014375.0,-27.06771
2488014531.25,-27.0675
2488014687.5,-27.07075
2488014843.75,-27.06996
2488015000.0,-27.06616
2488015156.25,-27.06474
2488015312.5,-27.06159
2488015468.75,-27.06439
2488015625.0,-27.06391
2488015781.25,-27.06452
2488015937.5,-27.06259
2488016093.75,-27.06429
2488016250.0,-27.06449
2488016406.25,-27.05952
2488016562.5,-27.05995
2488016718.75,-27.05853
2488016875.0,-27.05609
2488017031.25,-27.05775
2488017187.5,-27.05646
2488017343.75,-27.05705
2488017500.0,-27.05628
2488017656.25,-27.05327
2488017812.5,-27.05268
2488017968.75,-27.05242
2488018125.0,-27.05075
2488018281.25,-27.05186
2488018437.5,-27.05039
2488018593.75,-27.04744
2488018750.0,-27.04989
2488018906.25,-27.04799
2488019062.5,-27.045
2488019218.75,-27.04826
2488019375.0,-27.04892
2488019531.25,-27.04936
2488019687.5,-27.04398
2488019843.75,-27.04347
2488020000.0,-27.04234
2488020156.25,-27.03833
2488020312.5,-27.04017
2488020468.75,-27.0384
2488020625.0,-27.04294
2488020781.25,-27.03959
2488020937.5,-27.04113
2488021093.75,-27.03846
2488021250.0,-27.03282
2488021406.25,-27.03522
2488021562.5,-27.03542
2488021718.75,-27.03581
2488021875.0,-27.03198
2488022031.25,-27.03224
2488022187.5,-27.03447
2488022343.75,-27.03536
2488022500.0,-27.02746
2488022656.25,-27.03081
2488022812.5,-27.02877
2488022968.75,-27.02839
2488023125.0,-27.02859
2488023281.25,-27.02637
2488023437.5,-27.02808
2488023593.75,-27.02538
2488023750.0,-27.02646
2488023906.25,-27.02592
2488024062.5,-27.02551
2488024218.75,-27.02125
2488024375.0,-27.02094
2488024531.25,-27.02283
2488024687.5,-27.01829
2488024843.75,-27.01833
2488025000.0,-27.01466
2488025156.25,-27.01896
2488025312.5,-27.02007
2488025468.75,-27.01788
2488025625.0,-27.0187
2488025781.25,-27.01753
2488025937.5,-27.01383
2488026093.75,-27.01303
2488026250.0,-27.01642
2488026406.25,-27.01435
2488026562.5,-27.0136
2488026718.75,-27.01361
2488026875.0,-27.00883
2488027031.25,-27.01329
2488027187.5,-27.00603
2488027343.75,-27.00876
2488027500.0,-27.0066
2488027656.25,-27.00574
2488027812.5,-27.00502
2488027968.75,-27.00232
2488028125.0,-27.00325
2488028281.25,-27.00035
2488028437.5,-27.00676
2488028593.75,-26.99992
2488028750.0,-27.00253
2488028906.25,-27.00305
2488029062.5,-26.99833
2488029218.75,-26.99954
2488029375.0,-26.99524
2488029531.25,-26.99539
2488029687.5,-26.99823
2488029843.75,-26.98985
2488030000.0,-26.99502
2488030156.25,-26.996
2488030312.5,-26.99076
2488030468.75,-26.99326
2488030625.0,-26.9926
2488030781.25,-26.9871
2488030937.5,-26.99025
2488031093.75,-26.99089
2488031250.0,-26.98896
2488031406.25,-26.99022
2488031562.5,-26.98731
2488031718.75,-26.98743
2488031875.0,-26.98892
2488032031.25,-26.98421
2488032187.5,-26.98426
2488032343.75,-26.98624
2488032500.0,-26.98133
2488032656.25,-26.98305
2488032812.5,-26.9814
2488032968.75,-26.98002
2488033125.0,-26.98309
2488033281.25,-26.98154
2488033437.5,-26.9801
2488033593.75,-26.97839
2488033750.0,-26.97564
2488033906.25,-26.97491
2488034062.5,-26.97432
2488034218.75,-26.97525
2488034375.0,-26.97448
2488034531.25,-26.97199
2488034687.5,-26.97188
2488034843.75,-26.9684
2488035000.0,-26.97068
2488035156.25,-26.96827
2488035312.5,-26.96533
2488035468.75,-26.96542
2488035625.0,-26.96627
2488035781.25,-26.96589
2488035937.5,-26.96778
2488036093.75,-26.96387
2488036250.0,-26.96447
2488036406.25,-26.96272
2488036562.5,-26.96489
2488036718.75,-26.96111
2488036875.0,-26.96229
2488037031.25,-26.96105
2488037187.5,-26.96183
2488037343.75,-26.96017
2488037500.0,-26.95788
2488037656.25,-26.96
2488037812.5,-26.95887
2488037968.75,-26.95457
2488038125.0,-26.95309
2488038281.25,-26.9542
2488038437.5,-26.95208
2488038593.75,-26.95151
2488038750.0,-26.95364
2488038906.25,-26.953
2488039062.5,-26.95152
2488039218.75,-26.95269
2488039375.0,-26.94799
2488039531.25,-26.94302
2488039687.5,-26.94906
2488039843.75,-26.94614
2488040000.0,-26.94885
2488040156.25,-26.94353
2488040312.5,-26.94541
2488040468.75,-26.94339
2488040625.0,-26.94188
2488040781.25,-26.94355
2488040937.5,-26.93772
2488041093.75,-26.94139
2488041250.0,-26.93931
2488041406.25,-26.94034
2488041562.5,-26.93446
2488041718.75,-26.93728
2488041875.0,-26.93682
2488042031.25,-26.93551
2488042187.5,-26.93768
2488042343.75,-26.93535
2488042500.0,-26.93642
2488042656.25,-26.92919
2488042812.5,-26.93316
2488042968.75,-26.93166
2488043125.0,-26.93073
2488043281.25,-26.93259
2488043437.5,-26.93004
2488043593.75,-26.92749
2488043750.0,-26.92658
2488043906.25,-26.92554
2488044062.5,-26.92815
2488044218.75,-26.92615
2488044375.0,-26.92645
2488044531.25,-26.92435
2488044687.5,-26.92401
2488044843.75,-26.92328
2488045000.0,-26.92096
2488045156.25,-26.92167
2488045312.5,-26.91832
2488045468.75,-26.91888
2488045625.0,-26.91907
2488045781.25,-26.92029
2488045937.5,-26.91509
2488046093.75,-26.91657
2488046250.0,-26.91539
2488046406.25,-26.91491
2488046562.5,-26.91559
2488046718.75,-26.91069
2488046875.0,-26.91045
2488047031.25,-26.9081
2488047187.5,-26.90896
2488047343.75,-26.90806
2488047500.0,-26.90693
2488047656.25,-26.91083
2488047812.5,-26.90716
2488047968.75,-26.90612
2488048125.0,-26.90585
2488048281.25,-26.90523
2488048437.5,-26.9072
2488048593.75,-26.90296
2488048750.0,-26.89995
2488048906.25,-26.9031
2488049062.5,-26.90162
2488049218.75,-26.90684
2488049375.0,-26.90211
2488049531.25,-26.89827
2488049687.5,-26.89868
2488049843.75,-26.89627
2488050000.0,-26.89497
2488050156.25,-26.89509
2488050312.5,-26.89713
2488050468.75,-26.89451
2488050625.0,-26.89233
2488050781.25,-26.89287
2488050937.5,-26.89021
2488051093.75,-26.89038
2488051250.0,-26.89261
2488051406.25,-26.88747
2488051562.5,-26.88913
2488051718.75,-26.8895
2488051875.0,-26.88411
2488052031.25,-26.88874
2488052187.5,-26.89146
2488052343.75,-26.8831
2488052500.0,-26.88086
2488052656.25,-26.88808
2488052812.5,-26.88564
2488052968.75,-26.88416
2488053125.0,-26.87953
2488053281.25,-26.88064
2488053437.5,-26.87999
2488053593.75,-26.88009
2488053750.0,-26.87731
2488053906.25,-26.885
2488054062.5,-26.87484
2488054218.75,-26.88008
2488054375.0,-26.87394
2488054531.25,-26.87562
2488054687.5,-26.87134
2488054843.75,-26.87163
2488055000.0,-26.8754
2488055156.25,-26.87251
2488055312.5,-26.87382
2488055468.75,-26.87187
2488055625.0,-26.86588
2488055781.25,-26.86682
2488055937.5,-26.87182
2488056093.75,-26.86921
2488056250.0,-26.86456
2488056406.25,-26.86557
2488056562.5,-26.86144
2488056718.75,-26.86201
2488056875.0,-26.86653
2488057031.25,-26.8644
2488057187.5,-26.8631
2488057343.75,-26.86253
2488057500.0,-26.85416
2488057656.25,-26.85767
2488057812.5,-26.85724
2488057968.75,-26.85649
2488058125.0,-26.85372
2488058281.25,-26.85578
2488058437.5,-26.8555
2488058593.75,-26.85413
2488058750.0,-26.84906
2488058906.25,-26.85577
2488059062.5,-26.84791
2488059218.75,-26.85333
2488059375.0,-26.84839
2488059531.25,-26.85003
2488059687.5,-26.84636
2488059843.75,-26.84811
2488060000.0,-26.84636
2488060156.25,-26.84782
2488060312.5,-26.84735
2488060468.75,-26.84514
2488060625.0,-26.84242
2488060781.25,-26.84338
2488060937.5,-26.84128
2488061093.75,-26.84321
2488061250.0,-26.84273
2488061406.25,-26.83924
2488061562.5,-26.83908
2488061718.75,-26.84001
2488061875.0,-26.83912
2488062031.25,-26.8351
2488062187.5,-26.83527
2488062343.75,-26.83474
2488062500.0,-26.8355
2488062656.25,-26.83289
2488062812.5,-26.83246
2488062968.75,-26.83353
2488063125.0,-26.8296
2488063281.25,-26.82981
2488063437.5,-26.83025
2488063593.75,-26.82868
2488063750.0,-26.82584
2488063906.25,-26.82526
2488064062.5,-26.82848
2488064218.75,-26.82487
2488064375.0,-26.82441
2488064531.25,-26.8242
2488064687.5,-26.82241
2488064843.75,-26.82314
2488065000.0,-26.82398
2488065156.25,-26.82399
2488065312.5,-26.81981
2488065468.75,-26.8196
2488065625.0,-26.81819
2488065781.25,-26.82029
2488065937.5,-26.81582
2488066093.75,-26.81856
2488066250.0,-26.81401
2488066406.25,-26.81489
2488066562.5,-26.81752
2488066718.75,-26.81428
2488066875.0,-26.81514
2488067031.25,-26.81155
2488067187.5,-26.81055
2488067343.75,-26.81145
2488067500.0,-26.8126
2488067656.25,-26.81031
2488067812.5,-26.8073
2488067968.75,-26.81041
2488068125.0,-26.80829
2488068281.25,-26.80367
2488068437.5,-26.8083
2488068593.75,-26.80694
2488068750.0,-26.8026
2488068906.25,-26.80238
2488069062.5,-26.80348
2488069218.75,-26.80258
2488069375.0,-26.80192
2488069531.25,-26.79983
2488069687.5,-26.79705
2488069843.75,-26.79771
2488070000.0,-26.79519
2488070156.25,-26.8006
2488070312.5,-26.79698
2488070468.75,-26.79473
2488070625.0,-26.79549
2488070781.25,-26.79356
2488070937.5,-26.79576
2488071093.75,-26.79024
2488071250.0,-26.79245
2488071406.25,-26.78699
2488071562.5,-26.79202
2488071718.75,-26.79215
2488071875.0,-26.78792
2488072031.25,-26.78475
2488072187.5,-26.78567
2488072343.75,-26.78732
2488072500.0,-26.78331
2488072656.25,-26.78476
2488072812.5,-26.78077
2488072968.75,-26.78528
2488073125.0,-26.7864
2488073281.25,-26.77789
2488073437.5,-26.7788
2488073593.75,-26.77553
2488073750.0,-26.77728
2488073906.25,-26.77589
2488074062.5,-26.77826
2488074218.75,-26.77483
2488074375.0,-26.77552
2488074531.25,-26.77545
2488074687.5,-26.77658
2488074843.75,-26.77374
2488075000.0,-26.77038
2488075156.25,-26.76934
2488075312.5,-26.77404
2488075468.75,-26.76994
2488075625.0,-26.77317
2488075781.25,-26.76874
2488075937.5,-26.76734
2488076093.75,-26.76527
2488076250.0,-26.76999
2488076406.25,-26.76477
2488076562.5,-26.76505
2488076718.75,-26.76294
2488076875.0,-26.76134
2488077031.25,-26.76243
2488077187.5,-26.75892
2488077343.75,-26.76027
2488077500.0,-26.76377
2488077656.25,-26.75623
2488077812.5,-26.75641
2488077968.75,-26.76167
2488078125.0,-26.75782
2488078281.25,-26.75323
2488078437.5,-26.75647
2488078593.75,-26.75451
2488078750.0,-26.75355
2488078906.25,-26.75284
2488079062.5,-26.75613
2488079218.75,-26.75762
2488079375.0,-26.75368
2488079531.25,-26.75015
2488079687.5,-26.74937
2488079843.75,-26.74759
2488080000.0,-26.74726
2488080156.25,-26.74509
2488080312.5,-26.74504
2488080468.75,-26.74445
2488080625.0,-26.74317
2488080781.25,-26.74481
2488080937.5,-26.74095
2488081093.75,-26.74004
2488081250.0,-26.74133
2488081406.25,-26.7372
2488081562.5,-26.73977
2488081718.75,-26.73889
2488081875.0,-26.74052
2488082031.25,-26.73404
2488082187.5,-26.73929
2488082343.75,-26.7367
2488082500.0,-26.73952
2488082656.25,-26.73326
2488082812.5,-26.73277
2488082968.75,-26.73098
2488083125.0,-26.73524
2488083281.25,-26.72927
2488083437.5,-26.73155
2488083593.75,-26.73129
2488083750.0,-26.72898
2488083906.25,-26.7283
2488084062.5,-26.72762
2488084218.75,-26.72455
2488084375.0,-26.72842
2488084531.25,-26.7262
2488084687.5,-26.72104
2488084843.75,-26.72165
2488085000.0,-26.72233
2488085156.25,-26.72264
2488085312.5,-26.72182
2488085468.75,-26.71708
2488085625.0,-26.71963
2488085781.25,-26.71571
2488085937.5,-26.71818
2488086093.75,-26.71501
2488086250.0,-26.71545
2488086406.25,-26.71781
2488086562.5,-26.71639
2488086718.75,-26.71434
2488086875.0,-26.71207
2488087031.25,-26.71171
2488087187.5,-26.71269
2488087343.75,-26.70985
2488087500.0,-26.70764
2488087656.25,-26.70715
2488087812.5,-26.70812
2488087968.75,-26.712
2488088125.0,-26.70716
2488088281.25,-26.70659
2488088437.5,-26.71097
2488088593.75,-26.70414
2488088750.0,-26.7062
2488088906.25,-26.70095
2488089062.5,-26.70274
2488089218.75,-26.70213
2488089375.0,-26.70072
2488089531.25,-26.70197
2488089687.5,-26.69934
2488089843.75,-26.69976
2488090000.0,-26.70142
2488090156.25,-26.69723
2488090312.5,-26.6918
2488090468.75,-26.69734
2488090625.0,-26.69554
2488090781.25,-26.69099
2488090937.5,-26.69059
2488091093.75,-26.68702
2488091250.0,-26.69309
2488091406.25,-26.68874
2488091562.5,-26.69078
2488091718.75,-26.68961
2488091875.0,-26.69006
2488092031.25,-26.68792
2488092187.5,-26.68636
2488092343.75,-26.68794
2488092500.0,-26.6867
2488092656.25,-26.68569
2488092812.5,-26.6835
2488092968.75,-26.68004
2488093125.0,-26.67986
2488093281.25,-26.68386
2488093437.5,-26.68232
2488093593.75,-26.67933
2488093750.0,-26.67655
2488093906.25,-26.67575
2488094062.5,-26.67808
2488094218.75,-26.67715
2488094375.0,-26.67509
2488094531.25,-26.6727
2488094687.5,-26.67491
2488094843.75,-26.66922
2488095000.0,-26.6764
2488095156.25,-26.67316
2488095312.5,-26.67104
2488095468.75,-26.66919
2488095625.0,-26.67155
2488095781.25,-26.66955
2488095937.5,-26.66712
2488096093.75,-26.6656
2488096250.0,-26.66631
2488096406.25,-26.66914
2488096562.5,-26.66519
2488096718.75,-26.66319
2488096875.0,-26.66401
2488097031.25,-26.66297
2488097187.5,-26.6611
2488097343.75,-26.65948
2488097500.0,-26.66038
2488097656.25,-26.66107
2488097812.5,-26.65454
2488097968.75,-26.65512
2488098125.0,-26.65061
2488098281.25,-26.65911
2488098437.5,-26.65483
2488098593.75,-26.6528
2488098750.0,-26.65486
2488098906.25,-26.65028
2488099062.5,-26.65228
2488099218.75,-26.65283
2488099375.0,-26.64758
2488099531.25,-26.64929
2488099687.5,-26.64535
2488099843.75,-26.64748
2488100000.0,-26.64373
2488100156.25,-26.64525
2488100312.5,-26.64847
2488100468.75,-26.64284
2488100625.0,-26.64268
2488100781.25,-26.64042
2488100937.5,-26.64017
2488101093.75,-26.6412
2488101250.0,-26.6433
2488101406.25,-26.64056
2488101562.5,-26.63944
2488101718.75,-26.64018
2488101875.0,-26.63766
2488102031.25,-26.6379
2488102187.5,-26.63304
2488102343.75,-26.6349
2488102500.0,-26.63273
2488102656.25,-26.63358
2488102812.5,-26.63408
2488102968.75,-26.6307
2488103125.0,-26.62928
2488103281.25,-26.62999
2488103437.5,-26.62918
2488103593.75,-26.62627
2488103750.0,-26.62863
2488103906.25,-26.62668
2488104062.5,-26.62875
2488104218.75,-26.62678
2488104375.0,-26.6264
2488104531.25,-26.62342
2488104687.5,-26.62253
2488104843.75,-26.62213
2488105000.0,-26.6233
2488105156.25,-26.6186
2488105312.5,-26.62212
2488105468.75,-26.61873
2488105625.0,-26.61906
2488105781.25,-26.61829
2488105937.5,-26.61834
2488106093.75,-26.6171
2488106250.0,-26.61567
2488106406.25,-26.61923
2488106562.5,-26.61334
2488106718.75,-26.61377
2488106875.0,-26.61103
2488107031.25,-26.60966
2488107187.5,-26.60827
2488107343.75,-26.61213
2488107500.0,-26.60841
2488107656.25,-26.60518
2488107812.5,-26.60439
2488107968.75,-26.60873
2488108125.0,-26.60608
2488108281.25,-26.60312
2488108437.5,-26.60295
2488108593.75,-26.59859
2488108750.0,-26.60152
2488108906.25,-26.60199
2488109062.5,-26.60027
2488109218.75,-26.60037
2488109375.0,-26.6
2488109531.25,-26.60025
2488109687.5,-26.59999
2488109843.75,-26.60066
2488110000.0,-26.596
2488110156.25,-26.59459
2488110312.5,-26.59509
2488110468.75,-26.59075
2488110625.0,-26.59223
2488110781.25,-26.59448
2488110937.5,-26.59219
2488111093.75,-26.59444
2488111250.0,-26.58813
2488111406.25,-26.58741
2488111562.5,-26.59089
2488111718.75,-26.58897
2488111875.0,-26.58624
2488112031.25,-26.58879
2488112187.5,-26.58717
2488112343.75,-26.58635
2488112500.0,-26.58253
2488112656.25,-26.58398
2488112812.5,-26.58305
2488112968.75,-26.57865
2488113125.0,-26.57868
2488113281.25,-26.58211
2488113437.5,-26.57991
2488113593.75,-26.57579
2488113750.0,-26.57733
2488113906.25,-26.57676
2488114062.5,-26.57504
2488114218.75,-26.5723
2488114375.0,-26.5738
2488114531.25,-26.57537
2488114687.5,-26.57455
2488114843.75,-26.57251
2488115000.0,-26.57305
2488115156.25,-26.5713
2488115312.5,-26.56982
2488115468.75,-26.56701
2488115625.0,-26.56942
2488115781.25,-26.56796
2488115937.5,-26.56743
2488116093.75,-26.56521
2488116250.0,-26.56504
2488116406.25,-26.56324
2488116562.5,-26.5617
2488116718.75,-26.56187
2488116875.0,-26.56042
2488117031.25,-26.55743
2488117187.5,-26.5591
2488117343.75,-26.55912
2488117500.0,-26.5587
2488117656.25,-26.55591
2488117812.5,-26.55754
2488117968.75,-26.5585
2488118125.0,-26.55502
2488118281.25,-26.55734
2488118437.5,-26.55791
2488118593.75,-26.55235
2488118750.0,-26.55107
2488118906.25,-26.55071
2488119062.5,-26.54919
2488119218.75,-26.55095
2488119375.0,-26.55109
2488119531.25,-26.54898
2488119687.5,-26.54669
2488119843.75,-26.54667
2488120000.0,-26.54793
2488120156.25,-26.54642
2488120312.5,-26.54552
2488120468.75,-26.54284
2488120625.0,-26.54493
2488120781.25,-26.54432
2488120937.5,-26.5395
2488121093.75,-26.54331
2488121250.0,-26.53801
2488121406.25,-26.53823
2488121562.5,-26.53975
2488121718.75,-26.53638
2488121875.0,-26.53408
2488122031.25,-26.53775
2488122187.5,-26.53572
2488122343.75,-26.53331
2488122500.0,-26.53383
2488122656.25,-26.53097
2488122812.5,-26.53034
2488122968.75,-26.53039
2488123125.0,-26.53244
2488123281.25,-26.5265
2488123437.5,-26.52846
2488123593.75,-26.52676
2488123750.0,-26.526
2488123906.25,-26.52467
2488124062.5,-26.52391
2488124218.75,-26.51961
2488124375.0,-26.51992
2488124531.25,-26.51991
2488124687.5,-26.52321
2488124843.75,-26.52184
2488125000.0,-26.52252
2488125156.25,-26.52051
2488125312.5,-26.5224
2488125468.75,-26.51838
2488125625.0,-26.51241
2488125781.25,-26.51562
2488125937.5,-26.51366
2488126093.75,-26.51327
2488126250.0,-26.51467
2488126406.25,-26.51254
2488126562.5,-26.51149
2488126718.75,-26.51105
2488126875.0,-26.50904
2488127031.25,-26.50651
2488127187.5,-26.51168
2488127343.75,-26.51002
2488127500.0,-26.5059
2488127656.25,-26.50955
2488127812.5,-26.50337
2488127968.75,-26.51056
2488128125.0,-26.50417
2488128281.25,-26.49958
2488128437.5,-26.5002
2488128593.75,-26.5017
2488128750.0,-26.50189
2488128906.25,-26.49848
2488129062.5,-26.50025
2488129218.75,-26.49972
2488129375.0,-26.49741
2488129531.25,-26.49652
2488129687.5,-26.49671
2488129843.75,-26.49487
2488130000.0,-26.49115
2488130156.25,-26.49275
2488130312.5,-26.49256
2488130468.75,-26.49544
2488130625.0,-26.49217
2488130781.25,-26.49042
2488130937.5,-26.48766
2488131093.75,-26.48741
2488131250.0,-26.48681
2488131406.25,-26.48395
2488131562.5,-26.48591
2488131718.75,-26.48528
2488131875.0,-26.48384
2488132031.25,-26.48519
2488132187.5,-26.48173
2488132343.75,-26.48225
2488132500.0,-26.48191
2488132656.25,-26.4817
2488132812.5,-26.47926
2488132968.75,-26.47493
2488133125.0,-26.47817
2488133281.25,-26.47671
2488133437.5,-26.47401
2488133593.75,-26.47666
2488133750.0,-26.47693
2488133906.25,-26.47582
2488134062.5,-26.46701
2488134218.75,-26.47256
2488134375.0,-26.47497
2488134531.25,-26.4733
2488134687.5,-26.46949
2488134843.75,-26.47046
2488135000.0,-26.46697
2488135156.25,-26.46733
2488135312.5,-26.46428
2488135468.75,-26.46509
2488135625.0,-26.46461
2488135781.25,-26.46625
2488135937.5,-26.46585
2488136093.75,-26.46456
2488136250.0,-26.46116
2488136406.25,-26.46625
2488136562.5,-26.45808
2488136718.75,-26.46095
2488136875.0,-26.45613
2488137031.25,-26.45723
2488137187.5,-26.45605
2488137343.75,-26.45632
2488137500.0,-26.45286
2488137656.25,-26.45596
2488137812.5,-26.45668
2488137968.75,-26.45567
2488138125.0,-26.45258
2488138281.25,-26.45135
2488138437.5,-26.45346
2488138593.75,-26.44698
2488138750.0,-26.44693
2488138906.25,-26.44882
2488139062.5,-26.44496
2488139218.75,-26.44581
2488139375.0,-26.44876
2488139531.25,-26.44538
2488139687.5,-26.4452
2488139843.75,-26.44318
2488140000.0,-26.44121
2488140156.25,-26.44024
2488140312.5,-26.44307
2488140468.75,-26.44263
2488140625.0,-26.43531
2488140781.25,-26.43676
2488140937.5,-26.44038
2488141093.75,-26.4347
2488141250.0,-26.4338
2488141406.25,-26.43924
2488141562.5,-26.43698
2488141718.75,-26.43259
2488141875.0,-26.43317
2488142031.25,-26.43024
2488142187.5,-26.42917
2488142343.75,-26.42909
2488142500.0,-26.42812
2488142656.25,-26.42712
2488142812.5,-26.4279
2488142968.75,-26.42605
2488143125.0,-26.42742
2488143281.25,-26.42759
2488143437.5,-26.42486
2488143593.75,-26.4261
2488143750.0,-26.42203
2488143906.25,-26.42441
2488144062.5,-26.41948
2488144218.75,-26.41743
2488144375.0,-26.42095
2488144531.25,-26.42035
2488144687.5,-26.41925
2488144843.75,-26.4184
2488145000.0,-26.41568
2488145156.25,-26.4167
2488145312.5,-26.41262
2488145468.75,-26.41397
2488145625.0,-26.41218
2488145781.25,-26.41489
2488145937.5,-26.41182
2488146093.75,-26.41294
2488146250.0,-26.41203
2488146406.25,-26.41033
2488146562.5,-26.40415
2488146718.75,-26.40921
2488146875.0,-26.40306
2488147031.25,-26.40398
2488147187.5,-26.4047
2488147343.75,-26.40685
2488147500.0,-26.40121
2488147656.25,-26.40201
2488147812.5,-26.39991
2488147968.75,-26.39945
2488148125.0,-26.39711
2488148281.25,-26.39794
2488148437.5,-26.39709
2488148593.75,-26.39698
2488148750.0,-26.40099
2488148906.25,-26.39645
2488149062.5,-26.39623
2488149218.75,-26.3952
2488149375.0,-26.3946
2488149531.25,-26.39214
2488149687.5,-26.39177
2488149843.75,-26.39251
2488150000.0,-26.39207
2488150156.25,-26.38982
2488150312.5,-26.38853
2488150468.75,-26.39007
2488150625.0,-26.38541
2488150781.25,-26.38124
2488150937.5,-26.38247
2488151093.75,-26.38405
2488151250.0,-26.37916
2488151406.25,-26.38057
2488151562.5,-26.38272
2488151718.75,-26.37907
2488151875.0,-26.37701
2488152031.25,-26.37714
2488152187.5,-26.37877
2488152343.75,-26.38013
2488152500.0,-26.37598
2488152656.25,-26.37763
2488152812.5,-26.37282
2488152968.75,-26.37653
2488153125.0,-26.3725
2488153281.25,-26.37594
2488153437.5,-26.37063
2488153593.75,-26.372
2488153750.0,-26.37071
2488153906.25,-26.37109
2488154062.5,-26.36663
2488154218.75,-26.36884
2488154375.0,-26.36875
2488154531.25,-26.36605
2488154687.5,-26.36754
2488154843.75,-26.3624
2488155000.0,-26.36642
2488155156.25,-26.36412
2488155312.5,-26.36009
2488155468.75,-26.35802
2488155625.0,-26.35862
2488155781.25,-26.36223
2488155937.5,-26.35916
2488156093.75,-26.35919
2488156250.0,-26.35693
2488156406.25,-26.35581
2488156562.5,-26.35916
2488156718.75,-26.35521
2488156875.0,-26.35442
2488157031.25,-26.35091
2488157187.5,-26.35156
2488157343.75,-26.353
2488157500.0,-26.35022
2488157656.25,-26.35231
2488157812.5,-26.34671
2488157968.75,-26.34881
2488158125.0,-26.34834
2488158281.25,-26.35005
2488158437.5,-26.34502
2488158593.75,-26.34639
2488158750.0,-26.34679
2488158906.25,-26.34771
2488159062.5,-26.34196
2488159218.75,-26.34052
2488159375.0,-26.3409
2488159531.25,-26.34091
2488159687.5,-26.33716
2488159843.75,-26.33653
2488160000.0,-26.33892
2488160156.25,-26.3353
2488160312.5,-26.33321
2488160468.75,-26.33087
2488160625.0,-26.33124
2488160781.25,-26.33165
2488160937.5,-26.33669
2488161093.75,-26.33293
2488161250.0,-26.32995
2488161406.25,-26.33201
2488161562.5,-26.33186
2488161718.75,-26.32755
2488161875.0,-26.32586
2488162031.25,-26.32701
2488162187.5,-26.32726
2488162343.75,-26.32498
2488162500.0,-26.32232
2488162656.25,-26.32405
2488162812.5,-26.32313
2488162968.75,-26.32245
2488163125.0,-26.32288
2488163281.25,-26.32397
2488163437.5,-26.3188
2488163593.75,-26.31658
2488163750.0,-26.31511
2488163906.25,-26.31836
2488164062.5,-26.31919
2488164218.75,-26.31214
2488164375.0,-26.31456
2488164531.25,-26.31491
2488164687.5,-26.31263
2488164843.75,-26.3122
2488165000.0,-26.30958
2488165156.25,-26.31104
2488165312.5,-26.31212
2488165468.75,-26.31257
2488165625.0,-26.30861
2488165781.25,-26.30843
2488165937.5,-26.30642
2488166093.75,-26.30267
2488166250.0,-26.30678
2488166406.25,-26.30227
2488166562.5,-26.30055
2488166718.75,-26.30175
2488166875.0,-26.30255
2488167031.25,-26.30129
2488167187.5,-26.30358
2488167343.75,-26.30114
2488167500.0,-26.29853
2488167656.25,-26.29865
2488167812.5,-26.29235
2488167968.75,-26.29702
2488168125.0,-26.29144
2488168281.25,-26.28983
2488168437.5,-26.29511
2488168593.75,-26.29055
2488168750.0,-26.29145
2488168906.25,-26.29079
2488169062.5,-26.29389
2488169218.75,-26.2884
2488169375.0,-26.28529
2488169531.25,-26.28996
2488169687.5,-26.28689
2488169843.75,-26.28575
2488170000.0,-26.2875
2488170156.25,-26.28654
2488170312.5,-26.2829
2488170468.75,-26.28408
2488170625.0,-26.27849
2488170781.25,-26.28581
2488170937.5,-26.28132
2488171093.75,-26.27786
2488171250.0,-26.27732
2488171406.25,-26.27815
2488171562.5,-26.27738
2488171718.75,-26.27459
2488171875.0,-26.27102
2488172031.25,-26.2721
2488172187.5,-26.27523
2488172343.75,-26.27363
2488172500.0,-26.27004
2488172656.25,-26.27335
2488172812.5,-26.27119
2488172968.75,-26.26771
2488173125.0,-26.26941
2488173281.25,-26.27197
2488173437.5,-26.26193
2488173593.75,-26.26876
2488173750.0,-26.26875
2488173906.25,-26.26345
2488174062.5,-26.2627
2488174218.75,-26.25888
2488174375.0,-26.26264
2488174531.25,-26.26315
2488174687.5,-26.2611
2488174843.75,-26.25586
2488175000.0,-26.26204
2488175156.25,-26.2538
2488175312.5,-26.25355
2488175468.75,-26.25336
2488175625.0,-26.25539
2488175781.25,-26.25368
2488175937.5,-26.2566
2488176093.75,-26.25461
2488176250.0,-26.25239
2488176406.25,-26.25283
2488176562.5,-26.25103
2488176718.75,-26.2466
2488176875.0,-26.24791
2488177031.25,-26.24664
2488177187.5,-26.24912
2488177343.75,-26.24604
2488177500.0,-26.24627
2488177656.25,-26.24456
2488177812.5,-26.24554
2488177968.75,-26.24096
2488178125.0,-26.24424
2488178281.25,-26.24207
2488178437.5,-26.24025
2488178593.75,-26.23883
2488178750.0,-26.23654
2488178906.25,-26.23607
2488179062.5,-26.23485
2488179218.75,-26.23286
2488179375.0,-26.2349
2488179531.25,-26.2331
2488179687.5,-26.23239
2488179843.75,-26.23438
2488180000.0,-26.23245
2488180156.25,-26.22879
2488180312.5,-26.23113
2488180468.75,-26.2295
2488180625.0,-26.22752
2488180781.25,-26.23014
2488180937.5,-26.22733
2488181093.75,-26.22756
2488181250.0,-26.22452
2488181406.25,-26.22496
2488181562.5,-26.22477
2488181718.75,-26.22248
2488181875.0,-26.22365
2488182031.25,-26.22378
2488182187.5,-26.21965
2488182343.75,-26.22147
2488182500.0,-26.21831
2488182656.25,-26.21811
2488182812.5,-26.21762
2488182968.75,-26.21572
2488183125.0,-26.21428
2488183281.25,-26.21725
2488183437.5,-26.21061
2488183593.75,-26.21048
2488183750.0,-26.21021
2488183906.25,-26.21108
2488184062.5,-26.21027
2488184218.75,-26.20976
2488184375.0,-26.20647
2488184531.25,-26.20779
2488184687.5,-26.20674
2488184843.75,-26.20918
2488185000.0,-26.20661
2488185156.25,-26.20418
2488185312.5,-26.20201
2488185468.75,-26.20408
2488185625.0,-26.20399
2488185781.25,-26.19637
2488185937.5,-26.20052
2488186093.75,-26.19936
2488186250.0,-26.19985
2488186406.25,-26.2002
2488186562.5,-26.19549
2488186718.75,-26.20022
2488186875.0,-26.19439
2488187031.25,-26.19616
2488187187.5,-26.19086
2488187343.75,-26.19534
2488187500.0,-26.19061
2488187656.25,-26.19414
2488187812.5,-26.19091
2488187968.75,-26.18892
2488188125.0,-26.19074
2488188281.25,-26.18897
2488188437.5,-26.18444
2488188593.75,-26.18765
2488188750.0,-26.18387
2488188906.25,-26.18618
2488189062.5,-26.18444
2488189218.75,-26.18108
2488189375.0,-26.1818
2488189531.25,-26.18332
2488189687.5,-26.18183
2488189843.75,-26.17662
2488190000.0,-26.18006
2488190156.25,-26.17728
2488190312.5,-26.17846
2488190468.75,-26.17749
2488190625.0,-26.17606
2488190781.25,-26.17262
2488190937.5,-26.17162
2488191093.75,-26.17446
2488191250.0,-26.17348
2488191406.25,-26.17129
2488191562.5,-26.17127
2488191718.75,-26.17131
2488191875.0,-26.16987
2488192031.25,-26.16801
2488192187.5,-26.16629
2488192343.75,-26.16701
2488192500.0,-26.1637
2488192656.25,-26.16392
2488192812.5,-26.16444
2488192968.75,-26.16347
2488193125.0,-26.16168
2488193281.25,-26.16017
2488193437.5,-26.16022
2488193593.75,-26.1605
2488193750.0,-26.16011
2488193906.25,-26.15886
2488194062.5,-26.15619
2488194218.75,-26.15804
2488194375.0,-26.15585
2488194531.25,-26.15139
2488194687.5,-26.15177
2488194843.75,-26.14922
2488195000.0,-26.14822
2488195156.25,-26.15048
2488195312.5,-26.15339
2488195468.75,-26.15029
2488195625.0,-26.14909
2488195781.25,-26.14549
2488195937.5,-26.14567
2488196093.75,-26.14375
2488196250.0,-26.14809
2488196406.25,-26.14497
2488196562.5,-26.14326
2488196718.75,-26.14343
2488196875.0,-26.13849
2488197031.25,-26.14086
2488197187.5,-26.14026
2488197343.75,-26.13691
2488197500.0,-26.14058
2488197656.25,-26.13777
2488197812.5,-26.13866
2488197968.75,-26.13661
2488198125.0,-26.13556
2488198281.25,-26.13559
2488198437.5,-26.13468
2488198593.75,-26.1321
2488198750.0,-26.13195
2488198906.25,-26.13065
2488199062.5,-26.13065
2488199218.75,-26.12786
2488199375.0,-26.1298
2488199531.25,-26.12623
2488199687.5,-26.12867
2488199843.75,-26.12588
2488200000.0,-26.12495
2488200156.25,-26.12164
2488200312.5,-26.12231
2488200468.75,-26.12339
2488200625.0,-26.12266
2488200781.25,-26.12018
2488200937.5,-26.12039
2488201093.75,-26.11812
2488201250.0,-26.11801
2488201406.25,-26.11842
2488201562.5,-26.11331
2488201718.75,-26.11558
2488201875.0,-26.11566
2488202031.25,-26.1137
2488202187.5,-26.11309
2488202343.75,-26.11427
2488202500.0,-26.11005
2488202656.25,-26.11255
2488202812.5,-26.1077
2488202968.75,-26.10596
2488203125.0,-26.1081
2488203281.25,-26.10951
2488203437.5,-26.10705
2488203593.75,-26.10462
2488203750.0,-26.10361
2488203906.25,-26.10486
2488204062.5,-26.10592
2488204218.75,-26.10426
2488204375.0,-26.10203
2488204531.25,-26.10196
2488204687.5,-26.09628
2488204843.75,-26.09972
2488205000.0,-26.09682
2488205156.25,-26.0929
2488205312.5,-26.09769
2488205468.75,-26.0916
2488205625.0,-26.09538
2488205781.25,-26.09235
2488205937.5,-26.09408
2488206093.75,-26.09491
2488206250.0,-26.08934
2488206406.25,-26.09035
2488206562.5,-26.08825
2488206718.75,-26.08895
2488206875.0,-26.08831
2488207031.25,-26.08858
2488207187.5,-26.08431
2488207343.75,-26.0815
2488207500.0,-26.0834
2488207656.25,-26.08545
2488207812.5,-26.08093
2488207968.75,-26.07932
2488208125.0,-26.07799
2488208281.25,-26.07809
2488208437.5,-26.08022
2488208593.75,-26.07832
2488208750.0,-26.0738
2488208906.25,-26.07615
2488209062.5,-26.07797
2488209218.75,-26.07558
2488209375.0,-26.07277
2488209531.25,-26.07378
2488209687.5,-26.07267
2488209843.75,-26.07312
2488210000.0,-26.07088
2488210156.25,-26.06999
2488210312.5,-26.07076
2488210468.75,-26.06982
2488210625.0,-26.07206
2488210781.25,-26.06686
2488210937.5,-26.06802
2488211093.75,-26.06573
2488211250.0,-26.06887
2488211406.25,-26.06504
2488211562.5,-26.06161
2488211718.75,-26.06228
2488211875.0,-26.05888
2488212031.25,-26.06158
2488212187.5,-26.06025
2488212343.75,-26.05909
2488212500.0,-26.06269
2488212656.25,-26.05583
2488212812.5,-26.0549
2488212968.75,-26.05697
2488213125.0,-26.05714
2488213281.25,-26.05655
2488213437.5,-26.05353
2488213593.75,-26.05054
2488213750.0,-26.05319
2488213906.25,-26.0517
2488214062.5,-26.05126
2488214218.75,-26.04944
2488214375.0,-26.04563
2488214531.25,-26.04682
2488214687.5,-26.04482
2488214843.75,-26.04514
2488215000.0,-26.04445
2488215156.25,-26.04238
2488215312.5,-26.03917
2488215468.75,-26.04216
2488215625.0,-26.04019
2488215781.25,-26.0423
2488215937.5,-26.04151
2488216093.75,-26.03695
2488216250.0,-26.03919
2488216406.25,-26.03571
2488216562.5,-26.03507
2488216718.75,-26.03874
2488216875.0,-26.03698
2488217031.25,-26.03522
2488217187.5,-26.03405
2488217343.75,-26.03026
2488217500.0,-26.03181
2488217656.25,-26.03213
2488217812.5,-26.02893
2488217968.75,-26.02803
2488218125.0,-26.02684
2488218281.25,-26.02604
2488218437.5,-26.02691
2488218593.75,-26.02738
2488218750.0,-26.02296
2488218906.25,-26.02766
2488219062.5,-26.0189
2488219218.75,-26.02125
2488219375.0,-26.01841
2488219531.25,-26.02408
2488219687.5,-26.01748
2488219843.75,-26.02198
2488220000.0,-26.02155
2488220156.25,-26.01709
2488220312.5,-26.01305
2488220468.75,-26.01738
2488220625.0,-26.01483
2488220781.25,-26.00839
2488220937.5,-26.0133
2488221093.75,-26.01451
2488221250.0,-26.01343
2488221406.25,-26.01011
2488221562.5,-26.00799
2488221718.75,-26.00975
2488221875.0,-26.00675
2488222031.25,-26.00613
2488222187.5,-26.00461
2488222343.75,-26.0064
2488222500.0,-26.00267
2488222656.25,-26.00531
2488222812.5,-26.00102
2488222968.75,-25.99805
2488223125.0,-25.99971
2488223281.25,-25.99874
2488223437.5,-25.99517
2488223593.75,-25.99681
2488223750.0,-25.99864
2488223906.25,-25.99596
2488224062.5,-25.99744
2488224218.75,-25.99796
2488224375.0,-25.99485
2488224531.25,-25.99021
2488224687.5,-25.98881
2488224843.75,-25.9928
2488225000.0,-25.98792
2488225156.25,-25.99146
2488225312.5,-25.98672
2488225468.75,-25.9879
2488225625.0,-25.98722
2488225781.25,-25.98434
2488225937.5,-25.9824
2488226093.75,-25.98084
2488226250.0,-25.98007
2488226406.25,-25.98265
2488226562.5,-25.98055
2488226718.75,-25.97833
2488226875.0,-25.979
2488227031.25,-25.97867
2488227187.5,-25.97445
2488227343.75,-25.98159
2488227500.0,-25.97781
2488227656.25,-25.97309
2488227812.5,-25.97491
2488227968.75,-25.97221
2488228125.0,-25.97088
2488228281.25,-25.97148
2488228437.5,-25.97012
2488228593.75,-25.9724
2488228750.0,-25.97359
2488228906.25,-25.96748
2488229062.5,-25.96999
2488229218.75,-25.96567
2488229375.0,-25.9659
2488229531.25,-25.96465
2488229687.5,-25.96355
2488229843.75,-25.96311
2488230000.0,-25.96179
2488230156.25,-25.96147
2488230312.5,-25.9626
2488230468.75,-25.96082
2488230625.0,-25.96058
2488230781.25,-25.95824
2488230937.5,-25.95919
2488231093.75,-25.95871
2488231250.0,-25.95811
2488231406.25,-25.95843
2488231562.5,-25.95338
2488231718.75,-25.95247
2488231875.0,-25.95601
2488232031.25,-25.95093
2488232187.5,-25.95186
2488232343.75,-25.94898
2488232500.0,-25.94584
2488232656.25,-25.94705
2488232812.5,-25.94562
2488232968.75,-25.94513
2488233125.0,-25.94356
2488233281.25,-25.94604
2488233437.5,-25.94202
2488233593.75,-25.94283
2488233750.0,-25.94404
2488233906.25,-25.93924
2488234062.5,-25.946
2488234218.75,-25.93986
2488234375.0,-25.93809
2488234531.25,-25.93642
2488234687.5,-25.93825
2488234843.75,-25.93781
2488235000.0,-25.93446
2488235156.25,-25.93213
2488235312.5,-25.93329
2488235468.75,-25.9357
2488235625.0,-25.93062
2488235781.25,-25.92957
2488235937.5,-25.92813
2488236093.75,-25.92883
2488236250.0,-25.92879
2488236406.25,-25.92776
2488236562.5,-25.92724
2488236718.75,-25.92488
2488236875.0,-25.92721
2488237031.25,-25.92311
2488237187.5,-25.92375
2488237343.75,-25.92262
2488237500.0,-25.92312
2488237656.25,-25.92176
2488237812.5,-25.91804
2488237968.75,-25.92362
2488238125.0,-25.91592
2488238281.25,-25.91658
2488238437.5,-25.91384
2488238593.75,-25.91761
2488238750.0,-25.91704
2488238906.25,-25.91386
2488239062.5,-25.91154
2488239218.75,-25.91016
2488239375.0,-25.91129
2488239531.25,-25.91046
2488239687.5,-25.91186
2488239843.75,-25.90664
2488240000.0,-25.90846
2488240156.25,-25.90775
2488240312.5,-25.90617
2488240468.75,-25.90563
2488240625.0,-25.90458
2488240781.25,-25.90568
2488240937.5,-25.90077
2488241093.75,-25.89926
2488241250.0,-25.901
2488241406.25,-25.90155
2488241562.5,-25.89915
2488241718.75,-25.89665
2488241875.0,-25.89829
2488242031.25,-25.89748
2488242187.5,-25.89437
2488242343.75,-25.89452
2488242500.0,-25.89408
2488242656.25,-25.89191
2488242812.5,-25.88995
2488242968.75,-25.89069
2488243125.0,-25.88702
2488243281.25,-25.88886
2488243437.5,-25.89113
2488243593.75,-25.88483
2488243750.0,-25.88869
2488243906.25,-25.88785
2488244062.5,-25.88481
2488244218.75,-25.88156
2488244375.0,-25.88189
2488244531.25,-25.88232
2488244687.5,-25.87922
2488244843.75,-25.88173
2488245000.0,-25.87843
2488245156.25,-25.88012
2488245312.5,-25.88072
2488245468.75,-25.87757
2488245625.0,-25.87392
2488245781.25,-25.87873
2488245937.5,-25.87604
2488246093.75,-25.87343
2488246250.0,-25.87335
2488246406.25,-25.87024
2488246562.5,-25.87467
2488246718.75,-25.87122
2488246875.0,-25.86692
2488247031.25,-25.86857
2488247187.5,-25.86804
2488247343.75,-25.86695
2488247500.0,-25.86461
2488247656.25,-25.86881
2488247812.5,-25.86676
2488247968.75,-25.85978
2488248125.0,-25.86145
2488248281.25,-25.85838
2488248437.5,-25.8612
2488248593.75,-25.85946
2488248750.0,-25.85936
2488248906.25,-25.85488
2488249062.5,-25.85954
2488249218.75,-25.86137
2488249375.0,-25.85502
2488249531.25,-25.85447
2488249687.5,-25.85446
2488249843.75,-25.85166
2488250000.0,-25.85465
2488250156.25,-25.84975
2488250312.5,-25.85258
2488250468.75,-25.84849
2488250625.0,-25.84836
2488250781.25,-25.84844
2488250937.5,-25.84778
2488251093.75,-25.84686
2488251250.0,-25.84385
2488251406.25,-25.84285
2488251562.5,-25.84682
2488251718.75,-25.84122
2488251875.0,-25.84104
2488252031.25,-25.84054
2488252187.5,-25.84173
2488252343.75,-25.83888
2488252500.0,-25.83708
2488252656.25,-25.83513
2488252812.5,-25.83472
2488252968.75,-25.83696
2488253125.0,-25.83373
2488253281.25,-25.83686
2488253437.5,-25.83329
2488253593.75,-25.83549
2488253750.0,-25.83282
2488253906.25,-25.82794
2488254062.5,-25.82866
2488254218.75,-25.83254
2488254375.0,-25.8273
2488254531.25,-25.82545
2488254687.5,-25.82667
2488254843.75,-25.82323
2488255000.0,-25.82381
2488255156.25,-25.82228
2488255312.5,-25.82712
2488255468.75,-25.81822
2488255625.0,-25.82135
2488255781.25,-25.81935
2488255937.5,-25.81788
2488256093.75,-25.81794
2488256250.0,-25.81664
2488256406.25,-25.81612
2488256562.5,-25.81367
2488256718.75,-25.81425
2488256875.0,-25.81408
2488257031.25,-25.81333
2488257187.5,-25.81239
2488257343.75,-25.80974
2488257500.0,-25.81067
2488257656.25,-25.81121
2488257812.5,-25.80901
2488257968.75,-25.81093
2488258125.0,-25.81064
2488258281.25,-25.80821
2488258437.5,-25.80552
2488258593.75,-25.80597
2488258750.0,-25.80432
2488258906.25,-25.8017
2488259062.5,-25.80362
2488259218.75,-25.80272
2488259375.0,-25.79905
2488259531.25,-25.80132
2488259687.5,-25.79853
2488259843.75,-25.79452
2488260000.0,-25.79628
2488260156.25,-25.79792
2488260312.5,-25.79523
2488260468.75,-25.79575
2488260625.0,-25.79421
2488260781.25,-25.79452
2488260937.5,-25.79315
2488261093.75,-25.7912
2488261250.0,-25.79181
2488261406.25,-25.78799
2488261562.5,-25.78948
2488261718.75,-25.78836
2488261875.0,-25.7866
2488262031.25,-25.78635
2488262187.5,-25.78576
2488262343.75,-25.78464
2488262500.0,-25.78481
2488262656.25,-25.78456
2488262812.5,-25.77907
2488262968.75,-25.78169
2488263125.0,-25.77803
2488263281.25,-25.7774
2488263437.5,-25.77698
2488263593.75,-25.7779
2488263750.0,-25.77669
2488263906.25,-25.77552
2488264062.5,-25.77452
2488264218.75,-25.77542
2488264375.0,-25.76819
2488264531.25,-25.77169
2488264687.5,-25.77109
2488264843.75,-25.7694
2488265000.0,-25.77054
2488265156.25,-25.76791
2488265312.5,-25.76873
2488265468.75,-25.76851
2488265625.0,-25.76419
2488265781.25,-25.76394
2488265937.5,-25.76265
2488266093.75,-25.76448
2488266250.0,-25.7617
2488266406.25,-25.76249
2488266562.5,-25.75891
2488266718.75,-25.75795
2488266875.0,-25.75981
2488267031.25,-25.75951
2488267187.5,-25.75449
2488267343.75,-25.75875
2488267500.0,-25.75587
2488267656.25,-25.75492
2488267812.5,-25.75167
2488267968.75,-25.7531
2488268125.0,-25.75089
2488268281.25,-25.75127
2488268437.5,-25.75082
2488268593.75,-25.7474
2488268750.0,-25.74759
2488268906.25,-25.74733
2488269062.5,-25.74591
2488269218.75,-25.74825
2488269375.0,-25.7441
2488269531.25,-25.74489
2488269687.5,-25.74335
2488269843.75,-25.7393
2488270000.0,-25.74236
2488270156.25,-25.73837
2488270312.5,-25.74046
2488270468.75,-25.74011
2488270625.0,-25.73519
2488270781.25,-25.73397
2488270937.5,-25.73664
2488271093.75,-25.73745
2488271250.0,-25.73436
2488271406.25,-25.73511
2488271562.5,-25.73193
2488271718.75,-25.73182
2488271875.0,-25.73206
2488272031.25,-25.72711
2488272187.5,-25.72819
2488272343.75,-25.72854
2488272500.0,-25.72716
2488272656.25,-25.72738
2488272812.5,-25.72699
2488272968.75,-25.72331
2488273125.0,-25.72056
2488273281.25,-25.7225
2488273437.5,-25.71912
2488273593.75,-25.72328
2488273750.0,-25.72053
2488273906.25,-25.71709
2488274062.5,-25.71955
2488274218.75,-25.72149
2488274375.0,-25.71719
2488274531.25,-25.71491
2488274687.5,-25.71505
2488274843.75,-25.71302
2488275000.0,-25.71248
2488275156.25,-25.71264
2488275312.5,-25.70992
2488275468.75,-25.7096
2488275625.0,-25.71094
2488275781.25,-25.7068
2488275937.5,-25.70529
2488276093.75,-25.70478
2488276250.0,-25.70432
2488276406.25,-25.70396
2488276562.5,-25.70475
2488276718.75,-25.70234
2488276875.0,-25.70041
2488277031.25,-25.70164
2488277187.5,-25.70347
2488277343.75,-25.69814
2488277500.0,-25.69754
2488277656.25,-25.69801
2488277812.5,-25.6973
2488277968.75,-25.6977
2488278125.0,-25.69715
2488278281.25,-25.69349
2488278437.5,-25.69313
2488278593.75,-25.69432
2488278750.0,-25.69271
2488278906.25,-25.69103
2488279062.5,-25.6907
2488279218.75,-25.6894
2488279375.0,-25.68436
2488279531.25,-25.68599
2488279687.5,-25.68633
2488279843.75,-25.68674
2488280000.0,-25.68476
2488280156.25,-25.68039
2488280312.5,-25.68387
2488280468.75,-25.68369
2488280625.0,-25.68015
2488280781.25,-25.68178
2488280937.5,-25.68166
2488281093.75,-25.67817
2488281250.0,-25.6788
2488281406.25,-25.6742
2488281562.5,-25.67919
2488281718.75,-25.67659
2488281875.0,-25.67237
2488282031.25,-25.67544
2488282187.5,-25.67131
2488282343.75,-25.67254
2488282500.0,-25.6703
2488282656.25,-25.67015
2488282812.5,-25.66987
2488282968.75,-25.66537
2488283125.0,-25.66755
2488283281.25,-25.66485
2488283437.5,-25.66335
2488283593.75,-25.66594
2488283750.0,-25.66199
2488283906.25,-25.66149
2488284062.5,-25.65878
2488284218.75,-25.65985
2488284375.0,-25.65713
2488284531.25,-25.65819
2488284687.5,-25.65562
2488284843.75,-25.65518
2488285000.0,-25.65555
2488285156.25,-25.65638
2488285312.5,-25.65791
2488285468.75,-25.65094
2488285625.0,-25.65438
2488285781.25,-25.65151
2488285937.5,-25.65145
2488286093.75,-25.64762
2488286250.0,-25.64732
2488286406.25,-25.64537
2488286562.5,-25.64638
2488286718.75,-25.64648
2488286875.0,-25.64583
2488287031.25,-25.6428
2488287187.5,-25.64404
2488287343.75,-25.64083
2488287500.0,-25.64528
2488287656.25,-25.64141
2488287812.5,-25.6438
2488287968.75,-25.63872
2488288125.0,-25.63782
2488288281.25,-25.63787
2488288437.5,-25.63925
2488288593.75,-25.63479
2488288750.0,-25.63207
2488288906.25,-25.63363
2488289062.5,-25.63117
2488289218.75,-25.63372
2488289375.0,-25.63202
2488289531.25,-25.62815
2488289687.5,-25.63044
2488289843.75,-25.63125
2488290000.0,-25.62969
2488290156.25,-25.62833
2488290312.5,-25.62422
2488290468.75,-25.62513
2488290625.0,-25.6231
2488290781.25,-25.62102
2488290937.5,-25.62512
2488291093.75,-25.62377
2488291250.0,-25.61755
2488291406.25,-25.6182
2488291562.5,-25.6187
2488291718.75,-25.6173
2488291875.0,-25.61527
2488292031.25,-25.61348
2488292187.5,-25.61262
2488292343.75,-25.6126
2488292500.0,-25.61402
2488292656.25,-25.61386
2488292812.5,-25.61127
2488292968.75,-25.61318
2488293125.0,-25.6087
2488293281.25,-25.60852
2488293437.5,-25.60801
2488293593.75,-25.60863
2488293750.0,-25.60893
2488293906.25,-25.60472
2488294062.5,-25.60393
2488294218.75,-25.60511
2488294375.0,-25.6033
2488294531.25,-25.60066
2488294687.5,-25.59952
2488294843.75,-25.60132
2488295000.0,-25.59901
2488295156.25,-25.59793
2488295312.5,-25.59659
2488295468.75,-25.59611
2488295625.0,-25.59397
2488295781.25,-25.59607
2488295937.5,-25.59385
2488296093.75,-25.59239
2488296250.0,-25.59015
2488296406.25,-25.59155
2488296562.5,-25.59236
2488296718.75,-25.59148
2488296875.0,-25.5866
2488297031.25,-25.5888
2488297187.5,-25.58744
2488297343.75,-25.58553
2488297500.0,-25.58473
2488297656.25,-25.58627
2488297812.5,-25.58225
2488297968.75,-25.58431
2488298125.0,-25.58231
2488298281.25,-25.57964
2488298437.5,-25.57886
2488298593.75,-25.57728
2488298750.0,-25.57656
2488298906.25,-25.57388
2488299062.5,-25.57625
2488299218.75,-25.57629
2488299375.0,-25.57194
2488299531.25,-25.57338
2488299687.5,-25.57129
2488299843.75,-25.57281
2488300000.0,-25.57393
2488300156.25,-25.57179
2488300312.5,-25.57002
2488300468.75,-25.5699
2488300625.0,-25.56774
2488300781.25,-25.56573
2488300937.5,-25.56747
2488301093.75,-25.56499
2488301250.0,-25.55947
2488301406.25,-25.5641
2488301562.5,-25.56322
2488301718.75,-25.56223
2488301875.0,-25.5602
2488302031.25,-25.55609
2488302187.5,-25.55896
2488302343.75,-25.55929
2488302500.0,-25.55554
2488302656.25,-25.55694
2488302812.5,-25.55422
2488302968.75,-25.552
2488303125.0,-25.5518
2488303281.25,-25.5519
2488303437.5,-25.5498
2488303593.75,-25.5498
2488303750.0,-25.5502
2488303906.25,-25.5488
2488304062.5,-25.54939
2488304218.75,-25.54531
2488304375.0,-25.54742
2488304531.25,-25.5455
2488304687.5,-25.54937
2488304843.75,-25.54379
2488305000.0,-25.54574
2488305156.25,-25.54008
2488305312.5,-25.54102
2488305468.75,-25.53677
2488305625.0,-25.53762
2488305781.25,-25.53285
2488305937.5,-25.53873
2488306093.75,-25.53518
2488306250.0,-25.53515
2488306406.25,-25.53267
2488306562.5,-25.5318
2488306718.75,-25.5337
2488306875.0,-25.52757
2488307031.25,-25.52916
2488307187.5,-25.53146
2488307343.75,-25.52859
2488307500.0,-25.52635
2488307656.25,-25.52737
2488307812.5,-25.52709
2488307968.75,-25.52445
2488308125.0,-25.52016
2488308281.25,-25.52194
2488308437.5,-25.5248
2488308593.75,-25.5202
2488308750.0,-25.51979
2488308906.25,-25.51901
2488309062.5,-25.52171
2488309218.75,-25.52033
2488309375.0,-25.51787
2488309531.25,-25.51955
2488309687.5,-25.51517
2488309843.75,-25.51117
2488310000.0,-25.51354
2488310156.25,-25.51221
2488310312.5,-25.51113
2488310468.75,-25.51181
2488310625.0,-25.5082
2488310781.25,-25.51032
2488310937.5,-25.50763
2488311093.75,-25.50643
2488311250.0,-25.50843
2488311406.25,-25.50819
2488311562.5,-25.50373
2488311718.75,-25.50145
2488311875.0,-25.50126
2488312031.25,-25.50553
2488312187.5,-25.49905
2488312343.75,-25.50301
2488312500.0,-25.49764
2488312656.25,-25.49571
2488312812.5,-25.49626
2488312968.75,-25.49529
2488313125.0,-25.49427
2488313281.25,-25.49564
2488313437.5,-25.49497
2488313593.75,-25.49186
2488313750.0,-25.49002
2488313906.25,-25.48913
2488314062.5,-25.48877
2488314218.75,-25.48896
2488314375.0,-25.48734
2488314531.25,-25.48711
2488314687.5,-25.4865
2488314843.75,-25.48543
2488315000.0,-25.48466
2488315156.25,-25.48597
2488315312.5,-25.48289
2488315468.75,-25.48279
2488315625.0,-25.4808
2488315781.25,-25.48181
2488315937.5,-25.47875
2488316093.75,-25.47472
2488316250.0,-25.47843
2488316406.25,-25.47942
2488316562.5,-25.47378
2488316718.75,-25.47575
2488316875.0,-25.4764
2488317031.25,-25.47024
2488317187.5,-25.47548
2488317343.75,-25.47074
2488317500.0,-25.46877
2488317656.25,-25.46914
2488317812.5,-25.46792
2488317968.75,-25.4684
2488318125.0,-25.46391
2488318281.25,-25.46404
2488318437.5,-25.46389
2488318593.75,-25.46195
2488318750.0,-25.46655
2488318906.25,-25.46101
2488319062.5,-25.46258
2488319218.75,-25.45817
2488319375.0,-25.45908
2488319531.25,-25.4583
2488319687.5,-25.45947
2488319843.75,-25.45817
2488320000.0,-25.45513
2488320156.25,-25.45373
2488320312.5,-25.45663
2488320468.75,-25.45376
2488320625.0,-25.44902
2488320781.25,-25.45449
2488320937.5,-25.44827
2488321093.75,-25.44553
2488321250.0,-25.44952
2488321406.25,-25.44831
2488321562.5,-25.44598
2488321718.75,-25.44764
2488321875.0,-25.44386
2488322031.25,-25.44572
2488322187.5,-25.44201
2488322343.75,-25.44218
2488322500.0,-25.43922
2488322656.25,-25.43917
2488322812.5,-25.43927
2488322968.75,-25.43844
2488323125.0,-25.43685
2488323281.25,-25.43806
2488323437.5,-25.4362
2488323593.75,-25.43519
2488323750.0,-25.43418
2488323906.25,-25.43339
2488324062.5,-25.43066
2488324218.75,-25.43051
2488324375.0,-25.43022
2488324531.25,-25.42889
2488324687.5,-25.43128
2488324843.75,-25.42867
2488325000.0,-25.42731
2488325156.25,-25.42617
2488325312.5,-25.42519
2488325468.75,-25.42436
2488325625.0,-25.42172
2488325781.25,-25.4226
2488325937.5,-25.42164
2488326093.75,-25.42268
2488326250.0,-25.41853
2488326406.25,-25.42025
2488326562.5,-25.41598
2488326718.75,-25.41606
2488326875.0,-25.41615
2488327031.25,-25.41798
2488327187.5,-25.41524
2488327343.75,-25.41691
2488327500.0,-25.41288
2488327656.25,-25.41115
2488327812.5,-25.40938
2488327968.75,-25.40599
2488328125.0,-25.40766
2488328281.25,-25.41008
2488328437.5,-25.40739
2488328593.75,-25.40207
2488328750.0,-25.40413
2488328906.25,-25.40424
2488329062.5,-25.40334
2488329218.75,-25.40067
2488329375.0,-25.39945
2488329531.25,-25.40082
2488329687.5,-25.39764
2488329843.75,-25.39977
2488330000.0,-25.39714
2488330156.25,-25.39318
2488330312.5,-25.3926
2488330468.75,-25.39747
2488330625.0,-25.39488
2488330781.25,-25.39503
2488330937.5,-25.39244
2488331093.75,-25.39201
2488331250.0,-25.39439
2488331406.25,-25.38674
2488331562.5,-25.38828
2488331718.75,-25.38706
2488331875.0,-25.38915
2488332031.25,-25.38628
2488332187.5,-25.38366
2488332343.75,-25.38761
2488332500.0,-25.38345
2488332656.25,-25.38245
2488332812.5,-25.38223
2488332968.75,-25.38073
2488333125.0,-25.37452
2488333281.25,-25.37569
2488333437.5,-25.38026
2488333593.75,-25.37311
2488333750.0,-25.37704
2488333906.25,-25.37358
2488334062.5,-25.37419
2488334218.75,-25.3711
2488334375.0,-25.37125
2488334531.25,-25.37176
2488334687.5,-25.36996
2488334843.75,-25.37027
2488335000.0,-25.36815
2488335156.25,-25.36318
2488335312.5,-25.3681
2488335468.75,-25.36658
2488335625.0,-25.36464
2488335781.25,-25.36063
2488335937.5,-25.36326
2488336093.75,-25.36196
2488336250.0,-25.35899
2488336406.25,-25.36034
2488336562.5,-25.36036
2488336718.75,-25.35769
2488336875.0,-25.35802
2488337031.25,-25.35696
2488337187.5,-25.35611
2488337343.75,-25.3536
2488337500.0,-25.35549
2488337656.25,-25.35665
2488337812.5,-25.35304
2488337968.75,-25.35229
2488338125.0,-25.35077
2488338281.25,-25.34977
2488338437.5,-25.34995
2488338593.75,-25.34658
2488338750.0,-25.34783
2488338906.25,-25.34623
2488339062.5,-25.3443
2488339218.75,-25.34402
2488339375.0,-25.3437
2488339531.25,-25.33881
2488339687.5,-25.34193
2488339843.75,-25.3386
2488340000.0,-25.33863
2488340156.25,-25.33767
2488340312.5,-25.33582
2488340468.75,-25.33564
2488340625.0,-25.33694
2488340781.25,-25.3342
2488340937.5,-25.33169
2488341093.75,-25.33331
2488341250.0,-25.33121
2488341406.25,-25.32733
2488341562.5,-25.33333
2488341718.75,-25.32852
2488341875.0,-25.3248
2488342031.25,-25.32907
2488342187.5,-25.32441
2488342343.75,-25.32445
2488342500.0,-25.32214
2488342656.25,-25.32379
2488342812.5,-25.31972
2488342968.75,-25.31976
2488343125.0,-25.31957
2488343281.25,-25.32006
2488343437.5,-25.31811
2488343593.75,-25.31722
2488343750.0,-25.31727
2488343906.25,-25.31841
2488344062.5,-25.31502
2488344218.75,-25.3138
2488344375.0,-25.31474
2488344531.25,-25.31091
2488344687.5,-25.30955
2488344843.75,-25.31036
2488345000.0,-25.3124
2488345156.25,-25.30603
2488345312.5,-25.30782
2488345468.75,-25.30789
2488345625.0,-25.3063
2488345781.25,-25.30945
2488345937.5,-25.30327
2488346093.75,-25.30406
2488346250.0,-25.30024
2488346406.25,-25.30268
2488346562.5,-25.29925
2488346718.75,-25.30042
2488346875.0,-25.30065
2488347031.25,-25.2958
2488347187.5,-25.29529
2488347343.75,-25.29531
2488347500.0,-25.29176
2488347656.25,-25.29236
2488347812.5,-25.29592
2488347968.75,-25.29391
2488348125.0,-25.29338
2488348281.25,-25.2907
2488348437.5,-25.29004
2488348593.75,-25.28872
2488348750.0,-25.28768
2488348906.25,-25.2861
2488349062.5,-25.28648
2488349218.75,-25.28391
2488349375.0,-25.28598
2488349531.25,-25.2859
2488349687.5,-25.28455
2488349843.75,-25.27943
2488350000.0,-25.28145
2488350156.25,-25.27855
2488350312.5,-25.28064
2488350468.75,-25.27766
2488350625.0,-25.27967
2488350781.25,-25.27624
2488350937.5,-25.27489
2488351093.75,-25.27318
2488351250.0,-25.26867
2488351406.25,-25.27282
2488351562.5,-25.27116
2488351718.75,-25.2685
2488351875.0,-25.26854
2488352031.25,-25.26698
2488352187.5,-25.26784
2488352343.75,-25.26553
2488352500.0,-25.26562
2488352656.25,-25.26069
2488352812.5,-25.26289
2488352968.75,-25.26357
2488353125.0,-25.2606
2488353281.25,-25.26109
2488353437.5,-25.25624
2488353593.75,-25.26082
2488353750.0,-25.2579
2488353906.25,-25.25685
2488354062.5,-25.25457
2488354218.75,-25.25628
2488354375.0,-25.25419
2488354531.25,-25.25137
2488354687.5,-25.25313
2488354843.75,-25.25051
2488355000.0,-25.25038
2488355156.25,-25.24778
2488355312.5,-25.24608
2488355468.75,-25.24579
2488355625.0,-25.24623
2488355781.25,-25.24656
2488355937.5,-25.24488
2488356093.75,-25.24437
2488356250.0,-25.24258
2488356406.25,-25.24407
2488356562.5,-25.23907
2488356718.75,-25.23845
2488356875.0,-25.23865
2488357031.25,-25.23703
2488357187.5,-25.23625
2488357343.75,-25.23541
2488357500.0,-25.23465
2488357656.25,-25.23372
2488357812.5,-25.23391
2488357968.75,-25.23225
2488358125.0,-25.23053
2488358281.25,-25.2317
2488358437.5,-25.22868
2488358593.75,-25.22915
2488358750.0,-25.22829
2488358906.25,-25.22814
2488359062.5,-25.22451
2488359218.75,-25.22636
2488359375.0,-25.22153
2488359531.25,-25.22156
2488359687.5,-25.22407
2488359843.75,-25.2203
2488360000.0,-25.22385
2488360156.25,-25.22096
2488360312.5,-25.2145
2488360468.75,-25.21781
2488360625.0,-25.21378
2488360781.25,-25.21757
2488360937.5,-25.21427
2488361093.75,-25.21066
2488361250.0,-25.21202
2488361406.25,-25.21192
2488361562.5,-25.21226
2488361718.75,-25.21017
2488361875.0,-25.20996
2488362031.25,-25.21055
2488362187.5,-25.20862
2488362343.75,-25.20599
2488362500.0,-25.20596
2488362656.25,-25.20282
2488362812.5,-25.20342
2488362968.75,-25.20026
2488363125.0,-25.20215
2488363281.25,-25.20321
2488363437.5,-25.19993
2488363593.75,-25.1989
2488363750.0,-25.19596
2488363906.25,-25.19917
2488364062.5,-25.19864
2488364218.75,-25.19255
2488364375.0,-25.19392
2488364531.25,-25.19826
2488364687.5,-25.19328
2488364843.75,-25.19351
2488365000.0,-25.1926
2488365156.25,-25.19083
2488365312.5,-25.19057
2488365468.75,-25.18612
2488365625.0,-25.18738
2488365781.25,-25.1878
2488365937.5,-25.18471
2488366093.75,-25.18191
2488366250.0,-25.18185
2488366406.25,-25.18241
2488366562.5,-25.1848
2488366718.75,-25.18079
2488366875.0,-25.17952
2488367031.25,-25.17798
2488367187.5,-25.17882
2488367343.75,-25.17789
2488367500.0,-25.17636
2488367656.25,-25.17677
2488367812.5,-25.175
2488367968.75,-25.17381
2488368125.0,-25.17111
2488368281.25,-25.16954
2488368437.5,-25.16678
2488368593.75,-25.16818
2488368750.0,-25.1652
2488368906.25,-25.171
2488369062.5,-25.16909
2488369218.75,-25.16909
2488369375.0,-25.16664
2488369531.25,-25.16266
2488369687.5,-25.16348
2488369843.75,-25.1596
2488370000.0,-25.16368
2488370156.25,-25.16097
2488370312.5,-25.15663
2488370468.75,-25.15934
2488370625.0,-25.16143
2488370781.25,-25.15731
2488370937.5,-25.15624
2488371093.75,-25.15627
2488371250.0,-25.15774
2488371406.25,-25.14753
2488371562.5,-25.15159
2488371718.75,-25.15201
2488371875.0,-25.15041
2488372031.25,-25.14913
2488372187.5,-25.14501
2488372343.75,-25.14639
2488372500.0,-25.14637
2488372656.25,-25.14473
2488372812.5,-25.14467
2488372968.75,-25.14657
2488373125.0,-25.14231
2488373281.25,-25.14058
2488373437.5,-25.14114
2488373593.75,-25.1403
2488373750.0,-25.13569
2488373906.25,-25.13456
2488374062.5,-25.14018
2488374218.75,-25.13472
2488374375.0,-25.13396
2488374531.25,-25.13452
2488374687.5,-25.13412
2488374843.75,-25.13611
2488375000.0,-25.12884
2488375156.25,-25.13084
2488375312.5,-25.12998
2488375468.75,-25.12717
2488375625.0,-25.12388
2488375781.25,-25.1276
2488375937.5,-25.1267
2488376093.75,-25.12225
2488376250.0,-25.12239
2488376406.25,-25.12333
2488376562.5,-25.12316
2488376718.75,-25.12466
2488376875.0,-25.1188
2488377031.25,-25.12064
2488377187.5,-25.11898
2488377343.75,-25.11568
2488377500.0,-25.1205
2488377656.25,-25.1137
2488377812.5,-25.11398
2488377968.75,-25.11263
2488378125.0,-25.11258
2488378281.25,-25.11254
2488378437.5,-25.11205
2488378593.75,-25.11105
2488378750.0,-25.10825
2488378906.25,-25.11014
2488379062.5,-25.10701
2488379218.75,-25.10648
2488379375.0,-25.10612
2488379531.25,-25.1031
2488379687.5,-25.10384
2488379843.75,-25.10063
2488380000.0,-25.10111
2488380156.25,-25.09893
2488380312.5,-25.10174
2488380468.75,-25.09796
2488380625.0,-25.09605
2488380781.25,-25.09406
2488380937.5,-25.09557
2488381093.75,-25.09616
2488381250.0,-25.0919
2488381406.25,-25.09373
2488381562.5,-25.09018
2488381718.75,-25.09063
2488381875.0,-25.0865
2488382031.25,-25.08745
2488382187.5,-25.08513
2488382343.75,-25.08827
2488382500.0,-25.08703
2488382656.25,-25.08687
2488382812.5,-25.0867
2488382968.75,-25.08348
2488383125.0,-25.08004
2488383281.25,-25.08342
2488383437.5,-25.07935
2488383593.75,-25.08147
2488383750.0,-25.0804
2488383906.25,-25.07875
2488384062.5,-25.07536
2488384218.75,-25.07684
2488384375.0,-25.07443
2488384531.25,-25.07233
2488384687.5,-25.07449
2488384843.75,-25.07325
2488385000.0,-25.071
2488385156.25,-25.07069
2488385312.5,-25.06927
2488385468.75,-25.06568
2488385625.0,-25.06624
2488385781.25,-25.06379
2488385937.5,-25.0688
2488386093.75,-25.06437
2488386250.0,-25.06273
2488386406.25,-25.06051
2488386562.5,-25.06215
2488386718.75,-25.06066
2488386875.0,-25.05963
2488387031.25,-25.05846
2488387187.5,-25.05732
2488387343.75,-25.05809
2488387500.0,-25.05683
2488387656.25,-25.05593
2488387812.5,-25.05205
2488387968.75,-25.05315
2488388125.0,-25.05486
2488388281.25,-25.04995
2488388437.5,-25.04951
2488388593.75,-25.05017
2488388750.0,-25.04872
2488388906.25,-25.05155
2488389062.5,-25.04247
2488389218.75,-25.04561
2488389375.0,-25.04482
2488389531.25,-25.04269
2488389687.5,-25.04202
2488389843.75,-25.04086
2488390000.0,-25.03952
2488390156.25,-25.03926
2488390312.5,-25.0411
2488390468.75,-25.03678
2488390625.0,-25.03705
2488390781.25,-25.03576
2488390937.5,-25.03332
2488391093.75,-25.03422
2488391250.0,-25.03509
2488391406.25,-25.0299
2488391562.5,-25.02869
2488391718.75,-25.02645
2488391875.0,-25.02927
2488392031.25,-25.02438
2488392187.5,-25.02657
2488392343.75,-25.02925
2488392500.0,-25.02399
2488392656.25,-25.02409
2488392812.5,-25.0233
2488392968.75,-25.01984
2488393125.0,-25.02044
2488393281.25,-25.01897
2488393437.5,-25.01918
2488393593.75,-25.01859
2488393750.0,-25.01874
2488393906.25,-25.01535
2488394062.5,-25.01902
2488394218.75,-25.01688
2488394375.0,-25.01254
2488394531.25,-25.01132
2488394687.5,-25.01268
2488394843.75,-25.01062
2488395000.0,-25.00941
2488395156.25,-25.01038
2488395312.5,-25.00868
2488395468.75,-25.00655
2488395625.0,-25.00819
2488395781.25,-25.00328
2488395937.5,-25.00836
2488396093.75,-25.0056
2488396250.0,-25.00543
2488396406.25,-25.00016
2488396562.5,-24.99994
2488396718.75,-24.99968
2488396875.0,-24.99904
2488397031.25,-25.00033
2488397187.5,-24.99489
2488397343.75,-24.99597
2488397500.0,-24.99412
2488397656.25,-24.99451
2488397812.5,-24.9945
2488397968.75,-24.99171
2488398125.0,-24.99034
2488398281.25,-24.99253
2488398437.5,-24.99068
2488398593.75,-24.98803
2488398750.0,-24.99129
2488398906.25,-24.98673
2488399062.5,-24.98481
2488399218.75,-24.9841
2488399375.0,-24.98271
2488399531.25,-24.97985
2488399687.5,-24.98174
2488399843.75,-24.98115
2488400000.0,-24.97752
2488400156.25,-24.97471
2488400312.5,-24.97865
2488400468.75,-24.97657
2488400625.0,-24.97601
2488400781.25,-24.97345
2488400937.5,-24.97154
2488401093.75,-24.97431
2488401250.0,-24.97348
2488401406.25,-24.97084
2488401562.5,-24.97264
2488401718.75,-24.96917
2488401875.0,-24.96613
2488402031.25,-24.97074
2488402187.5,-24.96376
2488402343.75,-24.96304
2488402500.0,-24.96664
2488402656.25,-24.9633
2488402812.5,-24.9612
2488402968.75,-24.96173
2488403125.0,-24.96075
2488403281.25,-24.95616
2488403437.5,-24.95609
2488403593.75,-24.9565
2488403750.0,-24.95638
2488403906.25,-24.95655
2488404062.5,-24.95516
2488404218.75,-24.95458
2488404375.0,-24.95384
2488404531.25,-24.95196
2488404687.5,-24.9507
2488404843.75,-24.9479
2488405000.0,-24.94867
2488405156.25,-24.94728
2488405312.5,-24.94667
2488405468.75,-24.94662
2488405625.0,-24.94657
2488405781.25,-24.94715
2488405937.5,-24.94268
2488406093.75,-24.94005
2488406250.0,-24.94482
2488406406.25,-24.93826
2488406562.5,-24.93722
2488406718.75,-24.93985
2488406875.0,-24.93665
2488407031.25,-24.93607
2488407187.5,-24.93178
2488407343.75,-24.93265
2488407500.0,-24.93203
2488407656.25,-24.93463
2488407812.5,-24.93205
2488407968.75,-24.92954
2488408125.0,-24.93176
2488408281.25,-24.9266
2488408437.5,-24.92511
2488408593.75,-24.92596
2488408750.0,-24.92683
2488408906.25,-24.92591
2488409062.5,-24.92289
2488409218.75,-24.92142
2488409375.0,-24.92079
2488409531.25,-24.9225
2488409687.5,-24.9199
2488409843.75,-24.92114
2488410000.0,-24.91828
2488410156.25,-24.91945
2488410312.5,-24.91529
2488410468.75,-24.9151
2488410625.0,-24.91426
2488410781.25,-24.91573
2488410937.5,-24.91012
2488411093.75,-24.91266
2488411250.0,-24.9109
2488411406.25,-24.90639
2488411562.5,-24.90811
2488411718.75,-24.90916
2488411875.0,-24.90814
2488412031.25,-24.90409
2488412187.5,-24.90575
2488412343.75,-24.90438
2488412500.0,-24.9006
2488412656.25,-24.90223
2488412812.5,-24.90105
2488412968.75,-24.9008
2488413125.0,-24.90046
2488413281.25,-24.90075
2488413437.5,-24.89641
2488413593.75,-24.89744
2488413750.0,-24.8969
2488413906.25,-24.89219
2488414062.5,-24.89408
2488414218.75,-24.89203
2488414375.0,-24.88947
2488414531.25,-24.89005
2488414687.5,-24.89224
2488414843.75,-24.88957
2488415000.0,-24.89036
2488415156.25,-24.88619
2488415312.5,-24.88376
2488415468.75,-24.88346
2488415625.0,-24.88272
2488415781.25,-24.88216
2488415937.5,-24.88091
2488416093.75,-24.88259
2488416250.0,-24.88064
2488416406.25,-24.87684
2488416562.5,-24.87734
2488416718.75,-24.87773
2488416875.0,-24.87694
2488417031.25,-24.8739
2488417187.5,-24.87646
2488417343.75,-24.87439
2488417500.0,-24.87368
2488417656.25,-24.87222
2488417812.5,-24.86776
2488417968.75,-24.8706
2488418125.0,-24.86829
2488418281.25,-24.86754
2488418437.5,-24.86854
2488418593.75,-24.86465
2488418750.0,-24.86243
2488418906.25,-24.86421
2488419062.5,-24.86363
2488419218.75,-24.86296
2488419375.0,-24.8626
2488419531.25,-24.85939
2488419687.5,-24.85668
2488419843.75,-24.85698
2488420000.0,-24.85455
2488420156.25,-24.85549
2488420312.5,-24.8556
2488420468.75,-24.85449
2488420625.0,-24.85262
2488420781.25,-24.8517
2488420937.5,-24.84872
2488421093.75,-24.84836
2488421250.0,-24.85315
2488421406.25,-24.84586
2488421562.5,-24.84417
2488421718.75,-24.8452
2488421875.0,-24.84701
2488422031.25,-24.84369
2488422187.5,-24.84221
2488422343.75,-24.84179
2488422500.0,-24.8423
2488422656.25,-24.84
2488422812.5,-24.84184
2488422968.75,-24.84226
2488423125.0,-24.83754
2488423281.25,-24.836
2488423437.5,-24.83623
2488423593.75,-24.83497
2488423750.0,-24.83386
2488423906.25,-24.83345
2488424062.5,-24.8264
2488424218.75,-24.83486
2488424375.0,-24.82613
2488424531.25,-24.83018
2488424687.5,-24.82738
2488424843.75,-24.82713
2488425000.0,-24.82453
2488425156.25,-24.82632
2488425312.5,-24.82384
2488425468.75,-24.81987
2488425625.0,-24.82238
2488425781.25,-24.82125
2488425937.5,-24.82144
2488426093.75,-24.82021
2488426250.0,-24.81426
2488426406.25,-24.8152
2488426562.5,-24.81682
2488426718.75,-24.81335
2488426875.0,-24.8115
2488427031.25,-24.80988
2488427187.5,-24.81396
2488427343.75,-24.81185
2488427500.0,-24.81054
2488427656.25,-24.80902
2488427812.5,-24.8075
2488427968.75,-24.80249
2488428125.0,-24.80694
2488428281.25,-24.80472
2488428437.5,-24.80429
2488428593.75,-24.80445
2488428750.0,-24.80188
2488428906.25,-24.80025
2488429062.5,-24.79709
2488429218.75,-24.79706
2488429375.0,-24.7952
2488429531.25,-24.79557
2488429687.5,-24.79572
2488429843.75,-24.79464
2488430000.0,-24.79665
2488430156.25,-24.79309
2488430312.5,-24.79111
2488430468.75,-24.79222
2488430625.0,-24.78985
2488430781.25,-24.78732
2488430937.5,-24.78531
2488431093.75,-24.78981
2488431250.0,-24.78578
2488431406.25,-24.78725
2488431562.5,-24.78595
2488431718.75,-24.78265
2488431875.0,-24.7838
2488432031.25,-24.78517
2488432187.5,-24.78259
2488432343.75,-24.77636
2488432500.0,-24.77843
2488432656.25,-24.77855
2488432812.5,-24.77659
2488432968.75,-24.77672
2488433125.0,-24.77897
2488433281.25,-24.77375
2488433437.5,-24.77371
2488433593.75,-24.77147
2488433750.0,-24.77165
2488433906.25,-24.77156
2488434062.5,-24.76933
2488434218.75,-24.76641
2488434375.0,-24.76839
2488434531.25,-24.76533
2488434687.5,-24.76617
2488434843.75,-24.76765
2488435000.0,-24.76308
2488435156.25,-24.76271
2488435312.5,-24.76104
2488435468.75,-24.76065
2488435625.0,-24.75994
2488435781.25,-24.75747
2488435937.5,-24.75964
2488436093.75,-24.75842
2488436250.0,-24.75536
2488436406.25,-24.75403
2488436562.5,-24.75346
2488436718.75,-24.75564
2488436875.0,-24.74932
2488437031.25,-24.75216
2488437187.5,-24.75002
2488437343.75,-24.74703
2488437500.0,-24.74899
2488437656.25,-24.74509
2488437812.5,-24.74439
2488437968.75,-24.7439
2488438125.0,-24.74373
2488438281.25,-24.74385
2488438437.5,-24.7423
2488438593.75,-24.74026
2488438750.0,-24.73927
2488438906.25,-24.74065
2488439062.5,-24.73675
2488439218.75,-24.73391
2488439375.0,-24.73547
2488439531.25,-24.73498
2488439687.5,-24.73102
2488439843.75,-24.7324
2488440000.0,-24.72938
2488440156.25,-24.72972
2488440312.5,-24.73193
2488440468.75,-24.72779
2488440625.0,-24.72473
2488440781.25,-24.72993
2488440937.5,-24.72558
2488441093.75,-24.72544
2488441250.0,-24.72497
2488441406.25,-24.72483
2488441562.5,-24.72516
2488441718.75,-24.72014
2488441875.0,-24.72032
2488442031.25,-24.7188
2488442187.5,-24.71667
2488442343.75,-24.71706
2488442500.0,-24.71618
2488442656.25,-24.71487
2488442812.5,-24.71462
2488442968.75,-24.71313
2488443125.0,-24.7126
2488443281.25,-24.71119
2488443437.5,-24.70833
2488443593.75,-24.70908
2488443750.0,-24.70914
2488443906.25,-24.70533
2488444062.5,-24.70732
2488444218.75,-24.70501
2488444375.0,-24.70317
2488444531.25,-24.70067
2488444687.5,-24.70214
2488444843.75,-24.7022
2488445000.0,-24.70101
2488445156.25,-24.7016
2488445312.5,-24.69821
2488445468.75,-24.69781
2488445625.0,-24.69326
2488445781.25,-24.69169
2488445937.5,-24.69433
2488446093.75,-24.69469
2488446250.0,-24.69416
2488446406.25,-24.68797
2488446562.5,-24.691
2488446718.75,-24.69042
2488446875.0,-24.69053
2488447031.25,-24.68649
2488447187.5,-24.6853
2488447343.75,-24.68576
2488447500.0,-24.68711
2488447656.25,-24.68355
2488447812.5,-24.68412
2488447968.75,-24.68139
2488448125.0,-24.67945
2488448281.25,-24.67616
2488448437.5,-24.67645
2488448593.75,-24.67989
2488448750.0,-24.68059
2488448906.25,-24.67684
2488449062.5,-24.67399
2488449218.75,-24.67254
2488449375.0,-24.67076
2488449531.25,-24.67283
2488449687.5,-24.6719
2488449843.75,-24.67178
2488450000.0,-24.66787
2488450156.25,-24.66858
2488450312.5,-24.66692
2488450468.75,-24.66742
2488450625.0,-24.66518
2488450781.25,-24.66366
2488450937.5,-24.66239
2488451093.75,-24.65932
2488451250.0,-24.66204
2488451406.25,-24.66208
2488451562.5,-24.65794
2488451718.75,-24.65501
2488451875.0,-24.65718
2488452031.25,-24.65656
2488452187.5,-24.65388
2488452343.75,-24.65532
2488452500.0,-24.65243
2488452656.25,-24.65381
2488452812.5,-24.65222
2488452968.75,-24.64964
2488453125.0,-24.64993
2488453281.25,-24.64366
2488453437.5,-24.64747
2488453593.75,-24.6448
2488453750.0,-24.64525
2488453906.25,-24.64713
2488454062.5,-24.64588
2488454218.75,-24.64222
2488454375.0,-24.64206
2488454531.25,-24.63917
2488454687.5,-24.63947
2488454843.75,-24.63882
2488455000.0,-24.63739
2488455156.25,-24.63661
2488455312.5,-24.63482
2488455468.75,-24.63543
2488455625.0,-24.63153
2488455781.25,-24.63223
2488455937.5,-24.63173
2488456093.75,-24.6334
2488456250.0,-24.62668
2488456406.25,-24.62945
2488456562.5,-24.62749
2488456718.75,-24.62551
2488456875.0,-24.62543
2488457031.25,-24.6243
2488457187.5,-24.62246
2488457343.75,-24.6215
2488457500.0,-24.6219
2488457656.25,-24.6193
2488457812.5,-24.62418
2488457968.75,-24.61694
2488458125.0,-24.61701
2488458281.25,-24.61474
2488458437.5,-24.61483
2488458593.75,-24.61636
2488458750.0,-24.61236
2488458906.25,-24.61329
2488459062.5,-24.61122
2488459218.75,-24.60988
2488459375.0,-24.60863
2488459531.25,-24.61084
2488459687.5,-24.60568
2488459843.75,-24.60695
2488460000.0,-24.60679
2488460156.25,-24.60482
2488460312.5,-24.60676
2488460468.75,-24.60377
2488460625.0,-24.59916
2488460781.25,-24.60016
2488460937.5,-24.59975
2488461093.75,-24.59799
2488461250.0,-24.59719
2488461406.25,-24.59506
2488461562.5,-24.59437
2488461718.75,-24.59357
2488461875.0,-24.59306
2488462031.25,-24.59421
2488462187.5,-24.5907
2488462343.75,-24.59117
2488462500.0,-24.58857
2488462656.25,-24.58592
2488462812.5,-24.58437
2488462968.75,-24.58445
2488463125.0,-24.58099
2488463281.25,-24.58515
2488463437.5,-24.58201
2488463593.75,-24.58138
2488463750.0,-24.58115
2488463906.25,-24.57878
2488464062.5,-24.58051
2488464218.75,-24.57857
2488464375.0,-24.57701
2488464531.25,-24.57792
2488464687.5,-24.57674
2488464843.75,-24.57616
2488465000.0,-24.57456
2488465156.25,-24.57435
2488465312.5,-24.57386
2488465468.75,-24.57245
2488465625.0,-24.56857
2488465781.25,-24.57027
2488465937.5,-24.56694
2488466093.75,-24.56798
2488466250.0,-24.56797
2488466406.25,-24.56687
2488466562.5,-24.56283
2488466718.75,-24.56227
2488466875.0,-24.5624
2488467031.25,-24.55921
2488467187.5,-24.55914
2488467343.75,-24.55729
2488467500.0,-24.55826
2488467656.25,-24.55843
2488467812.5,-24.55339
2488467968.75,-24.55371
2488468125.0,-24.55539
2488468281.25,-24.55173
2488468437.5,-24.55135
2488468593.75,-24.54999
2488468750.0,-24.54934
2488468906.25,-24.54817
2488469062.5,-24.54431
2488469218.75,-24.5467
2488469375.0,-24.54367
2488469531.25,-24.54681
2488469687.5,-24.54252
2488469843.75,-24.54152
2488470000.0,-24.54093
2488470156.25,-24.54095
2488470312.5,-24.53888
2488470468.75,-24.53776
2488470625.0,-24.53842
2488470781.25,-24.5339
2488470937.5,-24.53399
2488471093.75,-24.53418
2488471250.0,-24.53411
2488471406.25,-24.5312
2488471562.5,-24.53077
2488471718.75,-24.53233
2488471875.0,-24.53087
2488472031.25,-24.52985
2488472187.5,-24.52783
2488472343.75,-24.52837
2488472500.0,-24.52582
2488472656.25,-24.52536
2488472812.5,-24.52178
2488472968.75,-24.52386
2488473125.0,-24.52216
2488473281.25,-24.51973
2488473437.5,-24.5204
2488473593.75,-24.51596
2488473750.0,-24.51797
2488473906.25,-24.51615
2488474062.5,-24.51503
2488474218.75,-24.51256
2488474375.0,-24.51269
2488474531.25,-24.51082
2488474687.5,-24.5138
2488474843.75,-24.51047
2488475000.0,-24.51158
2488475156.25,-24.50513
2488475312.5,-24.50866
2488475468.75,-24.50621
2488475625.0,-24.50395
2488475781.25,-24.50322
2488475937.5,-24.50292
2488476093.75,-24.50157
2488476250.0,-24.50215
2488476406.25,-24.50117
2488476562.5,-24.49851
2488476718.75,-24.49708
2488476875.0,-24.49569
2488477031.25,-24.49604
2488477187.5,-24.49479
2488477343.75,-24.4906
2488477500.0,-24.49273
2488477656.25,-24.49046
2488477812.5,-24.48976
2488477968.75,-24.48853
2488478125.0,-24.48927
2488478281.25,-24.48948
2488478437.5,-24.48785
2488478593.75,-24.48666
2488478750.0,-24.48468
2488478906.25,-24.48498
2488479062.5,-24.48243
2488479218.75,-24.48066
2488479375.0,-24.47822
2488479531.25,-24.47799
2488479687.5,-24.4789
2488479843.75,-24.47795
2488480000.0,-24.47695
2488480156.25,-24.47519
2488480312.5,-24.47674
2488480468.75,-24.47459
2488480625.0,-24.47119
2488480781.25,-24.47182
2488480937.5,-24.47062
2488481093.75,-24.46955
2488481250.0,-24.46808
2488481406.25,-24.46744
2488481562.5,-24.46566
2488481718.75,-24.46532
2488481875.0,-24.46539
2488482031.25,-24.46296
2488482187.5,-24.46402
2488482343.75,-24.4627
2488482500.0,-24.4604
2488482656.25,-24.45923
2488482812.5,-24.45498
2488482968.75,-24.45706
2488483125.0,-24.45891
2488483281.25,-24.45562
2488483437.5,-24.45616
2488483593.75,-24.4557
2488483750.0,-24.45383
2488483906.25,-24.44938
2488484062.5,-24.4518
2488484218.75,-24.45074
2488484375.0,-24.44988
2488484531.25,-24.44649
2488484687.5,-24.44894
2488484843.75,-24.44481
2488485000.0,-24.4472
2488485156.25,-24.4463
2488485312.5,-24.44092
2488485468.75,-24.44265
2488485625.0,-24.44065
2488485781.25,-24.44049
2488485937.5,-24.43875
2488486093.75,-24.43766
2488486250.0,-24.43521
2488486406.25,-24.43232
2488486562.5,-24.43608
2488486718.75,-24.43318
2488486875.0,-24.43448
2488487031.25,-24.432
2488487187.5,-24.43154
2488487343.75,-24.42813
2488487500.0,-24.42584
2488487656.25,-24.42955
2488487812.5,-24.42454
2488487968.75,-24.42538
2488488125.0,-24.42346
2488488281.25,-24.42252
2488488437.5,-24.42446
2488488593.75,-24.42083
2488488750.0,-24.41952
2488488906.25,-24.41967
2488489062.5,-24.41777
2488489218.75,-24.41605
2488489375.0,-24.41719
2488489531.25,-24.41417
2488489687.5,-24.41583
2488489843.75,-24.41347
2488490000.0,-24.40934
2488490156.25,-24.41289
2488490312.5,-24.41122
2488490468.75,-24.40945
2488490625.0,-24.40632
2488490781.25,-24.40415
2488490937.5,-24.40504
2488491093.75,-24.40011
2488491250.0,-24.40406
2488491406.25,-24.40146
2488491562.5,-24.40323
2488491718.75,-24.40393
2488491875.0,-24.39767
2488492031.25,-24.39762
2488492187.5,-24.3937
2488492343.75,-24.39686
2488492500.0,-24.39293
2488492656.25,-24.39596
2488492812.5,-24.38991
2488492968.75,-24.39014
2488493125.0,-24.39157
2488493281.25,-24.39146
2488493437.5,-24.39122
2488493593.75,-24.39104
2488493750.0,-24.38776
2488493906.25,-24.38643
2488494062.5,-24.38749
2488494218.75,-24.38416
2488494375.0,-24.38588
2488494531.25,-24.38237
2488494687.5,-24.38169
2488494843.75,-24.38257
2488495000.0,-24.37928
2488495156.25,-24.37739
2488495312.5,-24.37759
2488495468.75,-24.37496
2488495625.0,-24.3749
2488495781.25,-24.37525
2488495937.5,-24.37021
2488496093.75,-24.3722
2488496250.0,-24.37239
2488496406.25,-24.36834
2488496562.5,-24.3681
2488496718.75,-24.36702
2488496875.0,-24.36565
2488497031.25,-24.36651
2488497187.5,-24.36429
2488497343.75,-24.36385
2488497500.0,-24.364
2488497656.25,-24.3618
2488497812.5,-24.36357
2488497968.75,-24.36036
2488498125.0,-24.35845
2488498281.25,-24.35938
2488498437.5,-24.35941
2488498593.75,-24.35397
2488498750.0,-24.35503
2488498906.25,-24.35294
2488499062.5,-24.35586
2488499218.75,-24.35146
2488499375.0,-24.35206
2488499531.25,-24.35111
2488499687.5,-24.35
2488499843.75,-24.34808
2488500000.0,-24.34789
2488500156.25,-24.3443
2488500312.5,-24.34426
2488500468.75,-24.34242
2488500625.0,-24.34334
2488500781.25,-24.34063
2488500937.5,-24.33923
2488501093.75,-24.34046
2488501250.0,-24.33686
2488501406.25,-24.33763
2488501562.5,-24.33659
2488501718.75,-24.33716
2488501875.0,-24.33418
2488502031.25,-24.33305
2488502187.5,-24.33452
2488502343.75,-24.33154
2488502500.0,-24.3299
2488502656.25,-24.32585
2488502812.5,-24.32625
2488502968.75,-24.32575
2488503125.0,-24.32645
2488503281.25,-24.32516
2488503437.5,-24.32383
2488503593.75,-24.32493
2488503750.0,-24.31955
2488503906.25,-24.32138
2488504062.5,-24.31907
2488504218.75,-24.32186
2488504375.0,-24.31819
2488504531.25,-24.31704
2488504687.5,-24.31595
2488504843.75,-24.31468
2488505000.0,-24.31504
2488505156.25,-24.31346
2488505312.5,-24.31195
2488505468.75,-24.30933
2488505625.0,-24.30613
2488505781.25,-24.31049
2488505937.5,-24.31032
2488506093.75,-24.31023
2488506250.0,-24.30587
2488506406.25,-24.30382
2488506562.5,-24.30464
2488506718.75,-24.30427
2488506875.0,-24.29916
2488507031.25,-24.29835
2488507187.5,-24.30168
2488507343.75,-24.29788
2488507500.0,-24.29642
2488507656.25,-24.2993
2488507812.5,-24.29683
2488507968.75,-24.29362
2488508125.0,-24.29184
2488508281.25,-24.29209
2488508437.5,-24.28997
2488508593.75,-24.28978
2488508750.0,-24.28832
2488508906.25,-24.28711
2488509062.5,-24.28488
2488509218.75,-24.28564
2488509375.0,-24.28361
2488509531.25,-24.28299
2488509687.5,-24.28252
2488509843.75,-24.28473
2488510000.0,-24.28124
2488510156.25,-24.27738
2488510312.5,-24.27813
2488510468.75,-24.27788
2488510625.0,-24.27608
2488510781.25,-24.27861
2488510937.5,-24.2732
2488511093.75,-24.27178
2488511250.0,-24.27337
2488511406.25,-24.27376
2488511562.5,-24.27317
2488511718.75,-24.27176
2488511875.0,-24.26828
2488512031.25,-24.26798
2488512187.5,-24.26884
2488512343.75,-24.26491
2488512500.0,-24.2628
2488512656.25,-24.26369
2488512812.5,-24.26548
2488512968.75,-24.25855
2488513125.0,-24.26096
2488513281.25,-24.25568
2488513437.5,-24.2593
2488513593.75,-24.25625
2488513750.0,-24.25776
2488513906.25,-24.2576
2488514062.5,-24.25533
2488514218.75,-24.25296
2488514375.0,-24.25013
2488514531.25,-24.24875
2488514687.5,-24.25027
2488514843.75,-24.24845
2488515000.0,-24.24751
2488515156.25,-24.24563
2488515312.5,-24.24537
2488515468.75,-24.24733
2488515625.0,-24.24413
2488515781.25,-24.24329
2488515937.5,-24.24124
2488516093.75,-24.24245
2488516250.0,-24.24084
2488516406.25,-24.23923
2488516562.5,-24.23812
2488516718.75,-24.23759
2488516875.0,-24.23536
2488517031.25,-24.23434
2488517187.5,-24.23255
2488517343.75,-24.23186
2488517500.0,-24.2327
2488517656.25,-24.23143
2488517812.5,-24.22849
2488517968.75,-24.22668
2488518125.0,-24.22924
2488518281.25,-24.22519
2488518437.5,-24.22481
2488518593.75,-24.22605
2488518750.0,-24.22475
2488518906.25,-24.22142
2488519062.5,-24.21931
2488519218.75,-24.2202
2488519375.0,-24.21889
2488519531.25,-24.21987
2488519687.5,-24.21764
2488519843.75,-24.21499
2488520000.0,-24.21308
2488520156.25,-24.21391
2488520312.5,-24.21028
2488520468.75,-24.21103
2488520625.0,-24.21054
2488520781.25,-24.21088
2488520937.5,-24.20994
2488521093.75,-24.20408
2488521250.0,-24.20631
2488521406.25,-24.20472
2488521562.5,-24.20377
2488521718.75,-24.20334
2488521875.0,-24.20169
2488522031.25,-24.20109
2488522187.5,-24.20183
2488522343.75,-24.19748
2488522500.0,-24.19645
2488522656.25,-24.19654
2488522812.5,-24.19698
2488522968.75,-24.19635
2488523125.0,-24.19384
2488523281.25,-24.19123
2488523437.5,-24.19166
2488523593.75,-24.19297
2488523750.0,-24.1889
2488523906.25,-24.18844
2488524062.5,-24.18568
2488524218.75,-24.18608
2488524375.0,-24.1859
2488524531.25,-24.18378
2488524687.5,-24.18468
2488524843.75,-24.18318
2488525000.0,-24.18498
2488525156.25,-24.18187
2488525312.5,-24.17751
2488525468.75,-24.17837
2488525625.0,-24.17667
2488525781.25,-24.17577
2488525937.5,-24.1761
2488526093.75,-24.17259
2488526250.0,-24.17173
2488526406.25,-24.17208
2488526562.5,-24.17243
2488526718.75,-24.17356
2488526875.0,-24.17105
2488527031.25,-24.16725
2488527187.5,-24.16564
2488527343.75,-24.16694
2488527500.0,-24.16254
2488527656.25,-24.16203
2488527812.5,-24.16117
2488527968.75,-24.16141
2488528125.0,-24.15997
2488528281.25,-24.16158
2488528437.5,-24.1579
2488528593.75,-24.15818
2488528750.0,-24.15588
2488528906.25,-24.15451
2488529062.5,-24.15395
2488529218.75,-24.15092
2488529375.0,-24.15225
2488529531.25,-24.15088
2488529687.5,-24.14725
2488529843.75,-24.14606
2488530000.0,-24.14928
2488530156.25,-24.14723
2488530312.5,-24.14096
2488530468.75,-24.14567
2488530625.0,-24.14348
2488530781.25,-24.14294
2488530937.5,-24.13946
2488531093.75,-24.14195
2488531250.0,-24.13981
2488531406.25,-24.13755
2488531562.5,-24.14039
2488531718.75,-24.13746
2488531875.0,-24.13582
2488532031.25,-24.13597
2488532187.5,-24.13084
2488532343.75,-24.13289
2488532500.0,-24.13157
2488532656.25,-24.1288
2488532812.5,-24.12783
2488532968.75,-24.12811
2488533125.0,-24.12731
2488533281.25,-24.12648
2488533437.5,-24.12412
2488533593.75,-24.12454
2488533750.0,-24.12413
2488533906.25,-24.12135
2488534062.5,-24.11923
2488534218.75,-24.1198
2488534375.0,-24.11738
2488534531.25,-24.11776
2488534687.5,-24.11825
2488534843.75,-24.11562
2488535000.0,-24.11486
2488535156.25,-24.11483
2488535312.5,-24.11221
2488535468.75,-24.10956
2488535625.0,-24.1096
2488535781.25,-24.11185
2488535937.5,-24.10859
2488536093.75,-24.1042
2488536250.0,-24.10929
2488536406.25,-24.10438
2488536562.5,-24.10324
2488536718.75,-24.10313
2488536875.0,-24.10134
2488537031.25,-24.10391
2488537187.5,-24.09591
2488537343.75,-24.09626
2488537500.0,-24.09769
2488537656.25,-24.09459
2488537812.5,-24.09463
2488537968.75,-24.09257
2488538125.0,-24.09449
2488538281.25,-24.09275
2488538437.5,-24.09163
2488538593.75,-24.08877
2488538750.0,-24.09002
2488538906.25,-24.08477
2488539062.5,-24.09047
2488539218.75,-24.08661
2488539375.0,-24.08217
2488539531.25,-24.08228
2488539687.5,-24.08142
2488539843.75,-24.08288
2488540000.0,-24.08171
2488540156.25,-24.08304
2488540312.5,-24.07729
2488540468.75,-24.07815
2488540625.0,-24.07699
2488540781.25,-24.07483
2488540937.5,-24.07569
2488541093.75,-24.0722
2488541250.0,-24.07129
2488541406.25,-24.07176
2488541562.5,-24.07209
2488541718.75,-24.06726
2488541875.0,-24.06717
2488542031.25,-24.06658
2488542187.5,-24.06444
2488542343.75,-24.06616
2488542500.0,-24.06388
2488542656.25,-24.06328
2488542812.5,-24.06181
2488542968.75,-24.0608
2488543125.0,-24.05965
2488543281.25,-24.05979
2488543437.5,-24.05854
2488543593.75,-24.05679
2488543750.0,-24.0549
2488543906.25,-24.0544
2488544062.5,-24.05285
2488544218.75,-24.05113
2488544375.0,-24.04897
2488544531.25,-24.04794
2488544687.5,-24.04849
2488544843.75,-24.04822
2488545000.0,-24.04652
2488545156.25,-24.04654
2488545312.5,-24.0451
2488545468.75,-24.0435
2488545625.0,-24.04252
2488545781.25,-24.03964
2488545937.5,-24.04081
2488546093.75,-24.03682
2488546250.0,-24.03821
2488546406.25,-24.03856
2488546562.5,-24.0373
2488546718.75,-24.03627
2488546875.0,-24.03546
2488547031.25,-24.0323
2488547187.5,-24.02983
2488547343.75,-24.03084
2488547500.0,-24.02683
2488547656.25,-24.03024
2488547812.5,-24.02773
2488547968.75,-24.02623
2488548125.0,-24.02636
2488548281.25,-24.02429
2488548437.5,-24.02555
2488548593.75,-24.02272
2488548750.0,-24.02115
2488548906.25,-24.02244
2488549062.5,-24.01664
2488549218.75,-24.01996
2488549375.0,-24.01526
2488549531.25,-24.01648
2488549687.5,-24.01464
2488549843.75,-24.01413
2488550000.0,-24.0181
2488550156.25,-24.01047
2488550312.5,-24.01148
2488550468.75,-24.0111
2488550625.0,-24.00939
2488550781.25,-24.00459
2488550937.5,-24.00331
2488551093.75,-24.00216
2488551250.0,-24.00549
2488551406.25,-24.00281
2488551562.5,-24.00169
2488551718.75,-24.00091
2488551875.0,-24.00019
2488552031.25,-23.99799
2488552187.5,-23.99706
2488552343.75,-23.99692
2488552500.0,-23.99407
2488552656.25,-23.99641
2488552812.5,-23.99423
2488552968.75,-23.99344
2488553125.0,-23.99065
2488553281.25,-23.99287
2488553437.5,-23.98738
2488553593.75,-23.98723
2488553750.0,-23.98543
2488553906.25,-23.98576
2488554062.5,-23.98448
2488554218.75,-23.98564
2488554375.0,-23.98136
2488554531.25,-23.98105
2488554687.5,-23.98113
2488554843.75,-23.98094
2488555000.0,-23.97892
2488555156.25,-23.97647
2488555312.5,-23.97704
2488555468.75,-23.97544
2488555625.0,-23.97596
2488555781.25,-23.97254
2488555937.5,-23.97136
2488556093.75,-23.96922
2488556250.0,-23.96997
2488556406.25,-23.96967
2488556562.5,-23.96776
2488556718.75,-23.96535
2488556875.0,-23.96649
2488557031.25,-23.9627
2488557187.5,-23.96131
2488557343.75,-23.96332
2488557500.0,-23.96022
2488557656.25,-23.96103
2488557812.5,-23.9589
2488557968.75,-23.95958
2488558125.0,-23.95605
2488558281.25,-23.95342
2488558437.5,-23.95817
2488558593.75,-23.95331
2488558750.0,-23.95216
2488558906.25,-23.95189
2488559062.5,-23.95208
2488559218.75,-23.94642
2488559375.0,-23.95235
2488559531.25,-23.95104
2488559687.5,-23.94793
2488559843.75,-23.94686
2488560000.0,-23.94132
2488560156.25,-23.94694
2488560312.5,-23.93972
2488560468.75,-23.94325
2488560625.0,-23.93962
2488560781.25,-23.93813
2488560937.5,-23.93593
2488561093.75,-23.93659
2488561250.0,-23.94064
2488561406.25,-23.93674
2488561562.5,-23.93275
2488561718.75,-23.93186
2488561875.0,-23.93034
2488562031.25,-23.92951
2488562187.5,-23.92851
2488562343.75,-23.92718
2488562500.0,-23.92656
2488562656.25,-23.92714
2488562812.5,-23.92274
2488562968.75,-23.92291
2488563125.0,-23.92135
2488563281.25,-23.92157
2488563437.5,-23.92085
2488563593.75,-23.92153
2488563750.0,-23.92008
2488563906.25,-23.91719
2488564062.5,-23.91532
2488564218.75,-23.9177
2488564375.0,-23.91398
2488564531.25,-23.91394
2488564687.5,-23.91297
2488564843.75,-23.91108
2488565000.0,-23.91195
2488565156.25,-23.90709
2488565312.5,-23.90606
2488565468.75,-23.90799
2488565625.0,-23.90438
2488565781.25,-23.9054
2488565937.5,-23.90207
2488566093.75,-23.90318
2488566250.0,-23.89903
2488566406.25,-23.9019
2488566562.5,-23.89821
2488566718.75,-23.89723
2488566875.0,-23.89816
2488567031.25,-23.8967
2488567187.5,-23.89596
2488567343.75,-23.89571
2488567500.0,-23.89216
2488567656.25,-23.89106
2488567812.5,-23.89021
2488567968.75,-23.88896
2488568125.0,-23.8896
2488568281.25,-23.88861
2488568437.5,-23.88624
2488568593.75,-23.88714
2488568750.0,-23.88326
2488568906.25,-23.88502
2488569062.5,-23.88238
2488569218.75,-23.87989
2488569375.0,-23.87833
2488569531.25,-23.87609
2488569687.5,-23.87829
2488569843.75,-23.87664
2488570000.0,-23.87676
2488570156.25,-23.874
2488570312.5,-23.87327
2488570468.75,-23.87231
2488570625.0,-23.87279
2488570781.25,-23.87218
2488570937.5,-23.87112
2488571093.75,-23.86766
2488571250.0,-23.86573
2488571406.25,-23.86641
2488571562.5,-23.86235
2488571718.75,-23.86256
2488571875.0,-23.86193
2488572031.25,-23.86109
2488572187.5,-23.85997
2488572343.75,-23.85864
2488572500.0,-23.86032
2488572656.25,-23.85839
2488572812.5,-23.85542
2488572968.75,-23.85408
2488573125.0,-23.85476
2488573281.25,-23.85377
2488573437.5,-23.85111
2488573593.75,-23.85013
2488573750.0,-23.84972
2488573906.25,-23.84912
2488574062.5,-23.84854
2488574218.75,-23.84405
2488574375.0,-23.84419
2488574531.25,-23.84319
2488574687.5,-23.84225
2488574843.75,-23.843
2488575000.0,-23.84155
2488575156.25,-23.84025
2488575312.5,-23.83881
2488575468.75,-23.83846
2488575625.0,-23.83569
2488575781.25,-23.83708
2488575937.5,-23.83441
2488576093.75,-23.83185
2488576250.0,-23.83381
2488576406.25,-23.83257
2488576562.5,-23.83184
2488576718.75,-23.8294
2488576875.0,-23.8271
2488577031.25,-23.82643
2488577187.5,-23.82627
2488577343.75,-23.82268
2488577500.0,-23.82297
2488577656.25,-23.82176
2488577812.5,-23.81823
2488577968.75,-23.82019
2488578125.0,-23.82192
2488578281.25,-23.81758
2488578437.5,-23.8167
2488578593.75,-23.81372
2488578750.0,-23.81473
2488578906.25,-23.81654
2488579062.5,-23.81222
2488579218.75,-23.81111
2488579375.0,-23.8102
2488579531.25,-23.81027
2488579687.5,-23.81017
2488579843.75,-23.8066
2488580000.0,-23.80838
2488580156.25,-23.80397
2488580312.5,-23.804
2488580468.75,-23.80533
2488580625.0,-23.80243
2488580781.25,-23.80264
2488580937.5,-23.79993
2488581093.75,-23.79897
2488581250.0,-23.79466
2488581406.25,-23.79426
2488581562.5,-23.795
2488581718.75,-23.79555
2488581875.0,-23.79457
2488582031.25,-23.78989
2488582187.5,-23.79215
2488582343.75,-23.78911
2488582500.0,-23.78987
2488582656.25,-23.78736
2488582812.5,-23.78675
2488582968.75,-23.78358
2488583125.0,-23.78703
2488583281.25,-23.78322
2488583437.5,-23.7804
2488583593.75,-23.77927
2488583750.0,-23.77914
2488583906.25,-23.7777
2488584062.5,-23.77854
2488584218.75,-23.77587
2488584375.0,-23.77448
2488584531.25,-23.77493
2488584687.5,-23.77239
2488584843.75,-23.7727
2488585000.0,-23.76897
2488585156.25,-23.77141
2488585312.5,-23.76844
2488585468.75,-23.76707
2488585625.0,-23.76953
2488585781.25,-23.76746
2488585937.5,-23.76394
2488586093.75,-23.76418
2488586250.0,-23.76148
2488586406.25,-23.76143
2488586562.5,-23.76052
2488586718.75,-23.76042
2488586875.0,-23.75774
2488587031.25,-23.75718
2488587187.5,-23.75381
2488587343.75,-23.75696
2488587500.0,-23.75212
2488587656.25,-23.75318
2488587812.5,-23.75083
2488587968.75,-23.75223
2488588125.0,-23.75205
2488588281.25,-23.74756
2488588437.5,-23.74721
2488588593.75,-23.74788
2488588750.0,-23.74459
2488588906.25,-23.74445
2488589062.5,-23.74144
2488589218.75,-23.74065
2488589375.0,-23.74119
2488589531.25,-23.73787
2488589687.5,-23.73701
2488589843.75,-23.74015
2488590000.0,-23.73565
2488590156.25,-23.73452
2488590312.5,-23.73579
2488590468.75,-23.73333
2488590625.0,-23.73059
2488590781.25,-23.7347
2488590937.5,-23.7315
2488591093.75,-23.73068
2488591250.0,-23.72774
2488591406.25,-23.7298
2488591562.5,-23.72344
2488591718.75,-23.7246
2488591875.0,-23.72346
2488592031.25,-23.72183
2488592187.5,-23.7247
2488592343.75,-23.72236
2488592500.0,-23.71884
2488592656.25,-23.71945
2488592812.5,-23.71554
2488592968.75,-23.71625
2488593125.0,-23.71666
2488593281.25,-23.71366
2488593437.5,-23.71385
2488593593.75,-23.70825
2488593750.0,-23.71084
2488593906.25,-23.70917
2488594062.5,-23.70646
2488594218.75,-23.70668
2488594375.0,-23.7063
2488594531.25,-23.70772
2488594687.5,-23.7064
2488594843.75,-23.70082
2488595000.0,-23.69873
2488595156.25,-23.69929
2488595312.5,-23.69788
2488595468.75,-23.69652
2488595625.0,-23.69647
2488595781.25,-23.69487
2488595937.5,-23.69499
2488596093.75,-23.69209
2488596250.0,-23.69504
2488596406.25,-23.68981
2488596562.5,-23.68927
2488596718.75,-23.68897
2488596875.0,-23.68818
2488597031.25,-23.68791
2488597187.5,-23.6844
2488597343.75,-23.68566
2488597500.0,-23.68344
2488597656.25,-23.68183
2488597812.5,-23.6846
2488597968.75,-23.68075
2488598125.0,-23.68048
2488598281.25,-23.67911
2488598437.5,-23.67854
2488598593.75,-23.6768
2488598750.0,-23.6728
2488598906.25,-23.67323
2488599062.5,-23.67219
2488599218.75,-23.67335
2488599375.0,-23.66891
2488599531.25,-23.67146
2488599687.5,-23.66488
2488599843.75,-23.66707
2488600000.0,-23.66536
2488600156.25,-23.66404
2488600312.5,-23.66389
2488600468.75,-23.66254
2488600625.0,-23.66217
2488600781.25,-23.65854
2488600937.5,-23.65902
2488601093.75,-23.65645
2488601250.0,-23.658
2488601406.25,-23.65856
2488601562.5,-23.65639
2488601718.75,-23.6532
2488601875.0,-23.65019
2488602031.25,-23.65166
2488602187.5,-23.64985
2488602343.75,-23.65017
2488602500.0,-23.64824
2488602656.25,-23.64877
2488602812.5,-23.64587
2488602968.75,-23.64339
2488603125.0,-23.64505
2488603281.25,-23.64233
2488603437.5,-23.63944
2488603593.75,-23.63897
2488603750.0,-23.63965
2488603906.25,-23.63955
2488604062.5,-23.6401
2488604218.75,-23.63551
2488604375.0,-23.63324
2488604531.25,-23.63457
2488604687.5,-23.62998
2488604843.75,-23.63015
2488605000.0,-23.63055
2488605156.25,-23.6285
2488605312.5,-23.62829
2488605468.75,-23.62596
2488605625.0,-23.62511
2488605781.25,-23.62722
2488605937.5,-23.62375
2488606093.75,-23.62098
2488606250.0,-23.61975
2488606406.25,-23.62226
2488606562.5,-23.61843
2488606718.75,-23.61742
2488606875.0,-23.61578
2488607031.25,-23.61794
2488607187.5,-23.61439
2488607343.75,-23.61365
2488607500.0,-23.61228
2488607656.25,-23.61366
2488607812.5,-23.61131
2488607968.75,-23.60691
2488608125.0,-23.60884
2488608281.25,-23.60823
2488608437.5,-23.60791
2488608593.75,-23.60658
2488608750.0,-23.60497
2488608906.25,-23.60314
2488609062.5,-23.60145
2488609218.75,-23.6019
2488609375.0,-23.59824
2488609531.25,-23.59657
2488609687.5,-23.59437
2488609843.75,-23.59728
2488610000.0,-23.59512
2488610156.25,-23.59231
2488610312.5,-23.59351
2488610468.75,-23.59085
2488610625.0,-23.58941
2488610781.25,-23.5909
2488610937.5,-23.5885
2488611093.75,-23.58838
2488611250.0,-23.58509
2488611406.25,-23.58325
2488611562.5,-23.58127
2488611718.75,-23.58244
2488611875.0,-23.58476
2488612031.25,-23.58147
2488612187.5,-23.5808
2488612343.75,-23.57597
2488612500.0,-23.57524
2488612656.25,-23.5765
2488612812.5,-23.57441
2488612968.75,-23.57501
2488613125.0,-23.57387
2488613281.25,-23.56929
2488613437.5,-23.56959
2488613593.75,-23.56728
2488613750.0,-23.5682
2488613906.25,-23.56469
2488614062.5,-23.56505
2488614218.75,-23.56447
2488614375.0,-23.56417
2488614531.25,-23.56136
2488614687.5,-23.55921
2488614843.75,-23.55985
2488615000.0,-23.55895
2488615156.25,-23.55481
2488615312.5,-23.55718
2488615468.75,-23.55609
2488615625.0,-23.55482
2488615781.25,-23.55428
2488615937.5,-23.5507
2488616093.75,-23.54938
2488616250.0,-23.54967
2488616406.25,-23.54941
2488616562.5,-23.54748
2488616718.75,-23.54739
2488616875.0,-23.5473
2488617031.25,-23.54314
2488617187.5,-23.54348
2488617343.75,-23.54356
2488617500.0,-23.54447
2488617656.25,-23.54124
2488617812.5,-23.53762
2488617968.75,-23.53968
2488618125.0,-23.54003
2488618281.25,-23.53684
2488618437.5,-23.53504
2488618593.75,-23.53231
2488618750.0,-23.53176
2488618906.25,-23.52986
2488619062.5,-23.52806
2488619218.75,-23.52973
2488619375.0,-23.52633
2488619531.25,-23.52645
2488619687.5,-23.52751
2488619843.75,-23.5261
2488620000.0,-23.52263
2488620156.25,-23.52256
2488620312.5,-23.52337
2488620468.75,-23.51715
2488620625.0,-23.51748
2488620781.25,-23.51732
2488620937.5,-23.51689
2488621093.75,-23.51448
2488621250.0,-23.51332
2488621406.25,-23.51358
2488621562.5,-23.51196
2488621718.75,-23.51031
2488621875.0,-23.5105
2488622031.25,-23.50889
2488622187.5,-23.5113
2488622343.75,-23.50383
2488622500.0,-23.50531
2488622656.25,-23.50525
2488622812.5,-23.50267
2488622968.75,-23.50367
2488623125.0,-23.49985
2488623281.25,-23.50075
2488623437.5,-23.49941
2488623593.75,-23.50002
2488623750.0,-23.49697
2488623906.25,-23.49439
2488624062.5,-23.49494
2488624218.75,-23.4918
2488624375.0,-23.49283
2488624531.25,-23.48964
2488624687.5,-23.48958
2488624843.75,-23.48782
2488625000.0,-23.48404
2488625156.25,-23.48674
2488625312.5,-23.48686
2488625468.75,-23.48377
2488625625.0,-23.48332
2488625781.25,-23.48244
2488625937.5,-23.48083
2488626093.75,-23.48072
2488626250.0,-23.47935
2488626406.25,-23.47782
2488626562.5,-23.47796
2488626718.75,-23.47556
2488626875.0,-23.4744
2488627031.25,-23.47389
2488627187.5,-23.46959
2488627343.75,-23.47147
2488627500.0,-23.4704
2488627656.25,-23.46612
2488627812.5,-23.46896
2488627968.75,-23.4685
2488628125.0,-23.4646
2488628281.25,-23.46299
2488628437.5,-23.46143
2488628593.75,-23.46164
2488628750.0,-23.45958
2488628906.25,-23.46096
2488629062.5,-23.46025
2488629218.75,-23.45628
2488629375.0,-23.45777
2488629531.25,-23.45522
2488629687.5,-23.45356
2488629843.75,-23.45291
2488630000.0,-23.44987
2488630156.25,-23.45273
2488630312.5,-23.44891
2488630468.75,-23.44997
2488630625.0,-23.44563
2488630781.25,-23.447
2488630937.5,-23.4453
2488631093.75,-23.4436
2488631250.0,-23.44238
2488631406.25,-23.44172
2488631562.5,-23.44081
2488631718.75,-23.4385
2488631875.0,-23.43637
2488632031.25,-23.43769
2488632187.5,-23.43615
2488632343.75,-23.43549
2488632500.0,-23.43573
2488632656.25,-23.43465
2488632812.5,-23.42917
2488632968.75,-23.43125
2488633125.0,-23.42812
2488633281.25,-23.42598
2488633437.5,-23.4251
2488633593.75,-23.42564
2488633750.0,-23.42479
2488633906.25,-23.42134
2488634062.5,-23.42406
2488634218.75,-23.42297
2488634375.0,-23.41684
2488634531.25,-23.41824
2488634687.5,-23.41564
2488634843.75,-23.41656
2488635000.0,-23.41569
2488635156.25,-23.41631
2488635312.5,-23.41416
2488635468.75,-23.41277
2488635625.0,-23.41063
2488635781.25,-23.40942
2488635937.5,-23.40816
2488636093.75,-23.40683
2488636250.0,-23.40639
2488636406.25,-23.40576
2488636562.5,-23.40063
2488636718.75,-23.40194
2488636875.0,-23.40216
2488637031.25,-23.40066
2488637187.5,-23.40012
2488637343.75,-23.39705
2488637500.0,-23.3957
2488637656.25,-23.39671
2488637812.5,-23.39779
2488637968.75,-23.3944
2488638125.0,-23.3896
2488638281.25,-23.3927
2488638437.5,-23.3885
2488638593.75,-23.38765
2488638750.0,-23.38587
2488638906.25,-23.38509
2488639062.5,-23.38586
2488639218.75,-23.38331
2488639375.0,-23.38399
2488639531.25,-23.38382
2488639687.5,-23.38109
2488639843.75,-23.37873
2488640000.0,-23.37796
2488640156.25,-23.38069
2488640312.5,-23.37483
2488640468.75,-23.37579
2488640625.0,-23.37659
2488640781.25,-23.37218
2488640937.5,-23.37427
2488641093.75,-23.37264
2488641250.0,-23.37041
2488641406.25,-23.36974
2488641562.5,-23.36662
2488641718.75,-23.3683
2488641875.0,-23.36217
2488642031.25,-23.36402
2488642187.5,-23.36023
2488642343.75,-23.35817
2488642500.0,-23.36084
2488642656.25,-23.35787
2488642812.5,-23.35942
2488642968.75,-23.35667
2488643125.0,-23.35727
2488643281.25,-23.35625
2488643437.5,-23.35312
2488643593.75,-23.35312
2488643750.0,-23.35242
2488643906.25,-23.3506
2488644062.5,-23.34955
2488644218.75,-23.34913
2488644375.0,-23.34516
2488644531.25,-23.34721
2488644687.5,-23.34401
2488644843.75,-23.34548
2488645000.0,-23.34028
2488645156.25,-23.33957
2488645312.5,-23.34082
2488645468.75,-23.34049
2488645625.0,-23.33663
2488645781.25,-23.33578
2488645937.5,-23.33224
2488646093.75,-23.33384
2488646250.0,-23.33258
2488646406.25,-23.33157
2488646562.5,-23.33051
2488646718.75,-23.32988
2488646875.0,-23.32878
2488647031.25,-23.32744
2488647187.5,-23.32651
2488647343.75,-23.32718
2488647500.0,-23.32402
2488647656.25,-23.32291
2488647812.5,-23.31984
2488647968.75,-23.31996
2488648125.0,-23.31826
2488648281.25,-23.32011
2488648437.5,-23.3185
2488648593.75,-23.31516
2488648750.0,-23.31341
2488648906.25,-23.31112
2488649062.5,-23.31053
2488649218.75,-23.31081
2488649375.0,-23.30958
2488649531.25,-23.30836
2488649687.5,-23.30626
2488649843.75,-23.30516
2488650000.0,-23.30584
2488650156.25,-23.30325
2488650312.5,-23.30114
2488650468.75,-23.30025
2488650625.0,-23.30056
2488650781.25,-23.29878
2488650937.5,-23.29897
2488651093.75,-23.29871
2488651250.0,-23.29315
2488651406.25,-23.29344
2488651562.5,-23.29224
2488651718.75,-23.29458
2488651875.0,-23.29231
2488652031.25,-23.28736
2488652187.5,-23.28942
2488652343.75,-23.28595
2488652500.0,-23.28734
2488652656.25,-23.28438
2488652812.5,-23.28348
2488652968.75,-23.28246
2488653125.0,-23.2831
2488653281.25,-23.28134
2488653437.5,-23.28049
2488653593.75,-23.28018
2488653750.0,-23.27797
2488653906.25,-23.27695
2488654062.5,-23.27384
2488654218.75,-23.27312
2488654375.0,-23.27283
2488654531.25,-23.27393
2488654687.5,-23.27159
2488654843.75,-23.27018
2488655000.0,-23.26867
2488655156.25,-23.26827
2488655312.5,-23.26548
2488655468.75,-23.26419
2488655625.0,-23.2643
2488655781.25,-23.26494
2488655937.5,-23.26105
2488656093.75,-23.2605
2488656250.0,-23.25918
2488656406.25,-23.25672
2488656562.5,-23.25695
2488656718.75,-23.2549
2488656875.0,-23.2558
2488657031.25,-23.25565
2488657187.5,-23.25242
2488657343.75,-23.25097
2488657500.0,-23.24732
2488657656.25,-23.24872
2488657812.5,-23.24889
2488657968.75,-23.24482
2488658125.0,-23.24426
2488658281.25,-23.23988
2488658437.5,-23.24631
2488658593.75,-23.24068
2488658750.0,-23.2399
2488658906.25,-23.23822
2488659062.5,-23.23739
2488659218.75,-23.2366
2488659375.0,-23.23578
2488659531.25,-23.2341
2488659687.5,-23.23372
2488659843.75,-23.23482
2488660000.0,-23.23184
2488660156.25,-23.22827
2488660312.5,-23.22928
2488660468.75,-23.22704
2488660625.0,-23.2249
2488660781.25,-23.22534
2488660937.5,-23.22676
2488661093.75,-23.22299
2488661250.0,-23.22224
2488661406.25,-23.22193
2488661562.5,-23.21824
2488661718.75,-23.21916
2488661875.0,-23.21845
2488662031.25,-23.21782
2488662187.5,-23.21437
2488662343.75,-23.21222
2488662500.0,-23.21258
2488662656.25,-23.21026
2488662812.5,-23.20977
2488662968.75,-23.20935
2488663125.0,-23.20845
2488663281.25,-23.20595
2488663437.5,-23.20636
2488663593.75,-23.20703
2488663750.0,-23.2014
2488663906.25,-23.20165
2488664062.5,-23.20149
2488664218.75,-23.19695
2488664375.0,-23.19768
2488664531.25,-23.19976
2488664687.5,-23.19564
2488664843.75,-23.19362
2488665000.0,-23.19422
2488665156.25,-23.19181
2488665312.5,-23.19218
2488665468.75,-23.19326
2488665625.0,-23.19153
2488665781.25,-23.18827
2488665937.5,-23.18738
2488666093.75,-23.18788
2488666250.0,-23.18375
2488666406.25,-23.18414
2488666562.5,-23.18298
2488666718.75,-23.18355
2488666875.0,-23.17929
2488667031.25,-23.17915
2488667187.5,-23.18025
2488667343.75,-23.17796
2488667500.0,-23.17653
2488667656.25,-23.17701
2488667812.5,-23.1743
2488667968.75,-23.17365
2488668125.0,-23.17114
2488668281.25,-23.16913
2488668437.5,-23.17157
2488668593.75,-23.16523
2488668750.0,-23.16499
2488668906.25,-23.16443
2488669062.5,-23.16326
2488669218.75,-23.16375
2488669375.0,-23.15905
2488669531.25,-23.15936
2488669687.5,-23.16029
2488669843.75,-23.15729
2488670000.0,-23.15762
2488670156.25,-23.15479
2488670312.5,-23.15376
2488670468.75,-23.15414
2488670625.0,-23.15077
2488670781.25,-23.1495
2488670937.5,-23.15251
2488671093.75,-23.14984
2488671250.0,-23.14893
2488671406.25,-23.14789
2488671562.5,-23.1468
2488671718.75,-23.14398
2488671875.0,-23.14257
2488672031.25,-23.14092
2488672187.5,-23.14212
2488672343.75,-23.13794
2488672500.0,-23.13799
2488672656.25,-23.13947
2488672812.5,-23.13753
2488672968.75,-23.13535
2488673125.0,-23.13384
2488673281.25,-23.13439
2488673437.5,-23.1324
2488673593.75,-23.12975
2488673750.0,-23.13069
2488673906.25,-23.12675
2488674062.5,-23.12571
2488674218.75,-23.1263
2488674375.0,-23.12405
2488674531.25,-23.12528
2488674687.5,-23.12133
2488674843.75,-23.12061
2488675000.0,-23.12021
2488675156.25,-23.11949
2488675312.5,-23.11802
2488675468.75,-23.11466
2488675625.0,-23.11433
2488675781.25,-23.11247
2488675937.5,-23.11158
2488676093.75,-23.11134
2488676250.0,-23.10913
2488676406.25,-23.11133
2488676562.5,-23.1067
2488676718.75,-23.10656
2488676875.0,-23.10571
2488677031.25,-23.10575
2488677187.5,-23.10277
2488677343.75,-23.102
2488677500.0,-23.09999
2488677656.25,-23.0997
2488677812.5,-23.09985
2488677968.75,-23.09871
2488678125.0,-23.09515
2488678281.25,-23.09398
2488678437.5,-23.0953
2488678593.75,-23.09198
2488678750.0,-23.08938
2488678906.25,-23.08984
2488679062.5,-23.08718
2488679218.75,-23.08759
2488679375.0,-23.08659
2488679531.25,-23.08626
2488679687.5,-23.08499
2488679843.75,-23.08204
2488680000.0,-23.08228
2488680156.25,-23.08208
2488680312.5,-23.08014
2488680468.75,-23.0794
2488680625.0,-23.0772
2488680781.25,-23.0757
2488680937.5,-23.07297
2488681093.75,-23.07334
2488681250.0,-23.07233
2488681406.25,-23.07157
2488681562.5,-23.06973
2488681718.75,-23.07144
2488681875.0,-23.06714
2488682031.25,-23.06495
2488682187.5,-23.0643
2488682343.75,-23.06098
2488682500.0,-23.06346
2488682656.25,-23.06278
2488682812.5,-23.06013
2488682968.75,-23.05825
2488683125.0,-23.05922
2488683281.25,-23.05785
2488683437.5,-23.05423
2488683593.75,-23.05223
2488683750.0,-23.05445
2488683906.25,-23.05195
2488684062.5,-23.05106
2488684218.75,-23.0503
2488684375.0,-23.04788
2488684531.25,-23.0487
2488684687.5,-23.0475
2488684843.75,-23.04426
2488685000.0,-23.04352
2488685156.25,-23.04087
2488685312.5,-23.04009
2488685468.75,-23.03991
2488685625.0,-23.03857
2488685781.25,-23.03789
2488685937.5,-23.03777
2488686093.75,-23.03484
2488686250.0,-23.03295
2488686406.25,-23.03313
2488686562.5,-23.03395
2488686718.75,-23.03131
2488686875.0,-23.03143
2488687031.25,-23.02654
2488687187.5,-23.02806
2488687343.75,-23.02593
2488687500.0,-23.02534
2488687656.25,-23.02409
2488687812.5,-23.02427
2488687968.75,-23.01934
2488688125.0,-23.02184
2488688281.25,-23.01922
2488688437.5,-23.01744
2488688593.75,-23.01579
2488688750.0,-23.01465
2488688906.25,-23.01513
2488689062.5,-23.01258
2488689218.75,-23.01333
2488689375.0,-23.01183
2488689531.25,-23.00882
2488689687.5,-23.00947
2488689843.75,-23.00868
2488690000.0,-23.0041
2488690156.25,-23.00357
2488690312.5,-23.00417
2488690468.75,-22.99967
2488690625.0,-23.0002
2488690781.25,-23.00122
2488690937.5,-23.00034
2488691093.75,-22.99946
2488691250.0,-22.99676
2488691406.25,-22.99644
2488691562.5,-22.99388
2488691718.75,-22.99334
2488691875.0,-22.99049
2488692031.25,-22.98995
2488692187.5,-22.9893
2488692343.75,-22.98943
2488692500.0,-22.98652
2488692656.25,-22.98508
2488692812.5,-22.98333
2488692968.75,-22.98504
2488693125.0,-22.97971
2488693281.25,-22.9812
2488693437.5,-22.98025
2488693593.75,-22.97803
2488693750.0,-22.97599
2488693906.25,-22.9764
2488694062.5,-22.97579
2488694218.75,-22.97505
2488694375.0,-22.97079
2488694531.25,-22.97021
2488694687.5,-22.96863
2488694843.75,-22.96855
2488695000.0,-22.97023
2488695156.25,-22.96596
2488695312.5,-22.96583
2488695468.75,-22.96417
2488695625.0,-22.96312
2488695781.25,-22.96138
2488695937.5,-22.96154
2488696093.75,-22.95917
2488696250.0,-22.95826
2488696406.25,-22.95632
2488696562.5,-22.95456
2488696718.75,-22.95552
2488696875.0,-22.95325
2488697031.25,-22.95284
2488697187.5,-22.95187
2488697343.75,-22.95028
2488697500.0,-22.94987
2488697656.25,-22.94968
2488697812.5,-22.94814
2488697968.75,-22.94422
2488698125.0,-22.94308
2488698281.25,-22.94223
2488698437.5,-22.94096
2488698593.75,-22.93873
2488698750.0,-22.93825
2488698906.25,-22.9381
2488699062.5,-22.93573
2488699218.75,-22.93614
2488699375.0,-22.93436
2488699531.25,-22.93189
2488699687.5,-22.9323
2488699843.75,-22.92976
2488700000.0,-22.93166
2488700156.25,-22.92798
2488700312.5,-22.92885
2488700468.75,-22.92792
2488700625.0,-22.92554
2488700781.25,-22.92289
2488700937.5,-22.92254
2488701093.75,-22.922
2488701250.0,-22.91791
2488701406.25,-22.91908
2488701562.5,-22.91794
2488701718.75,-22.91604
2488701875.0,-22.91648
2488702031.25,-22.91483
2488702187.5,-22.90952
2488702343.75,-22.91369
2488702500.0,-22.9114
2488702656.25,-22.90954
2488702812.5,-22.9074
2488702968.75,-22.9067
2488703125.0,-22.90632
2488703281.25,-22.90394
2488703437.5,-22.90385
2488703593.75,-22.90224
2488703750.0,-22.90235
2488703906.25,-22.90185
2488704062.5,-22.89926
2488704218.75,-22.89619
2488704375.0,-22.89289
2488704531.25,-22.89535
2488704687.5,-22.89221
2488704843.75,-22.8919
2488705000.0,-22.89157
2488705156.25,-22.89142
2488705312.5,-22.88808
2488705468.75,-22.88585
2488705625.0,-22.88629
2488705781.25,-22.88473
2488705937.5,-22.88399
2488706093.75,-22.88168
2488706250.0,-22.88275
2488706406.25,-22.88028
2488706562.5,-22.87665
2488706718.75,-22.87813
2488706875.0,-22.87593
2488707031.25,-22.87367
2488707187.5,-22.87386
2488707343.75,-22.872
2488707500.0,-22.87226
2488707656.25,-22.87044
2488707812.5,-22.86766
2488707968.75,-22.86995
2488708125.0,-22.86721
2488708281.25,-22.86695
2488708437.5,-22.86582
2488708593.75,-22.86128
2488708750.0,-22.86136
2488708906.25,-22.8589
2488709062.5,-22.85908
2488709218.75,-22.85946
2488709375.0,-22.85652
2488709531.25,-22.85678
2488709687.5,-22.85396
2488709843.75,-22.85126
2488710000.0,-22.8536
2488710156.25,-22.84954
2488710312.5,-22.85339
2488710468.75,-22.84944
2488710625.0,-22.84569
2488710781.25,-22.84701
2488710937.5,-22.84666
2488711093.75,-22.84477
2488711250.0,-22.84272
2488711406.25,-22.84014
2488711562.5,-22.84051
2488711718.75,-22.84005
2488711875.0,-22.83961
2488712031.25,-22.83742
2488712187.5,-22.83498
2488712343.75,-22.83442
2488712500.0,-22.8354
2488712656.25,-22.83371
2488712812.5,-22.83189
2488712968.75,-22.82997
2488713125.0,-22.82852
2488713281.25,-22.82915
2488713437.5,-22.82575
2488713593.75,-22.82177
2488713750.0,-22.82377
2488713906.25,-22.82413
2488714062.5,-22.82117
2488714218.75,-22.82088
2488714375.0,-22.81829
2488714531.25,-22.81691
2488714687.5,-22.8207
2488714843.75,-22.8161
2488715000.0,-22.81651
2488715156.25,-22.8141
2488715312.5,-22.80977
2488715468.75,-22.81241
2488715625.0,-22.8079
2488715781.25,-22.80972
2488715937.5,-22.807
2488716093.75,-22.80369
2488716250.0,-22.80547
2488716406.25,-22.80117
2488716562.5,-22.80281
2488716718.75,-22.80009
2488716875.0,-22.79853
2488717031.25,-22.79897
2488717187.5,-22.79441
2488717343.75,-22.79572
2488717500.0,-22.79647
2488717656.25,-22.79517
2488717812.5,-22.79243
2488717968.75,-22.78901
2488718125.0,-22.79059
2488718281.25,-22.79004
2488718437.5,-22.78745
2488718593.75,-22.78403
2488718750.0,-22.78485
2488718906.25,-22.78474
2488719062.5,-22.78314
2488719218.75,-22.78242
2488719375.0,-22.77918
2488719531.25,-22.77924
2488719687.5,-22.77779
2488719843.75,-22.77526
2488720000.0,-22.77524
2488720156.25,-22.77523
2488720312.5,-22.77191
2488720468.75,-22.77071
2488720625.0,-22.76965
2488720781.25,-22.76908
2488720937.5,-22.76823
2488721093.75,-22.76553
2488721250.0,-22.76567
2488721406.25,-22.76187
2488721562.5,-22.76078
2488721718.75,-22.76235
2488721875.0,-22.75988
2488722031.25,-22.75772
2488722187.5,-22.7564
2488722343.75,-22.75643
2488722500.0,-22.75514
2488722656.25,-22.7551
2488722812.5,-22.75483
2488722968.75,-22.75151
2488723125.0,-22.75197
2488723281.25,-22.74877
2488723437.5,-22.74949
2488723593.75,-22.74576
2488723750.0,-22.74589
2488723906.25,-22.74203
2488724062.5,-22.74297
2488724218.75,-22.74122
2488724375.0,-22.74034
2488724531.25,-22.73832
2488724687.5,-22.73649
2488724843.75,-22.73749
2488725000.0,-22.73616
2488725156.25,-22.73466
2488725312.5,-22.73265
2488725468.75,-22.73119
2488725625.0,-22.73022
2488725781.25,-22.7308
2488725937.5,-22.72974
2488726093.75,-22.72619
2488726250.0,-22.72521
2488726406.25,-22.72805
2488726562.5,-22.72487
2488726718.75,-22.72036
2488726875.0,-22.7216
2488727031.25,-22.72102
2488727187.5,-22.72027
2488727343.75,-22.7166
2488727500.0,-22.7191
2488727656.25,-22.71549
2488727812.5,-22.71458
2488727968.75,-22.71301
2488728125.0,-22.71193
2488728281.25,-22.71047
2488728437.5,-22.70687
2488728593.75,-22.70642
2488728750.0,-22.70645
2488728906.25,-22.70662
2488729062.5,-22.70351
2488729218.75,-22.70289
2488729375.0,-22.70148
2488729531.25,-22.7009
2488729687.5,-22.69909
2488729843.75,-22.69577
2488730000.0,-22.69495
2488730156.25,-22.69641
2488730312.5,-22.69506
2488730468.75,-22.69214
2488730625.0,-22.69112
2488730781.25,-22.69137
2488730937.5,-22.68919
2488731093.75,-22.68865
2488731250.0,-22.68463
2488731406.25,-22.68564
2488731562.5,-22.6836
2488731718.75,-22.68323
2488731875.0,-22.68134
2488732031.25,-22.67792
2488732187.5,-22.68024
2488732343.75,-22.67741
2488732500.0,-22.67776
2488732656.25,-22.67349
2488732812.5,-22.67122
2488732968.75,-22.6721
2488733125.0,-22.67336
2488733281.25,-22.6701
2488733437.5,-22.66892
2488733593.75,-22.66944
2488733750.0,-22.66432
2488733906.25,-22.66641
2488734062.5,-22.66359
2488734218.75,-22.66486
2488734375.0,-22.65918
2488734531.25,-22.65923
2488734687.5,-22.65985
2488734843.75,-22.65939
2488735000.0,-22.65761
2488735156.25,-22.65734
2488735312.5,-22.65257
2488735468.75,-22.65309
2488735625.0,-22.65513
2488735781.25,-22.65011
2488735937.5,-22.65085
2488736093.75,-22.64903
2488736250.0,-22.64693
2488736406.25,-22.64399
2488736562.5,-22.64449
2488736718.75,-22.64301
2488736875.0,-22.64215
2488737031.25,-22.64061
2488737187.5,-22.64269
2488737343.75,-22.63763
2488737500.0,-22.63632
2488737656.25,-22.63648
2488737812.5,-22.6378
2488737968.75,-22.63412
2488738125.0,-22.63288
2488738281.25,-22.63255
2488738437.5,-22.63077
2488738593.75,-22.6294
2488738750.0,-22.62627
2488738906.25,-22.6284
2488739062.5,-22.62617
2488739218.75,-22.62432
2488739375.0,-22.6218
2488739531.25,-22.62189
2488739687.5,-22.61924
2488739843.75,-22.62042
2488740000.0,-22.61884
2488740156.25,-22.61736
2488740312.5,-22.61633
2488740468.75,-22.61332
2488740625.0,-22.61369
2488740781.25,-22.61151
2488740937.5,-22.60887
2488741093.75,-22.60922
2488741250.0,-22.60865
2488741406.25,-22.60675
2488741562.5,-22.60296
2488741718.75,-22.60607
2488741875.0,-22.60075
2488742031.25,-22.60099
2488742187.5,-22.60122
2488742343.75,-22.59867
2488742500.0,-22.59729
2488742656.25,-22.59389
2488742812.5,-22.59375
2488742968.75,-22.59411
2488743125.0,-22.59323
2488743281.25,-22.59217
2488743437.5,-22.59132
2488743593.75,-22.58806
2488743750.0,-22.58594
2488743906.25,-22.58555
2488744062.5,-22.58475
2488744218.75,-22.5848
2488744375.0,-22.5823
2488744531.25,-22.58014
2488744687.5,-22.58249
2488744843.75,-22.57883
2488745000.0,-22.57966
2488745156.25,-22.57562
2488745312.5,-22.57454
2488745468.75,-22.57281
2488745625.0,-22.57421
2488745781.25,-22.57076
2488745937.5,-22.57064
2488746093.75,-22.56888
2488746250.0,-22.56698
2488746406.25,-22.56562
2488746562.5,-22.56351
2488746718.75,-22.56393
2488746875.0,-22.56046
2488747031.25,-22.56091
2488747187.5,-22.55988
2488747343.75,-22.5587
2488747500.0,-22.55757
2488747656.25,-22.55728
2488747812.5,-22.55669
2488747968.75,-22.55374
2488748125.0,-22.55102
2488748281.25,-22.55087
2488748437.5,-22.55018
2488748593.75,-22.55002
2488748750.0,-22.54594
2488748906.25,-22.54629
2488749062.5,-22.54577
2488749218.75,-22.54266
2488749375.0,-22.54234
2488749531.25,-22.5406
2488749687.5,-22.54061
2488749843.75,-22.53835
2488750000.0,-22.53962
2488750156.25,-22.5383
2488750312.5,-22.53406
2488750468.75,-22.53295
2488750625.0,-22.53387
2488750781.25,-22.53034
2488750937.5,-22.53134
2488751093.75,-22.52898
2488751250.0,-22.52941
2488751406.25,-22.52635
2488751562.5,-22.52498
2488751718.75,-22.52449
2488751875.0,-22.52392
2488752031.25,-22.51944
2488752187.5,-22.52133
2488752343.75,-22.51757
2488752500.0,-22.51838
2488752656.25,-22.51726
2488752812.5,-22.51547
2488752968.75,-22.51711
2488753125.0,-22.51377
2488753281.25,-22.5099
2488753437.5,-22.50922
2488753593.75,-22.50914
2488753750.0,-22.50936
2488753906.25,-22.5066
2488754062.5,-22.50682
2488754218.75,-22.50613
2488754375.0,-22.5022
2488754531.25,-22.50298
2488754687.5,-22.49972
2488754843.75,-22.49611
2488755000.0,-22.50064
2488755156.25,-22.49718
2488755312.5,-22.49579
2488755468.75,-22.49324
2488755625.0,-22.49104
2488755781.25,-22.4895
2488755937.5,-22.49064
2488756093.75,-22.48714
2488756250.0,-22.48739
2488756406.25,-22.4857
2488756562.5,-22.48626
2488756718.75,-22.48425
2488756875.0,-22.48267
2488757031.25,-22.47902
2488757187.5,-22.47958
2488757343.75,-22.48034
2488757500.0,-22.47894
2488757656.25,-22.47668
2488757812.5,-22.47485
2488757968.75,-22.47372
2488758125.0,-22.47269
2488758281.25,-22.47285
2488758437.5,-22.46966
2488758593.75,-22.46731
2488758750.0,-22.46832
2488758906.25,-22.46585
2488759062.5,-22.46482
2488759218.75,-22.46508
2488759375.0,-22.46114
2488759531.25,-22.46287
2488759687.5,-22.46219
2488759843.75,-22.45981
2488760000.0,-22.45911
2488760156.25,-22.45806
2488760312.5,-22.4543
2488760468.75,-22.45436
2488760625.0,-22.45286
2488760781.25,-22.45252
2488760937.5,-22.44908
2488761093.75,-22.44808
2488761250.0,-22.44676
2488761406.25,-22.44727
2488761562.5,-22.44603
2488761718.75,-22.44469
2488761875.0,-22.44398
2488762031.25,-22.44069
2488762187.5,-22.44021
2488762343.75,-22.43996
2488762500.0,-22.43777
2488762656.25,-22.43905
2488762812.5,-22.43294
2488762968.75,-22.43512
2488763125.0,-22.43385
2488763281.25,-22.43159
2488763437.5,-22.42922
2488763593.75,-22.4284
2488763750.0,-22.42668
2488763906.25,-22.42598
2488764062.5,-22.42526
2488764218.75,-22.42366
2488764375.0,-22.4224
2488764531.25,-22.42034
2488764687.5,-22.42143
2488764843.75,-22.42052
2488765000.0,-22.41714
2488765156.25,-22.41508
2488765312.5,-22.41526
2488765468.75,-22.4135
2488765625.0,-22.41184
2488765781.25,-22.41087
2488765937.5,-22.4091
2488766093.75,-22.40692
2488766250.0,-22.40791
2488766406.25,-22.404
2488766562.5,-22.40501
2488766718.75,-22.40545
2488766875.0,-22.40192
2488767031.25,-22.40323
2488767187.5,-22.39945
2488767343.75,-22.39731
2488767500.0,-22.39631
2488767656.25,-22.396
2488767812.5,-22.39677
2488767968.75,-22.39365
2488768125.0,-22.38897
2488768281.25,-22.391
2488768437.5,-22.38646
2488768593.75,-22.38702
2488768750.0,-22.38802
2488768906.25,-22.38656
2488769062.5,-22.38346
2488769218.75,-22.38511
2488769375.0,-22.38257
2488769531.25,-22.38132
2488769687.5,-22.3783
2488769843.75,-22.37714
2488770000.0,-22.37463
2488770156.25,-22.37343
2488770312.5,-22.37208
2488770468.75,-22.37292
2488770625.0,-22.37218
2488770781.25,-22.37104
2488770937.5,-22.36842
2488771093.75,-22.36747
2488771250.0,-22.36609
2488771406.25,-22.36465
2488771562.5,-22.36397
2488771718.75,-22.3622
2488771875.0,-22.36028
2488772031.25,-22.36076
2488772187.5,-22.35842
2488772343.75,-22.35703
2488772500.0,-22.35672
2488772656.25,-22.35512
2488772812.5,-22.35227
2488772968.75,-22.34956
2488773125.0,-22.35198
2488773281.25,-22.35171
2488773437.5,-22.34899
2488773593.75,-22.35021
2488773750.0,-22.34499
2488773906.25,-22.34463
2488774062.5,-22.34188
2488774218.75,-22.33916
2488774375.0,-22.34044
2488774531.25,-22.34059
2488774687.5,-22.33904
2488774843.75,-22.33624
2488775000.0,-22.33535
2488775156.25,-22.33389
2488775312.5,-22.3339
2488775468.75,-22.33153
2488775625.0,-22.33158
2488775781.25,-22.32873
2488775937.5,-22.32867
2488776093.75,-22.32378
2488776250.0,-22.32663
2488776406.25,-22.32434
2488776562.5,-22.32196
2488776718.75,-22.32162
2488776875.0,-22.31948
2488777031.25,-22.31722
2488777187.5,-22.31565
2488777343.75,-22.31747
2488777500.0,-22.31505
2488777656.25,-22.31516
2488777812.5,-22.31149
2488777968.75,-22.30811
2488778125.0,-22.3101
2488778281.25,-22.31003
2488778437.5,-22.30673
2488778593.75,-22.30825
2488778750.0,-22.30708
2488778906.25,-22.30347
2488779062.5,-22.30078
2488779218.75,-22.30102
2488779375.0,-22.30096
2488779531.25,-22.29907
2488779687.5,-22.30042
2488779843.75,-22.29532
2488780000.0,-22.29379
2488780156.25,-22.29379
2488780312.5,-22.29208
2488780468.75,-22.28853
2488780625.0,-22.29169
2488780781.25,-22.28669
2488780937.5,-22.28801
2488781093.75,-22.28529
2488781250.0,-22.2857
2488781406.25,-22.28359
2488781562.5,-22.28464
2488781718.75,-22.28024
2488781875.0,-22.27924
2488782031.25,-22.27893
2488782187.5,-22.27781
2488782343.75,-22.27309
2488782500.0,-22.27581
2488782656.25,-22.27391
2488782812.5,-22.26866
2488782968.75,-22.27001
2488783125.0,-22.26945
2488783281.25,-22.26851
2488783437.5,-22.26436
2488783593.75,-22.26594
2488783750.0,-22.2624
2488783906.25,-22.26203
2488784062.5,-22.26339
2488784218.75,-22.26066
2488784375.0,-22.25747
2488784531.25,-22.25803
2488784687.5,-22.25547
2488784843.75,-22.25444
2488785000.0,-22.25536
2488785156.25,-22.25324
2488785312.5,-22.25185
2488785468.75,-22.24947
2488785625.0,-22.2482
2488785781.25,-22.24663
2488785937.5,-22.24379
2488786093.75,-22.24297
2488786250.0,-22.24432
2488786406.25,-22.24468
2488786562.5,-22.24
2488786718.75,-22.23941
2488786875.0,-22.23737
2488787031.25,-22.23581
2488787187.5,-22.23492
2488787343.75,-22.23533
2488787500.0,-22.23061
2488787656.25,-22.23084
2488787812.5,-22.23046
2488787968.75,-22.22894
2488788125.0,-22.22706
2488788281.25,-22.22621
2488788437.5,-22.22329
2488788593.75,-22.22385
2488788750.0,-22.22042
2488788906.25,-22.21978
2488789062.5,-22.22008
2488789218.75,-22.21996
2488789375.0,-22.21892
2488789531.25,-22.2161
2488789687.5,-22.2154
2488789843.75,-22.21376
2488790000.0,-22.21168
2488790156.25,-22.20775
2488790312.5,-22.20989
2488790468.75,-22.20753
2488790625.0,-22.20775
2488790781.25,-22.20296
2488790937.5,-22.20375
2488791093.75,-22.20469
2488791250.0,-22.20181
2488791406.25,-22.2018
2488791562.5,-22.19895
2488791718.75,-22.19889
2488791875.0,-22.19804
2488792031.25,-22.19361
2488792187.5,-22.1934
2488792343.75,-22.19274
2488792500.0,-22.18898
2488792656.25,-22.18924
2488792812.5,-22.19172
2488792968.75,-22.18785
2488793125.0,-22.18579
2488793281.25,-22.18655
2488793437.5,-22.1832
2488793593.75,-22.18315
2488793750.0,-22.18061
2488793906.25,-22.17944
2488794062.5,-22.17721
2488794218.75,-22.17645
2488794375.0,-22.17429
2488794531.25,-22.17529
2488794687.5,-22.1736
2488794843.75,-22.17228
2488795000.0,-22.16982
2488795156.25,-22.1682
2488795312.5,-22.1673
2488795468.75,-22.16702
2488795625.0,-22.16479
2488795781.25,-22.16429
2488795937.5,-22.16191
2488796093.75,-22.16043
2488796250.0,-22.16015
2488796406.25,-22.15994
2488796562.5,-22.15713
2488796718.75,-22.15708
2488796875.0,-22.15332
2488797031.25,-22.15335
2488797187.5,-22.15208
2488797343.75,-22.15207
2488797500.0,-22.14849
2488797656.25,-22.15029
2488797812.5,-22.14597
2488797968.75,-22.14628
2488798125.0,-22.14286
2488798281.25,-22.14389
2488798437.5,-22.14039
2488798593.75,-22.13937
2488798750.0,-22.14016
2488798906.25,-22.13822
2488799062.5,-22.13498
2488799218.75,-22.13439
2488799375.0,-22.13341
2488799531.25,-22.13161
2488799687.5,-22.13155
2488799843.75,-22.13035
2488800000.0,-22.12796
2488800156.25,-22.12697
2488800312.5,-22.12517
2488800468.75,-22.12521
2488800625.0,-22.1224
2488800781.25,-22.12377
2488800937.5,-22.12275
2488801093.75,-22.12033
2488801250.0,-22.11997
2488801406.25,-22.11544
2488801562.5,-22.11668
2488801718.75,-22.11553
2488801875.0,-22.11284
2488802031.25,-22.11292
2488802187.5,-22.11259
2488802343.75,-22.10866
2488802500.0,-22.10731
2488802656.25,-22.10704
2488802812.5,-22.10668
2488802968.75,-22.10121
2488803125.0,-22.10319
2488803281.25,-22.10112
2488803437.5,-22.09944
2488803593.75,-22.09832
2488803750.0,-22.09729
2488803906.25,-22.09393
2488804062.5,-22.09373
2488804218.75,-22.09276
2488804375.0,-22.09194
2488804531.25,-22.091
2488804687.5,-22.09134
2488804843.75,-22.08917
2488805000.0,-22.08602
2488805156.25,-22.08597
2488805312.5,-22.08399
2488805468.75,-22.08103
2488805625.0,-22.0798
2488805781.25,-22.07797
2488805937.5,-22.07626
2488806093.75,-22.07671
2488806250.0,-22.07664
2488806406.25,-22.07611
2488806562.5,-22.07373
2488806718.75,-22.07404
2488806875.0,-22.07007
2488807031.25,-22.06943
2488807187.5,-22.06647
2488807343.75,-22.0656
2488807500.0,-22.06651
2488807656.25,-22.06601
2488807812.5,-22.06385
2488807968.75,-22.06266
2488808125.0,-22.05921
2488808281.25,-22.06036
2488808437.5,-22.05795
2488808593.75,-22.05815
2488808750.0,-22.05449
2488808906.25,-22.05367
2488809062.5,-22.05536
2488809218.75,-22.05094
2488809375.0,-22.04991
2488809531.25,-22.04982
2488809687.5,-22.04757
2488809843.75,-22.04516
2488810000.0,-22.04329
2488810156.25,-22.04522
2488810312.5,-22.04366
2488810468.75,-22.03951
2488810625.0,-22.03937
2488810781.25,-22.03743
2488810937.5,-22.03722
2488811093.75,-22.0361
2488811250.0,-22.03405
2488811406.25,-22.03156
2488811562.5,-22.03088
2488811718.75,-22.02944
2488811875.0,-22.03043
2488812031.25,-22.02946
2488812187.5,-22.02755
2488812343.75,-22.02472
2488812500.0,-22.02317
2488812656.25,-22.02171
2488812812.5,-22.02056
2488812968.75,-22.01834
2488813125.0,-22.019
2488813281.25,-22.01664
2488813437.5,-22.01707
2488813593.75,-22.01565
2488813750.0,-22.01098
2488813906.25,-22.01082
2488814062.5,-22.00997
2488814218.75,-22.00856
2488814375.0,-22.00485
2488814531.25,-22.005
2488814687.5,-22.00346
2488814843.75,-22.00348
2488815000.0,-22.00076
2488815156.25,-21.99995
2488815312.5,-21.99829
2488815468.75,-21.99921
2488815625.0,-21.99751
2488815781.25,-21.99562
2488815937.5,-21.99233
2488816093.75,-21.99215
2488816250.0,-21.99196
2488816406.25,-21.99015
2488816562.5,-21.98911
2488816718.75,-21.98747
2488816875.0,-21.98313
2488817031.25,-21.98319
2488817187.5,-21.98391
2488817343.75,-21.98312
2488817500.0,-21.97992
2488817656.25,-21.97828
2488817812.5,-21.97802
2488817968.75,-21.97711
2488818125.0,-21.97325
2488818281.25,-21.97368
2488818437.5,-21.97132
2488818593.75,-21.97321
2488818750.0,-21.97272
2488818906.25,-21.96988
2488819062.5,-21.96832
2488819218.75,-21.96383
2488819375.0,-21.96532
2488819531.25,-21.96284
2488819687.5,-21.96196
2488819843.75,-21.96074
2488820000.0,-21.95984
2488820156.25,-21.95914
2488820312.5,-21.95618
2488820468.75,-21.95666
2488820625.0,-21.95602
2488820781.25,-21.95163
2488820937.5,-21.95131
2488821093.75,-21.94827
2488821250.0,-21.94959
2488821406.25,-21.9485
2488821562.5,-21.94809
2488821718.75,-21.94439
2488821875.0,-21.94241
2488822031.25,-21.94257
2488822187.5,-21.94156
2488822343.75,-21.94164
2488822500.0,-21.93783
2488822656.25,-21.93798
2488822812.5,-21.93579
2488822968.75,-21.93392
2488823125.0,-21.93468
2488823281.25,-21.93058
2488823437.5,-21.92903
2488823593.75,-21.92905
2488823750.0,-21.92793
2488823906.25,-21.92517
2488824062.5,-21.92351
2488824218.75,-21.92382
2488824375.0,-21.92141
2488824531.25,-21.91825
2488824687.5,-21.92063
2488824843.75,-21.91937
2488825000.0,-21.91765
2488825156.25,-21.91485
2488825312.5,-21.91484
2488825468.75,-21.91137
2488825625.0,-21.91352
2488825781.25,-21.91002
2488825937.5,-21.90906
2488826093.75,-21.9082
2488826250.0,-21.90654
2488826406.25,-21.90654
2488826562.5,-21.90286
2488826718.75,-21.90422
2488826875.0,-21.89948
2488827031.25,-21.90222
2488827187.5,-21.8968
2488827343.75,-21.89825
2488827500.0,-21.89392
2488827656.25,-21.89508
2488827812.5,-21.89403
2488827968.75,-21.89167
2488828125.0,-21.89125
2488828281.25,-21.89007
2488828437.5,-21.88634
2488828593.75,-21.88469
2488828750.0,-21.88496
2488828906.25,-21.88595
2488829062.5,-21.8848
2488829218.75,-21.8832
2488829375.0,-21.87938
2488829531.25,-21.87491
2488829687.5,-21.8763
2488829843.75,-21.87803
2488830000.0,-21.87398
2488830156.25,-21.87198
2488830312.5,-21.87168
2488830468.75,-21.86902
2488830625.0,-21.86941
2488830781.25,-21.87042
2488830937.5,-21.86606
2488831093.75,-21.86483
2488831250.0,-21.86449
2488831406.25,-21.86311
2488831562.5,-21.85964
2488831718.75,-21.85899
2488831875.0,-21.85798
2488832031.25,-21.85954
2488832187.5,-21.85677
2488832343.75,-21.85575
2488832500.0,-21.85123
2488832656.25,-21.85191
2488832812.5,-21.85038
2488832968.75,-21.84819
2488833125.0,-21.84534
2488833281.25,-21.84651
2488833437.5,-21.84527
2488833593.75,-21.84338
2488833750.0,-21.83997
2488833906.25,-21.84001
2488834062.5,-21.83861
2488834218.75,-21.83745
2488834375.0,-21.83713
2488834531.25,-21.83581
2488834687.5,-21.83423
2488834843.75,-21.83387
2488835000.0,-21.8302
2488835156.25,-21.82755
2488835312.5,-21.82719
2488835468.75,-21.82563
2488835625.0,-21.8268
2488835781.25,-21.82485
2488835937.5,-21.82482
2488836093.75,-21.82333
2488836250.0,-21.82096
2488836406.25,-21.81956
2488836562.5,-21.81636
2488836718.75,-21.81387
2488836875.0,-21.81377
2488837031.25,-21.81308
2488837187.5,-21.81223
2488837343.75,-21.81009
2488837500.0,-21.80829
2488837656.25,-21.80795
2488837812.5,-21.8042
2488837968.75,-21.80503
2488838125.0,-21.80454
2488838281.25,-21.8025
2488838437.5,-21.80209
2488838593.75,-21.79955
2488838750.0,-21.79876
2488838906.25,-21.79905
2488839062.5,-21.79603
2488839218.75,-21.7967
2488839375.0,-21.79339
2488839531.25,-21.78983
2488839687.5,-21.79141
2488839843.75,-21.7892
2488840000.0,-21.78724
2488840156.25,-21.78784
2488840312.5,-21.78487
2488840468.75,-21.78476
2488840625.0,-21.78118
2488840781.25,-21.78237
2488840937.5,-21.7796
2488841093.75,-21.77781
2488841250.0,-21.77439
2488841406.25,-21.77806
2488841562.5,-21.77522
2488841718.75,-21.77311
2488841875.0,-21.77114
2488842031.25,-21.7704
2488842187.5,-21.76633
2488842343.75,-21.76863
2488842500.0,-21.76355
2488842656.25,-21.76316
2488842812.5,-21.76383
2488842968.75,-21.76127
2488843125.0,-21.75957
2488843281.25,-21.75899
2488843437.5,-21.75846
2488843593.75,-21.75463
2488843750.0,-21.75652
2488843906.25,-21.75374
2488844062.5,-21.75196
2488844218.75,-21.75118
2488844375.0,-21.74894
2488844531.25,-21.75108
2488844687.5,-21.7469
2488844843.75,-21.74671
2488845000.0,-21.74391
2488845156.25,-21.74408
2488845312.5,-21.74094
2488845468.75,-21.73879
2488845625.0,-21.73624
2488845781.25,-21.73711
2488845937.5,-21.73496
2488846093.75,-21.73297
2488846250.0,-21.73226
2488846406.25,-21.73346
2488846562.5,-21.73229
2488846718.75,-21.72944
2488846875.0,-21.72793
2488847031.25,-21.72553
2488847187.5,-21.72471
2488847343.75,-21.72244
2488847500.0,-21.72284
2488847656.25,-21.72401
2488847812.5,-21.72017
2488847968.75,-21.71739
2488848125.0,-21.7187
2488848281.25,-21.71342
2488848437.5,-21.71522
2488848593.75,-21.70986
2488848750.0,-21.71259
2488848906.25,-21.71225
2488849062.5,-21.71078
2488849218.75,-21.70821
2488849375.0,-21.70402
2488849531.25,-21.70511
2488849687.5,-21.70351
2488849843.75,-21.70309
2488850000.0,-21.69791
2488850156.25,-21.69862
2488850312.5,-21.69665
2488850468.75,-21.69786
2488850625.0,-21.69405
2488850781.25,-21.69325
2488850937.5,-21.69222
2488851093.75,-21.69147
2488851250.0,-21.68863
2488851406.25,-21.68784
2488851562.5,-21.68904
2488851718.75,-21.68675
2488851875.0,-21.68259
2488852031.25,-21.68382
2488852187.5,-21.67991
2488852343.75,-21.68106
2488852500.0,-21.67884
2488852656.25,-21.6755
2488852812.5,-21.67612
2488852968.75,-21.67527
2488853125.0,-21.67177
2488853281.25,-21.6709
2488853437.5,-21.67005
2488853593.75,-21.67246
2488853750.0,-21.66821
2488853906.25,-21.66449
2488854062.5,-21.66417
2488854218.75,-21.66399
2488854375.0,-21.66268
2488854531.25,-21.66119
2488854687.5,-21.66214
2488854843.75,-21.65849
2488855000.0,-21.65767
2488855156.25,-21.65718
2488855312.5,-21.65302
2488855468.75,-21.65227
2488855625.0,-21.65168
2488855781.25,-21.6509
2488855937.5,-21.64845
2488856093.75,-21.64738
2488856250.0,-21.64481
2488856406.25,-21.64313
2488856562.5,-21.64165
2488856718.75,-21.6427
2488856875.0,-21.63893
2488857031.25,-21.63931
2488857187.5,-21.63714
2488857343.75,-21.63605
2488857500.0,-21.63559
2488857656.25,-21.63135
2488857812.5,-21.63334
2488857968.75,-21.62967
2488858125.0,-21.62829
2488858281.25,-21.62741
2488858437.5,-21.62664
2488858593.75,-21.62329
2488858750.0,-21.62424
2488858906.25,-21.62301
2488859062.5,-21.62105
2488859218.75,-21.61893
2488859375.0,-21.61679
2488859531.25,-21.61596
2488859687.5,-21.6127
2488859843.75,-21.61458
2488860000.0,-21.61364
2488860156.25,-21.61032
2488860312.5,-21.60923
2488860468.75,-21.60735
2488860625.0,-21.6068
2488860781.25,-21.60511
2488860937.5,-21.60287
2488861093.75,-21.60235
2488861250.0,-21.60089
2488861406.25,-21.59986
2488861562.5,-21.59947
2488861718.75,-21.59734
2488861875.0,-21.59669
2488862031.25,-21.59458
2488862187.5,-21.59444
2488862343.75,-21.59203
2488862500.0,-21.5923
2488862656.25,-21.58645
2488862812.5,-21.58583
2488862968.75,-21.58429
2488863125.0,-21.58286
2488863281.25,-21.58348
2488863437.5,-21.58241
2488863593.75,-21.57939
2488863750.0,-21.57837
2488863906.25,-21.57805
2488864062.5,-21.5746
2488864218.75,-21.57355
2488864375.0,-21.57332
2488864531.25,-21.57228
2488864687.5,-21.57206
2488864843.75,-21.56829
2488865000.0,-21.56701
2488865156.25,-21.56631
2488865312.5,-21.56327
2488865468.75,-21.56436
2488865625.0,-21.56173
2488865781.25,-21.55904
2488865937.5,-21.55832
2488866093.75,-21.55922
2488866250.0,-21.55749
2488866406.25,-21.554
2488866562.5,-21.55349
2488866718.75,-21.55274
2488866875.0,-21.5501
2488867031.25,-21.54916
2488867187.5,-21.54892
2488867343.75,-21.54577
2488867500.0,-21.5453
2488867656.25,-21.54444
2488867812.5,-21.54359
2488867968.75,-21.54121
2488868125.0,-21.53963
2488868281.25,-21.53696
2488868437.5,-21.53909
2488868593.75,-21.53538
2488868750.0,-21.53558
2488868906.25,-21.53466
2488869062.5,-21.5329
2488869218.75,-21.53162
2488869375.0,-21.52756
2488869531.25,-21.52646
2488869687.5,-21.5248
2488869843.75,-21.52376
2488870000.0,-21.52298
2488870156.25,-21.52216
2488870312.5,-21.52057
2488870468.75,-21.5196
2488870625.0,-21.5171
2488870781.25,-21.51889
2488870937.5,-21.51681
2488871093.75,-21.51358
2488871250.0,-21.51053
2488871406.25,-21.5106
2488871562.5,-21.50862
2488871718.75,-21.5076
2488871875.0,-21.50479
2488872031.25,-21.50275
2488872187.5,-21.50461
2488872343.75,-21.50245
2488872500.0,-21.49958
2488872656.25,-21.49905
2488872812.5,-21.49577
2488872968.75,-21.49835
2488873125.0,-21.49468
2488873281.25,-21.49426
2488873437.5,-21.49187
2488873593.75,-21.49075
2488873750.0,-21.49063
2488873906.25,-21.48844
2488874062.5,-21.48994
2488874218.75,-21.48639
2488874375.0,-21.48401
2488874531.25,-21.4824
2488874687.5,-21.48365
2488874843.75,-21.47977
2488875000.0,-21.47821
2488875156.25,-21.47737
2488875312.5,-21.47875
2488875468.75,-21.47467
2488875625.0,-21.47159
2488875781.25,-21.47117
2488875937.5,-21.46871
2488876093.75,-21.46801
2488876250.0,-21.46715
2488876406.25,-21.46482
2488876562.5,-21.46383
2488876718.75,-21.46201
2488876875.0,-21.46326
2488877031.25,-21.46081
2488877187.5,-21.46008
2488877343.75,-21.45675
2488877500.0,-21.45863
2488877656.25,-21.45675
2488877812.5,-21.45042
2488877968.75,-21.45283
2488878125.0,-21.45081
2488878281.25,-21.45083
2488878437.5,-21.44722
2488878593.75,-21.44527
2488878750.0,-21.44332
2488878906.25,-21.44608
2488879062.5,-21.44186
2488879218.75,-21.44175
2488879375.0,-21.43918
2488879531.25,-21.43892
2488879687.5,-21.4347
2488879843.75,-21.43579
2488880000.0,-21.43355
2488880156.25,-21.43159
2488880312.5,-21.43151
2488880468.75,-21.42979
2488880625.0,-21.42817
2488880781.25,-21.4276
2488880937.5,-21.42472
2488881093.75,-21.42599
2488881250.0,-21.42358
2488881406.25,-21.4201
2488881562.5,-21.41989
2488881718.75,-21.41951
2488881875.0,-21.41565
2488882031.25,-21.41478
2488882187.5,-21.41482
2488882343.75,-21.41056
2488882500.0,-21.41158
2488882656.25,-21.41055
2488882812.5,-21.41014
2488882968.75,-21.40565
2488883125.0,-21.40694
2488883281.25,-21.40387
2488883437.5,-21.4032
2488883593.75,-21.40134
2488883750.0,-21.40032
2488883906.25,-21.39844
2488884062.5,-21.39636
2488884218.75,-21.39575
2488884375.0,-21.39437
2488884531.25,-21.39343
2488884687.5,-21.39278
2488884843.75,-21.39096
2488885000.0,-21.38566
2488885156.25,-21.38706
2488885312.5,-21.38542
2488885468.75,-21.38529
2488885625.0,-21.38388
2488885781.25,-21.38225
2488885937.5,-21.38042
2488886093.75,-21.37817
2488886250.0,-21.3771
2488886406.25,-21.37316
2488886562.5,-21.37447
2488886718.75,-21.37136
2488886875.0,-21.37105
2488887031.25,-21.37086
2488887187.5,-21.36831
2488887343.75,-21.36707
2488887500.0,-21.36465
2488887656.25,-21.36302
2488887812.5,-21.36169
2488887968.75,-21.36221
2488888125.0,-21.35971
2488888281.25,-21.35895
2488888437.5,-21.35751
2488888593.75,-21.35695
2488888750.0,-21.3537
2488888906.25,-21.35164
2488889062.5,-21.35049
2488889218.75,-21.34999
2488889375.0,-21.35067
2488889531.25,-21.34812
2488889687.5,-21.34509
2488889843.75,-21.34377
2488890000.0,-21.34235
2488890156.25,-21.34105
2488890312.5,-21.34144
2488890468.75,-21.33707
2488890625.0,-21.33798
2488890781.25,-21.33407
2488890937.5,-21.33429
2488891093.75,-21.33357
2488891250.0,-21.33183
2488891406.25,-21.33
2488891562.5,-21.33005
2488891718.75,-21.3254
2488891875.0,-21.32413
2488892031.25,-21.32487
2488892187.5,-21.32361
2488892343.75,-21.32042
2488892500.0,-21.32119
2488892656.25,-21.31913
2488892812.5,-21.31608
2488892968.75,-21.316
2488893125.0,-21.31553
2488893281.25,-21.31156
2488893437.5,-21.31278
2488893593.75,-21.31112
2488893750.0,-21.30835
2488893906.25,-21.30768
2488894062.5,-21.30429
2488894218.75,-21.30442
2488894375.0,-21.30245
2488894531.25,-21.30198
2488894687.5,-21.30339
2488894843.75,-21.29765
2488895000.0,-21.29699
2488895156.25,-21.29465
2488895312.5,-21.29436
2488895468.75,-21.29374
2488895625.0,-21.29232
2488895781.25,-21.29046
2488895937.5,-21.28885
2488896093.75,-21.28644
2488896250.0,-21.28739
2488896406.25,-21.28519
2488896562.5,-21.28631
2488896718.75,-21.28273
2488896875.0,-21.27983
2488897031.25,-21.27825
2488897187.5,-21.27621
2488897343.75,-21.27431
2488897500.0,-21.27524
2488897656.25,-21.2738
2488897812.5,-21.27317
2488897968.75,-21.26986
2488898125.0,-21.26903
2488898281.25,-21.26801
2488898437.5,-21.26466
2488898593.75,-21.26508
2488898750.0,-21.26354
2488898906.25,-21.26341
2488899062.5,-21.2613
2488899218.75,-21.25995
2488899375.0,-21.25633
2488899531.25,-21.25549
2488899687.5,-21.25397
2488899843.75,-21.25404
2488900000.0,-21.25212
2488900156.25,-21.24895
2488900312.5,-21.25011
2488900468.75,-21.24558
2488900625.0,-21.24536
2488900781.25,-21.24299
2488900937.5,-21.24214
2488901093.75,-21.24098
2488901250.0,-21.23959
2488901406.25,-21.23903
2488901562.5,-21.23795
2488901718.75,-21.23569
2488901875.0,-21.23584
2488902031.25,-21.23055
2488902187.5,-21.23173
2488902343.75,-21.22861
2488902500.0,-21.22746
2488902656.25,-21.22888
2488902812.5,-21.22731
2488902968.75,-21.22312
2488903125.0,-21.2233
2488903281.25,-21.2199
2488903437.5,-21.22123
2488903593.75,-21.21707
2488903750.0,-21.21487
2488903906.25,-21.21626
2488904062.5,-21.21453
2488904218.75,-21.2114
2488904375.0,-21.21144
2488904531.25,-21.20977
2488904687.5,-21.20675
2488904843.75,-21.20544
2488905000.0,-21.20749
2488905156.25,-21.20199
2488905312.5,-21.20223
2488905468.75,-21.20154
2488905625.0,-21.19929
2488905781.25,-21.19875
2488905937.5,-21.19665
2488906093.75,-21.19412
2488906250.0,-21.19408
2488906406.25,-21.19228
2488906562.5,-21.18975
2488906718.75,-21.1885
2488906875.0,-21.18902
2488907031.25,-21.18521
2488907187.5,-21.18489
2488907343.75,-21.18488
2488907500.0,-21.18256
2488907656.25,-21.18147
2488907812.5,-21.18064
2488907968.75,-21.17819
2488908125.0,-21.17502
2488908281.25,-21.17484
2488908437.5,-21.1724
2488908593.75,-21.17127
2488908750.0,-21.16942
2488908906.25,-21.16858
2488909062.5,-21.16519
2488909218.75,-21.16608
2488909375.0,-21.16642
2488909531.25,-21.1631
2488909687.5,-21.16205
2488909843.75,-21.16218
2488910000.0,-21.15948
2488910156.25,-21.15651
2488910312.5,-21.15693
2488910468.75,-21.15557
2488910625.0,-21.15365
2488910781.25,-21.15267
2488910937.5,-21.15101
2488911093.75,-21.14556
2488911250.0,-21.14646
2488911406.25,-21.14588
2488911562.5,-21.14463
2488911718.75,-21.14102
2488911875.0,-21.14125
2488912031.25,-21.14068
2488912187.5,-21.14103
2488912343.75,-21.13793
2488912500.0,-21.13494
2488912656.25,-21.13359
2488912812.5,-21.13286
2488912968.75,-21.13242
2488913125.0,-21.13024
2488913281.25,-21.1277
2488913437.5,-21.12673
2488913593.75,-21.12457
2488913750.0,-21.1235
2488913906.25,-21.12314
2488914062.5,-21.12048
2488914218.75,-21.12104
2488914375.0,-21.11772
2488914531.25,-21.11658
2488914687.5,-21.11501
2488914843.75,-21.1148
2488915000.0,-21.11096
2488915156.25,-21.1097
2488915312.5,-21.10966
2488915468.75,-21.10955
2488915625.0,-21.10677
2488915781.25,-21.10343
2488915937.5,-21.10518
2488916093.75,-21.10121
2488916250.0,-21.09937
2488916406.25,-21.10006
2488916562.5,-21.09869
2488916718.75,-21.09619
2488916875.0,-21.09611
2488917031.25,-21.09269
2488917187.5,-21.09264
2488917343.75,-21.09188
2488917500.0,-21.08899
2488917656.25,-21.08773
2488917812.5,-21.08588
2488917968.75,-21.08419
2488918125.0,-21.08236
2488918281.25,-21.08263
2488918437.5,-21.08024
2488918593.75,-21.07792
2488918750.0,-21.07912
2488918906.25,-21.07375
2488919062.5,-21.07575
2488919218.75,-21.07297
2488919375.0,-21.0715
2488919531.25,-21.07083
2488919687.5,-21.06761
2488919843.75,-21.0667
2488920000.0,-21.0662
2488920156.25,-21.06272
2488920312.5,-21.06289
2488920468.75,-21.06173
2488920625.0,-21.05848
2488920781.25,-21.05704
2488920937.5,-21.05767
2488921093.75,-21.05583
2488921250.0,-21.05358
2488921406.25,-21.05115
2488921562.5,-21.05103
2488921718.75,-21.05045
2488921875.0,-21.04811
2488922031.25,-21.04538
2488922187.5,-21.04599
2488922343.75,-21.04481
2488922500.0,-21.04302
2488922656.25,-21.04035
2488922812.5,-21.04021
2488922968.75,-21.03701
2488923125.0,-21.03751
2488923281.25,-21.0342
2488923437.5,-21.03391
2488923593.75,-21.03338
2488923750.0,-21.02928
2488923906.25,-21.02734
2488924062.5,-21.02745
2488924218.75,-21.0262
2488924375.0,-21.02388
2488924531.25,-21.02255
2488924687.5,-21.02228
2488924843.75,-21.01954
2488925000.0,-21.01941
2488925156.25,-21.01635
2488925312.5,-21.01572
2488925468.75,-21.01321
2488925625.0,-21.01333
2488925781.25,-21.01125
2488925937.5,-21.00757
2488926093.75,-21.00801
2488926250.0,-21.00477
2488926406.25,-21.00509
2488926562.5,-21.0029
2488926718.75,-21.0015
2488926875.0,-20.99999
2488927031.25,-20.99857
2488927187.5,-20.99874
2488927343.75,-20.99651
2488927500.0,-20.99716
2488927656.25,-20.99391
2488927812.5,-20.99242
2488927968.75,-20.99118
2488928125.0,-20.9897
2488928281.25,-20.98528
2488928437.5,-20.98587
2488928593.75,-20.98497
2488928750.0,-20.98298
2488928906.25,-20.98253
2488929062.5,-20.98053
2488929218.75,-20.97765
2488929375.0,-20.97751
2488929531.25,-20.97518
2488929687.5,-20.97377
2488929843.75,-20.97389
2488930000.0,-20.9706
2488930156.25,-20.96995
2488930312.5,-20.9674
2488930468.75,-20.96543
2488930625.0,-20.96519
2488930781.25,-20.96341
2488930937.5,-20.96365
2488931093.75,-20.96203
2488931250.0,-20.95995
2488931406.25,-20.95741
2488931562.5,-20.95749
2488931718.75,-20.95485
2488931875.0,-20.95417
2488932031.25,-20.95096
2488932187.5,-20.94873
2488932343.75,-20.94895
2488932500.0,-20.94637
2488932656.25,-20.94769
2488932812.5,-20.94423
2488932968.75,-20.94442
2488933125.0,-20.94352
2488933281.25,-20.9391
2488933437.5,-20.93831
2488933593.75,-20.93598
2488933750.0,-20.93571
2488933906.25,-20.93467
2488934062.5,-20.93325
2488934218.75,-20.93067
2488934375.0,-20.93049
2488934531.25,-20.92893
2488934687.5,-20.92531
2488934843.75,-20.92566
2488935000.0,-20.92261
2488935156.25,-20.92234
2488935312.5,-20.92135
2488935468.75,-20.91899
2488935625.0,-20.91744
2488935781.25,-20.91519
2488935937.5,-20.91556
2488936093.75,-20.91221
2488936250.0,-20.91093
2488936406.25,-20.90906
2488936562.5,-20.90905
2488936718.75,-20.90529
2488936875.0,-20.90463
2488937031.25,-20.90647
2488937187.5,-20.90286
2488937343.75,-20.90079
2488937500.0,-20.89892
2488937656.25,-20.8985
2488937812.5,-20.89583
2488937968.75,-20.89505
2488938125.0,-20.89382
2488938281.25,-20.8941
2488938437.5,-20.89051
2488938593.75,-20.88973
2488938750.0,-20.88807
2488938906.25,-20.8856
2488939062.5,-20.88656
2488939218.75,-20.88193
2488939375.0,-20.88337
2488939531.25,-20.88157
2488939687.5,-20.8789
2488939843.75,-20.87735
2488940000.0,-20.87591
2488940156.25,-20.87448
2488940312.5,-20.87381
2488940468.75,-20.8714
2488940625.0,-20.87033
2488940781.25,-20.86884
2488940937.5,-20.86705
2488941093.75,-20.86459
2488941250.0,-20.86318
2488941406.25,-20.85976
2488941562.5,-20.86009
2488941718.75,-20.85941
2488941875.0,-20.85699
2488942031.25,-20.85713
2488942187.5,-20.85536
2488942343.75,-20.85335
2488942500.0,-20.85301
2488942656.25,-20.85065
2488942812.5,-20.84903
2488942968.75,-20.84834
2488943125.0,-20.84467
2488943281.25,-20.8446
2488943437.5,-20.84389
2488943593.75,-20.84366
2488943750.0,-20.83999
2488943906.25,-20.83714
2488944062.5,-20.83761
2488944218.75,-20.83548
2488944375.0,-20.83176
2488944531.25,-20.83326
2488944687.5,-20.83073
2488944843.75,-20.83048
2488945000.0,-20.82821
2488945156.25,-20.82578
2488945312.5,-20.8271
2488945468.75,-20.82461
2488945625.0,-20.82198
2488945781.25,-20.81947
2488945937.5,-20.81997
2488946093.75,-20.81712
2488946250.0,-20.81566
2488946406.25,-20.81551
2488946562.5,-20.81266
2488946718.75,-20.81206
2488946875.0,-20.81206
2488947031.25,-20.80715
2488947187.5,-20.80686
2488947343.75,-20.80481
2488947500.0,-20.8047
2488947656.25,-20.80388
2488947812.5,-20.79807
2488947968.75,-20.8009
2488948125.0,-20.79774
2488948281.25,-20.7975
2488948437.5,-20.79503
2488948593.75,-20.79504
2488948750.0,-20.7916
2488948906.25,-20.78949
2488949062.5,-20.78844
2488949218.75,-20.78721
2488949375.0,-20.78687
2488949531.25,-20.78338
2488949687.5,-20.78194
2488949843.75,-20.78191
2488950000.0,-20.77829
2488950156.25,-20.77709
2488950312.5,-20.77678
2488950468.75,-20.77378
2488950625.0,-20.77447
2488950781.25,-20.77268
2488950937.5,-20.77067
2488951093.75,-20.76942
2488951250.0,-20.76808
2488951406.25,-20.76341
2488951562.5,-20.7657
2488951718.75,-20.76258
2488951875.0,-20.76167
2488952031.25,-20.76118
2488952187.5,-20.7578
2488952343.75,-20.75739
2488952500.0,-20.7557
2488952656.25,-20.75607
2488952812.5,-20.75304
2488952968.75,-20.75189
2488953125.0,-20.74891
2488953281.25,-20.74951
2488953437.5,-20.74571
2488953593.75,-20.74525
2488953750.0,-20.74479
2488953906.25,-20.74101
2488954062.5,-20.73872
2488954218.75,-20.73778
2488954375.0,-20.73722
2488954531.25,-20.73559
2488954687.5,-20.73559
2488954843.75,-20.73287
2488955000.0,-20.73148
2488955156.25,-20.72963
2488955312.5,-20.73027
2488955468.75,-20.72601
2488955625.0,-20.72484
2488955781.25,-20.72476
2488955937.5,-20.72184
2488956093.75,-20.72107
2488956250.0,-20.7212
2488956406.25,-20.71685
2488956562.5,-20.71667
2488956718.75,-20.71552
2488956875.0,-20.71294
2488957031.25,-20.71087
2488957187.5,-20.71107
2488957343.75,-20.70737
2488957500.0,-20.70718
2488957656.25,-20.70562
2488957812.5,-20.7026
2488957968.75,-20.70276
2488958125.0,-20.69895
2488958281.25,-20.69827
2488958437.5,-20.6977
2488958593.75,-20.69495
2488958750.0,-20.69626
2488958906.25,-20.69549
2488959062.5,-20.69247
2488959218.75,-20.68958
2488959375.0,-20.68764
2488959531.25,-20.68628
2488959687.5,-20.68766
2488959843.75,-20.68278
2488960000.0,-20.68269
2488960156.25,-20.68063
2488960312.5,-20.67958
2488960468.75,-20.67934
2488960625.0,-20.67543
2488960781.25,-20.67412
2488960937.5,-20.67289
2488961093.75,-20.67169
2488961250.0,-20.67114
2488961406.25,-20.66825
2488961562.5,-20.66834
2488961718.75,-20.66507
2488961875.0,-20.66416
2488962031.25,-20.66348
2488962187.5,-20.6612
2488962343.75,-20.66107
2488962500.0,-20.65908
2488962656.25,-20.65621
2488962812.5,-20.65531
2488962968.75,-20.65337
2488963125.0,-20.65145
2488963281.25,-20.65112
2488963437.5,-20.64913
2488963593.75,-20.64729
2488963750.0,-20.64607
2488963906.25,-20.64311
2488964062.5,-20.64217
2488964218.75,-20.6393
2488964375.0,-20.63834
2488964531.25,-20.63801
2488964687.5,-20.63532
2488964843.75,-20.63521
2488965000.0,-20.63295
2488965156.25,-20.63224
2488965312.5,-20.62938
2488965468.75,-20.62824
2488965625.0,-20.62617
2488965781.25,-20.62741
2488965937.5,-20.62558
2488966093.75,-20.62258
2488966250.0,-20.62132
2488966406.25,-20.61928
2488966562.5,-20.61889
2488966718.75,-20.6166
2488966875.0,-20.61675
2488967031.25,-20.61221
2488967187.5,-20.61144
2488967343.75,-20.61168
2488967500.0,-20.60875
2488967656.25,-20.60715
2488967812.5,-20.60494
2488967968.75,-20.60443
2488968125.0,-20.60138
2488968281.25,-20.60091
2488968437.5,-20.60025
2488968593.75,-20.59916
2488968750.0,-20.59705
2488968906.25,-20.59534
2488969062.5,-20.5937
2488969218.75,-20.59173
2488969375.0,-20.5901
2488969531.25,-20.58817
2488969687.5,-20.58886
2488969843.75,-20.58662
2488970000.0,-20.58657
2488970156.25,-20.58223
2488970312.5,-20.58198
2488970468.75,-20.5806
2488970625.0,-20.57606
2488970781.25,-20.57682
2488970937.5,-20.57412
2488971093.75,-20.57232
2488971250.0,-20.57202
2488971406.25,-20.57158
2488971562.5,-20.57055
2488971718.75,-20.56847
2488971875.0,-20.56393
2488972031.25,-20.56365
2488972187.5,-20.5643
2488972343.75,-20.56098
2488972500.0,-20.55922
2488972656.25,-20.55756
2488972812.5,-20.55591
2488972968.75,-20.55337
2488973125.0,-20.55136
2488973281.25,-20.5499
2488973437.5,-20.55027
2488973593.75,-20.54836
2488973750.0,-20.54681
2488973906.25,-20.54343
2488974062.5,-20.54445
2488974218.75,-20.54196
2488974375.0,-20.54211
2488974531.25,-20.53829
2488974687.5,-20.53782
2488974843.75,-20.53589
2488975000.0,-20.53377
2488975156.25,-20.5335
2488975312.5,-20.52988
2488975468.75,-20.53088
2488975625.0,-20.5275
2488975781.25,-20.52614
2488975937.5,-20.52509
2488976093.75,-20.52376
2488976250.0,-20.52227
2488976406.25,-20.52007
2488976562.5,-20.51719
2488976718.75,-20.51865
2488976875.0,-20.51549
2488977031.25,-20.5151
2488977187.5,-20.51329
2488977343.75,-20.51089
2488977500.0,-20.51015
2488977656.25,-20.50758
2488977812.5,-20.50795
2488977968.75,-20.50471
2488978125.0,-20.50566
2488978281.25,-20.50287
2488978437.5,-20.50046
2488978593.75,-20.50053
2488978750.0,-20.49681
2488978906.25,-20.49384
2488979062.5,-20.49485
2488979218.75,-20.49251
2488979375.0,-20.49307
2488979531.25,-20.4894
2488979687.5,-20.48762
2488979843.75,-20.48754
2488980000.0,-20.48447
2488980156.25,-20.48196
2488980312.5,-20.48271
2488980468.75,-20.48053
2488980625.0,-20.47871
2488980781.25,-20.47731
2488980937.5,-20.47479
2488981093.75,-20.47328
2488981250.0,-20.47258
2488981406.25,-20.47078
2488981562.5,-20.47013
2488981718.75,-20.46871
2488981875.0,-20.4641
2488982031.25,-20.46692
2488982187.5,-20.46346
2488982343.75,-20.46237
2488982500.0,-20.45979
2488982656.25,-20.45757
2488982812.5,-20.45674
2488982968.75,-20.45642
2488983125.0,-20.45361
2488983281.25,-20.45119
2488983437.5,-20.44933
2488983593.75,-20.44881
2488983750.0,-20.44652
2488983906.25,-20.44762
2488984062.5,-20.4441
2488984218.75,-20.44408
2488984375.0,-20.44185
2488984531.25,-20.4413
2488984687.5,-20.44076
2488984843.75,-20.43758
2488985000.0,-20.43574
2488985156.25,-20.43242
2488985312.5,-20.43153
2488985468.75,-20.43061
2488985625.0,-20.43008
2488985781.25,-20.42713
2488985937.5,-20.42605
2488986093.75,-20.42441
2488986250.0,-20.4222
2488986406.25,-20.42019
2488986562.5,-20.41992
2488986718.75,-20.41928
2488986875.0,-20.41362
2488987031.25,-20.41437
2488987187.5,-20.41364
2488987343.75,-20.41412
2488987500.0,-20.4111
2488987656.25,-20.40913
2488987812.5,-20.40674
2488987968.75,-20.40411
2488988125.0,-20.40261
2488988281.25,-20.4024
2488988437.5,-20.40001
2488988593.75,-20.39809
2488988750.0,-20.39454
2488988906.25,-20.39574
2488989062.5,-20.39365
2488989218.75,-20.39015
2488989375.0,-20.39255
2488989531.25,-20.38862
2488989687.5,-20.38776
2488989843.75,-20.38582
2488990000.0,-20.38417
2488990156.25,-20.38379
2488990312.5,-20.38106
2488990468.75,-20.37972
2488990625.0,-20.37765
2488990781.25,-20.37832
2488990937.5,-20.37617
2488991093.75,-20.37225
2488991250.0,-20.37072
2488991406.25,-20.36908
2488991562.5,-20.36952
2488991718.75,-20.36685
2488991875.0,-20.36395
2488992031.25,-20.36508
2488992187.5,-20.36233
2488992343.75,-20.36134
2488992500.0,-20.35979
2488992656.25,-20.3556
2488992812.5,-20.35792
2488992968.75,-20.35422
2488993125.0,-20.35265
2488993281.25,-20.34994
2488993437.5,-20.34768
2488993593.75,-20.34739
2488993750.0,-20.34685
2488993906.25,-20.34619
2488994062.5,-20.34392
2488994218.75,-20.34308
2488994375.0,-20.3392
2488994531.25,-20.33753
2488994687.5,-20.33615
2488994843.75,-20.33674
2488995000.0,-20.3344
2488995156.25,-20.33213
2488995312.5,-20.32886
2488995468.75,-20.32939
2488995625.0,-20.326
2488995781.25,-20.32474
2488995937.5,-20.32391
2488996093.75,-20.3218
2488996250.0,-20.32176
2488996406.25,-20.31902
2488996562.5,-20.31837
2488996718.75,-20.31417
2488996875.0,-20.31473
2488997031.25,-20.31284
2488997187.5,-20.31357
2488997343.75,-20.30866
2488997500.0,-20.3079
2488997656.25,-20.30823
2488997812.5,-20.30704
2488997968.75,-20.304
2488998125.0,-20.30149
2488998281.25,-20.30091
2488998437.5,-20.29947
2488998593.75,-20.29735
2488998750.0,-20.29494
2488998906.25,-20.29522
2488999062.5,-20.2944
2488999218.75,-20.29075
2488999375.0,-20.29164
2488999531.25,-20.28596
2488999687.5,-20.28743
2488999843.75,-20.28261
2489000000.0,-20.28227
2489000156.25,-20.2805
2489000312.5,-20.27939
2489000468.75,-20.27664
2489000625.0,-20.27818
2489000781.25,-20.2758
2489000937.5,-20.27405
2489001093.75,-20.27105
2489001250.0,-20.27095
2489001406.25,-20.27096
2489001562.5,-20.26625
2489001718.75,-20.26511
2489001875.0,-20.26302
2489002031.25,-20.2624
2489002187.5,-20.25994
2489002343.75,-20.25877
2489002500.0,-20.25556
2489002656.25,-20.25716
2489002812.5,-20.25165
2489002968.75,-20.25336
2489003125.0,-20.25071
2489003281.25,-20.24961
2489003437.5,-20.24903
2489003593.75,-20.24664
2489003750.0,-20.24544
2489003906.25,-20.24505
2489004062.5,-20.24169
2489004218.75,-20.24217
2489004375.0,-20.23914
2489004531.25,-20.23627
2489004687.5,-20.2346
2489004843.75,-20.23497
2489005000.0,-20.23315
2489005156.25,-20.23205
2489005312.5,-20.22929
2489005468.75,-20.22618
2489005625.0,-20.22359
2489005781.25,-20.22437
2489005937.5,-20.22226
2489006093.75,-20.22164
2489006250.0,-20.21842
2489006406.25,-20.21723
2489006562.5,-20.21749
2489006718.75,-20.21383
2489006875.0,-20.21214
2489007031.25,-20.21246
2489007187.5,-20.20852
2489007343.75,-20.21017
2489007500.0,-20.20618
2489007656.25,-20.20525
2489007812.5,-20.20339
2489007968.75,-20.20139
2489008125.0,-20.19932
2489008281.25,-20.1988
2489008437.5,-20.196
2489008593.75,-20.19387
2489008750.0,-20.1933
2489008906.25,-20.19022
2489009062.5,-20.18851
2489009218.75,-20.18843
2489009375.0,-20.18826
2489009531.25,-20.18718
2489009687.5,-20.18209
2489009843.75,-20.17879
2489010000.0,-20.17912
2489010156.25,-20.17941
2489010312.5,-20.17788
2489010468.75,-20.17656
2489010625.0,-20.17565
2489010781.25,-20.17343
2489010937.5,-20.17181
2489011093.75,-20.16745
2489011250.0,-20.16745
2489011406.25,-20.16541
2489011562.5,-20.16471
2489011718.75,-20.16412
2489011875.0,-20.16067
2489012031.25,-20.15942
2489012187.5,-20.15727
2489012343.75,-20.15738
2489012500.0,-20.15449
2489012656.25,-20.15317
2489012812.5,-20.15084
2489012968.75,-20.14922
2489013125.0,-20.14684
2489013281.25,-20.14527
2489013437.5,-20.14565
2489013593.75,-20.14374
2489013750.0,-20.14108
2489013906.25,-20.13932
2489014062.5,-20.13933
2489014218.75,-20.137
2489014375.0,-20.13721
2489014531.25,-20.13383
2489014687.5,-20.13047
2489014843.75,-20.13062
2489015000.0,-20.13021
2489015156.25,-20.12831
2489015312.5,-20.12531
2489015468.75,-20.12625
2489015625.0,-20.12107
2489015781.25,-20.12142
2489015937.5,-20.12106
2489016093.75,-20.1167
2489016250.0,-20.11546
2489016406.25,-20.11645
2489016562.5,-20.11248
2489016718.75,-20.11146
2489016875.0,-20.10934
2489017031.25,-20.10674
2489017187.5,-20.10637
2489017343.75,-20.10341
2489017500.0,-20.10258
2489017656.25,-20.1005
2489017812.5,-20.09955
2489017968.75,-20.09832
2489018125.0,-20.09554
2489018281.25,-20.09538
2489018437.5,-20.0941
2489018593.75,-20.09161
2489018750.0,-20.09254
2489018906.25,-20.09095
2489019062.5,-20.08695
2489019218.75,-20.08385
2489019375.0,-20.08436
2489019531.25,-20.0823
2489019687.5,-20.08129
2489019843.75,-20.07989
2489020000.0,-20.07755
2489020156.25,-20.0755
2489020312.5,-20.07401
2489020468.75,-20.07179
2489020625.0,-20.07118
2489020781.25,-20.06805
2489020937.5,-20.06686
2489021093.75,-20.06569
2489021250.0,-20.06367
2489021406.25,-20.06247
2489021562.5,-20.06117
2489021718.75,-20.06047
2489021875.0,-20.05677
2489022031.25,-20.05613
2489022187.5,-20.05456
2489022343.75,-20.05195
2489022500.0,-20.04963
2489022656.25,-20.05111
2489022812.5,-20.04715
2489022968.75,-20.045
2489023125.0,-20.04594
2489023281.25,-20.04239
2489023437.5,-20.04266
2489023593.75,-20.0372
2489023750.0,-20.03888
2489023906.25,-20.03587
2489024062.5,-20.03374
2489024218.75,-20.03296
2489024375.0,-20.03183
2489024531.25,-20.02956
2489024687.5,-20.02643
2489024843.75,-20.02423
2489025000.0,-20.02507
2489025156.25,-20.02435
2489025312.5,-20.02172
2489025468.75,-20.02097
2489025625.0,-20.01803
2489025781.25,-20.01743
2489025937.5,-20.01561
2489026093.75,-20.01373
2489026250.0,-20.0093
2489026406.25,-20.01056
2489026562.5,-20.00792
2489026718.75,-20.0076
2489026875.0,-20.00536
2489027031.25,-20.00236
2489027187.5,-20.00095
2489027343.75,-19.99983
2489027500.0,-19.99915
2489027656.25,-19.99595
2489027812.5,-19.99451
2489027968.75,-19.99408
2489028125.0,-19.99215
2489028281.25,-19.99011
2489028437.5,-19.98816
2489028593.75,-19.98676
2489028750.0,-19.98586
2489028906.25,-19.98229
2489029062.5,-19.98169
2489029218.75,-19.98022
2489029375.0,-19.97893
2489029531.25,-19.97683
2489029687.5,-19.97525
2489029843.75,-19.9748
2489030000.0,-19.973
2489030156.25,-19.9685
2489030312.5,-19.96829
2489030468.75,-19.96446
2489030625.0,-19.9651
2489030781.25,-19.96195
2489030937.5,-19.96035
2489031093.75,-19.95969
2489031250.0,-19.95834
2489031406.25,-19.95687
2489031562.5,-19.95564
2489031718.75,-19.95529
2489031875.0,-19.9526
2489032031.25,-19.95047
2489032187.5,-19.94895
2489032343.75,-19.94584
2489032500.0,-19.94509
2489032656.25,-19.9443
2489032812.5,-19.94304
2489032968.75,-19.94077
2489033125.0,-19.93917
2489033281.25,-19.93899
2489033437.5,-19.93479
2489033593.75,-19.93149
2489033750.0,-19.93284
2489033906.25,-19.93164
2489034062.5,-19.92971
2489034218.75,-19.92802
2489034375.0,-19.92608
2489034531.25,-19.92451
2489034687.5,-19.92199
2489034843.75,-19.9197
2489035000.0,-19.91868
2489035156.25,-19.91739
2489035312.5,-19.91417
2489035468.75,-19.91423
2489035625.0,-19.91556
2489035781.25,-19.91078
2489035937.5,-19.90815
2489036093.75,-19.90818
2489036250.0,-19.90549
2489036406.25,-19.90522
2489036562.5,-19.90237
2489036718.75,-19.90178
2489036875.0,-19.90063
2489037031.25,-19.89887
2489037187.5,-19.8952
2489037343.75,-19.89483
2489037500.0,-19.89313
2489037656.25,-19.89121
2489037812.5,-19.88756
2489037968.75,-19.88826
2489038125.0,-19.88441
2489038281.25,-19.88632
2489038437.5,-19.88351
2489038593.75,-19.88
2489038750.0,-19.87927
2489038906.25,-19.87832
2489039062.5,-19.87621
2489039218.75,-19.87471
2489039375.0,-19.87341
2489039531.25,-19.87174
2489039687.5,-19.87097
2489039843.75,-19.86779
2489040000.0,-19.86599
2489040156.25,-19.86487
2489040312.5,-19.86253
2489040468.75,-19.86032
2489040625.0,-19.85894
2489040781.25,-19.85941
2489040937.5,-19.85596
2489041093.75,-19.85232
2489041250.0,-19.85209
2489041406.25,-19.85236
2489041562.5,-19.84869
2489041718.75,-19.84788
2489041875.0,-19.84674
2489042031.25,-19.84402
2489042187.5,-19.84251
2489042343.75,-19.84075
2489042500.0,-19.84006
2489042656.25,-19.83693
2489042812.5,-19.83429
2489042968.75,-19.83535
2489043125.0,-19.83421
2489043281.25,-19.83229
2489043437.5,-19.82977
2489043593.75,-19.82847
2489043750.0,-19.82648
2489043906.25,-19.82383
2489044062.5,-19.82377
2489044218.75,-19.82094
2489044375.0,-19.8203
2489044531.25,-19.8169
2489044687.5,-19.81638
2489044843.75,-19.81373
2489045000.0,-19.81198
2489045156.25,-19.81159
2489045312.5,-19.8082
2489045468.75,-19.80643
2489045625.0,-19.80707
2489045781.25,-19.80453
2489045937.5,-19.80328
2489046093.75,-19.80197
2489046250.0,-19.79809
2489046406.25,-19.79747
2489046562.5,-19.79582
2489046718.75,-19.79445
2489046875.0,-19.79347
2489047031.25,-19.79243
2489047187.5,-19.7905
2489047343.75,-19.78778
2489047500.0,-19.78546
2489047656.25,-19.78471
2489047812.5,-19.78115
2489047968.75,-19.78029
2489048125.0,-19.78118
2489048281.25,-19.77807
2489048437.5,-19.77543
2489048593.75,-19.77634
2489048750.0,-19.77262
2489048906.25,-19.76981
2489049062.5,-19.76757
2489049218.75,-19.76798
2489049375.0,-19.76412
2489049531.25,-19.76445
2489049687.5,-19.76346
2489049843.75,-19.76243
2489050000.0,-19.75897
2489050156.25,-19.75887
2489050312.5,-19.75488
2489050468.75,-19.75233
2489050625.0,-19.7515
2489050781.25,-19.74969
2489050937.5,-19.75037
2489051093.75,-19.74785
2489051250.0,-19.74695
2489051406.25,-19.74477
2489051562.5,-19.7412
2489051718.75,-19.74057
2489051875.0,-19.73981
2489052031.25,-19.7358
2489052187.5,-19.73488
2489052343.75,-19.73352
2489052500.0,-19.73489
2489052656.25,-19.73116
2489052812.5,-19.72948
2489052968.75,-19.72857
2489053125.0,-19.72412
2489053281.25,-19.72342
2489053437.5,-19.72203
2489053593.75,-19.7208
2489053750.0,-19.71744
2489053906.25,-19.71817
2489054062.5,-19.71441
2489054218.75,-19.71316
2489054375.0,-19.71135
2489054531.25,-19.70981
2489054687.5,-19.70751
2489054843.75,-19.70512
2489055000.0,-19.70605
2489055156.25,-19.70479
2489055312.5,-19.70131
2489055468.75,-19.70064
2489055625.0,-19.69791
2489055781.25,-19.69613
2489055937.5,-19.69637
2489056093.75,-19.69269
2489056250.0,-19.69397
2489056406.25,-19.68951
2489056562.5,-19.68681
2489056718.75,-19.68689
2489056875.0,-19.68434
2489057031.25,-19.68246
2489057187.5,-19.68187
2489057343.75,-19.67718
2489057500.0,-19.67813
2489057656.25,-19.67649
2489057812.5,-19.67411
2489057968.75,-19.67138
2489058125.0,-19.66861
2489058281.25,-19.66912
2489058437.5,-19.66866
2489058593.75,-19.66505
2489058750.0,-19.66378
2489058906.25,-19.66356
2489059062.5,-19.66225
2489059218.75,-19.66003
2489059375.0,-19.65795
2489059531.25,-19.6559
2489059687.5,-19.653
2489059843.75,-19.65212
2489060000.0,-19.64933
2489060156.25,-19.64827
2489060312.5,-19.64836
2489060468.75,-19.64426
2489060625.0,-19.64416
2489060781.25,-19.64269
2489060937.5,-19.64003
2489061093.75,-19.63843
2489061250.0,-19.63725
2489061406.25,-19.63723
2489061562.5,-19.63433
2489061718.75,-19.63111
2489061875.0,-19.63096
2489062031.25,-19.62903
2489062187.5,-19.6271
2489062343.75,-19.62571
2489062500.0,-19.62333
2489062656.25,-19.62066
2489062812.5,-19.61896
2489062968.75,-19.61924
2489063125.0,-19.61689
2489063281.25,-19.61509
2489063437.5,-19.61406
2489063593.75,-19.61266
2489063750.0,-19.60986
2489063906.25,-19.60664
2489064062.5,-19.60586
2489064218.75,-19.60351
2489064375.0,-19.60299
2489064531.25,-19.60361
2489064687.5,-19.59943
2489064843.75,-19.59728
2489065000.0,-19.59566
2489065156.25,-19.59403
2489065312.5,-19.59232
2489065468.75,-19.59237
2489065625.0,-19.5866
2489065781.25,-19.58765
2489065937.5,-19.58611
2489066093.75,-19.58284
2489066250.0,-19.58161
2489066406.25,-19.57979
2489066562.5,-19.57947
2489066718.75,-19.5783
2489066875.0,-19.57616
2489067031.25,-19.57427
2489067187.5,-19.57191
2489067343.75,-19.56896
2489067500.0,-19.56706
2489067656.25,-19.568
2489067812.5,-19.56569
2489067968.75,-19.56475
2489068125.0,-19.56294
2489068281.25,-19.56061
2489068437.5,-19.55831
2489068593.75,-19.55912
2489068750.0,-19.55515
2489068906.25,-19.55373
2489069062.5,-19.55166
2489069218.75,-19.55124
2489069375.0,-19.54864
2489069531.25,-19.54598
2489069687.5,-19.54443
2489069843.75,-19.54191
2489070000.0,-19.54101
2489070156.25,-19.53989
2489070312.5,-19.53661
2489070468.75,-19.53597
2489070625.0,-19.53415
2489070781.25,-19.5325
2489070937.5,-19.53147
2489071093.75,-19.52933
2489071250.0,-19.52817
2489071406.25,-19.52432
2489071562.5,-19.52386
2489071718.75,-19.52104
2489071875.0,-19.52146
2489072031.25,-19.52098
2489072187.5,-19.51707
2489072343.75,-19.51675
2489072500.0,-19.51364
2489072656.25,-19.51242
2489072812.5,-19.51057
2489072968.75,-19.50644
2489073125.0,-19.50741
2489073281.25,-19.50494
2489073437.5,-19.50348
2489073593.75,-19.50358
2489073750.0,-19.50145
2489073906.25,-19.497
2489074062.5,-19.49603
2489074218.75,-19.49365
2489074375.0,-19.49482
2489074531.25,-19.49092
2489074687.5,-19.48923
2489074843.75,-19.48784
2489075000.0,-19.48674
2489075156.25,-19.48403
2489075312.5,-19.48251
2489075468.75,-19.48127
2489075625.0,-19.47902
2489075781.25,-19.47713
2489075937.5,-19.47581
2489076093.75,-19.47493
2489076250.0,-19.47166
2489076406.25,-19.47004
2489076562.5,-19.46869
2489076718.75,-19.46696
2489076875.0,-19.46495
2489077031.25,-19.4621
2489077187.5,-19.46291
2489077343.75,-19.45869
2489077500.0,-19.45858
2489077656.25,-19.45643
2489077812.5,-19.45525
2489077968.75,-19.45325
2489078125.0,-19.45183
2489078281.25,-19.44945
2489078437.5,-19.44573
2489078593.75,-19.44646
2489078750.0,-19.44378
2489078906.25,-19.44341
2489079062.5,-19.442
2489079218.75,-19.43953
2489079375.0,-19.43733
2489079531.25,-19.43547
2489079687.5,-19.43272
2489079843.75,-19.43262
2489080000.0,-19.43091
2489080156.25,-19.42855
2489080312.5,-19.42637
2489080468.75,-19.42439
2489080625.0,-19.42243
2489080781.25,-19.42182
2489080937.5,-19.41928
2489081093.75,-19.41853
2489081250.0,-19.41727
2489081406.25,-19.41613
2489081562.5,-19.41346
2489081718.75,-19.41132
2489081875.0,-19.40906
2489082031.25,-19.4091
2489082187.5,-19.40525
2489082343.75,-19.40449
2489082500.0,-19.4029
2489082656.25,-19.40026
2489082812.5,-19.39814
2489082968.75,-19.39517
2489083125.0,-19.39643
2489083281.25,-19.39364
2489083437.5,-19.39234
2489083593.75,-19.39087
2489083750.0,-19.38836
2489083906.25,-19.38724
2489084062.5,-19.38377
2489084218.75,-19.38288
2489084375.0,-19.38109
2489084531.25,-19.37949
2489084687.5,-19.37675
2489084843.75,-19.37623
2489085000.0,-19.37368
2489085156.25,-19.37222
2489085312.5,-19.37063
2489085468.75,-19.37023
2489085625.0,-19.36728
2489085781.25,-19.36517
2489085937.5,-19.3631
2489086093.75,-19.36244
2489086250.0,-19.36168
2489086406.25,-19.3589
2489086562.5,-19.35773
2489086718.75,-19.3551
2489086875.0,-19.35248
2489087031.25,-19.35168
2489087187.5,-19.34841
2489087343.75,-19.34803
2489087500.0,-19.34579
2489087656.25,-19.34439
2489087812.5,-19.3405
2489087968.75,-19.34157
2489088125.0,-19.3388
2489088281.25,-19.33838
2489088437.5,-19.33508
2489088593.75,-19.33311
2489088750.0,-19.33106
2489088906.25,-19.33151
2489089062.5,-19.33074
2489089218.75,-19.32697
2489089375.0,-19.32593
2489089531.25,-19.32453
2489089687.5,-19.32146
2489089843.75,-19.31807
2489090000.0,-19.31898
2489090156.25,-19.31696
2489090312.5,-19.31594
2489090468.75,-19.3116
2489090625.0,-19.31198
2489090781.25,-19.30835
2489090937.5,-19.30739
2489091093.75,-19.30589
2489091250.0,-19.30445
2489091406.25,-19.30208
2489091562.5,-19.30128
2489091718.75,-19.29929
2489091875.0,-19.29736
2489092031.25,-19.2943
2489092187.5,-19.29391
2489092343.75,-19.29254
2489092500.0,-19.29058
2489092656.25,-19.28738
2489092812.5,-19.2868
2489092968.75,-19.28401
2489093125.0,-19.28378
2489093281.25,-19.28099
2489093437.5,-19.28
2489093593.75,-19.27868
2489093750.0,-19.27498
2489093906.25,-19.27264
2489094062.5,-19.27294
2489094218.75,-19.27015
2489094375.0,-19.26828
2489094531.25,-19.2658
2489094687.5,-19.26421
2489094843.75,-19.26464
2489095000.0,-19.26175
2489095156.25,-19.25983
2489095312.5,-19.25897
2489095468.75,-19.25639
2489095625.0,-19.25617
2489095781.25,-19.25357
2489095937.5,-19.25114
2489096093.75,-19.24901
2489096250.0,-19.24654
2489096406.25,-19.24436
2489096562.5,-19.2435
2489096718.75,-19.24115
2489096875.0,-19.24145
2489097031.25,-19.24043
2489097187.5,-19.23806
2489097343.75,-19.23574
2489097500.0,-19.23334
2489097656.25,-19.23339
2489097812.5,-19.2312
2489097968.75,-19.22834
2489098125.0,-19.22588
2489098281.25,-19.22485
2489098437.5,-19.22366
2489098593.75,-19.22171
2489098750.0,-19.21821
2489098906.25,-19.21815
2489099062.5,-19.21531
2489099218.75,-19.21359
2489099375.0,-19.20968
2489099531.25,-19.2113
2489099687.5,-19.20944
2489099843.75,-19.20787
2489100000.0,-19.20442
2489100156.25,-19.20255
2489100312.5,-19.20176
2489100468.75,-19.20055
2489100625.0,-19.19729
2489100781.25,-19.19705
2489100937.5,-19.19481
2489101093.75,-19.19258
2489101250.0,-19.19114
2489101406.25,-19.18966
2489101562.5,-19.18706
2489101718.75,-19.18506
2489101875.0,-19.18366
2489102031.25,-19.18074
2489102187.5,-19.18107
2489102343.75,-19.17745
2489102500.0,-19.17757
2489102656.25,-19.17409
2489102812.5,-19.17181
2489102968.75,-19.17193
2489103125.0,-19.16824
2489103281.25,-19.16629
2489103437.5,-19.16567
2489103593.75,-19.16212
2489103750.0,-19.1636
2489103906.25,-19.16076
2489104062.5,-19.15819
2489104218.75,-19.15655
2489104375.0,-19.156
2489104531.25,-19.15437
2489104687.5,-19.15219
2489104843.75,-19.1491
2489105000.0,-19.14812
2489105156.25,-19.14477
2489105312.5,-19.14461
2489105468.75,-19.14178
2489105625.0,-19.14024
2489105781.25,-19.13931
2489105937.5,-19.13832
2489106093.75,-19.13635
2489106250.0,-19.1323
2489106406.25,-19.12932
2489106562.5,-19.13065
2489106718.75,-19.12643
2489106875.0,-19.12614
2489107031.25,-19.12388
2489107187.5,-19.12335
2489107343.75,-19.11976
2489107500.0,-19.11933
2489107656.25,-19.11768
2489107812.5,-19.11588
2489107968.75,-19.11271
2489108125.0,-19.1106
2489108281.25,-19.10933
2489108437.5,-19.10811
2489108593.75,-19.10646
2489108750.0,-19.10513
2489108906.25,-19.10246
2489109062.5,-19.10192
2489109218.75,-19.09958
2489109375.0,-19.09812
2489109531.25,-19.09581
2489109687.5,-19.09334
2489109843.75,-19.0938
2489110000.0,-19.08927
2489110156.25,-19.09023
2489110312.5,-19.08726
2489110468.75,-19.08445
2489110625.0,-19.08393
2489110781.25,-19.08105
2489110937.5,-19.07866
2489111093.75,-19.07685
2489111250.0,-19.07704
2489111406.25,-19.0736
2489111562.5,-19.07236
2489111718.75,-19.07197
2489111875.0,-19.06815
2489112031.25,-19.06682
2489112187.5,-19.06534
2489112343.75,-19.06583
2489112500.0,-19.05986
2489112656.25,-19.05913
2489112812.5,-19.05757
2489112968.75,-19.05577
2489113125.0,-19.05445
2489113281.25,-19.05206
2489113437.5,-19.04873
2489113593.75,-19.04963
2489113750.0,-19.04665
2489113906.25,-19.04333
2489114062.5,-19.04341
2489114218.75,-19.04186
2489114375.0,-19.03857
2489114531.25,-19.03713
2489114687.5,-19.03621
2489114843.75,-19.03483
2489115000.0,-19.03316
2489115156.25,-19.03128
2489115312.5,-19.03109
2489115468.75,-19.02744
2489115625.0,-19.02572
2489115781.25,-19.02246
2489115937.5,-19.02259
2489116093.75,-19.01852
2489116250.0,-19.01827
2489116406.25,-19.01598
2489116562.5,-19.01443
2489116718.75,-19.01293
2489116875.0,-19.0098
2489117031.25,-19.00898
2489117187.5,-19.00595
2489117343.75,-19.00417
2489117500.0,-19.0026
2489117656.25,-19.00021
2489117812.5,-19.00055
2489117968.75,-18.99829
2489118125.0,-18.99618
2489118281.25,-18.99373
2489118437.5,-18.99228
2489118593.75,-18.99031
2489118750.0,-18.98754
2489118906.25,-18.98794
2489119062.5,-18.98514
2489119218.75,-18.98359
2489119375.0,-18.98248
2489119531.25,-18.97899
2489119687.5,-18.9782
2489119843.75,-18.9762
2489120000.0,-18.97493
2489120156.25,-18.97167
2489120312.5,-18.96946
2489120468.75,-18.96827
2489120625.0,-18.96643
2489120781.25,-18.96385
2489120937.5,-18.96333
2489121093.75,-18.96052
2489121250.0,-18.95853
2489121406.25,-18.95765
2489121562.5,-18.95621
2489121718.75,-18.95354
2489121875.0,-18.95177
2489122031.25,-18.95024
2489122187.5,-18.94797
2489122343.75,-18.9477
2489122500.0,-18.94462
2489122656.25,-18.94348
2489122812.5,-18.94259
2489122968.75,-18.93973
2489123125.0,-18.93667
2489123281.25,-18.93436
2489123437.5,-18.93397
2489123593.75,-18.93193
2489123750.0,-18.9312
2489123906.25,-18.92798
2489124062.5,-18.92776
2489124218.75,-18.92415
2489124375.0,-18.92344
2489124531.25,-18.91918
2489124687.5,-18.91892
2489124843.75,-18.91753
2489125000.0,-18.91507
2489125156.25,-18.91473
2489125312.5,-18.91228
2489125468.75,-18.91063
2489125625.0,-18.90915
2489125781.25,-18.90495
2489125937.5,-18.90554
2489126093.75,-18.90129
2489126250.0,-18.89977
2489126406.25,-18.90018
2489126562.5,-18.89677
2489126718.75,-18.89354
2489126875.0,-18.89304
2489127031.25,-18.89055
2489127187.5,-18.88831
2489127343.75,-18.88612
2489127500.0,-18.88618
2489127656.25,-18.88415
2489127812.5,-18.88299
2489127968.75,-18.88046
2489128125.0,-18.88037
2489128281.25,-18.87676
2489128437.5,-18.8762
2489128593.75,-18.87238
2489128750.0,-18.87094
2489128906.25,-18.86836
2489129062.5,-18.86793
2489129218.75,-18.86519
2489129375.0,-18.86402
2489129531.25,-18.86337
2489129687.5,-18.85963
2489129843.75,-18.85896
2489130000.0,-18.85585
2489130156.25,-18.85389
2489130312.5,-18.85182
2489130468.75,-18.8505
2489130625.0,-18.84875
2489130781.25,-18.84812
2489130937.5,-18.84499
2489131093.75,-18.84409
2489131250.0,-18.8407
2489131406.25,-18.83872
2489131562.5,-18.83961
2489131718.75,-18.83679
2489131875.0,-18.83534
2489132031.25,-18.83128
2489132187.5,-18.83125
2489132343.75,-18.82797
2489132500.0,-18.82676
2489132656.25,-18.82534
2489132812.5,-18.82425
2489132968.75,-18.82075
2489133125.0,-18.81992
2489133281.25,-18.81697
2489133437.5,-18.81713
2489133593.75,-18.8149
2489133750.0,-18.81348
2489133906.25,-18.81001
2489134062.5,-18.80811
2489134218.75,-18.80546
2489134375.0,-18.80332
2489134531.25,-18.80252
2489134687.5,-18.80092
2489134843.75,-18.80054
2489135000.0,-18.79869
2489135156.25,-18.79606
2489135312.5,-18.79293
2489135468.75,-18.79096
2489135625.0,-18.78908
2489135781.25,-18.7868
2489135937.5,-18.78602
2489136093.75,-18.78362
2489136250.0,-18.78251
2489136406.25,-18.78077
2489136562.5,-18.77934
2489136718.75,-18.77875
2489136875.0,-18.77447
2489137031.25,-18.77198
2489137187.5,-18.77171
2489137343.75,-18.76936
2489137500.0,-18.76991
2489137656.25,-18.7664
2489137812.5,-18.76452
2489137968.75,-18.76129
2489138125.0,-18.76051
2489138281.25,-18.75793
2489138437.5,-18.75827
2489138593.75,-18.75488
2489138750.0,-18.75221
2489138906.25,-18.74999
2489139062.5,-18.74782
2489139218.75,-18.74746
2489139375.0,-18.74529
2489139531.25,-18.74207
2489139687.5,-18.74234
2489139843.75,-18.73889
2489140000.0,-18.73808
2489140156.25,-18.73589
2489140312.5,-18.73388
2489140468.75,-18.7317
2489140625.0,-18.73175
2489140781.25,-18.72803
2489140937.5,-18.7269
2489141093.75,-18.72515
2489141250.0,-18.72273
2489141406.25,-18.71938
2489141562.5,-18.71899
2489141718.75,-18.71679
2489141875.0,-18.71465
2489142031.25,-18.71385
2489142187.5,-18.71089
2489142343.75,-18.70925
2489142500.0,-18.70948
2489142656.25,-18.70761
2489142812.5,-18.70435
2489142968.75,-18.70247
2489143125.0,-18.69828
2489143281.25,-18.69853
2489143437.5,-18.69641
2489143593.75,-18.69468
2489143750.0,-18.69395
2489143906.25,-18.69174
2489144062.5,-18.6893
2489144218.75,-18.68753
2489144375.0,-18.68478
2489144531.25,-18.68317
2489144687.5,-18.68097
2489144843.75,-18.67855
2489145000.0,-18.67881
2489145156.25,-18.67625
2489145312.5,-18.67488
2489145468.75,-18.67225
2489145625.0,-18.66951
2489145781.25,-18.66774
2489145937.5,-18.66722
2489146093.75,-18.66376
2489146250.0,-18.663
2489146406.25,-18.6614
2489146562.5,-18.65905
2489146718.75,-18.6572
2489146875.0,-18.65436
2489147031.25,-18.65185
2489147187.5,-18.65118
2489147343.75,-18.64951
2489147500.0,-18.64832
2489147656.25,-18.64564
2489147812.5,-18.64562
2489147968.75,-18.64238
2489148125.0,-18.63967
2489148281.25,-18.63758
2489148437.5,-18.6361
2489148593.75,-18.63572
2489148750.0,-18.63346
2489148906.25,-18.6314
2489149062.5,-18.62924
2489149218.75,-18.62743
2489149375.0,-18.62479
2489149531.25,-18.62402
2489149687.5,-18.62087
2489149843.75,-18.61888
2489150000.0,-18.61876
2489150156.25,-18.61715
2489150312.5,-18.61395
2489150468.75,-18.61275
2489150625.0,-18.60872
2489150781.25,-18.60768
2489150937.5,-18.60528
2489151093.75,-18.60473
2489151250.0,-18.60232
2489151406.25,-18.60055
2489151562.5,-18.59901
2489151718.75,-18.5967
2489151875.0,-18.59415
2489152031.25,-18.59324
2489152187.5,-18.59231
2489152343.75,-18.58975
2489152500.0,-18.58663
2489152656.25,-18.58407
2489152812.5,-18.58443
2489152968.75,-18.58047
2489153125.0,-18.57943
2489153281.25,-18.57826
2489153437.5,-18.57521
2489153593.75,-18.57266
2489153750.0,-18.57323
2489153906.25,-18.57008
2489154062.5,-18.56828
2489154218.75,-18.56632
2489154375.0,-18.56443
2489154531.25,-18.56224
2489154687.5,-18.55994
2489154843.75,-18.55815
2489155000.0,-18.55751
2489155156.25,-18.55656
2489155312.5,-18.55181
2489155468.75,-18.55145
2489155625.0,-18.54999
2489155781.25,-18.54704
2489155937.5,-18.54527
2489156093.75,-18.54382
2489156250.0,-18.54184
2489156406.25,-18.53815
2489156562.5,-18.53815
2489156718.75,-18.53644
2489156875.0,-18.53356
2489157031.25,-18.53168
2489157187.5,-18.52954
2489157343.75,-18.5288
2489157500.0,-18.52631
2489157656.25,-18.52391
2489157812.5,-18.52142
2489157968.75,-18.52223
2489158125.0,-18.52023
2489158281.25,-18.51742
2489158437.5,-18.51501
2489158593.75,-18.51373
2489158750.0,-18.50984
2489158906.25,-18.50836
2489159062.5,-18.50781
2489159218.75,-18.50491
2489159375.0,-18.50274
2489159531.25,-18.5008
2489159687.5,-18.49936
2489159843.75,-18.49888
2489160000.0,-18.49343
2489160156.25,-18.49476
2489160312.5,-18.49137
2489160468.75,-18.48917
2489160625.0,-18.48994
2489160781.25,-18.48461
2489160937.5,-18.48457
2489161093.75,-18.48128
2489161250.0,-18.48028
2489161406.25,-18.48036
2489161562.5,-18.47605
2489161718.75,-18.47412
2489161875.0,-18.47271
2489162031.25,-18.47176
2489162187.5,-18.46922
2489162343.75,-18.46812
2489162500.0,-18.46363
2489162656.25,-18.46342
2489162812.5,-18.45944
2489162968.75,-18.45872
2489163125.0,-18.45549
2489163281.25,-18.45563
2489163437.5,-18.45411
2489163593.75,-18.45224
2489163750.0,-18.44804
2489163906.25,-18.44748
2489164062.5,-18.4459
2489164218.75,-18.44328
2489164375.0,-18.44252
2489164531.25,-18.43943
2489164687.5,-18.44067
2489164843.75,-18.43612
2489165000.0,-18.43482
2489165156.25,-18.43178
2489165312.5,-18.4295
2489165468.75,-18.42663
2489165625.0,-18.42671
2489165781.25,-18.42414
2489165937.5,-18.42206
2489166093.75,-18.42137
2489166250.0,-18.42004
2489166406.25,-18.41663
2489166562.5,-18.41487
2489166718.75,-18.41315
2489166875.0,-18.41143
2489167031.25,-18.41052
2489167187.5,-18.40876
2489167343.75,-18.40475
2489167500.0,-18.40438
2489167656.25,-18.4017
2489167812.5,-18.39886
2489167968.75,-18.3945
2489168125.0,-18.39495
2489168281.25,-18.39292
2489168437.5,-18.39176
2489168593.75,-18.39154
2489168750.0,-18.38853
2489168906.25,-18.38479
2489169062.5,-18.38452
2489169218.75,-18.38253
2489169375.0,-18.38108
2489169531.25,-18.37677
2489169687.5,-18.37734
2489169843.75,-18.37454
2489170000.0,-18.3737
2489170156.25,-18.37105
2489170312.5,-18.36771
2489170468.75,-18.36431
2489170625.0,-18.36477
2489170781.25,-18.36355
2489170937.5,-18.36047
2489171093.75,-18.35859
2489171250.0,-18.35788
2489171406.25,-18.3544
2489171562.5,-18.35381
2489171718.75,-18.3506
2489171875.0,-18.34849
2489172031.25,-18.34787
2489172187.5,-18.3453
2489172343.75,-18.34536
2489172500.0,-18.34308
2489172656.25,-18.34013
2489172812.5,-18.33838
2489172968.75,-18.33514
2489173125.0,-18.33273
2489173281.25,-18.33255
2489173437.5,-18.32893
2489173593.75,-18.32768
2489173750.0,-18.32544
2489173906.25,-18.32324
2489174062.5,-18.32151
2489174218.75,-18.31948
2489174375.0,-18.31689
2489174531.25,-18.31585
2489174687.5,-18.31409
2489174843.75,-18.3125
2489175000.0,-18.30982
2489175156.25,-18.30921
2489175312.5,-18.30615
2489175468.75,-18.30424
2489175625.0,-18.30171
2489175781.25,-18.30062
2489175937.5,-18.29918
2489176093.75,-18.29724
2489176250.0,-18.29431
2489176406.25,-18.29179
2489176562.5,-18.28982
2489176718.75,-18.28834
2489176875.0,-18.28771
2489177031.25,-18.28379
2489177187.5,-18.2818
2489177343.75,-18.28093
2489177500.0,-18.27845
2489177656.25,-18.27723
2489177812.5,-18.27493
2489177968.75,-18.27278
2489178125.0,-18.27253
2489178281.25,-18.2682
2489178437.5,-18.26704
2489178593.75,-18.26555
2489178750.0,-18.26417
2489178906.25,-18.26106
2489179062.5,-18.25992
2489179218.75,-18.25716
2489179375.0,-18.25576
2489179531.25,-18.25267
2489179687.5,-18.25059
2489179843.75,-18.24816
2489180000.0,-18.24834
2489180156.25,-18.24603
2489180312.5,-18.24402
2489180468.75,-18.24354
2489180625.0,-18.24065
2489180781.25,-18.23793
2489180937.5,-18.23519
2489181093.75,-18.23525
2489181250.0,-18.23094
2489181406.25,-18.23018
2489181562.5,-18.22853
2489181718.75,-18.22625
2489181875.0,-18.22381
2489182031.25,-18.22106
2489182187.5,-18.21939
2489182343.75,-18.21837
2489182500.0,-18.21621
2489182656.25,-18.21459
2489182812.5,-18.21301
2489182968.75,-18.2099
2489183125.0,-18.20713
2489183281.25,-18.20606
2489183437.5,-18.20551
2489183593.75,-18.20209
2489183750.0,-18.20131
2489183906.25,-18.19777
2489184062.5,-18.19698
2489184218.75,-18.19371
2489184375.0,-18.19262
2489184531.25,-18.1902
2489184687.5,-18.1889
2489184843.75,-18.18716
2489185000.0,-18.1844
2489185156.25,-18.18285
2489185312.5,-18.18108
2489185468.75,-18.1786
2489185625.0,-18.17713
2489185781.25,-18.17404
2489185937.5,-18.17194
2489186093.75,-18.17046
2489186250.0,-18.16945
2489186406.25,-18.16583
2489186562.5,-18.16527
2489186718.75,-18.1618
2489186875.0,-18.16129
2489187031.25,-18.15958
2489187187.5,-18.15768
2489187343.75,-18.15483
2489187500.0,-18.1533
2489187656.25,-18.1507
2489187812.5,-18.15029
2489187968.75,-18.14702
2489188125.0,-18.14455
2489188281.25,-18.14477
2489188437.5,-18.14032
2489188593.75,-18.13854
2489188750.0,-18.13804
2489188906.25,-18.13288
2489189062.5,-18.13335
2489189218.75,-18.13165
2489189375.0,-18.12943
2489189531.25,-18.12803
2489189687.5,-18.12497
2489189843.75,-18.1231
2489190000.0,-18.11993
2489190156.25,-18.11953
2489190312.5,-18.11592
2489190468.75,-18.11539
2489190625.0,-18.11318
2489190781.25,-18.11165
2489190937.5,-18.10974
2489191093.75,-18.1063
2489191250.0,-18.10605
2489191406.25,-18.10415
2489191562.5,-18.10054
2489191718.75,-18.10049
2489191875.0,-18.09708
2489192031.25,-18.09506
2489192187.5,-18.09395
2489192343.75,-18.09155
2489192500.0,-18.088
2489192656.25,-18.08807
2489192812.5,-18.08646
2489192968.75,-18.08335
2489193125.0,-18.08157
2489193281.25,-18.07895
2489193437.5,-18.07536
2489193593.75,-18.07582
2489193750.0,-18.07366
2489193906.25,-18.07176
2489194062.5,-18.07015
2489194218.75,-18.06571
2489194375.0,-18.06393
2489194531.25,-18.06397
2489194687.5,-18.06105
2489194843.75,-18.05965
2489195000.0,-18.05792
2489195156.25,-18.05395
2489195312.5,-18.0533
2489195468.75,-18.0515
2489195625.0,-18.05024
2489195781.25,-18.04813
2489195937.5,-18.04556
2489196093.75,-18.04344
2489196250.0,-18.04049
2489196406.25,-18.03889
2489196562.5,-18.03731
2489196718.75,-18.03572
2489196875.0,-18.03293
2489197031.25,-18.03112
2489197187.5,-18.03104
2489197343.75,-18.02831
2489197500.0,-18.02676
2489197656.25,-18.02365
2489197812.5,-18.02228
2489197968.75,-18.01767
2489198125.0,-18.01741
2489198281.25,-18.01651
2489198437.5,-18.01471
2489198593.75,-18.0119
2489198750.0,-18.01051
2489198906.25,-18.00559
2489199062.5,-18.00573
2489199218.75,-18.00213
2489199375.0,-18.00252
2489199531.25,-17.99935
2489199687.5,-17.99814
2489199843.75,-17.9947
2489200000.0,-17.99296
2489200156.25,-17.99163
2489200312.5,-17.98708
2489200468.75,-17.98676
2489200625.0,-17.98347
2489200781.25,-17.98279
2489200937.5,-17.98038
2489201093.75,-17.97951
2489201250.0,-17.97779
2489201406.25,-17.97537
2489201562.5,-17.97263
2489201718.75,-17.97116
2489201875.0,-17.96825
2489202031.25,-17.96869
2489202187.5,-17.96384
2489202343.75,-17.96325
2489202500.0,-17.96166
2489202656.25,-17.95879
2489202812.5,-17.95831
2489202968.75,-17.95623
2489203125.0,-17.95195
2489203281.25,-17.94997
2489203437.5,-17.94773
2489203593.75,-17.94819
2489203750.0,-17.94568
2489203906.25,-17.94273
2489204062.5,-17.94067
2489204218.75,-17.94054
2489204375.0,-17.93688
2489204531.25,-17.93523
2489204687.5,-17.93277
2489204843.75,-17.92982
2489205000.0,-17.92847
2489205156.25,-17.92491
2489205312.5,-17.92396
2489205468.75,-17.92217
2489205625.0,-17.92101
2489205781.25,-17.9158
2489205937.5,-17.91515
2489206093.75,-17.91482
2489206250.0,-17.91133
2489206406.25,-17.91007
2489206562.5,-17.90826
2489206718.75,-17.90714
2489206875.0,-17.90391
2489207031.25,-17.90305
2489207187.5,-17.90107
2489207343.75,-17.89982
2489207500.0,-17.89685
2489207656.25,-17.89444
2489207812.5,-17.89088
2489207968.75,-17.89034
2489208125.0,-17.88948
2489208281.25,-17.88603
2489208437.5,-17.88453
2489208593.75,-17.88152
2489208750.0,-17.87919
2489208906.25,-17.87774
2489209062.5,-17.87607
2489209218.75,-17.87454
2489209375.0,-17.87119
2489209531.25,-17.87097
2489209687.5,-17.86732
2489209843.75,-17.8645
2489210000.0,-17.86262
2489210156.25,-17.8614
2489210312.5,-17.86062
2489210468.75,-17.85704
2489210625.0,-17.85626
2489210781.25,-17.85448
2489210937.5,-17.85035
2489211093.75,-17.84925
2489211250.0,-17.84823
2489211406.25,-17.84412
2489211562.5,-17.84483
2489211718.75,-17.84234
2489211875.0,-17.83843
2489212031.25,-17.83763
2489212187.5,-17.83586
2489212343.75,-17.834
2489212500.0,-17.8296
2489212656.25,-17.82947
2489212812.5,-17.82596
2489212968.75,-17.82513
2489213125.0,-17.8243
2489213281.25,-17.8195
2489213437.5,-17.81954
2489213593.75,-17.81785
2489213750.0,-17.8137
2489213906.25,-17.81244
2489214062.5,-17.8093
2489214218.75,-17.80858
2489214375.0,-17.8061
2489214531.25,-17.80422
2489214687.5,-17.80182
2489214843.75,-17.80087
2489215000.0,-17.79747
2489215156.25,-17.7962
2489215312.5,-17.79519
2489215468.75,-17.79114
2489215625.0,-17.7914
2489215781.25,-17.78847
2489215937.5,-17.78586
2489216093.75,-17.78482
2489216250.0,-17.78097
2489216406.25,-17.77863
2489216562.5,-17.77761
2489216718.75,-17.7761
2489216875.0,-17.7742
2489217031.25,-17.77116
2489217187.5,-17.76922
2489217343.75,-17.7677
2489217500.0,-17.76455
2489217656.25,-17.76389
2489217812.5,-17.76187
2489217968.75,-17.7585
2489218125.0,-17.75851
2489218281.25,-17.75663
2489218437.5,-17.75319
2489218593.75,-17.75093
2489218750.0,-17.74934
2489218906.25,-17.74711
2489219062.5,-17.7451
2489219218.75,-17.743
2489219375.0,-17.74106
2489219531.25,-17.73893
2489219687.5,-17.73728
2489219843.75,-17.73505
2489220000.0,-17.73289
2489220156.25,-17.73016
2489220312.5,-17.72863
2489220468.75,-17.72516
2489220625.0,-17.72496
2489220781.25,-17.72229
2489220937.5,-17.71985
2489221093.75,-17.71795
2489221250.0,-17.71709
2489221406.25,-17.7151
2489221562.5,-17.71174
2489221718.75,-17.71044
2489221875.0,-17.70845
2489222031.25,-17.70579
2489222187.5,-17.70342
2489222343.75,-17.70259
2489222500.0,-17.69832
2489222656.25,-17.69574
2489222812.5,-17.69623
2489222968.75,-17.69198
2489223125.0,-17.69087
2489223281.25,-17.68974
2489223437.5,-17.68716
2489223593.75,-17.68489
2489223750.0,-17.68411
2489223906.25,-17.67956
2489224062.5,-17.67759
2489224218.75,-17.67725
2489224375.0,-17.67515
2489224531.25,-17.67257
2489224687.5,-17.67021
2489224843.75,-17.66874
2489225000.0,-17.66623
2489225156.25,-17.66411
2489225312.5,-17.66308
2489225468.75,-17.66034
2489225625.0,-17.65721
2489225781.25,-17.65704
2489225937.5,-17.65407
2489226093.75,-17.65143
2489226250.0,-17.64954
2489226406.25,-17.64686
2489226562.5,-17.64677
2489226718.75,-17.64225
2489226875.0,-17.64187
2489227031.25,-17.63959
2489227187.5,-17.63807
2489227343.75,-17.63519
2489227500.0,-17.63284
2489227656.25,-17.63152
2489227812.5,-17.62742
2489227968.75,-17.62444
2489228125.0,-17.62572
2489228281.25,-17.62123
2489228437.5,-17.62089
2489228593.75,-17.61895
2489228750.0,-17.61627
2489228906.25,-17.61523
2489229062.5,-17.61115
2489229218.75,-17.60996
2489229375.0,-17.60714
2489229531.25,-17.60578
2489229687.5,-17.60411
2489229843.75,-17.60086
2489230000.0,-17.59966
2489230156.25,-17.59708
2489230312.5,-17.59495
2489230468.75,-17.59491
2489230625.0,-17.59072
2489230781.25,-17.58832
2489230937.5,-17.58735
2489231093.75,-17.58503
2489231250.0,-17.58533
2489231406.25,-17.58163
2489231562.5,-17.57946
2489231718.75,-17.57631
2489231875.0,-17.57457
2489232031.25,-17.57286
2489232187.5,-17.57036
2489232343.75,-17.56808
2489232500.0,-17.56676
2489232656.25,-17.56579
2489232812.5,-17.56246
2489232968.75,-17.55859
2489233125.0,-17.5587
2489233281.25,-17.55436
2489233437.5,-17.55232
2489233593.75,-17.55177
2489233750.0,-17.55071
2489233906.25,-17.54885
2489234062.5,-17.54534
2489234218.75,-17.54338
2489234375.0,-17.54043
2489234531.25,-17.53944
2489234687.5,-17.53819
2489234843.75,-17.53571
2489235000.0,-17.5334
2489235156.25,-17.53118
2489235312.5,-17.5277
2489235468.75,-17.52545
2489235625.0,-17.52379
2489235781.25,-17.52106
2489235937.5,-17.52102
2489236093.75,-17.519
2489236250.0,-17.51679
2489236406.25,-17.51449
2489236562.5,-17.51212
2489236718.75,-17.50996
2489236875.0,-17.50824
2489237031.25,-17.50451
2489237187.5,-17.50242
2489237343.75,-17.50112
2489237500.0,-17.49759
2489237656.25,-17.49747
2489237812.5,-17.49487
2489237968.75,-17.49246
2489238125.0,-17.49131
2489238281.25,-17.48746
2489238437.5,-17.48701
2489238593.75,-17.48505
2489238750.0,-17.48335
2489238906.25,-17.48121
2489239062.5,-17.47851
2489239218.75,-17.47614
2489239375.0,-17.47277
2489239531.25,-17.4708
2489239687.5,-17.46941
2489239843.75,-17.46687
2489240000.0,-17.46548
2489240156.25,-17.4628
2489240312.5,-17.46084
2489240468.75,-17.45855
2489240625.0,-17.45545
2489240781.25,-17.4539
2489240937.5,-17.45357
2489241093.75,-17.44888
2489241250.0,-17.44847
2489241406.25,-17.44487
2489241562.5,-17.44427
2489241718.75,-17.44251
2489241875.0,-17.44084
2489242031.25,-17.43888
2489242187.5,-17.43538
2489242343.75,-17.43297
2489242500.0,-17.43247
2489242656.25,-17.42922
2489242812.5,-17.42783
2489242968.75,-17.42378
2489243125.0,-17.42303
2489243281.25,-17.42043
2489243437.5,-17.41874
2489243593.75,-17.41661
2489243750.0,-17.41422
2489243906.25,-17.41242
2489244062.5,-17.41033
2489244218.75,-17.40725
2489244375.0,-17.40747
2489244531.25,-17.40461
2489244687.5,-17.40046
2489244843.75,-17.39882
2489245000.0,-17.39846
2489245156.25,-17.39558
2489245312.5,-17.39231
2489245468.75,-17.39125
2489245625.0,-17.38914
2489245781.25,-17.38732
2489245937.5,-17.38381
2489246093.75,-17.3818
2489246250.0,-17.37975
2489246406.25,-17.37863
2489246562.5,-17.37523
2489246718.75,-17.37409
2489246875.0,-17.37131
2489247031.25,-17.37058
2489247187.5,-17.36801
2489247343.75,-17.365
2489247500.0,-17.36115
2489247656.25,-17.36048
2489247812.5,-17.35768
2489247968.75,-17.35643
2489248125.0,-17.35608
2489248281.25,-17.35107
2489248437.5,-17.34944
2489248593.75,-17.34717
2489248750.0,-17.34614
2489248906.25,-17.34241
2489249062.5,-17.34133
2489249218.75,-17.33891
2489249375.0,-17.33701
2489249531.25,-17.33566
2489249687.5,-17.33332
2489249843.75,-17.32997
2489250000.0,-17.32798
2489250156.25,-17.32717
2489250312.5,-17.32598
2489250468.75,-17.32268
2489250625.0,-17.31943
2489250781.25,-17.3187
2489250937.5,-17.31582
2489251093.75,-17.31381
2489251250.0,-17.31
2489251406.25,-17.31025
2489251562.5,-17.30636
2489251718.75,-17.30389
2489251875.0,-17.30247
2489252031.25,-17.30182
2489252187.5,-17.29935
2489252343.75,-17.29739
2489252500.0,-17.29435
2489252656.25,-17.29291
2489252812.5,-17.28985
2489252968.75,-17.28703
2489253125.0,-17.28696
2489253281.25,-17.28317
2489253437.5,-17.2803
2489253593.75,-17.27902
2489253750.0,-17.27727
2489253906.25,-17.27444
2489254062.5,-17.27287
2489254218.75,-17.27108
2489254375.0,-17.26801
2489254531.25,-17.26683
2489254687.5,-17.26448
2489254843.75,-17.26196
2489255000.0,-17.26051
2489255156.25,-17.25802
2489255312.5,-17.25538
2489255468.75,-17.25345
2489255625.0,-17.25073
2489255781.25,-17.24995
2489255937.5,-17.24669
2489256093.75,-17.24663
2489256250.0,-17.2432
2489256406.25,-17.24024
2489256562.5,-17.23761
2489256718.75,-17.23684
2489256875.0,-17.23399
2489257031.25,-17.23158
2489257187.5,-17.23077
2489257343.75,-17.22834
2489257500.0,-17.22646
2489257656.25,-17.22307
2489257812.5,-17.22068
2489257968.75,-17.21962
2489258125.0,-17.21605
2489258281.25,-17.21532
2489258437.5,-17.21348
2489258593.75,-17.21116
2489258750.0,-17.20918
2489258906.25,-17.20611
2489259062.5,-17.20375
2489259218.75,-17.2017
2489259375.0,-17.19986
2489259531.25,-17.19663
2489259687.5,-17.19608
2489259843.75,-17.19315
2489260000.0,-17.19007
2489260156.25,-17.18784
2489260312.5,-17.18621
2489260468.75,-17.18445
2489260625.0,-17.18279
2489260781.25,-17.17837
2489260937.5,-17.17768
2489261093.75,-17.17513
2489261250.0,-17.17358
2489261406.25,-17.17104
2489261562.5,-17.16934
2489261718.75,-17.16611
2489261875.0,-17.16443
2489262031.25,-17.16376
2489262187.5,-17.15988
2489262343.75,-17.15792
2489262500.0,-17.15562
2489262656.25,-17.15333
2489262812.5,-17.15072
2489262968.75,-17.14935
2489263125.0,-17.14619
2489263281.25,-17.14411
2489263437.5,-17.14224
2489263593.75,-17.14149
2489263750.0,-17.13851
2489263906.25,-17.13645
2489264062.5,-17.13466
2489264218.75,-17.13312
2489264375.0,-17.12846
2489264531.25,-17.1272
2489264687.5,-17.12586
2489264843.75,-17.12279
2489265000.0,-17.12106
2489265156.25,-17.11922
2489265312.5,-17.11565
2489265468.75,-17.11488
2489265625.0,-17.11208
2489265781.25,-17.11046
2489265937.5,-17.10893
2489266093.75,-17.10565
2489266250.0,-17.10301
2489266406.25,-17.1017
2489266562.5,-17.10056
2489266718.75,-17.09777
2489266875.0,-17.09346
2489267031.25,-17.09333
2489267187.5,-17.08995
2489267343.75,-17.08925
2489267500.0,-17.08689
2489267656.25,-17.08524
2489267812.5,-17.08175
2489267968.75,-17.07898
2489268125.0,-17.0776
2489268281.25,-17.07529
2489268437.5,-17.07306
2489268593.75,-17.06997
2489268750.0,-17.06782
2489268906.25,-17.06658
2489269062.5,-17.06454
2489269218.75,-17.06227
2489269375.0,-17.06142
2489269531.25,-17.05796
2489269687.5,-17.05604
2489269843.75,-17.05231
2489270000.0,-17.05122
2489270156.25,-17.04849
2489270312.5,-17.04811
2489270468.75,-17.04449
2489270625.0,-17.04318
2489270781.25,-17.03987
2489270937.5,-17.03798
2489271093.75,-17.03598
2489271250.0,-17.03378
2489271406.25,-17.03067
2489271562.5,-17.0279
2489271718.75,-17.02701
2489271875.0,-17.0253
2489272031.25,-17.02214
2489272187.5,-17.01977
2489272343.75,-17.01795
2489272500.0,-17.01524
2489272656.25,-17.01317
2489272812.5,-17.01192
2489272968.75,-17.00887
2489273125.0,-17.00588
2489273281.25,-17.0043
2489273437.5,-17.00229
2489273593.75,-16.99998
2489273750.0,-16.99718
2489273906.25,-16.99551
2489274062.5,-16.99346
2489274218.75,-16.9913
2489274375.0,-16.98816
2489274531.25,-16.98748
2489274687.5,-16.98457
2489274843.75,-16.98211
2489275000.0,-16.98092
2489275156.25,-16.97688
2489275312.5,-16.97625
2489275468.75,-16.97387
2489275625.0,-16.97121
2489275781.25,-16.97063
2489275937.5,-16.96667
2489276093.75,-16.96343
2489276250.0,-16.96263
2489276406.25,-16.96075
2489276562.5,-16.95905
2489276718.75,-16.95663
2489276875.0,-16.95322
2489277031.25,-16.95117
2489277187.5,-16.94932
2489277343.75,-16.94552
2489277500.0,-16.94472
2489277656.25,-16.94331
2489277812.5,-16.94077
2489277968.75,-16.93832
2489278125.0,-16.93619
2489278281.25,-16.93314
2489278437.5,-16.93248
2489278593.75,-16.92972
2489278750.0,-16.92756
2489278906.25,-16.92455
2489279062.5,-16.92342
2489279218.75,-16.92098
2489279375.0,-16.91873
2489279531.25,-16.91654
2489279687.5,-16.91485
2489279843.75,-16.91066
2489280000.0,-16.91032
2489280156.25,-16.90733
2489280312.5,-16.90481
2489280468.75,-16.90324
2489280625.0,-16.90092
2489280781.25,-16.89875
2489280937.5,-16.89672
2489281093.75,-16.89345
2489281250.0,-16.89204
2489281406.25,-16.88852
2489281562.5,-16.88759
2489281718.75,-16.8858
2489281875.0,-16.88313
2489282031.25,-16.88193
2489282187.5,-16.87785
2489282343.75,-16.87607
2489282500.0,-16.87262
2489282656.25,-16.87114
2489282812.5,-16.86849
2489282968.75,-16.86636
2489283125.0,-16.86439
2489283281.25,-16.86219
2489283437.5,-16.86151
2489283593.75,-16.85929
2489283750.0,-16.85476
2489283906.25,-16.85268
2489284062.5,-16.84988
2489284218.75,-16.84886
2489284375.0,-16.8464
2489284531.25,-16.84421
2489284687.5,-16.84204
2489284843.75,-16.84153
2489285000.0,-16.83819
2489285156.25,-16.83395
2489285312.5,-16.8317
2489285468.75,-16.8306
2489285625.0,-16.828
2489285781.25,-16.82595
2489285937.5,-16.82479
2489286093.75,-16.82179
2489286250.0,-16.8203
2489286406.25,-16.81782
2489286562.5,-16.81618
2489286718.75,-16.81234
2489286875.0,-16.81036
2489287031.25,-16.80828
2489287187.5,-16.80576
2489287343.75,-16.80306
2489287500.0,-16.80123
2489287656.25,-16.80023
2489287812.5,-16.79744
2489287968.75,-16.79455
2489288125.0,-16.79022
2489288281.25,-16.78921
2489288437.5,-16.78783
2489288593.75,-16.78661
2489288750.0,-16.78331
2489288906.25,-16.78238
2489289062.5,-16.77932
2489289218.75,-16.77682
2489289375.0,-16.77476
2489289531.25,-16.77191
2489289687.5,-16.77151
2489289843.75,-16.76763
2489290000.0,-16.76631
2489290156.25,-16.7636
2489290312.5,-16.7609
2489290468.75,-16.75911
2489290625.0,-16.75629
2489290781.25,-16.7532
2489290937.5,-16.75229
2489291093.75,-16.74958
2489291250.0,-16.74768
2489291406.25,-16.74553
2489291562.5,-16.74172
2489291718.75,-16.74096
2489291875.0,-16.73969
2489292031.25,-16.73492
2489292187.5,-16.7341
2489292343.75,-16.73226
2489292500.0,-16.73032
2489292656.25,-16.7273
2489292812.5,-16.72383
2489292968.75,-16.72265
2489293125.0,-16.71982
2489293281.25,-16.71739
2489293437.5,-16.71631
2489293593.75,-16.71431
2489293750.0,-16.7113
2489293906.25,-16.70934
2489294062.5,-16.70758
2489294218.75,-16.70589
2489294375.0,-16.70226
2489294531.25,-16.6999
2489294687.5,-16.69824
2489294843.75,-16.69511
2489295000.0,-16.69229
2489295156.25,-16.69153
2489295312.5,-16.68959
2489295468.75,-16.68618
2489295625.0,-16.68241
2489295781.25,-16.68166
2489295937.5,-16.67986
2489296093.75,-16.67734
2489296250.0,-16.67497
2489296406.25,-16.67332
2489296562.5,-16.6707
2489296718.75,-16.66821
2489296875.0,-16.66531
2489297031.25,-16.66401
2489297187.5,-16.66049
2489297343.75,-16.65857
2489297500.0,-16.65823
2489297656.25,-16.65592
2489297812.5,-16.65274
2489297968.75,-16.65015
2489298125.0,-16.64687
2489298281.25,-16.64518
2489298437.5,-16.6419
2489298593.75,-16.64124
2489298750.0,-16.63732
2489298906.25,-16.63678
2489299062.5,-16.63519
2489299218.75,-16.63212
2489299375.0,-16.6294
2489299531.25,-16.62652
2489299687.5,-16.62417
2489299843.75,-16.62247
2489300000.0,-16.62072
2489300156.25,-16.61755
2489300312.5,-16.61527
2489300468.75,-16.61391
2489300625.0,-16.61165
2489300781.25,-16.60815
2489300937.5,-16.60574
2489301093.75,-16.60435
2489301250.0,-16.60162
2489301406.25,-16.59996
2489301562.5,-16.59735
2489301718.75,-16.59545
2489301875.0,-16.59324
2489302031.25,-16.58988
2489302187.5,-16.58648
2489302343.75,-16.5865
2489302500.0,-16.58397
2489302656.25,-16.58093
2489302812.5,-16.57844
2489302968.75,-16.5765
2489303125.0,-16.57476
2489303281.25,-16.57172
2489303437.5,-16.57044
2489303593.75,-16.56833
2489303750.0,-16.56473
2489303906.25,-16.56305
2489304062.5,-16.56018
2489304218.75,-16.55881
2489304375.0,-16.5574
2489304531.25,-16.55384
2489304687.5,-16.55164
2489304843.75,-16.54873
2489305000.0,-16.54708
2489305156.25,-16.54523
2489305312.5,-16.54276
2489305468.75,-16.54004
2489305625.0,-16.53764
2489305781.25,-16.53434
2489305937.5,-16.53281
2489306093.75,-16.53061
2489306250.0,-16.52808
2489306406.25,-16.52669
2489306562.5,-16.5231
2489306718.75,-16.52277
2489306875.0,-16.51795
2489307031.25,-16.51539
2489307187.5,-16.51647
2489307343.75,-16.51217
2489307500.0,-16.50968
2489307656.25,-16.50821
2489307812.5,-16.50639
2489307968.75,-16.50346
2489308125.0,-16.50046
2489308281.25,-16.49839
2489308437.5,-16.49674
2489308593.75,-16.49413
2489308750.0,-16.49124
2489308906.25,-16.48864
2489309062.5,-16.48708
2489309218.75,-16.48455
2489309375.0,-16.48249
2489309531.25,-16.47865
2489309687.5,-16.47779
2489309843.75,-16.4749
2489310000.0,-16.47308
2489310156.25,-16.47099
2489310312.5,-16.46802
2489310468.75,-16.46553
2489310625.0,-16.46395
2489310781.25,-16.46231
2489310937.5,-16.46027
2489311093.75,-16.45582
2489311250.0,-16.45577
2489311406.25,-16.45159
2489311562.5,-16.44959
2489311718.75,-16.44727
2489311875.0,-16.44598
2489312031.25,-16.44337
2489312187.5,-16.44075
2489312343.75,-16.43766
2489312500.0,-16.43504
2489312656.25,-16.43432
2489312812.5,-16.43164
2489312968.75,-16.42655
2489313125.0,-16.42558
2489313281.25,-16.42435
2489313437.5,-16.42205
2489313593.75,-16.41909
2489313750.0,-16.41778
2489313906.25,-16.41489
2489314062.5,-16.41184
2489314218.75,-16.41035
2489314375.0,-16.40784
2489314531.25,-16.4062
2489314687.5,-16.40419
2489314843.75,-16.40101
2489315000.0,-16.39867
2489315156.25,-16.39477
2489315312.5,-16.39477
2489315468.75,-16.39141
2489315625.0,-16.38968
2489315781.25,-16.38827
2489315937.5,-16.38541
2489316093.75,-16.38294
2489316250.0,-16.37951
2489316406.25,-16.37732
2489316562.5,-16.37556
2489316718.75,-16.3721
2489316875.0,-16.37179
2489317031.25,-16.36807
2489317187.5,-16.36693
2489317343.75,-16.36513
2489317500.0,-16.3612
2489317656.25,-16.35832
2489317812.5,-16.35697
2489317968.75,-16.35335
2489318125.0,-16.35303
2489318281.25,-16.35015
2489318437.5,-16.34875
2489318593.75,-16.34606
2489318750.0,-16.34385
2489318906.25,-16.34058
2489319062.5,-16.33632
2489319218.75,-16.33593
2489319375.0,-16.33187
2489319531.25,-16.3308
2489319687.5,-16.3279
2489319843.75,-16.32575
2489320000.0,-16.32453
2489320156.25,-16.32276
2489320312.5,-16.3185
2489320468.75,-16.31592
2489320625.0,-16.3143
2489320781.25,-16.3109
2489320937.5,-16.30822
2489321093.75,-16.30813
2489321250.0,-16.30625
2489321406.25,-16.30299
2489321562.5,-16.2992
2489321718.75,-16.29788
2489321875.0,-16.29514
2489322031.25,-16.29264
2489322187.5,-16.29053
2489322343.75,-16.28909
2489322500.0,-16.28686
2489322656.25,-16.28356
2489322812.5,-16.28192
2489322968.75,-16.27853
2489323125.0,-16.27596
2489323281.25,-16.27446
2489323437.5,-16.27148
2489323593.75,-16.26917
2489323750.0,-16.26657
2489323906.25,-16.26603
2489324062.5,-16.26261
2489324218.75,-16.26073
2489324375.0,-16.25815
2489324531.25,-16.25568
2489324687.5,-16.25282
2489324843.75,-16.25023
2489325000.0,-16.24861
2489325156.25,-16.24715
2489325312.5,-16.24553
2489325468.75,-16.24203
2489325625.0,-16.23806
2489325781.25,-16.23656
2489325937.5,-16.23446
2489326093.75,-16.23222
2489326250.0,-16.22972
2489326406.25,-16.22841
2489326562.5,-16.22549
2489326718.75,-16.22326
2489326875.0,-16.21954
2489327031.25,-16.21885
2489327187.5,-16.21393
2489327343.75,-16.21319
2489327500.0,-16.21153
2489327656.25,-16.20867
2489327812.5,-16.20697
2489327968.75,-16.20293
2489328125.0,-16.20043
2489328281.25,-16.19756
2489328437.5,-16.19742
2489328593.75,-16.19524
2489328750.0,-16.19172
2489328906.25,-16.18877
2489329062.5,-16.18677
2489329218.75,-16.18347
2489329375.0,-16.18238
2489329531.25,-16.17972
2489329687.5,-16.17711
2489329843.75,-16.17373
2489330000.0,-16.17338
2489330156.25,-16.17042
2489330312.5,-16.16771
2489330468.75,-16.16443
2489330625.0,-16.16232
2489330781.25,-16.16134
2489330937.5,-16.15693
2489331093.75,-16.15591
2489331250.0,-16.15352
2489331406.25,-16.15125
2489331562.5,-16.14958
2489331718.75,-16.14695
2489331875.0,-16.14419
2489332031.25,-16.14096
2489332187.5,-16.13939
2489332343.75,-16.13701
2489332500.0,-16.1341
2489332656.25,-16.13258
2489332812.5,-16.12954
2489332968.75,-16.12783
2489333125.0,-16.12522
2489333281.25,-16.12372
2489333437.5,-16.11977
2489333593.75,-16.11717
2489333750.0,-16.11557
2489333906.25,-16.11335
2489334062.5,-16.11108
2489334218.75,-16.1087
2489334375.0,-16.10553
2489334531.25,-16.10389
2489334687.5,-16.10019
2489334843.75,-16.09817
2489335000.0,-16.09491
2489335156.25,-16.09392
2489335312.5,-16.09102
2489335468.75,-16.09052
2489335625.0,-16.08668
2489335781.25,-16.08547
2489335937.5,-16.0821
2489336093.75,-16.07888
2489336250.0,-16.07509
2489336406.25,-16.07488
2489336562.5,-16.07259
2489336718.75,-16.07112
2489336875.0,-16.06689
2489337031.25,-16.06514
2489337187.5,-16.0626
2489337343.75,-16.05819
2489337500.0,-16.0574
2489337656.25,-16.05536
2489337812.5,-16.05335
2489337968.75,-16.05134
2489338125.0,-16.0493
2489338281.25,-16.04501
2489338437.5,-16.04376
2489338593.75,-16.04076
2489338750.0,-16.03768
2489338906.25,-16.03564
2489339062.5,-16.03296
2489339218.75,-16.03282
2489339375.0,-16.0296
2489339531.25,-16.02672
2489339687.5,-16.02479
2489339843.75,-16.0211
2489340000.0,-16.01922
2489340156.25,-16.0171
2489340312.5,-16.01422
2489340468.75,-16.01248
2489340625.0,-16.00962
2489340781.25,-16.00692
2489340937.5,-16.00569
2489341093.75,-16.00326
2489341250.0,-16.00056
2489341406.25,-15.99761
2489341562.5,-15.99451
2489341718.75,-15.99287
2489341875.0,-15.99127
2489342031.25,-15.9875
2489342187.5,-15.98596
2489342343.75,-15.98174
2489342500.0,-15.98068
2489342656.25,-15.97764
2489342812.5,-15.97487
2489342968.75,-15.97334
2489343125.0,-15.97077
2489343281.25,-15.96923
2489343437.5,-15.9671
2489343593.75,-15.96287
2489343750.0,-15.96193
2489343906.25,-15.95989
2489344062.5,-15.95642
2489344218.75,-15.95285
2489344375.0,-15.95159
2489344531.25,-15.94859
2489344687.5,-15.94727
2489344843.75,-15.94485
2489345000.0,-15.94164
2489345156.25,-15.93954
2489345312.5,-15.93725
2489345468.75,-15.93585
2489345625.0,-15.93277
2489345781.25,-15.93098
2489345937.5,-15.9271
2489346093.75,-15.92526
2489346250.0,-15.92386
2489346406.25,-15.92007
2489346562.5,-15.91704
2489346718.75,-15.9146
2489346875.0,-15.91313
2489347031.25,-15.91108
2489347187.5,-15.90873
2489347343.75,-15.90492
2489347500.0,-15.90347
2489347656.25,-15.90002
2489347812.5,-15.89868
2489347968.75,-15.8943
2489348125.0,-15.89298
2489348281.25,-15.89061
2489348437.5,-15.88835
2489348593.75,-15.88738
2489348750.0,-15.88457
2489348906.25,-15.88112
2489349062.5,-15.8787
2489349218.75,-15.87622
2489349375.0,-15.87278
2489349531.25,-15.87144
2489349687.5,-15.86833
2489349843.75,-15.86825
2489350000.0,-15.86475
2489350156.25,-15.86192
2489350312.5,-15.85913
2489350468.75,-15.85661
2489350625.0,-15.85334
2489350781.25,-15.85147
2489350937.5,-15.84921
2489351093.75,-15.847
2489351250.0,-15.84455
2489351406.25,-15.84124
2489351562.5,-15.83917
2489351718.75,-15.83709
2489351875.0,-15.83534
2489352031.25,-15.83197
2489352187.5,-15.82928
2489352343.75,-15.8273
2489352500.0,-15.82607
2489352656.25,-15.82253
2489352812.5,-15.82018
2489352968.75,-15.81744
2489353125.0,-15.81501
2489353281.25,-15.8119
2489353437.5,-15.81
2489353593.75,-15.80817
2489353750.0,-15.80649
2489353906.25,-15.80321
2489354062.5,-15.80086
2489354218.75,-15.79686
2489354375.0,-15.79562
2489354531.25,-15.79313
2489354687.5,-15.79125
2489354843.75,-15.78949
2489355000.0,-15.78701
2489355156.25,-15.78354
2489355312.5,-15.78229
2489355468.75,-15.77925
2489355625.0,-15.7764
2489355781.25,-15.77234
2489355937.5,-15.76919
2489356093.75,-15.76881
2489356250.0,-15.76584
2489356406.25,-15.76407
2489356562.5,-15.7599
2489356718.75,-15.75919
2489356875.0,-15.75659
2489357031.25,-15.75377
2489357187.5,-15.75224
2489357343.75,-15.74895
2489357500.0,-15.74679
2489357656.25,-15.74474
2489357812.5,-15.74219
2489357968.75,-15.7397
2489358125.0,-15.7361
2489358281.25,-15.73247
2489358437.5,-15.73193
2489358593.75,-15.72881
2489358750.0,-15.7272
2489358906.25,-15.72391
2489359062.5,-15.72239
2489359218.75,-15.71893
2489359375.0,-15.71732
2489359531.25,-15.71304
2489359687.5,-15.71134
2489359843.75,-15.70874
2489360000.0,-15.70604
2489360156.25,-15.705
2489360312.5,-15.70184
2489360468.75,-15.69905
2489360625.0,-15.6979
2489360781.25,-15.69379
2489360937.5,-15.69125
2489361093.75,-15.68849
2489361250.0,-15.68526
2489361406.25,-15.68543
2489361562.5,-15.68071
2489361718.75,-15.6798
2489361875.0,-15.67551
2489362031.25,-15.674
2489362187.5,-15.67193
2489362343.75,-15.66957
2489362500.0,-15.66669
2489362656.25,-15.66658
2489362812.5,-15.66231
2489362968.75,-15.66095
2489363125.0,-15.6576
2489363281.25,-15.65568
2489363437.5,-15.65303
2489363593.75,-15.65043
2489363750.0,-15.64781
2489363906.25,-15.6448
2489364062.5,-15.64378
2489364218.75,-15.64087
2489364375.0,-15.63836
2489364531.25,-15.63484
2489364687.5,-15.63276
2489364843.75,-15.62934
2489365000.0,-15.62825
2489365156.25,-15.62473
2489365312.5,-15.62247
2489365468.75,-15.62096
2489365625.0,-15.61682
2489365781.25,-15.61495
2489365937.5,-15.61339
2489366093.75,-15.61025
2489366250.0,-15.60768
2489366406.25,-15.60448
2489366562.5,-15.60304
2489366718.75,-15.60075
2489366875.0,-15.59816
2489367031.25,-15.59491
2489367187.5,-15.59291
2489367343.75,-15.59038
2489367500.0,-15.58665
2489367656.25,-15.5852
2489367812.5,-15.58106
2489367968.75,-15.58085
2489368125.0,-15.57823
2489368281.25,-15.57656
2489368437.5,-15.57236
2489368593.75,-15.57083
2489368750.0,-15.56722
2489368906.25,-15.56384
2489369062.5,-15.56271
2489369218.75,-15.56061
2489369375.0,-15.55761
2489369531.25,-15.55494
2489369687.5,-15.55166
2489369843.75,-15.54954
2489370000.0,-15.54741
2489370156.25,-15.54505
2489370312.5,-15.54206
2489370468.75,-15.54053
2489370625.0,-15.53825
2489370781.25,-15.53519
2489370937.5,-15.5323
2489371093.75,-15.53043
2489371250.0,-15.52721
2489371406.25,-15.5242
2489371562.5,-15.52266
2489371718.75,-15.52056
2489371875.0,-15.51681
2489372031.25,-15.51509
2489372187.5,-15.51338
2489372343.75,-15.50997
2489372500.0,-15.50613
2489372656.25,-15.50463
2489372812.5,-15.50173
2489372968.75,-15.49923
2489373125.0,-15.49778
2489373281.25,-15.49566
2489373437.5,-15.49278
2489373593.75,-15.49106
2489373750.0,-15.48772
2489373906.25,-15.48505
2489374062.5,-15.48115
2489374218.75,-15.48075
2489374375.0,-15.47716
2489374531.25,-15.47408
2489374687.5,-15.47313
2489374843.75,-15.4697
2489375000.0,-15.46822
2489375156.25,-15.46515
2489375312.5,-15.4622
2489375468.75,-15.45831
2489375625.0,-15.4576
2489375781.25,-15.45542
2489375937.5,-15.45191
2489376093.75,-15.44924
2489376250.0,-15.44773
2489376406.25,-15.44444
2489376562.5,-15.44285
2489376718.75,-15.43962
2489376875.0,-15.43765
2489377031.25,-15.43448
2489377187.5,-15.43245
2489377343.75,-15.43037
2489377500.0,-15.42681
2489377656.25,-15.42385
2489377812.5,-15.42187
2489377968.75,-15.41807
2489378125.0,-15.41655
2489378281.25,-15.41616
2489378437.5,-15.41208
2489378593.75,-15.40945
2489378750.0,-15.40615
2489378906.25,-15.40356
2489379062.5,-15.40146
2489379218.75,-15.39876
2489379375.0,-15.39584
2489379531.25,-15.39343
2489379687.5,-15.39172
2489379843.75,-15.389
2489380000.0,-15.38668
2489380156.25,-15.38324
2489380312.5,-15.3808
2489380468.75,-15.37848
2489380625.0,-15.37591
2489380781.25,-15.37315
2489380937.5,-15.37092
2489381093.75,-15.36896
2489381250.0,-15.36663
2489381406.25,-15.36338
2489381562.5,-15.36053
2489381718.75,-15.35757
2489381875.0,-15.35423
2489382031.25,-15.35403
2489382187.5,-15.35034
2489382343.75,-15.34925
2489382500.0,-15.34528
2489382656.25,-15.34378
2489382812.5,-15.34086
2489382968.75,-15.33895
2489383125.0,-15.335
2489383281.25,-15.33411
2489383437.5,-15.33053
2489383593.75,-15.32801
2489383750.0,-15.32491
2489383906.25,-15.32318
2489384062.5,-15.32048
2489384218.75,-15.31783
2489384375.0,-15.31657
2489384531.25,-15.31233
2489384687.5,-15.31159
2489384843.75,-15.30788
2489385000.0,-15.30532
2489385156.25,-15.30316
2489385312.5,-15.29999
2489385468.75,-15.29719
2489385625.0,-15.29479
2489385781.25,-15.29163
2489385937.5,-15.2891
2489386093.75,-15.28744
2489386250.0,-15.28348
2489386406.25,-15.28259
2489386562.5,-15.27932
2489386718.75,-15.27701
2489386875.0,-15.27326
2489387031.25,-15.27116
2489387187.5,-15.2684
2489387343.75,-15.26707
2489387500.0,-15.26295
2489387656.25,-15.26124
2489387812.5,-15.25876
2489387968.75,-15.25537
2489388125.0,-15.25246
2489388281.25,-15.25058
2489388437.5,-15.24819
2489388593.75,-15.24533
2489388750.0,-15.24387
2489388906.25,-15.24058
2489389062.5,-15.23803
2489389218.75,-15.23582
2489389375.0,-15.2328
2489389531.25,-15.22967
2489389687.5,-15.22805
2489389843.75,-15.22578
2489390000.0,-15.22258
2489390156.25,-15.22002
2489390312.5,-15.2173
2489390468.75,-15.21495
2489390625.0,-15.21259
2489390781.25,-15.20942
2489390937.5,-15.20742
2489391093.75,-15.20278
2489391250.0,-15.20242
2489391406.25,-15.19932
2489391562.5,-15.1968
2489391718.75,-15.19435
2489391875.0,-15.19164
2489392031.25,-15.18874
2489392187.5,-15.18702
2489392343.75,-15.18404
2489392500.0,-15.18283
2489392656.25,-15.17948
2489392812.5,-15.17669
2489392968.75,-15.1743
2489393125.0,-15.17145
2489393281.25,-15.16811
2489393437.5,-15.16559
2489393593.75,-15.16405
2489393750.0,-15.1606
2489393906.25,-15.15767
2489394062.5,-15.15531
2489394218.75,-15.15389
2489394375.0,-15.15004
2489394531.25,-15.14763
2489394687.5,-15.14484
2489394843.75,-15.14219
2489395000.0,-15.13966
2489395156.25,-15.1382
2489395312.5,-15.13398
2489395468.75,-15.13199
2489395625.0,-15.13022
2489395781.25,-15.12887
2489395937.5,-15.12528
2489396093.75,-15.12087
2489396250.0,-15.1198
2489396406.25,-15.11605
2489396562.5,-15.11529
2489396718.75,-15.11216
2489396875.0,-15.10943
2489397031.25,-15.1062
2489397187.5,-15.10523
2489397343.75,-15.10115
2489397500.0,-15.09916
2489397656.25,-15.09652
2489397812.5,-15.0941
2489397968.75,-15.09011
2489398125.0,-15.08759
2489398281.25,-15.08613
2489398437.5,-15.08299
2489398593.75,-15.07909
2489398750.0,-15.0779
2489398906.25,-15.07665
2489399062.5,-15.07251
2489399218.75,-15.06949
2489399375.0,-15.06691
2489399531.25,-15.06605
2489399687.5,-15.06237
2489399843.75,-15.05973
2489400000.0,-15.05661
2489400156.25,-15.0541
2489400312.5,-15.05203
2489400468.75,-15.04905
2489400625.0,-15.04765
2489400781.25,-15.04401
2489400937.5,-15.04117
2489401093.75,-15.03796
2489401250.0,-15.03679
2489401406.25,-15.03345
2489401562.5,-15.03069
2489401718.75,-15.02844
2489401875.0,-15.02614
2489402031.25,-15.02396
2489402187.5,-15.02121
2489402343.75,-15.01895
2489402500.0,-15.01589
2489402656.25,-15.01273
2489402812.5,-15.01133
2489402968.75,-15.00845
2489403125.0,-15.00589
2489403281.25,-15.00242
2489403437.5,-15.00084
2489403593.75,-14.99813
2489403750.0,-14.99568
2489403906.25,-14.99231
2489404062.5,-14.99047
2489404218.75,-14.98792
2489404375.0,-14.98525
2489404531.25,-14.98231
2489404687.5,-14.97948
2489404843.75,-14.97651
2489405000.0,-14.97418
2489405156.25,-14.97016
2489405312.5,-14.96968
2489405468.75,-14.96606
2489405625.0,-14.96304
2489405781.25,-14.96065
2489405937.5,-14.95903
2489406093.75,-14.95616
2489406250.0,-14.95237
2489406406.25,-14.94921
2489406562.5,-14.94776
2489406718.75,-14.94361
2489406875.0,-14.94258
2489407031.25,-14.93877
2489407187.5,-14.93726
2489407343.75,-14.9351
2489407500.0,-14.93299
2489407656.25,-14.92956
2489407812.5,-14.92514
2489407968.75,-14.92326
2489408125.0,-14.92136
2489408281.25,-14.91912
2489408437.5,-14.91687
2489408593.75,-14.91368
2489408750.0,-14.91147
2489408906.25,-14.9084
2489409062.5,-14.90481
2489409218.75,-14.90161
2489409375.0,-14.89963
2489409531.25,-14.8976
2489409687.5,-14.89554
2489409843.75,-14.89273
2489410000.0,-14.88973
2489410156.25,-14.88656
2489410312.5,-14.88393
2489410468.75,-14.88077
2489410625.0,-14.8779
2489410781.25,-14.8764
2489410937.5,-14.87463
2489411093.75,-14.87142
2489411250.0,-14.86808
2489411406.25,-14.86488
2489411562.5,-14.86275
2489411718.75,-14.86021
2489411875.0,-14.85803
2489412031.25,-14.85458
2489412187.5,-14.85285
2489412343.75,-14.85048
2489412500.0,-14.84742
2489412656.25,-14.84509
2489412812.5,-14.84204
2489412968.75,-14.83899
2489413125.0,-14.83596
2489413281.25,-14.83343
2489413437.5,-14.83244
2489413593.75,-14.82904
2489413750.0,-14.82753
2489413906.25,-14.82367
2489414062.5,-14.82123
2489414218.75,-14.81827
2489414375.0,-14.81545
2489414531.25,-14.81335
2489414687.5,-14.80942
2489414843.75,-14.80767
2489415000.0,-14.80556
2489415156.25,-14.80354
2489415312.5,-14.80024
2489415468.75,-14.79789
2489415625.0,-14.7944
2489415781.25,-14.79193
2489415937.5,-14.78818
2489416093.75,-14.78647
2489416250.0,-14.78468
2489416406.25,-14.78214
2489416562.5,-14.77864
2489416718.75,-14.77692
2489416875.0,-14.77312
2489417031.25,-14.76998
2489417187.5,-14.76771
2489417343.75,-14.76526
2489417500.0,-14.76223
2489417656.25,-14.76032
2489417812.5,-14.7577
2489417968.75,-14.75418
2489418125.0,-14.75128
2489418281.25,-14.74978
2489418437.5,-14.74533
2489418593.75,-14.74367
2489418750.0,-14.7406
2489418906.25,-14.73979
2489419062.5,-14.73798
2489419218.75,-14.73308
2489419375.0,-14.73207
2489419531.25,-14.72799
2489419687.5,-14.72591
2489419843.75,-14.72284
2489420000.0,-14.71958
2489420156.25,-14.71772
2489420312.5,-14.71447
2489420468.75,-14.71288
2489420625.0,-14.71004
2489420781.25,-14.70639
2489420937.5,-14.70379
2489421093.75,-14.70139
2489421250.0,-14.69804
2489421406.25,-14.69583
2489421562.5,-14.69438
2489421718.75,-14.69075
2489421875.0,-14.68839
2489422031.25,-14.68598
2489422187.5,-14.68162
2489422343.75,-14.67934
2489422500.0,-14.67712
2489422656.25,-14.67465
2489422812.5,-14.67271
2489422968.75,-14.67058
2489423125.0,-14.66683
2489423281.25,-14.66492
2489423437.5,-14.66073
2489423593.75,-14.65885
2489423750.0,-14.65548
2489423906.25,-14.65363
2489424062.5,-14.65176
2489424218.75,-14.64904
2489424375.0,-14.6465
2489424531.25,-14.64352
2489424687.5,-14.64011
2489424843.75,-14.63713
2489425000.0,-14.63404
2489425156.25,-14.63224
2489425312.5,-14.62979
2489425468.75,-14.62646
2489425625.0,-14.62384
2489425781.25,-14.6206
2489425937.5,-14.61848
2489426093.75,-14.61581
2489426250.0,-14.61222
2489426406.25,-14.60929
2489426562.5,-14.6066
2489426718.75,-14.60594
2489426875.0,-14.6026
2489427031.25,-14.60009
2489427187.5,-14.59721
2489427343.75,-14.59409
2489427500.0,-14.59171
2489427656.25,-14.58903
2489427812.5,-14.58481
2489427968.75,-14.58289
2489428125.0,-14.58164
2489428281.25,-14.57852
2489428437.5,-14.57487
2489428593.75,-14.57175
2489428750.0,-14.57033
2489428906.25,-14.56689
2489429062.5,-14.56467
2489429218.75,-14.56185
2489429375.0,-14.55804
2489429531.25,-14.55656
2489429687.5,-14.55294
2489429843.75,-14.55088
2489430000.0,-14.54902
2489430156.25,-14.54576
2489430312.5,-14.54236
2489430468.75,-14.54105
2489430625.0,-14.53906
2489430781.25,-14.53563
2489430937.5,-14.53194
2489431093.75,-14.52959
2489431250.0,-14.52647
2489431406.25,-14.52279
2489431562.5,-14.52052
2489431718.75,-14.51907
2489431875.0,-14.51639
2489432031.25,-14.51241
2489432187.5,-14.51075
2489432343.75,-14.50919
2489432500.0,-14.50345
2489432656.25,-14.50232
2489432812.5,-14.49956
2489432968.75,-14.49604
2489433125.0,-14.49498
2489433281.25,-14.49192
2489433437.5,-14.48938
2489433593.75,-14.48547
2489433750.0,-14.48385
2489433906.25,-14.48024
2489434062.5,-14.47806
2489434218.75,-14.47625
2489434375.0,-14.47422
2489434531.25,-14.47103
2489434687.5,-14.46799
2489434843.75,-14.46391
2489435000.0,-14.46128
2489435156.25,-14.4584
2489435312.5,-14.45524
2489435468.75,-14.4532
2489435625.0,-14.451
2489435781.25,-14.44893
2489435937.5,-14.4465
2489436093.75,-14.4439
2489436250.0,-14.44028
2489436406.25,-14.43722
2489436562.5,-14.43365
2489436718.75,-14.43129
2489436875.0,-14.42874
2489437031.25,-14.42672
2489437187.5,-14.4234
2489437343.75,-14.42278
2489437500.0,-14.41952
2489437656.25,-14.41573
2489437812.5,-14.41276
2489437968.75,-14.40986
2489438125.0,-14.40711
2489438281.25,-14.40517
2489438437.5,-14.40195
2489438593.75,-14.40007
2489438750.0,-14.39644
2489438906.25,-14.39398
2489439062.5,-14.3911
2489439218.75,-14.38783
2489439375.0,-14.38381
2489439531.25,-14.38276
2489439687.5,-14.38044
2489439843.75,-14.37821
2489440000.0,-14.37526
2489440156.25,-14.37183
2489440312.5,-14.36914
2489440468.75,-14.36591
2489440625.0,-14.36341
2489440781.25,-14.36135
2489440937.5,-14.35905
2489441093.75,-14.35644
2489441250.0,-14.35345
2489441406.25,-14.35144
2489441562.5,-14.34783
2489441718.75,-14.34355
2489441875.0,-14.34203
2489442031.25,-14.33865
2489442187.5,-14.33658
2489442343.75,-14.33447
2489442500.0,-14.33148
2489442656.25,-14.32866
2489442812.5,-14.32572
2489442968.75,-14.32307
2489443125.0,-14.31993
2489443281.25,-14.31646
2489443437.5,-14.31448
2489443593.75,-14.31184
2489443750.0,-14.30953
2489443906.25,-14.30682
2489444062.5,-14.30415
2489444218.75,-14.30083
2489444375.0,-14.29846
2489444531.25,-14.29524
2489444687.5,-14.29233
2489444843.75,-14.29009
2489445000.0,-14.28763
2489445156.25,-14.28493
2489445312.5,-14.28213
2489445468.75,-14.27902
2489445625.0,-14.27634
2489445781.25,-14.27307
2489445937.5,-14.27017
2489446093.75,-14.26711
2489446250.0,-14.26605
2489446406.25,-14.26265
2489446562.5,-14.2594
2489446718.75,-14.25693
2489446875.0,-14.2526
2489447031.25,-14.25068
2489447187.5,-14.24783
2489447343.75,-14.24622
2489447500.0,-14.24442
2489447656.25,-14.2418
2489447812.5,-14.23785
2489447968.75,-14.23542
2489448125.0,-14.23159
2489448281.25,-14.22775
2489448437.5,-14.22556
2489448593.75,-14.22332
2489448750.0,-14.22137
2489448906.25,-14.21919
2489449062.5,-14.21683
2489449218.75,-14.21343
2489449375.0,-14.20917
2489449531.25,-14.20678
2489449687.5,-14.2042
2489449843.75,-14.20201
2489450000.0,-14.19944
2489450156.25,-14.19723
2489450312.5,-14.1938
2489450468.75,-14.19176
2489450625.0,-14.18811
2489450781.25,-14.18673
2489450937.5,-14.18276
2489451093.75,-14.17999
2489451250.0,-14.17785
2489451406.25,-14.17482
2489451562.5,-14.17144
2489451718.75,-14.16911
2489451875.0,-14.16726
2489452031.25,-14.16255
2489452187.5,-14.16012
2489452343.75,-14.15792
2489452500.0,-14.15614
2489452656.25,-14.15276
2489452812.5,-14.15089
2489452968.75,-14.14682
2489453125.0,-14.14387
2489453281.25,-14.14096
2489453437.5,-14.13791
2489453593.75,-14.13493
2489453750.0,-14.13454
2489453906.25,-14.13097
2489454062.5,-14.12779
2489454218.75,-14.12479
2489454375.0,-14.12261
2489454531.25,-14.11879
2489454687.5,-14.11672
2489454843.75,-14.11361
2489455000.0,-14.11031
2489455156.25,-14.10863
2489455312.5,-14.10604
2489455468.75,-14.10403
2489455625.0,-14.10048
2489455781.25,-14.09641
2489455937.5,-14.09329
2489456093.75,-14.09146
2489456250.0,-14.08683
2489456406.25,-14.08613
2489456562.5,-14.08231
2489456718.75,-14.08038
2489456875.0,-14.07785
2489457031.25,-14.07453
2489457187.5,-14.0714
2489457343.75,-14.06918
2489457500.0,-14.06532
2489457656.25,-14.06259
2489457812.5,-14.06096
2489457968.75,-14.05811
2489458125.0,-14.05613
2489458281.25,-14.05222
2489458437.5,-14.0489
2489458593.75,-14.04667
2489458750.0,-14.0441
2489458906.25,-14.04073
2489459062.5,-14.03852
2489459218.75,-14.03509
2489459375.0,-14.03221
2489459531.25,-14.03149
2489459687.5,-14.02757
2489459843.75,-14.02456
2489460000.0,-14.02209
2489460156.25,-14.01832
2489460312.5,-14.01658
2489460468.75,-14.01358
2489460625.0,-14.01126
2489460781.25,-14.00834
2489460937.5,-14.0059
2489461093.75,-14.00306
2489461250.0,-13.99848
2489461406.25,-13.99574
2489461562.5,-13.99355
2489461718.75,-13.99087
2489461875.0,-13.988
2489462031.25,-13.9859
2489462187.5,-13.98388
2489462343.75,-13.98036
2489462500.0,-13.97688
2489462656.25,-13.97401
2489462812.5,-13.9717
2489462968.75,-13.96906
2489463125.0,-13.9655
2489463281.25,-13.96419
2489463437.5,-13.96054
2489463593.75,-13.95803
2489463750.0,-13.95459
2489463906.25,-13.95139
2489464062.5,-13.94889
2489464218.75,-13.946
2489464375.0,-13.94435
2489464531.25,-13.94249
2489464687.5,-13.93917
2489464843.75,-13.93471
2489465000.0,-13.93262
2489465156.25,-13.92874
2489465312.5,-13.9267
2489465468.75,-13.9236
2489465625.0,-13.92118
2489465781.25,-13.91812
2489465937.5,-13.91749
2489466093.75,-13.914
2489466250.0,-13.91057
2489466406.25,-13.90629
2489466562.5,-13.90373
2489466718.75,-13.90222
2489466875.0,-13.89896
2489467031.25,-13.8962
2489467187.5,-13.89388
2489467343.75,-13.89048
2489467500.0,-13.88844
2489467656.25,-13.88383
2489467812.5,-13.88114
2489467968.75,-13.87854
2489468125.0,-13.87556
2489468281.25,-13.87378
2489468437.5,-13.87138
2489468593.75,-13.86886
2489468750.0,-13.86572
2489468906.25,-13.8612
2489469062.5,-13.85934
2489469218.75,-13.85556
2489469375.0,-13.85402
2489469531.25,-13.85161
2489469687.5,-13.84782
2489469843.75,-13.84506
2489470000.0,-13.84276
2489470156.25,-13.8402
2489470312.5,-13.83691
2489470468.75,-13.83299
2489470625.0,-13.83134
2489470781.25,-13.82864
2489470937.5,-13.82608
2489471093.75,-13.82292
2489471250.0,-13.81974
2489471406.25,-13.81763
2489471562.5,-13.81403
2489471718.75,-13.81138
2489471875.0,-13.80873
2489472031.25,-13.80499
2489472187.5,-13.80354
2489472343.75,-13.80104
2489472500.0,-13.79792
2489472656.25,-13.79518
2489472812.5,-13.79134
2489472968.75,-13.78881
2489473125.0,-13.78699
2489473281.25,-13.78339
2489473437.5,-13.78036
2489473593.75,-13.77713
2489473750.0,-13.77535
2489473906.25,-13.77206
2489474062.5,-13.76853
2489474218.75,-13.76654
2489474375.0,-13.76206
2489474531.25,-13.76078
2489474687.5,-13.75779
2489474843.75,-13.75501
2489475000.0,-13.75307
2489475156.25,-13.75048
2489475312.5,-13.74742
2489475468.75,-13.74341
2489475625.0,-13.7401
2489475781.25,-13.73829
2489475937.5,-13.73479
2489476093.75,-13.73131
2489476250.0,-13.72915
2489476406.25,-13.7272
2489476562.5,-13.7247
2489476718.75,-13.72126
2489476875.0,-13.71726
2489477031.25,-13.71525
2489477187.5,-13.71321
2489477343.75,-13.70902
2489477500.0,-13.70756
2489477656.25,-13.70381
2489477812.5,-13.70186
2489477968.75,-13.69781
2489478125.0,-13.69526
2489478281.25,-13.69264
2489478437.5,-13.68923
2489478593.75,-13.6865
2489478750.0,-13.68434
2489478906.25,-13.68164
2489479062.5,-13.67917
2489479218.75,-13.6753
2489479375.0,-13.67207
2489479531.25,-13.66978
2489479687.5,-13.66749
2489479843.75,-13.66429
2489480000.0,-13.66107
2489480156.25,-13.65925
2489480312.5,-13.65668
2489480468.75,-13.65292
2489480625.0,-13.64892
2489480781.25,-13.64681
2489480937.5,-13.64442
2489481093.75,-13.64171
2489481250.0,-13.63984
2489481406.25,-13.63648
2489481562.5,-13.6334
2489481718.75,-13.63036
2489481875.0,-13.62807
2489482031.25,-13.62579
2489482187.5,-13.62123
2489482343.75,-13.61932
2489482500.0,-13.61678
2489482656.25,-13.61357
2489482812.5,-13.6106
2489482968.75,-13.60835
2489483125.0,-13.60463
2489483281.25,-13.60111
2489483437.5,-13.59818
2489483593.75,-13.59519
2489483750.0,-13.59269
2489483906.25,-13.59117
2489484062.5,-13.58877
2489484218.75,-13.58505
2489484375.0,-13.58207
2489484531.25,-13.57931
2489484687.5,-13.57537
2489484843.75,-13.57351
2489485000.0,-13.56988
2489485156.25,-13.56713
2489485312.5,-13.56531
2489485468.75,-13.56225
2489485625.0,-13.55792
2489485781.25,-13.55655
2489485937.5,-13.55308
2489486093.75,-13.54948
2489486250.0,-13.54669
2489486406.25,-13.54421
2489486562.5,-13.54282
2489486718.75,-13.54044
2489486875.0,-13.53657
2489487031.25,-13.53319
2489487187.5,-13.53009
2489487343.75,-13.52655
2489487500.0,-13.5238
2489487656.25,-13.52032
2489487812.5,-13.51912
2489487968.75,-13.51531
2489488125.0,-13.512
2489488281.25,-13.51131
2489488437.5,-13.50728
2489488593.75,-13.5037
2489488750.0,-13.50071
2489488906.25,-13.49871
2489489062.5,-13.49586
2489489218.75,-13.49308
2489489375.0,-13.4907
2489489531.25,-13.48814
2489489687.5,-13.48401
2489489843.75,-13.48105
2489490000.0,-13.47855
2489490156.25,-13.47583
2489490312.5,-13.47263
2489490468.75,-13.47043
2489490625.0,-13.46673
2489490781.25,-13.46483
2489490937.5,-13.46169
2489491093.75,-13.45918
2489491250.0,-13.4554
2489491406.25,-13.45264
2489491562.5,-13.45
2489491718.75,-13.44724
2489491875.0,-13.44544
2489492031.25,-13.44171
2489492187.5,-13.43942
2489492343.75,-13.43597
2489492500.0,-13.43228
2489492656.25,-13.42958
2489492812.5,-13.42735
2489492968.75,-13.42449
2489493125.0,-13.42213
2489493281.25,-13.41889
2489493437.5,-13.41644
2489493593.75,-13.41159
2489493750.0,-13.41024
2489493906.25,-13.40735
2489494062.5,-13.4034
2489494218.75,-13.40135
2489494375.0,-13.39905
2489494531.25,-13.39627
2489494687.5,-13.39306
2489494843.75,-13.38956
2489495000.0,-13.38732
2489495156.25,-13.38283
2489495312.5,-13.38067
2489495468.75,-13.37805
2489495625.0,-13.37503
2489495781.25,-13.37297
2489495937.5,-13.37051
2489496093.75,-13.36643
2489496250.0,-13.36389
2489496406.25,-13.3605
2489496562.5,-13.35865
2489496718.75,-13.35467
2489496875.0,-13.35199
2489497031.25,-13.34931
2489497187.5,-13.34598
2489497343.75,-13.3442
2489497500.0,-13.34187
2489497656.25,-13.33723
2489497812.5,-13.3347
2489497968.75,-13.3328
2489498125.0,-13.32973
2489498281.25,-13.32665
2489498437.5,-13.3235
2489498593.75,-13.32072
2489498750.0,-13.3184
2489498906.25,-13.31513
2489499062.5,-13.31152
2489499218.75,-13.30907
2489499375.0,-13.30624
2489499531.25,-13.30313
2489499687.5,-13.30102
2489499843.75,-13.29849
2489500000.0,-13.29536
2489500156.25,-13.292
2489500312.5,-13.28897
2489500468.75,-13.28692
2489500625.0,-13.28285
2489500781.25,-13.28101
2489500937.5,-13.27788
2489501093.75,-13.27437
2489501250.0,-13.27148
2489501406.25,-13.26874
2489501562.5,-13.26633
2489501718.75,-13.26329
2489501875.0,-13.25912
2489502031.25,-13.25697
2489502187.5,-13.25466
2489502343.75,-13.25079
2489502500.0,-13.24922
2489502656.25,-13.24536
2489502812.5,-13.24182
2489502968.75,-13.239
2489503125.0,-13.23561
2489503281.25,-13.23278
2489503437.5,-13.2318
2489503593.75,-13.22847
2489503750.0,-13.22569
2489503906.25,-13.22246
2489504062.5,-13.21872
2489504218.75,-13.21652
2489504375.0,-13.21296
2489504531.25,-13.21065
2489504687.5,-13.20733
2489504843.75,-13.20368
2489505000.0,-13.20307
2489505156.25,-13.1996
2489505312.5,-13.1951
2489505468.75,-13.193
2489505625.0,-13.19051
2489505781.25,-13.1869
2489505937.5,-13.18434
2489506093.75,-13.18222
2489506250.0,-13.17904
2489506406.25,-13.17677
2489506562.5,-13.17159
2489506718.75,-13.16909
2489506875.0,-13.16641
2489507031.25,-13.16361
2489507187.5,-13.16108
2489507343.75,-13.15858
2489507500.0,-13.15652
2489507656.25,-13.15324
2489507812.5,-13.1502
2489507968.75,-13.14614
2489508125.0,-13.14357
2489508281.25,-13.14063
2489508437.5,-13.13741
2489508593.75,-13.13455
2489508750.0,-13.13245
2489508906.25,-13.1292
2489509062.5,-13.12559
2489509218.75,-13.1242
2489509375.0,-13.12016
2489509531.25,-13.11715
2489509687.5,-13.11403
2489509843.75,-13.11193
2489510000.0,-13.10822
2489510156.25,-13.10584
2489510312.5,-13.10316
2489510468.75,-13.10068
2489510625.0,-13.09792
2489510781.25,-13.09473
2489510937.5,-13.09164
2489511093.75,-13.08909
2489511250.0,-13.08618
2489511406.25,-13.08269
2489511562.5,-13.07959
2489511718.75,-13.07677
2489511875.0,-13.07411
2489512031.25,-13.07087
2489512187.5,-13.06767
2489512343.75,-13.06561
2489512500.0,-13.0626
2489512656.25,-13.0618
2489512812.5,-13.05723
2489512968.75,-13.05359
2489513125.0,-13.05053
2489513281.25,-13.04731
2489513437.5,-13.04417
2489513593.75,-13.04159
2489513750.0,-13.03967
2489513906.25,-13.03576
2489514062.5,-13.03384
2489514218.75,-13.02981
2489514375.0,-13.02766
2489514531.25,-13.02441
2489514687.5,-13.0206
2489514843.75,-13.01869
2489515000.0,-13.01517
2489515156.25,-13.0128
2489515312.5,-13.00976
2489515468.75,-13.00646
2489515625.0,-13.00384
2489515781.25,-13.00168
2489515937.5,-12.99857
2489516093.75,-12.99518
2489516250.0,-12.99223
2489516406.25,-12.98999
2489516562.5,-12.98664
2489516718.75,-12.98423
2489516875.0,-12.98149
2489517031.25,-12.97739
2489517187.5,-12.97473
2489517343.75,-12.97223
2489517500.0,-12.96952
2489517656.25,-12.96581
2489517812.5,-12.9634
2489517968.75,-12.96114
2489518125.0,-12.95808
2489518281.25,-12.95468
2489518437.5,-12.9507
2489518593.75,-12.94798
2489518750.0,-12.9458
2489518906.25,-12.94312
2489519062.5,-12.93976
2489519218.75,-12.937
2489519375.0,-12.93463
2489519531.25,-12.93139
2489519687.5,-12.92757
2489519843.75,-12.92567
2489520000.0,-12.92231
2489520156.25,-12.91866
2489520312.5,-12.91657
2489520468.75,-12.91347
2489520625.0,-12.91055
2489520781.25,-12.90761
2489520937.5,-12.90437
2489521093.75,-12.90186
2489521250.0,-12.8977
2489521406.25,-12.8965
2489521562.5,-12.89353
2489521718.75,-12.89074
2489521875.0,-12.88932
2489522031.25,-12.88448
2489522187.5,-12.88189
2489522343.75,-12.87833
2489522500.0,-12.87512
2489522656.25,-12.87154
2489522812.5,-12.86978
2489522968.75,-12.86779
2489523125.0,-12.86372
2489523281.25,-12.86128
2489523437.5,-12.8584
2489523593.75,-12.85557
2489523750.0,-12.85131
2489523906.25,-12.84938
2489524062.5,-12.8461
2489524218.75,-12.84191
2489524375.0,-12.8399
2489524531.25,-12.83801
2489524687.5,-12.83424
2489524843.75,-12.83147
2489525000.0,-12.82846
2489525156.25,-12.82538
2489525312.5,-12.82211
2489525468.75,-12.82072
2489525625.0,-12.81739
2489525781.25,-12.81383
2489525937.5,-12.81172
2489526093.75,-12.80816
2489526250.0,-12.80454
2489526406.25,-12.80145
2489526562.5,-12.79792
2489526718.75,-12.79609
2489526875.0,-12.79336
2489527031.25,-12.79079
2489527187.5,-12.78786
2489527343.75,-12.7855
2489527500.0,-12.78172
2489527656.25,-12.77878
2489527812.5,-12.77492
2489527968.75,-12.77139
2489528125.0,-12.76977
2489528281.25,-12.76734
2489528437.5,-12.7631
2489528593.75,-12.76206
2489528750.0,-12.7582
2489528906.25,-12.75556
2489529062.5,-12.75152
2489529218.75,-12.74878
2489529375.0,-12.74648
2489529531.25,-12.74346
2489529687.5,-12.7412
2489529843.75,-12.73743
2489530000.0,-12.73376
2489530156.25,-12.73112
2489530312.5,-12.72786
2489530468.75,-12.72537
2489530625.0,-12.72204
2489530781.25,-12.71983
2489530937.5,-12.71741
2489531093.75,-12.71364
2489531250.0,-12.71099
2489531406.25,-12.70817
2489531562.5,-12.70477
2489531718.75,-12.70162
2489531875.0,-12.69914
2489532031.25,-12.69551
2489532187.5,-12.6931
2489532343.75,-12.69134
2489532500.0,-12.68756
2489532656.25,-12.68431
2489532812.5,-12.68068
2489532968.75,-12.67765
2489533125.0,-12.67685
2489533281.25,-12.67224
2489533437.5,-12.66897
2489533593.75,-12.66676
2489533750.0,-12.66432
2489533906.25,-12.66113
2489534062.5,-12.65706
2489534218.75,-12.65442
2489534375.0,-12.65192
2489534531.25,-12.6491
2489534687.5,-12.64611
2489534843.75,-12.6439
2489535000.0,-12.64142
2489535156.25,-12.63856
2489535312.5,-12.63391
2489535468.75,-12.63144
2489535625.0,-12.62838
2489535781.25,-12.62447
2489535937.5,-12.62238
2489536093.75,-12.61904
2489536250.0,-12.61714
2489536406.25,-12.61312
2489536562.5,-12.6118
2489536718.75,-12.60754
2489536875.0,-12.6045
2489537031.25,-12.59982
2489537187.5,-12.5989
2489537343.75,-12.59676
2489537500.0,-12.59314
2489537656.25,-12.59073
2489537812.5,-12.58815
2489537968.75,-12.58442
2489538125.0,-12.58063
2489538281.25,-12.5782
2489538437.5,-12.57417
2489538593.75,-12.57309
2489538750.0,-12.56948
2489538906.25,-12.56645
2489539062.5,-12.56444
2489539218.75,-12.56093
2489539375.0,-12.55734
2489539531.25,-12.55447
2489539687.5,-12.55069
2489539843.75,-12.54788
2489540000.0,-12.54515
2489540156.25,-12.54305
2489540312.5,-12.54112
2489540468.75,-12.53719
2489540625.0,-12.53388
2489540781.25,-12.53016
2489540937.5,-12.52851
2489541093.75,-12.52439
2489541250.0,-12.52295
2489541406.25,-12.51943
2489541562.5,-12.51724
2489541718.75,-12.51422
2489541875.0,-12.51038
2489542031.25,-12.50695
2489542187.5,-12.5044
2489542343.75,-12.50172
2489542500.0,-12.49837
2489542656.25,-12.49586
2489542812.5,-12.49366
2489542968.75,-12.49035
2489543125.0,-12.48684
2489543281.25,-12.4841
2489543437.5,-12.48044
2489543593.75,-12.47688
2489543750.0,-12.4747
2489543906.25,-12.47266
2489544062.5,-12.46863
2489544218.75,-12.46641
2489544375.0,-12.46337
2489544531.25,-12.45967
2489544687.5,-12.45609
2489544843.75,-12.45405
2489545000.0,-12.45037
2489545156.25,-12.44877
2489545312.5,-12.44528
2489545468.75,-12.44325
2489545625.0,-12.43935
2489545781.25,-12.43626
2489545937.5,-12.43349
2489546093.75,-12.42983
2489546250.0,-12.42697
2489546406.25,-12.42403
2489546562.5,-12.42156
2489546718.75,-12.41958
2489546875.0,-12.41598
2489547031.25,-12.41195
2489547187.5,-12.40957
2489547343.75,-12.40648
2489547500.0,-12.40256
2489547656.25,-12.40162
2489547812.5,-12.39752
2489547968.75,-12.39553
2489548125.0,-12.39265
2489548281.25,-12.38972
2489548437.5,-12.38638
2489548593.75,-12.38272
2489548750.0,-12.38054
2489548906.25,-12.37671
2489549062.5,-12.37455
2489549218.75,-12.37198
2489549375.0,-12.36904
2489549531.25,-12.36657
2489549687.5,-12.36304
2489549843.75,-12.36052
2489550000.0,-12.3559
2489550156.25,-12.35404
2489550312.5,-12.35114
2489550468.75,-12.348
2489550625.0,-12.34478
2489550781.25,-12.34303
2489550937.5,-12.33979
2489551093.75,-12.33528
2489551250.0,-12.33157
2489551406.25,-12.32912
2489551562.5,-12.32658
2489551718.75,-12.32509
2489551875.0,-12.32194
2489552031.25,-12.31963
2489552187.5,-12.31515
2489552343.75,-12.31264
2489552500.0,-12.30891
2489552656.25,-12.30553
2489552812.5,-12.30313
2489552968.75,-12.30045
2489553125.0,-12.29803
2489553281.25,-12.29505
2489553437.5,-12.29279
2489553593.75,-12.28843
2489553750.0,-12.2854
2489553906.25,-12.28222
2489554062.5,-12.27865
2489554218.75,-12.2772
2489554375.0,-12.27375
2489554531.25,-12.27131
2489554687.5,-12.26851
2489554843.75,-12.26516
2489555000.0,-12.26186
2489555156.25,-12.25773
2489555312.5,-12.25522
2489555468.75,-12.25345
2489555625.0,-12.25039
2489555781.25,-12.24812
2489555937.5,-12.24591
2489556093.75,-12.24083
2489556250.0,-12.23792
2489556406.25,-12.23533
2489556562.5,-12.23147
2489556718.75,-12.22985
2489556875.0,-12.22663
2489557031.25,-12.22332
2489557187.5,-12.22102
2489557343.75,-12.21837
2489557500.0,-12.21511
2489557656.25,-12.21146
2489557812.5,-12.20843
2489557968.75,-12.2052
2489558125.0,-12.20246
2489558281.25,-12.19948
2489558437.5,-12.19696
2489558593.75,-12.19424
2489558750.0,-12.19087
2489558906.25,-12.18829
2489559062.5,-12.18438
2489559218.75,-12.18183
2489559375.0,-12.17952
2489559531.25,-12.17534
2489559687.5,-12.17349
2489559843.75,-12.17147
2489560000.0,-12.16667
2489560156.25,-12.16439
2489560312.5,-12.16064
2489560468.75,-12.15784
2489560625.0,-12.15448
2489560781.25,-12.15191
2489560937.5,-12.15
2489561093.75,-12.14665
2489561250.0,-12.14348
2489561406.25,-12.1403
2489561562.5,-12.13672
2489561718.75,-12.13364
2489561875.0,-12.13095
2489562031.25,-12.12808
2489562187.5,-12.1263
2489562343.75,-12.12371
2489562500.0,-12.1194
2489562656.25,-12.11746
2489562812.5,-12.11326
2489562968.75,-12.11002
2489563125.0,-12.10733
2489563281.25,-12.10475
2489563437.5,-12.10225
2489563593.75,-12.09973
2489563750.0,-12.09601
2489563906.25,-12.09351
2489564062.5,-12.08968
2489564218.75,-12.08688
2489564375.0,-12.0832
2489564531.25,-12.08053
2489564687.5,-12.07872
2489564843.75,-12.07641
2489565000.0,-12.07303
2489565156.25,-12.07044
2489565312.5,-12.06717
2489565468.75,-12.06308
2489565625.0,-12.06073
2489565781.25,-12.05732
2489565937.5,-12.05499
2489566093.75,-12.05187
2489566250.0,-12.05006
2489566406.25,-12.04574
2489566562.5,-12.0438
2489566718.75,-12.03997
2489566875.0,-12.03685
2489567031.25,-12.03309
2489567187.5,-12.03058
2489567343.75,-12.02925
2489567500.0,-12.02565
2489567656.25,-12.02283
2489567812.5,-12.0201
2489567968.75,-12.0161
2489568125.0,-12.0127
2489568281.25,-12.01023
2489568437.5,-12.00615
2489568593.75,-12.00485
2489568750.0,-12.00236
2489568906.25,-11.99996
2489569062.5,-11.99567
2489569218.75,-11.99345
2489569375.0,-11.99009
2489569531.25,-11.98705
2489569687.5,-11.98311
2489569843.75,-11.98031
2489570000.0,-11.97827
2489570156.25,-11.97528
2489570312.5,-11.97334
2489570468.75,-11.96953
2489570625.0,-11.96705
2489570781.25,-11.96271
2489570937.5,-11.95995
2489571093.75,-11.9568
2489571250.0,-11.95481
2489571406.25,-11.95253
2489571562.5,-11.94902
2489571718.75,-11.94676
2489571875.0,-11.94289
2489572031.25,-11.93921
2489572187.5,-11.93707
2489572343.75,-11.93304
2489572500.0,-11.93042
2489572656.25,-11.9291
2489572812.5,-11.92523
2489572968.75,-11.92279
2489573125.0,-11.9183
2489573281.25,-11.91568
2489573437.5,-11.91231
2489573593.75,-11.90992
2489573750.0,-11.90776
2489573906.25,-11.90455
2489574062.5,-11.90214
2489574218.75,-11.89887
2489574375.0,-11.89555
2489574531.25,-11.89229
2489574687.5,-11.88957
2489574843.75,-11.88633
2489575000.0,-11.88366
2489575156.25,-11.8809
2489575312.5,-11.87756
2489575468.75,-11.87541
2489575625.0,-11.87167
2489575781.25,-11.86825
2489575937.5,-11.86696
2489576093.75,-11.86254
2489576250.0,-11.85881
2489576406.25,-11.85804
2489576562.5,-11.85385
2489576718.75,-11.85179
2489576875.0,-11.84973
2489577031.25,-11.84514
2489577187.5,-11.84345
2489577343.75,-11.83991
2489577500.0,-11.83639
2489577656.25,-11.83304
2489577812.5,-11.83036
2489577968.75,-11.82865
2489578125.0,-11.82574
2489578281.25,-11.8222
2489578437.5,-11.81851
2489578593.75,-11.81483
2489578750.0,-11.81322
2489578906.25,-11.80999
2489579062.5,-11.80691
2489579218.75,-11.80458
2489579375.0,-11.80122
2489579531.25,-11.79919
2489579687.5,-11.79528
2489579843.75,-11.79236
2489580000.0,-11.78956
2489580156.25,-11.78652
2489580312.5,-11.7833
2489580468.75,-11.78184
2489580625.0,-11.77815
2489580781.25,-11.77562
2489580937.5,-11.77192
2489581093.75,-11.76909
2489581250.0,-11.76556
2489581406.25,-11.76215
2489581562.5,-11.76053
2489581718.75,-11.75751
2489581875.0,-11.75421
2489582031.25,-11.75101
2489582187.5,-11.74791
2489582343.75,-11.74495
2489582500.0,-11.7428
2489582656.25,-11.73899
2489582812.5,-11.73604
2489582968.75,-11.73391
2489583125.0,-11.73126
2489583281.25,-11.72777
2489583437.5,-11.72559
2489583593.75,-11.72239
2489583750.0,-11.7184
2489583906.25,-11.71639
2489584062.5,-11.71319
2489584218.75,-11.71042
2489584375.0,-11.70828
2489584531.25,-11.70428
2489584687.5,-11.70104
2489584843.75,-11.69856
2489585000.0,-11.69571
2489585156.25,-11.69244
2489585312.5,-11.69004
2489585468.75,-11.686
2489585625.0,-11.68359
2489585781.25,-11.68054
2489585937.5,-11.67706
2489586093.75,-11.67519
2489586250.0,-11.6718
2489586406.25,-11.66875
2489586562.5,-11.66556
2489586718.75,-11.66281
2489586875.0,-11.6593
2489587031.25,-11.65682
2489587187.5,-11.65476
2489587343.75,-11.65147
2489587500.0,-11.64867
2489587656.25,-11.64516
2489587812.5,-11.64191
2489587968.75,-11.6403
2489588125.0,-11.63738
2489588281.25,-11.63471
2489588437.5,-11.63069
2489588593.75,-11.62704
2489588750.0,-11.62537
2489588906.25,-11.62236
2489589062.5,-11.61978
2489589218.75,-11.61624
2489589375.0,-11.61251
2489589531.25,-11.6107
2489589687.5,-11.60708
2489589843.75,-11.60459
2489590000.0,-11.60205
2489590156.25,-11.59916
2489590312.5,-11.59623
2489590468.75,-11.59279
2489590625.0,-11.59056
2489590781.25,-11.58749
2489590937.5,-11.58451
2489591093.75,-11.58144
2489591250.0,-11.57864
2489591406.25,-11.57513
2489591562.5,-11.5722
2489591718.75,-11.56978
2489591875.0,-11.5668
2489592031.25,-11.56454
2489592187.5,-11.56167
2489592343.75,-11.55854
2489592500.0,-11.55519
2489592656.25,-11.55254
2489592812.5,-11.54864
2489592968.75,-11.54568
2489593125.0,-11.54368
2489593281.25,-11.54062
2489593437.5,-11.53609
2489593593.75,-11.53437
2489593750.0,-11.53222
2489593906.25,-11.52949
2489594062.5,-11.52548
2489594218.75,-11.52262
2489594375.0,-11.51911
2489594531.25,-11.5169
2489594687.5,-11.514
2489594843.75,-11.51235
2489595000.0,-11.50865
2489595156.25,-11.50595
2489595312.5,-11.50256
2489595468.75,-11.49985
2489595625.0,-11.4961
2489595781.25,-11.49456
2489595937.5,-11.49032
2489596093.75,-11.48712
2489596250.0,-11.48477
2489596406.25,-11.48203
2489596562.5,-11.47953
2489596718.75,-11.4761
2489596875.0,-11.47351
2489597031.25,-11.47045
2489597187.5,-11.4677
2489597343.75,-11.46515
2489597500.0,-11.46244
2489597656.25,-11.45917
2489597812.5,-11.45663
2489597968.75,-11.45321
2489598125.0,-11.44956
2489598281.25,-11.44746
2489598437.5,-11.44395
2489598593.75,-11.44113
2489598750.0,-11.43824
2489598906.25,-11.43643
2489599062.5,-11.43302
2489599218.75,-11.43101
2489599375.0,-11.42707
2489599531.25,-11.42386
2489599687.5,-11.42125
2489599843.75,-11.41864
2489600000.0,-11.41643
2489600156.25,-11.41335
2489600312.5,-11.4095
2489600468.75,-11.40619
2489600625.0,-11.4044
2489600781.25,-11.40102
2489600937.5,-11.39774
2489601093.75,-11.39604
2489601250.0,-11.3925
2489601406.25,-11.39082
2489601562.5,-11.38734
2489601718.75,-11.38427
2489601875.0,-11.38036
2489602031.25,-11.37736
2489602187.5,-11.37382
2489602343.75,-11.37198
2489602500.0,-11.36941
2489602656.25,-11.36658
2489602812.5,-11.36347
2489602968.75,-11.36128
2489603125.0,-11.35836
2489603281.25,-11.35452
2489603437.5,-11.35128
2489603593.75,-11.34958
2489603750.0,-11.34666
2489603906.25,-11.3439
2489604062.5,-11.34117
2489604218.75,-11.33833
2489604375.0,-11.33522
2489604531.25,-11.33127
2489604687.5,-11.32962
2489604843.75,-11.32576
2489605000.0,-11.32441
2489605156.25,-11.32089
2489605312.5,-11.31866
2489605468.75,-11.31656
2489605625.0,-11.3121
2489605781.25,-11.30978
2489605937.5,-11.30621
2489606093.75,-11.30297
2489606250.0,-11.30026
2489606406.25,-11.29756
2489606562.5,-11.29473
2489606718.75,-11.29235
2489606875.0,-11.28951
2489607031.25,-11.28666
2489607187.5,-11.28287
2489607343.75,-11.28015
2489607500.0,-11.27788
2489607656.25,-11.27549
2489607812.5,-11.27176
2489607968.75,-11.26885
2489608125.0,-11.26688
2489608281.25,-11.26311
2489608437.5,-11.25931
2489608593.75,-11.25727
2489608750.0,-11.25465
2489608906.25,-11.25162
2489609062.5,-11.24832
2489609218.75,-11.24719
2489609375.0,-11.24349
2489609531.25,-11.24054
2489609687.5,-11.23763
2489609843.75,-11.23492
2489610000.0,-11.23108
2489610156.25,-11.22935
2489610312.5,-11.22634
2489610468.75,-11.22373
2489610625.0,-11.22117
2489610781.25,-11.21841
2489610937.5,-11.2157
2489611093.75,-11.21145
2489611250.0,-11.20882
2489611406.25,-11.20642
2489611562.5,-11.20317
2489611718.75,-11.20056
2489611875.0,-11.19698
2489612031.25,-11.19389
2489612187.5,-11.19212
2489612343.75,-11.18925
2489612500.0,-11.18523
2489612656.25,-11.18364
2489612812.5,-11.18017
2489612968.75,-11.17733
2489613125.0,-11.17459
2489613281.25,-11.17192
2489613437.5,-11.16947
2489613593.75,-11.16637
2489613750.0,-11.16386
2489613906.25,-11.15952
2489614062.5,-11.15819
2489614218.75,-11.15482
2489614375.0,-11.15257
2489614531.25,-11.14916
2489614687.5,-11.14675
2489614843.75,-11.14411
2489615000.0,-11.14006
2489615156.25,-11.13909
2489615312.5,-11.13506
2489615468.75,-11.13235
2489615625.0,-11.13043
2489615781.25,-11.12671
2489615937.5,-11.12431
2489616093.75,-11.12216
2489616250.0,-11.1183
2489616406.25,-11.11646
2489616562.5,-11.11226
2489616718.75,-11.10954
2489616875.0,-11.10728
2489617031.25,-11.10441
2489617187.5,-11.10151
2489617343.75,-11.09909
2489617500.0,-11.09582
2489617656.25,-11.09251
2489617812.5,-11.09115
2489617968.75,-11.08656
2489618125.0,-11.08464
2489618281.25,-11.08252
2489618437.5,-11.07894
2489618593.75,-11.07642
2489618750.0,-11.07303
2489618906.25,-11.07021
2489619062.5,-11.06729
2489619218.75,-11.06553
2489619375.0,-11.06299
2489619531.25,-11.06015
2489619687.5,-11.0568
2489619843.75,-11.05438
2489620000.0,-11.05068
2489620156.25,-11.04781
2489620312.5,-11.04491
2489620468.75,-11.04115
2489620625.0,-11.03998
2489620781.25,-11.03726
2489620937.5,-11.03442
2489621093.75,-11.03194
2489621250.0,-11.02967
2489621406.25,-11.02556
2489621562.5,-11.02236
2489621718.75,-11.0199
2489621875.0,-11.01692
2489622031.25,-11.01353
2489622187.5,-11.01236
2489622343.75,-11.00833
2489622500.0,-11.00584
2489622656.25,-11.00285
2489622812.5,-11.00036
2489622968.75,-10.99745
2489623125.0,-10.99431
2489623281.25,-10.99293
2489623437.5,-10.98872
2489623593.75,-10.98697
2489623750.0,-10.98468
2489623906.25,-10.98166
2489624062.5,-10.97719
2489624218.75,-10.97501
2489624375.0,-10.97261
2489624531.25,-10.97028
2489624687.5,-10.96637
2489624843.75,-10.96453
2489625000.0,-10.96195
2489625156.25,-10.95857
2489625312.5,-10.955
2489625468.75,-10.95322
2489625625.0,-10.95053
2489625781.25,-10.94721
2489625937.5,-10.94454
2489626093.75,-10.94247
2489626250.0,-10.93982
2489626406.25,-10.93645
2489626562.5,-10.93286
2489626718.75,-10.93091
2489626875.0,-10.92844
2489627031.25,-10.92584
2489627187.5,-10.92229
2489627343.75,-10.91941
2489627500.0,-10.9174
2489627656.25,-10.91584
2489627812.5,-10.91267
2489627968.75,-10.90875
2489628125.0,-10.90629
2489628281.25,-10.90348
2489628437.5,-10.90093
2489628593.75,-10.89795
2489628750.0,-10.8943
2489628906.25,-10.89249
2489629062.5,-10.88993
2489629218.75,-10.88681
2489629375.0,-10.88373
2489629531.25,-10.88065
2489629687.5,-10.8783
2489629843.75,-10.87537
2489630000.0,-10.87337
2489630156.25,-10.87057
2489630312.5,-10.8681
2489630468.75,-10.86449
2489630625.0,-10.86175
2489630781.25,-10.8589
2489630937.5,-10.85744
2489631093.75,-10.85461
2489631250.0,-10.85145
2489631406.25,-10.84909
2489631562.5,-10.84586
2489631718.75,-10.84336
2489631875.0,-10.83961
2489632031.25,-10.83783
2489632187.5,-10.83393
2489632343.75,-10.83164
2489632500.0,-10.829
2489632656.25,-10.82614
2489632812.5,-10.82318
2489632968.75,-10.82193
2489633125.0,-10.81836
2489633281.25,-10.81545
2489633437.5,-10.81307
2489633593.75,-10.80938
2489633750.0,-10.80749
2489633906.25,-10.80561
2489634062.5,-10.8019
2489634218.75,-10.79898
2489634375.0,-10.79628
2489634531.25,-10.79364
2489634687.5,-10.79062
2489634843.75,-10.78809
2489635000.0,-10.78478
2489635156.25,-10.78252
2489635312.5,-10.78072
2489635468.75,-10.7781
2489635625.0,-10.77554
2489635781.25,-10.77257
2489635937.5,-10.76921
2489636093.75,-10.76607
2489636250.0,-10.76375
2489636406.25,-10.76053
2489636562.5,-10.75962
2489636718.75,-10.75703
2489636875.0,-10.75314
2489637031.25,-10.75045
2489637187.5,-10.74815
2489637343.75,-10.74522
2489637500.0,-10.74164
2489637656.25,-10.7392
2489637812.5,-10.73766
2489637968.75,-10.73481
2489638125.0,-10.73175
2489638281.25,-10.72992
2489638437.5,-10.72634
2489638593.75,-10.72265
2489638750.0,-10.71959
2489638906.25,-10.71737
2489639062.5,-10.71486
2489639218.75,-10.71367
2489639375.0,-10.71048
2489639531.25,-10.70711
2489639687.5,-10.70433
2489639843.75,-10.70345
2489640000.0,-10.69887
2489640156.25,-10.69572
2489640312.5,-10.69332
2489640468.75,-10.69127
2489640625.0,-10.68976
2489640781.25,-10.68676
2489640937.5,-10.68323
2489641093.75,-10.68099
2489641250.0,-10.67742
2489641406.25,-10.67472
2489641562.5,-10.67203
2489641718.75,-10.66989
2489641875.0,-10.66858
2489642031.25,-10.66575
2489642187.5,-10.66323
2489642343.75,-10.65846
2489642500.0,-10.65594
2489642656.25,-10.65354
2489642812.5,-10.65076
2489642968.75,-10.64866
2489643125.0,-10.64706
2489643281.25,-10.64353
2489643437.5,-10.64063
2489643593.75,-10.63772
2489643750.0,-10.63522
2489643906.25,-10.63277
2489644062.5,-10.63001
2489644218.75,-10.6284
2489644375.0,-10.62534
2489644531.25,-10.62275
2489644687.5,-10.61907
2489644843.75,-10.6176
2489645000.0,-10.61438
2489645156.25,-10.61107
2489645312.5,-10.60863
2489645468.75,-10.60682
2489645625.0,-10.60413
2489645781.25,-10.60164
2489645937.5,-10.59932
2489646093.75,-10.59603
2489646250.0,-10.59254
2489646406.25,-10.59042
2489646562.5,-10.58889
2489646718.75,-10.58504
2489646875.0,-10.58316
2489647031.25,-10.58046
2489647187.5,-10.57757
2489647343.75,-10.57543
2489647500.0,-10.5728
2489647656.25,-10.57007
2489647812.5,-10.56727
2489647968.75,-10.56476
2489648125.0,-10.56322
2489648281.25,-10.55953
2489648437.5,-10.55722
2489648593.75,-10.55399
2489648750.0,-10.55194
2489648906.25,-10.54927
2489649062.5,-10.54635
2489649218.75,-10.54508
2489649375.0,-10.54065
2489649531.25,-10.53861
2489649687.5,-10.53649
2489649843.75,-10.53337
2489650000.0,-10.53112
2489650156.25,-10.52806
2489650312.5,-10.52495
2489650468.75,-10.52336
2489650625.0,-10.52055
2489650781.25,-10.51701
2489650937.5,-10.51672
2489651093.75,-10.51281
2489651250.0,-10.5104
2489651406.25,-10.50816
2489651562.5,-10.50465
2489651718.75,-10.50189
2489651875.0,-10.49974
2489652031.25,-10.49677
2489652187.5,-10.49501
2489652343.75,-10.49272
2489652500.0,-10.48982
2489652656.25,-10.48696
2489652812.5,-10.48545
2489652968.75,-10.48141
2489653125.0,-10.47911
2489653281.25,-10.47645
2489653437.5,-10.47486
2489653593.75,-10.47234
2489653750.0,-10.46976
2489653906.25,-10.46754
2489654062.5,-10.46368
2489654218.75,-10.46189
2489654375.0,-10.45944
2489654531.25,-10.4564
2489654687.5,-10.45465
2489654843.75,-10.45194
2489655000.0,-10.44941
2489655156.25,-10.44653
2489655312.5,-10.44414
2489655468.75,-10.44022
2489655625.0,-10.43775
2489655781.25,-10.43579
2489655937.5,-10.43403
2489656093.75,-10.43136
2489656250.0,-10.42896
2489656406.25,-10.42717
2489656562.5,-10.42401
2489656718.75,-10.42142
2489656875.0,-10.41857
2489657031.25,-10.4151
2489657187.5,-10.41336
2489657343.75,-10.41049
2489657500.0,-10.40864
2489657656.25,-10.40623
2489657812.5,-10.4039
2489657968.75,-10.4003
2489658125.0,-10.39829
2489658281.25,-10.39615
2489658437.5,-10.3927
2489658593.75,-10.391
2489658750.0,-10.38871
2489658906.25,-10.38553
2489659062.5,-10.38346
2489659218.75,-10.38037
2489659375.0,-10.37823
2489659531.25,-10.37524
2489659687.5,-10.37244
2489659843.75,-10.37059
2489660000.0,-10.36819
2489660156.25,-10.36671
2489660312.5,-10.36323
2489660468.75,-10.36048
2489660625.0,-10.35798
2489660781.25,-10.35614
2489660937.5,-10.35309
2489661093.75,-10.35043
2489661250.0,-10.34823
2489661406.25,-10.34616
2489661562.5,-10.34391
2489661718.75,-10.34143
2489661875.0,-10.33872
2489662031.25,-10.33526
2489662187.5,-10.3331
2489662343.75,-10.33127
2489662500.0,-10.3281
2489662656.25,-10.32649
2489662812.5,-10.32381
2489662968.75,-10.32175
2489663125.0,-10.31883
2489663281.25,-10.31577
2489663437.5,-10.31353
2489663593.75,-10.31088
2489663750.0,-10.30979
2489663906.25,-10.3065
2489664062.5,-10.3049
2489664218.75,-10.30206
2489664375.0,-10.2992
2489664531.25,-10.29658
2489664687.5,-10.29376
2489664843.75,-10.29208
2489665000.0,-10.28952
2489665156.25,-10.28717
2489665312.5,-10.28503
2489665468.75,-10.28294
2489665625.0,-10.27975
2489665781.25,-10.27717
2489665937.5,-10.27402
2489666093.75,-10.27207
2489666250.0,-10.26972
2489666406.25,-10.26742
2489666562.5,-10.26573
2489666718.75,-10.26341
2489666875.0,-10.26074
2489667031.25,-10.2583
2489667187.5,-10.25505
2489667343.75,-10.25304
2489667500.0,-10.25052
2489667656.25,-10.24814
2489667812.5,-10.24672
2489667968.75,-10.24394
2489668125.0,-10.24222
2489668281.25,-10.23879
2489668437.5,-10.23671
2489668593.75,-10.23408
2489668750.0,-10.23067
2489668906.25,-10.2302
2489669062.5,-10.22664
2489669218.75,-10.22524
2489669375.0,-10.22223
2489669531.25,-10.21987
2489669687.5,-10.21719
2489669843.75,-10.21365
2489670000.0,-10.21172
2489670156.25,-10.21024
2489670312.5,-10.20807
2489670468.75,-10.20505
2489670625.0,-10.2026
2489670781.25,-10.20091
2489670937.5,-10.19876
2489671093.75,-10.1968
2489671250.0,-10.19363
2489671406.25,-10.1906
2489671562.5,-10.18898
2489671718.75,-10.18628
2489671875.0,-10.18462
2489672031.25,-10.18244
2489672187.5,-10.18009
2489672343.75,-10.17734
2489672500.0,-10.17496
2489672656.25,-10.17252
2489672812.5,-10.17083
2489672968.75,-10.16788
2489673125.0,-10.16551
2489673281.25,-10.1633
2489673437.5,-10.16139
2489673593.75,-10.1585
2489673750.0,-10.15607
2489673906.25,-10.15332
2489674062.5,-10.15174
2489674218.75,-10.14964
2489674375.0,-10.14735
2489674531.25,-10.14441
2489674687.5,-10.14247
2489674843.75,-10.14055
2489675000.0,-10.13797
2489675156.25,-10.13519
2489675312.5,-10.13303
2489675468.75,-10.13064
2489675625.0,-10.12927
2489675781.25,-10.12663
2489675937.5,-10.12391
2489676093.75,-10.12205
2489676250.0,-10.11924
2489676406.25,-10.11634
2489676562.5,-10.114
2489676718.75,-10.11184
2489676875.0,-10.11068
2489677031.25,-10.10832
2489677187.5,-10.10598
2489677343.75,-10.10351
2489677500.0,-10.10138
2489677656.25,-10.09812
2489677812.5,-10.09573
2489677968.75,-10.09446
2489678125.0,-10.09232
2489678281.25,-10.08987
2489678437.5,-10.08753
2489678593.75,-10.08567
2489678750.0,-10.08234
2489678906.25,-10.07976
2489679062.5,-10.07797
2489679218.75,-10.07517
2489679375.0,-10.07407
2489679531.25,-10.07128
2489679687.5,-10.06928
2489679843.75,-10.0677
2489680000.0,-10.0652
2489680156.25,-10.06227
2489680312.5,-10.0593
2489680468.75,-10.0574
2489680625.0,-10.05534
2489680781.25,-10.05284
2489680937.5,-10.0521
2489681093.75,-10.05035
2489681250.0,-10.04727
2489681406.25,-10.04464
2489681562.5,-10.04321
2489681718.75,-10.04049
2489681875.0,-10.03802
2489682031.25,-10.03492
2489682187.5,-10.03393
2489682343.75,-10.03127
2489682500.0,-10.02992
2489682656.25,-10.02739
2489682812.5,-10.02475
2489682968.75,-10.0218
2489683125.0,-10.01972
2489683281.25,-10.01794
2489683437.5,-10.01681
2489683593.75,-10.01392
2489683750.0,-10.01169
2489683906.25,-10.00892
2489684062.5,-10.00704
2489684218.75,-10.00469
2489684375.0,-10.00237
2489684531.25,-10.00045
2489684687.5,-9.998182
2489684843.75,-9.996812
2489685000.0,-9.994523
2489685156.25,-9.992205
2489685312.5,-9.990108
2489685468.75,-9.987907
2489685625.0,-9.984605
2489685781.25,-9.981997
2489685937.5,-9.981063
2489686093.75,-9.979604
2489686250.0,-9.976766
2489686406.25,-9.975066
2489686562.5,-9.972488
2489686718.75,-9.970491
2489686875.0,-9.967536
2489687031.25,-9.966076
2489687187.5,-9.963404
2489687343.75,-9.961709
2489687500.0,-9.959586
2489687656.25,-9.958348
2489687812.5,-9.955482
2489687968.75,-9.952797
2489688125.0,-9.95071
2489688281.25,-9.948864
2489688437.5,-9.947058
2489688593.75,-9.944618
2489688750.0,-9.943252
2489688906.25,-9.940386
2489689062.5,-9.93914
2489689218.75,-9.935975
2489689375.0,-9.933323
2489689531.25,-9.932041
2489689687.5,-9.929977
2489689843.75,-9.927445
2489690000.0,-9.925726
2489690156.25,-9.923636
2489690312.5,-9.921594
2489690468.75,-9.919307
2489690625.0,-9.916701
2489690781.25,-9.914883
2489690937.5,-9.912494
2489691093.75,-9.911217
2489691250.0,-9.909179
2489691406.25,-9.906809
2489691562.5,-9.905059
2489691718.75,-9.903091
2489691875.0,-9.900496
2489692031.25,-9.898703
2489692187.5,-9.896105
2489692343.75,-9.894652
2489692500.0,-9.891996
2489692656.25,-9.890651
2489692812.5,-9.889132
2489692968.75,-9.886796
2489693125.0,-9.884741
2489693281.25,-9.881959
2489693437.5,-9.88055
2489693593.75,-9.877263
2489693750.0,-9.876453
2489693906.25,-9.87356
2489694062.5,-9.872636
2489694218.75,-9.86996
2489694375.0,-9.86752
2489694531.25,-9.86592
2489694687.5,-9.863508
2489694843.75,-9.861663
2489695000.0,-9.860134
2489695156.25,-9.858239
2489695312.5,-9.855331
2489695468.75,-9.853267
2489695625.0,-9.8522
2489695781.25,-9.850306
2489695937.5,-9.847459
2489696093.75,-9.844448
2489696250.0,-9.843629
2489696406.25,-9.84173
2489696562.5,-9.839829
2489696718.75,-9.837633
2489696875.0,-9.835488
2489697031.25,-9.833562
2489697187.5,-9.83107
2489697343.75,-9.82911
2489697500.0,-9.826921
2489697656.25,-9.825058
2489697812.5,-9.824018
2489697968.75,-9.82111
2489698125.0,-9.819284
2489698281.25,-9.818563
2489698437.5,-9.816116
2489698593.75,-9.814098
2489698750.0,-9.811744
2489698906.25,-9.809563
2489699062.5,-9.808161
2489699218.75,-9.805894
2489699375.0,-9.804156
2489699531.25,-9.801722
2489699687.5,-9.799976
2489699843.75,-9.798345
2489700000.0,-9.796428
2489700156.25,-9.793489
2489700312.5,-9.791098
2489700468.75,-9.789955
2489700625.0,-9.787486
2489700781.25,-9.786579
2489700937.5,-9.783756
2489701093.75,-9.782593
2489701250.0,-9.780314
2489701406.25,-9.778547
2489701562.5,-9.776824
2489701718.75,-9.775213
2489701875.0,-9.77312
2489702031.25,-9.770856
2489702187.5,-9.768617
2489702343.75,-9.767536
2489702500.0,-9.765453
2489702656.25,-9.763007
2489702812.5,-9.762333
2489702968.75,-9.760613
2489703125.0,-9.758791
2489703281.25,-9.757082
2489703437.5,-9.754014
2489703593.75,-9.752679
2489703750.0,-9.750396
2489703906.25,-9.748384
2489704062.5,-9.747302
2489704218.75,-9.744817
2489704375.0,-9.743412
2489704531.25,-9.741445
2489704687.5,-9.74011
2489704843.75,-9.737247
2489705000.0,-9.735128
2489705156.25,-9.733558
2489705312.5,-9.732246
2489705468.75,-9.730678
2489705625.0,-9.728587
2489705781.25,-9.727037
2489705937.5,-9.724973
2489706093.75,-9.722935
2489706250.0,-9.721506
2489706406.25,-9.718597
2489706562.5,-9.716607
2489706718.75,-9.715216
2489706875.0,-9.713826
2489707031.25,-9.711329
2489707187.5,-9.71
2489707343.75,-9.707433
2489707500.0,-9.705999
2489707656.25,-9.704924
2489707812.5,-9.702359
2489707968.75,-9.700647
2489708125.0,-9.7002
2489708281.25,-9.698094
2489708437.5,-9.695852
2489708593.75,-9.693334
2489708750.0,-9.692379
2489708906.25,-9.690752
2489709062.5,-9.688711
2489709218.75,-9.687017
2489709375.0,-9.684468
2489709531.25,-9.683398
2489709687.5,-9.680944
2489709843.75,-9.679597
2489710000.0,-9.677261
2489710156.25,-9.676123
2489710312.5,-9.6748
2489710468.75,-9.67272
2489710625.0,-9.670259
2489710781.25,-9.669127
2489710937.5,-9.666865
2489711093.75,-9.665085
2489711250.0,-9.664458
2489711406.25,-9.661909
2489711562.5,-9.660553
2489711718.75,-9.658428
2489711875.0,-9.656535
2489712031.25,-9.65485
2489712187.5,-9.653574
2489712343.75,-9.651495
2489712500.0,-9.64978
2489712656.25,-9.649371
2489712812.5,-9.646576
2489712968.75,-9.644789
2489713125.0,-9.643122
2489713281.25,-9.641492
2489713437.5,-9.639908
2489713593.75,-9.639204
2489713750.0,-9.636308
2489713906.25,-9.635661
2489714062.5,-9.633083
2489714218.75,-9.631716
2489714375.0,-9.629712
2489714531.25,-9.627997
2489714687.5,-9.626115
2489714843.75,-9.624417
2489715000.0,-9.622972
2489715156.25,-9.622093
2489715312.5,-9.620667
2489715468.75,-9.617928
2489715625.0,-9.616556
2489715781.25,-9.615021
2489715937.5,-9.613169
2489716093.75,-9.611675
2489716250.0,-9.610337
2489716406.25,-9.608268
2489716562.5,-9.607125
2489716718.75,-9.6052
2489716875.0,-9.603515
2489717031.25,-9.601762
2489717187.5,-9.600419
2489717343.75,-9.598944
2489717500.0,-9.597849
2489717656.25,-9.595402
2489717812.5,-9.593994
2489717968.75,-9.591224
2489718125.0,-9.58988
2489718281.25,-9.588611
2489718437.5,-9.587492
2489718593.75,-9.585709
2489718750.0,-9.584156
2489718906.25,-9.582127
2489719062.5,-9.581884
2489719218.75,-9.578456
2489719375.0,-9.577744
2489719531.25,-9.575921
2489719687.5,-9.575433
2489719843.75,-9.572373
2489720000.0,-9.571557
2489720156.25,-9.569677
2489720312.5,-9.567531
2489720468.75,-9.566693
2489720625.0,-9.564956
2489720781.25,-9.564034
2489720937.5,-9.561643
2489721093.75,-9.560756
2489721250.0,-9.559203
2489721406.25,-9.557107
2489721562.5,-9.555623
2489721718.75,-9.554172
2489721875.0,-9.553605
2489722031.25,-9.551061
2489722187.5,-9.550992
2489722343.75,-9.548274
2489722500.0,-9.547322
2489722656.25,-9.545993
2489722812.5,-9.543372
2489722968.75,-9.542304
2489723125.0,-9.541097
2489723281.25,-9.539022
2489723437.5,-9.537263
2489723593.75,-9.535872
2489723750.0,-9.535182
2489723906.25,-9.533154
2489724062.5,-9.532927
2489724218.75,-9.530818
2489724375.0,-9.529662
2489724531.25,-9.527953
2489724687.5,-9.526198
2489724843.75,-9.524504
2489725000.0,-9.522999
2489725156.25,-9.522818
2489725312.5,-9.521098
2489725468.75,-9.518718
2489725625.0,-9.517982
2489725781.25,-9.516654
2489725937.5,-9.514947
2489726093.75,-9.512933
2489726250.0,-9.51219
2489726406.25,-9.510319
2489726562.5,-9.508182
2489726718.75,-9.507361
2489726875.0,-9.505527
2489727031.25,-9.503477
2489727187.5,-9.502607
2489727343.75,-9.501496
2489727500.0,-9.500659
2489727656.25,-9.498315
2489727812.5,-9.497115
2489727968.75,-9.495329
2489728125.0,-9.49511
2489728281.25,-9.493459
2489728437.5,-9.491831
2489728593.75,-9.489726
2489728750.0,-9.489178
2489728906.25,-9.487989
2489729062.5,-9.485836
2489729218.75,-9.485969
2489729375.0,-9.4834
2489729531.25,-9.481578
2489729687.5,-9.48065
2489729843.75,-9.479294
2489730000.0,-9.47845
2489730156.25,-9.476851
2489730312.5,-9.47559
2489730468.75,-9.47288
2489730625.0,-9.473109
2489730781.25,-9.471002
2489730937.5,-9.469956
2489731093.75,-9.468592
2489731250.0,-9.467117
2489731406.25,-9.465877
2489731562.5,-9.464737
2489731718.75,-9.463367
2489731875.0,-9.463508
2489732031.25,-9.461214
2489732187.5,-9.458983
2489732343.75,-9.457102
2489732500.0,-9.455945
2489732656.25,-9.455716
2489732812.5,-9.454892
2489732968.75,-9.452032
2489733125.0,-9.451346
2489733281.25,-9.450149
2489733437.5,-9.449235
2489733593.75,-9.447297
2489733750.0,-9.445685
2489733906.25,-9.445452
2489734062.5,-9.443518
2489734218.75,-9.442544
2489734375.0,-9.441137
2489734531.25,-9.440696
2489734687.5,-9.439238
2489734843.75,-9.439301
2489735000.0,-9.436824
2489735156.25,-9.435637
2489735312.5,-9.433622
2489735468.75,-9.432924
2489735625.0,-9.431614
2489735781.25,-9.430142
2489735937.5,-9.428853
2489736093.75,-9.427764
2489736250.0,-9.426551
2489736406.25,-9.425203
2489736562.5,-9.424066
2489736718.75,-9.422679
2489736875.0,-9.421535
2489737031.25,-9.419976
2489737187.5,-9.419685
2489737343.75,-9.418359
2489737500.0,-9.416269
2489737656.25,-9.415389
2489737812.5,-9.414175
2489737968.75,-9.41331
2489738125.0,-9.412323
2489738281.25,-9.411379
2489738437.5,-9.410736
2489738593.75,-9.408653
2489738750.0,-9.4072
2489738906.25,-9.406384
2489739062.5,-9.405591
2489739218.75,-9.403785
2489739375.0,-9.402505
2489739531.25,-9.40186
2489739687.5,-9.400208
2489739843.75,-9.399632
2489740000.0,-9.398433
2489740156.25,-9.396498
2489740312.5,-9.396219
2489740468.75,-9.3943
2489740625.0,-9.394414
2489740781.25,-9.392157
2489740937.5,-9.392283
2489741093.75,-9.391595
2489741250.0,-9.38931
2489741406.25,-9.38798
2489741562.5,-9.386913
2489741718.75,-9.385714
2489741875.0,-9.384884
2489742031.25,-9.383923
2489742187.5,-9.382113
2489742343.75,-9.381902
2489742500.0,-9.381183
2489742656.25,-9.37913
2489742812.5,-9.37862
2489742968.75,-9.376843
2489743125.0,-9.376505
2489743281.25,-9.375939
2489743437.5,-9.374688
2489743593.75,-9.373652
2489743750.0,-9.373102
2489743906.25,-9.371711
2489744062.5,-9.37037
2489744218.75,-9.36935
2489744375.0,-9.367538
2489744531.25,-9.36693
2489744687.5,-9.366222
2489744843.75,-9.364956
2489745000.0,-9.364953
2489745156.25,-9.362804
2489745312.5,-9.361738
2489745468.75,-9.361585
2489745625.0,-9.359468
2489745781.25,-9.358198
2489745937.5,-9.358069
2489746093.75,-9.356477
2489746250.0,-9.356035
2489746406.25,-9.355126
2489746562.5,-9.35325
2489746718.75,-9.352613
2489746875.0,-9.351663
2489747031.25,-9.350999
2489747187.5,-9.350567
2489747343.75,-9.348358
2489747500.0,-9.34839
2489747656.25,-9.347206
2489747812.5,-9.346922
2489747968.75,-9.345526
2489748125.0,-9.344197
2489748281.25,-9.343297
2489748437.5,-9.342844
2489748593.75,-9.342248
2489748750.0,-9.340844
2489748906.25,-9.339926
2489749062.5,-9.33899
2489749218.75,-9.337601
2489749375.0,-9.336794
2489749531.25,-9.335999
2489749687.5,-9.335272
2489749843.75,-9.334019
2489750000.0,-9.332787
2489750156.25,-9.332973
2489750312.5,-9.332216
2489750468.75,-9.331147
2489750625.0,-9.329862
2489750781.25,-9.327812
2489750937.5,-9.328062
2489751093.75,-9.327023
2489751250.0,-9.325885
2489751406.25,-9.325271
2489751562.5,-9.324829
2489751718.75,-9.323331
2489751875.0,-9.322207
2489752031.25,-9.320936
2489752187.5,-9.319908
2489752343.75,-9.320559
2489752500.0,-9.319585
2489752656.25,-9.31838
2489752812.5,-9.317473
2489752968.75,-9.316295
2489753125.0,-9.316176
2489753281.25,-9.315733
2489753437.5,-9.314837
2489753593.75,-9.312954
2489753750.0,-9.312242
2489753906.25,-9.312175
2489754062.5,-9.310454
2489754218.75,-9.310369
2489754375.0,-9.309381
2489754531.25,-9.308566
2489754687.5,-9.307883
2489754843.75,-9.307332
2489755000.0,-9.306147
2489755156.25,-9.304769
2489755312.5,-9.305185
2489755468.75,-9.303503
2489755625.0,-9.303026
2489755781.25,-9.302156
2489755937.5,-9.301851
2489756093.75,-9.300319
2489756250.0,-9.30014
2489756406.25,-9.299722
2489756562.5,-9.29849
2489756718.75,-9.298175
2489756875.0,-9.297274
2489757031.25,-9.29645
2489757187.5,-9.296049
2489757343.75,-9.294691
2489757500.0,-9.29483
2489757656.25,-9.293115
2489757812.5,-9.292733
2489757968.75,-9.293155
2489758125.0,-9.292314
2489758281.25,-9.290901
2489758437.5,-9.290484
2489758593.75,-9.289431
2489758750.0,-9.289186
2489758906.25,-9.28846
2489759062.5,-9.287497
2489759218.75,-9.286704
2489759375.0,-9.286033
2489759531.25,-9.285513
2489759687.5,-9.284758
2489759843.75,-9.283857
2489760000.0,-9.283567
2489760156.25,-9.28174
2489760312.5,-9.281776
2489760468.75,-9.282029
2489760625.0,-9.28063
2489760781.25,-9.280185
2489760937.5,-9.279017
2489761093.75,-9.278461
2489761250.0,-9.27856
2489761406.25,-9.276683
2489761562.5,-9.277256
2489761718.75,-9.276526
2489761875.0,-9.276583
2489762031.25,-9.275562
2489762187.5,-9.274168
2489762343.75,-9.273725
2489762500.0,-9.273773
2489762656.25,-9.272895
2489762812.5,-9.272583
2489762968.75,-9.271856
2489763125.0,-9.270501
2489763281.25,-9.269981
2489763437.5,-9.269001
2489763593.75,-9.268676
2489763750.0,-9.268826
2489763906.25,-9.268566
2489764062.5,-9.267166
2489764218.75,-9.266575
2489764375.0,-9.266142
2489764531.25,-9.265992
2489764687.5,-9.265515
2489764843.75,-9.264966
2489765000.0,-9.265132
2489765156.25,-9.264291
2489765312.5,-9.264043
2489765468.75,-9.262613
2489765625.0,-9.262176
2489765781.25,-9.26166
2489765937.5,-9.261775
2489766093.75,-9.260516
2489766250.0,-9.260295
2489766406.25,-9.259598
2489766562.5,-9.258935
2489766718.75,-9.258475
2489766875.0,-9.258276
2489767031.25,-9.257641
2489767187.5,-9.257537
2489767343.75,-9.256738
2489767500.0,-9.257057
2489767656.25,-9.255892
2489767812.5,-9.255273
2489767968.75,-9.254917
2489768125.0,-9.254531
2489768281.25,-9.254346
2489768437.5,-9.25357
2489768593.75,-9.253421
2489768750.0,-9.25351
2489768906.25,-9.25302
2489769062.5,-9.251761
2489769218.75,-9.251304
2489769375.0,-9.251202
2489769531.25,-9.251311
2489769687.5,-9.250262
2489769843.75,-9.249819
2489770000.0,-9.248822
2489770156.25,-9.2488
2489770312.5,-9.248276
2489770468.75,-9.248143
2489770625.0,-9.24798
2489770781.25,-9.247237
2489770937.5,-9.246295
2489771093.75,-9.246308
2489771250.0,-9.246671
2489771406.25,-9.246299
2489771562.5,-9.245923
2489771718.75,-9.245443
2489771875.0,-9.244933
2489772031.25,-9.243921
2489772187.5,-9.244036
2489772343.75,-9.244068
2489772500.0,-9.243152
2489772656.25,-9.243339
2489772812.5,-9.243077
2489772968.75,-9.241363
2489773125.0,-9.243243
2489773281.25,-9.241227
2489773437.5,-9.241304
2489773593.75,-9.241093
2489773750.0,-9.241087
2489773906.25,-9.241006
2489774062.5,-9.239846
2489774218.75,-9.240099
2489774375.0,-9.239451
2489774531.25,-9.239656
2489774687.5,-9.238464
2489774843.75,-9.239027
2489775000.0,-9.238938
2489775156.25,-9.2389
2489775312.5,-9.237462
2489775468.75,-9.237361
2489775625.0,-9.237204
2489775781.25,-9.237527
2489775937.5,-9.235943
2489776093.75,-9.236856
2489776250.0,-9.236042
2489776406.25,-9.235339
2489776562.5,-9.235918
2489776718.75,-9.235999
2489776875.0,-9.235799
2489777031.25,-9.234517
2489777187.5,-9.234389
2489777343.75,-9.23469
2489777500.0,-9.233646
2489777656.25,-9.233995
2489777812.5,-9.234194
2489777968.75,-9.23438
2489778125.0,-9.233325
2489778281.25,-9.234695
2489778437.5,-9.233436
2489778593.75,-9.233722
2489778750.0,-9.233441
2489778906.25,-9.232991
2489779062.5,-9.232437
2489779218.75,-9.232326
2489779375.0,-9.23153
2489779531.25,-9.232089
2489779687.5,-9.23155
2489779843.75,-9.23129
2489780000.0,-9.231043
2489780156.25,-9.232201
2489780312.5,-9.2306
2489780468.75,-9.231589
2489780625.0,-9.23163
2489780781.25,-9.230342
2489780937.5,-9.231217
2489781093.75,-9.230008
2489781250.0,-9.230307
2489781406.25,-9.230309
2489781562.5,-9.230167
2489781718.75,-9.230679
2489781875.0,-9.229961
2489782031.25,-9.229426
2489782187.5,-9.22994
2489782343.75,-9.229826
2489782500.0,-9.229362
2489782656.25,-9.229243
2489782812.5,-9.229505
2489782968.75,-9.229364
2489783125.0,-9.229945
2489783281.25,-9.228822
2489783437.5,-9.229658
2489783593.75,-9.229559
2489783750.0,-9.229058
2489783906.25,-9.229359
2489784062.5,-9.229193
2489784218.75,-9.229034
2489784375.0,-9.228964
2489784531.25,-9.22948
2489784687.5,-9.229221
2489784843.75,-9.22813
2489785000.0,-9.228476
2489785156.25,-9.229062
2489785312.5,-9.229086
2489785468.75,-9.228448
2489785625.0,-9.228762
2489785781.25,-9.228168
2489785937.5,-9.22834
2489786093.75,-9.229355
2489786250.0,-9.229139
2489786406.25,-9.228502
2489786562.5,-9.229161
2489786718.75,-9.228381
2489786875.0,-9.229208
2489787031.25,-9.228608
2489787187.5,-9.229355
2489787343.75,-9.228965
2489787500.0,-9.228754
2489787656.25,-9.229121
2489787812.5,-9.229074
2489787968.75,-9.229034
2489788125.0,-9.229405
2489788281.25,-9.229545
2489788437.5,-9.228889
2489788593.75,-9.229678
2489788750.0,-9.229422
2489788906.25,-9.22937
2489789062.5,-9.229575
2489789218.75,-9.229402
2489789375.0,-9.229688
2489789531.25,-9.229112
2489789687.5,-9.22964
2489789843.75,-9.229868
2489790000.0,-9.230027
2489790156.25,-9.230558
2489790312.5,-9.231161
2489790468.75,-9.22965
2489790625.0,-9.230124
2489790781.25,-9.230441
2489790937.5,-9.231162
2489791093.75,-9.230744
2489791250.0,-9.231039
2489791406.25,-9.231446
2489791562.5,-9.231574
2489791718.75,-9.231416
2489791875.0,-9.231319
2489792031.25,-9.230889
2489792187.5,-9.231936
2489792343.75,-9.231585
2489792500.0,-9.232597
2489792656.25,-9.233114
2489792812.5,-9.232804
2489792968.75,-9.232359
2489793125.0,-9.23268
2489793281.25,-9.233235
2489793437.5,-9.233469
2489793593.75,-9.232981
2489793750.0,-9.235049
2489793906.25,-9.234891
2489794062.5,-9.234591
2489794218.75,-9.233906
2489794375.0,-9.2341
2489794531.25,-9.234615
2489794687.5,-9.234625
2489794843.75,-9.235117
2489795000.0,-9.235254
2489795156.25,-9.235654
2489795312.5,-9.23625
2489795468.75,-9.236364
2489795625.0,-9.235907
2489795781.25,-9.236833
2489795937.5,-9.237419
2489796093.75,-9.236962
2489796250.0,-9.237211
2489796406.25,-9.237519
2489796562.5,-9.237508
2489796718.75,-9.239029
2489796875.0,-9.239263
2489797031.25,-9.238944
2489797187.5,-9.238667
2489797343.75,-9.239147
2489797500.0,-9.239605
2489797656.25,-9.240499
2489797812.5,-9.239878
2489797968.75,-9.241086
2489798125.0,-9.240893
2489798281.25,-9.241007
2489798437.5,-9.241032
2489798593.75,-9.242099
2489798750.0,-9.241936
2489798906.25,-9.242668
2489799062.5,-9.243215
2489799218.75,-9.243743
2489799375.0,-9.243537
2489799531.25,-9.243849
2489799687.5,-9.244757
2489799843.75,-9.245104
2489800000.0,-9.244926
2489800156.25,-9.244659
2489800312.5,-9.245664
2489800468.75,-9.246136
2489800625.0,-9.246564
2489800781.25,-9.246854
2489800937.5,-9.247694
2489801093.75,-9.24689
2489801250.0,-9.24776
2489801406.25,-9.248655
2489801562.5,-9.248858
2489801718.75,-9.249257
2489801875.0,-9.249804
2489802031.25,-9.249631
2489802187.5,-9.250367
2489802343.75,-9.250694
2489802500.0,-9.251617
2489802656.25,-9.25109
2489802812.5,-9.252095
2489802968.75,-9.252669
2489803125.0,-9.253066
2489803281.25,-9.254235
2489803437.5,-9.254025
2489803593.75,-9.254409
2489803750.0,-9.25523
2489803906.25,-9.255271
2489804062.5,-9.256442
2489804218.75,-9.256121
2489804375.0,-9.25671
2489804531.25,-9.25748
2489804687.5,-9.257429
2489804843.75,-9.258333
2489805000.0,-9.259025
2489805156.25,-9.258627
2489805312.5,-9.25888
2489805468.75,-9.259932
2489805625.0,-9.260298
2489805781.25,-9.261363
2489805937.5,-9.261359
2489806093.75,-9.261517
2489806250.0,-9.262363
2489806406.25,-9.262805
2489806562.5,-9.263432
2489806718.75,-9.264114
2489806875.0,-9.264769
2489807031.25,-9.265257
2489807187.5,-9.266399
2489807343.75,-9.266438
2489807500.0,-9.266506
2489807656.25,-9.267344
2489807812.5,-9.267364
2489807968.75,-9.268449
2489808125.0,-9.268607
2489808281.25,-9.269707
2489808437.5,-9.270219
2489808593.75,-9.270404
2489808750.0,-9.270744
2489808906.25,-9.27202
2489809062.5,-9.272293
2489809218.75,-9.273491
2489809375.0,-9.274263
2489809531.25,-9.274334
2489809687.5,-9.275644
2489809843.75,-9.274645
2489810000.0,-9.275916
2489810156.25,-9.277282
2489810312.5,-9.277054
2489810468.75,-9.277795
2489810625.0,-9.278319
2489810781.25,-9.27914
2489810937.5,-9.280115
2489811093.75,-9.280598
2489811250.0,-9.281216
2489811406.25,-9.281422
2489811562.5,-9.282667
2489811718.75,-9.283172
2489811875.0,-9.283977
2489812031.25,-9.284751
2489812187.5,-9.284854
2489812343.75,-9.28642
2489812500.0,-9.28621
2489812656.25,-9.286706
2489812812.5,-9.288145
2489812968.75,-9.288033
2489813125.0,-9.28975
2489813281.25,-9.289577
2489813437.5,-9.291228
2489813593.75,-9.290585
2489813750.0,-9.292816
2489813906.25,-9.29289
2489814062.5,-9.293603
2489814218.75,-9.294703
2489814375.0,-9.294888
2489814531.25,-9.29662
2489814687.5,-9.297367
2489814843.75,-9.29736
2489815000.0,-9.297444
2489815156.25,-9.2987
2489815312.5,-9.298819
2489815468.75,-9.299469
2489815625.0,-9.301189
2489815781.25,-9.301035
2489815937.5,-9.302019
2489816093.75,-9.303274
2489816250.0,-9.303612
2489816406.25,-9.30481
2489816562.5,-9.305047
2489816718.75,-9.306409
2489816875.0,-9.305988
2489817031.25,-9.30762
2489817187.5,-9.308336
2489817343.75,-9.309572
2489817500.0,-9.309876
2489817656.25,-9.310237
2489817812.5,-9.311816
2489817968.75,-9.312277
2489818125.0,-9.312877
2489818281.25,-9.313948
2489818437.5,-9.315207
2489818593.75,-9.315499
2489818750.0,-9.316859
2489818906.25,-9.317023
2489819062.5,-9.318458
2489819218.75,-9.319591
2489819375.0,-9.320252
2489819531.25,-9.320777
2489819687.5,-9.322012
2489819843.75,-9.322962
2489820000.0,-9.323273
2489820156.25,-9.323702
2489820312.5,-9.324807
2489820468.75,-9.325584
2489820625.0,-9.326573
2489820781.25,-9.328279
2489820937.5,-9.327914
2489821093.75,-9.329473
2489821250.0,-9.33044
2489821406.25,-9.331498
2489821562.5,-9.331574
2489821718.75,-9.3333
2489821875.0,-9.332736
2489822031.25,-9.334652
2489822187.5,-9.335856
2489822343.75,-9.336889
2489822500.0,-9.338037
2489822656.25,-9.3383
2489822812.5,-9.33952
2489822968.75,-9.341054
2489823125.0,-9.340772
2489823281.25,-9.341674
2489823437.5,-9.342822
2489823593.75,-9.343981
2489823750.0,-9.345042
2489823906.25,-9.3457
2489824062.5,-9.346843
2489824218.75,-9.34765
2489824375.0,-9.348458
2489824531.25,-9.349208
2489824687.5,-9.350566
2489824843.75,-9.351523
2489825000.0,-9.352721
2489825156.25,-9.352858
2489825312.5,-9.354335
2489825468.75,-9.355133
2489825625.0,-9.356796
2489825781.25,-9.35719
2489825937.5,-9.359137
2489826093.75,-9.35948
2489826250.0,-9.360686
2489826406.25,-9.362246
2489826562.5,-9.361903
2489826718.75,-9.363458
2489826875.0,-9.364793
2489827031.25,-9.365174
2489827187.5,-9.366377
2489827343.75,-9.367152
2489827500.0,-9.368835
2489827656.25,-9.369484
2489827812.5,-9.370774
2489827968.75,-9.371463
2489828125.0,-9.3731
2489828281.25,-9.373931
2489828437.5,-9.374444
2489828593.75,-9.374984
2489828750.0,-9.376663
2489828906.25,-9.37919
2489829062.5,-9.37893
2489829218.75,-9.379421
2489829375.0,-9.380911
2489829531.25,-9.382533
2489829687.5,-9.382528
2489829843.75,-9.384475
2489830000.0,-9.386249
2489830156.25,-9.386253
2489830312.5,-9.387703
2489830468.75,-9.388279
2489830625.0,-9.389129
2489830781.25,-9.390543
2489830937.5,-9.392464
2489831093.75,-9.393059
2489831250.0,-9.394387
2489831406.25,-9.395637
2489831562.5,-9.397381
2489831718.75,-9.398891
2489831875.0,-9.399326
2489832031.25,-9.399773
2489832187.5,-9.400648
2489832343.75,-9.401856
2489832500.0,-9.403686
2489832656.25,-9.404667
2489832812.5,-9.406189
2489832968.75,-9.406672
2489833125.0,-9.407836
2489833281.25,-9.409896
2489833437.5,-9.409995
2489833593.75,-9.411535
2489833750.0,-9.413555
2489833906.25,-9.413414
2489834062.5,-9.415475
2489834218.75,-9.416511
2489834375.0,-9.416875
2489834531.25,-9.41938
2489834687.5,-9.420197
2489834843.75,-9.420979
2489835000.0,-9.421686
2489835156.25,-9.423912
2489835312.5,-9.425182
2489835468.75,-9.425577
2489835625.0,-9.42784
2489835781.25,-9.428168
2489835937.5,-9.429563
2489836093.75,-9.430871
2489836250.0,-9.432434
2489836406.25,-9.434222
2489836562.5,-9.434779
2489836718.75,-9.435914
2489836875.0,-9.436945
2489837031.25,-9.439044
2489837187.5,-9.43961
2489837343.75,-9.440561
2489837500.0,-9.442155
2489837656.25,-9.443655
2489837812.5,-9.445848
2489837968.75,-9.445884
2489838125.0,-9.447071
2489838281.25,-9.447989
2489838437.5,-9.450503
2489838593.75,-9.450555
2489838750.0,-9.452553
2489838906.25,-9.453228
2489839062.5,-9.454126
2489839218.75,-9.456407
2489839375.0,-9.458282
2489839531.25,-9.458494
2489839687.5,-9.459811
2489839843.75,-9.461656
2489840000.0,-9.461836
2489840156.25,-9.463829
2489840312.5,-9.465541
2489840468.75,-9.467336
2489840625.0,-9.467662
2489840781.25,-9.469644
2489840937.5,-9.470975
2489841093.75,-9.471949
2489841250.0,-9.473141
2489841406.25,-9.47447
2489841562.5,-9.475547
2489841718.75,-9.47631
2489841875.0,-9.478395
2489842031.25,-9.480901
2489842187.5,-9.481642
2489842343.75,-9.482541
2489842500.0,-9.483632
2489842656.25,-9.486049
2489842812.5,-9.486269
2489842968.75,-9.487939
2489843125.0,-9.49001
2489843281.25,-9.491374
2489843437.5,-9.493127
2489843593.75,-9.494652
2489843750.0,-9.494893
2489843906.25,-9.496449
2489844062.5,-9.498042
2489844218.75,-9.499359
2489844375.0,-9.500842
2489844531.25,-9.502287
2489844687.5,-9.504271
2489844843.75,-9.50578
2489845000.0,-9.507318
2489845156.25,-9.509183
2489845312.5,-9.509986
2489845468.75,-9.511144
2489845625.0,-9.512425
2489845781.25,-9.514119
2489845937.5,-9.515065
2489846093.75,-9.516777
2489846250.0,-9.51804
2489846406.25,-9.519347
2489846562.5,-9.521104
2489846718.75,-9.522417
2489846875.0,-9.524396
2489847031.25,-9.525223
2489847187.5,-9.526196
2489847343.75,-9.528416
2489847500.0,-9.530933
2489847656.25,-9.531799
2489847812.5,-9.532743
2489847968.75,-9.533917
2489848125.0,-9.535924
2489848281.25,-9.537979
2489848437.5,-9.538618
2489848593.75,-9.54056
2489848750.0,-9.541918
2489848906.25,-9.543158
2489849062.5,-9.545134
2489849218.75,-9.546389
2489849375.0,-9.54781
2489849531.25,-9.549243
2489849687.5,-9.551537
2489849843.75,-9.552394
2489850000.0,-9.553859
2489850156.25,-9.555656
2489850312.5,-9.556977
2489850468.75,-9.558055
2489850625.0,-9.560839
2489850781.25,-9.562145
2489850937.5,-9.563043
2489851093.75,-9.565326
2489851250.0,-9.566116
2489851406.25,-9.567887
2489851562.5,-9.569454
2489851718.75,-9.571179
2489851875.0,-9.572958
2489852031.25,-9.573453
2489852187.5,-9.575687
2489852343.75,-9.576749
2489852500.0,-9.579203
2489852656.25,-9.581059
2489852812.5,-9.582169
2489852968.75,-9.58428
2489853125.0,-9.584053
2489853281.25,-9.58662
2489853437.5,-9.587009
2489853593.75,-9.589917
2489853750.0,-9.592118
2489853906.25,-9.59422
2489854062.5,-9.595042
2489854218.75,-9.596149
2489854375.0,-9.597591
2489854531.25,-9.599422
2489854687.5,-9.60111
2489854843.75,-9.602867
2489855000.0,-9.604516
2489855156.25,-9.606814
2489855312.5,-9.608437
2489855468.75,-9.610128
2489855625.0,-9.610931
2489855781.25,-9.612426
2489855937.5,-9.613639
2489856093.75,-9.616358
2489856250.0,-9.618047
2489856406.25,-9.619542
2489856562.5,-9.621541
2489856718.75,-9.622911
2489856875.0,-9.6247
2489857031.25,-9.625824
2489857187.5,-9.627616
2489857343.75,-9.629372
2489857500.0,-9.630938
2489857656.25,-9.633499
2489857812.5,-9.634127
2489857968.75,-9.636223
2489858125.0,-9.637279
2489858281.25,-9.639504
2489858437.5,-9.640797
2489858593.75,-9.642953
2489858750.0,-9.643736
2489858906.25,-9.646496
2489859062.5,-9.648746
2489859218.75,-9.649946
2489859375.0,-9.652258
2489859531.25,-9.653447
2489859687.5,-9.655079
2489859843.75,-9.656054
2489860000.0,-9.65817
2489860156.25,-9.660451
2489860312.5,-9.661942
2489860468.75,-9.663859
2489860625.0,-9.664417
2489860781.25,-9.667106
2489860937.5,-9.668227
2489861093.75,-9.66995
2489861250.0,-9.6721
2489861406.25,-9.673054
2489861562.5,-9.675675
2489861718.75,-9.677727
2489861875.0,-9.679417
2489862031.25,-9.680154
2489862187.5,-9.682878
2489862343.75,-9.684097
2489862500.0,-9.685776
2489862656.25,-9.687976
2489862812.5,-9.689931
2489862968.75,-9.691481
2489863125.0,-9.69328
2489863281.25,-9.695381
2489863437.5,-9.695978
2489863593.75,-9.698217
2489863750.0,-9.700152
2489863906.25,-9.702185
2489864062.5,-9.703657
2489864218.75,-9.705804
2489864375.0,-9.707934
2489864531.25,-9.708737
2489864687.5,-9.711644
2489864843.75,-9.712165
2489865000.0,-9.714013
2489865156.25,-9.716169
2489865312.5,-9.718669
2489865468.75,-9.721247
2489865625.0,-9.722571
2489865781.25,-9.724216
2489865937.5,-9.725362
2489866093.75,-9.727227
2489866250.0,-9.729502
2489866406.25,-9.730666
2489866562.5,-9.73313
2489866718.75,-9.735253
2489866875.0,-9.737609
2489867031.25,-9.738977
2489867187.5,-9.739478
2489867343.75,-9.742531
2489867500.0,-9.744283
2489867656.25,-9.745473
2489867812.5,-9.748393
2489867968.75,-9.750804
2489868125.0,-9.752751
2489868281.25,-9.753521
2489868437.5,-9.754788
2489868593.75,-9.757043
2489868750.0,-9.759537
2489868906.25,-9.761487
2489869062.5,-9.763021
2489869218.75,-9.764392
2489869375.0,-9.767092
2489869531.25,-9.76917
2489869687.5,-9.770744
2489869843.75,-9.771633
2489870000.0,-9.774009
2489870156.25,-9.775968
2489870312.5,-9.777833
2489870468.75,-9.779549
2489870625.0,-9.781971
2489870781.25,-9.78383
2489870937.5,-9.785935
2489871093.75,-9.787724
2489871250.0,-9.788637
2489871406.25,-9.79083
2489871562.5,-9.793229
2489871718.75,-9.794599
2489871875.0,-9.797132
2489872031.25,-9.799821
2489872187.5,-9.802136
2489872343.75,-9.803102
2489872500.0,-9.8049
2489872656.25,-9.807449
2489872812.5,-9.808587
2489872968.75,-9.810555
2489873125.0,-9.812359
2489873281.25,-9.814972
2489873437.5,-9.817272
2489873593.75,-9.818686
2489873750.0,-9.821213
2489873906.25,-9.822706
2489874062.5,-9.823812
2489874218.75,-9.826461
2489874375.0,-9.827758
2489874531.25,-9.831244
2489874687.5,-9.833293
2489874843.75,-9.835348
2489875000.0,-9.836985
2489875156.25,-9.839353
2489875312.5,-9.84044
2489875468.75,-9.841924
2489875625.0,-9.844266
2489875781.25,-9.846056
2489875937.5,-9.849085
2489876093.75,-9.852101
2489876250.0,-9.853614
2489876406.25,-9.854134
2489876562.5,-9.856817
2489876718.75,-9.857655
2489876875.0,-9.860285
2489877031.25,-9.862475
2489877187.5,-9.864884
2489877343.75,-9.867302
2489877500.0,-9.869431
2489877656.25,-9.870458
2489877812.5,-9.87309
2489877968.75,-9.874514
2489878125.0,-9.876416
2489878281.25,-9.879606
2489878437.5,-9.880974
2489878593.75,-9.883609
2489878750.0,-9.885735
2489878906.25,-9.887281
2489879062.5,-9.890167
2489879218.75,-9.891004
2489879375.0,-9.893064
2489879531.25,-9.89554
2489879687.5,-9.897632
2489879843.75,-9.899419
2489880000.0,-9.902305
2489880156.25,-9.903813
2489880312.5,-9.905421
2489880468.75,-9.907652
2489880625.0,-9.909349
2489880781.25,-9.911789
2489880937.5,-9.913693
2489881093.75,-9.916693
2489881250.0,-9.918262
2489881406.25,-9.920865
2489881562.5,-9.922448
2489881718.75,-9.925052
2489881875.0,-9.926784
2489882031.25,-9.928955
2489882187.5,-9.930863
2489882343.75,-9.932569
2489882500.0,-9.935674
2489882656.25,-9.937072
2489882812.5,-9.939599
2489882968.75,-9.941586
2489883125.0,-9.942342
2489883281.25,-9.94493
2489883437.5,-9.947862
2489883593.75,-9.950153
2489883750.0,-9.952655
2489883906.25,-9.95488
2489884062.5,-9.956804
2489884218.75,-9.959435
2489884375.0,-9.96011
2489884531.25,-9.962541
2489884687.5,-9.96477
2489884843.75,-9.966978
2489885000.0,-9.969814
2489885156.25,-9.971254
2489885312.5,-9.974338
2489885468.75,-9.975536
2489885625.0,-9.977937
2489885781.25,-9.979053
2489885937.5,-9.981709
2489886093.75,-9.983965
2489886250.0,-9.986762
2489886406.25,-9.988364
2489886562.5,-9.990815
2489886718.75,-9.993319
2489886875.0,-9.995439
2489887031.25,-9.997612
2489887187.5,-9.999169
2489887343.75,-10.00143
2489887500.0,-10.00442
2489887656.25,-10.00588
2489887812.5,-10.00921
2489887968.75,-10.01112
2489888125.0,-10.01321
2489888281.25,-10.01485
2489888437.5,-10.01739
2489888593.75,-10.0189
2489888750.0,-10.02133
2489888906.25,-10.02394
2489889062.5,-10.02677
2489889218.75,-10.02794
2489889375.0,-10.03017
2489889531.25,-10.03254
2489889687.5,-10.03342
2489889843.75,-10.03677
2489890000.0,-10.03868
2489890156.25,-10.0415
2489890312.5,-10.04368
2489890468.75,-10.04671
2489890625.0,-10.04816
2489890781.25,-10.04955
2489890937.5,-10.05273
2489891093.75,-10.05442
2489891250.0,-10.05618
2489891406.25,-10.05847
2489891562.5,-10.06141
2489891718.75,-10.06543
2489891875.0,-10.06605
2489892031.25,-10.06767
2489892187.5,-10.0694
2489892343.75,-10.07228
2489892500.0,-10.075
2489892656.25,-10.07694
2489892812.5,-10.0801
2489892968.75,-10.08286
2489893125.0,-10.08507
2489893281.25,-10.08546
2489893437.5,-10.08884
2489893593.75,-10.08974
2489893750.0,-10.0926
2489893906.25,-10.09473
2489894062.5,-10.09689
2489894218.75,-10.10044
2489894375.0,-10.10186
2489894531.25,-10.10527
2489894687.5,-10.10705
2489894843.75,-10.1089
2489895000.0,-10.11046
2489895156.25,-10.11336
2489895312.5,-10.1154
2489895468.75,-10.11849
2489895625.0,-10.12031
2489895781.25,-10.12325
2489895937.5,-10.12481
2489896093.75,-10.12572
2489896250.0,-10.12878
2489896406.25,-10.13172
2489896562.5,-10.13405
2489896718.75,-10.13683
2489896875.0,-10.1396
2489897031.25,-10.14167
2489897187.5,-10.14337
2489897343.75,-10.14572
2489897500.0,-10.1481
2489897656.25,-10.14994
2489897812.5,-10.1519
2489897968.75,-10.15504
2489898125.0,-10.1577
2489898281.25,-10.15971
2489898437.5,-10.16198
2489898593.75,-10.16487
2489898750.0,-10.1664
2489898906.25,-10.16854
2489899062.5,-10.1703
2489899218.75,-10.17336
2489899375.0,-10.17591
2489899531.25,-10.1783
2489899687.5,-10.18052
2489899843.75,-10.18264
2489900000.0,-10.18549
2489900156.25,-10.18721
2489900312.5,-10.1896
2489900468.75,-10.19228
2489900625.0,-10.19459
2489900781.25,-10.19774
2489900937.5,-10.19974
2489901093.75,-10.20111
2489901250.0,-10.20427
2489901406.25,-10.20642
2489901562.5,-10.20824
2489901718.75,-10.21104
2489901875.0,-10.21313
2489902031.25,-10.21529
2489902187.5,-10.21925
2489902343.75,-10.22118
2489902500.0,-10.22366
2489902656.25,-10.22526
2489902812.5,-10.22743
2489902968.75,-10.23092
2489903125.0,-10.2321
2489903281.25,-10.23505
2489903437.5,-10.23738
2489903593.75,-10.23965
2489903750.0,-10.24264
2489903906.25,-10.24513
2489904062.5,-10.24692
2489904218.75,-10.24955
2489904375.0,-10.25135
2489904531.25,-10.25346
2489904687.5,-10.25695
2489904843.75,-10.25897
2489905000.0,-10.26151
2489905156.25,-10.26346
2489905312.5,-10.2673
2489905468.75,-10.26829
2489905625.0,-10.27097
2489905781.25,-10.27311
2489905937.5,-10.27651
2489906093.75,-10.27915
2489906250.0,-10.28121
2489906406.25,-10.28271
2489906562.5,-10.28558
2489906718.75,-10.2879
2489906875.0,-10.29037
2489907031.25,-10.29315
2489907187.5,-10.29603
2489907343.75,-10.29841
2489907500.0,-10.30022
2489907656.25,-10.3029
2489907812.5,-10.30459
2489907968.75,-10.30791
2489908125.0,-10.31076
2489908281.25,-10.31213
2489908437.5,-10.31543
2489908593.75,-10.31721
2489908750.0,-10.32069
2489908906.25,-10.32281
2489909062.5,-10.32446
2489909218.75,-10.32711
2489909375.0,-10.32926
2489909531.25,-10.3327
2489909687.5,-10.33496
2489909843.75,-10.33731
2489910000.0,-10.34012
2489910156.25,-10.34177
2489910312.5,-10.34498
2489910468.75,-10.34702
2489910625.0,-10.34826
2489910781.25,-10.35164
2489910937.5,-10.35445
2489911093.75,-10.35688
2489911250.0,-10.35981
2489911406.25,-10.36292
2489911562.5,-10.36458
2489911718.75,-10.36684
2489911875.0,-10.36835
2489912031.25,-10.37126
2489912187.5,-10.37428
2489912343.75,-10.37711
2489912500.0,-10.37939
2489912656.25,-10.38186
2489912812.5,-10.3855
2489912968.75,-10.38727
2489913125.0,-10.38961
2489913281.25,-10.39166
2489913437.5,-10.39437
2489913593.75,-10.39754
2489913750.0,-10.40005
2489913906.25,-10.40118
2489914062.5,-10.40421
2489914218.75,-10.4073
2489914375.0,-10.40929
2489914531.25,-10.41156
2489914687.5,-10.41473
2489914843.75,-10.4183
2489915000.0,-10.41956
2489915156.25,-10.42163
2489915312.5,-10.42502
2489915468.75,-10.42623
2489915625.0,-10.42993
2489915781.25,-10.43151
2489915937.5,-10.43418
2489916093.75,-10.43729
2489916250.0,-10.43995
2489916406.25,-10.44295
2489916562.5,-10.44504
2489916718.75,-10.44814
2489916875.0,-10.44956
2489917031.25,-10.4523
2489917187.5,-10.45471
2489917343.75,-10.45793
2489917500.0,-10.46011
2489917656.25,-10.4633
2489917812.5,-10.46582
2489917968.75,-10.46834
2489918125.0,-10.47059
2489918281.25,-10.4733
2489918437.5,-10.47511
2489918593.75,-10.47731
2489918750.0,-10.48057
2489918906.25,-10.48364
2489919062.5,-10.48542
2489919218.75,-10.48787
2489919375.0,-10.49074
2489919531.25,-10.49296
2489919687.5,-10.4951
2489919843.75,-10.49712
2489920000.0,-10.50099
2489920156.25,-10.5046
2489920312.5,-10.50665
2489920468.75,-10.50881
2489920625.0,-10.51208
2489920781.25,-10.51305
2489920937.5,-10.51653
2489921093.75,-10.51926
2489921250.0,-10.52183
2489921406.25,-10.52483
2489921562.5,-10.52811
2489921718.75,-10.53041
2489921875.0,-10.53301
2489922031.25,-10.5348
2489922187.5,-10.53699
2489922343.75,-10.53891
2489922500.0,-10.54305
2489922656.25,-10.54539
2489922812.5,-10.54788
2489922968.75,-10.55103
2489923125.0,-10.55302
2489923281.25,-10.55467
2489923437.5,-10.55817
2489923593.75,-10.56002
2489923750.0,-10.56294
2489923906.25,-10.56556
2489924062.5,-10.56905
2489924218.75,-10.57158
2489924375.0,-10.57445
2489924531.25,-10.57645
2489924687.5,-10.57841
2489924843.75,-10.58131
2489925000.0,-10.5835
2489925156.25,-10.58547
2489925312.5,-10.5894
2489925468.75,-10.59141
2489925625.0,-10.59553
2489925781.25,-10.59749
2489925937.5,-10.60018
2489926093.75,-10.60201
2489926250.0,-10.60383
2489926406.25,-10.6068
2489926562.5,-10.60999
2489926718.75,-10.61279
2489926875.0,-10.61567
2489927031.25,-10.6182
2489927187.5,-10.62091
2489927343.75,-10.62295
2489927500.0,-10.62528
2489927656.25,-10.62894
2489927812.5,-10.63107
2489927968.75,-10.63397
2489928125.0,-10.63664
2489928281.25,-10.63919
2489928437.5,-10.6422
2489928593.75,-10.64376
2489928750.0,-10.64718
2489928906.25,-10.64883
2489929062.5,-10.65183
2489929218.75,-10.65397
2489929375.0,-10.6578
2489929531.25,-10.66082
2489929687.5,-10.66339
2489929843.75,-10.66612
2489930000.0,-10.66804
2489930156.25,-10.6708
2489930312.5,-10.67232
2489930468.75,-10.67646
2489930625.0,-10.67931
2489930781.25,-10.68215
2489930937.5,-10.68358
2489931093.75,-10.68771
2489931250.0,-10.69024
2489931406.25,-10.69243
2489931562.5,-10.69556
2489931718.75,-10.69738
2489931875.0,-10.70055
2489932031.25,-10.70323
2489932187.5,-10.70564
2489932343.75,-10.70852
2489932500.0,-10.71086
2489932656.25,-10.71352
2489932812.5,-10.71712
2489932968.75,-10.71931
2489933125.0,-10.72139
2489933281.25,-10.7243
2489933437.5,-10.72728
2489933593.75,-10.72944
2489933750.0,-10.73219
2489933906.25,-10.7351
2489934062.5,-10.73772
2489934218.75,-10.7404
2489934375.0,-10.74308
2489934531.25,-10.74655
2489934687.5,-10.74937
2489934843.75,-10.75261
2489935000.0,-10.75351
2489935156.25,-10.75561
2489935312.5,-10.7593
2489935468.75,-10.76271
2489935625.0,-10.76483
2489935781.25,-10.76858
2489935937.5,-10.77048
2489936093.75,-10.77362
2489936250.0,-10.77582
2489936406.25,-10.77799
2489936562.5,-10.78129
2489936718.75,-10.78349
2489936875.0,-10.78538
2489937031.25,-10.7886
2489937187.5,-10.79151
2489937343.75,-10.79475
2489937500.0,-10.79674
2489937656.25,-10.79925
2489937812.5,-10.80234
2489937968.75,-10.80532
2489938125.0,-10.80774
2489938281.25,-10.81053
2489938437.5,-10.81378
2489938593.75,-10.81709
2489938750.0,-10.81845
2489938906.25,-10.82166
2489939062.5,-10.82443
2489939218.75,-10.82703
2489939375.0,-10.8295
2489939531.25,-10.83268
2489939687.5,-10.83538
2489939843.75,-10.83886
2489940000.0,-10.84088
2489940156.25,-10.84364
2489940312.5,-10.84798
2489940468.75,-10.84935
2489940625.0,-10.8508
2489940781.25,-10.85461
2489940937.5,-10.85804
2489941093.75,-10.86025
2489941250.0,-10.86377
2489941406.25,-10.86612
2489941562.5,-10.86872
2489941718.75,-10.87059
2489941875.0,-10.87301
2489942031.25,-10.87594
2489942187.5,-10.87999
2489942343.75,-10.88129
2489942500.0,-10.8855
2489942656.25,-10.88837
2489942812.5,-10.89116
2489942968.75,-10.89329
2489943125.0,-10.89529
2489943281.25,-10.8985
2489943437.5,-10.90213
2489943593.75,-10.9049
2489943750.0,-10.90687
2489943906.25,-10.90986
2489944062.5,-10.91188
2489944218.75,-10.9147
2489944375.0,-10.91726
2489944531.25,-10.9211
2489944687.5,-10.92241
2489944843.75,-10.9254
2489945000.0,-10.92838
2489945156.25,-10.93187
2489945312.5,-10.93437
2489945468.75,-10.93726
2489945625.0,-10.93884
2489945781.25,-10.94209
2489945937.5,-10.94501
2489946093.75,-10.94835
2489946250.0,-10.9512
2489946406.25,-10.95389
2489946562.5,-10.95675
2489946718.75,-10.95954
2489946875.0,-10.96184
2489947031.25,-10.96524
2489947187.5,-10.96726
2489947343.75,-10.97025
2489947500.0,-10.97319
2489947656.25,-10.97577
2489947812.5,-10.97912
2489947968.75,-10.98198
2489948125.0,-10.98397
2489948281.25,-10.98723
2489948437.5,-10.98949
2489948593.75,-10.99235
2489948750.0,-10.99579
2489948906.25,-10.99883
2489949062.5,-11.0008
2489949218.75,-11.0041
2489949375.0,-11.00676
2489949531.25,-11.00937
2489949687.5,-11.01206
2489949843.75,-11.0149
2489950000.0,-11.01804
2489950156.25,-11.02115
2489950312.5,-11.02365
2489950468.75,-11.02727
2489950625.0,-11.02886
2489950781.25,-11.03136
2489950937.5,-11.03525
2489951093.75,-11.03699
2489951250.0,-11.04039
2489951406.25,-11.0428
2489951562.5,-11.04593
2489951718.75,-11.04907
2489951875.0,-11.05158
2489952031.25,-11.05448
2489952187.5,-11.05651
2489952343.75,-11.05947
2489952500.0,-11.06195
2489952656.25,-11.06646
2489952812.5,-11.06896
2489952968.75,-11.07086
2489953125.0,-11.0745
2489953281.25,-11.0772
2489953437.5,-11.07866
2489953593.75,-11.08157
2489953750.0,-11.08435
2489953906.25,-11.08695
2489954062.5,-11.09047
2489954218.75,-11.09347
2489954375.0,-11.09608
2489954531.25,-11.09944
2489954687.5,-11.10151
2489954843.75,-11.10412
2489955000.0,-11.1079
2489955156.25,-11.10977
2489955312.5,-11.11297
2489955468.75,-11.11566
2489955625.0,-11.11929
2489955781.25,-11.12213
2489955937.5,-11.12448
2489956093.75,-11.12699
2489956250.0,-11.1306
2489956406.25,-11.13253
2489956562.5,-11.13672
2489956718.75,-11.13891
2489956875.0,-11.14213
2489957031.25,-11.14316
2489957187.5,-11.14725
2489957343.75,-11.14938
2489957500.0,-11.15302
2489957656.25,-11.15484
2489957812.5,-11.15845
2489957968.75,-11.16065
2489958125.0,-11.16475
2489958281.25,-11.16715
2489958437.5,-11.16988
2489958593.75,-11.17299
2489958750.0,-11.17425
2489958906.25,-11.17764
2489959062.5,-11.18084
2489959218.75,-11.18406
2489959375.0,-11.1879
2489959531.25,-11.18988
2489959687.5,-11.19323
2489959843.75,-11.19554
2489960000.0,-11.19829
2489960156.25,-11.20077
2489960312.5,-11.20348
2489960468.75,-11.20654
2489960625.0,-11.21041
2489960781.25,-11.21344
2489960937.5,-11.21569
2489961093.75,-11.21781
2489961250.0,-11.22107
2489961406.25,-11.2236
2489961562.5,-11.22653
2489961718.75,-11.22908
2489961875.0,-11.23217
2489962031.25,-11.23537
2489962187.5,-11.23839
2489962343.75,-11.24112
2489962500.0,-11.24256
2489962656.25,-11.24595
2489962812.5,-11.24985
2489962968.75,-11.25187
2489963125.0,-11.25584
2489963281.25,-11.25811
2489963437.5,-11.26099
2489963593.75,-11.26364
2489963750.0,-11.26603
2489963906.25,-11.27007
2489964062.5,-11.27207
2489964218.75,-11.27479
2489964375.0,-11.2777
2489964531.25,-11.28075
2489964687.5,-11.28377
2489964843.75,-11.28663
2489965000.0,-11.28973
2489965156.25,-11.29185
2489965312.5,-11.29487
2489965468.75,-11.29759
2489965625.0,-11.30057
2489965781.25,-11.30456
2489965937.5,-11.30627
2489966093.75,-11.3096
2489966250.0,-11.31181
2489966406.25,-11.31494
2489966562.5,-11.31754
2489966718.75,-11.32129
2489966875.0,-11.3228
2489967031.25,-11.32707
2489967187.5,-11.3293
2489967343.75,-11.33315
2489967500.0,-11.33612
2489967656.25,-11.33867
2489967812.5,-11.34134
2489967968.75,-11.34385
2489968125.0,-11.34717
2489968281.25,-11.35015
2489968437.5,-11.35303
2489968593.75,-11.35586
2489968750.0,-11.35962
2489968906.25,-11.3617
2489969062.5,-11.36342
2489969218.75,-11.36638
2489969375.0,-11.36913
2489969531.25,-11.37212
2489969687.5,-11.37667
2489969843.75,-11.37838
2489970000.0,-11.3817
2489970156.25,-11.38551
2489970312.5,-11.38628
2489970468.75,-11.3896
2489970625.0,-11.39273
2489970781.25,-11.39613
2489970937.5,-11.39914
2489971093.75,-11.40171
2489971250.0,-11.40467
2489971406.25,-11.40757
2489971562.5,-11.41091
2489971718.75,-11.41271
2489971875.0,-11.41496
2489972031.25,-11.41892
2489972187.5,-11.42223
2489972343.75,-11.4251
2489972500.0,-11.42789
2489972656.25,-11.43147
2489972812.5,-11.43383
2489972968.75,-11.43608
2489973125.0,-11.43801
2489973281.25,-11.44224
2489973437.5,-11.44552
2489973593.75,-11.44763
2489973750.0,-11.45172
2489973906.25,-11.45298
2489974062.5,-11.45695
2489974218.75,-11.45898
2489974375.0,-11.46289
2489974531.25,-11.46529
2489974687.5,-11.46822
2489974843.75,-11.47069
2489975000.0,-11.47346
2489975156.25,-11.47722
2489975312.5,-11.47945
2489975468.75,-11.48285
2489975625.0,-11.48439
2489975781.25,-11.4876
2489975937.5,-11.49127
2489976093.75,-11.49443
2489976250.0,-11.49768
2489976406.25,-11.50066
2489976562.5,-11.50277
2489976718.75,-11.50643
2489976875.0,-11.5072
2489977031.25,-11.51002
2489977187.5,-11.5135
2489977343.75,-11.51686
2489977500.0,-11.52024
2489977656.25,-11.5234
2489977812.5,-11.52669
2489977968.75,-11.52869
2489978125.0,-11.53201
2489978281.25,-11.53413
2489978437.5,-11.53716
2489978593.75,-11.54052
2489978750.0,-11.5441
2489978906.25,-11.54669
2489979062.5,-11.54949
2489979218.75,-11.55169
2489979375.0,-11.55437
2489979531.25,-11.55827
2489979687.5,-11.56004
2489979843.75,-11.5632
2489980000.0,-11.56654
2489980156.25,-11.56954
2489980312.5,-11.57349
2489980468.75,-11.57584
2489980625.0,-11.57878
2489980781.25,-11.58224
2489980937.5,-11.58454
2489981093.75,-11.58646
2489981250.0,-11.5894
2489981406.25,-11.59281
2489981562.5,-11.59696
2489981718.75,-11.59965
2489981875.0,-11.6021
2489982031.25,-11.60471
2489982187.5,-11.60742
2489982343.75,-11.61019
2489982500.0,-11.61286
2489982656.25,-11.61696
2489982812.5,-11.6197
2489982968.75,-11.62309
2489983125.0,-11.62562
2489983281.25,-11.62768
2489983437.5,-11.62985
2489983593.75,-11.6333
2489983750.0,-11.63675
2489983906.25,-11.63936
2489984062.5,-11.64284
2489984218.75,-11.64711
2489984375.0,-11.64849
2489984531.25,-11.65192
2489984687.5,-11.65381
2489984843.75,-11.65629
2489985000.0,-11.65955
2489985156.25,-11.66308
2489985312.5,-11.66585
2489985468.75,-11.67002
2489985625.0,-11.67333
2489985781.25,-11.67582
2489985937.5,-11.67719
2489986093.75,-11.6794
2489986250.0,-11.68292
2489986406.25,-11.68583
2489986562.5,-11.68965
2489986718.75,-11.6924
2489986875.0,-11.69596
2489987031.25,-11.69855
2489987187.5,-11.70214
2489987343.75,-11.70445
2489987500.0,-11.70723
2489987656.25,-11.71036
2489987812.5,-11.71312
2489987968.75,-11.71568
2489988125.0,-11.72022
2489988281.25,-11.72298
2489988437.5,-11.72511
2489988593.75,-11.72737
2489988750.0,-11.73039
2489988906.25,-11.7327
2489989062.5,-11.73663
2489989218.75,-11.73911
2489989375.0,-11.74298
2489989531.25,-11.74653
2489989687.5,-11.7482
2489989843.75,-11.75001
2489990000.0,-11.75368
2489990156.25,-11.75728
2489990312.5,-11.75915
2489990468.75,-11.76348
2489990625.0,-11.76606
2489990781.25,-11.7698
2489990937.5,-11.77209
2489991093.75,-11.7739
2489991250.0,-11.77644
2489991406.25,-11.78024
2489991562.5,-11.78281
2489991718.75,-11.78645
2489991875.0,-11.78907
2489992031.25,-11.79241
2489992187.5,-11.79566
2489992343.75,-11.79846
2489992500.0,-11.80089
2489992656.25,-11.80295
2489992812.5,-11.8059
2489992968.75,-11.80941
2489993125.0,-11.81381
2489993281.25,-11.81561
2489993437.5,-11.81992
2489993593.75,-11.82229
2489993750.0,-11.82513
2489993906.25,-11.82626
2489994062.5,-11.82925
2489994218.75,-11.83273
2489994375.0,-11.83598
2489994531.25,-11.83959
2489994687.5,-11.84317
2489994843.75,-11.84515
2489995000.0,-11.84875
2489995156.25,-11.85063
2489995312.5,-11.85246
2489995468.75,-11.85563
2489995625.0,-11.8601
2489995781.25,-11.86362
2489995937.5,-11.86656
2489996093.75,-11.86983
2489996250.0,-11.87221
2489996406.25,-11.87439
2489996562.5,-11.87685
2489996718.75,-11.88004
2489996875.0,-11.8835
2489997031.25,-11.88664
2489997187.5,-11.88993
2489997343.75,-11.89332
2489997500.0,-11.89549
2489997656.25,-11.89887
2489997812.5,-11.9009
2489997968.75,-11.9035
2489998125.0,-11.90682
2489998281.25,-11.91051
2489998437.5,-11.91323
2489998593.75,-11.91754
2489998750.0,-11.91862
2489998906.25,-11.92225
2489999062.5,-11.92485
2489999218.75,-11.92722
2489999375.0,-11.93098
2489999531.25,-11.9332
2489999687.5,-11.93725
2489999843.75,-11.94049
2490000000.0,-11.94357
2490000156.25,-11.9453
2490000312.5,-11.9484
2490000468.75,-11.95065
2490000625.0,-11.95377
2490000781.25,-11.95731
2490000937.5,-11.9602
2490001093.75,-11.96331
2490001250.0,-11.96591
2490001406.25,-11.96892
2490001562.5,-11.97186
2490001718.75,-11.97454
2490001875.0,-11.97775
2490002031.25,-11.98069
2490002187.5,-11.98277
2490002343.75,-11.98645
2490002500.0,-11.98987
2490002656.25,-11.99196
2490002812.5,-11.99578
2490002968.75,-11.99733
2490003125.0,-12.00063
2490003281.25,-12.00344
2490003437.5,-12.00676
2490003593.75,-12.01042
2490003750.0,-12.01342
2490003906.25,-12.01658
2490004062.5,-12.01852
2490004218.75,-12.02115
2490004375.0,-12.02403
2490004531.25,-12.02823
2490004687.5,-12.03081
2490004843.75,-12.03248
2490005000.0,-12.0376
2490005156.25,-12.03987
2490005312.5,-12.04248
2490005468.75,-12.04482
2490005625.0,-12.04661
2490005781.25,-12.05002
2490005937.5,-12.05329
2490006093.75,-12.05682
2490006250.0,-12.05987
2490006406.25,-12.0632
2490006562.5,-12.06715
2490006718.75,-12.06892
2490006875.0,-12.07179
2490007031.25,-12.07496
2490007187.5,-12.0773
2490007343.75,-12.0809
2490007500.0,-12.08407
2490007656.25,-12.08734
2490007812.5,-12.09069
2490007968.75,-12.09316
2490008125.0,-12.09612
2490008281.25,-12.09871
2490008437.5,-12.10168
2490008593.75,-12.10417
2490008750.0,-12.10892
2490008906.25,-12.11151
2490009062.5,-12.1152
2490009218.75,-12.11707
2490009375.0,-12.11938
2490009531.25,-12.12231
2490009687.5,-12.12594
2490009843.75,-12.12819
2490010000.0,-12.13194
2490010156.25,-12.13464
2490010312.5,-12.1369
2490010468.75,-12.14073
2490010625.0,-12.14409
2490010781.25,-12.14632
2490010937.5,-12.14822
2490011093.75,-12.15127
2490011250.0,-12.15436
2490011406.25,-12.15805
2490011562.5,-12.161
2490011718.75,-12.16457
2490011875.0,-12.16656
2490012031.25,-12.16963
2490012187.5,-12.17144
2490012343.75,-12.17497
2490012500.0,-12.17759
2490012656.25,-12.18091
2490012812.5,-12.18506
2490012968.75,-12.18749
2490013125.0,-12.19045
2490013281.25,-12.19296
2490013437.5,-12.19618
2490013593.75,-12.19861
2490013750.0,-12.20226
2490013906.25,-12.20603
2490014062.5,-12.20893
2490014218.75,-12.21123
2490014375.0,-12.21506
2490014531.25,-12.21762
2490014687.5,-12.22001
2490014843.75,-12.22116
2490015000.0,-12.22419
2490015156.25,-12.22843
2490015312.5,-12.2315
2490015468.75,-12.23551
2490015625.0,-12.23939
2490015781.25,-12.24155
2490015937.5,-12.24272
2490016093.75,-12.24623
2490016250.0,-12.24886
2490016406.25,-12.25223
2490016562.5,-12.25502
2490016718.75,-12.25833
2490016875.0,-12.26204
2490017031.25,-12.26486
2490017187.5,-12.26719
2490017343.75,-12.26979
2490017500.0,-12.27203
2490017656.25,-12.2749
2490017812.5,-12.27925
2490017968.75,-12.28223
2490018125.0,-12.28583
2490018281.25,-12.28856
2490018437.5,-12.29026
2490018593.75,-12.29331
2490018750.0,-12.29543
2490018906.25,-12.29921
2490019062.5,-12.30196
2490019218.75,-12.30619
2490019375.0,-12.30947
2490019531.25,-12.31272
2490019687.5,-12.31476
2490019843.75,-12.31711
2490020000.0,-12.31943
2490020156.25,-12.32133
2490020312.5,-12.32551
2490020468.75,-12.32931
2490020625.0,-12.33243
2490020781.25,-12.33494
2490020937.5,-12.33827
2490021093.75,-12.34095
2490021250.0,-12.34277
2490021406.25,-12.3471
2490021562.5,-12.34909
2490021718.75,-12.35277
2490021875.0,-12.35516
2490022031.25,-12.359
2490022187.5,-12.36292
2490022343.75,-12.3656
2490022500.0,-12.36762
2490022656.25,-12.37156
2490022812.5,-12.37365
2490022968.75,-12.37612
2490023125.0,-12.37855
2490023281.25,-12.38304
2490023437.5,-12.38538
2490023593.75,-12.38801
2490023750.0,-12.39044
2490023906.25,-12.39446
2490024062.5,-12.39653
2490024218.75,-12.40022
2490024375.0,-12.4035
2490024531.25,-12.40654
2490024687.5,-12.40906
2490024843.75,-12.41158
2490025000.0,-12.41415
2490025156.25,-12.41838
2490025312.5,-12.42105
2490025468.75,-12.42416
2490025625.0,-12.42647
2490025781.25,-12.43034
2490025937.5,-12.43397
2490026093.75,-12.43592
2490026250.0,-12.4387
2490026406.25,-12.44127
2490026562.5,-12.44345
2490026718.75,-12.44695
2490026875.0,-12.44996
2490027031.25,-12.4532
2490027187.5,-12.45698
2490027343.75,-12.45969
2490027500.0,-12.46344
2490027656.25,-12.4649
2490027812.5,-12.46739
2490027968.75,-12.47138
2490028125.0,-12.47291
2490028281.25,-12.47688
2490028437.5,-12.48025
2490028593.75,-12.48294
2490028750.0,-12.48545
2490028906.25,-12.48886
2490029062.5,-12.49219
2490029218.75,-12.49429
2490029375.0,-12.49601
2490029531.25,-12.50039
2490029687.5,-12.50357
2490029843.75,-12.50649
2490030000.0,-12.51013
2490030156.25,-12.51329
2490030312.5,-12.51532
2490030468.75,-12.51799
2490030625.0,-12.52065
2490030781.25,-12.524
2490030937.5,-12.52826
2490031093.75,-12.52985
2490031250.0,-12.5331
2490031406.25,-12.53658
2490031562.5,-12.53987
2490031718.75,-12.54149
2490031875.0,-12.54387
2490032031.25,-12.54778
2490032187.5,-12.55029
2490032343.75,-12.55408
2490032500.0,-12.55748
2490032656.25,-12.55967
2490032812.5,-12.56343
2490032968.75,-12.56602
2490033125.0,-12.56699
2490033281.25,-12.57151
2490033437.5,-12.57399
2490033593.75,-12.5782
2490033750.0,-12.58079
2490033906.25,-12.5833
2490034062.5,-12.58638
2490034218.75,-12.58827
2490034375.0,-12.59084
2490034531.25,-12.59457
2490034687.5,-12.59746
2490034843.75,-12.60058
2490035000.0,-12.60526
2490035156.25,-12.60729
2490035312.5,-12.61016
2490035468.75,-12.61363
2490035625.0,-12.61568
2490035781.25,-12.61787
2490035937.5,-12.62052
2490036093.75,-12.62406
2490036250.0,-12.62733
2490036406.25,-12.63058
2490036562.5,-12.63409
2490036718.75,-12.63571
2490036875.0,-12.63961
2490037031.25,-12.64227
2490037187.5,-12.64516
2490037343.75,-12.64744
2490037500.0,-12.65171
2490037656.25,-12.65419
2490037812.5,-12.65697
2490037968.75,-12.6599
2490038125.0,-12.6629
2490038281.25,-12.66499
2490038437.5,-12.66878
2490038593.75,-12.67186
2490038750.0,-12.6744
2490038906.25,-12.67781
2490039062.5,-12.68097
2490039218.75,-12.68278
2490039375.0,-12.68668
2490039531.25,-12.68837
2490039687.5,-12.69181
2490039843.75,-12.69454
2490040000.0,-12.69793
2490040156.25,-12.70141
2490040312.5,-12.70387
2490040468.75,-12.70736
2490040625.0,-12.71027
2490040781.25,-12.71184
2490040937.5,-12.71559
2490041093.75,-12.71773
2490041250.0,-12.72116
2490041406.25,-12.72498
2490041562.5,-12.72767
2490041718.75,-12.72996
2490041875.0,-12.73463
2490042031.25,-12.73567
2490042187.5,-12.7384
2490042343.75,-12.74153
2490042500.0,-12.74478
2490042656.25,-12.74753
2490042812.5,-12.75061
2490042968.75,-12.75449
2490043125.0,-12.75712
2490043281.25,-12.75934
2490043437.5,-12.76257
2490043593.75,-12.76562
2490043750.0,-12.76799
2490043906.25,-12.771
2490044062.5,-12.77404
2490044218.75,-12.77752
2490044375.0,-12.77954
2490044531.25,-12.78339
2490044687.5,-12.78483
2490044843.75,-12.78834
2490045000.0,-12.79205
2490045156.25,-12.79487
2490045312.5,-12.79737
2490045468.75,-12.80088
2490045625.0,-12.80376
2490045781.25,-12.80692
2490045937.5,-12.81085
2490046093.75,-12.81255
2490046250.0,-12.81509
2490046406.25,-12.81791
2490046562.5,-12.82157
2490046718.75,-12.82503
2490046875.0,-12.82747
2490047031.25,-12.83008
2490047187.5,-12.83349
2490047343.75,-12.83591
2490047500.0,-12.8397
2490047656.25,-12.84159
2490047812.5,-12.84561
2490047968.75,-12.84765
2490048125.0,-12.85122
2490048281.25,-12.85443
2490048437.5,-12.85691
2490048593.75,-12.85879
2490048750.0,-12.8622
2490048906.25,-12.86562
2490049062.5,-12.86799
2490049218.75,-12.87027
2490049375.0,-12.87445
2490049531.25,-12.87698
2490049687.5,-12.88006
2490049843.75,-12.8826
2490050000.0,-12.88558
2490050156.25,-12.88822
2490050312.5,-12.89213
2490050468.75,-12.89431
2490050625.0,-12.89755
2490050781.25,-12.90115
2490050937.5,-12.90373
2490051093.75,-12.90645
2490051250.0,-12.9099
2490051406.25,-12.91185
2490051562.5,-12.91414
2490051718.75,-12.91815
2490051875.0,-12.92121
2490052031.25,-12.92344
2490052187.5,-12.92589
2490052343.75,-12.92894
2490052500.0,-12.93255
2490052656.25,-12.93422
2490052812.5,-12.93754
2490052968.75,-12.94111
2490053125.0,-12.94459
2490053281.25,-12.94674
2490053437.5,-12.95083
2490053593.75,-12.95341
2490053750.0,-12.95524
2490053906.25,-12.958
2490054062.5,-12.96066
2490054218.75,-12.96439
2490054375.0,-12.96714
2490054531.25,-12.97014
2490054687.5,-12.9728
2490054843.75,-12.97683
2490055000.0,-12.97813
2490055156.25,-12.98171
2490055312.5,-12.98572
2490055468.75,-12.98754
2490055625.0,-12.99064
2490055781.25,-12.994
2490055937.5,-12.99714
2490056093.75,-13.00023
2490056250.0,-13.00237
2490056406.25,-13.00492
2490056562.5,-13.00785
2490056718.75,-13.01018
2490056875.0,-13.01392
2490057031.25,-13.01713
2490057187.5,-13.02024
2490057343.75,-13.0233
2490057500.0,-13.02582
2490057656.25,-13.02847
2490057812.5,-13.03184
2490057968.75,-13.03454
2490058125.0,-13.03752
2490058281.25,-13.04047
2490058437.5,-13.04317
2490058593.75,-13.0465
2490058750.0,-13.04918
2490058906.25,-13.05244
2490059062.5,-13.05452
2490059218.75,-13.05722
2490059375.0,-13.06007
2490059531.25,-13.06322
2490059687.5,-13.06679
2490059843.75,-13.06888
2490060000.0,-13.07244
2490060156.25,-13.07445
2490060312.5,-13.07788
2490060468.75,-13.08099
2490060625.0,-13.08514
2490060781.25,-13.08649
2490060937.5,-13.09035
2490061093.75,-13.0935
2490061250.0,-13.09558
2490061406.25,-13.0988
2490061562.5,-13.10193
2490061718.75,-13.10367
2490061875.0,-13.10672
2490062031.25,-13.11
2490062187.5,-13.113
2490062343.75,-13.11704
2490062500.0,-13.11817
2490062656.25,-13.12205
2490062812.5,-13.12432
2490062968.75,-13.12825
2490063125.0,-13.13046
2490063281.25,-13.13207
2490063437.5,-13.13677
2490063593.75,-13.13971
2490063750.0,-13.14154
2490063906.25,-13.14468
2490064062.5,-13.14763
2490064218.75,-13.15063
2490064375.0,-13.15271
2490064531.25,-13.15703
2490064687.5,-13.15922
2490064843.75,-13.16284
2490065000.0,-13.16464
2490065156.25,-13.16811
2490065312.5,-13.1711
2490065468.75,-13.17366
2490065625.0,-13.17632
2490065781.25,-13.17975
2490065937.5,-13.18254
2490066093.75,-13.18474
2490066250.0,-13.18782
2490066406.25,-13.19274
2490066562.5,-13.19421
2490066718.75,-13.19653
2490066875.0,-13.20024
2490067031.25,-13.2027
2490067187.5,-13.20528
2490067343.75,-13.20857
2490067500.0,-13.21149
2490067656.25,-13.21393
2490067812.5,-13.2177
2490067968.75,-13.21966
2490068125.0,-13.2227
2490068281.25,-13.226
2490068437.5,-13.22973
2490068593.75,-13.2312
2490068750.0,-13.23413
2490068906.25,-13.23691
2490069062.5,-13.24012
2490069218.75,-13.24352
2490069375.0,-13.24692
2490069531.25,-13.24878
2490069687.5,-13.25166
2490069843.75,-13.25524
2490070000.0,-13.2575
2490070156.25,-13.26121
2490070312.5,-13.26429
2490070468.75,-13.26693
2490070625.0,-13.26946
2490070781.25,-13.27141
2490070937.5,-13.27571
2490071093.75,-13.27827
2490071250.0,-13.28126
2490071406.25,-13.28326
2490071562.5,-13.28662
2490071718.75,-13.28985
2490071875.0,-13.29397
2490072031.25,-13.29622
2490072187.5,-13.29937
2490072343.75,-13.30179
2490072500.0,-13.30337
2490072656.25,-13.30733
2490072812.5,-13.31028
2490072968.75,-13.31342
2490073125.0,-13.31596
2490073281.25,-13.31875
2490073437.5,-13.32118
2490073593.75,-13.32378
2490073750.0,-13.32761
2490073906.25,-13.33014
2490074062.5,-13.33269
2490074218.75,-13.33577
2490074375.0,-13.33875
2490074531.25,-13.34116
2490074687.5,-13.3446
2490074843.75,-13.34567
2490075000.0,-13.35025
2490075156.25,-13.35221
2490075312.5,-13.35497
2490075468.75,-13.35837
2490075625.0,-13.36203
2490075781.25,-13.36372
2490075937.5,-13.36705
2490076093.75,-13.37035
2490076250.0,-13.37276
2490076406.25,-13.37638
2490076562.5,-13.37891
2490076718.75,-13.38181
2490076875.0,-13.38498
2490077031.25,-13.38766
2490077187.5,-13.39096
2490077343.75,-13.39359
2490077500.0,-13.39536
2490077656.25,-13.39865
2490077812.5,-13.40295
2490077968.75,-13.40479
2490078125.0,-13.40759
2490078281.25,-13.41022
2490078437.5,-13.41326
2490078593.75,-13.41631
2490078750.0,-13.41826
2490078906.25,-13.42214
2490079062.5,-13.42406
2490079218.75,-13.42811
2490079375.0,-13.43026
2490079531.25,-13.43383
2490079687.5,-13.43633
2490079843.75,-13.43866
2490080000.0,-13.44154
2490080156.25,-13.44404
2490080312.5,-13.44721
2490080468.75,-13.45096
2490080625.0,-13.45431
2490080781.25,-13.45612
2490080937.5,-13.46006
2490081093.75,-13.46114
2490081250.0,-13.46433
2490081406.25,-13.46682
2490081562.5,-13.47036
2490081718.75,-13.47358
2490081875.0,-13.47675
2490082031.25,-13.4794
2490082187.5,-13.48288
2490082343.75,-13.48464
2490082500.0,-13.48733
2490082656.25,-13.49073
2490082812.5,-13.49324
2490082968.75,-13.4968
2490083125.0,-13.49923
2490083281.25,-13.50209
2490083437.5,-13.50495
2490083593.75,-13.50801
2490083750.0,-13.51121
2490083906.25,-13.51292
2490084062.5,-13.51563
2490084218.75,-13.52017
2490084375.0,-13.52117
2490084531.25,-13.52525
2490084687.5,-13.52832
2490084843.75,-13.53077
2490085000.0,-13.53426
2490085156.25,-13.53595
2490085312.5,-13.53857
2490085468.75,-13.54084
2490085625.0,-13.54399
2490085781.25,-13.54732
2490085937.5,-13.55164
2490086093.75,-13.5539
2490086250.0,-13.55703
2490086406.25,-13.5594
2490086562.5,-13.56146
2490086718.75,-13.56433
2490086875.0,-13.56802
2490087031.25,-13.5707
2490087187.5,-13.57395
2490087343.75,-13.57707
2490087500.0,-13.57976
2490087656.25,-13.582
2490087812.5,-13.58486
2490087968.75,-13.58651
2490088125.0,-13.59122
2490088281.25,-13.59416
2490088437.5,-13.59724
2490088593.75,-13.59826
2490088750.0,-13.60241
2490088906.25,-13.60503
2490089062.5,-13.60698
2490089218.75,-13.61044
2490089375.0,-13.61329
2490089531.25,-13.61572
2490089687.5,-13.61902
2490089843.75,-13.62306
2490090000.0,-13.62532
2490090156.25,-13.62685
2490090312.5,-13.62857
2490090468.75,-13.63289
2490090625.0,-13.63557
2490090781.25,-13.63925
2490090937.5,-13.64108
2490091093.75,-13.64472
2490091250.0,-13.64709
2490091406.25,-13.64953
2490091562.5,-13.65292
2490091718.75,-13.65441
2490091875.0,-13.65898
2490092031.25,-13.66056
2490092187.5,-13.6643
2490092343.75,-13.66833
2490092500.0,-13.67036
2490092656.25,-13.67357
2490092812.5,-13.67575
2490092968.75,-13.67861
2490093125.0,-13.68138
2490093281.25,-13.68428
2490093437.5,-13.68706
2490093593.75,-13.68943
2490093750.0,-13.69386
2490093906.25,-13.69529
2490094062.5,-13.69875
2490094218.75,-13.70082
2490094375.0,-13.70374
2490094531.25,-13.70669
2490094687.5,-13.70918
2490094843.75,-13.71196
2490095000.0,-13.71619
2490095156.25,-13.71916
2490095312.5,-13.7209
2490095468.75,-13.72346
2490095625.0,-13.72585
2490095781.25,-13.73004
2490095937.5,-13.73166
2490096093.75,-13.73448
2490096250.0,-13.73804
2490096406.25,-13.7406
2490096562.5,-13.74478
2490096718.75,-13.74688
2490096875.0,-13.74947
2490097031.25,-13.75095
2490097187.5,-13.75523
2490097343.75,-13.75815
2490097500.0,-13.76083
2490097656.25,-13.76419
2490097812.5,-13.76726
2490097968.75,-13.76985
2490098125.0,-13.77152
2490098281.25,-13.77425
2490098437.5,-13.77672
2490098593.75,-13.78072
2490098750.0,-13.7836
2490098906.25,-13.78546
2490099062.5,-13.78942
2490099218.75,-13.79188
2490099375.0,-13.79453
2490099531.25,-13.79762
2490099687.5,-13.80035
2490099843.75,-13.80225
2490100000.0,-13.80615
2490100156.25,-13.80818
2490100312.5,-13.81163
2490100468.75,-13.81507
2490100625.0,-13.81683
2490100781.25,-13.81962
2490100937.5,-13.82189
2490101093.75,-13.82554
2490101250.0,-13.82861
2490101406.25,-13.83098
2490101562.5,-13.83444
2490101718.75,-13.83742
2490101875.0,-13.83966
2490102031.25,-13.84178
2490102187.5,-13.84426
2490102343.75,-13.84709
2490102500.0,-13.85029
2490102656.25,-13.85371
2490102812.5,-13.85722
2490102968.75,-13.86043
2490103125.0,-13.86261
2490103281.25,-13.8648
2490103437.5,-13.86663
2490103593.75,-13.8694
2490103750.0,-13.87387
2490103906.25,-13.87592
2490104062.5,-13.87882
2490104218.75,-13.88161
2490104375.0,-13.88458
2490104531.25,-13.88798
2490104687.5,-13.89072
2490104843.75,-13.892
2490105000.0,-13.89601
2490105156.25,-13.89935
2490105312.5,-13.90111
2490105468.75,-13.90466
2490105625.0,-13.90682
2490105781.25,-13.90955
2490105937.5,-13.91198
2490106093.75,-13.91424
2490106250.0,-13.91755
2490106406.25,-13.92022
2490106562.5,-13.9238
2490106718.75,-13.92767
2490106875.0,-13.92933
2490107031.25,-13.9318
2490107187.5,-13.93531
2490107343.75,-13.93721
2490107500.0,-13.93957
2490107656.25,-13.94198
2490107812.5,-13.94586
2490107968.75,-13.94924
2490108125.0,-13.95209
2490108281.25,-13.95506
2490108437.5,-13.95704
2490108593.75,-13.95993
2490108750.0,-13.96271
2490108906.25,-13.96511
2490109062.5,-13.9675
2490109218.75,-13.97075
2490109375.0,-13.97418
2490109531.25,-13.97651
2490109687.5,-13.97959
2490109843.75,-13.98258
2490110000.0,-13.98458
2490110156.25,-13.98802
2490110312.5,-13.99029
2490110468.75,-13.99278
2490110625.0,-13.99626
2490110781.25,-13.99985
2490110937.5,-14.00175
2490111093.75,-14.00418
2490111250.0,-14.00655
2490111406.25,-14.0085
2490111562.5,-14.01312
2490111718.75,-14.0146
2490111875.0,-14.01797
2490112031.25,-14.02225
2490112187.5,-14.02421
2490112343.75,-14.02703
2490112500.0,-14.03026
2490112656.25,-14.03247
2490112812.5,-14.0352
2490112968.75,-14.03865
2490113125.0,-14.04093
2490113281.25,-14.04271
2490113437.5,-14.04762
2490113593.75,-14.04946
2490113750.0,-14.05183
2490113906.25,-14.05425
2490114062.5,-14.057
2490114218.75,-14.05969
2490114375.0,-14.06355
2490114531.25,-14.06638
2490114687.5,-14.06822
2490114843.75,-14.0729
2490115000.0,-14.07508
2490115156.25,-14.07604
2490115312.5,-14.07993
2490115468.75,-14.08272
2490115625.0,-14.08573
2490115781.25,-14.08905
2490115937.5,-14.09197
2490116093.75,-14.0939
2490116250.0,-14.0969
2490116406.25,-14.09845
2490116562.5,-14.10134
2490116718.75,-14.10381
2490116875.0,-14.10707
2490117031.25,-14.11028
2490117187.5,-14.11338
2490117343.75,-14.11547
2490117500.0,-14.1188
2490117656.25,-14.12145
2490117812.5,-14.12438
2490117968.75,-14.12591
2490118125.0,-14.12878
2490118281.25,-14.13231
2490118437.5,-14.1357
2490118593.75,-14.13724
2490118750.0,-14.14024
2490118906.25,-14.14291
2490119062.5,-14.1452
2490119218.75,-14.148
2490119375.0,-14.15161
2490119531.25,-14.15497
2490119687.5,-14.15756
2490119843.75,-14.16117
2490120000.0,-14.16313
2490120156.25,-14.16513
2490120312.5,-14.16714
2490120468.75,-14.17107
2490120625.0,-14.17363
2490120781.25,-14.17684
2490120937.5,-14.1793
2490121093.75,-14.18261
2490121250.0,-14.18601
2490121406.25,-14.18857
2490121562.5,-14.1903
2490121718.75,-14.19339
2490121875.0,-14.19527
2490122031.25,-14.19785
2490122187.5,-14.20047
2490122343.75,-14.20309
2490122500.0,-14.20764
2490122656.25,-14.20965
2490122812.5,-14.21209
2490122968.75,-14.21519
2490123125.0,-14.21712
2490123281.25,-14.21958
2490123437.5,-14.22163
2490123593.75,-14.22538
2490123750.0,-14.22875
2490123906.25,-14.23201
2490124062.5,-14.23494
2490124218.75,-14.23695
2490124375.0,-14.23944
2490124531.25,-14.24105
2490124687.5,-14.24511
2490124843.75,-14.24765
2490125000.0,-14.25131
2490125156.25,-14.2536
2490125312.5,-14.25555
2490125468.75,-14.2585
2490125625.0,-14.26122
2490125781.25,-14.26398
2490125937.5,-14.26763
2490126093.75,-14.27024
2490126250.0,-14.27354
2490126406.25,-14.27477
2490126562.5,-14.27676
2490126718.75,-14.2814
2490126875.0,-14.28258
2490127031.25,-14.28644
2490127187.5,-14.2879
2490127343.75,-14.29056
2490127500.0,-14.29352
2490127656.25,-14.29775
2490127812.5,-14.30178
2490127968.75,-14.30258
2490128125.0,-14.30588
2490128281.25,-14.30791
2490128437.5,-14.31085
2490128593.75,-14.3139
2490128750.0,-14.31697
2490128906.25,-14.32024
2490129062.5,-14.32163
2490129218.75,-14.32514
2490129375.0,-14.32706
2490129531.25,-14.32935
2490129687.5,-14.33208
2490129843.75,-14.33504
2490130000.0,-14.33815
2490130156.25,-14.34184
2490130312.5,-14.34447
2490130468.75,-14.34591
2490130625.0,-14.34959
2490130781.25,-14.35184
2490130937.5,-14.35334
2490131093.75,-14.35708
2490131250.0,-14.36114
2490131406.25,-14.36352
2490131562.5,-14.36644
2490131718.75,-14.36866
2490131875.0,-14.37172
2490132031.25,-14.37306
2490132187.5,-14.37597
2490132343.75,-14.37744
2490132500.0,-14.382
2490132656.25,-14.38398
2490132812.5,-14.38803
2490132968.75,-14.38957
2490133125.0,-14.39342
2490133281.25,-14.39625
2490133437.5,-14.39767
2490133593.75,-14.40056
2490133750.0,-14.40303
2490133906.25,-14.40664
2490134062.5,-14.40929
2490134218.75,-14.41223
2490134375.0,-14.41366
2490134531.25,-14.4172
2490134687.5,-14.41998
2490134843.75,-14.42154
2490135000.0,-14.42565
2490135156.25,-14.42691
2490135312.5,-14.43058
2490135468.75,-14.43285
2490135625.0,-14.43564
2490135781.25,-14.43959
2490135937.5,-14.44066
2490136093.75,-14.44439
2490136250.0,-14.44658
2490136406.25,-14.45024
2490136562.5,-14.45116
2490136718.75,-14.45623
2490136875.0,-14.45898
2490137031.25,-14.46025
2490137187.5,-14.46222
2490137343.75,-14.46566
2490137500.0,-14.46843
2490137656.25,-14.4707
2490137812.5,-14.47374
2490137968.75,-14.47573
2490138125.0,-14.48052
2490138281.25,-14.48231
2490138437.5,-14.48499
2490138593.75,-14.48764
2490138750.0,-14.48909
2490138906.25,-14.49209
2490139062.5,-14.49586
2490139218.75,-14.4985
2490139375.0,-14.5014
2490139531.25,-14.50437
2490139687.5,-14.50713
2490139843.75,-14.5088
2490140000.0,-14.51126
2490140156.25,-14.51461
2490140312.5,-14.51705
2490140468.75,-14.52008
2490140625.0,-14.52331
2490140781.25,-14.52558
2490140937.5,-14.52841
2490141093.75,-14.53093
2490141250.0,-14.53325
2490141406.25,-14.53635
2490141562.5,-14.53831
2490141718.75,-14.54263
2490141875.0,-14.54448
2490142031.25,-14.54666
2490142187.5,-14.54915
2490142343.75,-14.55223
2490142500.0,-14.55556
2490142656.25,-14.55746
2490142812.5,-14.56035
2490142968.75,-14.56249
2490143125.0,-14.56659
2490143281.25,-14.5696
2490143437.5,-14.57094
2490143593.75,-14.57469
2490143750.0,-14.57744
2490143906.25,-14.57962
2490144062.5,-14.58243
2490144218.75,-14.58415
2490144375.0,-14.58784
2490144531.25,-14.58977
2490144687.5,-14.59307
2490144843.75,-14.595
2490145000.0,-14.59901
2490145156.25,-14.60158
2490145312.5,-14.60385
2490145468.75,-14.60619
2490145625.0,-14.60835
2490145781.25,-14.6109
2490145937.5,-14.61407
2490146093.75,-14.61701
2490146250.0,-14.61956
2490146406.25,-14.62255
2490146562.5,-14.62514
2490146718.75,-14.6274
2490146875.0,-14.62916
2490147031.25,-14.63369
2490147187.5,-14.6353
2490147343.75,-14.63786
2490147500.0,-14.64006
2490147656.25,-14.64353
2490147812.5,-14.64528
2490147968.75,-14.64912
2490148125.0,-14.65145
2490148281.25,-14.65465
2490148437.5,-14.65823
2490148593.75,-14.65876
2490148750.0,-14.66171
2490148906.25,-14.66569
2490149062.5,-14.66753
2490149218.75,-14.67071
2490149375.0,-14.67254
2490149531.25,-14.67532
2490149687.5,-14.67882
2490149843.75,-14.68072
2490150000.0,-14.68281
2490150156.25,-14.68653
2490150312.5,-14.68972
2490150468.75,-14.69178
2490150625.0,-14.69439
2490150781.25,-14.69647
2490150937.5,-14.70028
2490151093.75,-14.70218
2490151250.0,-14.7046
2490151406.25,-14.70661
2490151562.5,-14.71051
2490151718.75,-14.71146
2490151875.0,-14.71563
2490152031.25,-14.71848
2490152187.5,-14.72178
2490152343.75,-14.72415
2490152500.0,-14.72778
2490152656.25,-14.72839
2490152812.5,-14.73125
2490152968.75,-14.7354
2490153125.0,-14.73629
2490153281.25,-14.74013
2490153437.5,-14.74345
2490153593.75,-14.74621
2490153750.0,-14.74774
2490153906.25,-14.75027
2490154062.5,-14.75303
2490154218.75,-14.75514
2490154375.0,-14.75834
2490154531.25,-14.76125
2490154687.5,-14.76421
2490154843.75,-14.76656
2490155000.0,-14.76859
2490155156.25,-14.77145
2490155312.5,-14.77491
2490155468.75,-14.77712
2490155625.0,-14.78002
2490155781.25,-14.78178
2490155937.5,-14.78479
2490156093.75,-14.7877
2490156250.0,-14.78958
2490156406.25,-14.79331
2490156562.5,-14.79419
2490156718.75,-14.79717
2490156875.0,-14.7998
2490157031.25,-14.80329
2490157187.5,-14.80599
2490157343.75,-14.80884
2490157500.0,-14.81195
2490157656.25,-14.81379
2490157812.5,-14.81745
2490157968.75,-14.8194
2490158125.0,-14.82119
2490158281.25,-14.82423
2490158437.5,-14.82794
2490158593.75,-14.82978
2490158750.0,-14.83203
2490158906.25,-14.83557
2490159062.5,-14.83716
2490159218.75,-14.8406
2490159375.0,-14.84362
2490159531.25,-14.84448
2490159687.5,-14.849
2490159843.75,-14.84941
2490160000.0,-14.85298
2490160156.25,-14.85611
2490160312.5,-14.85892
2490160468.75,-14.86178
2490160625.0,-14.86449
2490160781.25,-14.8667
2490160937.5,-14.86767
2490161093.75,-14.8702
2490161250.0,-14.87459
2490161406.25,-14.8777
2490161562.5,-14.88002
2490161718.75,-14.88361
2490161875.0,-14.88559
2490162031.25,-14.88845
2490162187.5,-14.89029
2490162343.75,-14.89217
2490162500.0,-14.89655
2490162656.25,-14.89626
2490162812.5,-14.90052
2490162968.75,-14.90382
2490163125.0,-14.90546
2490163281.25,-14.90888
2490163437.5,-14.91052
2490163593.75,-14.91297
2490163750.0,-14.91596
2490163906.25,-14.91815
2490164062.5,-14.92279
2490164218.75,-14.92469
2490164375.0,-14.92647
2490164531.25,-14.93071
2490164687.5,-14.93175
2490164843.75,-14.93484
2490165000.0,-14.9371
2490165156.25,-14.94024
2490165312.5,-14.94256
2490165468.75,-14.94599
2490165625.0,-14.94747
2490165781.25,-14.95098
2490165937.5,-14.95193
2490166093.75,-14.95612
2490166250.0,-14.95824
2490166406.25,-14.96114
2490166562.5,-14.96336
2490166718.75,-14.96527
2490166875.0,-14.96913
2490167031.25,-14.97087
2490167187.5,-14.9747
2490167343.75,-14.97592
2490167500.0,-14.97889
2490167656.25,-14.98184
2490167812.5,-14.98358
2490167968.75,-14.98725
2490168125.0,-14.98993
2490168281.25,-14.99334
2490168437.5,-14.99413
2490168593.75,-14.99839
2490168750.0,-14.99965
2490168906.25,-15.00188
2490169062.5,-15.00483
2490169218.75,-15.00737
2490169375.0,-15.00974
2490169531.25,-15.01325
2490169687.5,-15.01671
2490169843.75,-15.01897
2490170000.0,-15.02124
2490170156.25,-15.02382
2490170312.5,-15.02772
2490170468.75,-15.02868
2490170625.0,-15.03205
2490170781.25,-15.03407
2490170937.5,-15.03782
2490171093.75,-15.03928
2490171250.0,-15.04264
2490171406.25,-15.04522
2490171562.5,-15.04702
2490171718.75,-15.05053
2490171875.0,-15.05228
2490172031.25,-15.05487
2490172187.5,-15.05829
2490172343.75,-15.06032
2490172500.0,-15.06178
2490172656.25,-15.06581
2490172812.5,-15.06777
2490172968.75,-15.07047
2490173125.0,-15.07228
2490173281.25,-15.07462
2490173437.5,-15.07677
2490173593.75,-15.08118
2490173750.0,-15.08315
2490173906.25,-15.08631
2490174062.5,-15.08864
2490174218.75,-15.09036
2490174375.0,-15.09401
2490174531.25,-15.0965
2490174687.5,-15.09863
2490174843.75,-15.10108
2490175000.0,-15.10468
2490175156.25,-15.10643
2490175312.5,-15.10909
2490175468.75,-15.11084
2490175625.0,-15.11488
2490175781.25,-15.11725
2490175937.5,-15.11833
2490176093.75,-15.12174
2490176250.0,-15.12426
2490176406.25,-15.12701
2490176562.5,-15.12954
2490176718.75,-15.13228
2490176875.0,-15.13583
2490177031.25,-15.13723
2490177187.5,-15.14088
2490177343.75,-15.14228
2490177500.0,-15.14537
2490177656.25,-15.14796
2490177812.5,-15.14919
2490177968.75,-15.15379
2490178125.0,-15.1553
2490178281.25,-15.15856
2490178437.5,-15.16127
2490178593.75,-15.16296
2490178750.0,-15.16489
2490178906.25,-15.16831
2490179062.5,-15.1707
2490179218.75,-15.17205
2490179375.0,-15.17596
2490179531.25,-15.17826
2490179687.5,-15.18227
2490179843.75,-15.18504
2490180000.0,-15.18576
2490180156.25,-15.18858
2490180312.5,-15.19121
2490180468.75,-15.19397
2490180625.0,-15.19719
2490180781.25,-15.19837
2490180937.5,-15.20129
2490181093.75,-15.20458
2490181250.0,-15.20723
2490181406.25,-15.20895
2490181562.5,-15.21249
2490181718.75,-15.21423
2490181875.0,-15.2178
2490182031.25,-15.22013
2490182187.5,-15.22259
2490182343.75,-15.2257
2490182500.0,-15.22755
2490182656.25,-15.23069
2490182812.5,-15.23376
2490182968.75,-15.23513
2490183125.0,-15.23812
2490183281.25,-15.23965
2490183437.5,-15.24329
2490183593.75,-15.2458
2490183750.0,-15.24828
2490183906.25,-15.25059
2490184062.5,-15.25233
2490184218.75,-15.25683
2490184375.0,-15.25855
2490184531.25,-15.26036
2490184687.5,-15.26218
2490184843.75,-15.26549
2490185000.0,-15.26836
2490185156.25,-15.27088
2490185312.5,-15.27472
2490185468.75,-15.27652
2490185625.0,-15.2785
2490185781.25,-15.28127
2490185937.5,-15.28318
2490186093.75,-15.28648
2490186250.0,-15.2891
2490186406.25,-15.29195
2490186562.5,-15.29449
2490186718.75,-15.29645
2490186875.0,-15.2991
2490187031.25,-15.30113
2490187187.5,-15.30483
2490187343.75,-15.30692
2490187500.0,-15.30997
2490187656.25,-15.31243
2490187812.5,-15.3136
2490187968.75,-15.3177
2490188125.0,-15.3187
2490188281.25,-15.32327
2490188437.5,-15.32399
2490188593.75,-15.32763
2490188750.0,-15.33075
2490188906.25,-15.33258
2490189062.5,-15.33482
2490189218.75,-15.33704
2490189375.0,-15.3401
2490189531.25,-15.34217
2490189687.5,-15.34479
2490189843.75,-15.34653
2490190000.0,-15.34916
2490190156.25,-15.35205
2490190312.5,-15.35506
2490190468.75,-15.35783
2490190625.0,-15.36056
2490190781.25,-15.36238
2490190937.5,-15.3653
2490191093.75,-15.36894
2490191250.0,-15.37047
2490191406.25,-15.37363
2490191562.5,-15.37594
2490191718.75,-15.37851
2490191875.0,-15.38039
2490192031.25,-15.38322
2490192187.5,-15.38565
2490192343.75,-15.3869
2490192500.0,-15.38954
2490192656.25,-15.39408
2490192812.5,-15.39528
2490192968.75,-15.3971
2490193125.0,-15.40091
2490193281.25,-15.40386
2490193437.5,-15.40589
2490193593.75,-15.40809
2490193750.0,-15.4114
2490193906.25,-15.41298
2490194062.5,-15.41661
2490194218.75,-15.41925
2490194375.0,-15.42113
2490194531.25,-15.42394
2490194687.5,-15.42539
2490194843.75,-15.42753
2490195000.0,-15.43072
2490195156.25,-15.43348
2490195312.5,-15.43567
2490195468.75,-15.43853
2490195625.0,-15.4415
2490195781.25,-15.44265
2490195937.5,-15.44512
2490196093.75,-15.44736
2490196250.0,-15.45067
2490196406.25,-15.45404
2490196562.5,-15.45665
2490196718.75,-15.45838
2490196875.0,-15.46006
2490197031.25,-15.46482
2490197187.5,-15.46573
2490197343.75,-15.4685
2490197500.0,-15.46953
2490197656.25,-15.47371
2490197812.5,-15.47625
2490197968.75,-15.47958
2490198125.0,-15.48186
2490198281.25,-15.48427
2490198437.5,-15.48589
2490198593.75,-15.48714
2490198750.0,-15.48968
2490198906.25,-15.49291
2490199062.5,-15.49617
2490199218.75,-15.49939
2490199375.0,-15.5022
2490199531.25,-15.50367
2490199687.5,-15.50818
2490199843.75,-15.50972
2490200000.0,-15.51017
2490200156.25,-15.51233
2490200312.5,-15.51624
2490200468.75,-15.51882
2490200625.0,-15.52178
2490200781.25,-15.52505
2490200937.5,-15.52647
2490201093.75,-15.52815
2490201250.0,-15.53103
2490201406.25,-15.53315
2490201562.5,-15.53532
2490201718.75,-15.53735
2490201875.0,-15.54208
2490202031.25,-15.54356
2490202187.5,-15.54738
2490202343.75,-15.54884
2490202500.0,-15.55186
2490202656.25,-15.55404
2490202812.5,-15.55567
2490202968.75,-15.5589
2490203125.0,-15.56118
2490203281.25,-15.56366
2490203437.5,-15.56696
2490203593.75,-15.5693
2490203750.0,-15.57141
2490203906.25,-15.57242
2490204062.5,-15.57588
2490204218.75,-15.57746
2490204375.0,-15.58086
2490204531.25,-15.58423
2490204687.5,-15.58767
2490204843.75,-15.58913
2490205000.0,-15.59131
2490205156.25,-15.59385
2490205312.5,-15.59445
2490205468.75,-15.59817
2490205625.0,-15.60098
2490205781.25,-15.60476
2490205937.5,-15.60751
2490206093.75,-15.60976
2490206250.0,-15.61053
2490206406.25,-15.61419
2490206562.5,-15.6154
2490206718.75,-15.61864
2490206875.0,-15.6206
2490207031.25,-15.62288
2490207187.5,-15.62653
2490207343.75,-15.62928
2490207500.0,-15.63108
2490207656.25,-15.63423
2490207812.5,-15.63622
2490207968.75,-15.63712
2490208125.0,-15.64046
2490208281.25,-15.64359
2490208437.5,-15.64628
2490208593.75,-15.64901
2490208750.0,-15.65134
2490208906.25,-15.65441
2490209062.5,-15.65476
2490209218.75,-15.65813
2490209375.0,-15.65984
2490209531.25,-15.66325
2490209687.5,-15.66595
2490209843.75,-15.6688
2490210000.0,-15.67111
2490210156.25,-15.67387
2490210312.5,-15.67575
2490210468.75,-15.67782
2490210625.0,-15.68128
2490210781.25,-15.68296
2490210937.5,-15.68495
2490211093.75,-15.68911
2490211250.0,-15.69072
2490211406.25,-15.69313
2490211562.5,-15.69571
2490211718.75,-15.69692
2490211875.0,-15.69999
2490212031.25,-15.7025
2490212187.5,-15.70409
2490212343.75,-15.70736
2490212500.0,-15.71
2490212656.25,-15.71457
2490212812.5,-15.71551
2490212968.75,-15.7178
2490213125.0,-15.71919
2490213281.25,-15.72217
2490213437.5,-15.72397
2490213593.75,-15.72793
2490213750.0,-15.73084
2490213906.25,-15.73287
2490214062.5,-15.7342
2490214218.75,-15.73711
2490214375.0,-15.73953
2490214531.25,-15.74157
2490214687.5,-15.74442
2490214843.75,-15.74674
2490215000.0,-15.74924
2490215156.25,-15.75231
2490215312.5,-15.756
2490215468.75,-15.75688
2490215625.0,-15.76027
2490215781.25,-15.76202
2490215937.5,-15.76365
2490216093.75,-15.76778
2490216250.0,-15.76962
2490216406.25,-15.77244
2490216562.5,-15.77345
2490216718.75,-15.77717
2490216875.0,-15.7781
2490217031.25,-15.78137
2490217187.5,-15.78339
2490217343.75,-15.78558
2490217500.0,-15.78905
2490217656.25,-15.79078
2490217812.5,-15.79398
2490217968.75,-15.7975
2490218125.0,-15.79878
2490218281.25,-15.80003
2490218437.5,-15.80259
2490218593.75,-15.8054
2490218750.0,-15.8078
2490218906.25,-15.81199
2490219062.5,-15.81323
2490219218.75,-15.818
2490219375.0,-15.81844
2490219531.25,-15.82023
2490219687.5,-15.82289
2490219843.75,-15.82462
2490220000.0,-15.82892
2490220156.25,-15.83068
2490220312.5,-15.83252
2490220468.75,-15.83645
2490220625.0,-15.83734
2490220781.25,-15.84099
2490220937.5,-15.84265
2490221093.75,-15.84546
2490221250.0,-15.84702
2490221406.25,-15.85025
2490221562.5,-15.85196
2490221718.75,-15.85697
2490221875.0,-15.85806
2490222031.25,-15.86069
2490222187.5,-15.86139
2490222343.75,-15.86518
2490222500.0,-15.86661
2490222656.25,-15.8692
2490222812.5,-15.87307
2490222968.75,-15.8752
2490223125.0,-15.87747
2490223281.25,-15.8797
2490223437.5,-15.88245
2490223593.75,-15.88238
2490223750.0,-15.88478
2490223906.25,-15.88862
2490224062.5,-15.8927
2490224218.75,-15.89349
2490224375.0,-15.89723
2490224531.25,-15.89916
2490224687.5,-15.90125
2490224843.75,-15.90422
2490225000.0,-15.90526
2490225156.25,-15.90807
2490225312.5,-15.91073
2490225468.75,-15.91516
2490225625.0,-15.91705
2490225781.25,-15.91903
2490225937.5,-15.92106
2490226093.75,-15.92273
2490226250.0,-15.92414
2490226406.25,-15.92589
2490226562.5,-15.92925
2490226718.75,-15.93269
2490226875.0,-15.93445
2490227031.25,-15.93646
2490227187.5,-15.93921
2490227343.75,-15.94268
2490227500.0,-15.94381
2490227656.25,-15.94641
2490227812.5,-15.9475
2490227968.75,-15.9524
2490228125.0,-15.95381
2490228281.25,-15.9573
2490228437.5,-15.95859
2490228593.75,-15.96255
2490228750.0,-15.96322
2490228906.25,-15.96531
2490229062.5,-15.96803
2490229218.75,-15.97081
2490229375.0,-15.97402
2490229531.25,-15.9765
2490229687.5,-15.97806
2490229843.75,-15.97987
2490230000.0,-15.98292
2490230156.25,-15.98483
2490230312.5,-15.98922
2490230468.75,-15.99076
2490230625.0,-15.99433
2490230781.25,-15.99674
2490230937.5,-15.99609
2490231093.75,-15.99917
2490231250.0,-16.00192
2490231406.25,-16.00439
2490231562.5,-16.00785
2490231718.75,-16.00934
2490231875.0,-16.01196
2490232031.25,-16.01591
2490232187.5,-16.01699
2490232343.75,-16.01951
2490232500.0,-16.02181
2490232656.25,-16.02372
2490232812.5,-16.02683
2490232968.75,-16.0287
2490233125.0,-16.03256
2490233281.25,-16.03459
2490233437.5,-16.03616
2490233593.75,-16.03987
2490233750.0,-16.04041
2490233906.25,-16.04206
2490234062.5,-16.04364
2490234218.75,-16.04843
2490234375.0,-16.05056
2490234531.25,-16.05282
2490234687.5,-16.05585
2490234843.75,-16.05799
2490235000.0,-16.06083
2490235156.25,-16.06283
2490235312.5,-16.06415
2490235468.75,-16.0671
2490235625.0,-16.07004
2490235781.25,-16.07191
2490235937.5,-16.07441
2490236093.75,-16.07718
2490236250.0,-16.07921
2490236406.25,-16.08161
2490236562.5,-16.08213
2490236718.75,-16.08528
2490236875.0,-16.08912
2490237031.25,-16.09143
2490237187.5,-16.09405
2490237343.75,-16.09642
2490237500.0,-16.09907
2490237656.25,-16.10179
2490237812.5,-16.10149
2490237968.75,-16.10413
2490238125.0,-16.10752
2490238281.25,-16.11063
2490238437.5,-16.11389
2490238593.75,-16.11574
2490238750.0,-16.11843
2490238906.25,-16.12013
2490239062.5,-16.12187
2490239218.75,-16.12368
2490239375.0,-16.12701
2490239531.25,-16.12945
2490239687.5,-16.13197
2490239843.75,-16.135
2490240000.0,-16.13692
2490240156.25,-16.13942
2490240312.5,-16.14137
2490240468.75,-16.1439
2490240625.0,-16.14652
2490240781.25,-16.14833
2490240937.5,-16.15237
2490241093.75,-16.15359
2490241250.0,-16.1551
2490241406.25,-16.15792
2490241562.5,-16.15959
2490241718.75,-16.16252
2490241875.0,-16.16524
2490242031.25,-16.16655
2490242187.5,-16.1698
2490242343.75,-16.17215
2490242500.0,-16.17589
2490242656.25,-16.1778
2490242812.5,-16.17907
2490242968.75,-16.18147
2490243125.0,-16.18274
2490243281.25,-16.18623
2490243437.5,-16.18819
2490243593.75,-16.19058
2490243750.0,-16.19458
2490243906.25,-16.19681
2490244062.5,-16.19767
2490244218.75,-16.2008
2490244375.0,-16.20255
2490244531.25,-16.2063
2490244687.5,-16.20872
2490244843.75,-16.21006
2490245000.0,-16.21356
2490245156.25,-16.21519
2490245312.5,-16.21819
2490245468.75,-16.21963
2490245625.0,-16.22069
2490245781.25,-16.22326
2490245937.5,-16.22571
2490246093.75,-16.22902
2490246250.0,-16.23232
2490246406.25,-16.23493
2490246562.5,-16.23624
2490246718.75,-16.23803
2490246875.0,-16.2407
2490247031.25,-16.24232
2490247187.5,-16.24555
2490247343.75,-16.24797
2490247500.0,-16.25046
2490247656.25,-16.2528
2490247812.5,-16.254
2490247968.75,-16.25699
2490248125.0,-16.25888
2490248281.25,-16.26144
2490248437.5,-16.26348
2490248593.75,-16.2661
2490248750.0,-16.26993
2490248906.25,-16.27163
2490249062.5,-16.27496
2490249218.75,-16.27637
2490249375.0,-16.27828
2490249531.25,-16.28124
2490249687.5,-16.28339
2490249843.75,-16.28465
2490250000.0,-16.28871
2490250156.25,-16.29004
2490250312.5,-16.29313
2490250468.75,-16.29431
2490250625.0,-16.29671
2490250781.25,-16.29893
2490250937.5,-16.30223
2490251093.75,-16.3045
2490251250.0,-16.30626
2490251406.25,-16.30885
2490251562.5,-16.31129
2490251718.75,-16.31412
2490251875.0,-16.31571
2490252031.25,-16.3187
2490252187.5,-16.31922
2490252343.75,-16.32245
2490252500.0,-16.32554
2490252656.25,-16.32639
2490252812.5,-16.33
2490252968.75,-16.33174
2490253125.0,-16.33517
2490253281.25,-16.33772
2490253437.5,-16.33912
2490253593.75,-16.34057
2490253750.0,-16.34314
2490253906.25,-16.34591
2490254062.5,-16.34927
2490254218.75,-16.3523
2490254375.0,-16.354
2490254531.25,-16.35591
2490254687.5,-16.3566
2490254843.75,-16.36156
2490255000.0,-16.36214
2490255156.25,-16.3645
2490255312.5,-16.36746
2490255468.75,-16.37037
2490255625.0,-16.37286
2490255781.25,-16.37358
2490255937.5,-16.37693
2490256093.75,-16.37998
2490256250.0,-16.38096
2490256406.25,-16.38387
2490256562.5,-16.38634
2490256718.75,-16.38888
2490256875.0,-16.39121
2490257031.25,-16.3928
2490257187.5,-16.39482
2490257343.75,-16.39754
2490257500.0,-16.40002
2490257656.25,-16.40163
2490257812.5,-16.40529
2490257968.75,-16.40784
2490258125.0,-16.40978
2490258281.25,-16.41133
2490258437.5,-16.41355
2490258593.75,-16.41641
2490258750.0,-16.41751
2490258906.25,-16.42076
2490259062.5,-16.42305
2490259218.75,-16.42454
2490259375.0,-16.42744
2490259531.25,-16.42874
2490259687.5,-16.43242
2490259843.75,-16.43479
2490260000.0,-16.43734
2490260156.25,-16.43943
2490260312.5,-16.44197
2490260468.75,-16.44333
2490260625.0,-16.44537
2490260781.25,-16.44883
2490260937.5,-16.45227
2490261093.75,-16.45172
2490261250.0,-16.45603
2490261406.25,-16.45722
2490261562.5,-16.4601
2490261718.75,-16.46119
2490261875.0,-16.46366
2490262031.25,-16.46735
2490262187.5,-16.46915
2490262343.75,-16.47336
2490262500.0,-16.47365
2490262656.25,-16.47469
2490262812.5,-16.47872
2490262968.75,-16.48159
2490263125.0,-16.48446
2490263281.25,-16.48529
2490263437.5,-16.48979
2490263593.75,-16.49053
2490263750.0,-16.49192
2490263906.25,-16.49422
2490264062.5,-16.49652
2490264218.75,-16.50028
2490264375.0,-16.50141
2490264531.25,-16.50464
2490264687.5,-16.50638
2490264843.75,-16.5088
2490265000.0,-16.51076
2490265156.25,-16.5122
2490265312.5,-16.51679
2490265468.75,-16.51678
2490265625.0,-16.52089
2490265781.25,-16.52306
2490265937.5,-16.52529
2490266093.75,-16.52818
2490266250.0,-16.52983
2490266406.25,-16.53237
2490266562.5,-16.5338
2490266718.75,-16.536
2490266875.0,-16.53856
2490267031.25,-16.54146
2490267187.5,-16.5436
2490267343.75,-16.545
2490267500.0,-16.54846
2490267656.25,-16.54984
2490267812.5,-16.55134
2490267968.75,-16.55488
2490268125.0,-16.55762
2490268281.25,-16.56049
2490268437.5,-16.56202
2490268593.75,-16.56377
2490268750.0,-16.56766
2490268906.25,-16.569
2490269062.5,-16.56982
2490269218.75,-16.57281
2490269375.0,-16.57467
2490269531.25,-16.57774
2490269687.5,-16.57999
2490269843.75,-16.58283
2490270000.0,-16.58562
2490270156.25,-16.58607
2490270312.5,-16.5897
2490270468.75,-16.59186
2490270625.0,-16.59379
2490270781.25,-16.59583
2490270937.5,-16.59962
2490271093.75,-16.60168
2490271250.0,-16.60292
2490271406.25,-16.60646
2490271562.5,-16.60755
2490271718.75,-16.60889
2490271875.0,-16.61179
2490272031.25,-16.61488
2490272187.5,-16.61573
2490272343.75,-16.61961
2490272500.0,-16.62077
2490272656.25,-16.62296
2490272812.5,-16.62642
2490272968.75,-16.62865
2490273125.0,-16.62974
2490273281.25,-16.6317
2490273437.5,-16.63484
2490273593.75,-16.637
2490273750.0,-16.63948
2490273906.25,-16.64158
2490274062.5,-16.64421
2490274218.75,-16.64707
2490274375.0,-16.64826
2490274531.25,-16.65085
2490274687.5,-16.65248
2490274843.75,-16.65514
2490275000.0,-16.65744
2490275156.25,-16.66037
2490275312.5,-16.66341
2490275468.75,-16.66455
2490275625.0,-16.66658
2490275781.25,-16.66953
2490275937.5,-16.67099
2490276093.75,-16.67418
2490276250.0,-16.67633
2490276406.25,-16.67756
2490276562.5,-16.67993
2490276718.75,-16.68263
2490276875.0,-16.68247
2490277031.25,-16.68602
2490277187.5,-16.68993
2490277343.75,-16.69273
2490277500.0,-16.69332
2490277656.25,-16.69581
2490277812.5,-16.69971
2490277968.75,-16.70141
2490278125.0,-16.70284
2490278281.25,-16.70521
2490278437.5,-16.70737
2490278593.75,-16.71008
2490278750.0,-16.71146
2490278906.25,-16.71574
2490279062.5,-16.71655
2490279218.75,-16.71872
2490279375.0,-16.72188
2490279531.25,-16.72328
2490279687.5,-16.72496
2490279843.75,-16.72741
2490280000.0,-16.73073
2490280156.25,-16.73126
2490280312.5,-16.7352
2490280468.75,-16.73658
2490280625.0,-16.74065
2490280781.25,-16.74156
2490280937.5,-16.74448
2490281093.75,-16.74643
2490281250.0,-16.74669
2490281406.25,-16.75064
2490281562.5,-16.7539
2490281718.75,-16.75576
2490281875.0,-16.75629
2490282031.25,-16.7584
2490282187.5,-16.76157
2490282343.75,-16.76361
2490282500.0,-16.76577
2490282656.25,-16.77017
2490282812.5,-16.7699
2490282968.75,-16.77344
2490283125.0,-16.77462
2490283281.25,-16.77808
2490283437.5,-16.77946
2490283593.75,-16.78135
2490283750.0,-16.78342
2490283906.25,-16.78588
2490284062.5,-16.78835
2490284218.75,-16.79104
2490284375.0,-16.79359
2490284531.25,-16.79433
2490284687.5,-16.79742
2490284843.75,-16.79977
2490285000.0,-16.80247
2490285156.25,-16.80392
2490285312.5,-16.80602
2490285468.75,-16.80982
2490285625.0,-16.8098
2490285781.25,-16.81253
2490285937.5,-16.81568
2490286093.75,-16.81677
2490286250.0,-16.8192
2490286406.25,-16.82224
2490286562.5,-16.82313
2490286718.75,-16.82709
2490286875.0,-16.82922
2490287031.25,-16.83113
2490287187.5,-16.83313
2490287343.75,-16.83515
2490287500.0,-16.83569
2490287656.25,-16.83926
2490287812.5,-16.84186
2490287968.75,-16.84428
2490288125.0,-16.8465
2490288281.25,-16.84914
2490288437.5,-16.8518
2490288593.75,-16.85254
2490288750.0,-16.85571
2490288906.25,-16.85696
2490289062.5,-16.85888
2490289218.75,-16.86244
2490289375.0,-16.86418
2490289531.25,-16.86835
2490289687.5,-16.86954
2490289843.75,-16.87086
2490290000.0,-16.87422
2490290156.25,-16.87505
2490290312.5,-16.87711
2490290468.75,-16.88086
2490290625.0,-16.88269
2490290781.25,-16.88513
2490290937.5,-16.88613
2490291093.75,-16.88959
2490291250.0,-16.88982
2490291406.25,-16.89356
2490291562.5,-16.89561
2490291718.75,-16.89759
2490291875.0,-16.90006
2490292031.25,-16.90223
2490292187.5,-16.90432
2490292343.75,-16.90616
2490292500.0,-16.90916
2490292656.25,-16.91069
2490292812.5,-16.9135
2490292968.75,-16.91602
2490293125.0,-16.91826
2490293281.25,-16.92093
2490293437.5,-16.92282
2490293593.75,-16.92426
2490293750.0,-16.92668
2490293906.25,-16.92813
2490294062.5,-16.9315
2490294218.75,-16.93361
2490294375.0,-16.93652
2490294531.25,-16.93768
2490294687.5,-16.94091
2490294843.75,-16.94362
2490295000.0,-16.94307
2490295156.25,-16.94534
2490295312.5,-16.95019
2490295468.75,-16.95067
2490295625.0,-16.95367
2490295781.25,-16.95665
2490295937.5,-16.95858
2490296093.75,-16.96091
2490296250.0,-16.96381
2490296406.25,-16.96367
2490296562.5,-16.96659
2490296718.75,-16.96788
2490296875.0,-16.9703
2490297031.25,-16.97485
2490297187.5,-16.97595
2490297343.75,-16.97817
2490297500.0,-16.9799
2490297656.25,-16.98228
2490297812.5,-16.98446
2490297968.75,-16.98645
2490298125.0,-16.98906
2490298281.25,-16.99238
2490298437.5,-16.99296
2490298593.75,-16.99588
2490298750.0,-16.99719
2490298906.25,-16.99859
2490299062.5,-17.0021
2490299218.75,-17.00332
2490299375.0,-17.00649
2490299531.25,-17.0088
2490299687.5,-17.01139
2490299843.75,-17.01226
2490300000.0,-17.01742
2490300156.25,-17.01795
2490300312.5,-17.01969
2490300468.75,-17.02186
2490300625.0,-17.02469
2490300781.25,-17.02657
2490300937.5,-17.02915
2490301093.75,-17.03048
2490301250.0,-17.03182
2490301406.25,-17.03594
2490301562.5,-17.03726
2490301718.75,-17.03899
2490301875.0,-17.04169
2490302031.25,-17.04418
2490302187.5,-17.04674
2490302343.75,-17.0491
2490302500.0,-17.04885
2490302656.25,-17.05226
2490302812.5,-17.05493
2490302968.75,-17.05748
2490303125.0,-17.059
2490303281.25,-17.0613
2490303437.5,-17.06311
2490303593.75,-17.06526
2490303750.0,-17.06818
2490303906.25,-17.07125
2490304062.5,-17.07218
2490304218.75,-17.07434
2490304375.0,-17.07561
2490304531.25,-17.07982
2490304687.5,-17.08031
2490304843.75,-17.08261
2490305000.0,-17.08604
2490305156.25,-17.08774
2490305312.5,-17.09069
2490305468.75,-17.09119
2490305625.0,-17.09303
2490305781.25,-17.09633
2490305937.5,-17.09748
2490306093.75,-17.10059
2490306250.0,-17.10298
2490306406.25,-17.10519
2490306562.5,-17.108
2490306718.75,-17.10977
2490306875.0,-17.1112
2490307031.25,-17.11594
2490307187.5,-17.11605
2490307343.75,-17.11726
2490307500.0,-17.12088
2490307656.25,-17.12225
2490307812.5,-17.12424
2490307968.75,-17.12779
2490308125.0,-17.13008
2490308281.25,-17.13089
2490308437.5,-17.13284
2490308593.75,-17.13599
2490308750.0,-17.13877
2490308906.25,-17.13828
2490309062.5,-17.14235
2490309218.75,-17.14495
2490309375.0,-17.14429
2490309531.25,-17.14857
2490309687.5,-17.15058
2490309843.75,-17.15395
2490310000.0,-17.15474
2490310156.25,-17.15708
2490310312.5,-17.16019
2490310468.75,-17.16127
2490310625.0,-17.16432
2490310781.25,-17.16584
2490310937.5,-17.16763
2490311093.75,-17.171
2490311250.0,-17.17135
2490311406.25,-17.17561
2490311562.5,-17.17588
2490311718.75,-17.17843
2490311875.0,-17.18052
2490312031.25,-17.18345
2490312187.5,-17.18541
2490312343.75,-17.18643
2490312500.0,-17.18999
2490312656.25,-17.19303
2490312812.5,-17.19459
2490312968.75,-17.19798
2490313125.0,-17.19874
2490313281.25,-17.20055
2490313437.5,-17.20336
2490313593.75,-17.20436
2490313750.0,-17.20666
2490313906.25,-17.20996
2490314062.5,-17.21121
2490314218.75,-17.21376
2490314375.0,-17.2172
2490314531.25,-17.21723
2490314687.5,-17.2196
2490314843.75,-17.22199
2490315000.0,-17.2246
2490315156.25,-17.22544
2490315312.5,-17.2283
2490315468.75,-17.23088
2490315625.0,-17.23382
2490315781.25,-17.23394
2490315937.5,-17.23679
2490316093.75,-17.23841
2490316250.0,-17.24067
2490316406.25,-17.24521
2490316562.5,-17.24528
2490316718.75,-17.24721
2490316875.0,-17.2508
2490317031.25,-17.25373
2490317187.5,-17.25365
2490317343.75,-17.25689
2490317500.0,-17.2583
2490317656.25,-17.26026
2490317812.5,-17.26286
2490317968.75,-17.26511
2490318125.0,-17.26714
2490318281.25,-17.27038
2490318437.5,-17.27181
2490318593.75,-17.2732
2490318750.0,-17.27498
2490318906.25,-17.27813
2490319062.5,-17.28032
2490319218.75,-17.28271
2490319375.0,-17.28417
2490319531.25,-17.28736
2490319687.5,-17.28799
2490319843.75,-17.29122
2490320000.0,-17.29227
2490320156.25,-17.29472
2490320312.5,-17.29579
2490320468.75,-17.29845
2490320625.0,-17.3015
2490320781.25,-17.30449
2490320937.5,-17.30605
2490321093.75,-17.30791
2490321250.0,-17.30972
2490321406.25,-17.31111
2490321562.5,-17.31532
2490321718.75,-17.31555
2490321875.0,-17.3188
2490322031.25,-17.32186
2490322187.5,-17.32482
2490322343.75,-17.32651
2490322500.0,-17.32736
2490322656.25,-17.32932
2490322812.5,-17.33035
2490322968.75,-17.33356
2490323125.0,-17.33534
2490323281.25,-17.33796
2490323437.5,-17.3392
2490323593.75,-17.34284
2490323750.0,-17.34412
2490323906.25,-17.34738
2490324062.5,-17.34883
2490324218.75,-17.35032
2490324375.0,-17.3512
2490324531.25,-17.35448
2490324687.5,-17.35746
2490324843.75,-17.35984
2490325000.0,-17.36183
2490325156.25,-17.36311
2490325312.5,-17.36512
2490325468.75,-17.36792
2490325625.0,-17.36945
2490325781.25,-17.37316
2490325937.5,-17.37387
2490326093.75,-17.37618
2490326250.0,-17.37852
2490326406.25,-17.37988
2490326562.5,-17.38155
2490326718.75,-17.38433
2490326875.0,-17.38622
2490327031.25,-17.3905
2490327187.5,-17.38968
2490327343.75,-17.394
2490327500.0,-17.39583
2490327656.25,-17.39914
2490327812.5,-17.39872
2490327968.75,-17.40225
2490328125.0,-17.4033
2490328281.25,-17.40534
2490328437.5,-17.4088
2490328593.75,-17.41059
2490328750.0,-17.41188
2490328906.25,-17.41514
2490329062.5,-17.41676
2490329218.75,-17.41664
2490329375.0,-17.42065
2490329531.25,-17.42334
2490329687.5,-17.42465
2490329843.75,-17.4264
2490330000.0,-17.42814
2490330156.25,-17.43246
2490330312.5,-17.43349
2490330468.75,-17.4366
2490330625.0,-17.43747
2490330781.25,-17.4396
2490330937.5,-17.44259
2490331093.75,-17.44483
2490331250.0,-17.44698
2490331406.25,-17.44713
2490331562.5,-17.44934
2490331718.75,-17.45312
2490331875.0,-17.45491
2490332031.25,-17.45689
2490332187.5,-17.45815
2490332343.75,-17.46116
2490332500.0,-17.46348
2490332656.25,-17.46599
2490332812.5,-17.46819
2490332968.75,-17.47
2490333125.0,-17.47159
2490333281.25,-17.47186
2490333437.5,-17.47606
2490333593.75,-17.47868
2490333750.0,-17.48119
2490333906.25,-17.48304
2490334062.5,-17.48464
2490334218.75,-17.4852
2490334375.0,-17.48781
2490334531.25,-17.48954
2490334687.5,-17.49315
2490334843.75,-17.49475
2490335000.0,-17.49832
2490335156.25,-17.49968
2490335312.5,-17.50145
2490335468.75,-17.50326
2490335625.0,-17.50459
2490335781.25,-17.50632
2490335937.5,-17.50907
2490336093.75,-17.51156
2490336250.0,-17.51442
2490336406.25,-17.5176
2490336562.5,-17.51836
2490336718.75,-17.51999
2490336875.0,-17.52137
2490337031.25,-17.52346
2490337187.5,-17.52704
2490337343.75,-17.52723
2490337500.0,-17.53074
2490337656.25,-17.53408
2490337812.5,-17.53621
2490337968.75,-17.53696
2490338125.0,-17.5374
2490338281.25,-17.54199
2490338437.5,-17.54258
2490338593.75,-17.54496
2490338750.0,-17.54869
2490338906.25,-17.54949
2490339062.5,-17.55072
2490339218.75,-17.55376
2490339375.0,-17.55643
2490339531.25,-17.55724
2490339687.5,-17.55874
2490339843.75,-17.5628
2490340000.0,-17.56378
2490340156.25,-17.56632
2490340312.5,-17.56889
2490340468.75,-17.57046
2490340625.0,-17.57287
2490340781.25,-17.57614
2490340937.5,-17.57753
2490341093.75,-17.57867
2490341250.0,-17.58035
2490341406.25,-17.58284
2490341562.5,-17.58513
2490341718.75,-17.58722
2490341875.0,-17.59041
2490342031.25,-17.59066
2490342187.5,-17.59101
2490342343.75,-17.59309
2490342500.0,-17.59836
2490342656.25,-17.59814
2490342812.5,-17.60222
2490342968.75,-17.60435
2490343125.0,-17.60622
2490343281.25,-17.60792
2490343437.5,-17.60946
2490343593.75,-17.61179
2490343750.0,-17.61331
2490343906.25,-17.61611
2490344062.5,-17.61805
2490344218.75,-17.62065
2490344375.0,-17.62473
2490344531.25,-17.62537
2490344687.5,-17.62528
2490344843.75,-17.62758
2490345000.0,-17.62999
2490345156.25,-17.63354
2490345312.5,-17.63362
2490345468.75,-17.63776
2490345625.0,-17.64007
2490345781.25,-17.64038
2490345937.5,-17.64379
2490346093.75,-17.64614
2490346250.0,-17.64637
2490346406.25,-17.64808
2490346562.5,-17.65156
2490346718.75,-17.65429
2490346875.0,-17.65594
2490347031.25,-17.65761
2490347187.5,-17.66066
2490347343.75,-17.66235
2490347500.0,-17.66257
2490347656.25,-17.66636
2490347812.5,-17.66804
2490347968.75,-17.67032
2490348125.0,-17.67184
2490348281.25,-17.67425
2490348437.5,-17.67683
2490348593.75,-17.679
2490348750.0,-17.67929
2490348906.25,-17.68334
2490349062.5,-17.68533
2490349218.75,-17.68623
2490349375.0,-17.68734
2490349531.25,-17.69169
2490349687.5,-17.69332
2490349843.75,-17.69445
2490350000.0,-17.69637
2490350156.25,-17.69861
2490350312.5,-17.7013
2490350468.75,-17.70356
2490350625.0,-17.70666
2490350781.25,-17.70822
2490350937.5,-17.70969
2490351093.75,-17.71119
2490351250.0,-17.71182
2490351406.25,-17.71442
2490351562.5,-17.71694
2490351718.75,-17.72017
2490351875.0,-17.72086
2490352031.25,-17.7248
2490352187.5,-17.72616
2490352343.75,-17.72784
2490352500.0,-17.72918
2490352656.25,-17.73211
2490352812.5,-17.732
2490352968.75,-17.73622
2490353125.0,-17.73803
2490353281.25,-17.74073
2490353437.5,-17.74116
2490353593.75,-17.74522
2490353750.0,-17.74564
2490353906.25,-17.74807
2490354062.5,-17.75056
2490354218.75,-17.75132
2490354375.0,-17.75496
2490354531.25,-17.75661
2490354687.5,-17.75875
2490354843.75,-17.75961
2490355000.0,-17.76301
2490355156.25,-17.76288
2490355312.5,-17.76618
2490355468.75,-17.76775
2490355625.0,-17.77057
2490355781.25,-17.7734
2490355937.5,-17.77554
2490356093.75,-17.77712
2490356250.0,-17.77885
2490356406.25,-17.78144
2490356562.5,-17.78137
2490356718.75,-17.78473
2490356875.0,-17.78709
2490357031.25,-17.78962
2490357187.5,-17.79078
2490357343.75,-17.7948
2490357500.0,-17.79525
2490357656.25,-17.79738
2490357812.5,-17.79783
2490357968.75,-17.80024
2490358125.0,-17.80402
2490358281.25,-17.80598
2490358437.5,-17.80625
2490358593.75,-17.80936
2490358750.0,-17.8121
2490358906.25,-17.81327
2490359062.5,-17.81504
2490359218.75,-17.81674
2490359375.0,-17.81969
2490359531.25,-17.82216
2490359687.5,-17.82263
2490359843.75,-17.82732
2490360000.0,-17.82885
2490360156.25,-17.8303
2490360312.5,-17.83178
2490360468.75,-17.83317
2490360625.0,-17.83535
2490360781.25,-17.83751
2490360937.5,-17.8406
2490361093.75,-17.84198
2490361250.0,-17.8446
2490361406.25,-17.84783
2490361562.5,-17.8483
2490361718.75,-17.84921
2490361875.0,-17.85196
2490362031.25,-17.85319
2490362187.5,-17.85672
2490362343.75,-17.85818
2490362500.0,-17.86078
2490362656.25,-17.86327
2490362812.5,-17.86538
2490362968.75,-17.86737
2490363125.0,-17.86862
2490363281.25,-17.87017
2490363437.5,-17.8739
2490363593.75,-17.87467
2490363750.0,-17.87687
2490363906.25,-17.87946
2490364062.5,-17.88156
2490364218.75,-17.88432
2490364375.0,-17.88528
2490364531.25,-17.88784
2490364687.5,-17.88919
2490364843.75,-17.88925
2490365000.0,-17.89289
2490365156.25,-17.89476
2490365312.5,-17.89777
2490365468.75,-17.89959
2490365625.0,-17.89995
2490365781.25,-17.90302
2490365937.5,-17.90336
2490366093.75,-17.9068
2490366250.0,-17.9089
2490366406.25,-17.91137
2490366562.5,-17.9152
2490366718.75,-17.91563
2490366875.0,-17.91767
2490367031.25,-17.91938
2490367187.5,-17.91985
2490367343.75,-17.9232
2490367500.0,-17.92499
2490367656.25,-17.92763
2490367812.5,-17.93002
2490367968.75,-17.93221
2490368125.0,-17.93307
2490368281.25,-17.93386
2490368437.5,-17.93649
2490368593.75,-17.93904
2490368750.0,-17.94193
2490368906.25,-17.94337
2490369062.5,-17.94689
2490369218.75,-17.94857
2490369375.0,-17.95094
2490369531.25,-17.95219
2490369687.5,-17.95321
2490369843.75,-17.95509
2490370000.0,-17.95583
2490370156.25,-17.95851
2490370312.5,-17.96119
2490370468.75,-17.96419
2490370625.0,-17.96394
2490370781.25,-17.96776
2490370937.5,-17.9686
2490371093.75,-17.97156
2490371250.0,-17.97325
2490371406.25,-17.97433
2490371562.5,-17.97872
2490371718.75,-17.98045
2490371875.0,-17.97963
2490372031.25,-17.98332
2490372187.5,-17.98604
2490372343.75,-17.98806
2490372500.0,-17.9882
2490372656.25,-17.99302
2490372812.5,-17.99332
2490372968.75,-17.99521
2490373125.0,-17.99837
2490373281.25,-17.99881
2490373437.5,-18.00189
2490373593.75,-18.00311
2490373750.0,-18.00473
2490373906.25,-18.00792
2490374062.5,-18.01051
2490374218.75,-18.01345
2490374375.0,-18.01291
2490374531.25,-18.01425
2490374687.5,-18.01698
2490374843.75,-18.01978
2490375000.0,-18.02117
2490375156.25,-18.02388
2490375312.5,-18.0264
2490375468.75,-18.02719
2490375625.0,-18.03002
2490375781.25,-18.03143
2490375937.5,-18.03322
2490376093.75,-18.03519
2490376250.0,-18.03609
2490376406.25,-18.03853
2490376562.5,-18.04145
2490376718.75,-18.04312
2490376875.0,-18.04663
2490377031.25,-18.04675
2490377187.5,-18.04979
2490377343.75,-18.05164
2490377500.0,-18.0543
2490377656.25,-18.05405
2490377812.5,-18.05667
2490377968.75,-18.06076
2490378125.0,-18.06184
2490378281.25,-18.06416
2490378437.5,-18.06679
2490378593.75,-18.06821
2490378750.0,-18.07026
2490378906.25,-18.07077
2490379062.5,-18.07342
2490379218.75,-18.07616
2490379375.0,-18.07642
2490379531.25,-18.0792
2490379687.5,-18.083
2490379843.75,-18.08405
2490380000.0,-18.08484
2490380156.25,-18.08655
2490380312.5,-18.08914
2490380468.75,-18.09285
2490380625.0,-18.09354
2490380781.25,-18.0958
2490380937.5,-18.09872
2490381093.75,-18.09779
2490381250.0,-18.10129
2490381406.25,-18.10283
2490381562.5,-18.10427
2490381718.75,-18.10683
2490381875.0,-18.10928
2490382031.25,-18.11128
2490382187.5,-18.11336
2490382343.75,-18.1158
2490382500.0,-18.11769
2490382656.25,-18.11848
2490382812.5,-18.12124
2490382968.75,-18.1226
2490383125.0,-18.12479
2490383281.25,-18.12749
2490383437.5,-18.12925
2490383593.75,-18.13121
2490383750.0,-18.13278
2490383906.25,-18.13516
2490384062.5,-18.1376
2490384218.75,-18.13931
2490384375.0,-18.14101
2490384531.25,-18.14263
2490384687.5,-18.1435
2490384843.75,-18.14771
2490385000.0,-18.14921
2490385156.25,-18.15085
2490385312.5,-18.15203
2490385468.75,-18.15475
2490385625.0,-18.15652
2490385781.25,-18.15851
2490385937.5,-18.16122
2490386093.75,-18.16366
2490386250.0,-18.16688
2490386406.25,-18.16684
2490386562.5,-18.16843
2490386718.75,-18.17128
2490386875.0,-18.17233
2490387031.25,-18.17534
2490387187.5,-18.17654
2490387343.75,-18.17896
2490387500.0,-18.18037
2490387656.25,-18.18122
2490387812.5,-18.18434
2490387968.75,-18.1858
2490388125.0,-18.18978
2490388281.25,-18.18979
2490388437.5,-18.19292
2490388593.75,-18.19287
2490388750.0,-18.19525
2490388906.25,-18.19846
2490389062.5,-18.19964
2490389218.75,-18.20086
2490389375.0,-18.20335
2490389531.25,-18.20632
2490389687.5,-18.20892
2490389843.75,-18.2096
2490390000.0,-18.21116
2490390156.25,-18.21258
2490390312.5,-18.21515
2490390468.75,-18.21722
2490390625.0,-18.21928
2490390781.25,-18.21973
2490390937.5,-18.22377
2490391093.75,-18.22565
2490391250.0,-18.22731
2490391406.25,-18.22953
2490391562.5,-18.23075
2490391718.75,-18.23284
2490391875.0,-18.23465
2490392031.25,-18.23863
2490392187.5,-18.23868
2490392343.75,-18.24151
2490392500.0,-18.24396
2490392656.25,-18.24385
2490392812.5,-18.24655
2490392968.75,-18.24879
2490393125.0,-18.25181
2490393281.25,-18.25403
2490393437.5,-18.25442
2490393593.75,-18.25712
2490393750.0,-18.25893
2490393906.25,-18.26033
2490394062.5,-18.26293
2490394218.75,-18.26499
2490394375.0,-18.26678
2490394531.25,-18.26741
2490394687.5,-18.26888
2490394843.75,-18.27234
2490395000.0,-18.27477
2490395156.25,-18.27779
2490395312.5,-18.28123
2490395468.75,-18.2798
2490395625.0,-18.2827
2490395781.25,-18.28487
2490395937.5,-18.28632
2490396093.75,-18.28826
2490396250.0,-18.28897
2490396406.25,-18.29147
2490396562.5,-18.29393
2490396718.75,-18.2965
2490396875.0,-18.29565
2490397031.25,-18.29914
2490397187.5,-18.30216
2490397343.75,-18.30286
2490397500.0,-18.30541
2490397656.25,-18.3062
2490397812.5,-18.30857
2490397968.75,-18.31159
2490398125.0,-18.31266
2490398281.25,-18.31465
2490398437.5,-18.31661
2490398593.75,-18.31927
2490398750.0,-18.32004
2490398906.25,-18.32308
2490399062.5,-18.32334
2490399218.75,-18.32618
2490399375.0,-18.32896
2490399531.25,-18.33101
2490399687.5,-18.33355
2490399843.75,-18.33382
2490400000.0,-18.33571
2490400156.25,-18.33929
2490400312.5,-18.34083
2490400468.75,-18.34376
2490400625.0,-18.34471
2490400781.25,-18.34516
2490400937.5,-18.3484
2490401093.75,-18.34931
2490401250.0,-18.35404
2490401406.25,-18.35295
2490401562.5,-18.35542
2490401718.75,-18.35719
2490401875.0,-18.35998
2490402031.25,-18.35987
2490402187.5,-18.36407
2490402343.75,-18.36512
2490402500.0,-18.3669
2490402656.25,-18.37041
2490402812.5,-18.37165
2490402968.75,-18.37497
2490403125.0,-18.37653
2490403281.25,-18.37587
2490403437.5,-18.37902
2490403593.75,-18.38114
2490403750.0,-18.38293
2490403906.25,-18.38504
2490404062.5,-18.38697
2490404218.75,-18.39009
2490404375.0,-18.3921
2490404531.25,-18.39233
2490404687.5,-18.39366
2490404843.75,-18.39605
2490405000.0,-18.39777
2490405156.25,-18.39885
2490405312.5,-18.40298
2490405468.75,-18.40477
2490405625.0,-18.40797
2490405781.25,-18.40797
2490405937.5,-18.4087
2490406093.75,-18.4121
2490406250.0,-18.41425
2490406406.25,-18.41408
2490406562.5,-18.41769
2490406718.75,-18.42027
2490406875.0,-18.42029
2490407031.25,-18.42325
2490407187.5,-18.42459
2490407343.75,-18.42556
2490407500.0,-18.42884
2490407656.25,-18.43109
2490407812.5,-18.43304
2490407968.75,-18.43419
2490408125.0,-18.43807
2490408281.25,-18.44086
2490408437.5,-18.44096
2490408593.75,-18.44199
2490408750.0,-18.4424
2490408906.25,-18.44463
2490409062.5,-18.44698
2490409218.75,-18.4503
2490409375.0,-18.4529
2490409531.25,-18.45535
2490409687.5,-18.45605
2490409843.75,-18.45777
2490410000.0,-18.45969
2490410156.25,-18.46046
2490410312.5,-18.46447
2490410468.75,-18.4642
2490410625.0,-18.46849
2490410781.25,-18.46913
2490410937.5,-18.47075
2490411093.75,-18.47299
2490411250.0,-18.47445
2490411406.25,-18.4759
2490411562.5,-18.47812
2490411718.75,-18.4802
2490411875.0,-18.48248
2490412031.25,-18.48338
2490412187.5,-18.48699
2490412343.75,-18.48689
2490412500.0,-18.4898
2490412656.25,-18.49161
2490412812.5,-18.49455
2490412968.75,-18.49565
2490413125.0,-18.49708
2490413281.25,-18.50038
2490413437.5,-18.50184
2490413593.75,-18.5041
2490413750.0,-18.50433
2490413906.25,-18.50743
2490414062.5,-18.50879
2490414218.75,-18.50958
2490414375.0,-18.51265
2490414531.25,-18.51277
2490414687.5,-18.51654
2490414843.75,-18.51974
2490415000.0,-18.52153
2490415156.25,-18.52172
2490415312.5,-18.52462
2490415468.75,-18.52613
2490415625.0,-18.529
2490415781.25,-18.52872
2490415937.5,-18.5337
2490416093.75,-18.53246
2490416250.0,-18.53653
2490416406.25,-18.53898
2490416562.5,-18.53879
2490416718.75,-18.54098
2490416875.0,-18.5441
2490417031.25,-18.54729
2490417187.5,-18.54732
2490417343.75,-18.54825
2490417500.0,-18.55102
2490417656.25,-18.55345
2490417812.5,-18.5545
2490417968.75,-18.55758
2490418125.0,-18.5581
2490418281.25,-18.56037
2490418437.5,-18.56384
2490418593.75,-18.56428
2490418750.0,-18.56535
2490418906.25,-18.56829
2490419062.5,-18.56866
2490419218.75,-18.5723
2490419375.0,-18.57413
2490419531.25,-18.57622
2490419687.5,-18.57837
2490419843.75,-18.57993
2490420000.0,-18.58151
2490420156.25,-18.58298
2490420312.5,-18.58426
2490420468.75,-18.5862
2490420625.0,-18.58879
2490420781.25,-18.59131
2490420937.5,-18.59249
2490421093.75,-18.59518
2490421250.0,-18.59744
2490421406.25,-18.59742
2490421562.5,-18.60112
2490421718.75,-18.60151
2490421875.0,-18.60369
2490422031.25,-18.60584
2490422187.5,-18.6067
2490422343.75,-18.60872
2490422500.0,-18.61171
2490422656.25,-18.6144
2490422812.5,-18.61568
2490422968.75,-18.61795
2490423125.0,-18.61734
2490423281.25,-18.62037
2490423437.5,-18.62269
2490423593.75,-18.62538
2490423750.0,-18.62633
2490423906.25,-18.62857
2490424062.5,-18.63148
2490424218.75,-18.63209
2490424375.0,-18.63404
2490424531.25,-18.63526
2490424687.5,-18.63764
2490424843.75,-18.63961
2490425000.0,-18.64096
2490425156.25,-18.64406
2490425312.5,-18.64617
2490425468.75,-18.64696
2490425625.0,-18.65088
2490425781.25,-18.65152
2490425937.5,-18.65251
2490426093.75,-18.65372
2490426250.0,-18.65617
2490426406.25,-18.65931
2490426562.5,-18.66102
2490426718.75,-18.66245
2490426875.0,-18.66474
2490427031.25,-18.66643
2490427187.5,-18.66688
2490427343.75,-18.66954
2490427500.0,-18.67026
2490427656.25,-18.67365
2490427812.5,-18.67785
2490427968.75,-18.67628
2490428125.0,-18.67993
2490428281.25,-18.68133
2490428437.5,-18.68239
2490428593.75,-18.68509
2490428750.0,-18.68473
2490428906.25,-18.68965
2490429062.5,-18.69017
2490429218.75,-18.69276
2490429375.0,-18.69335
2490429531.25,-18.69535
2490429687.5,-18.69857
2490429843.75,-18.6985
2490430000.0,-18.70103
2490430156.25,-18.70272
2490430312.5,-18.705
2490430468.75,-18.7073
2490430625.0,-18.70918
2490430781.25,-18.71134
2490430937.5,-18.71106
2490431093.75,-18.71407
2490431250.0,-18.71569
2490431406.25,-18.71731
2490431562.5,-18.71985
2490431718.75,-18.72243
2490431875.0,-18.7236
2490432031.25,-18.72539
2490432187.5,-18.72761
2490432343.75,-18.72959
2490432500.0,-18.73261
2490432656.25,-18.73203
2490432812.5,-18.73573
2490432968.75,-18.73713
2490433125.0,-18.73993
2490433281.25,-18.74099
2490433437.5,-18.74255
2490433593.75,-18.74445
2490433750.0,-18.74765
2490433906.25,-18.74738
2490434062.5,-18.75043
2490434218.75,-18.75381
2490434375.0,-18.7554
2490434531.25,-18.75393
2490434687.5,-18.75753
2490434843.75,-18.75801
2490435000.0,-18.76116
2490435156.25,-18.76273
2490435312.5,-18.76527
2490435468.75,-18.76686
2490435625.0,-18.76808
2490435781.25,-18.77185
2490435937.5,-18.77398
2490436093.75,-18.77283
2490436250.0,-18.77533
2490436406.25,-18.77778
2490436562.5,-18.78148
2490436718.75,-18.78173
2490436875.0,-18.7838
2490437031.25,-18.78531
2490437187.5,-18.78691
2490437343.75,-18.78848
2490437500.0,-18.791
2490437656.25,-18.79137
2490437812.5,-18.79399
2490437968.75,-18.79763
2490438125.0,-18.79853
2490438281.25,-18.79959
2490438437.5,-18.80263
2490438593.75,-18.80423
2490438750.0,-18.80585
2490438906.25,-18.80769
2490439062.5,-18.80939
2490439218.75,-18.80984
2490439375.0,-18.81399
2490439531.25,-18.81566
2490439687.5,-18.81715
2490439843.75,-18.81717
2490440000.0,-18.82078
2490440156.25,-18.82129
2490440312.5,-18.82424
2490440468.75,-18.8251
2490440625.0,-18.82738
2490440781.25,-18.83224
2490440937.5,-18.83121
2490441093.75,-18.83238
2490441250.0,-18.83415
2490441406.25,-18.83482
2490441562.5,-18.83836
2490441718.75,-18.84108
2490441875.0,-18.84286
2490442031.25,-18.84519
2490442187.5,-18.84627
2490442343.75,-18.84804
2490442500.0,-18.84931
2490442656.25,-18.85135
2490442812.5,-18.85398
2490442968.75,-18.85618
2490443125.0,-18.85669
2490443281.25,-18.8586
2490443437.5,-18.86262
2490443593.75,-18.86269
2490443750.0,-18.86371
2490443906.25,-18.86526
2490444062.5,-18.8676
2490444218.75,-18.87108
2490444375.0,-18.87446
2490444531.25,-18.87422
2490444687.5,-18.87604
2490444843.75,-18.87722
2490445000.0,-18.87957
2490445156.25,-18.8824
2490445312.5,-18.88165
2490445468.75,-18.88517
2490445625.0,-18.88648
2490445781.25,-18.88886
2490445937.5,-18.89112
2490446093.75,-18.89252
2490446250.0,-18.89375
2490446406.25,-18.8961
2490446562.5,-18.89739
2490446718.75,-18.89898
2490446875.0,-18.90106
2490447031.25,-18.90162
2490447187.5,-18.90442
2490447343.75,-18.9082
2490447500.0,-18.90896
2490447656.25,-18.9107
2490447812.5,-18.91265
2490447968.75,-18.91417
2490448125.0,-18.91432
2490448281.25,-18.91882
2490448437.5,-18.91935
2490448593.75,-18.92186
2490448750.0,-18.92453
2490448906.25,-18.92373
2490449062.5,-18.92631
2490449218.75,-18.92739
2490449375.0,-18.9299
2490449531.25,-18.93259
2490449687.5,-18.93145
2490449843.75,-18.93504
2490450000.0,-18.93782
2490450156.25,-18.94086
2490450312.5,-18.94071
2490450468.75,-18.94321
2490450625.0,-18.94446
2490450781.25,-18.94586
2490450937.5,-18.94889
2490451093.75,-18.9513
2490451250.0,-18.95287
2490451406.25,-18.95461
2490451562.5,-18.95665
2490451718.75,-18.95709
2490451875.0,-18.95936
2490452031.25,-18.96079
2490452187.5,-18.96353
2490452343.75,-18.9647
2490452500.0,-18.96791
2490452656.25,-18.96868
2490452812.5,-18.96967
2490452968.75,-18.97207
2490453125.0,-18.97238
2490453281.25,-18.97521
2490453437.5,-18.97756
2490453593.75,-18.98015
2490453750.0,-18.98167
2490453906.25,-18.98447
2490454062.5,-18.98302
2490454218.75,-18.98599
2490454375.0,-18.98927
2490454531.25,-18.9902
2490454687.5,-18.9928
2490454843.75,-18.99475
2490455000.0,-18.9961
2490455156.25,-18.99839
2490455312.5,-19.00021
2490455468.75,-18.99904
2490455625.0,-19.00264
2490455781.25,-19.00224
2490455937.5,-19.00643
2490456093.75,-19.00772
2490456250.0,-19.01106
2490456406.25,-19.01424
2490456562.5,-19.01492
2490456718.75,-19.01531
2490456875.0,-19.01776
2490457031.25,-19.02002
2490457187.5,-19.01947
2490457343.75,-19.02261
2490457500.0,-19.02465
2490457656.25,-19.02741
2490457812.5,-19.02819
2490457968.75,-19.03165
2490458125.0,-19.03188
2490458281.25,-19.035
2490458437.5,-19.0346
2490458593.75,-19.0361
2490458750.0,-19.0395
2490458906.25,-19.04079
2490459062.5,-19.04246
2490459218.75,-19.04421
2490459375.0,-19.04594
2490459531.25,-19.04812
2490459687.5,-19.04956
2490459843.75,-19.05083
2490460000.0,-19.05333
2490460156.25,-19.05573
2490460312.5,-19.05711
2490460468.75,-19.05886
2490460625.0,-19.06391
2490460781.25,-19.06289
2490460937.5,-19.06398
2490461093.75,-19.0653
2490461250.0,-19.07019
2490461406.25,-19.07001
2490461562.5,-19.07211
2490461718.75,-19.0739
2490461875.0,-19.0763
2490462031.25,-19.07855
2490462187.5,-19.07966
2490462343.75,-19.07959
2490462500.0,-19.08175
2490462656.25,-19.08389
2490462812.5,-19.08681
2490462968.75,-19.08872
2490463125.0,-19.08889
2490463281.25,-19.09292
2490463437.5,-19.0929
2490463593.75,-19.09609
2490463750.0,-19.09595
2490463906.25,-19.10117
2490464062.5,-19.10055
2490464218.75,-19.10214
2490464375.0,-19.10562
2490464531.25,-19.10586
2490464687.5,-19.10621
2490464843.75,-19.11057
2490465000.0,-19.11077
2490465156.25,-19.11323
2490465312.5,-19.11588
2490465468.75,-19.11755
2490465625.0,-19.11897
2490465781.25,-19.1183
2490465937.5,-19.12111
2490466093.75,-19.12321
2490466250.0,-19.12525
2490466406.25,-19.12695
2490466562.5,-19.13034
2490466718.75,-19.12941
2490466875.0,-19.13308
2490467031.25,-19.13512
2490467187.5,-19.13583
2490467343.75,-19.13764
2490467500.0,-19.13936
2490467656.25,-19.14276
2490467812.5,-19.14263
2490467968.75,-19.14485
2490468125.0,-19.14742
2490468281.25,-19.1494
2490468437.5,-19.1495
2490468593.75,-19.15214
2490468750.0,-19.15388
2490468906.25,-19.15455
2490469062.5,-19.15774
2490469218.75,-19.15995
2490469375.0,-19.16195
2490469531.25,-19.16376
2490469687.5,-19.16671
2490469843.75,-19.16635
2490470000.0,-19.16647
2490470156.25,-19.17001
2490470312.5,-19.17332
2490470468.75,-19.17269
2490470625.0,-19.176
2490470781.25,-19.17842
2490470937.5,-19.1795
2490471093.75,-19.18232
2490471250.0,-19.18236
2490471406.25,-19.18541
2490471562.5,-19.18528
2490471718.75,-19.18865
2490471875.0,-19.18987
2490472031.25,-19.19097
2490472187.5,-19.19444
2490472343.75,-19.19425
2490472500.0,-19.19682
2490472656.25,-19.19752
2490472812.5,-19.19964
2490472968.75,-19.20349
2490473125.0,-19.20422
2490473281.25,-19.20545
2490473437.5,-19.20975
2490473593.75,-19.21046
2490473750.0,-19.21017
2490473906.25,-19.21252
2490474062.5,-19.21382
2490474218.75,-19.21701
2490474375.0,-19.2174
2490474531.25,-19.21983
2490474687.5,-19.22207
2490474843.75,-19.22383
2490475000.0,-19.22644
2490475156.25,-19.2286
2490475312.5,-19.2291
2490475468.75,-19.22974
2490475625.0,-19.23197
2490475781.25,-19.23467
2490475937.5,-19.23567
2490476093.75,-19.23596
2490476250.0,-19.24023
2490476406.25,-19.24097
2490476562.5,-19.24282
2490476718.75,-19.24526
2490476875.0,-19.24644
2490477031.25,-19.24767
2490477187.5,-19.25204
2490477343.75,-19.25339
2490477500.0,-19.25409
2490477656.25,-19.25366
2490477812.5,-19.25694
2490477968.75,-19.25918
2490478125.0,-19.26192
2490478281.25,-19.26274
2490478437.5,-19.2627
2490478593.75,-19.26556
2490478750.0,-19.26775
2490478906.25,-19.27146
2490479062.5,-19.27169
2490479218.75,-19.27197
2490479375.0,-19.27335
2490479531.25,-19.27666
2490479687.5,-19.27675
2490479843.75,-19.27961
2490480000.0,-19.28187
2490480156.25,-19.28428
2490480312.5,-19.28486
2490480468.75,-19.28829
2490480625.0,-19.2878
2490480781.25,-19.29
2490480937.5,-19.29156
2490481093.75,-19.29383
2490481250.0,-19.297
2490481406.25,-19.29815
2490481562.5,-19.29888
2490481718.75,-19.30078
2490481875.0,-19.30143
2490482031.25,-19.30453
2490482187.5,-19.30593
2490482343.75,-19.30706
2490482500.0,-19.30935
2490482656.25,-19.31101
2490482812.5,-19.3134
2490482968.75,-19.31661
2490483125.0,-19.31643
2490483281.25,-19.31868
2490483437.5,-19.32039
2490483593.75,-19.32207
2490483750.0,-19.3251
2490483906.25,-19.32767
2490484062.5,-19.32769
2490484218.75,-19.32917
2490484375.0,-19.33114
2490484531.25,-19.33229
2490484687.5,-19.33316
2490484843.75,-19.33566
2490485000.0,-19.33769
2490485156.25,-19.34002
2490485312.5,-19.34176
2490485468.75,-19.34254
2490485625.0,-19.34379
2490485781.25,-19.34579
2490485937.5,-19.34858
2490486093.75,-19.35195
2490486250.0,-19.35168
2490486406.25,-19.35451
2490486562.5,-19.35384
2490486718.75,-19.35673
2490486875.0,-19.35931
2490487031.25,-19.36089
2490487187.5,-19.36272
2490487343.75,-19.366
2490487500.0,-19.36538
2490487656.25,-19.36732
2490487812.5,-19.37086
2490487968.75,-19.3713
2490488125.0,-19.37128
2490488281.25,-19.37464
2490488437.5,-19.37531
2490488593.75,-19.37617
2490488750.0,-19.37928
2490488906.25,-19.3821
2490489062.5,-19.38254
2490489218.75,-19.38606
2490489375.0,-19.38661
2490489531.25,-19.38827
2490489687.5,-19.38988
2490489843.75,-19.39164
2490490000.0,-19.39402
2490490156.25,-19.39572
2490490312.5,-19.3977
2490490468.75,-19.39904
2490490625.0,-19.40135
2490490781.25,-19.40107
2490490937.5,-19.40361
2490491093.75,-19.40869
2490491250.0,-19.408
2490491406.25,-19.40867
2490491562.5,-19.40999
2490491718.75,-19.41505
2490491875.0,-19.4177
2490492031.25,-19.41662
2490492187.5,-19.41808
2490492343.75,-19.42043
2490492500.0,-19.42065
2490492656.25,-19.4234
2490492812.5,-19.42567
2490492968.75,-19.42796
2490493125.0,-19.42638
2490493281.25,-19.43011
2490493437.5,-19.4313
2490493593.75,-19.43226
2490493750.0,-19.43438
2490493906.25,-19.4356
2490494062.5,-19.4393
2490494218.75,-19.44099
2490494375.0,-19.44421
2490494531.25,-19.44538
2490494687.5,-19.44584
2490494843.75,-19.44766
2490495000.0,-19.44931
2490495156.25,-19.45037
2490495312.5,-19.45419
2490495468.75,-19.45469
2490495625.0,-19.45768
2490495781.25,-19.45807
2490495937.5,-19.45884
2490496093.75,-19.46193
2490496250.0,-19.46276
2490496406.25,-19.46402
2490496562.5,-19.46699
2490496718.75,-19.46828
2490496875.0,-19.46964
2490497031.25,-19.47199
2490497187.5,-19.47363
2490497343.75,-19.47659
2490497500.0,-19.47727
2490497656.25,-19.47891
2490497812.5,-19.48185
2490497968.75,-19.48178
2490498125.0,-19.48391
2490498281.25,-19.48559
2490498437.5,-19.4866
2490498593.75,-19.49009
2490498750.0,-19.49215
2490498906.25,-19.49255
2490499062.5,-19.49486
2490499218.75,-19.4947
2490499375.0,-19.49864
2490499531.25,-19.49949
2490499687.5,-19.50202
2490499843.75,-19.50401
2490500000.0,-19.50435
2490500156.25,-19.50709
2490500312.5,-19.50761
2490500468.75,-19.50961
2490500625.0,-19.51174
2490500781.25,-19.51311
2490500937.5,-19.51577
2490501093.75,-19.51798
2490501250.0,-19.51838
2490501406.25,-19.51908
2490501562.5,-19.52267
2490501718.75,-19.5231
2490501875.0,-19.52662
2490502031.25,-19.52694
2490502187.5,-19.52921
2490502343.75,-19.53227
2490502500.0,-19.53289
2490502656.25,-19.53337
2490502812.5,-19.537
2490502968.75,-19.53819
2490503125.0,-19.53805
2490503281.25,-19.54079
2490503437.5,-19.54242
2490503593.75,-19.54485
2490503750.0,-19.54559
2490503906.25,-19.54737
2490504062.5,-19.54915
2490504218.75,-19.54971
2490504375.0,-19.55217
2490504531.25,-19.55494
2490504687.5,-19.5552
2490504843.75,-19.5597
2490505000.0,-19.56006
2490505156.25,-19.56208
2490505312.5,-19.56244
2490505468.75,-19.56435
2490505625.0,-19.56688
2490505781.25,-19.56956
2490505937.5,-19.56999
2490506093.75,-19.57272
2490506250.0,-19.57467
2490506406.25,-19.57564
2490506562.5,-19.57774
2490506718.75,-19.57733
2490506875.0,-19.58105
2490507031.25,-19.5806
2490507187.5,-19.58441
2490507343.75,-19.58669
2490507500.0,-19.58779
2490507656.25,-19.58663
2490507812.5,-19.59064
2490507968.75,-19.59179
2490508125.0,-19.59364
2490508281.25,-19.5941
2490508437.5,-19.59665
2490508593.75,-19.59976
2490508750.0,-19.60182
2490508906.25,-19.60241
2490509062.5,-19.60495
2490509218.75,-19.60596
2490509375.0,-19.60759
2490509531.25,-19.60937
2490509687.5,-19.6112
2490509843.75,-19.61253
2490510000.0,-19.61487
2490510156.25,-19.61615
2490510312.5,-19.61635
2490510468.75,-19.61989
2490510625.0,-19.61951
2490510781.25,-19.62283
2490510937.5,-19.62597
2490511093.75,-19.62828
2490511250.0,-19.62845
2490511406.25,-19.62939
2490511562.5,-19.62984
2490511718.75,-19.63181
2490511875.0,-19.6335
2490512031.25,-19.63371
2490512187.5,-19.63774
2490512343.75,-19.63878
2490512500.0,-19.64238
2490512656.25,-19.6427
2490512812.5,-19.6442
2490512968.75,-19.64602
2490513125.0,-19.64734
2490513281.25,-19.65022
2490513437.5,-19.65166
2490513593.75,-19.65188
2490513750.0,-19.65455
2490513906.25,-19.65827
2490514062.5,-19.658
2490514218.75,-19.65998
2490514375.0,-19.66152
2490514531.25,-19.66422
2490514687.5,-19.6668
2490514843.75,-19.66442
2490515000.0,-19.66868
2490515156.25,-19.66885
2490515312.5,-19.67086
2490515468.75,-19.67281
2490515625.0,-19.67594
2490515781.25,-19.67682
2490515937.5,-19.67924
2490516093.75,-19.68083
2490516250.0,-19.68208
2490516406.25,-19.68384
2490516562.5,-19.68718
2490516718.75,-19.68902
2490516875.0,-19.68877
2490517031.25,-19.68853
2490517187.5,-19.69208
2490517343.75,-19.69249
2490517500.0,-19.69472
2490517656.25,-19.69803
2490517812.5,-19.69997
2490517968.75,-19.69914
2490518125.0,-19.70101
2490518281.25,-19.70405
2490518437.5,-19.70604
2490518593.75,-19.70542
2490518750.0,-19.70735
2490518906.25,-19.70907
2490519062.5,-19.71022
2490519218.75,-19.71413
2490519375.0,-19.71455
2490519531.25,-19.71759
2490519687.5,-19.71807
2490519843.75,-19.71993
2490520000.0,-19.72124
2490520156.25,-19.72306
2490520312.5,-19.72391
2490520468.75,-19.72795
2490520625.0,-19.73117
2490520781.25,-19.7307
2490520937.5,-19.73233
2490521093.75,-19.73393
2490521250.0,-19.7357
2490521406.25,-19.73693
2490521562.5,-19.7399
2490521718.75,-19.74153
2490521875.0,-19.74238
2490522031.25,-19.74363
2490522187.5,-19.74773
2490522343.75,-19.74921
2490522500.0,-19.74936
2490522656.25,-19.7534
2490522812.5,-19.75272
2490522968.75,-19.75434
2490523125.0,-19.75682
2490523281.25,-19.75716
2490523437.5,-19.75843
2490523593.75,-19.76247
2490523750.0,-19.76143
2490523906.25,-19.76467
2490524062.5,-19.76552
2490524218.75,-19.76851
2490524375.0,-19.76905
2490524531.25,-19.77014
2490524687.5,-19.77274
2490524843.75,-19.77474
2490525000.0,-19.77427
2490525156.25,-19.77753
2490525312.5,-19.77935
2490525468.75,-19.77981
2490525625.0,-19.78239
2490525781.25,-19.78513
2490525937.5,-19.78381
2490526093.75,-19.78698
2490526250.0,-19.79078
2490526406.25,-19.79203
2490526562.5,-19.79318
2490526718.75,-19.79382
2490526875.0,-19.79728
2490527031.25,-19.79783
2490527187.5,-19.80006
2490527343.75,-19.80072
2490527500.0,-19.803
2490527656.25,-19.80498
2490527812.5,-19.8067
2490527968.75,-19.80914
2490528125.0,-19.80948
2490528281.25,-19.8123
2490528437.5,-19.81319
2490528593.75,-19.8145
2490528750.0,-19.81538
2490528906.25,-19.81787
2490529062.5,-19.81972
2490529218.75,-19.82269
2490529375.0,-19.82186
2490529531.25,-19.8267
2490529687.5,-19.82598
2490529843.75,-19.8291
2490530000.0,-19.82709
2490530156.25,-19.83086
2490530312.5,-19.832
2490530468.75,-19.83429
2490530625.0,-19.83674
2490530781.25,-19.83848
2490530937.5,-19.84003
2490531093.75,-19.84112
2490531250.0,-19.84313
2490531406.25,-19.84421
2490531562.5,-19.84481
2490531718.75,-19.84782
2490531875.0,-19.85018
2490532031.25,-19.85138
2490532187.5,-19.85158
2490532343.75,-19.85479
2490532500.0,-19.85518
2490532656.25,-19.85804
2490532812.5,-19.8601
2490532968.75,-19.86057
2490533125.0,-19.86259
2490533281.25,-19.86407
2490533437.5,-19.86672
2490533593.75,-19.86633
2490533750.0,-19.86828
2490533906.25,-19.87236
2490534062.5,-19.8726
2490534218.75,-19.8754
2490534375.0,-19.87626
2490534531.25,-19.87744
2490534687.5,-19.87859
2490534843.75,-19.87879
2490535000.0,-19.88226
2490535156.25,-19.88442
2490535312.5,-19.88603
2490535468.75,-19.88754
2490535625.0,-19.88898
2490535781.25,-19.88936
2490535937.5,-19.89334
2490536093.75,-19.89337
2490536250.0,-19.89429
2490536406.25,-19.89628
2490536562.5,-19.90043
2490536718.75,-19.90325
2490536875.0,-19.90114
2490537031.25,-19.90225
2490537187.5,-19.90592
2490537343.75,-19.90833
2490537500.0,-19.91082
2490537656.25,-19.90949
2490537812.5,-19.91138
2490537968.75,-19.91316
2490538125.0,-19.91609
2490538281.25,-19.91715
2490538437.5,-19.91975
2490538593.75,-19.92083
2490538750.0,-19.92054
2490538906.25,-19.92341
2490539062.5,-19.92477
2490539218.75,-19.92764
2490539375.0,-19.92939
2490539531.25,-19.92967
2490539687.5,-19.93281
2490539843.75,-19.93358
2490540000.0,-19.93517
2490540156.25,-19.93564
2490540312.5,-19.93818
2490540468.75,-19.93938
2490540625.0,-19.94233
2490540781.25,-19.94436
2490540937.5,-19.94602
2490541093.75,-19.94668
2490541250.0,-19.94712
2490541406.25,-19.9498
2490541562.5,-19.95301
2490541718.75,-19.95267
2490541875.0,-19.95483
2490542031.25,-19.9571
2490542187.5,-19.95783
2490542343.75,-19.96092
2490542500.0,-19.96163
2490542656.25,-19.96382
2490542812.5,-19.96596
2490542968.75,-19.96569
2490543125.0,-19.9661
2490543281.25,-19.96811
2490543437.5,-19.97238
2490543593.75,-19.97347
2490543750.0,-19.97358
2490543906.25,-19.97641
2490544062.5,-19.9764
2490544218.75,-19.98078
2490544375.0,-19.98111
2490544531.25,-19.98251
2490544687.5,-19.98508
2490544843.75,-19.98761
2490545000.0,-19.98905
2490545156.25,-19.98892
2490545312.5,-19.9907
2490545468.75,-19.99326
2490545625.0,-19.99251
2490545781.25,-19.99377
2490545937.5,-19.99687
2490546093.75,-19.99941
2490546250.0,-20.00024
2490546406.25,-20.00249
2490546562.5,-20.00445
2490546718.75,-20.00517
2490546875.0,-20.00731
2490547031.25,-20.00754
2490547187.5,-20.01
2490547343.75,-20.01389
2490547500.0,-20.01346
2490547656.25,-20.01476
2490547812.5,-20.01658
2490547968.75,-20.01761
2490548125.0,-20.01954
2490548281.25,-20.02202
2490548437.5,-20.02052
2490548593.75,-20.0245
2490548750.0,-20.02702
2490548906.25,-20.02966
2490549062.5,-20.03022
2490549218.75,-20.03226
2490549375.0,-20.0339
2490549531.25,-20.0353
2490549687.5,-20.03642
2490549843.75,-20.03795
2490550000.0,-20.04051
2490550156.25,-20.04133
2490550312.5,-20.04374
2490550468.75,-20.04539
2490550625.0,-20.04641
2490550781.25,-20.04812
2490550937.5,-20.04976
2490551093.75,-20.05217
2490551250.0,-20.05192
2490551406.25,-20.05373
2490551562.5,-20.05584
2490551718.75,-20.05871
2490551875.0,-20.0597
2490552031.25,-20.05959
2490552187.5,-20.06134
2490552343.75,-20.064
2490552500.0,-20.0659
2490552656.25,-20.06609
2490552812.5,-20.06933
2490552968.75,-20.07058
2490553125.0,-20.07197
2490553281.25,-20.07426
2490553437.5,-20.07607
2490553593.75,-20.07767
2490553750.0,-20.07857
2490553906.25,-20.0812
2490554062.5,-20.08231
2490554218.75,-20.08164
2490554375.0,-20.08528
2490554531.25,-20.08706
2490554687.5,-20.08842
2490554843.75,-20.09028
2490555000.0,-20.09196
2490555156.25,-20.09294
2490555312.5,-20.09339
2490555468.75,-20.09786
2490555625.0,-20.09978
2490555781.25,-20.09937
2490555937.5,-20.1018
2490556093.75,-20.10243
2490556250.0,-20.10396
2490556406.25,-20.10834
2490556562.5,-20.10806
2490556718.75,-20.10881
2490556875.0,-20.11119
2490557031.25,-20.11359
2490557187.5,-20.11494
2490557343.75,-20.11686
2490557500.0,-20.11605
2490557656.25,-20.12061
2490557812.5,-20.11983
2490557968.75,-20.12229
2490558125.0,-20.12426
2490558281.25,-20.12813
2490558437.5,-20.12902
2490558593.75,-20.1304
2490558750.0,-20.12867
2490558906.25,-20.1316
2490559062.5,-20.13452
2490559218.75,-20.13538
2490559375.0,-20.13692
2490559531.25,-20.13892
2490559687.5,-20.14042
2490559843.75,-20.14126
2490560000.0,-20.1421
2490560156.25,-20.14534
2490560312.5,-20.14683
2490560468.75,-20.15007
2490560625.0,-20.15009
2490560781.25,-20.15139
2490560937.5,-20.15519
2490561093.75,-20.15431
2490561250.0,-20.1561
2490561406.25,-20.15711
2490561562.5,-20.15858
2490561718.75,-20.1604
2490561875.0,-20.16229
2490562031.25,-20.16409
2490562187.5,-20.16508
2490562343.75,-20.16816
2490562500.0,-20.16863
2490562656.25,-20.17154
2490562812.5,-20.17407
2490562968.75,-20.17466
2490563125.0,-20.17346
2490563281.25,-20.17645
2490563437.5,-20.1785
2490563593.75,-20.18016
2490563750.0,-20.18155
2490563906.25,-20.18374
2490564062.5,-20.18389
2490564218.75,-20.18529
2490564375.0,-20.18882
2490564531.25,-20.19089
2490564687.5,-20.19222
2490564843.75,-20.19433
2490565000.0,-20.19549
2490565156.25,-20.19609
2490565312.5,-20.1977
2490565468.75,-20.19994
2490565625.0,-20.20062
2490565781.25,-20.20322
2490565937.5,-20.20513
2490566093.75,-20.20569
2490566250.0,-20.20749
2490566406.25,-20.21033
2490566562.5,-20.21131
2490566718.75,-20.21153
2490566875.0,-20.21411
2490567031.25,-20.21462
2490567187.5,-20.21732
2490567343.75,-20.21742
2490567500.0,-20.21869
2490567656.25,-20.22399
2490567812.5,-20.22484
2490567968.75,-20.22415
2490568125.0,-20.22647
2490568281.25,-20.22815
2490568437.5,-20.23088
2490568593.75,-20.23239
2490568750.0,-20.23377
2490568906.25,-20.23551
2490569062.5,-20.23582
2490569218.75,-20.23803
2490569375.0,-20.23829
2490569531.25,-20.23947
2490569687.5,-20.24412
2490569843.75,-20.24554
2490570000.0,-20.24544
2490570156.25,-20.24751
2490570312.5,-20.24936
2490570468.75,-20.25006
2490570625.0,-20.25204
2490570781.25,-20.25366
2490570937.5,-20.25394
2490571093.75,-20.25596
2490571250.0,-20.25942
2490571406.25,-20.25959
2490571562.5,-20.26237
2490571718.75,-20.26097
2490571875.0,-20.26556
2490572031.25,-20.26801
2490572187.5,-20.26837
2490572343.75,-20.27123
2490572500.0,-20.2706
2490572656.25,-20.27285
2490572812.5,-20.27435
2490572968.75,-20.2754
2490573125.0,-20.27654
2490573281.25,-20.279
2490573437.5,-20.28079
2490573593.75,-20.2816
2490573750.0,-20.28418
2490573906.25,-20.28537
2490574062.5,-20.28665
2490574218.75,-20.28903
2490574375.0,-20.28912
2490574531.25,-20.29054
2490574687.5,-20.29494
2490574843.75,-20.29394
2490575000.0,-20.29725
2490575156.25,-20.29872
2490575312.5,-20.30011
2490575468.75,-20.30037
2490575625.0,-20.30135
2490575781.25,-20.30473
2490575937.5,-20.30522
2490576093.75,-20.30713
2490576250.0,-20.30949
2490576406.25,-20.31038
2490576562.5,-20.31213
2490576718.75,-20.31446
2490576875.0,-20.31424
2490577031.25,-20.31588
2490577187.5,-20.31837
2490577343.75,-20.32143
2490577500.0,-20.32068
2490577656.25,-20.32584
2490577812.5,-20.32505
2490577968.75,-20.32796
2490578125.0,-20.32685
2490578281.25,-20.32878
2490578437.5,-20.33014
2490578593.75,-20.33219
2490578750.0,-20.33362
2490578906.25,-20.33679
2490579062.5,-20.33787
2490579218.75,-20.34122
2490579375.0,-20.34079
2490579531.25,-20.34317
2490579687.5,-20.34475
2490579843.75,-20.34701
2490580000.0,-20.34696
2490580156.25,-20.34832
2490580312.5,-20.35065
2490580468.75,-20.35278
2490580625.0,-20.35331
2490580781.25,-20.35398
2490580937.5,-20.35631
2490581093.75,-20.35799
2490581250.0,-20.35981
2490581406.25,-20.35874
2490581562.5,-20.36419
2490581718.75,-20.36566
2490581875.0,-20.36586
2490582031.25,-20.36865
2490582187.5,-20.36986
2490582343.75,-20.37215
2490582500.0,-20.37046
2490582656.25,-20.37363
2490582812.5,-20.37496
2490582968.75,-20.37749
2490583125.0,-20.37823
2490583281.25,-20.3801
2490583437.5,-20.38071
2490583593.75,-20.38068
2490583750.0,-20.38431
2490583906.25,-20.38654
2490584062.5,-20.38606
2490584218.75,-20.39119
2490584375.0,-20.38973
2490584531.25,-20.39417
2490584687.5,-20.39371
2490584843.75,-20.39618
2490585000.0,-20.39637
2490585156.25,-20.39882
2490585312.5,-20.39995
2490585468.75,-20.40076
2490585625.0,-20.40254
2490585781.25,-20.40687
2490585937.5,-20.40715
2490586093.75,-20.40942
2490586250.0,-20.4108
2490586406.25,-20.41158
2490586562.5,-20.41294
2490586718.75,-20.41411
2490586875.0,-20.41828
2490587031.25,-20.41788
2490587187.5,-20.41788
2490587343.75,-20.42217
2490587500.0,-20.42262
2490587656.25,-20.42224
2490587812.5,-20.42543
2490587968.75,-20.42784
2490588125.0,-20.42978
2490588281.25,-20.43062
2490588437.5,-20.43273
2490588593.75,-20.43209
2490588750.0,-20.43366
2490588906.25,-20.43822
2490589062.5,-20.43544
2490589218.75,-20.43857
2490589375.0,-20.44036
2490589531.25,-20.44295
2490589687.5,-20.44465
2490589843.75,-20.44376
2490590000.0,-20.44916
2490590156.25,-20.44845
2490590312.5,-20.44916
2490590468.75,-20.452
2490590625.0,-20.45443
2490590781.25,-20.45446
2490590937.5,-20.45668
2490591093.75,-20.46103
2490591250.0,-20.45965
2490591406.25,-20.46261
2490591562.5,-20.46523
2490591718.75,-20.46373
2490591875.0,-20.4663
2490592031.25,-20.46741
2490592187.5,-20.47033
2490592343.75,-20.47101
2490592500.0,-20.47325
2490592656.25,-20.47418
2490592812.5,-20.47585
2490592968.75,-20.47718
2490593125.0,-20.47808
2490593281.25,-20.48015
2490593437.5,-20.48181
2490593593.75,-20.48362
2490593750.0,-20.48596
2490593906.25,-20.48566
2490594062.5,-20.48743
2490594218.75,-20.49051
2490594375.0,-20.49212
2490594531.25,-20.49371
2490594687.5,-20.49451
2490594843.75,-20.49381
2490595000.0,-20.49977
2490595156.25,-20.49935
2490595312.5,-20.5028
2490595468.75,-20.50392
2490595625.0,-20.50357
2490595781.25,-20.50411
2490595937.5,-20.50727
2490596093.75,-20.50821
2490596250.0,-20.51104
2490596406.25,-20.51163
2490596562.5,-20.51257
2490596718.75,-20.51587
2490596875.0,-20.51603
2490597031.25,-20.51628
2490597187.5,-20.51822
2490597343.75,-20.52312
2490597500.0,-20.52334
2490597656.25,-20.52173
2490597812.5,-20.52519
2490597968.75,-20.52759
2490598125.0,-20.52734
2490598281.25,-20.53007
2490598437.5,-20.53127
2490598593.75,-20.53403
2490598750.0,-20.53375
2490598906.25,-20.53753
2490599062.5,-20.53763
2490599218.75,-20.53988
2490599375.0,-20.54131
2490599531.25,-20.54227
2490599687.5,-20.54375
2490599843.75,-20.54545
2490600000.0,-20.54716
2490600156.25,-20.54849
2490600312.5,-20.55061
2490600468.75,-20.55206
2490600625.0,-20.55265
2490600781.25,-20.55428
2490600937.5,-20.55445
2490601093.75,-20.55886
2490601250.0,-20.55922
2490601406.25,-20.56209
2490601562.5,-20.56128
2490601718.75,-20.56255
2490601875.0,-20.56527
2490602031.25,-20.56771
2490602187.5,-20.56835
2490602343.75,-20.56988
2490602500.0,-20.57055
2490602656.25,-20.57209
2490602812.5,-20.57407
2490602968.75,-20.57576
2490603125.0,-20.57688
2490603281.25,-20.57863
2490603437.5,-20.58128
2490603593.75,-20.58227
2490603750.0,-20.58291
2490603906.25,-20.58778
2490604062.5,-20.58694
2490604218.75,-20.58749
2490604375.0,-20.58828
2490604531.25,-20.59091
2490604687.5,-20.59254
2490604843.75,-20.59518
2490605000.0,-20.59355
2490605156.25,-20.59812
2490605312.5,-20.5994
2490605468.75,-20.60173
2490605625.0,-20.60259
2490605781.25,-20.60106
2490605937.5,-20.60565
2490606093.75,-20.60618
2490606250.0,-20.60725
2490606406.25,-20.61065
2490606562.5,-20.61288
2490606718.75,-20.61348
2490606875.0,-20.61472
2490607031.25,-20.61539
2490607187.5,-20.61856
2490607343.75,-20.61731
2490607500.0,-20.6203
2490607656.25,-20.62241
2490607812.5,-20.6228
2490607968.75,-20.62604
2490608125.0,-20.62864
2490608281.25,-20.62854
2490608437.5,-20.62887
2490608593.75,-20.63126
2490608750.0,-20.63437
2490608906.25,-20.63401
2490609062.5,-20.637
2490609218.75,-20.63759
2490609375.0,-20.63849
2490609531.25,-20.63932
2490609687.5,-20.64187
2490609843.75,-20.64191
2490610000.0,-20.6454
2490610156.25,-20.64586
2490610312.5,-20.64787
2490610468.75,-20.6502
2490610625.0,-20.65081
2490610781.25,-20.65335
2490610937.5,-20.65291
2490611093.75,-20.65452
2490611250.0,-20.6551
2490611406.25,-20.65833
2490611562.5,-20.66179
2490611718.75,-20.66407
2490611875.0,-20.663
2490612031.25,-20.66515
2490612187.5,-20.6659
2490612343.75,-20.66763
2490612500.0,-20.67082
2490612656.25,-20.67046
2490612812.5,-20.67247
2490612968.75,-20.6735
2490613125.0,-20.67495
2490613281.25,-20.67858
2490613437.5,-20.67425
2490613593.75,-20.67966
2490613750.0,-20.68046
2490613906.25,-20.68347
2490614062.5,-20.68327
2490614218.75,-20.68558
2490614375.0,-20.68848
2490614531.25,-20.68875
2490614687.5,-20.68913
2490614843.75,-20.69089
2490615000.0,-20.69337
2490615156.25,-20.69459
2490615312.5,-20.69691
2490615468.75,-20.6981
2490615625.0,-20.69769
2490615781.25,-20.70141
2490615937.5,-20.70269
2490616093.75,-20.70519
2490616250.0,-20.70422
2490616406.25,-20.70654
2490616562.5,-20.70861
2490616718.75,-20.71182
2490616875.0,-20.71222
2490617031.25,-20.7141
2490617187.5,-20.71366
2490617343.75,-20.7149
2490617500.0,-20.71685
2490617656.25,-20.72133
2490617812.5,-20.72266
2490617968.75,-20.7219
2490618125.0,-20.72408
2490618281.25,-20.72639
2490618437.5,-20.7267
2490618593.75,-20.72774
2490618750.0,-20.72987
2490618906.25,-20.73165
2490619062.5,-20.73112
2490619218.75,-20.73506
2490619375.0,-20.73596
2490619531.25,-20.73666
2490619687.5,-20.73763
2490619843.75,-20.73966
2490620000.0,-20.7424
2490620156.25,-20.74456
2490620312.5,-20.74671
2490620468.75,-20.74665
2490620625.0,-20.74754
2490620781.25,-20.7488
2490620937.5,-20.7508
2490621093.75,-20.75421
2490621250.0,-20.75361
2490621406.25,-20.75489
2490621562.5,-20.75725
2490621718.75,-20.75838
2490621875.0,-20.75948
2490622031.25,-20.76208
2490622187.5,-20.76347
2490622343.75,-20.76314
2490622500.0,-20.76613
2490622656.25,-20.76737
2490622812.5,-20.76815
2490622968.75,-20.77046
2490623125.0,-20.77097
2490623281.25,-20.77583
2490623437.5,-20.77506
2490623593.75,-20.77598
2490623750.0,-20.78047
2490623906.25,-20.77801
2490624062.5,-20.77954
2490624218.75,-20.785
2490624375.0,-20.78332
2490624531.25,-20.78808
2490624687.5,-20.78764
2490624843.75,-20.78773
2490625000.0,-20.79007
2490625156.25,-20.79046
2490625312.5,-20.79339
2490625468.75,-20.79433
2490625625.0,-20.79535
2490625781.25,-20.79691
2490625937.5,-20.79871
2490626093.75,-20.79762
2490626250.0,-20.80241
2490626406.25,-20.80532
2490626562.5,-20.80642
2490626718.75,-20.80534
2490626875.0,-20.80923
2490627031.25,-20.80956
2490627187.5,-20.81224
2490627343.75,-20.81308
2490627500.0,-20.8146
2490627656.25,-20.81593
2490627812.5,-20.81774
2490627968.75,-20.81844
2490628125.0,-20.81967
2490628281.25,-20.82127
2490628437.5,-20.82325
2490628593.75,-20.82441
2490628750.0,-20.82614
2490628906.25,-20.82816
2490629062.5,-20.83016
2490629218.75,-20.83276
2490629375.0,-20.83361
2490629531.25,-20.83512
2490629687.5,-20.83706
2490629843.75,-20.83751
2490630000.0,-20.8379
2490630156.25,-20.83825
2490630312.5,-20.84105
2490630468.75,-20.84059
2490630625.0,-20.84184
2490630781.25,-20.84608
2490630937.5,-20.84723
2490631093.75,-20.85012
2490631250.0,-20.85164
2490631406.25,-20.85201
2490631562.5,-20.85302
2490631718.75,-20.85382
2490631875.0,-20.85488
2490632031.25,-20.85866
2490632187.5,-20.85945
2490632343.75,-20.85784
2490632500.0,-20.86167
2490632656.25,-20.86159
2490632812.5,-20.86575
2490632968.75,-20.86758
2490633125.0,-20.86675
2490633281.25,-20.86878
2490633437.5,-20.87112
2490633593.75,-20.87173
2490633750.0,-20.8741
2490633906.25,-20.87383
2490634062.5,-20.87602
2490634218.75,-20.87787
2490634375.0,-20.87974
2490634531.25,-20.88339
2490634687.5,-20.88307
2490634843.75,-20.88437
2490635000.0,-20.88632
2490635156.25,-20.89005
2490635312.5,-20.8889
2490635468.75,-20.89041
2490635625.0,-20.89136
2490635781.25,-20.89392
2490635937.5,-20.894
2490636093.75,-20.8968
2490636250.0,-20.89635
2490636406.25,-20.89973
2490636562.5,-20.89978
2490636718.75,-20.90136
2490636875.0,-20.90265
2490637031.25,-20.90563
2490637187.5,-20.90647
2490637343.75,-20.90754
2490637500.0,-20.90907
2490637656.25,-20.91031
2490637812.5,-20.91173
2490637968.75,-20.91452
2490638125.0,-20.91511
2490638281.25,-20.91706
2490638437.5,-20.9173
2490638593.75,-20.92035
2490638750.0,-20.92434
2490638906.25,-20.92284
2490639062.5,-20.92419
2490639218.75,-20.92748
2490639375.0,-20.92664
2490639531.25,-20.92824
2490639687.5,-20.93032
2490639843.75,-20.93302
2490640000.0,-20.93355
2490640156.25,-20.93392
2490640312.5,-20.93716
2490640468.75,-20.93595
2490640625.0,-20.93987
2490640781.25,-20.9414
2490640937.5,-20.94089
2490641093.75,-20.9429
2490641250.0,-20.94568
2490641406.25,-20.94845
2490641562.5,-20.94809
2490641718.75,-20.94986
2490641875.0,-20.94884
2490642031.25,-20.95397
2490642187.5,-20.95292
2490642343.75,-20.95477
2490642500.0,-20.95656
2490642656.25,-20.95884
2490642812.5,-20.96007
2490642968.75,-20.96286
2490643125.0,-20.96132
2490643281.25,-20.96321
2490643437.5,-20.96557
2490643593.75,-20.96664
2490643750.0,-20.96842
2490643906.25,-20.96898
2490644062.5,-20.97293
2490644218.75,-20.97392
2490644375.0,-20.97405
2490644531.25,-20.97747
2490644687.5,-20.97752
2490644843.75,-20.97898
2490645000.0,-20.98152
2490645156.25,-20.98164
2490645312.5,-20.98243
2490645468.75,-20.98624
2490645625.0,-20.98505
2490645781.25,-20.98892
2490645937.5,-20.99047
2490646093.75,-20.98981
2490646250.0,-20.99172
2490646406.25,-20.99477
2490646562.5,-20.99543
2490646718.75,-20.99879
2490646875.0,-20.99726
2490647031.25,-21.00071
2490647187.5,-21.00141
2490647343.75,-21.00144
2490647500.0,-21.0026
2490647656.25,-21.00667
2490647812.5,-21.00556
2490647968.75,-21.00804
2490648125.0,-21.00952
2490648281.25,-21.00977
2490648437.5,-21.0116
2490648593.75,-21.01432
2490648750.0,-21.01647
2490648906.25,-21.01851
2490649062.5,-21.01835
2490649218.75,-21.02145
2490649375.0,-21.02174
2490649531.25,-21.02275
2490649687.5,-21.0254
2490649843.75,-21.02627
2490650000.0,-21.02671
2490650156.25,-21.02876
2490650312.5,-21.03149
2490650468.75,-21.03286
2490650625.0,-21.03395
2490650781.25,-21.03483
2490650937.5,-21.03619
2490651093.75,-21.03884
2490651250.0,-21.03903
2490651406.25,-21.04037
2490651562.5,-21.04162
2490651718.75,-21.04242
2490651875.0,-21.04718
2490652031.25,-21.04604
2490652187.5,-21.04786
2490652343.75,-21.04901
2490652500.0,-21.0506
2490652656.25,-21.05015
2490652812.5,-21.05295
2490652968.75,-21.05556
2490653125.0,-21.05567
2490653281.25,-21.06025
2490653437.5,-21.05989
2490653593.75,-21.06168
2490653750.0,-21.06023
2490653906.25,-21.06547
2490654062.5,-21.06606
2490654218.75,-21.06719
2490654375.0,-21.06848
2490654531.25,-21.06988
2490654687.5,-21.07339
2490654843.75,-21.0749
2490655000.0,-21.07557
2490655156.25,-21.07407
2490655312.5,-21.07693
2490655468.75,-21.07842
2490655625.0,-21.08081
2490655781.25,-21.08183
2490655937.5,-21.08448
2490656093.75,-21.08591
2490656250.0,-21.08578
2490656406.25,-21.08737
2490656562.5,-21.08856
2490656718.75,-21.09162
2490656875.0,-21.09216
2490657031.25,-21.09507
2490657187.5,-21.09615
2490657343.75,-21.09768
2490657500.0,-21.09994
2490657656.25,-21.0991
2490657812.5,-21.10028
2490657968.75,-21.10244
2490658125.0,-21.10327
2490658281.25,-21.10375
2490658437.5,-21.10726
2490658593.75,-21.10649
2490658750.0,-21.1102
2490658906.25,-21.11064
2490659062.5,-21.11115
2490659218.75,-21.11207
2490659375.0,-21.11558
2490659531.25,-21.11522
2490659687.5,-21.11792
2490659843.75,-21.12056
2490660000.0,-21.1197
2490660156.25,-21.1229
2490660312.5,-21.12306
2490660468.75,-21.1251
2490660625.0,-21.12824
2490660781.25,-21.12959
2490660937.5,-21.12946
2490661093.75,-21.12926
2490661250.0,-21.1341
2490661406.25,-21.13393
2490661562.5,-21.13668
2490661718.75,-21.13738
2490661875.0,-21.13503
2490662031.25,-21.13873
2490662187.5,-21.13914
2490662343.75,-21.1428
2490662500.0,-21.14384
2490662656.25,-21.14459
2490662812.5,-21.14563
2490662968.75,-21.14849
2490663125.0,-21.15051
2490663281.25,-21.15019
2490663437.5,-21.15293
2490663593.75,-21.15263
2490663750.0,-21.15619
2490663906.25,-21.15663
2490664062.5,-21.15874
2490664218.75,-21.15851
2490664375.0,-21.16182
2490664531.25,-21.16205
2490664687.5,-21.16449
2490664843.75,-21.16699
2490665000.0,-21.1671
2490665156.25,-21.16764
2490665312.5,-21.17038
2490665468.75,-21.17015
2490665625.0,-21.17208
2490665781.25,-21.1748
2490665937.5,-21.17397
2490666093.75,-21.17994
2490666250.0,-21.17736
2490666406.25,-21.18105
2490666562.5,-21.18172
2490666718.75,-21.18086
2490666875.0,-21.18528
2490667031.25,-21.18588
2490667187.5,-21.1879
2490667343.75,-21.18897
2490667500.0,-21.18891
2490667656.25,-21.19277
2490667812.5,-21.1923
2490667968.75,-21.19384
2490668125.0,-21.19359
2490668281.25,-21.19794
2490668437.5,-21.19766
2490668593.75,-21.19838
2490668750.0,-21.19996
2490668906.25,-21.20487
2490669062.5,-21.20211
2490669218.75,-21.20464
2490669375.0,-21.20671
2490669531.25,-21.20688
2490669687.5,-21.20921
2490669843.75,-21.21213
2490670000.0,-21.21385
2490670156.25,-21.21478
2490670312.5,-21.21676
2490670468.75,-21.21686
2490670625.0,-21.2186
2490670781.25,-21.22176
2490670937.5,-21.22208
2490671093.75,-21.22548
2490671250.0,-21.22561
2490671406.25,-21.2255
2490671562.5,-21.22574
2490671718.75,-21.22908
2490671875.0,-21.23122
2490672031.25,-21.23053
2490672187.5,-21.23259
2490672343.75,-21.23327
2490672500.0,-21.23711
2490672656.25,-21.23941
2490672812.5,-21.24048
2490672968.75,-21.24171
2490673125.0,-21.24158
2490673281.25,-21.24369
2490673437.5,-21.24505
2490673593.75,-21.247
2490673750.0,-21.24838
2490673906.25,-21.24847
2490674062.5,-21.25323
2490674218.75,-21.25359
2490674375.0,-21.25393
2490674531.25,-21.25434
2490674687.5,-21.25628
2490674843.75,-21.25736
2490675000.0,-21.25919
2490675156.25,-21.26127
2490675312.5,-21.26212
2490675468.75,-21.26383
2490675625.0,-21.26509
2490675781.25,-21.26444
2490675937.5,-21.26816
2490676093.75,-21.27204
2490676250.0,-21.26951
2490676406.25,-21.27226
2490676562.5,-21.27442
2490676718.75,-21.27388
2490676875.0,-21.27502
2490677031.25,-21.27721
2490677187.5,-21.27834
2490677343.75,-21.28026
2490677500.0,-21.27927
2490677656.25,-21.2829
2490677812.5,-21.28447
2490677968.75,-21.28619
2490678125.0,-21.28819
2490678281.25,-21.29039
2490678437.5,-21.291
2490678593.75,-21.29068
2490678750.0,-21.2943
2490678906.25,-21.29324
2490679062.5,-21.29571
2490679218.75,-21.29682
2490679375.0,-21.29985
2490679531.25,-21.29848
2490679687.5,-21.30214
2490679843.75,-21.30198
2490680000.0,-21.30303
2490680156.25,-21.30762
2490680312.5,-21.31012
2490680468.75,-21.30975
2490680625.0,-21.31117
2490680781.25,-21.31146
2490680937.5,-21.31202
2490681093.75,-21.31477
2490681250.0,-21.314
2490681406.25,-21.31684
2490681562.5,-21.31898
2490681718.75,-21.31878
2490681875.0,-21.32102
2490682031.25,-21.32327
2490682187.5,-21.32392
2490682343.75,-21.32455
2490682500.0,-21.32698
2490682656.25,-21.32813
2490682812.5,-21.32959
2490682968.75,-21.32877
2490683125.0,-21.33065
2490683281.25,-21.33433
2490683437.5,-21.33553
2490683593.75,-21.33776
2490683750.0,-21.33805
2490683906.25,-21.34038
2490684062.5,-21.33903
2490684218.75,-21.34282
2490684375.0,-21.34448
2490684531.25,-21.34311
2490684687.5,-21.34724
2490684843.75,-21.349
2490685000.0,-21.34911
2490685156.25,-21.35067
2490685312.5,-21.35174
2490685468.75,-21.35418
2490685625.0,-21.35654
2490685781.25,-21.35765
2490685937.5,-21.35806
2490686093.75,-21.358
2490686250.0,-21.36092
2490686406.25,-21.36171
2490686562.5,-21.36444
2490686718.75,-21.36619
2490686875.0,-21.36772
2490687031.25,-21.36741
2490687187.5,-21.3688
2490687343.75,-21.37189
2490687500.0,-21.37143
2490687656.25,-21.374
2490687812.5,-21.3769
2490687968.75,-21.37434
2490688125.0,-21.37781
2490688281.25,-21.37953
2490688437.5,-21.38007
2490688593.75,-21.38202
2490688750.0,-21.38407
2490688906.25,-21.38452
2490689062.5,-21.38646
2490689218.75,-21.38869
2490689375.0,-21.38868
2490689531.25,-21.39012
2490689687.5,-21.39143
2490689843.75,-21.39347
2490690000.0,-21.39426
2490690156.25,-21.39829
2490690312.5,-21.39805
2490690468.75,-21.39957
2490690625.0,-21.40136
2490690781.25,-21.40155
2490690937.5,-21.40467
2490691093.75,-21.40586
2490691250.0,-21.40744
2490691406.25,-21.40659
2490691562.5,-21.40928
2490691718.75,-21.40986
2490691875.0,-21.41118
2490692031.25,-21.41368
2490692187.5,-21.4136
2490692343.75,-21.41467
2490692500.0,-21.41782
2490692656.25,-21.4202
2490692812.5,-21.42345
2490692968.75,-21.42266
2490693125.0,-21.42594
2490693281.25,-21.42318
2490693437.5,-21.4264
2490693593.75,-21.42666
2490693750.0,-21.43132
2490693906.25,-21.43124
2490694062.5,-21.4306
2490694218.75,-21.43327
2490694375.0,-21.4348
2490694531.25,-21.43676
2490694687.5,-21.43711
2490694843.75,-21.4394
2490695000.0,-21.44036
2490695156.25,-21.44104
2490695312.5,-21.44186
2490695468.75,-21.44401
2490695625.0,-21.44394
2490695781.25,-21.44641
2490695937.5,-21.44813
2490696093.75,-21.44826
2490696250.0,-21.45082
2490696406.25,-21.45139
2490696562.5,-21.45471
2490696718.75,-21.45652
2490696875.0,-21.45594
2490697031.25,-21.45845
2490697187.5,-21.45827
2490697343.75,-21.46015
2490697500.0,-21.4603
2490697656.25,-21.46402
2490697812.5,-21.4674
2490697968.75,-21.46553
2490698125.0,-21.46581
2490698281.25,-21.47045
2490698437.5,-21.46964
2490698593.75,-21.47214
2490698750.0,-21.47275
2490698906.25,-21.47524
2490699062.5,-21.47716
2490699218.75,-21.47832
2490699375.0,-21.47742
2490699531.25,-21.4811
2490699687.5,-21.48018
2490699843.75,-21.48219
2490700000.0,-21.48626
2490700156.25,-21.48431
2490700312.5,-21.48713
2490700468.75,-21.48846
2490700625.0,-21.49019
2490700781.25,-21.49224
2490700937.5,-21.49209
2490701093.75,-21.49492
2490701250.0,-21.49674
2490701406.25,-21.4968
2490701562.5,-21.49806
2490701718.75,-21.49989
2490701875.0,-21.50199
2490702031.25,-21.50366
2490702187.5,-21.50426
2490702343.75,-21.50518
2490702500.0,-21.50545
2490702656.25,-21.50851
2490702812.5,-21.50775
2490702968.75,-21.51051
2490703125.0,-21.51404
2490703281.25,-21.51528
2490703437.5,-21.51484
2490703593.75,-21.51657
2490703750.0,-21.51865
2490703906.25,-21.51958
2490704062.5,-21.51927
2490704218.75,-21.52069
2490704375.0,-21.52485
2490704531.25,-21.52413
2490704687.5,-21.52681
2490704843.75,-21.52946
2490705000.0,-21.52683
2490705156.25,-21.5305
2490705312.5,-21.53326
2490705468.75,-21.53089
2490705625.0,-21.53402
2490705781.25,-21.5375
2490705937.5,-21.53777
2490706093.75,-21.53855
2490706250.0,-21.53996
2490706406.25,-21.54106
2490706562.5,-21.5429
2490706718.75,-21.54623
2490706875.0,-21.54602
2490707031.25,-21.54508
2490707187.5,-21.54965
2490707343.75,-21.55181
2490707500.0,-21.55152
2490707656.25,-21.54997
2490707812.5,-21.5551
2490707968.75,-21.55431
2490708125.0,-21.55942
2490708281.25,-21.55866
2490708437.5,-21.56139
2490708593.75,-21.55992
2490708750.0,-21.562
2490708906.25,-21.56183
2490709062.5,-21.56656
2490709218.75,-21.56772
2490709375.0,-21.56771
2490709531.25,-21.56982
2490709687.5,-21.57186
2490709843.75,-21.57086
2490710000.0,-21.57374
2490710156.25,-21.57617
2490710312.5,-21.57616
2490710468.75,-21.57854
2490710625.0,-21.57963
2490710781.25,-21.57854
2490710937.5,-21.58226
2490711093.75,-21.58338
2490711250.0,-21.58636
2490711406.25,-21.58653
2490711562.5,-21.58487
2490711718.75,-21.58686
2490711875.0,-21.59049
2490712031.25,-21.5917
2490712187.5,-21.59427
2490712343.75,-21.59555
2490712500.0,-21.59622
2490712656.25,-21.59696
2490712812.5,-21.59698
2490712968.75,-21.60046
2490713125.0,-21.60084
2490713281.25,-21.60294
2490713437.5,-21.60335
2490713593.75,-21.60582
2490713750.0,-21.60636
2490713906.25,-21.60728
2490714062.5,-21.60966
2490714218.75,-21.60972
2490714375.0,-21.6126
2490714531.25,-21.61401
2490714687.5,-21.6148
2490714843.75,-21.61692
2490715000.0,-21.61872
2490715156.25,-21.61816
2490715312.5,-21.62101
2490715468.75,-21.62213
2490715625.0,-21.62496
2490715781.25,-21.62578
2490715937.5,-21.62625
2490716093.75,-21.6277
2490716250.0,-21.62713
2490716406.25,-21.6312
2490716562.5,-21.63063
2490716718.75,-21.63217
2490716875.0,-21.63276
2490717031.25,-21.63659
2490717187.5,-21.63717
2490717343.75,-21.63921
2490717500.0,-21.64045
2490717656.25,-21.63984
2490717812.5,-21.64128
2490717968.75,-21.64252
2490718125.0,-21.64419
2490718281.25,-21.64638
2490718437.5,-21.64705
2490718593.75,-21.65041
2490718750.0,-21.65196
2490718906.25,-21.654
2490719062.5,-21.65594
2490719218.75,-21.6553
2490719375.0,-21.6551
2490719531.25,-21.65738
2490719687.5,-21.66051
2490719843.75,-21.66025
2490720000.0,-21.66166
2490720156.25,-21.66404
2490720312.5,-21.66409
2490720468.75,-21.66502
2490720625.0,-21.6686
2490720781.25,-21.66947
2490720937.5,-21.6704
2490721093.75,-21.67007
2490721250.0,-21.6735
2490721406.25,-21.67148
2490721562.5,-21.67464
2490721718.75,-21.67451
2490721875.0,-21.67896
2490722031.25,-21.67565
2490722187.5,-21.68093
2490722343.75,-21.68265
2490722500.0,-21.68355
2490722656.25,-21.68461
2490722812.5,-21.68712
2490722968.75,-21.68544
2490723125.0,-21.6868
2490723281.25,-21.68898
2490723437.5,-21.69172
2490723593.75,-21.6903
2490723750.0,-21.69432
2490723906.25,-21.69732
2490724062.5,-21.69791
2490724218.75,-21.69784
2490724375.0,-21.69838
2490724531.25,-21.70098
2490724687.5,-21.70385
2490724843.75,-21.70262
2490725000.0,-21.70727
2490725156.25,-21.70625
2490725312.5,-21.70916
2490725468.75,-21.70785
2490725625.0,-21.7115
2490725781.25,-21.71304
2490725937.5,-21.71329
2490726093.75,-21.71369
2490726250.0,-21.71774
2490726406.25,-21.71781
2490726562.5,-21.71754
2490726718.75,-21.71962
2490726875.0,-21.72101
2490727031.25,-21.72466
2490727187.5,-21.72433
2490727343.75,-21.72362
2490727500.0,-21.72703
2490727656.25,-21.72848
2490727812.5,-21.72929
2490727968.75,-21.72968
2490728125.0,-21.73271
2490728281.25,-21.73551
2490728437.5,-21.7332
2490728593.75,-21.73722
2490728750.0,-21.73713
2490728906.25,-21.74103
2490729062.5,-21.74039
2490729218.75,-21.74246
2490729375.0,-21.74287
2490729531.25,-21.74369
2490729687.5,-21.74521
2490729843.75,-21.74615
2490730000.0,-21.74917
2490730156.25,-21.74828
2490730312.5,-21.75022
2490730468.75,-21.75409
2490730625.0,-21.75577
2490730781.25,-21.75605
2490730937.5,-21.75721
2490731093.75,-21.75879
2490731250.0,-21.75966
2490731406.25,-21.75998
2490731562.5,-21.76187
2490731718.75,-21.76216
2490731875.0,-21.76444
2490732031.25,-21.76462
2490732187.5,-21.76891
2490732343.75,-21.76699
2490732500.0,-21.77045
2490732656.25,-21.77081
2490732812.5,-21.77472
2490732968.75,-21.7744
2490733125.0,-21.77717
2490733281.25,-21.77814
2490733437.5,-21.77832
2490733593.75,-21.7809
2490733750.0,-21.78155
2490733906.25,-21.78309
2490734062.5,-21.78339
2490734218.75,-21.78541
2490734375.0,-21.78865
2490734531.25,-21.7889
2490734687.5,-21.78888
2490734843.75,-21.78967
2490735000.0,-21.79187
2490735156.25,-21.79373
2490735312.5,-21.79425
2490735468.75,-21.79542
2490735625.0,-21.79811
2490735781.25,-21.80033
2490735937.5,-21.79849
2490736093.75,-21.80172
2490736250.0,-21.80281
2490736406.25,-21.80379
2490736562.5,-21.80431
2490736718.75,-21.80617
2490736875.0,-21.80738
2490737031.25,-21.8082
2490737187.5,-21.81175
2490737343.75,-21.81074
2490737500.0,-21.81347
2490737656.25,-21.81459
2490737812.5,-21.816
2490737968.75,-21.81628
2490738125.0,-21.81752
2490738281.25,-21.81928
2490738437.5,-21.82292
2490738593.75,-21.8249
2490738750.0,-21.82333
2490738906.25,-21.82619
2490739062.5,-21.8266
2490739218.75,-21.82745
2490739375.0,-21.82953
2490739531.25,-21.82936
2490739687.5,-21.83148
2490739843.75,-21.83304
2490740000.0,-21.83505
2490740156.25,-21.83484
2490740312.5,-21.83829
2490740468.75,-21.84119
2490740625.0,-21.84083
2490740781.25,-21.84234
2490740937.5,-21.84178
2490741093.75,-21.84488
2490741250.0,-21.8437
2490741406.25,-21.84794
2490741562.5,-21.84784
2490741718.75,-21.84932
2490741875.0,-21.85049
2490742031.25,-21.85224
2490742187.5,-21.85161
2490742343.75,-21.85425
2490742500.0,-21.85723
2490742656.25,-21.85777
2490742812.5,-21.85784
2490742968.75,-21.86271
2490743125.0,-21.86162
2490743281.25,-21.86214
2490743437.5,-21.86276
2490743593.75,-21.86528
2490743750.0,-21.86507
2490743906.25,-21.86621
2490744062.5,-21.8717
2490744218.75,-21.8713
2490744375.0,-21.8742
2490744531.25,-21.8757
2490744687.5,-21.87572
2490744843.75,-21.87862
2490745000.0,-21.87939
2490745156.25,-21.87867
2490745312.5,-21.87909
2490745468.75,-21.88293
2490745625.0,-21.88309
2490745781.25,-21.88472
2490745937.5,-21.88812
2490746093.75,-21.88825
2490746250.0,-21.88946
2490746406.25,-21.88886
2490746562.5,-21.89122
2490746718.75,-21.89371
2490746875.0,-21.8936
2490747031.25,-21.89612
2490747187.5,-21.8982
2490747343.75,-21.8994
2490747500.0,-21.90002
2490747656.25,-21.8998
2490747812.5,-21.90102
2490747968.75,-21.90174
2490748125.0,-21.90353
2490748281.25,-21.90804
2490748437.5,-21.90819
2490748593.75,-21.91007
2490748750.0,-21.91179
2490748906.25,-21.91057
2490749062.5,-21.91286
2490749218.75,-21.91349
2490749375.0,-21.91432
2490749531.25,-21.91748
2490749687.5,-21.91796
2490749843.75,-21.9191
2490750000.0,-21.91849
2490750156.25,-21.92325
2490750312.5,-21.92245
2490750468.75,-21.92357
2490750625.0,-21.92647
2490750781.25,-21.92643
2490750937.5,-21.92923
2490751093.75,-21.93088
2490751250.0,-21.93066
2490751406.25,-21.93183
2490751562.5,-21.93409
2490751718.75,-21.93604
2490751875.0,-21.93641
2490752031.25,-21.9386
2490752187.5,-21.93816
2490752343.75,-21.94005
2490752500.0,-21.94406
2490752656.25,-21.94488
2490752812.5,-21.94471
2490752968.75,-21.94527
2490753125.0,-21.94601
2490753281.25,-21.94719
2490753437.5,-21.94989
2490753593.75,-21.95197
2490753750.0,-21.95417
2490753906.25,-21.95456
2490754062.5,-21.95776
2490754218.75,-21.95461
2490754375.0,-21.95808
2490754531.25,-21.9582
2490754687.5,-21.95912
2490754843.75,-21.96143
2490755000.0,-21.96381
2490755156.25,-21.96308
2490755312.5,-21.96379
2490755468.75,-21.96791
2490755625.0,-21.96814
2490755781.25,-21.96848
2490755937.5,-21.97049
2490756093.75,-21.97298
2490756250.0,-21.97428
2490756406.25,-21.97487
2490756562.5,-21.97507
2490756718.75,-21.97828
2490756875.0,-21.97896
2490757031.25,-21.97971
2490757187.5,-21.98219
2490757343.75,-21.9845
2490757500.0,-21.98486
2490757656.25,-21.98539
2490757812.5,-21.98776
2490757968.75,-21.98759
2490758125.0,-21.98969
2490758281.25,-21.99067
2490758437.5,-21.99253
2490758593.75,-21.99428
2490758750.0,-21.99509
2490758906.25,-21.99692
2490759062.5,-21.99897
2490759218.75,-21.99828
2490759375.0,-22.00049
2490759531.25,-22.00175
2490759687.5,-22.00396
2490759843.75,-22.00459
2490760000.0,-22.00513
2490760156.25,-22.00517
2490760312.5,-22.00961
2490760468.75,-22.01002
2490760625.0,-22.00942
2490760781.25,-22.01144
2490760937.5,-22.01109
2490761093.75,-22.01448
2490761250.0,-22.01459
2490761406.25,-22.01715
2490761562.5,-22.01912
2490761718.75,-22.02186
2490761875.0,-22.02056
2490762031.25,-22.02111
2490762187.5,-22.02332
2490762343.75,-22.02437
2490762500.0,-22.02913
2490762656.25,-22.02455
2490762812.5,-22.02896
2490762968.75,-22.03039
2490763125.0,-22.03121
2490763281.25,-22.03262
2490763437.5,-22.03591
2490763593.75,-22.03413
2490763750.0,-22.03845
2490763906.25,-22.0395
2490764062.5,-22.03938
2490764218.75,-22.04162
2490764375.0,-22.04107
2490764531.25,-22.04108
2490764687.5,-22.0463
2490764843.75,-22.04554
2490765000.0,-22.04822
2490765156.25,-22.04631
2490765312.5,-22.05033
2490765468.75,-22.04932
2490765625.0,-22.05323
2490765781.25,-22.05391
2490765937.5,-22.05496
2490766093.75,-22.0578
2490766250.0,-22.06112
2490766406.25,-22.05649
2490766562.5,-22.06105
2490766718.75,-22.06104
2490766875.0,-22.06232
2490767031.25,-22.06525
2490767187.5,-22.06612
2490767343.75,-22.06607
2490767500.0,-22.06887
2490767656.25,-22.06983
2490767812.5,-22.06882
2490767968.75,-22.07178
2490768125.0,-22.07359
2490768281.25,-22.07382
2490768437.5,-22.07661
2490768593.75,-22.07925
2490768750.0,-22.07578
2490768906.25,-22.07931
2490769062.5,-22.08313
2490769218.75,-22.08419
2490769375.0,-22.08336
2490769531.25,-22.08712
2490769687.5,-22.08585
2490769843.75,-22.08665
2490770000.0,-22.08705
2490770156.25,-22.08944
2490770312.5,-22.08959
2490770468.75,-22.0921
2490770625.0,-22.09512
2490770781.25,-22.09606
2490770937.5,-22.09535
2490771093.75,-22.09594
2490771250.0,-22.10123
2490771406.25,-22.10161
2490771562.5,-22.10203
2490771718.75,-22.10447
2490771875.0,-22.10484
2490772031.25,-22.10591
2490772187.5,-22.10745
2490772343.75,-22.10758
2490772500.0,-22.10868
2490772656.25,-22.11059
2490772812.5,-22.11078
2490772968.75,-22.11474
2490773125.0,-22.11648
2490773281.25,-22.11701
2490773437.5,-22.11856
2490773593.75,-22.11713
2490773750.0,-22.11994
2490773906.25,-22.12104
2490774062.5,-22.12358
2490774218.75,-22.12422
2490774375.0,-22.12672
2490774531.25,-22.12509
2490774687.5,-22.12726
2490774843.75,-22.12877
2490775000.0,-22.13184
2490775156.25,-22.13122
2490775312.5,-22.13533
2490775468.75,-22.13543
2490775625.0,-22.13609
2490775781.25,-22.13848
2490775937.5,-22.13859
2490776093.75,-22.13935
2490776250.0,-22.14061
2490776406.25,-22.1426
2490776562.5,-22.14341
2490776718.75,-22.14557
2490776875.0,-22.14526
2490777031.25,-22.14744
2490777187.5,-22.14929
2490777343.75,-22.15078
2490777500.0,-22.15177
2490777656.25,-22.153
2490777812.5,-22.15398
2490777968.75,-22.1547
2490778125.0,-22.15715
2490778281.25,-22.15722
2490778437.5,-22.15964
2490778593.75,-22.15788
2490778750.0,-22.16414
2490778906.25,-22.16362
2490779062.5,-22.16586
2490779218.75,-22.16608
2490779375.0,-22.16807
2490779531.25,-22.1689
2490779687.5,-22.16992
2490779843.75,-22.17155
2490780000.0,-22.17155
2490780156.25,-22.17328
2490780312.5,-22.17365
2490780468.75,-22.17569
2490780625.0,-22.17552
2490780781.25,-22.17674
2490780937.5,-22.18146
2490781093.75,-22.1821
2490781250.0,-22.1835
2490781406.25,-22.18392
2490781562.5,-22.18528
2490781718.75,-22.1848
2490781875.0,-22.18737
2490782031.25,-22.18971
2490782187.5,-22.18997
2490782343.75,-22.19111
2490782500.0,-22.19147
2490782656.25,-22.19181
2490782812.5,-22.19631
2490782968.75,-22.199
2490783125.0,-22.19625
2490783281.25,-22.19913
2490783437.5,-22.20189
2490783593.75,-22.20227
2490783750.0,-22.20343
2490783906.25,-22.20448
2490784062.5,-22.20582
2490784218.75,-22.20893
2490784375.0,-22.20839
2490784531.25,-22.20974
2490784687.5,-22.20915
2490784843.75,-22.21309
2490785000.0,-22.21357
2490785156.25,-22.21407
2490785312.5,-22.21475
2490785468.75,-22.21612
2490785625.0,-22.21976
2490785781.25,-22.2208
2490785937.5,-22.22084
2490786093.75,-22.22439
2490786250.0,-22.22185
2490786406.25,-22.22396
2490786562.5,-22.22662
2490786718.75,-22.22458
2490786875.0,-22.22868
2490787031.25,-22.22839
2490787187.5,-22.23261
2490787343.75,-22.23318
2490787500.0,-22.23419
2490787656.25,-22.23592
2490787812.5,-22.24019
2490787968.75,-22.23743
2490788125.0,-22.24012
2490788281.25,-22.24015
2490788437.5,-22.24189
2490788593.75,-22.24504
2490788750.0,-22.2438
2490788906.25,-22.24608
2490789062.5,-22.2472
2490789218.75,-22.24963
2490789375.0,-22.24807
2490789531.25,-22.24939
2490789687.5,-22.25291
2490789843.75,-22.25219
2490790000.0,-22.25314
2490790156.25,-22.25648
2490790312.5,-22.25819
2490790468.75,-22.2589
2490790625.0,-22.25809
2490790781.25,-22.26232
2490790937.5,-22.26345
2490791093.75,-22.26193
2490791250.0,-22.26607
2490791406.25,-22.26676
2490791562.5,-22.26559
2490791718.75,-22.27088
2490791875.0,-22.27158
2490792031.25,-22.26982
2490792187.5,-22.27244
2490792343.75,-22.27475
2490792500.0,-22.27554
2490792656.25,-22.27513
2490792812.5,-22.27722
2490792968.75,-22.2787
2490793125.0,-22.28087
2490793281.25,-22.28269
2490793437.5,-22.28449
2490793593.75,-22.2846
2490793750.0,-22.28717
2490793906.25,-22.28542
2490794062.5,-22.28773
2490794218.75,-22.28916
2490794375.0,-22.28994
2490794531.25,-22.29072
2490794687.5,-22.29448
2490794843.75,-22.29328
2490795000.0,-22.2961
2490795156.25,-22.29778
2490795312.5,-22.29984
2490795468.75,-22.29901
2490795625.0,-22.30097
2490795781.25,-22.30008
2490795937.5,-22.30397
2490796093.75,-22.30318
2490796250.0,-22.30484
2490796406.25,-22.30719
2490796562.5,-22.30785
2490796718.75,-22.31058
2490796875.0,-22.30988
2490797031.25,-22.31202
2490797187.5,-22.3121
2490797343.75,-22.31669
2490797500.0,-22.31548
2490797656.25,-22.31884
2490797812.5,-22.31869
2490797968.75,-22.32135
2490798125.0,-22.32152
2490798281.25,-22.32225
2490798437.5,-22.32356
2490798593.75,-22.32486
2490798750.0,-22.32617
2490798906.25,-22.32641
2490799062.5,-22.32852
2490799218.75,-22.33097
2490799375.0,-22.33273
2490799531.25,-22.33253
2490799687.5,-22.33193
2490799843.75,-22.33527
2490800000.0,-22.33684
2490800156.25,-22.33822
2490800312.5,-22.33875
2490800468.75,-22.34203
2490800625.0,-22.34005
2490800781.25,-22.34312
2490800937.5,-22.34303
2490801093.75,-22.34532
2490801250.0,-22.34644
2490801406.25,-22.34664
2490801562.5,-22.35132
2490801718.75,-22.35159
2490801875.0,-22.35318
2490802031.25,-22.35545
2490802187.5,-22.35473
2490802343.75,-22.35474
2490802500.0,-22.35584
2490802656.25,-22.35869
2490802812.5,-22.35729
2490802968.75,-22.36115
2490803125.0,-22.36034
2490803281.25,-22.36317
2490803437.5,-22.3658
2490803593.75,-22.36598
2490803750.0,-22.36849
2490803906.25,-22.36783
2490804062.5,-22.36839
2490804218.75,-22.37142
2490804375.0,-22.37211
2490804531.25,-22.37515
2490804687.5,-22.37433
2490804843.75,-22.37579
2490805000.0,-22.37395
2490805156.25,-22.37967
2490805312.5,-22.37819
2490805468.75,-22.38112
2490805625.0,-22.38204
2490805781.25,-22.38448
2490805937.5,-22.38374
2490806093.75,-22.38696
2490806250.0,-22.38544
2490806406.25,-22.38795
2490806562.5,-22.38846
2490806718.75,-22.38872
2490806875.0,-22.39328
2490807031.25,-22.39129
2490807187.5,-22.39632
2490807343.75,-22.39675
2490807500.0,-22.3973
2490807656.25,-22.39847
2490807812.5,-22.39907
2490807968.75,-22.39982
2490808125.0,-22.40305
2490808281.25,-22.40186
2490808437.5,-22.40641
2490808593.75,-22.40778
2490808750.0,-22.40837
2490808906.25,-22.40715
2490809062.5,-22.41129
2490809218.75,-22.41184
2490809375.0,-22.41128
2490809531.25,-22.41149
2490809687.5,-22.41503
2490809843.75,-22.41678
2490810000.0,-22.41808
2490810156.25,-22.4196
2490810312.5,-22.41842
2490810468.75,-22.42074
2490810625.0,-22.4236
2490810781.25,-22.42259
2490810937.5,-22.42591
2490811093.75,-22.42634
2490811250.0,-22.42731
2490811406.25,-22.42597
2490811562.5,-22.42801
2490811718.75,-22.4312
2490811875.0,-22.43015
2490812031.25,-22.43206
2490812187.5,-22.4327
2490812343.75,-22.43716
2490812500.0,-22.43835
2490812656.25,-22.4389
2490812812.5,-22.44144
2490812968.75,-22.44075
2490813125.0,-22.44384
2490813281.25,-22.44482
2490813437.5,-22.44682
2490813593.75,-22.4484
2490813750.0,-22.44787
2490813906.25,-22.45201
2490814062.5,-22.45264
2490814218.75,-22.45239
2490814375.0,-22.45153
2490814531.25,-22.45644
2490814687.5,-22.45716
2490814843.75,-22.45514
2490815000.0,-22.45851
2490815156.25,-22.45895
2490815312.5,-22.45836
2490815468.75,-22.46112
2490815625.0,-22.46292
2490815781.25,-22.46403
2490815937.5,-22.46552
2490816093.75,-22.46556
2490816250.0,-22.46724
2490816406.25,-22.47147
2490816562.5,-22.46792
2490816718.75,-22.47069
2490816875.0,-22.47207
2490817031.25,-22.47491
2490817187.5,-22.47349
2490817343.75,-22.47391
2490817500.0,-22.47788
2490817656.25,-22.47872
2490817812.5,-22.47983
2490817968.75,-22.48204
2490818125.0,-22.4829
2490818281.25,-22.48246
2490818437.5,-22.48648
2490818593.75,-22.48553
2490818750.0,-22.48926
2490818906.25,-22.48953
2490819062.5,-22.49051
2490819218.75,-22.49134
2490819375.0,-22.49388
2490819531.25,-22.49538
2490819687.5,-22.49399
2490819843.75,-22.49605
2490820000.0,-22.49928
2490820156.25,-22.49644
2490820312.5,-22.50245
2490820468.75,-22.50369
2490820625.0,-22.50421
2490820781.25,-22.50259
2490820937.5,-22.50671
2490821093.75,-22.50762
2490821250.0,-22.50593
2490821406.25,-22.51242
2490821562.5,-22.51098
2490821718.75,-22.51348
2490821875.0,-22.51186
2490822031.25,-22.51324
2490822187.5,-22.51624
2490822343.75,-22.5172
2490822500.0,-22.5159
2490822656.25,-22.52064
2490822812.5,-22.51979
2490822968.75,-22.52093
2490823125.0,-22.52214
2490823281.25,-22.52631
2490823437.5,-22.52481
2490823593.75,-22.52677
2490823750.0,-22.52856
2490823906.25,-22.52811
2490824062.5,-22.52917
2490824218.75,-22.53062
2490824375.0,-22.53351
2490824531.25,-22.53549
2490824687.5,-22.53413
2490824843.75,-22.53513
2490825000.0,-22.53963
2490825156.25,-22.53779
2490825312.5,-22.54181
2490825468.75,-22.53947
2490825625.0,-22.54706
2490825781.25,-22.54276
2490825937.5,-22.54809
2490826093.75,-22.54652
2490826250.0,-22.54834
2490826406.25,-22.54751
2490826562.5,-22.55117
2490826718.75,-22.55078
2490826875.0,-22.55255
2490827031.25,-22.55171
2490827187.5,-22.55594
2490827343.75,-22.55553
2490827500.0,-22.55683
2490827656.25,-22.55787
2490827812.5,-22.56156
2490827968.75,-22.56139
2490828125.0,-22.5631
2490828281.25,-22.56317
2490828437.5,-22.56522
2490828593.75,-22.56428
2490828750.0,-22.56593
2490828906.25,-22.57121
2490829062.5,-22.57
2490829218.75,-22.57042
2490829375.0,-22.57071
2490829531.25,-22.56986
2490829687.5,-22.57482
2490829843.75,-22.57667
2490830000.0,-22.57728
2490830156.25,-22.57926
2490830312.5,-22.58144
2490830468.75,-22.58145
2490830625.0,-22.58374
2490830781.25,-22.58456
2490830937.5,-22.5823
2490831093.75,-22.58669
2490831250.0,-22.588
2490831406.25,-22.58872
2490831562.5,-22.58607
2490831718.75,-22.59102
2490831875.0,-22.59323
2490832031.25,-22.59261
2490832187.5,-22.59621
2490832343.75,-22.59354
2490832500.0,-22.59628
2490832656.25,-22.59681
2490832812.5,-22.59836
2490832968.75,-22.59955
2490833125.0,-22.6027
2490833281.25,-22.60474
2490833437.5,-22.60447
2490833593.75,-22.60829
2490833750.0,-22.60585
2490833906.25,-22.60865
2490834062.5,-22.6099
2490834218.75,-22.61062
2490834375.0,-22.61154
2490834531.25,-22.6152
2490834687.5,-22.61373
2490834843.75,-22.61468
2490835000.0,-22.61586
2490835156.25,-22.61933
2490835312.5,-22.61995
2490835468.75,-22.61804
2490835625.0,-22.62045
2490835781.25,-22.62279
2490835937.5,-22.6209
2490836093.75,-22.62652
2490836250.0,-22.62721
2490836406.25,-22.62872
2490836562.5,-22.6282
2490836718.75,-22.62895
2490836875.0,-22.63362
2490837031.25,-22.63248
2490837187.5,-22.63451
2490837343.75,-22.63663
2490837500.0,-22.63635
2490837656.25,-22.63624
2490837812.5,-22.63841
2490837968.75,-22.63736
2490838125.0,-22.64071
2490838281.25,-22.64114
2490838437.5,-22.64381
2490838593.75,-22.6439
2490838750.0,-22.64594
2490838906.25,-22.64882
2490839062.5,-22.64739
2490839218.75,-22.64909
2490839375.0,-22.65215
2490839531.25,-22.65207
2490839687.5,-22.65127
2490839843.75,-22.65409
2490840000.0,-22.65753
2490840156.25,-22.65912
2490840312.5,-22.65835
2490840468.75,-22.65834
2490840625.0,-22.66089
2490840781.25,-22.66258
2490840937.5,-22.66247
2490841093.75,-22.66455
2490841250.0,-22.66695
2490841406.25,-22.66952
2490841562.5,-22.66773
2490841718.75,-22.67226
2490841875.0,-22.67173
2490842031.25,-22.67335
2490842187.5,-22.67352
2490842343.75,-22.67649
2490842500.0,-22.67673
2490842656.25,-22.67793
2490842812.5,-22.67941
2490842968.75,-22.68143
2490843125.0,-22.68176
2490843281.25,-22.68182
2490843437.5,-22.68504
2490843593.75,-22.68246
2490843750.0,-22.68462
2490843906.25,-22.68576
2490844062.5,-22.68955
2490844218.75,-22.68885
2490844375.0,-22.69023
2490844531.25,-22.69127
2490844687.5,-22.69188
2490844843.75,-22.69216
2490845000.0,-22.69556
2490845156.25,-22.6974
2490845312.5,-22.69807
2490845468.75,-22.70098
2490845625.0,-22.69861
2490845781.25,-22.70255
2490845937.5,-22.70291
2490846093.75,-22.70339
2490846250.0,-22.70583
2490846406.25,-22.70732
2490846562.5,-22.70778
2490846718.75,-22.7102
2490846875.0,-22.71047
2490847031.25,-22.70797
2490847187.5,-22.71233
2490847343.75,-22.71398
2490847500.0,-22.71376
2490847656.25,-22.71556
2490847812.5,-22.71622
2490847968.75,-22.71708
2490848125.0,-22.7191
2490848281.25,-22.7205
2490848437.5,-22.71918
2490848593.75,-22.72166
2490848750.0,-22.72309
2490848906.25,-22.7245
2490849062.5,-22.72694
2490849218.75,-22.72669
2490849375.0,-22.72854
2490849531.25,-22.7307
2490849687.5,-22.7305
2490849843.75,-22.73325
2490850000.0,-22.7342
2490850156.25,-22.73647
2490850312.5,-22.73878
2490850468.75,-22.73911
2490850625.0,-22.7402
2490850781.25,-22.74002
2490850937.5,-22.74289
2490851093.75,-22.74433
2490851250.0,-22.74395
2490851406.25,-22.74591
2490851562.5,-22.74633
2490851718.75,-22.74563
2490851875.0,-22.74903
2490852031.25,-22.75199
2490852187.5,-22.75221
2490852343.75,-22.75225
2490852500.0,-22.75331
2490852656.25,-22.75492
2490852812.5,-22.75851
2490852968.75,-22.75744
2490853125.0,-22.75867
2490853281.25,-22.7595
2490853437.5,-22.75965
2490853593.75,-22.76113
2490853750.0,-22.7636
2490853906.25,-22.7655
2490854062.5,-22.76707
2490854218.75,-22.76796
2490854375.0,-22.76736
2490854531.25,-22.77053
2490854687.5,-22.77135
2490854843.75,-22.77041
2490855000.0,-22.77149
2490855156.25,-22.77434
2490855312.5,-22.77356
2490855468.75,-22.7766
2490855625.0,-22.77773
2490855781.25,-22.78085
2490855937.5,-22.78012
2490856093.75,-22.77943
2490856250.0,-22.78564
2490856406.25,-22.78435
2490856562.5,-22.78449
2490856718.75,-22.78674
2490856875.0,-22.7884
2490857031.25,-22.79076
2490857187.5,-22.79005
2490857343.75,-22.79206
2490857500.0,-22.7912
2490857656.25,-22.79281
2490857812.5,-22.79606
2490857968.75,-22.79668
2490858125.0,-22.79651
2490858281.25,-22.79722
2490858437.5,-22.79881
2490858593.75,-22.80114
2490858750.0,-22.80083
2490858906.25,-22.80182
2490859062.5,-22.8032
2490859218.75,-22.80487
2490859375.0,-22.80569
2490859531.25,-22.80929
2490859687.5,-22.80862
2490859843.75,-22.81126
2490860000.0,-22.80966
2490860156.25,-22.81424
2490860312.5,-22.81178
2490860468.75,-22.81574
2490860625.0,-22.81597
2490860781.25,-22.82121
2490860937.5,-22.81943
2490861093.75,-22.82014
2490861250.0,-22.82236
2490861406.25,-22.82301
2490861562.5,-22.82394
2490861718.75,-22.82397
2490861875.0,-22.82509
2490862031.25,-22.8278
2490862187.5,-22.8285
2490862343.75,-22.82906
2490862500.0,-22.83134
2490862656.25,-22.8334
2490862812.5,-22.83112
2490862968.75,-22.83339
2490863125.0,-22.83316
2490863281.25,-22.83659
2490863437.5,-22.83784
2490863593.75,-22.84021
2490863750.0,-22.84026
2490863906.25,-22.83959
2490864062.5,-22.84559
2490864218.75,-22.84448
2490864375.0,-22.84527
2490864531.25,-22.8473
2490864687.5,-22.84871
2490864843.75,-22.84835
2490865000.0,-22.84834
2490865156.25,-22.85331
2490865312.5,-22.85337
2490865468.75,-22.85444
2490865625.0,-22.8543
2490865781.25,-22.85553
2490865937.5,-22.8588
2490866093.75,-22.85675
2490866250.0,-22.86034
2490866406.25,-22.86111
2490866562.5,-22.8622
2490866718.75,-22.86127
2490866875.0,-22.86459
2490867031.25,-22.86631
2490867187.5,-22.8668
2490867343.75,-22.86851
2490867500.0,-22.87344
2490867656.25,-22.86936
2490867812.5,-22.86995
2490867968.75,-22.87605
2490868125.0,-22.87309
2490868281.25,-22.87826
2490868437.5,-22.87559
2490868593.75,-22.87788
2490868750.0,-22.88057
2490868906.25,-22.88284
2490869062.5,-22.88184
2490869218.75,-22.88114
2490869375.0,-22.88293
2490869531.25,-22.88415
2490869687.5,-22.88487
2490869843.75,-22.88791
2490870000.0,-22.88734
2490870156.25,-22.88965
2490870312.5,-22.89298
2490870468.75,-22.89297
2490870625.0,-22.89369
2490870781.25,-22.89678
2490870937.5,-22.89331
2490871093.75,-22.89613
2490871250.0,-22.90172
2490871406.25,-22.901
2490871562.5,-22.89852
2490871718.75,-22.90073
2490871875.0,-22.9002
2490872031.25,-22.90412
2490872187.5,-22.90652
2490872343.75,-22.90548
2490872500.0,-22.90632
2490872656.25,-22.90932
2490872812.5,-22.90861
2490872968.75,-22.91032
2490873125.0,-22.91291
2490873281.25,-22.91076
2490873437.5,-22.91595
2490873593.75,-22.91411
2490873750.0,-22.91774
2490873906.25,-22.91708
2490874062.5,-22.92093
2490874218.75,-22.92029
2490874375.0,-22.92245
2490874531.25,-22.922
2490874687.5,-22.92287
2490874843.75,-22.92389
2490875000.0,-22.92498
2490875156.25,-22.9284
2490875312.5,-22.93183
2490875468.75,-22.93036
2490875625.0,-22.92984
2490875781.25,-22.93322
2490875937.5,-22.93344
2490876093.75,-22.93234
2490876250.0,-22.93433
2490876406.25,-22.93638
2490876562.5,-22.93959
2490876718.75,-22.93884
2490876875.0,-22.94184
2490877031.25,-22.94482
2490877187.5,-22.94292
2490877343.75,-22.94618
2490877500.0,-22.9469
2490877656.25,-22.94671
2490877812.5,-22.94813
2490877968.75,-22.95017
2490878125.0,-22.95043
2490878281.25,-22.9517
2490878437.5,-22.9509
2490878593.75,-22.95581
2490878750.0,-22.95553
2490878906.25,-22.9565
2490879062.5,-22.95704
2490879218.75,-22.96049
2490879375.0,-22.96061
2490879531.25,-22.96099
2490879687.5,-22.96191
2490879843.75,-22.96186
2490880000.0,-22.96353
2490880156.25,-22.96721
2490880312.5,-22.96793
2490880468.75,-22.97071
2490880625.0,-22.96899
2490880781.25,-22.96825
2490880937.5,-22.97209
2490881093.75,-22.97353
2490881250.0,-22.97431
2490881406.25,-22.97525
2490881562.5,-22.97676
2490881718.75,-22.97713
2490881875.0,-22.98043
2490882031.25,-22.979
2490882187.5,-22.98142
2490882343.75,-22.98332
2490882500.0,-22.98352
2490882656.25,-22.98615
2490882812.5,-22.98638
2490882968.75,-22.98734
2490883125.0,-22.99002
2490883281.25,-22.99058
2490883437.5,-22.98965
2490883593.75,-22.9908
2490883750.0,-22.99175
2490883906.25,-22.99487
2490884062.5,-22.99697
2490884218.75,-22.99782
2490884375.0,-22.99902
2490884531.25,-23.00112
2490884687.5,-23.00062
2490884843.75,-23.00234
2490885000.0,-23.00113
2490885156.25,-23.00485
2490885312.5,-23.00502
2490885468.75,-23.00344
2490885625.0,-23.00797
2490885781.25,-23.00703
2490885937.5,-23.00904
2490886093.75,-23.01137
2490886250.0,-23.01351
2490886406.25,-23.0125
2490886562.5,-23.01409
2490886718.75,-23.01503
2490886875.0,-23.01626
2490887031.25,-23.01826
2490887187.5,-23.02024
2490887343.75,-23.02196
2490887500.0,-23.0227
2490887656.25,-23.0239
2490887812.5,-23.02308
2490887968.75,-23.02299
2490888125.0,-23.02504
2490888281.25,-23.02655
2490888437.5,-23.0292
2490888593.75,-23.02959
2490888750.0,-23.02948
2490888906.25,-23.03429
2490889062.5,-23.03383
2490889218.75,-23.03545
2490889375.0,-23.03547
2490889531.25,-23.03552
2490889687.5,-23.03959
2490889843.75,-23.0401
2490890000.0,-23.03961
2490890156.25,-23.04466
2490890312.5,-23.04056
2490890468.75,-23.04328
2490890625.0,-23.04663
2490890781.25,-23.04874
2490890937.5,-23.04805
2490891093.75,-23.04869
2490891250.0,-23.04952
2490891406.25,-23.05118
2490891562.5,-23.05124
2490891718.75,-23.05342
2490891875.0,-23.05368
2490892031.25,-23.05552
2490892187.5,-23.05654
2490892343.75,-23.05616
2490892500.0,-23.06063
2490892656.25,-23.05971
2490892812.5,-23.06349
2490892968.75,-23.06479
2490893125.0,-23.06212
2490893281.25,-23.0652
2490893437.5,-23.06696
2490893593.75,-23.06721
2490893750.0,-23.07265
2490893906.25,-23.07234
2490894062.5,-23.06901
2490894218.75,-23.07224
2490894375.0,-23.0735
2490894531.25,-23.07615
2490894687.5,-23.07565
2490894843.75,-23.0781
2490895000.0,-23.07738
2490895156.25,-23.07898
2490895312.5,-23.08116
2490895468.75,-23.0812
2490895625.0,-23.08108
2490895781.25,-23.08043
2490895937.5,-23.08491
2490896093.75,-23.08764
2490896250.0,-23.08924
2490896406.25,-23.08805
2490896562.5,-23.08946
2490896718.75,-23.09239
2490896875.0,-23.09238
2490897031.25,-23.09383
2490897187.5,-23.094
2490897343.75,-23.0975
2490897500.0,-23.09494
2490897656.25,-23.09975
2490897812.5,-23.0974
2490897968.75,-23.0983
2490898125.0,-23.10224
2490898281.25,-23.10197
2490898437.5,-23.10633
2490898593.75,-23.10719
2490898750.0,-23.10439
2490898906.25,-23.10643
2490899062.5,-23.10606
2490899218.75,-23.10799
2490899375.0,-23.11044
2490899531.25,-23.11244
2490899687.5,-23.11405
2490899843.75,-23.11673
2490900000.0,-23.11467
2490900156.25,-23.11638
2490900312.5,-23.11676
2490900468.75,-23.1173
2490900625.0,-23.11827
2490900781.25,-23.12087
2490900937.5,-23.12156
2490901093.75,-23.12357
2490901250.0,-23.12341
2490901406.25,-23.125
2490901562.5,-23.12731
2490901718.75,-23.1294
2490901875.0,-23.13087
2490902031.25,-23.1311
2490902187.5,-23.13107
2490902343.75,-23.13314
2490902500.0,-23.13395
2490902656.25,-23.1326
2490902812.5,-23.13642
2490902968.75,-23.13889
2490903125.0,-23.13727
2490903281.25,-23.13801
2490903437.5,-23.14128
2490903593.75,-23.14322
2490903750.0,-23.14297
2490903906.25,-23.14418
2490904062.5,-23.14494
2490904218.75,-23.14496
2490904375.0,-23.14684
2490904531.25,-23.14831
2490904687.5,-23.15006
2490904843.75,-23.15097
2490905000.0,-23.15089
2490905156.25,-23.15494
2490905312.5,-23.15653
2490905468.75,-23.15641
2490905625.0,-23.15738
2490905781.25,-23.15796
2490905937.5,-23.15925
2490906093.75,-23.15945
2490906250.0,-23.16108
2490906406.25,-23.16277
2490906562.5,-23.16387
2490906718.75,-23.166
2490906875.0,-23.16949
2490907031.25,-23.16828
2490907187.5,-23.16821
2490907343.75,-23.17016
2490907500.0,-23.17274
2490907656.25,-23.17156
2490907812.5,-23.17289
2490907968.75,-23.17513
2490908125.0,-23.17762
2490908281.25,-23.17883
2490908437.5,-23.17817
2490908593.75,-23.17762
2490908750.0,-23.17931
2490908906.25,-23.18191
2490909062.5,-23.18195
2490909218.75,-23.18428
2490909375.0,-23.18415
2490909531.25,-23.18679
2490909687.5,-23.18564
2490909843.75,-23.18895
2490910000.0,-23.19184
2490910156.25,-23.19206
2490910312.5,-23.19242
2490910468.75,-23.19405
2490910625.0,-23.19324
2490910781.25,-23.19413
2490910937.5,-23.19409
2490911093.75,-23.19675
2490911250.0,-23.19838
2490911406.25,-23.20064
2490911562.5,-23.20278
2490911718.75,-23.20218
2490911875.0,-23.20492
2490912031.25,-23.20412
2490912187.5,-23.20421
2490912343.75,-23.20424
2490912500.0,-23.20763
2490912656.25,-23.2076
2490912812.5,-23.21094
2490912968.75,-23.21144
2490913125.0,-23.21289
2490913281.25,-23.21565
2490913437.5,-23.21342
2490913593.75,-23.21384
2490913750.0,-23.21572
2490913906.25,-23.21993
2490914062.5,-23.21861
2490914218.75,-23.22122
2490914375.0,-23.22234
2490914531.25,-23.22074
2490914687.5,-23.2236
2490914843.75,-23.22257
2490915000.0,-23.22597
2490915156.25,-23.22684
2490915312.5,-23.23051
2490915468.75,-23.23103
2490915625.0,-23.23094
2490915781.25,-23.23429
2490915937.5,-23.23585
2490916093.75,-23.23436
2490916250.0,-23.23684
2490916406.25,-23.23667
2490916562.5,-23.23815
2490916718.75,-23.24004
2490916875.0,-23.24045
2490917031.25,-23.24069
2490917187.5,-23.24449
2490917343.75,-23.24391
2490917500.0,-23.24284
2490917656.25,-23.24594
2490917812.5,-23.25021
2490917968.75,-23.24549
2490918125.0,-23.24902
2490918281.25,-23.25268
2490918437.5,-23.25044
2490918593.75,-23.25453
2490918750.0,-23.25314
2490918906.25,-23.25577
2490919062.5,-23.25551
2490919218.75,-23.25705
2490919375.0,-23.26045
2490919531.25,-23.26315
2490919687.5,-23.26289
2490919843.75,-23.2653
2490920000.0,-23.26225
2490920156.25,-23.26637
2490920312.5,-23.26669
2490920468.75,-23.26838
2490920625.0,-23.26745
2490920781.25,-23.27012
2490920937.5,-23.26988
2490921093.75,-23.27103
2490921250.0,-23.27305
2490921406.25,-23.27411
2490921562.5,-23.27481
2490921718.75,-23.27752
2490921875.0,-23.27831
2490922031.25,-23.27926
2490922187.5,-23.27825
2490922343.75,-23.28027
2490922500.0,-23.2809
2490922656.25,-23.28124
2490922812.5,-23.28319
2490922968.75,-23.28291
2490923125.0,-23.28743
2490923281.25,-23.28614
2490923437.5,-23.28682
2490923593.75,-23.29035
2490923750.0,-23.29049
2490923906.25,-23.29302
2490924062.5,-23.29103
2490924218.75,-23.29353
2490924375.0,-23.29517
2490924531.25,-23.29567
2490924687.5,-23.29672
2490924843.75,-23.29914
2490925000.0,-23.2984
2490925156.25,-23.30131
2490925312.5,-23.30423
2490925468.75,-23.30454
2490925625.0,-23.30191
2490925781.25,-23.30424
2490925937.5,-23.30702
2490926093.75,-23.3071
2490926250.0,-23.31039
2490926406.25,-23.31048
2490926562.5,-23.31135
2490926718.75,-23.3099
2490926875.0,-23.31627
2490927031.25,-23.31606
2490927187.5,-23.31565
2490927343.75,-23.31609
2490927500.0,-23.31783
2490927656.25,-23.31909
2490927812.5,-23.32002
2490927968.75,-23.32187
2490928125.0,-23.32537
2490928281.25,-23.32344
2490928437.5,-23.32435
2490928593.75,-23.32912
2490928750.0,-23.32671
2490928906.25,-23.32659
2490929062.5,-23.33069
2490929218.75,-23.3328
2490929375.0,-23.32996
2490929531.25,-23.3345
2490929687.5,-23.33589
2490929843.75,-23.33621
2490930000.0,-23.33705
2490930156.25,-23.3377
2490930312.5,-23.33854
2490930468.75,-23.33798
2490930625.0,-23.34183
2490930781.25,-23.34222
2490930937.5,-23.3461
2490931093.75,-23.34485
2490931250.0,-23.34531
2490931406.25,-23.34699
2490931562.5,-23.35044
2490931718.75,-23.34751
2490931875.0,-23.35192
2490932031.25,-23.35358
2490932187.5,-23.35425
2490932343.75,-23.35307
2490932500.0,-23.35657
2490932656.25,-23.35439
2490932812.5,-23.35763
2490932968.75,-23.35864
2490933125.0,-23.3621
2490933281.25,-23.36095
2490933437.5,-23.36077
2490933593.75,-23.36187
2490933750.0,-23.36331
2490933906.25,-23.3643
2490934062.5,-23.36495
2490934218.75,-23.36626
2490934375.0,-23.36839
2490934531.25,-23.3699
2490934687.5,-23.37085
2490934843.75,-23.37096
2490935000.0,-23.37398
2490935156.25,-23.37466
2490935312.5,-23.37552
2490935468.75,-23.37681
2490935625.0,-23.37738
2490935781.25,-23.37744
2490935937.5,-23.37794
2490936093.75,-23.37984
2490936250.0,-23.38042
2490936406.25,-23.3843
2490936562.5,-23.38587
2490936718.75,-23.38563
2490936875.0,-23.38629
2490937031.25,-23.38749
2490937187.5,-23.38694
2490937343.75,-23.3896
2490937500.0,-23.38969
2490937656.25,-23.39256
2490937812.5,-23.39196
2490937968.75,-23.39531
2490938125.0,-23.39534
2490938281.25,-23.39688
2490938437.5,-23.39745
2490938593.75,-23.3981
2490938750.0,-23.40277
2490938906.25,-23.40461
2490939062.5,-23.40324
2490939218.75,-23.40452
2490939375.0,-23.40415
2490939531.25,-23.40552
2490939687.5,-23.4045
2490939843.75,-23.40834
2490940000.0,-23.40859
2490940156.25,-23.41034
2490940312.5,-23.4105
2490940468.75,-23.4135
2490940625.0,-23.41461
2490940781.25,-23.41255
2490940937.5,-23.41542
2490941093.75,-23.41653
2490941250.0,-23.4181
2490941406.25,-23.42062
2490941562.5,-23.42095
2490941718.75,-23.42365
2490941875.0,-23.4242
2490942031.25,-23.42381
2490942187.5,-23.42844
2490942343.75,-23.42793
2490942500.0,-23.42723
2490942656.25,-23.42751
2490942812.5,-23.43003
2490942968.75,-23.42922
2490943125.0,-23.43277
2490943281.25,-23.42969
2490943437.5,-23.43338
2490943593.75,-23.43454
2490943750.0,-23.4374
2490943906.25,-23.43775
2490944062.5,-23.43778
2490944218.75,-23.43853
2490944375.0,-23.44179
2490944531.25,-23.44017
2490944687.5,-23.44322
2490944843.75,-23.44237
2490945000.0,-23.445
2490945156.25,-23.44556
2490945312.5,-23.4488
2490945468.75,-23.44945
2490945625.0,-23.44987
2490945781.25,-23.45206
2490945937.5,-23.45125
2490946093.75,-23.45511
2490946250.0,-23.45401
2490946406.25,-23.45464
2490946562.5,-23.45787
2490946718.75,-23.45621
2490946875.0,-23.45935
2490947031.25,-23.45881
2490947187.5,-23.46151
2490947343.75,-23.46125
2490947500.0,-23.46528
2490947656.25,-23.46427
2490947812.5,-23.46609
2490947968.75,-23.46643
2490948125.0,-23.46688
2490948281.25,-23.4692
2490948437.5,-23.46878
2490948593.75,-23.47
2490948750.0,-23.47042
2490948906.25,-23.47373
2490949062.5,-23.47252
2490949218.75,-23.47567
2490949375.0,-23.47762
2490949531.25,-23.47961
2490949687.5,-23.4774
2490949843.75,-23.4786
2490950000.0,-23.48082
2490950156.25,-23.48118
2490950312.5,-23.48338
2490950468.75,-23.48509
2490950625.0,-23.48677
2490950781.25,-23.48546
2490950937.5,-23.48852
2490951093.75,-23.48771
2490951250.0,-23.49208
2490951406.25,-23.48963
2490951562.5,-23.49063
2490951718.75,-23.49084
2490951875.0,-23.49535
2490952031.25,-23.49765
2490952187.5,-23.49605
2490952343.75,-23.49947
2490952500.0,-23.49658
2490952656.25,-23.50095
2490952812.5,-23.49744
2490952968.75,-23.50268
2490953125.0,-23.50657
2490953281.25,-23.50515
2490953437.5,-23.50505
2490953593.75,-23.50637
2490953750.0,-23.50798
2490953906.25,-23.50868
2490954062.5,-23.51008
2490954218.75,-23.51134
2490954375.0,-23.51234
2490954531.25,-23.51111
2490954687.5,-23.51372
2490954843.75,-23.51523
2490955000.0,-23.51627
2490955156.25,-23.51686
2490955312.5,-23.51786
2490955468.75,-23.51896
2490955625.0,-23.52032
2490955781.25,-23.52392
2490955937.5,-23.52392
2490956093.75,-23.52309
2490956250.0,-23.5259
2490956406.25,-23.52959
2490956562.5,-23.52938
2490956718.75,-23.52778
2490956875.0,-23.53148
2490957031.25,-23.53024
2490957187.5,-23.53278
2490957343.75,-23.53122
2490957500.0,-23.53562
2490957656.25,-23.53617
2490957812.5,-23.53702
2490957968.75,-23.53758
2490958125.0,-23.5381
2490958281.25,-23.53983
2490958437.5,-23.54208
2490958593.75,-23.54349
2490958750.0,-23.54247
2490958906.25,-23.54555
2490959062.5,-23.54364
2490959218.75,-23.54721
2490959375.0,-23.54705
2490959531.25,-23.54947
2490959687.5,-23.55086
2490959843.75,-23.55203
2490960000.0,-23.55401
2490960156.25,-23.55178
2490960312.5,-23.55431
2490960468.75,-23.55355
2490960625.0,-23.55465
2490960781.25,-23.55748
2490960937.5,-23.55788
2490961093.75,-23.56014
2490961250.0,-23.56246
2490961406.25,-23.56088
2490961562.5,-23.56276
2490961718.75,-23.56325
2490961875.0,-23.56503
2490962031.25,-23.56551
2490962187.5,-23.56791
2490962343.75,-23.56949
2490962500.0,-23.57085
2490962656.25,-23.57008
2490962812.5,-23.57237
2490962968.75,-23.57426
2490963125.0,-23.57395
2490963281.25,-23.57532
2490963437.5,-23.57482
2490963593.75,-23.57856
2490963750.0,-23.57804
2490963906.25,-23.57994
2490964062.5,-23.58568
2490964218.75,-23.58303
2490964375.0,-23.5837
2490964531.25,-23.58501
2490964687.5,-23.58374
2490964843.75,-23.58718
2490965000.0,-23.58681
2490965156.25,-23.58914
2490965312.5,-23.59095
2490965468.75,-23.58978
2490965625.0,-23.59395
2490965781.25,-23.5909
2490965937.5,-23.59208
2490966093.75,-23.59239
2490966250.0,-23.59392
2490966406.25,-23.59954
2490966562.5,-23.59835
2490966718.75,-23.59934
2490966875.0,-23.60102
2490967031.25,-23.60307
2490967187.5,-23.60473
2490967343.75,-23.60678
2490967500.0,-23.60531
2490967656.25,-23.60623
2490967812.5,-23.61019
2490967968.75,-23.60888
2490968125.0,-23.60761
2490968281.25,-23.61211
2490968437.5,-23.61231
2490968593.75,-23.61344
2490968750.0,-23.61494
2490968906.25,-23.61457
2490969062.5,-23.61708
2490969218.75,-23.61707
2490969375.0,-23.61967
2490969531.25,-23.62063
2490969687.5,-23.62417
2490969843.75,-23.6223
2490970000.0,-23.62324
2490970156.25,-23.62603
2490970312.5,-23.62356
2490970468.75,-23.62956
2490970625.0,-23.6289
2490970781.25,-23.63175
2490970937.5,-23.63014
2490971093.75,-23.63027
2490971250.0,-23.6334
2490971406.25,-23.63568
2490971562.5,-23.63565
2490971718.75,-23.63733
2490971875.0,-23.63837
2490972031.25,-23.63715
2490972187.5,-23.63902
2490972343.75,-23.64071
2490972500.0,-23.64082
2490972656.25,-23.64025
2490972812.5,-23.64179
2490972968.75,-23.64336
2490973125.0,-23.64611
2490973281.25,-23.64593
2490973437.5,-23.64713
2490973593.75,-23.64496
2490973750.0,-23.65014
2490973906.25,-23.65007
2490974062.5,-23.65054
2490974218.75,-23.65373
2490974375.0,-23.65254
2490974531.25,-23.65559
2490974687.5,-23.65759
2490974843.75,-23.66048
2490975000.0,-23.65824
2490975156.25,-23.65917
2490975312.5,-23.6638
2490975468.75,-23.66316
2490975625.0,-23.66312
2490975781.25,-23.66629
2490975937.5,-23.66324
2490976093.75,-23.66635
2490976250.0,-23.66746
2490976406.25,-23.66974
2490976562.5,-23.67056
2490976718.75,-23.66727
2490976875.0,-23.67105
2490977031.25,-23.67183
2490977187.5,-23.67407
2490977343.75,-23.67359
2490977500.0,-23.67606
2490977656.25,-23.67773
2490977812.5,-23.67854
2490977968.75,-23.67793
2490978125.0,-23.68136
2490978281.25,-23.6831
2490978437.5,-23.68456
2490978593.75,-23.68391
2490978750.0,-23.68482
2490978906.25,-23.68451
2490979062.5,-23.68576
2490979218.75,-23.68983
2490979375.0,-23.68792
2490979531.25,-23.69054
2490979687.5,-23.69085
2490979843.75,-23.69344
2490980000.0,-23.69088
2490980156.25,-23.69543
2490980312.5,-23.69554
2490980468.75,-23.69563
2490980625.0,-23.69677
2490980781.25,-23.69854
2490980937.5,-23.70136
2490981093.75,-23.70166
2490981250.0,-23.70286
2490981406.25,-23.70205
2490981562.5,-23.70314
2490981718.75,-23.70985
2490981875.0,-23.70765
2490982031.25,-23.70871
2490982187.5,-23.71054
2490982343.75,-23.71054
2490982500.0,-23.70959
2490982656.25,-23.71058
2490982812.5,-23.71412
2490982968.75,-23.71294
2490983125.0,-23.71666
2490983281.25,-23.7177
2490983437.5,-23.71909
2490983593.75,-23.72085
2490983750.0,-23.72104
2490983906.25,-23.72273
2490984062.5,-23.7213
2490984218.75,-23.72241
2490984375.0,-23.72626
2490984531.25,-23.72776
2490984687.5,-23.7276
2490984843.75,-23.72967
2490985000.0,-23.7292
2490985156.25,-23.72861
2490985312.5,-23.73036
2490985468.75,-23.73251
2490985625.0,-23.73377
2490985781.25,-23.73262
2490985937.5,-23.73542
2490986093.75,-23.73729
2490986250.0,-23.7339
2490986406.25,-23.73816
2490986562.5,-23.73853
2490986718.75,-23.74376
2490986875.0,-23.74249
2490987031.25,-23.74467
2490987187.5,-23.74148
2490987343.75,-23.74482
2490987500.0,-23.74657
2490987656.25,-23.7488
2490987812.5,-23.75091
2490987968.75,-23.75106
2490988125.0,-23.7492
2490988281.25,-23.75002
2490988437.5,-23.75194
2490988593.75,-23.75304
2490988750.0,-23.75546
2490988906.25,-23.75327
2490989062.5,-23.75504
2490989218.75,-23.75821
2490989375.0,-23.7613
2490989531.25,-23.7583
2490989687.5,-23.76026
2490989843.75,-23.76249
2490990000.0,-23.76534
2490990156.25,-23.76499
2490990312.5,-23.76507
2490990468.75,-23.76592
2490990625.0,-23.76666
2490990781.25,-23.76962
2490990937.5,-23.77099
2490991093.75,-23.77278
2490991250.0,-23.77114
2490991406.25,-23.77538
2490991562.5,-23.76996
2490991718.75,-23.77303
2490991875.0,-23.77656
2490992031.25,-23.77881
2490992187.5,-23.77879
2490992343.75,-23.78146
2490992500.0,-23.7819
2490992656.25,-23.78193
2490992812.5,-23.78241
2490992968.75,-23.78466
2490993125.0,-23.7854
2490993281.25,-23.78325
2490993437.5,-23.78642
2490993593.75,-23.79031
2490993750.0,-23.78724
2490993906.25,-23.79203
2490994062.5,-23.79109
2490994218.75,-23.79094
2490994375.0,-23.79539
2490994531.25,-23.79507
2490994687.5,-23.79716
2490994843.75,-23.79744
2490995000.0,-23.79942
2490995156.25,-23.80148
2490995312.5,-23.80099
2490995468.75,-23.79998
2490995625.0,-23.80421
2490995781.25,-23.80183
2490995937.5,-23.80511
2490996093.75,-23.80319
2490996250.0,-23.80618
2490996406.25,-23.80566
2490996562.5,-23.80739
2490996718.75,-23.81109
2490996875.0,-23.81036
2490997031.25,-23.8137
2490997187.5,-23.81555
2490997343.75,-23.81247
2490997500.0,-23.81569
2490997656.25,-23.81835
2490997812.5,-23.8164
2490997968.75,-23.81964
2490998125.0,-23.8189
2490998281.25,-23.81956
2490998437.5,-23.8189
2490998593.75,-23.82305
2490998750.0,-23.8267
2490998906.25,-23.82512
2490999062.5,-23.82484
2490999218.75,-23.82562
2490999375.0,-23.8306
2490999531.25,-23.82815
2490999687.5,-23.82691
2490999843.75,-23.83114
2491000000.0,-23.83141
2491000156.25,-23.83068
2491000312.5,-23.8348
2491000468.75,-23.83492
2491000625.0,-23.83389
2491000781.25,-23.83905
2491000937.5,-23.83988
2491001093.75,-23.8384
2491001250.0,-23.83961
2491001406.25,-23.8452
2491001562.5,-23.84479
2491001718.75,-23.84005
2491001875.0,-23.84625
2491002031.25,-23.84582
2491002187.5,-23.84807
2491002343.75,-23.84961
2491002500.0,-23.84865
2491002656.25,-23.84958
2491002812.5,-23.85455
2491002968.75,-23.85258
2491003125.0,-23.85377
2491003281.25,-23.85453
2491003437.5,-23.85634
2491003593.75,-23.86013
2491003750.0,-23.859
2491003906.25,-23.85842
2491004062.5,-23.861
2491004218.75,-23.85998
2491004375.0,-23.86558
2491004531.25,-23.86471
2491004687.5,-23.86053
2491004843.75,-23.86453
2491005000.0,-23.86681
2491005156.25,-23.86718
2491005312.5,-23.86703
2491005468.75,-23.87183
2491005625.0,-23.87103
2491005781.25,-23.87208
2491005937.5,-23.87126
2491006093.75,-23.87666
2491006250.0,-23.87403
2491006406.25,-23.87561
2491006562.5,-23.87915
2491006718.75,-23.87878
2491006875.0,-23.87959
2491007031.25,-23.87877
2491007187.5,-23.88228
2491007343.75,-23.88437
2491007500.0,-23.88482
2491007656.25,-23.88508
2491007812.5,-23.88551
2491007968.75,-23.88984
2491008125.0,-23.88801
2491008281.25,-23.8905
2491008437.5,-23.88779
2491008593.75,-23.89121
2491008750.0,-23.89176
2491008906.25,-23.89242
2491009062.5,-23.893
2491009218.75,-23.89344
2491009375.0,-23.89728
2491009531.25,-23.89621
2491009687.5,-23.89902
2491009843.75,-23.8997
2491010000.0,-23.90266
2491010156.25,-23.90064
2491010312.5,-23.90362
2491010468.75,-23.90468
2491010625.0,-23.90472
2491010781.25,-23.90656
2491010937.5,-23.9045
2491011093.75,-23.90666
2491011250.0,-23.91018
2491011406.25,-23.91051
2491011562.5,-23.91199
2491011718.75,-23.91352
2491011875.0,-23.91266
2491012031.25,-23.91601
2491012187.5,-23.91623
2491012343.75,-23.91501
2491012500.0,-23.91699
2491012656.25,-23.9175
2491012812.5,-23.92067
2491012968.75,-23.92195
2491013125.0,-23.92043
2491013281.25,-23.92134
2491013437.5,-23.92444
2491013593.75,-23.92627
2491013750.0,-23.92842
2491013906.25,-23.928
2491014062.5,-23.93072
2491014218.75,-23.93069
2491014375.0,-23.93054
2491014531.25,-23.92929
2491014687.5,-23.93547
2491014843.75,-23.93175
2491015000.0,-23.93711
2491015156.25,-23.93612
2491015312.5,-23.93608
2491015468.75,-23.93774
2491015625.0,-23.93937
2491015781.25,-23.94058
2491015937.5,-23.93816
2491016093.75,-23.94377
2491016250.0,-23.94287
2491016406.25,-23.94525
2491016562.5,-23.94642
2491016718.75,-23.94682
2491016875.0,-23.94672
2491017031.25,-23.94802
2491017187.5,-23.94862
2491017343.75,-23.94781
2491017500.0,-23.95435
2491017656.25,-23.95538
2491017812.5,-23.95354
2491017968.75,-23.95698
2491018125.0,-23.95613
2491018281.25,-23.95956
2491018437.5,-23.95936
2491018593.75,-23.96196
2491018750.0,-23.95976
2491018906.25,-23.95741
2491019062.5,-23.96383
2491019218.75,-23.96357
2491019375.0,-23.96318
2491019531.25,-23.9684
2491019687.5,-23.97108
2491019843.75,-23.9697
2491020000.0,-23.96797
2491020156.25,-23.97029
2491020312.5,-23.96962
2491020468.75,-23.97272
2491020625.0,-23.97225
2491020781.25,-23.97384
2491020937.5,-23.97533
2491021093.75,-23.97737
2491021250.0,-23.97993
2491021406.25,-23.98181
2491021562.5,-23.98128
2491021718.75,-23.98017
2491021875.0,-23.97972
2491022031.25,-23.98438
2491022187.5,-23.9819
2491022343.75,-23.98409
2491022500.0,-23.98898
2491022656.25,-23.98874
2491022812.5,-23.98519
2491022968.75,-23.98957
2491023125.0,-23.98992
2491023281.25,-23.99192
2491023437.5,-23.99265
2491023593.75,-23.99397
2491023750.0,-23.9926
2491023906.25,-23.9973
2491024062.5,-23.99712
2491024218.75,-23.99739
2491024375.0,-24.00048
2491024531.25,-24.00204
2491024687.5,-24.00284
2491024843.75,-24.00025
2491025000.0,-24.00665
2491025156.25,-24.0035
2491025312.5,-24.00667
2491025468.75,-24.00832
2491025625.0,-24.00853
2491025781.25,-24.00895
2491025937.5,-24.01022
2491026093.75,-24.0107
2491026250.0,-24.01599
2491026406.25,-24.0103
2491026562.5,-24.01198
2491026718.75,-24.01434
2491026875.0,-24.01623
2491027031.25,-24.01626
2491027187.5,-24.01783
2491027343.75,-24.01874
2491027500.0,-24.02032
2491027656.25,-24.02133
2491027812.5,-24.02072
2491027968.75,-24.02213
2491028125.0,-24.02147
2491028281.25,-24.02597
2491028437.5,-24.0258
2491028593.75,-24.02637
2491028750.0,-24.02816
2491028906.25,-24.02969
2491029062.5,-24.03086
2491029218.75,-24.02971
2491029375.0,-24.03262
2491029531.25,-24.03248
2491029687.5,-24.03699
2491029843.75,-24.03795
2491030000.0,-24.03931
2491030156.25,-24.03907
2491030312.5,-24.03632
2491030468.75,-24.04212
2491030625.0,-24.04205
2491030781.25,-24.04048
2491030937.5,-24.03933
2491031093.75,-24.04189
2491031250.0,-24.04638
2491031406.25,-24.04585
2491031562.5,-24.048
2491031718.75,-24.04993
2491031875.0,-24.05
2491032031.25,-24.04782
2491032187.5,-24.05089
2491032343.75,-24.05352
2491032500.0,-24.05569
2491032656.25,-24.05298
2491032812.5,-24.05679
2491032968.75,-24.05755
2491033125.0,-24.05724
2491033281.25,-24.05827
2491033437.5,-24.0601
2491033593.75,-24.06079
2491033750.0,-24.0618
2491033906.25,-24.06095
2491034062.5,-24.06485
2491034218.75,-24.06423
2491034375.0,-24.06799
2491034531.25,-24.06536
2491034687.5,-24.06639
2491034843.75,-24.07004
2491035000.0,-24.06951
2491035156.25,-24.06933
2491035312.5,-24.07236
2491035468.75,-24.07432
2491035625.0,-24.07686
2491035781.25,-24.07513
2491035937.5,-24.0779
2491036093.75,-24.07839
2491036250.0,-24.07744
2491036406.25,-24.07775
2491036562.5,-24.08019
2491036718.75,-24.0803
2491036875.0,-24.08236
2491037031.25,-24.08436
2491037187.5,-24.08803
2491037343.75,-24.08686
2491037500.0,-24.09006
2491037656.25,-24.08797
2491037812.5,-24.08885
2491037968.75,-24.09277
2491038125.0,-24.09072
2491038281.25,-24.09096
2491038437.5,-24.09194
2491038593.75,-24.09587
2491038750.0,-24.09678
2491038906.25,-24.0976
2491039062.5,-24.09676
2491039218.75,-24.09856
2491039375.0,-24.1011
2491039531.25,-24.10186
2491039687.5,-24.09996
2491039843.75,-24.10233
2491040000.0,-24.1046
2491040156.25,-24.107
2491040312.5,-24.10578
2491040468.75,-24.10461
2491040625.0,-24.10573
2491040781.25,-24.1099
2491040937.5,-24.10941
2491041093.75,-24.11093
2491041250.0,-24.11212
2491041406.25,-24.11175
2491041562.5,-24.1139
2491041718.75,-24.11388
2491041875.0,-24.11539
2491042031.25,-24.11978
2491042187.5,-24.11623
2491042343.75,-24.11946
2491042500.0,-24.12071
2491042656.25,-24.12158
2491042812.5,-24.12389
2491042968.75,-24.12095
2491043125.0,-24.12356
2491043281.25,-24.125
2491043437.5,-24.12708
2491043593.75,-24.1297
2491043750.0,-24.1275
2491043906.25,-24.13068
2491044062.5,-24.13099
2491044218.75,-24.13191
2491044375.0,-24.13168
2491044531.25,-24.13457
2491044687.5,-24.13615
2491044843.75,-24.13738
2491045000.0,-24.13816
2491045156.25,-24.13754
2491045312.5,-24.1409
2491045468.75,-24.1421
2491045625.0,-24.14169
2491045781.25,-24.14208
2491045937.5,-24.14365
2491046093.75,-24.1454
2491046250.0,-24.14416
2491046406.25,-24.14221
2491046562.5,-24.15007
2491046718.75,-24.14935
2491046875.0,-24.15008
2491047031.25,-24.15324
2491047187.5,-24.1506
2491047343.75,-24.15299
2491047500.0,-24.15313
2491047656.25,-24.15566
2491047812.5,-24.15556
2491047968.75,-24.15781
2491048125.0,-24.15803
2491048281.25,-24.15823
2491048437.5,-24.15966
2491048593.75,-24.16185
2491048750.0,-24.163
2491048906.25,-24.16302
2491049062.5,-24.16424
2491049218.75,-24.16645
2491049375.0,-24.16817
2491049531.25,-24.16879
2491049687.5,-24.16865
2491049843.75,-24.17141
2491050000.0,-24.17115
2491050156.25,-24.16936
2491050312.5,-24.17252
2491050468.75,-24.17179
2491050625.0,-24.17146
2491050781.25,-24.17662
2491050937.5,-24.18101
2491051093.75,-24.17838
2491051250.0,-24.18052
2491051406.25,-24.18044
2491051562.5,-24.18088
2491051718.75,-24.1826
2491051875.0,-24.1823
2491052031.25,-24.18656
2491052187.5,-24.18559
2491052343.75,-24.18723
2491052500.0,-24.18788
2491052656.25,-24.19026
2491052812.5,-24.19015
2491052968.75,-24.19225
2491053125.0,-24.19172
2491053281.25,-24.1883
2491053437.5,-24.19428
2491053593.75,-24.1968
2491053750.0,-24.19681
2491053906.25,-24.19538
2491054062.5,-24.19768
2491054218.75,-24.19534
2491054375.0,-24.20029
2491054531.25,-24.20003
2491054687.5,-24.19895
2491054843.75,-24.20226
2491055000.0,-24.20313
2491055156.25,-24.20522
2491055312.5,-24.20358
2491055468.75,-24.2102
2491055625.0,-24.20786
2491055781.25,-24.21084
2491055937.5,-24.21117
2491056093.75,-24.21225
2491056250.0,-24.21217
2491056406.25,-24.21288
2491056562.5,-24.21427
2491056718.75,-24.2157
2491056875.0,-24.21976
2491057031.25,-24.2157
2491057187.5,-24.21595
2491057343.75,-24.21892
2491057500.0,-24.22162
2491057656.25,-24.22134
2491057812.5,-24.22398
2491057968.75,-24.22477
2491058125.0,-24.22241
2491058281.25,-24.22242
2491058437.5,-24.22775
2491058593.75,-24.22824
2491058750.0,-24.22682
2491058906.25,-24.23004
2491059062.5,-24.2275
2491059218.75,-24.23235
2491059375.0,-24.23101
2491059531.25,-24.23433
2491059687.5,-24.23342
2491059843.75,-24.23236
2491060000.0,-24.23739
2491060156.25,-24.23879
2491060312.5,-24.23988
2491060468.75,-24.2386
2491060625.0,-24.23861
2491060781.25,-24.23918
2491060937.5,-24.24549
2491061093.75,-24.24439
2491061250.0,-24.24417
2491061406.25,-24.24683
2491061562.5,-24.24743
2491061718.75,-24.24993
2491061875.0,-24.24856
2491062031.25,-24.25101
2491062187.5,-24.24969
2491062343.75,-24.25554
2491062500.0,-24.25491
2491062656.25,-24.25303
2491062812.5,-24.25289
2491062968.75,-24.25689
2491063125.0,-24.25463
2491063281.25,-24.2592
2491063437.5,-24.25704
2491063593.75,-24.26035
2491063750.0,-24.26106
2491063906.25,-24.26218
2491064062.5,-24.26452
2491064218.75,-24.2635
2491064375.0,-24.26748
2491064531.25,-24.26559
2491064687.5,-24.26805
2491064843.75,-24.27244
2491065000.0,-24.27074
2491065156.25,-24.27226
2491065312.5,-24.2715
2491065468.75,-24.27491
2491065625.0,-24.27238
2491065781.25,-24.27393
2491065937.5,-24.27533
2491066093.75,-24.27493
2491066250.0,-24.2756
2491066406.25,-24.27627
2491066562.5,-24.27892
2491066718.75,-24.28107
2491066875.0,-24.28229
2491067031.25,-24.28309
2491067187.5,-24.28659
2491067343.75,-24.28403
2491067500.0,-24.28591
2491067656.25,-24.28647
2491067812.5,-24.28669
2491067968.75,-24.2914
2491068125.0,-24.28869
2491068281.25,-24.29232
2491068437.5,-24.2902
2491068593.75,-24.29348
2491068750.0,-24.29473
2491068906.25,-24.2955
2491069062.5,-24.2986
2491069218.75,-24.29758
2491069375.0,-24.29963
2491069531.25,-24.29996
2491069687.5,-24.29773
2491069843.75,-24.30203
2491070000.0,-24.30349
2491070156.25,-24.30361
2491070312.5,-24.30202
2491070468.75,-24.3054
2491070625.0,-24.30643
2491070781.25,-24.30702
2491070937.5,-24.30386
2491071093.75,-24.30817
2491071250.0,-24.30967
2491071406.25,-24.3111
2491071562.5,-24.31239
2491071718.75,-24.31116
2491071875.0,-24.3122
2491072031.25,-24.31452
2491072187.5,-24.31943
2491072343.75,-24.31628
2491072500.0,-24.31755
2491072656.25,-24.31913
2491072812.5,-24.32129
2491072968.75,-24.3204
2491073125.0,-24.32272
2491073281.25,-24.32331
2491073437.5,-24.32496
2491073593.75,-24.32584
2491073750.0,-24.32558
2491073906.25,-24.32615
2491074062.5,-24.32867
2491074218.75,-24.32868
2491074375.0,-24.33145
2491074531.25,-24.33199
2491074687.5,-24.33372
2491074843.75,-24.33589
2491075000.0,-24.33494
2491075156.25,-24.33723
2491075312.5,-24.33616
2491075468.75,-24.33672
2491075625.0,-24.34029
2491075781.25,-24.33828
2491075937.5,-24.33908
2491076093.75,-24.34158
2491076250.0,-24.34185
2491076406.25,-24.34285
2491076562.5,-24.34378
2491076718.75,-24.34533
2491076875.0,-24.3483
2491077031.25,-24.34875
2491077187.5,-24.34897
2491077343.75,-24.35103
2491077500.0,-24.34771
2491077656.25,-24.35028
2491077812.5,-24.3535
2491077968.75,-24.35592
2491078125.0,-24.35379
2491078281.25,-24.35978
2491078437.5,-24.35646
2491078593.75,-24.35979
2491078750.0,-24.35889
2491078906.25,-24.35982
2491079062.5,-24.36316
2491079218.75,-24.36418
2491079375.0,-24.36245
2491079531.25,-24.36501
2491079687.5,-24.36368
2491079843.75,-24.36797
2491080000.0,-24.36837
2491080156.25,-24.36673
2491080312.5,-24.37237
2491080468.75,-24.37169
2491080625.0,-24.37016
2491080781.25,-24.37276
2491080937.5,-24.37473
2491081093.75,-24.37417
2491081250.0,-24.37515
2491081406.25,-24.37549
2491081562.5,-24.3791
2491081718.75,-24.37878
2491081875.0,-24.37956
2491082031.25,-24.37984
2491082187.5,-24.37942
2491082343.75,-24.38433
2491082500.0,-24.38242
2491082656.25,-24.38724
2491082812.5,-24.38887
2491082968.75,-24.38483
2491083125.0,-24.39133
2491083281.25,-24.38944
2491083437.5,-24.3883
2491083593.75,-24.38869
2491083750.0,-24.39211
2491083906.25,-24.39126
2491084062.5,-24.39437
2491084218.75,-24.39743
2491084375.0,-24.39629
2491084531.25,-24.39902
2491084687.5,-24.39699
2491084843.75,-24.39914
2491085000.0,-24.40099
2491085156.25,-24.40165
2491085312.5,-24.39985
2491085468.75,-24.40334
2491085625.0,-24.40425
2491085781.25,-24.40419
2491085937.5,-24.40396
2491086093.75,-24.40569
2491086250.0,-24.40655
2491086406.25,-24.4086
2491086562.5,-24.40814
2491086718.75,-24.41088
2491086875.0,-24.41243
2491087031.25,-24.41415
2491087187.5,-24.41165
2491087343.75,-24.41392
2491087500.0,-24.41441
2491087656.25,-24.41632
2491087812.5,-24.41875
2491087968.75,-24.41982
2491088125.0,-24.42142
2491088281.25,-24.41971
2491088437.5,-24.42229
2491088593.75,-24.4215
2491088750.0,-24.42324
2491088906.25,-24.42593
2491089062.5,-24.42822
2491089218.75,-24.42897
2491089375.0,-24.42826
2491089531.25,-24.43017
2491089687.5,-24.42537
2491089843.75,-24.43131
2491090000.0,-24.43106
2491090156.25,-24.43235
2491090312.5,-24.43339
2491090468.75,-24.43544
2491090625.0,-24.43522
2491090781.25,-24.43324
2491090937.5,-24.43933
2491091093.75,-24.43712
2491091250.0,-24.44068
2491091406.25,-24.44077
2491091562.5,-24.44343
2491091718.75,-24.44562
2491091875.0,-24.44597
2491092031.25,-24.44491
2491092187.5,-24.44762
2491092343.75,-24.44649
2491092500.0,-24.44884
2491092656.25,-24.44958
2491092812.5,-24.44967
2491092968.75,-24.45326
2491093125.0,-24.45417
2491093281.25,-24.45581
2491093437.5,-24.45412
2491093593.75,-24.45537
2491093750.0,-24.45651
2491093906.25,-24.45813
2491094062.5,-24.45935
2491094218.75,-24.46114
2491094375.0,-24.46142
2491094531.25,-24.46142
2491094687.5,-24.4622
2491094843.75,-24.46304
2491095000.0,-24.46499
2491095156.25,-24.46452
2491095312.5,-24.46406
2491095468.75,-24.46758
2491095625.0,-24.4712
2491095781.25,-24.46828
2491095937.5,-24.47058
2491096093.75,-24.47256
2491096250.0,-24.46885
2491096406.25,-24.47185
2491096562.5,-24.47521
2491096718.75,-24.47745
2491096875.0,-24.47432
2491097031.25,-24.47857
2491097187.5,-24.4788
2491097343.75,-24.47734
2491097500.0,-24.47916
2491097656.25,-24.47933
2491097812.5,-24.481
2491097968.75,-24.48267
2491098125.0,-24.48391
2491098281.25,-24.48824
2491098437.5,-24.4876
2491098593.75,-24.48952
2491098750.0,-24.48828
2491098906.25,-24.48839
2491099062.5,-24.49071
2491099218.75,-24.49121
2491099375.0,-24.48894
2491099531.25,-24.4935
2491099687.5,-24.4932
2491099843.75,-24.49562
2491100000.0,-24.49622
2491100156.25,-24.49845
2491100312.5,-24.49732
2491100468.75,-24.5007
2491100625.0,-24.50182
2491100781.25,-24.50052
2491100937.5,-24.50195
2491101093.75,-24.50294
2491101250.0,-24.50183
2491101406.25,-24.50474
2491101562.5,-24.50398
2491101718.75,-24.50783
2491101875.0,-24.51087
2491102031.25,-24.51083
2491102187.5,-24.51191
2491102343.75,-24.51586
2491102500.0,-24.51122
2491102656.25,-24.51673
2491102812.5,-24.51472
2491102968.75,-24.51337
2491103125.0,-24.51854
2491103281.25,-24.51608
2491103437.5,-24.51855
2491103593.75,-24.52004
2491103750.0,-24.51984
2491103906.25,-24.52081
2491104062.5,-24.52003
2491104218.75,-24.52545
2491104375.0,-24.5232
2491104531.25,-24.52618
2491104687.5,-24.52964
2491104843.75,-24.52853
2491105000.0,-24.52968
2491105156.25,-24.52991
2491105312.5,-24.53068
2491105468.75,-24.52708
2491105625.0,-24.53091
2491105781.25,-24.53229
2491105937.5,-24.53615
2491106093.75,-24.53482
2491106250.0,-24.53471
2491106406.25,-24.53783
2491106562.5,-24.53942
2491106718.75,-24.53704
2491106875.0,-24.53964
2491107031.25,-24.53987
2491107187.5,-24.54537
2491107343.75,-24.54019
2491107500.0,-24.54319
2491107656.25,-24.54719
2491107812.5,-24.54717
2491107968.75,-24.55051
2491108125.0,-24.54876
2491108281.25,-24.54951
2491108437.5,-24.55046
2491108593.75,-24.5511
2491108750.0,-24.55155
2491108906.25,-24.55467
2491109062.5,-24.55255
2491109218.75,-24.55481
2491109375.0,-24.55618
2491109531.25,-24.55661
2491109687.5,-24.55909
2491109843.75,-24.56063
2491110000.0,-24.56012
2491110156.25,-24.56042
2491110312.5,-24.56299
2491110468.75,-24.56348
2491110625.0,-24.56165
2491110781.25,-24.56621
2491110937.5,-24.56555
2491111093.75,-24.56561
2491111250.0,-24.56672
2491111406.25,-24.56853
2491111562.5,-24.57041
2491111718.75,-24.57405
2491111875.0,-24.57438
2491112031.25,-24.57431
2491112187.5,-24.57599
2491112343.75,-24.57667
2491112500.0,-24.57619
2491112656.25,-24.57709
2491112812.5,-24.57848
2491112968.75,-24.57813
2491113125.0,-24.57884
2491113281.25,-24.58228
2491113437.5,-24.58098
2491113593.75,-24.58117
2491113750.0,-24.58147
2491113906.25,-24.58488
2491114062.5,-24.58758
2491114218.75,-24.58661
2491114375.0,-24.5875
2491114531.25,-24.59109
2491114687.5,-24.58673
2491114843.75,-24.5898
2491115000.0,-24.59279
2491115156.25,-24.59392
2491115312.5,-24.59297
2491115468.75,-24.59337
2491115625.0,-24.59402
2491115781.25,-24.59625
2491115937.5,-24.59892
2491116093.75,-24.59689
2491116250.0,-24.59803
2491116406.25,-24.6011
2491116562.5,-24.60345
2491116718.75,-24.60259
2491116875.0,-24.60352
2491117031.25,-24.60079
2491117187.5,-24.60192
2491117343.75,-24.60585
2491117500.0,-24.60699
2491117656.25,-24.60934
2491117812.5,-24.60975
2491117968.75,-24.61376
2491118125.0,-24.6124
2491118281.25,-24.61464
2491118437.5,-24.61225
2491118593.75,-24.61237
2491118750.0,-24.612
2491118906.25,-24.61514
2491119062.5,-24.61627
2491119218.75,-24.61953
2491119375.0,-24.61876
2491119531.25,-24.62167
2491119687.5,-24.621
2491119843.75,-24.62395
2491120000.0,-24.6222
2491120156.25,-24.62544
2491120312.5,-24.6259
2491120468.75,-24.62724
2491120625.0,-24.62771
2491120781.25,-24.6291
2491120937.5,-24.62845
2491121093.75,-24.63325
2491121250.0,-24.62947
2491121406.25,-24.63138
2491121562.5,-24.63265
2491121718.75,-24.63431
2491121875.0,-24.63248
2491122031.25,-24.63501
2491122187.5,-24.63658
2491122343.75,-24.63925
2491122500.0,-24.63974
2491122656.25,-24.64099
2491122812.5,-24.64046
2491122968.75,-24.64383
2491123125.0,-24.64639
2491123281.25,-24.64384
2491123437.5,-24.64283
2491123593.75,-24.64416
2491123750.0,-24.64622
2491123906.25,-24.64832
2491124062.5,-24.64881
2491124218.75,-24.64918
2491124375.0,-24.65307
2491124531.25,-24.65016
2491124687.5,-24.65049
2491124843.75,-24.65518
2491125000.0,-24.65409
2491125156.25,-24.65593
2491125312.5,-24.65613
2491125468.75,-24.65872
2491125625.0,-24.66034
2491125781.25,-24.65923
2491125937.5,-24.66287
2491126093.75,-24.66081
2491126250.0,-24.65918
2491126406.25,-24.66072
2491126562.5,-24.66436
2491126718.75,-24.66278
2491126875.0,-24.66868
2491127031.25,-24.66417
2491127187.5,-24.66776
2491127343.75,-24.66865
2491127500.0,-24.66916
2491127656.25,-24.66984
2491127812.5,-24.67375
2491127968.75,-24.67215
2491128125.0,-24.67519
2491128281.25,-24.67518
2491128437.5,-24.67817
2491128593.75,-24.67753
2491128750.0,-24.67966
2491128906.25,-24.682
2491129062.5,-24.681
2491129218.75,-24.67885
2491129375.0,-24.68243
2491129531.25,-24.6843
2491129687.5,-24.68547
2491129843.75,-24.68531
2491130000.0,-24.68356
2491130156.25,-24.68847
2491130312.5,-24.68584
2491130468.75,-24.69044
2491130625.0,-24.69006
2491130781.25,-24.68802
2491130937.5,-24.69374
2491131093.75,-24.69063
2491131250.0,-24.69519
2491131406.25,-24.69464
2491131562.5,-24.69484
2491131718.75,-24.69824
2491131875.0,-24.69944
2491132031.25,-24.69648
2491132187.5,-24.70124
2491132343.75,-24.70311
2491132500.0,-24.69884
2491132656.25,-24.70158
2491132812.5,-24.70378
2491132968.75,-24.70503
2491133125.0,-24.70721
2491133281.25,-24.70703
2491133437.5,-24.70801
2491133593.75,-24.7104
2491133750.0,-24.70848
2491133906.25,-24.71067
2491134062.5,-24.71327
2491134218.75,-24.71011
2491134375.0,-24.71195
2491134531.25,-24.71442
2491134687.5,-24.7178
2491134843.75,-24.71509
2491135000.0,-24.71654
2491135156.25,-24.72034
2491135312.5,-24.71807
2491135468.75,-24.71895
2491135625.0,-24.72225
2491135781.25,-24.71999
2491135937.5,-24.72244
2491136093.75,-24.72307
2491136250.0,-24.72837
2491136406.25,-24.72663
2491136562.5,-24.72806
2491136718.75,-24.73199
2491136875.0,-24.72817
2491137031.25,-24.73131
2491137187.5,-24.73036
2491137343.75,-24.73026
2491137500.0,-24.73244
2491137656.25,-24.73513
2491137812.5,-24.73684
2491137968.75,-24.73425
2491138125.0,-24.73574
2491138281.25,-24.73636
2491138437.5,-24.73802
2491138593.75,-24.73954
2491138750.0,-24.74284
2491138906.25,-24.74384
2491139062.5,-24.74394
2491139218.75,-24.74361
2491139375.0,-24.74426
2491139531.25,-24.74515
2491139687.5,-24.74784
2491139843.75,-24.74844
2491140000.0,-24.74802
2491140156.25,-24.75157
2491140312.5,-24.75027
2491140468.75,-24.75181
2491140625.0,-24.751
2491140781.25,-24.75492
2491140937.5,-24.75411
2491141093.75,-24.75272
2491141250.0,-24.75792
2491141406.25,-24.75692
2491141562.5,-24.75929
2491141718.75,-24.75918
2491141875.0,-24.75815
2491142031.25,-24.76081
2491142187.5,-24.76254
2491142343.75,-24.76304
2491142500.0,-24.76724
2491142656.25,-24.76523
2491142812.5,-24.76549
2491142968.75,-24.76691
2491143125.0,-24.76594
2491143281.25,-24.77091
2491143437.5,-24.77337
2491143593.75,-24.77155
2491143750.0,-24.77145
2491143906.25,-24.77069
2491144062.5,-24.77556
2491144218.75,-24.77471
2491144375.0,-24.77373
2491144531.25,-24.77624
2491144687.5,-24.77815
2491144843.75,-24.77977
2491145000.0,-24.7808
2491145156.25,-24.78196
2491145312.5,-24.78456
2491145468.75,-24.78201
2491145625.0,-24.78154
2491145781.25,-24.78249
2491145937.5,-24.78411
2491146093.75,-24.79033
2491146250.0,-24.78838
2491146406.25,-24.78805
2491146562.5,-24.78978
2491146718.75,-24.79323
2491146875.0,-24.79224
2491147031.25,-24.79258
2491147187.5,-24.79487
2491147343.75,-24.79266
2491147500.0,-24.79392
2491147656.25,-24.79293
2491147812.5,-24.79575
2491147968.75,-24.80057
2491148125.0,-24.79936
2491148281.25,-24.80012
2491148437.5,-24.80339
2491148593.75,-24.80187
2491148750.0,-24.80061
2491148906.25,-24.80479
2491149062.5,-24.80305
2491149218.75,-24.80585
2491149375.0,-24.80659
2491149531.25,-24.80824
2491149687.5,-24.81063
2491149843.75,-24.80708
2491150000.0,-24.81013
2491150156.25,-24.8137
2491150312.5,-24.81328
2491150468.75,-24.81441
2491150625.0,-24.81254
2491150781.25,-24.81613
2491150937.5,-24.81666
2491151093.75,-24.81971
2491151250.0,-24.81662
2491151406.25,-24.82086
2491151562.5,-24.82067
2491151718.75,-24.81983
2491151875.0,-24.82397
2491152031.25,-24.82402
2491152187.5,-24.82139
2491152343.75,-24.82531
2491152500.0,-24.82661
2491152656.25,-24.82695
2491152812.5,-24.82905
2491152968.75,-24.82764
2491153125.0,-24.82994
2491153281.25,-24.82989
2491153437.5,-24.8315
2491153593.75,-24.83159
2491153750.0,-24.83581
2491153906.25,-24.83413
2491154062.5,-24.83629
2491154218.75,-24.83786
2491154375.0,-24.83813
2491154531.25,-24.83896
2491154687.5,-24.83766
2491154843.75,-24.83776
2491155000.0,-24.84101
2491155156.25,-24.8433
2491155312.5,-24.84346
2491155468.75,-24.84421
2491155625.0,-24.84737
2491155781.25,-24.84692
2491155937.5,-24.84554
2491156093.75,-24.84739
2491156250.0,-24.84642
2491156406.25,-24.84859
2491156562.5,-24.84925
2491156718.75,-24.85208
2491156875.0,-24.85306
2491157031.25,-24.85475
2491157187.5,-24.85803
2491157343.75,-24.85222
2491157500.0,-24.85886
2491157656.25,-24.85628
2491157812.5,-24.8592
2491157968.75,-24.86107
2491158125.0,-24.86262
2491158281.25,-24.86266
2491158437.5,-24.86278
2491158593.75,-24.86425
2491158750.0,-24.86384
2491158906.25,-24.86509
2491159062.5,-24.86686
2491159218.75,-24.86749
2491159375.0,-24.87004
2491159531.25,-24.86927
2491159687.5,-24.86956
2491159843.75,-24.87007
2491160000.0,-24.87258
2491160156.25,-24.87098
2491160312.5,-24.87393
2491160468.75,-24.87502
2491160625.0,-24.87617
2491160781.25,-24.87399
2491160937.5,-24.87882
2491161093.75,-24.87722
2491161250.0,-24.88184
2491161406.25,-24.88016
2491161562.5,-24.88257
2491161718.75,-24.88122
2491161875.0,-24.88449
2491162031.25,-24.88525
2491162187.5,-24.88515
2491162343.75,-24.88445
2491162500.0,-24.88999
2491162656.25,-24.88821
2491162812.5,-24.88981
2491162968.75,-24.88971
2491163125.0,-24.8915
2491163281.25,-24.89267
2491163437.5,-24.89137
2491163593.75,-24.89233
2491163750.0,-24.8922
2491163906.25,-24.89469
2491164062.5,-24.89766
2491164218.75,-24.89768
2491164375.0,-24.89557
2491164531.25,-24.89741
2491164687.5,-24.90108
2491164843.75,-24.90161
2491165000.0,-24.89997
2491165156.25,-24.90309
2491165312.5,-24.90584
2491165468.75,-24.90349
2491165625.0,-24.9069
2491165781.25,-24.90704
2491165937.5,-24.91214
2491166093.75,-24.90926
2491166250.0,-24.91117
2491166406.25,-24.91192
2491166562.5,-24.91079
2491166718.75,-24.91296
2491166875.0,-24.91583
2491167031.25,-24.91582
2491167187.5,-24.91782
2491167343.75,-24.91726
2491167500.0,-24.91896
2491167656.25,-24.9198
2491167812.5,-24.92017
2491167968.75,-24.91886
2491168125.0,-24.92202
2491168281.25,-24.92234
2491168437.5,-24.92424
2491168593.75,-24.92362
2491168750.0,-24.92762
2491168906.25,-24.92673
2491169062.5,-24.9268
2491169218.75,-24.92745
2491169375.0,-24.92846
2491169531.25,-24.92895
2491169687.5,-24.93485
2491169843.75,-24.93207
2491170000.0,-24.93415
2491170156.25,-24.93559
2491170312.5,-24.93441
2491170468.75,-24.93789
2491170625.0,-24.93655
2491170781.25,-24.93833
2491170937.5,-24.93958
2491171093.75,-24.93904
2491171250.0,-24.94169
2491171406.25,-24.93968
2491171562.5,-24.94089
2491171718.75,-24.94455
2491171875.0,-24.94272
2491172031.25,-24.94759
2491172187.5,-24.94627
2491172343.75,-24.94991
2491172500.0,-24.948
2491172656.25,-24.95077
2491172812.5,-24.9494
2491172968.75,-24.94726
2491173125.0,-24.95164
2491173281.25,-24.95551
2491173437.5,-24.95468
2491173593.75,-24.95551
2491173750.0,-24.95253
2491173906.25,-24.95503
2491174062.5,-24.95767
2491174218.75,-24.96039
2491174375.0,-24.9585
2491174531.25,-24.96097
2491174687.5,-24.96104
2491174843.75,-24.96371
2491175000.0,-24.96456
2491175156.25,-24.9631
2491175312.5,-24.9663
2491175468.75,-24.96676
2491175625.0,-24.9647
2491175781.25,-24.9708
2491175937.5,-24.97012
2491176093.75,-24.9672
2491176250.0,-24.97056
2491176406.25,-24.97287
2491176562.5,-24.977
2491176718.75,-24.97468
2491176875.0,-24.97604
2491177031.25,-24.97775
2491177187.5,-24.97866
2491177343.75,-24.97717
2491177500.0,-24.98118
2491177656.25,-24.98017
2491177812.5,-24.97943
2491177968.75,-24.98429
2491178125.0,-24.98221
2491178281.25,-24.98246
2491178437.5,-24.98575
2491178593.75,-24.9834
2491178750.0,-24.98498
2491178906.25,-24.98463
2491179062.5,-24.98912
2491179218.75,-24.98832
2491179375.0,-24.9888
2491179531.25,-24.99265
2491179687.5,-24.99349
2491179843.75,-24.99674
2491180000.0,-24.99356
2491180156.25,-24.99365
2491180312.5,-24.99809
2491180468.75,-24.998
2491180625.0,-24.99751
2491180781.25,-25.00104
2491180937.5,-25.00029
2491181093.75,-25.00226
2491181250.0,-25.00044
2491181406.25,-25.00407
2491181562.5,-25.00466
2491181718.75,-25.00767
2491181875.0,-25.00836
2491182031.25,-25.00541
2491182187.5,-25.00659
2491182343.75,-25.00742
2491182500.0,-25.0089
2491182656.25,-25.00967
2491182812.5,-25.00961
2491182968.75,-25.01258
2491183125.0,-25.01447
2491183281.25,-25.01277
2491183437.5,-25.01367
2491183593.75,-25.01525
2491183750.0,-25.01831
2491183906.25,-25.01622
2491184062.5,-25.02082
2491184218.75,-25.02056
2491184375.0,-25.02057
2491184531.25,-25.02366
2491184687.5,-25.02324
2491184843.75,-25.02373
2491185000.0,-25.02035
2491185156.25,-25.0221
2491185312.5,-25.02645
2491185468.75,-25.02773
2491185625.0,-25.02722
2491185781.25,-25.03192
2491185937.5,-25.02844
2491186093.75,-25.02815
2491186250.0,-25.02946
2491186406.25,-25.03557
2491186562.5,-25.03272
2491186718.75,-25.03308
2491186875.0,-25.03528
2491187031.25,-25.03535
2491187187.5,-25.03642
2491187343.75,-25.03696
2491187500.0,-25.04037
2491187656.25,-25.04173
2491187812.5,-25.04473
2491187968.75,-25.04731
2491188125.0,-25.04181
2491188281.25,-25.04438
2491188437.5,-25.04565
2491188593.75,-25.0492
2491188750.0,-25.04601
2491188906.25,-25.04719
2491189062.5,-25.05112
2491189218.75,-25.05125
2491189375.0,-25.04944
2491189531.25,-25.05328
2491189687.5,-25.05488
2491189843.75,-25.05664
2491190000.0,-25.05352
2491190156.25,-25.05545
2491190312.5,-25.05585
2491190468.75,-25.05762
2491190625.0,-25.05745
2491190781.25,-25.06288
2491190937.5,-25.06179
2491191093.75,-25.06024
2491191250.0,-25.06205
2491191406.25,-25.06149
2491191562.5,-25.06385
2491191718.75,-25.06572
2491191875.0,-25.0638
2491192031.25,-25.06628
2491192187.5,-25.06894
2491192343.75,-25.06756
2491192500.0,-25.06449
2491192656.25,-25.06796
2491192812.5,-25.06996
2491192968.75,-25.07344
2491193125.0,-25.07157
2491193281.25,-25.0696
2491193437.5,-25.07594
2491193593.75,-25.07578
2491193750.0,-25.07487
2491193906.25,-25.07829
2491194062.5,-25.07796
2491194218.75,-25.08176
2491194375.0,-25.07984
2491194531.25,-25.0828
2491194687.5,-25.08323
2491194843.75,-25.08277
2491195000.0,-25.08694
2491195156.25,-25.08859
2491195312.5,-25.08444
2491195468.75,-25.08658
2491195625.0,-25.0858
2491195781.25,-25.08827
2491195937.5,-25.09026
2491196093.75,-25.08857
2491196250.0,-25.09331
2491196406.25,-25.09584
2491196562.5,-25.09265
2491196718.75,-25.09608
2491196875.0,-25.09197
2491197031.25,-25.09792
2491197187.5,-25.09576
2491197343.75,-25.10101
2491197500.0,-25.09736
2491197656.25,-25.09787
2491197812.5,-25.10164
2491197968.75,-25.09949
2491198125.0,-25.10133
2491198281.25,-25.10485
2491198437.5,-25.1062
2491198593.75,-25.10883
2491198750.0,-25.10778
2491198906.25,-25.10947
2491199062.5,-25.10692
2491199218.75,-25.11006
2491199375.0,-25.10945
2491199531.25,-25.11321
2491199687.5,-25.1141
2491199843.75,-25.11442
2491200000.0,-25.11572
2491200156.25,-25.1137
2491200312.5,-25.11548
2491200468.75,-25.11418
2491200625.0,-25.11682
2491200781.25,-25.11719
2491200937.5,-25.11735
2491201093.75,-25.11927
2491201250.0,-25.12514
2491201406.25,-25.12608
2491201562.5,-25.12341
2491201718.75,-25.12565
2491201875.0,-25.12729
2491202031.25,-25.12775
2491202187.5,-25.12795
2491202343.75,-25.1312
2491202500.0,-25.12694
2491202656.25,-25.12961
2491202812.5,-25.13172
2491202968.75,-25.1314
2491203125.0,-25.13508
2491203281.25,-25.13302
2491203437.5,-25.13363
2491203593.75,-25.13944
2491203750.0,-25.13458
2491203906.25,-25.13666
2491204062.5,-25.13732
2491204218.75,-25.14177
2491204375.0,-25.13895
2491204531.25,-25.13849
2491204687.5,-25.14289
2491204843.75,-25.14038
2491205000.0,-25.14116
2491205156.25,-25.14937
2491205312.5,-25.1446
2491205468.75,-25.14732
2491205625.0,-25.14753
2491205781.25,-25.14794
2491205937.5,-25.14982
2491206093.75,-25.15137
2491206250.0,-25.14875
2491206406.25,-25.15075
2491206562.5,-25.15433
2491206718.75,-25.15569
2491206875.0,-25.15322
2491207031.25,-25.15738
2491207187.5,-25.15828
2491207343.75,-25.15876
2491207500.0,-25.16047
2491207656.25,-25.15706
2491207812.5,-25.16226
2491207968.75,-25.16158
2491208125.0,-25.16412
2491208281.25,-25.16412
2491208437.5,-25.16593
2491208593.75,-25.16539
2491208750.0,-25.16667
2491208906.25,-25.16865
2491209062.5,-25.16582
2491209218.75,-25.16851
2491209375.0,-25.16825
2491209531.25,-25.17196
2491209687.5,-25.17202
2491209843.75,-25.17149
2491210000.0,-25.17296
2491210156.25,-25.17363
2491210312.5,-25.17711
2491210468.75,-25.17499
2491210625.0,-25.18018
2491210781.25,-25.1794
