1386555468.75,-41.08798
1386555625.0,-41.08087
1386555781.25,-41.08911
1386555937.5,-41.0828
1386556093.75,-41.06466
1386556250.0,-41.05777
1386556406.25,-41.07835
1386556562.5,-41.09092
1386556718.75,-41.09451
1386556875.0,-41.08134
1386557031.25,-41.06452
1386557187.5,-41.09501
1386557343.75,-41.06491
1386557500.0,-41.05377
1386557656.25,-41.06073
1386557812.5,-41.06857
1386557968.75,-41.05698
1386558125.0,-41.08093
1386558281.25,-41.07914
1386558437.5,-41.06443
1386558593.75,-41.06913
1386558750.0,-41.0699
1386558906.25,-41.06065
1386559062.5,-41.08091
1386559218.75,-41.07442
1386559375.0,-41.08823
1386559531.25,-41.05244
1386559687.5,-41.05888
1386559843.75,-41.07795
1386560000.0,-41.06078
1386560156.25,-41.06738
1386560312.5,-41.06252
1386560468.75,-41.08541
1386560625.0,-41.07344
1386560781.25,-41.06716
1386560937.5,-41.04608
1386561093.75,-41.07443
1386561250.0,-41.07311
1386561406.25,-41.05995
1386561562.5,-41.06279
1386561718.75,-41.07616
1386561875.0,-41.06511
1386562031.25,-41.05856
1386562187.5,-41.0668
1386562343.75,-41.05121
1386562500.0,-41.06231
1386562656.25,-41.05666
1386562812.5,-41.06189
1386562968.75,-41.05114
1386563125.0,-41.04686
1386563281.25,-41.06578
1386563437.5,-41.05817
1386563593.75,-41.05857
1386563750.0,-41.06155
1386563906.25,-41.04933
1386564062.5,-41.04309
1386564218.75,-41.05919
1386564375.0,-41.04469
1386564531.25,-41.05277
1386564687.5,-41.05057
1386564843.75,-41.04691
1386565000.0,-41.0638
1386565156.25,-41.04972
1386565312.5,-41.06534
1386565468.75,-41.05271
1386565625.0,-41.05291
1386565781.25,-41.02873
1386565937.5,-41.05054
1386566093.75,-41.04987
1386566250.0,-41.05799
1386566406.25,-41.04089
1386566562.5,-41.05114
1386566718.75,-41.06555
1386566875.0,-41.05822
1386567031.25,-41.05521
1386567187.5,-41.03659
1386567343.75,-41.07542
1386567500.0,-41.04552
1386567656.25,-41.04004
1386567812.5,-41.04974
1386567968.75,-41.05901
1386568125.0,-41.04355
1386568281.25,-41.05405
1386568437.5,-41.05668
1386568593.75,-41.03327
1386568750.0,-41.03685
1386568906.25,-41.02956
1386569062.5,-41.05855
1386569218.75,-41.03349
1386569375.0,-41.04708
1386569531.25,-41.03887
1386569687.5,-41.04345
1386569843.75,-41.05644
1386570000.0,-41.01581
1386570156.25,-41.0688
1386570312.5,-41.04524
1386570468.75,-41.05573
1386570625.0,-41.03128
1386570781.25,-41.06084
1386570937.5,-41.04927
1386571093.75,-41.068
1386571250.0,-41.03859
1386571406.25,-41.03955
1386571562.5,-41.03104
1386571718.75,-41.0459
1386571875.0,-41.03738
1386572031.25,-41.02172
1386572187.5,-41.02957
1386572343.75,-41.04039
1386572500.0,-41.05425
1386572656.25,-41.03928
1386572812.5,-41.03327
1386572968.75,-41.05175
1386573125.0,-41.03501
1386573281.25,-41.05519
1386573437.5,-41.02769
1386573593.75,-41.04342
1386573750.0,-41.04133
1386573906.25,-41.03437
1386574062.5,-41.03349
1386574218.75,-41.01885
1386574375.0,-41.02938
1386574531.25,-41.03352
1386574687.5,-41.03658
1386574843.75,-41.04252
1386575000.0,-41.03607
1386575156.25,-41.02226
1386575312.5,-41.03741
1386575468.75,-41.03003
1386575625.0,-41.00574
1386575781.25,-41.02771
1386575937.5,-41.01904
1386576093.75,-41.01748
1386576250.0,-41.02058
1386576406.25,-41.03555
1386576562.5,-41.02869
1386576718.75,-41.04453
1386576875.0,-41.0293
1386577031.25,-41.04108
1386577187.5,-41.03857
1386577343.75,-41.03608
1386577500.0,-41.04481
1386577656.25,-41.02663
1386577812.5,-41.04339
1386577968.75,-41.02557
1386578125.0,-41.0335
1386578281.25,-41.0252
1386578437.5,-41.03039
1386578593.75,-41.01917
1386578750.0,-41.03322
1386578906.25,-41.02081
1386579062.5,-41.03717
1386579218.75,-41.05817
1386579375.0,-41.03304
1386579531.25,-41.01429
1386579687.5,-41.00993
1386579843.75,-41.03452
1386580000.0,-41.01146
1386580156.25,-41.03745
1386580312.5,-41.03167
1386580468.75,-41.01277
1386580625.0,-41.02591
1386580781.25,-41.0372
1386580937.5,-41.02509
1386581093.75,-41.03057
1386581250.0,-41.019
1386581406.25,-41.03265
1386581562.5,-41.02527
1386581718.75,-41.01896
1386581875.0,-41.02738
1386582031.25,-41.00875
1386582187.5,-41.01055
1386582343.75,-41.00911
1386582500.0,-41.02692
1386582656.25,-41.01633
1386582812.5,-41.00626
1386582968.75,-41.01682
1386583125.0,-41.01482
1386583281.25,-41.01819
1386583437.5,-41.00584
1386583593.75,-41.01363
1386583750.0,-41.03582
1386583906.25,-41.02073
1386584062.5,-41.00692
1386584218.75,-41.01228
1386584375.0,-41.01258
1386584531.25,-40.99945
1386584687.5,-41.01236
1386584843.75,-41.03473
1386585000.0,-41.0184
1386585156.25,-41.02383
1386585312.5,-40.99314
1386585468.75,-41.00961
1386585625.0,-41.00682
1386585781.25,-40.97032
1386585937.5,-41.00063
1386586093.75,-41.00231
1386586250.0,-41.02096
1386586406.25,-41.00362
1386586562.5,-41.01644
1386586718.75,-41.01487
1386586875.0,-41.01696
1386587031.25,-41.01527
1386587187.5,-40.99976
1386587343.75,-40.98914
1386587500.0,-40.99776
1386587656.25,-41.00648
1386587812.5,-41.00074
1386587968.75,-40.99871
1386588125.0,-41.00044
1386588281.25,-40.98179
1386588437.5,-41.00681
1386588593.75,-41.00639
1386588750.0,-40.98968
1386588906.25,-41.02172
1386589062.5,-40.99889
1386589218.75,-41.00245
1386589375.0,-41.01758
1386589531.25,-40.9979
1386589687.5,-40.98141
1386589843.75,-40.98431
1386590000.0,-40.99073
1386590156.25,-40.99923
1386590312.5,-40.99908
1386590468.75,-41.00387
1386590625.0,-40.97863
1386590781.25,-41.01003
1386590937.5,-41.0048
1386591093.75,-40.99137
1386591250.0,-40.99268
1386591406.25,-40.9851
1386591562.5,-40.9917
1386591718.75,-40.97341
1386591875.0,-40.98142
1386592031.25,-40.98724
1386592187.5,-41.01001
1386592343.75,-40.99903
1386592500.0,-40.99804
1386592656.25,-40.98686
1386592812.5,-40.9749
1386592968.75,-40.99276
1386593125.0,-40.97812
1386593281.25,-40.98637
1386593437.5,-41.00545
1386593593.75,-40.98811
1386593750.0,-41.00106
1386593906.25,-40.9707
1386594062.5,-40.99056
1386594218.75,-40.98387
1386594375.0,-40.98444
1386594531.25,-41.00581
1386594687.5,-40.97786
1386594843.75,-40.99062
1386595000.0,-40.99892
1386595156.25,-40.99187
1386595312.5,-40.9621
1386595468.75,-40.9712
1386595625.0,-40.9933
1386595781.25,-40.97569
1386595937.5,-40.97109
1386596093.75,-40.97662
1386596250.0,-40.98594
1386596406.25,-40.99461
1386596562.5,-40.97469
1386596718.75,-40.98666
1386596875.0,-40.981
1386597031.25,-40.97666
1386597187.5,-40.98471
1386597343.75,-40.97662
1386597500.0,-40.99685
1386597656.25,-40.97843
1386597812.5,-40.97544
1386597968.75,-40.99411
1386598125.0,-40.97789
1386598281.25,-40.97552
1386598437.5,-40.97686
1386598593.75,-40.97806
1386598750.0,-40.96162
1386598906.25,-40.97961
1386599062.5,-40.9774
1386599218.75,-40.96605
1386599375.0,-40.96729
1386599531.25,-40.97606
1386599687.5,-40.96763
1386599843.75,-40.95126
1386600000.0,-40.96367
1386600156.25,-40.97691
1386600312.5,-40.96245
1386600468.75,-40.95913
1386600625.0,-40.9773
1386600781.25,-40.96963
1386600937.5,-40.96794
1386601093.75,-40.97468
1386601250.0,-40.96542
1386601406.25,-40.9813
1386601562.5,-40.98432
1386601718.75,-40.98307
1386601875.0,-40.95837
1386602031.25,-40.97921
1386602187.5,-40.94836
1386602343.75,-40.95867
1386602500.0,-40.95921
1386602656.25,-40.97162
1386602812.5,-40.97952
1386602968.75,-40.97686
1386603125.0,-40.9751
1386603281.25,-40.95154
1386603437.5,-40.95987
1386603593.75,-40.97429
1386603750.0,-40.97563
1386603906.25,-40.95195
1386604062.5,-40.95247
1386604218.75,-40.94489
1386604375.0,-40.95247
1386604531.25,-40.96937
1386604687.5,-40.95409
1386604843.75,-40.96003
1386605000.0,-40.95501
1386605156.25,-40.95946
1386605312.5,-40.95831
1386605468.75,-40.9538
1386605625.0,-40.96299
1386605781.25,-40.95248
1386605937.5,-40.96906
1386606093.75,-40.9523
1386606250.0,-40.9533
1386606406.25,-40.97124
1386606562.5,-40.97269
1386606718.75,-40.95668
1386606875.0,-40.9586
1386607031.25,-40.9499
1386607187.5,-40.96508
1386607343.75,-40.95818
1386607500.0,-40.96403
1386607656.25,-40.95104
1386607812.5,-40.93943
1386607968.75,-40.96481
1386608125.0,-40.95113
1386608281.25,-40.9686
1386608437.5,-40.96656
1386608593.75,-40.94257
1386608750.0,-40.9525
1386608906.25,-40.93769
1386609062.5,-40.95078
1386609218.75,-40.94031
1386609375.0,-40.9733
1386609531.25,-40.93844
1386609687.5,-40.96141
1386609843.75,-40.95886
1386610000.0,-40.95191
1386610156.25,-40.95129
1386610312.5,-40.95105
1386610468.75,-40.93543
1386610625.0,-40.95895
1386610781.25,-40.92255
1386610937.5,-40.94572
1386611093.75,-40.94765
1386611250.0,-40.94267
1386611406.25,-40.94383
1386611562.5,-40.94831
1386611718.75,-40.93552
1386611875.0,-40.92935
1386612031.25,-40.9474
1386612187.5,-40.95444
1386612343.75,-40.93972
1386612500.0,-40.94604
1386612656.25,-40.93702
1386612812.5,-40.93893
1386612968.75,-40.93461
1386613125.0,-40.93097
1386613281.25,-40.95935
1386613437.5,-40.93699
1386613593.75,-40.94492
1386613750.0,-40.93077
1386613906.25,-40.95102
1386614062.5,-40.94415
1386614218.75,-40.95576
1386614375.0,-40.94252
1386614531.25,-40.93201
1386614687.5,-40.95586
1386614843.75,-40.93395
1386615000.0,-40.93561
1386615156.25,-40.93708
1386615312.5,-40.93494
1386615468.75,-40.93289
1386615625.0,-40.92741
1386615781.25,-40.93429
1386615937.5,-40.94188
1386616093.75,-40.93368
1386616250.0,-40.93111
1386616406.25,-40.9152
1386616562.5,-40.93803
1386616718.75,-40.92779
1386616875.0,-40.94212
1386617031.25,-40.92822
1386617187.5,-40.93131
1386617343.75,-40.91943
1386617500.0,-40.92627
1386617656.25,-40.94432
1386617812.5,-40.9427
1386617968.75,-40.92603
1386618125.0,-40.9369
1386618281.25,-40.92597
1386618437.5,-40.93193
1386618593.75,-40.92384
1386618750.0,-40.92608
1386618906.25,-40.94756
1386619062.5,-40.93111
1386619218.75,-40.92965
1386619375.0,-40.93924
1386619531.25,-40.91523
1386619687.5,-40.9094
1386619843.75,-40.9192
1386620000.0,-40.93148
1386620156.25,-40.92765
1386620312.5,-40.92757
1386620468.75,-40.91675
1386620625.0,-40.91949
1386620781.25,-40.93082
1386620937.5,-40.92828
1386621093.75,-40.92741
1386621250.0,-40.95253
1386621406.25,-40.93502
1386621562.5,-40.91153
1386621718.75,-40.90817
1386621875.0,-40.92561
1386622031.25,-40.93022
1386622187.5,-40.9299
1386622343.75,-40.91733
1386622500.0,-40.91021
1386622656.25,-40.91867
1386622812.5,-40.92234
1386622968.75,-40.91418
1386623125.0,-40.90557
1386623281.25,-40.92159
1386623437.5,-40.91539
1386623593.75,-40.9072
1386623750.0,-40.91229
1386623906.25,-40.91146
1386624062.5,-40.90538
1386624218.75,-40.92776
1386624375.0,-40.91761
1386624531.25,-40.90485
1386624687.5,-40.91319
1386624843.75,-40.92903
1386625000.0,-40.90783
1386625156.25,-40.89798
1386625312.5,-40.91022
1386625468.75,-40.92632
1386625625.0,-40.91907
1386625781.25,-40.92207
1386625937.5,-40.91596
1386626093.75,-40.93089
1386626250.0,-40.91174
1386626406.25,-40.92648
1386626562.5,-40.91357
1386626718.75,-40.90258
1386626875.0,-40.9113
1386627031.25,-40.90989
1386627187.5,-40.88604
1386627343.75,-40.91616
1386627500.0,-40.89693
1386627656.25,-40.91368
1386627812.5,-40.90146
1386627968.75,-40.91345
1386628125.0,-40.91033
1386628281.25,-40.91229
1386628437.5,-40.90289
1386628593.75,-40.90603
1386628750.0,-40.90184
1386628906.25,-40.90116
1386629062.5,-40.90044
1386629218.75,-40.89943
1386629375.0,-40.89256
1386629531.25,-40.89793
1386629687.5,-40.89087
1386629843.75,-40.91687
1386630000.0,-40.89235
1386630156.25,-40.89946
1386630312.5,-40.90618
1386630468.75,-40.90197
1386630625.0,-40.89823
1386630781.25,-40.88404
1386630937.5,-40.88342
1386631093.75,-40.91382
1386631250.0,-40.90603
1386631406.25,-40.88303
1386631562.5,-40.90023
1386631718.75,-40.89703
1386631875.0,-40.89007
1386632031.25,-40.88824
1386632187.5,-40.88399
1386632343.75,-40.88998
1386632500.0,-40.90418
1386632656.25,-40.88962
1386632812.5,-40.88621
1386632968.75,-40.89971
1386633125.0,-40.91308
1386633281.25,-40.89849
1386633437.5,-40.89238
1386633593.75,-40.8966
1386633750.0,-40.89413
1386633906.25,-40.89736
1386634062.5,-40.91203
1386634218.75,-40.89524
1386634375.0,-40.88537
1386634531.25,-40.90366
1386634687.5,-40.88497
1386634843.75,-40.8948
1386635000.0,-40.88736
1386635156.25,-40.88729
1386635312.5,-40.90099
1386635468.75,-40.89808
1386635625.0,-40.88329
1386635781.25,-40.87685
1386635937.5,-40.87749
1386636093.75,-40.91991
1386636250.0,-40.88408
1386636406.25,-40.87696
1386636562.5,-40.89265
1386636718.75,-40.88821
1386636875.0,-40.87998
1386637031.25,-40.89177
1386637187.5,-40.88715
1386637343.75,-40.88654
1386637500.0,-40.88138
1386637656.25,-40.8881
1386637812.5,-40.86741
1386637968.75,-40.87939
1386638125.0,-40.86891
1386638281.25,-40.87339
1386638437.5,-40.86874
1386638593.75,-40.87201
1386638750.0,-40.88075
1386638906.25,-40.87636
1386639062.5,-40.88717
1386639218.75,-40.87782
1386639375.0,-40.87231
1386639531.25,-40.87327
1386639687.5,-40.86986
1386639843.75,-40.86057
1386640000.0,-40.87784
1386640156.25,-40.86549
1386640312.5,-40.873
1386640468.75,-40.88299
1386640625.0,-40.85846
1386640781.25,-40.87969
1386640937.5,-40.89096
1386641093.75,-40.86018
1386641250.0,-40.87953
1386641406.25,-40.86835
1386641562.5,-40.84776
1386641718.75,-40.8652
1386641875.0,-40.8564
1386642031.25,-40.88064
1386642187.5,-40.85342
1386642343.75,-40.86584
1386642500.0,-40.86155
1386642656.25,-40.8788
1386642812.5,-40.87949
1386642968.75,-40.86871
1386643125.0,-40.86296
1386643281.25,-40.87304
1386643437.5,-40.87351
1386643593.75,-40.87871
1386643750.0,-40.86495
1386643906.25,-40.86774
1386644062.5,-40.87807
1386644218.75,-40.8563
1386644375.0,-40.85106
1386644531.25,-40.87702
1386644687.5,-40.85371
1386644843.75,-40.86045
1386645000.0,-40.87115
1386645156.25,-40.86407
1386645312.5,-40.8704
1386645468.75,-40.87137
1386645625.0,-40.86967
1386645781.25,-40.8756
1386645937.5,-40.87192
1386646093.75,-40.85592
1386646250.0,-40.86276
1386646406.25,-40.84878
1386646562.5,-40.8812
1386646718.75,-40.86859
1386646875.0,-40.84231
1386647031.25,-40.87166
1386647187.5,-40.87946
1386647343.75,-40.85988
1386647500.0,-40.85357
1386647656.25,-40.84148
1386647812.5,-40.85728
1386647968.75,-40.84338
1386648125.0,-40.85272
1386648281.25,-40.85484
1386648437.5,-40.8541
1386648593.75,-40.85466
1386648750.0,-40.85714
1386648906.25,-40.85866
1386649062.5,-40.86303
1386649218.75,-40.86503
1386649375.0,-40.87642
1386649531.25,-40.86386
1386649687.5,-40.86602
1386649843.75,-40.86159
1386650000.0,-40.82828
1386650156.25,-40.86311
1386650312.5,-40.84403
1386650468.75,-40.84558
1386650625.0,-40.86001
1386650781.25,-40.84106
1386650937.5,-40.87541
1386651093.75,-40.86352
1386651250.0,-40.85195
1386651406.25,-40.87599
1386651562.5,-40.85699
1386651718.75,-40.84239
1386651875.0,-40.83363
1386652031.25,-40.83142
1386652187.5,-40.85137
1386652343.75,-40.84873
1386652500.0,-40.83591
1386652656.25,-40.84591
1386652812.5,-40.85424
1386652968.75,-40.83089
1386653125.0,-40.87315
1386653281.25,-40.84933
1386653437.5,-40.83001
1386653593.75,-40.83125
1386653750.0,-40.84409
1386653906.25,-40.84856
1386654062.5,-40.83906
1386654218.75,-40.83047
1386654375.0,-40.84877
1386654531.25,-40.83925
1386654687.5,-40.82927
1386654843.75,-40.84444
1386655000.0,-40.84645
1386655156.25,-40.84197
1386655312.5,-40.8556
1386655468.75,-40.83701
1386655625.0,-40.84354
1386655781.25,-40.84717
1386655937.5,-40.84352
1386656093.75,-40.82989
1386656250.0,-40.83221
1386656406.25,-40.8418
1386656562.5,-40.84635
1386656718.75,-40.84186
1386656875.0,-40.83307
1386657031.25,-40.83208
1386657187.5,-40.83202
1386657343.75,-40.82854
1386657500.0,-40.8317
1386657656.25,-40.81358
1386657812.5,-40.84134
1386657968.75,-40.85254
1386658125.0,-40.83898
1386658281.25,-40.84719
1386658437.5,-40.82325
1386658593.75,-40.84042
1386658750.0,-40.8119
1386658906.25,-40.83161
1386659062.5,-40.83253
1386659218.75,-40.82398
1386659375.0,-40.83752
1386659531.25,-40.84081
1386659687.5,-40.82389
1386659843.75,-40.83884
1386660000.0,-40.83889
1386660156.25,-40.82401
1386660312.5,-40.84399
1386660468.75,-40.82416
1386660625.0,-40.82819
1386660781.25,-40.83327
1386660937.5,-40.81747
1386661093.75,-40.82432
1386661250.0,-40.82242
1386661406.25,-40.83503
1386661562.5,-40.81749
1386661718.75,-40.81729
1386661875.0,-40.82764
1386662031.25,-40.82716
1386662187.5,-40.81145
1386662343.75,-40.81197
1386662500.0,-40.83407
1386662656.25,-40.8116
1386662812.5,-40.83828
1386662968.75,-40.82742
1386663125.0,-40.83581
1386663281.25,-40.81947
1386663437.5,-40.82119
1386663593.75,-40.82934
1386663750.0,-40.81778
1386663906.25,-40.81704
1386664062.5,-40.82886
1386664218.75,-40.82439
1386664375.0,-40.81268
1386664531.25,-40.82499
1386664687.5,-40.83308
1386664843.75,-40.80898
1386665000.0,-40.81507
1386665156.25,-40.82723
1386665312.5,-40.82375
1386665468.75,-40.81391
1386665625.0,-40.80592
1386665781.25,-40.82063
1386665937.5,-40.79654
1386666093.75,-40.80188
1386666250.0,-40.79151
1386666406.25,-40.80279
1386666562.5,-40.81554
1386666718.75,-40.81512
1386666875.0,-40.79523
1386667031.25,-40.79822
1386667187.5,-40.81206
1386667343.75,-40.82059
1386667500.0,-40.81649
1386667656.25,-40.81311
1386667812.5,-40.80237
1386667968.75,-40.81466
1386668125.0,-40.79013
1386668281.25,-40.80327
1386668437.5,-40.81222
1386668593.75,-40.82104
1386668750.0,-40.80335
1386668906.25,-40.81321
1386669062.5,-40.81895
1386669218.75,-40.82179
1386669375.0,-40.81349
1386669531.25,-40.8193
1386669687.5,-40.80756
1386669843.75,-40.80572
1386670000.0,-40.79783
1386670156.25,-40.80494
1386670312.5,-40.8019
1386670468.75,-40.78799
1386670625.0,-40.79063
1386670781.25,-40.8122
1386670937.5,-40.81819
1386671093.75,-40.80402
1386671250.0,-40.81577
1386671406.25,-40.80362
1386671562.5,-40.79052
1386671718.75,-40.80154
1386671875.0,-40.80458
1386672031.25,-40.7962
1386672187.5,-40.80001
1386672343.75,-40.82298
1386672500.0,-40.7957
1386672656.25,-40.80618
1386672812.5,-40.77625
1386672968.75,-40.79662
1386673125.0,-40.78418
1386673281.25,-40.78506
1386673437.5,-40.77913
1386673593.75,-40.79856
1386673750.0,-40.8047
1386673906.25,-40.78812
1386674062.5,-40.80635
1386674218.75,-40.80816
1386674375.0,-40.78566
1386674531.25,-40.78492
1386674687.5,-40.78883
1386674843.75,-40.78782
1386675000.0,-40.81691
1386675156.25,-40.77075
1386675312.5,-40.80528
1386675468.75,-40.79093
1386675625.0,-40.79532
1386675781.25,-40.78242
1386675937.5,-40.80524
1386676093.75,-40.78032
1386676250.0,-40.77279
1386676406.25,-40.78802
1386676562.5,-40.80078
1386676718.75,-40.8001
1386676875.0,-40.77141
1386677031.25,-40.78815
1386677187.5,-40.76567
1386677343.75,-40.78896
1386677500.0,-40.79594
1386677656.25,-40.79321
1386677812.5,-40.79238
1386677968.75,-40.77959
1386678125.0,-40.79337
1386678281.25,-40.78185
1386678437.5,-40.7924
1386678593.75,-40.77448
1386678750.0,-40.77004
1386678906.25,-40.77158
1386679062.5,-40.80093
1386679218.75,-40.77967
1386679375.0,-40.78539
1386679531.25,-40.79905
1386679687.5,-40.79491
1386679843.75,-40.7942
1386680000.0,-40.76873
1386680156.25,-40.7805
1386680312.5,-40.76732
1386680468.75,-40.77333
1386680625.0,-40.77289
1386680781.25,-40.78551
1386680937.5,-40.7612
1386681093.75,-40.77504
1386681250.0,-40.77228
1386681406.25,-40.77935
1386681562.5,-40.78691
1386681718.75,-40.78435
1386681875.0,-40.78333
1386682031.25,-40.77364
1386682187.5,-40.77696
1386682343.75,-40.77201
1386682500.0,-40.78039
1386682656.25,-40.77135
1386682812.5,-40.78615
1386682968.75,-40.77872
1386683125.0,-40.77803
1386683281.25,-40.77414
1386683437.5,-40.7691
1386683593.75,-40.77877
1386683750.0,-40.76064
1386683906.25,-40.78079
1386684062.5,-40.75605
1386684218.75,-40.76981
1386684375.0,-40.76625
1386684531.25,-40.76303
1386684687.5,-40.77139
1386684843.75,-40.7851
1386685000.0,-40.77312
1386685156.25,-40.7706
1386685312.5,-40.75819
1386685468.75,-40.75799
1386685625.0,-40.76611
1386685781.25,-40.76586
1386685937.5,-40.75509
1386686093.75,-40.75992
1386686250.0,-40.77277
1386686406.25,-40.77102
1386686562.5,-40.77883
1386686718.75,-40.78768
1386686875.0,-40.77464
1386687031.25,-40.74736
1386687187.5,-40.77175
1386687343.75,-40.75878
1386687500.0,-40.75714
1386687656.25,-40.78291
1386687812.5,-40.76722
1386687968.75,-40.76318
1386688125.0,-40.76617
1386688281.25,-40.75391
1386688437.5,-40.75016
1386688593.75,-40.7579
1386688750.0,-40.77551
1386688906.25,-40.77682
1386689062.5,-40.74789
1386689218.75,-40.76337
1386689375.0,-40.76251
1386689531.25,-40.74623
1386689687.5,-40.76949
1386689843.75,-40.75503
1386690000.0,-40.74714
1386690156.25,-40.7612
1386690312.5,-40.742
1386690468.75,-40.75244
1386690625.0,-40.75957
1386690781.25,-40.74698
1386690937.5,-40.76662
1386691093.75,-40.74492
1386691250.0,-40.76782
1386691406.25,-40.74696
1386691562.5,-40.74972
1386691718.75,-40.76538
1386691875.0,-40.7539
1386692031.25,-40.76069
1386692187.5,-40.75024
1386692343.75,-40.75461
1386692500.0,-40.75476
1386692656.25,-40.75334
1386692812.5,-40.75056
1386692968.75,-40.77352
1386693125.0,-40.76391
1386693281.25,-40.73654
1386693437.5,-40.76574
1386693593.75,-40.75258
1386693750.0,-40.74409
1386693906.25,-40.75069
1386694062.5,-40.74266
1386694218.75,-40.75043
1386694375.0,-40.76386
1386694531.25,-40.75369
1386694687.5,-40.74456
1386694843.75,-40.75095
1386695000.0,-40.74169
1386695156.25,-40.72688
1386695312.5,-40.72524
1386695468.75,-40.76062
1386695625.0,-40.76238
1386695781.25,-40.74951
1386695937.5,-40.72428
1386696093.75,-40.73331
1386696250.0,-40.72774
1386696406.25,-40.73105
1386696562.5,-40.74019
1386696718.75,-40.75522
1386696875.0,-40.74506
1386697031.25,-40.74649
1386697187.5,-40.73819
1386697343.75,-40.73629
1386697500.0,-40.74279
1386697656.25,-40.73477
1386697812.5,-40.74586
1386697968.75,-40.73552
1386698125.0,-40.72176
1386698281.25,-40.72879
1386698437.5,-40.73477
1386698593.75,-40.72181
1386698750.0,-40.71127
1386698906.25,-40.73937
1386699062.5,-40.72173
1386699218.75,-40.72652
1386699375.0,-40.72066
1386699531.25,-40.73808
1386699687.5,-40.72848
1386699843.75,-40.74615
1386700000.0,-40.73338
1386700156.25,-40.73081
1386700312.5,-40.73552
1386700468.75,-40.73778
1386700625.0,-40.73993
1386700781.25,-40.73437
1386700937.5,-40.73003
1386701093.75,-40.72882
1386701250.0,-40.74136
1386701406.25,-40.74393
1386701562.5,-40.73225
1386701718.75,-40.73698
1386701875.0,-40.72628
1386702031.25,-40.71115
1386702187.5,-40.7472
1386702343.75,-40.71436
1386702500.0,-40.71027
1386702656.25,-40.72688
1386702812.5,-40.73584
1386702968.75,-40.72161
1386703125.0,-40.70512
1386703281.25,-40.71988
1386703437.5,-40.72972
1386703593.75,-40.73045
1386703750.0,-40.73083
1386703906.25,-40.73882
1386704062.5,-40.73495
1386704218.75,-40.72124
1386704375.0,-40.7156
1386704531.25,-40.71076
1386704687.5,-40.72133
1386704843.75,-40.70584
1386705000.0,-40.71663
1386705156.25,-40.72007
1386705312.5,-40.72073
1386705468.75,-40.73132
1386705625.0,-40.71997
1386705781.25,-40.71694
1386705937.5,-40.72016
1386706093.75,-40.71706
1386706250.0,-40.70924
1386706406.25,-40.73027
1386706562.5,-40.72449
1386706718.75,-40.72083
1386706875.0,-40.7247
1386707031.25,-40.71697
1386707187.5,-40.69738
1386707343.75,-40.71252
1386707500.0,-40.7108
1386707656.25,-40.71119
1386707812.5,-40.70048
1386707968.75,-40.73169
1386708125.0,-40.70824
1386708281.25,-40.72041
1386708437.5,-40.71169
1386708593.75,-40.71767
1386708750.0,-40.72079
1386708906.25,-40.7183
1386709062.5,-40.73877
1386709218.75,-40.71948
1386709375.0,-40.67121
1386709531.25,-40.71881
1386709687.5,-40.72256
1386709843.75,-40.70905
1386710000.0,-40.71041
1386710156.25,-40.71288
1386710312.5,-40.69022
1386710468.75,-40.70495
1386710625.0,-40.71566
1386710781.25,-40.70233
1386710937.5,-40.69205
1386711093.75,-40.69165
1386711250.0,-40.71363
1386711406.25,-40.69817
1386711562.5,-40.7034
1386711718.75,-40.71303
1386711875.0,-40.70422
1386712031.25,-40.70419
1386712187.5,-40.70373
1386712343.75,-40.70079
1386712500.0,-40.70563
1386712656.25,-40.69704
1386712812.5,-40.69629
1386712968.75,-40.69663
1386713125.0,-40.70491
1386713281.25,-40.70324
1386713437.5,-40.71329
1386713593.75,-40.66864
1386713750.0,-40.70029
1386713906.25,-40.6979
1386714062.5,-40.69907
1386714218.75,-40.68145
1386714375.0,-40.68496
1386714531.25,-40.68616
1386714687.5,-40.70091
1386714843.75,-40.69595
1386715000.0,-40.71891
1386715156.25,-40.69798
1386715312.5,-40.70187
1386715468.75,-40.69833
1386715625.0,-40.67851
1386715781.25,-40.71093
1386715937.5,-40.68857
1386716093.75,-40.67785
1386716250.0,-40.70544
1386716406.25,-40.70153
1386716562.5,-40.69785
1386716718.75,-40.67841
1386716875.0,-40.69408
1386717031.25,-40.69934
1386717187.5,-40.69564
1386717343.75,-40.66533
1386717500.0,-40.68967
1386717656.25,-40.68201
1386717812.5,-40.66211
1386717968.75,-40.69012
1386718125.0,-40.69698
1386718281.25,-40.68705
1386718437.5,-40.67472
1386718593.75,-40.67158
1386718750.0,-40.68828
1386718906.25,-40.69282
1386719062.5,-40.68362
1386719218.75,-40.69059
1386719375.0,-40.69815
1386719531.25,-40.70728
1386719687.5,-40.69973
1386719843.75,-40.686
1386720000.0,-40.67226
1386720156.25,-40.68183
1386720312.5,-40.67422
1386720468.75,-40.68833
1386720625.0,-40.67852
1386720781.25,-40.67474
1386720937.5,-40.67961
1386721093.75,-40.71748
1386721250.0,-40.67619
1386721406.25,-40.67695
1386721562.5,-40.67364
1386721718.75,-40.69403
1386721875.0,-40.68707
1386722031.25,-40.69474
1386722187.5,-40.68177
1386722343.75,-40.68578
1386722500.0,-40.67505
1386722656.25,-40.6776
1386722812.5,-40.68496
1386722968.75,-40.67012
1386723125.0,-40.67635
1386723281.25,-40.68285
1386723437.5,-40.67842
1386723593.75,-40.69394
1386723750.0,-40.66994
1386723906.25,-40.67906
1386724062.5,-40.66608
1386724218.75,-40.66942
1386724375.0,-40.67268
1386724531.25,-40.64808
1386724687.5,-40.67277
1386724843.75,-40.67417
1386725000.0,-40.68788
1386725156.25,-40.67637
1386725312.5,-40.66106
1386725468.75,-40.67816
1386725625.0,-40.6669
1386725781.25,-40.67008
1386725937.5,-40.65804
1386726093.75,-40.67007
1386726250.0,-40.66615
1386726406.25,-40.6578
1386726562.5,-40.65651
1386726718.75,-40.66702
1386726875.0,-40.67485
1386727031.25,-40.66333
1386727187.5,-40.67899
1386727343.75,-40.67454
1386727500.0,-40.66143
1386727656.25,-40.66172
1386727812.5,-40.66662
1386727968.75,-40.6576
1386728125.0,-40.65396
1386728281.25,-40.66271
1386728437.5,-40.667
1386728593.75,-40.64897
1386728750.0,-40.67533
1386728906.25,-40.65496
1386729062.5,-40.67179
1386729218.75,-40.67208
1386729375.0,-40.67338
1386729531.25,-40.65127
1386729687.5,-40.65624
1386729843.75,-40.67324
1386730000.0,-40.65358
1386730156.25,-40.67256
1386730312.5,-40.64782
1386730468.75,-40.67034
1386730625.0,-40.67351
1386730781.25,-40.65529
1386730937.5,-40.65332
1386731093.75,-40.65308
1386731250.0,-40.64776
1386731406.25,-40.65579
1386731562.5,-40.65512
1386731718.75,-40.67057
1386731875.0,-40.65039
1386732031.25,-40.65439
1386732187.5,-40.64492
1386732343.75,-40.65319
1386732500.0,-40.64244
1386732656.25,-40.67419
1386732812.5,-40.66109
1386732968.75,-40.64163
1386733125.0,-40.65324
1386733281.25,-40.63444
1386733437.5,-40.64399
1386733593.75,-40.64147
1386733750.0,-40.67296
1386733906.25,-40.65858
1386734062.5,-40.65463
1386734218.75,-40.66596
1386734375.0,-40.65941
1386734531.25,-40.65327
1386734687.5,-40.64994
1386734843.75,-40.64133
1386735000.0,-40.6412
1386735156.25,-40.64303
1386735312.5,-40.64792
1386735468.75,-40.64817
1386735625.0,-40.65151
1386735781.25,-40.63587
1386735937.5,-40.65307
1386736093.75,-40.64463
1386736250.0,-40.63188
1386736406.25,-40.6469
1386736562.5,-40.65448
1386736718.75,-40.6456
1386736875.0,-40.65771
1386737031.25,-40.64371
1386737187.5,-40.63261
1386737343.75,-40.63502
1386737500.0,-40.63947
1386737656.25,-40.63222
1386737812.5,-40.63615
1386737968.75,-40.6294
1386738125.0,-40.61474
1386738281.25,-40.62413
1386738437.5,-40.64088
1386738593.75,-40.64635
1386738750.0,-40.63885
1386738906.25,-40.6344
1386739062.5,-40.63704
1386739218.75,-40.63208
1386739375.0,-40.64178
1386739531.25,-40.63854
1386739687.5,-40.64145
1386739843.75,-40.62735
1386740000.0,-40.6478
1386740156.25,-40.62848
1386740312.5,-40.61907
1386740468.75,-40.63371
1386740625.0,-40.62037
1386740781.25,-40.62741
1386740937.5,-40.64769
1386741093.75,-40.63281
1386741250.0,-40.6297
1386741406.25,-40.6432
1386741562.5,-40.63799
1386741718.75,-40.62445
1386741875.0,-40.64196
1386742031.25,-40.62671
1386742187.5,-40.616
1386742343.75,-40.62503
1386742500.0,-40.63071
1386742656.25,-40.62601
1386742812.5,-40.61234
1386742968.75,-40.61562
1386743125.0,-40.63496
1386743281.25,-40.60888
1386743437.5,-40.63452
1386743593.75,-40.61222
1386743750.0,-40.62982
1386743906.25,-40.62262
1386744062.5,-40.61231
1386744218.75,-40.60792
1386744375.0,-40.65293
1386744531.25,-40.62435
1386744687.5,-40.62397
1386744843.75,-40.6155
1386745000.0,-40.61344
1386745156.25,-40.63865
1386745312.5,-40.62421
1386745468.75,-40.61702
1386745625.0,-40.62934
1386745781.25,-40.61367
1386745937.5,-40.62148
1386746093.75,-40.61395
1386746250.0,-40.61433
1386746406.25,-40.62605
1386746562.5,-40.63319
1386746718.75,-40.61444
1386746875.0,-40.63056
1386747031.25,-40.60859
1386747187.5,-40.60675
1386747343.75,-40.61861
1386747500.0,-40.60938
1386747656.25,-40.63583
1386747812.5,-40.61111
1386747968.75,-40.62648
1386748125.0,-40.60795
1386748281.25,-40.62247
1386748437.5,-40.61116
1386748593.75,-40.60985
1386748750.0,-40.60589
1386748906.25,-40.61753
1386749062.5,-40.64109
1386749218.75,-40.61467
1386749375.0,-40.61133
1386749531.25,-40.60549
1386749687.5,-40.62803
1386749843.75,-40.59403
1386750000.0,-40.60291
1386750156.25,-40.61746
1386750312.5,-40.60251
1386750468.75,-40.60571
1386750625.0,-40.59959
1386750781.25,-40.59477
1386750937.5,-40.60786
1386751093.75,-40.61734
1386751250.0,-40.60143
1386751406.25,-40.60462
1386751562.5,-40.59329
1386751718.75,-40.61645
1386751875.0,-40.61599
1386752031.25,-40.60396
1386752187.5,-40.61332
1386752343.75,-40.60585
1386752500.0,-40.60529
1386752656.25,-40.61085
1386752812.5,-40.62819
1386752968.75,-40.61641
1386753125.0,-40.5995
1386753281.25,-40.60238
1386753437.5,-40.60475
1386753593.75,-40.61832
1386753750.0,-40.60033
1386753906.25,-40.6149
1386754062.5,-40.60618
1386754218.75,-40.6041
1386754375.0,-40.60059
1386754531.25,-40.58847
1386754687.5,-40.58512
1386754843.75,-40.5845
1386755000.0,-40.59599
1386755156.25,-40.60398
1386755312.5,-40.60748
1386755468.75,-40.59965
1386755625.0,-40.59445
1386755781.25,-40.59386
1386755937.5,-40.60369
1386756093.75,-40.59084
1386756250.0,-40.59839
1386756406.25,-40.59219
1386756562.5,-40.59101
1386756718.75,-40.60036
1386756875.0,-40.59025
1386757031.25,-40.59129
1386757187.5,-40.59244
1386757343.75,-40.57739
1386757500.0,-40.5948
1386757656.25,-40.6053
1386757812.5,-40.58933
1386757968.75,-40.58786
1386758125.0,-40.59612
1386758281.25,-40.57553
1386758437.5,-40.60304
1386758593.75,-40.58646
1386758750.0,-40.58932
1386758906.25,-40.58275
1386759062.5,-40.59914
1386759218.75,-40.5899
1386759375.0,-40.58851
1386759531.25,-40.59233
1386759687.5,-40.57418
1386759843.75,-40.58294
1386760000.0,-40.57027
1386760156.25,-40.6019
1386760312.5,-40.57494
1386760468.75,-40.60033
1386760625.0,-40.57774
1386760781.25,-40.56145
1386760937.5,-40.57471
1386761093.75,-40.57884
1386761250.0,-40.59682
1386761406.25,-40.58803
1386761562.5,-40.58098
1386761718.75,-40.59513
1386761875.0,-40.58572
1386762031.25,-40.58509
1386762187.5,-40.56255
1386762343.75,-40.56981
1386762500.0,-40.58193
1386762656.25,-40.57786
1386762812.5,-40.55684
1386762968.75,-40.5715
1386763125.0,-40.58741
1386763281.25,-40.57946
1386763437.5,-40.5784
1386763593.75,-40.59385
1386763750.0,-40.55558
1386763906.25,-40.56092
1386764062.5,-40.57251
1386764218.75,-40.57188
1386764375.0,-40.57069
1386764531.25,-40.58693
1386764687.5,-40.55974
1386764843.75,-40.59099
1386765000.0,-40.56794
1386765156.25,-40.56945
1386765312.5,-40.56981
1386765468.75,-40.57442
1386765625.0,-40.58812
1386765781.25,-40.58686
1386765937.5,-40.55642
1386766093.75,-40.58272
1386766250.0,-40.57048
1386766406.25,-40.55161
1386766562.5,-40.57346
1386766718.75,-40.56196
1386766875.0,-40.5701
1386767031.25,-40.57349
1386767187.5,-40.55903
1386767343.75,-40.56787
1386767500.0,-40.55574
1386767656.25,-40.58101
1386767812.5,-40.58029
1386767968.75,-40.57618
1386768125.0,-40.57768
1386768281.25,-40.56269
1386768437.5,-40.56922
1386768593.75,-40.57178
1386768750.0,-40.57914
1386768906.25,-40.57039
1386769062.5,-40.53709
1386769218.75,-40.55769
1386769375.0,-40.57292
1386769531.25,-40.54457
1386769687.5,-40.55844
1386769843.75,-40.56984
1386770000.0,-40.5437
1386770156.25,-40.54518
1386770312.5,-40.56482
1386770468.75,-40.57159
1386770625.0,-40.56868
1386770781.25,-40.5499
1386770937.5,-40.55811
1386771093.75,-40.56646
1386771250.0,-40.53067
1386771406.25,-40.54136
1386771562.5,-40.53489
1386771718.75,-40.5494
1386771875.0,-40.54668
1386772031.25,-40.54645
1386772187.5,-40.54876
1386772343.75,-40.55148
1386772500.0,-40.54401
1386772656.25,-40.55795
1386772812.5,-40.5573
1386772968.75,-40.55384
1386773125.0,-40.55788
1386773281.25,-40.55874
1386773437.5,-40.56226
1386773593.75,-40.54853
1386773750.0,-40.54636
1386773906.25,-40.55491
1386774062.5,-40.55008
1386774218.75,-40.53663
1386774375.0,-40.52852
1386774531.25,-40.55604
1386774687.5,-40.54937
1386774843.75,-40.5289
1386775000.0,-40.55113
1386775156.25,-40.55429
1386775312.5,-40.559
1386775468.75,-40.53431
1386775625.0,-40.53983
1386775781.25,-40.54948
1386775937.5,-40.5438
1386776093.75,-40.5557
1386776250.0,-40.54715
1386776406.25,-40.55181
1386776562.5,-40.56027
1386776718.75,-40.53662
1386776875.0,-40.56635
1386777031.25,-40.54079
1386777187.5,-40.54016
1386777343.75,-40.53902
1386777500.0,-40.53693
1386777656.25,-40.53927
1386777812.5,-40.55922
1386777968.75,-40.52289
1386778125.0,-40.53655
1386778281.25,-40.53991
1386778437.5,-40.54243
1386778593.75,-40.54493
1386778750.0,-40.53788
1386778906.25,-40.54554
1386779062.5,-40.53099
1386779218.75,-40.53284
1386779375.0,-40.55141
1386779531.25,-40.53445
1386779687.5,-40.52963
1386779843.75,-40.5483
1386780000.0,-40.54634
1386780156.25,-40.5338
1386780312.5,-40.52631
1386780468.75,-40.52505
1386780625.0,-40.53952
1386780781.25,-40.53963
1386780937.5,-40.51439
1386781093.75,-40.54159
1386781250.0,-40.5337
1386781406.25,-40.53671
1386781562.5,-40.5354
1386781718.75,-40.52678
1386781875.0,-40.52768
1386782031.25,-40.51143
1386782187.5,-40.54259
1386782343.75,-40.54577
1386782500.0,-40.55226
1386782656.25,-40.53423
1386782812.5,-40.53181
1386782968.75,-40.53197
1386783125.0,-40.52723
1386783281.25,-40.51667
1386783437.5,-40.51384
1386783593.75,-40.51339
1386783750.0,-40.5269
1386783906.25,-40.52553
1386784062.5,-40.51675
1386784218.75,-40.5269
1386784375.0,-40.51192
1386784531.25,-40.53656
1386784687.5,-40.53291
1386784843.75,-40.52193
1386785000.0,-40.48585
1386785156.25,-40.534
1386785312.5,-40.51673
1386785468.75,-40.52319
1386785625.0,-40.51112
1386785781.25,-40.52164
1386785937.5,-40.53151
1386786093.75,-40.51304
1386786250.0,-40.51998
1386786406.25,-40.50551
1386786562.5,-40.50408
1386786718.75,-40.50377
1386786875.0,-40.51157
1386787031.25,-40.52678
1386787187.5,-40.52494
1386787343.75,-40.51465
1386787500.0,-40.51754
1386787656.25,-40.50201
1386787812.5,-40.53268
1386787968.75,-40.5154
1386788125.0,-40.52322
1386788281.25,-40.5215
1386788437.5,-40.50779
1386788593.75,-40.50409
1386788750.0,-40.52979
1386788906.25,-40.51981
1386789062.5,-40.50291
1386789218.75,-40.50064
1386789375.0,-40.49703
1386789531.25,-40.52212
1386789687.5,-40.52704
1386789843.75,-40.5015
1386790000.0,-40.48525
1386790156.25,-40.50416
1386790312.5,-40.50048
1386790468.75,-40.52554
1386790625.0,-40.52495
1386790781.25,-40.51445
1386790937.5,-40.51311
1386791093.75,-40.50183
1386791250.0,-40.49318
1386791406.25,-40.49132
1386791562.5,-40.52563
1386791718.75,-40.5119
1386791875.0,-40.50336
1386792031.25,-40.51547
1386792187.5,-40.52017
1386792343.75,-40.50168
1386792500.0,-40.49007
1386792656.25,-40.50013
1386792812.5,-40.50276
1386792968.75,-40.51992
1386793125.0,-40.50254
1386793281.25,-40.48682
1386793437.5,-40.50326
1386793593.75,-40.5052
1386793750.0,-40.50972
1386793906.25,-40.51414
1386794062.5,-40.48756
1386794218.75,-40.50231
1386794375.0,-40.50465
1386794531.25,-40.50576
1386794687.5,-40.49036
1386794843.75,-40.47927
1386795000.0,-40.51997
1386795156.25,-40.5084
1386795312.5,-40.50603
1386795468.75,-40.50082
1386795625.0,-40.49379
1386795781.25,-40.50742
1386795937.5,-40.49338
1386796093.75,-40.48711
1386796250.0,-40.49022
1386796406.25,-40.47816
1386796562.5,-40.50037
1386796718.75,-40.4964
1386796875.0,-40.48956
1386797031.25,-40.49749
1386797187.5,-40.49454
1386797343.75,-40.49263
1386797500.0,-40.50002
1386797656.25,-40.48304
1386797812.5,-40.48841
1386797968.75,-40.50501
1386798125.0,-40.4867
1386798281.25,-40.49672
1386798437.5,-40.48377
1386798593.75,-40.49016
1386798750.0,-40.48805
1386798906.25,-40.49651
1386799062.5,-40.49434
1386799218.75,-40.48365
1386799375.0,-40.47927
1386799531.25,-40.48136
1386799687.5,-40.49297
1386799843.75,-40.48275
1386800000.0,-40.49638
1386800156.25,-40.47096
1386800312.5,-40.4904
1386800468.75,-40.48278
1386800625.0,-40.47801
1386800781.25,-40.48775
1386800937.5,-40.4819
1386801093.75,-40.46973
1386801250.0,-40.47823
1386801406.25,-40.4896
1386801562.5,-40.49599
1386801718.75,-40.4899
1386801875.0,-40.46871
1386802031.25,-40.47678
1386802187.5,-40.45967
1386802343.75,-40.47886
1386802500.0,-40.48518
1386802656.25,-40.48517
1386802812.5,-40.48165
1386802968.75,-40.47863
1386803125.0,-40.45876
1386803281.25,-40.48061
1386803437.5,-40.45757
1386803593.75,-40.48334
1386803750.0,-40.47864
1386803906.25,-40.46964
1386804062.5,-40.45596
1386804218.75,-40.47818
1386804375.0,-40.46533
1386804531.25,-40.47492
1386804687.5,-40.50018
1386804843.75,-40.48219
1386805000.0,-40.46527
1386805156.25,-40.479
1386805312.5,-40.4696
1386805468.75,-40.4776
1386805625.0,-40.48362
1386805781.25,-40.47717
1386805937.5,-40.46982
1386806093.75,-40.48307
1386806250.0,-40.46866
1386806406.25,-40.47449
1386806562.5,-40.46119
1386806718.75,-40.47689
1386806875.0,-40.4711
1386807031.25,-40.48295
1386807187.5,-40.46933
1386807343.75,-40.46759
1386807500.0,-40.45322
1386807656.25,-40.47526
1386807812.5,-40.46422
1386807968.75,-40.45301
1386808125.0,-40.45456
1386808281.25,-40.45353
1386808437.5,-40.45403
1386808593.75,-40.46041
1386808750.0,-40.46894
1386808906.25,-40.47463
1386809062.5,-40.46572
1386809218.75,-40.45174
1386809375.0,-40.46896
1386809531.25,-40.45051
1386809687.5,-40.4578
1386809843.75,-40.46348
1386810000.0,-40.46061
1386810156.25,-40.45285
1386810312.5,-40.46583
1386810468.75,-40.45276
1386810625.0,-40.45722
1386810781.25,-40.44692
1386810937.5,-40.47396
1386811093.75,-40.46176
1386811250.0,-40.46423
1386811406.25,-40.46812
1386811562.5,-40.45285
1386811718.75,-40.441
1386811875.0,-40.44453
1386812031.25,-40.44488
1386812187.5,-40.46474
1386812343.75,-40.46349
1386812500.0,-40.45504
1386812656.25,-40.46407
1386812812.5,-40.45728
1386812968.75,-40.46432
1386813125.0,-40.44651
1386813281.25,-40.44619
1386813437.5,-40.44831
1386813593.75,-40.4362
1386813750.0,-40.4299
1386813906.25,-40.46455
1386814062.5,-40.4576
1386814218.75,-40.44257
1386814375.0,-40.4697
1386814531.25,-40.45909
1386814687.5,-40.45658
1386814843.75,-40.44246
1386815000.0,-40.45072
1386815156.25,-40.44709
1386815312.5,-40.44063
1386815468.75,-40.4348
1386815625.0,-40.44363
1386815781.25,-40.45704
1386815937.5,-40.43035
1386816093.75,-40.42597
1386816250.0,-40.45096
1386816406.25,-40.43805
1386816562.5,-40.45318
1386816718.75,-40.44526
1386816875.0,-40.45905
1386817031.25,-40.44369
1386817187.5,-40.42935
1386817343.75,-40.44465
1386817500.0,-40.4175
1386817656.25,-40.45518
1386817812.5,-40.43938
1386817968.75,-40.44357
1386818125.0,-40.44436
1386818281.25,-40.43534
1386818437.5,-40.4387
1386818593.75,-40.44213
1386818750.0,-40.45999
1386818906.25,-40.4342
1386819062.5,-40.42605
1386819218.75,-40.41887
1386819375.0,-40.45184
1386819531.25,-40.43019
1386819687.5,-40.4419
1386819843.75,-40.43795
1386820000.0,-40.43622
1386820156.25,-40.42981
1386820312.5,-40.42876
1386820468.75,-40.44116
1386820625.0,-40.44902
1386820781.25,-40.43305
1386820937.5,-40.41457
1386821093.75,-40.43544
1386821250.0,-40.4234
1386821406.25,-40.42088
1386821562.5,-40.413
1386821718.75,-40.40849
1386821875.0,-40.42884
1386822031.25,-40.42424
1386822187.5,-40.43021
1386822343.75,-40.4352
1386822500.0,-40.42206
1386822656.25,-40.4227
1386822812.5,-40.42888
1386822968.75,-40.4366
1386823125.0,-40.41924
1386823281.25,-40.41663
1386823437.5,-40.42744
1386823593.75,-40.43969
1386823750.0,-40.41408
1386823906.25,-40.41665
1386824062.5,-40.41732
1386824218.75,-40.43176
1386824375.0,-40.41961
1386824531.25,-40.43259
1386824687.5,-40.41115
1386824843.75,-40.44194
1386825000.0,-40.41408
1386825156.25,-40.42453
1386825312.5,-40.42929
1386825468.75,-40.43125
1386825625.0,-40.42484
1386825781.25,-40.42188
1386825937.5,-40.42217
1386826093.75,-40.42181
1386826250.0,-40.41732
1386826406.25,-40.41583
1386826562.5,-40.39854
1386826718.75,-40.40546
1386826875.0,-40.42378
1386827031.25,-40.42553
1386827187.5,-40.41984
1386827343.75,-40.43449
1386827500.0,-40.42595
1386827656.25,-40.40694
1386827812.5,-40.43012
1386827968.75,-40.4274
1386828125.0,-40.41524
1386828281.25,-40.42317
1386828437.5,-40.40438
1386828593.75,-40.41131
1386828750.0,-40.39112
1386828906.25,-40.42089
1386829062.5,-40.40379
1386829218.75,-40.42429
1386829375.0,-40.41859
1386829531.25,-40.41761
1386829687.5,-40.4094
1386829843.75,-40.39548
1386830000.0,-40.41403
1386830156.25,-40.41467
1386830312.5,-40.40842
1386830468.75,-40.40992
1386830625.0,-40.41312
1386830781.25,-40.41243
1386830937.5,-40.40425
1386831093.75,-40.39871
1386831250.0,-40.40958
1386831406.25,-40.41449
1386831562.5,-40.40552
1386831718.75,-40.40834
1386831875.0,-40.40929
1386832031.25,-40.40692
1386832187.5,-40.41687
1386832343.75,-40.40034
1386832500.0,-40.41068
1386832656.25,-40.40167
1386832812.5,-40.40298
1386832968.75,-40.40134
1386833125.0,-40.40893
1386833281.25,-40.39281
1386833437.5,-40.40451
1386833593.75,-40.39121
1386833750.0,-40.40436
1386833906.25,-40.4067
1386834062.5,-40.39257
1386834218.75,-40.39682
1386834375.0,-40.39675
1386834531.25,-40.38966
1386834687.5,-40.3903
1386834843.75,-40.39438
1386835000.0,-40.40149
1386835156.25,-40.3941
1386835312.5,-40.39692
1386835468.75,-40.39271
1386835625.0,-40.40395
1386835781.25,-40.38279
1386835937.5,-40.4097
1386836093.75,-40.41496
1386836250.0,-40.3932
1386836406.25,-40.40042
1386836562.5,-40.36435
1386836718.75,-40.40985
1386836875.0,-40.38772
1386837031.25,-40.38363
1386837187.5,-40.39158
1386837343.75,-40.39759
1386837500.0,-40.38896
1386837656.25,-40.39602
1386837812.5,-40.39725
1386837968.75,-40.39207
1386838125.0,-40.40397
1386838281.25,-40.38689
1386838437.5,-40.39225
1386838593.75,-40.39336
1386838750.0,-40.38783
1386838906.25,-40.38009
1386839062.5,-40.39465
1386839218.75,-40.39566
1386839375.0,-40.37566
1386839531.25,-40.39578
1386839687.5,-40.38045
1386839843.75,-40.37663
1386840000.0,-40.37403
1386840156.25,-40.3804
1386840312.5,-40.36367
1386840468.75,-40.38285
1386840625.0,-40.37563
1386840781.25,-40.38866
1386840937.5,-40.40403
1386841093.75,-40.37388
1386841250.0,-40.38944
1386841406.25,-40.38523
1386841562.5,-40.36576
1386841718.75,-40.362
1386841875.0,-40.3726
1386842031.25,-40.37547
1386842187.5,-40.38428
1386842343.75,-40.3922
1386842500.0,-40.37276
1386842656.25,-40.38633
1386842812.5,-40.37346
1386842968.75,-40.38359
1386843125.0,-40.36956
1386843281.25,-40.37078
1386843437.5,-40.36671
1386843593.75,-40.37121
1386843750.0,-40.38411
1386843906.25,-40.36395
1386844062.5,-40.39301
1386844218.75,-40.38092
1386844375.0,-40.36758
1386844531.25,-40.37283
1386844687.5,-40.36458
1386844843.75,-40.38025
1386845000.0,-40.3632
1386845156.25,-40.37403
1386845312.5,-40.37917
1386845468.75,-40.38474
1386845625.0,-40.3637
1386845781.25,-40.36856
1386845937.5,-40.38279
1386846093.75,-40.35884
1386846250.0,-40.37914
1386846406.25,-40.35033
1386846562.5,-40.37399
1386846718.75,-40.36498
1386846875.0,-40.37096
1386847031.25,-40.36348
1386847187.5,-40.37621
1386847343.75,-40.35043
1386847500.0,-40.3608
1386847656.25,-40.36034
1386847812.5,-40.35532
1386847968.75,-40.38262
1386848125.0,-40.36457
1386848281.25,-40.35415
1386848437.5,-40.36241
1386848593.75,-40.36438
1386848750.0,-40.37362
1386848906.25,-40.35163
1386849062.5,-40.34824
1386849218.75,-40.34783
1386849375.0,-40.35226
1386849531.25,-40.36661
1386849687.5,-40.36535
1386849843.75,-40.34438
1386850000.0,-40.3583
1386850156.25,-40.37012
1386850312.5,-40.36406
1386850468.75,-40.36561
1386850625.0,-40.35863
1386850781.25,-40.34412
1386850937.5,-40.35838
1386851093.75,-40.36006
1386851250.0,-40.36748
1386851406.25,-40.34889
1386851562.5,-40.34777
1386851718.75,-40.36368
1386851875.0,-40.35696
1386852031.25,-40.35785
1386852187.5,-40.35586
1386852343.75,-40.34
1386852500.0,-40.33587
1386852656.25,-40.35543
1386852812.5,-40.35283
1386852968.75,-40.35454
1386853125.0,-40.35532
1386853281.25,-40.35801
1386853437.5,-40.36633
1386853593.75,-40.35365
1386853750.0,-40.36489
1386853906.25,-40.36033
1386854062.5,-40.34397
1386854218.75,-40.35775
1386854375.0,-40.35785
1386854531.25,-40.34405
1386854687.5,-40.34885
1386854843.75,-40.34211
1386855000.0,-40.34961
1386855156.25,-40.3391
1386855312.5,-40.35804
1386855468.75,-40.3476
1386855625.0,-40.34515
1386855781.25,-40.34135
1386855937.5,-40.34524
1386856093.75,-40.33381
1386856250.0,-40.33723
1386856406.25,-40.34368
1386856562.5,-40.33633
1386856718.75,-40.32744
1386856875.0,-40.36354
1386857031.25,-40.33799
1386857187.5,-40.34885
1386857343.75,-40.32888
1386857500.0,-40.32808
1386857656.25,-40.33493
1386857812.5,-40.32668
1386857968.75,-40.3409
1386858125.0,-40.34837
1386858281.25,-40.32875
1386858437.5,-40.34968
1386858593.75,-40.33487
1386858750.0,-40.32407
1386858906.25,-40.33263
1386859062.5,-40.35373
1386859218.75,-40.32681
1386859375.0,-40.35273
1386859531.25,-40.32659
1386859687.5,-40.34163
1386859843.75,-40.3249
1386860000.0,-40.34141
1386860156.25,-40.33894
1386860312.5,-40.31044
1386860468.75,-40.33252
1386860625.0,-40.33259
1386860781.25,-40.32407
1386860937.5,-40.32918
1386861093.75,-40.33094
1386861250.0,-40.32022
1386861406.25,-40.34228
1386861562.5,-40.33252
1386861718.75,-40.31499
1386861875.0,-40.33485
1386862031.25,-40.31124
1386862187.5,-40.33118
1386862343.75,-40.32713
1386862500.0,-40.31768
1386862656.25,-40.33386
1386862812.5,-40.33112
1386862968.75,-40.32891
1386863125.0,-40.33317
1386863281.25,-40.32293
1386863437.5,-40.30767
1386863593.75,-40.32637
1386863750.0,-40.33115
1386863906.25,-40.32826
1386864062.5,-40.31015
1386864218.75,-40.33034
1386864375.0,-40.33307
1386864531.25,-40.3204
1386864687.5,-40.31033
1386864843.75,-40.3297
1386865000.0,-40.33731
1386865156.25,-40.32923
1386865312.5,-40.32866
1386865468.75,-40.30509
1386865625.0,-40.32372
1386865781.25,-40.31396
1386865937.5,-40.3102
1386866093.75,-40.31156
1386866250.0,-40.31486
1386866406.25,-40.31776
1386866562.5,-40.31963
1386866718.75,-40.3114
1386866875.0,-40.31287
1386867031.25,-40.32551
1386867187.5,-40.32144
1386867343.75,-40.29782
1386867500.0,-40.31511
1386867656.25,-40.31422
1386867812.5,-40.31183
1386867968.75,-40.32105
1386868125.0,-40.30878
1386868281.25,-40.31407
1386868437.5,-40.31414
1386868593.75,-40.31945
1386868750.0,-40.32999
1386868906.25,-40.30799
1386869062.5,-40.31989
1386869218.75,-40.30853
1386869375.0,-40.32022
1386869531.25,-40.30702
1386869687.5,-40.31065
1386869843.75,-40.31135
1386870000.0,-40.30901
1386870156.25,-40.30441
1386870312.5,-40.29929
1386870468.75,-40.31398
1386870625.0,-40.29491
1386870781.25,-40.30529
1386870937.5,-40.30037
1386871093.75,-40.30774
1386871250.0,-40.29961
1386871406.25,-40.30092
1386871562.5,-40.2843
1386871718.75,-40.3059
1386871875.0,-40.30801
1386872031.25,-40.31324
1386872187.5,-40.30903
1386872343.75,-40.28697
1386872500.0,-40.3107
1386872656.25,-40.30125
1386872812.5,-40.30791
1386872968.75,-40.31873
1386873125.0,-40.28682
1386873281.25,-40.30395
1386873437.5,-40.30086
1386873593.75,-40.28132
1386873750.0,-40.31172
1386873906.25,-40.28977
1386874062.5,-40.29104
1386874218.75,-40.27683
1386874375.0,-40.29977
1386874531.25,-40.29117
1386874687.5,-40.3026
1386874843.75,-40.29309
1386875000.0,-40.29147
1386875156.25,-40.27913
1386875312.5,-40.29573
1386875468.75,-40.29662
1386875625.0,-40.3028
1386875781.25,-40.29206
1386875937.5,-40.2976
1386876093.75,-40.28814
1386876250.0,-40.29511
1386876406.25,-40.28207
1386876562.5,-40.29287
1386876718.75,-40.2795
1386876875.0,-40.27463
1386877031.25,-40.30011
1386877187.5,-40.29446
1386877343.75,-40.28622
1386877500.0,-40.28856
1386877656.25,-40.3054
1386877812.5,-40.28374
1386877968.75,-40.2944
1386878125.0,-40.27059
1386878281.25,-40.29386
1386878437.5,-40.29663
1386878593.75,-40.29581
1386878750.0,-40.28474
1386878906.25,-40.29038
1386879062.5,-40.28568
1386879218.75,-40.29137
1386879375.0,-40.27457
1386879531.25,-40.29263
1386879687.5,-40.28579
1386879843.75,-40.2841
1386880000.0,-40.28515
1386880156.25,-40.26571
1386880312.5,-40.28439
1386880468.75,-40.27031
1386880625.0,-40.2968
1386880781.25,-40.27992
1386880937.5,-40.26524
1386881093.75,-40.27206
1386881250.0,-40.28433
1386881406.25,-40.27775
1386881562.5,-40.28322
1386881718.75,-40.27766
1386881875.0,-40.28435
1386882031.25,-40.27511
1386882187.5,-40.32135
1386882343.75,-40.27016
1386882500.0,-40.27489
1386882656.25,-40.27457
1386882812.5,-40.27307
1386882968.75,-40.28141
1386883125.0,-40.27083
1386883281.25,-40.26431
1386883437.5,-40.26564
1386883593.75,-40.26275
1386883750.0,-40.2824
1386883906.25,-40.27626
1386884062.5,-40.25815
1386884218.75,-40.28469
1386884375.0,-40.27192
1386884531.25,-40.25976
1386884687.5,-40.26538
1386884843.75,-40.26996
1386885000.0,-40.27053
1386885156.25,-40.27963
1386885312.5,-40.26815
1386885468.75,-40.24246
1386885625.0,-40.271
1386885781.25,-40.26117
1386885937.5,-40.27395
1386886093.75,-40.26624
1386886250.0,-40.26977
1386886406.25,-40.27573
1386886562.5,-40.24846
1386886718.75,-40.26779
1386886875.0,-40.27719
1386887031.25,-40.26329
1386887187.5,-40.26807
1386887343.75,-40.27897
1386887500.0,-40.28408
1386887656.25,-40.25869
1386887812.5,-40.26701
1386887968.75,-40.24982
1386888125.0,-40.27197
1386888281.25,-40.26251
1386888437.5,-40.23481
1386888593.75,-40.25793
1386888750.0,-40.24864
1386888906.25,-40.2631
1386889062.5,-40.26161
1386889218.75,-40.26517
1386889375.0,-40.26803
1386889531.25,-40.25272
1386889687.5,-40.2471
1386889843.75,-40.2541
1386890000.0,-40.25454
1386890156.25,-40.25521
1386890312.5,-40.25176
1386890468.75,-40.25696
1386890625.0,-40.25053
1386890781.25,-40.25606
1386890937.5,-40.25416
1386891093.75,-40.25493
1386891250.0,-40.26187
1386891406.25,-40.2608
1386891562.5,-40.24481
1386891718.75,-40.2396
1386891875.0,-40.24549
1386892031.25,-40.25129
1386892187.5,-40.25043
1386892343.75,-40.2553
1386892500.0,-40.26015
1386892656.25,-40.25702
1386892812.5,-40.26194
1386892968.75,-40.24648
1386893125.0,-40.21788
1386893281.25,-40.24667
1386893437.5,-40.25616
1386893593.75,-40.25577
1386893750.0,-40.24601
1386893906.25,-40.2459
1386894062.5,-40.25759
1386894218.75,-40.2392
1386894375.0,-40.2538
1386894531.25,-40.23906
1386894687.5,-40.2285
1386894843.75,-40.25445
1386895000.0,-40.21988
1386895156.25,-40.24847
1386895312.5,-40.23389
1386895468.75,-40.25351
1386895625.0,-40.23086
1386895781.25,-40.24697
1386895937.5,-40.24405
1386896093.75,-40.22004
1386896250.0,-40.24115
1386896406.25,-40.23675
1386896562.5,-40.2338
1386896718.75,-40.24047
1386896875.0,-40.2303
1386897031.25,-40.24654
1386897187.5,-40.25414
1386897343.75,-40.24428
1386897500.0,-40.21738
1386897656.25,-40.23241
1386897812.5,-40.22491
1386897968.75,-40.24692
1386898125.0,-40.23346
1386898281.25,-40.25174
1386898437.5,-40.24924
1386898593.75,-40.23941
1386898750.0,-40.25063
1386898906.25,-40.23705
1386899062.5,-40.21598
1386899218.75,-40.23536
1386899375.0,-40.21912
1386899531.25,-40.23187
1386899687.5,-40.22002
1386899843.75,-40.23059
1386900000.0,-40.2289
1386900156.25,-40.23948
1386900312.5,-40.22742
1386900468.75,-40.22354
1386900625.0,-40.22034
1386900781.25,-40.22731
1386900937.5,-40.22309
1386901093.75,-40.23976
1386901250.0,-40.23339
1386901406.25,-40.23322
1386901562.5,-40.22987
1386901718.75,-40.23155
1386901875.0,-40.21878
1386902031.25,-40.23697
1386902187.5,-40.21946
1386902343.75,-40.2265
1386902500.0,-40.23209
1386902656.25,-40.21879
1386902812.5,-40.21333
1386902968.75,-40.21904
1386903125.0,-40.22183
1386903281.25,-40.22463
1386903437.5,-40.218
1386903593.75,-40.217
1386903750.0,-40.21531
1386903906.25,-40.22883
1386904062.5,-40.23316
1386904218.75,-40.21483
1386904375.0,-40.20608
1386904531.25,-40.21162
1386904687.5,-40.23067
1386904843.75,-40.21135
1386905000.0,-40.21942
1386905156.25,-40.21453
1386905312.5,-40.2116
1386905468.75,-40.21107
1386905625.0,-40.21326
1386905781.25,-40.22816
1386905937.5,-40.20281
1386906093.75,-40.21312
1386906250.0,-40.23226
1386906406.25,-40.20726
1386906562.5,-40.22186
1386906718.75,-40.19225
1386906875.0,-40.20459
1386907031.25,-40.21498
1386907187.5,-40.22453
1386907343.75,-40.21113
1386907500.0,-40.21083
1386907656.25,-40.19706
1386907812.5,-40.21033
1386907968.75,-40.20996
1386908125.0,-40.2316
1386908281.25,-40.21197
1386908437.5,-40.21767
1386908593.75,-40.21568
1386908750.0,-40.21311
1386908906.25,-40.21193
1386909062.5,-40.20653
1386909218.75,-40.19698
1386909375.0,-40.2123
1386909531.25,-40.19709
1386909687.5,-40.19345
1386909843.75,-40.20183
1386910000.0,-40.22
1386910156.25,-40.20482
1386910312.5,-40.20123
1386910468.75,-40.22014
1386910625.0,-40.19592
1386910781.25,-40.19952
1386910937.5,-40.21396
1386911093.75,-40.2062
1386911250.0,-40.19494
1386911406.25,-40.2044
1386911562.5,-40.22049
1386911718.75,-40.19566
1386911875.0,-40.19975
1386912031.25,-40.20845
1386912187.5,-40.19087
1386912343.75,-40.19732
1386912500.0,-40.19651
1386912656.25,-40.19176
1386912812.5,-40.20522
1386912968.75,-40.19839
1386913125.0,-40.19797
1386913281.25,-40.18979
1386913437.5,-40.20347
1386913593.75,-40.21542
1386913750.0,-40.19677
1386913906.25,-40.18
1386914062.5,-40.20622
1386914218.75,-40.18336
1386914375.0,-40.17894
1386914531.25,-40.18232
1386914687.5,-40.18838
1386914843.75,-40.18665
1386915000.0,-40.18533
1386915156.25,-40.19136
1386915312.5,-40.20444
1386915468.75,-40.1871
1386915625.0,-40.19967
1386915781.25,-40.18854
1386915937.5,-40.18516
1386916093.75,-40.1911
1386916250.0,-40.19779
1386916406.25,-40.16909
1386916562.5,-40.17794
1386916718.75,-40.17722
1386916875.0,-40.19149
1386917031.25,-40.19656
1386917187.5,-40.17155
1386917343.75,-40.18784
1386917500.0,-40.17915
1386917656.25,-40.17145
1386917812.5,-40.17517
1386917968.75,-40.18841
1386918125.0,-40.18974
1386918281.25,-40.18066
1386918437.5,-40.17745
1386918593.75,-40.17261
1386918750.0,-40.18821
1386918906.25,-40.18495
1386919062.5,-40.17144
1386919218.75,-40.19358
1386919375.0,-40.17824
1386919531.25,-40.16494
1386919687.5,-40.1743
1386919843.75,-40.19878
1386920000.0,-40.18682
1386920156.25,-40.1787
1386920312.5,-40.18668
1386920468.75,-40.16259
1386920625.0,-40.1674
1386920781.25,-40.17277
1386920937.5,-40.17437
1386921093.75,-40.17789
1386921250.0,-40.16059
1386921406.25,-40.18052
1386921562.5,-40.16952
1386921718.75,-40.17226
1386921875.0,-40.16829
1386922031.25,-40.16787
1386922187.5,-40.17049
1386922343.75,-40.16385
1386922500.0,-40.17904
1386922656.25,-40.17524
1386922812.5,-40.17545
1386922968.75,-40.16394
1386923125.0,-40.16746
1386923281.25,-40.17017
1386923437.5,-40.1778
1386923593.75,-40.17692
1386923750.0,-40.16376
1386923906.25,-40.17384
1386924062.5,-40.17452
1386924218.75,-40.16462
1386924375.0,-40.17464
1386924531.25,-40.15438
1386924687.5,-40.16146
1386924843.75,-40.17085
1386925000.0,-40.17386
1386925156.25,-40.15505
1386925312.5,-40.15607
1386925468.75,-40.16657
1386925625.0,-40.16051
1386925781.25,-40.1712
1386925937.5,-40.1684
1386926093.75,-40.17273
1386926250.0,-40.15532
1386926406.25,-40.15918
1386926562.5,-40.1516
1386926718.75,-40.1516
1386926875.0,-40.17481
1386927031.25,-40.15425
1386927187.5,-40.16365
1386927343.75,-40.15658
1386927500.0,-40.16732
1386927656.25,-40.14728
1386927812.5,-40.16727
1386927968.75,-40.16702
1386928125.0,-40.15254
1386928281.25,-40.15634
1386928437.5,-40.16251
1386928593.75,-40.15968
1386928750.0,-40.14458
1386928906.25,-40.1457
1386929062.5,-40.16325
1386929218.75,-40.14444
1386929375.0,-40.15149
1386929531.25,-40.13505
1386929687.5,-40.14433
1386929843.75,-40.15425
1386930000.0,-40.14885
1386930156.25,-40.13995
1386930312.5,-40.14894
1386930468.75,-40.1454
1386930625.0,-40.14843
1386930781.25,-40.16037
1386930937.5,-40.14864
1386931093.75,-40.14285
1386931250.0,-40.14049
1386931406.25,-40.13296
1386931562.5,-40.1544
1386931718.75,-40.1426
1386931875.0,-40.13509
1386932031.25,-40.14071
1386932187.5,-40.14512
1386932343.75,-40.15882
1386932500.0,-40.16613
1386932656.25,-40.13731
1386932812.5,-40.15056
1386932968.75,-40.15235
1386933125.0,-40.13375
1386933281.25,-40.15418
1386933437.5,-40.1446
1386933593.75,-40.14519
1386933750.0,-40.15432
1386933906.25,-40.16366
1386934062.5,-40.13854
1386934218.75,-40.1272
1386934375.0,-40.1459
1386934531.25,-40.13748
1386934687.5,-40.12777
1386934843.75,-40.13596
1386935000.0,-40.1349
1386935156.25,-40.12952
1386935312.5,-40.12559
1386935468.75,-40.13124
1386935625.0,-40.13938
1386935781.25,-40.1312
1386935937.5,-40.12464
1386936093.75,-40.13057
1386936250.0,-40.14607
1386936406.25,-40.1248
1386936562.5,-40.11982
1386936718.75,-40.14371
1386936875.0,-40.12464
1386937031.25,-40.14843
1386937187.5,-40.1256
1386937343.75,-40.12943
1386937500.0,-40.12658
1386937656.25,-40.12878
1386937812.5,-40.13276
1386937968.75,-40.13911
1386938125.0,-40.11617
1386938281.25,-40.14618
1386938437.5,-40.12342
1386938593.75,-40.13156
1386938750.0,-40.12576
1386938906.25,-40.13086
1386939062.5,-40.12463
1386939218.75,-40.13876
1386939375.0,-40.1286
1386939531.25,-40.12328
1386939687.5,-40.12387
1386939843.75,-40.14059
1386940000.0,-40.12743
1386940156.25,-40.11685
1386940312.5,-40.11622
1386940468.75,-40.11908
1386940625.0,-40.12278
1386940781.25,-40.1406
1386940937.5,-40.1256
1386941093.75,-40.12365
1386941250.0,-40.1311
1386941406.25,-40.1288
1386941562.5,-40.11876
1386941718.75,-40.1236
1386941875.0,-40.12735
1386942031.25,-40.10101
1386942187.5,-40.1138
1386942343.75,-40.11392
1386942500.0,-40.12697
1386942656.25,-40.09712
1386942812.5,-40.12435
1386942968.75,-40.11528
1386943125.0,-40.12064
1386943281.25,-40.12561
1386943437.5,-40.10771
1386943593.75,-40.11431
1386943750.0,-40.12345
1386943906.25,-40.10485
1386944062.5,-40.11406
1386944218.75,-40.12646
1386944375.0,-40.11939
1386944531.25,-40.11514
1386944687.5,-40.13025
1386944843.75,-40.1062
1386945000.0,-40.11027
1386945156.25,-40.09655
1386945312.5,-40.11055
1386945468.75,-40.09783
1386945625.0,-40.09696
1386945781.25,-40.11937
1386945937.5,-40.11454
1386946093.75,-40.0994
1386946250.0,-40.10954
1386946406.25,-40.11676
1386946562.5,-40.12646
1386946718.75,-40.11713
1386946875.0,-40.10925
1386947031.25,-40.08804
1386947187.5,-40.0971
1386947343.75,-40.0898
1386947500.0,-40.11189
1386947656.25,-40.1028
1386947812.5,-40.08078
1386947968.75,-40.11213
1386948125.0,-40.10776
1386948281.25,-40.09624
1386948437.5,-40.103
1386948593.75,-40.08945
1386948750.0,-40.10567
1386948906.25,-40.11688
1386949062.5,-40.08366
1386949218.75,-40.12553
1386949375.0,-40.11084
1386949531.25,-40.09304
1386949687.5,-40.09822
1386949843.75,-40.09795
1386950000.0,-40.10685
1386950156.25,-40.08951
1386950312.5,-40.09711
1386950468.75,-40.08231
1386950625.0,-40.09647
1386950781.25,-40.09096
1386950937.5,-40.08141
1386951093.75,-40.1081
1386951250.0,-40.09482
1386951406.25,-40.08844
1386951562.5,-40.09161
1386951718.75,-40.09589
1386951875.0,-40.11169
1386952031.25,-40.10171
1386952187.5,-40.10959
1386952343.75,-40.09496
1386952500.0,-40.09725
1386952656.25,-40.09019
1386952812.5,-40.10539
1386952968.75,-40.10224
1386953125.0,-40.09546
1386953281.25,-40.08698
1386953437.5,-40.10052
1386953593.75,-40.08672
1386953750.0,-40.10247
1386953906.25,-40.0846
1386954062.5,-40.08521
1386954218.75,-40.0923
1386954375.0,-40.09449
1386954531.25,-40.09836
1386954687.5,-40.07819
1386954843.75,-40.08273
1386955000.0,-40.07415
1386955156.25,-40.08782
1386955312.5,-40.09224
1386955468.75,-40.08717
1386955625.0,-40.08715
1386955781.25,-40.08159
1386955937.5,-40.09002
1386956093.75,-40.08196
1386956250.0,-40.09176
1386956406.25,-40.0747
1386956562.5,-40.08207
1386956718.75,-40.08994
1386956875.0,-40.08207
1386957031.25,-40.09201
1386957187.5,-40.09743
1386957343.75,-40.08451
1386957500.0,-40.0867
1386957656.25,-40.06888
1386957812.5,-40.08214
1386957968.75,-40.07309
1386958125.0,-40.07817
1386958281.25,-40.07963
1386958437.5,-40.08336
1386958593.75,-40.09679
1386958750.0,-40.08762
1386958906.25,-40.06515
1386959062.5,-40.08148
1386959218.75,-40.06891
1386959375.0,-40.07689
1386959531.25,-40.0764
1386959687.5,-40.06567
1386959843.75,-40.07452
1386960000.0,-40.06997
1386960156.25,-40.07501
1386960312.5,-40.06609
1386960468.75,-40.07018
1386960625.0,-40.09656
1386960781.25,-40.06448
1386960937.5,-40.07612
1386961093.75,-40.07625
1386961250.0,-40.07196
1386961406.25,-40.06982
1386961562.5,-40.07849
1386961718.75,-40.06589
1386961875.0,-40.07342
1386962031.25,-40.06337
1386962187.5,-40.08098
1386962343.75,-40.06899
1386962500.0,-40.0609
1386962656.25,-40.07909
1386962812.5,-40.07142
1386962968.75,-40.07809
1386963125.0,-40.0639
1386963281.25,-40.04937
1386963437.5,-40.07149
1386963593.75,-40.04908
1386963750.0,-40.0522
1386963906.25,-40.06633
1386964062.5,-40.06978
1386964218.75,-40.07439
1386964375.0,-40.05759
1386964531.25,-40.04539
1386964687.5,-40.06578
1386964843.75,-40.05591
1386965000.0,-40.07261
1386965156.25,-40.0635
1386965312.5,-40.06096
1386965468.75,-40.06859
1386965625.0,-40.06406
1386965781.25,-40.0641
1386965937.5,-40.07622
1386966093.75,-40.05848
1386966250.0,-40.06446
1386966406.25,-40.0627
1386966562.5,-40.05679
1386966718.75,-40.05588
1386966875.0,-40.05516
1386967031.25,-40.04712
1386967187.5,-40.0563
1386967343.75,-40.05561
1386967500.0,-40.0494
1386967656.25,-40.05795
1386967812.5,-40.07691
1386967968.75,-40.05412
1386968125.0,-40.0576
1386968281.25,-40.03719
1386968437.5,-40.04611
1386968593.75,-40.0601
1386968750.0,-40.06174
1386968906.25,-40.03621
1386969062.5,-40.06025
1386969218.75,-40.06646
1386969375.0,-40.06046
1386969531.25,-40.04663
1386969687.5,-40.04639
1386969843.75,-40.04059
1386970000.0,-40.05347
1386970156.25,-40.05132
1386970312.5,-40.04531
1386970468.75,-40.06102
1386970625.0,-40.04252
1386970781.25,-40.05034
1386970937.5,-40.04511
1386971093.75,-40.04788
1386971250.0,-40.03378
1386971406.25,-40.03881
1386971562.5,-40.0429
1386971718.75,-40.04562
1386971875.0,-40.03508
1386972031.25,-40.04178
1386972187.5,-40.04372
1386972343.75,-40.05337
1386972500.0,-40.03702
1386972656.25,-40.0458
1386972812.5,-40.02454
1386972968.75,-40.06117
1386973125.0,-40.04625
1386973281.25,-40.0524
1386973437.5,-40.04386
1386973593.75,-40.04499
1386973750.0,-40.04106
1386973906.25,-40.03236
1386974062.5,-40.03443
1386974218.75,-40.02967
1386974375.0,-40.04743
1386974531.25,-40.03697
1386974687.5,-40.02633
1386974843.75,-40.03381
1386975000.0,-40.03279
1386975156.25,-40.02321
1386975312.5,-40.03676
1386975468.75,-40.03363
1386975625.0,-40.02242
1386975781.25,-40.04088
1386975937.5,-40.02501
1386976093.75,-40.03918
1386976250.0,-40.0328
1386976406.25,-40.02656
1386976562.5,-40.02882
1386976718.75,-40.02943
1386976875.0,-40.03379
1386977031.25,-40.03269
1386977187.5,-40.03904
1386977343.75,-40.02243
1386977500.0,-40.04339
1386977656.25,-40.03162
1386977812.5,-40.02629
1386977968.75,-40.03596
1386978125.0,-40.01675
1386978281.25,-40.01818
1386978437.5,-40.02352
1386978593.75,-40.03733
1386978750.0,-40.04481
1386978906.25,-40.01726
1386979062.5,-40.01875
1386979218.75,-40.02547
1386979375.0,-40.01552
1386979531.25,-40.01583
1386979687.5,-40.02221
1386979843.75,-40.02729
1386980000.0,-40.04104
1386980156.25,-40.0202
1386980312.5,-40.02103
1386980468.75,-40.00939
1386980625.0,-40.0294
1386980781.25,-40.01271
1386980937.5,-40.01233
1386981093.75,-40.01251
1386981250.0,-40.03022
1386981406.25,-40.02554
1386981562.5,-40.02567
1386981718.75,-40.01909
1386981875.0,-40.00796
1386982031.25,-40.02311
1386982187.5,-40.00398
1386982343.75,-40.01331
1386982500.0,-40.0133
1386982656.25,-40.01144
1386982812.5,-40.01906
1386982968.75,-40.01752
1386983125.0,-40.02422
1386983281.25,-40.01935
1386983437.5,-40.02054
1386983593.75,-40.00448
1386983750.0,-40.00686
1386983906.25,-40.00182
1386984062.5,-39.99567
1386984218.75,-40.00772
1386984375.0,-40.00351
1386984531.25,-40.00061
1386984687.5,-39.99811
1386984843.75,-40.00217
1386985000.0,-40.00762
1386985156.25,-40.01084
1386985312.5,-40.00179
1386985468.75,-40.00008
1386985625.0,-40.0047
1386985781.25,-40.02664
1386985937.5,-40.00766
1386986093.75,-39.99743
1386986250.0,-40.0116
1386986406.25,-40.00647
1386986562.5,-40.00591
1386986718.75,-40.01704
1386986875.0,-40.01079
1386987031.25,-39.98706
1386987187.5,-39.98852
1386987343.75,-39.98072
1386987500.0,-40.0139
1386987656.25,-40.00167
1386987812.5,-40.01643
1386987968.75,-39.99567
1386988125.0,-40.00337
1386988281.25,-40.00255
1386988437.5,-40.00185
1386988593.75,-40.00402
1386988750.0,-39.99567
1386988906.25,-39.99156
1386989062.5,-40.00722
1386989218.75,-39.9984
1386989375.0,-39.99526
1386989531.25,-40.00246
1386989687.5,-39.99894
1386989843.75,-39.99191
1386990000.0,-39.99022
1386990156.25,-40.0072
1386990312.5,-40.00273
1386990468.75,-39.97769
1386990625.0,-39.98199
1386990781.25,-39.99263
1386990937.5,-40.00369
1386991093.75,-39.99216
1386991250.0,-39.98748
1386991406.25,-39.99159
1386991562.5,-39.99809
1386991718.75,-39.97679
1386991875.0,-40.00275
1386992031.25,-39.99158
1386992187.5,-39.97974
1386992343.75,-39.98491
1386992500.0,-40.00066
1386992656.25,-39.98755
1386992812.5,-39.98727
1386992968.75,-39.99126
1386993125.0,-39.98578
1386993281.25,-40.00279
1386993437.5,-39.99593
1386993593.75,-39.98181
1386993750.0,-39.97544
1386993906.25,-39.97213
1386994062.5,-39.99078
1386994218.75,-39.98575
1386994375.0,-39.98481
1386994531.25,-39.97808
1386994687.5,-39.98551
1386994843.75,-39.98497
1386995000.0,-39.99387
1386995156.25,-39.97987
1386995312.5,-39.99271
1386995468.75,-39.99548
1386995625.0,-39.96988
1386995781.25,-39.97736
1386995937.5,-39.97075
1386996093.75,-39.97432
1386996250.0,-39.97699
1386996406.25,-39.99686
1386996562.5,-39.98012
1386996718.75,-39.99543
1386996875.0,-39.9841
1386997031.25,-39.97129
1386997187.5,-39.98188
1386997343.75,-39.97493
1386997500.0,-39.97894
1386997656.25,-39.98576
1386997812.5,-39.96452
1386997968.75,-39.97192
1386998125.0,-39.96736
1386998281.25,-39.97075
1386998437.5,-39.98305
1386998593.75,-39.95972
1386998750.0,-39.97948
1386998906.25,-39.96534
1386999062.5,-39.95791
1386999218.75,-39.96324
1386999375.0,-39.97818
1386999531.25,-39.96854
1386999687.5,-39.97413
1386999843.75,-39.97196
1387000000.0,-39.97635
1387000156.25,-39.96865
1387000312.5,-39.95616
1387000468.75,-39.98596
1387000625.0,-39.96214
1387000781.25,-39.99036
1387000937.5,-39.95412
1387001093.75,-39.98348
1387001250.0,-39.94513
1387001406.25,-39.94943
1387001562.5,-39.95755
1387001718.75,-39.95667
1387001875.0,-39.95457
1387002031.25,-39.94735
1387002187.5,-39.97068
1387002343.75,-39.96305
1387002500.0,-39.95654
1387002656.25,-39.96706
1387002812.5,-39.95618
1387002968.75,-39.9638
1387003125.0,-39.96375
1387003281.25,-39.96005
1387003437.5,-39.97451
1387003593.75,-39.97346
1387003750.0,-39.9569
1387003906.25,-39.95978
1387004062.5,-39.94196
1387004218.75,-39.96051
1387004375.0,-39.9632
1387004531.25,-39.95095
1387004687.5,-39.9414
1387004843.75,-39.95742
1387005000.0,-39.96269
1387005156.25,-39.94696
1387005312.5,-39.95501
1387005468.75,-39.95311
1387005625.0,-39.95239
1387005781.25,-39.95662
1387005937.5,-39.95293
1387006093.75,-39.95776
1387006250.0,-39.93657
1387006406.25,-39.95835
1387006562.5,-39.94042
1387006718.75,-39.93205
1387006875.0,-39.956
1387007031.25,-39.94987
1387007187.5,-39.95773
1387007343.75,-39.94975
1387007500.0,-39.93668
1387007656.25,-39.95488
1387007812.5,-39.95225
1387007968.75,-39.96032
1387008125.0,-39.93651
1387008281.25,-39.9378
1387008437.5,-39.93179
1387008593.75,-39.95428
1387008750.0,-39.94992
1387008906.25,-39.95116
1387009062.5,-39.92878
1387009218.75,-39.9459
1387009375.0,-39.93442
1387009531.25,-39.93893
1387009687.5,-39.95294
1387009843.75,-39.95177
1387010000.0,-39.93864
1387010156.25,-39.94833
1387010312.5,-39.94033
1387010468.75,-39.93577
1387010625.0,-39.92167
1387010781.25,-39.94525
1387010937.5,-39.94841
1387011093.75,-39.94173
1387011250.0,-39.92257
1387011406.25,-39.94265
1387011562.5,-39.94787
1387011718.75,-39.92806
1387011875.0,-39.9473
1387012031.25,-39.92852
1387012187.5,-39.9271
1387012343.75,-39.9469
1387012500.0,-39.92233
1387012656.25,-39.93613
1387012812.5,-39.93089
1387012968.75,-39.91941
1387013125.0,-39.93767
1387013281.25,-39.94291
1387013437.5,-39.93169
1387013593.75,-39.92382
1387013750.0,-39.92887
1387013906.25,-39.93636
1387014062.5,-39.92938
1387014218.75,-39.93064
1387014375.0,-39.94358
1387014531.25,-39.93374
1387014687.5,-39.90242
1387014843.75,-39.9268
1387015000.0,-39.93701
1387015156.25,-39.91949
1387015312.5,-39.93285
1387015468.75,-39.92982
1387015625.0,-39.91748
1387015781.25,-39.92171
1387015937.5,-39.92865
1387016093.75,-39.92386
1387016250.0,-39.93108
1387016406.25,-39.92278
1387016562.5,-39.91888
1387016718.75,-39.94001
1387016875.0,-39.91936
1387017031.25,-39.92128
1387017187.5,-39.93258
1387017343.75,-39.9188
1387017500.0,-39.91514
1387017656.25,-39.91062
1387017812.5,-39.92936
1387017968.75,-39.91526
1387018125.0,-39.92147
1387018281.25,-39.92948
1387018437.5,-39.92219
1387018593.75,-39.92031
1387018750.0,-39.92637
1387018906.25,-39.92349
1387019062.5,-39.93343
1387019218.75,-39.9211
1387019375.0,-39.92284
1387019531.25,-39.90606
1387019687.5,-39.91459
1387019843.75,-39.90694
1387020000.0,-39.91663
1387020156.25,-39.90702
1387020312.5,-39.91628
1387020468.75,-39.91275
1387020625.0,-39.93089
1387020781.25,-39.92141
1387020937.5,-39.92739
1387021093.75,-39.91823
1387021250.0,-39.88929
1387021406.25,-39.89791
1387021562.5,-39.92146
1387021718.75,-39.91177
1387021875.0,-39.90647
1387022031.25,-39.90611
1387022187.5,-39.92663
1387022343.75,-39.91861
1387022500.0,-39.88971
1387022656.25,-39.89006
1387022812.5,-39.89984
1387022968.75,-39.90339
1387023125.0,-39.90528
1387023281.25,-39.89864
1387023437.5,-39.90356
1387023593.75,-39.91271
1387023750.0,-39.92452
1387023906.25,-39.91596
1387024062.5,-39.91832
1387024218.75,-39.90271
1387024375.0,-39.90459
1387024531.25,-39.91139
1387024687.5,-39.90248
1387024843.75,-39.91552
1387025000.0,-39.90371
1387025156.25,-39.90232
1387025312.5,-39.90192
1387025468.75,-39.89657
1387025625.0,-39.89822
1387025781.25,-39.89509
1387025937.5,-39.91383
1387026093.75,-39.89117
1387026250.0,-39.8872
1387026406.25,-39.89367
1387026562.5,-39.89368
1387026718.75,-39.88337
1387026875.0,-39.86188
1387027031.25,-39.89404
1387027187.5,-39.8913
1387027343.75,-39.89917
1387027500.0,-39.89521
1387027656.25,-39.90155
1387027812.5,-39.90577
1387027968.75,-39.89376
1387028125.0,-39.904
1387028281.25,-39.89498
1387028437.5,-39.89505
1387028593.75,-39.89486
1387028750.0,-39.90443
1387028906.25,-39.88001
1387029062.5,-39.90879
1387029218.75,-39.88773
1387029375.0,-39.90205
1387029531.25,-39.89046
1387029687.5,-39.90025
1387029843.75,-39.88976
1387030000.0,-39.902
1387030156.25,-39.89441
1387030312.5,-39.90038
1387030468.75,-39.88312
1387030625.0,-39.88993
1387030781.25,-39.87634
1387030937.5,-39.90364
1387031093.75,-39.88521
1387031250.0,-39.8979
1387031406.25,-39.88116
1387031562.5,-39.88612
1387031718.75,-39.88469
1387031875.0,-39.8714
1387032031.25,-39.86722
1387032187.5,-39.88152
1387032343.75,-39.88487
1387032500.0,-39.88553
1387032656.25,-39.87874
1387032812.5,-39.88613
1387032968.75,-39.87223
1387033125.0,-39.88535
1387033281.25,-39.88616
1387033437.5,-39.88702
1387033593.75,-39.87319
1387033750.0,-39.87758
1387033906.25,-39.89294
1387034062.5,-39.87586
1387034218.75,-39.86795
1387034375.0,-39.88392
1387034531.25,-39.88034
1387034687.5,-39.89237
1387034843.75,-39.87928
1387035000.0,-39.87478
1387035156.25,-39.88242
1387035312.5,-39.87735
1387035468.75,-39.87297
1387035625.0,-39.87094
1387035781.25,-39.87323
1387035937.5,-39.87702
1387036093.75,-39.86099
1387036250.0,-39.87786
1387036406.25,-39.89849
1387036562.5,-39.87569
1387036718.75,-39.86359
1387036875.0,-39.86646
1387037031.25,-39.86555
1387037187.5,-39.88589
1387037343.75,-39.87528
1387037500.0,-39.88196
1387037656.25,-39.85729
1387037812.5,-39.8871
1387037968.75,-39.88171
1387038125.0,-39.88583
1387038281.25,-39.87517
1387038437.5,-39.86544
1387038593.75,-39.85835
1387038750.0,-39.86081
1387038906.25,-39.8783
1387039062.5,-39.86135
1387039218.75,-39.86166
1387039375.0,-39.85737
1387039531.25,-39.86775
1387039687.5,-39.87797
1387039843.75,-39.85484
1387040000.0,-39.85633
1387040156.25,-39.87035
1387040312.5,-39.86208
1387040468.75,-39.86666
1387040625.0,-39.86272
1387040781.25,-39.86917
1387040937.5,-39.85227
1387041093.75,-39.86662
1387041250.0,-39.85514
1387041406.25,-39.87257
1387041562.5,-39.84106
1387041718.75,-39.83879
1387041875.0,-39.85562
1387042031.25,-39.8572
1387042187.5,-39.84927
1387042343.75,-39.84571
1387042500.0,-39.87652
1387042656.25,-39.84541
1387042812.5,-39.85283
1387042968.75,-39.86043
1387043125.0,-39.86504
1387043281.25,-39.84306
1387043437.5,-39.85289
1387043593.75,-39.85431
1387043750.0,-39.83269
1387043906.25,-39.85129
1387044062.5,-39.85677
1387044218.75,-39.84008
1387044375.0,-39.85485
1387044531.25,-39.85367
1387044687.5,-39.84267
1387044843.75,-39.84374
1387045000.0,-39.83876
1387045156.25,-39.83962
1387045312.5,-39.84545
1387045468.75,-39.84793
1387045625.0,-39.8497
1387045781.25,-39.85523
1387045937.5,-39.846
1387046093.75,-39.84026
1387046250.0,-39.84107
1387046406.25,-39.83602
1387046562.5,-39.85238
1387046718.75,-39.85637
1387046875.0,-39.84405
1387047031.25,-39.82936
1387047187.5,-39.8322
1387047343.75,-39.84846
1387047500.0,-39.82329
1387047656.25,-39.83231
1387047812.5,-39.83346
1387047968.75,-39.84749
1387048125.0,-39.83519
1387048281.25,-39.82664
1387048437.5,-39.85441
1387048593.75,-39.85557
1387048750.0,-39.83953
1387048906.25,-39.8342
1387049062.5,-39.84502
1387049218.75,-39.84694
1387049375.0,-39.83516
1387049531.25,-39.82542
1387049687.5,-39.83434
1387049843.75,-39.83015
1387050000.0,-39.82821
1387050156.25,-39.82371
1387050312.5,-39.83692
1387050468.75,-39.84133
1387050625.0,-39.81578
1387050781.25,-39.82404
1387050937.5,-39.83307
1387051093.75,-39.83041
1387051250.0,-39.85129
1387051406.25,-39.81826
1387051562.5,-39.84406
1387051718.75,-39.84633
1387051875.0,-39.82389
1387052031.25,-39.83904
1387052187.5,-39.83354
1387052343.75,-39.83471
1387052500.0,-39.83024
1387052656.25,-39.8402
1387052812.5,-39.83223
1387052968.75,-39.82101
1387053125.0,-39.82158
1387053281.25,-39.84932
1387053437.5,-39.82988
1387053593.75,-39.82204
1387053750.0,-39.82092
1387053906.25,-39.82416
1387054062.5,-39.81936
1387054218.75,-39.84502
1387054375.0,-39.84389
1387054531.25,-39.83131
1387054687.5,-39.81821
1387054843.75,-39.82431
1387055000.0,-39.82065
1387055156.25,-39.81837
1387055312.5,-39.8244
1387055468.75,-39.82945
1387055625.0,-39.826
1387055781.25,-39.80541
1387055937.5,-39.82516
1387056093.75,-39.82066
1387056250.0,-39.8033
1387056406.25,-39.82257
1387056562.5,-39.83762
1387056718.75,-39.81614
1387056875.0,-39.80506
1387057031.25,-39.81878
1387057187.5,-39.81117
1387057343.75,-39.83042
1387057500.0,-39.82166
1387057656.25,-39.81014
1387057812.5,-39.81897
1387057968.75,-39.81482
1387058125.0,-39.81703
1387058281.25,-39.8126
1387058437.5,-39.7981
1387058593.75,-39.79672
1387058750.0,-39.82137
1387058906.25,-39.79414
1387059062.5,-39.81486
1387059218.75,-39.81472
1387059375.0,-39.82089
1387059531.25,-39.80429
1387059687.5,-39.81544
1387059843.75,-39.81929
1387060000.0,-39.80791
1387060156.25,-39.79821
1387060312.5,-39.81222
1387060468.75,-39.81287
1387060625.0,-39.81736
1387060781.25,-39.80028
1387060937.5,-39.80787
1387061093.75,-39.79906
1387061250.0,-39.81131
1387061406.25,-39.80771
1387061562.5,-39.78751
1387061718.75,-39.79123
1387061875.0,-39.80315
1387062031.25,-39.80372
1387062187.5,-39.81164
1387062343.75,-39.80711
1387062500.0,-39.80827
1387062656.25,-39.7789
1387062812.5,-39.8057
1387062968.75,-39.7943
1387063125.0,-39.77132
1387063281.25,-39.80863
1387063437.5,-39.79488
1387063593.75,-39.79689
1387063750.0,-39.80393
1387063906.25,-39.77913
1387064062.5,-39.7888
1387064218.75,-39.7949
1387064375.0,-39.79998
1387064531.25,-39.79503
1387064687.5,-39.79015
1387064843.75,-39.79848
1387065000.0,-39.76596
1387065156.25,-39.79586
1387065312.5,-39.801
1387065468.75,-39.79471
1387065625.0,-39.79139
1387065781.25,-39.79989
1387065937.5,-39.79555
1387066093.75,-39.79914
1387066250.0,-39.791
1387066406.25,-39.7916
1387066562.5,-39.79494
1387066718.75,-39.7949
1387066875.0,-39.7839
1387067031.25,-39.77331
1387067187.5,-39.79735
1387067343.75,-39.79515
1387067500.0,-39.77515
1387067656.25,-39.77502
1387067812.5,-39.78413
1387067968.75,-39.77763
1387068125.0,-39.78326
1387068281.25,-39.78535
1387068437.5,-39.78075
1387068593.75,-39.7867
1387068750.0,-39.78555
1387068906.25,-39.78749
1387069062.5,-39.78453
1387069218.75,-39.77681
1387069375.0,-39.79193
1387069531.25,-39.77092
1387069687.5,-39.79672
1387069843.75,-39.79364
1387070000.0,-39.76912
1387070156.25,-39.79674
1387070312.5,-39.77395
1387070468.75,-39.78229
1387070625.0,-39.78708
1387070781.25,-39.78783
1387070937.5,-39.78097
1387071093.75,-39.7715
1387071250.0,-39.7758
1387071406.25,-39.77303
1387071562.5,-39.76756
1387071718.75,-39.78666
1387071875.0,-39.79423
1387072031.25,-39.79465
1387072187.5,-39.78315
1387072343.75,-39.78062
1387072500.0,-39.75401
1387072656.25,-39.77039
1387072812.5,-39.78373
1387072968.75,-39.77646
1387073125.0,-39.7784
1387073281.25,-39.76024
1387073437.5,-39.76458
1387073593.75,-39.78581
1387073750.0,-39.77557
1387073906.25,-39.76277
1387074062.5,-39.76939
1387074218.75,-39.76164
1387074375.0,-39.75718
1387074531.25,-39.75679
1387074687.5,-39.77195
1387074843.75,-39.78964
1387075000.0,-39.76506
1387075156.25,-39.76659
1387075312.5,-39.7775
1387075468.75,-39.77246
1387075625.0,-39.76956
1387075781.25,-39.76862
1387075937.5,-39.75557
1387076093.75,-39.76603
1387076250.0,-39.75352
1387076406.25,-39.7711
1387076562.5,-39.76707
1387076718.75,-39.7644
1387076875.0,-39.76157
1387077031.25,-39.75644
1387077187.5,-39.76582
1387077343.75,-39.7545
1387077500.0,-39.75294
1387077656.25,-39.76564
1387077812.5,-39.75473
1387077968.75,-39.74406
1387078125.0,-39.77112
1387078281.25,-39.77586
1387078437.5,-39.74521
1387078593.75,-39.74991
1387078750.0,-39.75029
1387078906.25,-39.76358
1387079062.5,-39.7545
1387079218.75,-39.74918
1387079375.0,-39.75446
1387079531.25,-39.75472
1387079687.5,-39.74448
1387079843.75,-39.75675
1387080000.0,-39.74876
1387080156.25,-39.74802
1387080312.5,-39.7527
1387080468.75,-39.75809
1387080625.0,-39.75179
1387080781.25,-39.75608
1387080937.5,-39.74574
1387081093.75,-39.74166
1387081250.0,-39.75526
1387081406.25,-39.73546
1387081562.5,-39.7465
1387081718.75,-39.74926
1387081875.0,-39.74827
1387082031.25,-39.73436
1387082187.5,-39.75027
1387082343.75,-39.75513
1387082500.0,-39.74487
1387082656.25,-39.73875
1387082812.5,-39.74323
1387082968.75,-39.75128
1387083125.0,-39.74658
1387083281.25,-39.75387
1387083437.5,-39.72322
1387083593.75,-39.74309
1387083750.0,-39.73434
1387083906.25,-39.73517
1387084062.5,-39.75183
1387084218.75,-39.73845
1387084375.0,-39.73142
1387084531.25,-39.73066
1387084687.5,-39.73146
1387084843.75,-39.72776
1387085000.0,-39.74704
1387085156.25,-39.74154
1387085312.5,-39.74041
1387085468.75,-39.73013
1387085625.0,-39.73219
1387085781.25,-39.7366
1387085937.5,-39.72652
1387086093.75,-39.72842
1387086250.0,-39.74389
1387086406.25,-39.7253
1387086562.5,-39.72551
1387086718.75,-39.73812
1387086875.0,-39.73381
1387087031.25,-39.7226
1387087187.5,-39.73022
1387087343.75,-39.72918
1387087500.0,-39.72514
1387087656.25,-39.7267
1387087812.5,-39.74003
1387087968.75,-39.73878
1387088125.0,-39.72956
1387088281.25,-39.73192
1387088437.5,-39.74353
1387088593.75,-39.731
1387088750.0,-39.72274
1387088906.25,-39.73801
1387089062.5,-39.71793
1387089218.75,-39.7317
1387089375.0,-39.71878
1387089531.25,-39.72664
1387089687.5,-39.72907
1387089843.75,-39.7182
1387090000.0,-39.71345
1387090156.25,-39.72821
1387090312.5,-39.73076
1387090468.75,-39.72292
1387090625.0,-39.72762
1387090781.25,-39.73534
1387090937.5,-39.72402
1387091093.75,-39.73
1387091250.0,-39.71523
1387091406.25,-39.72454
1387091562.5,-39.71464
1387091718.75,-39.71544
1387091875.0,-39.7223
1387092031.25,-39.71773
1387092187.5,-39.72068
1387092343.75,-39.72112
1387092500.0,-39.7185
1387092656.25,-39.72324
1387092812.5,-39.71428
1387092968.75,-39.71574
1387093125.0,-39.71117
1387093281.25,-39.73214
1387093437.5,-39.72515
1387093593.75,-39.71795
1387093750.0,-39.72022
1387093906.25,-39.73809
1387094062.5,-39.7319
1387094218.75,-39.71883
1387094375.0,-39.69761
1387094531.25,-39.71931
1387094687.5,-39.73592
1387094843.75,-39.71097
1387095000.0,-39.70997
1387095156.25,-39.71726
1387095312.5,-39.70026
1387095468.75,-39.71041
1387095625.0,-39.70833
1387095781.25,-39.71318
1387095937.5,-39.69821
1387096093.75,-39.70749
1387096250.0,-39.7091
1387096406.25,-39.71865
1387096562.5,-39.71667
1387096718.75,-39.71407
1387096875.0,-39.70591
1387097031.25,-39.71817
1387097187.5,-39.70933
1387097343.75,-39.70066
1387097500.0,-39.71317
1387097656.25,-39.70624
1387097812.5,-39.71326
1387097968.75,-39.71083
1387098125.0,-39.70493
1387098281.25,-39.70498
1387098437.5,-39.71466
1387098593.75,-39.69446
1387098750.0,-39.67966
1387098906.25,-39.71173
1387099062.5,-39.69807
1387099218.75,-39.7078
1387099375.0,-39.69696
1387099531.25,-39.68872
1387099687.5,-39.69273
1387099843.75,-39.7168
1387100000.0,-39.70343
1387100156.25,-39.67604
1387100312.5,-39.69082
1387100468.75,-39.70068
1387100625.0,-39.69448
1387100781.25,-39.70293
1387100937.5,-39.69809
1387101093.75,-39.69209
1387101250.0,-39.68805
1387101406.25,-39.68204
1387101562.5,-39.69906
1387101718.75,-39.70708
1387101875.0,-39.69251
1387102031.25,-39.6941
1387102187.5,-39.69375
1387102343.75,-39.67094
1387102500.0,-39.69414
1387102656.25,-39.68468
1387102812.5,-39.70438
1387102968.75,-39.68361
1387103125.0,-39.68779
1387103281.25,-39.68901
1387103437.5,-39.6919
1387103593.75,-39.67498
1387103750.0,-39.69806
1387103906.25,-39.68655
1387104062.5,-39.68278
1387104218.75,-39.69377
1387104375.0,-39.67202
1387104531.25,-39.67505
1387104687.5,-39.68436
1387104843.75,-39.6859
1387105000.0,-39.68562
1387105156.25,-39.6914
1387105312.5,-39.6902
1387105468.75,-39.6874
1387105625.0,-39.69058
1387105781.25,-39.68652
1387105937.5,-39.68928
1387106093.75,-39.66183
1387106250.0,-39.6766
1387106406.25,-39.68185
1387106562.5,-39.68258
1387106718.75,-39.69624
1387106875.0,-39.6857
1387107031.25,-39.67976
1387107187.5,-39.67149
1387107343.75,-39.68455
1387107500.0,-39.67751
1387107656.25,-39.67501
1387107812.5,-39.6995
1387107968.75,-39.67528
1387108125.0,-39.67449
1387108281.25,-39.6621
1387108437.5,-39.68445
1387108593.75,-39.68607
1387108750.0,-39.67985
1387108906.25,-39.65325
1387109062.5,-39.66299
1387109218.75,-39.65676
1387109375.0,-39.6745
1387109531.25,-39.67585
1387109687.5,-39.66755
1387109843.75,-39.67819
1387110000.0,-39.67578
1387110156.25,-39.66403
1387110312.5,-39.67487
1387110468.75,-39.66426
1387110625.0,-39.65961
1387110781.25,-39.68258
1387110937.5,-39.68118
1387111093.75,-39.67322
1387111250.0,-39.68612
1387111406.25,-39.64846
1387111562.5,-39.66999
1387111718.75,-39.66918
1387111875.0,-39.66629
1387112031.25,-39.65567
1387112187.5,-39.66574
1387112343.75,-39.68227
1387112500.0,-39.67971
1387112656.25,-39.66366
1387112812.5,-39.65014
1387112968.75,-39.6632
1387113125.0,-39.65524
1387113281.25,-39.66096
1387113437.5,-39.679
1387113593.75,-39.65807
1387113750.0,-39.6692
1387113906.25,-39.66688
1387114062.5,-39.67083
1387114218.75,-39.65109
1387114375.0,-39.66636
1387114531.25,-39.65032
1387114687.5,-39.65502
1387114843.75,-39.65226
1387115000.0,-39.66874
1387115156.25,-39.66108
1387115312.5,-39.6595
1387115468.75,-39.66011
1387115625.0,-39.64638
1387115781.25,-39.64589
1387115937.5,-39.65654
1387116093.75,-39.636
1387116250.0,-39.66591
1387116406.25,-39.64655
1387116562.5,-39.65611
1387116718.75,-39.63216
1387116875.0,-39.65501
1387117031.25,-39.66451
1387117187.5,-39.64337
1387117343.75,-39.64948
1387117500.0,-39.6445
1387117656.25,-39.65438
1387117812.5,-39.64778
1387117968.75,-39.64529
1387118125.0,-39.63734
1387118281.25,-39.64639
1387118437.5,-39.65267
1387118593.75,-39.64255
1387118750.0,-39.65261
1387118906.25,-39.64482
1387119062.5,-39.63709
1387119218.75,-39.65061
1387119375.0,-39.65351
1387119531.25,-39.64169
1387119687.5,-39.65168
1387119843.75,-39.63398
1387120000.0,-39.64034
1387120156.25,-39.64744
1387120312.5,-39.65028
1387120468.75,-39.6303
1387120625.0,-39.63606
1387120781.25,-39.64302
1387120937.5,-39.64193
1387121093.75,-39.64561
1387121250.0,-39.62672
1387121406.25,-39.65791
1387121562.5,-39.62709
1387121718.75,-39.63452
1387121875.0,-39.64713
1387122031.25,-39.62986
1387122187.5,-39.63842
1387122343.75,-39.63188
1387122500.0,-39.63092
1387122656.25,-39.62741
1387122812.5,-39.63457
1387122968.75,-39.63977
1387123125.0,-39.6412
1387123281.25,-39.61929
1387123437.5,-39.63823
1387123593.75,-39.6424
1387123750.0,-39.62301
1387123906.25,-39.61584
1387124062.5,-39.62817
1387124218.75,-39.62221
1387124375.0,-39.63322
1387124531.25,-39.63123
1387124687.5,-39.63786
1387124843.75,-39.64474
1387125000.0,-39.62765
1387125156.25,-39.63172
1387125312.5,-39.63456
1387125468.75,-39.63462
1387125625.0,-39.62348
1387125781.25,-39.63076
1387125937.5,-39.63829
1387126093.75,-39.62773
1387126250.0,-39.63947
1387126406.25,-39.63526
1387126562.5,-39.62821
1387126718.75,-39.63763
1387126875.0,-39.6295
1387127031.25,-39.63027
1387127187.5,-39.60995
1387127343.75,-39.61931
1387127500.0,-39.63106
1387127656.25,-39.63639
1387127812.5,-39.62547
1387127968.75,-39.61875
1387128125.0,-39.63303
1387128281.25,-39.63673
1387128437.5,-39.62626
1387128593.75,-39.61167
1387128750.0,-39.61723
1387128906.25,-39.59707
1387129062.5,-39.60494
1387129218.75,-39.61101
1387129375.0,-39.59982
1387129531.25,-39.61847
1387129687.5,-39.60695
1387129843.75,-39.62875
1387130000.0,-39.61827
1387130156.25,-39.63602
1387130312.5,-39.62168
1387130468.75,-39.61849
1387130625.0,-39.61159
1387130781.25,-39.61621
1387130937.5,-39.61319
1387131093.75,-39.59562
1387131250.0,-39.61938
1387131406.25,-39.61132
1387131562.5,-39.61798
1387131718.75,-39.62448
1387131875.0,-39.60901
1387132031.25,-39.60844
1387132187.5,-39.61746
1387132343.75,-39.60094
1387132500.0,-39.60989
1387132656.25,-39.60238
1387132812.5,-39.59763
1387132968.75,-39.61255
1387133125.0,-39.60548
1387133281.25,-39.59673
1387133437.5,-39.60912
1387133593.75,-39.6102
1387133750.0,-39.59703
1387133906.25,-39.60089
1387134062.5,-39.61029
1387134218.75,-39.61918
1387134375.0,-39.59669
1387134531.25,-39.60326
1387134687.5,-39.60489
1387134843.75,-39.60343
1387135000.0,-39.59043
1387135156.25,-39.61408
1387135312.5,-39.59644
1387135468.75,-39.60935
1387135625.0,-39.59356
1387135781.25,-39.59349
1387135937.5,-39.59948
1387136093.75,-39.60783
1387136250.0,-39.60228
1387136406.25,-39.58736
1387136562.5,-39.6059
1387136718.75,-39.60372
1387136875.0,-39.59298
1387137031.25,-39.60493
1387137187.5,-39.60368
1387137343.75,-39.60628
1387137500.0,-39.59511
1387137656.25,-39.58629
1387137812.5,-39.60112
1387137968.75,-39.6015
1387138125.0,-39.5862
1387138281.25,-39.58201
1387138437.5,-39.59603
1387138593.75,-39.60048
1387138750.0,-39.59697
1387138906.25,-39.56957
1387139062.5,-39.58334
1387139218.75,-39.59027
1387139375.0,-39.58625
1387139531.25,-39.58892
1387139687.5,-39.58938
1387139843.75,-39.59044
1387140000.0,-39.59761
1387140156.25,-39.5789
1387140312.5,-39.59369
1387140468.75,-39.59838
1387140625.0,-39.58121
1387140781.25,-39.57164
1387140937.5,-39.59528
1387141093.75,-39.58899
1387141250.0,-39.5959
1387141406.25,-39.57373
1387141562.5,-39.58371
1387141718.75,-39.5897
1387141875.0,-39.5943
1387142031.25,-39.60118
1387142187.5,-39.59787
1387142343.75,-39.58125
1387142500.0,-39.5816
1387142656.25,-39.58347
1387142812.5,-39.56796
1387142968.75,-39.56829
1387143125.0,-39.57689
1387143281.25,-39.57025
1387143437.5,-39.58727
1387143593.75,-39.57873
1387143750.0,-39.5724
1387143906.25,-39.58301
1387144062.5,-39.58707
1387144218.75,-39.56863
1387144375.0,-39.58169
1387144531.25,-39.5805
1387144687.5,-39.56973
1387144843.75,-39.58374
1387145000.0,-39.56989
1387145156.25,-39.56975
1387145312.5,-39.56759
1387145468.75,-39.57409
1387145625.0,-39.56872
1387145781.25,-39.5638
1387145937.5,-39.58484
1387146093.75,-39.56476
1387146250.0,-39.57957
1387146406.25,-39.57002
1387146562.5,-39.56888
1387146718.75,-39.56464
1387146875.0,-39.57483
1387147031.25,-39.56239
1387147187.5,-39.56224
1387147343.75,-39.56049
1387147500.0,-39.5596
1387147656.25,-39.57257
1387147812.5,-39.5598
1387147968.75,-39.54083
1387148125.0,-39.55558
1387148281.25,-39.57838
1387148437.5,-39.55903
1387148593.75,-39.5525
1387148750.0,-39.57445
1387148906.25,-39.55269
1387149062.5,-39.57286
1387149218.75,-39.54251
1387149375.0,-39.56815
1387149531.25,-39.54926
1387149687.5,-39.55623
1387149843.75,-39.57669
1387150000.0,-39.56247
1387150156.25,-39.54476
1387150312.5,-39.55581
1387150468.75,-39.55292
1387150625.0,-39.56726
1387150781.25,-39.57348
1387150937.5,-39.56089
1387151093.75,-39.54314
1387151250.0,-39.56326
1387151406.25,-39.55611
1387151562.5,-39.5585
1387151718.75,-39.57096
1387151875.0,-39.57566
1387152031.25,-39.56053
1387152187.5,-39.5573
1387152343.75,-39.5476
1387152500.0,-39.55876
1387152656.25,-39.56442
1387152812.5,-39.55726
1387152968.75,-39.54799
1387153125.0,-39.55336
1387153281.25,-39.55165
1387153437.5,-39.55196
1387153593.75,-39.53937
1387153750.0,-39.56576
1387153906.25,-39.55055
1387154062.5,-39.55206
1387154218.75,-39.54745
1387154375.0,-39.54232
1387154531.25,-39.54915
1387154687.5,-39.55717
1387154843.75,-39.54018
1387155000.0,-39.55137
1387155156.25,-39.5442
1387155312.5,-39.55593
1387155468.75,-39.55159
1387155625.0,-39.54805
1387155781.25,-39.53748
1387155937.5,-39.5445
1387156093.75,-39.5301
1387156250.0,-39.55202
1387156406.25,-39.52708
1387156562.5,-39.54556
1387156718.75,-39.5411
1387156875.0,-39.5332
1387157031.25,-39.5419
1387157187.5,-39.54981
1387157343.75,-39.54799
1387157500.0,-39.54432
1387157656.25,-39.5385
1387157812.5,-39.52961
1387157968.75,-39.53567
1387158125.0,-39.52524
1387158281.25,-39.55057
1387158437.5,-39.55348
1387158593.75,-39.53046
1387158750.0,-39.53956
1387158906.25,-39.54713
1387159062.5,-39.54502
1387159218.75,-39.54748
1387159375.0,-39.52989
1387159531.25,-39.52891
1387159687.5,-39.53822
1387159843.75,-39.5345
1387160000.0,-39.53657
1387160156.25,-39.53278
1387160312.5,-39.53084
1387160468.75,-39.52858
1387160625.0,-39.52197
1387160781.25,-39.52764
1387160937.5,-39.5142
1387161093.75,-39.52634
1387161250.0,-39.52084
1387161406.25,-39.54225
1387161562.5,-39.51968
1387161718.75,-39.53073
1387161875.0,-39.54128
1387162031.25,-39.50481
1387162187.5,-39.53331
1387162343.75,-39.51762
1387162500.0,-39.52017
1387162656.25,-39.51982
1387162812.5,-39.51952
1387162968.75,-39.52478
1387163125.0,-39.52312
1387163281.25,-39.51092
1387163437.5,-39.53528
1387163593.75,-39.52575
1387163750.0,-39.53095
1387163906.25,-39.53416
1387164062.5,-39.5283
1387164218.75,-39.51984
1387164375.0,-39.52699
1387164531.25,-39.52279
1387164687.5,-39.53246
1387164843.75,-39.52947
1387165000.0,-39.51702
1387165156.25,-39.51699
1387165312.5,-39.51692
1387165468.75,-39.51761
1387165625.0,-39.51631
1387165781.25,-39.52871
1387165937.5,-39.51193
1387166093.75,-39.50895
1387166250.0,-39.51934
1387166406.25,-39.51343
1387166562.5,-39.52002
1387166718.75,-39.51144
1387166875.0,-39.51706
1387167031.25,-39.51833
1387167187.5,-39.51167
1387167343.75,-39.51889
1387167500.0,-39.52235
1387167656.25,-39.52689
1387167812.5,-39.50525
1387167968.75,-39.52599
1387168125.0,-39.50977
1387168281.25,-39.49528
1387168437.5,-39.50567
1387168593.75,-39.50489
1387168750.0,-39.50356
1387168906.25,-39.51731
1387169062.5,-39.51714
1387169218.75,-39.50987
1387169375.0,-39.51959
1387169531.25,-39.5064
1387169687.5,-39.48944
1387169843.75,-39.51107
1387170000.0,-39.50787
1387170156.25,-39.51816
1387170312.5,-39.49498
1387170468.75,-39.50272
1387170625.0,-39.49871
1387170781.25,-39.49559
1387170937.5,-39.51001
1387171093.75,-39.49929
1387171250.0,-39.49889
1387171406.25,-39.49145
1387171562.5,-39.50547
1387171718.75,-39.47383
1387171875.0,-39.49194
1387172031.25,-39.50452
1387172187.5,-39.49623
1387172343.75,-39.50858
1387172500.0,-39.48964
1387172656.25,-39.49953
1387172812.5,-39.5036
1387172968.75,-39.49015
1387173125.0,-39.4938
1387173281.25,-39.49828
1387173437.5,-39.50568
1387173593.75,-39.48568
1387173750.0,-39.49478
1387173906.25,-39.48829
1387174062.5,-39.4859
1387174218.75,-39.50104
1387174375.0,-39.47628
1387174531.25,-39.50776
1387174687.5,-39.49355
1387174843.75,-39.48075
1387175000.0,-39.4968
1387175156.25,-39.48294
1387175312.5,-39.50184
1387175468.75,-39.5052
1387175625.0,-39.4785
1387175781.25,-39.48665
1387175937.5,-39.48333
1387176093.75,-39.49999
1387176250.0,-39.48587
1387176406.25,-39.47018
1387176562.5,-39.46909
1387176718.75,-39.48722
1387176875.0,-39.48161
1387177031.25,-39.48708
1387177187.5,-39.48071
1387177343.75,-39.48751
1387177500.0,-39.48148
1387177656.25,-39.48678
1387177812.5,-39.47543
1387177968.75,-39.48112
1387178125.0,-39.47878
1387178281.25,-39.48877
1387178437.5,-39.4834
1387178593.75,-39.47742
1387178750.0,-39.487
1387178906.25,-39.48205
1387179062.5,-39.48501
1387179218.75,-39.4823
1387179375.0,-39.47697
1387179531.25,-39.4845
1387179687.5,-39.49655
1387179843.75,-39.47532
1387180000.0,-39.47932
1387180156.25,-39.46781
1387180312.5,-39.47559
1387180468.75,-39.46976
1387180625.0,-39.47831
1387180781.25,-39.49308
1387180937.5,-39.49518
1387181093.75,-39.46471
1387181250.0,-39.47232
1387181406.25,-39.49099
1387181562.5,-39.46954
1387181718.75,-39.46588
1387181875.0,-39.48217
1387182031.25,-39.449
1387182187.5,-39.47158
1387182343.75,-39.46403
1387182500.0,-39.48815
1387182656.25,-39.4766
1387182812.5,-39.45692
1387182968.75,-39.46392
1387183125.0,-39.4579
1387183281.25,-39.46318
1387183437.5,-39.4749
1387183593.75,-39.47287
1387183750.0,-39.46855
1387183906.25,-39.46255
1387184062.5,-39.47711
1387184218.75,-39.45774
1387184375.0,-39.46489
1387184531.25,-39.46444
1387184687.5,-39.46414
1387184843.75,-39.45595
1387185000.0,-39.46817
1387185156.25,-39.46646
1387185312.5,-39.46173
1387185468.75,-39.4692
1387185625.0,-39.46059
1387185781.25,-39.45205
1387185937.5,-39.44234
1387186093.75,-39.46296
1387186250.0,-39.45929
1387186406.25,-39.44046
1387186562.5,-39.46295
1387186718.75,-39.46278
1387186875.0,-39.44034
1387187031.25,-39.45575
1387187187.5,-39.44489
1387187343.75,-39.45737
1387187500.0,-39.45547
1387187656.25,-39.45827
1387187812.5,-39.46525
1387187968.75,-39.45855
1387188125.0,-39.4527
1387188281.25,-39.45451
1387188437.5,-39.43496
1387188593.75,-39.45262
1387188750.0,-39.45619
1387188906.25,-39.46331
1387189062.5,-39.44933
1387189218.75,-39.46558
1387189375.0,-39.46305
1387189531.25,-39.46145
1387189687.5,-39.45546
1387189843.75,-39.45204
1387190000.0,-39.44211
1387190156.25,-39.45131
1387190312.5,-39.44917
1387190468.75,-39.45209
1387190625.0,-39.44822
1387190781.25,-39.43983
1387190937.5,-39.44962
1387191093.75,-39.45665
1387191250.0,-39.42921
1387191406.25,-39.44593
1387191562.5,-39.44341
1387191718.75,-39.43858
1387191875.0,-39.45265
1387192031.25,-39.4439
1387192187.5,-39.44323
1387192343.75,-39.44781
1387192500.0,-39.43054
1387192656.25,-39.45759
1387192812.5,-39.44945
1387192968.75,-39.44995
1387193125.0,-39.44572
1387193281.25,-39.44151
1387193437.5,-39.43043
1387193593.75,-39.43616
1387193750.0,-39.44429
1387193906.25,-39.44775
1387194062.5,-39.43846
1387194218.75,-39.43872
1387194375.0,-39.43709
1387194531.25,-39.43262
1387194687.5,-39.4489
1387194843.75,-39.45374
1387195000.0,-39.42754
1387195156.25,-39.42513
1387195312.5,-39.44019
1387195468.75,-39.42132
1387195625.0,-39.42844
1387195781.25,-39.43465
1387195937.5,-39.43645
1387196093.75,-39.43027
1387196250.0,-39.42522
1387196406.25,-39.41888
1387196562.5,-39.42097
1387196718.75,-39.43457
1387196875.0,-39.42671
1387197031.25,-39.43598
1387197187.5,-39.40942
1387197343.75,-39.42263
1387197500.0,-39.4419
1387197656.25,-39.42666
1387197812.5,-39.42719
1387197968.75,-39.42251
1387198125.0,-39.42391
1387198281.25,-39.41429
1387198437.5,-39.42126
1387198593.75,-39.41236
1387198750.0,-39.42316
1387198906.25,-39.43163
1387199062.5,-39.4314
1387199218.75,-39.42313
1387199375.0,-39.42509
1387199531.25,-39.42567
1387199687.5,-39.42902
1387199843.75,-39.4033
1387200000.0,-39.41477
1387200156.25,-39.43044
1387200312.5,-39.41485
1387200468.75,-39.41556
1387200625.0,-39.42737
1387200781.25,-39.41617
1387200937.5,-39.41526
1387201093.75,-39.40509
1387201250.0,-39.4159
1387201406.25,-39.41726
1387201562.5,-39.41561
1387201718.75,-39.42785
1387201875.0,-39.41895
1387202031.25,-39.41702
1387202187.5,-39.42345
1387202343.75,-39.42807
1387202500.0,-39.40403
1387202656.25,-39.41625
1387202812.5,-39.40263
1387202968.75,-39.41016
1387203125.0,-39.4197
1387203281.25,-39.39042
1387203437.5,-39.41049
1387203593.75,-39.40577
1387203750.0,-39.39544
1387203906.25,-39.3996
1387204062.5,-39.40731
1387204218.75,-39.41241
1387204375.0,-39.40759
1387204531.25,-39.4136
1387204687.5,-39.40876
1387204843.75,-39.41007
1387205000.0,-39.41775
1387205156.25,-39.40158
1387205312.5,-39.40751
1387205468.75,-39.40966
1387205625.0,-39.39437
1387205781.25,-39.39674
1387205937.5,-39.39943
1387206093.75,-39.40643
1387206250.0,-39.40426
1387206406.25,-39.3952
1387206562.5,-39.40923
1387206718.75,-39.38907
1387206875.0,-39.40168
1387207031.25,-39.40135
1387207187.5,-39.39378
1387207343.75,-39.39911
1387207500.0,-39.40052
1387207656.25,-39.4068
1387207812.5,-39.40404
1387207968.75,-39.39796
1387208125.0,-39.40038
1387208281.25,-39.38275
1387208437.5,-39.37183
1387208593.75,-39.40327
1387208750.0,-39.40094
1387208906.25,-39.39325
1387209062.5,-39.40067
1387209218.75,-39.40352
1387209375.0,-39.4
1387209531.25,-39.40273
1387209687.5,-39.40253
1387209843.75,-39.39271
1387210000.0,-39.38794
1387210156.25,-39.38676
1387210312.5,-39.40214
1387210468.75,-39.39425
1387210625.0,-39.39088
1387210781.25,-39.38776
1387210937.5,-39.38971
1387211093.75,-39.36452
1387211250.0,-39.39249
1387211406.25,-39.38684
1387211562.5,-39.383
1387211718.75,-39.3896
1387211875.0,-39.40046
1387212031.25,-39.37532
1387212187.5,-39.37638
1387212343.75,-39.387
1387212500.0,-39.37372
1387212656.25,-39.38811
1387212812.5,-39.3758
1387212968.75,-39.38277
1387213125.0,-39.38317
1387213281.25,-39.37891
1387213437.5,-39.38217
1387213593.75,-39.38524
1387213750.0,-39.37898
1387213906.25,-39.38457
1387214062.5,-39.38804
1387214218.75,-39.38311
1387214375.0,-39.37815
1387214531.25,-39.37282
1387214687.5,-39.38197
1387214843.75,-39.38306
1387215000.0,-39.37224
1387215156.25,-39.37055
1387215312.5,-39.38914
1387215468.75,-39.37671
1387215625.0,-39.36531
1387215781.25,-39.37946
1387215937.5,-39.36992
1387216093.75,-39.36857
1387216250.0,-39.36219
1387216406.25,-39.38771
1387216562.5,-39.36113
1387216718.75,-39.35998
1387216875.0,-39.37137
1387217031.25,-39.36082
1387217187.5,-39.37769
1387217343.75,-39.37597
1387217500.0,-39.35874
1387217656.25,-39.36595
1387217812.5,-39.37687
1387217968.75,-39.37453
1387218125.0,-39.35747
1387218281.25,-39.37016
1387218437.5,-39.36535
1387218593.75,-39.3639
1387218750.0,-39.35497
1387218906.25,-39.36284
1387219062.5,-39.36573
1387219218.75,-39.37165
1387219375.0,-39.3664
1387219531.25,-39.36674
1387219687.5,-39.36757
1387219843.75,-39.36339
1387220000.0,-39.36651
1387220156.25,-39.3718
1387220312.5,-39.36435
1387220468.75,-39.35532
1387220625.0,-39.35683
1387220781.25,-39.35668
1387220937.5,-39.35533
1387221093.75,-39.36653
1387221250.0,-39.34071
1387221406.25,-39.35193
1387221562.5,-39.36355
1387221718.75,-39.36053
1387221875.0,-39.34664
1387222031.25,-39.36187
1387222187.5,-39.34983
1387222343.75,-39.3439
1387222500.0,-39.35593
1387222656.25,-39.35345
1387222812.5,-39.34449
1387222968.75,-39.36608
1387223125.0,-39.36057
1387223281.25,-39.36553
1387223437.5,-39.34937
1387223593.75,-39.35977
1387223750.0,-39.35662
1387223906.25,-39.36222
1387224062.5,-39.35035
1387224218.75,-39.37338
1387224375.0,-39.35225
1387224531.25,-39.33273
1387224687.5,-39.34726
1387224843.75,-39.35233
1387225000.0,-39.35804
1387225156.25,-39.35279
1387225312.5,-39.35062
1387225468.75,-39.33808
1387225625.0,-39.35574
1387225781.25,-39.36408
1387225937.5,-39.34125
1387226093.75,-39.34981
1387226250.0,-39.35398
1387226406.25,-39.34015
1387226562.5,-39.33197
1387226718.75,-39.35854
1387226875.0,-39.34595
1387227031.25,-39.33857
1387227187.5,-39.33427
1387227343.75,-39.35053
1387227500.0,-39.35132
1387227656.25,-39.35582
1387227812.5,-39.34369
1387227968.75,-39.33586
1387228125.0,-39.32918
1387228281.25,-39.33632
1387228437.5,-39.33149
1387228593.75,-39.35932
1387228750.0,-39.33808
1387228906.25,-39.33608
1387229062.5,-39.32506
1387229218.75,-39.3313
1387229375.0,-39.32205
1387229531.25,-39.34212
1387229687.5,-39.35631
1387229843.75,-39.31755
1387230000.0,-39.3307
1387230156.25,-39.34996
1387230312.5,-39.35018
1387230468.75,-39.32093
1387230625.0,-39.33404
1387230781.25,-39.33204
1387230937.5,-39.34436
1387231093.75,-39.33262
1387231250.0,-39.34089
1387231406.25,-39.33874
1387231562.5,-39.3237
1387231718.75,-39.31222
1387231875.0,-39.32983
1387232031.25,-39.32761
1387232187.5,-39.3219
1387232343.75,-39.33342
1387232500.0,-39.34637
1387232656.25,-39.31206
1387232812.5,-39.33001
1387232968.75,-39.34309
1387233125.0,-39.32967
1387233281.25,-39.32692
1387233437.5,-39.30921
1387233593.75,-39.32623
1387233750.0,-39.32676
1387233906.25,-39.32421
1387234062.5,-39.31914
1387234218.75,-39.33259
1387234375.0,-39.32212
1387234531.25,-39.31967
1387234687.5,-39.31869
1387234843.75,-39.31875
1387235000.0,-39.32107
1387235156.25,-39.31807
1387235312.5,-39.32224
1387235468.75,-39.33295
1387235625.0,-39.32687
1387235781.25,-39.33083
1387235937.5,-39.31776
1387236093.75,-39.32809
1387236250.0,-39.32436
1387236406.25,-39.32632
1387236562.5,-39.32098
1387236718.75,-39.29314
1387236875.0,-39.31895
1387237031.25,-39.31409
1387237187.5,-39.31628
1387237343.75,-39.32105
1387237500.0,-39.31711
1387237656.25,-39.30519
1387237812.5,-39.3221
1387237968.75,-39.30741
1387238125.0,-39.31251
1387238281.25,-39.29143
1387238437.5,-39.32205
1387238593.75,-39.31422
1387238750.0,-39.30165
1387238906.25,-39.32008
1387239062.5,-39.31812
1387239218.75,-39.31631
1387239375.0,-39.31934
1387239531.25,-39.296
1387239687.5,-39.31094
1387239843.75,-39.2938
1387240000.0,-39.32954
1387240156.25,-39.29946
1387240312.5,-39.32141
1387240468.75,-39.2984
1387240625.0,-39.30056
1387240781.25,-39.30759
1387240937.5,-39.29815
1387241093.75,-39.31235
1387241250.0,-39.30897
1387241406.25,-39.29356
1387241562.5,-39.28443
1387241718.75,-39.29548
1387241875.0,-39.31136
1387242031.25,-39.29206
1387242187.5,-39.29551
1387242343.75,-39.28477
1387242500.0,-39.31007
1387242656.25,-39.31721
1387242812.5,-39.30345
1387242968.75,-39.28518
1387243125.0,-39.29813
1387243281.25,-39.30719
1387243437.5,-39.30363
1387243593.75,-39.28884
1387243750.0,-39.31309
1387243906.25,-39.29819
1387244062.5,-39.29266
1387244218.75,-39.2853
1387244375.0,-39.30904
1387244531.25,-39.30614
1387244687.5,-39.28129
1387244843.75,-39.28794
1387245000.0,-39.31127
1387245156.25,-39.29346
1387245312.5,-39.30198
1387245468.75,-39.29893
1387245625.0,-39.27585
1387245781.25,-39.29343
1387245937.5,-39.28189
1387246093.75,-39.28643
1387246250.0,-39.27663
1387246406.25,-39.29537
1387246562.5,-39.29
1387246718.75,-39.29889
1387246875.0,-39.2874
1387247031.25,-39.28657
1387247187.5,-39.28122
1387247343.75,-39.29607
1387247500.0,-39.28554
1387247656.25,-39.27909
1387247812.5,-39.28054
1387247968.75,-39.28492
1387248125.0,-39.27283
1387248281.25,-39.27379
1387248437.5,-39.2623
1387248593.75,-39.27884
1387248750.0,-39.29586
1387248906.25,-39.28238
1387249062.5,-39.29163
1387249218.75,-39.28425
1387249375.0,-39.28421
1387249531.25,-39.27822
1387249687.5,-39.27713
1387249843.75,-39.27856
1387250000.0,-39.26859
1387250156.25,-39.27932
1387250312.5,-39.28286
1387250468.75,-39.25725
1387250625.0,-39.27419
1387250781.25,-39.2782
1387250937.5,-39.27652
1387251093.75,-39.28075
1387251250.0,-39.26299
1387251406.25,-39.24899
1387251562.5,-39.27795
1387251718.75,-39.28019
1387251875.0,-39.27016
1387252031.25,-39.27247
1387252187.5,-39.26413
1387252343.75,-39.27244
1387252500.0,-39.26334
1387252656.25,-39.27182
1387252812.5,-39.26757
1387252968.75,-39.26648
1387253125.0,-39.26995
1387253281.25,-39.26427
1387253437.5,-39.27467
1387253593.75,-39.26305
1387253750.0,-39.26141
1387253906.25,-39.26757
1387254062.5,-39.26247
1387254218.75,-39.2653
1387254375.0,-39.24894
1387254531.25,-39.27313
1387254687.5,-39.27282
1387254843.75,-39.25703
1387255000.0,-39.26836
1387255156.25,-39.26352
1387255312.5,-39.24481
1387255468.75,-39.28055
1387255625.0,-39.2462
1387255781.25,-39.26359
1387255937.5,-39.2594
1387256093.75,-39.26419
1387256250.0,-39.27107
1387256406.25,-39.25736
1387256562.5,-39.27269
1387256718.75,-39.26045
1387256875.0,-39.26798
1387257031.25,-39.24136
1387257187.5,-39.25867
1387257343.75,-39.2508
1387257500.0,-39.26059
1387257656.25,-39.26571
1387257812.5,-39.26076
1387257968.75,-39.25058
1387258125.0,-39.2684
1387258281.25,-39.25451
1387258437.5,-39.24451
1387258593.75,-39.25719
1387258750.0,-39.24454
1387258906.25,-39.2607
1387259062.5,-39.23653
1387259218.75,-39.25244
1387259375.0,-39.26247
1387259531.25,-39.2487
1387259687.5,-39.26763
1387259843.75,-39.24361
1387260000.0,-39.25255
1387260156.25,-39.24051
1387260312.5,-39.23935
1387260468.75,-39.24965
1387260625.0,-39.24849
1387260781.25,-39.23896
1387260937.5,-39.25247
1387261093.75,-39.23973
1387261250.0,-39.23897
1387261406.25,-39.24356
1387261562.5,-39.24908
1387261718.75,-39.24984
1387261875.0,-39.2489
1387262031.25,-39.24151
1387262187.5,-39.23535
1387262343.75,-39.24069
1387262500.0,-39.24551
1387262656.25,-39.23742
1387262812.5,-39.24554
1387262968.75,-39.23356
1387263125.0,-39.2322
1387263281.25,-39.2391
1387263437.5,-39.23354
1387263593.75,-39.24282
1387263750.0,-39.23985
1387263906.25,-39.24846
1387264062.5,-39.23057
1387264218.75,-39.23475
1387264375.0,-39.24694
1387264531.25,-39.24221
1387264687.5,-39.23032
1387264843.75,-39.24115
1387265000.0,-39.24202
1387265156.25,-39.23263
1387265312.5,-39.22828
1387265468.75,-39.24003
1387265625.0,-39.23144
1387265781.25,-39.23767
1387265937.5,-39.22831
1387266093.75,-39.24978
1387266250.0,-39.23929
1387266406.25,-39.23627
1387266562.5,-39.23782
1387266718.75,-39.22037
1387266875.0,-39.22749
1387267031.25,-39.22617
1387267187.5,-39.23878
1387267343.75,-39.22206
1387267500.0,-39.21984
1387267656.25,-39.22417
1387267812.5,-39.21336
1387267968.75,-39.22893
1387268125.0,-39.23413
1387268281.25,-39.22241
1387268437.5,-39.22348
1387268593.75,-39.22349
1387268750.0,-39.21926
1387268906.25,-39.22604
1387269062.5,-39.21795
1387269218.75,-39.22975
1387269375.0,-39.23255
1387269531.25,-39.22445
1387269687.5,-39.21809
1387269843.75,-39.21724
1387270000.0,-39.21605
1387270156.25,-39.22667
1387270312.5,-39.2199
1387270468.75,-39.21707
1387270625.0,-39.2255
1387270781.25,-39.21063
1387270937.5,-39.22083
1387271093.75,-39.21542
1387271250.0,-39.20746
1387271406.25,-39.21748
1387271562.5,-39.20198
1387271718.75,-39.22775
1387271875.0,-39.20478
1387272031.25,-39.22346
1387272187.5,-39.22491
1387272343.75,-39.21223
1387272500.0,-39.20807
1387272656.25,-39.20998
1387272812.5,-39.2061
1387272968.75,-39.20829
1387273125.0,-39.20906
1387273281.25,-39.2049
1387273437.5,-39.2088
1387273593.75,-39.20685
1387273750.0,-39.19773
1387273906.25,-39.19904
1387274062.5,-39.19936
1387274218.75,-39.20287
1387274375.0,-39.21048
1387274531.25,-39.21667
1387274687.5,-39.21656
1387274843.75,-39.20623
1387275000.0,-39.21288
1387275156.25,-39.21419
1387275312.5,-39.20783
1387275468.75,-39.20063
1387275625.0,-39.2027
1387275781.25,-39.21545
1387275937.5,-39.19344
1387276093.75,-39.19643
1387276250.0,-39.20335
1387276406.25,-39.18665
1387276562.5,-39.20447
1387276718.75,-39.19976
1387276875.0,-39.17867
1387277031.25,-39.19937
1387277187.5,-39.19732
1387277343.75,-39.20732
1387277500.0,-39.18985
1387277656.25,-39.19455
1387277812.5,-39.19823
1387277968.75,-39.18738
1387278125.0,-39.20372
1387278281.25,-39.19929
1387278437.5,-39.20002
1387278593.75,-39.21004
1387278750.0,-39.19016
1387278906.25,-39.20133
1387279062.5,-39.18452
1387279218.75,-39.18375
1387279375.0,-39.19487
1387279531.25,-39.2002
1387279687.5,-39.20234
1387279843.75,-39.19461
1387280000.0,-39.19022
1387280156.25,-39.18842
1387280312.5,-39.19216
1387280468.75,-39.19633
1387280625.0,-39.19347
1387280781.25,-39.17476
1387280937.5,-39.1897
1387281093.75,-39.19502
1387281250.0,-39.18265
1387281406.25,-39.19963
1387281562.5,-39.18317
1387281718.75,-39.18509
1387281875.0,-39.18769
1387282031.25,-39.1813
1387282187.5,-39.18364
1387282343.75,-39.17573
1387282500.0,-39.17799
1387282656.25,-39.19002
1387282812.5,-39.1852
1387282968.75,-39.18616
1387283125.0,-39.18024
1387283281.25,-39.17684
1387283437.5,-39.16048
1387283593.75,-39.17315
1387283750.0,-39.16463
1387283906.25,-39.18903
1387284062.5,-39.18024
1387284218.75,-39.17296
1387284375.0,-39.17044
1387284531.25,-39.18436
1387284687.5,-39.17455
1387284843.75,-39.18464
1387285000.0,-39.17257
1387285156.25,-39.1798
1387285312.5,-39.17076
1387285468.75,-39.17159
1387285625.0,-39.17379
1387285781.25,-39.17347
1387285937.5,-39.17323
1387286093.75,-39.16966
1387286250.0,-39.16606
1387286406.25,-39.16758
1387286562.5,-39.1727
1387286718.75,-39.18565
1387286875.0,-39.16871
1387287031.25,-39.1785
1387287187.5,-39.1743
1387287343.75,-39.1535
1387287500.0,-39.15339
1387287656.25,-39.16449
1387287812.5,-39.16525
1387287968.75,-39.16304
1387288125.0,-39.15152
1387288281.25,-39.16383
1387288437.5,-39.15103
1387288593.75,-39.1657
1387288750.0,-39.16553
1387288906.25,-39.15924
1387289062.5,-39.1718
1387289218.75,-39.15177
1387289375.0,-39.1637
1387289531.25,-39.17419
1387289687.5,-39.16253
1387289843.75,-39.15255
1387290000.0,-39.16374
1387290156.25,-39.16372
1387290312.5,-39.15729
1387290468.75,-39.15623
1387290625.0,-39.15048
1387290781.25,-39.16339
1387290937.5,-39.15585
1387291093.75,-39.17679
1387291250.0,-39.15146
1387291406.25,-39.16945
1387291562.5,-39.16788
1387291718.75,-39.15725
1387291875.0,-39.15639
1387292031.25,-39.16315
1387292187.5,-39.1585
1387292343.75,-39.16415
1387292500.0,-39.15757
1387292656.25,-39.16942
1387292812.5,-39.15853
1387292968.75,-39.14338
1387293125.0,-39.14633
1387293281.25,-39.13908
1387293437.5,-39.15184
1387293593.75,-39.16465
1387293750.0,-39.14504
1387293906.25,-39.15449
1387294062.5,-39.15719
1387294218.75,-39.14721
1387294375.0,-39.13921
1387294531.25,-39.15329
1387294687.5,-39.14462
1387294843.75,-39.14845
1387295000.0,-39.15031
1387295156.25,-39.13953
1387295312.5,-39.13071
1387295468.75,-39.14091
1387295625.0,-39.13453
1387295781.25,-39.14198
1387295937.5,-39.15306
1387296093.75,-39.13462
1387296250.0,-39.14225
1387296406.25,-39.13548
1387296562.5,-39.1438
1387296718.75,-39.12917
1387296875.0,-39.12452
1387297031.25,-39.15055
1387297187.5,-39.13331
1387297343.75,-39.13673
1387297500.0,-39.15414
1387297656.25,-39.14418
1387297812.5,-39.13725
1387297968.75,-39.13658
1387298125.0,-39.12946
1387298281.25,-39.14297
1387298437.5,-39.13713
1387298593.75,-39.14385
1387298750.0,-39.1216
1387298906.25,-39.12339
1387299062.5,-39.13322
1387299218.75,-39.14366
1387299375.0,-39.12674
1387299531.25,-39.13664
1387299687.5,-39.14705
1387299843.75,-39.13281
1387300000.0,-39.13511
1387300156.25,-39.1214
1387300312.5,-39.13452
1387300468.75,-39.14232
1387300625.0,-39.13161
1387300781.25,-39.1374
1387300937.5,-39.12553
1387301093.75,-39.12884
1387301250.0,-39.13345
1387301406.25,-39.1311
1387301562.5,-39.12795
1387301718.75,-39.11595
1387301875.0,-39.13792
1387302031.25,-39.13113
1387302187.5,-39.13145
1387302343.75,-39.12757
1387302500.0,-39.12469
1387302656.25,-39.13109
1387302812.5,-39.12331
1387302968.75,-39.13322
1387303125.0,-39.12334
1387303281.25,-39.12883
1387303437.5,-39.11916
1387303593.75,-39.11843
1387303750.0,-39.1142
1387303906.25,-39.10735
1387304062.5,-39.12033
1387304218.75,-39.11509
1387304375.0,-39.11843
1387304531.25,-39.12429
1387304687.5,-39.13017
1387304843.75,-39.10771
1387305000.0,-39.10962
1387305156.25,-39.11695
1387305312.5,-39.1058
1387305468.75,-39.12841
1387305625.0,-39.10575
1387305781.25,-39.11831
1387305937.5,-39.12514
1387306093.75,-39.12414
1387306250.0,-39.09924
1387306406.25,-39.12236
1387306562.5,-39.11925
1387306718.75,-39.09945
1387306875.0,-39.12103
1387307031.25,-39.10702
1387307187.5,-39.11874
1387307343.75,-39.11953
1387307500.0,-39.1095
1387307656.25,-39.10458
1387307812.5,-39.12032
1387307968.75,-39.10116
1387308125.0,-39.12003
1387308281.25,-39.09972
1387308437.5,-39.11054
1387308593.75,-39.10523
1387308750.0,-39.10318
1387308906.25,-39.12401
1387309062.5,-39.09739
1387309218.75,-39.09345
1387309375.0,-39.10768
1387309531.25,-39.113
1387309687.5,-39.10441
1387309843.75,-39.10269
1387310000.0,-39.11051
1387310156.25,-39.10195
1387310312.5,-39.10456
1387310468.75,-39.10007
1387310625.0,-39.08742
1387310781.25,-39.09852
1387310937.5,-39.09037
1387311093.75,-39.11001
1387311250.0,-39.1041
1387311406.25,-39.10152
1387311562.5,-39.09953
1387311718.75,-39.11314
1387311875.0,-39.10205
1387312031.25,-39.10089
1387312187.5,-39.09903
1387312343.75,-39.10028
1387312500.0,-39.09379
1387312656.25,-39.08536
1387312812.5,-39.10363
1387312968.75,-39.09576
1387313125.0,-39.08372
1387313281.25,-39.10521
1387313437.5,-39.08919
1387313593.75,-39.0954
1387313750.0,-39.09591
1387313906.25,-39.09079
1387314062.5,-39.08871
1387314218.75,-39.0917
1387314375.0,-39.10517
1387314531.25,-39.08843
1387314687.5,-39.10794
1387314843.75,-39.08839
1387315000.0,-39.10004
1387315156.25,-39.08447
1387315312.5,-39.09247
1387315468.75,-39.08876
1387315625.0,-39.08547
1387315781.25,-39.0857
1387315937.5,-39.08372
1387316093.75,-39.1043
1387316250.0,-39.0761
1387316406.25,-39.07155
1387316562.5,-39.09109
1387316718.75,-39.09708
1387316875.0,-39.07928
1387317031.25,-39.08668
1387317187.5,-39.07997
1387317343.75,-39.08027
1387317500.0,-39.07404
1387317656.25,-39.06886
1387317812.5,-39.08579
1387317968.75,-39.07156
1387318125.0,-39.07671
1387318281.25,-39.08517
1387318437.5,-39.06853
1387318593.75,-39.07234
1387318750.0,-39.09204
1387318906.25,-39.0801
1387319062.5,-39.07249
1387319218.75,-39.09076
1387319375.0,-39.07737
1387319531.25,-39.0832
1387319687.5,-39.06042
1387319843.75,-39.07581
1387320000.0,-39.07129
1387320156.25,-39.07381
1387320312.5,-39.06382
1387320468.75,-39.0729
1387320625.0,-39.07093
1387320781.25,-39.08852
1387320937.5,-39.07063
1387321093.75,-39.05606
1387321250.0,-39.0737
1387321406.25,-39.07079
1387321562.5,-39.09229
1387321718.75,-39.06895
1387321875.0,-39.07101
1387322031.25,-39.08091
1387322187.5,-39.07055
1387322343.75,-39.0536
1387322500.0,-39.08157
1387322656.25,-39.07059
1387322812.5,-39.07446
1387322968.75,-39.06982
1387323125.0,-39.05948
1387323281.25,-39.06214
1387323437.5,-39.07339
1387323593.75,-39.06923
1387323750.0,-39.06928
1387323906.25,-39.07415
1387324062.5,-39.07273
1387324218.75,-39.06285
1387324375.0,-39.06299
1387324531.25,-39.06651
1387324687.5,-39.05578
1387324843.75,-39.05023
1387325000.0,-39.05472
1387325156.25,-39.05132
1387325312.5,-39.05185
1387325468.75,-39.06609
1387325625.0,-39.04617
1387325781.25,-39.04914
1387325937.5,-39.05169
1387326093.75,-39.06092
1387326250.0,-39.07082
1387326406.25,-39.04763
1387326562.5,-39.04147
1387326718.75,-39.05028
1387326875.0,-39.04844
1387327031.25,-39.05886
1387327187.5,-39.05927
1387327343.75,-39.03382
1387327500.0,-39.05679
1387327656.25,-39.0564
1387327812.5,-39.04197
1387327968.75,-39.04996
1387328125.0,-39.04606
1387328281.25,-39.0494
1387328437.5,-39.04137
1387328593.75,-39.06112
1387328750.0,-39.05706
1387328906.25,-39.03412
1387329062.5,-39.04167
1387329218.75,-39.05308
1387329375.0,-39.04625
1387329531.25,-39.04964
1387329687.5,-39.05662
1387329843.75,-39.05207
1387330000.0,-39.0423
1387330156.25,-39.04649
1387330312.5,-39.03853
1387330468.75,-39.02814
1387330625.0,-39.06192
1387330781.25,-39.03839
1387330937.5,-39.04351
1387331093.75,-39.02936
1387331250.0,-39.05196
1387331406.25,-39.02946
1387331562.5,-39.04556
1387331718.75,-39.02836
1387331875.0,-39.03984
1387332031.25,-39.03597
1387332187.5,-39.03239
1387332343.75,-39.04346
1387332500.0,-39.03754
1387332656.25,-39.03998
1387332812.5,-39.04274
1387332968.75,-39.03329
1387333125.0,-39.03502
1387333281.25,-39.03952
1387333437.5,-39.02906
1387333593.75,-39.02156
1387333750.0,-39.01419
1387333906.25,-39.01886
1387334062.5,-39.02306
1387334218.75,-39.05003
1387334375.0,-39.02901
1387334531.25,-39.04155
1387334687.5,-39.02903
1387334843.75,-39.04486
1387335000.0,-39.038
1387335156.25,-39.02822
1387335312.5,-39.03579
1387335468.75,-39.0366
1387335625.0,-39.03001
1387335781.25,-39.03338
1387335937.5,-39.01093
1387336093.75,-39.03088
1387336250.0,-39.03061
1387336406.25,-39.02513
1387336562.5,-39.02499
1387336718.75,-39.0169
1387336875.0,-39.02017
1387337031.25,-39.0121
1387337187.5,-39.02658
1387337343.75,-39.01277
1387337500.0,-39.02172
1387337656.25,-39.03772
1387337812.5,-39.0121
1387337968.75,-39.01225
1387338125.0,-39.03099
1387338281.25,-39.04144
1387338437.5,-39.02562
1387338593.75,-39.01792
1387338750.0,-39.01787
1387338906.25,-39.01349
1387339062.5,-38.99442
1387339218.75,-39.01504
1387339375.0,-39.01957
1387339531.25,-39.01884
1387339687.5,-39.02675
1387339843.75,-39.00517
1387340000.0,-39.0173
1387340156.25,-39.00326
1387340312.5,-39.02008
1387340468.75,-39.01362
1387340625.0,-39.00433
1387340781.25,-39.01427
1387340937.5,-39.01308
1387341093.75,-39.01361
1387341250.0,-39.01738
1387341406.25,-39.01901
1387341562.5,-39.00236
1387341718.75,-39.0103
1387341875.0,-39.01794
1387342031.25,-39.01279
1387342187.5,-39.02485
1387342343.75,-38.99965
1387342500.0,-39.00315
1387342656.25,-39.00668
1387342812.5,-39.01602
1387342968.75,-39.00251
1387343125.0,-39.00281
1387343281.25,-39.00282
1387343437.5,-39.00802
1387343593.75,-38.99341
1387343750.0,-38.99841
1387343906.25,-39.00935
1387344062.5,-39.00401
1387344218.75,-38.99891
1387344375.0,-38.99908
1387344531.25,-39.00471
1387344687.5,-39.00863
1387344843.75,-39.00029
1387345000.0,-39.00342
1387345156.25,-38.98935
1387345312.5,-39.00858
1387345468.75,-38.9962
1387345625.0,-39.01091
1387345781.25,-38.99644
1387345937.5,-38.99634
1387346093.75,-39.00727
1387346250.0,-38.98742
1387346406.25,-39.0122
1387346562.5,-38.9985
1387346718.75,-38.99358
1387346875.0,-38.98674
1387347031.25,-38.99451
1387347187.5,-38.98072
1387347343.75,-39.00088
1387347500.0,-38.9835
1387347656.25,-38.99516
1387347812.5,-39.00013
1387347968.75,-38.99376
1387348125.0,-39.0005
1387348281.25,-38.99656
1387348437.5,-38.98586
1387348593.75,-38.98228
1387348750.0,-38.9896
1387348906.25,-38.98978
1387349062.5,-38.98544
1387349218.75,-38.98217
1387349375.0,-38.99407
1387349531.25,-38.98789
1387349687.5,-38.99012
1387349843.75,-38.98597
1387350000.0,-38.997
1387350156.25,-38.98514
1387350312.5,-38.98928
1387350468.75,-38.99137
1387350625.0,-38.99955
1387350781.25,-38.99056
1387350937.5,-38.98519
1387351093.75,-38.98748
1387351250.0,-38.9752
1387351406.25,-38.97807
1387351562.5,-38.98094
1387351718.75,-38.96649
1387351875.0,-38.97664
1387352031.25,-38.98559
1387352187.5,-38.98446
1387352343.75,-38.97443
1387352500.0,-38.98572
1387352656.25,-38.97997
1387352812.5,-38.97993
1387352968.75,-38.9842
1387353125.0,-38.98112
1387353281.25,-38.97013
1387353437.5,-38.97516
1387353593.75,-38.97273
1387353750.0,-38.97784
1387353906.25,-38.98829
1387354062.5,-38.98185
1387354218.75,-38.98109
1387354375.0,-38.963
1387354531.25,-38.97282
1387354687.5,-38.97057
1387354843.75,-38.95868
1387355000.0,-38.95986
1387355156.25,-38.9865
1387355312.5,-38.95945
1387355468.75,-38.95813
1387355625.0,-38.97511
1387355781.25,-38.96119
1387355937.5,-38.96172
1387356093.75,-38.97115
1387356250.0,-38.96695
1387356406.25,-38.96661
1387356562.5,-38.9569
1387356718.75,-38.96792
1387356875.0,-38.9828
1387357031.25,-38.97667
1387357187.5,-38.96099
1387357343.75,-38.96367
1387357500.0,-38.95461
1387357656.25,-38.97532
1387357812.5,-38.96322
1387357968.75,-38.96716
1387358125.0,-38.95342
1387358281.25,-38.96473
1387358437.5,-38.957
1387358593.75,-38.96088
1387358750.0,-38.95308
1387358906.25,-38.96794
1387359062.5,-38.95329
1387359218.75,-38.96893
1387359375.0,-38.9532
1387359531.25,-38.95927
1387359687.5,-38.96395
1387359843.75,-38.96172
1387360000.0,-38.94159
1387360156.25,-38.96005
1387360312.5,-38.95302
1387360468.75,-38.95996
1387360625.0,-38.9696
1387360781.25,-38.94896
1387360937.5,-38.95923
1387361093.75,-38.96244
1387361250.0,-38.95076
1387361406.25,-38.94561
1387361562.5,-38.96394
1387361718.75,-38.96408
1387361875.0,-38.95954
1387362031.25,-38.95154
1387362187.5,-38.94812
1387362343.75,-38.96352
1387362500.0,-38.94096
1387362656.25,-38.94838
1387362812.5,-38.9598
1387362968.75,-38.93574
1387363125.0,-38.96314
1387363281.25,-38.95196
1387363437.5,-38.92638
1387363593.75,-38.94595
1387363750.0,-38.94485
1387363906.25,-38.94545
1387364062.5,-38.9494
1387364218.75,-38.94559
1387364375.0,-38.9325
1387364531.25,-38.94755
1387364687.5,-38.9369
1387364843.75,-38.94294
1387365000.0,-38.9312
1387365156.25,-38.93885
1387365312.5,-38.92492
1387365468.75,-38.94102
1387365625.0,-38.94047
1387365781.25,-38.9414
1387365937.5,-38.93638
1387366093.75,-38.91997
1387366250.0,-38.9235
1387366406.25,-38.94596
1387366562.5,-38.92103
1387366718.75,-38.94017
1387366875.0,-38.93695
1387367031.25,-38.94533
1387367187.5,-38.93905
1387367343.75,-38.92446
1387367500.0,-38.93229
1387367656.25,-38.9356
1387367812.5,-38.94714
1387367968.75,-38.92822
1387368125.0,-38.92435
1387368281.25,-38.93313
1387368437.5,-38.92095
1387368593.75,-38.92581
1387368750.0,-38.9416
1387368906.25,-38.92088
1387369062.5,-38.9202
1387369218.75,-38.92735
1387369375.0,-38.92624
1387369531.25,-38.93029
1387369687.5,-38.91748
1387369843.75,-38.92667
1387370000.0,-38.93068
1387370156.25,-38.92713
1387370312.5,-38.92945
1387370468.75,-38.92015
1387370625.0,-38.90557
1387370781.25,-38.91779
1387370937.5,-38.91076
1387371093.75,-38.91685
1387371250.0,-38.91946
1387371406.25,-38.91496
1387371562.5,-38.92825
1387371718.75,-38.92402
1387371875.0,-38.93106
1387372031.25,-38.92652
1387372187.5,-38.91914
1387372343.75,-38.91811
1387372500.0,-38.92694
1387372656.25,-38.9058
1387372812.5,-38.9306
1387372968.75,-38.90653
1387373125.0,-38.92531
1387373281.25,-38.91696
1387373437.5,-38.90918
1387373593.75,-38.91499
1387373750.0,-38.91898
1387373906.25,-38.91307
1387374062.5,-38.91278
1387374218.75,-38.91835
1387374375.0,-38.92183
1387374531.25,-38.91129
1387374687.5,-38.90234
1387374843.75,-38.91196
1387375000.0,-38.90617
1387375156.25,-38.90577
1387375312.5,-38.91098
1387375468.75,-38.92378
1387375625.0,-38.91026
1387375781.25,-38.89848
1387375937.5,-38.90536
1387376093.75,-38.90987
1387376250.0,-38.91556
1387376406.25,-38.91485
1387376562.5,-38.9022
1387376718.75,-38.90477
1387376875.0,-38.9059
1387377031.25,-38.894
1387377187.5,-38.88931
1387377343.75,-38.90002
1387377500.0,-38.9008
1387377656.25,-38.88996
1387377812.5,-38.90435
1387377968.75,-38.88837
1387378125.0,-38.89092
1387378281.25,-38.92263
1387378437.5,-38.89855
1387378593.75,-38.90157
1387378750.0,-38.89414
1387378906.25,-38.90668
1387379062.5,-38.89793
1387379218.75,-38.90308
1387379375.0,-38.88269
1387379531.25,-38.88898
1387379687.5,-38.88668
1387379843.75,-38.90119
1387380000.0,-38.89899
1387380156.25,-38.9001
1387380312.5,-38.89523
1387380468.75,-38.90134
1387380625.0,-38.89995
1387380781.25,-38.89347
1387380937.5,-38.89391
1387381093.75,-38.89131
1387381250.0,-38.88104
1387381406.25,-38.89563
1387381562.5,-38.88014
1387381718.75,-38.88655
1387381875.0,-38.88807
1387382031.25,-38.8859
1387382187.5,-38.89175
1387382343.75,-38.88671
1387382500.0,-38.88151
1387382656.25,-38.88496
1387382812.5,-38.90226
1387382968.75,-38.88211
1387383125.0,-38.88151
1387383281.25,-38.8894
1387383437.5,-38.88356
1387383593.75,-38.90109
1387383750.0,-38.89218
1387383906.25,-38.88551
1387384062.5,-38.89108
1387384218.75,-38.87191
1387384375.0,-38.8842
1387384531.25,-38.8704
1387384687.5,-38.87401
1387384843.75,-38.87382
1387385000.0,-38.89201
1387385156.25,-38.89615
1387385312.5,-38.87207
1387385468.75,-38.87167
1387385625.0,-38.87669
1387385781.25,-38.8859
1387385937.5,-38.87676
1387386093.75,-38.87794
1387386250.0,-38.87797
1387386406.25,-38.86423
1387386562.5,-38.87528
1387386718.75,-38.8797
1387386875.0,-38.89537
1387387031.25,-38.86542
1387387187.5,-38.8679
1387387343.75,-38.86559
1387387500.0,-38.87654
1387387656.25,-38.87397
1387387812.5,-38.87679
1387387968.75,-38.87653
1387388125.0,-38.87194
1387388281.25,-38.87542
1387388437.5,-38.87817
1387388593.75,-38.88505
1387388750.0,-38.87609
1387388906.25,-38.88014
1387389062.5,-38.87013
1387389218.75,-38.86458
1387389375.0,-38.86928
1387389531.25,-38.86451
1387389687.5,-38.85712
1387389843.75,-38.86702
1387390000.0,-38.85626
1387390156.25,-38.86301
1387390312.5,-38.8616
1387390468.75,-38.87893
1387390625.0,-38.86556
1387390781.25,-38.8676
1387390937.5,-38.87641
1387391093.75,-38.84854
1387391250.0,-38.85925
1387391406.25,-38.87811
1387391562.5,-38.87046
1387391718.75,-38.86184
1387391875.0,-38.86144
1387392031.25,-38.86061
1387392187.5,-38.85273
1387392343.75,-38.83985
1387392500.0,-38.84074
1387392656.25,-38.85386
1387392812.5,-38.84565
1387392968.75,-38.85563
1387393125.0,-38.86145
1387393281.25,-38.85449
1387393437.5,-38.86051
1387393593.75,-38.84725
1387393750.0,-38.8531
1387393906.25,-38.85086
1387394062.5,-38.87364
1387394218.75,-38.85293
1387394375.0,-38.84979
1387394531.25,-38.84319
1387394687.5,-38.85067
1387394843.75,-38.8425
1387395000.0,-38.84827
1387395156.25,-38.85325
1387395312.5,-38.84535
1387395468.75,-38.82999
1387395625.0,-38.84108
1387395781.25,-38.85237
1387395937.5,-38.85537
1387396093.75,-38.84458
1387396250.0,-38.84845
1387396406.25,-38.84139
1387396562.5,-38.84312
1387396718.75,-38.8478
1387396875.0,-38.85522
1387397031.25,-38.84236
1387397187.5,-38.83853
1387397343.75,-38.83795
1387397500.0,-38.83486
1387397656.25,-38.83333
1387397812.5,-38.84747
1387397968.75,-38.84319
1387398125.0,-38.84265
1387398281.25,-38.84561
1387398437.5,-38.84545
1387398593.75,-38.83831
1387398750.0,-38.83514
1387398906.25,-38.84501
1387399062.5,-38.83277
1387399218.75,-38.82879
1387399375.0,-38.81392
1387399531.25,-38.8337
1387399687.5,-38.84606
1387399843.75,-38.83356
1387400000.0,-38.83739
1387400156.25,-38.83949
1387400312.5,-38.82725
1387400468.75,-38.83749
1387400625.0,-38.83003
1387400781.25,-38.84185
1387400937.5,-38.83708
1387401093.75,-38.83517
1387401250.0,-38.82526
1387401406.25,-38.82706
1387401562.5,-38.82297
1387401718.75,-38.84496
1387401875.0,-38.83795
1387402031.25,-38.84554
1387402187.5,-38.83584
1387402343.75,-38.82548
1387402500.0,-38.81293
1387402656.25,-38.81962
1387402812.5,-38.80954
1387402968.75,-38.82109
1387403125.0,-38.81885
1387403281.25,-38.835
1387403437.5,-38.8307
1387403593.75,-38.82895
1387403750.0,-38.82748
1387403906.25,-38.83481
1387404062.5,-38.82515
1387404218.75,-38.83425
1387404375.0,-38.82987
1387404531.25,-38.82296
1387404687.5,-38.82527
1387404843.75,-38.80491
1387405000.0,-38.81709
1387405156.25,-38.81608
1387405312.5,-38.81688
1387405468.75,-38.8217
1387405625.0,-38.81877
1387405781.25,-38.81531
1387405937.5,-38.80691
1387406093.75,-38.82335
1387406250.0,-38.8138
1387406406.25,-38.81295
1387406562.5,-38.81968
1387406718.75,-38.83265
1387406875.0,-38.81712
1387407031.25,-38.8161
1387407187.5,-38.82214
1387407343.75,-38.8159
1387407500.0,-38.8062
1387407656.25,-38.80238
1387407812.5,-38.81284
1387407968.75,-38.81217
1387408125.0,-38.81097
1387408281.25,-38.80686
1387408437.5,-38.80706
1387408593.75,-38.79983
1387408750.0,-38.79447
1387408906.25,-38.81667
1387409062.5,-38.81945
1387409218.75,-38.81247
1387409375.0,-38.8145
1387409531.25,-38.82192
1387409687.5,-38.80117
1387409843.75,-38.81029
1387410000.0,-38.81044
1387410156.25,-38.80089
1387410312.5,-38.8165
1387410468.75,-38.81663
1387410625.0,-38.80272
1387410781.25,-38.78789
1387410937.5,-38.80013
1387411093.75,-38.80895
1387411250.0,-38.81078
1387411406.25,-38.80383
1387411562.5,-38.78735
1387411718.75,-38.81022
1387411875.0,-38.79646
1387412031.25,-38.79567
1387412187.5,-38.80333
1387412343.75,-38.80656
1387412500.0,-38.79465
1387412656.25,-38.79625
1387412812.5,-38.80934
1387412968.75,-38.80233
1387413125.0,-38.79333
1387413281.25,-38.79869
1387413437.5,-38.80129
1387413593.75,-38.79625
1387413750.0,-38.79449
1387413906.25,-38.79528
1387414062.5,-38.79974
1387414218.75,-38.7947
1387414375.0,-38.80091
1387414531.25,-38.79427
1387414687.5,-38.79016
1387414843.75,-38.78174
1387415000.0,-38.78909
1387415156.25,-38.79346
1387415312.5,-38.78999
1387415468.75,-38.7958
1387415625.0,-38.78654
1387415781.25,-38.77263
1387415937.5,-38.78937
1387416093.75,-38.77853
1387416250.0,-38.77267
1387416406.25,-38.79124
1387416562.5,-38.79266
1387416718.75,-38.7918
1387416875.0,-38.77554
1387417031.25,-38.77853
1387417187.5,-38.7826
1387417343.75,-38.78724
1387417500.0,-38.78817
1387417656.25,-38.78067
1387417812.5,-38.76511
1387417968.75,-38.77998
1387418125.0,-38.78966
1387418281.25,-38.77627
1387418437.5,-38.78563
1387418593.75,-38.77477
1387418750.0,-38.77661
1387418906.25,-38.78244
1387419062.5,-38.7804
1387419218.75,-38.78455
1387419375.0,-38.779
1387419531.25,-38.77672
1387419687.5,-38.79634
1387419843.75,-38.77955
1387420000.0,-38.77131
1387420156.25,-38.77758
1387420312.5,-38.7857
1387420468.75,-38.77815
1387420625.0,-38.79544
1387420781.25,-38.77917
1387420937.5,-38.75742
1387421093.75,-38.76561
1387421250.0,-38.77542
1387421406.25,-38.7687
1387421562.5,-38.75727
1387421718.75,-38.7687
1387421875.0,-38.78185
1387422031.25,-38.7572
1387422187.5,-38.74935
1387422343.75,-38.76163
1387422500.0,-38.75982
1387422656.25,-38.76646
1387422812.5,-38.75642
1387422968.75,-38.7579
1387423125.0,-38.76787
1387423281.25,-38.76751
1387423437.5,-38.76617
1387423593.75,-38.77977
1387423750.0,-38.76341
1387423906.25,-38.77467
1387424062.5,-38.7442
1387424218.75,-38.75556
1387424375.0,-38.75145
1387424531.25,-38.75559
1387424687.5,-38.74208
1387424843.75,-38.74882
1387425000.0,-38.74865
1387425156.25,-38.76658
1387425312.5,-38.75736
1387425468.75,-38.75667
1387425625.0,-38.7604
1387425781.25,-38.75874
1387425937.5,-38.74935
1387426093.75,-38.76514
1387426250.0,-38.74225
1387426406.25,-38.7479
1387426562.5,-38.75394
1387426718.75,-38.75597
1387426875.0,-38.74917
1387427031.25,-38.7503
1387427187.5,-38.75707
1387427343.75,-38.75261
1387427500.0,-38.76327
1387427656.25,-38.74179
1387427812.5,-38.75731
1387427968.75,-38.738
1387428125.0,-38.74785
1387428281.25,-38.75881
1387428437.5,-38.76355
1387428593.75,-38.74175
1387428750.0,-38.74852
1387428906.25,-38.74927
1387429062.5,-38.73233
1387429218.75,-38.73926
1387429375.0,-38.75187
1387429531.25,-38.75271
1387429687.5,-38.75523
1387429843.75,-38.74942
1387430000.0,-38.75132
1387430156.25,-38.74207
1387430312.5,-38.72851
1387430468.75,-38.72509
1387430625.0,-38.74625
1387430781.25,-38.7338
1387430937.5,-38.76073
1387431093.75,-38.74214
1387431250.0,-38.72875
1387431406.25,-38.74256
1387431562.5,-38.75464
1387431718.75,-38.74657
1387431875.0,-38.73607
1387432031.25,-38.74081
1387432187.5,-38.74447
1387432343.75,-38.74335
1387432500.0,-38.73677
1387432656.25,-38.72709
1387432812.5,-38.74266
1387432968.75,-38.7217
1387433125.0,-38.73639
1387433281.25,-38.72544
1387433437.5,-38.74381
1387433593.75,-38.73698
1387433750.0,-38.74588
1387433906.25,-38.73253
1387434062.5,-38.73698
1387434218.75,-38.72546
1387434375.0,-38.72429
1387434531.25,-38.72871
1387434687.5,-38.72511
1387434843.75,-38.73035
1387435000.0,-38.7128
1387435156.25,-38.73951
1387435312.5,-38.72823
1387435468.75,-38.72452
1387435625.0,-38.7217
1387435781.25,-38.71793
1387435937.5,-38.72789
1387436093.75,-38.71997
1387436250.0,-38.72272
1387436406.25,-38.72731
1387436562.5,-38.73394
1387436718.75,-38.72066
1387436875.0,-38.70885
1387437031.25,-38.71453
1387437187.5,-38.71488
1387437343.75,-38.71472
1387437500.0,-38.7256
1387437656.25,-38.72961
1387437812.5,-38.72452
1387437968.75,-38.7093
1387438125.0,-38.72135
1387438281.25,-38.71674
1387438437.5,-38.72721
1387438593.75,-38.71214
1387438750.0,-38.73299
1387438906.25,-38.71085
1387439062.5,-38.71968
1387439218.75,-38.72514
1387439375.0,-38.70922
1387439531.25,-38.71114
1387439687.5,-38.71769
1387439843.75,-38.70617
1387440000.0,-38.72402
1387440156.25,-38.7132
1387440312.5,-38.70123
1387440468.75,-38.7086
1387440625.0,-38.70543
1387440781.25,-38.70877
1387440937.5,-38.71
1387441093.75,-38.70545
1387441250.0,-38.73444
1387441406.25,-38.70703
1387441562.5,-38.70418
1387441718.75,-38.70236
1387441875.0,-38.7141
1387442031.25,-38.70213
1387442187.5,-38.71526
1387442343.75,-38.70413
1387442500.0,-38.70979
1387442656.25,-38.69142
1387442812.5,-38.69621
1387442968.75,-38.70118
1387443125.0,-38.70087
1387443281.25,-38.70773
1387443437.5,-38.71865
1387443593.75,-38.70069
1387443750.0,-38.70853
1387443906.25,-38.69672
1387444062.5,-38.68849
1387444218.75,-38.70784
1387444375.0,-38.69912
1387444531.25,-38.70688
1387444687.5,-38.7155
1387444843.75,-38.70565
1387445000.0,-38.70166
1387445156.25,-38.70811
1387445312.5,-38.68834
1387445468.75,-38.70111
1387445625.0,-38.70704
1387445781.25,-38.68696
1387445937.5,-38.70487
1387446093.75,-38.69559
1387446250.0,-38.68776
1387446406.25,-38.68983
1387446562.5,-38.70103
1387446718.75,-38.69269
1387446875.0,-38.67601
1387447031.25,-38.69387
1387447187.5,-38.71538
1387447343.75,-38.70143
1387447500.0,-38.69788
1387447656.25,-38.69416
1387447812.5,-38.68902
1387447968.75,-38.69449
1387448125.0,-38.688
1387448281.25,-38.69024
1387448437.5,-38.69457
1387448593.75,-38.68524
1387448750.0,-38.67923
1387448906.25,-38.68653
1387449062.5,-38.67931
1387449218.75,-38.69677
1387449375.0,-38.69241
1387449531.25,-38.69191
1387449687.5,-38.68376
1387449843.75,-38.67857
1387450000.0,-38.67572
1387450156.25,-38.6841
1387450312.5,-38.69577
1387450468.75,-38.6769
1387450625.0,-38.67942
1387450781.25,-38.68992
1387450937.5,-38.68769
1387451093.75,-38.67948
1387451250.0,-38.66155
1387451406.25,-38.67483
1387451562.5,-38.68061
1387451718.75,-38.67107
1387451875.0,-38.67584
1387452031.25,-38.6738
1387452187.5,-38.66467
1387452343.75,-38.66762
1387452500.0,-38.64137
1387452656.25,-38.67158
1387452812.5,-38.66859
1387452968.75,-38.66731
1387453125.0,-38.68851
1387453281.25,-38.67533
1387453437.5,-38.67264
1387453593.75,-38.66801
1387453750.0,-38.67299
1387453906.25,-38.66473
1387454062.5,-38.67813
1387454218.75,-38.66324
1387454375.0,-38.6676
1387454531.25,-38.67907
1387454687.5,-38.67608
1387454843.75,-38.65639
1387455000.0,-38.67956
1387455156.25,-38.67504
1387455312.5,-38.68043
1387455468.75,-38.66351
1387455625.0,-38.66269
1387455781.25,-38.66533
1387455937.5,-38.65924
1387456093.75,-38.6564
1387456250.0,-38.66327
1387456406.25,-38.65299
1387456562.5,-38.65968
1387456718.75,-38.67228
1387456875.0,-38.67688
1387457031.25,-38.66689
1387457187.5,-38.65364
1387457343.75,-38.6705
1387457500.0,-38.66375
1387457656.25,-38.65163
1387457812.5,-38.64801
1387457968.75,-38.65443
1387458125.0,-38.6591
1387458281.25,-38.65465
1387458437.5,-38.65
1387458593.75,-38.64822
1387458750.0,-38.66364
1387458906.25,-38.6602
1387459062.5,-38.65746
1387459218.75,-38.65408
1387459375.0,-38.63936
1387459531.25,-38.64176
1387459687.5,-38.66579
1387459843.75,-38.64861
1387460000.0,-38.6582
1387460156.25,-38.64917
1387460312.5,-38.63723
1387460468.75,-38.64927
1387460625.0,-38.64305
1387460781.25,-38.64809
1387460937.5,-38.65288
1387461093.75,-38.67435
1387461250.0,-38.65385
1387461406.25,-38.63374
1387461562.5,-38.65562
1387461718.75,-38.65019
1387461875.0,-38.64414
1387462031.25,-38.64785
1387462187.5,-38.63472
1387462343.75,-38.63263
1387462500.0,-38.64366
1387462656.25,-38.65734
1387462812.5,-38.64237
1387462968.75,-38.64745
1387463125.0,-38.63993
1387463281.25,-38.62408
1387463437.5,-38.62536
1387463593.75,-38.64097
1387463750.0,-38.63459
1387463906.25,-38.64322
1387464062.5,-38.6438
1387464218.75,-38.63759
1387464375.0,-38.63794
1387464531.25,-38.64626
1387464687.5,-38.63877
1387464843.75,-38.62699
1387465000.0,-38.63794
1387465156.25,-38.64165
1387465312.5,-38.6464
1387465468.75,-38.63043
1387465625.0,-38.62818
1387465781.25,-38.64307
1387465937.5,-38.63195
1387466093.75,-38.63263
1387466250.0,-38.63749
1387466406.25,-38.63779
1387466562.5,-38.62658
1387466718.75,-38.62978
1387466875.0,-38.63272
1387467031.25,-38.64232
1387467187.5,-38.62616
1387467343.75,-38.63363
1387467500.0,-38.63538
1387467656.25,-38.63338
1387467812.5,-38.63852
1387467968.75,-38.62412
1387468125.0,-38.63441
1387468281.25,-38.62723
1387468437.5,-38.63507
1387468593.75,-38.63214
1387468750.0,-38.61859
1387468906.25,-38.61221
1387469062.5,-38.63264
1387469218.75,-38.61699
1387469375.0,-38.6225
1387469531.25,-38.61259
1387469687.5,-38.63806
1387469843.75,-38.61742
1387470000.0,-38.6399
1387470156.25,-38.6225
1387470312.5,-38.62524
1387470468.75,-38.62076
1387470625.0,-38.60992
1387470781.25,-38.6147
1387470937.5,-38.619
1387471093.75,-38.61275
1387471250.0,-38.61206
1387471406.25,-38.6133
1387471562.5,-38.62382
1387471718.75,-38.61248
1387471875.0,-38.62105
1387472031.25,-38.62357
1387472187.5,-38.60744
1387472343.75,-38.61228
1387472500.0,-38.61687
1387472656.25,-38.61008
1387472812.5,-38.61624
1387472968.75,-38.62058
1387473125.0,-38.61648
1387473281.25,-38.60889
1387473437.5,-38.5998
1387473593.75,-38.61259
1387473750.0,-38.61238
1387473906.25,-38.60502
1387474062.5,-38.60023
1387474218.75,-38.62325
1387474375.0,-38.62516
1387474531.25,-38.608
1387474687.5,-38.60702
1387474843.75,-38.60311
1387475000.0,-38.60653
1387475156.25,-38.61035
1387475312.5,-38.61351
1387475468.75,-38.59708
1387475625.0,-38.60108
1387475781.25,-38.60416
1387475937.5,-38.58325
1387476093.75,-38.59966
1387476250.0,-38.60775
1387476406.25,-38.60735
1387476562.5,-38.60318
1387476718.75,-38.60661
1387476875.0,-38.59958
1387477031.25,-38.58805
1387477187.5,-38.6069
1387477343.75,-38.58537
1387477500.0,-38.58654
1387477656.25,-38.59985
1387477812.5,-38.60186
1387477968.75,-38.58051
1387478125.0,-38.58512
1387478281.25,-38.59668
1387478437.5,-38.58527
1387478593.75,-38.5917
1387478750.0,-38.58784
1387478906.25,-38.58245
1387479062.5,-38.5913
1387479218.75,-38.58525
1387479375.0,-38.59465
1387479531.25,-38.58786
1387479687.5,-38.57776
1387479843.75,-38.59498
1387480000.0,-38.58615
1387480156.25,-38.58812
1387480312.5,-38.58752
1387480468.75,-38.58325
1387480625.0,-38.59737
1387480781.25,-38.59691
1387480937.5,-38.57995
1387481093.75,-38.60423
1387481250.0,-38.57483
1387481406.25,-38.58051
1387481562.5,-38.58914
1387481718.75,-38.586
1387481875.0,-38.58569
1387482031.25,-38.58429
1387482187.5,-38.58838
1387482343.75,-38.59371
1387482500.0,-38.58903
1387482656.25,-38.5867
1387482812.5,-38.58675
1387482968.75,-38.58112
1387483125.0,-38.58261
1387483281.25,-38.58506
1387483437.5,-38.59058
1387483593.75,-38.58477
1387483750.0,-38.58046
1387483906.25,-38.57457
1387484062.5,-38.58456
1387484218.75,-38.5825
1387484375.0,-38.57663
1387484531.25,-38.57676
1387484687.5,-38.56634
1387484843.75,-38.57492
1387485000.0,-38.56679
1387485156.25,-38.57013
1387485312.5,-38.57194
1387485468.75,-38.59066
1387485625.0,-38.59051
1387485781.25,-38.57848
1387485937.5,-38.55444
1387486093.75,-38.56673
1387486250.0,-38.57529
1387486406.25,-38.57087
1387486562.5,-38.5752
1387486718.75,-38.57005
1387486875.0,-38.56278
1387487031.25,-38.57016
1387487187.5,-38.56132
1387487343.75,-38.57193
1387487500.0,-38.56955
1387487656.25,-38.56703
1387487812.5,-38.57232
1387487968.75,-38.5663
1387488125.0,-38.56536
1387488281.25,-38.55899
1387488437.5,-38.57153
1387488593.75,-38.56193
1387488750.0,-38.55267
1387488906.25,-38.57413
1387489062.5,-38.55946
1387489218.75,-38.56297
1387489375.0,-38.5688
1387489531.25,-38.55071
1387489687.5,-38.56226
1387489843.75,-38.55358
1387490000.0,-38.55287
1387490156.25,-38.56166
1387490312.5,-38.5654
1387490468.75,-38.55437
1387490625.0,-38.55992
1387490781.25,-38.57012
1387490937.5,-38.56298
1387491093.75,-38.5486
1387491250.0,-38.55513
1387491406.25,-38.55243
1387491562.5,-38.56188
1387491718.75,-38.55
1387491875.0,-38.55016
1387492031.25,-38.55936
1387492187.5,-38.56239
1387492343.75,-38.55072
1387492500.0,-38.55988
1387492656.25,-38.55141
1387492812.5,-38.5395
1387492968.75,-38.5324
1387493125.0,-38.54487
1387493281.25,-38.54469
1387493437.5,-38.54647
1387493593.75,-38.54355
1387493750.0,-38.54605
1387493906.25,-38.54793
1387494062.5,-38.54761
1387494218.75,-38.55605
1387494375.0,-38.52274
1387494531.25,-38.54689
1387494687.5,-38.53027
1387494843.75,-38.53744
1387495000.0,-38.55392
1387495156.25,-38.53967
1387495312.5,-38.53267
1387495468.75,-38.54224
1387495625.0,-38.55298
1387495781.25,-38.53924
1387495937.5,-38.52811
1387496093.75,-38.54334
1387496250.0,-38.55024
1387496406.25,-38.53563
1387496562.5,-38.54036
1387496718.75,-38.5333
1387496875.0,-38.525
1387497031.25,-38.54843
1387497187.5,-38.5249
1387497343.75,-38.53218
1387497500.0,-38.52421
1387497656.25,-38.52886
1387497812.5,-38.52751
1387497968.75,-38.54331
1387498125.0,-38.53908
1387498281.25,-38.52845
1387498437.5,-38.53766
1387498593.75,-38.5331
1387498750.0,-38.52813
1387498906.25,-38.53764
1387499062.5,-38.5101
1387499218.75,-38.52918
1387499375.0,-38.5319
1387499531.25,-38.51633
1387499687.5,-38.53522
1387499843.75,-38.53178
1387500000.0,-38.53708
1387500156.25,-38.52026
1387500312.5,-38.53001
1387500468.75,-38.53042
1387500625.0,-38.51677
1387500781.25,-38.54766
1387500937.5,-38.51646
1387501093.75,-38.5288
1387501250.0,-38.53839
1387501406.25,-38.54178
1387501562.5,-38.52566
1387501718.75,-38.52409
1387501875.0,-38.52068
1387502031.25,-38.52612
1387502187.5,-38.53038
1387502343.75,-38.51692
1387502500.0,-38.51771
1387502656.25,-38.53003
1387502812.5,-38.52136
1387502968.75,-38.51525
1387503125.0,-38.51052
1387503281.25,-38.51151
1387503437.5,-38.50602
1387503593.75,-38.5078
1387503750.0,-38.52281
1387503906.25,-38.52043
1387504062.5,-38.52042
1387504218.75,-38.51641
1387504375.0,-38.52258
1387504531.25,-38.51308
1387504687.5,-38.52086
1387504843.75,-38.50933
1387505000.0,-38.51735
1387505156.25,-38.52788
1387505312.5,-38.50384
1387505468.75,-38.50793
1387505625.0,-38.51653
1387505781.25,-38.50629
1387505937.5,-38.51171
1387506093.75,-38.51584
1387506250.0,-38.48977
1387506406.25,-38.51095
1387506562.5,-38.49578
1387506718.75,-38.50513
1387506875.0,-38.51275
1387507031.25,-38.50196
1387507187.5,-38.49928
1387507343.75,-38.50296
1387507500.0,-38.50409
1387507656.25,-38.48909
1387507812.5,-38.50321
1387507968.75,-38.50573
1387508125.0,-38.50936
1387508281.25,-38.51482
1387508437.5,-38.49747
1387508593.75,-38.49785
1387508750.0,-38.51778
1387508906.25,-38.51253
1387509062.5,-38.49569
1387509218.75,-38.51028
1387509375.0,-38.48434
1387509531.25,-38.49346
1387509687.5,-38.49878
1387509843.75,-38.50724
1387510000.0,-38.50021
1387510156.25,-38.49822
1387510312.5,-38.50116
1387510468.75,-38.50067
1387510625.0,-38.49395
1387510781.25,-38.50173
1387510937.5,-38.49321
1387511093.75,-38.50068
1387511250.0,-38.49241
1387511406.25,-38.48695
1387511562.5,-38.49786
1387511718.75,-38.48479
1387511875.0,-38.48533
1387512031.25,-38.48762
1387512187.5,-38.4934
1387512343.75,-38.48989
1387512500.0,-38.49348
1387512656.25,-38.47813
1387512812.5,-38.48399
1387512968.75,-38.49596
1387513125.0,-38.47282
1387513281.25,-38.49212
1387513437.5,-38.50208
1387513593.75,-38.4863
1387513750.0,-38.48244
1387513906.25,-38.47442
1387514062.5,-38.48949
1387514218.75,-38.50182
1387514375.0,-38.47984
1387514531.25,-38.48301
1387514687.5,-38.48153
1387514843.75,-38.49052
1387515000.0,-38.4679
1387515156.25,-38.49179
1387515312.5,-38.47424
1387515468.75,-38.47813
1387515625.0,-38.4823
1387515781.25,-38.47474
1387515937.5,-38.47648
1387516093.75,-38.47343
1387516250.0,-38.4733
1387516406.25,-38.4831
1387516562.5,-38.46929
1387516718.75,-38.48326
1387516875.0,-38.47108
1387517031.25,-38.47745
1387517187.5,-38.47737
1387517343.75,-38.46276
1387517500.0,-38.47138
1387517656.25,-38.46651
1387517812.5,-38.46388
1387517968.75,-38.46667
1387518125.0,-38.46233
1387518281.25,-38.47149
1387518437.5,-38.47614
1387518593.75,-38.47255
1387518750.0,-38.47004
1387518906.25,-38.45337
1387519062.5,-38.45822
1387519218.75,-38.46273
1387519375.0,-38.48473
1387519531.25,-38.47437
1387519687.5,-38.45861
1387519843.75,-38.47672
1387520000.0,-38.4632
1387520156.25,-38.45314
1387520312.5,-38.48359
1387520468.75,-38.46075
1387520625.0,-38.46555
1387520781.25,-38.47549
1387520937.5,-38.46893
1387521093.75,-38.4645
1387521250.0,-38.44532
1387521406.25,-38.46529
1387521562.5,-38.47792
1387521718.75,-38.46668
1387521875.0,-38.45766
1387522031.25,-38.46946
1387522187.5,-38.46067
1387522343.75,-38.45554
1387522500.0,-38.44949
1387522656.25,-38.46085
1387522812.5,-38.45763
1387522968.75,-38.45779
1387523125.0,-38.44664
1387523281.25,-38.45521
1387523437.5,-38.44877
1387523593.75,-38.45138
1387523750.0,-38.45071
1387523906.25,-38.44381
1387524062.5,-38.4701
1387524218.75,-38.45613
1387524375.0,-38.45601
1387524531.25,-38.44664
1387524687.5,-38.44791
1387524843.75,-38.44714
1387525000.0,-38.45029
1387525156.25,-38.44552
1387525312.5,-38.4527
1387525468.75,-38.45555
1387525625.0,-38.44138
1387525781.25,-38.45388
1387525937.5,-38.44323
1387526093.75,-38.44206
1387526250.0,-38.4413
1387526406.25,-38.44259
1387526562.5,-38.44939
1387526718.75,-38.44926
1387526875.0,-38.44037
1387527031.25,-38.43944
1387527187.5,-38.43949
1387527343.75,-38.44144
1387527500.0,-38.44303
1387527656.25,-38.44815
1387527812.5,-38.43721
1387527968.75,-38.43689
1387528125.0,-38.44318
1387528281.25,-38.43627
1387528437.5,-38.42478
1387528593.75,-38.44196
1387528750.0,-38.44923
1387528906.25,-38.44206
1387529062.5,-38.45101
1387529218.75,-38.44291
1387529375.0,-38.4331
1387529531.25,-38.41747
1387529687.5,-38.44367
1387529843.75,-38.44567
1387530000.0,-38.42911
1387530156.25,-38.42913
1387530312.5,-38.44181
1387530468.75,-38.42588
1387530625.0,-38.42006
1387530781.25,-38.43214
1387530937.5,-38.43203
1387531093.75,-38.42738
1387531250.0,-38.44731
1387531406.25,-38.41283
1387531562.5,-38.411
1387531718.75,-38.42221
1387531875.0,-38.43194
1387532031.25,-38.41808
1387532187.5,-38.43407
1387532343.75,-38.43624
1387532500.0,-38.42159
1387532656.25,-38.4328
1387532812.5,-38.4135
1387532968.75,-38.41444
1387533125.0,-38.43054
1387533281.25,-38.42206
1387533437.5,-38.42449
1387533593.75,-38.43458
1387533750.0,-38.4191
1387533906.25,-38.43386
1387534062.5,-38.43105
1387534218.75,-38.41903
1387534375.0,-38.42902
1387534531.25,-38.41605
1387534687.5,-38.42236
1387534843.75,-38.41477
1387535000.0,-38.42752
1387535156.25,-38.42738
1387535312.5,-38.42239
1387535468.75,-38.4199
1387535625.0,-38.4151
1387535781.25,-38.40478
1387535937.5,-38.40091
1387536093.75,-38.43867
1387536250.0,-38.40854
1387536406.25,-38.41932
1387536562.5,-38.40857
1387536718.75,-38.3988
1387536875.0,-38.39495
1387537031.25,-38.39773
1387537187.5,-38.41731
1387537343.75,-38.4141
1387537500.0,-38.41209
1387537656.25,-38.41503
1387537812.5,-38.41109
1387537968.75,-38.42282
1387538125.0,-38.41608
1387538281.25,-38.4114
1387538437.5,-38.40409
1387538593.75,-38.41231
1387538750.0,-38.40769
1387538906.25,-38.40352
1387539062.5,-38.4009
1387539218.75,-38.40184
1387539375.0,-38.38959
1387539531.25,-38.40343
1387539687.5,-38.40977
1387539843.75,-38.40186
1387540000.0,-38.39624
1387540156.25,-38.39285
1387540312.5,-38.41174
1387540468.75,-38.40928
1387540625.0,-38.40155
1387540781.25,-38.39209
1387540937.5,-38.40347
1387541093.75,-38.40752
1387541250.0,-38.39745
1387541406.25,-38.39692
1387541562.5,-38.3893
1387541718.75,-38.38717
1387541875.0,-38.40508
1387542031.25,-38.39003
1387542187.5,-38.39222
1387542343.75,-38.40618
1387542500.0,-38.40904
1387542656.25,-38.41232
1387542812.5,-38.40504
1387542968.75,-38.38505
1387543125.0,-38.39558
1387543281.25,-38.38623
1387543437.5,-38.39504
1387543593.75,-38.40149
1387543750.0,-38.402
1387543906.25,-38.40025
1387544062.5,-38.3926
1387544218.75,-38.38969
1387544375.0,-38.40255
1387544531.25,-38.38811
1387544687.5,-38.38504
1387544843.75,-38.3802
1387545000.0,-38.38391
1387545156.25,-38.37821
1387545312.5,-38.38844
1387545468.75,-38.38356
1387545625.0,-38.38923
1387545781.25,-38.38108
1387545937.5,-38.36692
1387546093.75,-38.39156
1387546250.0,-38.38207
1387546406.25,-38.38756
1387546562.5,-38.3768
1387546718.75,-38.37554
1387546875.0,-38.37688
1387547031.25,-38.37036
1387547187.5,-38.38839
1387547343.75,-38.381
1387547500.0,-38.37239
1387547656.25,-38.37728
1387547812.5,-38.37349
1387547968.75,-38.36844
1387548125.0,-38.36267
1387548281.25,-38.38039
1387548437.5,-38.36344
1387548593.75,-38.37284
1387548750.0,-38.38022
1387548906.25,-38.38686
1387549062.5,-38.37589
1387549218.75,-38.36588
1387549375.0,-38.35975
1387549531.25,-38.38771
1387549687.5,-38.37223
1387549843.75,-38.36159
1387550000.0,-38.36869
1387550156.25,-38.36787
1387550312.5,-38.36672
1387550468.75,-38.36756
1387550625.0,-38.36798
1387550781.25,-38.35714
1387550937.5,-38.36541
1387551093.75,-38.36332
1387551250.0,-38.34847
1387551406.25,-38.36626
1387551562.5,-38.36536
1387551718.75,-38.35902
1387551875.0,-38.37352
1387552031.25,-38.35969
1387552187.5,-38.34919
1387552343.75,-38.37126
1387552500.0,-38.37138
1387552656.25,-38.37519
1387552812.5,-38.37693
1387552968.75,-38.35636
1387553125.0,-38.3604
1387553281.25,-38.35482
1387553437.5,-38.3526
1387553593.75,-38.3546
1387553750.0,-38.37299
1387553906.25,-38.36219
1387554062.5,-38.36851
1387554218.75,-38.36446
1387554375.0,-38.36617
1387554531.25,-38.36375
1387554687.5,-38.35122
1387554843.75,-38.36383
1387555000.0,-38.35471
1387555156.25,-38.35628
1387555312.5,-38.35874
1387555468.75,-38.34738
1387555625.0,-38.35153
1387555781.25,-38.33973
1387555937.5,-38.34271
1387556093.75,-38.35707
1387556250.0,-38.34767
1387556406.25,-38.35416
1387556562.5,-38.35008
1387556718.75,-38.34284
1387556875.0,-38.36107
1387557031.25,-38.35789
1387557187.5,-38.34037
1387557343.75,-38.33929
1387557500.0,-38.35154
1387557656.25,-38.35015
1387557812.5,-38.37088
1387557968.75,-38.35228
1387558125.0,-38.35809
1387558281.25,-38.34219
1387558437.5,-38.33876
1387558593.75,-38.34118
1387558750.0,-38.33286
1387558906.25,-38.33578
1387559062.5,-38.34256
1387559218.75,-38.35351
1387559375.0,-38.35743
1387559531.25,-38.34614
1387559687.5,-38.32835
1387559843.75,-38.32981
1387560000.0,-38.33927
1387560156.25,-38.32837
1387560312.5,-38.34436
1387560468.75,-38.33308
1387560625.0,-38.32004
1387560781.25,-38.33814
1387560937.5,-38.35167
1387561093.75,-38.34141
1387561250.0,-38.32569
1387561406.25,-38.33482
1387561562.5,-38.32663
1387561718.75,-38.34484
1387561875.0,-38.33662
1387562031.25,-38.33911
1387562187.5,-38.34168
1387562343.75,-38.34592
1387562500.0,-38.32661
1387562656.25,-38.32606
1387562812.5,-38.33027
1387562968.75,-38.32745
1387563125.0,-38.32259
1387563281.25,-38.33165
1387563437.5,-38.3285
1387563593.75,-38.33635
1387563750.0,-38.32946
1387563906.25,-38.31843
1387564062.5,-38.33107
1387564218.75,-38.32739
1387564375.0,-38.32671
1387564531.25,-38.33501
1387564687.5,-38.33713
1387564843.75,-38.33447
1387565000.0,-38.33792
1387565156.25,-38.32021
1387565312.5,-38.31884
1387565468.75,-38.32143
1387565625.0,-38.32742
1387565781.25,-38.3154
1387565937.5,-38.31577
1387566093.75,-38.3265
1387566250.0,-38.33286
1387566406.25,-38.32871
1387566562.5,-38.33029
1387566718.75,-38.31706
1387566875.0,-38.31408
1387567031.25,-38.32273
1387567187.5,-38.31834
1387567343.75,-38.31413
1387567500.0,-38.31234
1387567656.25,-38.32038
1387567812.5,-38.3148
1387567968.75,-38.31171
1387568125.0,-38.2981
1387568281.25,-38.30471
1387568437.5,-38.30155
1387568593.75,-38.32217
1387568750.0,-38.31568
1387568906.25,-38.30934
1387569062.5,-38.29489
1387569218.75,-38.30493
1387569375.0,-38.30116
1387569531.25,-38.29522
1387569687.5,-38.31217
1387569843.75,-38.31405
1387570000.0,-38.31337
1387570156.25,-38.29738
1387570312.5,-38.31586
1387570468.75,-38.29745
1387570625.0,-38.31234
1387570781.25,-38.31169
1387570937.5,-38.31327
1387571093.75,-38.31195
1387571250.0,-38.31816
1387571406.25,-38.30307
1387571562.5,-38.30624
1387571718.75,-38.29568
1387571875.0,-38.3052
1387572031.25,-38.29194
1387572187.5,-38.29411
1387572343.75,-38.29832
1387572500.0,-38.3006
1387572656.25,-38.30904
1387572812.5,-38.29865
1387572968.75,-38.29534
1387573125.0,-38.29916
1387573281.25,-38.29292
1387573437.5,-38.30115
1387573593.75,-38.2881
1387573750.0,-38.2856
1387573906.25,-38.2972
1387574062.5,-38.29508
1387574218.75,-38.29279
1387574375.0,-38.29136
1387574531.25,-38.29173
1387574687.5,-38.30391
1387574843.75,-38.29582
1387575000.0,-38.29443
1387575156.25,-38.28862
1387575312.5,-38.28365
1387575468.75,-38.30324
1387575625.0,-38.27875
1387575781.25,-38.29932
1387575937.5,-38.28085
1387576093.75,-38.27795
1387576250.0,-38.2935
1387576406.25,-38.28293
1387576562.5,-38.289
1387576718.75,-38.28306
1387576875.0,-38.28835
1387577031.25,-38.27668
1387577187.5,-38.28105
1387577343.75,-38.28698
1387577500.0,-38.28315
1387577656.25,-38.27166
1387577812.5,-38.28542
1387577968.75,-38.28403
1387578125.0,-38.27659
1387578281.25,-38.28427
1387578437.5,-38.29053
1387578593.75,-38.27034
1387578750.0,-38.26873
1387578906.25,-38.29151
1387579062.5,-38.28252
1387579218.75,-38.27515
1387579375.0,-38.27167
1387579531.25,-38.27747
1387579687.5,-38.26712
1387579843.75,-38.27445
1387580000.0,-38.2821
1387580156.25,-38.27652
1387580312.5,-38.27892
1387580468.75,-38.27112
1387580625.0,-38.27908
1387580781.25,-38.2536
1387580937.5,-38.27233
1387581093.75,-38.27498
1387581250.0,-38.26571
1387581406.25,-38.26832
1387581562.5,-38.27054
1387581718.75,-38.26465
1387581875.0,-38.26883
1387582031.25,-38.25993
1387582187.5,-38.26822
1387582343.75,-38.26669
1387582500.0,-38.2683
1387582656.25,-38.26583
1387582812.5,-38.27328
1387582968.75,-38.27587
1387583125.0,-38.24625
1387583281.25,-38.26189
1387583437.5,-38.26536
1387583593.75,-38.2482
1387583750.0,-38.26057
1387583906.25,-38.26047
1387584062.5,-38.25535
1387584218.75,-38.2599
1387584375.0,-38.27386
1387584531.25,-38.26539
1387584687.5,-38.26537
1387584843.75,-38.25018
1387585000.0,-38.26229
1387585156.25,-38.27001
1387585312.5,-38.25039
1387585468.75,-38.26582
1387585625.0,-38.25711
1387585781.25,-38.2632
1387585937.5,-38.24958
1387586093.75,-38.25169
1387586250.0,-38.25813
1387586406.25,-38.26357
1387586562.5,-38.26032
1387586718.75,-38.25057
1387586875.0,-38.24419
1387587031.25,-38.24519
1387587187.5,-38.25044
1387587343.75,-38.24995
1387587500.0,-38.25539
1387587656.25,-38.2618
1387587812.5,-38.24429
1387587968.75,-38.24016
1387588125.0,-38.25795
1387588281.25,-38.24918
1387588437.5,-38.23867
1387588593.75,-38.24602
1387588750.0,-38.24367
1387588906.25,-38.25172
1387589062.5,-38.25475
1387589218.75,-38.22885
1387589375.0,-38.23337
1387589531.25,-38.2584
1387589687.5,-38.24786
1387589843.75,-38.24442
1387590000.0,-38.24701
1387590156.25,-38.25261
1387590312.5,-38.23943
1387590468.75,-38.23036
1387590625.0,-38.24809
1387590781.25,-38.25136
1387590937.5,-38.22856
1387591093.75,-38.2337
1387591250.0,-38.22672
1387591406.25,-38.23555
1387591562.5,-38.21483
1387591718.75,-38.23896
1387591875.0,-38.23846
1387592031.25,-38.23591
1387592187.5,-38.22924
1387592343.75,-38.23822
1387592500.0,-38.23669
1387592656.25,-38.23997
1387592812.5,-38.23977
1387592968.75,-38.23264
1387593125.0,-38.24276
1387593281.25,-38.22052
1387593437.5,-38.23552
1387593593.75,-38.23991
1387593750.0,-38.22725
1387593906.25,-38.22368
1387594062.5,-38.23738
1387594218.75,-38.23818
1387594375.0,-38.23199
1387594531.25,-38.23233
1387594687.5,-38.23732
1387594843.75,-38.22133
1387595000.0,-38.22263
1387595156.25,-38.23176
1387595312.5,-38.22355
1387595468.75,-38.23512
1387595625.0,-38.21936
1387595781.25,-38.22129
1387595937.5,-38.22054
1387596093.75,-38.23084
1387596250.0,-38.23
1387596406.25,-38.23153
1387596562.5,-38.23324
1387596718.75,-38.22276
1387596875.0,-38.22336
1387597031.25,-38.2123
1387597187.5,-38.22836
1387597343.75,-38.22808
1387597500.0,-38.23421
1387597656.25,-38.21847
1387597812.5,-38.22526
1387597968.75,-38.20979
1387598125.0,-38.2149
1387598281.25,-38.20342
1387598437.5,-38.21619
1387598593.75,-38.21217
1387598750.0,-38.22698
1387598906.25,-38.22453
1387599062.5,-38.21088
1387599218.75,-38.21768
1387599375.0,-38.22361
1387599531.25,-38.21761
1387599687.5,-38.21073
1387599843.75,-38.19654
1387600000.0,-38.19837
1387600156.25,-38.20492
1387600312.5,-38.18909
1387600468.75,-38.21386
1387600625.0,-38.21025
1387600781.25,-38.21408
1387600937.5,-38.20762
1387601093.75,-38.19304
1387601250.0,-38.2106
1387601406.25,-38.20283
1387601562.5,-38.21666
1387601718.75,-38.20266
1387601875.0,-38.20312
1387602031.25,-38.20655
1387602187.5,-38.21478
1387602343.75,-38.20937
1387602500.0,-38.20221
1387602656.25,-38.20325
1387602812.5,-38.19424
1387602968.75,-38.19888
1387603125.0,-38.20968
1387603281.25,-38.19032
1387603437.5,-38.20052
1387603593.75,-38.20844
1387603750.0,-38.20479
1387603906.25,-38.19746
1387604062.5,-38.18727
1387604218.75,-38.1955
1387604375.0,-38.18965
1387604531.25,-38.20552
1387604687.5,-38.19475
1387604843.75,-38.1977
1387605000.0,-38.19371
1387605156.25,-38.19229
1387605312.5,-38.18651
1387605468.75,-38.17835
1387605625.0,-38.19305
1387605781.25,-38.19834
1387605937.5,-38.20098
1387606093.75,-38.17511
1387606250.0,-38.19017
1387606406.25,-38.17703
1387606562.5,-38.19642
1387606718.75,-38.18948
1387606875.0,-38.19103
1387607031.25,-38.17542
1387607187.5,-38.20243
1387607343.75,-38.18182
1387607500.0,-38.19191
1387607656.25,-38.18941
1387607812.5,-38.18573
1387607968.75,-38.19239
1387608125.0,-38.18068
1387608281.25,-38.18029
1387608437.5,-38.17167
1387608593.75,-38.18044
1387608750.0,-38.19284
1387608906.25,-38.19507
1387609062.5,-38.16624
1387609218.75,-38.18432
1387609375.0,-38.18118
1387609531.25,-38.18876
1387609687.5,-38.18519
1387609843.75,-38.18317
1387610000.0,-38.16918
1387610156.25,-38.18187
1387610312.5,-38.16692
1387610468.75,-38.18859
1387610625.0,-38.17368
1387610781.25,-38.1719
1387610937.5,-38.17937
1387611093.75,-38.17696
1387611250.0,-38.17715
1387611406.25,-38.17506
1387611562.5,-38.17249
1387611718.75,-38.18171
1387611875.0,-38.17442
1387612031.25,-38.16624
1387612187.5,-38.18015
1387612343.75,-38.16207
1387612500.0,-38.16297
1387612656.25,-38.16243
1387612812.5,-38.16919
1387612968.75,-38.16351
1387613125.0,-38.17838
1387613281.25,-38.15226
1387613437.5,-38.16769
1387613593.75,-38.1663
1387613750.0,-38.17495
1387613906.25,-38.16962
1387614062.5,-38.17332
1387614218.75,-38.16262
1387614375.0,-38.16368
1387614531.25,-38.16494
1387614687.5,-38.16362
1387614843.75,-38.16808
1387615000.0,-38.17033
1387615156.25,-38.16219
1387615312.5,-38.16442
1387615468.75,-38.15854
1387615625.0,-38.14864
1387615781.25,-38.16283
1387615937.5,-38.15521
1387616093.75,-38.15958
1387616250.0,-38.15351
1387616406.25,-38.16143
1387616562.5,-38.15541
1387616718.75,-38.15627
1387616875.0,-38.1452
1387617031.25,-38.15505
1387617187.5,-38.15758
1387617343.75,-38.14309
1387617500.0,-38.158
1387617656.25,-38.15315
1387617812.5,-38.14362
1387617968.75,-38.15807
1387618125.0,-38.15476
1387618281.25,-38.15907
1387618437.5,-38.15037
1387618593.75,-38.15181
1387618750.0,-38.15588
1387618906.25,-38.14167
1387619062.5,-38.14528
1387619218.75,-38.14082
1387619375.0,-38.14817
1387619531.25,-38.14222
1387619687.5,-38.15559
1387619843.75,-38.14166
1387620000.0,-38.15656
1387620156.25,-38.14564
1387620312.5,-38.13405
1387620468.75,-38.15382
1387620625.0,-38.14004
1387620781.25,-38.14431
1387620937.5,-38.14127
1387621093.75,-38.13517
1387621250.0,-38.14547
1387621406.25,-38.13475
1387621562.5,-38.13978
1387621718.75,-38.13897
1387621875.0,-38.12625
1387622031.25,-38.14171
1387622187.5,-38.13415
1387622343.75,-38.13189
1387622500.0,-38.13
1387622656.25,-38.13056
1387622812.5,-38.14757
1387622968.75,-38.13008
1387623125.0,-38.12361
1387623281.25,-38.13116
1387623437.5,-38.13506
1387623593.75,-38.12151
1387623750.0,-38.14061
1387623906.25,-38.14164
1387624062.5,-38.1485
1387624218.75,-38.14681
1387624375.0,-38.12312
1387624531.25,-38.14337
1387624687.5,-38.12383
1387624843.75,-38.13323
1387625000.0,-38.12574
1387625156.25,-38.13332
1387625312.5,-38.12463
1387625468.75,-38.13195
1387625625.0,-38.1172
1387625781.25,-38.13825
1387625937.5,-38.1237
1387626093.75,-38.13065
1387626250.0,-38.14321
1387626406.25,-38.12025
1387626562.5,-38.13093
1387626718.75,-38.12267
1387626875.0,-38.12514
1387627031.25,-38.12015
1387627187.5,-38.13182
1387627343.75,-38.12699
1387627500.0,-38.11282
1387627656.25,-38.13195
1387627812.5,-38.10693
1387627968.75,-38.12483
1387628125.0,-38.11842
1387628281.25,-38.10553
1387628437.5,-38.1159
1387628593.75,-38.12518
1387628750.0,-38.11713
1387628906.25,-38.10838
1387629062.5,-38.10608
1387629218.75,-38.1225
1387629375.0,-38.11563
1387629531.25,-38.12268
1387629687.5,-38.12627
1387629843.75,-38.10398
1387630000.0,-38.11214
1387630156.25,-38.11568
1387630312.5,-38.12134
1387630468.75,-38.11339
1387630625.0,-38.10379
1387630781.25,-38.09307
1387630937.5,-38.11029
1387631093.75,-38.09287
1387631250.0,-38.12238
1387631406.25,-38.10306
1387631562.5,-38.09804
1387631718.75,-38.10783
1387631875.0,-38.11661
1387632031.25,-38.09429
1387632187.5,-38.10799
1387632343.75,-38.10273
1387632500.0,-38.10876
1387632656.25,-38.10253
1387632812.5,-38.09342
1387632968.75,-38.11596
1387633125.0,-38.09594
1387633281.25,-38.10627
1387633437.5,-38.10382
1387633593.75,-38.10045
1387633750.0,-38.104
1387633906.25,-38.09855
1387634062.5,-38.09256
1387634218.75,-38.09717
1387634375.0,-38.0951
1387634531.25,-38.1009
1387634687.5,-38.10598
1387634843.75,-38.10507
1387635000.0,-38.09404
1387635156.25,-38.09152
1387635312.5,-38.09122
1387635468.75,-38.08683
1387635625.0,-38.10442
1387635781.25,-38.11299
1387635937.5,-38.1028
1387636093.75,-38.0862
1387636250.0,-38.09227
1387636406.25,-38.09269
1387636562.5,-38.08826
1387636718.75,-38.08303
1387636875.0,-38.10176
1387637031.25,-38.09139
1387637187.5,-38.08154
1387637343.75,-38.09808
1387637500.0,-38.09274
1387637656.25,-38.08074
1387637812.5,-38.09178
1387637968.75,-38.07806
1387638125.0,-38.0883
1387638281.25,-38.08047
1387638437.5,-38.09047
1387638593.75,-38.08163
1387638750.0,-38.08986
1387638906.25,-38.07597
1387639062.5,-38.08335
1387639218.75,-38.09447
1387639375.0,-38.07667
1387639531.25,-38.08827
1387639687.5,-38.08764
1387639843.75,-38.08207
1387640000.0,-38.09252
1387640156.25,-38.08224
1387640312.5,-38.07587
1387640468.75,-38.0848
1387640625.0,-38.0717
1387640781.25,-38.09076
1387640937.5,-38.06847
1387641093.75,-38.06794
1387641250.0,-38.0733
1387641406.25,-38.07293
1387641562.5,-38.07822
1387641718.75,-38.06892
1387641875.0,-38.07617
1387642031.25,-38.07332
1387642187.5,-38.07336
1387642343.75,-38.07267
1387642500.0,-38.08161
1387642656.25,-38.07549
1387642812.5,-38.07243
1387642968.75,-38.07953
1387643125.0,-38.07301
1387643281.25,-38.07361
1387643437.5,-38.06791
1387643593.75,-38.07378
1387643750.0,-38.08154
1387643906.25,-38.06884
1387644062.5,-38.07124
1387644218.75,-38.07372
1387644375.0,-38.06347
1387644531.25,-38.06709
1387644687.5,-38.06832
1387644843.75,-38.057
1387645000.0,-38.07088
1387645156.25,-38.06877
1387645312.5,-38.0606
1387645468.75,-38.04878
1387645625.0,-38.07263
1387645781.25,-38.0624
1387645937.5,-38.06146
1387646093.75,-38.05643
1387646250.0,-38.06113
1387646406.25,-38.05508
1387646562.5,-38.05097
1387646718.75,-38.0663
1387646875.0,-38.05849
1387647031.25,-38.06063
1387647187.5,-38.0584
1387647343.75,-38.05706
1387647500.0,-38.06472
1387647656.25,-38.05722
1387647812.5,-38.07013
1387647968.75,-38.04711
1387648125.0,-38.06066
1387648281.25,-38.05303
1387648437.5,-38.06049
1387648593.75,-38.04745
1387648750.0,-38.04915
1387648906.25,-38.05348
1387649062.5,-38.04445
1387649218.75,-38.06482
1387649375.0,-38.04566
1387649531.25,-38.04111
1387649687.5,-38.04897
1387649843.75,-38.04612
1387650000.0,-38.04716
1387650156.25,-38.04889
1387650312.5,-38.03285
1387650468.75,-38.04966
1387650625.0,-38.05107
1387650781.25,-38.03285
1387650937.5,-38.03602
1387651093.75,-38.02971
1387651250.0,-38.03291
1387651406.25,-38.03761
1387651562.5,-38.05362
1387651718.75,-38.04747
1387651875.0,-38.03992
1387652031.25,-38.03783
1387652187.5,-38.02655
1387652343.75,-38.02889
1387652500.0,-38.04343
1387652656.25,-38.04535
1387652812.5,-38.04247
1387652968.75,-38.03391
1387653125.0,-38.04538
1387653281.25,-38.03267
1387653437.5,-38.03686
1387653593.75,-38.03362
1387653750.0,-38.04029
1387653906.25,-38.02391
1387654062.5,-38.02349
1387654218.75,-38.02735
1387654375.0,-38.03574
1387654531.25,-38.02916
1387654687.5,-38.03625
1387654843.75,-38.02331
1387655000.0,-38.0361
1387655156.25,-38.03419
1387655312.5,-38.021
1387655468.75,-38.02827
1387655625.0,-38.04195
1387655781.25,-38.02781
1387655937.5,-38.01509
1387656093.75,-38.0336
1387656250.0,-38.0266
1387656406.25,-38.02238
1387656562.5,-38.02066
1387656718.75,-38.01396
1387656875.0,-38.02626
1387657031.25,-38.02987
1387657187.5,-38.02746
1387657343.75,-38.01474
1387657500.0,-38.02398
1387657656.25,-38.0324
1387657812.5,-38.0166
1387657968.75,-38.00969
1387658125.0,-38.02877
1387658281.25,-38.04032
1387658437.5,-38.01588
1387658593.75,-38.0098
1387658750.0,-38.01729
1387658906.25,-38.00997
1387659062.5,-38.01081
1387659218.75,-38.00686
1387659375.0,-38.01456
1387659531.25,-38.02094
1387659687.5,-38.02092
1387659843.75,-38.02357
1387660000.0,-38.00934
1387660156.25,-38.01023
1387660312.5,-38.01542
1387660468.75,-38.00859
1387660625.0,-38.01665
1387660781.25,-38.03162
1387660937.5,-37.99924
1387661093.75,-37.99641
1387661250.0,-38.0177
1387661406.25,-38.00187
1387661562.5,-38.00751
1387661718.75,-38.0133
1387661875.0,-38.00746
1387662031.25,-38.0172
1387662187.5,-38.00397
1387662343.75,-38.01026
1387662500.0,-38.0189
1387662656.25,-38.00555
1387662812.5,-38.00709
1387662968.75,-38.01093
1387663125.0,-38.00719
1387663281.25,-38.01039
1387663437.5,-37.99352
1387663593.75,-37.99379
1387663750.0,-37.99666
1387663906.25,-37.9966
1387664062.5,-37.99178
1387664218.75,-38.01192
1387664375.0,-37.99835
1387664531.25,-37.99336
1387664687.5,-38.00254
1387664843.75,-37.98896
1387665000.0,-38.00449
1387665156.25,-37.98204
1387665312.5,-37.99528
1387665468.75,-37.98545
1387665625.0,-38.00906
1387665781.25,-37.99211
1387665937.5,-37.99354
1387666093.75,-38.00803
1387666250.0,-37.98938
1387666406.25,-37.99301
1387666562.5,-37.9921
1387666718.75,-38.00009
1387666875.0,-37.98209
1387667031.25,-37.98503
1387667187.5,-37.99264
1387667343.75,-37.99239
1387667500.0,-37.99012
1387667656.25,-37.99895
1387667812.5,-37.99529
1387667968.75,-37.98392
1387668125.0,-37.98942
1387668281.25,-37.99082
1387668437.5,-37.98598
1387668593.75,-37.97955
1387668750.0,-37.97881
1387668906.25,-37.98658
1387669062.5,-37.98194
1387669218.75,-37.97583
1387669375.0,-37.9669
1387669531.25,-37.98369
1387669687.5,-37.99024
1387669843.75,-37.98051
1387670000.0,-37.97583
1387670156.25,-37.98497
1387670312.5,-37.98419
1387670468.75,-37.97749
1387670625.0,-37.98862
1387670781.25,-37.98638
1387670937.5,-37.98452
1387671093.75,-37.97313
1387671250.0,-37.96918
1387671406.25,-37.98275
1387671562.5,-37.97252
1387671718.75,-37.9838
1387671875.0,-37.9618
1387672031.25,-37.95463
1387672187.5,-37.98222
1387672343.75,-37.97129
1387672500.0,-37.9809
1387672656.25,-37.96913
1387672812.5,-37.96788
1387672968.75,-37.97574
1387673125.0,-37.95795
1387673281.25,-37.97691
1387673437.5,-37.9554
1387673593.75,-37.97454
1387673750.0,-37.95817
1387673906.25,-37.95959
1387674062.5,-37.97903
1387674218.75,-37.97406
1387674375.0,-37.96283
1387674531.25,-37.96532
1387674687.5,-37.96082
1387674843.75,-37.97353
1387675000.0,-37.97346
1387675156.25,-37.9784
1387675312.5,-37.96001
1387675468.75,-37.96095
1387675625.0,-37.97045
1387675781.25,-37.96487
1387675937.5,-37.9706
1387676093.75,-37.96402
1387676250.0,-37.9598
1387676406.25,-37.97534
1387676562.5,-37.95902
1387676718.75,-37.97555
1387676875.0,-37.9501
1387677031.25,-37.96866
1387677187.5,-37.9561
1387677343.75,-37.9499
1387677500.0,-37.96369
1387677656.25,-37.94985
1387677812.5,-37.96497
1387677968.75,-37.95217
1387678125.0,-37.96432
1387678281.25,-37.94757
1387678437.5,-37.94871
1387678593.75,-37.94537
1387678750.0,-37.94106
1387678906.25,-37.95231
1387679062.5,-37.95112
1387679218.75,-37.95993
1387679375.0,-37.95244
1387679531.25,-37.95246
1387679687.5,-37.96122
1387679843.75,-37.94634
1387680000.0,-37.94234
1387680156.25,-37.94928
1387680312.5,-37.95886
1387680468.75,-37.94843
1387680625.0,-37.93349
1387680781.25,-37.96158
1387680937.5,-37.92909
1387681093.75,-37.94134
1387681250.0,-37.9492
1387681406.25,-37.94368
1387681562.5,-37.94604
1387681718.75,-37.93959
1387681875.0,-37.94183
1387682031.25,-37.94622
1387682187.5,-37.95158
1387682343.75,-37.93633
1387682500.0,-37.93826
1387682656.25,-37.92564
1387682812.5,-37.94394
1387682968.75,-37.93605
1387683125.0,-37.9438
1387683281.25,-37.9356
1387683437.5,-37.93939
1387683593.75,-37.93576
1387683750.0,-37.93881
1387683906.25,-37.93055
1387684062.5,-37.94423
1387684218.75,-37.95405
1387684375.0,-37.92899
1387684531.25,-37.93431
1387684687.5,-37.92822
1387684843.75,-37.92251
1387685000.0,-37.93547
1387685156.25,-37.91632
1387685312.5,-37.93232
1387685468.75,-37.93227
1387685625.0,-37.92541
1387685781.25,-37.93056
1387685937.5,-37.92067
1387686093.75,-37.9165
1387686250.0,-37.92209
1387686406.25,-37.92173
1387686562.5,-37.93272
1387686718.75,-37.92593
1387686875.0,-37.92573
1387687031.25,-37.91985
1387687187.5,-37.93139
1387687343.75,-37.91949
1387687500.0,-37.92521
1387687656.25,-37.92
1387687812.5,-37.9262
1387687968.75,-37.92355
1387688125.0,-37.92229
1387688281.25,-37.93418
1387688437.5,-37.92322
1387688593.75,-37.91766
1387688750.0,-37.91064
1387688906.25,-37.93146
1387689062.5,-37.92078
1387689218.75,-37.91578
1387689375.0,-37.91833
1387689531.25,-37.91676
1387689687.5,-37.92961
1387689843.75,-37.92943
1387690000.0,-37.91327
1387690156.25,-37.91895
1387690312.5,-37.90443
1387690468.75,-37.91891
1387690625.0,-37.92119
1387690781.25,-37.91202
1387690937.5,-37.92249
1387691093.75,-37.9123
1387691250.0,-37.90138
1387691406.25,-37.90495
1387691562.5,-37.90819
1387691718.75,-37.90831
1387691875.0,-37.91574
1387692031.25,-37.90432
1387692187.5,-37.90931
1387692343.75,-37.90695
1387692500.0,-37.91767
1387692656.25,-37.91417
1387692812.5,-37.90606
1387692968.75,-37.90378
1387693125.0,-37.89855
1387693281.25,-37.91399
1387693437.5,-37.89553
1387693593.75,-37.91025
1387693750.0,-37.90506
1387693906.25,-37.90115
1387694062.5,-37.89135
1387694218.75,-37.8903
1387694375.0,-37.88423
1387694531.25,-37.90934
1387694687.5,-37.91072
1387694843.75,-37.89224
1387695000.0,-37.90118
1387695156.25,-37.89102
1387695312.5,-37.8957
1387695468.75,-37.89301
1387695625.0,-37.9023
1387695781.25,-37.90165
1387695937.5,-37.89765
1387696093.75,-37.90803
1387696250.0,-37.89873
1387696406.25,-37.8926
1387696562.5,-37.89174
1387696718.75,-37.87869
1387696875.0,-37.89429
1387697031.25,-37.89491
1387697187.5,-37.88427
1387697343.75,-37.8921
1387697500.0,-37.88919
1387697656.25,-37.89119
1387697812.5,-37.87904
1387697968.75,-37.87217
1387698125.0,-37.89158
1387698281.25,-37.87553
1387698437.5,-37.89693
1387698593.75,-37.89042
1387698750.0,-37.88062
1387698906.25,-37.89201
1387699062.5,-37.88801
1387699218.75,-37.88234
1387699375.0,-37.87959
1387699531.25,-37.88669
1387699687.5,-37.8904
1387699843.75,-37.88215
1387700000.0,-37.87892
1387700156.25,-37.8825
1387700312.5,-37.89208
1387700468.75,-37.88062
1387700625.0,-37.89011
1387700781.25,-37.88719
1387700937.5,-37.87938
1387701093.75,-37.87705
1387701250.0,-37.87709
1387701406.25,-37.88484
1387701562.5,-37.86514
1387701718.75,-37.89133
1387701875.0,-37.8815
1387702031.25,-37.8927
1387702187.5,-37.86788
1387702343.75,-37.87304
1387702500.0,-37.87632
1387702656.25,-37.87119
1387702812.5,-37.86464
1387702968.75,-37.86281
1387703125.0,-37.86507
1387703281.25,-37.86444
1387703437.5,-37.85472
1387703593.75,-37.85153
1387703750.0,-37.87347
1387703906.25,-37.86662
1387704062.5,-37.86444
1387704218.75,-37.86218
1387704375.0,-37.87031
1387704531.25,-37.86499
1387704687.5,-37.86523
1387704843.75,-37.8648
1387705000.0,-37.85474
1387705156.25,-37.86203
1387705312.5,-37.86966
1387705468.75,-37.86066
1387705625.0,-37.86147
1387705781.25,-37.85635
1387705937.5,-37.86123
1387706093.75,-37.86317
1387706250.0,-37.86138
1387706406.25,-37.83537
1387706562.5,-37.85891
1387706718.75,-37.84248
1387706875.0,-37.85461
1387707031.25,-37.84076
1387707187.5,-37.84668
1387707343.75,-37.8505
1387707500.0,-37.85421
1387707656.25,-37.84301
1387707812.5,-37.84808
1387707968.75,-37.8463
1387708125.0,-37.86047
1387708281.25,-37.85654
1387708437.5,-37.85273
1387708593.75,-37.85001
1387708750.0,-37.84503
1387708906.25,-37.84645
1387709062.5,-37.84184
1387709218.75,-37.85923
1387709375.0,-37.85562
1387709531.25,-37.85302
1387709687.5,-37.84774
1387709843.75,-37.83934
1387710000.0,-37.84604
1387710156.25,-37.85949
1387710312.5,-37.83548
1387710468.75,-37.8352
1387710625.0,-37.85229
1387710781.25,-37.83608
1387710937.5,-37.85003
1387711093.75,-37.85136
1387711250.0,-37.84955
1387711406.25,-37.84909
1387711562.5,-37.85485
1387711718.75,-37.84182
1387711875.0,-37.84341
1387712031.25,-37.84862
1387712187.5,-37.83242
1387712343.75,-37.82784
1387712500.0,-37.83488
1387712656.25,-37.8343
1387712812.5,-37.8383
1387712968.75,-37.84321
1387713125.0,-37.82269
1387713281.25,-37.84296
1387713437.5,-37.81992
1387713593.75,-37.84067
1387713750.0,-37.83699
1387713906.25,-37.83172
1387714062.5,-37.84148
1387714218.75,-37.82724
1387714375.0,-37.83498
1387714531.25,-37.84172
1387714687.5,-37.8368
1387714843.75,-37.83614
1387715000.0,-37.8271
1387715156.25,-37.821
1387715312.5,-37.82031
1387715468.75,-37.82222
1387715625.0,-37.83144
1387715781.25,-37.83059
1387715937.5,-37.82958
1387716093.75,-37.81882
1387716250.0,-37.82318
1387716406.25,-37.82556
1387716562.5,-37.83348
1387716718.75,-37.83254
1387716875.0,-37.8076
1387717031.25,-37.82659
1387717187.5,-37.82623
1387717343.75,-37.82451
1387717500.0,-37.80186
1387717656.25,-37.83185
1387717812.5,-37.83002
1387717968.75,-37.82718
1387718125.0,-37.81445
1387718281.25,-37.82189
1387718437.5,-37.81512
1387718593.75,-37.8296
1387718750.0,-37.81606
1387718906.25,-37.82298
1387719062.5,-37.81215
1387719218.75,-37.82289
1387719375.0,-37.80919
1387719531.25,-37.81792
1387719687.5,-37.82212
1387719843.75,-37.82211
1387720000.0,-37.8218
1387720156.25,-37.80196
1387720312.5,-37.81888
1387720468.75,-37.81231
1387720625.0,-37.81703
1387720781.25,-37.82313
1387720937.5,-37.82272
1387721093.75,-37.81777
1387721250.0,-37.80278
1387721406.25,-37.80587
1387721562.5,-37.8101
1387721718.75,-37.79748
1387721875.0,-37.79619
1387722031.25,-37.80766
1387722187.5,-37.79891
1387722343.75,-37.81522
1387722500.0,-37.80154
1387722656.25,-37.80394
1387722812.5,-37.80618
1387722968.75,-37.79568
1387723125.0,-37.80779
1387723281.25,-37.79837
1387723437.5,-37.80033
1387723593.75,-37.80791
1387723750.0,-37.7883
1387723906.25,-37.80569
1387724062.5,-37.79334
1387724218.75,-37.80056
1387724375.0,-37.8173
1387724531.25,-37.79203
1387724687.5,-37.80006
1387724843.75,-37.78765
1387725000.0,-37.8004
1387725156.25,-37.80523
1387725312.5,-37.79416
1387725468.75,-37.78738
1387725625.0,-37.78947
1387725781.25,-37.79156
1387725937.5,-37.79273
1387726093.75,-37.79423
1387726250.0,-37.7891
1387726406.25,-37.7975
1387726562.5,-37.79132
1387726718.75,-37.79788
1387726875.0,-37.79338
1387727031.25,-37.78996
1387727187.5,-37.77856
1387727343.75,-37.77311
1387727500.0,-37.80103
1387727656.25,-37.78233
1387727812.5,-37.77626
1387727968.75,-37.79674
1387728125.0,-37.78314
1387728281.25,-37.7872
1387728437.5,-37.79583
1387728593.75,-37.77467
1387728750.0,-37.78876
1387728906.25,-37.77824
1387729062.5,-37.77897
1387729218.75,-37.77691
1387729375.0,-37.78371
1387729531.25,-37.7907
1387729687.5,-37.78279
1387729843.75,-37.77132
1387730000.0,-37.78462
1387730156.25,-37.78398
1387730312.5,-37.77448
1387730468.75,-37.77404
1387730625.0,-37.76542
1387730781.25,-37.77911
1387730937.5,-37.77065
1387731093.75,-37.76763
1387731250.0,-37.77225
1387731406.25,-37.77769
1387731562.5,-37.78179
1387731718.75,-37.76937
1387731875.0,-37.77124
1387732031.25,-37.77488
1387732187.5,-37.75924
1387732343.75,-37.77875
1387732500.0,-37.77746
1387732656.25,-37.76888
1387732812.5,-37.77999
1387732968.75,-37.76628
1387733125.0,-37.76461
1387733281.25,-37.77116
1387733437.5,-37.75928
1387733593.75,-37.78231
1387733750.0,-37.7686
1387733906.25,-37.76321
1387734062.5,-37.75637
1387734218.75,-37.75657
1387734375.0,-37.7606
1387734531.25,-37.76918
1387734687.5,-37.76516
1387734843.75,-37.76728
1387735000.0,-37.76781
1387735156.25,-37.7641
1387735312.5,-37.75945
1387735468.75,-37.76284
1387735625.0,-37.7656
1387735781.25,-37.75847
1387735937.5,-37.7547
1387736093.75,-37.77141
1387736250.0,-37.75408
1387736406.25,-37.76814
1387736562.5,-37.76136
1387736718.75,-37.76837
1387736875.0,-37.75648
1387737031.25,-37.76513
1387737187.5,-37.75373
1387737343.75,-37.74476
1387737500.0,-37.75234
1387737656.25,-37.74911
1387737812.5,-37.75348
1387737968.75,-37.75608
1387738125.0,-37.75999
1387738281.25,-37.75056
1387738437.5,-37.75165
1387738593.75,-37.75161
1387738750.0,-37.74607
1387738906.25,-37.74715
1387739062.5,-37.75553
1387739218.75,-37.74889
1387739375.0,-37.74263
1387739531.25,-37.75401
1387739687.5,-37.73646
1387739843.75,-37.74154
1387740000.0,-37.73864
1387740156.25,-37.74391
1387740312.5,-37.7391
1387740468.75,-37.73956
1387740625.0,-37.74133
1387740781.25,-37.74831
1387740937.5,-37.74054
1387741093.75,-37.74438
1387741250.0,-37.74457
1387741406.25,-37.73661
1387741562.5,-37.74175
1387741718.75,-37.74304
1387741875.0,-37.73607
1387742031.25,-37.74391
1387742187.5,-37.74426
1387742343.75,-37.74197
1387742500.0,-37.72328
1387742656.25,-37.72628
1387742812.5,-37.73596
1387742968.75,-37.7318
1387743125.0,-37.74324
1387743281.25,-37.72709
1387743437.5,-37.72952
1387743593.75,-37.73579
1387743750.0,-37.73023
1387743906.25,-37.74474
1387744062.5,-37.7459
1387744218.75,-37.74553
1387744375.0,-37.71192
1387744531.25,-37.73579
1387744687.5,-37.72371
1387744843.75,-37.72977
1387745000.0,-37.72664
1387745156.25,-37.73357
1387745312.5,-37.72897
1387745468.75,-37.7377
1387745625.0,-37.72489
1387745781.25,-37.71962
1387745937.5,-37.72775
1387746093.75,-37.7358
1387746250.0,-37.72997
1387746406.25,-37.72811
1387746562.5,-37.72072
1387746718.75,-37.73489
1387746875.0,-37.70891
1387747031.25,-37.72564
1387747187.5,-37.72044
1387747343.75,-37.72141
1387747500.0,-37.70653
1387747656.25,-37.72329
1387747812.5,-37.71273
1387747968.75,-37.70954
1387748125.0,-37.70927
1387748281.25,-37.72454
1387748437.5,-37.71336
1387748593.75,-37.70682
1387748750.0,-37.69489
1387748906.25,-37.72048
1387749062.5,-37.70224
1387749218.75,-37.70834
1387749375.0,-37.71733
1387749531.25,-37.70272
1387749687.5,-37.70408
1387749843.75,-37.70768
1387750000.0,-37.71658
1387750156.25,-37.71008
1387750312.5,-37.71635
1387750468.75,-37.70524
1387750625.0,-37.70957
1387750781.25,-37.71306
1387750937.5,-37.71356
1387751093.75,-37.71284
1387751250.0,-37.7012
1387751406.25,-37.71441
1387751562.5,-37.70303
1387751718.75,-37.71408
1387751875.0,-37.71688
1387752031.25,-37.69729
1387752187.5,-37.70133
1387752343.75,-37.70746
1387752500.0,-37.69554
1387752656.25,-37.69545
1387752812.5,-37.69687
1387752968.75,-37.69363
1387753125.0,-37.69721
1387753281.25,-37.69402
1387753437.5,-37.68896
1387753593.75,-37.70673
1387753750.0,-37.69762
1387753906.25,-37.6996
1387754062.5,-37.69181
1387754218.75,-37.70796
1387754375.0,-37.69514
1387754531.25,-37.70644
1387754687.5,-37.69001
1387754843.75,-37.69116
1387755000.0,-37.6966
1387755156.25,-37.68526
1387755312.5,-37.69163
1387755468.75,-37.68877
1387755625.0,-37.70988
1387755781.25,-37.69058
1387755937.5,-37.69526
1387756093.75,-37.68592
1387756250.0,-37.68675
1387756406.25,-37.68747
1387756562.5,-37.68451
1387756718.75,-37.67139
1387756875.0,-37.68435
1387757031.25,-37.68415
1387757187.5,-37.67864
1387757343.75,-37.68717
1387757500.0,-37.68567
1387757656.25,-37.68993
1387757812.5,-37.68042
1387757968.75,-37.67443
1387758125.0,-37.67134
1387758281.25,-37.69383
1387758437.5,-37.68702
1387758593.75,-37.69035
1387758750.0,-37.67813
1387758906.25,-37.68054
1387759062.5,-37.68567
1387759218.75,-37.6817
1387759375.0,-37.67374
1387759531.25,-37.67018
1387759687.5,-37.67232
1387759843.75,-37.68407
1387760000.0,-37.66352
1387760156.25,-37.68469
1387760312.5,-37.67845
1387760468.75,-37.68189
1387760625.0,-37.67987
1387760781.25,-37.67183
1387760937.5,-37.67514
1387761093.75,-37.66078
1387761250.0,-37.65656
1387761406.25,-37.67457
1387761562.5,-37.67537
1387761718.75,-37.65952
1387761875.0,-37.66146
1387762031.25,-37.67506
1387762187.5,-37.66977
1387762343.75,-37.67889
1387762500.0,-37.66557
1387762656.25,-37.67351
1387762812.5,-37.67376
1387762968.75,-37.67641
1387763125.0,-37.6635
1387763281.25,-37.66592
1387763437.5,-37.65971
1387763593.75,-37.66383
1387763750.0,-37.65657
1387763906.25,-37.65496
1387764062.5,-37.66506
1387764218.75,-37.66549
1387764375.0,-37.6634
1387764531.25,-37.65659
1387764687.5,-37.65979
1387764843.75,-37.65941
1387765000.0,-37.65347
1387765156.25,-37.6467
1387765312.5,-37.64078
1387765468.75,-37.65757
1387765625.0,-37.65525
1387765781.25,-37.65554
1387765937.5,-37.64992
1387766093.75,-37.65267
1387766250.0,-37.64536
1387766406.25,-37.66114
1387766562.5,-37.66847
1387766718.75,-37.65779
1387766875.0,-37.65033
1387767031.25,-37.6564
1387767187.5,-37.65447
1387767343.75,-37.63751
1387767500.0,-37.65963
1387767656.25,-37.65009
1387767812.5,-37.65831
1387767968.75,-37.65254
1387768125.0,-37.64595
1387768281.25,-37.65422
1387768437.5,-37.64796
1387768593.75,-37.65452
1387768750.0,-37.64236
1387768906.25,-37.65416
1387769062.5,-37.65648
1387769218.75,-37.65073
1387769375.0,-37.64152
1387769531.25,-37.63959
1387769687.5,-37.63942
1387769843.75,-37.64495
1387770000.0,-37.64355
1387770156.25,-37.65147
1387770312.5,-37.64021
1387770468.75,-37.62524
1387770625.0,-37.65112
1387770781.25,-37.63744
1387770937.5,-37.63332
1387771093.75,-37.63972
1387771250.0,-37.64229
1387771406.25,-37.63535
1387771562.5,-37.63524
1387771718.75,-37.62479
1387771875.0,-37.63754
1387772031.25,-37.63538
1387772187.5,-37.64454
1387772343.75,-37.64747
1387772500.0,-37.6368
1387772656.25,-37.63098
1387772812.5,-37.64001
1387772968.75,-37.63119
1387773125.0,-37.64159
1387773281.25,-37.61924
1387773437.5,-37.62232
1387773593.75,-37.63139
1387773750.0,-37.6422
1387773906.25,-37.62396
1387774062.5,-37.6274
1387774218.75,-37.624
1387774375.0,-37.62438
1387774531.25,-37.62256
1387774687.5,-37.62778
1387774843.75,-37.62153
1387775000.0,-37.6302
1387775156.25,-37.63469
1387775312.5,-37.62103
1387775468.75,-37.62043
1387775625.0,-37.62079
1387775781.25,-37.62284
1387775937.5,-37.625
1387776093.75,-37.6168
1387776250.0,-37.62734
1387776406.25,-37.61071
1387776562.5,-37.62671
1387776718.75,-37.62206
1387776875.0,-37.61726
1387777031.25,-37.6307
1387777187.5,-37.61377
1387777343.75,-37.61466
1387777500.0,-37.62127
1387777656.25,-37.61141
1387777812.5,-37.61502
1387777968.75,-37.61609
1387778125.0,-37.61607
1387778281.25,-37.61737
1387778437.5,-37.60794
1387778593.75,-37.61439
1387778750.0,-37.6244
1387778906.25,-37.60695
1387779062.5,-37.6106
1387779218.75,-37.6142
1387779375.0,-37.61224
1387779531.25,-37.60462
1387779687.5,-37.61345
1387779843.75,-37.60342
1387780000.0,-37.61101
1387780156.25,-37.59951
1387780312.5,-37.61013
1387780468.75,-37.61256
1387780625.0,-37.61155
1387780781.25,-37.61194
1387780937.5,-37.5982
1387781093.75,-37.59184
1387781250.0,-37.60273
1387781406.25,-37.61666
1387781562.5,-37.61112
1387781718.75,-37.60691
1387781875.0,-37.60276
1387782031.25,-37.58915
1387782187.5,-37.60033
1387782343.75,-37.59037
1387782500.0,-37.59761
1387782656.25,-37.60249
1387782812.5,-37.58603
1387782968.75,-37.59061
1387783125.0,-37.59982
1387783281.25,-37.60323
1387783437.5,-37.59457
1387783593.75,-37.59719
1387783750.0,-37.5959
1387783906.25,-37.59814
1387784062.5,-37.5826
1387784218.75,-37.59869
1387784375.0,-37.57905
1387784531.25,-37.59277
1387784687.5,-37.5892
1387784843.75,-37.60188
1387785000.0,-37.59825
1387785156.25,-37.58115
1387785312.5,-37.59359
1387785468.75,-37.59075
1387785625.0,-37.59179
1387785781.25,-37.59462
1387785937.5,-37.59022
1387786093.75,-37.58632
1387786250.0,-37.59021
1387786406.25,-37.5854
1387786562.5,-37.58134
1387786718.75,-37.6076
1387786875.0,-37.58416
1387787031.25,-37.57945
1387787187.5,-37.59523
1387787343.75,-37.57253
1387787500.0,-37.58779
1387787656.25,-37.585
1387787812.5,-37.56894
1387787968.75,-37.58741
1387788125.0,-37.57961
1387788281.25,-37.56818
1387788437.5,-37.5786
1387788593.75,-37.58189
1387788750.0,-37.57536
1387788906.25,-37.58085
1387789062.5,-37.5803
1387789218.75,-37.57629
1387789375.0,-37.58632
1387789531.25,-37.58051
1387789687.5,-37.56859
1387789843.75,-37.56765
1387790000.0,-37.58159
1387790156.25,-37.57845
1387790312.5,-37.56575
1387790468.75,-37.5672
1387790625.0,-37.58234
1387790781.25,-37.57188
1387790937.5,-37.57333
1387791093.75,-37.56899
1387791250.0,-37.57678
1387791406.25,-37.57943
1387791562.5,-37.56646
1387791718.75,-37.57014
1387791875.0,-37.56248
1387792031.25,-37.56414
1387792187.5,-37.56436
1387792343.75,-37.54862
1387792500.0,-37.55014
1387792656.25,-37.57354
1387792812.5,-37.56196
1387792968.75,-37.55952
1387793125.0,-37.57422
1387793281.25,-37.57104
1387793437.5,-37.55365
1387793593.75,-37.57261
1387793750.0,-37.5573
1387793906.25,-37.56997
1387794062.5,-37.55251
1387794218.75,-37.54607
1387794375.0,-37.56432
1387794531.25,-37.55541
1387794687.5,-37.56035
1387794843.75,-37.5536
1387795000.0,-37.56364
1387795156.25,-37.55763
1387795312.5,-37.56079
1387795468.75,-37.55093
1387795625.0,-37.54872
1387795781.25,-37.55409
1387795937.5,-37.54337
1387796093.75,-37.54137
1387796250.0,-37.54641
1387796406.25,-37.55336
1387796562.5,-37.55547
1387796718.75,-37.54104
1387796875.0,-37.55834
1387797031.25,-37.54196
1387797187.5,-37.54955
1387797343.75,-37.55203
1387797500.0,-37.54633
1387797656.25,-37.53947
1387797812.5,-37.55411
1387797968.75,-37.5593
1387798125.0,-37.54983
1387798281.25,-37.5476
1387798437.5,-37.54156
1387798593.75,-37.53745
1387798750.0,-37.55099
1387798906.25,-37.54893
1387799062.5,-37.5382
1387799218.75,-37.53651
1387799375.0,-37.53412
1387799531.25,-37.55007
1387799687.5,-37.54682
1387799843.75,-37.54491
1387800000.0,-37.53576
1387800156.25,-37.52741
1387800312.5,-37.53599
1387800468.75,-37.53444
1387800625.0,-37.55512
1387800781.25,-37.54237
1387800937.5,-37.5387
1387801093.75,-37.54882
1387801250.0,-37.54662
1387801406.25,-37.5306
1387801562.5,-37.54489
1387801718.75,-37.52373
1387801875.0,-37.53295
1387802031.25,-37.53538
1387802187.5,-37.52583
1387802343.75,-37.52717
1387802500.0,-37.53394
1387802656.25,-37.52808
1387802812.5,-37.52629
1387802968.75,-37.52961
1387803125.0,-37.52306
1387803281.25,-37.52768
1387803437.5,-37.52062
1387803593.75,-37.53711
1387803750.0,-37.52056
1387803906.25,-37.5288
1387804062.5,-37.5298
1387804218.75,-37.53252
1387804375.0,-37.52157
1387804531.25,-37.51109
1387804687.5,-37.51955
1387804843.75,-37.50685
1387805000.0,-37.52378
1387805156.25,-37.52684
1387805312.5,-37.51644
1387805468.75,-37.51622
1387805625.0,-37.51085
1387805781.25,-37.51436
1387805937.5,-37.50694
1387806093.75,-37.5123
1387806250.0,-37.52094
1387806406.25,-37.51297
1387806562.5,-37.51552
1387806718.75,-37.51775
1387806875.0,-37.51301
1387807031.25,-37.51641
1387807187.5,-37.51518
1387807343.75,-37.51762
1387807500.0,-37.50442
1387807656.25,-37.50747
1387807812.5,-37.51746
1387807968.75,-37.50666
1387808125.0,-37.52073
1387808281.25,-37.50934
1387808437.5,-37.49767
1387808593.75,-37.5
1387808750.0,-37.50132
1387808906.25,-37.51506
1387809062.5,-37.50428
1387809218.75,-37.51231
1387809375.0,-37.4942
1387809531.25,-37.49548
1387809687.5,-37.50931
1387809843.75,-37.4933
1387810000.0,-37.51072
1387810156.25,-37.49565
1387810312.5,-37.49649
1387810468.75,-37.50823
1387810625.0,-37.51412
1387810781.25,-37.4986
1387810937.5,-37.49961
1387811093.75,-37.49952
1387811250.0,-37.50104
1387811406.25,-37.51662
1387811562.5,-37.48357
1387811718.75,-37.49305
1387811875.0,-37.48927
1387812031.25,-37.50403
1387812187.5,-37.50001
1387812343.75,-37.51012
1387812500.0,-37.50117
1387812656.25,-37.49794
1387812812.5,-37.49078
1387812968.75,-37.48916
1387813125.0,-37.4975
1387813281.25,-37.48657
1387813437.5,-37.48779
1387813593.75,-37.48468
1387813750.0,-37.48728
1387813906.25,-37.49185
1387814062.5,-37.48777
1387814218.75,-37.48716
1387814375.0,-37.48929
1387814531.25,-37.48193
1387814687.5,-37.47904
1387814843.75,-37.49667
1387815000.0,-37.48532
1387815156.25,-37.47807
1387815312.5,-37.47741
1387815468.75,-37.48679
1387815625.0,-37.48275
1387815781.25,-37.47975
1387815937.5,-37.48409
1387816093.75,-37.47705
1387816250.0,-37.48295
1387816406.25,-37.47815
1387816562.5,-37.47054
1387816718.75,-37.47933
1387816875.0,-37.48178
1387817031.25,-37.47987
1387817187.5,-37.46735
1387817343.75,-37.48235
1387817500.0,-37.47744
1387817656.25,-37.48242
1387817812.5,-37.47658
1387817968.75,-37.46377
1387818125.0,-37.47323
1387818281.25,-37.46509
1387818437.5,-37.47581
1387818593.75,-37.4698
1387818750.0,-37.46968
1387818906.25,-37.46821
1387819062.5,-37.46975
1387819218.75,-37.47377
1387819375.0,-37.47186
1387819531.25,-37.4607
1387819687.5,-37.47229
1387819843.75,-37.46336
1387820000.0,-37.46827
1387820156.25,-37.46332
1387820312.5,-37.47046
1387820468.75,-37.48186
1387820625.0,-37.48016
1387820781.25,-37.45231
1387820937.5,-37.48098
1387821093.75,-37.46579
1387821250.0,-37.46136
1387821406.25,-37.4633
1387821562.5,-37.45749
1387821718.75,-37.46381
1387821875.0,-37.46356
1387822031.25,-37.46682
1387822187.5,-37.45666
1387822343.75,-37.44726
1387822500.0,-37.46199
1387822656.25,-37.46668
1387822812.5,-37.45837
1387822968.75,-37.46525
1387823125.0,-37.45688
1387823281.25,-37.47257
1387823437.5,-37.44437
1387823593.75,-37.46354
1387823750.0,-37.45259
1387823906.25,-37.45472
1387824062.5,-37.46616
1387824218.75,-37.44905
1387824375.0,-37.44142
1387824531.25,-37.45325
1387824687.5,-37.44715
1387824843.75,-37.44833
1387825000.0,-37.45492
1387825156.25,-37.46106
1387825312.5,-37.44017
1387825468.75,-37.44817
1387825625.0,-37.45761
1387825781.25,-37.44551
1387825937.5,-37.44498
1387826093.75,-37.44343
1387826250.0,-37.44939
1387826406.25,-37.45546
1387826562.5,-37.45496
1387826718.75,-37.44923
1387826875.0,-37.44968
1387827031.25,-37.4331
1387827187.5,-37.43067
1387827343.75,-37.44109
1387827500.0,-37.44202
1387827656.25,-37.4425
1387827812.5,-37.44553
1387827968.75,-37.44101
1387828125.0,-37.44765
1387828281.25,-37.43319
1387828437.5,-37.4314
1387828593.75,-37.44855
1387828750.0,-37.44136
1387828906.25,-37.4431
1387829062.5,-37.43565
1387829218.75,-37.43784
1387829375.0,-37.43123
1387829531.25,-37.43739
1387829687.5,-37.43887
1387829843.75,-37.42282
1387830000.0,-37.4474
1387830156.25,-37.43995
1387830312.5,-37.43845
1387830468.75,-37.42756
1387830625.0,-37.43733
1387830781.25,-37.43281
1387830937.5,-37.43018
1387831093.75,-37.42524
1387831250.0,-37.43005
1387831406.25,-37.43282
1387831562.5,-37.42266
1387831718.75,-37.43335
1387831875.0,-37.42308
1387832031.25,-37.41162
1387832187.5,-37.43195
1387832343.75,-37.43137
1387832500.0,-37.42913
1387832656.25,-37.41019
1387832812.5,-37.41449
1387832968.75,-37.43212
1387833125.0,-37.43138
1387833281.25,-37.41082
1387833437.5,-37.4277
1387833593.75,-37.41584
1387833750.0,-37.42407
1387833906.25,-37.42357
1387834062.5,-37.42175
1387834218.75,-37.40956
1387834375.0,-37.42401
1387834531.25,-37.41707
1387834687.5,-37.42872
1387834843.75,-37.41476
1387835000.0,-37.40273
1387835156.25,-37.41381
1387835312.5,-37.41925
1387835468.75,-37.42072
1387835625.0,-37.40584
1387835781.25,-37.4134
1387835937.5,-37.41435
1387836093.75,-37.41195
1387836250.0,-37.40131
1387836406.25,-37.41478
1387836562.5,-37.40574
1387836718.75,-37.40667
1387836875.0,-37.40577
1387837031.25,-37.39532
1387837187.5,-37.40087
1387837343.75,-37.4058
1387837500.0,-37.40126
1387837656.25,-37.41094
1387837812.5,-37.4024
1387837968.75,-37.41595
1387838125.0,-37.39701
1387838281.25,-37.40254
1387838437.5,-37.40514
1387838593.75,-37.39601
1387838750.0,-37.39381
1387838906.25,-37.40035
1387839062.5,-37.39608
1387839218.75,-37.39734
1387839375.0,-37.39267
1387839531.25,-37.39235
1387839687.5,-37.3962
1387839843.75,-37.40617
1387840000.0,-37.39594
1387840156.25,-37.3969
1387840312.5,-37.38791
1387840468.75,-37.3998
1387840625.0,-37.38934
1387840781.25,-37.38207
1387840937.5,-37.39521
1387841093.75,-37.40342
1387841250.0,-37.3914
1387841406.25,-37.38535
1387841562.5,-37.40429
1387841718.75,-37.4066
1387841875.0,-37.3998
1387842031.25,-37.39536
1387842187.5,-37.38945
1387842343.75,-37.38966
1387842500.0,-37.38718
1387842656.25,-37.40632
1387842812.5,-37.38213
1387842968.75,-37.39551
1387843125.0,-37.37775
1387843281.25,-37.38316
1387843437.5,-37.37925
1387843593.75,-37.39212
1387843750.0,-37.38885
1387843906.25,-37.38959
1387844062.5,-37.37793
1387844218.75,-37.37768
1387844375.0,-37.37628
1387844531.25,-37.38884
1387844687.5,-37.38595
1387844843.75,-37.37831
1387845000.0,-37.37268
1387845156.25,-37.37449
1387845312.5,-37.37688
1387845468.75,-37.37577
1387845625.0,-37.37324
1387845781.25,-37.38507
1387845937.5,-37.36283
1387846093.75,-37.36722
1387846250.0,-37.36482
1387846406.25,-37.37107
1387846562.5,-37.36467
1387846718.75,-37.38207
1387846875.0,-37.37697
1387847031.25,-37.37386
1387847187.5,-37.37948
1387847343.75,-37.35676
1387847500.0,-37.37934
1387847656.25,-37.38063
1387847812.5,-37.37186
1387847968.75,-37.37047
1387848125.0,-37.3609
1387848281.25,-37.38078
1387848437.5,-37.36902
1387848593.75,-37.36703
1387848750.0,-37.36972
1387848906.25,-37.3778
1387849062.5,-37.36708
1387849218.75,-37.34918
1387849375.0,-37.36927
1387849531.25,-37.36485
1387849687.5,-37.35895
1387849843.75,-37.37655
1387850000.0,-37.35918
1387850156.25,-37.36162
1387850312.5,-37.35289
1387850468.75,-37.36992
1387850625.0,-37.34927
1387850781.25,-37.3572
1387850937.5,-37.35893
1387851093.75,-37.35895
1387851250.0,-37.35454
1387851406.25,-37.36406
1387851562.5,-37.35195
1387851718.75,-37.36103
1387851875.0,-37.35197
1387852031.25,-37.35602
1387852187.5,-37.35435
1387852343.75,-37.35406
1387852500.0,-37.35794
1387852656.25,-37.34771
1387852812.5,-37.35376
1387852968.75,-37.34771
1387853125.0,-37.34682
1387853281.25,-37.35295
1387853437.5,-37.35257
1387853593.75,-37.34959
1387853750.0,-37.34351
1387853906.25,-37.35032
1387854062.5,-37.33631
1387854218.75,-37.35361
1387854375.0,-37.3486
1387854531.25,-37.34671
1387854687.5,-37.34994
1387854843.75,-37.33401
1387855000.0,-37.33776
1387855156.25,-37.34218
1387855312.5,-37.34464
1387855468.75,-37.33609
1387855625.0,-37.33042
1387855781.25,-37.33805
1387855937.5,-37.33767
1387856093.75,-37.34574
1387856250.0,-37.34605
1387856406.25,-37.33937
1387856562.5,-37.33754
1387856718.75,-37.35062
1387856875.0,-37.33437
1387857031.25,-37.3297
1387857187.5,-37.33271
1387857343.75,-37.33133
1387857500.0,-37.33045
1387857656.25,-37.33986
1387857812.5,-37.33306
1387857968.75,-37.33469
1387858125.0,-37.32239
1387858281.25,-37.33684
1387858437.5,-37.33416
1387858593.75,-37.33689
1387858750.0,-37.33485
1387858906.25,-37.32578
1387859062.5,-37.34724
1387859218.75,-37.33305
1387859375.0,-37.3262
1387859531.25,-37.32761
1387859687.5,-37.31853
1387859843.75,-37.3278
1387860000.0,-37.33006
1387860156.25,-37.33028
1387860312.5,-37.31961
1387860468.75,-37.3303
1387860625.0,-37.32301
1387860781.25,-37.3265
1387860937.5,-37.32418
1387861093.75,-37.32202
1387861250.0,-37.31848
1387861406.25,-37.32656
1387861562.5,-37.31637
1387861718.75,-37.32262
1387861875.0,-37.31556
1387862031.25,-37.33506
1387862187.5,-37.32394
1387862343.75,-37.32211
1387862500.0,-37.31472
1387862656.25,-37.30008
1387862812.5,-37.31757
1387862968.75,-37.31211
1387863125.0,-37.3126
1387863281.25,-37.31154
1387863437.5,-37.30988
1387863593.75,-37.29602
1387863750.0,-37.32153
1387863906.25,-37.311
1387864062.5,-37.30806
1387864218.75,-37.31912
1387864375.0,-37.29834
1387864531.25,-37.29784
1387864687.5,-37.30914
1387864843.75,-37.30935
1387865000.0,-37.31114
1387865156.25,-37.3032
1387865312.5,-37.30792
1387865468.75,-37.31037
1387865625.0,-37.29371
1387865781.25,-37.30793
1387865937.5,-37.29986
1387866093.75,-37.31556
1387866250.0,-37.3036
1387866406.25,-37.31255
1387866562.5,-37.31279
1387866718.75,-37.30544
1387866875.0,-37.29382
1387867031.25,-37.29437
1387867187.5,-37.29478
1387867343.75,-37.28914
1387867500.0,-37.28725
1387867656.25,-37.29602
1387867812.5,-37.29541
1387867968.75,-37.29327
1387868125.0,-37.28683
1387868281.25,-37.30105
1387868437.5,-37.28946
1387868593.75,-37.29033
1387868750.0,-37.28474
1387868906.25,-37.28896
1387869062.5,-37.29799
1387869218.75,-37.28435
1387869375.0,-37.28786
1387869531.25,-37.2875
1387869687.5,-37.29015
1387869843.75,-37.27893
1387870000.0,-37.29498
1387870156.25,-37.27983
1387870312.5,-37.29103
1387870468.75,-37.2894
1387870625.0,-37.29887
1387870781.25,-37.28782
1387870937.5,-37.29348
1387871093.75,-37.29482
1387871250.0,-37.27701
1387871406.25,-37.28383
1387871562.5,-37.27764
1387871718.75,-37.29161
1387871875.0,-37.28541
1387872031.25,-37.27
1387872187.5,-37.27526
1387872343.75,-37.28478
1387872500.0,-37.28251
1387872656.25,-37.28109
1387872812.5,-37.27858
1387872968.75,-37.28438
1387873125.0,-37.27045
1387873281.25,-37.27319
1387873437.5,-37.28139
1387873593.75,-37.27929
1387873750.0,-37.26698
1387873906.25,-37.26516
1387874062.5,-37.28143
1387874218.75,-37.27129
1387874375.0,-37.27342
1387874531.25,-37.28866
1387874687.5,-37.26608
1387874843.75,-37.27779
1387875000.0,-37.27639
1387875156.25,-37.27253
1387875312.5,-37.26938
1387875468.75,-37.2579
1387875625.0,-37.27808
1387875781.25,-37.28145
1387875937.5,-37.26163
1387876093.75,-37.26553
1387876250.0,-37.25886
1387876406.25,-37.27832
1387876562.5,-37.26574
1387876718.75,-37.26824
1387876875.0,-37.26965
1387877031.25,-37.26575
1387877187.5,-37.27077
1387877343.75,-37.26355
1387877500.0,-37.26634
1387877656.25,-37.25743
1387877812.5,-37.26367
1387877968.75,-37.26361
1387878125.0,-37.25894
1387878281.25,-37.25871
1387878437.5,-37.26243
1387878593.75,-37.26308
1387878750.0,-37.26692
1387878906.25,-37.25441
1387879062.5,-37.25241
1387879218.75,-37.25923
1387879375.0,-37.24954
1387879531.25,-37.25949
1387879687.5,-37.26224
1387879843.75,-37.25196
1387880000.0,-37.25749
1387880156.25,-37.25003
1387880312.5,-37.24975
1387880468.75,-37.25487
1387880625.0,-37.25306
1387880781.25,-37.2454
1387880937.5,-37.25154
1387881093.75,-37.2525
1387881250.0,-37.24366
1387881406.25,-37.25791
1387881562.5,-37.23909
1387881718.75,-37.24501
1387881875.0,-37.25413
1387882031.25,-37.24224
1387882187.5,-37.23138
1387882343.75,-37.25606
1387882500.0,-37.24411
1387882656.25,-37.23404
1387882812.5,-37.24584
1387882968.75,-37.2495
1387883125.0,-37.24827
1387883281.25,-37.23666
1387883437.5,-37.2338
1387883593.75,-37.23697
1387883750.0,-37.23227
1387883906.25,-37.24226
1387884062.5,-37.23442
1387884218.75,-37.23501
1387884375.0,-37.24613
1387884531.25,-37.23976
1387884687.5,-37.24511
1387884843.75,-37.2354
1387885000.0,-37.24086
1387885156.25,-37.23582
1387885312.5,-37.25077
1387885468.75,-37.24172
1387885625.0,-37.24034
1387885781.25,-37.22743
1387885937.5,-37.22865
1387886093.75,-37.23892
1387886250.0,-37.23727
1387886406.25,-37.23225
1387886562.5,-37.22972
1387886718.75,-37.22963
1387886875.0,-37.21246
1387887031.25,-37.23792
1387887187.5,-37.235
1387887343.75,-37.22727
1387887500.0,-37.22824
1387887656.25,-37.22525
1387887812.5,-37.22585
1387887968.75,-37.22463
1387888125.0,-37.23031
1387888281.25,-37.22723
1387888437.5,-37.22296
1387888593.75,-37.22107
1387888750.0,-37.23551
1387888906.25,-37.22409
1387889062.5,-37.22555
1387889218.75,-37.21872
1387889375.0,-37.232
1387889531.25,-37.22186
1387889687.5,-37.22819
1387889843.75,-37.21764
1387890000.0,-37.22075
1387890156.25,-37.21273
1387890312.5,-37.22578
1387890468.75,-37.19734
1387890625.0,-37.21252
1387890781.25,-37.20944
1387890937.5,-37.21428
1387891093.75,-37.21406
1387891250.0,-37.2153
1387891406.25,-37.20664
1387891562.5,-37.21141
1387891718.75,-37.21278
1387891875.0,-37.21344
1387892031.25,-37.21235
1387892187.5,-37.20277
1387892343.75,-37.20357
1387892500.0,-37.20287
1387892656.25,-37.21012
1387892812.5,-37.22109
1387892968.75,-37.19426
1387893125.0,-37.20739
1387893281.25,-37.20029
1387893437.5,-37.21261
1387893593.75,-37.19913
1387893750.0,-37.20063
1387893906.25,-37.20979
1387894062.5,-37.21134
1387894218.75,-37.20124
1387894375.0,-37.20614
1387894531.25,-37.20258
1387894687.5,-37.19824
1387894843.75,-37.20046
1387895000.0,-37.19313
1387895156.25,-37.18547
1387895312.5,-37.20128
1387895468.75,-37.18884
1387895625.0,-37.19511
1387895781.25,-37.19061
1387895937.5,-37.1924
1387896093.75,-37.19015
1387896250.0,-37.19039
1387896406.25,-37.18353
1387896562.5,-37.18544
1387896718.75,-37.18415
1387896875.0,-37.193
1387897031.25,-37.19095
1387897187.5,-37.18879
1387897343.75,-37.187
1387897500.0,-37.19119
1387897656.25,-37.18911
1387897812.5,-37.18312
1387897968.75,-37.18369
1387898125.0,-37.18386
1387898281.25,-37.19764
1387898437.5,-37.18518
1387898593.75,-37.18838
1387898750.0,-37.17688
1387898906.25,-37.18414
1387899062.5,-37.18141
1387899218.75,-37.17303
1387899375.0,-37.17696
1387899531.25,-37.18315
1387899687.5,-37.18232
1387899843.75,-37.17389
1387900000.0,-37.19847
1387900156.25,-37.17916
1387900312.5,-37.16548
1387900468.75,-37.17815
1387900625.0,-37.1812
1387900781.25,-37.17014
1387900937.5,-37.17915
1387901093.75,-37.1723
1387901250.0,-37.17604
1387901406.25,-37.18332
1387901562.5,-37.17387
1387901718.75,-37.17154
1387901875.0,-37.19465
1387902031.25,-37.17088
1387902187.5,-37.17889
1387902343.75,-37.17573
1387902500.0,-37.17339
1387902656.25,-37.18484
1387902812.5,-37.16407
1387902968.75,-37.16982
1387903125.0,-37.16166
1387903281.25,-37.17382
1387903437.5,-37.1602
1387903593.75,-37.17587
1387903750.0,-37.17022
1387903906.25,-37.15588
1387904062.5,-37.17229
1387904218.75,-37.15525
1387904375.0,-37.15954
1387904531.25,-37.15668
1387904687.5,-37.15029
1387904843.75,-37.16058
1387905000.0,-37.15704
1387905156.25,-37.16611
1387905312.5,-37.16036
1387905468.75,-37.16809
1387905625.0,-37.15928
1387905781.25,-37.15252
1387905937.5,-37.16652
1387906093.75,-37.1573
1387906250.0,-37.14588
1387906406.25,-37.17402
1387906562.5,-37.16181
1387906718.75,-37.16552
1387906875.0,-37.14939
1387907031.25,-37.15051
1387907187.5,-37.14863
1387907343.75,-37.14758
1387907500.0,-37.15836
1387907656.25,-37.15329
1387907812.5,-37.15247
1387907968.75,-37.16335
1387908125.0,-37.14784
1387908281.25,-37.15193
1387908437.5,-37.15384
1387908593.75,-37.15509
1387908750.0,-37.15421
1387908906.25,-37.13678
1387909062.5,-37.15092
1387909218.75,-37.14558
1387909375.0,-37.14865
1387909531.25,-37.14259
1387909687.5,-37.14362
1387909843.75,-37.15369
1387910000.0,-37.14528
1387910156.25,-37.15044
1387910312.5,-37.14827
1387910468.75,-37.13833
1387910625.0,-37.13976
1387910781.25,-37.1469
1387910937.5,-37.1279
1387911093.75,-37.13567
1387911250.0,-37.14344
1387911406.25,-37.13778
1387911562.5,-37.13005
1387911718.75,-37.13548
1387911875.0,-37.13335
1387912031.25,-37.13984
1387912187.5,-37.13031
1387912343.75,-37.13918
1387912500.0,-37.13769
1387912656.25,-37.12917
1387912812.5,-37.11755
1387912968.75,-37.12109
1387913125.0,-37.1289
1387913281.25,-37.15357
1387913437.5,-37.14124
1387913593.75,-37.13679
1387913750.0,-37.12786
1387913906.25,-37.14095
1387914062.5,-37.12814
1387914218.75,-37.12503
1387914375.0,-37.12828
1387914531.25,-37.13859
1387914687.5,-37.12332
1387914843.75,-37.1283
1387915000.0,-37.12172
1387915156.25,-37.12468
1387915312.5,-37.12595
1387915468.75,-37.11977
1387915625.0,-37.12733
1387915781.25,-37.11798
1387915937.5,-37.12502
1387916093.75,-37.1118
1387916250.0,-37.11565
1387916406.25,-37.11722
1387916562.5,-37.12484
1387916718.75,-37.11438
1387916875.0,-37.1159
1387917031.25,-37.11751
1387917187.5,-37.11855
1387917343.75,-37.11448
1387917500.0,-37.12094
1387917656.25,-37.11848
1387917812.5,-37.10976
1387917968.75,-37.11934
1387918125.0,-37.11464
1387918281.25,-37.10757
1387918437.5,-37.11916
1387918593.75,-37.11759
1387918750.0,-37.12482
1387918906.25,-37.11207
1387919062.5,-37.11386
1387919218.75,-37.10975
1387919375.0,-37.11337
1387919531.25,-37.1122
1387919687.5,-37.11457
1387919843.75,-37.10513
1387920000.0,-37.11216
1387920156.25,-37.09689
1387920312.5,-37.10757
1387920468.75,-37.10061
1387920625.0,-37.10527
1387920781.25,-37.10591
1387920937.5,-37.10488
1387921093.75,-37.10623
1387921250.0,-37.10923
1387921406.25,-37.10955
1387921562.5,-37.10236
1387921718.75,-37.09711
1387921875.0,-37.10164
1387922031.25,-37.10397
1387922187.5,-37.0913
1387922343.75,-37.09917
1387922500.0,-37.08994
1387922656.25,-37.09453
1387922812.5,-37.09938
1387922968.75,-37.09618
1387923125.0,-37.10253
1387923281.25,-37.08487
1387923437.5,-37.11012
1387923593.75,-37.08851
1387923750.0,-37.08901
1387923906.25,-37.08872
1387924062.5,-37.08218
1387924218.75,-37.08852
1387924375.0,-37.09051
1387924531.25,-37.08771
1387924687.5,-37.08016
1387924843.75,-37.09472
1387925000.0,-37.09503
1387925156.25,-37.08023
1387925312.5,-37.09179
1387925468.75,-37.083
1387925625.0,-37.08867
1387925781.25,-37.08772
1387925937.5,-37.08688
1387926093.75,-37.08468
1387926250.0,-37.07579
1387926406.25,-37.08701
1387926562.5,-37.09642
1387926718.75,-37.08318
1387926875.0,-37.08191
1387927031.25,-37.09057
1387927187.5,-37.08239
1387927343.75,-37.07694
1387927500.0,-37.08022
1387927656.25,-37.06739
1387927812.5,-37.07972
1387927968.75,-37.07837
1387928125.0,-37.07863
1387928281.25,-37.07497
1387928437.5,-37.09531
1387928593.75,-37.07557
1387928750.0,-37.07817
1387928906.25,-37.07299
1387929062.5,-37.07309
1387929218.75,-37.07358
1387929375.0,-37.05958
1387929531.25,-37.08435
1387929687.5,-37.06732
1387929843.75,-37.07659
1387930000.0,-37.07596
1387930156.25,-37.0712
1387930312.5,-37.06723
1387930468.75,-37.06363
1387930625.0,-37.06732
1387930781.25,-37.06525
1387930937.5,-37.0694
1387931093.75,-37.06971
1387931250.0,-37.0682
1387931406.25,-37.07465
1387931562.5,-37.05681
1387931718.75,-37.0584
1387931875.0,-37.07101
1387932031.25,-37.06337
1387932187.5,-37.06784
1387932343.75,-37.06301
1387932500.0,-37.05934
1387932656.25,-37.0556
1387932812.5,-37.05916
1387932968.75,-37.06949
1387933125.0,-37.06703
1387933281.25,-37.0646
1387933437.5,-37.05489
1387933593.75,-37.05885
1387933750.0,-37.05752
1387933906.25,-37.05339
1387934062.5,-37.06199
1387934218.75,-37.04856
1387934375.0,-37.05578
1387934531.25,-37.05458
1387934687.5,-37.06139
1387934843.75,-37.05269
1387935000.0,-37.0437
1387935156.25,-37.03671
1387935312.5,-37.05627
1387935468.75,-37.06206
1387935625.0,-37.04652
1387935781.25,-37.05243
1387935937.5,-37.04577
1387936093.75,-37.04524
1387936250.0,-37.05359
1387936406.25,-37.04846
1387936562.5,-37.04871
1387936718.75,-37.0473
1387936875.0,-37.04498
1387937031.25,-37.04605
1387937187.5,-37.04948
1387937343.75,-37.04429
1387937500.0,-37.03266
1387937656.25,-37.04634
1387937812.5,-37.0449
1387937968.75,-37.03704
1387938125.0,-37.05157
1387938281.25,-37.03058
1387938437.5,-37.03779
1387938593.75,-37.04012
1387938750.0,-37.03888
1387938906.25,-37.03458
1387939062.5,-37.05652
1387939218.75,-37.03921
1387939375.0,-37.03847
1387939531.25,-37.03519
1387939687.5,-37.04094
1387939843.75,-37.03866
1387940000.0,-37.03147
1387940156.25,-37.02843
1387940312.5,-37.02964
1387940468.75,-37.03003
1387940625.0,-37.04198
1387940781.25,-37.02734
1387940937.5,-37.03407
1387941093.75,-37.02825
1387941250.0,-37.03209
1387941406.25,-37.03388
1387941562.5,-37.02941
1387941718.75,-37.02451
1387941875.0,-37.02655
1387942031.25,-37.0289
1387942187.5,-37.02174
1387942343.75,-37.02308
1387942500.0,-37.02841
1387942656.25,-37.0185
1387942812.5,-37.03341
1387942968.75,-37.02023
1387943125.0,-37.03719
1387943281.25,-37.017
1387943437.5,-37.01177
1387943593.75,-37.01925
1387943750.0,-37.02739
1387943906.25,-37.03059
1387944062.5,-37.01181
1387944218.75,-37.01917
1387944375.0,-37.02971
1387944531.25,-37.02116
1387944687.5,-37.01189
1387944843.75,-37.01546
1387945000.0,-37.02237
1387945156.25,-37.02225
1387945312.5,-37.01873
1387945468.75,-37.01041
1387945625.0,-37.01272
1387945781.25,-37.01834
1387945937.5,-36.99974
1387946093.75,-37.02567
1387946250.0,-37.00809
1387946406.25,-37.0122
1387946562.5,-37.01982
1387946718.75,-37.01083
1387946875.0,-37.01102
1387947031.25,-37.01243
1387947187.5,-37.02315
1387947343.75,-36.99585
1387947500.0,-36.98841
1387947656.25,-37.01649
1387947812.5,-37.00246
1387947968.75,-37.01383
1387948125.0,-37.00667
1387948281.25,-37.00907
1387948437.5,-37.00377
1387948593.75,-37.00489
1387948750.0,-37.00459
1387948906.25,-37.00673
1387949062.5,-37.0007
1387949218.75,-37.00066
1387949375.0,-37.00568
1387949531.25,-36.991
1387949687.5,-37.00293
1387949843.75,-36.9957
1387950000.0,-36.99438
1387950156.25,-37.0031
1387950312.5,-36.9958
1387950468.75,-37.00534
1387950625.0,-36.99903
1387950781.25,-37.00089
1387950937.5,-36.98041
1387951093.75,-36.99282
1387951250.0,-36.99705
1387951406.25,-36.98428
1387951562.5,-36.98497
1387951718.75,-36.9978
1387951875.0,-36.99294
1387952031.25,-36.98731
1387952187.5,-36.99821
1387952343.75,-36.98233
1387952500.0,-36.98962
1387952656.25,-36.9842
1387952812.5,-36.99121
1387952968.75,-37.00069
1387953125.0,-36.99339
1387953281.25,-36.98944
1387953437.5,-36.98297
1387953593.75,-36.9873
1387953750.0,-36.98333
1387953906.25,-36.98264
1387954062.5,-36.97902
1387954218.75,-36.98375
1387954375.0,-36.97469
1387954531.25,-36.98547
1387954687.5,-36.97948
1387954843.75,-36.9784
1387955000.0,-36.98175
1387955156.25,-36.97235
1387955312.5,-36.98634
1387955468.75,-36.97972
1387955625.0,-36.98577
1387955781.25,-36.97631
1387955937.5,-36.98054
1387956093.75,-36.96896
1387956250.0,-36.97726
1387956406.25,-36.96642
1387956562.5,-36.98099
1387956718.75,-36.9722
1387956875.0,-36.97428
1387957031.25,-36.9703
1387957187.5,-36.97031
1387957343.75,-36.96906
1387957500.0,-36.96233
1387957656.25,-36.95981
1387957812.5,-36.96129
1387957968.75,-36.96404
1387958125.0,-36.96811
1387958281.25,-36.96464
1387958437.5,-36.96338
1387958593.75,-36.96507
1387958750.0,-36.97442
1387958906.25,-36.97044
1387959062.5,-36.97376
1387959218.75,-36.97075
1387959375.0,-36.96107
1387959531.25,-36.95695
1387959687.5,-36.95964
1387959843.75,-36.95882
1387960000.0,-36.9484
1387960156.25,-36.95963
1387960312.5,-36.95398
1387960468.75,-36.95741
1387960625.0,-36.95019
1387960781.25,-36.94161
1387960937.5,-36.96269
1387961093.75,-36.96363
1387961250.0,-36.94958
1387961406.25,-36.94966
1387961562.5,-36.94234
1387961718.75,-36.93908
1387961875.0,-36.95081
1387962031.25,-36.95402
1387962187.5,-36.93713
1387962343.75,-36.95464
1387962500.0,-36.93512
1387962656.25,-36.95433
1387962812.5,-36.95407
1387962968.75,-36.94839
1387963125.0,-36.95528
1387963281.25,-36.94247
1387963437.5,-36.95593
1387963593.75,-36.94115
1387963750.0,-36.95499
1387963906.25,-36.94718
1387964062.5,-36.94239
1387964218.75,-36.94625
1387964375.0,-36.9402
1387964531.25,-36.93804
1387964687.5,-36.93011
1387964843.75,-36.94927
1387965000.0,-36.94237
1387965156.25,-36.94223
1387965312.5,-36.93938
1387965468.75,-36.94141
1387965625.0,-36.94314
1387965781.25,-36.94787
1387965937.5,-36.92848
1387966093.75,-36.94224
1387966250.0,-36.94541
1387966406.25,-36.93505
1387966562.5,-36.94307
1387966718.75,-36.94417
1387966875.0,-36.94126
1387967031.25,-36.94123
1387967187.5,-36.93877
1387967343.75,-36.93285
1387967500.0,-36.94133
1387967656.25,-36.93056
1387967812.5,-36.92604
1387967968.75,-36.93542
1387968125.0,-36.93029
1387968281.25,-36.92785
1387968437.5,-36.93146
1387968593.75,-36.91819
1387968750.0,-36.924
1387968906.25,-36.92293
1387969062.5,-36.92321
1387969218.75,-36.9189
1387969375.0,-36.92394
1387969531.25,-36.92112
1387969687.5,-36.92677
1387969843.75,-36.93282
1387970000.0,-36.91857
1387970156.25,-36.91112
1387970312.5,-36.92488
1387970468.75,-36.92249
1387970625.0,-36.91061
1387970781.25,-36.91542
1387970937.5,-36.91275
1387971093.75,-36.92398
1387971250.0,-36.90692
1387971406.25,-36.92436
1387971562.5,-36.91885
1387971718.75,-36.9252
1387971875.0,-36.91388
1387972031.25,-36.91107
1387972187.5,-36.91148
1387972343.75,-36.90977
1387972500.0,-36.91244
1387972656.25,-36.90112
1387972812.5,-36.91259
1387972968.75,-36.91022
1387973125.0,-36.91556
1387973281.25,-36.91177
1387973437.5,-36.91033
1387973593.75,-36.90923
1387973750.0,-36.91671
1387973906.25,-36.92017
1387974062.5,-36.91506
1387974218.75,-36.91315
1387974375.0,-36.89844
1387974531.25,-36.8921
1387974687.5,-36.9179
1387974843.75,-36.91553
1387975000.0,-36.9104
1387975156.25,-36.88342
1387975312.5,-36.89623
1387975468.75,-36.90449
1387975625.0,-36.9029
1387975781.25,-36.9085
1387975937.5,-36.90463
1387976093.75,-36.8965
1387976250.0,-36.89322
1387976406.25,-36.90072
1387976562.5,-36.88934
1387976718.75,-36.90893
1387976875.0,-36.91275
1387977031.25,-36.90145
1387977187.5,-36.89455
1387977343.75,-36.90559
1387977500.0,-36.89072
1387977656.25,-36.88754
1387977812.5,-36.89526
1387977968.75,-36.90329
1387978125.0,-36.89737
1387978281.25,-36.89045
1387978437.5,-36.90019
1387978593.75,-36.89699
1387978750.0,-36.90229
1387978906.25,-36.88894
1387979062.5,-36.88157
1387979218.75,-36.89065
1387979375.0,-36.88726
1387979531.25,-36.88604
1387979687.5,-36.89035
1387979843.75,-36.88226
1387980000.0,-36.88275
1387980156.25,-36.89236
1387980312.5,-36.87571
1387980468.75,-36.87778
1387980625.0,-36.87989
1387980781.25,-36.88723
1387980937.5,-36.87504
1387981093.75,-36.87546
1387981250.0,-36.88724
1387981406.25,-36.87487
1387981562.5,-36.86681
1387981718.75,-36.88338
1387981875.0,-36.87539
1387982031.25,-36.89816
1387982187.5,-36.8892
1387982343.75,-36.87012
1387982500.0,-36.87783
1387982656.25,-36.8825
1387982812.5,-36.87438
1387982968.75,-36.87311
1387983125.0,-36.86384
1387983281.25,-36.87187
1387983437.5,-36.86166
1387983593.75,-36.88005
1387983750.0,-36.87986
1387983906.25,-36.87523
1387984062.5,-36.85562
1387984218.75,-36.87262
1387984375.0,-36.86052
1387984531.25,-36.86977
1387984687.5,-36.86927
1387984843.75,-36.87944
1387985000.0,-36.85653
1387985156.25,-36.87234
1387985312.5,-36.87022
1387985468.75,-36.85535
1387985625.0,-36.8537
1387985781.25,-36.86234
1387985937.5,-36.86477
1387986093.75,-36.87062
1387986250.0,-36.87545
1387986406.25,-36.86309
1387986562.5,-36.85905
1387986718.75,-36.8613
1387986875.0,-36.87046
1387987031.25,-36.85688
1387987187.5,-36.86791
1387987343.75,-36.85764
1387987500.0,-36.86601
1387987656.25,-36.86456
1387987812.5,-36.84621
1387987968.75,-36.85313
1387988125.0,-36.85925
1387988281.25,-36.85891
1387988437.5,-36.86312
1387988593.75,-36.87008
1387988750.0,-36.84912
1387988906.25,-36.84747
1387989062.5,-36.85112
1387989218.75,-36.84457
1387989375.0,-36.86298
1387989531.25,-36.85212
1387989687.5,-36.84872
1387989843.75,-36.85433
1387990000.0,-36.84811
1387990156.25,-36.84509
1387990312.5,-36.85256
1387990468.75,-36.8432
1387990625.0,-36.85288
1387990781.25,-36.84745
1387990937.5,-36.84842
1387991093.75,-36.84863
1387991250.0,-36.84393
1387991406.25,-36.84247
1387991562.5,-36.84173
1387991718.75,-36.83794
1387991875.0,-36.84933
1387992031.25,-36.83949
1387992187.5,-36.84785
1387992343.75,-36.82993
1387992500.0,-36.83568
1387992656.25,-36.84443
1387992812.5,-36.84468
1387992968.75,-36.82477
1387993125.0,-36.83958
1387993281.25,-36.83544
1387993437.5,-36.84498
1387993593.75,-36.84231
1387993750.0,-36.83688
1387993906.25,-36.83033
1387994062.5,-36.82838
1387994218.75,-36.84065
1387994375.0,-36.84506
1387994531.25,-36.8248
1387994687.5,-36.81827
1387994843.75,-36.84103
1387995000.0,-36.8243
1387995156.25,-36.82969
1387995312.5,-36.8275
1387995468.75,-36.82298
1387995625.0,-36.82901
1387995781.25,-36.81704
1387995937.5,-36.82448
1387996093.75,-36.82062
1387996250.0,-36.83341
1387996406.25,-36.82444
1387996562.5,-36.82264
1387996718.75,-36.82729
1387996875.0,-36.83215
1387997031.25,-36.82172
1387997187.5,-36.81867
1387997343.75,-36.82877
1387997500.0,-36.81955
1387997656.25,-36.81813
1387997812.5,-36.82051
1387997968.75,-36.81039
1387998125.0,-36.82083
1387998281.25,-36.8131
1387998437.5,-36.81055
1387998593.75,-36.82627
1387998750.0,-36.81685
1387998906.25,-36.81616
1387999062.5,-36.81421
1387999218.75,-36.81959
1387999375.0,-36.80871
1387999531.25,-36.81688
1387999687.5,-36.80928
1387999843.75,-36.80255
1388000000.0,-36.81032
1388000156.25,-36.79921
1388000312.5,-36.81129
1388000468.75,-36.80349
1388000625.0,-36.81514
1388000781.25,-36.81368
1388000937.5,-36.82048
1388001093.75,-36.80516
1388001250.0,-36.79491
1388001406.25,-36.8102
1388001562.5,-36.79825
1388001718.75,-36.79426
1388001875.0,-36.80465
1388002031.25,-36.81152
1388002187.5,-36.80646
1388002343.75,-36.79695
1388002500.0,-36.8091
1388002656.25,-36.79914
1388002812.5,-36.79565
1388002968.75,-36.79664
1388003125.0,-36.81355
1388003281.25,-36.80041
1388003437.5,-36.79847
1388003593.75,-36.78391
1388003750.0,-36.78924
1388003906.25,-36.79232
1388004062.5,-36.79598
1388004218.75,-36.78302
1388004375.0,-36.79228
1388004531.25,-36.78278
1388004687.5,-36.78784
1388004843.75,-36.79154
1388005000.0,-36.79475
1388005156.25,-36.77664
1388005312.5,-36.79286
1388005468.75,-36.78412
1388005625.0,-36.79369
1388005781.25,-36.79105
1388005937.5,-36.78944
1388006093.75,-36.79166
1388006250.0,-36.78333
1388006406.25,-36.78811
1388006562.5,-36.77973
1388006718.75,-36.78606
1388006875.0,-36.79421
1388007031.25,-36.78695
1388007187.5,-36.77507
1388007343.75,-36.78359
1388007500.0,-36.7851
1388007656.25,-36.7767
1388007812.5,-36.77959
1388007968.75,-36.78278
1388008125.0,-36.78267
1388008281.25,-36.78378
1388008437.5,-36.78457
1388008593.75,-36.77454
1388008750.0,-36.77742
1388008906.25,-36.77274
1388009062.5,-36.78255
1388009218.75,-36.776
1388009375.0,-36.77649
1388009531.25,-36.76931
1388009687.5,-36.76765
1388009843.75,-36.77406
1388010000.0,-36.76852
1388010156.25,-36.78822
1388010312.5,-36.77391
1388010468.75,-36.78172
1388010625.0,-36.78124
1388010781.25,-36.76728
1388010937.5,-36.77168
1388011093.75,-36.77258
1388011250.0,-36.76999
1388011406.25,-36.7783
1388011562.5,-36.77184
1388011718.75,-36.76027
1388011875.0,-36.76235
1388012031.25,-36.75438
1388012187.5,-36.76828
1388012343.75,-36.75926
1388012500.0,-36.76167
1388012656.25,-36.76279
1388012812.5,-36.77339
1388012968.75,-36.76495
1388013125.0,-36.75944
1388013281.25,-36.7657
1388013437.5,-36.76157
1388013593.75,-36.77528
1388013750.0,-36.75874
1388013906.25,-36.76382
1388014062.5,-36.75473
1388014218.75,-36.75507
1388014375.0,-36.75807
1388014531.25,-36.75455
1388014687.5,-36.75083
1388014843.75,-36.75923
1388015000.0,-36.75423
1388015156.25,-36.75011
1388015312.5,-36.73364
1388015468.75,-36.75043
1388015625.0,-36.75758
1388015781.25,-36.74247
1388015937.5,-36.75254
1388016093.75,-36.73914
1388016250.0,-36.73337
1388016406.25,-36.75191
1388016562.5,-36.74841
1388016718.75,-36.7536
1388016875.0,-36.73874
1388017031.25,-36.74568
1388017187.5,-36.74583
1388017343.75,-36.74417
1388017500.0,-36.74032
1388017656.25,-36.75073
1388017812.5,-36.74263
1388017968.75,-36.72806
1388018125.0,-36.73969
1388018281.25,-36.74709
1388018437.5,-36.73268
1388018593.75,-36.73162
1388018750.0,-36.74493
1388018906.25,-36.73626
1388019062.5,-36.73055
1388019218.75,-36.74024
1388019375.0,-36.72738
1388019531.25,-36.72456
1388019687.5,-36.74193
1388019843.75,-36.7448
1388020000.0,-36.73554
1388020156.25,-36.73038
1388020312.5,-36.72924
1388020468.75,-36.73214
1388020625.0,-36.72528
1388020781.25,-36.74218
1388020937.5,-36.72574
1388021093.75,-36.72964
1388021250.0,-36.735
1388021406.25,-36.74069
1388021562.5,-36.73106
1388021718.75,-36.73259
1388021875.0,-36.72587
1388022031.25,-36.73924
1388022187.5,-36.7224
1388022343.75,-36.72266
1388022500.0,-36.7298
1388022656.25,-36.72087
1388022812.5,-36.7208
1388022968.75,-36.72971
1388023125.0,-36.72608
1388023281.25,-36.72809
1388023437.5,-36.71963
1388023593.75,-36.72024
1388023750.0,-36.71829
1388023906.25,-36.72271
1388024062.5,-36.71754
1388024218.75,-36.72158
1388024375.0,-36.70978
1388024531.25,-36.70993
1388024687.5,-36.71876
1388024843.75,-36.72045
1388025000.0,-36.70877
1388025156.25,-36.72507
1388025312.5,-36.71974
1388025468.75,-36.71254
1388025625.0,-36.70919
1388025781.25,-36.72653
1388025937.5,-36.70415
1388026093.75,-36.71665
1388026250.0,-36.71339
1388026406.25,-36.70878
1388026562.5,-36.71861
1388026718.75,-36.71053
1388026875.0,-36.70747
1388027031.25,-36.70866
1388027187.5,-36.71188
1388027343.75,-36.71191
1388027500.0,-36.69837
1388027656.25,-36.72041
1388027812.5,-36.71482
1388027968.75,-36.7126
1388028125.0,-36.70228
1388028281.25,-36.69264
1388028437.5,-36.71136
1388028593.75,-36.69691
1388028750.0,-36.70511
1388028906.25,-36.69295
1388029062.5,-36.69859
1388029218.75,-36.69011
1388029375.0,-36.69358
1388029531.25,-36.69188
1388029687.5,-36.6941
1388029843.75,-36.70217
1388030000.0,-36.69154
1388030156.25,-36.68781
1388030312.5,-36.6896
1388030468.75,-36.69185
1388030625.0,-36.68937
1388030781.25,-36.6978
1388030937.5,-36.68757
1388031093.75,-36.68441
1388031250.0,-36.68848
1388031406.25,-36.6799
1388031562.5,-36.6874
1388031718.75,-36.69592
1388031875.0,-36.69602
1388032031.25,-36.69099
1388032187.5,-36.69141
1388032343.75,-36.68533
1388032500.0,-36.68232
1388032656.25,-36.69806
1388032812.5,-36.69222
1388032968.75,-36.68541
1388033125.0,-36.69164
1388033281.25,-36.68148
1388033437.5,-36.6942
1388033593.75,-36.67842
1388033750.0,-36.68336
1388033906.25,-36.67379
1388034062.5,-36.67291
1388034218.75,-36.68525
1388034375.0,-36.683
1388034531.25,-36.68032
1388034687.5,-36.67937
1388034843.75,-36.67275
1388035000.0,-36.67638
1388035156.25,-36.67099
1388035312.5,-36.67493
1388035468.75,-36.67265
1388035625.0,-36.66787
1388035781.25,-36.68268
1388035937.5,-36.67241
1388036093.75,-36.67598
1388036250.0,-36.67344
1388036406.25,-36.67473
1388036562.5,-36.67284
1388036718.75,-36.66815
1388036875.0,-36.67234
1388037031.25,-36.67302
1388037187.5,-36.66993
1388037343.75,-36.66909
1388037500.0,-36.66461
1388037656.25,-36.67132
1388037812.5,-36.6655
1388037968.75,-36.66829
1388038125.0,-36.65568
1388038281.25,-36.66507
1388038437.5,-36.66268
1388038593.75,-36.67421
1388038750.0,-36.64695
1388038906.25,-36.6606
1388039062.5,-36.66764
1388039218.75,-36.65275
1388039375.0,-36.66148
1388039531.25,-36.65838
1388039687.5,-36.64963
1388039843.75,-36.65837
1388040000.0,-36.65806
1388040156.25,-36.6587
1388040312.5,-36.65127
1388040468.75,-36.65285
1388040625.0,-36.64834
1388040781.25,-36.65164
1388040937.5,-36.65041
1388041093.75,-36.65062
1388041250.0,-36.65108
1388041406.25,-36.65601
1388041562.5,-36.64683
1388041718.75,-36.64871
1388041875.0,-36.64548
1388042031.25,-36.63877
1388042187.5,-36.6412
1388042343.75,-36.64327
1388042500.0,-36.6566
1388042656.25,-36.65024
1388042812.5,-36.6449
1388042968.75,-36.6469
1388043125.0,-36.64166
1388043281.25,-36.64425
1388043437.5,-36.63609
1388043593.75,-36.65262
1388043750.0,-36.64152
1388043906.25,-36.6444
1388044062.5,-36.63136
1388044218.75,-36.6324
1388044375.0,-36.63632
1388044531.25,-36.64392
1388044687.5,-36.63844
1388044843.75,-36.64053
1388045000.0,-36.6404
1388045156.25,-36.63525
1388045312.5,-36.64532
1388045468.75,-36.62887
1388045625.0,-36.62362
1388045781.25,-36.63942
1388045937.5,-36.63179
1388046093.75,-36.64398
1388046250.0,-36.6323
1388046406.25,-36.62881
1388046562.5,-36.62617
1388046718.75,-36.63612
1388046875.0,-36.61929
1388047031.25,-36.62641
1388047187.5,-36.62779
1388047343.75,-36.62725
1388047500.0,-36.63029
1388047656.25,-36.6182
1388047812.5,-36.62671
1388047968.75,-36.62022
1388048125.0,-36.62636
1388048281.25,-36.62677
1388048437.5,-36.6165
1388048593.75,-36.63096
1388048750.0,-36.61846
1388048906.25,-36.61463
1388049062.5,-36.62288
1388049218.75,-36.62296
1388049375.0,-36.62404
1388049531.25,-36.61961
1388049687.5,-36.62193
1388049843.75,-36.61703
1388050000.0,-36.61805
1388050156.25,-36.61041
1388050312.5,-36.61292
1388050468.75,-36.61729
1388050625.0,-36.61327
1388050781.25,-36.61999
1388050937.5,-36.61995
1388051093.75,-36.62013
1388051250.0,-36.62009
1388051406.25,-36.61219
1388051562.5,-36.61904
1388051718.75,-36.62383
1388051875.0,-36.60306
1388052031.25,-36.60147
1388052187.5,-36.60483
1388052343.75,-36.60312
1388052500.0,-36.60526
1388052656.25,-36.61649
1388052812.5,-36.60285
1388052968.75,-36.6016
1388053125.0,-36.5974
1388053281.25,-36.60983
1388053437.5,-36.61121
1388053593.75,-36.60719
1388053750.0,-36.60867
1388053906.25,-36.60536
1388054062.5,-36.6096
1388054218.75,-36.59757
1388054375.0,-36.59228
1388054531.25,-36.60672
1388054687.5,-36.60148
1388054843.75,-36.60239
1388055000.0,-36.59328
1388055156.25,-36.5948
1388055312.5,-36.60176
1388055468.75,-36.59829
1388055625.0,-36.6034
1388055781.25,-36.59613
1388055937.5,-36.59615
1388056093.75,-36.59779
1388056250.0,-36.58772
1388056406.25,-36.59139
1388056562.5,-36.5895
1388056718.75,-36.59757
1388056875.0,-36.58524
1388057031.25,-36.59258
1388057187.5,-36.59178
1388057343.75,-36.59159
1388057500.0,-36.57945
1388057656.25,-36.59215
1388057812.5,-36.59153
1388057968.75,-36.60255
1388058125.0,-36.58957
1388058281.25,-36.59346
1388058437.5,-36.57999
1388058593.75,-36.59031
1388058750.0,-36.59091
1388058906.25,-36.58975
1388059062.5,-36.58191
1388059218.75,-36.57663
1388059375.0,-36.59003
1388059531.25,-36.58413
1388059687.5,-36.57418
1388059843.75,-36.58693
1388060000.0,-36.59575
1388060156.25,-36.58192
1388060312.5,-36.57667
1388060468.75,-36.57026
1388060625.0,-36.56914
1388060781.25,-36.57878
1388060937.5,-36.56982
1388061093.75,-36.5716
1388061250.0,-36.5781
1388061406.25,-36.57016
1388061562.5,-36.57595
1388061718.75,-36.57635
1388061875.0,-36.57266
1388062031.25,-36.56914
1388062187.5,-36.56786
1388062343.75,-36.5757
1388062500.0,-36.56892
1388062656.25,-36.5642
1388062812.5,-36.56128
1388062968.75,-36.56829
1388063125.0,-36.56517
1388063281.25,-36.57538
1388063437.5,-36.56717
1388063593.75,-36.57615
1388063750.0,-36.55556
1388063906.25,-36.56725
1388064062.5,-36.56131
1388064218.75,-36.57176
1388064375.0,-36.56701
1388064531.25,-36.56534
1388064687.5,-36.56643
1388064843.75,-36.56325
1388065000.0,-36.55608
1388065156.25,-36.5571
1388065312.5,-36.55941
1388065468.75,-36.56049
1388065625.0,-36.55257
1388065781.25,-36.55646
1388065937.5,-36.55382
1388066093.75,-36.56262
1388066250.0,-36.54897
1388066406.25,-36.56215
1388066562.5,-36.5447
1388066718.75,-36.5614
1388066875.0,-36.54453
1388067031.25,-36.55382
1388067187.5,-36.56091
1388067343.75,-36.54753
1388067500.0,-36.55437
1388067656.25,-36.55127
1388067812.5,-36.54574
1388067968.75,-36.55949
1388068125.0,-36.54747
1388068281.25,-36.55664
1388068437.5,-36.55363
1388068593.75,-36.54206
1388068750.0,-36.55517
1388068906.25,-36.5445
1388069062.5,-36.5477
1388069218.75,-36.52656
1388069375.0,-36.54904
1388069531.25,-36.5472
1388069687.5,-36.54213
1388069843.75,-36.54931
1388070000.0,-36.53364
1388070156.25,-36.54778
1388070312.5,-36.53896
1388070468.75,-36.54124
1388070625.0,-36.53291
1388070781.25,-36.54319
1388070937.5,-36.54419
1388071093.75,-36.5312
1388071250.0,-36.54383
1388071406.25,-36.54015
1388071562.5,-36.53427
1388071718.75,-36.52678
1388071875.0,-36.5197
1388072031.25,-36.54052
1388072187.5,-36.52516
1388072343.75,-36.52517
1388072500.0,-36.52457
1388072656.25,-36.52789
1388072812.5,-36.53397
1388072968.75,-36.53441
1388073125.0,-36.52323
1388073281.25,-36.53088
1388073437.5,-36.53027
1388073593.75,-36.52333
1388073750.0,-36.53062
1388073906.25,-36.53445
1388074062.5,-36.52562
1388074218.75,-36.5153
1388074375.0,-36.5312
1388074531.25,-36.53044
1388074687.5,-36.52847
1388074843.75,-36.51046
1388075000.0,-36.52468
1388075156.25,-36.51611
1388075312.5,-36.51373
1388075468.75,-36.51876
1388075625.0,-36.51728
1388075781.25,-36.52365
1388075937.5,-36.51066
1388076093.75,-36.52274
1388076250.0,-36.51456
1388076406.25,-36.51989
1388076562.5,-36.52084
1388076718.75,-36.51674
1388076875.0,-36.51665
1388077031.25,-36.50829
1388077187.5,-36.51266
1388077343.75,-36.50929
1388077500.0,-36.51023
1388077656.25,-36.5021
1388077812.5,-36.50969
1388077968.75,-36.51674
1388078125.0,-36.50476
1388078281.25,-36.51277
1388078437.5,-36.51571
1388078593.75,-36.49668
1388078750.0,-36.51138
1388078906.25,-36.51376
1388079062.5,-36.50223
1388079218.75,-36.50154
1388079375.0,-36.50366
1388079531.25,-36.50317
1388079687.5,-36.5111
1388079843.75,-36.508
1388080000.0,-36.49155
1388080156.25,-36.50964
1388080312.5,-36.49853
1388080468.75,-36.5018
1388080625.0,-36.50607
1388080781.25,-36.49464
1388080937.5,-36.50371
1388081093.75,-36.50216
1388081250.0,-36.50085
1388081406.25,-36.49366
1388081562.5,-36.49768
1388081718.75,-36.48752
1388081875.0,-36.49455
1388082031.25,-36.48856
1388082187.5,-36.49532
1388082343.75,-36.4824
1388082500.0,-36.49171
1388082656.25,-36.49994
1388082812.5,-36.48853
1388082968.75,-36.47823
1388083125.0,-36.49236
1388083281.25,-36.49116
1388083437.5,-36.4921
1388083593.75,-36.49105
1388083750.0,-36.47424
1388083906.25,-36.49984
1388084062.5,-36.49429
1388084218.75,-36.48378
1388084375.0,-36.49415
1388084531.25,-36.47695
1388084687.5,-36.48726
1388084843.75,-36.47537
1388085000.0,-36.48613
1388085156.25,-36.47307
1388085312.5,-36.48734
1388085468.75,-36.47332
1388085625.0,-36.47204
1388085781.25,-36.48129
1388085937.5,-36.47918
1388086093.75,-36.47042
1388086250.0,-36.48444
1388086406.25,-36.47392
1388086562.5,-36.471
1388086718.75,-36.47774
1388086875.0,-36.47311
1388087031.25,-36.4756
1388087187.5,-36.47023
1388087343.75,-36.46975
1388087500.0,-36.47554
1388087656.25,-36.46356
1388087812.5,-36.46904
1388087968.75,-36.46617
1388088125.0,-36.47025
1388088281.25,-36.45853
1388088437.5,-36.46822
1388088593.75,-36.45937
1388088750.0,-36.45786
1388088906.25,-36.46893
1388089062.5,-36.46959
1388089218.75,-36.4583
1388089375.0,-36.46595
1388089531.25,-36.46475
1388089687.5,-36.47641
1388089843.75,-36.472
1388090000.0,-36.44287
1388090156.25,-36.46298
1388090312.5,-36.46106
1388090468.75,-36.45536
1388090625.0,-36.46278
1388090781.25,-36.45713
1388090937.5,-36.45065
1388091093.75,-36.4608
1388091250.0,-36.46529
1388091406.25,-36.45561
1388091562.5,-36.44965
1388091718.75,-36.45024
1388091875.0,-36.44615
1388092031.25,-36.44308
1388092187.5,-36.45918
1388092343.75,-36.45533
1388092500.0,-36.45234
1388092656.25,-36.44829
1388092812.5,-36.45135
1388092968.75,-36.45503
1388093125.0,-36.44628
1388093281.25,-36.44456
1388093437.5,-36.44231
1388093593.75,-36.44586
1388093750.0,-36.45297
1388093906.25,-36.45339
1388094062.5,-36.44325
1388094218.75,-36.43771
1388094375.0,-36.45285
1388094531.25,-36.43978
1388094687.5,-36.44956
1388094843.75,-36.44904
1388095000.0,-36.43471
1388095156.25,-36.44965
1388095312.5,-36.44493
1388095468.75,-36.43261
1388095625.0,-36.42926
1388095781.25,-36.44149
1388095937.5,-36.44455
1388096093.75,-36.43483
1388096250.0,-36.44193
1388096406.25,-36.43637
1388096562.5,-36.43176
1388096718.75,-36.43689
1388096875.0,-36.43401
1388097031.25,-36.4238
1388097187.5,-36.42649
1388097343.75,-36.44517
1388097500.0,-36.43837
1388097656.25,-36.43092
1388097812.5,-36.42839
1388097968.75,-36.42643
1388098125.0,-36.4476
1388098281.25,-36.44053
1388098437.5,-36.43024
1388098593.75,-36.42605
1388098750.0,-36.44089
1388098906.25,-36.42886
1388099062.5,-36.42769
1388099218.75,-36.42838
1388099375.0,-36.43057
1388099531.25,-36.42462
1388099687.5,-36.42818
1388099843.75,-36.41703
1388100000.0,-36.42577
1388100156.25,-36.42584
1388100312.5,-36.41512
1388100468.75,-36.41508
1388100625.0,-36.42078
1388100781.25,-36.42115
1388100937.5,-36.41004
1388101093.75,-36.41192
1388101250.0,-36.42035
1388101406.25,-36.41379
1388101562.5,-36.41761
1388101718.75,-36.41788
1388101875.0,-36.40379
1388102031.25,-36.41146
1388102187.5,-36.41639
1388102343.75,-36.41841
1388102500.0,-36.41023
1388102656.25,-36.42233
1388102812.5,-36.39763
1388102968.75,-36.40892
1388103125.0,-36.40799
1388103281.25,-36.41618
1388103437.5,-36.41029
1388103593.75,-36.40332
1388103750.0,-36.39938
1388103906.25,-36.40383
1388104062.5,-36.41419
1388104218.75,-36.4002
1388104375.0,-36.40476
1388104531.25,-36.4038
1388104687.5,-36.41031
1388104843.75,-36.40607
1388105000.0,-36.39754
1388105156.25,-36.40451
1388105312.5,-36.39654
1388105468.75,-36.40406
1388105625.0,-36.40446
1388105781.25,-36.39019
1388105937.5,-36.40117
1388106093.75,-36.4067
1388106250.0,-36.4019
1388106406.25,-36.38994
1388106562.5,-36.40355
1388106718.75,-36.39383
1388106875.0,-36.39827
1388107031.25,-36.39293
1388107187.5,-36.40076
1388107343.75,-36.39307
1388107500.0,-36.39695
1388107656.25,-36.39347
1388107812.5,-36.39238
1388107968.75,-36.38738
1388108125.0,-36.4001
1388108281.25,-36.38354
1388108437.5,-36.38618
1388108593.75,-36.40499
1388108750.0,-36.38618
1388108906.25,-36.38889
1388109062.5,-36.38128
1388109218.75,-36.38629
1388109375.0,-36.38949
1388109531.25,-36.38811
1388109687.5,-36.3786
1388109843.75,-36.38318
1388110000.0,-36.37771
1388110156.25,-36.38549
1388110312.5,-36.39
1388110468.75,-36.38304
1388110625.0,-36.37765
1388110781.25,-36.38234
1388110937.5,-36.38823
1388111093.75,-36.37195
1388111250.0,-36.38433
1388111406.25,-36.37899
1388111562.5,-36.37169
1388111718.75,-36.3864
1388111875.0,-36.38195
1388112031.25,-36.38057
1388112187.5,-36.37496
1388112343.75,-36.36934
1388112500.0,-36.37699
1388112656.25,-36.37652
1388112812.5,-36.37796
1388112968.75,-36.37219
1388113125.0,-36.36745
1388113281.25,-36.36581
1388113437.5,-36.36492
1388113593.75,-36.37202
1388113750.0,-36.36159
1388113906.25,-36.3763
1388114062.5,-36.36684
1388114218.75,-36.374
1388114375.0,-36.36131
1388114531.25,-36.35967
1388114687.5,-36.3756
1388114843.75,-36.36214
1388115000.0,-36.36288
1388115156.25,-36.37211
1388115312.5,-36.36275
1388115468.75,-36.35753
1388115625.0,-36.34458
1388115781.25,-36.3598
1388115937.5,-36.37262
1388116093.75,-36.36199
1388116250.0,-36.35241
1388116406.25,-36.3605
1388116562.5,-36.37585
1388116718.75,-36.35711
1388116875.0,-36.36533
1388117031.25,-36.34137
1388117187.5,-36.35114
1388117343.75,-36.35433
1388117500.0,-36.35487
1388117656.25,-36.34598
1388117812.5,-36.35454
1388117968.75,-36.34624
1388118125.0,-36.34635
1388118281.25,-36.35249
1388118437.5,-36.34643
1388118593.75,-36.34773
1388118750.0,-36.34843
1388118906.25,-36.34968
1388119062.5,-36.34555
1388119218.75,-36.34964
1388119375.0,-36.34953
1388119531.25,-36.34643
1388119687.5,-36.33981
1388119843.75,-36.34988
1388120000.0,-36.3565
1388120156.25,-36.34385
1388120312.5,-36.33733
1388120468.75,-36.35083
1388120625.0,-36.33079
1388120781.25,-36.3363
1388120937.5,-36.33495
1388121093.75,-36.3388
1388121250.0,-36.32837
1388121406.25,-36.34137
1388121562.5,-36.33159
1388121718.75,-36.33375
1388121875.0,-36.32673
1388122031.25,-36.32964
1388122187.5,-36.32969
1388122343.75,-36.33672
1388122500.0,-36.32489
1388122656.25,-36.33068
1388122812.5,-36.33226
1388122968.75,-36.33392
1388123125.0,-36.33582
1388123281.25,-36.32752
1388123437.5,-36.33736
1388123593.75,-36.31953
1388123750.0,-36.32898
1388123906.25,-36.32591
1388124062.5,-36.32077
1388124218.75,-36.32747
1388124375.0,-36.33407
1388124531.25,-36.31998
1388124687.5,-36.32358
1388124843.75,-36.32788
1388125000.0,-36.32806
1388125156.25,-36.32307
1388125312.5,-36.31938
1388125468.75,-36.32101
1388125625.0,-36.31765
1388125781.25,-36.32239
1388125937.5,-36.32448
1388126093.75,-36.32127
1388126250.0,-36.32818
1388126406.25,-36.31213
1388126562.5,-36.31459
1388126718.75,-36.30315
1388126875.0,-36.31316
1388127031.25,-36.31949
1388127187.5,-36.31863
1388127343.75,-36.32062
1388127500.0,-36.32426
1388127656.25,-36.32035
1388127812.5,-36.32141
1388127968.75,-36.31601
1388128125.0,-36.30747
1388128281.25,-36.30368
1388128437.5,-36.30403
1388128593.75,-36.30959
1388128750.0,-36.30131
1388128906.25,-36.31037
1388129062.5,-36.30733
1388129218.75,-36.30072
1388129375.0,-36.31278
1388129531.25,-36.30842
1388129687.5,-36.30071
1388129843.75,-36.30728
1388130000.0,-36.29566
1388130156.25,-36.30992
1388130312.5,-36.30207
1388130468.75,-36.29831
1388130625.0,-36.30279
1388130781.25,-36.30517
1388130937.5,-36.29506
1388131093.75,-36.30173
1388131250.0,-36.29814
1388131406.25,-36.29949
1388131562.5,-36.29821
1388131718.75,-36.29759
1388131875.0,-36.29691
1388132031.25,-36.28978
1388132187.5,-36.28548
1388132343.75,-36.30555
1388132500.0,-36.28787
1388132656.25,-36.30165
1388132812.5,-36.2843
1388132968.75,-36.28644
1388133125.0,-36.29421
1388133281.25,-36.28003
1388133437.5,-36.30163
1388133593.75,-36.28791
1388133750.0,-36.29103
1388133906.25,-36.27918
1388134062.5,-36.2855
1388134218.75,-36.28865
1388134375.0,-36.2808
1388134531.25,-36.29684
1388134687.5,-36.27797
1388134843.75,-36.29031
1388135000.0,-36.29055
1388135156.25,-36.27714
1388135312.5,-36.29017
1388135468.75,-36.28094
1388135625.0,-36.27255
1388135781.25,-36.27713
1388135937.5,-36.27957
1388136093.75,-36.27162
1388136250.0,-36.26443
1388136406.25,-36.27199
1388136562.5,-36.28004
1388136718.75,-36.2795
1388136875.0,-36.27359
1388137031.25,-36.27597
1388137187.5,-36.28078
1388137343.75,-36.26889
1388137500.0,-36.27525
1388137656.25,-36.27145
1388137812.5,-36.26807
1388137968.75,-36.27061
1388138125.0,-36.2624
1388138281.25,-36.27218
1388138437.5,-36.26769
1388138593.75,-36.27048
1388138750.0,-36.2727
1388138906.25,-36.26629
1388139062.5,-36.27536
1388139218.75,-36.26915
1388139375.0,-36.25892
1388139531.25,-36.25589
1388139687.5,-36.26458
1388139843.75,-36.26719
1388140000.0,-36.26592
1388140156.25,-36.26268
1388140312.5,-36.26119
1388140468.75,-36.25871
1388140625.0,-36.25733
1388140781.25,-36.25117
1388140937.5,-36.25952
1388141093.75,-36.25748
1388141250.0,-36.25406
1388141406.25,-36.25258
1388141562.5,-36.25927
1388141718.75,-36.25473
1388141875.0,-36.2555
1388142031.25,-36.24958
1388142187.5,-36.24568
1388142343.75,-36.25594
1388142500.0,-36.25032
1388142656.25,-36.25814
1388142812.5,-36.24407
1388142968.75,-36.25615
1388143125.0,-36.24401
1388143281.25,-36.24286
1388143437.5,-36.24595
1388143593.75,-36.24992
1388143750.0,-36.25141
1388143906.25,-36.2309
1388144062.5,-36.24645
1388144218.75,-36.23483
1388144375.0,-36.24541
1388144531.25,-36.24768
1388144687.5,-36.24448
1388144843.75,-36.23457
1388145000.0,-36.23587
1388145156.25,-36.24815
1388145312.5,-36.24662
1388145468.75,-36.24848
1388145625.0,-36.23449
1388145781.25,-36.23665
1388145937.5,-36.24681
1388146093.75,-36.24093
1388146250.0,-36.22524
1388146406.25,-36.23542
1388146562.5,-36.22719
1388146718.75,-36.23486
1388146875.0,-36.24118
1388147031.25,-36.23272
1388147187.5,-36.22725
1388147343.75,-36.23314
1388147500.0,-36.23637
1388147656.25,-36.24096
1388147812.5,-36.23528
1388147968.75,-36.22115
1388148125.0,-36.23583
1388148281.25,-36.237
1388148437.5,-36.22559
1388148593.75,-36.22817
1388148750.0,-36.22499
1388148906.25,-36.23405
1388149062.5,-36.22329
1388149218.75,-36.22482
1388149375.0,-36.22864
1388149531.25,-36.22652
1388149687.5,-36.22016
1388149843.75,-36.22243
1388150000.0,-36.22361
1388150156.25,-36.21574
1388150312.5,-36.21777
1388150468.75,-36.21292
1388150625.0,-36.22214
1388150781.25,-36.22001
1388150937.5,-36.21688
1388151093.75,-36.2207
1388151250.0,-36.21609
1388151406.25,-36.21417
1388151562.5,-36.21399
1388151718.75,-36.22118
1388151875.0,-36.21394
1388152031.25,-36.21792
1388152187.5,-36.21037
1388152343.75,-36.21002
1388152500.0,-36.21341
1388152656.25,-36.21612
1388152812.5,-36.2075
1388152968.75,-36.2049
1388153125.0,-36.21296
1388153281.25,-36.21278
1388153437.5,-36.20745
1388153593.75,-36.20636
1388153750.0,-36.20446
1388153906.25,-36.20198
1388154062.5,-36.19853
1388154218.75,-36.19465
1388154375.0,-36.2056
1388154531.25,-36.20488
1388154687.5,-36.20565
1388154843.75,-36.19523
1388155000.0,-36.19856
1388155156.25,-36.20065
1388155312.5,-36.20461
1388155468.75,-36.1925
1388155625.0,-36.20288
1388155781.25,-36.20593
1388155937.5,-36.19414
1388156093.75,-36.19175
1388156250.0,-36.20047
1388156406.25,-36.19645
1388156562.5,-36.19285
1388156718.75,-36.19069
1388156875.0,-36.1988
1388157031.25,-36.20031
1388157187.5,-36.20531
1388157343.75,-36.19337
1388157500.0,-36.18551
1388157656.25,-36.18782
1388157812.5,-36.17828
1388157968.75,-36.18593
1388158125.0,-36.19154
1388158281.25,-36.18641
1388158437.5,-36.18877
1388158593.75,-36.18306
1388158750.0,-36.19455
1388158906.25,-36.17557
1388159062.5,-36.18071
1388159218.75,-36.17826
1388159375.0,-36.1835
1388159531.25,-36.17799
1388159687.5,-36.1881
1388159843.75,-36.18208
1388160000.0,-36.18153
1388160156.25,-36.1738
1388160312.5,-36.17885
1388160468.75,-36.16651
1388160625.0,-36.18156
1388160781.25,-36.17104
1388160937.5,-36.17224
1388161093.75,-36.18124
1388161250.0,-36.17937
1388161406.25,-36.17273
1388161562.5,-36.17545
1388161718.75,-36.17416
1388161875.0,-36.16522
1388162031.25,-36.17861
1388162187.5,-36.17284
1388162343.75,-36.17107
1388162500.0,-36.17858
1388162656.25,-36.1673
1388162812.5,-36.17452
1388162968.75,-36.16392
1388163125.0,-36.16486
1388163281.25,-36.17727
1388163437.5,-36.17799
1388163593.75,-36.17117
1388163750.0,-36.16921
1388163906.25,-36.17568
1388164062.5,-36.17669
1388164218.75,-36.15919
1388164375.0,-36.16288
1388164531.25,-36.16246
1388164687.5,-36.15903
1388164843.75,-36.16633
1388165000.0,-36.16542
1388165156.25,-36.16573
1388165312.5,-36.16061
1388165468.75,-36.15281
1388165625.0,-36.15193
1388165781.25,-36.15488
1388165937.5,-36.15542
1388166093.75,-36.16164
1388166250.0,-36.15738
1388166406.25,-36.15713
1388166562.5,-36.15361
1388166718.75,-36.15997
1388166875.0,-36.1498
1388167031.25,-36.15479
1388167187.5,-36.15458
1388167343.75,-36.15592
1388167500.0,-36.14935
1388167656.25,-36.14426
1388167812.5,-36.16064
1388167968.75,-36.1428
1388168125.0,-36.14714
1388168281.25,-36.15304
1388168437.5,-36.147
1388168593.75,-36.14095
1388168750.0,-36.14215
1388168906.25,-36.14397
1388169062.5,-36.1361
1388169218.75,-36.13945
1388169375.0,-36.15301
1388169531.25,-36.14521
1388169687.5,-36.13599
1388169843.75,-36.15165
1388170000.0,-36.13745
1388170156.25,-36.13996
1388170312.5,-36.13457
1388170468.75,-36.14189
1388170625.0,-36.13449
1388170781.25,-36.13059
1388170937.5,-36.13492
1388171093.75,-36.13592
1388171250.0,-36.14222
1388171406.25,-36.13228
1388171562.5,-36.13074
1388171718.75,-36.13747
1388171875.0,-36.12816
1388172031.25,-36.1376
1388172187.5,-36.13237
1388172343.75,-36.13867
1388172500.0,-36.13857
1388172656.25,-36.14014
1388172812.5,-36.13099
1388172968.75,-36.13538
1388173125.0,-36.12912
1388173281.25,-36.13403
1388173437.5,-36.12502
1388173593.75,-36.11729
1388173750.0,-36.12046
1388173906.25,-36.1203
1388174062.5,-36.12233
1388174218.75,-36.11842
1388174375.0,-36.1198
1388174531.25,-36.12472
1388174687.5,-36.12171
1388174843.75,-36.12543
1388175000.0,-36.12376
1388175156.25,-36.12516
1388175312.5,-36.11506
1388175468.75,-36.1076
1388175625.0,-36.12347
1388175781.25,-36.11953
1388175937.5,-36.12467
1388176093.75,-36.11401
1388176250.0,-36.10918
1388176406.25,-36.11984
1388176562.5,-36.11446
1388176718.75,-36.1181
1388176875.0,-36.11054
1388177031.25,-36.11445
1388177187.5,-36.1055
1388177343.75,-36.11726
1388177500.0,-36.10635
1388177656.25,-36.10945
1388177812.5,-36.11147
1388177968.75,-36.10313
1388178125.0,-36.11226
1388178281.25,-36.11677
1388178437.5,-36.10081
1388178593.75,-36.10139
1388178750.0,-36.10321
1388178906.25,-36.10273
1388179062.5,-36.11012
1388179218.75,-36.10455
1388179375.0,-36.09706
1388179531.25,-36.09839
1388179687.5,-36.09489
1388179843.75,-36.08921
1388180000.0,-36.10962
1388180156.25,-36.09273
1388180312.5,-36.10454
1388180468.75,-36.09705
1388180625.0,-36.09704
1388180781.25,-36.10226
1388180937.5,-36.09291
1388181093.75,-36.09654
1388181250.0,-36.08544
1388181406.25,-36.08672
1388181562.5,-36.09063
1388181718.75,-36.08343
1388181875.0,-36.09585
1388182031.25,-36.09914
1388182187.5,-36.09173
1388182343.75,-36.08946
1388182500.0,-36.08184
1388182656.25,-36.09228
1388182812.5,-36.08565
1388182968.75,-36.08644
1388183125.0,-36.0881
1388183281.25,-36.0898
1388183437.5,-36.08944
1388183593.75,-36.08184
1388183750.0,-36.09056
1388183906.25,-36.08772
1388184062.5,-36.08499
1388184218.75,-36.08575
1388184375.0,-36.07199
1388184531.25,-36.07495
1388184687.5,-36.08136
1388184843.75,-36.08643
1388185000.0,-36.0689
1388185156.25,-36.08004
1388185312.5,-36.07764
1388185468.75,-36.07602
1388185625.0,-36.076
1388185781.25,-36.07637
1388185937.5,-36.06517
1388186093.75,-36.07853
1388186250.0,-36.06964
1388186406.25,-36.07345
1388186562.5,-36.0679
1388186718.75,-36.07001
1388186875.0,-36.07498
1388187031.25,-36.0693
1388187187.5,-36.06518
1388187343.75,-36.08704
1388187500.0,-36.06714
1388187656.25,-36.07708
1388187812.5,-36.08249
1388187968.75,-36.07015
1388188125.0,-36.07148
1388188281.25,-36.06643
1388188437.5,-36.07191
1388188593.75,-36.05642
1388188750.0,-36.06595
1388188906.25,-36.06135
1388189062.5,-36.05981
1388189218.75,-36.05323
1388189375.0,-36.0658
1388189531.25,-36.06316
1388189687.5,-36.06032
1388189843.75,-36.05067
1388190000.0,-36.05167
1388190156.25,-36.06172
1388190312.5,-36.05467
1388190468.75,-36.05314
1388190625.0,-36.05905
1388190781.25,-36.04222
1388190937.5,-36.06076
1388191093.75,-36.05048
1388191250.0,-36.0625
1388191406.25,-36.05177
1388191562.5,-36.03981
1388191718.75,-36.05888
1388191875.0,-36.05356
1388192031.25,-36.04108
1388192187.5,-36.05107
1388192343.75,-36.05491
1388192500.0,-36.03477
1388192656.25,-36.05185
1388192812.5,-36.05101
1388192968.75,-36.04454
1388193125.0,-36.04712
1388193281.25,-36.05114
1388193437.5,-36.03477
1388193593.75,-36.04016
1388193750.0,-36.04668
1388193906.25,-36.04632
1388194062.5,-36.04083
1388194218.75,-36.04452
1388194375.0,-36.05357
1388194531.25,-36.03965
1388194687.5,-36.03951
1388194843.75,-36.04311
1388195000.0,-36.04688
1388195156.25,-36.02905
1388195312.5,-36.05062
1388195468.75,-36.04253
1388195625.0,-36.03323
1388195781.25,-36.03865
1388195937.5,-36.03055
1388196093.75,-36.03873
1388196250.0,-36.03165
1388196406.25,-36.03519
1388196562.5,-36.03182
1388196718.75,-36.03244
1388196875.0,-36.03212
1388197031.25,-36.04287
1388197187.5,-36.03125
1388197343.75,-36.03493
1388197500.0,-36.02824
1388197656.25,-36.02555
1388197812.5,-36.02961
1388197968.75,-36.02268
1388198125.0,-36.03172
1388198281.25,-36.03
1388198437.5,-36.02312
1388198593.75,-36.01958
1388198750.0,-36.02461
1388198906.25,-36.02153
1388199062.5,-36.01827
1388199218.75,-36.01695
1388199375.0,-36.00941
1388199531.25,-36.03129
1388199687.5,-36.0248
1388199843.75,-36.02255
1388200000.0,-36.01556
1388200156.25,-36.01821
1388200312.5,-36.01312
1388200468.75,-36.01912
1388200625.0,-36.01196
1388200781.25,-36.0101
1388200937.5,-36.01119
1388201093.75,-36.01567
1388201250.0,-36.01349
1388201406.25,-36.02162
1388201562.5,-36.00666
1388201718.75,-36.00611
1388201875.0,-36.01096
1388202031.25,-36.01884
1388202187.5,-36.01371
1388202343.75,-36.01474
1388202500.0,-36.01261
1388202656.25,-36.00869
1388202812.5,-36.00567
1388202968.75,-36.01223
1388203125.0,-36.00377
1388203281.25,-36.00502
1388203437.5,-35.99359
1388203593.75,-36.00772
1388203750.0,-35.99088
1388203906.25,-36.00171
1388204062.5,-36.00681
1388204218.75,-36.00496
1388204375.0,-36.00216
1388204531.25,-36.00035
1388204687.5,-35.99308
1388204843.75,-35.99842
1388205000.0,-35.99509
1388205156.25,-35.99079
1388205312.5,-35.99502
1388205468.75,-36.00162
1388205625.0,-35.9982
1388205781.25,-35.99403
1388205937.5,-35.98579
1388206093.75,-35.99959
1388206250.0,-35.99408
1388206406.25,-35.98994
1388206562.5,-35.99157
1388206718.75,-35.98597
1388206875.0,-35.98329
1388207031.25,-35.978
1388207187.5,-35.98677
1388207343.75,-35.98026
1388207500.0,-35.98854
1388207656.25,-35.9957
1388207812.5,-35.99007
1388207968.75,-35.98272
1388208125.0,-35.98472
1388208281.25,-35.97738
1388208437.5,-35.9908
1388208593.75,-35.98828
1388208750.0,-35.97463
1388208906.25,-35.98224
1388209062.5,-35.97622
1388209218.75,-35.97755
1388209375.0,-35.96438
1388209531.25,-35.96995
1388209687.5,-35.9785
1388209843.75,-35.97445
1388210000.0,-35.9808
1388210156.25,-35.97701
1388210312.5,-35.97792
1388210468.75,-35.97677
1388210625.0,-35.97707
1388210781.25,-35.97605
1388210937.5,-35.97045
1388211093.75,-35.95994
1388211250.0,-35.96684
1388211406.25,-35.96379
1388211562.5,-35.96807
1388211718.75,-35.97559
1388211875.0,-35.96805
1388212031.25,-35.96938
1388212187.5,-35.95742
1388212343.75,-35.96247
1388212500.0,-35.96117
1388212656.25,-35.96049
1388212812.5,-35.96098
1388212968.75,-35.96611
1388213125.0,-35.96578
1388213281.25,-35.96183
1388213437.5,-35.96808
1388213593.75,-35.96851
1388213750.0,-35.97188
1388213906.25,-35.96437
1388214062.5,-35.96177
1388214218.75,-35.96824
1388214375.0,-35.9653
1388214531.25,-35.95184
1388214687.5,-35.96507
1388214843.75,-35.9487
1388215000.0,-35.95469
1388215156.25,-35.9566
1388215312.5,-35.95878
1388215468.75,-35.94913
1388215625.0,-35.95385
1388215781.25,-35.95705
1388215937.5,-35.94139
1388216093.75,-35.94904
1388216250.0,-35.95324
1388216406.25,-35.94487
1388216562.5,-35.94482
1388216718.75,-35.94941
1388216875.0,-35.94523
1388217031.25,-35.9399
1388217187.5,-35.94715
1388217343.75,-35.94442
1388217500.0,-35.94614
1388217656.25,-35.92749
1388217812.5,-35.94762
1388217968.75,-35.94
1388218125.0,-35.94455
1388218281.25,-35.93499
1388218437.5,-35.93337
1388218593.75,-35.93901
1388218750.0,-35.94104
1388218906.25,-35.92878
1388219062.5,-35.94614
1388219218.75,-35.9346
1388219375.0,-35.93774
1388219531.25,-35.93629
1388219687.5,-35.94033
1388219843.75,-35.93097
1388220000.0,-35.94349
1388220156.25,-35.93412
1388220312.5,-35.92619
1388220468.75,-35.93673
1388220625.0,-35.94107
1388220781.25,-35.92947
1388220937.5,-35.92238
1388221093.75,-35.93555
1388221250.0,-35.93066
1388221406.25,-35.91655
1388221562.5,-35.93188
1388221718.75,-35.93154
1388221875.0,-35.92635
1388222031.25,-35.93283
1388222187.5,-35.932
1388222343.75,-35.92854
1388222500.0,-35.91555
1388222656.25,-35.92045
1388222812.5,-35.92582
1388222968.75,-35.92562
1388223125.0,-35.91755
1388223281.25,-35.91238
1388223437.5,-35.92862
1388223593.75,-35.93011
1388223750.0,-35.91183
1388223906.25,-35.92819
1388224062.5,-35.91104
1388224218.75,-35.92041
1388224375.0,-35.91275
1388224531.25,-35.91797
1388224687.5,-35.91674
1388224843.75,-35.90743
1388225000.0,-35.91208
1388225156.25,-35.92014
1388225312.5,-35.91603
1388225468.75,-35.91138
1388225625.0,-35.90072
1388225781.25,-35.90578
1388225937.5,-35.91032
1388226093.75,-35.90426
1388226250.0,-35.90172
1388226406.25,-35.90735
1388226562.5,-35.90293
1388226718.75,-35.89627
1388226875.0,-35.89545
1388227031.25,-35.89593
1388227187.5,-35.90404
1388227343.75,-35.91588
1388227500.0,-35.91634
1388227656.25,-35.90456
1388227812.5,-35.90387
1388227968.75,-35.89908
1388228125.0,-35.89766
1388228281.25,-35.89765
1388228437.5,-35.88662
1388228593.75,-35.89316
1388228750.0,-35.9101
1388228906.25,-35.90213
1388229062.5,-35.88828
1388229218.75,-35.90357
1388229375.0,-35.89065
1388229531.25,-35.90041
1388229687.5,-35.89376
1388229843.75,-35.89185
1388230000.0,-35.89449
1388230156.25,-35.90374
1388230312.5,-35.89648
1388230468.75,-35.88964
1388230625.0,-35.88733
1388230781.25,-35.88427
1388230937.5,-35.88486
1388231093.75,-35.88553
1388231250.0,-35.89292
1388231406.25,-35.88227
1388231562.5,-35.88589
1388231718.75,-35.89629
1388231875.0,-35.88195
1388232031.25,-35.88269
1388232187.5,-35.87934
1388232343.75,-35.88429
1388232500.0,-35.88305
1388232656.25,-35.87821
1388232812.5,-35.88318
1388232968.75,-35.87704
1388233125.0,-35.88087
1388233281.25,-35.87305
1388233437.5,-35.87842
1388233593.75,-35.87248
1388233750.0,-35.87704
1388233906.25,-35.8716
1388234062.5,-35.88028
1388234218.75,-35.8732
1388234375.0,-35.87604
1388234531.25,-35.86755
1388234687.5,-35.87846
1388234843.75,-35.87084
1388235000.0,-35.87604
1388235156.25,-35.87113
1388235312.5,-35.86751
1388235468.75,-35.86077
1388235625.0,-35.86253
1388235781.25,-35.85806
1388235937.5,-35.86124
1388236093.75,-35.86377
1388236250.0,-35.8667
1388236406.25,-35.8681
1388236562.5,-35.8609
1388236718.75,-35.86998
1388236875.0,-35.85985
1388237031.25,-35.84702
1388237187.5,-35.85799
1388237343.75,-35.8644
1388237500.0,-35.85979
1388237656.25,-35.86301
1388237812.5,-35.86191
1388237968.75,-35.85418
1388238125.0,-35.85564
1388238281.25,-35.8597
1388238437.5,-35.85888
1388238593.75,-35.85637
1388238750.0,-35.85932
1388238906.25,-35.8587
1388239062.5,-35.8456
1388239218.75,-35.86053
1388239375.0,-35.84409
1388239531.25,-35.86164
1388239687.5,-35.85194
1388239843.75,-35.85085
1388240000.0,-35.84995
1388240156.25,-35.84109
1388240312.5,-35.8454
1388240468.75,-35.85146
1388240625.0,-35.85199
1388240781.25,-35.85523
1388240937.5,-35.8374
1388241093.75,-35.83508
1388241250.0,-35.84464
1388241406.25,-35.8429
1388241562.5,-35.84559
1388241718.75,-35.84494
1388241875.0,-35.84673
1388242031.25,-35.83723
1388242187.5,-35.84937
1388242343.75,-35.83533
1388242500.0,-35.83811
1388242656.25,-35.84122
1388242812.5,-35.84843
1388242968.75,-35.83827
1388243125.0,-35.83587
1388243281.25,-35.83953
1388243437.5,-35.83189
1388243593.75,-35.824
1388243750.0,-35.83402
1388243906.25,-35.8291
1388244062.5,-35.83346
1388244218.75,-35.82776
1388244375.0,-35.8396
1388244531.25,-35.83345
1388244687.5,-35.82302
1388244843.75,-35.83103
1388245000.0,-35.82322
1388245156.25,-35.83195
1388245312.5,-35.83281
1388245468.75,-35.82956
1388245625.0,-35.83363
1388245781.25,-35.82188
1388245937.5,-35.82335
1388246093.75,-35.8227
1388246250.0,-35.82593
1388246406.25,-35.82475
1388246562.5,-35.82176
1388246718.75,-35.81755
1388246875.0,-35.81683
1388247031.25,-35.82443
1388247187.5,-35.82524
1388247343.75,-35.81478
1388247500.0,-35.81749
1388247656.25,-35.81029
1388247812.5,-35.82254
1388247968.75,-35.81763
1388248125.0,-35.82158
1388248281.25,-35.81344
1388248437.5,-35.82285
1388248593.75,-35.81473
1388248750.0,-35.8129
1388248906.25,-35.80376
1388249062.5,-35.80597
1388249218.75,-35.82634
1388249375.0,-35.80432
1388249531.25,-35.81156
1388249687.5,-35.80743
1388249843.75,-35.80577
1388250000.0,-35.81072
1388250156.25,-35.81345
1388250312.5,-35.80838
1388250468.75,-35.80398
1388250625.0,-35.81213
1388250781.25,-35.80479
1388250937.5,-35.80409
1388251093.75,-35.79638
1388251250.0,-35.79714
1388251406.25,-35.80076
1388251562.5,-35.79786
1388251718.75,-35.80047
1388251875.0,-35.7909
1388252031.25,-35.79732
1388252187.5,-35.79795
1388252343.75,-35.80852
1388252500.0,-35.8063
1388252656.25,-35.79172
1388252812.5,-35.79512
1388252968.75,-35.78641
1388253125.0,-35.79749
1388253281.25,-35.8
1388253437.5,-35.79197
1388253593.75,-35.78406
1388253750.0,-35.78839
1388253906.25,-35.79805
1388254062.5,-35.78931
1388254218.75,-35.80022
1388254375.0,-35.7918
1388254531.25,-35.78212
1388254687.5,-35.78556
1388254843.75,-35.7854
1388255000.0,-35.78494
1388255156.25,-35.78206
1388255312.5,-35.78265
1388255468.75,-35.78775
1388255625.0,-35.77866
1388255781.25,-35.78767
1388255937.5,-35.78846
1388256093.75,-35.78125
1388256250.0,-35.78125
1388256406.25,-35.77773
1388256562.5,-35.78127
1388256718.75,-35.78141
1388256875.0,-35.77954
1388257031.25,-35.78685
1388257187.5,-35.77083
1388257343.75,-35.77736
1388257500.0,-35.77427
1388257656.25,-35.78644
1388257812.5,-35.77608
1388257968.75,-35.78096
1388258125.0,-35.78061
1388258281.25,-35.77586
1388258437.5,-35.77325
1388258593.75,-35.76336
1388258750.0,-35.76811
1388258906.25,-35.76825
1388259062.5,-35.76851
1388259218.75,-35.77358
1388259375.0,-35.77198
1388259531.25,-35.77164
1388259687.5,-35.76633
1388259843.75,-35.76462
1388260000.0,-35.7629
1388260156.25,-35.77351
1388260312.5,-35.7637
1388260468.75,-35.76503
1388260625.0,-35.75752
1388260781.25,-35.75908
1388260937.5,-35.76059
1388261093.75,-35.75461
1388261250.0,-35.76052
1388261406.25,-35.75745
1388261562.5,-35.74937
1388261718.75,-35.75799
1388261875.0,-35.75762
1388262031.25,-35.75676
1388262187.5,-35.758
1388262343.75,-35.74968
1388262500.0,-35.74963
1388262656.25,-35.76378
1388262812.5,-35.75713
1388262968.75,-35.75106
1388263125.0,-35.75158
1388263281.25,-35.74181
1388263437.5,-35.7477
1388263593.75,-35.74279
1388263750.0,-35.75217
1388263906.25,-35.74691
1388264062.5,-35.75408
1388264218.75,-35.74473
1388264375.0,-35.7538
1388264531.25,-35.74365
1388264687.5,-35.7491
1388264843.75,-35.74002
1388265000.0,-35.73098
1388265156.25,-35.74829
1388265312.5,-35.74224
1388265468.75,-35.73578
1388265625.0,-35.73869
1388265781.25,-35.74394
1388265937.5,-35.73497
1388266093.75,-35.73089
1388266250.0,-35.7392
1388266406.25,-35.73719
1388266562.5,-35.74018
1388266718.75,-35.73608
1388266875.0,-35.72801
1388267031.25,-35.73672
1388267187.5,-35.73648
1388267343.75,-35.74269
1388267500.0,-35.73079
1388267656.25,-35.74866
1388267812.5,-35.72535
1388267968.75,-35.72345
1388268125.0,-35.73085
1388268281.25,-35.72276
1388268437.5,-35.73232
1388268593.75,-35.73049
1388268750.0,-35.72713
1388268906.25,-35.72483
1388269062.5,-35.7253
1388269218.75,-35.72343
1388269375.0,-35.71985
1388269531.25,-35.72891
1388269687.5,-35.72305
1388269843.75,-35.72296
1388270000.0,-35.72425
1388270156.25,-35.72537
1388270312.5,-35.71904
1388270468.75,-35.72194
1388270625.0,-35.71723
1388270781.25,-35.72063
1388270937.5,-35.72076
1388271093.75,-35.72073
1388271250.0,-35.71717
1388271406.25,-35.71765
1388271562.5,-35.71156
1388271718.75,-35.71631
1388271875.0,-35.71342
1388272031.25,-35.71861
1388272187.5,-35.71916
1388272343.75,-35.70655
1388272500.0,-35.71035
1388272656.25,-35.71017
1388272812.5,-35.71308
1388272968.75,-35.71294
1388273125.0,-35.70243
1388273281.25,-35.69984
1388273437.5,-35.69292
1388273593.75,-35.71638
1388273750.0,-35.69724
1388273906.25,-35.70852
1388274062.5,-35.71166
1388274218.75,-35.70233
1388274375.0,-35.70847
1388274531.25,-35.69901
1388274687.5,-35.70382
1388274843.75,-35.70129
1388275000.0,-35.69637
1388275156.25,-35.7099
1388275312.5,-35.70036
1388275468.75,-35.69265
1388275625.0,-35.70994
1388275781.25,-35.70746
1388275937.5,-35.69728
1388276093.75,-35.70615
1388276250.0,-35.6984
1388276406.25,-35.69342
1388276562.5,-35.68121
1388276718.75,-35.69043
1388276875.0,-35.70047
1388277031.25,-35.68949
1388277187.5,-35.68534
1388277343.75,-35.69083
1388277500.0,-35.69233
1388277656.25,-35.69096
1388277812.5,-35.68734
1388277968.75,-35.68225
1388278125.0,-35.68615
1388278281.25,-35.6862
1388278437.5,-35.68741
1388278593.75,-35.68493
1388278750.0,-35.68246
1388278906.25,-35.68288
1388279062.5,-35.69375
1388279218.75,-35.67766
1388279375.0,-35.68151
1388279531.25,-35.68041
1388279687.5,-35.68138
1388279843.75,-35.6817
1388280000.0,-35.67318
1388280156.25,-35.67231
1388280312.5,-35.68635
1388280468.75,-35.67545
1388280625.0,-35.6811
1388280781.25,-35.67835
1388280937.5,-35.6711
1388281093.75,-35.67676
1388281250.0,-35.68076
1388281406.25,-35.6799
1388281562.5,-35.67123
1388281718.75,-35.66156
1388281875.0,-35.68095
1388282031.25,-35.67083
1388282187.5,-35.67378
1388282343.75,-35.66607
1388282500.0,-35.66951
1388282656.25,-35.6673
1388282812.5,-35.66314
1388282968.75,-35.67504
1388283125.0,-35.66416
1388283281.25,-35.66244
1388283437.5,-35.66795
1388283593.75,-35.66755
1388283750.0,-35.66337
1388283906.25,-35.66053
1388284062.5,-35.66624
1388284218.75,-35.65243
1388284375.0,-35.66204
1388284531.25,-35.65898
1388284687.5,-35.66347
1388284843.75,-35.66867
1388285000.0,-35.65316
1388285156.25,-35.66124
1388285312.5,-35.66054
1388285468.75,-35.65862
1388285625.0,-35.65279
1388285781.25,-35.64977
1388285937.5,-35.64667
1388286093.75,-35.6454
1388286250.0,-35.65166
1388286406.25,-35.64417
1388286562.5,-35.65024
1388286718.75,-35.64313
1388286875.0,-35.65296
1388287031.25,-35.65631
1388287187.5,-35.65041
1388287343.75,-35.65225
1388287500.0,-35.64174
1388287656.25,-35.64425
1388287812.5,-35.64117
1388287968.75,-35.65147
1388288125.0,-35.64022
1388288281.25,-35.64885
1388288437.5,-35.65085
1388288593.75,-35.63831
1388288750.0,-35.64074
1388288906.25,-35.63822
1388289062.5,-35.64471
1388289218.75,-35.64799
1388289375.0,-35.63611
1388289531.25,-35.63967
1388289687.5,-35.64124
1388289843.75,-35.63762
1388290000.0,-35.63752
1388290156.25,-35.62743
1388290312.5,-35.64693
1388290468.75,-35.62989
1388290625.0,-35.6419
1388290781.25,-35.63377
1388290937.5,-35.63296
1388291093.75,-35.61668
1388291250.0,-35.62433
1388291406.25,-35.62266
1388291562.5,-35.63269
1388291718.75,-35.62304
1388291875.0,-35.6301
1388292031.25,-35.62616
1388292187.5,-35.63032
1388292343.75,-35.6257
1388292500.0,-35.62227
1388292656.25,-35.6267
1388292812.5,-35.6245
1388292968.75,-35.62085
1388293125.0,-35.62173
1388293281.25,-35.62876
1388293437.5,-35.61538
1388293593.75,-35.61504
1388293750.0,-35.62006
1388293906.25,-35.62254
1388294062.5,-35.62699
1388294218.75,-35.6121
1388294375.0,-35.61658
1388294531.25,-35.62009
1388294687.5,-35.62568
1388294843.75,-35.61351
1388295000.0,-35.61349
1388295156.25,-35.617
1388295312.5,-35.60315
1388295468.75,-35.61282
1388295625.0,-35.61816
1388295781.25,-35.6143
1388295937.5,-35.60786
1388296093.75,-35.61456
1388296250.0,-35.61357
1388296406.25,-35.60644
1388296562.5,-35.60643
1388296718.75,-35.60469
1388296875.0,-35.62084
1388297031.25,-35.61261
1388297187.5,-35.60741
1388297343.75,-35.60907
1388297500.0,-35.6134
1388297656.25,-35.59796
1388297812.5,-35.60384
1388297968.75,-35.60181
1388298125.0,-35.58757
1388298281.25,-35.59898
1388298437.5,-35.60384
1388298593.75,-35.60059
1388298750.0,-35.59247
1388298906.25,-35.59271
1388299062.5,-35.59474
1388299218.75,-35.58766
1388299375.0,-35.58456
1388299531.25,-35.61007
1388299687.5,-35.59446
1388299843.75,-35.58997
1388300000.0,-35.59484
1388300156.25,-35.59017
1388300312.5,-35.60027
1388300468.75,-35.5938
1388300625.0,-35.58699
1388300781.25,-35.58987
1388300937.5,-35.59071
1388301093.75,-35.59794
1388301250.0,-35.58669
1388301406.25,-35.59295
1388301562.5,-35.58548
1388301718.75,-35.59002
1388301875.0,-35.57701
1388302031.25,-35.59549
1388302187.5,-35.58472
1388302343.75,-35.58289
1388302500.0,-35.58673
1388302656.25,-35.57688
1388302812.5,-35.58259
1388302968.75,-35.57249
1388303125.0,-35.58729
1388303281.25,-35.57544
1388303437.5,-35.58022
1388303593.75,-35.57552
1388303750.0,-35.57615
1388303906.25,-35.57146
1388304062.5,-35.57838
1388304218.75,-35.57785
1388304375.0,-35.58078
1388304531.25,-35.56395
1388304687.5,-35.56654
1388304843.75,-35.56726
1388305000.0,-35.56991
1388305156.25,-35.57318
1388305312.5,-35.56829
1388305468.75,-35.56969
1388305625.0,-35.58018
1388305781.25,-35.58438
1388305937.5,-35.57295
1388306093.75,-35.57067
1388306250.0,-35.56403
1388306406.25,-35.55827
1388306562.5,-35.55229
1388306718.75,-35.56079
1388306875.0,-35.56066
1388307031.25,-35.56422
1388307187.5,-35.56345
1388307343.75,-35.5655
1388307500.0,-35.56035
1388307656.25,-35.5549
1388307812.5,-35.5628
1388307968.75,-35.56134
1388308125.0,-35.56414
1388308281.25,-35.55882
1388308437.5,-35.54818
1388308593.75,-35.56057
1388308750.0,-35.55445
1388308906.25,-35.55935
1388309062.5,-35.54549
1388309218.75,-35.55946
1388309375.0,-35.55231
1388309531.25,-35.55684
1388309687.5,-35.55675
1388309843.75,-35.55806
1388310000.0,-35.54691
1388310156.25,-35.54459
1388310312.5,-35.54879
1388310468.75,-35.54924
1388310625.0,-35.5474
1388310781.25,-35.5444
1388310937.5,-35.54866
1388311093.75,-35.54227
1388311250.0,-35.54045
1388311406.25,-35.5447
1388311562.5,-35.53419
1388311718.75,-35.53992
1388311875.0,-35.53826
1388312031.25,-35.54922
1388312187.5,-35.54268
1388312343.75,-35.53538
1388312500.0,-35.54138
1388312656.25,-35.52926
1388312812.5,-35.53161
1388312968.75,-35.53329
1388313125.0,-35.53859
1388313281.25,-35.5313
1388313437.5,-35.53685
1388313593.75,-35.53976
1388313750.0,-35.53566
1388313906.25,-35.53831
1388314062.5,-35.53114
1388314218.75,-35.52409
1388314375.0,-35.5323
1388314531.25,-35.54231
1388314687.5,-35.52517
1388314843.75,-35.51868
1388315000.0,-35.51852
1388315156.25,-35.52718
1388315312.5,-35.52821
1388315468.75,-35.52763
1388315625.0,-35.52465
1388315781.25,-35.52771
1388315937.5,-35.5321
1388316093.75,-35.52798
1388316250.0,-35.51583
1388316406.25,-35.52506
1388316562.5,-35.52144
1388316718.75,-35.52146
1388316875.0,-35.52298
1388317031.25,-35.50851
1388317187.5,-35.51649
1388317343.75,-35.50881
1388317500.0,-35.51904
1388317656.25,-35.51123
1388317812.5,-35.51881
1388317968.75,-35.50872
1388318125.0,-35.51657
1388318281.25,-35.51444
1388318437.5,-35.51543
1388318593.75,-35.51003
1388318750.0,-35.49789
1388318906.25,-35.52309
1388319062.5,-35.5091
1388319218.75,-35.51254
1388319375.0,-35.50683
1388319531.25,-35.50627
1388319687.5,-35.51775
1388319843.75,-35.51073
1388320000.0,-35.50879
1388320156.25,-35.50303
1388320312.5,-35.49829
1388320468.75,-35.50792
1388320625.0,-35.49927
1388320781.25,-35.51057
1388320937.5,-35.49771
1388321093.75,-35.50071
1388321250.0,-35.50611
1388321406.25,-35.5006
1388321562.5,-35.4955
1388321718.75,-35.49484
1388321875.0,-35.50364
1388322031.25,-35.49747
1388322187.5,-35.49351
1388322343.75,-35.49307
1388322500.0,-35.49532
1388322656.25,-35.48867
1388322812.5,-35.49636
1388322968.75,-35.48304
1388323125.0,-35.49025
1388323281.25,-35.48653
1388323437.5,-35.4909
1388323593.75,-35.49937
1388323750.0,-35.48376
1388323906.25,-35.49233
1388324062.5,-35.48621
1388324218.75,-35.48867
1388324375.0,-35.48186
1388324531.25,-35.48682
1388324687.5,-35.48314
1388324843.75,-35.48233
1388325000.0,-35.48464
1388325156.25,-35.48721
1388325312.5,-35.48813
1388325468.75,-35.48122
1388325625.0,-35.4798
1388325781.25,-35.48585
1388325937.5,-35.48572
1388326093.75,-35.48052
1388326250.0,-35.47392
1388326406.25,-35.47522
1388326562.5,-35.47605
1388326718.75,-35.47508
1388326875.0,-35.47271
1388327031.25,-35.46955
1388327187.5,-35.47543
1388327343.75,-35.46962
1388327500.0,-35.47598
1388327656.25,-35.48117
1388327812.5,-35.47086
1388327968.75,-35.47747
1388328125.0,-35.47081
1388328281.25,-35.45643
1388328437.5,-35.4609
1388328593.75,-35.46941
1388328750.0,-35.46925
1388328906.25,-35.47277
1388329062.5,-35.4561
1388329218.75,-35.46584
1388329375.0,-35.46441
1388329531.25,-35.45933
1388329687.5,-35.46568
1388329843.75,-35.45963
1388330000.0,-35.46299
1388330156.25,-35.46089
1388330312.5,-35.46177
1388330468.75,-35.45821
1388330625.0,-35.46325
1388330781.25,-35.45218
1388330937.5,-35.45034
1388331093.75,-35.45402
1388331250.0,-35.45836
1388331406.25,-35.45267
1388331562.5,-35.45138
1388331718.75,-35.44706
1388331875.0,-35.45105
1388332031.25,-35.45691
1388332187.5,-35.45417
1388332343.75,-35.44997
1388332500.0,-35.4479
1388332656.25,-35.45026
1388332812.5,-35.4454
1388332968.75,-35.4451
1388333125.0,-35.45082
1388333281.25,-35.45422
1388333437.5,-35.45467
1388333593.75,-35.44363
1388333750.0,-35.45189
1388333906.25,-35.44733
1388334062.5,-35.44129
1388334218.75,-35.44215
1388334375.0,-35.44571
1388334531.25,-35.44822
1388334687.5,-35.44967
1388334843.75,-35.43191
1388335000.0,-35.43711
1388335156.25,-35.43731
1388335312.5,-35.43547
1388335468.75,-35.44643
1388335625.0,-35.44044
1388335781.25,-35.43424
1388335937.5,-35.43148
1388336093.75,-35.44212
1388336250.0,-35.43383
1388336406.25,-35.43527
1388336562.5,-35.42453
1388336718.75,-35.42963
1388336875.0,-35.43484
1388337031.25,-35.42882
1388337187.5,-35.42746
1388337343.75,-35.42981
1388337500.0,-35.43169
1388337656.25,-35.42333
1388337812.5,-35.4333
1388337968.75,-35.42868
1388338125.0,-35.42966
1388338281.25,-35.41811
1388338437.5,-35.42606
1388338593.75,-35.41759
1388338750.0,-35.41729
1388338906.25,-35.4226
1388339062.5,-35.42611
1388339218.75,-35.42733
1388339375.0,-35.4217
1388339531.25,-35.41575
1388339687.5,-35.41929
1388339843.75,-35.42261
1388340000.0,-35.41241
1388340156.25,-35.42186
1388340312.5,-35.41708
1388340468.75,-35.41262
1388340625.0,-35.41024
1388340781.25,-35.42365
1388340937.5,-35.40811
1388341093.75,-35.41128
1388341250.0,-35.3988
1388341406.25,-35.41184
1388341562.5,-35.41356
1388341718.75,-35.40565
1388341875.0,-35.40483
1388342031.25,-35.40616
1388342187.5,-35.40378
1388342343.75,-35.42195
1388342500.0,-35.40839
1388342656.25,-35.40759
1388342812.5,-35.40115
1388342968.75,-35.40576
1388343125.0,-35.40868
1388343281.25,-35.40612
1388343437.5,-35.39981
1388343593.75,-35.40024
1388343750.0,-35.41373
1388343906.25,-35.39668
1388344062.5,-35.39433
1388344218.75,-35.40615
1388344375.0,-35.39598
1388344531.25,-35.40316
1388344687.5,-35.4066
1388344843.75,-35.39264
1388345000.0,-35.39017
1388345156.25,-35.39664
1388345312.5,-35.38639
1388345468.75,-35.39388
1388345625.0,-35.39325
1388345781.25,-35.38448
1388345937.5,-35.39516
1388346093.75,-35.39096
1388346250.0,-35.39663
1388346406.25,-35.38628
1388346562.5,-35.38966
1388346718.75,-35.38663
1388346875.0,-35.3926
1388347031.25,-35.39151
1388347187.5,-35.39528
1388347343.75,-35.38322
1388347500.0,-35.38041
1388347656.25,-35.38572
1388347812.5,-35.38587
1388347968.75,-35.37982
1388348125.0,-35.38088
1388348281.25,-35.36731
1388348437.5,-35.37482
1388348593.75,-35.3788
1388348750.0,-35.37567
1388348906.25,-35.37122
1388349062.5,-35.38124
1388349218.75,-35.37378
1388349375.0,-35.37717
1388349531.25,-35.38052
1388349687.5,-35.36649
1388349843.75,-35.37255
1388350000.0,-35.36853
1388350156.25,-35.37798
1388350312.5,-35.36876
1388350468.75,-35.36729
1388350625.0,-35.37138
1388350781.25,-35.36863
1388350937.5,-35.36404
1388351093.75,-35.37342
1388351250.0,-35.35976
1388351406.25,-35.37138
1388351562.5,-35.36437
1388351718.75,-35.36262
1388351875.0,-35.36337
1388352031.25,-35.36693
1388352187.5,-35.36674
1388352343.75,-35.37103
1388352500.0,-35.36138
1388352656.25,-35.37233
1388352812.5,-35.36059
1388352968.75,-35.35864
1388353125.0,-35.36417
1388353281.25,-35.35159
1388353437.5,-35.36348
1388353593.75,-35.34467
1388353750.0,-35.34344
1388353906.25,-35.36626
1388354062.5,-35.35018
1388354218.75,-35.34904
1388354375.0,-35.35328
1388354531.25,-35.35189
1388354687.5,-35.34895
1388354843.75,-35.34658
1388355000.0,-35.35538
1388355156.25,-35.34995
1388355312.5,-35.36126
1388355468.75,-35.35583
1388355625.0,-35.35127
1388355781.25,-35.35278
1388355937.5,-35.34038
1388356093.75,-35.35456
1388356250.0,-35.3462
1388356406.25,-35.3441
1388356562.5,-35.34464
1388356718.75,-35.34475
1388356875.0,-35.33801
1388357031.25,-35.34218
1388357187.5,-35.33578
1388357343.75,-35.33708
1388357500.0,-35.3422
1388357656.25,-35.3418
1388357812.5,-35.33441
1388357968.75,-35.34823
1388358125.0,-35.33774
1388358281.25,-35.32558
1388358437.5,-35.33072
1388358593.75,-35.33639
1388358750.0,-35.33031
1388358906.25,-35.32887
1388359062.5,-35.33907
1388359218.75,-35.33266
1388359375.0,-35.32564
1388359531.25,-35.32318
1388359687.5,-35.32691
1388359843.75,-35.33925
1388360000.0,-35.33052
1388360156.25,-35.32674
1388360312.5,-35.32288
1388360468.75,-35.33719
1388360625.0,-35.32766
1388360781.25,-35.32801
1388360937.5,-35.31649
1388361093.75,-35.32993
1388361250.0,-35.31776
1388361406.25,-35.32884
1388361562.5,-35.31416
1388361718.75,-35.31521
1388361875.0,-35.31465
1388362031.25,-35.3204
1388362187.5,-35.31013
1388362343.75,-35.30738
1388362500.0,-35.3267
1388362656.25,-35.31945
1388362812.5,-35.31115
1388362968.75,-35.31578
1388363125.0,-35.32097
1388363281.25,-35.32017
1388363437.5,-35.31195
1388363593.75,-35.31597
1388363750.0,-35.30451
1388363906.25,-35.30355
1388364062.5,-35.31077
1388364218.75,-35.30311
1388364375.0,-35.30403
1388364531.25,-35.31135
1388364687.5,-35.31549
1388364843.75,-35.30682
1388365000.0,-35.31616
1388365156.25,-35.30548
1388365312.5,-35.2971
1388365468.75,-35.30396
1388365625.0,-35.30225
1388365781.25,-35.30706
1388365937.5,-35.2942
1388366093.75,-35.29919
1388366250.0,-35.29853
1388366406.25,-35.30294
1388366562.5,-35.30191
1388366718.75,-35.30057
1388366875.0,-35.29657
1388367031.25,-35.28938
1388367187.5,-35.29636
1388367343.75,-35.29954
1388367500.0,-35.29507
1388367656.25,-35.30315
1388367812.5,-35.29428
1388367968.75,-35.28357
1388368125.0,-35.28101
1388368281.25,-35.29243
1388368437.5,-35.29026
1388368593.75,-35.28602
1388368750.0,-35.29447
1388368906.25,-35.28807
1388369062.5,-35.29299
1388369218.75,-35.26813
1388369375.0,-35.29176
1388369531.25,-35.28543
1388369687.5,-35.2789
1388369843.75,-35.28755
1388370000.0,-35.27912
1388370156.25,-35.28528
1388370312.5,-35.29039
1388370468.75,-35.2768
1388370625.0,-35.29206
1388370781.25,-35.2849
1388370937.5,-35.28234
1388371093.75,-35.27773
1388371250.0,-35.27102
1388371406.25,-35.26801
1388371562.5,-35.27264
1388371718.75,-35.27837
1388371875.0,-35.27361
1388372031.25,-35.27386
1388372187.5,-35.27734
1388372343.75,-35.27135
1388372500.0,-35.27067
1388372656.25,-35.27969
1388372812.5,-35.26301
1388372968.75,-35.27517
1388373125.0,-35.26279
1388373281.25,-35.26859
1388373437.5,-35.26838
1388373593.75,-35.2635
1388373750.0,-35.27244
1388373906.25,-35.26196
1388374062.5,-35.26938
1388374218.75,-35.25837
1388374375.0,-35.26482
1388374531.25,-35.26806
1388374687.5,-35.25549
1388374843.75,-35.25848
1388375000.0,-35.25392
1388375156.25,-35.25739
1388375312.5,-35.26501
1388375468.75,-35.25975
1388375625.0,-35.2566
1388375781.25,-35.251
1388375937.5,-35.25266
1388376093.75,-35.25586
1388376250.0,-35.25631
1388376406.25,-35.25987
1388376562.5,-35.24326
1388376718.75,-35.25691
1388376875.0,-35.255
1388377031.25,-35.25264
1388377187.5,-35.255
1388377343.75,-35.24554
1388377500.0,-35.24615
1388377656.25,-35.24752
1388377812.5,-35.24591
1388377968.75,-35.2471
1388378125.0,-35.24082
1388378281.25,-35.24319
1388378437.5,-35.24817
1388378593.75,-35.25376
1388378750.0,-35.2371
1388378906.25,-35.23493
1388379062.5,-35.24234
1388379218.75,-35.2506
1388379375.0,-35.24433
1388379531.25,-35.24258
1388379687.5,-35.23489
1388379843.75,-35.23755
1388380000.0,-35.23516
1388380156.25,-35.24107
1388380312.5,-35.23383
1388380468.75,-35.24257
1388380625.0,-35.23779
1388380781.25,-35.23535
1388380937.5,-35.22749
1388381093.75,-35.23682
1388381250.0,-35.22795
1388381406.25,-35.24033
1388381562.5,-35.22858
1388381718.75,-35.23378
1388381875.0,-35.22784
1388382031.25,-35.2307
1388382187.5,-35.22214
1388382343.75,-35.21749
1388382500.0,-35.22972
1388382656.25,-35.22863
1388382812.5,-35.22462
1388382968.75,-35.2265
1388383125.0,-35.22096
1388383281.25,-35.21691
1388383437.5,-35.23156
1388383593.75,-35.22428
1388383750.0,-35.23137
1388383906.25,-35.22493
1388384062.5,-35.22179
1388384218.75,-35.22568
1388384375.0,-35.21939
1388384531.25,-35.21003
1388384687.5,-35.22058
1388384843.75,-35.21236
1388385000.0,-35.21506
1388385156.25,-35.21044
1388385312.5,-35.20947
1388385468.75,-35.20558
1388385625.0,-35.2136
1388385781.25,-35.20979
1388385937.5,-35.21422
1388386093.75,-35.20765
1388386250.0,-35.21361
1388386406.25,-35.20427
1388386562.5,-35.20952
1388386718.75,-35.20634
1388386875.0,-35.21424
1388387031.25,-35.20487
1388387187.5,-35.19997
1388387343.75,-35.20345
1388387500.0,-35.20807
1388387656.25,-35.20163
1388387812.5,-35.20008
1388387968.75,-35.2018
1388388125.0,-35.20198
1388388281.25,-35.18841
1388388437.5,-35.19516
1388388593.75,-35.19936
1388388750.0,-35.2051
1388388906.25,-35.20179
1388389062.5,-35.20987
1388389218.75,-35.19362
1388389375.0,-35.19553
1388389531.25,-35.19323
1388389687.5,-35.19378
1388389843.75,-35.20753
1388390000.0,-35.19157
1388390156.25,-35.18269
1388390312.5,-35.19123
1388390468.75,-35.19167
1388390625.0,-35.18079
1388390781.25,-35.18466
1388390937.5,-35.19286
1388391093.75,-35.18419
1388391250.0,-35.18594
1388391406.25,-35.19142
1388391562.5,-35.17974
1388391718.75,-35.17877
1388391875.0,-35.18216
1388392031.25,-35.17748
1388392187.5,-35.1892
1388392343.75,-35.18211
1388392500.0,-35.18021
1388392656.25,-35.18184
1388392812.5,-35.18192
1388392968.75,-35.18316
1388393125.0,-35.17356
1388393281.25,-35.17209
1388393437.5,-35.17791
1388393593.75,-35.18113
1388393750.0,-35.17163
1388393906.25,-35.17104
1388394062.5,-35.17481
1388394218.75,-35.16911
1388394375.0,-35.17712
1388394531.25,-35.17805
1388394687.5,-35.17747
1388394843.75,-35.16661
1388395000.0,-35.16901
1388395156.25,-35.16824
1388395312.5,-35.17088
1388395468.75,-35.16423
1388395625.0,-35.17132
1388395781.25,-35.16628
1388395937.5,-35.1697
1388396093.75,-35.16622
1388396250.0,-35.16651
1388396406.25,-35.15526
1388396562.5,-35.16327
1388396718.75,-35.17019
1388396875.0,-35.15697
1388397031.25,-35.16702
1388397187.5,-35.1654
1388397343.75,-35.15491
1388397500.0,-35.15892
1388397656.25,-35.15682
1388397812.5,-35.16505
1388397968.75,-35.1564
1388398125.0,-35.1549
1388398281.25,-35.15812
1388398437.5,-35.15442
1388398593.75,-35.15051
1388398750.0,-35.15178
1388398906.25,-35.14825
1388399062.5,-35.15747
1388399218.75,-35.15249
1388399375.0,-35.15544
1388399531.25,-35.14006
1388399687.5,-35.1542
1388399843.75,-35.13965
1388400000.0,-35.14217
1388400156.25,-35.15469
1388400312.5,-35.14767
1388400468.75,-35.14279
1388400625.0,-35.14417
1388400781.25,-35.1448
1388400937.5,-35.14592
1388401093.75,-35.14798
1388401250.0,-35.14314
1388401406.25,-35.13131
1388401562.5,-35.14158
1388401718.75,-35.13453
1388401875.0,-35.14565
1388402031.25,-35.13765
1388402187.5,-35.13767
1388402343.75,-35.14589
1388402500.0,-35.14074
1388402656.25,-35.14223
1388402812.5,-35.12923
1388402968.75,-35.14186
1388403125.0,-35.13463
1388403281.25,-35.13508
1388403437.5,-35.13306
1388403593.75,-35.13167
1388403750.0,-35.12813
1388403906.25,-35.12621
1388404062.5,-35.13377
1388404218.75,-35.12351
1388404375.0,-35.13388
1388404531.25,-35.11972
1388404687.5,-35.13798
1388404843.75,-35.12563
1388405000.0,-35.12663
1388405156.25,-35.12496
1388405312.5,-35.12159
1388405468.75,-35.12419
1388405625.0,-35.12579
1388405781.25,-35.12602
1388405937.5,-35.12413
1388406093.75,-35.11568
1388406250.0,-35.11941
1388406406.25,-35.10925
1388406562.5,-35.1224
1388406718.75,-35.11475
1388406875.0,-35.11578
1388407031.25,-35.12049
1388407187.5,-35.11407
1388407343.75,-35.11724
1388407500.0,-35.10566
1388407656.25,-35.11758
1388407812.5,-35.11319
1388407968.75,-35.10825
1388408125.0,-35.11053
1388408281.25,-35.10446
1388408437.5,-35.11655
1388408593.75,-35.1016
1388408750.0,-35.11368
1388408906.25,-35.10903
1388409062.5,-35.11143
1388409218.75,-35.09432
1388409375.0,-35.10191
1388409531.25,-35.10276
1388409687.5,-35.11133
1388409843.75,-35.10295
1388410000.0,-35.10066
1388410156.25,-35.09351
1388410312.5,-35.09469
1388410468.75,-35.10172
1388410625.0,-35.09429
1388410781.25,-35.10413
1388410937.5,-35.1059
1388411093.75,-35.10672
1388411250.0,-35.0997
1388411406.25,-35.09552
1388411562.5,-35.09219
1388411718.75,-35.08467
1388411875.0,-35.0948
1388412031.25,-35.08688
1388412187.5,-35.08191
1388412343.75,-35.08789
1388412500.0,-35.09054
1388412656.25,-35.08284
1388412812.5,-35.09622
1388412968.75,-35.08944
1388413125.0,-35.08744
1388413281.25,-35.08421
1388413437.5,-35.08429
1388413593.75,-35.08542
1388413750.0,-35.08209
1388413906.25,-35.07679
1388414062.5,-35.07975
1388414218.75,-35.08197
1388414375.0,-35.07934
1388414531.25,-35.08394
1388414687.5,-35.07687
1388414843.75,-35.08693
1388415000.0,-35.08755
1388415156.25,-35.0791
1388415312.5,-35.07179
1388415468.75,-35.06746
1388415625.0,-35.07422
1388415781.25,-35.07589
1388415937.5,-35.0754
1388416093.75,-35.07447
1388416250.0,-35.0759
1388416406.25,-35.07513
1388416562.5,-35.06862
1388416718.75,-35.07227
1388416875.0,-35.0698
1388417031.25,-35.06548
1388417187.5,-35.06717
1388417343.75,-35.06753
1388417500.0,-35.06404
1388417656.25,-35.06943
1388417812.5,-35.06301
1388417968.75,-35.07264
1388418125.0,-35.0641
1388418281.25,-35.06319
1388418437.5,-35.06213
1388418593.75,-35.06279
1388418750.0,-35.05368
1388418906.25,-35.06521
1388419062.5,-35.05899
1388419218.75,-35.05882
1388419375.0,-35.05698
1388419531.25,-35.06147
1388419687.5,-35.05321
1388419843.75,-35.04856
1388420000.0,-35.05791
1388420156.25,-35.05514
1388420312.5,-35.04102
1388420468.75,-35.05608
1388420625.0,-35.05829
1388420781.25,-35.05387
1388420937.5,-35.0611
1388421093.75,-35.05567
1388421250.0,-35.0485
1388421406.25,-35.04378
1388421562.5,-35.05109
1388421718.75,-35.04741
1388421875.0,-35.04877
1388422031.25,-35.04144
1388422187.5,-35.04533
1388422343.75,-35.04715
1388422500.0,-35.03727
1388422656.25,-35.03848
1388422812.5,-35.04679
1388422968.75,-35.03411
1388423125.0,-35.04587
1388423281.25,-35.02568
1388423437.5,-35.04153
1388423593.75,-35.0452
1388423750.0,-35.04562
1388423906.25,-35.02739
1388424062.5,-35.03992
1388424218.75,-35.0316
1388424375.0,-35.02885
1388424531.25,-35.03036
1388424687.5,-35.03235
1388424843.75,-35.03505
1388425000.0,-35.02959
1388425156.25,-35.03366
1388425312.5,-35.02705
1388425468.75,-35.03075
1388425625.0,-35.03767
1388425781.25,-35.03104
1388425937.5,-35.022
1388426093.75,-35.0258
1388426250.0,-35.023
1388426406.25,-35.02847
1388426562.5,-35.01952
1388426718.75,-35.02819
1388426875.0,-35.02047
1388427031.25,-35.03345
1388427187.5,-35.03062
1388427343.75,-35.01511
1388427500.0,-35.02493
1388427656.25,-35.02063
1388427812.5,-35.02301
1388427968.75,-35.03095
1388428125.0,-35.01806
1388428281.25,-35.01168
1388428437.5,-35.00886
1388428593.75,-35.01849
1388428750.0,-35.00884
1388428906.25,-35.01752
1388429062.5,-35.03237
1388429218.75,-35.00481
1388429375.0,-35.00557
1388429531.25,-35.00882
1388429687.5,-35.00603
1388429843.75,-35.00741
1388430000.0,-35.00723
1388430156.25,-35.01839
1388430312.5,-35.00528
1388430468.75,-35.00774
1388430625.0,-35.00756
1388430781.25,-35.00421
1388430937.5,-35.01524
1388431093.75,-35.0041
1388431250.0,-35.00051
1388431406.25,-34.99676
1388431562.5,-35.00439
1388431718.75,-35.00364
1388431875.0,-34.99324
1388432031.25,-34.99631
1388432187.5,-34.99932
1388432343.75,-34.9989
1388432500.0,-34.99673
1388432656.25,-35.00247
1388432812.5,-35.00123
1388432968.75,-34.99538
1388433125.0,-34.98434
1388433281.25,-34.99436
1388433437.5,-34.99594
1388433593.75,-34.99829
1388433750.0,-34.98835
1388433906.25,-34.9958
1388434062.5,-34.98738
1388434218.75,-34.98235
1388434375.0,-34.97815
1388434531.25,-34.98901
1388434687.5,-34.99418
1388434843.75,-34.98537
1388435000.0,-34.98465
1388435156.25,-34.98678
1388435312.5,-34.98705
1388435468.75,-34.98639
1388435625.0,-34.98352
1388435781.25,-34.99051
1388435937.5,-34.97765
1388436093.75,-34.98051
1388436250.0,-34.97656
1388436406.25,-34.97367
1388436562.5,-34.97764
1388436718.75,-34.97504
1388436875.0,-34.97492
1388437031.25,-34.98025
1388437187.5,-34.96458
1388437343.75,-34.97147
1388437500.0,-34.96494
1388437656.25,-34.9664
1388437812.5,-34.96832
1388437968.75,-34.97143
1388438125.0,-34.96994
1388438281.25,-34.97276
1388438437.5,-34.96973
1388438593.75,-34.96825
1388438750.0,-34.97075
1388438906.25,-34.96839
1388439062.5,-34.95596
1388439218.75,-34.96887
1388439375.0,-34.972
1388439531.25,-34.97429
1388439687.5,-34.95731
1388439843.75,-34.96654
1388440000.0,-34.9578
1388440156.25,-34.96355
1388440312.5,-34.96175
1388440468.75,-34.9522
1388440625.0,-34.95414
1388440781.25,-34.95414
1388440937.5,-34.96046
1388441093.75,-34.95933
1388441250.0,-34.95528
1388441406.25,-34.95486
1388441562.5,-34.95614
1388441718.75,-34.95676
1388441875.0,-34.94541
1388442031.25,-34.94995
1388442187.5,-34.95695
1388442343.75,-34.95083
1388442500.0,-34.94802
1388442656.25,-34.95317
1388442812.5,-34.94553
1388442968.75,-34.94929
1388443125.0,-34.94698
1388443281.25,-34.95188
1388443437.5,-34.94942
1388443593.75,-34.95102
1388443750.0,-34.94147
1388443906.25,-34.93755
1388444062.5,-34.93573
1388444218.75,-34.94439
1388444375.0,-34.93773
1388444531.25,-34.93311
1388444687.5,-34.94191
1388444843.75,-34.94433
1388445000.0,-34.94014
1388445156.25,-34.93301
1388445312.5,-34.94219
1388445468.75,-34.94795
1388445625.0,-34.93663
1388445781.25,-34.92965
1388445937.5,-34.94243
1388446093.75,-34.9382
1388446250.0,-34.93708
1388446406.25,-34.92965
1388446562.5,-34.9408
1388446718.75,-34.93003
1388446875.0,-34.92817
1388447031.25,-34.93156
1388447187.5,-34.92883
1388447343.75,-34.92245
1388447500.0,-34.92314
1388447656.25,-34.92747
1388447812.5,-34.92305
1388447968.75,-34.92754
1388448125.0,-34.9215
1388448281.25,-34.91889
1388448437.5,-34.92434
1388448593.75,-34.93032
1388448750.0,-34.91505
1388448906.25,-34.91852
1388449062.5,-34.92139
1388449218.75,-34.91114
1388449375.0,-34.92345
1388449531.25,-34.91405
1388449687.5,-34.92223
1388449843.75,-34.90854
1388450000.0,-34.91269
1388450156.25,-34.91228
1388450312.5,-34.91729
1388450468.75,-34.91771
1388450625.0,-34.90271
1388450781.25,-34.91538
1388450937.5,-34.91058
1388451093.75,-34.91204
1388451250.0,-34.91161
1388451406.25,-34.91408
1388451562.5,-34.915
1388451718.75,-34.91201
1388451875.0,-34.91283
1388452031.25,-34.90186
1388452187.5,-34.91055
1388452343.75,-34.90185
1388452500.0,-34.9007
1388452656.25,-34.89738
1388452812.5,-34.90444
1388452968.75,-34.91367
1388453125.0,-34.90318
1388453281.25,-34.89673
1388453437.5,-34.89107
1388453593.75,-34.89843
1388453750.0,-34.8985
1388453906.25,-34.8925
1388454062.5,-34.91
1388454218.75,-34.89138
1388454375.0,-34.89419
1388454531.25,-34.89085
1388454687.5,-34.89078
1388454843.75,-34.88717
1388455000.0,-34.89642
1388455156.25,-34.89507
1388455312.5,-34.88574
1388455468.75,-34.8965
1388455625.0,-34.88833
1388455781.25,-34.8973
1388455937.5,-34.88066
1388456093.75,-34.88383
1388456250.0,-34.88411
1388456406.25,-34.88232
1388456562.5,-34.87706
1388456718.75,-34.88702
1388456875.0,-34.87812
1388457031.25,-34.8798
1388457187.5,-34.88113
1388457343.75,-34.88774
1388457500.0,-34.88057
1388457656.25,-34.88134
1388457812.5,-34.87719
1388457968.75,-34.88296
1388458125.0,-34.86377
1388458281.25,-34.86541
1388458437.5,-34.86696
1388458593.75,-34.8838
1388458750.0,-34.86905
1388458906.25,-34.88193
1388459062.5,-34.87086
1388459218.75,-34.87431
1388459375.0,-34.86998
1388459531.25,-34.87046
1388459687.5,-34.87627
1388459843.75,-34.8725
1388460000.0,-34.88018
1388460156.25,-34.86864
1388460312.5,-34.87132
1388460468.75,-34.86639
1388460625.0,-34.8588
1388460781.25,-34.86599
1388460937.5,-34.86293
1388461093.75,-34.8711
1388461250.0,-34.86604
1388461406.25,-34.85419
1388461562.5,-34.86434
1388461718.75,-34.85888
1388461875.0,-34.85732
1388462031.25,-34.85139
1388462187.5,-34.86359
1388462343.75,-34.85707
1388462500.0,-34.85314
1388462656.25,-34.85943
1388462812.5,-34.8486
1388462968.75,-34.85116
1388463125.0,-34.85472
1388463281.25,-34.85068
1388463437.5,-34.85637
1388463593.75,-34.84584
1388463750.0,-34.85362
1388463906.25,-34.84966
1388464062.5,-34.85222
1388464218.75,-34.85163
1388464375.0,-34.85046
1388464531.25,-34.85264
1388464687.5,-34.83754
1388464843.75,-34.85161
1388465000.0,-34.84735
1388465156.25,-34.84882
1388465312.5,-34.8432
1388465468.75,-34.83382
1388465625.0,-34.84017
1388465781.25,-34.84599
1388465937.5,-34.82775
1388466093.75,-34.8347
1388466250.0,-34.84236
1388466406.25,-34.84119
1388466562.5,-34.84222
1388466718.75,-34.82829
1388466875.0,-34.83539
1388467031.25,-34.83872
1388467187.5,-34.82515
1388467343.75,-34.84004
1388467500.0,-34.83656
1388467656.25,-34.83778
1388467812.5,-34.83436
1388467968.75,-34.83264
1388468125.0,-34.82549
1388468281.25,-34.83017
1388468437.5,-34.83635
1388468593.75,-34.83086
1388468750.0,-34.82214
1388468906.25,-34.82624
1388469062.5,-34.82232
1388469218.75,-34.82121
1388469375.0,-34.82262
1388469531.25,-34.82221
1388469687.5,-34.82276
1388469843.75,-34.82366
1388470000.0,-34.81953
1388470156.25,-34.82566
1388470312.5,-34.8267
1388470468.75,-34.82374
1388470625.0,-34.82567
1388470781.25,-34.81133
1388470937.5,-34.82113
1388471093.75,-34.82983
1388471250.0,-34.81861
1388471406.25,-34.81009
1388471562.5,-34.81231
1388471718.75,-34.80877
1388471875.0,-34.81625
1388472031.25,-34.8087
1388472187.5,-34.81014
1388472343.75,-34.81081
1388472500.0,-34.81461
1388472656.25,-34.81189
1388472812.5,-34.81388
1388472968.75,-34.81086
1388473125.0,-34.80642
1388473281.25,-34.79879
1388473437.5,-34.80013
1388473593.75,-34.80198
1388473750.0,-34.79953
1388473906.25,-34.81487
1388474062.5,-34.8082
1388474218.75,-34.79425
1388474375.0,-34.80375
1388474531.25,-34.7947
1388474687.5,-34.8035
1388474843.75,-34.804
1388475000.0,-34.79805
1388475156.25,-34.79955
1388475312.5,-34.79912
1388475468.75,-34.79941
1388475625.0,-34.79502
1388475781.25,-34.8001
1388475937.5,-34.7893
1388476093.75,-34.79256
1388476250.0,-34.79319
1388476406.25,-34.79673
1388476562.5,-34.7953
1388476718.75,-34.79104
1388476875.0,-34.78136
1388477031.25,-34.78868
1388477187.5,-34.79396
1388477343.75,-34.77798
1388477500.0,-34.79118
1388477656.25,-34.79342
1388477812.5,-34.79178
1388477968.75,-34.78142
1388478125.0,-34.77682
1388478281.25,-34.78323
1388478437.5,-34.77883
1388478593.75,-34.78738
1388478750.0,-34.79069
1388478906.25,-34.79319
1388479062.5,-34.76958
1388479218.75,-34.77218
1388479375.0,-34.77473
1388479531.25,-34.78566
1388479687.5,-34.77383
1388479843.75,-34.78362
1388480000.0,-34.7697
1388480156.25,-34.76112
1388480312.5,-34.77541
1388480468.75,-34.76891
1388480625.0,-34.76456
1388480781.25,-34.76582
1388480937.5,-34.77236
1388481093.75,-34.76303
1388481250.0,-34.76821
1388481406.25,-34.76205
1388481562.5,-34.76381
1388481718.75,-34.76625
1388481875.0,-34.77951
1388482031.25,-34.75978
1388482187.5,-34.7664
1388482343.75,-34.7603
1388482500.0,-34.76535
1388482656.25,-34.76443
1388482812.5,-34.75798
1388482968.75,-34.75613
1388483125.0,-34.75871
1388483281.25,-34.75204
1388483437.5,-34.76336
1388483593.75,-34.757
1388483750.0,-34.75602
1388483906.25,-34.75777
1388484062.5,-34.75498
1388484218.75,-34.75596
1388484375.0,-34.76153
1388484531.25,-34.76401
1388484687.5,-34.74941
1388484843.75,-34.75278
1388485000.0,-34.74765
1388485156.25,-34.74651
1388485312.5,-34.74191
1388485468.75,-34.74554
1388485625.0,-34.75045
1388485781.25,-34.74538
1388485937.5,-34.75213
1388486093.75,-34.74075
1388486250.0,-34.73923
1388486406.25,-34.7481
1388486562.5,-34.74144
1388486718.75,-34.74139
1388486875.0,-34.74224
1388487031.25,-34.73603
1388487187.5,-34.73917
1388487343.75,-34.73492
1388487500.0,-34.73898
1388487656.25,-34.73938
1388487812.5,-34.73967
1388487968.75,-34.72975
1388488125.0,-34.74252
1388488281.25,-34.73022
1388488437.5,-34.73785
1388488593.75,-34.72493
1388488750.0,-34.74583
1388488906.25,-34.72329
1388489062.5,-34.73175
1388489218.75,-34.73164
1388489375.0,-34.73235
1388489531.25,-34.72099
1388489687.5,-34.72486
1388489843.75,-34.73252
1388490000.0,-34.71574
1388490156.25,-34.72266
1388490312.5,-34.72471
1388490468.75,-34.7206
1388490625.0,-34.72877
1388490781.25,-34.72699
1388490937.5,-34.72942
1388491093.75,-34.71635
1388491250.0,-34.72816
1388491406.25,-34.71914
1388491562.5,-34.71579
1388491718.75,-34.72743
1388491875.0,-34.71843
1388492031.25,-34.71136
1388492187.5,-34.71462
1388492343.75,-34.7129
1388492500.0,-34.70977
1388492656.25,-34.70601
1388492812.5,-34.71741
1388492968.75,-34.71021
1388493125.0,-34.70303
1388493281.25,-34.71026
1388493437.5,-34.70979
1388493593.75,-34.70486
1388493750.0,-34.71578
1388493906.25,-34.70523
1388494062.5,-34.70461
1388494218.75,-34.70718
1388494375.0,-34.70842
1388494531.25,-34.70556
1388494687.5,-34.7015
1388494843.75,-34.71211
1388495000.0,-34.70451
1388495156.25,-34.7029
1388495312.5,-34.69404
1388495468.75,-34.69846
1388495625.0,-34.69667
1388495781.25,-34.70224
1388495937.5,-34.70052
1388496093.75,-34.69502
1388496250.0,-34.68966
1388496406.25,-34.69975
1388496562.5,-34.68998
1388496718.75,-34.69492
1388496875.0,-34.69259
1388497031.25,-34.69302
1388497187.5,-34.6974
1388497343.75,-34.69979
1388497500.0,-34.69351
1388497656.25,-34.68606
1388497812.5,-34.69198
1388497968.75,-34.69664
1388498125.0,-34.6892
1388498281.25,-34.68579
1388498437.5,-34.68348
1388498593.75,-34.68617
1388498750.0,-34.68001
1388498906.25,-34.68264
1388499062.5,-34.68307
1388499218.75,-34.68351
1388499375.0,-34.67943
1388499531.25,-34.67805
1388499687.5,-34.68083
1388499843.75,-34.68232
1388500000.0,-34.67818
1388500156.25,-34.67583
1388500312.5,-34.6729
1388500468.75,-34.66605
1388500625.0,-34.66964
1388500781.25,-34.68075
1388500937.5,-34.67009
1388501093.75,-34.668
1388501250.0,-34.68575
1388501406.25,-34.66688
1388501562.5,-34.67114
1388501718.75,-34.66179
1388501875.0,-34.67055
1388502031.25,-34.66179
1388502187.5,-34.6738
1388502343.75,-34.66486
1388502500.0,-34.67142
1388502656.25,-34.66482
1388502812.5,-34.65831
1388502968.75,-34.66289
1388503125.0,-34.66485
1388503281.25,-34.66581
1388503437.5,-34.65885
1388503593.75,-34.66187
1388503750.0,-34.6545
1388503906.25,-34.65058
1388504062.5,-34.65451
1388504218.75,-34.66042
1388504375.0,-34.65516
1388504531.25,-34.65478
1388504687.5,-34.65363
1388504843.75,-34.65142
1388505000.0,-34.64828
1388505156.25,-34.65102
1388505312.5,-34.64967
1388505468.75,-34.66
1388505625.0,-34.65697
1388505781.25,-34.65466
1388505937.5,-34.65802
1388506093.75,-34.64693
1388506250.0,-34.64605
1388506406.25,-34.65296
1388506562.5,-34.64826
1388506718.75,-34.64577
1388506875.0,-34.64781
1388507031.25,-34.64879
1388507187.5,-34.6415
1388507343.75,-34.63558
1388507500.0,-34.64997
1388507656.25,-34.64462
1388507812.5,-34.64373
1388507968.75,-34.63912
1388508125.0,-34.63936
1388508281.25,-34.63688
1388508437.5,-34.63579
1388508593.75,-34.63408
1388508750.0,-34.62572
1388508906.25,-34.63713
1388509062.5,-34.63522
1388509218.75,-34.63408
1388509375.0,-34.62925
1388509531.25,-34.63048
1388509687.5,-34.62964
1388509843.75,-34.63666
1388510000.0,-34.6235
1388510156.25,-34.6268
1388510312.5,-34.6361
1388510468.75,-34.62285
1388510625.0,-34.62906
1388510781.25,-34.61756
1388510937.5,-34.62324
1388511093.75,-34.62814
1388511250.0,-34.62057
1388511406.25,-34.61477
1388511562.5,-34.6255
1388511718.75,-34.62339
1388511875.0,-34.62209
1388512031.25,-34.61999
1388512187.5,-34.61936
1388512343.75,-34.62031
1388512500.0,-34.62229
1388512656.25,-34.62219
1388512812.5,-34.62011
1388512968.75,-34.60971
1388513125.0,-34.60555
1388513281.25,-34.61459
1388513437.5,-34.6096
1388513593.75,-34.61544
1388513750.0,-34.61285
1388513906.25,-34.61152
1388514062.5,-34.60948
1388514218.75,-34.61251
1388514375.0,-34.60863
1388514531.25,-34.60279
1388514687.5,-34.61023
1388514843.75,-34.60446
1388515000.0,-34.6116
1388515156.25,-34.60615
1388515312.5,-34.6049
1388515468.75,-34.59646
1388515625.0,-34.59911
1388515781.25,-34.59403
1388515937.5,-34.59337
1388516093.75,-34.59824
1388516250.0,-34.60293
1388516406.25,-34.60024
1388516562.5,-34.5886
1388516718.75,-34.60102
1388516875.0,-34.59136
1388517031.25,-34.59953
1388517187.5,-34.59977
1388517343.75,-34.58702
1388517500.0,-34.58827
1388517656.25,-34.59296
1388517812.5,-34.59958
1388517968.75,-34.58924
1388518125.0,-34.59095
1388518281.25,-34.58886
1388518437.5,-34.57968
1388518593.75,-34.58793
1388518750.0,-34.57919
1388518906.25,-34.58611
1388519062.5,-34.59072
1388519218.75,-34.58696
1388519375.0,-34.5787
1388519531.25,-34.5847
1388519687.5,-34.58336
1388519843.75,-34.57911
1388520000.0,-34.58193
1388520156.25,-34.57839
1388520312.5,-34.56482
1388520468.75,-34.58684
1388520625.0,-34.57708
1388520781.25,-34.57428
1388520937.5,-34.57982
1388521093.75,-34.58011
1388521250.0,-34.57619
1388521406.25,-34.56691
1388521562.5,-34.57377
1388521718.75,-34.57568
1388521875.0,-34.57829
1388522031.25,-34.57577
1388522187.5,-34.56211
1388522343.75,-34.56651
1388522500.0,-34.56741
1388522656.25,-34.56833
1388522812.5,-34.55727
1388522968.75,-34.56622
1388523125.0,-34.56437
1388523281.25,-34.56242
1388523437.5,-34.56694
1388523593.75,-34.56281
1388523750.0,-34.56732
1388523906.25,-34.56287
1388524062.5,-34.5485
1388524218.75,-34.56149
1388524375.0,-34.55777
1388524531.25,-34.55915
1388524687.5,-34.5605
1388524843.75,-34.55713
1388525000.0,-34.5615
1388525156.25,-34.56226
1388525312.5,-34.54515
1388525468.75,-34.56128
1388525625.0,-34.55085
1388525781.25,-34.54227
1388525937.5,-34.55264
1388526093.75,-34.55275
1388526250.0,-34.54626
1388526406.25,-34.54515
1388526562.5,-34.54908
1388526718.75,-34.54884
1388526875.0,-34.54734
1388527031.25,-34.54417
1388527187.5,-34.54106
1388527343.75,-34.54025
1388527500.0,-34.53896
1388527656.25,-34.53971
1388527812.5,-34.54578
1388527968.75,-34.5344
1388528125.0,-34.53753
1388528281.25,-34.5465
1388528437.5,-34.53571
1388528593.75,-34.53754
1388528750.0,-34.54142
1388528906.25,-34.54757
1388529062.5,-34.5379
1388529218.75,-34.53482
1388529375.0,-34.53508
1388529531.25,-34.53975
1388529687.5,-34.54364
1388529843.75,-34.53459
1388530000.0,-34.52939
1388530156.25,-34.53463
1388530312.5,-34.53235
1388530468.75,-34.52924
1388530625.0,-34.53321
1388530781.25,-34.52489
1388530937.5,-34.53255
1388531093.75,-34.52388
1388531250.0,-34.52633
1388531406.25,-34.52452
1388531562.5,-34.52727
1388531718.75,-34.52276
1388531875.0,-34.52265
1388532031.25,-34.51965
1388532187.5,-34.51618
1388532343.75,-34.5119
1388532500.0,-34.52127
1388532656.25,-34.51634
1388532812.5,-34.51604
1388532968.75,-34.51229
1388533125.0,-34.51541
1388533281.25,-34.51825
1388533437.5,-34.50857
1388533593.75,-34.51574
1388533750.0,-34.51503
1388533906.25,-34.51369
1388534062.5,-34.50831
1388534218.75,-34.51277
1388534375.0,-34.50764
1388534531.25,-34.51053
1388534687.5,-34.5121
1388534843.75,-34.51361
1388535000.0,-34.51181
1388535156.25,-34.51004
1388535312.5,-34.49768
1388535468.75,-34.50592
1388535625.0,-34.50291
1388535781.25,-34.50644
1388535937.5,-34.50866
1388536093.75,-34.49951
1388536250.0,-34.50066
1388536406.25,-34.50436
1388536562.5,-34.49684
1388536718.75,-34.48551
1388536875.0,-34.49263
1388537031.25,-34.4911
1388537187.5,-34.48706
1388537343.75,-34.49241
1388537500.0,-34.49361
1388537656.25,-34.49747
1388537812.5,-34.49895
1388537968.75,-34.49772
1388538125.0,-34.49211
1388538281.25,-34.49122
1388538437.5,-34.49312
1388538593.75,-34.48663
1388538750.0,-34.48766
1388538906.25,-34.48985
1388539062.5,-34.48602
1388539218.75,-34.48839
1388539375.0,-34.49255
1388539531.25,-34.47797
1388539687.5,-34.48394
1388539843.75,-34.48198
1388540000.0,-34.48118
1388540156.25,-34.49091
1388540312.5,-34.48291
1388540468.75,-34.49316
1388540625.0,-34.47974
1388540781.25,-34.47997
1388540937.5,-34.47608
1388541093.75,-34.48043
1388541250.0,-34.48338
1388541406.25,-34.47793
1388541562.5,-34.46418
1388541718.75,-34.47864
1388541875.0,-34.478
1388542031.25,-34.47643
1388542187.5,-34.47723
1388542343.75,-34.4682
1388542500.0,-34.46774
1388542656.25,-34.46501
1388542812.5,-34.46764
1388542968.75,-34.46608
1388543125.0,-34.46492
1388543281.25,-34.47692
1388543437.5,-34.46226
1388543593.75,-34.46693
1388543750.0,-34.46128
1388543906.25,-34.46156
1388544062.5,-34.45752
1388544218.75,-34.46537
1388544375.0,-34.46453
1388544531.25,-34.4668
1388544687.5,-34.46954
1388544843.75,-34.4601
1388545000.0,-34.46355
1388545156.25,-34.46013
1388545312.5,-34.44576
1388545468.75,-34.45895
1388545625.0,-34.45368
1388545781.25,-34.45626
1388545937.5,-34.45278
1388546093.75,-34.4548
1388546250.0,-34.44517
1388546406.25,-34.45776
1388546562.5,-34.45557
1388546718.75,-34.45583
1388546875.0,-34.4515
1388547031.25,-34.44691
1388547187.5,-34.44874
1388547343.75,-34.44131
1388547500.0,-34.44474
1388547656.25,-34.4463
1388547812.5,-34.45006
1388547968.75,-34.4391
1388548125.0,-34.43961
1388548281.25,-34.44631
1388548437.5,-34.43732
1388548593.75,-34.44011
1388548750.0,-34.44107
1388548906.25,-34.43581
1388549062.5,-34.43145
1388549218.75,-34.43584
1388549375.0,-34.43307
1388549531.25,-34.4344
1388549687.5,-34.42848
1388549843.75,-34.42907
1388550000.0,-34.43543
1388550156.25,-34.42941
1388550312.5,-34.43398
1388550468.75,-34.42496
1388550625.0,-34.43176
1388550781.25,-34.43338
1388550937.5,-34.42529
1388551093.75,-34.43348
1388551250.0,-34.43211
1388551406.25,-34.4276
1388551562.5,-34.4171
1388551718.75,-34.42543
1388551875.0,-34.42445
1388552031.25,-34.42364
1388552187.5,-34.42346
1388552343.75,-34.42628
1388552500.0,-34.4243
1388552656.25,-34.41679
1388552812.5,-34.42456
1388552968.75,-34.41518
1388553125.0,-34.41579
1388553281.25,-34.41799
1388553437.5,-34.41875
1388553593.75,-34.41321
1388553750.0,-34.40624
1388553906.25,-34.4137
1388554062.5,-34.40584
1388554218.75,-34.40237
1388554375.0,-34.40352
1388554531.25,-34.41401
1388554687.5,-34.40379
1388554843.75,-34.40537
1388555000.0,-34.41394
1388555156.25,-34.40571
1388555312.5,-34.4063
1388555468.75,-34.40464
1388555625.0,-34.40891
1388555781.25,-34.40579
1388555937.5,-34.4041
1388556093.75,-34.40077
1388556250.0,-34.40009
1388556406.25,-34.40577
1388556562.5,-34.39601
1388556718.75,-34.39898
1388556875.0,-34.40482
1388557031.25,-34.39508
1388557187.5,-34.39593
1388557343.75,-34.40975
1388557500.0,-34.39902
1388557656.25,-34.39123
1388557812.5,-34.38576
1388557968.75,-34.39863
1388558125.0,-34.39001
1388558281.25,-34.38802
1388558437.5,-34.39732
1388558593.75,-34.39289
1388558750.0,-34.3897
1388558906.25,-34.38205
1388559062.5,-34.39164
1388559218.75,-34.39119
1388559375.0,-34.379
1388559531.25,-34.39479
1388559687.5,-34.38956
1388559843.75,-34.37748
1388560000.0,-34.39346
1388560156.25,-34.37854
1388560312.5,-34.37766
1388560468.75,-34.37231
1388560625.0,-34.38842
1388560781.25,-34.38367
1388560937.5,-34.38425
1388561093.75,-34.37406
1388561250.0,-34.37285
1388561406.25,-34.38217
1388561562.5,-34.37354
1388561718.75,-34.37045
1388561875.0,-34.3788
1388562031.25,-34.37218
1388562187.5,-34.38605
1388562343.75,-34.37073
1388562500.0,-34.37143
1388562656.25,-34.3771
1388562812.5,-34.38053
1388562968.75,-34.37182
1388563125.0,-34.36586
1388563281.25,-34.36273
1388563437.5,-34.36461
1388563593.75,-34.3655
1388563750.0,-34.35622
1388563906.25,-34.37249
1388564062.5,-34.36386
1388564218.75,-34.36098
1388564375.0,-34.36
1388564531.25,-34.36845
1388564687.5,-34.36354
1388564843.75,-34.35697
1388565000.0,-34.35214
1388565156.25,-34.35272
1388565312.5,-34.36116
1388565468.75,-34.35838
1388565625.0,-34.35334
1388565781.25,-34.35131
1388565937.5,-34.35261
1388566093.75,-34.35727
1388566250.0,-34.35196
1388566406.25,-34.34594
1388566562.5,-34.35437
1388566718.75,-34.35207
1388566875.0,-34.34968
1388567031.25,-34.35854
1388567187.5,-34.34454
1388567343.75,-34.35046
1388567500.0,-34.34589
1388567656.25,-34.34172
1388567812.5,-34.35284
1388567968.75,-34.34499
1388568125.0,-34.34296
1388568281.25,-34.34128
1388568437.5,-34.35011
1388568593.75,-34.34454
1388568750.0,-34.33989
1388568906.25,-34.34907
1388569062.5,-34.33904
1388569218.75,-34.34029
1388569375.0,-34.34052
1388569531.25,-34.33085
1388569687.5,-34.32803
1388569843.75,-34.33798
1388570000.0,-34.33913
1388570156.25,-34.33553
1388570312.5,-34.33265
1388570468.75,-34.3294
1388570625.0,-34.3322
1388570781.25,-34.32542
1388570937.5,-34.33529
1388571093.75,-34.33154
1388571250.0,-34.32588
1388571406.25,-34.3254
1388571562.5,-34.33257
1388571718.75,-34.32331
1388571875.0,-34.31886
1388572031.25,-34.32385
1388572187.5,-34.32159
1388572343.75,-34.32729
1388572500.0,-34.32156
1388572656.25,-34.31321
1388572812.5,-34.32263
1388572968.75,-34.31639
1388573125.0,-34.31121
1388573281.25,-34.30853
1388573437.5,-34.31517
1388573593.75,-34.30779
1388573750.0,-34.31203
1388573906.25,-34.3079
1388574062.5,-34.31834
1388574218.75,-34.31517
1388574375.0,-34.30344
1388574531.25,-34.31676
1388574687.5,-34.31392
1388574843.75,-34.30299
1388575000.0,-34.30513
1388575156.25,-34.30609
1388575312.5,-34.3007
1388575468.75,-34.30847
1388575625.0,-34.30554
1388575781.25,-34.3071
1388575937.5,-34.31418
1388576093.75,-34.30403
1388576250.0,-34.30156
1388576406.25,-34.30019
1388576562.5,-34.29604
1388576718.75,-34.30574
1388576875.0,-34.3001
1388577031.25,-34.30168
1388577187.5,-34.28748
1388577343.75,-34.29445
1388577500.0,-34.29558
1388577656.25,-34.3027
1388577812.5,-34.29923
1388577968.75,-34.28833
1388578125.0,-34.29816
1388578281.25,-34.29363
1388578437.5,-34.28501
1388578593.75,-34.28577
1388578750.0,-34.29854
1388578906.25,-34.28837
1388579062.5,-34.28677
1388579218.75,-34.29156
1388579375.0,-34.29164
1388579531.25,-34.2828
1388579687.5,-34.28433
1388579843.75,-34.28347
1388580000.0,-34.29078
1388580156.25,-34.28372
1388580312.5,-34.27846
1388580468.75,-34.28695
1388580625.0,-34.27947
1388580781.25,-34.28241
1388580937.5,-34.27659
1388581093.75,-34.27386
1388581250.0,-34.27384
1388581406.25,-34.27661
1388581562.5,-34.26821
1388581718.75,-34.26535
1388581875.0,-34.2761
1388582031.25,-34.27291
1388582187.5,-34.2784
1388582343.75,-34.27058
1388582500.0,-34.27237
1388582656.25,-34.26874
1388582812.5,-34.26663
1388582968.75,-34.26316
1388583125.0,-34.27198
1388583281.25,-34.26562
1388583437.5,-34.26334
1388583593.75,-34.26431
1388583750.0,-34.25465
1388583906.25,-34.25985
1388584062.5,-34.25739
1388584218.75,-34.26281
1388584375.0,-34.26194
1388584531.25,-34.26278
1388584687.5,-34.2581
1388584843.75,-34.26597
1388585000.0,-34.25543
1388585156.25,-34.25742
1388585312.5,-34.26115
1388585468.75,-34.25638
1388585625.0,-34.2492
1388585781.25,-34.26273
1388585937.5,-34.26112
1388586093.75,-34.24971
1388586250.0,-34.25552
1388586406.25,-34.24482
1388586562.5,-34.26518
1388586718.75,-34.24767
1388586875.0,-34.2434
1388587031.25,-34.24517
1388587187.5,-34.23869
1388587343.75,-34.24654
1388587500.0,-34.24858
1388587656.25,-34.2444
1388587812.5,-34.24765
1388587968.75,-34.24974
1388588125.0,-34.2388
1388588281.25,-34.24718
1388588437.5,-34.24298
1388588593.75,-34.24703
1388588750.0,-34.24574
1388588906.25,-34.24496
1388589062.5,-34.23484
1388589218.75,-34.22857
1388589375.0,-34.22813
1388589531.25,-34.23167
1388589687.5,-34.24405
1388589843.75,-34.23969
1388590000.0,-34.23129
1388590156.25,-34.2313
1388590312.5,-34.24164
1388590468.75,-34.2346
1388590625.0,-34.23335
1388590781.25,-34.22987
1388590937.5,-34.21932
1388591093.75,-34.23095
1388591250.0,-34.22147
1388591406.25,-34.23256
1388591562.5,-34.23139
1388591718.75,-34.23053
1388591875.0,-34.22612
1388592031.25,-34.21975
1388592187.5,-34.22248
1388592343.75,-34.22868
1388592500.0,-34.23143
1388592656.25,-34.22105
1388592812.5,-34.21666
1388592968.75,-34.21906
1388593125.0,-34.21241
1388593281.25,-34.21691
1388593437.5,-34.20923
1388593593.75,-34.21837
1388593750.0,-34.21444
1388593906.25,-34.22141
1388594062.5,-34.21184
1388594218.75,-34.20881
1388594375.0,-34.20427
1388594531.25,-34.20687
1388594687.5,-34.21537
1388594843.75,-34.20458
1388595000.0,-34.20465
1388595156.25,-34.20845
1388595312.5,-34.20749
1388595468.75,-34.21095
1388595625.0,-34.20102
1388595781.25,-34.20622
1388595937.5,-34.21189
1388596093.75,-34.21139
1388596250.0,-34.20134
1388596406.25,-34.1945
1388596562.5,-34.20156
1388596718.75,-34.19823
1388596875.0,-34.19539
1388597031.25,-34.20271
1388597187.5,-34.203
1388597343.75,-34.19675
1388597500.0,-34.19293
1388597656.25,-34.20329
1388597812.5,-34.19184
1388597968.75,-34.19565
1388598125.0,-34.18768
1388598281.25,-34.18509
1388598437.5,-34.18896
1388598593.75,-34.18708
1388598750.0,-34.18966
1388598906.25,-34.19258
1388599062.5,-34.188
1388599218.75,-34.18148
1388599375.0,-34.19201
1388599531.25,-34.18695
1388599687.5,-34.17749
1388599843.75,-34.18114
1388600000.0,-34.17981
1388600156.25,-34.18096
1388600312.5,-34.17665
1388600468.75,-34.18224
1388600625.0,-34.17983
1388600781.25,-34.17316
1388600937.5,-34.17115
1388601093.75,-34.18359
1388601250.0,-34.17764
1388601406.25,-34.17737
1388601562.5,-34.16409
1388601718.75,-34.17832
1388601875.0,-34.17213
1388602031.25,-34.16872
1388602187.5,-34.17126
1388602343.75,-34.16628
1388602500.0,-34.16867
1388602656.25,-34.17183
1388602812.5,-34.17317
1388602968.75,-34.16267
1388603125.0,-34.16324
1388603281.25,-34.16066
1388603437.5,-34.16527
1388603593.75,-34.17029
1388603750.0,-34.16599
1388603906.25,-34.17045
1388604062.5,-34.15932
1388604218.75,-34.16551
1388604375.0,-34.15741
1388604531.25,-34.15725
1388604687.5,-34.15699
1388604843.75,-34.15979
1388605000.0,-34.15534
1388605156.25,-34.16046
1388605312.5,-34.15925
1388605468.75,-34.15136
1388605625.0,-34.15684
1388605781.25,-34.15509
1388605937.5,-34.15402
1388606093.75,-34.15161
1388606250.0,-34.14822
1388606406.25,-34.15347
1388606562.5,-34.14555
1388606718.75,-34.14057
1388606875.0,-34.14691
1388607031.25,-34.14832
1388607187.5,-34.14351
1388607343.75,-34.14141
1388607500.0,-34.14101
1388607656.25,-34.14542
1388607812.5,-34.14487
1388607968.75,-34.14343
1388608125.0,-34.13732
1388608281.25,-34.14676
1388608437.5,-34.14051
1388608593.75,-34.13598
1388608750.0,-34.13525
1388608906.25,-34.12913
1388609062.5,-34.14028
1388609218.75,-34.14005
1388609375.0,-34.14048
1388609531.25,-34.13731
1388609687.5,-34.13413
1388609843.75,-34.12746
1388610000.0,-34.13196
1388610156.25,-34.12876
1388610312.5,-34.12444
1388610468.75,-34.12596
1388610625.0,-34.13679
1388610781.25,-34.13116
1388610937.5,-34.12492
1388611093.75,-34.12606
1388611250.0,-34.12399
1388611406.25,-34.12841
1388611562.5,-34.12592
1388611718.75,-34.12616
1388611875.0,-34.12441
1388612031.25,-34.12104
1388612187.5,-34.11886
1388612343.75,-34.12441
1388612500.0,-34.11104
1388612656.25,-34.12224
1388612812.5,-34.11246
1388612968.75,-34.12442
1388613125.0,-34.1165
1388613281.25,-34.11635
1388613437.5,-34.11761
1388613593.75,-34.11549
1388613750.0,-34.10933
1388613906.25,-34.1051
1388614062.5,-34.11566
1388614218.75,-34.11254
1388614375.0,-34.10648
1388614531.25,-34.11319
1388614687.5,-34.11551
1388614843.75,-34.11619
1388615000.0,-34.10008
1388615156.25,-34.10107
1388615312.5,-34.10606
1388615468.75,-34.10089
1388615625.0,-34.09798
1388615781.25,-34.10308
1388615937.5,-34.10104
1388616093.75,-34.10158
1388616250.0,-34.09513
1388616406.25,-34.09016
1388616562.5,-34.0969
1388616718.75,-34.10501
1388616875.0,-34.08945
1388617031.25,-34.09697
1388617187.5,-34.09251
1388617343.75,-34.09521
1388617500.0,-34.09176
1388617656.25,-34.09309
1388617812.5,-34.09398
1388617968.75,-34.0979
1388618125.0,-34.09095
1388618281.25,-34.09576
1388618437.5,-34.08913
1388618593.75,-34.08796
1388618750.0,-34.09369
1388618906.25,-34.08515
1388619062.5,-34.08156
1388619218.75,-34.08878
1388619375.0,-34.08635
1388619531.25,-34.08155
1388619687.5,-34.07809
1388619843.75,-34.07414
1388620000.0,-34.08222
1388620156.25,-34.0817
1388620312.5,-34.08374
1388620468.75,-34.08485
1388620625.0,-34.07678
1388620781.25,-34.07252
1388620937.5,-34.07101
1388621093.75,-34.07062
1388621250.0,-34.07664
1388621406.25,-34.07279
1388621562.5,-34.0767
1388621718.75,-34.0692
1388621875.0,-34.07066
1388622031.25,-34.07147
1388622187.5,-34.06868
1388622343.75,-34.07153
1388622500.0,-34.0687
1388622656.25,-34.06254
1388622812.5,-34.06134
1388622968.75,-34.06338
1388623125.0,-34.06351
1388623281.25,-34.06294
1388623437.5,-34.0573
1388623593.75,-34.05675
1388623750.0,-34.05853
1388623906.25,-34.06182
1388624062.5,-34.06557
1388624218.75,-34.05811
1388624375.0,-34.05772
1388624531.25,-34.05641
1388624687.5,-34.05379
1388624843.75,-34.04856
1388625000.0,-34.0597
1388625156.25,-34.05513
1388625312.5,-34.05716
1388625468.75,-34.04817
1388625625.0,-34.05014
1388625781.25,-34.05357
1388625937.5,-34.05844
1388626093.75,-34.04635
1388626250.0,-34.04863
1388626406.25,-34.04602
1388626562.5,-34.05523
1388626718.75,-34.0425
1388626875.0,-34.04453
1388627031.25,-34.04106
1388627187.5,-34.04789
1388627343.75,-34.04136
1388627500.0,-34.03699
1388627656.25,-34.04008
1388627812.5,-34.04653
1388627968.75,-34.03712
1388628125.0,-34.03505
1388628281.25,-34.03578
1388628437.5,-34.03875
1388628593.75,-34.03062
1388628750.0,-34.03909
1388628906.25,-34.04251
1388629062.5,-34.03116
1388629218.75,-34.03041
1388629375.0,-34.02762
1388629531.25,-34.03061
1388629687.5,-34.02816
1388629843.75,-34.02555
1388630000.0,-34.03315
1388630156.25,-34.03182
1388630312.5,-34.02347
1388630468.75,-34.02928
1388630625.0,-34.02527
1388630781.25,-34.02507
1388630937.5,-34.0194
1388631093.75,-34.0228
1388631250.0,-34.01358
1388631406.25,-34.02476
1388631562.5,-34.02015
1388631718.75,-34.01719
1388631875.0,-34.02322
1388632031.25,-34.0078
1388632187.5,-34.01538
1388632343.75,-34.01678
1388632500.0,-34.01658
1388632656.25,-34.0085
1388632812.5,-34.01686
1388632968.75,-34.01084
1388633125.0,-34.01898
1388633281.25,-34.00601
1388633437.5,-34.01446
1388633593.75,-34.00762
1388633750.0,-34.01319
1388633906.25,-34.00891
1388634062.5,-34.00739
1388634218.75,-34.01055
1388634375.0,-34.0129
1388634531.25,-34.00341
1388634687.5,-34.00126
1388634843.75,-34.0145
1388635000.0,-34.00408
1388635156.25,-34.00456
1388635312.5,-33.99801
1388635468.75,-34.00195
1388635625.0,-33.9998
1388635781.25,-33.99949
1388635937.5,-34.00526
1388636093.75,-33.99117
1388636250.0,-33.98064
1388636406.25,-33.99094
1388636562.5,-33.98857
1388636718.75,-33.99049
1388636875.0,-33.98495
1388637031.25,-33.99529
1388637187.5,-33.98679
1388637343.75,-33.99116
1388637500.0,-33.98528
1388637656.25,-33.99329
1388637812.5,-33.98884
1388637968.75,-33.98775
1388638125.0,-33.99019
1388638281.25,-33.97967
1388638437.5,-33.9818
1388638593.75,-33.98186
1388638750.0,-33.983
1388638906.25,-33.97932
1388639062.5,-33.97966
1388639218.75,-33.98473
1388639375.0,-33.98523
1388639531.25,-33.98394
1388639687.5,-33.97668
1388639843.75,-33.97671
1388640000.0,-33.97217
1388640156.25,-33.97642
1388640312.5,-33.96868
1388640468.75,-33.97321
1388640625.0,-33.97766
1388640781.25,-33.96875
1388640937.5,-33.96627
1388641093.75,-33.97032
1388641250.0,-33.96083
1388641406.25,-33.97073
1388641562.5,-33.96859
1388641718.75,-33.96901
1388641875.0,-33.97031
1388642031.25,-33.95331
1388642187.5,-33.96486
1388642343.75,-33.96949
1388642500.0,-33.96246
1388642656.25,-33.95689
1388642812.5,-33.96475
1388642968.75,-33.9649
1388643125.0,-33.95867
1388643281.25,-33.95514
1388643437.5,-33.95527
1388643593.75,-33.96265
1388643750.0,-33.96042
1388643906.25,-33.95709
1388644062.5,-33.96324
1388644218.75,-33.95979
1388644375.0,-33.94789
1388644531.25,-33.95643
1388644687.5,-33.95241
1388644843.75,-33.95253
1388645000.0,-33.94676
1388645156.25,-33.94633
1388645312.5,-33.94371
1388645468.75,-33.94647
1388645625.0,-33.94651
1388645781.25,-33.93133
1388645937.5,-33.94629
1388646093.75,-33.94341
1388646250.0,-33.94657
1388646406.25,-33.94297
1388646562.5,-33.94051
1388646718.75,-33.93509
1388646875.0,-33.94561
1388647031.25,-33.9369
1388647187.5,-33.93521
1388647343.75,-33.94064
1388647500.0,-33.94893
1388647656.25,-33.93771
1388647812.5,-33.92665
1388647968.75,-33.92886
1388648125.0,-33.92564
1388648281.25,-33.9328
1388648437.5,-33.93401
1388648593.75,-33.9315
1388648750.0,-33.92778
1388648906.25,-33.93538
1388649062.5,-33.92044
1388649218.75,-33.93145
1388649375.0,-33.93306
1388649531.25,-33.9331
1388649687.5,-33.93214
1388649843.75,-33.92611
1388650000.0,-33.92383
1388650156.25,-33.92643
1388650312.5,-33.9207
1388650468.75,-33.92188
1388650625.0,-33.91839
1388650781.25,-33.92104
1388650937.5,-33.92097
1388651093.75,-33.91891
1388651250.0,-33.92277
1388651406.25,-33.91493
1388651562.5,-33.92167
1388651718.75,-33.91695
1388651875.0,-33.9093
1388652031.25,-33.92024
1388652187.5,-33.91553
1388652343.75,-33.90863
1388652500.0,-33.9125
1388652656.25,-33.90825
1388652812.5,-33.91142
1388652968.75,-33.90975
1388653125.0,-33.89527
1388653281.25,-33.90673
1388653437.5,-33.90133
1388653593.75,-33.90732
1388653750.0,-33.90316
1388653906.25,-33.89524
1388654062.5,-33.90184
1388654218.75,-33.9047
1388654375.0,-33.90893
1388654531.25,-33.8982
1388654687.5,-33.89357
1388654843.75,-33.89966
1388655000.0,-33.89175
1388655156.25,-33.89285
1388655312.5,-33.89313
1388655468.75,-33.89013
1388655625.0,-33.89541
1388655781.25,-33.89003
1388655937.5,-33.90002
1388656093.75,-33.88954
1388656250.0,-33.89645
1388656406.25,-33.89703
1388656562.5,-33.89123
1388656718.75,-33.88399
1388656875.0,-33.88168
1388657031.25,-33.88177
1388657187.5,-33.8859
1388657343.75,-33.88393
1388657500.0,-33.87645
1388657656.25,-33.88496
1388657812.5,-33.88194
1388657968.75,-33.88381
1388658125.0,-33.88836
1388658281.25,-33.88063
1388658437.5,-33.88044
1388658593.75,-33.87865
1388658750.0,-33.88663
1388658906.25,-33.88186
1388659062.5,-33.87606
1388659218.75,-33.87622
1388659375.0,-33.8742
1388659531.25,-33.87886
1388659687.5,-33.87085
1388659843.75,-33.8699
1388660000.0,-33.86436
1388660156.25,-33.8624
1388660312.5,-33.87011
1388660468.75,-33.8753
1388660625.0,-33.87457
1388660781.25,-33.86109
1388660937.5,-33.86446
1388661093.75,-33.86566
1388661250.0,-33.85297
1388661406.25,-33.8668
1388661562.5,-33.8666
1388661718.75,-33.86024
1388661875.0,-33.86575
1388662031.25,-33.86054
1388662187.5,-33.85902
1388662343.75,-33.85163
1388662500.0,-33.85708
1388662656.25,-33.85885
1388662812.5,-33.85892
1388662968.75,-33.85399
1388663125.0,-33.84656
1388663281.25,-33.84782
1388663437.5,-33.85287
1388663593.75,-33.85191
1388663750.0,-33.84396
1388663906.25,-33.85351
1388664062.5,-33.8457
1388664218.75,-33.84224
1388664375.0,-33.84836
1388664531.25,-33.8475
1388664687.5,-33.84214
1388664843.75,-33.83996
1388665000.0,-33.8358
1388665156.25,-33.84251
1388665312.5,-33.84595
1388665468.75,-33.84346
1388665625.0,-33.83683
1388665781.25,-33.83179
1388665937.5,-33.84608
1388666093.75,-33.83834
1388666250.0,-33.8375
1388666406.25,-33.84939
1388666562.5,-33.83765
1388666718.75,-33.83293
1388666875.0,-33.83197
1388667031.25,-33.83617
1388667187.5,-33.83035
1388667343.75,-33.82652
1388667500.0,-33.83908
1388667656.25,-33.83351
1388667812.5,-33.83109
1388667968.75,-33.82972
1388668125.0,-33.82401
1388668281.25,-33.83039
1388668437.5,-33.81958
1388668593.75,-33.83074
1388668750.0,-33.82866
1388668906.25,-33.82323
1388669062.5,-33.82606
1388669218.75,-33.82433
1388669375.0,-33.81277
1388669531.25,-33.82167
1388669687.5,-33.82553
1388669843.75,-33.8213
1388670000.0,-33.81812
1388670156.25,-33.81748
1388670312.5,-33.81773
1388670468.75,-33.80409
1388670625.0,-33.81318
1388670781.25,-33.81419
1388670937.5,-33.81609
1388671093.75,-33.8143
1388671250.0,-33.81141
1388671406.25,-33.80661
1388671562.5,-33.80854
1388671718.75,-33.81178
1388671875.0,-33.81247
1388672031.25,-33.81851
1388672187.5,-33.80952
1388672343.75,-33.80185
1388672500.0,-33.79838
1388672656.25,-33.80473
1388672812.5,-33.79957
1388672968.75,-33.80524
1388673125.0,-33.80084
1388673281.25,-33.79948
1388673437.5,-33.79055
1388673593.75,-33.80857
1388673750.0,-33.79399
1388673906.25,-33.7874
1388674062.5,-33.79861
1388674218.75,-33.79939
1388674375.0,-33.7951
1388674531.25,-33.7908
1388674687.5,-33.79309
1388674843.75,-33.78926
1388675000.0,-33.79372
1388675156.25,-33.7937
1388675312.5,-33.79348
1388675468.75,-33.79226
1388675625.0,-33.78461
1388675781.25,-33.79723
1388675937.5,-33.79567
1388676093.75,-33.78271
1388676250.0,-33.77408
1388676406.25,-33.78222
1388676562.5,-33.78463
1388676718.75,-33.78801
1388676875.0,-33.78431
1388677031.25,-33.77701
1388677187.5,-33.78095
1388677343.75,-33.77843
1388677500.0,-33.77846
1388677656.25,-33.78889
1388677812.5,-33.77334
1388677968.75,-33.77374
1388678125.0,-33.77758
1388678281.25,-33.77311
1388678437.5,-33.77299
1388678593.75,-33.76736
1388678750.0,-33.76601
1388678906.25,-33.76679
1388679062.5,-33.77714
1388679218.75,-33.77474
1388679375.0,-33.76717
1388679531.25,-33.76504
1388679687.5,-33.76493
1388679843.75,-33.76398
1388680000.0,-33.76579
1388680156.25,-33.76231
1388680312.5,-33.75817
1388680468.75,-33.76573
1388680625.0,-33.76155
1388680781.25,-33.76494
1388680937.5,-33.7644
1388681093.75,-33.76503
1388681250.0,-33.76238
1388681406.25,-33.75209
1388681562.5,-33.75736
1388681718.75,-33.75837
1388681875.0,-33.76084
1388682031.25,-33.75827
1388682187.5,-33.74792
1388682343.75,-33.75366
1388682500.0,-33.75142
1388682656.25,-33.75152
1388682812.5,-33.73927
1388682968.75,-33.75125
1388683125.0,-33.74039
1388683281.25,-33.75328
1388683437.5,-33.74392
1388683593.75,-33.75035
1388683750.0,-33.74136
1388683906.25,-33.74376
1388684062.5,-33.7504
1388684218.75,-33.73034
1388684375.0,-33.74571
1388684531.25,-33.73675
1388684687.5,-33.73822
1388684843.75,-33.73541
1388685000.0,-33.74146
1388685156.25,-33.73779
1388685312.5,-33.7384
1388685468.75,-33.72853
1388685625.0,-33.73356
1388685781.25,-33.73079
1388685937.5,-33.72606
1388686093.75,-33.73246
1388686250.0,-33.73146
1388686406.25,-33.72115
1388686562.5,-33.71916
1388686718.75,-33.72552
1388686875.0,-33.7322
1388687031.25,-33.72162
1388687187.5,-33.72317
1388687343.75,-33.72578
1388687500.0,-33.72267
1388687656.25,-33.72153
1388687812.5,-33.71634
1388687968.75,-33.72676
1388688125.0,-33.71183
1388688281.25,-33.71553
1388688437.5,-33.71584
1388688593.75,-33.71701
1388688750.0,-33.7198
1388688906.25,-33.72503
1388689062.5,-33.71657
1388689218.75,-33.71938
1388689375.0,-33.71176
1388689531.25,-33.7091
1388689687.5,-33.70886
1388689843.75,-33.71016
1388690000.0,-33.70635
1388690156.25,-33.70872
1388690312.5,-33.70935
1388690468.75,-33.71373
1388690625.0,-33.70443
1388690781.25,-33.70865
1388690937.5,-33.70971
1388691093.75,-33.70764
1388691250.0,-33.70465
1388691406.25,-33.70337
1388691562.5,-33.70682
1388691718.75,-33.7003
1388691875.0,-33.70464
1388692031.25,-33.7051
1388692187.5,-33.70132
1388692343.75,-33.69173
1388692500.0,-33.687
1388692656.25,-33.69552
1388692812.5,-33.69795
1388692968.75,-33.69702
1388693125.0,-33.68837
1388693281.25,-33.69026
1388693437.5,-33.69042
1388693593.75,-33.6877
1388693750.0,-33.69013
1388693906.25,-33.69867
1388694062.5,-33.68975
1388694218.75,-33.68709
1388694375.0,-33.68928
1388694531.25,-33.67847
1388694687.5,-33.68434
1388694843.75,-33.68583
1388695000.0,-33.6846
1388695156.25,-33.68124
1388695312.5,-33.69201
1388695468.75,-33.68701
1388695625.0,-33.68163
1388695781.25,-33.68396
1388695937.5,-33.68
1388696093.75,-33.68158
1388696250.0,-33.67626
1388696406.25,-33.67752
1388696562.5,-33.67656
1388696718.75,-33.67177
1388696875.0,-33.67595
1388697031.25,-33.66998
1388697187.5,-33.67267
1388697343.75,-33.67328
1388697500.0,-33.67266
1388697656.25,-33.66873
1388697812.5,-33.66111
1388697968.75,-33.6648
1388698125.0,-33.66785
1388698281.25,-33.66887
1388698437.5,-33.66765
1388698593.75,-33.66111
1388698750.0,-33.66607
1388698906.25,-33.67021
1388699062.5,-33.65919
1388699218.75,-33.6633
1388699375.0,-33.65635
1388699531.25,-33.66087
1388699687.5,-33.65884
1388699843.75,-33.66202
1388700000.0,-33.6587
1388700156.25,-33.65649
1388700312.5,-33.66228
1388700468.75,-33.64946
1388700625.0,-33.65075
1388700781.25,-33.65587
1388700937.5,-33.65285
1388701093.75,-33.65113
1388701250.0,-33.65065
1388701406.25,-33.64257
1388701562.5,-33.65965
1388701718.75,-33.65178
1388701875.0,-33.64271
1388702031.25,-33.65377
1388702187.5,-33.63919
1388702343.75,-33.64351
1388702500.0,-33.64188
1388702656.25,-33.64338
1388702812.5,-33.63908
1388702968.75,-33.64806
1388703125.0,-33.64086
1388703281.25,-33.63968
1388703437.5,-33.63776
1388703593.75,-33.63406
1388703750.0,-33.63404
1388703906.25,-33.63569
1388704062.5,-33.63782
1388704218.75,-33.64064
1388704375.0,-33.6361
1388704531.25,-33.64199
1388704687.5,-33.63318
1388704843.75,-33.63368
1388705000.0,-33.63405
1388705156.25,-33.63321
1388705312.5,-33.63337
1388705468.75,-33.62273
1388705625.0,-33.6217
1388705781.25,-33.62202
1388705937.5,-33.62563
1388706093.75,-33.6195
1388706250.0,-33.62411
1388706406.25,-33.6251
1388706562.5,-33.61245
1388706718.75,-33.62501
1388706875.0,-33.61502
1388707031.25,-33.6186
1388707187.5,-33.61699
1388707343.75,-33.62257
1388707500.0,-33.61238
1388707656.25,-33.6133
1388707812.5,-33.61197
1388707968.75,-33.61047
1388708125.0,-33.60222
1388708281.25,-33.60688
1388708437.5,-33.62377
1388708593.75,-33.60792
1388708750.0,-33.6081
1388708906.25,-33.61163
1388709062.5,-33.61024
1388709218.75,-33.61317
1388709375.0,-33.60457
1388709531.25,-33.59985
1388709687.5,-33.60191
1388709843.75,-33.59806
1388710000.0,-33.59962
1388710156.25,-33.60101
1388710312.5,-33.59993
1388710468.75,-33.60614
1388710625.0,-33.60427
1388710781.25,-33.59548
1388710937.5,-33.59523
1388711093.75,-33.60419
1388711250.0,-33.60103
1388711406.25,-33.59172
1388711562.5,-33.59907
1388711718.75,-33.60505
1388711875.0,-33.59483
1388712031.25,-33.59109
1388712187.5,-33.58774
1388712343.75,-33.59508
1388712500.0,-33.58358
1388712656.25,-33.5844
1388712812.5,-33.58195
1388712968.75,-33.59217
1388713125.0,-33.5954
1388713281.25,-33.57917
1388713437.5,-33.58284
1388713593.75,-33.5841
1388713750.0,-33.58753
1388713906.25,-33.57842
1388714062.5,-33.58149
1388714218.75,-33.57473
1388714375.0,-33.57947
1388714531.25,-33.58176
1388714687.5,-33.57513
1388714843.75,-33.57318
1388715000.0,-33.57932
1388715156.25,-33.57315
1388715312.5,-33.58263
1388715468.75,-33.57722
1388715625.0,-33.57754
1388715781.25,-33.57074
1388715937.5,-33.56975
1388716093.75,-33.56641
1388716250.0,-33.56885
1388716406.25,-33.56237
1388716562.5,-33.56499
1388716718.75,-33.57246
1388716875.0,-33.56684
1388717031.25,-33.56773
1388717187.5,-33.56021
1388717343.75,-33.56745
1388717500.0,-33.56564
1388717656.25,-33.56755
1388717812.5,-33.56119
1388717968.75,-33.55736
1388718125.0,-33.56448
1388718281.25,-33.55431
1388718437.5,-33.55037
1388718593.75,-33.55433
1388718750.0,-33.55994
1388718906.25,-33.55268
1388719062.5,-33.55454
1388719218.75,-33.55096
1388719375.0,-33.54448
1388719531.25,-33.54811
1388719687.5,-33.54646
1388719843.75,-33.5495
1388720000.0,-33.54905
1388720156.25,-33.5563
1388720312.5,-33.54795
1388720468.75,-33.53569
1388720625.0,-33.54061
1388720781.25,-33.54984
1388720937.5,-33.54242
1388721093.75,-33.53386
1388721250.0,-33.5402
1388721406.25,-33.5343
1388721562.5,-33.54415
1388721718.75,-33.5365
1388721875.0,-33.54179
1388722031.25,-33.53987
1388722187.5,-33.5382
1388722343.75,-33.54284
1388722500.0,-33.53222
1388722656.25,-33.52391
1388722812.5,-33.54185
1388722968.75,-33.53896
1388723125.0,-33.53002
1388723281.25,-33.53219
1388723437.5,-33.53658
1388723593.75,-33.51229
1388723750.0,-33.53183
1388723906.25,-33.52224
1388724062.5,-33.53622
1388724218.75,-33.52413
1388724375.0,-33.51984
1388724531.25,-33.52454
1388724687.5,-33.5173
1388724843.75,-33.51898
1388725000.0,-33.50974
1388725156.25,-33.51033
1388725312.5,-33.53304
1388725468.75,-33.52022
1388725625.0,-33.51211
1388725781.25,-33.50774
1388725937.5,-33.51609
1388726093.75,-33.51525
1388726250.0,-33.51324
1388726406.25,-33.51221
1388726562.5,-33.50947
1388726718.75,-33.50956
1388726875.0,-33.51017
1388727031.25,-33.50489
1388727187.5,-33.51094
1388727343.75,-33.5015
1388727500.0,-33.506
1388727656.25,-33.50886
1388727812.5,-33.50697
1388727968.75,-33.50348
1388728125.0,-33.49607
1388728281.25,-33.4974
1388728437.5,-33.5026
1388728593.75,-33.50002
1388728750.0,-33.49683
1388728906.25,-33.50371
1388729062.5,-33.49509
1388729218.75,-33.50105
1388729375.0,-33.49773
1388729531.25,-33.50504
1388729687.5,-33.48676
1388729843.75,-33.49765
1388730000.0,-33.49616
1388730156.25,-33.49116
1388730312.5,-33.48878
1388730468.75,-33.49518
1388730625.0,-33.49522
1388730781.25,-33.48227
1388730937.5,-33.48079
1388731093.75,-33.4867
1388731250.0,-33.49031
1388731406.25,-33.49361
1388731562.5,-33.48661
1388731718.75,-33.48042
1388731875.0,-33.48315
1388732031.25,-33.4877
1388732187.5,-33.48819
1388732343.75,-33.48056
1388732500.0,-33.48585
1388732656.25,-33.48127
1388732812.5,-33.48019
1388732968.75,-33.47446
1388733125.0,-33.47663
1388733281.25,-33.47715
1388733437.5,-33.47416
1388733593.75,-33.46964
1388733750.0,-33.47045
1388733906.25,-33.47039
1388734062.5,-33.46987
1388734218.75,-33.46866
1388734375.0,-33.46922
1388734531.25,-33.46367
1388734687.5,-33.47156
1388734843.75,-33.46802
1388735000.0,-33.46191
1388735156.25,-33.46679
1388735312.5,-33.46367
1388735468.75,-33.45781
1388735625.0,-33.45765
1388735781.25,-33.45895
1388735937.5,-33.46085
1388736093.75,-33.46254
1388736250.0,-33.45531
1388736406.25,-33.46593
1388736562.5,-33.46008
1388736718.75,-33.45644
1388736875.0,-33.45557
1388737031.25,-33.45875
1388737187.5,-33.45547
1388737343.75,-33.45036
1388737500.0,-33.45457
1388737656.25,-33.44412
1388737812.5,-33.44871
1388737968.75,-33.4489
1388738125.0,-33.45272
1388738281.25,-33.44386
1388738437.5,-33.4507
1388738593.75,-33.43773
1388738750.0,-33.4517
1388738906.25,-33.45287
1388739062.5,-33.44337
1388739218.75,-33.44302
1388739375.0,-33.43557
1388739531.25,-33.44469
1388739687.5,-33.43689
1388739843.75,-33.43003
1388740000.0,-33.43556
1388740156.25,-33.44251
1388740312.5,-33.43584
1388740468.75,-33.43506
1388740625.0,-33.43344
1388740781.25,-33.43787
1388740937.5,-33.42411
1388741093.75,-33.43207
1388741250.0,-33.42887
1388741406.25,-33.43545
1388741562.5,-33.42498
1388741718.75,-33.42884
1388741875.0,-33.42887
1388742031.25,-33.42913
1388742187.5,-33.42202
1388742343.75,-33.42905
1388742500.0,-33.43511
1388742656.25,-33.42026
1388742812.5,-33.42511
1388742968.75,-33.42635
1388743125.0,-33.41824
1388743281.25,-33.41658
1388743437.5,-33.42565
1388743593.75,-33.42379
1388743750.0,-33.42221
1388743906.25,-33.41776
1388744062.5,-33.42162
1388744218.75,-33.41637
1388744375.0,-33.41104
1388744531.25,-33.41577
1388744687.5,-33.41683
1388744843.75,-33.41522
1388745000.0,-33.41021
1388745156.25,-33.40947
1388745312.5,-33.41148
1388745468.75,-33.4114
1388745625.0,-33.40884
1388745781.25,-33.41022
1388745937.5,-33.40463
1388746093.75,-33.40294
1388746250.0,-33.40442
1388746406.25,-33.40449
1388746562.5,-33.39683
1388746718.75,-33.39494
1388746875.0,-33.39995
1388747031.25,-33.39718
1388747187.5,-33.39919
1388747343.75,-33.39507
1388747500.0,-33.39695
1388747656.25,-33.39422
1388747812.5,-33.39712
1388747968.75,-33.3918
1388748125.0,-33.39357
1388748281.25,-33.38309
1388748437.5,-33.39928
1388748593.75,-33.39419
1388748750.0,-33.38974
1388748906.25,-33.38364
1388749062.5,-33.38699
1388749218.75,-33.38802
1388749375.0,-33.38819
1388749531.25,-33.3818
1388749687.5,-33.3835
1388749843.75,-33.38763
1388750000.0,-33.37851
1388750156.25,-33.37983
1388750312.5,-33.38252
1388750468.75,-33.3849
1388750625.0,-33.37963
1388750781.25,-33.37326
1388750937.5,-33.38124
1388751093.75,-33.38038
1388751250.0,-33.38165
1388751406.25,-33.37502
1388751562.5,-33.37634
1388751718.75,-33.37399
1388751875.0,-33.36308
1388752031.25,-33.37293
1388752187.5,-33.37048
1388752343.75,-33.36636
1388752500.0,-33.36627
1388752656.25,-33.36208
1388752812.5,-33.37084
1388752968.75,-33.3599
1388753125.0,-33.36312
1388753281.25,-33.3639
1388753437.5,-33.36554
1388753593.75,-33.36326
1388753750.0,-33.3596
1388753906.25,-33.35451
1388754062.5,-33.35488
1388754218.75,-33.36193
1388754375.0,-33.3538
1388754531.25,-33.36674
1388754687.5,-33.3493
1388754843.75,-33.35609
1388755000.0,-33.35061
1388755156.25,-33.3572
1388755312.5,-33.35351
1388755468.75,-33.34426
1388755625.0,-33.35152
1388755781.25,-33.35767
1388755937.5,-33.35113
1388756093.75,-33.34522
1388756250.0,-33.34761
1388756406.25,-33.34882
1388756562.5,-33.33691
1388756718.75,-33.34982
1388756875.0,-33.3479
1388757031.25,-33.34297
1388757187.5,-33.34063
1388757343.75,-33.34507
1388757500.0,-33.33911
1388757656.25,-33.34237
1388757812.5,-33.33725
1388757968.75,-33.33683
1388758125.0,-33.33364
1388758281.25,-33.33284
1388758437.5,-33.33014
1388758593.75,-33.33716
1388758750.0,-33.33681
1388758906.25,-33.32936
1388759062.5,-33.32753
1388759218.75,-33.33104
1388759375.0,-33.33358
1388759531.25,-33.33157
1388759687.5,-33.32576
1388759843.75,-33.32749
1388760000.0,-33.32597
1388760156.25,-33.32554
1388760312.5,-33.33132
1388760468.75,-33.32013
1388760625.0,-33.32145
1388760781.25,-33.31937
1388760937.5,-33.31083
1388761093.75,-33.32227
1388761250.0,-33.32426
1388761406.25,-33.32524
1388761562.5,-33.31747
1388761718.75,-33.32308
1388761875.0,-33.31269
1388762031.25,-33.32164
1388762187.5,-33.31546
1388762343.75,-33.31524
1388762500.0,-33.31097
1388762656.25,-33.31072
1388762812.5,-33.31519
1388762968.75,-33.30956
1388763125.0,-33.30607
1388763281.25,-33.30794
1388763437.5,-33.31057
1388763593.75,-33.30767
1388763750.0,-33.30252
1388763906.25,-33.30991
1388764062.5,-33.30901
1388764218.75,-33.30357
1388764375.0,-33.29886
1388764531.25,-33.3036
1388764687.5,-33.29651
1388764843.75,-33.30467
1388765000.0,-33.30005
1388765156.25,-33.30355
1388765312.5,-33.29614
1388765468.75,-33.29325
1388765625.0,-33.29592
1388765781.25,-33.29105
1388765937.5,-33.29112
1388766093.75,-33.285
1388766250.0,-33.29209
1388766406.25,-33.29079
1388766562.5,-33.28637
1388766718.75,-33.28869
1388766875.0,-33.28838
1388767031.25,-33.27811
1388767187.5,-33.28284
1388767343.75,-33.28217
1388767500.0,-33.2897
1388767656.25,-33.28825
1388767812.5,-33.28576
1388767968.75,-33.27846
1388768125.0,-33.28623
1388768281.25,-33.28323
1388768437.5,-33.27352
1388768593.75,-33.27028
1388768750.0,-33.26789
1388768906.25,-33.27916
1388769062.5,-33.27472
1388769218.75,-33.27033
1388769375.0,-33.27208
1388769531.25,-33.27221
1388769687.5,-33.26971
1388769843.75,-33.26727
1388770000.0,-33.2675
1388770156.25,-33.27443
1388770312.5,-33.25643
1388770468.75,-33.26611
1388770625.0,-33.26255
1388770781.25,-33.26551
1388770937.5,-33.25749
1388771093.75,-33.26333
1388771250.0,-33.26839
1388771406.25,-33.26048
1388771562.5,-33.25171
1388771718.75,-33.2609
1388771875.0,-33.25159
1388772031.25,-33.25496
1388772187.5,-33.25783
1388772343.75,-33.25442
1388772500.0,-33.25307
1388772656.25,-33.25735
1388772812.5,-33.25357
1388772968.75,-33.25395
1388773125.0,-33.25598
1388773281.25,-33.24964
1388773437.5,-33.25829
1388773593.75,-33.24692
1388773750.0,-33.24876
1388773906.25,-33.24182
1388774062.5,-33.2401
1388774218.75,-33.24255
1388774375.0,-33.24478
1388774531.25,-33.24318
1388774687.5,-33.24636
1388774843.75,-33.23472
1388775000.0,-33.25412
1388775156.25,-33.23969
1388775312.5,-33.24361
1388775468.75,-33.22908
1388775625.0,-33.23816
1388775781.25,-33.23925
1388775937.5,-33.23608
1388776093.75,-33.24318
1388776250.0,-33.23773
1388776406.25,-33.23479
1388776562.5,-33.23038
1388776718.75,-33.22739
1388776875.0,-33.23477
1388777031.25,-33.23064
1388777187.5,-33.22461
1388777343.75,-33.22569
1388777500.0,-33.22018
1388777656.25,-33.22555
1388777812.5,-33.22495
1388777968.75,-33.22532
1388778125.0,-33.23046
1388778281.25,-33.22988
1388778437.5,-33.22827
1388778593.75,-33.22601
1388778750.0,-33.22214
1388778906.25,-33.21824
1388779062.5,-33.21503
1388779218.75,-33.22458
1388779375.0,-33.22112
1388779531.25,-33.21691
1388779687.5,-33.21348
1388779843.75,-33.21935
1388780000.0,-33.20603
1388780156.25,-33.21186
1388780312.5,-33.21061
1388780468.75,-33.20814
1388780625.0,-33.21482
1388780781.25,-33.20436
1388780937.5,-33.20892
1388781093.75,-33.2079
1388781250.0,-33.20741
1388781406.25,-33.20554
1388781562.5,-33.19868
1388781718.75,-33.19841
1388781875.0,-33.20436
1388782031.25,-33.19767
1388782187.5,-33.20052
1388782343.75,-33.20035
1388782500.0,-33.19667
1388782656.25,-33.19652
1388782812.5,-33.20564
1388782968.75,-33.19744
1388783125.0,-33.203
1388783281.25,-33.1961
1388783437.5,-33.18975
1388783593.75,-33.19184
1388783750.0,-33.18304
1388783906.25,-33.19112
1388784062.5,-33.19105
1388784218.75,-33.19255
1388784375.0,-33.19068
1388784531.25,-33.17936
1388784687.5,-33.18489
1388784843.75,-33.18638
1388785000.0,-33.18946
1388785156.25,-33.18156
1388785312.5,-33.18296
1388785468.75,-33.18951
1388785625.0,-33.18096
1388785781.25,-33.17912
1388785937.5,-33.17817
1388786093.75,-33.18165
1388786250.0,-33.17955
1388786406.25,-33.17661
1388786562.5,-33.17429
1388786718.75,-33.17015
1388786875.0,-33.17696
1388787031.25,-33.17001
1388787187.5,-33.17505
1388787343.75,-33.1721
1388787500.0,-33.17804
1388787656.25,-33.1698
1388787812.5,-33.17039
1388787968.75,-33.16532
1388788125.0,-33.16045
1388788281.25,-33.17543
1388788437.5,-33.17026
1388788593.75,-33.17159
1388788750.0,-33.15839
1388788906.25,-33.16275
1388789062.5,-33.15659
1388789218.75,-33.1623
1388789375.0,-33.1511
1388789531.25,-33.15914
1388789687.5,-33.16116
1388789843.75,-33.1601
1388790000.0,-33.15354
1388790156.25,-33.15993
1388790312.5,-33.16174
1388790468.75,-33.15733
1388790625.0,-33.15337
1388790781.25,-33.15558
1388790937.5,-33.14593
1388791093.75,-33.1563
1388791250.0,-33.13723
1388791406.25,-33.14831
1388791562.5,-33.15
1388791718.75,-33.14231
1388791875.0,-33.14852
1388792031.25,-33.14929
1388792187.5,-33.14023
1388792343.75,-33.14427
1388792500.0,-33.14877
1388792656.25,-33.14176
1388792812.5,-33.14054
1388792968.75,-33.14885
1388793125.0,-33.14117
1388793281.25,-33.13517
1388793437.5,-33.13949
1388793593.75,-33.13044
1388793750.0,-33.13396
1388793906.25,-33.13903
1388794062.5,-33.13348
1388794218.75,-33.12463
1388794375.0,-33.13385
1388794531.25,-33.13667
1388794687.5,-33.13249
1388794843.75,-33.12638
1388795000.0,-33.12197
1388795156.25,-33.12104
1388795312.5,-33.12526
1388795468.75,-33.12174
1388795625.0,-33.12881
1388795781.25,-33.12607
1388795937.5,-33.12671
1388796093.75,-33.12486
1388796250.0,-33.12371
1388796406.25,-33.11416
1388796562.5,-33.12872
1388796718.75,-33.11671
1388796875.0,-33.11352
1388797031.25,-33.10877
1388797187.5,-33.11258
1388797343.75,-33.11538
1388797500.0,-33.11454
1388797656.25,-33.11883
1388797812.5,-33.1122
1388797968.75,-33.1035
1388798125.0,-33.10517
1388798281.25,-33.10777
1388798437.5,-33.10024
1388798593.75,-33.1116
1388798750.0,-33.10479
1388798906.25,-33.10491
1388799062.5,-33.11125
1388799218.75,-33.10637
1388799375.0,-33.1018
1388799531.25,-33.10259
1388799687.5,-33.09645
1388799843.75,-33.1028
1388800000.0,-33.09908
1388800156.25,-33.0959
1388800312.5,-33.09858
1388800468.75,-33.09605
1388800625.0,-33.09166
1388800781.25,-33.09815
1388800937.5,-33.09504
1388801093.75,-33.09749
1388801250.0,-33.08986
1388801406.25,-33.08857
1388801562.5,-33.08949
1388801718.75,-33.09614
1388801875.0,-33.08904
1388802031.25,-33.08754
1388802187.5,-33.09114
1388802343.75,-33.08293
1388802500.0,-33.08436
1388802656.25,-33.08458
1388802812.5,-33.08147
1388802968.75,-33.08541
1388803125.0,-33.07549
1388803281.25,-33.07576
1388803437.5,-33.07215
1388803593.75,-33.07661
1388803750.0,-33.0754
1388803906.25,-33.07368
1388804062.5,-33.07747
1388804218.75,-33.07724
1388804375.0,-33.07413
1388804531.25,-33.06575
1388804687.5,-33.07049
1388804843.75,-33.07702
1388805000.0,-33.06493
1388805156.25,-33.07057
1388805312.5,-33.07418
1388805468.75,-33.0662
1388805625.0,-33.06286
1388805781.25,-33.06757
1388805937.5,-33.06351
1388806093.75,-33.06546
1388806250.0,-33.06325
1388806406.25,-33.06169
1388806562.5,-33.06428
1388806718.75,-33.05859
1388806875.0,-33.06126
1388807031.25,-33.05888
1388807187.5,-33.06367
1388807343.75,-33.05296
1388807500.0,-33.05811
1388807656.25,-33.06042
1388807812.5,-33.06232
1388807968.75,-33.05771
1388808125.0,-33.05822
1388808281.25,-33.04942
1388808437.5,-33.05397
1388808593.75,-33.04208
1388808750.0,-33.0519
1388808906.25,-33.04301
1388809062.5,-33.05065
1388809218.75,-33.05457
1388809375.0,-33.04397
1388809531.25,-33.04061
1388809687.5,-33.04576
1388809843.75,-33.04446
1388810000.0,-33.04069
1388810156.25,-33.04091
1388810312.5,-33.04504
1388810468.75,-33.03422
1388810625.0,-33.03442
1388810781.25,-33.04427
1388810937.5,-33.03777
1388811093.75,-33.03987
1388811250.0,-33.03507
1388811406.25,-33.02914
1388811562.5,-33.03186
1388811718.75,-33.03539
1388811875.0,-33.03539
1388812031.25,-33.0365
1388812187.5,-33.02425
1388812343.75,-33.02519
1388812500.0,-33.02373
1388812656.25,-33.02195
1388812812.5,-33.02472
1388812968.75,-33.02438
1388813125.0,-33.02154
1388813281.25,-33.0228
1388813437.5,-33.03159
1388813593.75,-33.01563
1388813750.0,-33.01598
1388813906.25,-33.0198
1388814062.5,-33.02119
1388814218.75,-33.01746
1388814375.0,-33.01313
1388814531.25,-33.01674
1388814687.5,-33.01613
1388814843.75,-33.01361
1388815000.0,-33.01201
1388815156.25,-33.01434
1388815312.5,-33.01181
1388815468.75,-33.00016
1388815625.0,-33.01254
1388815781.25,-33.00469
1388815937.5,-32.99699
1388816093.75,-33.00603
1388816250.0,-33.00853
1388816406.25,-33.00185
1388816562.5,-33.00935
1388816718.75,-33.00645
1388816875.0,-33.01009
1388817031.25,-32.994
1388817187.5,-32.98957
1388817343.75,-32.99543
1388817500.0,-33.00042
1388817656.25,-32.99379
1388817812.5,-32.99134
1388817968.75,-32.99213
1388818125.0,-32.99658
1388818281.25,-32.99427
1388818437.5,-32.99248
1388818593.75,-32.9931
1388818750.0,-32.98644
1388818906.25,-32.99751
1388819062.5,-32.99131
1388819218.75,-32.99435
1388819375.0,-32.99449
1388819531.25,-32.9851
1388819687.5,-32.98701
1388819843.75,-32.98421
1388820000.0,-32.98664
1388820156.25,-32.97795
1388820312.5,-32.98348
1388820468.75,-32.97799
1388820625.0,-32.97977
1388820781.25,-32.98621
1388820937.5,-32.97752
1388821093.75,-32.97904
1388821250.0,-32.97102
1388821406.25,-32.97339
1388821562.5,-32.96877
1388821718.75,-32.97598
1388821875.0,-32.97792
1388822031.25,-32.97296
1388822187.5,-32.97062
1388822343.75,-32.97517
1388822500.0,-32.97285
1388822656.25,-32.97097
1388822812.5,-32.9606
1388822968.75,-32.96902
1388823125.0,-32.96111
1388823281.25,-32.96527
1388823437.5,-32.96689
1388823593.75,-32.96678
1388823750.0,-32.96304
1388823906.25,-32.96628
1388824062.5,-32.96395
1388824218.75,-32.96313
1388824375.0,-32.96489
1388824531.25,-32.95932
1388824687.5,-32.95283
1388824843.75,-32.94994
1388825000.0,-32.94805
1388825156.25,-32.95102
1388825312.5,-32.95558
1388825468.75,-32.94965
1388825625.0,-32.95175
1388825781.25,-32.94454
1388825937.5,-32.95279
1388826093.75,-32.95225
1388826250.0,-32.94111
1388826406.25,-32.9484
1388826562.5,-32.93987
1388826718.75,-32.93911
1388826875.0,-32.94299
1388827031.25,-32.94179
1388827187.5,-32.94101
1388827343.75,-32.94447
1388827500.0,-32.93827
1388827656.25,-32.93422
1388827812.5,-32.93379
1388827968.75,-32.93589
1388828125.0,-32.9389
1388828281.25,-32.94039
1388828437.5,-32.93596
1388828593.75,-32.92627
1388828750.0,-32.94168
1388828906.25,-32.92633
1388829062.5,-32.9257
1388829218.75,-32.92628
1388829375.0,-32.93638
1388829531.25,-32.92573
1388829687.5,-32.92596
1388829843.75,-32.92422
1388830000.0,-32.92209
1388830156.25,-32.91842
1388830312.5,-32.92022
1388830468.75,-32.91582
1388830625.0,-32.91809
1388830781.25,-32.9158
1388830937.5,-32.92015
1388831093.75,-32.91498
1388831250.0,-32.91704
1388831406.25,-32.91162
1388831562.5,-32.91829
1388831718.75,-32.91282
1388831875.0,-32.91822
1388832031.25,-32.91434
1388832187.5,-32.91428
1388832343.75,-32.91521
1388832500.0,-32.9089
1388832656.25,-32.91357
1388832812.5,-32.91438
1388832968.75,-32.91251
1388833125.0,-32.91101
1388833281.25,-32.91136
1388833437.5,-32.90412
1388833593.75,-32.90101
1388833750.0,-32.90085
1388833906.25,-32.90289
1388834062.5,-32.90154
1388834218.75,-32.90011
1388834375.0,-32.89838
1388834531.25,-32.89774
1388834687.5,-32.90334
1388834843.75,-32.89319
1388835000.0,-32.90025
1388835156.25,-32.89201
1388835312.5,-32.89138
1388835468.75,-32.88947
1388835625.0,-32.89583
1388835781.25,-32.89355
1388835937.5,-32.8886
1388836093.75,-32.8818
1388836250.0,-32.88586
1388836406.25,-32.88585
1388836562.5,-32.88308
1388836718.75,-32.88696
1388836875.0,-32.88435
1388837031.25,-32.87997
1388837187.5,-32.87639
1388837343.75,-32.88743
1388837500.0,-32.88309
1388837656.25,-32.88012
1388837812.5,-32.87545
1388837968.75,-32.87501
1388838125.0,-32.87594
1388838281.25,-32.86916
1388838437.5,-32.86953
1388838593.75,-32.86497
1388838750.0,-32.8682
1388838906.25,-32.87225
1388839062.5,-32.87334
1388839218.75,-32.8685
1388839375.0,-32.87141
1388839531.25,-32.86981
1388839687.5,-32.87133
1388839843.75,-32.86823
1388840000.0,-32.86903
1388840156.25,-32.86597
1388840312.5,-32.85878
1388840468.75,-32.86463
1388840625.0,-32.85651
1388840781.25,-32.86229
1388840937.5,-32.86425
1388841093.75,-32.86227
1388841250.0,-32.86006
1388841406.25,-32.86074
1388841562.5,-32.8555
1388841718.75,-32.85484
1388841875.0,-32.85315
1388842031.25,-32.85799
1388842187.5,-32.85577
1388842343.75,-32.85023
1388842500.0,-32.84909
1388842656.25,-32.85389
1388842812.5,-32.85153
1388842968.75,-32.84609
1388843125.0,-32.84643
1388843281.25,-32.84955
1388843437.5,-32.83327
1388843593.75,-32.84997
1388843750.0,-32.83758
1388843906.25,-32.83947
1388844062.5,-32.83515
1388844218.75,-32.83398
1388844375.0,-32.83436
1388844531.25,-32.84382
1388844687.5,-32.83865
1388844843.75,-32.83994
1388845000.0,-32.83233
1388845156.25,-32.83917
1388845312.5,-32.82948
1388845468.75,-32.83238
1388845625.0,-32.83046
1388845781.25,-32.83175
1388845937.5,-32.82833
1388846093.75,-32.82323
1388846250.0,-32.83509
1388846406.25,-32.82048
1388846562.5,-32.82973
1388846718.75,-32.82449
1388846875.0,-32.83021
1388847031.25,-32.82578
1388847187.5,-32.82593
1388847343.75,-32.82106
1388847500.0,-32.8216
1388847656.25,-32.82043
1388847812.5,-32.82436
1388847968.75,-32.81835
1388848125.0,-32.81347
1388848281.25,-32.81557
1388848437.5,-32.81104
1388848593.75,-32.81812
1388848750.0,-32.81677
1388848906.25,-32.81956
1388849062.5,-32.81176
1388849218.75,-32.81712
1388849375.0,-32.80581
1388849531.25,-32.80968
1388849687.5,-32.80151
1388849843.75,-32.81531
1388850000.0,-32.80417
1388850156.25,-32.80265
1388850312.5,-32.80492
1388850468.75,-32.79607
1388850625.0,-32.79981
1388850781.25,-32.8072
1388850937.5,-32.80171
1388851093.75,-32.79644
1388851250.0,-32.80128
1388851406.25,-32.80167
1388851562.5,-32.79942
1388851718.75,-32.79454
1388851875.0,-32.79622
1388852031.25,-32.80042
1388852187.5,-32.79314
1388852343.75,-32.79086
1388852500.0,-32.79792
1388852656.25,-32.78884
1388852812.5,-32.78591
1388852968.75,-32.78801
1388853125.0,-32.78469
1388853281.25,-32.78968
1388853437.5,-32.78569
1388853593.75,-32.78336
1388853750.0,-32.78135
1388853906.25,-32.78203
1388854062.5,-32.77988
1388854218.75,-32.78063
1388854375.0,-32.78078
1388854531.25,-32.77815
1388854687.5,-32.77597
1388854843.75,-32.77489
1388855000.0,-32.77962
1388855156.25,-32.7753
1388855312.5,-32.77207
1388855468.75,-32.76841
1388855625.0,-32.77008
1388855781.25,-32.7649
1388855937.5,-32.76591
1388856093.75,-32.76649
1388856250.0,-32.77273
1388856406.25,-32.76779
1388856562.5,-32.76556
1388856718.75,-32.76326
1388856875.0,-32.76918
1388857031.25,-32.75919
1388857187.5,-32.76556
1388857343.75,-32.75845
1388857500.0,-32.75877
1388857656.25,-32.759
1388857812.5,-32.75865
1388857968.75,-32.76152
1388858125.0,-32.74817
1388858281.25,-32.75428
1388858437.5,-32.75635
1388858593.75,-32.75535
1388858750.0,-32.75519
1388858906.25,-32.75138
1388859062.5,-32.75177
1388859218.75,-32.75491
1388859375.0,-32.74575
1388859531.25,-32.74988
1388859687.5,-32.74617
1388859843.75,-32.74945
1388860000.0,-32.7443
1388860156.25,-32.74825
1388860312.5,-32.74891
1388860468.75,-32.74487
1388860625.0,-32.74321
1388860781.25,-32.74127
1388860937.5,-32.73557
1388861093.75,-32.7431
1388861250.0,-32.74409
1388861406.25,-32.73787
1388861562.5,-32.73177
1388861718.75,-32.74323
1388861875.0,-32.73056
1388862031.25,-32.73577
1388862187.5,-32.72583
1388862343.75,-32.72839
1388862500.0,-32.72718
1388862656.25,-32.72952
1388862812.5,-32.72887
1388862968.75,-32.72821
1388863125.0,-32.72858
1388863281.25,-32.72292
1388863437.5,-32.72343
1388863593.75,-32.72675
1388863750.0,-32.72417
1388863906.25,-32.71914
1388864062.5,-32.72237
1388864218.75,-32.71966
1388864375.0,-32.72104
1388864531.25,-32.71994
1388864687.5,-32.71389
1388864843.75,-32.71941
1388865000.0,-32.71513
1388865156.25,-32.71456
1388865312.5,-32.71072
1388865468.75,-32.70741
1388865625.0,-32.71325
1388865781.25,-32.70832
1388865937.5,-32.71336
1388866093.75,-32.71122
1388866250.0,-32.70493
1388866406.25,-32.704
1388866562.5,-32.7063
1388866718.75,-32.70298
1388866875.0,-32.70333
1388867031.25,-32.69802
1388867187.5,-32.70053
1388867343.75,-32.69696
1388867500.0,-32.69508
1388867656.25,-32.69551
1388867812.5,-32.69665
1388867968.75,-32.69664
1388868125.0,-32.69327
1388868281.25,-32.70268
1388868437.5,-32.6974
1388868593.75,-32.69351
1388868750.0,-32.69217
1388868906.25,-32.69397
1388869062.5,-32.6922
1388869218.75,-32.69179
1388869375.0,-32.69009
1388869531.25,-32.68627
1388869687.5,-32.69203
1388869843.75,-32.68486
1388870000.0,-32.68677
1388870156.25,-32.68643
1388870312.5,-32.69284
1388870468.75,-32.67901
1388870625.0,-32.6855
1388870781.25,-32.68616
1388870937.5,-32.68528
1388871093.75,-32.68168
1388871250.0,-32.68274
1388871406.25,-32.67836
1388871562.5,-32.67918
1388871718.75,-32.67513
1388871875.0,-32.67539
1388872031.25,-32.67725
1388872187.5,-32.67309
1388872343.75,-32.67233
1388872500.0,-32.6723
1388872656.25,-32.67001
1388872812.5,-32.66943
1388872968.75,-32.667
1388873125.0,-32.6663
1388873281.25,-32.66633
1388873437.5,-32.65962
1388873593.75,-32.65671
1388873750.0,-32.66485
1388873906.25,-32.66442
1388874062.5,-32.65825
1388874218.75,-32.65583
1388874375.0,-32.66348
1388874531.25,-32.66126
1388874687.5,-32.65304
1388874843.75,-32.65473
1388875000.0,-32.65044
1388875156.25,-32.65715
1388875312.5,-32.65335
1388875468.75,-32.65702
1388875625.0,-32.6499
1388875781.25,-32.65958
1388875937.5,-32.65304
1388876093.75,-32.64652
1388876250.0,-32.64791
1388876406.25,-32.65265
1388876562.5,-32.64178
1388876718.75,-32.64325
1388876875.0,-32.64384
1388877031.25,-32.64348
1388877187.5,-32.64777
1388877343.75,-32.64665
1388877500.0,-32.63789
1388877656.25,-32.64263
1388877812.5,-32.64238
1388877968.75,-32.63715
1388878125.0,-32.63514
1388878281.25,-32.63799
1388878437.5,-32.63799
1388878593.75,-32.63423
1388878750.0,-32.6312
1388878906.25,-32.63078
1388879062.5,-32.62775
1388879218.75,-32.62437
1388879375.0,-32.61932
1388879531.25,-32.63002
1388879687.5,-32.63293
1388879843.75,-32.63521
1388880000.0,-32.62484
1388880156.25,-32.63051
1388880312.5,-32.62426
1388880468.75,-32.62342
1388880625.0,-32.61551
1388880781.25,-32.62134
1388880937.5,-32.62008
1388881093.75,-32.61853
1388881250.0,-32.62113
1388881406.25,-32.62342
1388881562.5,-32.61596
1388881718.75,-32.61048
1388881875.0,-32.6135
1388882031.25,-32.60562
1388882187.5,-32.60958
1388882343.75,-32.60991
1388882500.0,-32.60475
1388882656.25,-32.60952
1388882812.5,-32.60804
1388882968.75,-32.60952
1388883125.0,-32.61111
1388883281.25,-32.60114
1388883437.5,-32.6032
1388883593.75,-32.60633
1388883750.0,-32.59895
1388883906.25,-32.6112
1388884062.5,-32.60088
1388884218.75,-32.59647
1388884375.0,-32.6068
1388884531.25,-32.60587
1388884687.5,-32.59441
1388884843.75,-32.59661
1388885000.0,-32.59342
1388885156.25,-32.59219
1388885312.5,-32.59428
1388885468.75,-32.59342
1388885625.0,-32.59508
1388885781.25,-32.60045
1388885937.5,-32.59169
1388886093.75,-32.58235
1388886250.0,-32.58517
1388886406.25,-32.58934
1388886562.5,-32.58285
1388886718.75,-32.58789
1388886875.0,-32.59149
1388887031.25,-32.58675
1388887187.5,-32.58106
1388887343.75,-32.58229
1388887500.0,-32.57147
1388887656.25,-32.57287
1388887812.5,-32.58134
1388887968.75,-32.57907
1388888125.0,-32.57173
1388888281.25,-32.5713
1388888437.5,-32.58206
1388888593.75,-32.58017
1388888750.0,-32.56927
1388888906.25,-32.57
1388889062.5,-32.56877
1388889218.75,-32.57033
1388889375.0,-32.5693
1388889531.25,-32.56814
1388889687.5,-32.56825
1388889843.75,-32.56325
1388890000.0,-32.56012
1388890156.25,-32.56254
1388890312.5,-32.56321
1388890468.75,-32.56258
1388890625.0,-32.56508
1388890781.25,-32.56494
1388890937.5,-32.55782
1388891093.75,-32.5578
1388891250.0,-32.5619
1388891406.25,-32.55795
1388891562.5,-32.55816
1388891718.75,-32.55435
1388891875.0,-32.55116
1388892031.25,-32.55534
1388892187.5,-32.54789
1388892343.75,-32.55014
1388892500.0,-32.54721
1388892656.25,-32.54737
1388892812.5,-32.54016
1388892968.75,-32.5447
1388893125.0,-32.55426
1388893281.25,-32.54363
1388893437.5,-32.54008
1388893593.75,-32.54247
1388893750.0,-32.54402
1388893906.25,-32.54388
1388894062.5,-32.53856
1388894218.75,-32.54332
1388894375.0,-32.5261
1388894531.25,-32.54343
1388894687.5,-32.53479
1388894843.75,-32.5303
1388895000.0,-32.53833
1388895156.25,-32.5336
1388895312.5,-32.52092
1388895468.75,-32.53718
1388895625.0,-32.53621
1388895781.25,-32.52922
1388895937.5,-32.52946
1388896093.75,-32.52598
1388896250.0,-32.52201
1388896406.25,-32.53519
1388896562.5,-32.52328
1388896718.75,-32.52312
1388896875.0,-32.51673
1388897031.25,-32.52253
1388897187.5,-32.52694
1388897343.75,-32.52584
1388897500.0,-32.51901
1388897656.25,-32.51858
1388897812.5,-32.50711
1388897968.75,-32.51121
1388898125.0,-32.51957
1388898281.25,-32.51346
1388898437.5,-32.5162
1388898593.75,-32.52137
1388898750.0,-32.50884
1388898906.25,-32.51816
1388899062.5,-32.51578
1388899218.75,-32.50987
1388899375.0,-32.5046
1388899531.25,-32.51112
1388899687.5,-32.50559
1388899843.75,-32.50705
1388900000.0,-32.50425
1388900156.25,-32.50193
1388900312.5,-32.50322
1388900468.75,-32.49427
1388900625.0,-32.49371
1388900781.25,-32.49472
1388900937.5,-32.49773
1388901093.75,-32.49644
1388901250.0,-32.49603
1388901406.25,-32.49565
1388901562.5,-32.49753
1388901718.75,-32.4968
1388901875.0,-32.4903
1388902031.25,-32.48697
1388902187.5,-32.49033
1388902343.75,-32.49089
1388902500.0,-32.48676
1388902656.25,-32.48998
1388902812.5,-32.48854
1388902968.75,-32.48886
1388903125.0,-32.48652
1388903281.25,-32.47942
1388903437.5,-32.48532
1388903593.75,-32.47619
1388903750.0,-32.4764
1388903906.25,-32.47469
1388904062.5,-32.48034
1388904218.75,-32.47638
1388904375.0,-32.47372
1388904531.25,-32.46394
1388904687.5,-32.47124
1388904843.75,-32.48236
1388905000.0,-32.46674
1388905156.25,-32.47086
1388905312.5,-32.46683
1388905468.75,-32.46992
1388905625.0,-32.4728
1388905781.25,-32.46872
1388905937.5,-32.47231
1388906093.75,-32.46104
1388906250.0,-32.46811
1388906406.25,-32.45996
1388906562.5,-32.45899
1388906718.75,-32.46388
1388906875.0,-32.46585
1388907031.25,-32.45974
1388907187.5,-32.45864
1388907343.75,-32.46349
1388907500.0,-32.45683
1388907656.25,-32.45545
1388907812.5,-32.44832
1388907968.75,-32.4581
1388908125.0,-32.45424
1388908281.25,-32.45053
1388908437.5,-32.45214
1388908593.75,-32.4468
1388908750.0,-32.45025
1388908906.25,-32.44336
1388909062.5,-32.45546
1388909218.75,-32.44985
1388909375.0,-32.44283
1388909531.25,-32.44541
1388909687.5,-32.43742
1388909843.75,-32.44149
1388910000.0,-32.44197
1388910156.25,-32.43935
1388910312.5,-32.43856
1388910468.75,-32.43702
1388910625.0,-32.43737
1388910781.25,-32.43221
1388910937.5,-32.43647
1388911093.75,-32.43732
1388911250.0,-32.43481
1388911406.25,-32.42867
1388911562.5,-32.43594
1388911718.75,-32.43214
1388911875.0,-32.43445
1388912031.25,-32.43041
1388912187.5,-32.42738
1388912343.75,-32.43243
1388912500.0,-32.42471
1388912656.25,-32.42189
1388912812.5,-32.42608
1388912968.75,-32.42667
1388913125.0,-32.42204
1388913281.25,-32.42126
1388913437.5,-32.42536
1388913593.75,-32.41961
1388913750.0,-32.4221
1388913906.25,-32.42192
1388914062.5,-32.41397
1388914218.75,-32.42002
1388914375.0,-32.41475
1388914531.25,-32.42402
1388914687.5,-32.41689
1388914843.75,-32.4073
1388915000.0,-32.40836
1388915156.25,-32.40736
1388915312.5,-32.41835
1388915468.75,-32.41356
1388915625.0,-32.40759
1388915781.25,-32.40606
1388915937.5,-32.41094
1388916093.75,-32.40119
1388916250.0,-32.40538
1388916406.25,-32.3979
1388916562.5,-32.39589
1388916718.75,-32.39653
1388916875.0,-32.40018
1388917031.25,-32.39199
1388917187.5,-32.39849
1388917343.75,-32.3888
1388917500.0,-32.38984
1388917656.25,-32.39397
1388917812.5,-32.39402
1388917968.75,-32.39832
1388918125.0,-32.39141
1388918281.25,-32.38778
1388918437.5,-32.38557
1388918593.75,-32.3871
1388918750.0,-32.38746
1388918906.25,-32.388
1388919062.5,-32.38343
1388919218.75,-32.38405
1388919375.0,-32.38007
1388919531.25,-32.38406
1388919687.5,-32.37712
1388919843.75,-32.38358
1388920000.0,-32.37386
1388920156.25,-32.37465
1388920312.5,-32.38201
1388920468.75,-32.37724
1388920625.0,-32.38273
1388920781.25,-32.37531
1388920937.5,-32.37271
1388921093.75,-32.37589
1388921250.0,-32.3694
1388921406.25,-32.3773
1388921562.5,-32.37252
1388921718.75,-32.37373
1388921875.0,-32.36536
1388922031.25,-32.36788
1388922187.5,-32.37183
1388922343.75,-32.36416
1388922500.0,-32.36747
1388922656.25,-32.36497
1388922812.5,-32.36276
1388922968.75,-32.36283
1388923125.0,-32.35286
1388923281.25,-32.35826
1388923437.5,-32.35565
1388923593.75,-32.3643
1388923750.0,-32.35788
1388923906.25,-32.35061
1388924062.5,-32.35445
1388924218.75,-32.35117
1388924375.0,-32.35855
1388924531.25,-32.35318
1388924687.5,-32.34818
1388924843.75,-32.33912
1388925000.0,-32.35525
1388925156.25,-32.34236
1388925312.5,-32.34499
1388925468.75,-32.34705
1388925625.0,-32.34545
1388925781.25,-32.34735
1388925937.5,-32.33436
1388926093.75,-32.3427
1388926250.0,-32.33242
1388926406.25,-32.33614
1388926562.5,-32.33911
1388926718.75,-32.33588
1388926875.0,-32.33582
1388927031.25,-32.3395
1388927187.5,-32.33305
1388927343.75,-32.33008
1388927500.0,-32.32767
1388927656.25,-32.33419
1388927812.5,-32.33278
1388927968.75,-32.32039
1388928125.0,-32.31756
1388928281.25,-32.32828
1388928437.5,-32.33204
1388928593.75,-32.32727
1388928750.0,-32.32489
1388928906.25,-32.32356
1388929062.5,-32.32553
1388929218.75,-32.31657
1388929375.0,-32.31855
1388929531.25,-32.32022
1388929687.5,-32.31767
1388929843.75,-32.31975
1388930000.0,-32.32402
1388930156.25,-32.31684
1388930312.5,-32.31437
1388930468.75,-32.31419
1388930625.0,-32.31914
1388930781.25,-32.30534
1388930937.5,-32.31502
1388931093.75,-32.31436
1388931250.0,-32.30332
1388931406.25,-32.30539
1388931562.5,-32.3091
1388931718.75,-32.30225
1388931875.0,-32.30112
1388932031.25,-32.3064
1388932187.5,-32.29959
1388932343.75,-32.3
1388932500.0,-32.30124
1388932656.25,-32.30526
1388932812.5,-32.29763
1388932968.75,-32.28968
1388933125.0,-32.29673
1388933281.25,-32.28974
1388933437.5,-32.29758
1388933593.75,-32.29979
1388933750.0,-32.28447
1388933906.25,-32.28703
1388934062.5,-32.28931
1388934218.75,-32.28673
1388934375.0,-32.29008
1388934531.25,-32.28993
1388934687.5,-32.28433
1388934843.75,-32.28193
1388935000.0,-32.28761
1388935156.25,-32.27734
1388935312.5,-32.28734
1388935468.75,-32.28147
1388935625.0,-32.28326
1388935781.25,-32.28598
1388935937.5,-32.27919
1388936093.75,-32.28585
1388936250.0,-32.28239
1388936406.25,-32.27344
1388936562.5,-32.27092
1388936718.75,-32.27879
1388936875.0,-32.27234
1388937031.25,-32.2767
1388937187.5,-32.26867
1388937343.75,-32.27075
1388937500.0,-32.26967
1388937656.25,-32.27198
1388937812.5,-32.26919
1388937968.75,-32.26989
1388938125.0,-32.26532
1388938281.25,-32.2658
1388938437.5,-32.26238
1388938593.75,-32.26386
1388938750.0,-32.26399
1388938906.25,-32.26372
1388939062.5,-32.26066
1388939218.75,-32.26065
1388939375.0,-32.25699
1388939531.25,-32.26071
1388939687.5,-32.25797
1388939843.75,-32.25184
1388940000.0,-32.25217
1388940156.25,-32.25816
1388940312.5,-32.24979
1388940468.75,-32.24718
1388940625.0,-32.25123
1388940781.25,-32.25061
1388940937.5,-32.24257
1388941093.75,-32.24685
1388941250.0,-32.24496
1388941406.25,-32.2431
1388941562.5,-32.24124
1388941718.75,-32.24514
1388941875.0,-32.24158
1388942031.25,-32.23968
1388942187.5,-32.23878
1388942343.75,-32.23458
1388942500.0,-32.23954
1388942656.25,-32.23269
1388942812.5,-32.22946
1388942968.75,-32.23429
1388943125.0,-32.23642
1388943281.25,-32.23923
1388943437.5,-32.23074
1388943593.75,-32.22369
1388943750.0,-32.23281
1388943906.25,-32.2257
1388944062.5,-32.23228
1388944218.75,-32.22871
1388944375.0,-32.22475
1388944531.25,-32.21879
1388944687.5,-32.22724
1388944843.75,-32.22223
1388945000.0,-32.21858
1388945156.25,-32.22043
1388945312.5,-32.22278
1388945468.75,-32.21346
1388945625.0,-32.21892
1388945781.25,-32.22218
1388945937.5,-32.21828
1388946093.75,-32.21827
1388946250.0,-32.21338
1388946406.25,-32.22298
1388946562.5,-32.21291
1388946718.75,-32.21394
1388946875.0,-32.21182
1388947031.25,-32.20406
1388947187.5,-32.2056
1388947343.75,-32.21127
1388947500.0,-32.20496
1388947656.25,-32.20691
1388947812.5,-32.20342
1388947968.75,-32.20247
1388948125.0,-32.19836
1388948281.25,-32.20992
1388948437.5,-32.19551
1388948593.75,-32.20058
1388948750.0,-32.20456
1388948906.25,-32.18891
1388949062.5,-32.19365
1388949218.75,-32.19455
1388949375.0,-32.19733
1388949531.25,-32.19103
1388949687.5,-32.19711
1388949843.75,-32.19456
1388950000.0,-32.18384
1388950156.25,-32.18594
1388950312.5,-32.19606
1388950468.75,-32.19232
1388950625.0,-32.17836
1388950781.25,-32.18517
1388950937.5,-32.1826
1388951093.75,-32.18253
1388951250.0,-32.17429
1388951406.25,-32.18328
1388951562.5,-32.17854
1388951718.75,-32.18192
1388951875.0,-32.17952
1388952031.25,-32.17598
1388952187.5,-32.17533
1388952343.75,-32.17618
1388952500.0,-32.17731
1388952656.25,-32.17149
1388952812.5,-32.17186
1388952968.75,-32.17722
1388953125.0,-32.17088
1388953281.25,-32.17158
1388953437.5,-32.16597
1388953593.75,-32.16578
1388953750.0,-32.16859
1388953906.25,-32.16773
1388954062.5,-32.16123
1388954218.75,-32.16002
1388954375.0,-32.164
1388954531.25,-32.15474
1388954687.5,-32.1657
1388954843.75,-32.15902
1388955000.0,-32.15895
1388955156.25,-32.16269
1388955312.5,-32.15262
1388955468.75,-32.16089
1388955625.0,-32.15636
1388955781.25,-32.16155
1388955937.5,-32.15253
1388956093.75,-32.15393
1388956250.0,-32.14989
1388956406.25,-32.14995
1388956562.5,-32.1469
1388956718.75,-32.14689
1388956875.0,-32.14262
1388957031.25,-32.14387
1388957187.5,-32.14477
1388957343.75,-32.14394
1388957500.0,-32.14536
1388957656.25,-32.13783
1388957812.5,-32.14133
1388957968.75,-32.1427
1388958125.0,-32.13612
1388958281.25,-32.13357
1388958437.5,-32.13675
1388958593.75,-32.13072
1388958750.0,-32.13031
1388958906.25,-32.1376
1388959062.5,-32.13709
1388959218.75,-32.12471
1388959375.0,-32.13146
1388959531.25,-32.12378
1388959687.5,-32.13179
1388959843.75,-32.12976
1388960000.0,-32.13004
1388960156.25,-32.12707
1388960312.5,-32.12802
1388960468.75,-32.12165
1388960625.0,-32.11972
1388960781.25,-32.11303
1388960937.5,-32.11724
1388961093.75,-32.10995
1388961250.0,-32.11557
1388961406.25,-32.10582
1388961562.5,-32.11712
1388961718.75,-32.11507
1388961875.0,-32.11643
1388962031.25,-32.11234
1388962187.5,-32.113
1388962343.75,-32.10782
1388962500.0,-32.10967
1388962656.25,-32.10952
1388962812.5,-32.11081
1388962968.75,-32.1069
1388963125.0,-32.10232
1388963281.25,-32.09689
1388963437.5,-32.10316
1388963593.75,-32.09967
1388963750.0,-32.09898
1388963906.25,-32.10363
1388964062.5,-32.0984
1388964218.75,-32.0947
1388964375.0,-32.09967
1388964531.25,-32.09463
1388964687.5,-32.09558
1388964843.75,-32.09204
1388965000.0,-32.0995
1388965156.25,-32.09248
1388965312.5,-32.08542
1388965468.75,-32.09715
1388965625.0,-32.09265
1388965781.25,-32.08207
1388965937.5,-32.08207
1388966093.75,-32.08521
1388966250.0,-32.08432
1388966406.25,-32.08648
1388966562.5,-32.08654
1388966718.75,-32.08155
1388966875.0,-32.07888
1388967031.25,-32.0818
1388967187.5,-32.07149
1388967343.75,-32.08021
1388967500.0,-32.07252
1388967656.25,-32.07101
1388967812.5,-32.07933
1388967968.75,-32.07812
1388968125.0,-32.07564
1388968281.25,-32.07355
1388968437.5,-32.06407
1388968593.75,-32.06798
1388968750.0,-32.0687
1388968906.25,-32.06874
1388969062.5,-32.07199
1388969218.75,-32.06436
1388969375.0,-32.06603
1388969531.25,-32.07215
1388969687.5,-32.06251
1388969843.75,-32.06063
1388970000.0,-32.06356
1388970156.25,-32.0644
1388970312.5,-32.05513
1388970468.75,-32.06424
1388970625.0,-32.06115
1388970781.25,-32.06239
1388970937.5,-32.05506
1388971093.75,-32.05256
1388971250.0,-32.04827
1388971406.25,-32.04502
1388971562.5,-32.05188
1388971718.75,-32.0468
1388971875.0,-32.0463
1388972031.25,-32.0521
1388972187.5,-32.05229
1388972343.75,-32.04383
1388972500.0,-32.04319
1388972656.25,-32.04488
1388972812.5,-32.04348
1388972968.75,-32.04195
1388973125.0,-32.03872
1388973281.25,-32.04045
1388973437.5,-32.03525
1388973593.75,-32.04387
1388973750.0,-32.03741
1388973906.25,-32.0326
1388974062.5,-32.03204
1388974218.75,-32.03239
1388974375.0,-32.03392
1388974531.25,-32.02905
1388974687.5,-32.03207
1388974843.75,-32.02586
1388975000.0,-32.02928
1388975156.25,-32.02913
1388975312.5,-32.03311
1388975468.75,-32.02426
1388975625.0,-32.02104
1388975781.25,-32.01908
1388975937.5,-32.02314
1388976093.75,-32.01955
1388976250.0,-32.01458
1388976406.25,-32.023
1388976562.5,-32.02156
1388976718.75,-32.01356
1388976875.0,-32.02082
1388977031.25,-32.01295
1388977187.5,-32.01341
1388977343.75,-32.01189
1388977500.0,-32.01446
1388977656.25,-32.00554
1388977812.5,-32.00996
1388977968.75,-32.0119
1388978125.0,-32.01262
1388978281.25,-32.00788
1388978437.5,-32.00249
1388978593.75,-32.00804
1388978750.0,-32.00464
1388978906.25,-32.00181
1388979062.5,-32.0006
1388979218.75,-32.00795
1388979375.0,-31.99443
1388979531.25,-32.00263
1388979687.5,-31.99956
1388979843.75,-32.00375
1388980000.0,-32.004
1388980156.25,-31.99428
1388980312.5,-31.99942
1388980468.75,-31.98966
1388980625.0,-31.98982
1388980781.25,-31.98723
1388980937.5,-31.98504
1388981093.75,-31.98717
1388981250.0,-31.98105
1388981406.25,-31.98051
1388981562.5,-31.99156
1388981718.75,-31.9859
1388981875.0,-31.98047
1388982031.25,-31.9819
1388982187.5,-31.98251
1388982343.75,-31.98218
1388982500.0,-31.97337
1388982656.25,-31.97775
1388982812.5,-31.97358
1388982968.75,-31.97309
1388983125.0,-31.97141
1388983281.25,-31.97574
1388983437.5,-31.97786
1388983593.75,-31.97849
1388983750.0,-31.97063
1388983906.25,-31.97296
1388984062.5,-31.97022
1388984218.75,-31.96559
1388984375.0,-31.96094
1388984531.25,-31.96608
1388984687.5,-31.96903
1388984843.75,-31.96399
1388985000.0,-31.96008
1388985156.25,-31.96196
1388985312.5,-31.95918
1388985468.75,-31.95932
1388985625.0,-31.95896
1388985781.25,-31.96474
1388985937.5,-31.95724
1388986093.75,-31.9572
1388986250.0,-31.95723
1388986406.25,-31.95153
1388986562.5,-31.95232
1388986718.75,-31.94858
1388986875.0,-31.95579
1388987031.25,-31.95683
1388987187.5,-31.94871
1388987343.75,-31.95304
1388987500.0,-31.94543
1388987656.25,-31.94358
1388987812.5,-31.95574
1388987968.75,-31.94788
1388988125.0,-31.94584
1388988281.25,-31.9391
1388988437.5,-31.94468
1388988593.75,-31.93764
1388988750.0,-31.93681
1388988906.25,-31.93916
1388989062.5,-31.92943
1388989218.75,-31.93773
1388989375.0,-31.92643
1388989531.25,-31.93563
1388989687.5,-31.93857
1388989843.75,-31.93749
1388990000.0,-31.93506
1388990156.25,-31.92202
1388990312.5,-31.92455
1388990468.75,-31.92404
1388990625.0,-31.92358
1388990781.25,-31.92358
1388990937.5,-31.91785
1388991093.75,-31.92117
1388991250.0,-31.92141
1388991406.25,-31.92247
1388991562.5,-31.9224
1388991718.75,-31.91733
1388991875.0,-31.92262
1388992031.25,-31.92167
1388992187.5,-31.91565
1388992343.75,-31.91902
1388992500.0,-31.91791
1388992656.25,-31.91117
1388992812.5,-31.91603
1388992968.75,-31.90994
1388993125.0,-31.91601
1388993281.25,-31.9066
1388993437.5,-31.90273
1388993593.75,-31.90722
1388993750.0,-31.90648
1388993906.25,-31.90927
1388994062.5,-31.90845
1388994218.75,-31.90218
1388994375.0,-31.89869
1388994531.25,-31.9018
1388994687.5,-31.90449
1388994843.75,-31.89937
1388995000.0,-31.90022
1388995156.25,-31.89859
1388995312.5,-31.89309
1388995468.75,-31.89521
1388995625.0,-31.89551
1388995781.25,-31.89435
1388995937.5,-31.88896
1388996093.75,-31.88535
1388996250.0,-31.88763
1388996406.25,-31.88975
1388996562.5,-31.88552
1388996718.75,-31.88739
1388996875.0,-31.87773
1388997031.25,-31.88714
1388997187.5,-31.88145
1388997343.75,-31.88433
1388997500.0,-31.88377
1388997656.25,-31.87994
1388997812.5,-31.8782
1388997968.75,-31.87373
1388998125.0,-31.87892
1388998281.25,-31.87262
1388998437.5,-31.86993
1388998593.75,-31.87867
1388998750.0,-31.87211
1388998906.25,-31.87072
1388999062.5,-31.87465
1388999218.75,-31.87263
1388999375.0,-31.87145
1388999531.25,-31.86799
1388999687.5,-31.87428
1388999843.75,-31.86211
1389000000.0,-31.86851
1389000156.25,-31.86935
1389000312.5,-31.86726
1389000468.75,-31.86685
1389000625.0,-31.86635
1389000781.25,-31.85534
1389000937.5,-31.85637
1389001093.75,-31.86207
1389001250.0,-31.85979
1389001406.25,-31.85595
1389001562.5,-31.84596
1389001718.75,-31.85436
1389001875.0,-31.85826
1389002031.25,-31.85093
1389002187.5,-31.84987
1389002343.75,-31.85371
1389002500.0,-31.84678
1389002656.25,-31.84444
1389002812.5,-31.85282
1389002968.75,-31.84537
1389003125.0,-31.84058
1389003281.25,-31.84023
1389003437.5,-31.84055
1389003593.75,-31.83919
1389003750.0,-31.84027
1389003906.25,-31.8423
1389004062.5,-31.84051
1389004218.75,-31.83226
1389004375.0,-31.83628
1389004531.25,-31.84002
1389004687.5,-31.82894
1389004843.75,-31.83086
1389005000.0,-31.83527
1389005156.25,-31.83467
1389005312.5,-31.83148
1389005468.75,-31.82707
1389005625.0,-31.82368
1389005781.25,-31.82869
1389005937.5,-31.83006
1389006093.75,-31.81918
1389006250.0,-31.82558
1389006406.25,-31.8241
1389006562.5,-31.81799
1389006718.75,-31.81801
1389006875.0,-31.81879
1389007031.25,-31.81256
1389007187.5,-31.82157
1389007343.75,-31.81227
1389007500.0,-31.81465
1389007656.25,-31.81257
1389007812.5,-31.81499
1389007968.75,-31.81173
1389008125.0,-31.81735
1389008281.25,-31.81391
1389008437.5,-31.80508
1389008593.75,-31.80826
1389008750.0,-31.80719
1389008906.25,-31.81277
1389009062.5,-31.8091
1389009218.75,-31.8091
1389009375.0,-31.80652
1389009531.25,-31.7969
1389009687.5,-31.79977
1389009843.75,-31.79979
1389010000.0,-31.80062
1389010156.25,-31.80183
1389010312.5,-31.79347
1389010468.75,-31.79606
1389010625.0,-31.78736
1389010781.25,-31.79381
1389010937.5,-31.78872
1389011093.75,-31.78993
1389011250.0,-31.7852
1389011406.25,-31.79039
1389011562.5,-31.79194
1389011718.75,-31.78197
1389011875.0,-31.78932
1389012031.25,-31.78391
1389012187.5,-31.78122
1389012343.75,-31.77897
1389012500.0,-31.7889
1389012656.25,-31.7821
1389012812.5,-31.78114
1389012968.75,-31.78363
1389013125.0,-31.77631
1389013281.25,-31.7729
1389013437.5,-31.77773
1389013593.75,-31.77182
1389013750.0,-31.77294
1389013906.25,-31.76975
1389014062.5,-31.77379
1389014218.75,-31.77541
1389014375.0,-31.77028
1389014531.25,-31.76459
1389014687.5,-31.77058
1389014843.75,-31.7669
1389015000.0,-31.76747
1389015156.25,-31.76131
1389015312.5,-31.76414
1389015468.75,-31.76278
1389015625.0,-31.76054
1389015781.25,-31.76289
1389015937.5,-31.75822
1389016093.75,-31.76195
1389016250.0,-31.75582
1389016406.25,-31.75702
1389016562.5,-31.75373
1389016718.75,-31.75501
1389016875.0,-31.75667
1389017031.25,-31.76041
1389017187.5,-31.74758
1389017343.75,-31.74281
1389017500.0,-31.74541
1389017656.25,-31.75487
1389017812.5,-31.74058
1389017968.75,-31.73956
1389018125.0,-31.7441
1389018281.25,-31.74445
1389018437.5,-31.74988
1389018593.75,-31.74403
1389018750.0,-31.73499
1389018906.25,-31.74284
1389019062.5,-31.74126
1389019218.75,-31.73848
1389019375.0,-31.74247
1389019531.25,-31.73685
1389019687.5,-31.73212
1389019843.75,-31.73353
1389020000.0,-31.73722
1389020156.25,-31.73472
1389020312.5,-31.72082
1389020468.75,-31.73404
1389020625.0,-31.72765
1389020781.25,-31.73126
1389020937.5,-31.72409
1389021093.75,-31.72115
1389021250.0,-31.72443
1389021406.25,-31.71864
1389021562.5,-31.72044
1389021718.75,-31.72132
1389021875.0,-31.71745
1389022031.25,-31.71566
1389022187.5,-31.72176
1389022343.75,-31.71861
1389022500.0,-31.71729
1389022656.25,-31.70753
1389022812.5,-31.71388
1389022968.75,-31.71103
1389023125.0,-31.71218
1389023281.25,-31.71982
1389023437.5,-31.70977
1389023593.75,-31.71156
1389023750.0,-31.70653
1389023906.25,-31.70086
1389024062.5,-31.70756
1389024218.75,-31.70568
1389024375.0,-31.70137
1389024531.25,-31.69726
1389024687.5,-31.71409
1389024843.75,-31.70102
1389025000.0,-31.70313
1389025156.25,-31.70132
1389025312.5,-31.69475
1389025468.75,-31.6907
1389025625.0,-31.69228
1389025781.25,-31.70097
1389025937.5,-31.68886
1389026093.75,-31.69273
1389026250.0,-31.68798
1389026406.25,-31.69277
1389026562.5,-31.69489
1389026718.75,-31.68774
1389026875.0,-31.68805
1389027031.25,-31.68266
1389027187.5,-31.68237
1389027343.75,-31.68411
1389027500.0,-31.68731
1389027656.25,-31.68309
1389027812.5,-31.67882
1389027968.75,-31.67897
1389028125.0,-31.67388
1389028281.25,-31.67823
1389028437.5,-31.66834
1389028593.75,-31.67356
1389028750.0,-31.66948
1389028906.25,-31.6687
1389029062.5,-31.67093
1389029218.75,-31.66777
1389029375.0,-31.66258
1389029531.25,-31.67217
1389029687.5,-31.66694
1389029843.75,-31.66304
1389030000.0,-31.6667
1389030156.25,-31.66722
1389030312.5,-31.66733
1389030468.75,-31.65525
1389030625.0,-31.66182
1389030781.25,-31.65443
1389030937.5,-31.66274
1389031093.75,-31.66239
1389031250.0,-31.65609
1389031406.25,-31.65683
1389031562.5,-31.66154
1389031718.75,-31.65524
1389031875.0,-31.6485
1389032031.25,-31.65108
1389032187.5,-31.64093
1389032343.75,-31.64574
1389032500.0,-31.64326
1389032656.25,-31.64049
1389032812.5,-31.64764
1389032968.75,-31.64487
1389033125.0,-31.64502
1389033281.25,-31.64643
1389033437.5,-31.63897
1389033593.75,-31.641
1389033750.0,-31.6392
1389033906.25,-31.63948
1389034062.5,-31.6388
1389034218.75,-31.64145
1389034375.0,-31.63377
1389034531.25,-31.63476
1389034687.5,-31.63428
1389034843.75,-31.62596
1389035000.0,-31.62969
1389035156.25,-31.62419
1389035312.5,-31.63636
1389035468.75,-31.62781
1389035625.0,-31.62809
1389035781.25,-31.62617
1389035937.5,-31.62621
1389036093.75,-31.62722
1389036250.0,-31.62658
1389036406.25,-31.61959
1389036562.5,-31.62239
1389036718.75,-31.61324
1389036875.0,-31.6172
1389037031.25,-31.61548
1389037187.5,-31.61177
1389037343.75,-31.61627
1389037500.0,-31.61716
1389037656.25,-31.61703
1389037812.5,-31.6121
1389037968.75,-31.60427
1389038125.0,-31.61019
1389038281.25,-31.60459
1389038437.5,-31.60839
1389038593.75,-31.60417
1389038750.0,-31.61063
1389038906.25,-31.59493
1389039062.5,-31.60749
1389039218.75,-31.60321
1389039375.0,-31.60136
1389039531.25,-31.60219
1389039687.5,-31.60093
1389039843.75,-31.60017
1389040000.0,-31.59445
1389040156.25,-31.59561
1389040312.5,-31.60231
1389040468.75,-31.5919
1389040625.0,-31.59881
1389040781.25,-31.59465
1389040937.5,-31.5956
1389041093.75,-31.58228
1389041250.0,-31.58922
1389041406.25,-31.58194
1389041562.5,-31.59109
1389041718.75,-31.5894
1389041875.0,-31.58194
1389042031.25,-31.58678
1389042187.5,-31.5829
1389042343.75,-31.57925
1389042500.0,-31.58159
1389042656.25,-31.575
1389042812.5,-31.58195
1389042968.75,-31.57356
1389043125.0,-31.57778
1389043281.25,-31.57454
1389043437.5,-31.58119
1389043593.75,-31.57131
1389043750.0,-31.57059
1389043906.25,-31.5751
1389044062.5,-31.56692
1389044218.75,-31.56443
1389044375.0,-31.56882
1389044531.25,-31.56439
1389044687.5,-31.56604
1389044843.75,-31.56064
1389045000.0,-31.56186
1389045156.25,-31.55801
1389045312.5,-31.55401
1389045468.75,-31.56061
1389045625.0,-31.55539
1389045781.25,-31.56129
1389045937.5,-31.55951
1389046093.75,-31.55309
1389046250.0,-31.55235
1389046406.25,-31.5542
1389046562.5,-31.55279
1389046718.75,-31.55182
1389046875.0,-31.54715
1389047031.25,-31.54946
1389047187.5,-31.54271
1389047343.75,-31.54478
1389047500.0,-31.54708
1389047656.25,-31.5404
1389047812.5,-31.53991
1389047968.75,-31.54725
1389048125.0,-31.54279
1389048281.25,-31.54229
1389048437.5,-31.54046
1389048593.75,-31.53997
1389048750.0,-31.5393
1389048906.25,-31.5303
1389049062.5,-31.53453
1389049218.75,-31.53099
1389049375.0,-31.53626
1389049531.25,-31.53177
1389049687.5,-31.52826
1389049843.75,-31.52257
1389050000.0,-31.52821
1389050156.25,-31.52839
1389050312.5,-31.52296
1389050468.75,-31.52116
1389050625.0,-31.51776
1389050781.25,-31.51879
1389050937.5,-31.52008
1389051093.75,-31.52244
1389051250.0,-31.51709
1389051406.25,-31.51845
1389051562.5,-31.51608
1389051718.75,-31.52322
1389051875.0,-31.51277
1389052031.25,-31.51406
1389052187.5,-31.50765
1389052343.75,-31.51135
1389052500.0,-31.5165
1389052656.25,-31.50627
1389052812.5,-31.50846
1389052968.75,-31.50821
1389053125.0,-31.50835
1389053281.25,-31.50844
1389053437.5,-31.50563
1389053593.75,-31.5019
1389053750.0,-31.50784
1389053906.25,-31.50459
1389054062.5,-31.50241
1389054218.75,-31.49618
1389054375.0,-31.4989
1389054531.25,-31.4962
1389054687.5,-31.50131
1389054843.75,-31.49778
1389055000.0,-31.4983
1389055156.25,-31.4889
1389055312.5,-31.48797
1389055468.75,-31.48515
1389055625.0,-31.49284
1389055781.25,-31.48742
1389055937.5,-31.48954
1389056093.75,-31.49095
1389056250.0,-31.4837
1389056406.25,-31.48152
1389056562.5,-31.48197
1389056718.75,-31.47902
1389056875.0,-31.47711
1389057031.25,-31.47648
1389057187.5,-31.47002
1389057343.75,-31.47519
1389057500.0,-31.47896
1389057656.25,-31.48376
1389057812.5,-31.47489
1389057968.75,-31.48174
1389058125.0,-31.47556
1389058281.25,-31.46301
1389058437.5,-31.46351
1389058593.75,-31.46842
1389058750.0,-31.46818
1389058906.25,-31.47006
1389059062.5,-31.46735
1389059218.75,-31.46199
1389059375.0,-31.46147
1389059531.25,-31.46433
1389059687.5,-31.46297
1389059843.75,-31.46239
1389060000.0,-31.46317
1389060156.25,-31.45756
1389060312.5,-31.45521
1389060468.75,-31.45521
1389060625.0,-31.4555
1389060781.25,-31.44876
1389060937.5,-31.45139
1389061093.75,-31.46013
1389061250.0,-31.45031
1389061406.25,-31.45234
1389061562.5,-31.44897
1389061718.75,-31.43799
1389061875.0,-31.45231
1389062031.25,-31.44355
1389062187.5,-31.44433
1389062343.75,-31.44601
1389062500.0,-31.44275
1389062656.25,-31.44219
1389062812.5,-31.44167
1389062968.75,-31.43374
1389063125.0,-31.42799
1389063281.25,-31.43988
1389063437.5,-31.44314
1389063593.75,-31.43578
1389063750.0,-31.43315
1389063906.25,-31.43798
1389064062.5,-31.4309
1389064218.75,-31.42627
1389064375.0,-31.43298
1389064531.25,-31.42897
1389064687.5,-31.42907
1389064843.75,-31.42943
1389065000.0,-31.41888
1389065156.25,-31.42365
1389065312.5,-31.42148
1389065468.75,-31.42314
1389065625.0,-31.42549
1389065781.25,-31.41052
1389065937.5,-31.41918
1389066093.75,-31.41718
1389066250.0,-31.41796
1389066406.25,-31.42063
1389066562.5,-31.41299
1389066718.75,-31.4109
1389066875.0,-31.40568
1389067031.25,-31.41237
1389067187.5,-31.41025
1389067343.75,-31.40797
1389067500.0,-31.40931
1389067656.25,-31.40685
1389067812.5,-31.40133
1389067968.75,-31.39841
1389068125.0,-31.40189
1389068281.25,-31.40213
1389068437.5,-31.39545
1389068593.75,-31.39097
1389068750.0,-31.3973
1389068906.25,-31.39777
1389069062.5,-31.39358
1389069218.75,-31.39475
1389069375.0,-31.39623
1389069531.25,-31.39367
1389069687.5,-31.39244
1389069843.75,-31.38787
1389070000.0,-31.38905
1389070156.25,-31.38866
1389070312.5,-31.3869
1389070468.75,-31.38313
1389070625.0,-31.38412
1389070781.25,-31.38029
1389070937.5,-31.37996
1389071093.75,-31.38626
1389071250.0,-31.38087
1389071406.25,-31.37639
1389071562.5,-31.38243
1389071718.75,-31.38707
1389071875.0,-31.38292
1389072031.25,-31.37037
1389072187.5,-31.38263
1389072343.75,-31.37348
1389072500.0,-31.37998
1389072656.25,-31.37491
1389072812.5,-31.36227
1389072968.75,-31.37022
1389073125.0,-31.36741
1389073281.25,-31.36711
1389073437.5,-31.36356
1389073593.75,-31.36278
1389073750.0,-31.3646
1389073906.25,-31.36245
1389074062.5,-31.36775
1389074218.75,-31.36123
1389074375.0,-31.36554
1389074531.25,-31.35302
1389074687.5,-31.35612
1389074843.75,-31.35471
1389075000.0,-31.35232
1389075156.25,-31.35126
1389075312.5,-31.34846
1389075468.75,-31.34736
1389075625.0,-31.35033
1389075781.25,-31.35145
1389075937.5,-31.35155
1389076093.75,-31.34661
1389076250.0,-31.34992
1389076406.25,-31.34269
1389076562.5,-31.34602
1389076718.75,-31.34117
1389076875.0,-31.34135
1389077031.25,-31.34219
1389077187.5,-31.33557
1389077343.75,-31.34001
1389077500.0,-31.33948
1389077656.25,-31.33772
1389077812.5,-31.33028
1389077968.75,-31.32692
1389078125.0,-31.33308
1389078281.25,-31.32704
1389078437.5,-31.33012
1389078593.75,-31.33143
1389078750.0,-31.33268
1389078906.25,-31.32396
1389079062.5,-31.32455
1389079218.75,-31.32057
1389079375.0,-31.32595
1389079531.25,-31.31277
1389079687.5,-31.32707
1389079843.75,-31.32516
1389080000.0,-31.32364
1389080156.25,-31.31675
1389080312.5,-31.31796
1389080468.75,-31.31232
1389080625.0,-31.31659
1389080781.25,-31.30869
1389080937.5,-31.31298
1389081093.75,-31.31001
1389081250.0,-31.31066
1389081406.25,-31.3071
1389081562.5,-31.3094
1389081718.75,-31.3096
1389081875.0,-31.30001
1389082031.25,-31.30578
1389082187.5,-31.30109
1389082343.75,-31.30888
1389082500.0,-31.30804
1389082656.25,-31.29896
1389082812.5,-31.29936
1389082968.75,-31.30254
1389083125.0,-31.29402
1389083281.25,-31.29791
1389083437.5,-31.29079
1389083593.75,-31.28195
1389083750.0,-31.2967
1389083906.25,-31.29054
1389084062.5,-31.29246
1389084218.75,-31.2933
1389084375.0,-31.29404
1389084531.25,-31.28351
1389084687.5,-31.28461
1389084843.75,-31.2896
1389085000.0,-31.28709
1389085156.25,-31.28035
1389085312.5,-31.27859
1389085468.75,-31.28171
1389085625.0,-31.27475
1389085781.25,-31.27924
1389085937.5,-31.27837
1389086093.75,-31.27313
1389086250.0,-31.27562
1389086406.25,-31.2735
1389086562.5,-31.27151
1389086718.75,-31.27352
1389086875.0,-31.27275
1389087031.25,-31.26909
1389087187.5,-31.26966
1389087343.75,-31.26937
1389087500.0,-31.27128
1389087656.25,-31.26817
1389087812.5,-31.26045
1389087968.75,-31.26756
1389088125.0,-31.25965
1389088281.25,-31.26098
1389088437.5,-31.25882
1389088593.75,-31.25682
1389088750.0,-31.25012
1389088906.25,-31.25201
1389089062.5,-31.26088
1389089218.75,-31.25297
1389089375.0,-31.24632
1389089531.25,-31.24957
1389089687.5,-31.25861
1389089843.75,-31.24695
1389090000.0,-31.2459
1389090156.25,-31.25072
1389090312.5,-31.24778
1389090468.75,-31.24024
1389090625.0,-31.24912
1389090781.25,-31.23985
1389090937.5,-31.24482
1389091093.75,-31.23995
1389091250.0,-31.244
1389091406.25,-31.23473
1389091562.5,-31.23915
1389091718.75,-31.24035
1389091875.0,-31.23401
1389092031.25,-31.23611
1389092187.5,-31.23163
1389092343.75,-31.23797
1389092500.0,-31.23251
1389092656.25,-31.23111
1389092812.5,-31.22789
1389092968.75,-31.22372
1389093125.0,-31.22888
1389093281.25,-31.23044
1389093437.5,-31.22766
1389093593.75,-31.22713
1389093750.0,-31.23166
1389093906.25,-31.22677
1389094062.5,-31.22294
1389094218.75,-31.2192
1389094375.0,-31.21582
1389094531.25,-31.21711
1389094687.5,-31.21932
1389094843.75,-31.21355
1389095000.0,-31.21266
1389095156.25,-31.21257
1389095312.5,-31.20914
1389095468.75,-31.20991
1389095625.0,-31.207
1389095781.25,-31.20731
1389095937.5,-31.21206
1389096093.75,-31.20759
1389096250.0,-31.19966
1389096406.25,-31.20544
1389096562.5,-31.20528
1389096718.75,-31.1952
1389096875.0,-31.19861
1389097031.25,-31.19829
1389097187.5,-31.19615
1389097343.75,-31.201
1389097500.0,-31.19405
1389097656.25,-31.19109
1389097812.5,-31.18968
1389097968.75,-31.19541
1389098125.0,-31.1931
1389098281.25,-31.18996
1389098437.5,-31.19032
1389098593.75,-31.19497
1389098750.0,-31.18754
1389098906.25,-31.1847
1389099062.5,-31.18033
1389099218.75,-31.18426
1389099375.0,-31.18089
1389099531.25,-31.18221
1389099687.5,-31.18342
1389099843.75,-31.17821
1389100000.0,-31.17257
1389100156.25,-31.17603
1389100312.5,-31.1699
1389100468.75,-31.17594
1389100625.0,-31.17334
1389100781.25,-31.17308
1389100937.5,-31.16541
1389101093.75,-31.16967
1389101250.0,-31.17224
1389101406.25,-31.16675
1389101562.5,-31.1655
1389101718.75,-31.16246
1389101875.0,-31.1732
1389102031.25,-31.15602
1389102187.5,-31.15844
1389102343.75,-31.15734
1389102500.0,-31.15583
1389102656.25,-31.15886
1389102812.5,-31.15915
1389102968.75,-31.14812
1389103125.0,-31.15346
1389103281.25,-31.15128
1389103437.5,-31.14839
1389103593.75,-31.14831
1389103750.0,-31.1468
1389103906.25,-31.147
1389104062.5,-31.15267
1389104218.75,-31.15123
1389104375.0,-31.1452
1389104531.25,-31.14706
1389104687.5,-31.14609
1389104843.75,-31.14202
1389105000.0,-31.14201
1389105156.25,-31.1434
1389105312.5,-31.13807
1389105468.75,-31.13633
1389105625.0,-31.1374
1389105781.25,-31.1406
1389105937.5,-31.13496
1389106093.75,-31.13455
1389106250.0,-31.13265
1389106406.25,-31.12847
1389106562.5,-31.13355
1389106718.75,-31.12544
1389106875.0,-31.13336
1389107031.25,-31.127
1389107187.5,-31.12551
1389107343.75,-31.12671
1389107500.0,-31.12233
1389107656.25,-31.12863
1389107812.5,-31.1276
1389107968.75,-31.12469
1389108125.0,-31.12057
1389108281.25,-31.12226
1389108437.5,-31.12262
1389108593.75,-31.12113
1389108750.0,-31.11453
1389108906.25,-31.11163
1389109062.5,-31.11538
1389109218.75,-31.11139
1389109375.0,-31.10754
1389109531.25,-31.11103
1389109687.5,-31.1102
1389109843.75,-31.09989
1389110000.0,-31.10636
1389110156.25,-31.11079
1389110312.5,-31.10134
1389110468.75,-31.1014
1389110625.0,-31.10138
1389110781.25,-31.09706
1389110937.5,-31.09423
1389111093.75,-31.10391
1389111250.0,-31.09015
1389111406.25,-31.10189
1389111562.5,-31.09425
1389111718.75,-31.09174
1389111875.0,-31.09121
1389112031.25,-31.09295
1389112187.5,-31.08895
1389112343.75,-31.09052
1389112500.0,-31.08982
1389112656.25,-31.0867
1389112812.5,-31.08438
1389112968.75,-31.08113
1389113125.0,-31.0839
1389113281.25,-31.08478
1389113437.5,-31.08904
1389113593.75,-31.08133
1389113750.0,-31.07716
1389113906.25,-31.07371
1389114062.5,-31.07187
1389114218.75,-31.07896
1389114375.0,-31.07195
1389114531.25,-31.07523
1389114687.5,-31.06679
1389114843.75,-31.06836
1389115000.0,-31.07099
1389115156.25,-31.07078
1389115312.5,-31.06228
1389115468.75,-31.06879
1389115625.0,-31.06712
1389115781.25,-31.06476
1389115937.5,-31.06218
1389116093.75,-31.06317
1389116250.0,-31.05825
1389116406.25,-31.06508
1389116562.5,-31.05826
1389116718.75,-31.05765
1389116875.0,-31.05511
1389117031.25,-31.05405
1389117187.5,-31.0584
1389117343.75,-31.05597
1389117500.0,-31.05576
1389117656.25,-31.05141
1389117812.5,-31.04544
1389117968.75,-31.04927
1389118125.0,-31.04331
1389118281.25,-31.04974
1389118437.5,-31.04092
1389118593.75,-31.0393
1389118750.0,-31.03904
1389118906.25,-31.04068
1389119062.5,-31.04042
1389119218.75,-31.03815
1389119375.0,-31.04298
1389119531.25,-31.0277
1389119687.5,-31.0385
1389119843.75,-31.03104
1389120000.0,-31.03054
1389120156.25,-31.03238
1389120312.5,-31.03381
1389120468.75,-31.02591
1389120625.0,-31.02596
1389120781.25,-31.02929
1389120937.5,-31.02824
1389121093.75,-31.03078
1389121250.0,-31.03039
1389121406.25,-31.02195
1389121562.5,-31.02496
1389121718.75,-31.02402
1389121875.0,-31.02279
1389122031.25,-31.0216
1389122187.5,-31.01757
1389122343.75,-31.01594
1389122500.0,-31.0107
1389122656.25,-31.01294
1389122812.5,-31.00654
1389122968.75,-31.00796
1389123125.0,-31.00821
1389123281.25,-31.01239
1389123437.5,-31.00293
1389123593.75,-31.00145
1389123750.0,-31.00803
1389123906.25,-31.00612
1389124062.5,-31.00238
1389124218.75,-30.99739
1389124375.0,-31.00416
1389124531.25,-30.99712
1389124687.5,-30.99672
1389124843.75,-30.99757
1389125000.0,-30.99174
1389125156.25,-31.00026
1389125312.5,-30.99563
1389125468.75,-30.99791
1389125625.0,-30.9927
1389125781.25,-30.99109
1389125937.5,-30.99424
1389126093.75,-30.98307
1389126250.0,-30.9846
1389126406.25,-30.98444
1389126562.5,-30.98356
1389126718.75,-30.98025
1389126875.0,-30.98471
1389127031.25,-30.98318
1389127187.5,-30.98177
1389127343.75,-30.98291
1389127500.0,-30.97896
1389127656.25,-30.97835
1389127812.5,-30.97712
1389127968.75,-30.97212
1389128125.0,-30.97418
1389128281.25,-30.96734
1389128437.5,-30.97495
1389128593.75,-30.96993
1389128750.0,-30.96961
1389128906.25,-30.97285
1389129062.5,-30.96945
1389129218.75,-30.96943
1389129375.0,-30.96778
1389129531.25,-30.96882
1389129687.5,-30.96766
1389129843.75,-30.96739
1389130000.0,-30.96136
1389130156.25,-30.9609
1389130312.5,-30.95416
1389130468.75,-30.95551
1389130625.0,-30.96196
1389130781.25,-30.95506
1389130937.5,-30.95463
1389131093.75,-30.95295
1389131250.0,-30.94797
1389131406.25,-30.95007
1389131562.5,-30.9543
1389131718.75,-30.94994
1389131875.0,-30.94319
1389132031.25,-30.94518
1389132187.5,-30.94834
1389132343.75,-30.94106
1389132500.0,-30.94308
1389132656.25,-30.9457
1389132812.5,-30.94139
1389132968.75,-30.9422
1389133125.0,-30.94153
1389133281.25,-30.9366
1389133437.5,-30.93332
1389133593.75,-30.93756
1389133750.0,-30.93054
1389133906.25,-30.93785
1389134062.5,-30.93036
1389134218.75,-30.92957
1389134375.0,-30.92364
1389134531.25,-30.91956
1389134687.5,-30.92356
1389134843.75,-30.93132
1389135000.0,-30.92628
1389135156.25,-30.92639
1389135312.5,-30.92581
1389135468.75,-30.91849
1389135625.0,-30.9142
1389135781.25,-30.91665
1389135937.5,-30.91482
1389136093.75,-30.91228
1389136250.0,-30.91854
1389136406.25,-30.9135
1389136562.5,-30.909
1389136718.75,-30.91198
1389136875.0,-30.90502
1389137031.25,-30.90693
1389137187.5,-30.90724
1389137343.75,-30.90532
1389137500.0,-30.90425
1389137656.25,-30.89717
1389137812.5,-30.90343
1389137968.75,-30.90029
1389138125.0,-30.9024
1389138281.25,-30.9023
1389138437.5,-30.8956
1389138593.75,-30.89416
1389138750.0,-30.89065
1389138906.25,-30.89561
1389139062.5,-30.89399
1389139218.75,-30.88845
1389139375.0,-30.88895
1389139531.25,-30.88696
1389139687.5,-30.88622
1389139843.75,-30.89198
1389140000.0,-30.88464
1389140156.25,-30.88799
1389140312.5,-30.8774
1389140468.75,-30.88362
1389140625.0,-30.88601
1389140781.25,-30.88174
1389140937.5,-30.88006
1389141093.75,-30.87529
1389141250.0,-30.87648
1389141406.25,-30.87374
1389141562.5,-30.87317
1389141718.75,-30.87695
1389141875.0,-30.86995
1389142031.25,-30.87654
1389142187.5,-30.87177
1389142343.75,-30.87181
1389142500.0,-30.86707
1389142656.25,-30.85984
1389142812.5,-30.86523
1389142968.75,-30.86598
1389143125.0,-30.86269
1389143281.25,-30.86535
1389143437.5,-30.85992
1389143593.75,-30.86425
1389143750.0,-30.85511
1389143906.25,-30.85279
1389144062.5,-30.85649
1389144218.75,-30.85558
1389144375.0,-30.85455
1389144531.25,-30.85388
1389144687.5,-30.85453
1389144843.75,-30.84824
1389145000.0,-30.84917
1389145156.25,-30.84507
1389145312.5,-30.84396
1389145468.75,-30.85003
1389145625.0,-30.85075
1389145781.25,-30.84889
1389145937.5,-30.8393
1389146093.75,-30.83637
1389146250.0,-30.84377
1389146406.25,-30.83833
1389146562.5,-30.83453
1389146718.75,-30.83274
1389146875.0,-30.84212
1389147031.25,-30.83868
1389147187.5,-30.83454
1389147343.75,-30.84006
1389147500.0,-30.82941
1389147656.25,-30.83053
1389147812.5,-30.82744
1389147968.75,-30.82203
1389148125.0,-30.82182
1389148281.25,-30.82787
1389148437.5,-30.8237
1389148593.75,-30.82119
1389148750.0,-30.82463
1389148906.25,-30.82125
1389149062.5,-30.81411
1389149218.75,-30.81823
1389149375.0,-30.8136
1389149531.25,-30.81638
1389149687.5,-30.81352
1389149843.75,-30.81221
1389150000.0,-30.81263
1389150156.25,-30.8117
1389150312.5,-30.80941
1389150468.75,-30.81345
1389150625.0,-30.80977
1389150781.25,-30.80853
1389150937.5,-30.80325
1389151093.75,-30.80554
1389151250.0,-30.80395
1389151406.25,-30.79537
1389151562.5,-30.79887
1389151718.75,-30.80014
1389151875.0,-30.79826
1389152031.25,-30.80173
1389152187.5,-30.79623
1389152343.75,-30.79234
1389152500.0,-30.79677
1389152656.25,-30.79616
1389152812.5,-30.79086
1389152968.75,-30.79379
1389153125.0,-30.78815
1389153281.25,-30.78984
1389153437.5,-30.78627
1389153593.75,-30.78369
1389153750.0,-30.78513
1389153906.25,-30.77838
1389154062.5,-30.78727
1389154218.75,-30.78708
1389154375.0,-30.77932
1389154531.25,-30.7784
1389154687.5,-30.78295
1389154843.75,-30.77868
1389155000.0,-30.78008
1389155156.25,-30.77698
1389155312.5,-30.77331
1389155468.75,-30.77275
1389155625.0,-30.76581
1389155781.25,-30.77359
1389155937.5,-30.77399
1389156093.75,-30.76733
1389156250.0,-30.77023
1389156406.25,-30.76739
1389156562.5,-30.76312
1389156718.75,-30.7605
1389156875.0,-30.7599
1389157031.25,-30.75787
1389157187.5,-30.76357
1389157343.75,-30.75676
1389157500.0,-30.7561
1389157656.25,-30.75027
1389157812.5,-30.74955
1389157968.75,-30.75528
1389158125.0,-30.75234
1389158281.25,-30.74572
1389158437.5,-30.75052
1389158593.75,-30.75037
1389158750.0,-30.74284
1389158906.25,-30.74346
1389159062.5,-30.74372
1389159218.75,-30.74583
1389159375.0,-30.74067
1389159531.25,-30.74049
1389159687.5,-30.73563
1389159843.75,-30.73977
1389160000.0,-30.73977
1389160156.25,-30.74166
1389160312.5,-30.73525
1389160468.75,-30.73522
1389160625.0,-30.73458
1389160781.25,-30.73134
1389160937.5,-30.73158
1389161093.75,-30.72787
1389161250.0,-30.72837
1389161406.25,-30.73058
1389161562.5,-30.72653
1389161718.75,-30.72737
1389161875.0,-30.72291
1389162031.25,-30.72198
1389162187.5,-30.72144
1389162343.75,-30.72032
1389162500.0,-30.7188
1389162656.25,-30.71307
1389162812.5,-30.72283
1389162968.75,-30.71836
1389163125.0,-30.71231
1389163281.25,-30.71168
1389163437.5,-30.70631
1389163593.75,-30.71146
1389163750.0,-30.70668
1389163906.25,-30.70485
1389164062.5,-30.70736
1389164218.75,-30.70562
1389164375.0,-30.70722
1389164531.25,-30.70214
1389164687.5,-30.70014
1389164843.75,-30.70164
1389165000.0,-30.70226
1389165156.25,-30.6991
1389165312.5,-30.69756
1389165468.75,-30.6948
1389165625.0,-30.69921
1389165781.25,-30.69472
1389165937.5,-30.69407
1389166093.75,-30.69161
1389166250.0,-30.69387
1389166406.25,-30.69226
1389166562.5,-30.68755
1389166718.75,-30.68376
1389166875.0,-30.68643
1389167031.25,-30.68247
1389167187.5,-30.68072
1389167343.75,-30.67728
1389167500.0,-30.68451
1389167656.25,-30.682
1389167812.5,-30.68102
1389167968.75,-30.6734
1389168125.0,-30.67464
1389168281.25,-30.68143
1389168437.5,-30.67427
1389168593.75,-30.67038
1389168750.0,-30.67478
1389168906.25,-30.67007
1389169062.5,-30.66775
1389169218.75,-30.66052
1389169375.0,-30.66691
1389169531.25,-30.66627
1389169687.5,-30.66396
1389169843.75,-30.66617
1389170000.0,-30.65806
1389170156.25,-30.65891
1389170312.5,-30.66119
1389170468.75,-30.65843
1389170625.0,-30.6626
1389170781.25,-30.65755
1389170937.5,-30.64995
1389171093.75,-30.6559
1389171250.0,-30.65728
1389171406.25,-30.65689
1389171562.5,-30.64923
1389171718.75,-30.65154
1389171875.0,-30.64956
1389172031.25,-30.65125
1389172187.5,-30.64231
1389172343.75,-30.64627
1389172500.0,-30.64395
1389172656.25,-30.64061
1389172812.5,-30.64261
1389172968.75,-30.63956
1389173125.0,-30.63265
1389173281.25,-30.6412
1389173437.5,-30.6351
1389173593.75,-30.63513
1389173750.0,-30.64134
1389173906.25,-30.63253
1389174062.5,-30.63368
1389174218.75,-30.62602
1389174375.0,-30.63166
1389174531.25,-30.62879
1389174687.5,-30.63119
1389174843.75,-30.62109
1389175000.0,-30.62484
1389175156.25,-30.62326
1389175312.5,-30.62503
1389175468.75,-30.61931
1389175625.0,-30.61398
1389175781.25,-30.62025
1389175937.5,-30.61725
1389176093.75,-30.61637
1389176250.0,-30.61648
1389176406.25,-30.6059
1389176562.5,-30.61564
1389176718.75,-30.61956
1389176875.0,-30.61865
1389177031.25,-30.60588
1389177187.5,-30.61254
1389177343.75,-30.60317
1389177500.0,-30.60479
1389177656.25,-30.59834
1389177812.5,-30.6036
1389177968.75,-30.60479
1389178125.0,-30.60352
1389178281.25,-30.60031
1389178437.5,-30.59821
1389178593.75,-30.60102
1389178750.0,-30.59926
1389178906.25,-30.59791
1389179062.5,-30.60058
1389179218.75,-30.5934
1389179375.0,-30.5893
1389179531.25,-30.59003
1389179687.5,-30.58904
1389179843.75,-30.58419
1389180000.0,-30.5868
1389180156.25,-30.5837
1389180312.5,-30.5859
1389180468.75,-30.5849
1389180625.0,-30.57897
1389180781.25,-30.58368
1389180937.5,-30.5771
1389181093.75,-30.57709
1389181250.0,-30.57544
1389181406.25,-30.58006
1389181562.5,-30.57232
1389181718.75,-30.56635
1389181875.0,-30.57011
1389182031.25,-30.57199
1389182187.5,-30.56986
1389182343.75,-30.56661
1389182500.0,-30.5676
1389182656.25,-30.56334
1389182812.5,-30.5635
1389182968.75,-30.56789
1389183125.0,-30.55943
1389183281.25,-30.56076
1389183437.5,-30.56042
1389183593.75,-30.56358
1389183750.0,-30.55173
1389183906.25,-30.55773
1389184062.5,-30.55455
1389184218.75,-30.55362
1389184375.0,-30.55286
1389184531.25,-30.55288
1389184687.5,-30.55084
1389184843.75,-30.55229
1389185000.0,-30.54543
1389185156.25,-30.54425
1389185312.5,-30.54453
1389185468.75,-30.54083
1389185625.0,-30.54558
1389185781.25,-30.54264
1389185937.5,-30.54239
1389186093.75,-30.53838
1389186250.0,-30.53652
1389186406.25,-30.53854
1389186562.5,-30.53318
1389186718.75,-30.53983
1389186875.0,-30.53349
1389187031.25,-30.53456
1389187187.5,-30.52758
1389187343.75,-30.53432
1389187500.0,-30.52755
1389187656.25,-30.5286
1389187812.5,-30.52787
1389187968.75,-30.52757
1389188125.0,-30.52332
1389188281.25,-30.52132
1389188437.5,-30.52423
1389188593.75,-30.51619
1389188750.0,-30.51845
1389188906.25,-30.51997
1389189062.5,-30.51765
1389189218.75,-30.513
1389189375.0,-30.5168
1389189531.25,-30.52326
1389189687.5,-30.51076
1389189843.75,-30.50906
1389190000.0,-30.50986
1389190156.25,-30.51255
1389190312.5,-30.50344
1389190468.75,-30.50402
1389190625.0,-30.50051
1389190781.25,-30.50434
1389190937.5,-30.50014
1389191093.75,-30.49904
1389191250.0,-30.50371
1389191406.25,-30.50579
1389191562.5,-30.49579
1389191718.75,-30.50062
1389191875.0,-30.49909
1389192031.25,-30.49294
1389192187.5,-30.49354
1389192343.75,-30.48594
1389192500.0,-30.48212
1389192656.25,-30.48413
1389192812.5,-30.4889
1389192968.75,-30.48937
1389193125.0,-30.48484
1389193281.25,-30.488
1389193437.5,-30.48806
1389193593.75,-30.47355
1389193750.0,-30.48256
1389193906.25,-30.47808
1389194062.5,-30.47603
1389194218.75,-30.47543
1389194375.0,-30.47559
1389194531.25,-30.47573
1389194687.5,-30.47169
1389194843.75,-30.46867
1389195000.0,-30.4743
1389195156.25,-30.47923
1389195312.5,-30.46645
1389195468.75,-30.46895
1389195625.0,-30.46659
1389195781.25,-30.46317
1389195937.5,-30.4636
1389196093.75,-30.46472
1389196250.0,-30.46219
1389196406.25,-30.45895
1389196562.5,-30.4598
1389196718.75,-30.45818
1389196875.0,-30.45657
1389197031.25,-30.45441
1389197187.5,-30.45291
1389197343.75,-30.44158
1389197500.0,-30.45358
1389197656.25,-30.4481
1389197812.5,-30.45019
1389197968.75,-30.44798
1389198125.0,-30.44473
1389198281.25,-30.44853
1389198437.5,-30.43886
1389198593.75,-30.44549
1389198750.0,-30.44452
1389198906.25,-30.44
1389199062.5,-30.43675
1389199218.75,-30.44205
1389199375.0,-30.43156
1389199531.25,-30.43406
1389199687.5,-30.43098
1389199843.75,-30.43919
1389200000.0,-30.43328
1389200156.25,-30.42455
1389200312.5,-30.4333
1389200468.75,-30.4281
1389200625.0,-30.42507
1389200781.25,-30.42599
1389200937.5,-30.42694
1389201093.75,-30.42251
1389201250.0,-30.42496
1389201406.25,-30.41826
1389201562.5,-30.42146
1389201718.75,-30.41865
1389201875.0,-30.42129
1389202031.25,-30.41875
1389202187.5,-30.41862
1389202343.75,-30.41235
1389202500.0,-30.4138
1389202656.25,-30.41024
1389202812.5,-30.4088
1389202968.75,-30.4111
1389203125.0,-30.40667
1389203281.25,-30.41082
1389203437.5,-30.408
1389203593.75,-30.40627
1389203750.0,-30.40298
1389203906.25,-30.4018
1389204062.5,-30.4028
1389204218.75,-30.39515
1389204375.0,-30.39558
1389204531.25,-30.39441
1389204687.5,-30.39525
1389204843.75,-30.39132
1389205000.0,-30.39293
1389205156.25,-30.38942
1389205312.5,-30.38866
1389205468.75,-30.39229
1389205625.0,-30.38294
1389205781.25,-30.38755
1389205937.5,-30.3854
1389206093.75,-30.38408
1389206250.0,-30.38708
1389206406.25,-30.38303
1389206562.5,-30.3808
1389206718.75,-30.38246
1389206875.0,-30.37456
1389207031.25,-30.37743
1389207187.5,-30.37514
1389207343.75,-30.3763
1389207500.0,-30.37824
1389207656.25,-30.37162
1389207812.5,-30.3735
1389207968.75,-30.37057
1389208125.0,-30.37426
1389208281.25,-30.36714
1389208437.5,-30.36628
1389208593.75,-30.36673
1389208750.0,-30.365
1389208906.25,-30.3616
1389209062.5,-30.35884
1389209218.75,-30.35665
1389209375.0,-30.35775
1389209531.25,-30.3585
1389209687.5,-30.35876
1389209843.75,-30.35421
1389210000.0,-30.35184
1389210156.25,-30.34942
1389210312.5,-30.3488
1389210468.75,-30.35045
1389210625.0,-30.35486
1389210781.25,-30.34943
1389210937.5,-30.34993
1389211093.75,-30.34598
1389211250.0,-30.34015
1389211406.25,-30.34596
1389211562.5,-30.35077
1389211718.75,-30.33804
1389211875.0,-30.34159
1389212031.25,-30.33637
1389212187.5,-30.33825
1389212343.75,-30.33723
1389212500.0,-30.33395
1389212656.25,-30.32913
1389212812.5,-30.32803
1389212968.75,-30.33338
1389213125.0,-30.32512
1389213281.25,-30.32336
1389213437.5,-30.32749
1389213593.75,-30.3239
1389213750.0,-30.32622
1389213906.25,-30.32097
1389214062.5,-30.32129
1389214218.75,-30.32181
1389214375.0,-30.31821
1389214531.25,-30.32063
1389214687.5,-30.31572
1389214843.75,-30.31506
1389215000.0,-30.31217
1389215156.25,-30.31208
1389215312.5,-30.31264
1389215468.75,-30.30908
1389215625.0,-30.30675
1389215781.25,-30.30701
1389215937.5,-30.30551
1389216093.75,-30.31087
1389216250.0,-30.3076
1389216406.25,-30.29948
1389216562.5,-30.30112
1389216718.75,-30.30144
1389216875.0,-30.29729
1389217031.25,-30.29547
1389217187.5,-30.29984
1389217343.75,-30.30014
1389217500.0,-30.29524
1389217656.25,-30.2947
1389217812.5,-30.2942
1389217968.75,-30.2908
1389218125.0,-30.2926
1389218281.25,-30.29149
1389218437.5,-30.28775
1389218593.75,-30.28878
1389218750.0,-30.29038
1389218906.25,-30.28676
1389219062.5,-30.28157
1389219218.75,-30.27955
1389219375.0,-30.28208
1389219531.25,-30.28043
1389219687.5,-30.27521
1389219843.75,-30.27689
1389220000.0,-30.27845
1389220156.25,-30.27415
1389220312.5,-30.27361
1389220468.75,-30.27633
1389220625.0,-30.26871
1389220781.25,-30.27292
1389220937.5,-30.26974
1389221093.75,-30.26244
1389221250.0,-30.26454
1389221406.25,-30.26913
1389221562.5,-30.26147
1389221718.75,-30.26446
1389221875.0,-30.26551
1389222031.25,-30.25814
1389222187.5,-30.2624
1389222343.75,-30.25433
1389222500.0,-30.2559
1389222656.25,-30.25717
1389222812.5,-30.25614
1389222968.75,-30.26264
1389223125.0,-30.25475
1389223281.25,-30.25129
1389223437.5,-30.24154
1389223593.75,-30.24204
1389223750.0,-30.24459
1389223906.25,-30.24251
1389224062.5,-30.24005
1389224218.75,-30.2412
1389224375.0,-30.23795
1389224531.25,-30.24101
1389224687.5,-30.2382
1389224843.75,-30.23467
1389225000.0,-30.23577
1389225156.25,-30.23547
1389225312.5,-30.23828
1389225468.75,-30.22983
1389225625.0,-30.23272
1389225781.25,-30.22737
1389225937.5,-30.22458
1389226093.75,-30.22933
1389226250.0,-30.22717
1389226406.25,-30.22349
1389226562.5,-30.2202
1389226718.75,-30.2218
1389226875.0,-30.21589
1389227031.25,-30.21667
1389227187.5,-30.21978
1389227343.75,-30.21768
1389227500.0,-30.21359
1389227656.25,-30.21742
1389227812.5,-30.21515
1389227968.75,-30.20944
1389228125.0,-30.2104
1389228281.25,-30.21093
1389228437.5,-30.20137
1389228593.75,-30.2034
1389228750.0,-30.20751
1389228906.25,-30.19947
1389229062.5,-30.20156
1389229218.75,-30.2015
1389229375.0,-30.20026
1389229531.25,-30.19588
1389229687.5,-30.1972
1389229843.75,-30.19428
1389230000.0,-30.20075
1389230156.25,-30.19627
1389230312.5,-30.20028
1389230468.75,-30.18761
1389230625.0,-30.19309
1389230781.25,-30.18843
1389230937.5,-30.19025
1389231093.75,-30.17979
1389231250.0,-30.18578
1389231406.25,-30.18114
1389231562.5,-30.1855
1389231718.75,-30.18577
1389231875.0,-30.18085
1389232031.25,-30.1768
1389232187.5,-30.18144
1389232343.75,-30.18235
1389232500.0,-30.17391
1389232656.25,-30.16898
1389232812.5,-30.17135
1389232968.75,-30.17023
1389233125.0,-30.17353
1389233281.25,-30.17009
1389233437.5,-30.16247
1389233593.75,-30.16665
1389233750.0,-30.16508
1389233906.25,-30.169
1389234062.5,-30.16157
1389234218.75,-30.16006
1389234375.0,-30.15695
1389234531.25,-30.15882
1389234687.5,-30.16039
1389234843.75,-30.15121
1389235000.0,-30.15458
1389235156.25,-30.15403
1389235312.5,-30.15389
1389235468.75,-30.16133
1389235625.0,-30.14769
1389235781.25,-30.15343
1389235937.5,-30.14863
1389236093.75,-30.1449
1389236250.0,-30.14916
1389236406.25,-30.14745
1389236562.5,-30.14506
1389236718.75,-30.14601
1389236875.0,-30.14399
1389237031.25,-30.13402
1389237187.5,-30.13553
1389237343.75,-30.13176
1389237500.0,-30.1355
1389237656.25,-30.13279
1389237812.5,-30.13636
1389237968.75,-30.13843
1389238125.0,-30.13574
1389238281.25,-30.13104
1389238437.5,-30.13218
1389238593.75,-30.13157
1389238750.0,-30.12317
1389238906.25,-30.1211
1389239062.5,-30.12357
1389239218.75,-30.12269
1389239375.0,-30.12319
1389239531.25,-30.11942
1389239687.5,-30.11673
1389239843.75,-30.11417
1389240000.0,-30.1167
1389240156.25,-30.11571
1389240312.5,-30.11559
1389240468.75,-30.11631
1389240625.0,-30.10703
1389240781.25,-30.10438
1389240937.5,-30.10226
1389241093.75,-30.10947
1389241250.0,-30.10708
1389241406.25,-30.10525
1389241562.5,-30.1046
1389241718.75,-30.10645
1389241875.0,-30.10143
1389242031.25,-30.09779
1389242187.5,-30.09617
1389242343.75,-30.09768
1389242500.0,-30.09487
1389242656.25,-30.0904
1389242812.5,-30.09319
1389242968.75,-30.09177
1389243125.0,-30.09125
1389243281.25,-30.09057
1389243437.5,-30.08613
1389243593.75,-30.08925
1389243750.0,-30.08543
1389243906.25,-30.08203
1389244062.5,-30.07973
1389244218.75,-30.08342
1389244375.0,-30.07382
1389244531.25,-30.07668
1389244687.5,-30.07529
1389244843.75,-30.07932
1389245000.0,-30.07387
1389245156.25,-30.07397
1389245312.5,-30.0745
1389245468.75,-30.06897
1389245625.0,-30.06651
1389245781.25,-30.07008
1389245937.5,-30.06817
1389246093.75,-30.06672
1389246250.0,-30.0625
1389246406.25,-30.07228
1389246562.5,-30.0606
1389246718.75,-30.05975
1389246875.0,-30.06376
1389247031.25,-30.05754
1389247187.5,-30.05543
1389247343.75,-30.04979
1389247500.0,-30.05391
1389247656.25,-30.05432
1389247812.5,-30.04811
1389247968.75,-30.0479
1389248125.0,-30.04832
1389248281.25,-30.0504
1389248437.5,-30.04681
1389248593.75,-30.04901
1389248750.0,-30.04342
1389248906.25,-30.04543
1389249062.5,-30.04175
1389249218.75,-30.04158
1389249375.0,-30.03729
1389249531.25,-30.03601
1389249687.5,-30.03307
1389249843.75,-30.03535
1389250000.0,-30.03175
1389250156.25,-30.03632
1389250312.5,-30.02962
1389250468.75,-30.0386
1389250625.0,-30.02665
1389250781.25,-30.03379
1389250937.5,-30.02521
1389251093.75,-30.01981
1389251250.0,-30.02753
1389251406.25,-30.02208
1389251562.5,-30.02184
1389251718.75,-30.02454
1389251875.0,-30.02034
1389252031.25,-30.01213
1389252187.5,-30.01589
1389252343.75,-30.01304
1389252500.0,-30.00969
1389252656.25,-30.01279
1389252812.5,-30.0125
1389252968.75,-30.01417
1389253125.0,-30.00709
1389253281.25,-30.00875
1389253437.5,-30.00826
1389253593.75,-30.0037
1389253750.0,-30.00899
1389253906.25,-30.00671
1389254062.5,-29.99927
1389254218.75,-29.99703
1389254375.0,-30.00219
1389254531.25,-29.99629
1389254687.5,-29.99817
1389254843.75,-30.00049
1389255000.0,-29.99428
1389255156.25,-29.98828
1389255312.5,-29.99027
1389255468.75,-29.99416
1389255625.0,-29.992
1389255781.25,-29.99294
1389255937.5,-29.98558
1389256093.75,-29.98591
1389256250.0,-29.98213
1389256406.25,-29.98131
1389256562.5,-29.98269
1389256718.75,-29.98181
1389256875.0,-29.97528
1389257031.25,-29.9759
1389257187.5,-29.97643
1389257343.75,-29.97571
1389257500.0,-29.9732
1389257656.25,-29.97184
1389257812.5,-29.97038
1389257968.75,-29.97183
1389258125.0,-29.96898
1389258281.25,-29.96753
1389258437.5,-29.96312
1389258593.75,-29.9654
1389258750.0,-29.9618
1389258906.25,-29.96396
1389259062.5,-29.96544
1389259218.75,-29.95968
1389259375.0,-29.96018
1389259531.25,-29.95775
1389259687.5,-29.9519
1389259843.75,-29.95305
1389260000.0,-29.95374
1389260156.25,-29.95199
1389260312.5,-29.95453
1389260468.75,-29.95107
1389260625.0,-29.94855
1389260781.25,-29.94604
1389260937.5,-29.94215
1389261093.75,-29.94355
1389261250.0,-29.94153
1389261406.25,-29.94506
1389261562.5,-29.93999
1389261718.75,-29.94143
1389261875.0,-29.93609
1389262031.25,-29.93375
1389262187.5,-29.9384
1389262343.75,-29.93502
1389262500.0,-29.93568
1389262656.25,-29.93409
1389262812.5,-29.9277
1389262968.75,-29.92833
1389263125.0,-29.92972
1389263281.25,-29.92304
1389263437.5,-29.92428
1389263593.75,-29.92436
1389263750.0,-29.91967
1389263906.25,-29.92538
1389264062.5,-29.91928
1389264218.75,-29.92135
1389264375.0,-29.91937
1389264531.25,-29.91084
1389264687.5,-29.91621
1389264843.75,-29.91207
1389265000.0,-29.91116
1389265156.25,-29.90818
1389265312.5,-29.90991
1389265468.75,-29.90697
1389265625.0,-29.90476
1389265781.25,-29.90908
1389265937.5,-29.90661
1389266093.75,-29.90154
1389266250.0,-29.90071
1389266406.25,-29.89933
1389266562.5,-29.89821
1389266718.75,-29.89853
1389266875.0,-29.89355
1389267031.25,-29.89383
1389267187.5,-29.90012
1389267343.75,-29.89285
1389267500.0,-29.88974
1389267656.25,-29.88961
1389267812.5,-29.89296
1389267968.75,-29.88715
1389268125.0,-29.88481
1389268281.25,-29.88377
1389268437.5,-29.88638
1389268593.75,-29.88475
1389268750.0,-29.88252
1389268906.25,-29.87918
1389269062.5,-29.87938
1389269218.75,-29.87723
1389269375.0,-29.87737
1389269531.25,-29.87141
1389269687.5,-29.86948
1389269843.75,-29.87014
1389270000.0,-29.8705
1389270156.25,-29.87089
1389270312.5,-29.86691
1389270468.75,-29.86834
1389270625.0,-29.86861
1389270781.25,-29.86401
1389270937.5,-29.86335
1389271093.75,-29.86053
1389271250.0,-29.85502
1389271406.25,-29.8575
1389271562.5,-29.85156
1389271718.75,-29.85729
1389271875.0,-29.84893
1389272031.25,-29.85525
1389272187.5,-29.85706
1389272343.75,-29.85342
1389272500.0,-29.84733
1389272656.25,-29.84629
1389272812.5,-29.84687
1389272968.75,-29.84622
1389273125.0,-29.84155
1389273281.25,-29.8462
1389273437.5,-29.83918
1389273593.75,-29.8484
1389273750.0,-29.84066
1389273906.25,-29.83796
1389274062.5,-29.83726
1389274218.75,-29.8349
1389274375.0,-29.83687
1389274531.25,-29.83549
1389274687.5,-29.82787
1389274843.75,-29.82981
1389275000.0,-29.83008
1389275156.25,-29.82735
1389275312.5,-29.8273
1389275468.75,-29.82582
1389275625.0,-29.8255
1389275781.25,-29.81975
1389275937.5,-29.81961
1389276093.75,-29.82012
1389276250.0,-29.81713
1389276406.25,-29.81613
1389276562.5,-29.81609
1389276718.75,-29.81022
1389276875.0,-29.81738
1389277031.25,-29.81252
1389277187.5,-29.80849
1389277343.75,-29.80673
1389277500.0,-29.80729
1389277656.25,-29.80466
1389277812.5,-29.80585
1389277968.75,-29.80443
1389278125.0,-29.80319
1389278281.25,-29.80084
1389278437.5,-29.79747
1389278593.75,-29.80121
1389278750.0,-29.79992
1389278906.25,-29.7984
1389279062.5,-29.78996
1389279218.75,-29.79261
1389279375.0,-29.79802
1389279531.25,-29.79137
1389279687.5,-29.79593
1389279843.75,-29.78869
1389280000.0,-29.78869
1389280156.25,-29.78696
1389280312.5,-29.7814
1389280468.75,-29.78216
1389280625.0,-29.78248
1389280781.25,-29.78049
1389280937.5,-29.77809
1389281093.75,-29.78026
1389281250.0,-29.77945
1389281406.25,-29.77392
1389281562.5,-29.77196
1389281718.75,-29.77446
1389281875.0,-29.77451
1389282031.25,-29.77077
1389282187.5,-29.76808
1389282343.75,-29.76741
1389282500.0,-29.76872
1389282656.25,-29.76646
1389282812.5,-29.76194
1389282968.75,-29.76085
1389283125.0,-29.76152
1389283281.25,-29.75655
1389283437.5,-29.76074
1389283593.75,-29.76191
1389283750.0,-29.75465
1389283906.25,-29.75463
1389284062.5,-29.75291
1389284218.75,-29.75065
1389284375.0,-29.7571
1389284531.25,-29.7491
1389284687.5,-29.74485
1389284843.75,-29.74804
1389285000.0,-29.746
1389285156.25,-29.73759
1389285312.5,-29.73911
1389285468.75,-29.7412
1389285625.0,-29.73847
1389285781.25,-29.73779
1389285937.5,-29.74138
1389286093.75,-29.73981
1389286250.0,-29.73183
1389286406.25,-29.73681
1389286562.5,-29.7316
1389286718.75,-29.732
1389286875.0,-29.72875
1389287031.25,-29.7276
1389287187.5,-29.72195
1389287343.75,-29.72346
1389287500.0,-29.72728
1389287656.25,-29.72374
1389287812.5,-29.72397
1389287968.75,-29.72055
1389288125.0,-29.71986
1389288281.25,-29.71545
1389288437.5,-29.71404
1389288593.75,-29.71433
1389288750.0,-29.71525
1389288906.25,-29.71302
1389289062.5,-29.71617
1389289218.75,-29.71092
1389289375.0,-29.70762
1389289531.25,-29.71028
1389289687.5,-29.70318
1389289843.75,-29.70765
1389290000.0,-29.70252
1389290156.25,-29.70389
1389290312.5,-29.69893
1389290468.75,-29.69722
1389290625.0,-29.69715
1389290781.25,-29.69533
1389290937.5,-29.6928
1389291093.75,-29.69754
1389291250.0,-29.69482
1389291406.25,-29.68923
1389291562.5,-29.69217
1389291718.75,-29.6932
1389291875.0,-29.68661
1389292031.25,-29.69073
1389292187.5,-29.68978
1389292343.75,-29.68531
1389292500.0,-29.68245
1389292656.25,-29.68155
1389292812.5,-29.67618
1389292968.75,-29.67893
1389293125.0,-29.67363
1389293281.25,-29.67087
1389293437.5,-29.67612
1389293593.75,-29.67419
1389293750.0,-29.67532
1389293906.25,-29.67182
1389294062.5,-29.67169
1389294218.75,-29.66821
1389294375.0,-29.66595
1389294531.25,-29.66652
1389294687.5,-29.66091
1389294843.75,-29.66164
1389295000.0,-29.66232
1389295156.25,-29.66115
1389295312.5,-29.65883
1389295468.75,-29.65835
1389295625.0,-29.65975
1389295781.25,-29.66057
1389295937.5,-29.65236
1389296093.75,-29.64828
1389296250.0,-29.64867
1389296406.25,-29.65104
1389296562.5,-29.65179
1389296718.75,-29.64343
1389296875.0,-29.64617
1389297031.25,-29.64211
1389297187.5,-29.64269
1389297343.75,-29.64091
1389297500.0,-29.63912
1389297656.25,-29.63772
1389297812.5,-29.63718
1389297968.75,-29.63421
1389298125.0,-29.63089
1389298281.25,-29.63296
1389298437.5,-29.62766
1389298593.75,-29.63346
1389298750.0,-29.63037
1389298906.25,-29.6277
1389299062.5,-29.62476
1389299218.75,-29.62798
1389299375.0,-29.62052
1389299531.25,-29.62327
1389299687.5,-29.622
1389299843.75,-29.61988
1389300000.0,-29.6221
1389300156.25,-29.61991
1389300312.5,-29.61861
1389300468.75,-29.61578
1389300625.0,-29.61129
1389300781.25,-29.61119
1389300937.5,-29.60662
1389301093.75,-29.61304
1389301250.0,-29.60911
1389301406.25,-29.60647
1389301562.5,-29.60146
1389301718.75,-29.60003
1389301875.0,-29.6024
1389302031.25,-29.59861
1389302187.5,-29.59998
1389302343.75,-29.60106
1389302500.0,-29.59716
1389302656.25,-29.59511
1389302812.5,-29.59449
1389302968.75,-29.59322
1389303125.0,-29.59166
1389303281.25,-29.59068
1389303437.5,-29.58867
1389303593.75,-29.58841
1389303750.0,-29.58799
1389303906.25,-29.58476
1389304062.5,-29.58394
1389304218.75,-29.5867
1389304375.0,-29.58396
1389304531.25,-29.57858
1389304687.5,-29.58499
1389304843.75,-29.58074
1389305000.0,-29.57726
1389305156.25,-29.57783
1389305312.5,-29.57474
1389305468.75,-29.57179
1389305625.0,-29.56951
1389305781.25,-29.56788
1389305937.5,-29.57272
1389306093.75,-29.56361
1389306250.0,-29.56669
1389306406.25,-29.55952
1389306562.5,-29.56219
1389306718.75,-29.56316
1389306875.0,-29.55897
1389307031.25,-29.55519
1389307187.5,-29.5554
1389307343.75,-29.55369
1389307500.0,-29.5508
1389307656.25,-29.54949
1389307812.5,-29.55056
1389307968.75,-29.55254
1389308125.0,-29.54816
1389308281.25,-29.54741
1389308437.5,-29.54487
1389308593.75,-29.54455
1389308750.0,-29.54155
1389308906.25,-29.5426
1389309062.5,-29.54748
1389309218.75,-29.53901
1389309375.0,-29.53693
1389309531.25,-29.53542
1389309687.5,-29.52748
1389309843.75,-29.53508
1389310000.0,-29.53162
1389310156.25,-29.52651
1389310312.5,-29.53475
1389310468.75,-29.52812
1389310625.0,-29.52807
1389310781.25,-29.52888
1389310937.5,-29.52558
1389311093.75,-29.52526
1389311250.0,-29.52409
1389311406.25,-29.52068
1389311562.5,-29.51835
1389311718.75,-29.51529
1389311875.0,-29.519
1389312031.25,-29.516
1389312187.5,-29.51156
1389312343.75,-29.51207
1389312500.0,-29.51641
1389312656.25,-29.51114
1389312812.5,-29.5112
1389312968.75,-29.5092
1389313125.0,-29.50416
1389313281.25,-29.50376
1389313437.5,-29.50495
1389313593.75,-29.50522
1389313750.0,-29.50241
1389313906.25,-29.49984
1389314062.5,-29.49462
1389314218.75,-29.49797
1389314375.0,-29.49705
1389314531.25,-29.49328
1389314687.5,-29.4964
1389314843.75,-29.49336
1389315000.0,-29.4902
1389315156.25,-29.48548
1389315312.5,-29.49139
1389315468.75,-29.48647
1389315625.0,-29.48818
1389315781.25,-29.48184
1389315937.5,-29.48265
1389316093.75,-29.47848
1389316250.0,-29.48197
1389316406.25,-29.47858
1389316562.5,-29.4772
1389316718.75,-29.46842
1389316875.0,-29.47435
1389317031.25,-29.47526
1389317187.5,-29.47194
1389317343.75,-29.46351
1389317500.0,-29.4667
1389317656.25,-29.46527
1389317812.5,-29.47005
1389317968.75,-29.4644
1389318125.0,-29.4568
1389318281.25,-29.45933
1389318437.5,-29.45947
1389318593.75,-29.45703
1389318750.0,-29.45953
1389318906.25,-29.45727
1389319062.5,-29.45396
1389319218.75,-29.44897
1389319375.0,-29.4539
1389319531.25,-29.45214
1389319687.5,-29.45517
1389319843.75,-29.45352
1389320000.0,-29.44804
1389320156.25,-29.44477
1389320312.5,-29.4446
1389320468.75,-29.43752
1389320625.0,-29.44035
1389320781.25,-29.439
1389320937.5,-29.44052
1389321093.75,-29.43385
1389321250.0,-29.43745
1389321406.25,-29.43608
1389321562.5,-29.43215
1389321718.75,-29.42725
1389321875.0,-29.43023
1389322031.25,-29.43032
1389322187.5,-29.42454
1389322343.75,-29.42426
1389322500.0,-29.4255
1389322656.25,-29.42476
1389322812.5,-29.42058
1389322968.75,-29.42219
1389323125.0,-29.41915
1389323281.25,-29.41872
1389323437.5,-29.41662
1389323593.75,-29.4146
1389323750.0,-29.41316
1389323906.25,-29.40838
1389324062.5,-29.41309
1389324218.75,-29.40865
1389324375.0,-29.40609
1389324531.25,-29.40967
1389324687.5,-29.40036
1389324843.75,-29.40391
1389325000.0,-29.40482
1389325156.25,-29.40049
1389325312.5,-29.40036
1389325468.75,-29.39737
1389325625.0,-29.39751
1389325781.25,-29.39667
1389325937.5,-29.39651
1389326093.75,-29.39251
1389326250.0,-29.3933
1389326406.25,-29.39204
1389326562.5,-29.39597
1389326718.75,-29.38743
1389326875.0,-29.38524
1389327031.25,-29.38512
1389327187.5,-29.38155
1389327343.75,-29.38146
1389327500.0,-29.38246
1389327656.25,-29.37504
1389327812.5,-29.37475
1389327968.75,-29.37922
1389328125.0,-29.37715
1389328281.25,-29.37735
1389328437.5,-29.36852
1389328593.75,-29.3721
1389328750.0,-29.36673
1389328906.25,-29.36247
1389329062.5,-29.37166
1389329218.75,-29.36761
1389329375.0,-29.36002
1389329531.25,-29.36752
1389329687.5,-29.3626
1389329843.75,-29.35805
1389330000.0,-29.3595
1389330156.25,-29.35901
1389330312.5,-29.35597
1389330468.75,-29.35138
1389330625.0,-29.35836
1389330781.25,-29.35571
1389330937.5,-29.35152
1389331093.75,-29.35157
1389331250.0,-29.34691
1389331406.25,-29.34629
1389331562.5,-29.34786
1389331718.75,-29.34179
1389331875.0,-29.34428
1389332031.25,-29.342
1389332187.5,-29.34074
1389332343.75,-29.33943
1389332500.0,-29.33848
1389332656.25,-29.33621
1389332812.5,-29.33296
1389332968.75,-29.33021
1389333125.0,-29.33778
1389333281.25,-29.33031
1389333437.5,-29.32769
1389333593.75,-29.33034
1389333750.0,-29.32063
1389333906.25,-29.32798
1389334062.5,-29.32397
1389334218.75,-29.32383
1389334375.0,-29.3185
1389334531.25,-29.31874
1389334687.5,-29.31597
1389334843.75,-29.31428
1389335000.0,-29.31113
1389335156.25,-29.31217
1389335312.5,-29.31061
1389335468.75,-29.3092
1389335625.0,-29.30793
1389335781.25,-29.31099
1389335937.5,-29.30209
1389336093.75,-29.30893
1389336250.0,-29.3021
1389336406.25,-29.29707
1389336562.5,-29.3
1389336718.75,-29.29994
1389336875.0,-29.30271
1389337031.25,-29.29687
1389337187.5,-29.29335
1389337343.75,-29.28904
1389337500.0,-29.29303
1389337656.25,-29.29474
1389337812.5,-29.28959
1389337968.75,-29.29063
1389338125.0,-29.28805
1389338281.25,-29.28892
1389338437.5,-29.28509
1389338593.75,-29.28046
1389338750.0,-29.2815
1389338906.25,-29.28716
1389339062.5,-29.28024
1389339218.75,-29.2788
1389339375.0,-29.27464
1389339531.25,-29.26877
1389339687.5,-29.27271
1389339843.75,-29.27374
1389340000.0,-29.27149
1389340156.25,-29.26976
1389340312.5,-29.26929
1389340468.75,-29.26615
1389340625.0,-29.26262
1389340781.25,-29.26611
1389340937.5,-29.25889
1389341093.75,-29.26031
1389341250.0,-29.2685
1389341406.25,-29.26194
1389341562.5,-29.25636
1389341718.75,-29.25827
1389341875.0,-29.25125
1389342031.25,-29.25818
1389342187.5,-29.25077
1389342343.75,-29.24775
1389342500.0,-29.24645
1389342656.25,-29.24748
1389342812.5,-29.24544
1389342968.75,-29.24547
1389343125.0,-29.24533
1389343281.25,-29.24414
1389343437.5,-29.23858
1389343593.75,-29.24131
1389343750.0,-29.23748
1389343906.25,-29.23552
1389344062.5,-29.23555
1389344218.75,-29.23339
1389344375.0,-29.23211
1389344531.25,-29.23014
1389344687.5,-29.22613
1389344843.75,-29.22976
1389345000.0,-29.22931
1389345156.25,-29.22386
1389345312.5,-29.22258
1389345468.75,-29.22712
1389345625.0,-29.21937
1389345781.25,-29.21984
1389345937.5,-29.21558
1389346093.75,-29.21984
1389346250.0,-29.21673
1389346406.25,-29.2159
1389346562.5,-29.21744
1389346718.75,-29.21378
1389346875.0,-29.20947
1389347031.25,-29.21222
1389347187.5,-29.2103
1389347343.75,-29.20355
1389347500.0,-29.20458
1389347656.25,-29.20048
1389347812.5,-29.20443
1389347968.75,-29.2047
1389348125.0,-29.19834
1389348281.25,-29.19732
1389348437.5,-29.20123
1389348593.75,-29.19677
1389348750.0,-29.19746
1389348906.25,-29.20086
1389349062.5,-29.19254
1389349218.75,-29.18841
1389349375.0,-29.18855
1389349531.25,-29.18407
1389349687.5,-29.18598
1389349843.75,-29.1865
1389350000.0,-29.18506
1389350156.25,-29.18131
1389350312.5,-29.18007
1389350468.75,-29.17657
1389350625.0,-29.17378
1389350781.25,-29.17414
1389350937.5,-29.17216
1389351093.75,-29.17297
1389351250.0,-29.1707
1389351406.25,-29.1707
1389351562.5,-29.17139
1389351718.75,-29.166
1389351875.0,-29.1622
1389352031.25,-29.16478
1389352187.5,-29.16155
1389352343.75,-29.1608
1389352500.0,-29.16
1389352656.25,-29.15599
1389352812.5,-29.15844
1389352968.75,-29.15418
1389353125.0,-29.15402
1389353281.25,-29.15504
1389353437.5,-29.15026
1389353593.75,-29.15078
1389353750.0,-29.153
1389353906.25,-29.14318
1389354062.5,-29.14867
1389354218.75,-29.14619
1389354375.0,-29.14288
1389354531.25,-29.13936
1389354687.5,-29.13636
1389354843.75,-29.13854
1389355000.0,-29.13435
1389355156.25,-29.13396
1389355312.5,-29.137
1389355468.75,-29.14019
1389355625.0,-29.13466
1389355781.25,-29.12476
1389355937.5,-29.12437
1389356093.75,-29.12918
1389356250.0,-29.12493
1389356406.25,-29.12261
1389356562.5,-29.12096
1389356718.75,-29.12365
1389356875.0,-29.1159
1389357031.25,-29.12475
1389357187.5,-29.11562
1389357343.75,-29.11966
1389357500.0,-29.11229
1389357656.25,-29.1119
1389357812.5,-29.11151
1389357968.75,-29.11131
1389358125.0,-29.10756
1389358281.25,-29.10838
1389358437.5,-29.10299
1389358593.75,-29.10832
1389358750.0,-29.10746
1389358906.25,-29.10378
1389359062.5,-29.10208
1389359218.75,-29.0997
1389359375.0,-29.09538
1389359531.25,-29.09548
1389359687.5,-29.09858
1389359843.75,-29.09615
1389360000.0,-29.09265
1389360156.25,-29.09138
1389360312.5,-29.09273
1389360468.75,-29.08855
1389360625.0,-29.09008
1389360781.25,-29.08148
1389360937.5,-29.08411
1389361093.75,-29.08603
1389361250.0,-29.08424
1389361406.25,-29.0813
1389361562.5,-29.08194
1389361718.75,-29.07514
1389361875.0,-29.07638
1389362031.25,-29.07175
1389362187.5,-29.0731
1389362343.75,-29.07205
1389362500.0,-29.07301
1389362656.25,-29.0721
1389362812.5,-29.06945
1389362968.75,-29.06976
1389363125.0,-29.06264
1389363281.25,-29.06715
1389363437.5,-29.06017
1389363593.75,-29.05638
1389363750.0,-29.06044
1389363906.25,-29.06123
1389364062.5,-29.05811
1389364218.75,-29.0535
1389364375.0,-29.05671
1389364531.25,-29.05367
1389364687.5,-29.05188
1389364843.75,-29.0478
1389365000.0,-29.04543
1389365156.25,-29.04043
1389365312.5,-29.04094
1389365468.75,-29.04444
1389365625.0,-29.03887
1389365781.25,-29.04157
1389365937.5,-29.03454
1389366093.75,-29.03509
1389366250.0,-29.03843
1389366406.25,-29.03697
1389366562.5,-29.03217
1389366718.75,-29.0288
1389366875.0,-29.02716
1389367031.25,-29.02822
1389367187.5,-29.02946
1389367343.75,-29.02374
1389367500.0,-29.02209
1389367656.25,-29.02722
1389367812.5,-29.01826
1389367968.75,-29.01681
1389368125.0,-29.01459
1389368281.25,-29.01709
1389368437.5,-29.01715
1389368593.75,-29.02536
1389368750.0,-29.01411
1389368906.25,-29.00765
1389369062.5,-29.01115
1389369218.75,-29.00919
1389369375.0,-29.00467
1389369531.25,-29.00588
1389369687.5,-29.0033
1389369843.75,-29.00145
1389370000.0,-29.00314
1389370156.25,-28.99923
1389370312.5,-28.99386
1389370468.75,-28.99531
1389370625.0,-28.99292
1389370781.25,-28.9965
1389370937.5,-28.98632
1389371093.75,-28.99723
1389371250.0,-28.99187
1389371406.25,-28.99101
1389371562.5,-28.9851
1389371718.75,-28.9835
1389371875.0,-28.9883
1389372031.25,-28.98197
1389372187.5,-28.98142
1389372343.75,-28.97991
1389372500.0,-28.97304
1389372656.25,-28.98061
1389372812.5,-28.97805
1389372968.75,-28.97556
1389373125.0,-28.97199
1389373281.25,-28.97482
1389373437.5,-28.97326
1389373593.75,-28.97174
1389373750.0,-28.96908
1389373906.25,-28.96319
1389374062.5,-28.96077
1389374218.75,-28.96283
1389374375.0,-28.95765
1389374531.25,-28.96461
1389374687.5,-28.96169
1389374843.75,-28.95865
1389375000.0,-28.95844
1389375156.25,-28.95072
1389375312.5,-28.95009
1389375468.75,-28.95133
1389375625.0,-28.95272
1389375781.25,-28.94799
1389375937.5,-28.94869
1389376093.75,-28.94247
1389376250.0,-28.94814
1389376406.25,-28.94637
1389376562.5,-28.9437
1389376718.75,-28.94216
1389376875.0,-28.93777
1389377031.25,-28.93864
1389377187.5,-28.93689
1389377343.75,-28.93093
1389377500.0,-28.93606
1389377656.25,-28.92592
1389377812.5,-28.93139
1389377968.75,-28.93246
1389378125.0,-28.92592
1389378281.25,-28.92076
1389378437.5,-28.92715
1389378593.75,-28.92174
1389378750.0,-28.92335
1389378906.25,-28.92214
1389379062.5,-28.91685
1389379218.75,-28.92005
1389379375.0,-28.91854
1389379531.25,-28.912
1389379687.5,-28.91235
1389379843.75,-28.90663
1389380000.0,-28.91039
1389380156.25,-28.90428
1389380312.5,-28.90604
1389380468.75,-28.90275
1389380625.0,-28.90287
1389380781.25,-28.89987
1389380937.5,-28.90271
1389381093.75,-28.90208
1389381250.0,-28.89709
1389381406.25,-28.89639
1389381562.5,-28.89332
1389381718.75,-28.89902
1389381875.0,-28.89608
1389382031.25,-28.89129
1389382187.5,-28.89278
1389382343.75,-28.88808
1389382500.0,-28.88499
1389382656.25,-28.88616
1389382812.5,-28.88625
1389382968.75,-28.88245
1389383125.0,-28.87786
1389383281.25,-28.87978
1389383437.5,-28.87898
1389383593.75,-28.87529
1389383750.0,-28.8799
1389383906.25,-28.87111
1389384062.5,-28.87169
1389384218.75,-28.86833
1389384375.0,-28.86934
1389384531.25,-28.86837
1389384687.5,-28.86518
1389384843.75,-28.8688
1389385000.0,-28.86326
1389385156.25,-28.8653
1389385312.5,-28.86088
1389385468.75,-28.85694
1389385625.0,-28.85959
1389385781.25,-28.8572
1389385937.5,-28.8522
1389386093.75,-28.85747
1389386250.0,-28.85247
1389386406.25,-28.85064
1389386562.5,-28.84867
1389386718.75,-28.84386
1389386875.0,-28.84593
1389387031.25,-28.84801
1389387187.5,-28.84198
1389387343.75,-28.83862
1389387500.0,-28.83843
1389387656.25,-28.83916
1389387812.5,-28.8362
1389387968.75,-28.83632
1389388125.0,-28.83109
1389388281.25,-28.83471
1389388437.5,-28.83186
1389388593.75,-28.83145
1389388750.0,-28.82784
1389388906.25,-28.8253
1389389062.5,-28.82724
1389389218.75,-28.82008
1389389375.0,-28.81992
1389389531.25,-28.82757
1389389687.5,-28.81926
1389389843.75,-28.81821
1389390000.0,-28.81716
1389390156.25,-28.81468
1389390312.5,-28.80828
1389390468.75,-28.81443
1389390625.0,-28.81444
1389390781.25,-28.80991
1389390937.5,-28.80761
1389391093.75,-28.80679
1389391250.0,-28.80456
1389391406.25,-28.80248
1389391562.5,-28.80146
1389391718.75,-28.79879
1389391875.0,-28.79814
1389392031.25,-28.80478
1389392187.5,-28.79659
1389392343.75,-28.80054
1389392500.0,-28.79679
1389392656.25,-28.79025
1389392812.5,-28.7916
1389392968.75,-28.79047
1389393125.0,-28.78807
1389393281.25,-28.78554
1389393437.5,-28.78763
1389393593.75,-28.78328
1389393750.0,-28.7832
1389393906.25,-28.7818
1389394062.5,-28.77814
1389394218.75,-28.78209
1389394375.0,-28.77687
1389394531.25,-28.77387
1389394687.5,-28.77816
1389394843.75,-28.77309
1389395000.0,-28.769
1389395156.25,-28.77313
1389395312.5,-28.7661
1389395468.75,-28.76671
1389395625.0,-28.76234
1389395781.25,-28.7618
1389395937.5,-28.75698
1389396093.75,-28.76187
1389396250.0,-28.76202
1389396406.25,-28.75747
1389396562.5,-28.75753
1389396718.75,-28.75706
1389396875.0,-28.74742
1389397031.25,-28.75173
1389397187.5,-28.75085
1389397343.75,-28.75118
1389397500.0,-28.74903
1389397656.25,-28.74557
1389397812.5,-28.74699
1389397968.75,-28.73793
1389398125.0,-28.74101
1389398281.25,-28.73558
1389398437.5,-28.73739
1389398593.75,-28.73783
1389398750.0,-28.73508
1389398906.25,-28.7366
1389399062.5,-28.73102
1389399218.75,-28.7269
1389399375.0,-28.73163
1389399531.25,-28.72682
1389399687.5,-28.72618
1389399843.75,-28.72484
1389400000.0,-28.72198
1389400156.25,-28.72078
1389400312.5,-28.72356
1389400468.75,-28.7195
1389400625.0,-28.71568
1389400781.25,-28.71275
1389400937.5,-28.7173
1389401093.75,-28.71273
1389401250.0,-28.71137
1389401406.25,-28.71067
1389401562.5,-28.70801
1389401718.75,-28.70575
1389401875.0,-28.70447
1389402031.25,-28.70347
1389402187.5,-28.70904
1389402343.75,-28.70387
1389402500.0,-28.70165
1389402656.25,-28.70429
1389402812.5,-28.6977
1389402968.75,-28.69649
1389403125.0,-28.69632
1389403281.25,-28.69567
1389403437.5,-28.69287
1389403593.75,-28.69585
1389403750.0,-28.68328
1389403906.25,-28.68062
1389404062.5,-28.68671
1389404218.75,-28.68522
1389404375.0,-28.68109
1389404531.25,-28.67767
1389404687.5,-28.68007
1389404843.75,-28.67952
1389405000.0,-28.67854
1389405156.25,-28.67811
1389405312.5,-28.67227
1389405468.75,-28.67155
1389405625.0,-28.67046
1389405781.25,-28.66829
1389405937.5,-28.67097
1389406093.75,-28.6645
1389406250.0,-28.65945
1389406406.25,-28.66393
1389406562.5,-28.65795
1389406718.75,-28.6579
1389406875.0,-28.66118
1389407031.25,-28.65879
1389407187.5,-28.65672
1389407343.75,-28.65114
1389407500.0,-28.65308
1389407656.25,-28.65482
1389407812.5,-28.65033
1389407968.75,-28.64813
1389408125.0,-28.6464
1389408281.25,-28.64524
1389408437.5,-28.64148
1389408593.75,-28.64201
1389408750.0,-28.63603
1389408906.25,-28.6408
1389409062.5,-28.63711
1389409218.75,-28.63585
1389409375.0,-28.63542
1389409531.25,-28.63859
1389409687.5,-28.63124
1389409843.75,-28.63162
1389410000.0,-28.63021
1389410156.25,-28.62431
1389410312.5,-28.622
1389410468.75,-28.6224
1389410625.0,-28.62136
1389410781.25,-28.62455
1389410937.5,-28.62378
1389411093.75,-28.61784
1389411250.0,-28.61629
1389411406.25,-28.61294
1389411562.5,-28.61336
1389411718.75,-28.60903
1389411875.0,-28.61148
1389412031.25,-28.60825
1389412187.5,-28.60629
1389412343.75,-28.60557
1389412500.0,-28.60967
1389412656.25,-28.60646
1389412812.5,-28.60016
1389412968.75,-28.6004
1389413125.0,-28.6009
1389413281.25,-28.59898
1389413437.5,-28.59768
1389413593.75,-28.59467
1389413750.0,-28.59801
1389413906.25,-28.59316
1389414062.5,-28.59036
1389414218.75,-28.58967
1389414375.0,-28.59037
1389414531.25,-28.58411
1389414687.5,-28.58585
1389414843.75,-28.58468
1389415000.0,-28.57951
1389415156.25,-28.58112
1389415312.5,-28.57875
1389415468.75,-28.5759
1389415625.0,-28.57438
1389415781.25,-28.5737
1389415937.5,-28.57087
1389416093.75,-28.56911
1389416250.0,-28.56836
1389416406.25,-28.57019
1389416562.5,-28.56272
1389416718.75,-28.56435
1389416875.0,-28.55978
1389417031.25,-28.56293
1389417187.5,-28.5652
1389417343.75,-28.55988
1389417500.0,-28.55904
1389417656.25,-28.55755
1389417812.5,-28.55684
1389417968.75,-28.55379
1389418125.0,-28.55132
1389418281.25,-28.55223
1389418437.5,-28.55244
1389418593.75,-28.54725
1389418750.0,-28.54654
1389418906.25,-28.54049
1389419062.5,-28.53779
1389419218.75,-28.54529
1389419375.0,-28.54007
1389419531.25,-28.53752
1389419687.5,-28.53864
1389419843.75,-28.53489
1389420000.0,-28.53104
1389420156.25,-28.53032
1389420312.5,-28.53221
1389420468.75,-28.53294
1389420625.0,-28.52785
1389420781.25,-28.52171
1389420937.5,-28.52629
1389421093.75,-28.52452
1389421250.0,-28.52317
1389421406.25,-28.52192
1389421562.5,-28.51513
1389421718.75,-28.51763
1389421875.0,-28.51762
1389422031.25,-28.51794
1389422187.5,-28.51341
1389422343.75,-28.51065
1389422500.0,-28.50617
1389422656.25,-28.50617
1389422812.5,-28.50569
1389422968.75,-28.50291
1389423125.0,-28.5023
1389423281.25,-28.50507
1389423437.5,-28.50118
1389423593.75,-28.4999
1389423750.0,-28.49828
1389423906.25,-28.49911
1389424062.5,-28.49764
1389424218.75,-28.49545
1389424375.0,-28.48758
1389424531.25,-28.49251
1389424687.5,-28.49191
1389424843.75,-28.4875
1389425000.0,-28.48751
1389425156.25,-28.48515
1389425312.5,-28.48317
1389425468.75,-28.48458
1389425625.0,-28.47734
1389425781.25,-28.47582
1389425937.5,-28.47794
1389426093.75,-28.47673
1389426250.0,-28.47163
1389426406.25,-28.47229
1389426562.5,-28.47493
1389426718.75,-28.47256
1389426875.0,-28.46766
1389427031.25,-28.46504
1389427187.5,-28.46676
1389427343.75,-28.462
1389427500.0,-28.46415
1389427656.25,-28.45661
1389427812.5,-28.45342
1389427968.75,-28.45737
1389428125.0,-28.45429
1389428281.25,-28.45134
1389428437.5,-28.45005
1389428593.75,-28.45592
1389428750.0,-28.44948
1389428906.25,-28.4493
1389429062.5,-28.4427
1389429218.75,-28.44584
1389429375.0,-28.44341
1389429531.25,-28.43909
1389429687.5,-28.43966
1389429843.75,-28.43896
1389430000.0,-28.43957
1389430156.25,-28.4351
1389430312.5,-28.43222
1389430468.75,-28.42878
1389430625.0,-28.4298
1389430781.25,-28.42238
1389430937.5,-28.42313
1389431093.75,-28.42665
1389431250.0,-28.42116
1389431406.25,-28.42252
1389431562.5,-28.42455
1389431718.75,-28.41962
1389431875.0,-28.41865
1389432031.25,-28.42196
1389432187.5,-28.41721
1389432343.75,-28.41488
1389432500.0,-28.41206
1389432656.25,-28.41252
1389432812.5,-28.41251
1389432968.75,-28.40616
1389433125.0,-28.40973
1389433281.25,-28.40432
1389433437.5,-28.40764
1389433593.75,-28.40463
1389433750.0,-28.40245
1389433906.25,-28.39393
1389434062.5,-28.40033
1389434218.75,-28.3974
1389434375.0,-28.39292
1389434531.25,-28.39057
1389434687.5,-28.3903
1389434843.75,-28.39162
1389435000.0,-28.38712
1389435156.25,-28.38967
1389435312.5,-28.3879
1389435468.75,-28.38329
1389435625.0,-28.38306
1389435781.25,-28.37615
1389435937.5,-28.38018
1389436093.75,-28.37388
1389436250.0,-28.37542
1389436406.25,-28.37134
1389436562.5,-28.37561
1389436718.75,-28.37488
1389436875.0,-28.37236
1389437031.25,-28.36695
1389437187.5,-28.36004
1389437343.75,-28.36345
1389437500.0,-28.36463
1389437656.25,-28.36342
1389437812.5,-28.35852
1389437968.75,-28.35286
1389438125.0,-28.35771
1389438281.25,-28.3561
1389438437.5,-28.35102
1389438593.75,-28.35618
1389438750.0,-28.3469
1389438906.25,-28.3469
1389439062.5,-28.351
1389439218.75,-28.35021
1389439375.0,-28.34521
1389439531.25,-28.34374
1389439687.5,-28.34379
1389439843.75,-28.33709
1389440000.0,-28.34184
1389440156.25,-28.33516
1389440312.5,-28.33882
1389440468.75,-28.33656
1389440625.0,-28.3303
1389440781.25,-28.33252
1389440937.5,-28.3297
1389441093.75,-28.32944
1389441250.0,-28.32542
1389441406.25,-28.32449
1389441562.5,-28.32511
1389441718.75,-28.32418
1389441875.0,-28.32207
1389442031.25,-28.32096
1389442187.5,-28.31899
1389442343.75,-28.31669
1389442500.0,-28.3143
1389442656.25,-28.31354
1389442812.5,-28.31361
1389442968.75,-28.31135
1389443125.0,-28.30828
1389443281.25,-28.30538
1389443437.5,-28.30575
1389443593.75,-28.30652
1389443750.0,-28.30413
1389443906.25,-28.29901
1389444062.5,-28.30095
1389444218.75,-28.29762
1389444375.0,-28.2952
1389444531.25,-28.29563
1389444687.5,-28.29335
1389444843.75,-28.29374
1389445000.0,-28.28924
1389445156.25,-28.28747
1389445312.5,-28.29047
1389445468.75,-28.28861
1389445625.0,-28.28316
1389445781.25,-28.28182
1389445937.5,-28.27816
1389446093.75,-28.2859
1389446250.0,-28.27938
1389446406.25,-28.27714
1389446562.5,-28.27393
1389446718.75,-28.27137
1389446875.0,-28.2742
1389447031.25,-28.26964
1389447187.5,-28.27124
1389447343.75,-28.2672
1389447500.0,-28.26626
1389447656.25,-28.26202
1389447812.5,-28.26418
1389447968.75,-28.25764
1389448125.0,-28.26065
1389448281.25,-28.25736
1389448437.5,-28.25537
1389448593.75,-28.25531
1389448750.0,-28.2515
1389448906.25,-28.25228
1389449062.5,-28.24714
1389449218.75,-28.24632
1389449375.0,-28.24957
1389449531.25,-28.24472
1389449687.5,-28.24231
1389449843.75,-28.24076
1389450000.0,-28.24221
1389450156.25,-28.24267
1389450312.5,-28.23872
1389450468.75,-28.23788
1389450625.0,-28.23423
1389450781.25,-28.22806
1389450937.5,-28.23077
1389451093.75,-28.22895
1389451250.0,-28.2299
1389451406.25,-28.22736
1389451562.5,-28.22298
1389451718.75,-28.22417
1389451875.0,-28.2229
1389452031.25,-28.21791
1389452187.5,-28.22
1389452343.75,-28.22023
1389452500.0,-28.21545
1389452656.25,-28.2151
1389452812.5,-28.21307
1389452968.75,-28.21027
1389453125.0,-28.20735
1389453281.25,-28.20977
1389453437.5,-28.20283
1389453593.75,-28.20489
1389453750.0,-28.20589
1389453906.25,-28.19543
1389454062.5,-28.19929
1389454218.75,-28.19485
1389454375.0,-28.19792
1389454531.25,-28.19359
1389454687.5,-28.19313
1389454843.75,-28.19534
1389455000.0,-28.19363
1389455156.25,-28.18489
1389455312.5,-28.19011
1389455468.75,-28.19175
1389455625.0,-28.18401
1389455781.25,-28.18178
1389455937.5,-28.18307
1389456093.75,-28.17752
1389456250.0,-28.18201
1389456406.25,-28.17531
1389456562.5,-28.17501
1389456718.75,-28.17262
1389456875.0,-28.1706
1389457031.25,-28.17068
1389457187.5,-28.16397
1389457343.75,-28.16636
1389457500.0,-28.16675
1389457656.25,-28.16237
1389457812.5,-28.15952
1389457968.75,-28.15847
1389458125.0,-28.1648
1389458281.25,-28.15707
1389458437.5,-28.15714
1389458593.75,-28.15501
1389458750.0,-28.15375
1389458906.25,-28.15366
1389459062.5,-28.14942
1389459218.75,-28.14873
1389459375.0,-28.14496
1389459531.25,-28.14639
1389459687.5,-28.14759
1389459843.75,-28.14522
1389460000.0,-28.13939
1389460156.25,-28.13913
1389460312.5,-28.13564
1389460468.75,-28.14072
1389460625.0,-28.13641
1389460781.25,-28.13245
1389460937.5,-28.1305
1389461093.75,-28.12627
1389461250.0,-28.12643
1389461406.25,-28.12548
1389461562.5,-28.12257
1389461718.75,-28.12086
1389461875.0,-28.12212
1389462031.25,-28.12162
1389462187.5,-28.1196
1389462343.75,-28.11434
1389462500.0,-28.11867
1389462656.25,-28.11695
1389462812.5,-28.11355
1389462968.75,-28.10997
1389463125.0,-28.10802
1389463281.25,-28.10707
1389463437.5,-28.11415
1389463593.75,-28.10518
1389463750.0,-28.10394
1389463906.25,-28.09991
1389464062.5,-28.10139
1389464218.75,-28.1
1389464375.0,-28.09662
1389464531.25,-28.09767
1389464687.5,-28.09266
1389464843.75,-28.09278
1389465000.0,-28.09153
1389465156.25,-28.09311
1389465312.5,-28.08465
1389465468.75,-28.08208
1389465625.0,-28.08173
1389465781.25,-28.08208
1389465937.5,-28.08211
1389466093.75,-28.07544
1389466250.0,-28.07629
1389466406.25,-28.07298
1389466562.5,-28.07294
1389466718.75,-28.0732
1389466875.0,-28.07135
1389467031.25,-28.06986
1389467187.5,-28.06665
1389467343.75,-28.06088
1389467500.0,-28.06557
1389467656.25,-28.0655
1389467812.5,-28.06573
1389467968.75,-28.06092
1389468125.0,-28.06179
1389468281.25,-28.05626
1389468437.5,-28.05619
1389468593.75,-28.05481
1389468750.0,-28.05759
1389468906.25,-28.04702
1389469062.5,-28.04715
1389469218.75,-28.04579
1389469375.0,-28.04547
1389469531.25,-28.04504
1389469687.5,-28.04436
1389469843.75,-28.04509
1389470000.0,-28.04221
1389470156.25,-28.03766
1389470312.5,-28.03638
1389470468.75,-28.02965
1389470625.0,-28.03494
1389470781.25,-28.03404
1389470937.5,-28.03117
1389471093.75,-28.03069
1389471250.0,-28.02406
1389471406.25,-28.02628
1389471562.5,-28.02405
1389471718.75,-28.02057
1389471875.0,-28.02076
1389472031.25,-28.02065
1389472187.5,-28.01413
1389472343.75,-28.01497
1389472500.0,-28.01286
1389472656.25,-28.01383
1389472812.5,-28.01237
1389472968.75,-28.01182
1389473125.0,-28.00859
1389473281.25,-28.00673
1389473437.5,-28.00024
1389473593.75,-28.00706
1389473750.0,-27.99838
1389473906.25,-27.99688
1389474062.5,-27.99512
1389474218.75,-27.99111
1389474375.0,-27.9947
1389474531.25,-27.99281
1389474687.5,-27.99129
1389474843.75,-27.9914
1389475000.0,-27.98816
1389475156.25,-27.98785
1389475312.5,-27.98833
1389475468.75,-27.98656
1389475625.0,-27.98479
1389475781.25,-27.98404
1389475937.5,-27.97483
1389476093.75,-27.97142
1389476250.0,-27.9776
1389476406.25,-27.97224
1389476562.5,-27.96821
1389476718.75,-27.97077
1389476875.0,-27.96953
1389477031.25,-27.96953
1389477187.5,-27.96644
1389477343.75,-27.96407
1389477500.0,-27.96172
1389477656.25,-27.96227
1389477812.5,-27.95667
1389477968.75,-27.95257
1389478125.0,-27.95953
1389478281.25,-27.95651
1389478437.5,-27.95444
1389478593.75,-27.9488
1389478750.0,-27.94853
1389478906.25,-27.94677
1389479062.5,-27.94884
1389479218.75,-27.949
1389479375.0,-27.94154
1389479531.25,-27.93891
1389479687.5,-27.94244
1389479843.75,-27.94084
1389480000.0,-27.93758
1389480156.25,-27.93541
1389480312.5,-27.93921
1389480468.75,-27.9278
1389480625.0,-27.92951
1389480781.25,-27.93016
1389480937.5,-27.92561
1389481093.75,-27.92255
1389481250.0,-27.92513
1389481406.25,-27.92409
1389481562.5,-27.92056
1389481718.75,-27.92275
1389481875.0,-27.92137
1389482031.25,-27.9157
1389482187.5,-27.91469
1389482343.75,-27.9131
1389482500.0,-27.91241
1389482656.25,-27.90977
1389482812.5,-27.90772
1389482968.75,-27.90567
1389483125.0,-27.90359
1389483281.25,-27.90126
1389483437.5,-27.90486
1389483593.75,-27.90189
1389483750.0,-27.89754
1389483906.25,-27.89986
1389484062.5,-27.8944
1389484218.75,-27.89388
1389484375.0,-27.89612
1389484531.25,-27.88965
1389484687.5,-27.88696
1389484843.75,-27.88762
1389485000.0,-27.88335
1389485156.25,-27.88846
1389485312.5,-27.88506
1389485468.75,-27.87805
1389485625.0,-27.88099
1389485781.25,-27.87946
1389485937.5,-27.87537
1389486093.75,-27.87179
1389486250.0,-27.87229
1389486406.25,-27.87401
1389486562.5,-27.86997
1389486718.75,-27.86592
1389486875.0,-27.86689
1389487031.25,-27.86356
1389487187.5,-27.86362
1389487343.75,-27.86198
1389487500.0,-27.86046
1389487656.25,-27.85648
1389487812.5,-27.86203
1389487968.75,-27.85645
1389488125.0,-27.85434
1389488281.25,-27.85267
1389488437.5,-27.8523
1389488593.75,-27.84705
1389488750.0,-27.84963
1389488906.25,-27.84732
1389489062.5,-27.84093
1389489218.75,-27.84106
1389489375.0,-27.8376
1389489531.25,-27.83701
1389489687.5,-27.83894
1389489843.75,-27.83733
1389490000.0,-27.83208
1389490156.25,-27.83675
1389490312.5,-27.83162
1389490468.75,-27.83245
1389490625.0,-27.82699
1389490781.25,-27.82613
1389490937.5,-27.82307
1389491093.75,-27.82087
1389491250.0,-27.82524
1389491406.25,-27.82096
1389491562.5,-27.81855
1389491718.75,-27.81678
1389491875.0,-27.81582
1389492031.25,-27.81602
1389492187.5,-27.8118
1389492343.75,-27.81257
1389492500.0,-27.81038
1389492656.25,-27.80391
1389492812.5,-27.80418
1389492968.75,-27.80481
1389493125.0,-27.80582
1389493281.25,-27.80104
1389493437.5,-27.80221
1389493593.75,-27.79861
1389493750.0,-27.79298
1389493906.25,-27.78609
1389494062.5,-27.7887
1389494218.75,-27.79365
1389494375.0,-27.79009
1389494531.25,-27.78354
1389494687.5,-27.78587
1389494843.75,-27.78315
1389495000.0,-27.78041
1389495156.25,-27.78093
1389495312.5,-27.77971
1389495468.75,-27.77783
1389495625.0,-27.77114
1389495781.25,-27.77614
1389495937.5,-27.7716
1389496093.75,-27.7716
1389496250.0,-27.77194
1389496406.25,-27.76344
1389496562.5,-27.76534
1389496718.75,-27.76497
1389496875.0,-27.76243
1389497031.25,-27.76274
1389497187.5,-27.75799
1389497343.75,-27.76182
1389497500.0,-27.75223
1389497656.25,-27.75375
1389497812.5,-27.75095
1389497968.75,-27.74581
1389498125.0,-27.75011
1389498281.25,-27.74677
1389498437.5,-27.74418
1389498593.75,-27.74576
1389498750.0,-27.74434
1389498906.25,-27.74556
1389499062.5,-27.7418
1389499218.75,-27.73632
1389499375.0,-27.73738
1389499531.25,-27.73328
1389499687.5,-27.73032
1389499843.75,-27.73451
1389500000.0,-27.73249
1389500156.25,-27.72525
1389500312.5,-27.72621
1389500468.75,-27.72094
1389500625.0,-27.72345
1389500781.25,-27.72318
1389500937.5,-27.7211
1389501093.75,-27.71638
1389501250.0,-27.71928
1389501406.25,-27.71253
1389501562.5,-27.71205
1389501718.75,-27.7089
1389501875.0,-27.70469
1389502031.25,-27.70587
1389502187.5,-27.71101
1389502343.75,-27.7071
1389502500.0,-27.7008
1389502656.25,-27.70168
1389502812.5,-27.70372
1389502968.75,-27.69738
1389503125.0,-27.6951
1389503281.25,-27.69642
1389503437.5,-27.69162
1389503593.75,-27.69225
1389503750.0,-27.69313
1389503906.25,-27.68696
1389504062.5,-27.68707
1389504218.75,-27.68495
1389504375.0,-27.68356
1389504531.25,-27.67785
1389504687.5,-27.67789
1389504843.75,-27.67659
1389505000.0,-27.67737
1389505156.25,-27.67593
1389505312.5,-27.67315
1389505468.75,-27.6704
1389505625.0,-27.67379
1389505781.25,-27.66796
1389505937.5,-27.66638
1389506093.75,-27.66564
1389506250.0,-27.66022
1389506406.25,-27.66228
1389506562.5,-27.66086
1389506718.75,-27.66005
1389506875.0,-27.6561
1389507031.25,-27.65275
1389507187.5,-27.65665
1389507343.75,-27.65421
1389507500.0,-27.64746
1389507656.25,-27.64809
1389507812.5,-27.6477
1389507968.75,-27.64737
1389508125.0,-27.64302
1389508281.25,-27.64575
1389508437.5,-27.63925
1389508593.75,-27.63901
1389508750.0,-27.63461
1389508906.25,-27.63318
1389509062.5,-27.63559
1389509218.75,-27.63481
1389509375.0,-27.63118
1389509531.25,-27.6269
1389509687.5,-27.62971
1389509843.75,-27.62573
1389510000.0,-27.62384
1389510156.25,-27.62146
1389510312.5,-27.61801
1389510468.75,-27.61992
1389510625.0,-27.61946
1389510781.25,-27.61637
1389510937.5,-27.61357
1389511093.75,-27.60991
1389511250.0,-27.61152
1389511406.25,-27.60328
1389511562.5,-27.60572
1389511718.75,-27.60292
1389511875.0,-27.60596
1389512031.25,-27.59631
1389512187.5,-27.60539
1389512343.75,-27.59939
1389512500.0,-27.59547
1389512656.25,-27.59497
1389512812.5,-27.58805
1389512968.75,-27.59291
1389513125.0,-27.59062
1389513281.25,-27.58842
1389513437.5,-27.58551
1389513593.75,-27.59134
1389513750.0,-27.58321
1389513906.25,-27.58219
1389514062.5,-27.57817
1389514218.75,-27.57553
1389514375.0,-27.57818
1389514531.25,-27.57417
1389514687.5,-27.574
1389514843.75,-27.57051
1389515000.0,-27.57112
1389515156.25,-27.567
1389515312.5,-27.57149
1389515468.75,-27.56667
1389515625.0,-27.56304
1389515781.25,-27.56116
1389515937.5,-27.55989
1389516093.75,-27.55776
1389516250.0,-27.55695
1389516406.25,-27.55204
1389516562.5,-27.55388
1389516718.75,-27.55077
1389516875.0,-27.55128
1389517031.25,-27.54607
1389517187.5,-27.54653
1389517343.75,-27.54231
1389517500.0,-27.54304
1389517656.25,-27.54438
1389517812.5,-27.541
1389517968.75,-27.54404
1389518125.0,-27.53522
1389518281.25,-27.53573
1389518437.5,-27.53265
1389518593.75,-27.53109
1389518750.0,-27.52945
1389518906.25,-27.52995
1389519062.5,-27.52238
1389519218.75,-27.52256
1389519375.0,-27.52287
1389519531.25,-27.52295
1389519687.5,-27.51878
1389519843.75,-27.51818
1389520000.0,-27.5178
1389520156.25,-27.51196
1389520312.5,-27.51258
1389520468.75,-27.50843
1389520625.0,-27.51027
1389520781.25,-27.50695
1389520937.5,-27.50678
1389521093.75,-27.50046
1389521250.0,-27.50336
1389521406.25,-27.5042
1389521562.5,-27.50408
1389521718.75,-27.49483
1389521875.0,-27.49799
1389522031.25,-27.49486
1389522187.5,-27.49153
1389522343.75,-27.48993
1389522500.0,-27.48962
1389522656.25,-27.48836
1389522812.5,-27.48626
1389522968.75,-27.4868
1389523125.0,-27.48366
1389523281.25,-27.48428
1389523437.5,-27.47968
1389523593.75,-27.47784
1389523750.0,-27.47139
1389523906.25,-27.47777
1389524062.5,-27.47108
1389524218.75,-27.47192
1389524375.0,-27.46806
1389524531.25,-27.4703
1389524687.5,-27.46552
1389524843.75,-27.46529
1389525000.0,-27.46143
1389525156.25,-27.46211
1389525312.5,-27.45883
1389525468.75,-27.45483
1389525625.0,-27.45345
1389525781.25,-27.45601
1389525937.5,-27.45179
1389526093.75,-27.44907
1389526250.0,-27.4537
1389526406.25,-27.44726
1389526562.5,-27.44311
1389526718.75,-27.44485
1389526875.0,-27.44172
1389527031.25,-27.44185
1389527187.5,-27.44003
1389527343.75,-27.43409
1389527500.0,-27.43929
1389527656.25,-27.43613
1389527812.5,-27.43473
1389527968.75,-27.43013
1389528125.0,-27.42632
1389528281.25,-27.4284
1389528437.5,-27.42197
1389528593.75,-27.42481
1389528750.0,-27.42506
1389528906.25,-27.42268
1389529062.5,-27.42031
1389529218.75,-27.41735
1389529375.0,-27.41387
1389529531.25,-27.41227
1389529687.5,-27.4124
1389529843.75,-27.41101
1389530000.0,-27.41377
1389530156.25,-27.40248
1389530312.5,-27.40483
1389530468.75,-27.40513
1389530625.0,-27.40272
1389530781.25,-27.39922
1389530937.5,-27.40062
1389531093.75,-27.39509
1389531250.0,-27.39193
1389531406.25,-27.39526
1389531562.5,-27.39548
1389531718.75,-27.39274
1389531875.0,-27.39081
1389532031.25,-27.38953
1389532187.5,-27.38551
1389532343.75,-27.381
1389532500.0,-27.38289
1389532656.25,-27.37692
1389532812.5,-27.37498
1389532968.75,-27.37732
1389533125.0,-27.37335
1389533281.25,-27.37225
1389533437.5,-27.37145
1389533593.75,-27.36905
1389533750.0,-27.36438
1389533906.25,-27.36715
1389534062.5,-27.36304
1389534218.75,-27.36483
1389534375.0,-27.3587
1389534531.25,-27.35859
1389534687.5,-27.35319
1389534843.75,-27.35724
1389535000.0,-27.35742
1389535156.25,-27.3545
1389535312.5,-27.34967
1389535468.75,-27.34683
1389535625.0,-27.34455
1389535781.25,-27.34643
1389535937.5,-27.34529
1389536093.75,-27.34417
1389536250.0,-27.33968
1389536406.25,-27.33907
1389536562.5,-27.33413
1389536718.75,-27.33445
1389536875.0,-27.3317
1389537031.25,-27.32965
1389537187.5,-27.33003
1389537343.75,-27.32904
1389537500.0,-27.32575
1389537656.25,-27.32785
1389537812.5,-27.32186
1389537968.75,-27.31623
1389538125.0,-27.31398
1389538281.25,-27.31971
1389538437.5,-27.31554
1389538593.75,-27.31379
1389538750.0,-27.31261
1389538906.25,-27.31093
1389539062.5,-27.30689
1389539218.75,-27.30679
1389539375.0,-27.30178
1389539531.25,-27.30452
1389539687.5,-27.30166
1389539843.75,-27.30299
1389540000.0,-27.29875
1389540156.25,-27.29676
1389540312.5,-27.29849
1389540468.75,-27.29517
1389540625.0,-27.29188
1389540781.25,-27.28717
1389540937.5,-27.28741
1389541093.75,-27.28843
1389541250.0,-27.29027
1389541406.25,-27.28723
1389541562.5,-27.28196
1389541718.75,-27.28061
1389541875.0,-27.27581
1389542031.25,-27.27548
1389542187.5,-27.27217
1389542343.75,-27.2746
1389542500.0,-27.26771
1389542656.25,-27.26618
1389542812.5,-27.26831
1389542968.75,-27.26696
1389543125.0,-27.26252
1389543281.25,-27.26526
1389543437.5,-27.26273
1389543593.75,-27.26139
1389543750.0,-27.26148
1389543906.25,-27.25656
1389544062.5,-27.25214
1389544218.75,-27.25214
1389544375.0,-27.25418
1389544531.25,-27.24657
1389544687.5,-27.24792
1389544843.75,-27.24385
1389545000.0,-27.2425
1389545156.25,-27.24536
1389545312.5,-27.23831
1389545468.75,-27.24024
1389545625.0,-27.23838
1389545781.25,-27.23123
1389545937.5,-27.23373
1389546093.75,-27.23558
1389546250.0,-27.22919
1389546406.25,-27.22883
1389546562.5,-27.22629
1389546718.75,-27.22631
1389546875.0,-27.22551
1389547031.25,-27.22277
1389547187.5,-27.22359
1389547343.75,-27.21995
1389547500.0,-27.21867
1389547656.25,-27.21726
1389547812.5,-27.21362
1389547968.75,-27.21158
1389548125.0,-27.20781
1389548281.25,-27.20775
1389548437.5,-27.20581
1389548593.75,-27.20629
1389548750.0,-27.20255
1389548906.25,-27.2019
1389549062.5,-27.19964
1389549218.75,-27.20039
1389549375.0,-27.19561
1389549531.25,-27.1943
1389549687.5,-27.19469
1389549843.75,-27.1927
1389550000.0,-27.18682
1389550156.25,-27.18716
1389550312.5,-27.18281
1389550468.75,-27.18374
1389550625.0,-27.1825
1389550781.25,-27.176
1389550937.5,-27.17984
1389551093.75,-27.1739
1389551250.0,-27.17435
1389551406.25,-27.17253
1389551562.5,-27.16986
1389551718.75,-27.16749
1389551875.0,-27.16541
1389552031.25,-27.1626
1389552187.5,-27.16482
1389552343.75,-27.16015
1389552500.0,-27.15739
1389552656.25,-27.1593
1389552812.5,-27.15339
1389552968.75,-27.15443
1389553125.0,-27.15464
1389553281.25,-27.15022
1389553437.5,-27.15042
1389553593.75,-27.15022
1389553750.0,-27.14582
1389553906.25,-27.14613
1389554062.5,-27.14516
1389554218.75,-27.14072
1389554375.0,-27.13456
1389554531.25,-27.13754
1389554687.5,-27.13635
1389554843.75,-27.13201
1389555000.0,-27.13036
1389555156.25,-27.13259
1389555312.5,-27.1271
1389555468.75,-27.12874
1389555625.0,-27.12295
1389555781.25,-27.12568
1389555937.5,-27.12231
1389556093.75,-27.11771
1389556250.0,-27.1194
1389556406.25,-27.11031
1389556562.5,-27.11707
1389556718.75,-27.11167
1389556875.0,-27.1109
1389557031.25,-27.10934
1389557187.5,-27.10905
1389557343.75,-27.10697
1389557500.0,-27.10661
1389557656.25,-27.10188
1389557812.5,-27.10016
1389557968.75,-27.09785
1389558125.0,-27.09915
1389558281.25,-27.09472
1389558437.5,-27.09315
1389558593.75,-27.09295
1389558750.0,-27.09
1389558906.25,-27.08523
1389559062.5,-27.08646
1389559218.75,-27.08469
1389559375.0,-27.08362
1389559531.25,-27.0786
1389559687.5,-27.07929
1389559843.75,-27.07697
1389560000.0,-27.0739
1389560156.25,-27.07707
1389560312.5,-27.07051
1389560468.75,-27.06831
1389560625.0,-27.06772
1389560781.25,-27.06757
1389560937.5,-27.06166
1389561093.75,-27.06325
1389561250.0,-27.06364
1389561406.25,-27.05779
1389561562.5,-27.06128
1389561718.75,-27.054
1389561875.0,-27.05197
1389562031.25,-27.05297
1389562187.5,-27.05478
1389562343.75,-27.05065
1389562500.0,-27.04445
1389562656.25,-27.0457
1389562812.5,-27.04331
1389562968.75,-27.04169
1389563125.0,-27.03878
1389563281.25,-27.04161
1389563437.5,-27.03811
1389563593.75,-27.03472
1389563750.0,-27.03408
1389563906.25,-27.03119
1389564062.5,-27.03245
1389564218.75,-27.02285
1389564375.0,-27.02478
1389564531.25,-27.0257
1389564687.5,-27.02431
1389564843.75,-27.0186
1389565000.0,-27.02151
1389565156.25,-27.01303
1389565312.5,-27.01309
1389565468.75,-27.01224
1389565625.0,-27.00913
1389565781.25,-27.01093
1389565937.5,-27.00942
1389566093.75,-27.00693
1389566250.0,-27.00666
1389566406.25,-27.00285
1389566562.5,-27.00142
1389566718.75,-27.00151
1389566875.0,-26.99528
1389567031.25,-26.99651
1389567187.5,-26.99718
1389567343.75,-26.99323
1389567500.0,-26.98815
1389567656.25,-26.98617
1389567812.5,-26.98918
1389567968.75,-26.98393
1389568125.0,-26.98219
1389568281.25,-26.98429
1389568437.5,-26.98213
1389568593.75,-26.98032
1389568750.0,-26.97672
1389568906.25,-26.97189
1389569062.5,-26.97242
1389569218.75,-26.9712
1389569375.0,-26.96862
1389569531.25,-26.96968
1389569687.5,-26.96606
1389569843.75,-26.96636
1389570000.0,-26.95941
1389570156.25,-26.96309
1389570312.5,-26.96118
1389570468.75,-26.95905
1389570625.0,-26.95734
1389570781.25,-26.95096
1389570937.5,-26.95244
1389571093.75,-26.95177
1389571250.0,-26.9462
1389571406.25,-26.95144
1389571562.5,-26.94456
1389571718.75,-26.9436
1389571875.0,-26.94209
1389572031.25,-26.93471
1389572187.5,-26.93752
1389572343.75,-26.93565
1389572500.0,-26.93027
1389572656.25,-26.9346
1389572812.5,-26.9291
1389572968.75,-26.9267
1389573125.0,-26.9244
1389573281.25,-26.92279
1389573437.5,-26.92328
1389573593.75,-26.91967
1389573750.0,-26.91828
1389573906.25,-26.91873
1389574062.5,-26.91539
1389574218.75,-26.9142
1389574375.0,-26.91189
1389574531.25,-26.90962
1389574687.5,-26.90497
1389574843.75,-26.90752
1389575000.0,-26.90431
1389575156.25,-26.90396
1389575312.5,-26.90254
1389575468.75,-26.90047
1389575625.0,-26.89794
1389575781.25,-26.89362
1389575937.5,-26.89379
1389576093.75,-26.89053
1389576250.0,-26.8917
1389576406.25,-26.88381
1389576562.5,-26.88161
1389576718.75,-26.88118
1389576875.0,-26.88015
1389577031.25,-26.88361
1389577187.5,-26.88288
1389577343.75,-26.87793
1389577500.0,-26.8797
1389577656.25,-26.8785
1389577812.5,-26.87134
1389577968.75,-26.87413
1389578125.0,-26.86837
1389578281.25,-26.86424
1389578437.5,-26.8634
1389578593.75,-26.8632
1389578750.0,-26.86285
1389578906.25,-26.85875
1389579062.5,-26.85704
1389579218.75,-26.85297
1389579375.0,-26.85152
1389579531.25,-26.85111
1389579687.5,-26.8519
1389579843.75,-26.84796
1389580000.0,-26.84513
1389580156.25,-26.8445
1389580312.5,-26.84792
1389580468.75,-26.84286
1389580625.0,-26.83817
1389580781.25,-26.83727
1389580937.5,-26.83544
1389581093.75,-26.83492
1389581250.0,-26.8329
1389581406.25,-26.82793
1389581562.5,-26.83145
1389581718.75,-26.82161
1389581875.0,-26.8263
1389582031.25,-26.82191
1389582187.5,-26.81931
1389582343.75,-26.8207
1389582500.0,-26.81694
1389582656.25,-26.81866
1389582812.5,-26.8126
1389582968.75,-26.81024
1389583125.0,-26.81124
1389583281.25,-26.81384
1389583437.5,-26.80511
1389583593.75,-26.8001
1389583750.0,-26.80275
1389583906.25,-26.80263
1389584062.5,-26.7983
1389584218.75,-26.79861
1389584375.0,-26.7931
1389584531.25,-26.79813
1389584687.5,-26.79409
1389584843.75,-26.79191
1389585000.0,-26.78903
1389585156.25,-26.78767
1389585312.5,-26.78954
1389585468.75,-26.78061
1389585625.0,-26.78212
1389585781.25,-26.77983
1389585937.5,-26.77621
1389586093.75,-26.7771
1389586250.0,-26.77286
1389586406.25,-26.77122
1389586562.5,-26.76758
1389586718.75,-26.76605
1389586875.0,-26.76828
1389587031.25,-26.76592
1389587187.5,-26.76611
1389587343.75,-26.76118
1389587500.0,-26.7576
1389587656.25,-26.75793
1389587812.5,-26.76134
1389587968.75,-26.75418
1389588125.0,-26.75175
1389588281.25,-26.75041
1389588437.5,-26.74748
1389588593.75,-26.75265
1389588750.0,-26.7454
1389588906.25,-26.74177
1389589062.5,-26.74104
1389589218.75,-26.74427
1389589375.0,-26.73875
1389589531.25,-26.73446
1389589687.5,-26.7324
1389589843.75,-26.73344
1389590000.0,-26.72839
1389590156.25,-26.73073
1389590312.5,-26.72806
1389590468.75,-26.72455
1389590625.0,-26.72072
1389590781.25,-26.72297
1389590937.5,-26.71733
1389591093.75,-26.72153
1389591250.0,-26.71902
1389591406.25,-26.71365
1389591562.5,-26.71302
1389591718.75,-26.71218
1389591875.0,-26.70746
1389592031.25,-26.70318
1389592187.5,-26.70296
1389592343.75,-26.70266
1389592500.0,-26.70372
1389592656.25,-26.69887
1389592812.5,-26.70111
1389592968.75,-26.69238
1389593125.0,-26.69772
1389593281.25,-26.69099
1389593437.5,-26.68913
1389593593.75,-26.68719
1389593750.0,-26.68486
1389593906.25,-26.68458
1389594062.5,-26.68131
1389594218.75,-26.68131
1389594375.0,-26.67973
1389594531.25,-26.67576
1389594687.5,-26.67423
1389594843.75,-26.67181
1389595000.0,-26.67183
1389595156.25,-26.67207
1389595312.5,-26.6703
1389595468.75,-26.66418
1389595625.0,-26.66196
1389595781.25,-26.66229
1389595937.5,-26.66258
1389596093.75,-26.65975
1389596250.0,-26.65668
1389596406.25,-26.65621
1389596562.5,-26.65469
1389596718.75,-26.6497
1389596875.0,-26.64628
1389597031.25,-26.64545
1389597187.5,-26.64297
1389597343.75,-26.64372
1389597500.0,-26.64368
1389597656.25,-26.6422
1389597812.5,-26.63676
1389597968.75,-26.634
1389598125.0,-26.63083
1389598281.25,-26.63122
1389598437.5,-26.63022
1389598593.75,-26.62799
1389598750.0,-26.62779
1389598906.25,-26.62309
1389599062.5,-26.62221
1389599218.75,-26.62334
1389599375.0,-26.61636
1389599531.25,-26.61731
1389599687.5,-26.61839
1389599843.75,-26.61294
1389600000.0,-26.61294
1389600156.25,-26.61
1389600312.5,-26.60729
1389600468.75,-26.60513
1389600625.0,-26.60585
1389600781.25,-26.59932
1389600937.5,-26.60056
1389601093.75,-26.59806
1389601250.0,-26.59752
1389601406.25,-26.59694
1389601562.5,-26.591
1389601718.75,-26.59294
1389601875.0,-26.58941
1389602031.25,-26.58895
1389602187.5,-26.58859
1389602343.75,-26.58126
1389602500.0,-26.58835
1389602656.25,-26.58068
1389602812.5,-26.57883
1389602968.75,-26.57919
1389603125.0,-26.57347
1389603281.25,-26.5719
1389603437.5,-26.56978
1389603593.75,-26.5712
1389603750.0,-26.56718
1389603906.25,-26.56649
1389604062.5,-26.56141
1389604218.75,-26.56213
1389604375.0,-26.55485
1389604531.25,-26.56031
1389604687.5,-26.55727
1389604843.75,-26.55687
1389605000.0,-26.5538
1389605156.25,-26.55114
1389605312.5,-26.54644
1389605468.75,-26.54402
1389605625.0,-26.54366
1389605781.25,-26.54193
1389605937.5,-26.54248
1389606093.75,-26.53718
1389606250.0,-26.537
1389606406.25,-26.53594
1389606562.5,-26.53239
1389606718.75,-26.52914
1389606875.0,-26.52826
1389607031.25,-26.52922
1389607187.5,-26.52692
1389607343.75,-26.52044
1389607500.0,-26.52508
1389607656.25,-26.52189
1389607812.5,-26.51819
1389607968.75,-26.51492
1389608125.0,-26.51614
1389608281.25,-26.51297
1389608437.5,-26.50922
1389608593.75,-26.50902
1389608750.0,-26.50964
1389608906.25,-26.50594
1389609062.5,-26.49997
1389609218.75,-26.50219
1389609375.0,-26.49849
1389609531.25,-26.50013
1389609687.5,-26.49621
1389609843.75,-26.49387
1389610000.0,-26.49535
1389610156.25,-26.49097
1389610312.5,-26.48691
1389610468.75,-26.49209
1389610625.0,-26.48305
1389610781.25,-26.48214
1389610937.5,-26.48599
1389611093.75,-26.48013
1389611250.0,-26.47872
1389611406.25,-26.47429
1389611562.5,-26.47506
1389611718.75,-26.47355
1389611875.0,-26.47348
1389612031.25,-26.46835
1389612187.5,-26.46648
1389612343.75,-26.46754
1389612500.0,-26.46171
1389612656.25,-26.45954
1389612812.5,-26.45519
1389612968.75,-26.45936
1389613125.0,-26.4541
1389613281.25,-26.45252
1389613437.5,-26.45336
1389613593.75,-26.44763
1389613750.0,-26.44663
1389613906.25,-26.44447
1389614062.5,-26.44188
1389614218.75,-26.44519
1389614375.0,-26.44103
1389614531.25,-26.43872
1389614687.5,-26.43446
1389614843.75,-26.42997
1389615000.0,-26.43035
1389615156.25,-26.42866
1389615312.5,-26.43125
1389615468.75,-26.42591
1389615625.0,-26.42199
1389615781.25,-26.42232
1389615937.5,-26.41857
1389616093.75,-26.41862
1389616250.0,-26.41693
1389616406.25,-26.4151
1389616562.5,-26.41166
1389616718.75,-26.40784
1389616875.0,-26.40997
1389617031.25,-26.40845
1389617187.5,-26.40782
1389617343.75,-26.4051
1389617500.0,-26.40157
1389617656.25,-26.39818
1389617812.5,-26.39996
1389617968.75,-26.3966
1389618125.0,-26.39401
1389618281.25,-26.39099
1389618437.5,-26.3897
1389618593.75,-26.38733
1389618750.0,-26.38707
1389618906.25,-26.38242
1389619062.5,-26.38638
1389619218.75,-26.38095
1389619375.0,-26.37846
1389619531.25,-26.37496
1389619687.5,-26.37809
1389619843.75,-26.37331
1389620000.0,-26.371
1389620156.25,-26.36888
1389620312.5,-26.36567
1389620468.75,-26.3669
1389620625.0,-26.36318
1389620781.25,-26.362
1389620937.5,-26.35785
1389621093.75,-26.35887
1389621250.0,-26.35602
1389621406.25,-26.35124
1389621562.5,-26.35501
1389621718.75,-26.35269
1389621875.0,-26.34694
1389622031.25,-26.34455
1389622187.5,-26.34633
1389622343.75,-26.3446
1389622500.0,-26.33834
1389622656.25,-26.33894
1389622812.5,-26.33668
1389622968.75,-26.33743
1389623125.0,-26.33668
1389623281.25,-26.33537
1389623437.5,-26.33106
1389623593.75,-26.32668
1389623750.0,-26.32579
1389623906.25,-26.3224
1389624062.5,-26.32163
1389624218.75,-26.31863
1389624375.0,-26.31501
1389624531.25,-26.31659
1389624687.5,-26.3113
1389624843.75,-26.31408
1389625000.0,-26.3107
1389625156.25,-26.30904
1389625312.5,-26.30412
1389625468.75,-26.30592
1389625625.0,-26.30357
1389625781.25,-26.30109
1389625937.5,-26.29744
1389626093.75,-26.29414
1389626250.0,-26.29565
1389626406.25,-26.2927
1389626562.5,-26.28994
1389626718.75,-26.28935
1389626875.0,-26.28337
1389627031.25,-26.2851
1389627187.5,-26.28055
1389627343.75,-26.281
1389627500.0,-26.27777
1389627656.25,-26.27498
1389627812.5,-26.27658
1389627968.75,-26.27564
1389628125.0,-26.26998
1389628281.25,-26.27024
1389628437.5,-26.26268
1389628593.75,-26.26411
1389628750.0,-26.26357
1389628906.25,-26.26581
1389629062.5,-26.26138
1389629218.75,-26.25958
1389629375.0,-26.25631
1389629531.25,-26.25414
1389629687.5,-26.2541
1389629843.75,-26.25139
1389630000.0,-26.24632
1389630156.25,-26.2467
1389630312.5,-26.2451
1389630468.75,-26.24458
1389630625.0,-26.24027
1389630781.25,-26.2372
1389630937.5,-26.23706
1389631093.75,-26.23429
1389631250.0,-26.23301
1389631406.25,-26.22925
1389631562.5,-26.2304
1389631718.75,-26.22674
1389631875.0,-26.22406
1389632031.25,-26.22202
1389632187.5,-26.22048
1389632343.75,-26.22038
1389632500.0,-26.21671
1389632656.25,-26.21253
1389632812.5,-26.21624
1389632968.75,-26.21523
1389633125.0,-26.21232
1389633281.25,-26.20967
1389633437.5,-26.2053
1389633593.75,-26.20315
1389633750.0,-26.20474
1389633906.25,-26.20102
1389634062.5,-26.19778
1389634218.75,-26.19853
1389634375.0,-26.19304
1389634531.25,-26.19279
1389634687.5,-26.18651
1389634843.75,-26.18698
1389635000.0,-26.18405
1389635156.25,-26.18409
1389635312.5,-26.18504
1389635468.75,-26.17662
1389635625.0,-26.17888
1389635781.25,-26.17485
1389635937.5,-26.17499
1389636093.75,-26.17408
1389636250.0,-26.17563
1389636406.25,-26.16779
1389636562.5,-26.16927
1389636718.75,-26.16829
1389636875.0,-26.16215
1389637031.25,-26.16114
1389637187.5,-26.15803
1389637343.75,-26.15825
1389637500.0,-26.15339
1389637656.25,-26.15489
1389637812.5,-26.15078
1389637968.75,-26.15303
1389638125.0,-26.14865
1389638281.25,-26.14565
1389638437.5,-26.14474
1389638593.75,-26.13832
1389638750.0,-26.13893
1389638906.25,-26.1378
1389639062.5,-26.13707
1389639218.75,-26.13262
1389639375.0,-26.13147
1389639531.25,-26.1285
1389639687.5,-26.12761
1389639843.75,-26.12534
1389640000.0,-26.12259
1389640156.25,-26.1216
1389640312.5,-26.12169
1389640468.75,-26.11508
1389640625.0,-26.11628
1389640781.25,-26.11385
1389640937.5,-26.1117
1389641093.75,-26.11161
1389641250.0,-26.10755
1389641406.25,-26.10728
1389641562.5,-26.10392
1389641718.75,-26.10159
1389641875.0,-26.10021
1389642031.25,-26.0998
1389642187.5,-26.09893
1389642343.75,-26.09454
1389642500.0,-26.09027
1389642656.25,-26.09367
1389642812.5,-26.08627
1389642968.75,-26.08444
1389643125.0,-26.08189
1389643281.25,-26.08159
1389643437.5,-26.08113
1389643593.75,-26.0764
1389643750.0,-26.07644
1389643906.25,-26.06914
1389644062.5,-26.07269
1389644218.75,-26.07177
1389644375.0,-26.06703
1389644531.25,-26.06924
1389644687.5,-26.06401
1389644843.75,-26.06051
1389645000.0,-26.06153
1389645156.25,-26.05857
1389645312.5,-26.05613
1389645468.75,-26.05295
1389645625.0,-26.05185
1389645781.25,-26.0539
1389645937.5,-26.04727
1389646093.75,-26.04559
1389646250.0,-26.04325
1389646406.25,-26.04472
1389646562.5,-26.04204
1389646718.75,-26.0406
1389646875.0,-26.03836
1389647031.25,-26.03428
1389647187.5,-26.0343
1389647343.75,-26.0333
1389647500.0,-26.02855
1389647656.25,-26.0268
1389647812.5,-26.02366
1389647968.75,-26.02631
1389648125.0,-26.02306
1389648281.25,-26.02176
1389648437.5,-26.01839
1389648593.75,-26.01623
1389648750.0,-26.01418
1389648906.25,-26.00953
1389649062.5,-26.00856
1389649218.75,-26.00818
1389649375.0,-26.00162
1389649531.25,-26.00113
1389649687.5,-26.00252
1389649843.75,-26.00231
1389650000.0,-25.99833
1389650156.25,-25.99584
1389650312.5,-25.99379
1389650468.75,-25.99338
1389650625.0,-25.9869
1389650781.25,-25.98792
1389650937.5,-25.98703
1389651093.75,-25.9825
1389651250.0,-25.98331
1389651406.25,-25.98037
1389651562.5,-25.97955
1389651718.75,-25.97237
1389651875.0,-25.97595
1389652031.25,-25.97401
1389652187.5,-25.96881
1389652343.75,-25.96783
1389652500.0,-25.96731
1389652656.25,-25.96248
1389652812.5,-25.96194
1389652968.75,-25.96097
1389653125.0,-25.95735
1389653281.25,-25.95971
1389653437.5,-25.95407
1389653593.75,-25.95201
1389653750.0,-25.94925
1389653906.25,-25.9481
1389654062.5,-25.94646
1389654218.75,-25.94537
1389654375.0,-25.94185
1389654531.25,-25.94214
1389654687.5,-25.93615
1389654843.75,-25.93524
1389655000.0,-25.93395
1389655156.25,-25.93482
1389655312.5,-25.92729
1389655468.75,-25.92708
1389655625.0,-25.92457
1389655781.25,-25.92369
1389655937.5,-25.92136
1389656093.75,-25.91881
1389656250.0,-25.91721
1389656406.25,-25.91601
1389656562.5,-25.91221
1389656718.75,-25.91339
1389656875.0,-25.9087
1389657031.25,-25.9095
1389657187.5,-25.90204
1389657343.75,-25.89946
1389657500.0,-25.89874
1389657656.25,-25.89774
1389657812.5,-25.89818
1389657968.75,-25.89786
1389658125.0,-25.88865
1389658281.25,-25.8914
1389658437.5,-25.89086
1389658593.75,-25.88554
1389658750.0,-25.88417
1389658906.25,-25.88468
1389659062.5,-25.88318
1389659218.75,-25.88052
1389659375.0,-25.87886
1389659531.25,-25.87285
1389659687.5,-25.87124
1389659843.75,-25.87174
1389660000.0,-25.86865
1389660156.25,-25.86888
1389660312.5,-25.86639
1389660468.75,-25.86413
1389660625.0,-25.8634
1389660781.25,-25.8566
1389660937.5,-25.8578
1389661093.75,-25.8586
1389661250.0,-25.85439
1389661406.25,-25.85243
1389661562.5,-25.84947
1389661718.75,-25.84776
1389661875.0,-25.84717
1389662031.25,-25.84112
1389662187.5,-25.83909
1389662343.75,-25.84082
1389662500.0,-25.8356
1389662656.25,-25.83482
1389662812.5,-25.83431
1389662968.75,-25.83183
1389663125.0,-25.82887
1389663281.25,-25.82875
1389663437.5,-25.82625
1389663593.75,-25.82649
1389663750.0,-25.82067
1389663906.25,-25.8211
1389664062.5,-25.81358
1389664218.75,-25.81991
1389664375.0,-25.80953
1389664531.25,-25.8127
1389664687.5,-25.80633
1389664843.75,-25.80954
1389665000.0,-25.80395
1389665156.25,-25.80295
1389665312.5,-25.79955
1389665468.75,-25.80439
1389665625.0,-25.79678
1389665781.25,-25.79555
1389665937.5,-25.79163
1389666093.75,-25.7904
1389666250.0,-25.78595
1389666406.25,-25.78972
1389666562.5,-25.78355
1389666718.75,-25.78066
1389666875.0,-25.7812
1389667031.25,-25.77937
1389667187.5,-25.7767
1389667343.75,-25.77036
1389667500.0,-25.77243
1389667656.25,-25.76851
1389667812.5,-25.77345
1389667968.75,-25.76476
1389668125.0,-25.76225
1389668281.25,-25.76679
1389668437.5,-25.76046
1389668593.75,-25.75908
1389668750.0,-25.75338
1389668906.25,-25.75302
1389669062.5,-25.75301
1389669218.75,-25.75087
1389669375.0,-25.74917
1389669531.25,-25.74356
1389669687.5,-25.74443
1389669843.75,-25.74216
1389670000.0,-25.73469
1389670156.25,-25.73943
1389670312.5,-25.73578
1389670468.75,-25.73452
1389670625.0,-25.73336
1389670781.25,-25.72996
1389670937.5,-25.72782
1389671093.75,-25.72727
1389671250.0,-25.721
1389671406.25,-25.72386
1389671562.5,-25.71633
1389671718.75,-25.71783
1389671875.0,-25.71533
1389672031.25,-25.71487
1389672187.5,-25.71164
1389672343.75,-25.70923
1389672500.0,-25.70564
1389672656.25,-25.70445
1389672812.5,-25.69927
1389672968.75,-25.70165
1389673125.0,-25.69603
1389673281.25,-25.69585
1389673437.5,-25.69774
1389673593.75,-25.69234
1389673750.0,-25.6899
1389673906.25,-25.68718
1389674062.5,-25.6813
1389674218.75,-25.68684
1389674375.0,-25.67876
1389674531.25,-25.67675
1389674687.5,-25.67738
1389674843.75,-25.67807
1389675000.0,-25.67648
1389675156.25,-25.67349
1389675312.5,-25.66953
1389675468.75,-25.66512
1389675625.0,-25.66583
1389675781.25,-25.66073
1389675937.5,-25.66437
1389676093.75,-25.66062
1389676250.0,-25.65692
1389676406.25,-25.65577
1389676562.5,-25.65175
1389676718.75,-25.65133
1389676875.0,-25.64537
1389677031.25,-25.64611
1389677187.5,-25.64479
1389677343.75,-25.64208
1389677500.0,-25.63918
1389677656.25,-25.63794
1389677812.5,-25.6373
1389677968.75,-25.63614
1389678125.0,-25.63336
1389678281.25,-25.63158
1389678437.5,-25.62688
1389678593.75,-25.62445
1389678750.0,-25.62318
1389678906.25,-25.62216
1389679062.5,-25.61789
1389679218.75,-25.61867
1389679375.0,-25.61597
1389679531.25,-25.61505
1389679687.5,-25.61023
1389679843.75,-25.61026
1389680000.0,-25.60592
1389680156.25,-25.60429
1389680312.5,-25.60314
1389680468.75,-25.60204
1389680625.0,-25.59879
1389680781.25,-25.59803
1389680937.5,-25.59757
1389681093.75,-25.58962
1389681250.0,-25.59425
1389681406.25,-25.58926
1389681562.5,-25.58758
1389681718.75,-25.58237
1389681875.0,-25.58375
1389682031.25,-25.57933
1389682187.5,-25.57898
1389682343.75,-25.57239
1389682500.0,-25.57444
1389682656.25,-25.57221
1389682812.5,-25.57214
1389682968.75,-25.5668
1389683125.0,-25.5642
1389683281.25,-25.56076
1389683437.5,-25.5605
1389683593.75,-25.55729
1389683750.0,-25.5586
1389683906.25,-25.55697
1389684062.5,-25.55057
1389684218.75,-25.55218
1389684375.0,-25.55039
1389684531.25,-25.54675
1389684687.5,-25.54538
1389684843.75,-25.5449
1389685000.0,-25.53902
1389685156.25,-25.53555
1389685312.5,-25.53645
1389685468.75,-25.53468
1389685625.0,-25.53538
1389685781.25,-25.53161
1389685937.5,-25.52695
1389686093.75,-25.52442
1389686250.0,-25.52226
1389686406.25,-25.52534
1389686562.5,-25.52052
1389686718.75,-25.52002
1389686875.0,-25.51361
1389687031.25,-25.5183
1389687187.5,-25.5097
1389687343.75,-25.50759
1389687500.0,-25.50924
1389687656.25,-25.50512
1389687812.5,-25.50271
1389687968.75,-25.5007
1389688125.0,-25.50156
1389688281.25,-25.49667
1389688437.5,-25.49603
1389688593.75,-25.49248
1389688750.0,-25.48908
1389688906.25,-25.48427
1389689062.5,-25.48748
1389689218.75,-25.48767
1389689375.0,-25.48554
1389689531.25,-25.48132
1389689687.5,-25.4784
1389689843.75,-25.4735
1389690000.0,-25.47431
1389690156.25,-25.47256
1389690312.5,-25.46947
1389690468.75,-25.46606
1389690625.0,-25.46431
1389690781.25,-25.46277
1389690937.5,-25.46371
1389691093.75,-25.45668
1389691250.0,-25.4572
1389691406.25,-25.45308
1389691562.5,-25.45591
1389691718.75,-25.45024
1389691875.0,-25.45006
1389692031.25,-25.44389
1389692187.5,-25.44494
1389692343.75,-25.44247
1389692500.0,-25.44207
1389692656.25,-25.44051
1389692812.5,-25.43857
1389692968.75,-25.43106
1389693125.0,-25.43102
1389693281.25,-25.4297
1389693437.5,-25.42515
1389693593.75,-25.4282
1389693750.0,-25.42219
1389693906.25,-25.41878
1389694062.5,-25.42204
1389694218.75,-25.41712
1389694375.0,-25.41361
1389694531.25,-25.41683
1389694687.5,-25.41014
1389694843.75,-25.40999
1389695000.0,-25.40617
1389695156.25,-25.40397
1389695312.5,-25.4038
1389695468.75,-25.40057
1389695625.0,-25.39752
1389695781.25,-25.39689
1389695937.5,-25.39042
1389696093.75,-25.39049
1389696250.0,-25.39313
1389696406.25,-25.38704
1389696562.5,-25.38505
1389696718.75,-25.38047
1389696875.0,-25.379
1389697031.25,-25.37702
1389697187.5,-25.37399
1389697343.75,-25.37444
1389697500.0,-25.37447
1389697656.25,-25.37095
1389697812.5,-25.36742
1389697968.75,-25.36884
1389698125.0,-25.36514
1389698281.25,-25.36328
1389698437.5,-25.35901
1389698593.75,-25.3555
1389698750.0,-25.35545
1389698906.25,-25.35199
1389699062.5,-25.35069
1389699218.75,-25.34497
1389699375.0,-25.34804
1389699531.25,-25.3436
1389699687.5,-25.34489
1389699843.75,-25.33863
1389700000.0,-25.33898
1389700156.25,-25.33571
1389700312.5,-25.33537
1389700468.75,-25.33295
1389700625.0,-25.32857
1389700781.25,-25.33004
1389700937.5,-25.3238
1389701093.75,-25.32465
1389701250.0,-25.3204
1389701406.25,-25.32029
1389701562.5,-25.31517
1389701718.75,-25.31349
1389701875.0,-25.31219
1389702031.25,-25.31299
1389702187.5,-25.30759
1389702343.75,-25.306
1389702500.0,-25.30362
1389702656.25,-25.30148
1389702812.5,-25.30193
1389702968.75,-25.29492
1389703125.0,-25.29499
1389703281.25,-25.29264
1389703437.5,-25.28868
1389703593.75,-25.2874
1389703750.0,-25.28634
1389703906.25,-25.28532
1389704062.5,-25.28245
1389704218.75,-25.28213
1389704375.0,-25.27797
1389704531.25,-25.27829
1389704687.5,-25.27123
1389704843.75,-25.27345
1389705000.0,-25.27023
1389705156.25,-25.2678
1389705312.5,-25.26225
1389705468.75,-25.26334
1389705625.0,-25.26168
1389705781.25,-25.25999
1389705937.5,-25.25572
1389706093.75,-25.25406
1389706250.0,-25.25257
1389706406.25,-25.2499
1389706562.5,-25.2464
1389706718.75,-25.24541
1389706875.0,-25.24391
1389707031.25,-25.24
1389707187.5,-25.24095
1389707343.75,-25.23548
1389707500.0,-25.23539
1389707656.25,-25.23396
1389707812.5,-25.23115
1389707968.75,-25.22727
1389708125.0,-25.22673
1389708281.25,-25.22396
1389708437.5,-25.22098
1389708593.75,-25.21882
1389708750.0,-25.21771
1389708906.25,-25.21367
1389709062.5,-25.21256
1389709218.75,-25.21061
1389709375.0,-25.20754
1389709531.25,-25.2079
1389709687.5,-25.20466
1389709843.75,-25.20292
1389710000.0,-25.20131
1389710156.25,-25.19638
1389710312.5,-25.19723
1389710468.75,-25.19453
1389710625.0,-25.19037
1389710781.25,-25.18881
1389710937.5,-25.18785
1389711093.75,-25.18476
1389711250.0,-25.18165
1389711406.25,-25.17795
1389711562.5,-25.17592
1389711718.75,-25.17565
1389711875.0,-25.17381
1389712031.25,-25.1744
1389712187.5,-25.16539
1389712343.75,-25.16734
1389712500.0,-25.16702
1389712656.25,-25.16101
1389712812.5,-25.16207
1389712968.75,-25.15995
1389713125.0,-25.15816
1389713281.25,-25.15699
1389713437.5,-25.15368
1389713593.75,-25.15057
1389713750.0,-25.1517
1389713906.25,-25.14604
1389714062.5,-25.1419
1389714218.75,-25.14183
1389714375.0,-25.13873
1389714531.25,-25.13837
1389714687.5,-25.13726
1389714843.75,-25.13341
1389715000.0,-25.13094
1389715156.25,-25.12775
1389715312.5,-25.12648
1389715468.75,-25.12415
1389715625.0,-25.11947
1389715781.25,-25.12003
1389715937.5,-25.11704
1389716093.75,-25.11548
1389716250.0,-25.11236
1389716406.25,-25.11242
1389716562.5,-25.10813
1389716718.75,-25.10715
1389716875.0,-25.10418
1389717031.25,-25.10535
1389717187.5,-25.0978
1389717343.75,-25.09837
1389717500.0,-25.09372
1389717656.25,-25.09172
1389717812.5,-25.09004
1389717968.75,-25.08759
1389718125.0,-25.0859
1389718281.25,-25.08297
1389718437.5,-25.08371
1389718593.75,-25.07881
1389718750.0,-25.07739
1389718906.25,-25.07553
1389719062.5,-25.07319
1389719218.75,-25.0714
1389719375.0,-25.06955
1389719531.25,-25.06928
1389719687.5,-25.06297
1389719843.75,-25.0625
1389720000.0,-25.05956
1389720156.25,-25.0575
1389720312.5,-25.05383
1389720468.75,-25.05025
1389720625.0,-25.05128
1389720781.25,-25.04718
1389720937.5,-25.04558
1389721093.75,-25.04568
1389721250.0,-25.04491
1389721406.25,-25.03925
1389721562.5,-25.04199
1389721718.75,-25.03426
1389721875.0,-25.03417
1389722031.25,-25.02947
1389722187.5,-25.03105
1389722343.75,-25.02683
1389722500.0,-25.02544
1389722656.25,-25.02554
1389722812.5,-25.01821
1389722968.75,-25.02042
1389723125.0,-25.01485
1389723281.25,-25.0143
1389723437.5,-25.01365
1389723593.75,-25.01117
1389723750.0,-25.00766
1389723906.25,-25.00684
1389724062.5,-25.00302
1389724218.75,-25.00322
1389724375.0,-24.99701
1389724531.25,-24.99871
1389724687.5,-24.99612
1389724843.75,-24.99249
1389725000.0,-24.99282
1389725156.25,-24.98553
1389725312.5,-24.98685
1389725468.75,-24.98069
1389725625.0,-24.97866
1389725781.25,-24.9791
1389725937.5,-24.97584
1389726093.75,-24.97364
1389726250.0,-24.97275
1389726406.25,-24.96785
1389726562.5,-24.96869
1389726718.75,-24.96335
1389726875.0,-24.96151
1389727031.25,-24.96438
1389727187.5,-24.95584
1389727343.75,-24.95864
1389727500.0,-24.9556
1389727656.25,-24.95227
1389727812.5,-24.95381
1389727968.75,-24.94504
1389728125.0,-24.94572
1389728281.25,-24.94148
1389728437.5,-24.94299
1389728593.75,-24.93881
1389728750.0,-24.9368
1389728906.25,-24.93613
1389729062.5,-24.93164
1389729218.75,-24.92892
1389729375.0,-24.92902
1389729531.25,-24.92642
1389729687.5,-24.92288
1389729843.75,-24.92116
1389730000.0,-24.91957
1389730156.25,-24.91833
1389730312.5,-24.91595
1389730468.75,-24.90971
1389730625.0,-24.91243
1389730781.25,-24.90823
1389730937.5,-24.90356
1389731093.75,-24.90537
1389731250.0,-24.89824
1389731406.25,-24.89793
1389731562.5,-24.8976
1389731718.75,-24.89492
1389731875.0,-24.89337
1389732031.25,-24.89053
1389732187.5,-24.88739
1389732343.75,-24.88643
1389732500.0,-24.88044
1389732656.25,-24.87925
1389732812.5,-24.87786
1389732968.75,-24.87567
1389733125.0,-24.87372
1389733281.25,-24.86954
1389733437.5,-24.87113
1389733593.75,-24.86642
1389733750.0,-24.86271
1389733906.25,-24.86292
1389734062.5,-24.86027
1389734218.75,-24.86023
1389734375.0,-24.85455
1389734531.25,-24.8527
1389734687.5,-24.85176
1389734843.75,-24.851
1389735000.0,-24.84734
1389735156.25,-24.84462
1389735312.5,-24.83915
1389735468.75,-24.83765
1389735625.0,-24.83612
1389735781.25,-24.83566
1389735937.5,-24.83504
1389736093.75,-24.82986
1389736250.0,-24.82611
1389736406.25,-24.82727
1389736562.5,-24.82289
1389736718.75,-24.82249
1389736875.0,-24.82017
1389737031.25,-24.81606
1389737187.5,-24.81562
1389737343.75,-24.81606
1389737500.0,-24.81192
1389737656.25,-24.80818
1389737812.5,-24.81004
1389737968.75,-24.80532
1389738125.0,-24.80374
1389738281.25,-24.80028
1389738437.5,-24.79612
1389738593.75,-24.7933
1389738750.0,-24.79314
1389738906.25,-24.78806
1389739062.5,-24.78806
1389739218.75,-24.78469
1389739375.0,-24.78548
1389739531.25,-24.78207
1389739687.5,-24.77619
1389739843.75,-24.77664
1389740000.0,-24.77414
1389740156.25,-24.77271
1389740312.5,-24.76879
1389740468.75,-24.76976
1389740625.0,-24.76705
1389740781.25,-24.76238
1389740937.5,-24.76334
1389741093.75,-24.75766
1389741250.0,-24.75264
1389741406.25,-24.75411
1389741562.5,-24.74895
1389741718.75,-24.74719
1389741875.0,-24.74769
1389742031.25,-24.74491
1389742187.5,-24.74024
1389742343.75,-24.74105
1389742500.0,-24.73862
1389742656.25,-24.73576
1389742812.5,-24.73296
1389742968.75,-24.73068
1389743125.0,-24.72767
1389743281.25,-24.72741
1389743437.5,-24.72361
1389743593.75,-24.72018
1389743750.0,-24.7181
1389743906.25,-24.71838
1389744062.5,-24.71725
1389744218.75,-24.71289
1389744375.0,-24.71046
1389744531.25,-24.71103
1389744687.5,-24.70652
1389744843.75,-24.70413
1389745000.0,-24.70229
1389745156.25,-24.69641
1389745312.5,-24.69793
1389745468.75,-24.69594
1389745625.0,-24.69325
1389745781.25,-24.6906
1389745937.5,-24.6871
1389746093.75,-24.68566
1389746250.0,-24.68498
1389746406.25,-24.67847
1389746562.5,-24.67824
1389746718.75,-24.67356
1389746875.0,-24.67549
1389747031.25,-24.66906
1389747187.5,-24.67058
1389747343.75,-24.66707
1389747500.0,-24.66214
1389747656.25,-24.66119
1389747812.5,-24.65862
1389747968.75,-24.65672
1389748125.0,-24.65856
1389748281.25,-24.65384
1389748437.5,-24.65183
1389748593.75,-24.64895
1389748750.0,-24.6451
1389748906.25,-24.64485
1389749062.5,-24.64087
1389749218.75,-24.63805
1389749375.0,-24.63791
1389749531.25,-24.63421
1389749687.5,-24.6316
1389749843.75,-24.62866
1389750000.0,-24.62929
1389750156.25,-24.6251
1389750312.5,-24.62363
1389750468.75,-24.62129
1389750625.0,-24.61724
1389750781.25,-24.61578
1389750937.5,-24.61291
1389751093.75,-24.61186
1389751250.0,-24.60601
1389751406.25,-24.60781
1389751562.5,-24.60723
1389751718.75,-24.60361
1389751875.0,-24.59848
1389752031.25,-24.59694
1389752187.5,-24.5952
1389752343.75,-24.5929
1389752500.0,-24.58981
1389752656.25,-24.58857
1389752812.5,-24.58809
1389752968.75,-24.58347
1389753125.0,-24.58291
1389753281.25,-24.57956
1389753437.5,-24.57905
1389753593.75,-24.57162
1389753750.0,-24.57463
1389753906.25,-24.56978
1389754062.5,-24.5696
1389754218.75,-24.56087
1389754375.0,-24.55899
1389754531.25,-24.56072
1389754687.5,-24.55844
1389754843.75,-24.5526
1389755000.0,-24.55621
1389755156.25,-24.55171
1389755312.5,-24.54972
1389755468.75,-24.54702
1389755625.0,-24.54491
1389755781.25,-24.54377
1389755937.5,-24.53949
1389756093.75,-24.53797
1389756250.0,-24.53588
1389756406.25,-24.53365
1389756562.5,-24.53011
1389756718.75,-24.52726
1389756875.0,-24.52542
1389757031.25,-24.52842
1389757187.5,-24.52091
1389757343.75,-24.51816
1389757500.0,-24.5186
1389757656.25,-24.51241
1389757812.5,-24.5113
1389757968.75,-24.51117
1389758125.0,-24.50765
1389758281.25,-24.50542
1389758437.5,-24.49954
1389758593.75,-24.50036
1389758750.0,-24.5005
1389758906.25,-24.49595
1389759062.5,-24.49283
1389759218.75,-24.49166
1389759375.0,-24.48729
1389759531.25,-24.48811
1389759687.5,-24.48299
1389759843.75,-24.47952
1389760000.0,-24.47988
1389760156.25,-24.47287
1389760312.5,-24.47469
1389760468.75,-24.47403
1389760625.0,-24.47169
1389760781.25,-24.46808
1389760937.5,-24.46508
1389761093.75,-24.4648
1389761250.0,-24.46093
1389761406.25,-24.45785
1389761562.5,-24.45447
1389761718.75,-24.45393
1389761875.0,-24.44944
1389762031.25,-24.44612
1389762187.5,-24.44617
1389762343.75,-24.44171
1389762500.0,-24.44011
1389762656.25,-24.43749
1389762812.5,-24.43763
1389762968.75,-24.43398
1389763125.0,-24.43205
1389763281.25,-24.4304
1389763437.5,-24.42774
1389763593.75,-24.42425
1389763750.0,-24.42052
1389763906.25,-24.42179
1389764062.5,-24.41878
1389764218.75,-24.41504
1389764375.0,-24.41267
1389764531.25,-24.41007
1389764687.5,-24.41218
1389764843.75,-24.40239
1389765000.0,-24.40678
1389765156.25,-24.40467
1389765312.5,-24.39948
1389765468.75,-24.39556
1389765625.0,-24.39444
1389765781.25,-24.38989
1389765937.5,-24.39059
1389766093.75,-24.38958
1389766250.0,-24.38507
1389766406.25,-24.38153
1389766562.5,-24.38182
1389766718.75,-24.37765
1389766875.0,-24.37522
1389767031.25,-24.37355
1389767187.5,-24.3709
1389767343.75,-24.36695
1389767500.0,-24.3653
1389767656.25,-24.36339
1389767812.5,-24.3612
1389767968.75,-24.35781
1389768125.0,-24.35613
1389768281.25,-24.3541
1389768437.5,-24.35401
1389768593.75,-24.35083
1389768750.0,-24.34641
1389768906.25,-24.34358
1389769062.5,-24.34317
1389769218.75,-24.34101
1389769375.0,-24.33948
1389769531.25,-24.33571
1389769687.5,-24.33129
1389769843.75,-24.33024
1389770000.0,-24.3305
1389770156.25,-24.32193
1389770312.5,-24.32191
1389770468.75,-24.32181
1389770625.0,-24.31702
1389770781.25,-24.31564
1389770937.5,-24.31552
1389771093.75,-24.31235
1389771250.0,-24.31056
1389771406.25,-24.30708
1389771562.5,-24.30467
1389771718.75,-24.30256
1389771875.0,-24.30012
1389772031.25,-24.29651
1389772187.5,-24.29766
1389772343.75,-24.29281
1389772500.0,-24.28988
1389772656.25,-24.28728
1389772812.5,-24.28394
1389772968.75,-24.28201
1389773125.0,-24.28053
1389773281.25,-24.27984
1389773437.5,-24.27521
1389773593.75,-24.27509
1389773750.0,-24.2683
1389773906.25,-24.26673
1389774062.5,-24.26633
1389774218.75,-24.26248
1389774375.0,-24.26208
1389774531.25,-24.25949
1389774687.5,-24.2558
1389774843.75,-24.25083
1389775000.0,-24.24945
1389775156.25,-24.2495
1389775312.5,-24.24893
1389775468.75,-24.24758
1389775625.0,-24.2421
1389775781.25,-24.24188
1389775937.5,-24.23513
1389776093.75,-24.2329
1389776250.0,-24.23467
1389776406.25,-24.22808
1389776562.5,-24.2257
1389776718.75,-24.22435
1389776875.0,-24.21908
1389777031.25,-24.22301
1389777187.5,-24.21963
1389777343.75,-24.21546
1389777500.0,-24.21239
1389777656.25,-24.21037
1389777812.5,-24.20832
1389777968.75,-24.20724
1389778125.0,-24.20585
1389778281.25,-24.20102
1389778437.5,-24.19948
1389778593.75,-24.19655
1389778750.0,-24.19689
1389778906.25,-24.18959
1389779062.5,-24.18932
1389779218.75,-24.18659
1389779375.0,-24.1842
1389779531.25,-24.18003
1389779687.5,-24.17714
1389779843.75,-24.17439
1389780000.0,-24.17475
1389780156.25,-24.17076
1389780312.5,-24.16792
1389780468.75,-24.16725
1389780625.0,-24.16931
1389780781.25,-24.16269
1389780937.5,-24.15771
1389781093.75,-24.15809
1389781250.0,-24.15482
1389781406.25,-24.15563
1389781562.5,-24.15213
1389781718.75,-24.14973
1389781875.0,-24.14889
1389782031.25,-24.14482
1389782187.5,-24.14075
1389782343.75,-24.13954
1389782500.0,-24.1339
1389782656.25,-24.13408
1389782812.5,-24.13274
1389782968.75,-24.12735
1389783125.0,-24.12567
1389783281.25,-24.12342
1389783437.5,-24.12129
1389783593.75,-24.11943
1389783750.0,-24.1158
1389783906.25,-24.11576
1389784062.5,-24.11177
1389784218.75,-24.10661
1389784375.0,-24.10553
1389784531.25,-24.10254
1389784687.5,-24.10158
1389784843.75,-24.09905
1389785000.0,-24.09722
1389785156.25,-24.09562
1389785312.5,-24.09251
1389785468.75,-24.08931
1389785625.0,-24.08733
1389785781.25,-24.08395
1389785937.5,-24.08412
1389786093.75,-24.07955
1389786250.0,-24.07756
1389786406.25,-24.07414
1389786562.5,-24.06977
1389786718.75,-24.06882
1389786875.0,-24.06753
1389787031.25,-24.06289
1389787187.5,-24.06247
1389787343.75,-24.05886
1389787500.0,-24.05939
1389787656.25,-24.05569
1389787812.5,-24.05056
1389787968.75,-24.05231
1389788125.0,-24.04618
1389788281.25,-24.04305
1389788437.5,-24.04127
1389788593.75,-24.03763
1389788750.0,-24.03612
1389788906.25,-24.03645
1389789062.5,-24.03543
1389789218.75,-24.02973
1389789375.0,-24.02765
1389789531.25,-24.02491
1389789687.5,-24.02126
1389789843.75,-24.02219
1389790000.0,-24.01805
1389790156.25,-24.01544
1389790312.5,-24.01214
1389790468.75,-24.01233
1389790625.0,-24.00743
1389790781.25,-24.00567
1389790937.5,-24.00199
1389791093.75,-24.00082
1389791250.0,-23.99803
1389791406.25,-23.99493
1389791562.5,-23.99387
1389791718.75,-23.98984
1389791875.0,-23.98923
1389792031.25,-23.98665
1389792187.5,-23.98426
1389792343.75,-23.97975
1389792500.0,-23.97712
1389792656.25,-23.97417
1389792812.5,-23.97341
1389792968.75,-23.97097
1389793125.0,-23.97151
1389793281.25,-23.96725
1389793437.5,-23.96313
1389793593.75,-23.9627
1389793750.0,-23.96003
1389793906.25,-23.95709
1389794062.5,-23.95462
1389794218.75,-23.95274
1389794375.0,-23.94903
1389794531.25,-23.94513
1389794687.5,-23.94466
1389794843.75,-23.94333
1389795000.0,-23.94033
1389795156.25,-23.93946
1389795312.5,-23.93486
1389795468.75,-23.9318
1389795625.0,-23.93071
1389795781.25,-23.92875
1389795937.5,-23.9229
1389796093.75,-23.92045
1389796250.0,-23.92105
1389796406.25,-23.91837
1389796562.5,-23.91305
1389796718.75,-23.91104
1389796875.0,-23.91238
1389797031.25,-23.90584
1389797187.5,-23.90578
1389797343.75,-23.90081
1389797500.0,-23.89872
1389797656.25,-23.89828
1389797812.5,-23.89181
1389797968.75,-23.89247
1389798125.0,-23.88919
1389798281.25,-23.88801
1389798437.5,-23.88261
1389798593.75,-23.88202
1389798750.0,-23.88135
1389798906.25,-23.87593
1389799062.5,-23.87554
1389799218.75,-23.87074
1389799375.0,-23.8698
1389799531.25,-23.86796
1389799687.5,-23.86613
1389799843.75,-23.86222
1389800000.0,-23.86149
1389800156.25,-23.85568
1389800312.5,-23.85604
1389800468.75,-23.85112
1389800625.0,-23.84963
1389800781.25,-23.84642
1389800937.5,-23.84571
1389801093.75,-23.84148
1389801250.0,-23.83895
1389801406.25,-23.83947
1389801562.5,-23.83424
1389801718.75,-23.8332
1389801875.0,-23.82801
1389802031.25,-23.82874
1389802187.5,-23.82496
1389802343.75,-23.82433
1389802500.0,-23.8175
1389802656.25,-23.81446
1389802812.5,-23.81256
1389802968.75,-23.81405
1389803125.0,-23.80799
1389803281.25,-23.80525
1389803437.5,-23.80472
1389803593.75,-23.802
1389803750.0,-23.79745
1389803906.25,-23.79607
1389804062.5,-23.79398
1389804218.75,-23.79135
1389804375.0,-23.79093
1389804531.25,-23.78255
1389804687.5,-23.78533
1389804843.75,-23.7817
1389805000.0,-23.78007
1389805156.25,-23.77675
1389805312.5,-23.7738
1389805468.75,-23.77171
1389805625.0,-23.76792
1389805781.25,-23.76452
1389805937.5,-23.76507
1389806093.75,-23.75954
1389806250.0,-23.75759
1389806406.25,-23.75778
1389806562.5,-23.75616
1389806718.75,-23.75222
1389806875.0,-23.74815
1389807031.25,-23.74504
1389807187.5,-23.74174
1389807343.75,-23.7396
1389807500.0,-23.74026
1389807656.25,-23.73531
1389807812.5,-23.73277
1389807968.75,-23.73355
1389808125.0,-23.72895
1389808281.25,-23.72792
1389808437.5,-23.72345
1389808593.75,-23.71787
1389808750.0,-23.71671
1389808906.25,-23.71652
1389809062.5,-23.71673
1389809218.75,-23.71083
1389809375.0,-23.70988
1389809531.25,-23.70515
1389809687.5,-23.70195
1389809843.75,-23.70298
1389810000.0,-23.6974
1389810156.25,-23.69622
1389810312.5,-23.69323
1389810468.75,-23.69219
1389810625.0,-23.68812
1389810781.25,-23.68636
1389810937.5,-23.68471
1389811093.75,-23.67912
1389811250.0,-23.67926
1389811406.25,-23.67402
1389811562.5,-23.67202
1389811718.75,-23.66912
1389811875.0,-23.66746
1389812031.25,-23.66638
1389812187.5,-23.66289
1389812343.75,-23.66131
1389812500.0,-23.65631
1389812656.25,-23.65591
1389812812.5,-23.65359
1389812968.75,-23.64903
1389813125.0,-23.64642
1389813281.25,-23.64401
1389813437.5,-23.64009
1389813593.75,-23.63909
1389813750.0,-23.63652
1389813906.25,-23.63362
1389814062.5,-23.63223
1389814218.75,-23.63119
1389814375.0,-23.62444
1389814531.25,-23.62476
1389814687.5,-23.62313
1389814843.75,-23.62013
1389815000.0,-23.61691
1389815156.25,-23.61345
1389815312.5,-23.61066
1389815468.75,-23.60889
1389815625.0,-23.60406
1389815781.25,-23.60312
1389815937.5,-23.60106
1389816093.75,-23.59755
1389816250.0,-23.59544
1389816406.25,-23.59451
1389816562.5,-23.59066
1389816718.75,-23.58511
1389816875.0,-23.58654
1389817031.25,-23.58019
1389817187.5,-23.58191
1389817343.75,-23.57751
1389817500.0,-23.5759
1389817656.25,-23.57303
1389817812.5,-23.5685
1389817968.75,-23.5666
1389818125.0,-23.56312
1389818281.25,-23.56323
1389818437.5,-23.55795
1389818593.75,-23.55697
1389818750.0,-23.5556
1389818906.25,-23.55173
1389819062.5,-23.54762
1389819218.75,-23.54708
1389819375.0,-23.54218
1389819531.25,-23.54036
1389819687.5,-23.53674
1389819843.75,-23.53461
1389820000.0,-23.53305
1389820156.25,-23.52981
1389820312.5,-23.52872
1389820468.75,-23.52684
1389820625.0,-23.52279
1389820781.25,-23.52094
1389820937.5,-23.51857
1389821093.75,-23.51388
1389821250.0,-23.51138
1389821406.25,-23.50669
1389821562.5,-23.50258
1389821718.75,-23.5074
1389821875.0,-23.50112
1389822031.25,-23.5015
1389822187.5,-23.49523
1389822343.75,-23.49491
1389822500.0,-23.49233
1389822656.25,-23.49055
1389822812.5,-23.48896
1389822968.75,-23.48573
1389823125.0,-23.48264
1389823281.25,-23.47669
1389823437.5,-23.47674
1389823593.75,-23.47364
1389823750.0,-23.46993
1389823906.25,-23.46813
1389824062.5,-23.46667
1389824218.75,-23.46397
1389824375.0,-23.45818
1389824531.25,-23.45752
1389824687.5,-23.4576
1389824843.75,-23.45165
1389825000.0,-23.45177
1389825156.25,-23.44605
1389825312.5,-23.44369
1389825468.75,-23.44097
1389825625.0,-23.44008
1389825781.25,-23.43905
1389825937.5,-23.43309
1389826093.75,-23.42929
1389826250.0,-23.42869
1389826406.25,-23.42493
1389826562.5,-23.42385
1389826718.75,-23.42098
1389826875.0,-23.41678
1389827031.25,-23.41527
1389827187.5,-23.41296
1389827343.75,-23.41304
1389827500.0,-23.4083
1389827656.25,-23.40499
1389827812.5,-23.40261
1389827968.75,-23.40287
1389828125.0,-23.39705
1389828281.25,-23.39408
1389828437.5,-23.3939
1389828593.75,-23.38831
1389828750.0,-23.38703
1389828906.25,-23.38387
1389829062.5,-23.38112
1389829218.75,-23.38059
1389829375.0,-23.3751
1389829531.25,-23.37463
1389829687.5,-23.37317
1389829843.75,-23.37008
1389830000.0,-23.36811
1389830156.25,-23.36369
1389830312.5,-23.36027
1389830468.75,-23.35925
1389830625.0,-23.35403
1389830781.25,-23.35512
1389830937.5,-23.35055
1389831093.75,-23.34512
1389831250.0,-23.34754
1389831406.25,-23.34393
1389831562.5,-23.33974
1389831718.75,-23.3401
1389831875.0,-23.33698
1389832031.25,-23.33509
1389832187.5,-23.32873
1389832343.75,-23.32768
1389832500.0,-23.32404
1389832656.25,-23.32105
1389832812.5,-23.32099
1389832968.75,-23.31567
1389833125.0,-23.31441
1389833281.25,-23.31046
1389833437.5,-23.30834
1389833593.75,-23.30799
1389833750.0,-23.30437
1389833906.25,-23.29858
1389834062.5,-23.29521
1389834218.75,-23.29507
1389834375.0,-23.28979
1389834531.25,-23.29075
1389834687.5,-23.28672
1389834843.75,-23.28238
1389835000.0,-23.28111
1389835156.25,-23.27756
1389835312.5,-23.27689
1389835468.75,-23.27143
1389835625.0,-23.26812
1389835781.25,-23.26835
1389835937.5,-23.26742
1389836093.75,-23.2613
1389836250.0,-23.26183
1389836406.25,-23.25513
1389836562.5,-23.25553
1389836718.75,-23.25018
1389836875.0,-23.2495
1389837031.25,-23.24767
1389837187.5,-23.24426
1389837343.75,-23.24167
1389837500.0,-23.23847
1389837656.25,-23.23539
1389837812.5,-23.23376
1389837968.75,-23.23105
1389838125.0,-23.22776
1389838281.25,-23.22284
1389838437.5,-23.22297
1389838593.75,-23.21846
1389838750.0,-23.21887
1389838906.25,-23.21541
1389839062.5,-23.21193
1389839218.75,-23.20866
1389839375.0,-23.20706
1389839531.25,-23.20428
1389839687.5,-23.2014
1389839843.75,-23.19815
1389840000.0,-23.19628
1389840156.25,-23.19319
1389840312.5,-23.19176
1389840468.75,-23.18584
1389840625.0,-23.18581
1389840781.25,-23.18162
1389840937.5,-23.17987
1389841093.75,-23.1783
1389841250.0,-23.17432
1389841406.25,-23.17072
1389841562.5,-23.1708
1389841718.75,-23.16686
1389841875.0,-23.16302
1389842031.25,-23.16241
1389842187.5,-23.15942
1389842343.75,-23.15654
1389842500.0,-23.15457
1389842656.25,-23.15073
1389842812.5,-23.14612
1389842968.75,-23.14296
1389843125.0,-23.1421
1389843281.25,-23.13746
1389843437.5,-23.13359
1389843593.75,-23.13404
1389843750.0,-23.13093
1389843906.25,-23.12734
1389844062.5,-23.12787
1389844218.75,-23.12549
1389844375.0,-23.11987
1389844531.25,-23.11542
1389844687.5,-23.11676
1389844843.75,-23.11361
1389845000.0,-23.10751
1389845156.25,-23.10573
1389845312.5,-23.10374
1389845468.75,-23.1016
1389845625.0,-23.09904
1389845781.25,-23.09768
1389845937.5,-23.09383
1389846093.75,-23.09008
1389846250.0,-23.08613
1389846406.25,-23.08369
1389846562.5,-23.08252
1389846718.75,-23.07984
1389846875.0,-23.07658
1389847031.25,-23.07249
1389847187.5,-23.07025
1389847343.75,-23.0672
1389847500.0,-23.06609
1389847656.25,-23.06504
1389847812.5,-23.06106
1389847968.75,-23.05827
1389848125.0,-23.05758
1389848281.25,-23.05109
1389848437.5,-23.04846
1389848593.75,-23.04652
1389848750.0,-23.04645
1389848906.25,-23.03978
1389849062.5,-23.03777
1389849218.75,-23.03703
1389849375.0,-23.03004
1389849531.25,-23.02866
1389849687.5,-23.02827
1389849843.75,-23.02527
1389850000.0,-23.02216
1389850156.25,-23.01879
1389850312.5,-23.01675
1389850468.75,-23.0144
1389850625.0,-23.00933
1389850781.25,-23.01047
1389850937.5,-23.00404
1389851093.75,-23.00366
1389851250.0,-23.00138
1389851406.25,-22.9962
1389851562.5,-22.99799
1389851718.75,-22.99331
1389851875.0,-22.98827
1389852031.25,-22.98739
1389852187.5,-22.98425
1389852343.75,-22.98092
1389852500.0,-22.97836
1389852656.25,-22.9763
1389852812.5,-22.97301
1389852968.75,-22.9713
1389853125.0,-22.96539
1389853281.25,-22.96393
1389853437.5,-22.96248
1389853593.75,-22.96054
1389853750.0,-22.95428
1389853906.25,-22.95529
1389854062.5,-22.95251
1389854218.75,-22.94762
1389854375.0,-22.94603
1389854531.25,-22.94579
1389854687.5,-22.93907
1389854843.75,-22.93799
1389855000.0,-22.93345
1389855156.25,-22.93004
1389855312.5,-22.92853
1389855468.75,-22.92558
1389855625.0,-22.92522
1389855781.25,-22.92187
1389855937.5,-22.91815
1389856093.75,-22.91287
1389856250.0,-22.91153
1389856406.25,-22.90895
1389856562.5,-22.90592
1389856718.75,-22.90513
1389856875.0,-22.90172
1389857031.25,-22.90057
1389857187.5,-22.89586
1389857343.75,-22.89355
1389857500.0,-22.89013
1389857656.25,-22.88572
1389857812.5,-22.88559
1389857968.75,-22.88193
1389858125.0,-22.87892
1389858281.25,-22.87693
1389858437.5,-22.87663
1389858593.75,-22.87072
1389858750.0,-22.86969
1389858906.25,-22.86568
1389859062.5,-22.8633
1389859218.75,-22.86008
1389859375.0,-22.85692
1389859531.25,-22.85358
1389859687.5,-22.84963
1389859843.75,-22.84925
1389860000.0,-22.84646
1389860156.25,-22.84421
1389860312.5,-22.84033
1389860468.75,-22.83879
1389860625.0,-22.83361
1389860781.25,-22.83131
1389860937.5,-22.82822
1389861093.75,-22.82788
1389861250.0,-22.82305
1389861406.25,-22.8219
1389861562.5,-22.81746
1389861718.75,-22.81442
1389861875.0,-22.81106
1389862031.25,-22.81107
1389862187.5,-22.81058
1389862343.75,-22.80324
1389862500.0,-22.80015
1389862656.25,-22.79762
1389862812.5,-22.7976
1389862968.75,-22.79322
1389863125.0,-22.79098
1389863281.25,-22.7876
1389863437.5,-22.7857
1389863593.75,-22.78244
1389863750.0,-22.77843
1389863906.25,-22.77605
1389864062.5,-22.77433
1389864218.75,-22.76893
1389864375.0,-22.76882
1389864531.25,-22.76308
1389864687.5,-22.76116
1389864843.75,-22.75908
1389865000.0,-22.75915
1389865156.25,-22.7522
1389865312.5,-22.75048
1389865468.75,-22.75021
1389865625.0,-22.74556
1389865781.25,-22.74324
1389865937.5,-22.73837
1389866093.75,-22.73853
1389866250.0,-22.73329
1389866406.25,-22.73291
1389866562.5,-22.72829
1389866718.75,-22.7231
1389866875.0,-22.72129
1389867031.25,-22.71982
1389867187.5,-22.71791
1389867343.75,-22.71283
1389867500.0,-22.71279
1389867656.25,-22.7094
1389867812.5,-22.70106
1389867968.75,-22.70236
1389868125.0,-22.69835
1389868281.25,-22.69875
1389868437.5,-22.69499
1389868593.75,-22.69232
1389868750.0,-22.68973
1389868906.25,-22.68531
1389869062.5,-22.67981
1389869218.75,-22.67879
1389869375.0,-22.67688
1389869531.25,-22.67532
1389869687.5,-22.67146
1389869843.75,-22.66967
1389870000.0,-22.6671
1389870156.25,-22.66261
1389870312.5,-22.66187
1389870468.75,-22.65955
1389870625.0,-22.65526
1389870781.25,-22.6502
1389870937.5,-22.64856
1389871093.75,-22.64677
1389871250.0,-22.64204
1389871406.25,-22.63972
1389871562.5,-22.63739
1389871718.75,-22.63604
1389871875.0,-22.63106
1389872031.25,-22.62699
1389872187.5,-22.62524
1389872343.75,-22.62254
1389872500.0,-22.62154
1389872656.25,-22.61612
1389872812.5,-22.61623
1389872968.75,-22.61182
1389873125.0,-22.60707
1389873281.25,-22.60571
1389873437.5,-22.60317
1389873593.75,-22.60159
1389873750.0,-22.59797
1389873906.25,-22.596
1389874062.5,-22.59497
1389874218.75,-22.58766
1389874375.0,-22.58537
1389874531.25,-22.5853
1389874687.5,-22.58122
1389874843.75,-22.57701
1389875000.0,-22.57373
1389875156.25,-22.57325
1389875312.5,-22.56824
1389875468.75,-22.56698
1389875625.0,-22.56245
1389875781.25,-22.56104
1389875937.5,-22.55855
1389876093.75,-22.55288
1389876250.0,-22.55008
1389876406.25,-22.55046
1389876562.5,-22.54581
1389876718.75,-22.54213
1389876875.0,-22.53829
1389877031.25,-22.53941
1389877187.5,-22.53529
1389877343.75,-22.53162
1389877500.0,-22.53023
1389877656.25,-22.52291
1389877812.5,-22.52134
1389877968.75,-22.51909
1389878125.0,-22.51848
1389878281.25,-22.51342
1389878437.5,-22.51027
1389878593.75,-22.50882
1389878750.0,-22.50503
1389878906.25,-22.50322
1389879062.5,-22.49801
1389879218.75,-22.4984
1389879375.0,-22.49349
1389879531.25,-22.49175
1389879687.5,-22.48977
1389879843.75,-22.48685
1389880000.0,-22.48537
1389880156.25,-22.47926
1389880312.5,-22.47693
1389880468.75,-22.47355
1389880625.0,-22.47161
1389880781.25,-22.46968
1389880937.5,-22.46586
1389881093.75,-22.46004
1389881250.0,-22.45972
1389881406.25,-22.45508
1389881562.5,-22.45326
1389881718.75,-22.45168
1389881875.0,-22.44653
1389882031.25,-22.44459
1389882187.5,-22.44314
1389882343.75,-22.43813
1389882500.0,-22.43612
1389882656.25,-22.43343
1389882812.5,-22.43108
1389882968.75,-22.4265
1389883125.0,-22.42555
1389883281.25,-22.42054
1389883437.5,-22.42053
1389883593.75,-22.41623
1389883750.0,-22.41279
1389883906.25,-22.40904
1389884062.5,-22.40763
1389884218.75,-22.40673
1389884375.0,-22.40186
1389884531.25,-22.40112
1389884687.5,-22.39718
1389884843.75,-22.39134
1389885000.0,-22.39118
1389885156.25,-22.38786
1389885312.5,-22.38578
1389885468.75,-22.38122
1389885625.0,-22.37668
1389885781.25,-22.37589
1389885937.5,-22.37259
1389886093.75,-22.36886
1389886250.0,-22.36403
1389886406.25,-22.36522
1389886562.5,-22.36263
1389886718.75,-22.36053
1389886875.0,-22.3563
1389887031.25,-22.35196
1389887187.5,-22.34969
1389887343.75,-22.34402
1389887500.0,-22.34473
1389887656.25,-22.34006
1389887812.5,-22.33797
1389887968.75,-22.33417
1389888125.0,-22.32941
1389888281.25,-22.32927
1389888437.5,-22.32459
1389888593.75,-22.32305
1389888750.0,-22.31879
1389888906.25,-22.31714
1389889062.5,-22.31486
1389889218.75,-22.31232
1389889375.0,-22.30975
1389889531.25,-22.30597
1389889687.5,-22.30221
1389889843.75,-22.3
1389890000.0,-22.29719
1389890156.25,-22.29152
1389890312.5,-22.28719
1389890468.75,-22.28635
1389890625.0,-22.28633
1389890781.25,-22.28097
1389890937.5,-22.27622
1389891093.75,-22.27731
1389891250.0,-22.27473
1389891406.25,-22.26935
1389891562.5,-22.26691
1389891718.75,-22.26598
1389891875.0,-22.26002
1389892031.25,-22.26084
1389892187.5,-22.25711
1389892343.75,-22.25487
1389892500.0,-22.24611
1389892656.25,-22.24514
1389892812.5,-22.24324
1389892968.75,-22.23848
1389893125.0,-22.2387
1389893281.25,-22.23448
1389893437.5,-22.23086
1389893593.75,-22.22824
1389893750.0,-22.22367
1389893906.25,-22.22091
1389894062.5,-22.21988
1389894218.75,-22.21643
1389894375.0,-22.21231
1389894531.25,-22.20809
1389894687.5,-22.20436
1389894843.75,-22.20172
1389895000.0,-22.19892
1389895156.25,-22.20014
1389895312.5,-22.194
1389895468.75,-22.19245
1389895625.0,-22.18805
1389895781.25,-22.1876
1389895937.5,-22.18384
1389896093.75,-22.17997
1389896250.0,-22.17785
1389896406.25,-22.17652
1389896562.5,-22.17132
1389896718.75,-22.1682
1389896875.0,-22.16368
1389897031.25,-22.16252
1389897187.5,-22.15826
1389897343.75,-22.15626
1389897500.0,-22.15503
1389897656.25,-22.15037
1389897812.5,-22.14748
1389897968.75,-22.14336
1389898125.0,-22.14187
1389898281.25,-22.13822
1389898437.5,-22.13654
1389898593.75,-22.13216
1389898750.0,-22.12985
1389898906.25,-22.12749
1389899062.5,-22.12368
1389899218.75,-22.12051
1389899375.0,-22.11606
1389899531.25,-22.11661
1389899687.5,-22.11163
1389899843.75,-22.10721
1389900000.0,-22.10602
1389900156.25,-22.10088
1389900312.5,-22.09974
1389900468.75,-22.09663
1389900625.0,-22.09403
1389900781.25,-22.09206
1389900937.5,-22.08813
1389901093.75,-22.08632
1389901250.0,-22.07865
1389901406.25,-22.0763
1389901562.5,-22.07626
1389901718.75,-22.07323
1389901875.0,-22.0705
1389902031.25,-22.06793
1389902187.5,-22.06314
1389902343.75,-22.06058
1389902500.0,-22.0587
1389902656.25,-22.05448
1389902812.5,-22.05123
1389902968.75,-22.04916
1389903125.0,-22.04553
1389903281.25,-22.0392
1389903437.5,-22.03776
1389903593.75,-22.03433
1389903750.0,-22.03371
1389903906.25,-22.03257
1389904062.5,-22.03002
1389904218.75,-22.02468
1389904375.0,-22.02143
1389904531.25,-22.01782
1389904687.5,-22.01518
1389904843.75,-22.01114
1389905000.0,-22.01065
1389905156.25,-22.00573
1389905312.5,-22.00238
1389905468.75,-21.99958
1389905625.0,-21.99663
1389905781.25,-21.99388
1389905937.5,-21.99133
1389906093.75,-21.98884
1389906250.0,-21.98487
1389906406.25,-21.98332
1389906562.5,-21.97809
1389906718.75,-21.97733
1389906875.0,-21.97373
1389907031.25,-21.96805
1389907187.5,-21.96746
1389907343.75,-21.96308
1389907500.0,-21.95788
1389907656.25,-21.95639
1389907812.5,-21.95548
1389907968.75,-21.95327
1389908125.0,-21.94586
1389908281.25,-21.94512
1389908437.5,-21.94284
1389908593.75,-21.93951
1389908750.0,-21.93584
1389908906.25,-21.93481
1389909062.5,-21.92933
1389909218.75,-21.92582
1389909375.0,-21.92289
1389909531.25,-21.92084
1389909687.5,-21.91987
1389909843.75,-21.91744
1389910000.0,-21.91195
1389910156.25,-21.90902
1389910312.5,-21.90741
1389910468.75,-21.90046
1389910625.0,-21.9002
1389910781.25,-21.8962
1389910937.5,-21.89236
1389911093.75,-21.88954
1389911250.0,-21.88802
1389911406.25,-21.88363
1389911562.5,-21.88054
1389911718.75,-21.87802
1389911875.0,-21.8744
1389912031.25,-21.8704
1389912187.5,-21.86899
1389912343.75,-21.86598
1389912500.0,-21.86199
1389912656.25,-21.85902
1389912812.5,-21.85855
1389912968.75,-21.85244
1389913125.0,-21.84929
1389913281.25,-21.84803
1389913437.5,-21.84473
1389913593.75,-21.83943
1389913750.0,-21.83803
1389913906.25,-21.83438
1389914062.5,-21.83212
1389914218.75,-21.82976
1389914375.0,-21.82635
1389914531.25,-21.82232
1389914687.5,-21.82151
1389914843.75,-21.81787
1389915000.0,-21.81359
1389915156.25,-21.81218
1389915312.5,-21.80761
1389915468.75,-21.80432
1389915625.0,-21.801
1389915781.25,-21.7972
1389915937.5,-21.79417
1389916093.75,-21.79078
1389916250.0,-21.78897
1389916406.25,-21.78401
1389916562.5,-21.78491
1389916718.75,-21.77934
1389916875.0,-21.77643
1389917031.25,-21.77255
1389917187.5,-21.77074
1389917343.75,-21.76684
1389917500.0,-21.76608
1389917656.25,-21.76335
1389917812.5,-21.75645
1389917968.75,-21.75299
1389918125.0,-21.75319
1389918281.25,-21.74747
1389918437.5,-21.7455
1389918593.75,-21.74038
1389918750.0,-21.73767
1389918906.25,-21.73533
1389919062.5,-21.73257
1389919218.75,-21.72691
1389919375.0,-21.72582
1389919531.25,-21.72456
1389919687.5,-21.71955
1389919843.75,-21.71872
1389920000.0,-21.71449
1389920156.25,-21.71124
1389920312.5,-21.7075
1389920468.75,-21.70314
1389920625.0,-21.70174
1389920781.25,-21.69774
1389920937.5,-21.696
1389921093.75,-21.69185
1389921250.0,-21.68844
1389921406.25,-21.68709
1389921562.5,-21.68378
1389921718.75,-21.6792
1389921875.0,-21.67622
1389922031.25,-21.67309
1389922187.5,-21.67074
1389922343.75,-21.66447
1389922500.0,-21.66427
1389922656.25,-21.65931
1389922812.5,-21.65771
1389922968.75,-21.65319
1389923125.0,-21.64948
1389923281.25,-21.64823
1389923437.5,-21.64278
1389923593.75,-21.64179
1389923750.0,-21.63914
1389923906.25,-21.63745
1389924062.5,-21.63278
1389924218.75,-21.62936
1389924375.0,-21.62396
1389924531.25,-21.62428
1389924687.5,-21.62049
1389924843.75,-21.61637
1389925000.0,-21.61131
1389925156.25,-21.61087
1389925312.5,-21.60778
1389925468.75,-21.60315
1389925625.0,-21.60255
1389925781.25,-21.59711
1389925937.5,-21.59279
1389926093.75,-21.59305
1389926250.0,-21.58923
1389926406.25,-21.5844
1389926562.5,-21.58209
1389926718.75,-21.57744
1389926875.0,-21.57424
1389927031.25,-21.57203
1389927187.5,-21.5682
1389927343.75,-21.56754
1389927500.0,-21.56242
1389927656.25,-21.55984
1389927812.5,-21.55573
1389927968.75,-21.55276
1389928125.0,-21.55073
1389928281.25,-21.54816
1389928437.5,-21.54397
1389928593.75,-21.54197
1389928750.0,-21.53551
1389928906.25,-21.53485
1389929062.5,-21.53151
1389929218.75,-21.52986
1389929375.0,-21.52417
1389929531.25,-21.5217
1389929687.5,-21.51645
1389929843.75,-21.51619
1389930000.0,-21.51125
1389930156.25,-21.51082
1389930312.5,-21.50651
1389930468.75,-21.50215
1389930625.0,-21.49957
1389930781.25,-21.49437
1389930937.5,-21.49229
1389931093.75,-21.48854
1389931250.0,-21.48571
1389931406.25,-21.48327
1389931562.5,-21.48133
1389931718.75,-21.47783
1389931875.0,-21.47371
1389932031.25,-21.47189
1389932187.5,-21.46657
1389932343.75,-21.46581
1389932500.0,-21.46009
1389932656.25,-21.45619
1389932812.5,-21.45411
1389932968.75,-21.45165
1389933125.0,-21.44683
1389933281.25,-21.44777
1389933437.5,-21.44208
1389933593.75,-21.43806
1389933750.0,-21.43728
1389933906.25,-21.43158
1389934062.5,-21.42975
1389934218.75,-21.42697
1389934375.0,-21.42507
1389934531.25,-21.42052
1389934687.5,-21.41577
1389934843.75,-21.41241
1389935000.0,-21.4096
1389935156.25,-21.40778
1389935312.5,-21.4011
1389935468.75,-21.4025
1389935625.0,-21.39592
1389935781.25,-21.39257
1389935937.5,-21.38915
1389936093.75,-21.38656
1389936250.0,-21.38311
1389936406.25,-21.37926
1389936562.5,-21.37831
1389936718.75,-21.37341
1389936875.0,-21.37007
1389937031.25,-21.36744
1389937187.5,-21.36364
1389937343.75,-21.36186
1389937500.0,-21.35748
1389937656.25,-21.35287
1389937812.5,-21.35232
1389937968.75,-21.3477
1389938125.0,-21.34379
1389938281.25,-21.34083
1389938437.5,-21.33752
1389938593.75,-21.33619
1389938750.0,-21.33265
1389938906.25,-21.33023
1389939062.5,-21.32427
1389939218.75,-21.31925
1389939375.0,-21.32078
1389939531.25,-21.31595
1389939687.5,-21.31345
1389939843.75,-21.30956
1389940000.0,-21.30706
1389940156.25,-21.30341
1389940312.5,-21.29817
1389940468.75,-21.29802
1389940625.0,-21.29102
1389940781.25,-21.29009
1389940937.5,-21.28736
1389941093.75,-21.28261
1389941250.0,-21.27865
1389941406.25,-21.27743
1389941562.5,-21.27368
1389941718.75,-21.27013
1389941875.0,-21.26507
1389942031.25,-21.26457
1389942187.5,-21.25908
1389942343.75,-21.25718
1389942500.0,-21.25334
1389942656.25,-21.2517
1389942812.5,-21.24625
1389942968.75,-21.24403
1389943125.0,-21.24109
1389943281.25,-21.23831
1389943437.5,-21.23384
1389943593.75,-21.23018
1389943750.0,-21.22698
1389943906.25,-21.22448
1389944062.5,-21.22112
1389944218.75,-21.21683
1389944375.0,-21.21619
1389944531.25,-21.21313
1389944687.5,-21.20809
1389944843.75,-21.20488
1389945000.0,-21.20334
1389945156.25,-21.19729
1389945312.5,-21.19423
1389945468.75,-21.19039
1389945625.0,-21.18905
1389945781.25,-21.18553
1389945937.5,-21.18043
1389946093.75,-21.1783
1389946250.0,-21.17513
1389946406.25,-21.1723
1389946562.5,-21.16932
1389946718.75,-21.16308
1389946875.0,-21.15953
1389947031.25,-21.15921
1389947187.5,-21.15567
1389947343.75,-21.15132
1389947500.0,-21.14901
1389947656.25,-21.14568
1389947812.5,-21.14206
1389947968.75,-21.1391
1389948125.0,-21.13476
1389948281.25,-21.13103
1389948437.5,-21.1299
1389948593.75,-21.12498
1389948750.0,-21.12181
1389948906.25,-21.11731
1389949062.5,-21.11596
1389949218.75,-21.11272
1389949375.0,-21.10863
1389949531.25,-21.10618
1389949687.5,-21.10164
1389949843.75,-21.09867
1389950000.0,-21.09552
1389950156.25,-21.09239
1389950312.5,-21.08883
1389950468.75,-21.08487
1389950625.0,-21.08253
1389950781.25,-21.08036
1389950937.5,-21.0769
1389951093.75,-21.07092
1389951250.0,-21.0699
1389951406.25,-21.06628
1389951562.5,-21.0604
1389951718.75,-21.05734
1389951875.0,-21.05553
1389952031.25,-21.05279
1389952187.5,-21.0499
1389952343.75,-21.04591
1389952500.0,-21.04332
1389952656.25,-21.0401
1389952812.5,-21.03572
1389952968.75,-21.03056
1389953125.0,-21.03004
1389953281.25,-21.02327
1389953437.5,-21.02175
1389953593.75,-21.01985
1389953750.0,-21.01496
1389953906.25,-21.01083
1389954062.5,-21.00959
1389954218.75,-21.00567
1389954375.0,-21.00368
1389954531.25,-20.99954
1389954687.5,-20.99595
1389954843.75,-20.99159
1389955000.0,-20.98971
1389955156.25,-20.98458
1389955312.5,-20.9825
1389955468.75,-20.97631
1389955625.0,-20.97626
1389955781.25,-20.97023
1389955937.5,-20.96774
1389956093.75,-20.96433
1389956250.0,-20.96067
1389956406.25,-20.95772
1389956562.5,-20.95417
1389956718.75,-20.95182
1389956875.0,-20.9479
1389957031.25,-20.94563
1389957187.5,-20.94284
1389957343.75,-20.93884
1389957500.0,-20.9354
1389957656.25,-20.93045
1389957812.5,-20.9273
1389957968.75,-20.92274
1389958125.0,-20.92085
1389958281.25,-20.91692
1389958437.5,-20.91371
1389958593.75,-20.91112
1389958750.0,-20.90887
1389958906.25,-20.90679
1389959062.5,-20.90172
1389959218.75,-20.89844
1389959375.0,-20.89444
1389959531.25,-20.89192
1389959687.5,-20.88838
1389959843.75,-20.88356
1389960000.0,-20.87996
1389960156.25,-20.87894
1389960312.5,-20.87278
1389960468.75,-20.86914
1389960625.0,-20.86835
1389960781.25,-20.86427
1389960937.5,-20.85966
1389961093.75,-20.85747
1389961250.0,-20.85528
1389961406.25,-20.8513
1389961562.5,-20.84813
1389961718.75,-20.84382
1389961875.0,-20.8392
1389962031.25,-20.83655
1389962187.5,-20.83271
1389962343.75,-20.83063
1389962500.0,-20.82698
1389962656.25,-20.823
1389962812.5,-20.81991
1389962968.75,-20.81688
1389963125.0,-20.81423
1389963281.25,-20.81088
1389963437.5,-20.80583
1389963593.75,-20.80163
1389963750.0,-20.7988
1389963906.25,-20.79651
1389964062.5,-20.7919
1389964218.75,-20.78752
1389964375.0,-20.78769
1389964531.25,-20.78252
1389964687.5,-20.77968
1389964843.75,-20.7756
1389965000.0,-20.77038
1389965156.25,-20.76909
1389965312.5,-20.76614
1389965468.75,-20.76067
1389965625.0,-20.75627
1389965781.25,-20.75652
1389965937.5,-20.75211
1389966093.75,-20.74749
1389966250.0,-20.74588
1389966406.25,-20.74353
1389966562.5,-20.73657
1389966718.75,-20.73555
1389966875.0,-20.72888
1389967031.25,-20.72595
1389967187.5,-20.72396
1389967343.75,-20.71978
1389967500.0,-20.71789
1389967656.25,-20.71186
1389967812.5,-20.71078
1389967968.75,-20.70697
1389968125.0,-20.70476
1389968281.25,-20.7009
1389968437.5,-20.69617
1389968593.75,-20.69313
1389968750.0,-20.68885
1389968906.25,-20.68721
1389969062.5,-20.68445
1389969218.75,-20.67761
1389969375.0,-20.67531
1389969531.25,-20.66973
1389969687.5,-20.66753
1389969843.75,-20.66506
1389970000.0,-20.66058
1389970156.25,-20.6589
1389970312.5,-20.65586
1389970468.75,-20.65182
1389970625.0,-20.64643
1389970781.25,-20.64588
1389970937.5,-20.64005
1389971093.75,-20.63781
1389971250.0,-20.63332
1389971406.25,-20.62947
1389971562.5,-20.62601
1389971718.75,-20.62347
1389971875.0,-20.62029
1389972031.25,-20.61516
1389972187.5,-20.6117
1389972343.75,-20.6131
1389972500.0,-20.60565
1389972656.25,-20.60128
1389972812.5,-20.59924
1389972968.75,-20.59538
1389973125.0,-20.59017
1389973281.25,-20.5883
1389973437.5,-20.58459
1389973593.75,-20.58109
1389973750.0,-20.57787
1389973906.25,-20.57462
1389974062.5,-20.57213
1389974218.75,-20.56587
1389974375.0,-20.56279
1389974531.25,-20.56084
1389974687.5,-20.55594
1389974843.75,-20.5527
1389975000.0,-20.55069
1389975156.25,-20.54789
1389975312.5,-20.54312
1389975468.75,-20.54088
1389975625.0,-20.53559
1389975781.25,-20.53537
1389975937.5,-20.52984
1389976093.75,-20.52423
1389976250.0,-20.52082
1389976406.25,-20.51825
1389976562.5,-20.51328
1389976718.75,-20.51106
1389976875.0,-20.50958
1389977031.25,-20.50311
1389977187.5,-20.50204
1389977343.75,-20.49787
1389977500.0,-20.49302
1389977656.25,-20.49189
1389977812.5,-20.48771
1389977968.75,-20.48406
1389978125.0,-20.48067
1389978281.25,-20.47838
1389978437.5,-20.47138
1389978593.75,-20.46813
1389978750.0,-20.46672
1389978906.25,-20.4636
1389979062.5,-20.45849
1389979218.75,-20.45396
1389979375.0,-20.45175
1389979531.25,-20.44797
1389979687.5,-20.44333
1389979843.75,-20.44003
1389980000.0,-20.43729
1389980156.25,-20.43462
1389980312.5,-20.43026
1389980468.75,-20.42773
1389980625.0,-20.42438
1389980781.25,-20.42114
1389980937.5,-20.41718
1389981093.75,-20.41373
1389981250.0,-20.41016
1389981406.25,-20.40513
1389981562.5,-20.4021
1389981718.75,-20.3997
1389981875.0,-20.39544
1389982031.25,-20.39239
1389982187.5,-20.38793
1389982343.75,-20.38279
1389982500.0,-20.38036
1389982656.25,-20.37817
1389982812.5,-20.37443
1389982968.75,-20.36788
1389983125.0,-20.36632
1389983281.25,-20.36212
1389983437.5,-20.35748
1389983593.75,-20.35637
1389983750.0,-20.35299
1389983906.25,-20.34924
1389984062.5,-20.34664
1389984218.75,-20.3408
1389984375.0,-20.33831
1389984531.25,-20.33393
1389984687.5,-20.33094
1389984843.75,-20.33004
1389985000.0,-20.3232
1389985156.25,-20.31933
1389985312.5,-20.31807
1389985468.75,-20.31389
1389985625.0,-20.30765
1389985781.25,-20.30546
1389985937.5,-20.30263
1389986093.75,-20.29883
1389986250.0,-20.29554
1389986406.25,-20.29204
1389986562.5,-20.28907
1389986718.75,-20.28472
1389986875.0,-20.28108
1389987031.25,-20.27704
1389987187.5,-20.27507
1389987343.75,-20.27018
1389987500.0,-20.26802
1389987656.25,-20.26254
1389987812.5,-20.25917
1389987968.75,-20.25582
1389988125.0,-20.25245
1389988281.25,-20.25042
1389988437.5,-20.24447
1389988593.75,-20.24243
1389988750.0,-20.23935
1389988906.25,-20.23478
1389989062.5,-20.23289
1389989218.75,-20.22839
1389989375.0,-20.22418
1389989531.25,-20.21931
1389989687.5,-20.21659
1389989843.75,-20.21474
1389990000.0,-20.20732
1389990156.25,-20.20634
1389990312.5,-20.20097
1389990468.75,-20.19757
1389990625.0,-20.19455
1389990781.25,-20.18935
1389990937.5,-20.18741
1389991093.75,-20.18395
1389991250.0,-20.18013
1389991406.25,-20.17856
1389991562.5,-20.17346
1389991718.75,-20.17107
1389991875.0,-20.16586
1389992031.25,-20.16301
1389992187.5,-20.15942
1389992343.75,-20.15344
1389992500.0,-20.15068
1389992656.25,-20.1476
1389992812.5,-20.14249
1389992968.75,-20.14124
1389993125.0,-20.13659
1389993281.25,-20.13186
1389993437.5,-20.13114
1389993593.75,-20.12593
1389993750.0,-20.12257
1389993906.25,-20.11851
1389994062.5,-20.11381
1389994218.75,-20.11046
1389994375.0,-20.10659
1389994531.25,-20.10308
1389994687.5,-20.09867
1389994843.75,-20.09629
1389995000.0,-20.0933
1389995156.25,-20.08879
1389995312.5,-20.08372
1389995468.75,-20.08107
1389995625.0,-20.07731
1389995781.25,-20.07382
1389995937.5,-20.06956
1389996093.75,-20.06722
1389996250.0,-20.06444
1389996406.25,-20.05914
1389996562.5,-20.05521
1389996718.75,-20.05256
1389996875.0,-20.05077
1389997031.25,-20.04598
1389997187.5,-20.04421
1389997343.75,-20.03731
1389997500.0,-20.03424
1389997656.25,-20.0326
1389997812.5,-20.027
1389997968.75,-20.0242
1389998125.0,-20.019
1389998281.25,-20.0146
1389998437.5,-20.01175
1389998593.75,-20.00713
1389998750.0,-20.00413
1389998906.25,-20.00065
1389999062.5,-19.99694
1389999218.75,-19.99223
1389999375.0,-19.98996
1389999531.25,-19.98623
1389999687.5,-19.98066
1389999843.75,-19.97844
1390000000.0,-19.9759
1390000156.25,-19.97107
1390000312.5,-19.96807
1390000468.75,-19.96357
1390000625.0,-19.96003
1390000781.25,-19.95646
1390000937.5,-19.95336
1390001093.75,-19.95032
1390001250.0,-19.94568
1390001406.25,-19.94204
1390001562.5,-19.9379
1390001718.75,-19.93441
1390001875.0,-19.93154
1390002031.25,-19.9266
1390002187.5,-19.92348
1390002343.75,-19.91955
1390002500.0,-19.91806
1390002656.25,-19.9111
1390002812.5,-19.90793
1390002968.75,-19.9052
1390003125.0,-19.90212
1390003281.25,-19.89848
1390003437.5,-19.89589
1390003593.75,-19.89017
1390003750.0,-19.8873
1390003906.25,-19.88317
1390004062.5,-19.87774
1390004218.75,-19.87406
1390004375.0,-19.8703
1390004531.25,-19.86732
1390004687.5,-19.86499
1390004843.75,-19.85955
1390005000.0,-19.8564
1390005156.25,-19.85175
1390005312.5,-19.84839
1390005468.75,-19.8462
1390005625.0,-19.84071
1390005781.25,-19.83822
1390005937.5,-19.83441
1390006093.75,-19.8303
1390006250.0,-19.82647
1390006406.25,-19.82363
1390006562.5,-19.81963
1390006718.75,-19.81578
1390006875.0,-19.81243
1390007031.25,-19.80687
1390007187.5,-19.80271
1390007343.75,-19.79988
1390007500.0,-19.79658
1390007656.25,-19.79378
1390007812.5,-19.78848
1390007968.75,-19.78491
1390008125.0,-19.78167
1390008281.25,-19.77833
1390008437.5,-19.77484
1390008593.75,-19.76991
1390008750.0,-19.76683
1390008906.25,-19.76322
1390009062.5,-19.7589
1390009218.75,-19.75489
1390009375.0,-19.7527
1390009531.25,-19.74775
1390009687.5,-19.74273
1390009843.75,-19.74078
1390010000.0,-19.7366
1390010156.25,-19.7319
1390010312.5,-19.72944
1390010468.75,-19.72379
1390010625.0,-19.72252
1390010781.25,-19.71819
1390010937.5,-19.71408
1390011093.75,-19.71044
1390011250.0,-19.70605
1390011406.25,-19.70108
1390011562.5,-19.69809
1390011718.75,-19.69454
1390011875.0,-19.68987
1390012031.25,-19.68635
1390012187.5,-19.68165
1390012343.75,-19.67842
1390012500.0,-19.67599
1390012656.25,-19.67005
1390012812.5,-19.66852
1390012968.75,-19.66466
1390013125.0,-19.66246
1390013281.25,-19.65636
1390013437.5,-19.65467
1390013593.75,-19.64991
1390013750.0,-19.64427
1390013906.25,-19.64084
1390014062.5,-19.63703
1390014218.75,-19.63307
1390014375.0,-19.63123
1390014531.25,-19.62743
1390014687.5,-19.62181
1390014843.75,-19.61913
1390015000.0,-19.61558
1390015156.25,-19.61047
1390015312.5,-19.60839
1390015468.75,-19.60254
1390015625.0,-19.59878
1390015781.25,-19.59734
1390015937.5,-19.59329
1390016093.75,-19.58885
1390016250.0,-19.5845
1390016406.25,-19.58207
1390016562.5,-19.57838
1390016718.75,-19.57556
1390016875.0,-19.56815
1390017031.25,-19.56629
1390017187.5,-19.56045
1390017343.75,-19.55775
1390017500.0,-19.55386
1390017656.25,-19.55053
1390017812.5,-19.54655
1390017968.75,-19.54266
1390018125.0,-19.5403
1390018281.25,-19.53424
1390018437.5,-19.53086
1390018593.75,-19.52746
1390018750.0,-19.52401
1390018906.25,-19.51777
1390019062.5,-19.51489
1390019218.75,-19.51095
1390019375.0,-19.5081
1390019531.25,-19.50245
1390019687.5,-19.49961
1390019843.75,-19.49635
1390020000.0,-19.49179
1390020156.25,-19.48825
1390020312.5,-19.48662
1390020468.75,-19.48178
1390020625.0,-19.47743
1390020781.25,-19.47202
1390020937.5,-19.46898
1390021093.75,-19.46624
1390021250.0,-19.46268
1390021406.25,-19.45805
1390021562.5,-19.45458
1390021718.75,-19.44959
1390021875.0,-19.44582
1390022031.25,-19.44298
1390022187.5,-19.43777
1390022343.75,-19.43457
1390022500.0,-19.42964
1390022656.25,-19.4267
1390022812.5,-19.42016
1390022968.75,-19.41667
1390023125.0,-19.41438
1390023281.25,-19.4111
1390023437.5,-19.40861
1390023593.75,-19.40252
1390023750.0,-19.40012
1390023906.25,-19.39483
1390024062.5,-19.39129
1390024218.75,-19.38722
1390024375.0,-19.38446
1390024531.25,-19.38018
1390024687.5,-19.37601
1390024843.75,-19.37156
1390025000.0,-19.36873
1390025156.25,-19.36213
1390025312.5,-19.36095
1390025468.75,-19.35538
1390025625.0,-19.35372
1390025781.25,-19.35059
1390025937.5,-19.34442
1390026093.75,-19.3408
1390026250.0,-19.3375
1390026406.25,-19.33345
1390026562.5,-19.32904
1390026718.75,-19.32543
1390026875.0,-19.3212
1390027031.25,-19.31762
1390027187.5,-19.31356
1390027343.75,-19.30834
1390027500.0,-19.30622
1390027656.25,-19.30184
1390027812.5,-19.29622
1390027968.75,-19.29471
1390028125.0,-19.29039
1390028281.25,-19.28715
1390028437.5,-19.28377
1390028593.75,-19.27921
1390028750.0,-19.27348
1390028906.25,-19.27144
1390029062.5,-19.26607
1390029218.75,-19.26233
1390029375.0,-19.25904
1390029531.25,-19.2541
1390029687.5,-19.25153
1390029843.75,-19.24796
1390030000.0,-19.24134
1390030156.25,-19.23855
1390030312.5,-19.23354
1390030468.75,-19.23064
1390030625.0,-19.22743
1390030781.25,-19.22182
1390030937.5,-19.22023
1390031093.75,-19.21402
1390031250.0,-19.21256
1390031406.25,-19.20737
1390031562.5,-19.20398
1390031718.75,-19.19911
1390031875.0,-19.19616
1390032031.25,-19.19205
1390032187.5,-19.1901
1390032343.75,-19.18521
1390032500.0,-19.1801
1390032656.25,-19.17543
1390032812.5,-19.17285
1390032968.75,-19.17047
1390033125.0,-19.16432
1390033281.25,-19.15984
1390033437.5,-19.15515
1390033593.75,-19.15117
1390033750.0,-19.14609
1390033906.25,-19.14357
1390034062.5,-19.14183
1390034218.75,-19.13806
1390034375.0,-19.13273
1390034531.25,-19.12941
1390034687.5,-19.1233
1390034843.75,-19.12153
1390035000.0,-19.11591
1390035156.25,-19.11119
1390035312.5,-19.10835
1390035468.75,-19.10546
1390035625.0,-19.10127
1390035781.25,-19.09723
1390035937.5,-19.09352
1390036093.75,-19.08895
1390036250.0,-19.08599
1390036406.25,-19.07948
1390036562.5,-19.0775
1390036718.75,-19.07294
1390036875.0,-19.07023
1390037031.25,-19.06519
1390037187.5,-19.06067
1390037343.75,-19.05665
1390037500.0,-19.05303
1390037656.25,-19.04942
1390037812.5,-19.04407
1390037968.75,-19.04103
1390038125.0,-19.03613
1390038281.25,-19.03157
1390038437.5,-19.02823
1390038593.75,-19.02583
1390038750.0,-19.01958
1390038906.25,-19.01742
1390039062.5,-19.01148
1390039218.75,-19.0073
1390039375.0,-19.00533
1390039531.25,-19.0018
1390039687.5,-18.99702
1390039843.75,-18.99221
1390040000.0,-18.98825
1390040156.25,-18.98248
1390040312.5,-18.97875
1390040468.75,-18.97516
1390040625.0,-18.97218
1390040781.25,-18.96798
1390040937.5,-18.96327
1390041093.75,-18.95999
1390041250.0,-18.95679
1390041406.25,-18.95307
1390041562.5,-18.9474
1390041718.75,-18.94451
1390041875.0,-18.93904
1390042031.25,-18.93484
1390042187.5,-18.93115
1390042343.75,-18.92791
1390042500.0,-18.92111
1390042656.25,-18.92042
1390042812.5,-18.91404
1390042968.75,-18.9119
1390043125.0,-18.90756
1390043281.25,-18.90386
1390043437.5,-18.89941
1390043593.75,-18.89448
1390043750.0,-18.89097
1390043906.25,-18.88812
1390044062.5,-18.88379
1390044218.75,-18.8774
1390044375.0,-18.87519
1390044531.25,-18.87011
1390044687.5,-18.86633
1390044843.75,-18.86474
1390045000.0,-18.85752
1390045156.25,-18.85469
1390045312.5,-18.85091
1390045468.75,-18.84712
1390045625.0,-18.84232
1390045781.25,-18.83677
1390045937.5,-18.83489
1390046093.75,-18.82977
1390046250.0,-18.82595
1390046406.25,-18.82267
1390046562.5,-18.81904
1390046718.75,-18.81562
1390046875.0,-18.80758
1390047031.25,-18.80527
1390047187.5,-18.80083
1390047343.75,-18.79709
1390047500.0,-18.79332
1390047656.25,-18.78758
1390047812.5,-18.7858
1390047968.75,-18.78041
1390048125.0,-18.77572
1390048281.25,-18.77464
1390048437.5,-18.7685
1390048593.75,-18.76481
1390048750.0,-18.76163
1390048906.25,-18.75638
1390049062.5,-18.75191
1390049218.75,-18.74947
1390049375.0,-18.74508
1390049531.25,-18.74112
1390049687.5,-18.73599
1390049843.75,-18.73228
1390050000.0,-18.72873
1390050156.25,-18.72497
1390050312.5,-18.72147
1390050468.75,-18.71782
1390050625.0,-18.71216
1390050781.25,-18.70762
1390050937.5,-18.70354
1390051093.75,-18.69945
1390051250.0,-18.69452
1390051406.25,-18.69113
1390051562.5,-18.68682
1390051718.75,-18.68351
1390051875.0,-18.6768
1390052031.25,-18.67424
1390052187.5,-18.66895
1390052343.75,-18.66621
1390052500.0,-18.66323
1390052656.25,-18.65664
1390052812.5,-18.65364
1390052968.75,-18.65205
1390053125.0,-18.64554
1390053281.25,-18.64094
1390053437.5,-18.63647
1390053593.75,-18.63189
1390053750.0,-18.62861
1390053906.25,-18.62447
1390054062.5,-18.62095
1390054218.75,-18.61493
1390054375.0,-18.61253
1390054531.25,-18.60801
1390054687.5,-18.60468
1390054843.75,-18.59988
1390055000.0,-18.59591
1390055156.25,-18.59132
1390055312.5,-18.58685
1390055468.75,-18.58273
1390055625.0,-18.57971
1390055781.25,-18.57556
1390055937.5,-18.57138
1390056093.75,-18.56535
1390056250.0,-18.56308
1390056406.25,-18.55824
1390056562.5,-18.5535
1390056718.75,-18.5485
1390056875.0,-18.54657
1390057031.25,-18.54043
1390057187.5,-18.53675
1390057343.75,-18.53409
1390057500.0,-18.52784
1390057656.25,-18.52506
1390057812.5,-18.51981
1390057968.75,-18.51738
1390058125.0,-18.51153
1390058281.25,-18.50753
1390058437.5,-18.50377
1390058593.75,-18.50135
1390058750.0,-18.49444
1390058906.25,-18.49259
1390059062.5,-18.486
1390059218.75,-18.48178
1390059375.0,-18.47866
1390059531.25,-18.47454
1390059687.5,-18.46961
1390059843.75,-18.46625
1390060000.0,-18.4617
1390060156.25,-18.4568
1390060312.5,-18.45315
1390060468.75,-18.44908
1390060625.0,-18.44419
1390060781.25,-18.44178
1390060937.5,-18.43585
1390061093.75,-18.43223
1390061250.0,-18.42719
1390061406.25,-18.42501
1390061562.5,-18.41958
1390061718.75,-18.41696
1390061875.0,-18.41075
1390062031.25,-18.4077
1390062187.5,-18.40363
1390062343.75,-18.39999
1390062500.0,-18.3943
1390062656.25,-18.39062
1390062812.5,-18.38551
1390062968.75,-18.38297
1390063125.0,-18.3772
1390063281.25,-18.37164
1390063437.5,-18.36806
1390063593.75,-18.36606
1390063750.0,-18.36015
1390063906.25,-18.35652
1390064062.5,-18.35136
1390064218.75,-18.34789
1390064375.0,-18.34403
1390064531.25,-18.33935
1390064687.5,-18.33486
1390064843.75,-18.33039
1390065000.0,-18.32647
1390065156.25,-18.32249
1390065312.5,-18.31785
1390065468.75,-18.3149
1390065625.0,-18.30934
1390065781.25,-18.30589
1390065937.5,-18.30286
1390066093.75,-18.2967
1390066250.0,-18.29323
1390066406.25,-18.28782
1390066562.5,-18.2847
1390066718.75,-18.28226
1390066875.0,-18.27478
1390067031.25,-18.27242
1390067187.5,-18.26789
1390067343.75,-18.26388
1390067500.0,-18.25931
1390067656.25,-18.25377
1390067812.5,-18.24928
1390067968.75,-18.24705
1390068125.0,-18.24111
1390068281.25,-18.23664
1390068437.5,-18.23255
1390068593.75,-18.2276
1390068750.0,-18.22404
1390068906.25,-18.22086
1390069062.5,-18.21612
1390069218.75,-18.21133
1390069375.0,-18.20814
1390069531.25,-18.20128
1390069687.5,-18.19808
1390069843.75,-18.19372
1390070000.0,-18.18778
1390070156.25,-18.18633
1390070312.5,-18.18238
1390070468.75,-18.17899
1390070625.0,-18.17347
1390070781.25,-18.16894
1390070937.5,-18.16373
1390071093.75,-18.16162
1390071250.0,-18.15659
1390071406.25,-18.15143
1390071562.5,-18.14869
1390071718.75,-18.14337
1390071875.0,-18.13973
1390072031.25,-18.13522
1390072187.5,-18.12924
1390072343.75,-18.12589
1390072500.0,-18.12172
1390072656.25,-18.11748
1390072812.5,-18.11424
1390072968.75,-18.10846
1390073125.0,-18.10247
1390073281.25,-18.10001
1390073437.5,-18.09635
1390073593.75,-18.09162
1390073750.0,-18.08579
1390073906.25,-18.08149
1390074062.5,-18.07788
1390074218.75,-18.07256
1390074375.0,-18.0686
1390074531.25,-18.0634
1390074687.5,-18.06072
1390074843.75,-18.05728
1390075000.0,-18.05163
1390075156.25,-18.04757
1390075312.5,-18.04395
1390075468.75,-18.03993
1390075625.0,-18.03554
1390075781.25,-18.03077
1390075937.5,-18.02666
1390076093.75,-18.02244
1390076250.0,-18.01748
1390076406.25,-18.01379
1390076562.5,-18.00806
1390076718.75,-18.00384
1390076875.0,-18.00067
1390077031.25,-17.99608
1390077187.5,-17.99117
1390077343.75,-17.98728
1390077500.0,-17.98354
1390077656.25,-17.97725
1390077812.5,-17.9738
1390077968.75,-17.97011
1390078125.0,-17.96446
1390078281.25,-17.96247
1390078437.5,-17.95748
1390078593.75,-17.95241
1390078750.0,-17.94805
1390078906.25,-17.94305
1390079062.5,-17.93945
1390079218.75,-17.9347
1390079375.0,-17.9303
1390079531.25,-17.9273
1390079687.5,-17.92225
1390079843.75,-17.9174
1390080000.0,-17.91277
1390080156.25,-17.90783
1390080312.5,-17.90321
1390080468.75,-17.89997
1390080625.0,-17.89618
1390080781.25,-17.89183
1390080937.5,-17.88581
1390081093.75,-17.8819
1390081250.0,-17.87652
1390081406.25,-17.87483
1390081562.5,-17.86998
1390081718.75,-17.86469
1390081875.0,-17.86171
1390082031.25,-17.85499
1390082187.5,-17.85128
1390082343.75,-17.84619
1390082500.0,-17.84191
1390082656.25,-17.83696
1390082812.5,-17.83502
1390082968.75,-17.82843
1390083125.0,-17.82466
1390083281.25,-17.82176
1390083437.5,-17.81741
1390083593.75,-17.8135
1390083750.0,-17.80846
1390083906.25,-17.80191
1390084062.5,-17.79911
1390084218.75,-17.79533
1390084375.0,-17.79094
1390084531.25,-17.7869
1390084687.5,-17.78089
1390084843.75,-17.77652
1390085000.0,-17.77349
1390085156.25,-17.76732
1390085312.5,-17.76433
1390085468.75,-17.75826
1390085625.0,-17.75418
1390085781.25,-17.74936
1390085937.5,-17.74481
1390086093.75,-17.74086
1390086250.0,-17.73774
1390086406.25,-17.73335
1390086562.5,-17.72875
1390086718.75,-17.72376
1390086875.0,-17.71963
1390087031.25,-17.71476
1390087187.5,-17.71004
1390087343.75,-17.70749
1390087500.0,-17.70121
1390087656.25,-17.69547
1390087812.5,-17.69343
1390087968.75,-17.68754
1390088125.0,-17.68392
1390088281.25,-17.67986
1390088437.5,-17.67484
1390088593.75,-17.6707
1390088750.0,-17.66626
1390088906.25,-17.66055
1390089062.5,-17.6568
1390089218.75,-17.65187
1390089375.0,-17.64832
1390089531.25,-17.64415
1390089687.5,-17.63902
1390089843.75,-17.63497
1390090000.0,-17.63034
1390090156.25,-17.62576
1390090312.5,-17.62139
1390090468.75,-17.61707
1390090625.0,-17.61166
1390090781.25,-17.60806
1390090937.5,-17.60371
1390091093.75,-17.59986
1390091250.0,-17.59371
1390091406.25,-17.58977
1390091562.5,-17.58601
1390091718.75,-17.57951
1390091875.0,-17.57643
1390092031.25,-17.57155
1390092187.5,-17.56903
1390092343.75,-17.56278
1390092500.0,-17.55836
1390092656.25,-17.55339
1390092812.5,-17.55033
1390092968.75,-17.54397
1390093125.0,-17.54163
1390093281.25,-17.53662
1390093437.5,-17.53197
1390093593.75,-17.52643
1390093750.0,-17.52236
1390093906.25,-17.51882
1390094062.5,-17.51372
1390094218.75,-17.50931
1390094375.0,-17.50522
1390094531.25,-17.49906
1390094687.5,-17.49673
1390094843.75,-17.4915
1390095000.0,-17.48585
1390095156.25,-17.4817
1390095312.5,-17.47777
1390095468.75,-17.47382
1390095625.0,-17.46838
1390095781.25,-17.46401
1390095937.5,-17.46062
1390096093.75,-17.45566
1390096250.0,-17.45107
1390096406.25,-17.44651
1390096562.5,-17.4428
1390096718.75,-17.439
1390096875.0,-17.43081
1390097031.25,-17.42777
1390097187.5,-17.42265
1390097343.75,-17.41773
1390097500.0,-17.41474
1390097656.25,-17.40936
1390097812.5,-17.40445
1390097968.75,-17.40085
1390098125.0,-17.39639
1390098281.25,-17.39097
1390098437.5,-17.38705
1390098593.75,-17.38505
1390098750.0,-17.37801
1390098906.25,-17.37344
1390099062.5,-17.36805
1390099218.75,-17.36611
1390099375.0,-17.36059
1390099531.25,-17.35594
1390099687.5,-17.35178
1390099843.75,-17.3464
1390100000.0,-17.34249
1390100156.25,-17.33592
1390100312.5,-17.33384
1390100468.75,-17.32837
1390100625.0,-17.32395
1390100781.25,-17.31939
1390100937.5,-17.31497
1390101093.75,-17.31094
1390101250.0,-17.30443
1390101406.25,-17.30156
1390101562.5,-17.29549
1390101718.75,-17.29161
1390101875.0,-17.28745
1390102031.25,-17.28255
1390102187.5,-17.27684
1390102343.75,-17.27309
1390102500.0,-17.26769
1390102656.25,-17.26426
1390102812.5,-17.25969
1390102968.75,-17.25463
1390103125.0,-17.25097
1390103281.25,-17.24601
1390103437.5,-17.24115
1390103593.75,-17.23667
1390103750.0,-17.23166
1390103906.25,-17.22642
1390104062.5,-17.22317
1390104218.75,-17.21817
1390104375.0,-17.21387
1390104531.25,-17.20862
1390104687.5,-17.2051
1390104843.75,-17.19926
1390105000.0,-17.19583
1390105156.25,-17.18984
1390105312.5,-17.18702
1390105468.75,-17.18213
1390105625.0,-17.17645
1390105781.25,-17.1742
1390105937.5,-17.16616
1390106093.75,-17.16293
1390106250.0,-17.15862
1390106406.25,-17.15301
1390106562.5,-17.15011
1390106718.75,-17.14452
1390106875.0,-17.14052
1390107031.25,-17.13618
1390107187.5,-17.131
1390107343.75,-17.1264
1390107500.0,-17.12262
1390107656.25,-17.11836
1390107812.5,-17.11222
1390107968.75,-17.1088
1390108125.0,-17.10352
1390108281.25,-17.09904
1390108437.5,-17.09415
1390108593.75,-17.08896
1390108750.0,-17.08524
1390108906.25,-17.08117
1390109062.5,-17.07546
1390109218.75,-17.07046
1390109375.0,-17.06642
1390109531.25,-17.06046
1390109687.5,-17.05661
1390109843.75,-17.05294
1390110000.0,-17.04865
1390110156.25,-17.04247
1390110312.5,-17.03805
1390110468.75,-17.03543
1390110625.0,-17.02948
1390110781.25,-17.0248
1390110937.5,-17.02009
1390111093.75,-17.01453
1390111250.0,-17.01116
1390111406.25,-17.00566
1390111562.5,-17.00079
1390111718.75,-16.99737
1390111875.0,-16.99181
1390112031.25,-16.98689
1390112187.5,-16.98253
1390112343.75,-16.97892
1390112500.0,-16.97391
1390112656.25,-16.96913
1390112812.5,-16.96418
1390112968.75,-16.96047
1390113125.0,-16.95491
1390113281.25,-16.95035
1390113437.5,-16.94549
1390113593.75,-16.94027
1390113750.0,-16.93756
1390113906.25,-16.93191
1390114062.5,-16.92636
1390114218.75,-16.92164
1390114375.0,-16.91794
1390114531.25,-16.91272
1390114687.5,-16.90911
1390114843.75,-16.90425
1390115000.0,-16.89926
1390115156.25,-16.89525
1390115312.5,-16.89028
1390115468.75,-16.88592
1390115625.0,-16.88189
1390115781.25,-16.87628
1390115937.5,-16.8716
1390116093.75,-16.8662
1390116250.0,-16.86122
1390116406.25,-16.85681
1390116562.5,-16.85198
1390116718.75,-16.84779
1390116875.0,-16.84089
1390117031.25,-16.83797
1390117187.5,-16.83342
1390117343.75,-16.82918
1390117500.0,-16.82524
1390117656.25,-16.81959
1390117812.5,-16.81549
1390117968.75,-16.8099
1390118125.0,-16.80631
1390118281.25,-16.8
1390118437.5,-16.79514
1390118593.75,-16.79094
1390118750.0,-16.787
1390118906.25,-16.78195
1390119062.5,-16.77723
1390119218.75,-16.77345
1390119375.0,-16.76649
1390119531.25,-16.76343
1390119687.5,-16.75874
1390119843.75,-16.7546
1390120000.0,-16.74852
1390120156.25,-16.74451
1390120312.5,-16.7403
1390120468.75,-16.73446
1390120625.0,-16.73026
1390120781.25,-16.72604
1390120937.5,-16.72245
1390121093.75,-16.71585
1390121250.0,-16.71165
1390121406.25,-16.70741
1390121562.5,-16.70255
1390121718.75,-16.69754
1390121875.0,-16.69248
1390122031.25,-16.68825
1390122187.5,-16.68281
1390122343.75,-16.67799
1390122500.0,-16.67353
1390122656.25,-16.66747
1390122812.5,-16.66525
1390122968.75,-16.65997
1390123125.0,-16.65588
1390123281.25,-16.65054
1390123437.5,-16.64565
1390123593.75,-16.64217
1390123750.0,-16.63556
1390123906.25,-16.63208
1390124062.5,-16.62663
1390124218.75,-16.622
1390124375.0,-16.61756
1390124531.25,-16.61326
1390124687.5,-16.60611
1390124843.75,-16.60294
1390125000.0,-16.59966
1390125156.25,-16.59385
1390125312.5,-16.59031
1390125468.75,-16.58283
1390125625.0,-16.57952
1390125781.25,-16.57356
1390125937.5,-16.57066
1390126093.75,-16.5661
1390126250.0,-16.56083
1390126406.25,-16.55542
1390126562.5,-16.55062
1390126718.75,-16.54656
1390126875.0,-16.54165
1390127031.25,-16.53545
1390127187.5,-16.53197
1390127343.75,-16.52827
1390127500.0,-16.52303
1390127656.25,-16.51784
1390127812.5,-16.51235
1390127968.75,-16.50888
1390128125.0,-16.50322
1390128281.25,-16.49807
1390128437.5,-16.4948
1390128593.75,-16.49014
1390128750.0,-16.48456
1390128906.25,-16.47903
1390129062.5,-16.47522
1390129218.75,-16.46978
1390129375.0,-16.46434
1390129531.25,-16.46105
1390129687.5,-16.45569
1390129843.75,-16.45057
1390130000.0,-16.44592
1390130156.25,-16.44108
1390130312.5,-16.43466
1390130468.75,-16.43099
1390130625.0,-16.42612
1390130781.25,-16.42177
1390130937.5,-16.41687
1390131093.75,-16.41304
1390131250.0,-16.4072
1390131406.25,-16.40306
1390131562.5,-16.39782
1390131718.75,-16.39278
1390131875.0,-16.38805
1390132031.25,-16.38436
1390132187.5,-16.37804
1390132343.75,-16.3744
1390132500.0,-16.36912
1390132656.25,-16.36415
1390132812.5,-16.35836
1390132968.75,-16.35367
1390133125.0,-16.34999
1390133281.25,-16.34491
1390133437.5,-16.34135
1390133593.75,-16.33556
1390133750.0,-16.33052
1390133906.25,-16.326
1390134062.5,-16.32236
1390134218.75,-16.31543
1390134375.0,-16.31327
1390134531.25,-16.30642
1390134687.5,-16.30332
1390134843.75,-16.2974
1390135000.0,-16.29199
1390135156.25,-16.28824
1390135312.5,-16.28392
1390135468.75,-16.27843
1390135625.0,-16.27341
1390135781.25,-16.26894
1390135937.5,-16.26449
1390136093.75,-16.26062
1390136250.0,-16.25319
1390136406.25,-16.24811
1390136562.5,-16.24484
1390136718.75,-16.24097
1390136875.0,-16.23578
1390137031.25,-16.23121
1390137187.5,-16.22555
1390137343.75,-16.22118
1390137500.0,-16.21589
1390137656.25,-16.21081
1390137812.5,-16.2078
1390137968.75,-16.20189
1390138125.0,-16.19696
1390138281.25,-16.19119
1390138437.5,-16.18603
1390138593.75,-16.18084
1390138750.0,-16.17593
1390138906.25,-16.17318
1390139062.5,-16.16768
1390139218.75,-16.16245
1390139375.0,-16.15709
1390139531.25,-16.15324
1390139687.5,-16.147
1390139843.75,-16.14322
1390140000.0,-16.13918
1390140156.25,-16.13494
1390140312.5,-16.12852
1390140468.75,-16.12293
1390140625.0,-16.11969
1390140781.25,-16.11529
1390140937.5,-16.10918
1390141093.75,-16.10413
1390141250.0,-16.10024
1390141406.25,-16.09624
1390141562.5,-16.09043
1390141718.75,-16.08498
1390141875.0,-16.08107
1390142031.25,-16.07599
1390142187.5,-16.07111
1390142343.75,-16.06602
1390142500.0,-16.06142
1390142656.25,-16.0564
1390142812.5,-16.05139
1390142968.75,-16.0475
1390143125.0,-16.04135
1390143281.25,-16.03633
1390143437.5,-16.03229
1390143593.75,-16.02609
1390143750.0,-16.02201
1390143906.25,-16.01714
1390144062.5,-16.01334
1390144218.75,-16.00804
1390144375.0,-16.00353
1390144531.25,-15.99868
1390144687.5,-15.99375
1390144843.75,-15.98916
1390145000.0,-15.98286
1390145156.25,-15.97853
1390145312.5,-15.97477
1390145468.75,-15.96877
1390145625.0,-15.96466
1390145781.25,-15.95771
1390145937.5,-15.9552
1390146093.75,-15.94917
1390146250.0,-15.94367
1390146406.25,-15.94007
1390146562.5,-15.93487
1390146718.75,-15.93058
1390146875.0,-15.92541
1390147031.25,-15.92014
1390147187.5,-15.91573
1390147343.75,-15.91095
1390147500.0,-15.90529
1390147656.25,-15.90114
1390147812.5,-15.89691
1390147968.75,-15.89061
1390148125.0,-15.88673
1390148281.25,-15.88062
1390148437.5,-15.87633
1390148593.75,-15.8717
1390148750.0,-15.86611
1390148906.25,-15.86064
1390149062.5,-15.85724
1390149218.75,-15.85334
1390149375.0,-15.84649
1390149531.25,-15.84129
1390149687.5,-15.83821
1390149843.75,-15.83335
1390150000.0,-15.82793
1390150156.25,-15.82272
1390150312.5,-15.8174
1390150468.75,-15.81282
1390150625.0,-15.80847
1390150781.25,-15.80338
1390150937.5,-15.7988
1390151093.75,-15.79268
1390151250.0,-15.78972
1390151406.25,-15.78484
1390151562.5,-15.77806
1390151718.75,-15.77445
1390151875.0,-15.77025
1390152031.25,-15.76392
1390152187.5,-15.75916
1390152343.75,-15.75515
1390152500.0,-15.74946
1390152656.25,-15.74575
1390152812.5,-15.74035
1390152968.75,-15.73572
1390153125.0,-15.72956
1390153281.25,-15.72541
1390153437.5,-15.71945
1390153593.75,-15.71513
1390153750.0,-15.71076
1390153906.25,-15.70524
1390154062.5,-15.70114
1390154218.75,-15.69538
1390154375.0,-15.69056
1390154531.25,-15.68618
1390154687.5,-15.68072
1390154843.75,-15.67604
1390155000.0,-15.67171
1390155156.25,-15.66609
1390155312.5,-15.66101
1390155468.75,-15.6561
1390155625.0,-15.65213
1390155781.25,-15.6478
1390155937.5,-15.64136
1390156093.75,-15.63797
1390156250.0,-15.63282
1390156406.25,-15.6289
1390156562.5,-15.62306
1390156718.75,-15.61867
1390156875.0,-15.61275
1390157031.25,-15.60779
1390157187.5,-15.60281
1390157343.75,-15.59822
1390157500.0,-15.5937
1390157656.25,-15.58881
1390157812.5,-15.5837
1390157968.75,-15.5786
1390158125.0,-15.57334
1390158281.25,-15.56862
1390158437.5,-15.5638
1390158593.75,-15.56038
1390158750.0,-15.55411
1390158906.25,-15.54865
1390159062.5,-15.54392
1390159218.75,-15.53936
1390159375.0,-15.53473
1390159531.25,-15.53069
1390159687.5,-15.52483
1390159843.75,-15.52071
1390160000.0,-15.51464
1390160156.25,-15.51076
1390160312.5,-15.5064
1390160468.75,-15.50137
1390160625.0,-15.49526
1390160781.25,-15.49059
1390160937.5,-15.48626
1390161093.75,-15.4811
1390161250.0,-15.47532
1390161406.25,-15.4717
1390161562.5,-15.46574
1390161718.75,-15.4615
1390161875.0,-15.4558
1390162031.25,-15.45163
1390162187.5,-15.44643
1390162343.75,-15.44064
1390162500.0,-15.43784
1390162656.25,-15.43069
1390162812.5,-15.42709
1390162968.75,-15.42108
1390163125.0,-15.4175
1390163281.25,-15.41279
1390163437.5,-15.40656
1390163593.75,-15.40197
1390163750.0,-15.39601
1390163906.25,-15.39198
1390164062.5,-15.38764
1390164218.75,-15.38298
1390164375.0,-15.37614
1390164531.25,-15.37371
1390164687.5,-15.3677
1390164843.75,-15.36223
1390165000.0,-15.3583
1390165156.25,-15.3524
1390165312.5,-15.34711
1390165468.75,-15.34321
1390165625.0,-15.33882
1390165781.25,-15.33256
1390165937.5,-15.32625
1390166093.75,-15.323
1390166250.0,-15.31881
1390166406.25,-15.31225
1390166562.5,-15.30877
1390166718.75,-15.30436
1390166875.0,-15.29903
1390167031.25,-15.29454
1390167187.5,-15.28837
1390167343.75,-15.28401
1390167500.0,-15.27922
1390167656.25,-15.27472
1390167812.5,-15.27163
1390167968.75,-15.26458
1390168125.0,-15.25872
1390168281.25,-15.25494
1390168437.5,-15.24996
1390168593.75,-15.24525
1390168750.0,-15.24065
1390168906.25,-15.23533
1390169062.5,-15.22973
1390169218.75,-15.22546
1390169375.0,-15.21953
1390169531.25,-15.21529
1390169687.5,-15.21046
1390169843.75,-15.20547
1390170000.0,-15.20059
1390170156.25,-15.19557
1390170312.5,-15.18946
1390170468.75,-15.18602
1390170625.0,-15.18133
1390170781.25,-15.17598
1390170937.5,-15.1705
1390171093.75,-15.16685
1390171250.0,-15.16292
1390171406.25,-15.15749
1390171562.5,-15.15243
1390171718.75,-15.14674
1390171875.0,-15.14167
1390172031.25,-15.13713
1390172187.5,-15.13153
1390172343.75,-15.12632
1390172500.0,-15.12189
1390172656.25,-15.1173
1390172812.5,-15.11244
1390172968.75,-15.10718
1390173125.0,-15.10226
1390173281.25,-15.09733
1390173437.5,-15.09301
1390173593.75,-15.08767
1390173750.0,-15.08446
1390173906.25,-15.07868
1390174062.5,-15.07342
1390174218.75,-15.06722
1390174375.0,-15.06429
1390174531.25,-15.0585
1390174687.5,-15.05422
1390174843.75,-15.04844
1390175000.0,-15.0439
1390175156.25,-15.03819
1390175312.5,-15.03375
1390175468.75,-15.02956
1390175625.0,-15.02418
1390175781.25,-15.0199
1390175937.5,-15.01435
1390176093.75,-15.00977
1390176250.0,-15.00327
1390176406.25,-14.99948
1390176562.5,-14.99414
1390176718.75,-14.9901
1390176875.0,-14.98481
1390177031.25,-14.9789
1390177187.5,-14.97478
1390177343.75,-14.97019
1390177500.0,-14.96537
1390177656.25,-14.96141
1390177812.5,-14.95643
1390177968.75,-14.95003
1390178125.0,-14.94619
1390178281.25,-14.94048
1390178437.5,-14.93665
1390178593.75,-14.93115
1390178750.0,-14.92696
1390178906.25,-14.92181
1390179062.5,-14.9164
1390179218.75,-14.91212
1390179375.0,-14.90641
1390179531.25,-14.90217
1390179687.5,-14.89696
1390179843.75,-14.89193
1390180000.0,-14.88694
1390180156.25,-14.88208
1390180312.5,-14.87752
1390180468.75,-14.87221
1390180625.0,-14.86754
1390180781.25,-14.86399
1390180937.5,-14.85782
1390181093.75,-14.85323
1390181250.0,-14.84825
1390181406.25,-14.8436
1390181562.5,-14.83941
1390181718.75,-14.83367
1390181875.0,-14.83007
1390182031.25,-14.82297
1390182187.5,-14.81881
1390182343.75,-14.81442
1390182500.0,-14.80991
1390182656.25,-14.8045
1390182812.5,-14.80002
1390182968.75,-14.79384
1390183125.0,-14.78847
1390183281.25,-14.78464
1390183437.5,-14.77905
1390183593.75,-14.77539
1390183750.0,-14.7705
1390183906.25,-14.76517
1390184062.5,-14.76007
1390184218.75,-14.75531
1390184375.0,-14.75039
1390184531.25,-14.74629
1390184687.5,-14.74085
1390184843.75,-14.73602
1390185000.0,-14.73156
1390185156.25,-14.7258
1390185312.5,-14.72172
1390185468.75,-14.71738
1390185625.0,-14.7114
1390185781.25,-14.70509
1390185937.5,-14.70193
1390186093.75,-14.69658
1390186250.0,-14.69201
1390186406.25,-14.68789
1390186562.5,-14.68294
1390186718.75,-14.67791
1390186875.0,-14.67204
1390187031.25,-14.66754
1390187187.5,-14.66353
1390187343.75,-14.65826
1390187500.0,-14.65316
1390187656.25,-14.64776
1390187812.5,-14.64257
1390187968.75,-14.6392
1390188125.0,-14.63379
1390188281.25,-14.62879
1390188437.5,-14.62417
1390188593.75,-14.62015
1390188750.0,-14.61565
1390188906.25,-14.60967
1390189062.5,-14.60441
1390189218.75,-14.60018
1390189375.0,-14.59578
1390189531.25,-14.59103
1390189687.5,-14.58524
1390189843.75,-14.58067
1390190000.0,-14.57525
1390190156.25,-14.57076
1390190312.5,-14.56712
1390190468.75,-14.56232
1390190625.0,-14.55563
1390190781.25,-14.55145
1390190937.5,-14.54737
1390191093.75,-14.54098
1390191250.0,-14.53763
1390191406.25,-14.53242
1390191562.5,-14.52772
1390191718.75,-14.52308
1390191875.0,-14.51818
1390192031.25,-14.51432
1390192187.5,-14.50833
1390192343.75,-14.50324
1390192500.0,-14.49776
1390192656.25,-14.4932
1390192812.5,-14.48943
1390192968.75,-14.4846
1390193125.0,-14.47866
1390193281.25,-14.47614
1390193437.5,-14.47028
1390193593.75,-14.46517
1390193750.0,-14.46096
1390193906.25,-14.45578
1390194062.5,-14.4521
1390194218.75,-14.44448
1390194375.0,-14.44092
1390194531.25,-14.43686
1390194687.5,-14.43153
1390194843.75,-14.42579
1390195000.0,-14.42285
1390195156.25,-14.41712
1390195312.5,-14.41306
1390195468.75,-14.40648
1390195625.0,-14.40281
1390195781.25,-14.39856
1390195937.5,-14.39362
1390196093.75,-14.38805
1390196250.0,-14.3837
1390196406.25,-14.37903
1390196562.5,-14.37382
1390196718.75,-14.36945
1390196875.0,-14.36438
1390197031.25,-14.35985
1390197187.5,-14.35535
1390197343.75,-14.3501
1390197500.0,-14.34538
1390197656.25,-14.34065
1390197812.5,-14.33609
1390197968.75,-14.33177
1390198125.0,-14.32645
1390198281.25,-14.32223
1390198437.5,-14.31792
1390198593.75,-14.31293
1390198750.0,-14.30874
1390198906.25,-14.30335
1390199062.5,-14.29816
1390199218.75,-14.29305
1390199375.0,-14.2885
1390199531.25,-14.28444
1390199687.5,-14.28048
1390199843.75,-14.27428
1390200000.0,-14.26914
1390200156.25,-14.265
1390200312.5,-14.25973
1390200468.75,-14.25546
1390200625.0,-14.25001
1390200781.25,-14.24603
1390200937.5,-14.24166
1390201093.75,-14.23739
1390201250.0,-14.23233
1390201406.25,-14.22737
1390201562.5,-14.22266
1390201718.75,-14.21786
1390201875.0,-14.21257
1390202031.25,-14.20873
1390202187.5,-14.20359
1390202343.75,-14.1979
1390202500.0,-14.19419
1390202656.25,-14.18801
1390202812.5,-14.18493
1390202968.75,-14.18127
1390203125.0,-14.17479
1390203281.25,-14.16953
1390203437.5,-14.16612
1390203593.75,-14.16064
1390203750.0,-14.15664
1390203906.25,-14.15084
1390204062.5,-14.14702
1390204218.75,-14.14277
1390204375.0,-14.13791
1390204531.25,-14.13235
1390204687.5,-14.12862
1390204843.75,-14.12443
1390205000.0,-14.11909
1390205156.25,-14.11519
1390205312.5,-14.10965
1390205468.75,-14.10465
1390205625.0,-14.10065
1390205781.25,-14.0952
1390205937.5,-14.09108
1390206093.75,-14.08697
1390206250.0,-14.0814
1390206406.25,-14.07793
1390206562.5,-14.07208
1390206718.75,-14.06872
1390206875.0,-14.06367
1390207031.25,-14.05869
1390207187.5,-14.05328
1390207343.75,-14.05025
1390207500.0,-14.04599
1390207656.25,-14.04007
1390207812.5,-14.03479
1390207968.75,-14.03047
1390208125.0,-14.02613
1390208281.25,-14.02133
1390208437.5,-14.01686
1390208593.75,-14.01287
1390208750.0,-14.00716
1390208906.25,-14.00272
1390209062.5,-13.99973
1390209218.75,-13.99387
1390209375.0,-13.98938
1390209531.25,-13.9842
1390209687.5,-13.98086
1390209843.75,-13.97574
1390210000.0,-13.97085
1390210156.25,-13.96642
1390210312.5,-13.96188
1390210468.75,-13.95798
1390210625.0,-13.95243
1390210781.25,-13.94856
1390210937.5,-13.9443
1390211093.75,-13.93853
1390211250.0,-13.93409
1390211406.25,-13.92925
1390211562.5,-13.92498
1390211718.75,-13.92114
1390211875.0,-13.91605
1390212031.25,-13.91113
1390212187.5,-13.90666
1390212343.75,-13.90165
1390212500.0,-13.89728
1390212656.25,-13.89362
1390212812.5,-13.88867
1390212968.75,-13.88456
1390213125.0,-13.88013
1390213281.25,-13.87494
1390213437.5,-13.87072
1390213593.75,-13.86559
1390213750.0,-13.86121
1390213906.25,-13.85789
1390214062.5,-13.85253
1390214218.75,-13.84752
1390214375.0,-13.84299
1390214531.25,-13.83764
1390214687.5,-13.83435
1390214843.75,-13.82895
1390215000.0,-13.82541
1390215156.25,-13.82187
1390215312.5,-13.81673
1390215468.75,-13.8124
1390215625.0,-13.80722
1390215781.25,-13.80233
1390215937.5,-13.79806
1390216093.75,-13.79405
1390216250.0,-13.78915
1390216406.25,-13.78494
1390216562.5,-13.7815
1390216718.75,-13.77497
1390216875.0,-13.77174
1390217031.25,-13.76778
1390217187.5,-13.76208
1390217343.75,-13.75723
1390217500.0,-13.75422
1390217656.25,-13.74953
1390217812.5,-13.74482
1390217968.75,-13.74058
1390218125.0,-13.73593
1390218281.25,-13.73155
1390218437.5,-13.72628
1390218593.75,-13.72246
1390218750.0,-13.7191
1390218906.25,-13.71404
1390219062.5,-13.70947
1390219218.75,-13.70463
1390219375.0,-13.70051
1390219531.25,-13.69659
1390219687.5,-13.69139
1390219843.75,-13.68761
1390220000.0,-13.68266
1390220156.25,-13.67863
1390220312.5,-13.67522
1390220468.75,-13.66946
1390220625.0,-13.66446
1390220781.25,-13.66119
1390220937.5,-13.65625
1390221093.75,-13.65216
1390221250.0,-13.6476
1390221406.25,-13.64439
1390221562.5,-13.63938
1390221718.75,-13.63494
1390221875.0,-13.63094
1390222031.25,-13.62585
1390222187.5,-13.62195
1390222343.75,-13.61788
1390222500.0,-13.61179
1390222656.25,-13.60867
1390222812.5,-13.60438
1390222968.75,-13.60033
1390223125.0,-13.59519
1390223281.25,-13.59154
1390223437.5,-13.587
1390223593.75,-13.58327
1390223750.0,-13.57798
1390223906.25,-13.57365
1390224062.5,-13.57065
1390224218.75,-13.56632
1390224375.0,-13.56203
1390224531.25,-13.55767
1390224687.5,-13.55255
1390224843.75,-13.54963
1390225000.0,-13.54458
1390225156.25,-13.54043
1390225312.5,-13.53653
1390225468.75,-13.53223
1390225625.0,-13.52764
1390225781.25,-13.5228
1390225937.5,-13.51923
1390226093.75,-13.5154
1390226250.0,-13.51118
1390226406.25,-13.50756
1390226562.5,-13.50199
1390226718.75,-13.49829
1390226875.0,-13.49392
1390227031.25,-13.48841
1390227187.5,-13.4855
1390227343.75,-13.48016
1390227500.0,-13.47694
1390227656.25,-13.4716
1390227812.5,-13.46762
1390227968.75,-13.46437
1390228125.0,-13.46035
1390228281.25,-13.45574
1390228437.5,-13.45176
1390228593.75,-13.44795
1390228750.0,-13.44307
1390228906.25,-13.43846
1390229062.5,-13.43398
1390229218.75,-13.43176
1390229375.0,-13.42612
1390229531.25,-13.42209
1390229687.5,-13.41734
1390229843.75,-13.41428
1390230000.0,-13.40952
1390230156.25,-13.40527
1390230312.5,-13.40223
1390230468.75,-13.3976
1390230625.0,-13.39381
1390230781.25,-13.38887
1390230937.5,-13.38479
1390231093.75,-13.38081
1390231250.0,-13.37631
1390231406.25,-13.373
1390231562.5,-13.36918
1390231718.75,-13.36372
1390231875.0,-13.36077
1390232031.25,-13.35612
1390232187.5,-13.35353
1390232343.75,-13.34827
1390232500.0,-13.34518
1390232656.25,-13.33962
1390232812.5,-13.33709
1390232968.75,-13.33217
1390233125.0,-13.32773
1390233281.25,-13.3246
1390233437.5,-13.32008
1390233593.75,-13.31612
1390233750.0,-13.31193
1390233906.25,-13.30834
1390234062.5,-13.30368
1390234218.75,-13.3002
1390234375.0,-13.29667
1390234531.25,-13.29188
1390234687.5,-13.2881
1390234843.75,-13.28446
1390235000.0,-13.2809
1390235156.25,-13.27699
1390235312.5,-13.2721
1390235468.75,-13.26822
1390235625.0,-13.26544
1390235781.25,-13.26071
1390235937.5,-13.25708
1390236093.75,-13.25198
1390236250.0,-13.24845
1390236406.25,-13.24479
1390236562.5,-13.2401
1390236718.75,-13.23644
1390236875.0,-13.23178
1390237031.25,-13.22981
1390237187.5,-13.22456
1390237343.75,-13.22042
1390237500.0,-13.21749
1390237656.25,-13.213
1390237812.5,-13.20926
1390237968.75,-13.20607
1390238125.0,-13.20204
1390238281.25,-13.19824
1390238437.5,-13.19508
1390238593.75,-13.19005
1390238750.0,-13.18659
1390238906.25,-13.18218
1390239062.5,-13.17786
1390239218.75,-13.17535
1390239375.0,-13.17128
1390239531.25,-13.16789
1390239687.5,-13.16364
1390239843.75,-13.16008
1390240000.0,-13.15651
1390240156.25,-13.15188
1390240312.5,-13.14855
1390240468.75,-13.14562
1390240625.0,-13.14121
1390240781.25,-13.13627
1390240937.5,-13.1329
1390241093.75,-13.12925
1390241250.0,-13.12589
1390241406.25,-13.12238
1390241562.5,-13.11781
1390241718.75,-13.11495
1390241875.0,-13.11
1390242031.25,-13.10604
1390242187.5,-13.10339
1390242343.75,-13.10048
1390242500.0,-13.09646
1390242656.25,-13.09157
1390242812.5,-13.08758
1390242968.75,-13.08426
1390243125.0,-13.08066
1390243281.25,-13.07626
1390243437.5,-13.07456
1390243593.75,-13.06977
1390243750.0,-13.06637
1390243906.25,-13.06272
1390244062.5,-13.05889
1390244218.75,-13.05572
1390244375.0,-13.05101
1390244531.25,-13.04808
1390244687.5,-13.04376
1390244843.75,-13.04112
1390245000.0,-13.03762
1390245156.25,-13.03279
1390245312.5,-13.03022
1390245468.75,-13.02633
1390245625.0,-13.02294
1390245781.25,-13.02005
1390245937.5,-13.0155
1390246093.75,-13.01227
1390246250.0,-13.00796
1390246406.25,-13.00394
1390246562.5,-13.00043
1390246718.75,-12.99794
1390246875.0,-12.99415
1390247031.25,-12.99048
1390247187.5,-12.9869
1390247343.75,-12.98453
1390247500.0,-12.98053
1390247656.25,-12.97687
1390247812.5,-12.97302
1390247968.75,-12.96996
1390248125.0,-12.96647
1390248281.25,-12.96325
1390248437.5,-12.9594
1390248593.75,-12.9564
1390248750.0,-12.95272
1390248906.25,-12.94899
1390249062.5,-12.94623
1390249218.75,-12.94173
1390249375.0,-12.939
1390249531.25,-12.93554
1390249687.5,-12.93227
1390249843.75,-12.9284
1390250000.0,-12.92442
1390250156.25,-12.92158
1390250312.5,-12.91942
1390250468.75,-12.91482
1390250625.0,-12.91199
1390250781.25,-12.90771
1390250937.5,-12.90517
1390251093.75,-12.90104
1390251250.0,-12.89825
1390251406.25,-12.89457
1390251562.5,-12.89138
1390251718.75,-12.88789
1390251875.0,-12.88398
1390252031.25,-12.88109
1390252187.5,-12.87805
1390252343.75,-12.87411
1390252500.0,-12.87131
1390252656.25,-12.86882
1390252812.5,-12.86469
1390252968.75,-12.86168
1390253125.0,-12.85814
1390253281.25,-12.85477
1390253437.5,-12.85128
1390253593.75,-12.84844
1390253750.0,-12.84491
1390253906.25,-12.84203
1390254062.5,-12.83874
1390254218.75,-12.83617
1390254375.0,-12.83326
1390254531.25,-12.82956
1390254687.5,-12.82652
1390254843.75,-12.82294
1390255000.0,-12.81997
1390255156.25,-12.81681
1390255312.5,-12.81385
1390255468.75,-12.8108
1390255625.0,-12.80675
1390255781.25,-12.80357
1390255937.5,-12.80191
1390256093.75,-12.79657
1390256250.0,-12.79553
1390256406.25,-12.79201
1390256562.5,-12.78813
1390256718.75,-12.78535
1390256875.0,-12.78317
1390257031.25,-12.77962
1390257187.5,-12.77575
1390257343.75,-12.77282
1390257500.0,-12.77007
1390257656.25,-12.76632
1390257812.5,-12.76305
1390257968.75,-12.76183
1390258125.0,-12.75829
1390258281.25,-12.75467
1390258437.5,-12.75218
1390258593.75,-12.74904
1390258750.0,-12.7457
1390258906.25,-12.74263
1390259062.5,-12.74067
1390259218.75,-12.73672
1390259375.0,-12.73418
1390259531.25,-12.73117
1390259687.5,-12.72791
1390259843.75,-12.72528
1390260000.0,-12.72268
1390260156.25,-12.71933
1390260312.5,-12.71722
1390260468.75,-12.71427
1390260625.0,-12.71002
1390260781.25,-12.7068
1390260937.5,-12.70498
1390261093.75,-12.7021
1390261250.0,-12.69939
1390261406.25,-12.69684
1390261562.5,-12.69342
1390261718.75,-12.69055
1390261875.0,-12.68896
1390262031.25,-12.68627
1390262187.5,-12.68147
1390262343.75,-12.68011
1390262500.0,-12.67667
1390262656.25,-12.67424
1390262812.5,-12.67114
1390262968.75,-12.6683
1390263125.0,-12.66596
1390263281.25,-12.66305
1390263437.5,-12.65999
1390263593.75,-12.65674
1390263750.0,-12.65373
1390263906.25,-12.65175
1390264062.5,-12.64939
1390264218.75,-12.64646
1390264375.0,-12.64311
1390264531.25,-12.64107
1390264687.5,-12.63825
1390264843.75,-12.63563
1390265000.0,-12.63313
1390265156.25,-12.63026
1390265312.5,-12.62856
1390265468.75,-12.62545
1390265625.0,-12.62212
1390265781.25,-12.61958
1390265937.5,-12.61678
1390266093.75,-12.61423
1390266250.0,-12.61228
1390266406.25,-12.60923
1390266562.5,-12.60632
1390266718.75,-12.60412
1390266875.0,-12.60155
1390267031.25,-12.599
1390267187.5,-12.59682
1390267343.75,-12.59406
1390267500.0,-12.59166
1390267656.25,-12.58835
1390267812.5,-12.58693
1390267968.75,-12.58392
1390268125.0,-12.58136
1390268281.25,-12.57939
1390268437.5,-12.57727
1390268593.75,-12.57448
1390268750.0,-12.57233
1390268906.25,-12.56951
1390269062.5,-12.56656
1390269218.75,-12.56426
1390269375.0,-12.56201
1390269531.25,-12.5595
1390269687.5,-12.55782
1390269843.75,-12.55496
1390270000.0,-12.55286
1390270156.25,-12.54951
1390270312.5,-12.54822
1390270468.75,-12.54635
1390270625.0,-12.5428
1390270781.25,-12.54003
1390270937.5,-12.53869
1390271093.75,-12.53552
1390271250.0,-12.53396
1390271406.25,-12.53178
1390271562.5,-12.52902
1390271718.75,-12.52703
1390271875.0,-12.52483
1390272031.25,-12.52212
1390272187.5,-12.51919
1390272343.75,-12.51898
1390272500.0,-12.51609
1390272656.25,-12.51333
1390272812.5,-12.51154
1390272968.75,-12.50886
1390273125.0,-12.50753
1390273281.25,-12.50297
1390273437.5,-12.50222
1390273593.75,-12.49939
1390273750.0,-12.4981
1390273906.25,-12.49603
1390274062.5,-12.4939
1390274218.75,-12.49114
1390274375.0,-12.48884
1390274531.25,-12.48768
1390274687.5,-12.48438
1390274843.75,-12.483
1390275000.0,-12.48183
1390275156.25,-12.47978
1390275312.5,-12.47718
1390275468.75,-12.47537
1390275625.0,-12.47327
1390275781.25,-12.47117
1390275937.5,-12.46711
1390276093.75,-12.46629
1390276250.0,-12.46469
1390276406.25,-12.46282
1390276562.5,-12.46077
1390276718.75,-12.45834
1390276875.0,-12.45665
1390277031.25,-12.45504
1390277187.5,-12.45228
1390277343.75,-12.45102
1390277500.0,-12.44948
1390277656.25,-12.44743
1390277812.5,-12.44464
1390277968.75,-12.44204
1390278125.0,-12.44157
1390278281.25,-12.4405
1390278437.5,-12.43774
1390278593.75,-12.43609
1390278750.0,-12.43454
1390278906.25,-12.43171
1390279062.5,-12.43006
1390279218.75,-12.42875
1390279375.0,-12.42699
1390279531.25,-12.42491
1390279687.5,-12.4236
1390279843.75,-12.42218
1390280000.0,-12.42053
1390280156.25,-12.41858
1390280312.5,-12.41638
1390280468.75,-12.414
1390280625.0,-12.41216
1390280781.25,-12.41062
1390280937.5,-12.40899
1390281093.75,-12.40736
1390281250.0,-12.40607
1390281406.25,-12.40466
1390281562.5,-12.40235
1390281718.75,-12.40182
1390281875.0,-12.39933
1390282031.25,-12.3974
1390282187.5,-12.39605
1390282343.75,-12.39407
1390282500.0,-12.39308
1390282656.25,-12.39185
1390282812.5,-12.38972
1390282968.75,-12.38761
1390283125.0,-12.38592
1390283281.25,-12.38514
1390283437.5,-12.38292
1390283593.75,-12.38216
1390283750.0,-12.38117
1390283906.25,-12.37945
1390284062.5,-12.37776
1390284218.75,-12.37629
1390284375.0,-12.37387
1390284531.25,-12.37316
1390284687.5,-12.37183
1390284843.75,-12.36935
1390285000.0,-12.36744
1390285156.25,-12.36635
1390285312.5,-12.36662
1390285468.75,-12.36481
1390285625.0,-12.36358
1390285781.25,-12.36176
1390285937.5,-12.35988
1390286093.75,-12.35881
1390286250.0,-12.35746
1390286406.25,-12.3555
1390286562.5,-12.35447
1390286718.75,-12.35379
1390286875.0,-12.35245
1390287031.25,-12.35136
1390287187.5,-12.34873
1390287343.75,-12.34806
1390287500.0,-12.34703
1390287656.25,-12.3448
1390287812.5,-12.34449
1390287968.75,-12.34271
1390288125.0,-12.342
1390288281.25,-12.34165
1390288437.5,-12.33935
1390288593.75,-12.33859
1390288750.0,-12.33763
1390288906.25,-12.33587
1390289062.5,-12.33424
1390289218.75,-12.33444
1390289375.0,-12.33259
1390289531.25,-12.33159
1390289687.5,-12.32997
1390289843.75,-12.32933
1390290000.0,-12.32738
1390290156.25,-12.3265
1390290312.5,-12.32489
1390290468.75,-12.32506
1390290625.0,-12.32307
1390290781.25,-12.32286
1390290937.5,-12.32105
1390291093.75,-12.31943
1390291250.0,-12.31902
1390291406.25,-12.31813
1390291562.5,-12.31722
1390291718.75,-12.31629
1390291875.0,-12.31486
1390292031.25,-12.31449
1390292187.5,-12.31395
1390292343.75,-12.31198
1390292500.0,-12.31177
1390292656.25,-12.31121
1390292812.5,-12.31
1390292968.75,-12.30905
1390293125.0,-12.30806
1390293281.25,-12.30684
1390293437.5,-12.30567
1390293593.75,-12.30575
1390293750.0,-12.30397
1390293906.25,-12.30263
1390294062.5,-12.3035
1390294218.75,-12.30176
1390294375.0,-12.30063
1390294531.25,-12.29975
1390294687.5,-12.29892
1390294843.75,-12.29946
1390295000.0,-12.29764
1390295156.25,-12.29739
1390295312.5,-12.29651
1390295468.75,-12.29525
1390295625.0,-12.29419
1390295781.25,-12.295
1390295937.5,-12.294
1390296093.75,-12.29391
1390296250.0,-12.29165
1390296406.25,-12.29231
1390296562.5,-12.29152
1390296718.75,-12.28984
1390296875.0,-12.2903
1390297031.25,-12.28899
1390297187.5,-12.28795
1390297343.75,-12.28809
1390297500.0,-12.28711
1390297656.25,-12.28742
1390297812.5,-12.28661
1390297968.75,-12.28524
1390298125.0,-12.28534
1390298281.25,-12.28379
1390298437.5,-12.28455
1390298593.75,-12.28303
1390298750.0,-12.28333
1390298906.25,-12.28332
1390299062.5,-12.28256
1390299218.75,-12.28162
1390299375.0,-12.28039
1390299531.25,-12.28055
1390299687.5,-12.28056
1390299843.75,-12.28019
1390300000.0,-12.27983
1390300156.25,-12.27919
1390300312.5,-12.27888
1390300468.75,-12.27834
1390300625.0,-12.27821
1390300781.25,-12.27821
1390300937.5,-12.2777
1390301093.75,-12.27805
1390301250.0,-12.27709
1390301406.25,-12.27681
1390301562.5,-12.27664
1390301718.75,-12.27584
1390301875.0,-12.27576
1390302031.25,-12.27582
1390302187.5,-12.27526
1390302343.75,-12.27415
1390302500.0,-12.27389
1390302656.25,-12.27428
1390302812.5,-12.27298
1390302968.75,-12.27354
1390303125.0,-12.27333
1390303281.25,-12.27388
1390303437.5,-12.27245
1390303593.75,-12.27243
1390303750.0,-12.27257
1390303906.25,-12.27264
1390304062.5,-12.2723
1390304218.75,-12.27175
1390304375.0,-12.27195
1390304531.25,-12.27253
1390304687.5,-12.27167
1390304843.75,-12.27241
1390305000.0,-12.27246
1390305156.25,-12.2722
1390305312.5,-12.27138
1390305468.75,-12.27158
1390305625.0,-12.27132
1390305781.25,-12.27178
1390305937.5,-12.27191
1390306093.75,-12.27181
1390306250.0,-12.27231
1390306406.25,-12.27215
1390306562.5,-12.27196
1390306718.75,-12.27257
1390306875.0,-12.27137
1390307031.25,-12.27251
1390307187.5,-12.27166
1390307343.75,-12.27204
1390307500.0,-12.2724
1390307656.25,-12.2724
1390307812.5,-12.27202
1390307968.75,-12.27305
1390308125.0,-12.27384
1390308281.25,-12.27424
1390308437.5,-12.27294
1390308593.75,-12.27352
1390308750.0,-12.27342
1390308906.25,-12.27471
1390309062.5,-12.27437
1390309218.75,-12.27584
1390309375.0,-12.27498
1390309531.25,-12.27462
1390309687.5,-12.275
1390309843.75,-12.27597
1390310000.0,-12.27672
1390310156.25,-12.27667
1390310312.5,-12.27656
1390310468.75,-12.27703
1390310625.0,-12.27772
1390310781.25,-12.27777
1390310937.5,-12.27829
1390311093.75,-12.27841
1390311250.0,-12.27784
1390311406.25,-12.27849
1390311562.5,-12.28036
1390311718.75,-12.28015
1390311875.0,-12.28012
1390312031.25,-12.28121
1390312187.5,-12.28162
1390312343.75,-12.28129
1390312500.0,-12.28163
1390312656.25,-12.28276
1390312812.5,-12.28344
1390312968.75,-12.28379
1390313125.0,-12.28449
1390313281.25,-12.28465
1390313437.5,-12.28509
1390313593.75,-12.28621
1390313750.0,-12.28656
1390313906.25,-12.28658
1390314062.5,-12.28691
1390314218.75,-12.2877
1390314375.0,-12.28944
1390314531.25,-12.2891
1390314687.5,-12.28967
1390314843.75,-12.2897
1390315000.0,-12.29115
1390315156.25,-12.29168
1390315312.5,-12.29196
1390315468.75,-12.29389
1390315625.0,-12.29361
1390315781.25,-12.29502
1390315937.5,-12.29506
1390316093.75,-12.29587
1390316250.0,-12.29688
1390316406.25,-12.29724
1390316562.5,-12.2985
1390316718.75,-12.29995
1390316875.0,-12.30037
1390317031.25,-12.30043
1390317187.5,-12.30097
1390317343.75,-12.30073
1390317500.0,-12.30201
1390317656.25,-12.30364
1390317812.5,-12.30467
1390317968.75,-12.30548
1390318125.0,-12.30615
1390318281.25,-12.30759
1390318437.5,-12.30868
1390318593.75,-12.30915
1390318750.0,-12.30959
1390318906.25,-12.31034
1390319062.5,-12.31141
1390319218.75,-12.31292
1390319375.0,-12.31322
1390319531.25,-12.31376
1390319687.5,-12.31502
1390319843.75,-12.31548
1390320000.0,-12.31714
1390320156.25,-12.31823
1390320312.5,-12.32034
1390320468.75,-12.32049
1390320625.0,-12.32174
1390320781.25,-12.32165
1390320937.5,-12.32364
1390321093.75,-12.32514
1390321250.0,-12.32553
1390321406.25,-12.32678
1390321562.5,-12.32809
1390321718.75,-12.32885
1390321875.0,-12.33025
1390322031.25,-12.33034
1390322187.5,-12.33197
1390322343.75,-12.33345
1390322500.0,-12.33457
1390322656.25,-12.33534
1390322812.5,-12.33696
1390322968.75,-12.33867
1390323125.0,-12.33988
1390323281.25,-12.34032
1390323437.5,-12.34229
1390323593.75,-12.34286
1390323750.0,-12.34432
1390323906.25,-12.34583
1390324062.5,-12.34653
1390324218.75,-12.34746
1390324375.0,-12.34984
1390324531.25,-12.35126
1390324687.5,-12.35208
1390324843.75,-12.35363
1390325000.0,-12.35553
1390325156.25,-12.35686
1390325312.5,-12.35702
1390325468.75,-12.35871
1390325625.0,-12.35988
1390325781.25,-12.36228
1390325937.5,-12.36266
1390326093.75,-12.36458
1390326250.0,-12.36659
1390326406.25,-12.36662
1390326562.5,-12.36811
1390326718.75,-12.37077
1390326875.0,-12.37152
1390327031.25,-12.37287
1390327187.5,-12.37517
1390327343.75,-12.37591
1390327500.0,-12.37697
1390327656.25,-12.3795
1390327812.5,-12.38023
1390327968.75,-12.38178
1390328125.0,-12.38328
1390328281.25,-12.38446
1390328437.5,-12.38686
1390328593.75,-12.38774
1390328750.0,-12.38914
1390328906.25,-12.39158
1390329062.5,-12.39284
1390329218.75,-12.39476
1390329375.0,-12.39629
1390329531.25,-12.39721
1390329687.5,-12.39945
1390329843.75,-12.40175
1390330000.0,-12.40261
1390330156.25,-12.40513
1390330312.5,-12.40592
1390330468.75,-12.40683
1390330625.0,-12.40883
1390330781.25,-12.41135
1390330937.5,-12.41282
1390331093.75,-12.4147
1390331250.0,-12.41722
1390331406.25,-12.41852
1390331562.5,-12.4206
1390331718.75,-12.42088
1390331875.0,-12.4235
1390332031.25,-12.42535
1390332187.5,-12.42767
1390332343.75,-12.42873
1390332500.0,-12.4304
1390332656.25,-12.43299
1390332812.5,-12.43443
1390332968.75,-12.43705
1390333125.0,-12.43749
1390333281.25,-12.43905
1390333437.5,-12.44327
1390333593.75,-12.44354
1390333750.0,-12.4464
1390333906.25,-12.44705
1390334062.5,-12.44953
1390334218.75,-12.45155
1390334375.0,-12.45266
1390334531.25,-12.45559
1390334687.5,-12.45745
1390334843.75,-12.45793
1390335000.0,-12.46153
1390335156.25,-12.46399
1390335312.5,-12.46572
1390335468.75,-12.46667
1390335625.0,-12.46849
1390335781.25,-12.47127
1390335937.5,-12.47312
1390336093.75,-12.47565
1390336250.0,-12.47684
1390336406.25,-12.47928
1390336562.5,-12.48141
1390336718.75,-12.48343
1390336875.0,-12.48498
1390337031.25,-12.48755
1390337187.5,-12.49013
1390337343.75,-12.49096
1390337500.0,-12.49409
1390337656.25,-12.49609
1390337812.5,-12.49851
1390337968.75,-12.49974
1390338125.0,-12.50324
1390338281.25,-12.50413
1390338437.5,-12.50729
1390338593.75,-12.50868
1390338750.0,-12.51115
1390338906.25,-12.51344
1390339062.5,-12.51507
1390339218.75,-12.51792
1390339375.0,-12.52008
1390339531.25,-12.52201
1390339687.5,-12.52518
1390339843.75,-12.52661
1390340000.0,-12.529
1390340156.25,-12.53198
1390340312.5,-12.53356
1390340468.75,-12.53666
1390340625.0,-12.5388
1390340781.25,-12.54035
1390340937.5,-12.54274
1390341093.75,-12.54566
1390341250.0,-12.54822
1390341406.25,-12.54988
1390341562.5,-12.55244
1390341718.75,-12.55518
1390341875.0,-12.55762
1390342031.25,-12.55985
1390342187.5,-12.56274
1390342343.75,-12.56454
1390342500.0,-12.5668
1390342656.25,-12.57029
1390342812.5,-12.57243
1390342968.75,-12.57395
1390343125.0,-12.57745
1390343281.25,-12.57928
1390343437.5,-12.58056
1390343593.75,-12.58444
1390343750.0,-12.58645
1390343906.25,-12.5893
1390344062.5,-12.59114
1390344218.75,-12.59454
1390344375.0,-12.5969
1390344531.25,-12.59955
1390344687.5,-12.60105
1390344843.75,-12.60456
1390345000.0,-12.60692
1390345156.25,-12.60888
1390345312.5,-12.6131
1390345468.75,-12.61468
1390345625.0,-12.61602
1390345781.25,-12.61988
1390345937.5,-12.62334
1390346093.75,-12.625
1390346250.0,-12.627
1390346406.25,-12.63046
1390346562.5,-12.63168
1390346718.75,-12.63641
1390346875.0,-12.63852
1390347031.25,-12.64054
1390347187.5,-12.64321
1390347343.75,-12.64657
1390347500.0,-12.64938
1390347656.25,-12.65147
1390347812.5,-12.65494
1390347968.75,-12.65623
1390348125.0,-12.66049
1390348281.25,-12.66273
1390348437.5,-12.66567
1390348593.75,-12.66903
1390348750.0,-12.67128
1390348906.25,-12.67374
1390349062.5,-12.67538
1390349218.75,-12.67924
1390349375.0,-12.68161
1390349531.25,-12.68492
1390349687.5,-12.68765
1390349843.75,-12.68992
1390350000.0,-12.69314
1390350156.25,-12.69695
1390350312.5,-12.69907
1390350468.75,-12.70159
1390350625.0,-12.70487
1390350781.25,-12.70762
1390350937.5,-12.71117
1390351093.75,-12.71353
1390351250.0,-12.71564
1390351406.25,-12.71852
1390351562.5,-12.72188
1390351718.75,-12.72489
1390351875.0,-12.72853
1390352031.25,-12.73041
1390352187.5,-12.73403
1390352343.75,-12.73658
1390352500.0,-12.73971
1390352656.25,-12.74234
1390352812.5,-12.74624
1390352968.75,-12.74838
1390353125.0,-12.75083
1390353281.25,-12.75506
1390353437.5,-12.75676
1390353593.75,-12.75986
1390353750.0,-12.76412
1390353906.25,-12.76747
1390354062.5,-12.76955
1390354218.75,-12.77115
1390354375.0,-12.77592
1390354531.25,-12.7794
1390354687.5,-12.78218
1390354843.75,-12.78479
1390355000.0,-12.78786
1390355156.25,-12.79102
1390355312.5,-12.79398
1390355468.75,-12.7971
1390355625.0,-12.80143
1390355781.25,-12.80406
1390355937.5,-12.80735
1390356093.75,-12.80928
1390356250.0,-12.81265
1390356406.25,-12.81634
1390356562.5,-12.81911
1390356718.75,-12.82326
1390356875.0,-12.8258
1390357031.25,-12.8292
1390357187.5,-12.83261
1390357343.75,-12.8349
1390357500.0,-12.83899
1390357656.25,-12.84235
1390357812.5,-12.84588
1390357968.75,-12.84785
1390358125.0,-12.85089
1390358281.25,-12.85391
1390358437.5,-12.85771
1390358593.75,-12.86169
1390358750.0,-12.86485
1390358906.25,-12.86799
1390359062.5,-12.8716
1390359218.75,-12.87372
1390359375.0,-12.87694
1390359531.25,-12.88084
1390359687.5,-12.88382
1390359843.75,-12.88844
1390360000.0,-12.8907
1390360156.25,-12.89557
1390360312.5,-12.89746
1390360468.75,-12.9006
1390360625.0,-12.90378
1390360781.25,-12.90823
1390360937.5,-12.91127
1390361093.75,-12.91451
1390361250.0,-12.91725
1390361406.25,-12.92201
1390361562.5,-12.92407
1390361718.75,-12.92798
1390361875.0,-12.93088
1390362031.25,-12.93404
1390362187.5,-12.93809
1390362343.75,-12.9428
1390362500.0,-12.94452
1390362656.25,-12.94781
1390362812.5,-12.95181
1390362968.75,-12.95542
1390363125.0,-12.95895
1390363281.25,-12.96182
1390363437.5,-12.96499
1390363593.75,-12.96905
1390363750.0,-12.97178
1390363906.25,-12.97539
1390364062.5,-12.97993
1390364218.75,-12.98337
1390364375.0,-12.98697
1390364531.25,-12.99067
1390364687.5,-12.99392
1390364843.75,-12.99658
1390365000.0,-13.00159
1390365156.25,-13.00353
1390365312.5,-13.00833
1390365468.75,-13.01074
1390365625.0,-13.01489
1390365781.25,-13.0178
1390365937.5,-13.02253
1390366093.75,-13.02574
1390366250.0,-13.02842
1390366406.25,-13.03276
1390366562.5,-13.0361
1390366718.75,-13.039
1390366875.0,-13.04438
1390367031.25,-13.0478
1390367187.5,-13.04984
1390367343.75,-13.0549
1390367500.0,-13.05805
1390367656.25,-13.06216
1390367812.5,-13.06593
1390367968.75,-13.06941
1390368125.0,-13.07279
1390368281.25,-13.07628
1390368437.5,-13.08082
1390368593.75,-13.08414
1390368750.0,-13.08709
1390368906.25,-13.09136
1390369062.5,-13.09549
1390369218.75,-13.09812
1390369375.0,-13.10251
1390369531.25,-13.10513
1390369687.5,-13.10966
1390369843.75,-13.11394
1390370000.0,-13.11803
1390370156.25,-13.12121
1390370312.5,-13.12511
1390370468.75,-13.12921
1390370625.0,-13.13304
1390370781.25,-13.13607
1390370937.5,-13.13991
1390371093.75,-13.14295
1390371250.0,-13.1478
1390371406.25,-13.152
1390371562.5,-13.15503
1390371718.75,-13.1592
1390371875.0,-13.16199
1390372031.25,-13.16667
1390372187.5,-13.1701
1390372343.75,-13.17454
1390372500.0,-13.17778
1390372656.25,-13.18103
1390372812.5,-13.18546
1390372968.75,-13.18945
1390373125.0,-13.19288
1390373281.25,-13.19698
1390373437.5,-13.20125
1390373593.75,-13.20497
1390373750.0,-13.20835
1390373906.25,-13.21262
1390374062.5,-13.21643
1390374218.75,-13.21994
1390374375.0,-13.22436
1390374531.25,-13.2285
1390374687.5,-13.23161
1390374843.75,-13.23618
1390375000.0,-13.24001
1390375156.25,-13.24289
1390375312.5,-13.24777
1390375468.75,-13.25062
1390375625.0,-13.25559
1390375781.25,-13.25916
1390375937.5,-13.26182
1390376093.75,-13.26759
1390376250.0,-13.27183
1390376406.25,-13.27593
1390376562.5,-13.2789
1390376718.75,-13.2813
1390376875.0,-13.28816
1390377031.25,-13.29181
1390377187.5,-13.29447
1390377343.75,-13.29848
1390377500.0,-13.30307
1390377656.25,-13.308
1390377812.5,-13.31138
1390377968.75,-13.31538
1390378125.0,-13.31987
1390378281.25,-13.32183
1390378437.5,-13.32742
1390378593.75,-13.32943
1390378750.0,-13.33426
1390378906.25,-13.33922
1390379062.5,-13.34352
1390379218.75,-13.34656
1390379375.0,-13.35136
1390379531.25,-13.35516
1390379687.5,-13.36006
1390379843.75,-13.36407
1390380000.0,-13.36818
1390380156.25,-13.37188
1390380312.5,-13.37548
1390380468.75,-13.37876
1390380625.0,-13.38442
1390380781.25,-13.38729
1390380937.5,-13.39169
1390381093.75,-13.39554
1390381250.0,-13.40009
1390381406.25,-13.40466
1390381562.5,-13.40856
1390381718.75,-13.41249
1390381875.0,-13.4165
1390382031.25,-13.42067
1390382187.5,-13.42472
1390382343.75,-13.42926
1390382500.0,-13.43289
1390382656.25,-13.43765
1390382812.5,-13.44218
1390382968.75,-13.44594
1390383125.0,-13.45124
1390383281.25,-13.45413
1390383437.5,-13.45926
1390383593.75,-13.46271
1390383750.0,-13.46715
1390383906.25,-13.47162
1390384062.5,-13.475
1390384218.75,-13.47959
1390384375.0,-13.48318
1390384531.25,-13.48814
1390384687.5,-13.49245
1390384843.75,-13.49718
1390385000.0,-13.50086
1390385156.25,-13.50536
1390385312.5,-13.50935
1390385468.75,-13.51403
1390385625.0,-13.51756
1390385781.25,-13.52239
1390385937.5,-13.52582
1390386093.75,-13.53039
1390386250.0,-13.53489
1390386406.25,-13.53869
1390386562.5,-13.54287
1390386718.75,-13.54663
1390386875.0,-13.55151
1390387031.25,-13.55555
1390387187.5,-13.55914
1390387343.75,-13.56501
1390387500.0,-13.5678
1390387656.25,-13.57282
1390387812.5,-13.57729
1390387968.75,-13.5802
1390388125.0,-13.58581
1390388281.25,-13.59051
1390388437.5,-13.59332
1390388593.75,-13.59971
1390388750.0,-13.60333
1390388906.25,-13.60752
1390389062.5,-13.61076
1390389218.75,-13.61592
1390389375.0,-13.62014
1390389531.25,-13.62444
1390389687.5,-13.62807
1390389843.75,-13.6343
1390390000.0,-13.63815
1390390156.25,-13.6429
1390390312.5,-13.64575
1390390468.75,-13.65065
1390390625.0,-13.65526
1390390781.25,-13.65959
1390390937.5,-13.66435
1390391093.75,-13.66811
1390391250.0,-13.67314
1390391406.25,-13.67699
1390391562.5,-13.68255
1390391718.75,-13.68573
1390391875.0,-13.68854
1390392031.25,-13.69489
1390392187.5,-13.69886
1390392343.75,-13.70235
1390392500.0,-13.70758
1390392656.25,-13.71088
1390392812.5,-13.71581
1390392968.75,-13.72036
1390393125.0,-13.7252
1390393281.25,-13.72957
1390393437.5,-13.73399
1390393593.75,-13.73879
1390393750.0,-13.74175
1390393906.25,-13.74757
1390394062.5,-13.75309
1390394218.75,-13.75609
1390394375.0,-13.75996
1390394531.25,-13.76508
1390394687.5,-13.77013
1390394843.75,-13.77364
1390395000.0,-13.77699
1390395156.25,-13.78225
1390395312.5,-13.78707
1390395468.75,-13.79231
1390395625.0,-13.79563
1390395781.25,-13.80177
1390395937.5,-13.80595
1390396093.75,-13.81021
1390396250.0,-13.81521
1390396406.25,-13.81825
1390396562.5,-13.82404
1390396718.75,-13.82828
1390396875.0,-13.83299
1390397031.25,-13.83576
1390397187.5,-13.84189
1390397343.75,-13.84603
1390397500.0,-13.85058
1390397656.25,-13.85607
1390397812.5,-13.85956
1390397968.75,-13.86293
1390398125.0,-13.86859
1390398281.25,-13.87266
1390398437.5,-13.87817
1390398593.75,-13.88235
1390398750.0,-13.88618
1390398906.25,-13.89143
1390399062.5,-13.89606
1390399218.75,-13.9004
1390399375.0,-13.90424
1390399531.25,-13.90974
1390399687.5,-13.91363
1390399843.75,-13.91848
1390400000.0,-13.92234
1390400156.25,-13.92725
1390400312.5,-13.93238
1390400468.75,-13.93622
1390400625.0,-13.94186
1390400781.25,-13.94551
1390400937.5,-13.95048
1390401093.75,-13.95385
1390401250.0,-13.96046
1390401406.25,-13.96385
1390401562.5,-13.96791
1390401718.75,-13.97404
1390401875.0,-13.97734
1390402031.25,-13.98132
1390402187.5,-13.98715
1390402343.75,-13.99162
1390402500.0,-13.9962
1390402656.25,-14.00078
1390402812.5,-14.00546
1390402968.75,-14.0104
1390403125.0,-14.01521
1390403281.25,-14.01977
1390403437.5,-14.02474
1390403593.75,-14.02828
1390403750.0,-14.03329
1390403906.25,-14.03747
1390404062.5,-14.04167
1390404218.75,-14.04717
1390404375.0,-14.05167
1390404531.25,-14.05585
1390404687.5,-14.06027
1390404843.75,-14.06597
1390405000.0,-14.07004
1390405156.25,-14.07529
1390405312.5,-14.07883
1390405468.75,-14.08426
1390405625.0,-14.08855
1390405781.25,-14.09348
1390405937.5,-14.09875
1390406093.75,-14.10286
1390406250.0,-14.10785
1390406406.25,-14.11179
1390406562.5,-14.11714
1390406718.75,-14.12021
1390406875.0,-14.1261
1390407031.25,-14.13099
1390407187.5,-14.13585
1390407343.75,-14.14028
1390407500.0,-14.14359
1390407656.25,-14.14915
1390407812.5,-14.15373
1390407968.75,-14.15803
1390408125.0,-14.16311
1390408281.25,-14.16864
1390408437.5,-14.17262
1390408593.75,-14.17775
1390408750.0,-14.18258
1390408906.25,-14.18615
1390409062.5,-14.19104
1390409218.75,-14.19523
1390409375.0,-14.20075
1390409531.25,-14.20436
1390409687.5,-14.21039
1390409843.75,-14.21335
1390410000.0,-14.21963
1390410156.25,-14.22354
1390410312.5,-14.22909
1390410468.75,-14.23332
1390410625.0,-14.2392
1390410781.25,-14.24356
1390410937.5,-14.24841
1390411093.75,-14.25356
1390411250.0,-14.2574
1390411406.25,-14.2607
1390411562.5,-14.26647
1390411718.75,-14.27313
1390411875.0,-14.27617
1390412031.25,-14.27984
1390412187.5,-14.2863
1390412343.75,-14.28977
1390412500.0,-14.2967
1390412656.25,-14.2994
1390412812.5,-14.30483
1390412968.75,-14.30887
1390413125.0,-14.31392
1390413281.25,-14.3191
1390413437.5,-14.32417
1390413593.75,-14.32781
1390413750.0,-14.33339
1390413906.25,-14.33787
1390414062.5,-14.34182
1390414218.75,-14.34757
1390414375.0,-14.35172
1390414531.25,-14.35691
1390414687.5,-14.36113
1390414843.75,-14.36634
1390415000.0,-14.37156
1390415156.25,-14.37553
1390415312.5,-14.381
1390415468.75,-14.38631
1390415625.0,-14.38986
1390415781.25,-14.39433
1390415937.5,-14.40052
1390416093.75,-14.40402
1390416250.0,-14.40931
1390416406.25,-14.41369
1390416562.5,-14.41881
1390416718.75,-14.42377
1390416875.0,-14.42885
1390417031.25,-14.43271
1390417187.5,-14.43721
1390417343.75,-14.44325
1390417500.0,-14.44748
1390417656.25,-14.45193
1390417812.5,-14.45681
1390417968.75,-14.46132
1390418125.0,-14.4654
1390418281.25,-14.47141
1390418437.5,-14.4761
1390418593.75,-14.48002
1390418750.0,-14.48465
1390418906.25,-14.49112
1390419062.5,-14.49598
1390419218.75,-14.50008
1390419375.0,-14.50489
1390419531.25,-14.51001
1390419687.5,-14.51361
1390419843.75,-14.51842
1390420000.0,-14.52464
1390420156.25,-14.52911
1390420312.5,-14.53281
1390420468.75,-14.53769
1390420625.0,-14.54314
1390420781.25,-14.54843
1390420937.5,-14.55299
1390421093.75,-14.55815
1390421250.0,-14.56279
1390421406.25,-14.56722
1390421562.5,-14.5716
1390421718.75,-14.57702
1390421875.0,-14.58197
1390422031.25,-14.58625
1390422187.5,-14.5916
1390422343.75,-14.59668
1390422500.0,-14.60052
1390422656.25,-14.60633
1390422812.5,-14.61136
1390422968.75,-14.61638
1390423125.0,-14.62147
1390423281.25,-14.62512
1390423437.5,-14.63061
1390423593.75,-14.63587
1390423750.0,-14.64062
1390423906.25,-14.64436
1390424062.5,-14.64931
1390424218.75,-14.65366
1390424375.0,-14.6585
1390424531.25,-14.66363
1390424687.5,-14.67047
1390424843.75,-14.67366
1390425000.0,-14.67843
1390425156.25,-14.68324
1390425312.5,-14.68812
1390425468.75,-14.69276
1390425625.0,-14.69828
1390425781.25,-14.70454
1390425937.5,-14.70854
1390426093.75,-14.71183
1390426250.0,-14.7186
1390426406.25,-14.72169
1390426562.5,-14.72766
1390426718.75,-14.73156
1390426875.0,-14.73624
1390427031.25,-14.7413
1390427187.5,-14.74673
1390427343.75,-14.75005
1390427500.0,-14.75626
1390427656.25,-14.7627
1390427812.5,-14.76506
1390427968.75,-14.77044
1390428125.0,-14.77596
1390428281.25,-14.78067
1390428437.5,-14.78468
1390428593.75,-14.78957
1390428750.0,-14.79418
1390428906.25,-14.8003
1390429062.5,-14.80521
1390429218.75,-14.80925
1390429375.0,-14.81412
1390429531.25,-14.81956
1390429687.5,-14.82428
1390429843.75,-14.82968
1390430000.0,-14.83376
1390430156.25,-14.83942
1390430312.5,-14.84338
1390430468.75,-14.84946
1390430625.0,-14.8542
1390430781.25,-14.85866
1390430937.5,-14.86326
1390431093.75,-14.86769
1390431250.0,-14.87253
1390431406.25,-14.87915
1390431562.5,-14.88285
1390431718.75,-14.8882
1390431875.0,-14.89232
1390432031.25,-14.89625
1390432187.5,-14.90187
1390432343.75,-14.90659
1390432500.0,-14.91248
1390432656.25,-14.91666
1390432812.5,-14.92083
1390432968.75,-14.92704
1390433125.0,-14.93144
1390433281.25,-14.93695
1390433437.5,-14.9405
1390433593.75,-14.94641
1390433750.0,-14.95161
1390433906.25,-14.95597
1390434062.5,-14.9596
1390434218.75,-14.96545
1390434375.0,-14.97055
1390434531.25,-14.97565
1390434687.5,-14.98035
1390434843.75,-14.98441
1390435000.0,-14.98943
1390435156.25,-14.99355
1390435312.5,-15.00021
1390435468.75,-15.00533
1390435625.0,-15.00943
1390435781.25,-15.01424
1390435937.5,-15.0189
1390436093.75,-15.02516
1390436250.0,-15.02965
1390436406.25,-15.03496
1390436562.5,-15.04045
1390436718.75,-15.04259
1390436875.0,-15.0488
1390437031.25,-15.05447
1390437187.5,-15.05907
1390437343.75,-15.06288
1390437500.0,-15.06916
1390437656.25,-15.07347
1390437812.5,-15.07898
1390437968.75,-15.08295
1390438125.0,-15.08808
1390438281.25,-15.09351
1390438437.5,-15.09857
1390438593.75,-15.10317
1390438750.0,-15.1081
1390438906.25,-15.11257
1390439062.5,-15.11697
1390439218.75,-15.12107
1390439375.0,-15.12766
1390439531.25,-15.13127
1390439687.5,-15.13762
1390439843.75,-15.1408
1390440000.0,-15.14452
1390440156.25,-15.15176
1390440312.5,-15.15645
1390440468.75,-15.16169
1390440625.0,-15.16696
1390440781.25,-15.17065
1390440937.5,-15.17537
1390441093.75,-15.17987
1390441250.0,-15.18556
1390441406.25,-15.19069
1390441562.5,-15.19548
1390441718.75,-15.20133
1390441875.0,-15.20476
1390442031.25,-15.21007
1390442187.5,-15.21554
1390442343.75,-15.22005
1390442500.0,-15.22547
1390442656.25,-15.23021
1390442812.5,-15.2355
1390442968.75,-15.24032
1390443125.0,-15.24524
1390443281.25,-15.25006
1390443437.5,-15.25485
1390443593.75,-15.25924
1390443750.0,-15.2644
1390443906.25,-15.26905
1390444062.5,-15.27386
1390444218.75,-15.27869
1390444375.0,-15.28374
1390444531.25,-15.28806
1390444687.5,-15.29405
1390444843.75,-15.29867
1390445000.0,-15.30373
1390445156.25,-15.30749
1390445312.5,-15.31167
1390445468.75,-15.31788
1390445625.0,-15.32369
1390445781.25,-15.32724
1390445937.5,-15.3325
1390446093.75,-15.33746
1390446250.0,-15.34352
1390446406.25,-15.34724
1390446562.5,-15.35169
1390446718.75,-15.35676
1390446875.0,-15.36148
1390447031.25,-15.36731
1390447187.5,-15.37217
1390447343.75,-15.37664
1390447500.0,-15.38102
1390447656.25,-15.38687
1390447812.5,-15.39129
1390447968.75,-15.39568
1390448125.0,-15.40069
1390448281.25,-15.4044
1390448437.5,-15.41042
1390448593.75,-15.41676
1390448750.0,-15.42165
1390448906.25,-15.42485
1390449062.5,-15.42911
1390449218.75,-15.43606
1390449375.0,-15.44074
1390449531.25,-15.44576
1390449687.5,-15.45067
1390449843.75,-15.45439
1390450000.0,-15.4595
1390450156.25,-15.46401
1390450312.5,-15.46911
1390450468.75,-15.47353
1390450625.0,-15.4796
1390450781.25,-15.48479
1390450937.5,-15.48892
1390451093.75,-15.49336
1390451250.0,-15.49827
1390451406.25,-15.50347
1390451562.5,-15.50943
1390451718.75,-15.51367
1390451875.0,-15.51778
1390452031.25,-15.52366
1390452187.5,-15.52721
1390452343.75,-15.5331
1390452500.0,-15.5375
1390452656.25,-15.54257
1390452812.5,-15.54708
1390452968.75,-15.55324
1390453125.0,-15.55787
1390453281.25,-15.56309
1390453437.5,-15.56708
1390453593.75,-15.57269
1390453750.0,-15.5769
1390453906.25,-15.58277
1390454062.5,-15.58719
1390454218.75,-15.59214
1390454375.0,-15.59715
1390454531.25,-15.601
1390454687.5,-15.60694
1390454843.75,-15.6115
1390455000.0,-15.61561
1390455156.25,-15.62035
1390455312.5,-15.62564
1390455468.75,-15.63126
1390455625.0,-15.63497
1390455781.25,-15.64134
1390455937.5,-15.64499
1390456093.75,-15.65085
1390456250.0,-15.65577
1390456406.25,-15.65973
1390456562.5,-15.66522
1390456718.75,-15.6702
1390456875.0,-15.67462
1390457031.25,-15.67891
1390457187.5,-15.6847
1390457343.75,-15.68862
1390457500.0,-15.69367
1390457656.25,-15.69851
1390457812.5,-15.70352
1390457968.75,-15.70868
1390458125.0,-15.71287
1390458281.25,-15.71822
1390458437.5,-15.72422
1390458593.75,-15.72775
1390458750.0,-15.73342
1390458906.25,-15.73895
1390459062.5,-15.74353
1390459218.75,-15.74797
1390459375.0,-15.75282
1390459531.25,-15.75876
1390459687.5,-15.76241
1390459843.75,-15.76528
1390460000.0,-15.77216
1390460156.25,-15.7768
1390460312.5,-15.78161
1390460468.75,-15.78609
1390460625.0,-15.79183
1390460781.25,-15.79645
1390460937.5,-15.79947
1390461093.75,-15.80689
1390461250.0,-15.81028
1390461406.25,-15.81658
1390461562.5,-15.8215
1390461718.75,-15.82626
1390461875.0,-15.8314
1390462031.25,-15.83802
1390462187.5,-15.8409
1390462343.75,-15.84329
1390462500.0,-15.84992
1390462656.25,-15.8547
1390462812.5,-15.86024
1390462968.75,-15.86468
1390463125.0,-15.86878
1390463281.25,-15.87504
1390463437.5,-15.87905
1390463593.75,-15.88381
1390463750.0,-15.88922
1390463906.25,-15.89421
1390464062.5,-15.89892
1390464218.75,-15.90248
1390464375.0,-15.90813
1390464531.25,-15.91376
1390464687.5,-15.91868
1390464843.75,-15.92305
1390465000.0,-15.9273
1390465156.25,-15.93257
1390465312.5,-15.93666
1390465468.75,-15.94278
1390465625.0,-15.94624
1390465781.25,-15.95198
1390465937.5,-15.95675
1390466093.75,-15.96158
1390466250.0,-15.96603
1390466406.25,-15.97272
1390466562.5,-15.97482
1390466718.75,-15.98084
1390466875.0,-15.98617
1390467031.25,-15.99084
1390467187.5,-15.99638
1390467343.75,-15.99976
1390467500.0,-16.00565
1390467656.25,-16.01084
1390467812.5,-16.0153
1390467968.75,-16.02041
1390468125.0,-16.02344
1390468281.25,-16.02884
1390468437.5,-16.0343
1390468593.75,-16.03962
1390468750.0,-16.04422
1390468906.25,-16.04943
1390469062.5,-16.05397
1390469218.75,-16.05853
1390469375.0,-16.06334
1390469531.25,-16.06809
1390469687.5,-16.07394
1390469843.75,-16.07775
1390470000.0,-16.08226
1390470156.25,-16.08784
1390470312.5,-16.09176
1390470468.75,-16.09613
1390470625.0,-16.10151
1390470781.25,-16.10628
1390470937.5,-16.11209
1390471093.75,-16.1161
1390471250.0,-16.12266
1390471406.25,-16.12537
1390471562.5,-16.13148
1390471718.75,-16.13655
1390471875.0,-16.13978
1390472031.25,-16.1441
1390472187.5,-16.1503
1390472343.75,-16.15402
1390472500.0,-16.16008
1390472656.25,-16.16528
1390472812.5,-16.1687
1390472968.75,-16.1746
1390473125.0,-16.17872
1390473281.25,-16.18384
1390473437.5,-16.18879
1390473593.75,-16.19383
1390473750.0,-16.19832
1390473906.25,-16.20142
1390474062.5,-16.20672
1390474218.75,-16.21264
1390474375.0,-16.21685
1390474531.25,-16.2216
1390474687.5,-16.2254
1390474843.75,-16.23232
1390475000.0,-16.23537
1390475156.25,-16.24101
1390475312.5,-16.24551
1390475468.75,-16.25076
1390475625.0,-16.25544
1390475781.25,-16.26005
1390475937.5,-16.26392
1390476093.75,-16.26912
1390476250.0,-16.27326
1390476406.25,-16.27843
1390476562.5,-16.28656
1390476718.75,-16.28752
1390476875.0,-16.29397
1390477031.25,-16.29985
1390477187.5,-16.30476
1390477343.75,-16.30847
1390477500.0,-16.31272
1390477656.25,-16.31706
1390477812.5,-16.32324
1390477968.75,-16.32794
1390478125.0,-16.33237
1390478281.25,-16.33758
1390478437.5,-16.34135
1390478593.75,-16.34659
1390478750.0,-16.35086
1390478906.25,-16.35744
1390479062.5,-16.36046
1390479218.75,-16.36606
1390479375.0,-16.36909
1390479531.25,-16.37493
1390479687.5,-16.37981
1390479843.75,-16.3842
1390480000.0,-16.3884
1390480156.25,-16.39399
1390480312.5,-16.40034
1390480468.75,-16.404
1390480625.0,-16.40736
1390480781.25,-16.41149
1390480937.5,-16.41859
1390481093.75,-16.42302
1390481250.0,-16.42638
1390481406.25,-16.43183
1390481562.5,-16.43759
1390481718.75,-16.44151
1390481875.0,-16.44782
1390482031.25,-16.45072
1390482187.5,-16.4555
1390482343.75,-16.46048
1390482500.0,-16.46557
1390482656.25,-16.46969
1390482812.5,-16.47569
1390482968.75,-16.48025
1390483125.0,-16.48495
1390483281.25,-16.48936
1390483437.5,-16.49505
1390483593.75,-16.49928
1390483750.0,-16.50365
1390483906.25,-16.50853
1390484062.5,-16.51235
1390484218.75,-16.51846
1390484375.0,-16.52225
1390484531.25,-16.52732
1390484687.5,-16.53227
1390484843.75,-16.53685
1390485000.0,-16.54157
1390485156.25,-16.54712
1390485312.5,-16.55111
1390485468.75,-16.5565
1390485625.0,-16.55908
1390485781.25,-16.56596
1390485937.5,-16.56964
1390486093.75,-16.57444
1390486250.0,-16.57917
1390486406.25,-16.58393
1390486562.5,-16.58987
1390486718.75,-16.59351
1390486875.0,-16.59761
1390487031.25,-16.60297
1390487187.5,-16.60872
1390487343.75,-16.6115
1390487500.0,-16.61695
1390487656.25,-16.62322
1390487812.5,-16.6252
1390487968.75,-16.63222
1390488125.0,-16.63638
1390488281.25,-16.64123
1390488437.5,-16.64468
1390488593.75,-16.6501
1390488750.0,-16.6541
1390488906.25,-16.66012
1390489062.5,-16.6656
1390489218.75,-16.669
1390489375.0,-16.67379
1390489531.25,-16.67939
1390489687.5,-16.68504
1390489843.75,-16.68791
1390490000.0,-16.69264
1390490156.25,-16.6972
1390490312.5,-16.70186
1390490468.75,-16.70729
1390490625.0,-16.71134
1390490781.25,-16.71551
1390490937.5,-16.72128
1390491093.75,-16.72634
1390491250.0,-16.72922
1390491406.25,-16.73543
1390491562.5,-16.74005
1390491718.75,-16.7452
1390491875.0,-16.74988
1390492031.25,-16.75302
1390492187.5,-16.75781
1390492343.75,-16.76345
1390492500.0,-16.76812
1390492656.25,-16.77326
1390492812.5,-16.77678
1390492968.75,-16.78102
1390493125.0,-16.78597
1390493281.25,-16.79065
1390493437.5,-16.79671
1390493593.75,-16.8005
1390493750.0,-16.80549
1390493906.25,-16.81108
1390494062.5,-16.81578
1390494218.75,-16.81809
1390494375.0,-16.82414
1390494531.25,-16.82717
1390494687.5,-16.83341
1390494843.75,-16.83736
1390495000.0,-16.84225
1390495156.25,-16.8477
1390495312.5,-16.85133
1390495468.75,-16.85555
1390495625.0,-16.86102
1390495781.25,-16.86564
1390495937.5,-16.87004
1390496093.75,-16.87508
1390496250.0,-16.87906
1390496406.25,-16.88419
1390496562.5,-16.89025
1390496718.75,-16.89335
1390496875.0,-16.89885
1390497031.25,-16.90262
1390497187.5,-16.90802
1390497343.75,-16.91298
1390497500.0,-16.9173
1390497656.25,-16.92079
1390497812.5,-16.92726
1390497968.75,-16.93084
1390498125.0,-16.93705
1390498281.25,-16.93975
1390498437.5,-16.94567
1390498593.75,-16.94819
1390498750.0,-16.95437
1390498906.25,-16.95836
1390499062.5,-16.96313
1390499218.75,-16.96811
1390499375.0,-16.97275
1390499531.25,-16.9769
1390499687.5,-16.98169
1390499843.75,-16.98704
1390500000.0,-16.99246
1390500156.25,-16.996
1390500312.5,-17.0003
1390500468.75,-17.00472
1390500625.0,-17.00911
1390500781.25,-17.01407
1390500937.5,-17.01809
1390501093.75,-17.02217
1390501250.0,-17.02801
1390501406.25,-17.03316
1390501562.5,-17.03783
1390501718.75,-17.04218
1390501875.0,-17.04633
1390502031.25,-17.04959
1390502187.5,-17.05564
1390502343.75,-17.06043
1390502500.0,-17.06465
1390502656.25,-17.06868
1390502812.5,-17.07455
1390502968.75,-17.0786
1390503125.0,-17.083
1390503281.25,-17.08676
1390503437.5,-17.09375
1390503593.75,-17.09582
1390503750.0,-17.10101
1390503906.25,-17.10727
1390504062.5,-17.11009
1390504218.75,-17.11652
1390504375.0,-17.11967
1390504531.25,-17.12408
1390504687.5,-17.13004
1390504843.75,-17.13442
1390505000.0,-17.13977
1390505156.25,-17.1438
1390505312.5,-17.14783
1390505468.75,-17.15375
1390505625.0,-17.15793
1390505781.25,-17.16136
1390505937.5,-17.16599
1390506093.75,-17.17045
1390506250.0,-17.17557
1390506406.25,-17.17866
1390506562.5,-17.18398
1390506718.75,-17.18912
1390506875.0,-17.19461
1390507031.25,-17.19837
1390507187.5,-17.20269
1390507343.75,-17.20617
1390507500.0,-17.21107
1390507656.25,-17.21723
1390507812.5,-17.22179
1390507968.75,-17.2255
1390508125.0,-17.22961
1390508281.25,-17.2339
1390508437.5,-17.23928
1390508593.75,-17.24296
1390508750.0,-17.2477
1390508906.25,-17.2527
1390509062.5,-17.25743
1390509218.75,-17.26213
1390509375.0,-17.26493
1390509531.25,-17.27043
1390509687.5,-17.27673
1390509843.75,-17.27901
1390510000.0,-17.28441
1390510156.25,-17.29006
1390510312.5,-17.29462
1390510468.75,-17.29781
1390510625.0,-17.30362
1390510781.25,-17.30844
1390510937.5,-17.31115
1390511093.75,-17.3147
1390511250.0,-17.32077
1390511406.25,-17.32596
1390511562.5,-17.32908
1390511718.75,-17.33521
1390511875.0,-17.33804
1390512031.25,-17.34303
1390512187.5,-17.34944
1390512343.75,-17.35243
1390512500.0,-17.35683
1390512656.25,-17.36263
1390512812.5,-17.36634
1390512968.75,-17.3709
1390513125.0,-17.37463
1390513281.25,-17.38128
1390513437.5,-17.38333
1390513593.75,-17.38879
1390513750.0,-17.39445
1390513906.25,-17.39777
1390514062.5,-17.40288
1390514218.75,-17.40699
1390514375.0,-17.41219
1390514531.25,-17.41608
1390514687.5,-17.4213
1390514843.75,-17.42636
1390515000.0,-17.42968
1390515156.25,-17.43574
1390515312.5,-17.43951
1390515468.75,-17.44414
1390515625.0,-17.44794
1390515781.25,-17.45316
1390515937.5,-17.45691
1390516093.75,-17.46068
1390516250.0,-17.46536
1390516406.25,-17.47122
1390516562.5,-17.47508
1390516718.75,-17.47865
1390516875.0,-17.48433
1390517031.25,-17.48946
1390517187.5,-17.49268
1390517343.75,-17.49759
1390517500.0,-17.50115
1390517656.25,-17.50697
1390517812.5,-17.51024
1390517968.75,-17.51585
1390518125.0,-17.51913
1390518281.25,-17.5236
1390518437.5,-17.5289
1390518593.75,-17.53365
1390518750.0,-17.53622
1390518906.25,-17.54204
1390519062.5,-17.54569
1390519218.75,-17.55165
1390519375.0,-17.55548
1390519531.25,-17.55974
1390519687.5,-17.56364
1390519843.75,-17.56802
1390520000.0,-17.57226
1390520156.25,-17.57738
1390520312.5,-17.58193
1390520468.75,-17.5864
1390520625.0,-17.59238
1390520781.25,-17.59609
1390520937.5,-17.60036
1390521093.75,-17.60417
1390521250.0,-17.60807
1390521406.25,-17.61373
1390521562.5,-17.61787
1390521718.75,-17.62134
1390521875.0,-17.6278
1390522031.25,-17.63111
1390522187.5,-17.63641
1390522343.75,-17.63969
1390522500.0,-17.64418
1390522656.25,-17.64825
1390522812.5,-17.65168
1390522968.75,-17.65873
1390523125.0,-17.66286
1390523281.25,-17.66559
1390523437.5,-17.67075
1390523593.75,-17.67458
1390523750.0,-17.6796
1390523906.25,-17.68427
1390524062.5,-17.68852
1390524218.75,-17.6946
1390524375.0,-17.69685
1390524531.25,-17.70105
1390524687.5,-17.70554
1390524843.75,-17.71143
1390525000.0,-17.71572
1390525156.25,-17.71921
1390525312.5,-17.72565
1390525468.75,-17.7288
1390525625.0,-17.7327
1390525781.25,-17.73873
1390525937.5,-17.74
1390526093.75,-17.7462
1390526250.0,-17.75126
1390526406.25,-17.75619
1390526562.5,-17.75907
1390526718.75,-17.76437
1390526875.0,-17.7687
1390527031.25,-17.77337
1390527187.5,-17.77714
1390527343.75,-17.78048
1390527500.0,-17.78653
1390527656.25,-17.79089
1390527812.5,-17.79453
1390527968.75,-17.79941
1390528125.0,-17.80453
1390528281.25,-17.80923
1390528437.5,-17.81235
1390528593.75,-17.81652
1390528750.0,-17.82117
1390528906.25,-17.8254
1390529062.5,-17.83099
1390529218.75,-17.83392
1390529375.0,-17.83903
1390529531.25,-17.84264
1390529687.5,-17.84837
1390529843.75,-17.8522
1390530000.0,-17.85584
1390530156.25,-17.8601
1390530312.5,-17.86436
1390530468.75,-17.86845
1390530625.0,-17.87399
1390530781.25,-17.87749
1390530937.5,-17.88214
1390531093.75,-17.88627
1390531250.0,-17.89118
1390531406.25,-17.89548
1390531562.5,-17.89959
1390531718.75,-17.904
1390531875.0,-17.90815
1390532031.25,-17.9123
1390532187.5,-17.91755
1390532343.75,-17.92067
1390532500.0,-17.92487
1390532656.25,-17.93016
1390532812.5,-17.93468
1390532968.75,-17.9398
1390533125.0,-17.94361
1390533281.25,-17.94773
1390533437.5,-17.95125
1390533593.75,-17.95583
1390533750.0,-17.9625
1390533906.25,-17.96528
1390534062.5,-17.96949
1390534218.75,-17.97267
1390534375.0,-17.97857
1390534531.25,-17.98234
1390534687.5,-17.98515
1390534843.75,-17.98943
1390535000.0,-17.99584
1390535156.25,-17.99945
1390535312.5,-18.00357
1390535468.75,-18.00649
1390535625.0,-18.01164
1390535781.25,-18.01646
1390535937.5,-18.02061
1390536093.75,-18.02651
1390536250.0,-18.02924
1390536406.25,-18.03377
1390536562.5,-18.03872
1390536718.75,-18.04302
1390536875.0,-18.04744
1390537031.25,-18.05019
1390537187.5,-18.05586
1390537343.75,-18.0603
1390537500.0,-18.06362
1390537656.25,-18.06931
1390537812.5,-18.07177
1390537968.75,-18.07663
1390538125.0,-18.08309
1390538281.25,-18.08485
1390538437.5,-18.09065
1390538593.75,-18.09461
1390538750.0,-18.09928
1390538906.25,-18.10149
1390539062.5,-18.10746
1390539218.75,-18.11112
1390539375.0,-18.11603
1390539531.25,-18.1206
1390539687.5,-18.12499
1390539843.75,-18.13022
1390540000.0,-18.13272
1390540156.25,-18.1369
1390540312.5,-18.14254
1390540468.75,-18.1445
1390540625.0,-18.15108
1390540781.25,-18.15451
1390540937.5,-18.15939
1390541093.75,-18.16263
1390541250.0,-18.16759
1390541406.25,-18.17226
1390541562.5,-18.17749
1390541718.75,-18.1801
1390541875.0,-18.18332
1390542031.25,-18.18996
1390542187.5,-18.19281
1390542343.75,-18.19826
1390542500.0,-18.20213
1390542656.25,-18.20691
1390542812.5,-18.21119
1390542968.75,-18.2137
1390543125.0,-18.2192
1390543281.25,-18.2226
1390543437.5,-18.2272
1390543593.75,-18.23138
1390543750.0,-18.23633
1390543906.25,-18.23883
1390544062.5,-18.24429
1390544218.75,-18.24764
1390544375.0,-18.2522
1390544531.25,-18.25755
1390544687.5,-18.26256
1390544843.75,-18.2647
1390545000.0,-18.26899
1390545156.25,-18.27434
1390545312.5,-18.27708
1390545468.75,-18.28257
1390545625.0,-18.28648
1390545781.25,-18.29045
1390545937.5,-18.29597
1390546093.75,-18.30017
1390546250.0,-18.30291
1390546406.25,-18.30704
1390546562.5,-18.31192
1390546718.75,-18.31603
1390546875.0,-18.32058
1390547031.25,-18.32516
1390547187.5,-18.32951
1390547343.75,-18.33306
1390547500.0,-18.33771
1390547656.25,-18.34213
1390547812.5,-18.34485
1390547968.75,-18.35031
1390548125.0,-18.35501
1390548281.25,-18.35841
1390548437.5,-18.36276
1390548593.75,-18.36625
1390548750.0,-18.36983
1390548906.25,-18.37636
1390549062.5,-18.37906
1390549218.75,-18.38399
1390549375.0,-18.38831
1390549531.25,-18.39252
1390549687.5,-18.3975
1390549843.75,-18.39952
1390550000.0,-18.40379
1390550156.25,-18.40923
1390550312.5,-18.41269
1390550468.75,-18.41786
1390550625.0,-18.42216
1390550781.25,-18.4261
1390550937.5,-18.42954
1390551093.75,-18.43419
1390551250.0,-18.43921
1390551406.25,-18.44238
1390551562.5,-18.44579
1390551718.75,-18.44892
1390551875.0,-18.45398
1390552031.25,-18.46035
1390552187.5,-18.46366
1390552343.75,-18.4675
1390552500.0,-18.47288
1390552656.25,-18.4767
1390552812.5,-18.48201
1390552968.75,-18.48481
1390553125.0,-18.48898
1390553281.25,-18.49357
1390553437.5,-18.49748
1390553593.75,-18.50126
1390553750.0,-18.50412
1390553906.25,-18.50889
1390554062.5,-18.5127
1390554218.75,-18.51824
1390554375.0,-18.52145
1390554531.25,-18.52637
1390554687.5,-18.52944
1390554843.75,-18.53455
1390555000.0,-18.53954
1390555156.25,-18.54372
1390555312.5,-18.54782
1390555468.75,-18.55193
1390555625.0,-18.55444
1390555781.25,-18.55884
1390555937.5,-18.5649
1390556093.75,-18.56724
1390556250.0,-18.57204
1390556406.25,-18.57559
1390556562.5,-18.58037
1390556718.75,-18.58258
1390556875.0,-18.58849
1390557031.25,-18.59248
1390557187.5,-18.59767
1390557343.75,-18.60286
1390557500.0,-18.60468
1390557656.25,-18.60918
1390557812.5,-18.61334
1390557968.75,-18.61779
1390558125.0,-18.6214
1390558281.25,-18.62634
1390558437.5,-18.63061
1390558593.75,-18.63404
1390558750.0,-18.63895
1390558906.25,-18.64074
1390559062.5,-18.64661
1390559218.75,-18.65103
1390559375.0,-18.65499
1390559531.25,-18.65784
1390559687.5,-18.66277
1390559843.75,-18.66672
1390560000.0,-18.67177
1390560156.25,-18.67509
1390560312.5,-18.67816
1390560468.75,-18.68263
1390560625.0,-18.68676
1390560781.25,-18.69202
1390560937.5,-18.69485
1390561093.75,-18.70083
1390561250.0,-18.70424
1390561406.25,-18.70706
1390561562.5,-18.71325
1390561718.75,-18.71634
1390561875.0,-18.7197
1390562031.25,-18.72507
1390562187.5,-18.7294
1390562343.75,-18.73328
1390562500.0,-18.73712
1390562656.25,-18.73864
1390562812.5,-18.74446
1390562968.75,-18.74954
1390563125.0,-18.75265
1390563281.25,-18.75769
1390563437.5,-18.76005
1390563593.75,-18.76545
1390563750.0,-18.76698
1390563906.25,-18.77284
1390564062.5,-18.77762
1390564218.75,-18.7816
1390564375.0,-18.78363
1390564531.25,-18.78982
1390564687.5,-18.79264
1390564843.75,-18.79648
1390565000.0,-18.80188
1390565156.25,-18.80588
1390565312.5,-18.81064
1390565468.75,-18.81333
1390565625.0,-18.81862
1390565781.25,-18.82227
1390565937.5,-18.82648
1390566093.75,-18.82947
1390566250.0,-18.83426
1390566406.25,-18.83746
1390566562.5,-18.84306
1390566718.75,-18.84688
1390566875.0,-18.84925
1390567031.25,-18.8543
1390567187.5,-18.85888
1390567343.75,-18.86284
1390567500.0,-18.86671
1390567656.25,-18.87087
1390567812.5,-18.87543
1390567968.75,-18.87833
1390568125.0,-18.88295
1390568281.25,-18.88576
1390568437.5,-18.88935
1390568593.75,-18.89515
1390568750.0,-18.89904
1390568906.25,-18.90218
1390569062.5,-18.90651
1390569218.75,-18.91037
1390569375.0,-18.91579
1390569531.25,-18.91741
1390569687.5,-18.92322
1390569843.75,-18.92683
1390570000.0,-18.93192
1390570156.25,-18.93221
1390570312.5,-18.93881
1390570468.75,-18.94379
1390570625.0,-18.94659
1390570781.25,-18.94985
1390570937.5,-18.95447
1390571093.75,-18.95821
1390571250.0,-18.96384
1390571406.25,-18.96754
1390571562.5,-18.97184
1390571718.75,-18.97475
1390571875.0,-18.97929
1390572031.25,-18.98322
1390572187.5,-18.9877
1390572343.75,-18.99072
1390572500.0,-18.9964
1390572656.25,-18.99852
1390572812.5,-19.00333
1390572968.75,-19.00724
1390573125.0,-19.01246
1390573281.25,-19.01568
1390573437.5,-19.0198
1390573593.75,-19.02334
1390573750.0,-19.02744
1390573906.25,-19.03067
1390574062.5,-19.03484
1390574218.75,-19.03995
1390574375.0,-19.0443
1390574531.25,-19.04745
1390574687.5,-19.05197
1390574843.75,-19.05608
1390575000.0,-19.05818
1390575156.25,-19.06281
1390575312.5,-19.06659
1390575468.75,-19.06972
1390575625.0,-19.0745
1390575781.25,-19.0801
1390575937.5,-19.08106
1390576093.75,-19.08653
1390576250.0,-19.09266
1390576406.25,-19.09427
1390576562.5,-19.09916
1390576718.75,-19.10142
1390576875.0,-19.10629
1390577031.25,-19.11075
1390577187.5,-19.11546
1390577343.75,-19.11922
1390577500.0,-19.12194
1390577656.25,-19.12581
1390577812.5,-19.13103
1390577968.75,-19.13544
1390578125.0,-19.13952
1390578281.25,-19.14425
1390578437.5,-19.14526
1390578593.75,-19.14958
1390578750.0,-19.15615
1390578906.25,-19.15796
1390579062.5,-19.16227
1390579218.75,-19.16572
1390579375.0,-19.16925
1390579531.25,-19.17422
1390579687.5,-19.17897
1390579843.75,-19.18219
1390580000.0,-19.18444
1390580156.25,-19.19019
1390580312.5,-19.19326
1390580468.75,-19.19645
1390580625.0,-19.20311
1390580781.25,-19.20489
1390580937.5,-19.20857
1390581093.75,-19.21391
1390581250.0,-19.21605
1390581406.25,-19.22081
1390581562.5,-19.22383
1390581718.75,-19.22862
1390581875.0,-19.2317
1390582031.25,-19.23884
1390582187.5,-19.23976
1390582343.75,-19.24599
1390582500.0,-19.24738
1390582656.25,-19.25272
1390582812.5,-19.25549
1390582968.75,-19.26163
1390583125.0,-19.26449
1390583281.25,-19.26917
1390583437.5,-19.27263
1390583593.75,-19.276
1390583750.0,-19.27921
1390583906.25,-19.28403
1390584062.5,-19.28705
1390584218.75,-19.29029
1390584375.0,-19.29637
1390584531.25,-19.29907
1390584687.5,-19.30237
1390584843.75,-19.30765
1390585000.0,-19.31408
1390585156.25,-19.31374
1390585312.5,-19.31875
1390585468.75,-19.32264
1390585625.0,-19.32594
1390585781.25,-19.32946
1390585937.5,-19.33555
1390586093.75,-19.33886
1390586250.0,-19.34074
1390586406.25,-19.34683
1390586562.5,-19.34969
1390586718.75,-19.35294
1390586875.0,-19.35716
1390587031.25,-19.36206
1390587187.5,-19.364
1390587343.75,-19.36946
1390587500.0,-19.37243
1390587656.25,-19.37787
1390587812.5,-19.38123
1390587968.75,-19.38414
1390588125.0,-19.38841
1390588281.25,-19.39414
1390588437.5,-19.39713
1390588593.75,-19.40129
1390588750.0,-19.40337
1390588906.25,-19.40814
1390589062.5,-19.41302
1390589218.75,-19.41651
1390589375.0,-19.42009
1390589531.25,-19.42551
1390589687.5,-19.42873
1390589843.75,-19.43162
1390590000.0,-19.43506
1390590156.25,-19.43995
1390590312.5,-19.44292
1390590468.75,-19.44607
1390590625.0,-19.44911
1390590781.25,-19.45443
1390590937.5,-19.45799
1390591093.75,-19.46233
1390591250.0,-19.46658
1390591406.25,-19.46968
1390591562.5,-19.47345
1390591718.75,-19.47599
1390591875.0,-19.48121
1390592031.25,-19.48432
1390592187.5,-19.49055
1390592343.75,-19.49354
1390592500.0,-19.49668
1390592656.25,-19.5
1390592812.5,-19.50428
1390592968.75,-19.50948
1390593125.0,-19.51276
1390593281.25,-19.51567
1390593437.5,-19.51972
1390593593.75,-19.52419
1390593750.0,-19.52711
1390593906.25,-19.53176
1390594062.5,-19.53535
1390594218.75,-19.53682
1390594375.0,-19.54338
1390594531.25,-19.54582
1390594687.5,-19.5519
1390594843.75,-19.55402
1390595000.0,-19.55755
1390595156.25,-19.56127
1390595312.5,-19.56535
1390595468.75,-19.57027
1390595625.0,-19.57311
1390595781.25,-19.57743
1390595937.5,-19.58206
1390596093.75,-19.58531
1390596250.0,-19.58902
1390596406.25,-19.59437
1390596562.5,-19.59471
1390596718.75,-19.59945
1390596875.0,-19.60283
1390597031.25,-19.60709
1390597187.5,-19.61279
1390597343.75,-19.61665
1390597500.0,-19.61934
1390597656.25,-19.62269
1390597812.5,-19.62695
1390597968.75,-19.63112
1390598125.0,-19.63351
1390598281.25,-19.63826
1390598437.5,-19.64029
1390598593.75,-19.64645
1390598750.0,-19.64855
1390598906.25,-19.65058
1390599062.5,-19.65805
1390599218.75,-19.65884
1390599375.0,-19.66464
1390599531.25,-19.66966
1390599687.5,-19.67204
1390599843.75,-19.67528
1390600000.0,-19.67965
1390600156.25,-19.68247
1390600312.5,-19.6867
1390600468.75,-19.68991
1390600625.0,-19.69331
1390600781.25,-19.69655
1390600937.5,-19.70316
1390601093.75,-19.70642
1390601250.0,-19.71007
1390601406.25,-19.71413
1390601562.5,-19.71682
1390601718.75,-19.72048
1390601875.0,-19.72389
1390602031.25,-19.72855
1390602187.5,-19.73111
1390602343.75,-19.73388
1390602500.0,-19.73923
1390602656.25,-19.74294
1390602812.5,-19.74692
1390602968.75,-19.75049
1390603125.0,-19.75553
1390603281.25,-19.7583
1390603437.5,-19.76188
1390603593.75,-19.7665
1390603750.0,-19.76902
1390603906.25,-19.77232
1390604062.5,-19.77727
1390604218.75,-19.77992
1390604375.0,-19.78371
1390604531.25,-19.78666
1390604687.5,-19.79272
1390604843.75,-19.79616
1390605000.0,-19.79947
1390605156.25,-19.80482
1390605312.5,-19.80686
1390605468.75,-19.81176
1390605625.0,-19.81631
1390605781.25,-19.81728
1390605937.5,-19.8219
1390606093.75,-19.82672
1390606250.0,-19.82922
1390606406.25,-19.83157
1390606562.5,-19.83748
1390606718.75,-19.83996
1390606875.0,-19.84391
1390607031.25,-19.84885
1390607187.5,-19.85089
1390607343.75,-19.85519
1390607500.0,-19.85939
1390607656.25,-19.86258
1390607812.5,-19.8665
1390607968.75,-19.86922
1390608125.0,-19.87016
1390608281.25,-19.87826
1390608437.5,-19.88165
1390608593.75,-19.88375
1390608750.0,-19.88947
1390608906.25,-19.89202
1390609062.5,-19.89582
1390609218.75,-19.89858
1390609375.0,-19.9037
1390609531.25,-19.90716
1390609687.5,-19.91203
1390609843.75,-19.91238
1390610000.0,-19.91757
1390610156.25,-19.92109
1390610312.5,-19.92656
1390610468.75,-19.93033
1390610625.0,-19.9323
1390610781.25,-19.93736
1390610937.5,-19.94014
1390611093.75,-19.94166
1390611250.0,-19.94624
1390611406.25,-19.95127
1390611562.5,-19.95324
1390611718.75,-19.95644
1390611875.0,-19.962
1390612031.25,-19.96548
1390612187.5,-19.96947
1390612343.75,-19.97407
1390612500.0,-19.97709
1390612656.25,-19.98008
1390612812.5,-19.98466
1390612968.75,-19.98778
1390613125.0,-19.99072
1390613281.25,-19.99619
1390613437.5,-19.9996
1390613593.75,-20.00142
1390613750.0,-20.00733
1390613906.25,-20.01087
1390614062.5,-20.01464
1390614218.75,-20.01959
1390614375.0,-20.0207
1390614531.25,-20.02481
1390614687.5,-20.02704
1390614843.75,-20.0302
1390615000.0,-20.03594
1390615156.25,-20.03779
1390615312.5,-20.04228
1390615468.75,-20.04664
1390615625.0,-20.05112
1390615781.25,-20.05169
1390615937.5,-20.05557
1390616093.75,-20.05987
1390616250.0,-20.0652
1390616406.25,-20.06738
1390616562.5,-20.07026
1390616718.75,-20.07538
1390616875.0,-20.07922
1390617031.25,-20.08229
1390617187.5,-20.08603
1390617343.75,-20.09084
1390617500.0,-20.09294
1390617656.25,-20.09547
1390617812.5,-20.10023
1390617968.75,-20.10401
1390618125.0,-20.10545
1390618281.25,-20.1119
1390618437.5,-20.11468
1390618593.75,-20.12014
1390618750.0,-20.12146
1390618906.25,-20.12693
1390619062.5,-20.12929
1390619218.75,-20.13217
1390619375.0,-20.13736
1390619531.25,-20.14001
1390619687.5,-20.14392
1390619843.75,-20.14711
1390620000.0,-20.15242
1390620156.25,-20.15376
1390620312.5,-20.16125
1390620468.75,-20.16301
1390620625.0,-20.16703
1390620781.25,-20.16833
1390620937.5,-20.17324
1390621093.75,-20.17695
1390621250.0,-20.17942
1390621406.25,-20.18348
1390621562.5,-20.18732
1390621718.75,-20.19012
1390621875.0,-20.19481
1390622031.25,-20.198
1390622187.5,-20.20289
1390622343.75,-20.20336
1390622500.0,-20.20848
1390622656.25,-20.21347
1390622812.5,-20.21692
1390622968.75,-20.21981
1390623125.0,-20.22271
1390623281.25,-20.2273
1390623437.5,-20.23098
1390623593.75,-20.23419
1390623750.0,-20.2383
1390623906.25,-20.24216
1390624062.5,-20.24384
1390624218.75,-20.24679
1390624375.0,-20.25392
1390624531.25,-20.25535
1390624687.5,-20.25926
1390624843.75,-20.26335
1390625000.0,-20.26702
1390625156.25,-20.26969
1390625312.5,-20.27412
1390625468.75,-20.27525
1390625625.0,-20.28254
1390625781.25,-20.28383
1390625937.5,-20.28705
1390626093.75,-20.29218
1390626250.0,-20.29478
1390626406.25,-20.29843
1390626562.5,-20.30046
1390626718.75,-20.3037
1390626875.0,-20.30964
1390627031.25,-20.31159
1390627187.5,-20.31758
1390627343.75,-20.31934
1390627500.0,-20.32418
1390627656.25,-20.32562
1390627812.5,-20.33232
1390627968.75,-20.33595
1390628125.0,-20.33742
1390628281.25,-20.34024
1390628437.5,-20.34527
1390628593.75,-20.34771
1390628750.0,-20.35268
1390628906.25,-20.35548
1390629062.5,-20.35788
1390629218.75,-20.36196
1390629375.0,-20.36513
1390629531.25,-20.36651
1390629687.5,-20.37357
1390629843.75,-20.37712
1390630000.0,-20.38081
1390630156.25,-20.38328
1390630312.5,-20.38762
1390630468.75,-20.39026
1390630625.0,-20.39371
1390630781.25,-20.39947
1390630937.5,-20.40177
1390631093.75,-20.40461
1390631250.0,-20.40809
1390631406.25,-20.41297
1390631562.5,-20.41414
1390631718.75,-20.42012
1390631875.0,-20.42237
1390632031.25,-20.42727
1390632187.5,-20.43045
1390632343.75,-20.43297
1390632500.0,-20.4385
1390632656.25,-20.43921
1390632812.5,-20.44365
1390632968.75,-20.44809
1390633125.0,-20.45132
1390633281.25,-20.4531
1390633437.5,-20.45965
1390633593.75,-20.45908
1390633750.0,-20.46298
1390633906.25,-20.4683
1390634062.5,-20.47292
1390634218.75,-20.47536
1390634375.0,-20.47582
1390634531.25,-20.48153
1390634687.5,-20.48504
1390634843.75,-20.49015
1390635000.0,-20.49268
1390635156.25,-20.49508
1390635312.5,-20.50203
1390635468.75,-20.50343
1390635625.0,-20.50551
1390635781.25,-20.5099
1390635937.5,-20.51286
1390636093.75,-20.52013
1390636250.0,-20.51975
1390636406.25,-20.52357
1390636562.5,-20.52704
1390636718.75,-20.52937
1390636875.0,-20.53446
1390637031.25,-20.53638
1390637187.5,-20.54207
1390637343.75,-20.54529
1390637500.0,-20.54775
1390637656.25,-20.55231
1390637812.5,-20.55593
1390637968.75,-20.55787
1390638125.0,-20.56264
1390638281.25,-20.5652
1390638437.5,-20.57124
1390638593.75,-20.57416
1390638750.0,-20.57715
1390638906.25,-20.58018
1390639062.5,-20.58465
1390639218.75,-20.58413
1390639375.0,-20.58922
1390639531.25,-20.59325
1390639687.5,-20.59619
1390639843.75,-20.60084
1390640000.0,-20.60216
1390640156.25,-20.60889
1390640312.5,-20.61132
1390640468.75,-20.61362
1390640625.0,-20.61794
1390640781.25,-20.62072
1390640937.5,-20.62326
1390641093.75,-20.62552
1390641250.0,-20.63246
1390641406.25,-20.63601
1390641562.5,-20.63862
1390641718.75,-20.64055
1390641875.0,-20.64636
1390642031.25,-20.64786
1390642187.5,-20.65274
1390642343.75,-20.655
1390642500.0,-20.66173
1390642656.25,-20.66373
1390642812.5,-20.66723
1390642968.75,-20.67033
1390643125.0,-20.6729
1390643281.25,-20.67768
1390643437.5,-20.679
1390643593.75,-20.68465
1390643750.0,-20.68575
1390643906.25,-20.69032
1390644062.5,-20.69387
1390644218.75,-20.69677
1390644375.0,-20.70132
1390644531.25,-20.70611
1390644687.5,-20.70828
1390644843.75,-20.71097
1390645000.0,-20.71352
1390645156.25,-20.71862
1390645312.5,-20.72252
1390645468.75,-20.72518
1390645625.0,-20.72795
1390645781.25,-20.73232
1390645937.5,-20.73447
1390646093.75,-20.73853
1390646250.0,-20.74175
1390646406.25,-20.74538
1390646562.5,-20.74569
1390646718.75,-20.74814
1390646875.0,-20.75426
1390647031.25,-20.75875
1390647187.5,-20.76101
1390647343.75,-20.76569
1390647500.0,-20.76882
1390647656.25,-20.77181
1390647812.5,-20.7736
1390647968.75,-20.77725
1390648125.0,-20.78349
1390648281.25,-20.78513
1390648437.5,-20.78748
1390648593.75,-20.79232
1390648750.0,-20.79551
1390648906.25,-20.799
1390649062.5,-20.80244
1390649218.75,-20.80532
1390649375.0,-20.81001
1390649531.25,-20.81295
1390649687.5,-20.81741
1390649843.75,-20.82053
1390650000.0,-20.82241
1390650156.25,-20.82596
1390650312.5,-20.82887
1390650468.75,-20.8328
1390650625.0,-20.83734
1390650781.25,-20.83908
1390650937.5,-20.84285
1390651093.75,-20.84665
1390651250.0,-20.84846
1390651406.25,-20.85287
1390651562.5,-20.85646
1390651718.75,-20.85824
1390651875.0,-20.86195
1390652031.25,-20.86914
1390652187.5,-20.87144
1390652343.75,-20.87154
1390652500.0,-20.87759
1390652656.25,-20.87865
1390652812.5,-20.88375
1390652968.75,-20.88711
1390653125.0,-20.89039
1390653281.25,-20.89296
1390653437.5,-20.89698
1390653593.75,-20.9003
1390653750.0,-20.90547
1390653906.25,-20.90845
1390654062.5,-20.9097
1390654218.75,-20.91221
1390654375.0,-20.91646
1390654531.25,-20.92053
1390654687.5,-20.92454
1390654843.75,-20.92854
1390655000.0,-20.93121
1390655156.25,-20.93379
1390655312.5,-20.93691
1390655468.75,-20.93928
1390655625.0,-20.94566
1390655781.25,-20.94684
1390655937.5,-20.94929
1390656093.75,-20.95538
1390656250.0,-20.95562
1390656406.25,-20.95809
1390656562.5,-20.96268
1390656718.75,-20.96636
1390656875.0,-20.96991
1390657031.25,-20.97454
1390657187.5,-20.9768
1390657343.75,-20.98214
1390657500.0,-20.9836
1390657656.25,-20.98641
1390657812.5,-20.99038
1390657968.75,-20.99504
1390658125.0,-20.99831
1390658281.25,-20.9997
1390658437.5,-21.00272
1390658593.75,-21.00646
1390658750.0,-21.01173
1390658906.25,-21.01531
1390659062.5,-21.01571
1390659218.75,-21.02039
1390659375.0,-21.02415
1390659531.25,-21.02839
1390659687.5,-21.02878
1390659843.75,-21.03462
1390660000.0,-21.03592
1390660156.25,-21.04158
1390660312.5,-21.04303
1390660468.75,-21.04628
1390660625.0,-21.04851
1390660781.25,-21.05402
1390660937.5,-21.05541
1390661093.75,-21.05913
1390661250.0,-21.06204
1390661406.25,-21.06802
1390661562.5,-21.07078
1390661718.75,-21.07315
1390661875.0,-21.07687
1390662031.25,-21.07951
1390662187.5,-21.08301
1390662343.75,-21.08788
1390662500.0,-21.09017
1390662656.25,-21.09328
1390662812.5,-21.09582
1390662968.75,-21.09925
1390663125.0,-21.1021
1390663281.25,-21.10557
1390663437.5,-21.10961
1390663593.75,-21.11398
1390663750.0,-21.11508
1390663906.25,-21.12039
1390664062.5,-21.12044
1390664218.75,-21.12824
1390664375.0,-21.13006
1390664531.25,-21.13386
1390664687.5,-21.13643
1390664843.75,-21.14013
1390665000.0,-21.14098
1390665156.25,-21.14695
1390665312.5,-21.1498
1390665468.75,-21.15228
1390665625.0,-21.15581
1390665781.25,-21.15825
1390665937.5,-21.16105
1390666093.75,-21.16524
1390666250.0,-21.16903
1390666406.25,-21.17344
1390666562.5,-21.17454
1390666718.75,-21.17852
1390666875.0,-21.1805
1390667031.25,-21.18572
1390667187.5,-21.18804
1390667343.75,-21.19293
1390667500.0,-21.19634
1390667656.25,-21.19895
1390667812.5,-21.20296
1390667968.75,-21.20628
1390668125.0,-21.21049
1390668281.25,-21.21128
1390668437.5,-21.21403
1390668593.75,-21.21815
1390668750.0,-21.22154
1390668906.25,-21.22428
1390669062.5,-21.22883
1390669218.75,-21.23146
1390669375.0,-21.23249
1390669531.25,-21.23784
1390669687.5,-21.23959
1390669843.75,-21.24582
1390670000.0,-21.24519
1390670156.25,-21.24996
1390670312.5,-21.25498
1390670468.75,-21.2572
1390670625.0,-21.25966
1390670781.25,-21.26524
1390670937.5,-21.2668
1390671093.75,-21.26919
1390671250.0,-21.2718
1390671406.25,-21.27715
1390671562.5,-21.28054
1390671718.75,-21.28254
1390671875.0,-21.28668
1390672031.25,-21.29028
1390672187.5,-21.29271
1390672343.75,-21.29664
1390672500.0,-21.29962
1390672656.25,-21.30243
1390672812.5,-21.30474
1390672968.75,-21.30813
1390673125.0,-21.31083
1390673281.25,-21.31579
1390673437.5,-21.318
1390673593.75,-21.32173
1390673750.0,-21.32423
1390673906.25,-21.32757
1390674062.5,-21.33232
1390674218.75,-21.33354
1390674375.0,-21.33681
1390674531.25,-21.34115
1390674687.5,-21.34167
1390674843.75,-21.34484
1390675000.0,-21.34993
1390675156.25,-21.353
1390675312.5,-21.35765
1390675468.75,-21.36104
1390675625.0,-21.36335
1390675781.25,-21.36645
1390675937.5,-21.37272
1390676093.75,-21.37343
1390676250.0,-21.37694
1390676406.25,-21.38146
1390676562.5,-21.38368
1390676718.75,-21.38693
1390676875.0,-21.38957
1390677031.25,-21.39268
1390677187.5,-21.39494
1390677343.75,-21.39889
1390677500.0,-21.40227
1390677656.25,-21.40258
1390677812.5,-21.40604
1390677968.75,-21.41272
1390678125.0,-21.41598
1390678281.25,-21.41772
1390678437.5,-21.4229
1390678593.75,-21.42318
1390678750.0,-21.42613
1390678906.25,-21.43184
1390679062.5,-21.43344
1390679218.75,-21.43603
1390679375.0,-21.44061
1390679531.25,-21.44426
1390679687.5,-21.44738
1390679843.75,-21.44972
1390680000.0,-21.45513
1390680156.25,-21.45708
1390680312.5,-21.46243
1390680468.75,-21.46652
1390680625.0,-21.46675
1390680781.25,-21.46968
1390680937.5,-21.47164
1390681093.75,-21.47562
1390681250.0,-21.47748
1390681406.25,-21.48282
1390681562.5,-21.48421
1390681718.75,-21.48989
1390681875.0,-21.49124
1390682031.25,-21.49457
1390682187.5,-21.49665
1390682343.75,-21.49984
1390682500.0,-21.50521
1390682656.25,-21.50715
1390682812.5,-21.51065
1390682968.75,-21.51439
1390683125.0,-21.51775
1390683281.25,-21.51756
1390683437.5,-21.52295
1390683593.75,-21.52706
1390683750.0,-21.52892
1390683906.25,-21.52998
1390684062.5,-21.53734
1390684218.75,-21.54132
1390684375.0,-21.54292
1390684531.25,-21.54501
1390684687.5,-21.54956
1390684843.75,-21.55141
1390685000.0,-21.55652
1390685156.25,-21.5551
1390685312.5,-21.56171
1390685468.75,-21.56238
1390685625.0,-21.56649
1390685781.25,-21.57127
1390685937.5,-21.57478
1390686093.75,-21.5771
1390686250.0,-21.57998
1390686406.25,-21.5821
1390686562.5,-21.58675
1390686718.75,-21.5884
1390686875.0,-21.59241
1390687031.25,-21.59624
1390687187.5,-21.59901
1390687343.75,-21.60361
1390687500.0,-21.60086
1390687656.25,-21.60903
1390687812.5,-21.61193
1390687968.75,-21.61424
1390688125.0,-21.61762
1390688281.25,-21.61969
1390688437.5,-21.62161
1390688593.75,-21.62633
1390688750.0,-21.63014
1390688906.25,-21.63294
1390689062.5,-21.63553
1390689218.75,-21.63849
1390689375.0,-21.64158
1390689531.25,-21.64575
1390689687.5,-21.64869
1390689843.75,-21.65475
1390690000.0,-21.65549
1390690156.25,-21.65925
1390690312.5,-21.66132
1390690468.75,-21.66288
1390690625.0,-21.66669
1390690781.25,-21.67146
1390690937.5,-21.67557
1390691093.75,-21.67717
1390691250.0,-21.68192
1390691406.25,-21.68394
1390691562.5,-21.68603
1390691718.75,-21.68852
1390691875.0,-21.69098
1390692031.25,-21.6939
1390692187.5,-21.69844
1390692343.75,-21.70249
1390692500.0,-21.70496
1390692656.25,-21.71001
1390692812.5,-21.71152
1390692968.75,-21.71474
1390693125.0,-21.71942
1390693281.25,-21.71881
1390693437.5,-21.72295
1390693593.75,-21.72648
1390693750.0,-21.72928
1390693906.25,-21.73173
1390694062.5,-21.7357
1390694218.75,-21.74017
1390694375.0,-21.74155
1390694531.25,-21.74471
1390694687.5,-21.74924
1390694843.75,-21.75166
1390695000.0,-21.7538
1390695156.25,-21.75703
1390695312.5,-21.75899
1390695468.75,-21.763
1390695625.0,-21.76706
1390695781.25,-21.76973
1390695937.5,-21.76982
1390696093.75,-21.77645
1390696250.0,-21.77809
1390696406.25,-21.7819
1390696562.5,-21.78566
1390696718.75,-21.78734
1390696875.0,-21.79237
1390697031.25,-21.79271
1390697187.5,-21.79804
1390697343.75,-21.80068
1390697500.0,-21.80386
1390697656.25,-21.80607
1390697812.5,-21.8095
1390697968.75,-21.81404
1390698125.0,-21.8162
1390698281.25,-21.81698
1390698437.5,-21.82139
1390698593.75,-21.82526
1390698750.0,-21.82803
1390698906.25,-21.83119
1390699062.5,-21.83413
1390699218.75,-21.83572
1390699375.0,-21.83873
1390699531.25,-21.84359
1390699687.5,-21.84343
1390699843.75,-21.84963
1390700000.0,-21.85169
1390700156.25,-21.8543
1390700312.5,-21.8588
1390700468.75,-21.86364
1390700625.0,-21.86822
1390700781.25,-21.86579
1390700937.5,-21.87044
1390701093.75,-21.87255
1390701250.0,-21.87634
1390701406.25,-21.8801
1390701562.5,-21.88336
1390701718.75,-21.88598
1390701875.0,-21.88969
1390702031.25,-21.89234
1390702187.5,-21.8972
1390702343.75,-21.89878
1390702500.0,-21.90143
1390702656.25,-21.90569
1390702812.5,-21.90718
1390702968.75,-21.90961
1390703125.0,-21.91355
1390703281.25,-21.91649
1390703437.5,-21.91781
1390703593.75,-21.92217
1390703750.0,-21.92604
1390703906.25,-21.92861
1390704062.5,-21.93074
1390704218.75,-21.93383
1390704375.0,-21.93943
1390704531.25,-21.94107
1390704687.5,-21.94228
1390704843.75,-21.94671
1390705000.0,-21.95003
1390705156.25,-21.95146
1390705312.5,-21.95694
1390705468.75,-21.9572
1390705625.0,-21.96272
1390705781.25,-21.96698
1390705937.5,-21.96659
1390706093.75,-21.97017
1390706250.0,-21.97351
1390706406.25,-21.97607
1390706562.5,-21.97813
1390706718.75,-21.98329
1390706875.0,-21.98585
1390707031.25,-21.99124
1390707187.5,-21.99348
1390707343.75,-21.99541
1390707500.0,-21.99871
1390707656.25,-22.00141
1390707812.5,-22.00358
1390707968.75,-22.00506
1390708125.0,-22.01003
1390708281.25,-22.01177
1390708437.5,-22.01631
1390708593.75,-22.01859
1390708750.0,-22.02063
1390708906.25,-22.02438
1390709062.5,-22.03002
1390709218.75,-22.02921
1390709375.0,-22.0349
1390709531.25,-22.03674
1390709687.5,-22.03961
1390709843.75,-22.04213
1390710000.0,-22.04576
1390710156.25,-22.04853
1390710312.5,-22.05134
1390710468.75,-22.05475
1390710625.0,-22.05778
1390710781.25,-22.0627
1390710937.5,-22.06349
1390711093.75,-22.06864
1390711250.0,-22.06861
1390711406.25,-22.07241
1390711562.5,-22.07823
1390711718.75,-22.07792
1390711875.0,-22.08108
1390712031.25,-22.08629
1390712187.5,-22.08796
1390712343.75,-22.09208
1390712500.0,-22.09403
1390712656.25,-22.09733
1390712812.5,-22.09908
1390712968.75,-22.10302
1390713125.0,-22.10554
1390713281.25,-22.10787
1390713437.5,-22.11201
1390713593.75,-22.11304
1390713750.0,-22.11826
1390713906.25,-22.11981
1390714062.5,-22.12508
1390714218.75,-22.12697
1390714375.0,-22.13111
1390714531.25,-22.13051
1390714687.5,-22.13715
1390714843.75,-22.14134
1390715000.0,-22.14363
1390715156.25,-22.14423
1390715312.5,-22.14816
1390715468.75,-22.15133
1390715625.0,-22.15231
1390715781.25,-22.15568
1390715937.5,-22.15885
1390716093.75,-22.16502
1390716250.0,-22.16352
1390716406.25,-22.16675
1390716562.5,-22.17105
1390716718.75,-22.17506
1390716875.0,-22.18057
1390717031.25,-22.18071
1390717187.5,-22.1829
1390717343.75,-22.1885
1390717500.0,-22.18922
1390717656.25,-22.19078
1390717812.5,-22.19687
1390717968.75,-22.19885
1390718125.0,-22.20045
1390718281.25,-22.20343
1390718437.5,-22.20665
1390718593.75,-22.20882
1390718750.0,-22.21192
1390718906.25,-22.21548
1390719062.5,-22.21862
1390719218.75,-22.22069
1390719375.0,-22.22365
1390719531.25,-22.22925
1390719687.5,-22.23082
1390719843.75,-22.23368
1390720000.0,-22.2355
1390720156.25,-22.241
1390720312.5,-22.24315
1390720468.75,-22.24423
1390720625.0,-22.24802
1390720781.25,-22.25137
1390720937.5,-22.25382
1390721093.75,-22.2563
1390721250.0,-22.26066
1390721406.25,-22.26537
1390721562.5,-22.26563
1390721718.75,-22.26945
1390721875.0,-22.27268
1390722031.25,-22.2712
1390722187.5,-22.27432
1390722343.75,-22.2787
1390722500.0,-22.28192
1390722656.25,-22.28498
1390722812.5,-22.29066
1390722968.75,-22.29263
1390723125.0,-22.29432
1390723281.25,-22.29762
1390723437.5,-22.2991
1390723593.75,-22.3042
1390723750.0,-22.30757
1390723906.25,-22.30988
1390724062.5,-22.31059
1390724218.75,-22.31395
1390724375.0,-22.31799
1390724531.25,-22.32073
1390724687.5,-22.32469
1390724843.75,-22.32755
1390725000.0,-22.32878
1390725156.25,-22.33055
1390725312.5,-22.33396
1390725468.75,-22.33728
1390725625.0,-22.34319
1390725781.25,-22.34391
1390725937.5,-22.34785
1390726093.75,-22.34985
1390726250.0,-22.35182
1390726406.25,-22.35723
1390726562.5,-22.35786
1390726718.75,-22.36111
1390726875.0,-22.36722
1390727031.25,-22.36955
1390727187.5,-22.37392
1390727343.75,-22.37361
1390727500.0,-22.37704
1390727656.25,-22.3806
1390727812.5,-22.38106
1390727968.75,-22.38689
1390728125.0,-22.38853
1390728281.25,-22.39107
1390728437.5,-22.39098
1390728593.75,-22.39608
1390728750.0,-22.40224
1390728906.25,-22.4012
1390729062.5,-22.40648
1390729218.75,-22.4093
1390729375.0,-22.41286
1390729531.25,-22.41578
1390729687.5,-22.41712
1390729843.75,-22.4211
1390730000.0,-22.42352
1390730156.25,-22.4259
1390730312.5,-22.42829
1390730468.75,-22.42999
1390730625.0,-22.43195
1390730781.25,-22.43761
1390730937.5,-22.44152
1390731093.75,-22.44339
1390731250.0,-22.44605
1390731406.25,-22.44989
1390731562.5,-22.4525
1390731718.75,-22.45511
1390731875.0,-22.45879
1390732031.25,-22.45994
1390732187.5,-22.46115
1390732343.75,-22.46595
1390732500.0,-22.4686
1390732656.25,-22.47206
1390732812.5,-22.47647
1390732968.75,-22.47769
1390733125.0,-22.48074
1390733281.25,-22.48503
1390733437.5,-22.48451
1390733593.75,-22.48709
1390733750.0,-22.49356
1390733906.25,-22.49781
1390734062.5,-22.49867
1390734218.75,-22.50093
1390734375.0,-22.50599
1390734531.25,-22.50405
1390734687.5,-22.50854
1390734843.75,-22.51122
1390735000.0,-22.51719
1390735156.25,-22.51541
1390735312.5,-22.52026
1390735468.75,-22.5216
1390735625.0,-22.5281
1390735781.25,-22.52912
1390735937.5,-22.53163
1390736093.75,-22.53751
1390736250.0,-22.53645
1390736406.25,-22.54015
1390736562.5,-22.54385
1390736718.75,-22.54484
1390736875.0,-22.55173
1390737031.25,-22.55279
1390737187.5,-22.55473
1390737343.75,-22.55656
1390737500.0,-22.56066
1390737656.25,-22.563
1390737812.5,-22.56493
1390737968.75,-22.56919
1390738125.0,-22.57154
1390738281.25,-22.57563
1390738437.5,-22.5753
1390738593.75,-22.58283
1390738750.0,-22.58004
1390738906.25,-22.58587
1390739062.5,-22.58853
1390739218.75,-22.58986
1390739375.0,-22.5961
1390739531.25,-22.59733
1390739687.5,-22.60067
1390739843.75,-22.59964
1390740000.0,-22.60528
1390740156.25,-22.60827
1390740312.5,-22.60926
1390740468.75,-22.61442
1390740625.0,-22.61824
1390740781.25,-22.62036
1390740937.5,-22.62263
1390741093.75,-22.6239
1390741250.0,-22.62808
1390741406.25,-22.6309
1390741562.5,-22.63448
1390741718.75,-22.63789
1390741875.0,-22.63929
1390742031.25,-22.64195
1390742187.5,-22.64359
1390742343.75,-22.64899
1390742500.0,-22.6509
1390742656.25,-22.65243
1390742812.5,-22.65822
1390742968.75,-22.65709
1390743125.0,-22.66095
1390743281.25,-22.66642
1390743437.5,-22.66763
1390743593.75,-22.67097
1390743750.0,-22.67157
1390743906.25,-22.67545
1390744062.5,-22.67657
1390744218.75,-22.68254
1390744375.0,-22.6845
1390744531.25,-22.68833
1390744687.5,-22.69159
1390744843.75,-22.69442
1390745000.0,-22.69467
1390745156.25,-22.69696
1390745312.5,-22.70091
1390745468.75,-22.70413
1390745625.0,-22.70839
1390745781.25,-22.70947
1390745937.5,-22.71266
1390746093.75,-22.71567
1390746250.0,-22.71861
1390746406.25,-22.72337
1390746562.5,-22.72443
1390746718.75,-22.72703
1390746875.0,-22.72935
1390747031.25,-22.73495
1390747187.5,-22.73534
1390747343.75,-22.73768
1390747500.0,-22.74381
1390747656.25,-22.74465
1390747812.5,-22.74628
1390747968.75,-22.7504
1390748125.0,-22.75054
1390748281.25,-22.75233
1390748437.5,-22.75897
1390748593.75,-22.76154
1390748750.0,-22.76331
1390748906.25,-22.76238
1390749062.5,-22.76713
1390749218.75,-22.77126
1390749375.0,-22.77398
1390749531.25,-22.77495
1390749687.5,-22.77913
1390749843.75,-22.78073
1390750000.0,-22.78605
1390750156.25,-22.78781
1390750312.5,-22.79138
1390750468.75,-22.79311
1390750625.0,-22.79718
1390750781.25,-22.796
1390750937.5,-22.8031
1390751093.75,-22.80273
1390751250.0,-22.80702
1390751406.25,-22.81051
1390751562.5,-22.81168
1390751718.75,-22.81526
1390751875.0,-22.81815
1390752031.25,-22.82027
1390752187.5,-22.82477
1390752343.75,-22.82776
1390752500.0,-22.82785
1390752656.25,-22.83214
1390752812.5,-22.83752
1390752968.75,-22.83877
1390753125.0,-22.84118
1390753281.25,-22.84423
1390753437.5,-22.84558
1390753593.75,-22.8495
1390753750.0,-22.84978
1390753906.25,-22.85685
1390754062.5,-22.85927
1390754218.75,-22.86233
1390754375.0,-22.86077
1390754531.25,-22.86515
1390754687.5,-22.86809
1390754843.75,-22.87101
1390755000.0,-22.8733
1390755156.25,-22.87936
1390755312.5,-22.87825
1390755468.75,-22.88026
1390755625.0,-22.88388
1390755781.25,-22.88695
1390755937.5,-22.88976
1390756093.75,-22.89182
1390756250.0,-22.89707
1390756406.25,-22.89954
1390756562.5,-22.90089
1390756718.75,-22.90506
1390756875.0,-22.90431
1390757031.25,-22.90989
1390757187.5,-22.91163
1390757343.75,-22.9143
1390757500.0,-22.91602
1390757656.25,-22.92001
1390757812.5,-22.92272
1390757968.75,-22.92489
1390758125.0,-22.9274
1390758281.25,-22.93102
1390758437.5,-22.93218
1390758593.75,-22.93659
1390758750.0,-22.94013
1390758906.25,-22.94182
1390759062.5,-22.94465
1390759218.75,-22.94697
1390759375.0,-22.95044
1390759531.25,-22.95312
1390759687.5,-22.95779
1390759843.75,-22.9567
1390760000.0,-22.96052
1390760156.25,-22.964
1390760312.5,-22.96687
1390760468.75,-22.9689
1390760625.0,-22.97212
1390760781.25,-22.9734
1390760937.5,-22.97908
1390761093.75,-22.98096
1390761250.0,-22.98184
1390761406.25,-22.98687
1390761562.5,-22.98729
1390761718.75,-22.99136
1390761875.0,-22.99243
1390762031.25,-22.99648
1390762187.5,-22.99978
1390762343.75,-23.00302
1390762500.0,-23.00171
1390762656.25,-23.00671
1390762812.5,-23.01097
1390762968.75,-23.01628
1390763125.0,-23.0146
1390763281.25,-23.01651
1390763437.5,-23.02198
1390763593.75,-23.0221
1390763750.0,-23.02542
1390763906.25,-23.03112
1390764062.5,-23.0304
1390764218.75,-23.03474
1390764375.0,-23.03687
1390764531.25,-23.04017
1390764687.5,-23.04359
1390764843.75,-23.04582
1390765000.0,-23.04751
1390765156.25,-23.04821
1390765312.5,-23.0547
1390765468.75,-23.05901
1390765625.0,-23.05644
1390765781.25,-23.05951
1390765937.5,-23.06324
1390766093.75,-23.06632
1390766250.0,-23.07187
1390766406.25,-23.074
1390766562.5,-23.07302
1390766718.75,-23.07713
1390766875.0,-23.08163
1390767031.25,-23.08187
1390767187.5,-23.08798
1390767343.75,-23.09036
1390767500.0,-23.09265
1390767656.25,-23.09295
1390767812.5,-23.09567
1390767968.75,-23.10104
1390768125.0,-23.10436
1390768281.25,-23.10452
1390768437.5,-23.10784
1390768593.75,-23.11332
1390768750.0,-23.11016
1390768906.25,-23.11601
1390769062.5,-23.117
1390769218.75,-23.12332
1390769375.0,-23.1201
1390769531.25,-23.1261
1390769687.5,-23.12744
1390769843.75,-23.13468
1390770000.0,-23.13441
1390770156.25,-23.14056
1390770312.5,-23.1377
1390770468.75,-23.14385
1390770625.0,-23.14624
1390770781.25,-23.14576
1390770937.5,-23.1494
1390771093.75,-23.15271
1390771250.0,-23.15514
1390771406.25,-23.15911
1390771562.5,-23.16167
1390771718.75,-23.16309
1390771875.0,-23.1671
1390772031.25,-23.16753
1390772187.5,-23.1716
1390772343.75,-23.17371
1390772500.0,-23.17213
1390772656.25,-23.18013
1390772812.5,-23.18126
1390772968.75,-23.18534
1390773125.0,-23.18714
1390773281.25,-23.19021
1390773437.5,-23.19212
1390773593.75,-23.19686
1390773750.0,-23.19704
1390773906.25,-23.19883
1390774062.5,-23.20436
1390774218.75,-23.20662
1390774375.0,-23.20985
1390774531.25,-23.2114
1390774687.5,-23.21506
1390774843.75,-23.2169
1390775000.0,-23.2184
1390775156.25,-23.21876
1390775312.5,-23.22283
1390775468.75,-23.22527
1390775625.0,-23.22994
1390775781.25,-23.23377
1390775937.5,-23.23684
1390776093.75,-23.23736
1390776250.0,-23.23975
1390776406.25,-23.24411
1390776562.5,-23.24735
1390776718.75,-23.25005
1390776875.0,-23.2518
1390777031.25,-23.25184
1390777187.5,-23.25509
1390777343.75,-23.26028
1390777500.0,-23.2611
1390777656.25,-23.26512
1390777812.5,-23.26837
1390777968.75,-23.26825
1390778125.0,-23.27256
1390778281.25,-23.27598
1390778437.5,-23.27536
1390778593.75,-23.27993
1390778750.0,-23.28182
1390778906.25,-23.28526
1390779062.5,-23.28986
1390779218.75,-23.29202
1390779375.0,-23.29245
1390779531.25,-23.29691
1390779687.5,-23.29778
1390779843.75,-23.30213
1390780000.0,-23.30494
1390780156.25,-23.30599
1390780312.5,-23.31175
1390780468.75,-23.31398
1390780625.0,-23.31653
1390780781.25,-23.32007
1390780937.5,-23.31985
1390781093.75,-23.32435
1390781250.0,-23.32604
1390781406.25,-23.3287
1390781562.5,-23.3306
1390781718.75,-23.33026
1390781875.0,-23.33454
1390782031.25,-23.33821
1390782187.5,-23.34169
1390782343.75,-23.34382
1390782500.0,-23.34534
1390782656.25,-23.35195
1390782812.5,-23.35106
1390782968.75,-23.35278
1390783125.0,-23.35727
1390783281.25,-23.36139
1390783437.5,-23.36237
1390783593.75,-23.36344
1390783750.0,-23.36909
1390783906.25,-23.37126
1390784062.5,-23.37071
1390784218.75,-23.37396
1390784375.0,-23.37631
1390784531.25,-23.38353
1390784687.5,-23.38281
1390784843.75,-23.38742
1390785000.0,-23.3865
1390785156.25,-23.39055
1390785312.5,-23.39264
1390785468.75,-23.39407
1390785625.0,-23.39813
1390785781.25,-23.4
1390785937.5,-23.40386
1390786093.75,-23.40539
1390786250.0,-23.41026
1390786406.25,-23.41153
1390786562.5,-23.41649
1390786718.75,-23.41574
1390786875.0,-23.42064
1390787031.25,-23.4221
1390787187.5,-23.42652
1390787343.75,-23.42818
1390787500.0,-23.42845
1390787656.25,-23.43423
1390787812.5,-23.43387
1390787968.75,-23.43723
1390788125.0,-23.43886
1390788281.25,-23.44338
1390788437.5,-23.44519
1390788593.75,-23.44799
1390788750.0,-23.45277
1390788906.25,-23.45182
1390789062.5,-23.45671
1390789218.75,-23.45851
1390789375.0,-23.46261
1390789531.25,-23.46415
1390789687.5,-23.46861
1390789843.75,-23.46981
1390790000.0,-23.4679
1390790156.25,-23.47626
1390790312.5,-23.4783
1390790468.75,-23.48061
1390790625.0,-23.47951
1390790781.25,-23.48375
1390790937.5,-23.48846
1390791093.75,-23.49091
1390791250.0,-23.49127
1390791406.25,-23.49508
1390791562.5,-23.49599
1390791718.75,-23.50031
1390791875.0,-23.4997
1390792031.25,-23.50351
1390792187.5,-23.50493
1390792343.75,-23.50945
1390792500.0,-23.51311
1390792656.25,-23.51494
1390792812.5,-23.51645
1390792968.75,-23.51889
1390793125.0,-23.52225
1390793281.25,-23.52541
1390793437.5,-23.52978
1390793593.75,-23.53062
1390793750.0,-23.53305
1390793906.25,-23.53458
1390794062.5,-23.53942
1390794218.75,-23.53904
1390794375.0,-23.54386
1390794531.25,-23.54637
1390794687.5,-23.54796
1390794843.75,-23.54967
1390795000.0,-23.55197
1390795156.25,-23.55854
1390795312.5,-23.55823
1390795468.75,-23.56046
1390795625.0,-23.56225
1390795781.25,-23.56668
1390795937.5,-23.56804
1390796093.75,-23.57251
1390796250.0,-23.57202
1390796406.25,-23.57616
1390796562.5,-23.57948
1390796718.75,-23.58076
1390796875.0,-23.58358
1390797031.25,-23.58928
1390797187.5,-23.58976
1390797343.75,-23.59351
1390797500.0,-23.59081
1390797656.25,-23.59719
1390797812.5,-23.59915
1390797968.75,-23.5998
1390798125.0,-23.60548
1390798281.25,-23.6068
1390798437.5,-23.60998
1390798593.75,-23.61093
1390798750.0,-23.61225
1390798906.25,-23.61684
1390799062.5,-23.62058
1390799218.75,-23.62411
1390799375.0,-23.62667
1390799531.25,-23.6276
1390799687.5,-23.6277
1390799843.75,-23.63295
1390800000.0,-23.63546
1390800156.25,-23.63599
1390800312.5,-23.64123
1390800468.75,-23.64428
1390800625.0,-23.64814
1390800781.25,-23.64495
1390800937.5,-23.65075
1390801093.75,-23.65054
1390801250.0,-23.65419
1390801406.25,-23.65616
1390801562.5,-23.6619
1390801718.75,-23.66109
1390801875.0,-23.66492
1390802031.25,-23.6664
1390802187.5,-23.66827
1390802343.75,-23.66932
1390802500.0,-23.67447
1390802656.25,-23.67795
1390802812.5,-23.68115
1390802968.75,-23.68373
1390803125.0,-23.68538
1390803281.25,-23.68779
1390803437.5,-23.69122
1390803593.75,-23.69157
1390803750.0,-23.69554
1390803906.25,-23.69868
1390804062.5,-23.70042
1390804218.75,-23.70362
1390804375.0,-23.70482
1390804531.25,-23.70748
1390804687.5,-23.71154
1390804843.75,-23.71431
1390805000.0,-23.71738
1390805156.25,-23.72195
1390805312.5,-23.71961
1390805468.75,-23.72225
1390805625.0,-23.72504
1390805781.25,-23.72694
1390805937.5,-23.73073
1390806093.75,-23.73409
1390806250.0,-23.73654
1390806406.25,-23.73874
1390806562.5,-23.74085
1390806718.75,-23.74403
1390806875.0,-23.74592
1390807031.25,-23.74883
1390807187.5,-23.75229
1390807343.75,-23.75454
1390807500.0,-23.75269
1390807656.25,-23.76075
1390807812.5,-23.7613
1390807968.75,-23.76137
1390808125.0,-23.76454
1390808281.25,-23.76769
1390808437.5,-23.77154
1390808593.75,-23.77652
1390808750.0,-23.77532
1390808906.25,-23.77928
1390809062.5,-23.7789
1390809218.75,-23.78361
1390809375.0,-23.78583
1390809531.25,-23.78948
1390809687.5,-23.79063
1390809843.75,-23.792
1390810000.0,-23.7955
1390810156.25,-23.79809
1390810312.5,-23.80142
1390810468.75,-23.8021
1390810625.0,-23.8049
1390810781.25,-23.80446
1390810937.5,-23.80967
1390811093.75,-23.8152
1390811250.0,-23.81403
1390811406.25,-23.81945
1390811562.5,-23.82108
1390811718.75,-23.82208
1390811875.0,-23.82463
1390812031.25,-23.8302
1390812187.5,-23.83265
1390812343.75,-23.83228
1390812500.0,-23.83758
1390812656.25,-23.84033
1390812812.5,-23.841
1390812968.75,-23.84184
1390813125.0,-23.8463
1390813281.25,-23.8499
1390813437.5,-23.84986
1390813593.75,-23.85304
1390813750.0,-23.85721
1390813906.25,-23.86076
1390814062.5,-23.86261
1390814218.75,-23.86484
1390814375.0,-23.86533
1390814531.25,-23.86744
1390814687.5,-23.8709
1390814843.75,-23.87442
1390815000.0,-23.87438
1390815156.25,-23.87905
1390815312.5,-23.88025
1390815468.75,-23.88409
1390815625.0,-23.88579
1390815781.25,-23.88764
1390815937.5,-23.88664
1390816093.75,-23.89141
1390816250.0,-23.8973
1390816406.25,-23.89602
1390816562.5,-23.90072
1390816718.75,-23.90428
1390816875.0,-23.90196
1390817031.25,-23.90485
1390817187.5,-23.91051
1390817343.75,-23.91398
1390817500.0,-23.91668
1390817656.25,-23.91473
1390817812.5,-23.91965
1390817968.75,-23.92218
1390818125.0,-23.9255
1390818281.25,-23.9274
1390818437.5,-23.92937
1390818593.75,-23.93127
1390818750.0,-23.93378
1390818906.25,-23.93729
1390819062.5,-23.9402
1390819218.75,-23.9427
1390819375.0,-23.94432
1390819531.25,-23.94806
1390819687.5,-23.95059
1390819843.75,-23.95038
1390820000.0,-23.95672
1390820156.25,-23.95639
1390820312.5,-23.96141
1390820468.75,-23.96208
1390820625.0,-23.96329
1390820781.25,-23.96771
1390820937.5,-23.97018
1390821093.75,-23.97341
1390821250.0,-23.97295
1390821406.25,-23.97953
1390821562.5,-23.97849
1390821718.75,-23.98101
1390821875.0,-23.98149
1390822031.25,-23.98841
1390822187.5,-23.98949
1390822343.75,-23.99209
1390822500.0,-23.99213
1390822656.25,-23.99632
1390822812.5,-23.99776
1390822968.75,-23.99815
1390823125.0,-24.00564
1390823281.25,-24.00588
1390823437.5,-24.00416
1390823593.75,-24.01097
1390823750.0,-24.0141
1390823906.25,-24.01754
1390824062.5,-24.01949
1390824218.75,-24.02183
1390824375.0,-24.02232
1390824531.25,-24.02414
1390824687.5,-24.02715
1390824843.75,-24.03211
1390825000.0,-24.03325
1390825156.25,-24.03393
1390825312.5,-24.03757
1390825468.75,-24.03979
1390825625.0,-24.04485
1390825781.25,-24.04421
1390825937.5,-24.0451
1390826093.75,-24.05112
1390826250.0,-24.05088
1390826406.25,-24.0547
1390826562.5,-24.0556
1390826718.75,-24.06052
1390826875.0,-24.06372
1390827031.25,-24.06701
1390827187.5,-24.06855
1390827343.75,-24.06843
1390827500.0,-24.07172
1390827656.25,-24.07578
1390827812.5,-24.07322
1390827968.75,-24.07893
1390828125.0,-24.08443
1390828281.25,-24.08413
1390828437.5,-24.08902
1390828593.75,-24.08776
1390828750.0,-24.08848
1390828906.25,-24.09462
1390829062.5,-24.09442
1390829218.75,-24.09934
1390829375.0,-24.09863
1390829531.25,-24.10573
1390829687.5,-24.10497
1390829843.75,-24.10714
1390830000.0,-24.10966
1390830156.25,-24.11229
1390830312.5,-24.11488
1390830468.75,-24.11726
1390830625.0,-24.12043
1390830781.25,-24.12356
1390830937.5,-24.1239
1390831093.75,-24.12712
1390831250.0,-24.12738
1390831406.25,-24.13209
1390831562.5,-24.13287
1390831718.75,-24.1375
1390831875.0,-24.13929
1390832031.25,-24.14277
1390832187.5,-24.14704
1390832343.75,-24.1456
1390832500.0,-24.14986
1390832656.25,-24.15396
1390832812.5,-24.15504
1390832968.75,-24.15589
1390833125.0,-24.15546
1390833281.25,-24.16196
1390833437.5,-24.16339
1390833593.75,-24.16482
1390833750.0,-24.16609
1390833906.25,-24.1688
1390834062.5,-24.17296
1390834218.75,-24.17827
1390834375.0,-24.17986
1390834531.25,-24.17773
1390834687.5,-24.1809
1390834843.75,-24.18531
1390835000.0,-24.19117
1390835156.25,-24.18921
1390835312.5,-24.18825
1390835468.75,-24.19649
1390835625.0,-24.19597
1390835781.25,-24.2
1390835937.5,-24.20087
1390836093.75,-24.20816
1390836250.0,-24.20469
1390836406.25,-24.20869
1390836562.5,-24.21049
1390836718.75,-24.21136
1390836875.0,-24.21579
1390837031.25,-24.21523
1390837187.5,-24.21993
1390837343.75,-24.22352
1390837500.0,-24.22651
1390837656.25,-24.22811
1390837812.5,-24.22904
1390837968.75,-24.23215
1390838125.0,-24.23855
1390838281.25,-24.23848
1390838437.5,-24.23999
1390838593.75,-24.24191
1390838750.0,-24.24536
1390838906.25,-24.24656
1390839062.5,-24.24874
1390839218.75,-24.25373
1390839375.0,-24.25445
1390839531.25,-24.2576
1390839687.5,-24.25816
1390839843.75,-24.26081
1390840000.0,-24.26067
1390840156.25,-24.26702
1390840312.5,-24.26731
1390840468.75,-24.27097
1390840625.0,-24.2732
1390840781.25,-24.27488
1390840937.5,-24.27714
1390841093.75,-24.28037
1390841250.0,-24.28149
1390841406.25,-24.28459
1390841562.5,-24.28722
1390841718.75,-24.2937
1390841875.0,-24.29016
1390842031.25,-24.29517
1390842187.5,-24.29395
1390842343.75,-24.29696
1390842500.0,-24.30413
1390842656.25,-24.30584
1390842812.5,-24.30403
1390842968.75,-24.3059
1390843125.0,-24.31124
1390843281.25,-24.31075
1390843437.5,-24.31531
1390843593.75,-24.31993
1390843750.0,-24.3185
1390843906.25,-24.32178
1390844062.5,-24.32656
1390844218.75,-24.32421
1390844375.0,-24.32918
1390844531.25,-24.33342
1390844687.5,-24.33323
1390844843.75,-24.33776
1390845000.0,-24.33871
1390845156.25,-24.34196
1390845312.5,-24.34562
1390845468.75,-24.34606
1390845625.0,-24.34727
1390845781.25,-24.3502
1390845937.5,-24.35067
1390846093.75,-24.35763
1390846250.0,-24.35548
1390846406.25,-24.35968
1390846562.5,-24.3611
1390846718.75,-24.36264
1390846875.0,-24.36835
1390847031.25,-24.37038
1390847187.5,-24.37154
1390847343.75,-24.37361
1390847500.0,-24.37582
1390847656.25,-24.37762
1390847812.5,-24.38234
1390847968.75,-24.38619
1390848125.0,-24.38389
1390848281.25,-24.3868
1390848437.5,-24.39036
1390848593.75,-24.39379
1390848750.0,-24.3952
1390848906.25,-24.39951
1390849062.5,-24.40079
1390849218.75,-24.4056
1390849375.0,-24.40604
1390849531.25,-24.40799
1390849687.5,-24.40962
1390849843.75,-24.41144
1390850000.0,-24.41535
1390850156.25,-24.41627
1390850312.5,-24.41834
1390850468.75,-24.42076
1390850625.0,-24.42156
1390850781.25,-24.42675
1390850937.5,-24.42897
1390851093.75,-24.43369
1390851250.0,-24.43487
1390851406.25,-24.43651
1390851562.5,-24.43824
1390851718.75,-24.43749
1390851875.0,-24.44069
1390852031.25,-24.44541
1390852187.5,-24.44716
1390852343.75,-24.44944
1390852500.0,-24.45385
1390852656.25,-24.45384
1390852812.5,-24.45848
1390852968.75,-24.45873
1390853125.0,-24.45919
1390853281.25,-24.46289
1390853437.5,-24.46353
1390853593.75,-24.46708
1390853750.0,-24.47422
1390853906.25,-24.47083
1390854062.5,-24.47165
1390854218.75,-24.47705
1390854375.0,-24.48079
1390854531.25,-24.4811
1390854687.5,-24.48506
1390854843.75,-24.4853
1390855000.0,-24.48798
1390855156.25,-24.49319
1390855312.5,-24.49331
1390855468.75,-24.49492
1390855625.0,-24.49702
1390855781.25,-24.5029
1390855937.5,-24.50385
1390856093.75,-24.50613
1390856250.0,-24.50238
1390856406.25,-24.5108
1390856562.5,-24.51503
1390856718.75,-24.5142
1390856875.0,-24.51596
1390857031.25,-24.51958
1390857187.5,-24.52106
1390857343.75,-24.52272
1390857500.0,-24.527
1390857656.25,-24.52675
1390857812.5,-24.52825
1390857968.75,-24.52898
1390858125.0,-24.53606
1390858281.25,-24.5381
1390858437.5,-24.54047
1390858593.75,-24.54168
1390858750.0,-24.54741
1390858906.25,-24.55315
1390859062.5,-24.54991
1390859218.75,-24.55212
1390859375.0,-24.55112
1390859531.25,-24.55334
1390859687.5,-24.55905
1390859843.75,-24.55994
1390860000.0,-24.56342
1390860156.25,-24.56641
1390860312.5,-24.57191
1390860468.75,-24.56765
1390860625.0,-24.57016
1390860781.25,-24.57352
1390860937.5,-24.57555
1390861093.75,-24.58053
1390861250.0,-24.57873
1390861406.25,-24.58374
1390861562.5,-24.58687
1390861718.75,-24.59048
1390861875.0,-24.58952
1390862031.25,-24.58809
1390862187.5,-24.59473
1390862343.75,-24.59772
1390862500.0,-24.60021
1390862656.25,-24.6012
1390862812.5,-24.60212
1390862968.75,-24.60734
1390863125.0,-24.6066
1390863281.25,-24.61145
1390863437.5,-24.61342
1390863593.75,-24.61702
1390863750.0,-24.61677
1390863906.25,-24.62098
1390864062.5,-24.62174
1390864218.75,-24.62378
1390864375.0,-24.62673
1390864531.25,-24.63195
1390864687.5,-24.63554
1390864843.75,-24.63259
1390865000.0,-24.63602
1390865156.25,-24.63639
1390865312.5,-24.64029
1390865468.75,-24.64337
1390865625.0,-24.64251
1390865781.25,-24.64522
1390865937.5,-24.6491
1390866093.75,-24.65179
1390866250.0,-24.65309
1390866406.25,-24.6598
1390866562.5,-24.65951
1390866718.75,-24.66202
1390866875.0,-24.66581
1390867031.25,-24.66623
1390867187.5,-24.66747
1390867343.75,-24.66943
1390867500.0,-24.67127
1390867656.25,-24.67317
1390867812.5,-24.67621
1390867968.75,-24.67825
1390868125.0,-24.67995
1390868281.25,-24.68541
1390868437.5,-24.68379
1390868593.75,-24.68752
1390868750.0,-24.6915
1390868906.25,-24.69676
1390869062.5,-24.69391
1390869218.75,-24.69761
1390869375.0,-24.70049
1390869531.25,-24.7002
1390869687.5,-24.70498
1390869843.75,-24.7077
1390870000.0,-24.70866
1390870156.25,-24.71188
1390870312.5,-24.71434
1390870468.75,-24.71499
1390870625.0,-24.71588
1390870781.25,-24.71743
1390870937.5,-24.7236
1390871093.75,-24.7267
1390871250.0,-24.7279
1390871406.25,-24.72898
1390871562.5,-24.72915
1390871718.75,-24.73589
1390871875.0,-24.73587
1390872031.25,-24.73572
1390872187.5,-24.73894
1390872343.75,-24.74225
1390872500.0,-24.74365
1390872656.25,-24.74551
1390872812.5,-24.74881
1390872968.75,-24.75399
1390873125.0,-24.75452
1390873281.25,-24.75834
1390873437.5,-24.75605
1390873593.75,-24.76059
1390873750.0,-24.76279
1390873906.25,-24.76438
1390874062.5,-24.76648
1390874218.75,-24.76855
1390874375.0,-24.77169
1390874531.25,-24.77611
1390874687.5,-24.7774
1390874843.75,-24.77955
1390875000.0,-24.78125
1390875156.25,-24.78413
1390875312.5,-24.7859
1390875468.75,-24.78776
1390875625.0,-24.78868
1390875781.25,-24.79305
1390875937.5,-24.79416
1390876093.75,-24.79645
1390876250.0,-24.79787
1390876406.25,-24.80286
1390876562.5,-24.80337
1390876718.75,-24.80817
1390876875.0,-24.8087
1390877031.25,-24.80651
1390877187.5,-24.8113
1390877343.75,-24.81293
1390877500.0,-24.81584
1390877656.25,-24.81739
1390877812.5,-24.81934
1390877968.75,-24.82118
1390878125.0,-24.824
1390878281.25,-24.82841
1390878437.5,-24.8288
1390878593.75,-24.83074
1390878750.0,-24.83415
1390878906.25,-24.83781
1390879062.5,-24.83861
1390879218.75,-24.8403
1390879375.0,-24.84593
1390879531.25,-24.84498
1390879687.5,-24.84961
1390879843.75,-24.85116
1390880000.0,-24.85326
1390880156.25,-24.85537
1390880312.5,-24.85304
1390880468.75,-24.85836
1390880625.0,-24.86126
1390880781.25,-24.86512
1390880937.5,-24.86454
1390881093.75,-24.86705
1390881250.0,-24.87186
1390881406.25,-24.87317
1390881562.5,-24.87663
1390881718.75,-24.87653
1390881875.0,-24.87897
1390882031.25,-24.87823
1390882187.5,-24.88464
1390882343.75,-24.8819
1390882500.0,-24.88975
1390882656.25,-24.88852
1390882812.5,-24.89479
1390882968.75,-24.89386
1390883125.0,-24.89874
1390883281.25,-24.89886
1390883437.5,-24.89984
1390883593.75,-24.90397
1390883750.0,-24.90472
1390883906.25,-24.90858
1390884062.5,-24.90799
1390884218.75,-24.91098
1390884375.0,-24.91297
1390884531.25,-24.91556
1390884687.5,-24.91657
1390884843.75,-24.92315
1390885000.0,-24.9228
1390885156.25,-24.92444
1390885312.5,-24.92644
1390885468.75,-24.93139
1390885625.0,-24.93038
1390885781.25,-24.93616
1390885937.5,-24.93232
1390886093.75,-24.93513
1390886250.0,-24.93813
1390886406.25,-24.94496
1390886562.5,-24.94407
1390886718.75,-24.94859
1390886875.0,-24.94834
1390887031.25,-24.95363
1390887187.5,-24.9539
1390887343.75,-24.95725
1390887500.0,-24.95951
1390887656.25,-24.95874
1390887812.5,-24.96717
1390887968.75,-24.96682
1390888125.0,-24.96644
1390888281.25,-24.96972
1390888437.5,-24.97113
1390888593.75,-24.97541
1390888750.0,-24.97643
1390888906.25,-24.97977
1390889062.5,-24.98071
1390889218.75,-24.98315
1390889375.0,-24.9854
1390889531.25,-24.98868
1390889687.5,-24.98751
1390889843.75,-24.9893
1390890000.0,-24.99283
1390890156.25,-24.99524
1390890312.5,-24.9968
1390890468.75,-25.00025
1390890625.0,-24.99876
1390890781.25,-25.00325
1390890937.5,-25.0076
1390891093.75,-25.01019
1390891250.0,-25.01105
1390891406.25,-25.01174
1390891562.5,-25.01536
1390891718.75,-25.01685
1390891875.0,-25.02217
1390892031.25,-25.01894
1390892187.5,-25.02366
1390892343.75,-25.02845
1390892500.0,-25.02629
1390892656.25,-25.03113
1390892812.5,-25.03056
1390892968.75,-25.03711
1390893125.0,-25.03777
1390893281.25,-25.04077
1390893437.5,-25.04443
1390893593.75,-25.04313
1390893750.0,-25.04494
1390893906.25,-25.04837
1390894062.5,-25.0492
1390894218.75,-25.05293
1390894375.0,-25.05717
1390894531.25,-25.05896
1390894687.5,-25.05607
1390894843.75,-25.0598
1390895000.0,-25.06216
1390895156.25,-25.06497
1390895312.5,-25.06858
1390895468.75,-25.0735
1390895625.0,-25.07305
1390895781.25,-25.07427
1390895937.5,-25.0761
1390896093.75,-25.07693
1390896250.0,-25.0805
1390896406.25,-25.08342
1390896562.5,-25.08447
1390896718.75,-25.0855
1390896875.0,-25.08848
1390897031.25,-25.09169
1390897187.5,-25.09623
1390897343.75,-25.09435
1390897500.0,-25.09856
1390897656.25,-25.09831
1390897812.5,-25.10096
1390897968.75,-25.10355
1390898125.0,-25.10742
1390898281.25,-25.10703
1390898437.5,-25.11199
1390898593.75,-25.11292
1390898750.0,-25.11579
1390898906.25,-25.11939
1390899062.5,-25.11824
1390899218.75,-25.12171
1390899375.0,-25.12147
1390899531.25,-25.12478
1390899687.5,-25.12581
1390899843.75,-25.13168
1390900000.0,-25.12932
1390900156.25,-25.13354
1390900312.5,-25.13787
1390900468.75,-25.13756
1390900625.0,-25.14038
1390900781.25,-25.14209
1390900937.5,-25.14757
1390901093.75,-25.14536
1390901250.0,-25.15299
1390901406.25,-25.15063
1390901562.5,-25.15595
1390901718.75,-25.1534
1390901875.0,-25.15888
1390902031.25,-25.15981
1390902187.5,-25.16477
1390902343.75,-25.16408
1390902500.0,-25.16373
1390902656.25,-25.17024
1390902812.5,-25.17262
1390902968.75,-25.17394
1390903125.0,-25.17512
1390903281.25,-25.17897
1390903437.5,-25.18137
1390903593.75,-25.18222
1390903750.0,-25.18489
1390903906.25,-25.18405
1390904062.5,-25.18709
1390904218.75,-25.19176
1390904375.0,-25.19238
1390904531.25,-25.19418
1390904687.5,-25.19721
1390904843.75,-25.19874
1390905000.0,-25.2014
1390905156.25,-25.20201
1390905312.5,-25.20531
1390905468.75,-25.20757
1390905625.0,-25.20897
1390905781.25,-25.20884
1390905937.5,-25.21189
1390906093.75,-25.21854
1390906250.0,-25.21815
1390906406.25,-25.21823
1390906562.5,-25.22477
1390906718.75,-25.22604
1390906875.0,-25.22965
1390907031.25,-25.23029
1390907187.5,-25.23197
1390907343.75,-25.23237
1390907500.0,-25.23773
1390907656.25,-25.23714
1390907812.5,-25.23849
1390907968.75,-25.24224
1390908125.0,-25.24432
1390908281.25,-25.24663
1390908437.5,-25.25095
1390908593.75,-25.25026
1390908750.0,-25.252
1390908906.25,-25.25598
1390909062.5,-25.25644
1390909218.75,-25.2575
1390909375.0,-25.26341
1390909531.25,-25.26465
1390909687.5,-25.26829
1390909843.75,-25.26951
1390910000.0,-25.27197
1390910156.25,-25.27195
1390910312.5,-25.27348
1390910468.75,-25.2773
1390910625.0,-25.27848
1390910781.25,-25.28413
1390910937.5,-25.281
1390911093.75,-25.287
1390911250.0,-25.28718
1390911406.25,-25.28708
1390911562.5,-25.29079
1390911718.75,-25.2906
1390911875.0,-25.29838
1390912031.25,-25.29626
1390912187.5,-25.29724
1390912343.75,-25.30338
1390912500.0,-25.30586
1390912656.25,-25.30585
1390912812.5,-25.3057
1390912968.75,-25.30747
1390913125.0,-25.311
1390913281.25,-25.31518
1390913437.5,-25.32018
1390913593.75,-25.31739
1390913750.0,-25.31801
1390913906.25,-25.32447
1390914062.5,-25.32588
1390914218.75,-25.32773
1390914375.0,-25.33143
1390914531.25,-25.33478
1390914687.5,-25.3327
1390914843.75,-25.33652
1390915000.0,-25.33858
1390915156.25,-25.33827
1390915312.5,-25.342
1390915468.75,-25.34206
1390915625.0,-25.34868
1390915781.25,-25.34599
1390915937.5,-25.34544
1390916093.75,-25.35254
1390916250.0,-25.35516
1390916406.25,-25.35573
1390916562.5,-25.36002
1390916718.75,-25.36148
1390916875.0,-25.36263
1390917031.25,-25.36327
1390917187.5,-25.36735
1390917343.75,-25.36833
1390917500.0,-25.37254
1390917656.25,-25.37342
1390917812.5,-25.3744
1390917968.75,-25.37557
1390918125.0,-25.37817
1390918281.25,-25.38499
1390918437.5,-25.38435
1390918593.75,-25.38814
1390918750.0,-25.39052
1390918906.25,-25.38967
1390919062.5,-25.395
1390919218.75,-25.39475
1390919375.0,-25.39885
1390919531.25,-25.39746
1390919687.5,-25.39806
1390919843.75,-25.40197
1390920000.0,-25.4035
1390920156.25,-25.40467
1390920312.5,-25.40891
1390920468.75,-25.40779
1390920625.0,-25.41425
1390920781.25,-25.41353
1390920937.5,-25.4157
1390921093.75,-25.41799
1390921250.0,-25.42229
1390921406.25,-25.42399
1390921562.5,-25.42408
1390921718.75,-25.42782
1390921875.0,-25.43157
1390922031.25,-25.42841
1390922187.5,-25.43484
1390922343.75,-25.43629
1390922500.0,-25.43678
1390922656.25,-25.43932
1390922812.5,-25.44482
1390922968.75,-25.44288
1390923125.0,-25.44944
1390923281.25,-25.45102
1390923437.5,-25.45481
1390923593.75,-25.45162
1390923750.0,-25.45519
1390923906.25,-25.45518
1390924062.5,-25.45728
1390924218.75,-25.46227
1390924375.0,-25.46354
1390924531.25,-25.46589
1390924687.5,-25.46756
1390924843.75,-25.46989
1390925000.0,-25.47329
1390925156.25,-25.47562
1390925312.5,-25.47899
1390925468.75,-25.47866
1390925625.0,-25.47861
1390925781.25,-25.48033
1390925937.5,-25.48469
1390926093.75,-25.48818
1390926250.0,-25.48978
1390926406.25,-25.48631
1390926562.5,-25.49353
1390926718.75,-25.4962
1390926875.0,-25.49581
1390927031.25,-25.50156
1390927187.5,-25.50195
1390927343.75,-25.50515
1390927500.0,-25.50357
1390927656.25,-25.50863
1390927812.5,-25.50848
1390927968.75,-25.51227
1390928125.0,-25.51402
1390928281.25,-25.51567
1390928437.5,-25.52101
1390928593.75,-25.51814
1390928750.0,-25.52171
1390928906.25,-25.52568
1390929062.5,-25.5252
1390929218.75,-25.52852
1390929375.0,-25.53326
1390929531.25,-25.5356
1390929687.5,-25.53377
1390929843.75,-25.53506
1390930000.0,-25.53736
1390930156.25,-25.53961
1390930312.5,-25.54097
1390930468.75,-25.54796
1390930625.0,-25.54391
1390930781.25,-25.54668
1390930937.5,-25.55011
1390931093.75,-25.55368
1390931250.0,-25.55505
1390931406.25,-25.55454
1390931562.5,-25.56108
1390931718.75,-25.56112
1390931875.0,-25.56169
1390932031.25,-25.56336
1390932187.5,-25.56715
1390932343.75,-25.5709
1390932500.0,-25.56713
1390932656.25,-25.57281
1390932812.5,-25.57399
1390932968.75,-25.5756
1390933125.0,-25.57932
1390933281.25,-25.58429
1390933437.5,-25.58745
1390933593.75,-25.58317
1390933750.0,-25.58892
1390933906.25,-25.58772
1390934062.5,-25.59241
1390934218.75,-25.59575
1390934375.0,-25.59657
1390934531.25,-25.59757
1390934687.5,-25.59847
1390934843.75,-25.60067
1390935000.0,-25.6026
1390935156.25,-25.60651
1390935312.5,-25.60793
1390935468.75,-25.61033
1390935625.0,-25.60894
1390935781.25,-25.614
1390935937.5,-25.61967
1390936093.75,-25.62165
1390936250.0,-25.61745
1390936406.25,-25.62137
1390936562.5,-25.62354
1390936718.75,-25.62454
1390936875.0,-25.63126
1390937031.25,-25.63289
1390937187.5,-25.63513
1390937343.75,-25.63452
1390937500.0,-25.63467
1390937656.25,-25.6381
1390937812.5,-25.64042
1390937968.75,-25.64151
1390938125.0,-25.64329
1390938281.25,-25.64767
1390938437.5,-25.64915
1390938593.75,-25.6515
1390938750.0,-25.65327
1390938906.25,-25.6556
1390939062.5,-25.65663
1390939218.75,-25.65793
1390939375.0,-25.65965
1390939531.25,-25.66278
1390939687.5,-25.66345
1390939843.75,-25.66606
1390940000.0,-25.66927
1390940156.25,-25.67373
1390940312.5,-25.67553
1390940468.75,-25.68004
1390940625.0,-25.67886
1390940781.25,-25.67892
1390940937.5,-25.68255
1390941093.75,-25.68125
1390941250.0,-25.68699
1390941406.25,-25.68908
1390941562.5,-25.69118
1390941718.75,-25.68821
1390941875.0,-25.69174
1390942031.25,-25.69527
1390942187.5,-25.69668
1390942343.75,-25.70003
1390942500.0,-25.69899
1390942656.25,-25.70482
1390942812.5,-25.70813
1390942968.75,-25.70882
1390943125.0,-25.71125
1390943281.25,-25.71018
1390943437.5,-25.71786
1390943593.75,-25.71848
1390943750.0,-25.71747
1390943906.25,-25.71878
1390944062.5,-25.72422
1390944218.75,-25.72828
1390944375.0,-25.7259
1390944531.25,-25.73357
1390944687.5,-25.72858
1390944843.75,-25.73462
1390945000.0,-25.73272
1390945156.25,-25.73798
1390945312.5,-25.73811
1390945468.75,-25.74155
1390945625.0,-25.74265
1390945781.25,-25.74403
1390945937.5,-25.74722
1390946093.75,-25.74862
1390946250.0,-25.74917
1390946406.25,-25.75243
1390946562.5,-25.75474
1390946718.75,-25.75879
1390946875.0,-25.761
1390947031.25,-25.76178
1390947187.5,-25.76219
1390947343.75,-25.76508
1390947500.0,-25.76507
1390947656.25,-25.7674
1390947812.5,-25.77052
1390947968.75,-25.77236
1390948125.0,-25.77341
1390948281.25,-25.78027
1390948437.5,-25.77717
1390948593.75,-25.78008
1390948750.0,-25.78383
1390948906.25,-25.78442
1390949062.5,-25.78572
1390949218.75,-25.78618
1390949375.0,-25.78986
1390949531.25,-25.79077
1390949687.5,-25.79516
1390949843.75,-25.7941
1390950000.0,-25.7975
1390950156.25,-25.80227
1390950312.5,-25.80263
1390950468.75,-25.80317
1390950625.0,-25.80685
1390950781.25,-25.81063
1390950937.5,-25.81144
1390951093.75,-25.81418
1390951250.0,-25.81612
1390951406.25,-25.81504
1390951562.5,-25.81832
1390951718.75,-25.82155
1390951875.0,-25.82434
1390952031.25,-25.82601
1390952187.5,-25.82442
1390952343.75,-25.82856
1390952500.0,-25.82949
1390952656.25,-25.83694
1390952812.5,-25.83659
1390952968.75,-25.83621
1390953125.0,-25.83689
1390953281.25,-25.84028
1390953437.5,-25.84569
1390953593.75,-25.84111
1390953750.0,-25.84666
1390953906.25,-25.84643
1390954062.5,-25.84999
1390954218.75,-25.8523
1390954375.0,-25.85477
1390954531.25,-25.85372
1390954687.5,-25.85623
1390954843.75,-25.86082
1390955000.0,-25.86114
1390955156.25,-25.86491
1390955312.5,-25.86785
1390955468.75,-25.86944
1390955625.0,-25.86787
1390955781.25,-25.8716
1390955937.5,-25.87672
1390956093.75,-25.87535
1390956250.0,-25.87659
1390956406.25,-25.87908
1390956562.5,-25.87918
1390956718.75,-25.88176
1390956875.0,-25.88676
1390957031.25,-25.88802
1390957187.5,-25.89027
1390957343.75,-25.89273
1390957500.0,-25.89602
1390957656.25,-25.89631
1390957812.5,-25.89832
1390957968.75,-25.90107
1390958125.0,-25.89966
1390958281.25,-25.90396
1390958437.5,-25.90546
1390958593.75,-25.9092
1390958750.0,-25.90851
1390958906.25,-25.91303
1390959062.5,-25.91772
1390959218.75,-25.91673
1390959375.0,-25.92108
1390959531.25,-25.92161
1390959687.5,-25.92433
1390959843.75,-25.92245
1390960000.0,-25.92749
1390960156.25,-25.93188
1390960312.5,-25.93027
1390960468.75,-25.93354
1390960625.0,-25.9362
1390960781.25,-25.93654
1390960937.5,-25.94038
1390961093.75,-25.93785
1390961250.0,-25.9399
1390961406.25,-25.94559
1390961562.5,-25.94927
1390961718.75,-25.94931
1390961875.0,-25.94926
1390962031.25,-25.95101
1390962187.5,-25.95382
1390962343.75,-25.9554
1390962500.0,-25.95861
1390962656.25,-25.95865
1390962812.5,-25.96017
1390962968.75,-25.96367
1390963125.0,-25.96592
1390963281.25,-25.9689
1390963437.5,-25.96966
1390963593.75,-25.9691
1390963750.0,-25.9713
1390963906.25,-25.97641
1390964062.5,-25.97775
1390964218.75,-25.97833
1390964375.0,-25.98058
1390964531.25,-25.98276
1390964687.5,-25.98564
1390964843.75,-25.98814
1390965000.0,-25.98725
1390965156.25,-25.99129
1390965312.5,-25.99383
1390965468.75,-25.99461
1390965625.0,-25.99685
1390965781.25,-26.0016
1390965937.5,-26.00509
1390966093.75,-26.00414
1390966250.0,-26.0045
1390966406.25,-26.00849
1390966562.5,-26.00926
1390966718.75,-26.00885
1390966875.0,-26.01335
1390967031.25,-26.01586
1390967187.5,-26.01432
1390967343.75,-26.02077
1390967500.0,-26.02589
1390967656.25,-26.02468
1390967812.5,-26.02889
1390967968.75,-26.02681
1390968125.0,-26.0287
1390968281.25,-26.03341
1390968437.5,-26.0349
1390968593.75,-26.03369
1390968750.0,-26.0349
1390968906.25,-26.03922
1390969062.5,-26.03975
1390969218.75,-26.0459
1390969375.0,-26.04563
1390969531.25,-26.04753
1390969687.5,-26.04725
1390969843.75,-26.0522
1390970000.0,-26.05435
1390970156.25,-26.05591
1390970312.5,-26.05939
1390970468.75,-26.05768
1390970625.0,-26.05773
1390970781.25,-26.06047
1390970937.5,-26.06505
1390971093.75,-26.06873
1390971250.0,-26.06814
1390971406.25,-26.06912
1390971562.5,-26.06722
1390971718.75,-26.07371
1390971875.0,-26.07009
1390972031.25,-26.0737
1390972187.5,-26.07989
1390972343.75,-26.07901
1390972500.0,-26.08244
1390972656.25,-26.08339
1390972812.5,-26.08725
1390972968.75,-26.08914
1390973125.0,-26.08916
1390973281.25,-26.09004
1390973437.5,-26.09353
1390973593.75,-26.098
1390973750.0,-26.10008
1390973906.25,-26.09918
1390974062.5,-26.10369
1390974218.75,-26.10924
1390974375.0,-26.10393
1390974531.25,-26.10759
1390974687.5,-26.11053
1390974843.75,-26.11182
1390975000.0,-26.11648
1390975156.25,-26.11337
1390975312.5,-26.12006
1390975468.75,-26.11991
1390975625.0,-26.12258
1390975781.25,-26.12641
1390975937.5,-26.12647
1390976093.75,-26.12964
1390976250.0,-26.12984
1390976406.25,-26.13138
1390976562.5,-26.13341
1390976718.75,-26.13231
1390976875.0,-26.13766
1390977031.25,-26.14034
1390977187.5,-26.14374
1390977343.75,-26.14372
1390977500.0,-26.1469
1390977656.25,-26.14771
1390977812.5,-26.14785
1390977968.75,-26.15364
1390978125.0,-26.15246
1390978281.25,-26.15793
1390978437.5,-26.15644
1390978593.75,-26.15669
1390978750.0,-26.15943
1390978906.25,-26.16266
1390979062.5,-26.16403
1390979218.75,-26.16609
1390979375.0,-26.16916
1390979531.25,-26.16983
1390979687.5,-26.17279
1390979843.75,-26.17309
1390980000.0,-26.17454
1390980156.25,-26.17918
1390980312.5,-26.17894
1390980468.75,-26.18122
1390980625.0,-26.186
1390980781.25,-26.18535
1390980937.5,-26.18756
1390981093.75,-26.19085
1390981250.0,-26.19231
1390981406.25,-26.19436
1390981562.5,-26.19504
1390981718.75,-26.19749
1390981875.0,-26.19778
1390982031.25,-26.20346
1390982187.5,-26.20263
1390982343.75,-26.20264
1390982500.0,-26.20735
1390982656.25,-26.20778
1390982812.5,-26.21043
1390982968.75,-26.21071
1390983125.0,-26.21697
1390983281.25,-26.21802
1390983437.5,-26.21795
1390983593.75,-26.22429
1390983750.0,-26.21979
1390983906.25,-26.22294
1390984062.5,-26.22884
1390984218.75,-26.22566
1390984375.0,-26.22834
1390984531.25,-26.23277
1390984687.5,-26.23077
1390984843.75,-26.23812
1390985000.0,-26.23434
1390985156.25,-26.23939
1390985312.5,-26.23694
1390985468.75,-26.24541
1390985625.0,-26.24685
1390985781.25,-26.24627
1390985937.5,-26.24821
1390986093.75,-26.25167
1390986250.0,-26.25253
1390986406.25,-26.25558
1390986562.5,-26.25378
1390986718.75,-26.25866
1390986875.0,-26.26176
1390987031.25,-26.2608
1390987187.5,-26.26492
1390987343.75,-26.26657
1390987500.0,-26.26817
1390987656.25,-26.26882
1390987812.5,-26.26954
1390987968.75,-26.27448
1390988125.0,-26.273
1390988281.25,-26.27804
1390988437.5,-26.27669
1390988593.75,-26.28076
1390988750.0,-26.28146
1390988906.25,-26.28401
1390989062.5,-26.28817
1390989218.75,-26.28881
1390989375.0,-26.29266
1390989531.25,-26.29356
1390989687.5,-26.29257
1390989843.75,-26.29799
1390990000.0,-26.30066
1390990156.25,-26.30222
1390990312.5,-26.30206
1390990468.75,-26.30085
1390990625.0,-26.30507
1390990781.25,-26.30825
1390990937.5,-26.31052
1390991093.75,-26.311
1390991250.0,-26.31306
1390991406.25,-26.3144
1390991562.5,-26.31827
1390991718.75,-26.31873
1390991875.0,-26.32133
1390992031.25,-26.32236
1390992187.5,-26.32597
1390992343.75,-26.32545
1390992500.0,-26.32777
1390992656.25,-26.33008
1390992812.5,-26.33195
1390992968.75,-26.3332
1390993125.0,-26.33669
1390993281.25,-26.33648
1390993437.5,-26.33979
1390993593.75,-26.33999
1390993750.0,-26.34571
1390993906.25,-26.34826
1390994062.5,-26.34953
1390994218.75,-26.34812
1390994375.0,-26.35048
1390994531.25,-26.35274
1390994687.5,-26.3524
1390994843.75,-26.35679
1390995000.0,-26.35892
1390995156.25,-26.35934
1390995312.5,-26.36371
1390995468.75,-26.36517
1390995625.0,-26.36581
1390995781.25,-26.37046
1390995937.5,-26.37214
1390996093.75,-26.37519
1390996250.0,-26.37361
1390996406.25,-26.37631
1390996562.5,-26.37921
1390996718.75,-26.37931
1390996875.0,-26.38264
1390997031.25,-26.38468
1390997187.5,-26.38812
1390997343.75,-26.38446
1390997500.0,-26.39071
1390997656.25,-26.39267
1390997812.5,-26.39513
1390997968.75,-26.39001
1390998125.0,-26.39656
1390998281.25,-26.39831
1390998437.5,-26.39976
1390998593.75,-26.4045
1390998750.0,-26.40782
1390998906.25,-26.40742
1390999062.5,-26.4041
1390999218.75,-26.41383
1390999375.0,-26.41088
1390999531.25,-26.41453
1390999687.5,-26.41699
1390999843.75,-26.41656
1391000000.0,-26.41996
1391000156.25,-26.42281
1391000312.5,-26.42387
1391000468.75,-26.42245
1391000625.0,-26.42811
1391000781.25,-26.4303
1391000937.5,-26.42986
1391001093.75,-26.43164
1391001250.0,-26.43442
1391001406.25,-26.43574
1391001562.5,-26.43777
1391001718.75,-26.43932
1391001875.0,-26.44106
1391002031.25,-26.44187
1391002187.5,-26.44577
1391002343.75,-26.44636
1391002500.0,-26.45158
1391002656.25,-26.45388
1391002812.5,-26.45375
1391002968.75,-26.45659
1391003125.0,-26.45753
1391003281.25,-26.46181
1391003437.5,-26.4595
1391003593.75,-26.46543
1391003750.0,-26.4615
1391003906.25,-26.46926
1391004062.5,-26.46902
1391004218.75,-26.46877
1391004375.0,-26.47552
1391004531.25,-26.47184
1391004687.5,-26.47482
1391004843.75,-26.47575
1391005000.0,-26.48066
1391005156.25,-26.47928
1391005312.5,-26.48676
1391005468.75,-26.48254
1391005625.0,-26.48543
1391005781.25,-26.48684
1391005937.5,-26.48924
1391006093.75,-26.49441
1391006250.0,-26.49332
1391006406.25,-26.49547
1391006562.5,-26.49903
1391006718.75,-26.49893
1391006875.0,-26.5002
1391007031.25,-26.50421
1391007187.5,-26.5068
1391007343.75,-26.50909
1391007500.0,-26.50747
1391007656.25,-26.51369
1391007812.5,-26.51043
1391007968.75,-26.51314
1391008125.0,-26.51743
1391008281.25,-26.51841
1391008437.5,-26.52135
1391008593.75,-26.52135
1391008750.0,-26.52402
1391008906.25,-26.52437
1391009062.5,-26.52983
1391009218.75,-26.53198
1391009375.0,-26.53274
1391009531.25,-26.53324
1391009687.5,-26.53101
1391009843.75,-26.53851
1391010000.0,-26.53913
1391010156.25,-26.54352
1391010312.5,-26.54341
1391010468.75,-26.54416
1391010625.0,-26.54642
1391010781.25,-26.54637
1391010937.5,-26.54767
1391011093.75,-26.54846
1391011250.0,-26.5544
1391011406.25,-26.55404
1391011562.5,-26.55463
1391011718.75,-26.55792
1391011875.0,-26.55892
1391012031.25,-26.56364
1391012187.5,-26.56281
1391012343.75,-26.56365
1391012500.0,-26.56835
1391012656.25,-26.57346
1391012812.5,-26.5689
1391012968.75,-26.5748
1391013125.0,-26.57508
1391013281.25,-26.57477
1391013437.5,-26.57795
1391013593.75,-26.58123
1391013750.0,-26.58243
1391013906.25,-26.58714
1391014062.5,-26.58569
1391014218.75,-26.58875
1391014375.0,-26.59236
1391014531.25,-26.5887
1391014687.5,-26.59541
1391014843.75,-26.59324
1391015000.0,-26.59631
1391015156.25,-26.59805
1391015312.5,-26.6009
1391015468.75,-26.60641
1391015625.0,-26.60524
1391015781.25,-26.60546
1391015937.5,-26.60802
1391016093.75,-26.61235
1391016250.0,-26.60996
1391016406.25,-26.61656
1391016562.5,-26.61302
1391016718.75,-26.62006
1391016875.0,-26.62089
1391017031.25,-26.62333
1391017187.5,-26.62047
1391017343.75,-26.62348
1391017500.0,-26.62325
1391017656.25,-26.62474
1391017812.5,-26.63065
1391017968.75,-26.63158
1391018125.0,-26.63655
1391018281.25,-26.63983
1391018437.5,-26.63764
1391018593.75,-26.64154
1391018750.0,-26.64493
1391018906.25,-26.64109
1391019062.5,-26.64375
1391019218.75,-26.64693
1391019375.0,-26.64988
1391019531.25,-26.64787
1391019687.5,-26.65289
1391019843.75,-26.65236
1391020000.0,-26.6563
1391020156.25,-26.65674
1391020312.5,-26.66154
1391020468.75,-26.66146
1391020625.0,-26.66544
1391020781.25,-26.66721
1391020937.5,-26.66823
1391021093.75,-26.66595
1391021250.0,-26.67176
1391021406.25,-26.67
1391021562.5,-26.67118
1391021718.75,-26.67439
1391021875.0,-26.68038
1391022031.25,-26.67852
1391022187.5,-26.68322
1391022343.75,-26.68426
1391022500.0,-26.68604
1391022656.25,-26.68624
1391022812.5,-26.68866
1391022968.75,-26.69127
1391023125.0,-26.69213
1391023281.25,-26.69128
1391023437.5,-26.69495
1391023593.75,-26.70041
1391023750.0,-26.7016
1391023906.25,-26.70374
1391024062.5,-26.70131
1391024218.75,-26.70259
1391024375.0,-26.70432
1391024531.25,-26.70716
1391024687.5,-26.7107
1391024843.75,-26.71401
1391025000.0,-26.71389
1391025156.25,-26.71757
1391025312.5,-26.71859
1391025468.75,-26.72197
1391025625.0,-26.71942
1391025781.25,-26.72578
1391025937.5,-26.72622
1391026093.75,-26.72696
1391026250.0,-26.73065
1391026406.25,-26.73101
1391026562.5,-26.73399
1391026718.75,-26.73674
1391026875.0,-26.73563
1391027031.25,-26.73641
1391027187.5,-26.7387
1391027343.75,-26.73857
1391027500.0,-26.7407
1391027656.25,-26.74533
1391027812.5,-26.74663
1391027968.75,-26.74712
1391028125.0,-26.75004
1391028281.25,-26.7541
1391028437.5,-26.75739
1391028593.75,-26.75705
1391028750.0,-26.75847
1391028906.25,-26.76178
1391029062.5,-26.76554
1391029218.75,-26.76369
1391029375.0,-26.76526
1391029531.25,-26.76744
1391029687.5,-26.77098
1391029843.75,-26.77064
1391030000.0,-26.77107
1391030156.25,-26.77185
1391030312.5,-26.7764
1391030468.75,-26.78053
1391030625.0,-26.78009
1391030781.25,-26.78267
1391030937.5,-26.78243
1391031093.75,-26.78328
1391031250.0,-26.78118
1391031406.25,-26.79036
1391031562.5,-26.78968
1391031718.75,-26.795
1391031875.0,-26.79351
1391032031.25,-26.79809
1391032187.5,-26.79793
1391032343.75,-26.79991
1391032500.0,-26.80346
1391032656.25,-26.80449
1391032812.5,-26.80583
1391032968.75,-26.80675
1391033125.0,-26.80995
1391033281.25,-26.80779
1391033437.5,-26.81248
1391033593.75,-26.81665
1391033750.0,-26.81168
1391033906.25,-26.81799
1391034062.5,-26.81705
1391034218.75,-26.818
1391034375.0,-26.82545
1391034531.25,-26.82803
1391034687.5,-26.82509
1391034843.75,-26.82887
1391035000.0,-26.82901
1391035156.25,-26.83397
1391035312.5,-26.83533
1391035468.75,-26.83748
1391035625.0,-26.83439
1391035781.25,-26.83905
1391035937.5,-26.83701
1391036093.75,-26.83977
1391036250.0,-26.84218
1391036406.25,-26.84234
1391036562.5,-26.84948
1391036718.75,-26.8486
1391036875.0,-26.84805
1391037031.25,-26.854
1391037187.5,-26.85393
1391037343.75,-26.85637
1391037500.0,-26.86084
1391037656.25,-26.85999
1391037812.5,-26.8633
1391037968.75,-26.86407
1391038125.0,-26.86457
1391038281.25,-26.86975
1391038437.5,-26.87117
1391038593.75,-26.87183
1391038750.0,-26.8719
1391038906.25,-26.87305
1391039062.5,-26.87615
1391039218.75,-26.87815
1391039375.0,-26.88184
1391039531.25,-26.87894
1391039687.5,-26.88429
1391039843.75,-26.88579
1391040000.0,-26.88611
1391040156.25,-26.89186
1391040312.5,-26.89244
1391040468.75,-26.89375
1391040625.0,-26.89042
1391040781.25,-26.89307
1391040937.5,-26.89907
1391041093.75,-26.89712
1391041250.0,-26.8976
1391041406.25,-26.90168
1391041562.5,-26.90627
1391041718.75,-26.90633
1391041875.0,-26.90705
1391042031.25,-26.91186
1391042187.5,-26.91232
1391042343.75,-26.91596
1391042500.0,-26.91071
1391042656.25,-26.91318
1391042812.5,-26.91963
1391042968.75,-26.92156
1391043125.0,-26.92228
1391043281.25,-26.9277
1391043437.5,-26.92686
1391043593.75,-26.92777
1391043750.0,-26.93205
1391043906.25,-26.93301
1391044062.5,-26.93389
1391044218.75,-26.93531
1391044375.0,-26.93659
1391044531.25,-26.93925
1391044687.5,-26.93879
1391044843.75,-26.94078
1391045000.0,-26.94171
1391045156.25,-26.94606
1391045312.5,-26.94375
1391045468.75,-26.94659
1391045625.0,-26.95103
1391045781.25,-26.95103
1391045937.5,-26.95582
1391046093.75,-26.95629
1391046250.0,-26.95554
1391046406.25,-26.95665
1391046562.5,-26.95812
1391046718.75,-26.96766
1391046875.0,-26.9661
1391047031.25,-26.96392
1391047187.5,-26.97027
1391047343.75,-26.96916
1391047500.0,-26.96904
1391047656.25,-26.96955
1391047812.5,-26.97587
1391047968.75,-26.97715
1391048125.0,-26.98085
1391048281.25,-26.97979
1391048437.5,-26.98008
1391048593.75,-26.98451
1391048750.0,-26.98449
1391048906.25,-26.98708
1391049062.5,-26.98923
1391049218.75,-26.99571
1391049375.0,-26.99645
1391049531.25,-26.99346
1391049687.5,-26.99821
1391049843.75,-26.99836
1391050000.0,-26.99878
1391050156.25,-27.00053
1391050312.5,-27.00033
1391050468.75,-27.00174
1391050625.0,-27.00791
1391050781.25,-27.00826
1391050937.5,-27.00433
1391051093.75,-27.01293
1391051250.0,-27.01241
1391051406.25,-27.01591
1391051562.5,-27.01916
1391051718.75,-27.01588
1391051875.0,-27.0227
1391052031.25,-27.02538
1391052187.5,-27.02421
1391052343.75,-27.02542
1391052500.0,-27.02568
1391052656.25,-27.03131
1391052812.5,-27.02816
1391052968.75,-27.03455
1391053125.0,-27.03483
1391053281.25,-27.03821
1391053437.5,-27.04033
1391053593.75,-27.03788
1391053750.0,-27.04683
1391053906.25,-27.03987
1391054062.5,-27.04487
1391054218.75,-27.04542
1391054375.0,-27.04902
1391054531.25,-27.04972
1391054687.5,-27.05397
1391054843.75,-27.05496
1391055000.0,-27.05569
1391055156.25,-27.05416
1391055312.5,-27.06004
1391055468.75,-27.05836
1391055625.0,-27.06078
1391055781.25,-27.06033
1391055937.5,-27.06379
1391056093.75,-27.06634
1391056250.0,-27.06668
1391056406.25,-27.0716
1391056562.5,-27.07777
1391056718.75,-27.07544
1391056875.0,-27.07738
1391057031.25,-27.07823
1391057187.5,-27.07932
1391057343.75,-27.08017
1391057500.0,-27.08187
1391057656.25,-27.083
1391057812.5,-27.0886
1391057968.75,-27.08644
1391058125.0,-27.08981
1391058281.25,-27.08979
1391058437.5,-27.09148
1391058593.75,-27.09846
1391058750.0,-27.09436
1391058906.25,-27.09973
1391059062.5,-27.10157
1391059218.75,-27.10178
1391059375.0,-27.10341
1391059531.25,-27.10618
1391059687.5,-27.10759
1391059843.75,-27.10781
1391060000.0,-27.11289
1391060156.25,-27.1137
1391060312.5,-27.11208
1391060468.75,-27.11902
1391060625.0,-27.11576
1391060781.25,-27.11982
1391060937.5,-27.12325
1391061093.75,-27.12466
1391061250.0,-27.12355
1391061406.25,-27.12783
1391061562.5,-27.12958
1391061718.75,-27.13203
1391061875.0,-27.12874
1391062031.25,-27.13316
1391062187.5,-27.13471
1391062343.75,-27.13473
1391062500.0,-27.14074
1391062656.25,-27.14314
1391062812.5,-27.14196
1391062968.75,-27.14215
1391063125.0,-27.14608
1391063281.25,-27.14586
1391063437.5,-27.14928
1391063593.75,-27.1501
1391063750.0,-27.15352
1391063906.25,-27.15544
1391064062.5,-27.15256
1391064218.75,-27.15777
1391064375.0,-27.1569
1391064531.25,-27.1641
1391064687.5,-27.16163
1391064843.75,-27.16103
1391065000.0,-27.16924
1391065156.25,-27.1662
1391065312.5,-27.16908
1391065468.75,-27.16926
1391065625.0,-27.16951
1391065781.25,-27.1739
1391065937.5,-27.17625
1391066093.75,-27.17831
1391066250.0,-27.18181
1391066406.25,-27.18022
1391066562.5,-27.18546
1391066718.75,-27.18462
1391066875.0,-27.18665
1391067031.25,-27.18999
1391067187.5,-27.1894
1391067343.75,-27.18814
1391067500.0,-27.19576
1391067656.25,-27.19781
1391067812.5,-27.19957
1391067968.75,-27.19638
1391068125.0,-27.20247
1391068281.25,-27.20687
1391068437.5,-27.20416
1391068593.75,-27.20596
1391068750.0,-27.21347
1391068906.25,-27.20989
1391069062.5,-27.21106
1391069218.75,-27.21315
1391069375.0,-27.2132
1391069531.25,-27.21736
1391069687.5,-27.21827
1391069843.75,-27.22379
1391070000.0,-27.22097
1391070156.25,-27.22297
1391070312.5,-27.22615
1391070468.75,-27.22332
1391070625.0,-27.22816
1391070781.25,-27.22954
1391070937.5,-27.23347
1391071093.75,-27.23507
1391071250.0,-27.233
1391071406.25,-27.24056
1391071562.5,-27.23893
1391071718.75,-27.2391
1391071875.0,-27.24344
1391072031.25,-27.2429
1391072187.5,-27.24518
1391072343.75,-27.24571
1391072500.0,-27.25178
1391072656.25,-27.25344
1391072812.5,-27.25101
1391072968.75,-27.25337
1391073125.0,-27.25762
1391073281.25,-27.25596
1391073437.5,-27.25762
1391073593.75,-27.2603
1391073750.0,-27.25969
1391073906.25,-27.26138
1391074062.5,-27.26734
1391074218.75,-27.26818
1391074375.0,-27.27131
1391074531.25,-27.27254
1391074687.5,-27.27105
1391074843.75,-27.27414
1391075000.0,-27.27504
1391075156.25,-27.27985
1391075312.5,-27.27886
1391075468.75,-27.28181
1391075625.0,-27.28666
1391075781.25,-27.28628
1391075937.5,-27.28848
1391076093.75,-27.28787
1391076250.0,-27.2912
1391076406.25,-27.29262
1391076562.5,-27.29042
1391076718.75,-27.29564
1391076875.0,-27.2979
1391077031.25,-27.29907
1391077187.5,-27.30137
1391077343.75,-27.30276
1391077500.0,-27.30357
1391077656.25,-27.30662
1391077812.5,-27.30862
1391077968.75,-27.30896
1391078125.0,-27.31004
1391078281.25,-27.30845
1391078437.5,-27.31432
1391078593.75,-27.314
1391078750.0,-27.31734
1391078906.25,-27.32532
1391079062.5,-27.31841
1391079218.75,-27.32677
1391079375.0,-27.32033
1391079531.25,-27.32566
1391079687.5,-27.32631
1391079843.75,-27.32957
1391080000.0,-27.32982
1391080156.25,-27.32949
1391080312.5,-27.33239
1391080468.75,-27.33344
1391080625.0,-27.3351
1391080781.25,-27.34063
1391080937.5,-27.33751
1391081093.75,-27.34401
1391081250.0,-27.34373
1391081406.25,-27.34575
1391081562.5,-27.34605
1391081718.75,-27.34773
1391081875.0,-27.34968
1391082031.25,-27.35254
1391082187.5,-27.3578
1391082343.75,-27.34886
1391082500.0,-27.35701
1391082656.25,-27.35566
1391082812.5,-27.36207
1391082968.75,-27.36253
1391083125.0,-27.36179
1391083281.25,-27.36402
1391083437.5,-27.36961
1391083593.75,-27.37004
1391083750.0,-27.37097
1391083906.25,-27.37164
1391084062.5,-27.37483
1391084218.75,-27.37607
1391084375.0,-27.37937
1391084531.25,-27.37834
1391084687.5,-27.37767
1391084843.75,-27.37913
1391085000.0,-27.38377
1391085156.25,-27.38642
1391085312.5,-27.38766
1391085468.75,-27.38815
1391085625.0,-27.39249
1391085781.25,-27.39326
1391085937.5,-27.39333
1391086093.75,-27.39655
1391086250.0,-27.39493
1391086406.25,-27.39874
1391086562.5,-27.39991
1391086718.75,-27.40425
1391086875.0,-27.40697
1391087031.25,-27.40724
1391087187.5,-27.40894
1391087343.75,-27.41072
1391087500.0,-27.41032
1391087656.25,-27.41123
1391087812.5,-27.41529
1391087968.75,-27.41616
1391088125.0,-27.41605
1391088281.25,-27.41924
1391088437.5,-27.41939
1391088593.75,-27.42073
1391088750.0,-27.42687
1391088906.25,-27.42629
1391089062.5,-27.42924
1391089218.75,-27.43014
1391089375.0,-27.43521
1391089531.25,-27.43366
1391089687.5,-27.43554
1391089843.75,-27.43604
1391090000.0,-27.43423
1391090156.25,-27.44319
1391090312.5,-27.44231
1391090468.75,-27.44127
1391090625.0,-27.44344
1391090781.25,-27.44438
1391090937.5,-27.44671
1391091093.75,-27.45184
1391091250.0,-27.45237
1391091406.25,-27.45772
1391091562.5,-27.45381
1391091718.75,-27.45708
1391091875.0,-27.46172
1391092031.25,-27.45995
1391092187.5,-27.45718
1391092343.75,-27.46098
1391092500.0,-27.46409
1391092656.25,-27.46739
1391092812.5,-27.46866
1391092968.75,-27.46874
1391093125.0,-27.4715
1391093281.25,-27.47431
1391093437.5,-27.47862
1391093593.75,-27.47987
1391093750.0,-27.48049
1391093906.25,-27.48023
1391094062.5,-27.47696
1391094218.75,-27.48531
1391094375.0,-27.48354
1391094531.25,-27.48861
1391094687.5,-27.49374
1391094843.75,-27.48488
1391095000.0,-27.49145
1391095156.25,-27.49627
1391095312.5,-27.49617
1391095468.75,-27.49536
1391095625.0,-27.49782
1391095781.25,-27.50157
1391095937.5,-27.5021
1391096093.75,-27.50371
1391096250.0,-27.50586
1391096406.25,-27.51069
1391096562.5,-27.5077
1391096718.75,-27.50961
1391096875.0,-27.5113
1391097031.25,-27.51203
1391097187.5,-27.51367
1391097343.75,-27.51486
1391097500.0,-27.51946
1391097656.25,-27.52323
1391097812.5,-27.51967
1391097968.75,-27.5269
1391098125.0,-27.52348
1391098281.25,-27.52506
1391098437.5,-27.52747
1391098593.75,-27.53294
1391098750.0,-27.53372
1391098906.25,-27.53302
1391099062.5,-27.5353
1391099218.75,-27.53951
1391099375.0,-27.53786
1391099531.25,-27.54244
1391099687.5,-27.54462
1391099843.75,-27.54127
1391100000.0,-27.54633
1391100156.25,-27.54323
1391100312.5,-27.54983
1391100468.75,-27.54852
1391100625.0,-27.55093
1391100781.25,-27.5486
1391100937.5,-27.55315
1391101093.75,-27.55609
1391101250.0,-27.55631
1391101406.25,-27.55513
1391101562.5,-27.56834
1391101718.75,-27.56477
1391101875.0,-27.56302
1391102031.25,-27.56632
1391102187.5,-27.56643
1391102343.75,-27.57232
1391102500.0,-27.57049
1391102656.25,-27.57473
1391102812.5,-27.57714
1391102968.75,-27.57412
1391103125.0,-27.5793
1391103281.25,-27.58108
1391103437.5,-27.58395
1391103593.75,-27.58442
1391103750.0,-27.58812
1391103906.25,-27.58554
1391104062.5,-27.58595
1391104218.75,-27.59128
1391104375.0,-27.5922
1391104531.25,-27.58951
1391104687.5,-27.59363
1391104843.75,-27.59657
1391105000.0,-27.5977
1391105156.25,-27.60282
1391105312.5,-27.6028
1391105468.75,-27.60489
1391105625.0,-27.60503
1391105781.25,-27.60516
1391105937.5,-27.60704
1391106093.75,-27.60715
1391106250.0,-27.61368
1391106406.25,-27.60931
1391106562.5,-27.61178
1391106718.75,-27.61347
1391106875.0,-27.6223
1391107031.25,-27.61748
1391107187.5,-27.6195
1391107343.75,-27.62502
1391107500.0,-27.62129
1391107656.25,-27.62061
1391107812.5,-27.62901
1391107968.75,-27.62988
1391108125.0,-27.63117
1391108281.25,-27.63629
1391108437.5,-27.64032
1391108593.75,-27.63656
1391108750.0,-27.63416
1391108906.25,-27.6381
1391109062.5,-27.6378
1391109218.75,-27.64185
1391109375.0,-27.64362
1391109531.25,-27.64721
1391109687.5,-27.64584
1391109843.75,-27.64946
1391110000.0,-27.65272
1391110156.25,-27.64738
1391110312.5,-27.65465
1391110468.75,-27.65327
1391110625.0,-27.65427
1391110781.25,-27.65845
1391110937.5,-27.65845
1391111093.75,-27.66493
1391111250.0,-27.66256
1391111406.25,-27.66711
1391111562.5,-27.6641
1391111718.75,-27.66922
1391111875.0,-27.66712
1391112031.25,-27.66776
1391112187.5,-27.67232
1391112343.75,-27.67867
1391112500.0,-27.674
1391112656.25,-27.67709
1391112812.5,-27.67808
1391112968.75,-27.68226
1391113125.0,-27.68439
1391113281.25,-27.68567
1391113437.5,-27.68635
1391113593.75,-27.6883
1391113750.0,-27.68989
1391113906.25,-27.68878
1391114062.5,-27.6965
1391114218.75,-27.69104
1391114375.0,-27.69595
1391114531.25,-27.69642
1391114687.5,-27.69652
1391114843.75,-27.70349
1391115000.0,-27.70307
1391115156.25,-27.70601
1391115312.5,-27.70423
1391115468.75,-27.70397
1391115625.0,-27.70806
1391115781.25,-27.71069
1391115937.5,-27.71362
1391116093.75,-27.71352
1391116250.0,-27.71616
1391116406.25,-27.71804
1391116562.5,-27.7193
1391116718.75,-27.72006
1391116875.0,-27.72607
1391117031.25,-27.72206
1391117187.5,-27.72314
1391117343.75,-27.72437
1391117500.0,-27.73273
1391117656.25,-27.7323
1391117812.5,-27.73449
1391117968.75,-27.73089
1391118125.0,-27.73445
1391118281.25,-27.73596
1391118437.5,-27.74115
1391118593.75,-27.7442
1391118750.0,-27.73956
1391118906.25,-27.74233
1391119062.5,-27.74559
1391119218.75,-27.74469
1391119375.0,-27.74717
1391119531.25,-27.74718
1391119687.5,-27.7509
1391119843.75,-27.74971
1391120000.0,-27.75805
1391120156.25,-27.75595
1391120312.5,-27.75651
1391120468.75,-27.75914
1391120625.0,-27.75941
1391120781.25,-27.76086
1391120937.5,-27.76036
1391121093.75,-27.76224
1391121250.0,-27.7676
1391121406.25,-27.76204
1391121562.5,-27.76618
1391121718.75,-27.77254
1391121875.0,-27.76997
1391122031.25,-27.7721
1391122187.5,-27.77591
1391122343.75,-27.77648
1391122500.0,-27.77884
1391122656.25,-27.77878
1391122812.5,-27.78194
1391122968.75,-27.78357
1391123125.0,-27.78293
1391123281.25,-27.78702
1391123437.5,-27.78539
1391123593.75,-27.78998
1391123750.0,-27.79477
1391123906.25,-27.79245
1391124062.5,-27.79373
1391124218.75,-27.79861
1391124375.0,-27.80188
1391124531.25,-27.79903
1391124687.5,-27.80076
1391124843.75,-27.80174
1391125000.0,-27.80608
1391125156.25,-27.80511
1391125312.5,-27.8121
1391125468.75,-27.80949
1391125625.0,-27.81064
1391125781.25,-27.81226
1391125937.5,-27.81621
1391126093.75,-27.81392
1391126250.0,-27.81991
1391126406.25,-27.81842
1391126562.5,-27.81899
1391126718.75,-27.82147
1391126875.0,-27.82216
1391127031.25,-27.8266
1391127187.5,-27.82575
1391127343.75,-27.82767
1391127500.0,-27.8296
1391127656.25,-27.83385
1391127812.5,-27.83521
1391127968.75,-27.83771
1391128125.0,-27.84229
1391128281.25,-27.83415
1391128437.5,-27.84106
1391128593.75,-27.84255
1391128750.0,-27.84073
1391128906.25,-27.84128
1391129062.5,-27.84256
1391129218.75,-27.85139
1391129375.0,-27.8496
1391129531.25,-27.85037
1391129687.5,-27.85482
1391129843.75,-27.85522
1391130000.0,-27.85871
1391130156.25,-27.85835
1391130312.5,-27.86137
1391130468.75,-27.86015
1391130625.0,-27.85892
1391130781.25,-27.8645
1391130937.5,-27.86873
1391131093.75,-27.86656
1391131250.0,-27.86959
1391131406.25,-27.87009
1391131562.5,-27.87188
1391131718.75,-27.87428
1391131875.0,-27.87517
1391132031.25,-27.87949
1391132187.5,-27.87878
1391132343.75,-27.87494
1391132500.0,-27.88076
1391132656.25,-27.88438
1391132812.5,-27.88368
1391132968.75,-27.8844
1391133125.0,-27.88555
1391133281.25,-27.89024
1391133437.5,-27.88753
1391133593.75,-27.89097
1391133750.0,-27.89166
1391133906.25,-27.90012
1391134062.5,-27.89755
1391134218.75,-27.89923
1391134375.0,-27.90144
1391134531.25,-27.90305
1391134687.5,-27.90142
1391134843.75,-27.90673
1391135000.0,-27.90706
1391135156.25,-27.91174
1391135312.5,-27.91039
1391135468.75,-27.9135
1391135625.0,-27.91171
1391135781.25,-27.91307
1391135937.5,-27.91816
1391136093.75,-27.9147
1391136250.0,-27.91924
1391136406.25,-27.92299
1391136562.5,-27.9235
1391136718.75,-27.92266
1391136875.0,-27.92831
1391137031.25,-27.92456
1391137187.5,-27.93397
1391137343.75,-27.92799
1391137500.0,-27.93077
1391137656.25,-27.934
1391137812.5,-27.9379
1391137968.75,-27.93802
1391138125.0,-27.94143
1391138281.25,-27.93695
1391138437.5,-27.9432
1391138593.75,-27.94395
1391138750.0,-27.94071
1391138906.25,-27.94982
1391139062.5,-27.95019
1391139218.75,-27.95194
1391139375.0,-27.95068
1391139531.25,-27.95183
1391139687.5,-27.95373
1391139843.75,-27.95749
1391140000.0,-27.9619
1391140156.25,-27.9618
1391140312.5,-27.96522
1391140468.75,-27.96262
1391140625.0,-27.95981
1391140781.25,-27.96561
1391140937.5,-27.9713
1391141093.75,-27.96532
1391141250.0,-27.96858
1391141406.25,-27.97433
1391141562.5,-27.97183
1391141718.75,-27.9729
1391141875.0,-27.97792
1391142031.25,-27.97744
1391142187.5,-27.98045
1391142343.75,-27.98197
1391142500.0,-27.98472
1391142656.25,-27.98857
1391142812.5,-27.98782
1391142968.75,-27.9893
1391143125.0,-27.99189
1391143281.25,-27.99062
1391143437.5,-27.9918
1391143593.75,-27.99356
1391143750.0,-27.99481
1391143906.25,-27.99773
1391144062.5,-28.00211
1391144218.75,-27.99809
1391144375.0,-27.99951
1391144531.25,-27.99929
1391144687.5,-28.00731
1391144843.75,-28.00469
1391145000.0,-28.00925
1391145156.25,-28.01069
1391145312.5,-28.01049
1391145468.75,-28.01471
1391145625.0,-28.01493
1391145781.25,-28.01314
1391145937.5,-28.01923
1391146093.75,-28.02089
1391146250.0,-28.02238
1391146406.25,-28.0254
1391146562.5,-28.02591
1391146718.75,-28.02517
1391146875.0,-28.03214
1391147031.25,-28.0325
1391147187.5,-28.02719
1391147343.75,-28.03193
1391147500.0,-28.03325
1391147656.25,-28.03936
1391147812.5,-28.03585
1391147968.75,-28.0401
1391148125.0,-28.03905
1391148281.25,-28.03997
1391148437.5,-28.0428
1391148593.75,-28.04653
1391148750.0,-28.04891
1391148906.25,-28.0501
1391149062.5,-28.05261
1391149218.75,-28.04956
1391149375.0,-28.05313
1391149531.25,-28.05442
1391149687.5,-28.05333
1391149843.75,-28.06187
1391150000.0,-28.05569
1391150156.25,-28.05765
1391150312.5,-28.06132
1391150468.75,-28.05524
1391150625.0,-28.06585
1391150781.25,-28.07034
1391150937.5,-28.06803
1391151093.75,-28.06628
1391151250.0,-28.07014
1391151406.25,-28.06533
1391151562.5,-28.07289
1391151718.75,-28.07641
1391151875.0,-28.08119
1391152031.25,-28.07759
1391152187.5,-28.08147
1391152343.75,-28.07906
1391152500.0,-28.08182
1391152656.25,-28.08216
1391152812.5,-28.08919
1391152968.75,-28.0921
1391153125.0,-28.09141
1391153281.25,-28.08803
1391153437.5,-28.09078
1391153593.75,-28.09535
1391153750.0,-28.09661
1391153906.25,-28.09641
1391154062.5,-28.09375
1391154218.75,-28.1004
1391154375.0,-28.10028
1391154531.25,-28.10318
1391154687.5,-28.10664
1391154843.75,-28.10811
1391155000.0,-28.10873
1391155156.25,-28.10832
1391155312.5,-28.10763
1391155468.75,-28.11297
1391155625.0,-28.11822
1391155781.25,-28.11617
1391155937.5,-28.1184
1391156093.75,-28.11726
1391156250.0,-28.11569
1391156406.25,-28.12105
1391156562.5,-28.12518
1391156718.75,-28.12481
1391156875.0,-28.12592
1391157031.25,-28.12862
1391157187.5,-28.13016
1391157343.75,-28.13027
1391157500.0,-28.13317
1391157656.25,-28.13396
1391157812.5,-28.13458
1391157968.75,-28.13781
1391158125.0,-28.13837
1391158281.25,-28.14287
1391158437.5,-28.14216
1391158593.75,-28.14631
1391158750.0,-28.14784
1391158906.25,-28.14951
1391159062.5,-28.14568
1391159218.75,-28.14644
1391159375.0,-28.14918
1391159531.25,-28.15091
1391159687.5,-28.15209
1391159843.75,-28.16103
1391160000.0,-28.15807
1391160156.25,-28.15937
1391160312.5,-28.15701
1391160468.75,-28.1631
1391160625.0,-28.16063
1391160781.25,-28.1641
1391160937.5,-28.1658
1391161093.75,-28.16506
1391161250.0,-28.17108
1391161406.25,-28.16845
1391161562.5,-28.17435
1391161718.75,-28.17401
1391161875.0,-28.17883
1391162031.25,-28.17544
1391162187.5,-28.17503
1391162343.75,-28.18138
1391162500.0,-28.182
1391162656.25,-28.18369
1391162812.5,-28.18291
1391162968.75,-28.18737
1391163125.0,-28.18774
1391163281.25,-28.19478
1391163437.5,-28.18894
1391163593.75,-28.19261
1391163750.0,-28.19814
1391163906.25,-28.19226
1391164062.5,-28.19461
1391164218.75,-28.20016
1391164375.0,-28.20004
1391164531.25,-28.20375
1391164687.5,-28.20307
1391164843.75,-28.20217
1391165000.0,-28.21065
1391165156.25,-28.20824
1391165312.5,-28.21057
1391165468.75,-28.21129
1391165625.0,-28.2143
1391165781.25,-28.21392
1391165937.5,-28.21917
1391166093.75,-28.21342
1391166250.0,-28.21273
1391166406.25,-28.22264
1391166562.5,-28.22164
1391166718.75,-28.21992
1391166875.0,-28.2266
1391167031.25,-28.22667
1391167187.5,-28.23053
1391167343.75,-28.23172
1391167500.0,-28.23486
1391167656.25,-28.23549
1391167812.5,-28.23397
1391167968.75,-28.2351
1391168125.0,-28.23683
1391168281.25,-28.23671
1391168437.5,-28.23854
1391168593.75,-28.2416
1391168750.0,-28.24655
1391168906.25,-28.24458
1391169062.5,-28.24748
1391169218.75,-28.25072
1391169375.0,-28.24985
1391169531.25,-28.2504
1391169687.5,-28.25228
1391169843.75,-28.25708
1391170000.0,-28.25624
1391170156.25,-28.26275
1391170312.5,-28.25962
1391170468.75,-28.25785
1391170625.0,-28.25879
1391170781.25,-28.2626
1391170937.5,-28.26531
1391171093.75,-28.26851
1391171250.0,-28.26752
1391171406.25,-28.26932
1391171562.5,-28.27493
1391171718.75,-28.27167
1391171875.0,-28.279
1391172031.25,-28.27597
1391172187.5,-28.2725
1391172343.75,-28.27876
1391172500.0,-28.28145
1391172656.25,-28.27985
1391172812.5,-28.2831
1391172968.75,-28.28345
1391173125.0,-28.28445
1391173281.25,-28.28205
1391173437.5,-28.28927
1391173593.75,-28.28901
1391173750.0,-28.28913
1391173906.25,-28.29054
1391174062.5,-28.29293
1391174218.75,-28.29994
1391174375.0,-28.30042
1391174531.25,-28.2998
1391174687.5,-28.2965
1391174843.75,-28.30461
1391175000.0,-28.30559
1391175156.25,-28.30395
1391175312.5,-28.30568
1391175468.75,-28.30434
1391175625.0,-28.3103
1391175781.25,-28.30993
1391175937.5,-28.31362
1391176093.75,-28.31029
1391176250.0,-28.31662
1391176406.25,-28.31886
1391176562.5,-28.3161
1391176718.75,-28.31979
1391176875.0,-28.32164
1391177031.25,-28.32414
1391177187.5,-28.31983
1391177343.75,-28.33287
1391177500.0,-28.33054
1391177656.25,-28.32823
1391177812.5,-28.33525
1391177968.75,-28.33452
1391178125.0,-28.32889
1391178281.25,-28.33278
1391178437.5,-28.34125
1391178593.75,-28.33411
1391178750.0,-28.34132
1391178906.25,-28.34349
1391179062.5,-28.34494
1391179218.75,-28.34565
1391179375.0,-28.34599
1391179531.25,-28.34465
1391179687.5,-28.35174
1391179843.75,-28.35466
1391180000.0,-28.35147
1391180156.25,-28.34928
1391180312.5,-28.35334
1391180468.75,-28.36035
1391180625.0,-28.35936
1391180781.25,-28.36213
1391180937.5,-28.35755
1391181093.75,-28.36666
1391181250.0,-28.3625
1391181406.25,-28.36629
1391181562.5,-28.3688
1391181718.75,-28.36768
1391181875.0,-28.3718
1391182031.25,-28.3685
1391182187.5,-28.37022
1391182343.75,-28.37431
1391182500.0,-28.37676
1391182656.25,-28.37481
1391182812.5,-28.37893
1391182968.75,-28.37815
1391183125.0,-28.38569
1391183281.25,-28.3862
1391183437.5,-28.38312
1391183593.75,-28.38684
1391183750.0,-28.38652
1391183906.25,-28.3898
1391184062.5,-28.39104
1391184218.75,-28.39013
1391184375.0,-28.38975
1391184531.25,-28.39554
1391184687.5,-28.39497
1391184843.75,-28.40177
1391185000.0,-28.4049
1391185156.25,-28.40563
1391185312.5,-28.3996
1391185468.75,-28.40484
1391185625.0,-28.40913
1391185781.25,-28.40879
1391185937.5,-28.40812
1391186093.75,-28.41247
1391186250.0,-28.41277
1391186406.25,-28.4135
1391186562.5,-28.41833
1391186718.75,-28.41951
1391186875.0,-28.4152
1391187031.25,-28.42454
1391187187.5,-28.41995
1391187343.75,-28.42206
1391187500.0,-28.42461
1391187656.25,-28.42832
1391187812.5,-28.42855
1391187968.75,-28.43289
1391188125.0,-28.43139
1391188281.25,-28.43392
1391188437.5,-28.4334
1391188593.75,-28.43471
1391188750.0,-28.43755
1391188906.25,-28.43334
1391189062.5,-28.44154
1391189218.75,-28.44163
1391189375.0,-28.43821
1391189531.25,-28.44187
1391189687.5,-28.44549
1391189843.75,-28.44393
1391190000.0,-28.44502
1391190156.25,-28.44783
1391190312.5,-28.45016
1391190468.75,-28.45533
1391190625.0,-28.4552
1391190781.25,-28.45628
1391190937.5,-28.46365
1391191093.75,-28.4551
1391191250.0,-28.46341
1391191406.25,-28.46426
1391191562.5,-28.4649
1391191718.75,-28.46416
1391191875.0,-28.47098
1391192031.25,-28.46837
1391192187.5,-28.46637
1391192343.75,-28.47038
1391192500.0,-28.47463
1391192656.25,-28.47502
1391192812.5,-28.47193
1391192968.75,-28.47448
1391193125.0,-28.47865
1391193281.25,-28.48395
1391193437.5,-28.48154
1391193593.75,-28.4837
1391193750.0,-28.48093
1391193906.25,-28.48287
1391194062.5,-28.48904
1391194218.75,-28.48377
1391194375.0,-28.48878
1391194531.25,-28.4923
1391194687.5,-28.49454
1391194843.75,-28.49629
1391195000.0,-28.49609
1391195156.25,-28.49664
1391195312.5,-28.49754
1391195468.75,-28.50448
1391195625.0,-28.50089
1391195781.25,-28.50522
1391195937.5,-28.50557
1391196093.75,-28.50521
1391196250.0,-28.50805
1391196406.25,-28.51054
1391196562.5,-28.50673
1391196718.75,-28.51722
1391196875.0,-28.51446
1391197031.25,-28.51219
1391197187.5,-28.51754
1391197343.75,-28.51982
1391197500.0,-28.51743
1391197656.25,-28.51913
1391197812.5,-28.52473
1391197968.75,-28.52079
1391198125.0,-28.52677
1391198281.25,-28.52335
1391198437.5,-28.52725
1391198593.75,-28.53329
1391198750.0,-28.53458
1391198906.25,-28.53064
1391199062.5,-28.53362
1391199218.75,-28.53183
1391199375.0,-28.54214
1391199531.25,-28.54395
1391199687.5,-28.54138
1391199843.75,-28.54231
1391200000.0,-28.54229
1391200156.25,-28.54929
1391200312.5,-28.54985
1391200468.75,-28.54837
1391200625.0,-28.54651
1391200781.25,-28.5514
1391200937.5,-28.552
1391201093.75,-28.55046
1391201250.0,-28.55284
1391201406.25,-28.55303
1391201562.5,-28.55667
1391201718.75,-28.55824
1391201875.0,-28.56123
1391202031.25,-28.56178
1391202187.5,-28.56413
1391202343.75,-28.56876
1391202500.0,-28.5693
1391202656.25,-28.56918
1391202812.5,-28.56787
1391202968.75,-28.57248
1391203125.0,-28.57064
1391203281.25,-28.56608
1391203437.5,-28.57376
1391203593.75,-28.57526
1391203750.0,-28.58404
1391203906.25,-28.57956
1391204062.5,-28.58253
1391204218.75,-28.58332
1391204375.0,-28.58981
1391204531.25,-28.5813
1391204687.5,-28.591
1391204843.75,-28.58793
1391205000.0,-28.58858
1391205156.25,-28.59214
1391205312.5,-28.58933
1391205468.75,-28.59163
1391205625.0,-28.5937
1391205781.25,-28.59773
1391205937.5,-28.59885
1391206093.75,-28.60033
1391206250.0,-28.60101
1391206406.25,-28.60166
1391206562.5,-28.60595
1391206718.75,-28.6109
1391206875.0,-28.6114
1391207031.25,-28.60988
1391207187.5,-28.60758
1391207343.75,-28.61311
1391207500.0,-28.61347
1391207656.25,-28.62296
1391207812.5,-28.61771
1391207968.75,-28.61645
1391208125.0,-28.61719
1391208281.25,-28.61915
1391208437.5,-28.62337
1391208593.75,-28.62397
1391208750.0,-28.62346
1391208906.25,-28.62402
1391209062.5,-28.62857
1391209218.75,-28.6293
1391209375.0,-28.63073
1391209531.25,-28.6381
1391209687.5,-28.63449
1391209843.75,-28.63632
1391210000.0,-28.63698
1391210156.25,-28.64254
1391210312.5,-28.64406
1391210468.75,-28.64191
1391210625.0,-28.63756
1391210781.25,-28.6431
1391210937.5,-28.64626
1391211093.75,-28.64862
1391211250.0,-28.64632
1391211406.25,-28.65229
1391211562.5,-28.65197
1391211718.75,-28.65356
1391211875.0,-28.65591
1391212031.25,-28.65768
1391212187.5,-28.65748
1391212343.75,-28.65778
1391212500.0,-28.66026
1391212656.25,-28.66127
1391212812.5,-28.6605
1391212968.75,-28.66271
1391213125.0,-28.65966
1391213281.25,-28.66603
1391213437.5,-28.66949
1391213593.75,-28.67091
1391213750.0,-28.67505
1391213906.25,-28.67152
1391214062.5,-28.6741
1391214218.75,-28.67402
1391214375.0,-28.6809
1391214531.25,-28.67152
1391214687.5,-28.67618
1391214843.75,-28.67812
1391215000.0,-28.68543
1391215156.25,-28.68588
1391215312.5,-28.68139
1391215468.75,-28.68914
1391215625.0,-28.69044
1391215781.25,-28.69224
1391215937.5,-28.69306
1391216093.75,-28.69257
1391216250.0,-28.69795
1391216406.25,-28.69734
1391216562.5,-28.69406
1391216718.75,-28.69884
1391216875.0,-28.69597
1391217031.25,-28.70511
1391217187.5,-28.70498
1391217343.75,-28.70489
1391217500.0,-28.70901
1391217656.25,-28.7085
1391217812.5,-28.71244
1391217968.75,-28.71416
1391218125.0,-28.71278
1391218281.25,-28.71744
1391218437.5,-28.71574
1391218593.75,-28.71788
1391218750.0,-28.72576
1391218906.25,-28.72171
1391219062.5,-28.71779
1391219218.75,-28.72263
1391219375.0,-28.72124
1391219531.25,-28.72319
1391219687.5,-28.72716
1391219843.75,-28.73006
1391220000.0,-28.73252
1391220156.25,-28.73151
1391220312.5,-28.73298
1391220468.75,-28.73555
1391220625.0,-28.72953
1391220781.25,-28.74154
1391220937.5,-28.73952
1391221093.75,-28.74005
1391221250.0,-28.74435
1391221406.25,-28.74313
1391221562.5,-28.74891
1391221718.75,-28.74276
1391221875.0,-28.74386
1391222031.25,-28.74918
1391222187.5,-28.75336
1391222343.75,-28.74838
1391222500.0,-28.75539
1391222656.25,-28.75514
1391222812.5,-28.75322
1391222968.75,-28.75566
1391223125.0,-28.76099
1391223281.25,-28.76245
1391223437.5,-28.75995
1391223593.75,-28.76038
1391223750.0,-28.76233
1391223906.25,-28.76769
1391224062.5,-28.77039
1391224218.75,-28.76809
1391224375.0,-28.76612
1391224531.25,-28.77014
1391224687.5,-28.77478
1391224843.75,-28.77466
1391225000.0,-28.77248
1391225156.25,-28.7783
1391225312.5,-28.77808
1391225468.75,-28.78288
1391225625.0,-28.7826
1391225781.25,-28.78173
1391225937.5,-28.78385
1391226093.75,-28.79088
1391226250.0,-28.78769
1391226406.25,-28.78718
1391226562.5,-28.78845
1391226718.75,-28.79428
1391226875.0,-28.79266
1391227031.25,-28.79626
1391227187.5,-28.79361
1391227343.75,-28.79946
1391227500.0,-28.79706
1391227656.25,-28.79832
1391227812.5,-28.79805
1391227968.75,-28.80732
1391228125.0,-28.81023
1391228281.25,-28.80491
1391228437.5,-28.80396
1391228593.75,-28.81355
1391228750.0,-28.80636
1391228906.25,-28.80873
1391229062.5,-28.8124
1391229218.75,-28.81182
1391229375.0,-28.81636
1391229531.25,-28.81783
1391229687.5,-28.81653
1391229843.75,-28.8175
1391230000.0,-28.82518
1391230156.25,-28.82041
1391230312.5,-28.8292
1391230468.75,-28.8248
1391230625.0,-28.83031
1391230781.25,-28.82668
1391230937.5,-28.82949
1391231093.75,-28.82637
1391231250.0,-28.83293
1391231406.25,-28.83393
1391231562.5,-28.83307
1391231718.75,-28.84233
1391231875.0,-28.83528
1391232031.25,-28.84185
1391232187.5,-28.84387
1391232343.75,-28.8483
1391232500.0,-28.84476
1391232656.25,-28.8442
1391232812.5,-28.85053
1391232968.75,-28.84941
1391233125.0,-28.85087
1391233281.25,-28.85575
1391233437.5,-28.85642
1391233593.75,-28.85183
1391233750.0,-28.85674
1391233906.25,-28.85655
1391234062.5,-28.8593
1391234218.75,-28.85812
1391234375.0,-28.86605
1391234531.25,-28.86369
1391234687.5,-28.86483
1391234843.75,-28.8635
1391235000.0,-28.86677
1391235156.25,-28.86916
1391235312.5,-28.86672
1391235468.75,-28.87133
1391235625.0,-28.87039
1391235781.25,-28.87533
1391235937.5,-28.87271
1391236093.75,-28.87678
1391236250.0,-28.87731
1391236406.25,-28.88054
1391236562.5,-28.88836
1391236718.75,-28.88066
1391236875.0,-28.88281
1391237031.25,-28.88578
1391237187.5,-28.88799
1391237343.75,-28.89268
1391237500.0,-28.88846
1391237656.25,-28.891
1391237812.5,-28.89371
1391237968.75,-28.89895
1391238125.0,-28.89538
1391238281.25,-28.89757
1391238437.5,-28.90078
1391238593.75,-28.89705
1391238750.0,-28.89737
1391238906.25,-28.90487
1391239062.5,-28.90303
1391239218.75,-28.90393
1391239375.0,-28.90653
1391239531.25,-28.91312
1391239687.5,-28.90742
1391239843.75,-28.9142
1391240000.0,-28.913
1391240156.25,-28.91377
1391240312.5,-28.91941
1391240468.75,-28.9157
1391240625.0,-28.91902
1391240781.25,-28.91955
1391240937.5,-28.92322
1391241093.75,-28.9225
1391241250.0,-28.92514
1391241406.25,-28.92519
1391241562.5,-28.92846
1391241718.75,-28.9319
1391241875.0,-28.93184
1391242031.25,-28.93506
1391242187.5,-28.93434
1391242343.75,-28.93925
1391242500.0,-28.93648
1391242656.25,-28.93934
1391242812.5,-28.93698
1391242968.75,-28.93925
1391243125.0,-28.94291
1391243281.25,-28.94223
1391243437.5,-28.94516
1391243593.75,-28.94447
1391243750.0,-28.95207
1391243906.25,-28.94586
1391244062.5,-28.94826
1391244218.75,-28.95538
1391244375.0,-28.95075
1391244531.25,-28.95328
1391244687.5,-28.95468
1391244843.75,-28.95827
1391245000.0,-28.95677
1391245156.25,-28.95938
1391245312.5,-28.96059
1391245468.75,-28.96134
1391245625.0,-28.96714
1391245781.25,-28.96455
1391245937.5,-28.96911
1391246093.75,-28.96886
1391246250.0,-28.96992
1391246406.25,-28.97304
1391246562.5,-28.96716
1391246718.75,-28.97658
1391246875.0,-28.97656
1391247031.25,-28.97622
1391247187.5,-28.97434
1391247343.75,-28.98117
1391247500.0,-28.97706
1391247656.25,-28.98198
1391247812.5,-28.98341
1391247968.75,-28.98952
1391248125.0,-28.98704
1391248281.25,-28.99203
1391248437.5,-28.98805
1391248593.75,-28.98504
1391248750.0,-28.99528
1391248906.25,-28.9917
1391249062.5,-28.99759
1391249218.75,-28.99347
1391249375.0,-28.99746
1391249531.25,-29.0024
1391249687.5,-28.99841
1391249843.75,-28.99902
1391250000.0,-29.00723
1391250156.25,-29.00346
1391250312.5,-29.00782
1391250468.75,-29.00482
1391250625.0,-29.00325
1391250781.25,-29.01329
1391250937.5,-29.01386
1391251093.75,-29.01157
1391251250.0,-29.01578
1391251406.25,-29.01136
1391251562.5,-29.01482
1391251718.75,-29.01751
1391251875.0,-29.02254
1391252031.25,-29.01903
1391252187.5,-29.02371
1391252343.75,-29.01904
1391252500.0,-29.02769
1391252656.25,-29.02699
1391252812.5,-29.03434
1391252968.75,-29.02898
1391253125.0,-29.02904
1391253281.25,-29.03516
1391253437.5,-29.03199
1391253593.75,-29.03725
1391253750.0,-29.03433
1391253906.25,-29.03898
1391254062.5,-29.03739
1391254218.75,-29.03832
1391254375.0,-29.03858
1391254531.25,-29.0433
1391254687.5,-29.04236
1391254843.75,-29.04354
1391255000.0,-29.04628
1391255156.25,-29.05002
1391255312.5,-29.0505
1391255468.75,-29.04742
1391255625.0,-29.05261
1391255781.25,-29.05431
1391255937.5,-29.05276
1391256093.75,-29.0567
1391256250.0,-29.05877
1391256406.25,-29.05763
1391256562.5,-29.06494
1391256718.75,-29.06623
1391256875.0,-29.0617
1391257031.25,-29.06353
1391257187.5,-29.06676
1391257343.75,-29.06736
1391257500.0,-29.0703
1391257656.25,-29.07339
1391257812.5,-29.07186
1391257968.75,-29.07474
1391258125.0,-29.07399
1391258281.25,-29.0799
1391258437.5,-29.07882
1391258593.75,-29.08068
1391258750.0,-29.08908
1391258906.25,-29.07922
1391259062.5,-29.08047
1391259218.75,-29.08821
1391259375.0,-29.08444
1391259531.25,-29.09083
1391259687.5,-29.08985
1391259843.75,-29.09314
1391260000.0,-29.09162
1391260156.25,-29.09208
1391260312.5,-29.09441
1391260468.75,-29.09628
1391260625.0,-29.0956
1391260781.25,-29.09686
1391260937.5,-29.10141
1391261093.75,-29.10137
1391261250.0,-29.10156
1391261406.25,-29.1037
1391261562.5,-29.10606
1391261718.75,-29.10814
1391261875.0,-29.10782
1391262031.25,-29.11026
1391262187.5,-29.11128
1391262343.75,-29.11531
1391262500.0,-29.11882
1391262656.25,-29.11743
1391262812.5,-29.12346
1391262968.75,-29.12018
1391263125.0,-29.12215
1391263281.25,-29.1238
1391263437.5,-29.1265
1391263593.75,-29.12484
1391263750.0,-29.12626
1391263906.25,-29.12438
1391264062.5,-29.12701
1391264218.75,-29.12419
1391264375.0,-29.12866
1391264531.25,-29.13468
1391264687.5,-29.13379
1391264843.75,-29.13467
1391265000.0,-29.13444
1391265156.25,-29.13405
1391265312.5,-29.13707
1391265468.75,-29.14179
1391265625.0,-29.13812
1391265781.25,-29.14607
1391265937.5,-29.1416
1391266093.75,-29.14375
1391266250.0,-29.14857
1391266406.25,-29.14726
1391266562.5,-29.14997
1391266718.75,-29.15572
1391266875.0,-29.15514
1391267031.25,-29.15499
1391267187.5,-29.15643
1391267343.75,-29.15469
1391267500.0,-29.15545
1391267656.25,-29.15927
1391267812.5,-29.15829
1391267968.75,-29.16558
1391268125.0,-29.16605
1391268281.25,-29.16812
1391268437.5,-29.16455
1391268593.75,-29.17204
1391268750.0,-29.1661
1391268906.25,-29.16788
1391269062.5,-29.17036
1391269218.75,-29.17527
1391269375.0,-29.17431
1391269531.25,-29.18022
1391269687.5,-29.17449
1391269843.75,-29.18597
1391270000.0,-29.17732
1391270156.25,-29.18198
1391270312.5,-29.18051
1391270468.75,-29.18802
1391270625.0,-29.18578
1391270781.25,-29.18831
1391270937.5,-29.18667
1391271093.75,-29.18893
1391271250.0,-29.19335
1391271406.25,-29.19433
1391271562.5,-29.19299
1391271718.75,-29.19681
1391271875.0,-29.20026
1391272031.25,-29.19313
1391272187.5,-29.20082
1391272343.75,-29.19941
1391272500.0,-29.19959
1391272656.25,-29.20383
1391272812.5,-29.20134
1391272968.75,-29.20844
1391273125.0,-29.20764
1391273281.25,-29.20881
1391273437.5,-29.21494
1391273593.75,-29.21255
1391273750.0,-29.21526
1391273906.25,-29.21338
1391274062.5,-29.21853
1391274218.75,-29.21766
1391274375.0,-29.21562
1391274531.25,-29.22043
1391274687.5,-29.22048
1391274843.75,-29.22562
1391275000.0,-29.22207
1391275156.25,-29.22194
1391275312.5,-29.22675
1391275468.75,-29.2275
1391275625.0,-29.23171
1391275781.25,-29.2329
1391275937.5,-29.23035
1391276093.75,-29.23359
1391276250.0,-29.23427
1391276406.25,-29.23776
1391276562.5,-29.23708
1391276718.75,-29.23729
1391276875.0,-29.24191
1391277031.25,-29.2415
1391277187.5,-29.24356
1391277343.75,-29.24557
1391277500.0,-29.24362
1391277656.25,-29.24868
1391277812.5,-29.25211
1391277968.75,-29.25139
1391278125.0,-29.25092
1391278281.25,-29.25442
1391278437.5,-29.25833
1391278593.75,-29.25623
1391278750.0,-29.25604
1391278906.25,-29.26028
1391279062.5,-29.26305
1391279218.75,-29.2587
1391279375.0,-29.26447
1391279531.25,-29.26684
1391279687.5,-29.26208
1391279843.75,-29.26797
1391280000.0,-29.26893
1391280156.25,-29.26603
1391280312.5,-29.27681
1391280468.75,-29.27234
1391280625.0,-29.27621
1391280781.25,-29.27696
1391280937.5,-29.27825
1391281093.75,-29.2803
1391281250.0,-29.28028
1391281406.25,-29.28054
1391281562.5,-29.28355
1391281718.75,-29.28202
1391281875.0,-29.28783
1391282031.25,-29.2894
1391282187.5,-29.2879
1391282343.75,-29.28827
1391282500.0,-29.29171
1391282656.25,-29.29224
1391282812.5,-29.29014
1391282968.75,-29.29589
1391283125.0,-29.29339
1391283281.25,-29.29619
1391283437.5,-29.29857
1391283593.75,-29.29965
1391283750.0,-29.29852
1391283906.25,-29.30426
1391284062.5,-29.30529
1391284218.75,-29.30222
1391284375.0,-29.30866
1391284531.25,-29.30605
1391284687.5,-29.30696
1391284843.75,-29.30641
1391285000.0,-29.30883
1391285156.25,-29.31422
1391285312.5,-29.31623
1391285468.75,-29.31906
1391285625.0,-29.31671
1391285781.25,-29.31722
1391285937.5,-29.3196
1391286093.75,-29.31884
1391286250.0,-29.31941
1391286406.25,-29.32124
1391286562.5,-29.32286
1391286718.75,-29.32497
1391286875.0,-29.33006
1391287031.25,-29.33023
1391287187.5,-29.3288
1391287343.75,-29.33441
1391287500.0,-29.33442
1391287656.25,-29.3341
1391287812.5,-29.33478
1391287968.75,-29.33732
1391288125.0,-29.33698
1391288281.25,-29.3378
1391288437.5,-29.3443
1391288593.75,-29.34576
1391288750.0,-29.34506
1391288906.25,-29.34495
1391289062.5,-29.34405
1391289218.75,-29.34556
1391289375.0,-29.35328
1391289531.25,-29.35208
1391289687.5,-29.35587
1391289843.75,-29.35287
1391290000.0,-29.35281
1391290156.25,-29.35756
1391290312.5,-29.35014
1391290468.75,-29.35774
1391290625.0,-29.35907
1391290781.25,-29.35798
1391290937.5,-29.36213
1391291093.75,-29.36445
1391291250.0,-29.36815
1391291406.25,-29.36716
1391291562.5,-29.36837
1391291718.75,-29.37065
1391291875.0,-29.36564
1391292031.25,-29.36822
1391292187.5,-29.36928
1391292343.75,-29.37743
1391292500.0,-29.37741
1391292656.25,-29.37793
1391292812.5,-29.37811
1391292968.75,-29.3827
1391293125.0,-29.38147
1391293281.25,-29.38485
1391293437.5,-29.38153
1391293593.75,-29.38731
1391293750.0,-29.38593
1391293906.25,-29.3868
1391294062.5,-29.39466
1391294218.75,-29.3904
1391294375.0,-29.39206
1391294531.25,-29.39628
1391294687.5,-29.40016
1391294843.75,-29.39566
1391295000.0,-29.4
1391295156.25,-29.40009
1391295312.5,-29.40141
1391295468.75,-29.40019
1391295625.0,-29.4062
1391295781.25,-29.40272
1391295937.5,-29.40663
1391296093.75,-29.40469
1391296250.0,-29.41027
1391296406.25,-29.40853
1391296562.5,-29.41462
1391296718.75,-29.40979
1391296875.0,-29.41543
1391297031.25,-29.4126
1391297187.5,-29.42236
1391297343.75,-29.41643
1391297500.0,-29.42308
1391297656.25,-29.4212
1391297812.5,-29.41999
1391297968.75,-29.42052
1391298125.0,-29.42709
1391298281.25,-29.42234
1391298437.5,-29.4222
1391298593.75,-29.42483
1391298750.0,-29.43155
1391298906.25,-29.43799
1391299062.5,-29.42597
1391299218.75,-29.43558
1391299375.0,-29.44005
1391299531.25,-29.4369
1391299687.5,-29.43826
1391299843.75,-29.43993
1391300000.0,-29.44045
1391300156.25,-29.44599
1391300312.5,-29.44198
1391300468.75,-29.4416
1391300625.0,-29.44319
1391300781.25,-29.44463
1391300937.5,-29.4457
1391301093.75,-29.44756
1391301250.0,-29.44941
1391301406.25,-29.45309
1391301562.5,-29.44986
1391301718.75,-29.45571
1391301875.0,-29.45588
1391302031.25,-29.45905
1391302187.5,-29.45715
1391302343.75,-29.46319
1391302500.0,-29.46405
1391302656.25,-29.46198
1391302812.5,-29.46357
1391302968.75,-29.46568
1391303125.0,-29.46636
1391303281.25,-29.46992
1391303437.5,-29.47158
1391303593.75,-29.46751
1391303750.0,-29.47164
1391303906.25,-29.47333
1391304062.5,-29.47406
1391304218.75,-29.47919
1391304375.0,-29.47799
1391304531.25,-29.48039
1391304687.5,-29.47718
1391304843.75,-29.48354
1391305000.0,-29.47942
1391305156.25,-29.48306
1391305312.5,-29.48387
1391305468.75,-29.48969
1391305625.0,-29.48552
1391305781.25,-29.49076
1391305937.5,-29.49
1391306093.75,-29.49461
1391306250.0,-29.49239
1391306406.25,-29.49449
1391306562.5,-29.49733
1391306718.75,-29.49695
1391306875.0,-29.49984
1391307031.25,-29.49674
1391307187.5,-29.50199
1391307343.75,-29.50391
1391307500.0,-29.50309
1391307656.25,-29.50418
1391307812.5,-29.50377
1391307968.75,-29.51175
1391308125.0,-29.51248
1391308281.25,-29.5054
1391308437.5,-29.51296
1391308593.75,-29.50677
1391308750.0,-29.51264
1391308906.25,-29.51895
1391309062.5,-29.51917
1391309218.75,-29.51993
1391309375.0,-29.51882
1391309531.25,-29.52032
1391309687.5,-29.52202
1391309843.75,-29.52495
1391310000.0,-29.52356
1391310156.25,-29.5258
1391310312.5,-29.52929
1391310468.75,-29.52901
1391310625.0,-29.53187
1391310781.25,-29.52707
1391310937.5,-29.53338
1391311093.75,-29.53825
1391311250.0,-29.53971
1391311406.25,-29.53518
1391311562.5,-29.53437
1391311718.75,-29.53584
1391311875.0,-29.5406
1391312031.25,-29.54597
1391312187.5,-29.54441
1391312343.75,-29.53929
1391312500.0,-29.54604
1391312656.25,-29.54466
1391312812.5,-29.5482
1391312968.75,-29.54895
1391313125.0,-29.55252
1391313281.25,-29.55322
1391313437.5,-29.55482
1391313593.75,-29.55603
1391313750.0,-29.55528
1391313906.25,-29.55292
1391314062.5,-29.56181
1391314218.75,-29.55953
1391314375.0,-29.56273
1391314531.25,-29.55919
1391314687.5,-29.56338
1391314843.75,-29.56595
1391315000.0,-29.57049
1391315156.25,-29.57149
1391315312.5,-29.56833
1391315468.75,-29.57096
1391315625.0,-29.57572
1391315781.25,-29.57238
1391315937.5,-29.57353
1391316093.75,-29.5753
1391316250.0,-29.57853
1391316406.25,-29.57999
1391316562.5,-29.58181
1391316718.75,-29.58371
1391316875.0,-29.58228
1391317031.25,-29.58255
1391317187.5,-29.58183
1391317343.75,-29.58252
1391317500.0,-29.58837
1391317656.25,-29.59017
1391317812.5,-29.59338
1391317968.75,-29.5934
1391318125.0,-29.59399
1391318281.25,-29.59497
1391318437.5,-29.59746
1391318593.75,-29.60021
1391318750.0,-29.6022
1391318906.25,-29.59854
1391319062.5,-29.60445
1391319218.75,-29.59865
1391319375.0,-29.60562
1391319531.25,-29.60591
1391319687.5,-29.60868
1391319843.75,-29.61009
1391320000.0,-29.61244
1391320156.25,-29.61021
1391320312.5,-29.60789
1391320468.75,-29.61189
1391320625.0,-29.61634
1391320781.25,-29.61869
1391320937.5,-29.62105
1391321093.75,-29.61779
1391321250.0,-29.62052
1391321406.25,-29.61977
1391321562.5,-29.62074
1391321718.75,-29.62271
1391321875.0,-29.62531
1391322031.25,-29.62717
1391322187.5,-29.6249
1391322343.75,-29.62436
1391322500.0,-29.62508
1391322656.25,-29.63082
1391322812.5,-29.63336
1391322968.75,-29.62923
1391323125.0,-29.63474
1391323281.25,-29.638
1391323437.5,-29.63423
1391323593.75,-29.63988
1391323750.0,-29.63958
1391323906.25,-29.63995
1391324062.5,-29.64163
1391324218.75,-29.64513
1391324375.0,-29.63901
1391324531.25,-29.64766
1391324687.5,-29.65164
1391324843.75,-29.64887
1391325000.0,-29.64697
1391325156.25,-29.65242
1391325312.5,-29.64988
1391325468.75,-29.65588
1391325625.0,-29.65063
1391325781.25,-29.65553
1391325937.5,-29.65436
1391326093.75,-29.65612
1391326250.0,-29.66506
1391326406.25,-29.66157
1391326562.5,-29.66775
1391326718.75,-29.66701
1391326875.0,-29.6703
1391327031.25,-29.66868
1391327187.5,-29.66549
1391327343.75,-29.66564
1391327500.0,-29.67125
1391327656.25,-29.67143
1391327812.5,-29.67406
1391327968.75,-29.67484
1391328125.0,-29.67734
1391328281.25,-29.68013
1391328437.5,-29.68199
1391328593.75,-29.68227
1391328750.0,-29.6826
1391328906.25,-29.68115
1391329062.5,-29.68374
1391329218.75,-29.68559
1391329375.0,-29.6839
1391329531.25,-29.68956
1391329687.5,-29.68868
1391329843.75,-29.68805
1391330000.0,-29.69086
1391330156.25,-29.69248
1391330312.5,-29.69426
1391330468.75,-29.6958
1391330625.0,-29.70075
1391330781.25,-29.69697
1391330937.5,-29.7016
1391331093.75,-29.70306
1391331250.0,-29.69788
1391331406.25,-29.70266
1391331562.5,-29.70929
1391331718.75,-29.70823
1391331875.0,-29.70385
1391332031.25,-29.70949
1391332187.5,-29.7113
1391332343.75,-29.71105
1391332500.0,-29.71335
1391332656.25,-29.71774
1391332812.5,-29.71427
1391332968.75,-29.71885
1391333125.0,-29.72035
1391333281.25,-29.72356
1391333437.5,-29.71708
1391333593.75,-29.72717
1391333750.0,-29.72618
1391333906.25,-29.72387
1391334062.5,-29.72542
1391334218.75,-29.72773
1391334375.0,-29.73418
1391334531.25,-29.72782
1391334687.5,-29.73364
1391334843.75,-29.73211
1391335000.0,-29.72964
1391335156.25,-29.73623
1391335312.5,-29.7333
1391335468.75,-29.73554
1391335625.0,-29.73785
1391335781.25,-29.74385
1391335937.5,-29.74074
1391336093.75,-29.74736
1391336250.0,-29.74387
1391336406.25,-29.74546
1391336562.5,-29.74979
1391336718.75,-29.7449
1391336875.0,-29.74576
1391337031.25,-29.74684
1391337187.5,-29.75335
1391337343.75,-29.74991
1391337500.0,-29.75453
1391337656.25,-29.75229
1391337812.5,-29.76002
1391337968.75,-29.75773
1391338125.0,-29.75794
1391338281.25,-29.75904
1391338437.5,-29.76451
1391338593.75,-29.75773
1391338750.0,-29.76255
1391338906.25,-29.76974
1391339062.5,-29.76599
1391339218.75,-29.77194
1391339375.0,-29.76903
1391339531.25,-29.77442
1391339687.5,-29.77405
1391339843.75,-29.77496
1391340000.0,-29.77483
1391340156.25,-29.77766
1391340312.5,-29.78141
1391340468.75,-29.7796
1391340625.0,-29.78374
1391340781.25,-29.78123
1391340937.5,-29.78292
1391341093.75,-29.78135
1391341250.0,-29.78564
1391341406.25,-29.78778
1391341562.5,-29.78751
1391341718.75,-29.78591
1391341875.0,-29.78416
1391342031.25,-29.79358
1391342187.5,-29.79437
1391342343.75,-29.80057
1391342500.0,-29.79694
1391342656.25,-29.7982
1391342812.5,-29.79469
1391342968.75,-29.79881
1391343125.0,-29.79957
1391343281.25,-29.80114
1391343437.5,-29.80624
1391343593.75,-29.80525
1391343750.0,-29.80452
1391343906.25,-29.80698
1391344062.5,-29.80533
1391344218.75,-29.81204
1391344375.0,-29.80892
1391344531.25,-29.8194
1391344687.5,-29.81405
1391344843.75,-29.81579
1391345000.0,-29.8161
1391345156.25,-29.81375
1391345312.5,-29.81608
1391345468.75,-29.81755
1391345625.0,-29.81997
1391345781.25,-29.82657
1391345937.5,-29.82382
1391346093.75,-29.82635
1391346250.0,-29.82718
1391346406.25,-29.82416
1391346562.5,-29.82697
1391346718.75,-29.83472
1391346875.0,-29.83405
1391347031.25,-29.83482
1391347187.5,-29.8371
1391347343.75,-29.83444
1391347500.0,-29.83454
1391347656.25,-29.83817
1391347812.5,-29.83873
1391347968.75,-29.84268
1391348125.0,-29.8336
1391348281.25,-29.84559
1391348437.5,-29.84164
1391348593.75,-29.84588
1391348750.0,-29.84303
1391348906.25,-29.84911
1391349062.5,-29.84767
1391349218.75,-29.84715
1391349375.0,-29.8471
1391349531.25,-29.85159
1391349687.5,-29.84848
1391349843.75,-29.85721
1391350000.0,-29.85647
1391350156.25,-29.86083
1391350312.5,-29.85379
1391350468.75,-29.85832
1391350625.0,-29.85832
1391350781.25,-29.86412
1391350937.5,-29.86195
1391351093.75,-29.86282
1391351250.0,-29.86535
1391351406.25,-29.86845
1391351562.5,-29.86923
1391351718.75,-29.87016
1391351875.0,-29.86913
1391352031.25,-29.8768
1391352187.5,-29.87181
1391352343.75,-29.87235
1391352500.0,-29.87814
1391352656.25,-29.87763
1391352812.5,-29.88318
1391352968.75,-29.87569
1391353125.0,-29.88311
1391353281.25,-29.88752
1391353437.5,-29.88421
1391353593.75,-29.88151
1391353750.0,-29.88677
1391353906.25,-29.88791
1391354062.5,-29.89312
1391354218.75,-29.89262
1391354375.0,-29.89416
1391354531.25,-29.89126
1391354687.5,-29.89083
1391354843.75,-29.89295
1391355000.0,-29.89363
1391355156.25,-29.89998
1391355312.5,-29.90379
1391355468.75,-29.90122
1391355625.0,-29.89639
1391355781.25,-29.9013
1391355937.5,-29.90037
1391356093.75,-29.90661
1391356250.0,-29.90826
1391356406.25,-29.90168
1391356562.5,-29.90886
1391356718.75,-29.90746
1391356875.0,-29.9117
1391357031.25,-29.91331
1391357187.5,-29.91367
1391357343.75,-29.91451
1391357500.0,-29.91381
1391357656.25,-29.92019
1391357812.5,-29.91648
1391357968.75,-29.92309
1391358125.0,-29.92438
1391358281.25,-29.92389
1391358437.5,-29.92039
1391358593.75,-29.93238
1391358750.0,-29.92888
1391358906.25,-29.92686
1391359062.5,-29.93108
1391359218.75,-29.92813
1391359375.0,-29.93042
1391359531.25,-29.92808
1391359687.5,-29.93844
1391359843.75,-29.9358
1391360000.0,-29.93776
1391360156.25,-29.94275
1391360312.5,-29.93684
1391360468.75,-29.9413
1391360625.0,-29.93903
1391360781.25,-29.94032
1391360937.5,-29.94563
1391361093.75,-29.94209
1391361250.0,-29.946
1391361406.25,-29.94772
1391361562.5,-29.95072
1391361718.75,-29.9471
1391361875.0,-29.94788
1391362031.25,-29.95471
1391362187.5,-29.96054
1391362343.75,-29.95879
1391362500.0,-29.95863
1391362656.25,-29.95856
1391362812.5,-29.96165
1391362968.75,-29.96204
1391363125.0,-29.96364
1391363281.25,-29.96236
1391363437.5,-29.96966
1391363593.75,-29.96291
1391363750.0,-29.97165
1391363906.25,-29.96954
1391364062.5,-29.97005
1391364218.75,-29.96932
1391364375.0,-29.97651
1391364531.25,-29.97183
1391364687.5,-29.97959
1391364843.75,-29.97934
1391365000.0,-29.97241
1391365156.25,-29.9829
1391365312.5,-29.98135
1391365468.75,-29.97894
1391365625.0,-29.98231
1391365781.25,-29.98074
1391365937.5,-29.98491
1391366093.75,-29.98956
1391366250.0,-29.9877
1391366406.25,-29.98789
1391366562.5,-29.98829
1391366718.75,-29.99104
1391366875.0,-29.99011
1391367031.25,-29.99523
1391367187.5,-29.99992
1391367343.75,-29.99507
1391367500.0,-29.99783
1391367656.25,-29.99802
1391367812.5,-30.00126
1391367968.75,-30.00158
1391368125.0,-30.0037
1391368281.25,-29.99817
1391368437.5,-30.00148
1391368593.75,-30.0057
1391368750.0,-30.00539
1391368906.25,-30.009
1391369062.5,-30.0135
1391369218.75,-30.00811
1391369375.0,-30.01158
1391369531.25,-30.00883
1391369687.5,-30.01451
1391369843.75,-30.01905
1391370000.0,-30.01857
1391370156.25,-30.01715
1391370312.5,-30.01856
1391370468.75,-30.02254
1391370625.0,-30.02363
1391370781.25,-30.02407
1391370937.5,-30.02571
1391371093.75,-30.02606
1391371250.0,-30.03634
1391371406.25,-30.03194
1391371562.5,-30.03272
1391371718.75,-30.02938
1391371875.0,-30.03362
1391372031.25,-30.02994
1391372187.5,-30.03815
1391372343.75,-30.03776
1391372500.0,-30.03525
1391372656.25,-30.04076
1391372812.5,-30.03823
1391372968.75,-30.04244
1391373125.0,-30.04179
1391373281.25,-30.0466
1391373437.5,-30.04989
1391373593.75,-30.05187
1391373750.0,-30.0486
1391373906.25,-30.05215
1391374062.5,-30.05156
1391374218.75,-30.05517
1391374375.0,-30.05113
1391374531.25,-30.05464
1391374687.5,-30.05752
1391374843.75,-30.05086
1391375000.0,-30.05677
1391375156.25,-30.05769
1391375312.5,-30.05923
1391375468.75,-30.0623
1391375625.0,-30.06308
1391375781.25,-30.06664
1391375937.5,-30.06509
1391376093.75,-30.06701
1391376250.0,-30.06594
1391376406.25,-30.06546
1391376562.5,-30.07315
1391376718.75,-30.06852
1391376875.0,-30.0758
1391377031.25,-30.07427
1391377187.5,-30.07278
1391377343.75,-30.0756
1391377500.0,-30.07258
1391377656.25,-30.07433
1391377812.5,-30.07748
1391377968.75,-30.07679
1391378125.0,-30.0858
1391378281.25,-30.07882
1391378437.5,-30.08527
1391378593.75,-30.09102
1391378750.0,-30.08848
1391378906.25,-30.08685
1391379062.5,-30.08834
1391379218.75,-30.0931
1391379375.0,-30.09619
1391379531.25,-30.09285
1391379687.5,-30.09316
1391379843.75,-30.09645
1391380000.0,-30.10028
1391380156.25,-30.09515
1391380312.5,-30.0944
1391380468.75,-30.10178
1391380625.0,-30.09739
1391380781.25,-30.09659
1391380937.5,-30.10933
1391381093.75,-30.11099
1391381250.0,-30.10293
1391381406.25,-30.1043
1391381562.5,-30.10962
1391381718.75,-30.10645
1391381875.0,-30.11467
1391382031.25,-30.11298
1391382187.5,-30.11704
1391382343.75,-30.11296
1391382500.0,-30.11814
1391382656.25,-30.12324
1391382812.5,-30.11834
1391382968.75,-30.12628
1391383125.0,-30.12166
1391383281.25,-30.12811
1391383437.5,-30.1243
1391383593.75,-30.12379
1391383750.0,-30.12375
1391383906.25,-30.12617
1391384062.5,-30.13323
1391384218.75,-30.13305
1391384375.0,-30.12311
1391384531.25,-30.13208
1391384687.5,-30.13263
1391384843.75,-30.13279
1391385000.0,-30.13936
1391385156.25,-30.13605
1391385312.5,-30.14152
1391385468.75,-30.14267
1391385625.0,-30.14661
1391385781.25,-30.14188
1391385937.5,-30.14087
1391386093.75,-30.14564
1391386250.0,-30.14311
1391386406.25,-30.1483
1391386562.5,-30.14526
1391386718.75,-30.14838
1391386875.0,-30.1481
1391387031.25,-30.1501
1391387187.5,-30.15235
1391387343.75,-30.15238
1391387500.0,-30.16032
1391387656.25,-30.16063
1391387812.5,-30.16323
1391387968.75,-30.16326
1391388125.0,-30.16169
1391388281.25,-30.16383
1391388437.5,-30.16325
1391388593.75,-30.16807
1391388750.0,-30.16652
1391388906.25,-30.16479
1391389062.5,-30.17054
1391389218.75,-30.16877
1391389375.0,-30.17144
1391389531.25,-30.17158
1391389687.5,-30.17815
1391389843.75,-30.17653
1391390000.0,-30.17585
1391390156.25,-30.17656
1391390312.5,-30.17754
1391390468.75,-30.18385
1391390625.0,-30.18193
1391390781.25,-30.18644
1391390937.5,-30.18661
1391391093.75,-30.18098
1391391250.0,-30.18634
1391391406.25,-30.19007
1391391562.5,-30.1888
1391391718.75,-30.19344
1391391875.0,-30.19254
1391392031.25,-30.19144
1391392187.5,-30.1954
1391392343.75,-30.19745
1391392500.0,-30.1911
1391392656.25,-30.19667
1391392812.5,-30.19451
1391392968.75,-30.19995
1391393125.0,-30.19912
1391393281.25,-30.19894
1391393437.5,-30.20258
1391393593.75,-30.19963
1391393750.0,-30.20467
1391393906.25,-30.20898
1391394062.5,-30.21038
1391394218.75,-30.2143
1391394375.0,-30.21118
1391394531.25,-30.20382
1391394687.5,-30.21139
1391394843.75,-30.21338
1391395000.0,-30.21328
1391395156.25,-30.22001
1391395312.5,-30.21656
1391395468.75,-30.22226
1391395625.0,-30.21727
1391395781.25,-30.22295
1391395937.5,-30.22583
1391396093.75,-30.224
1391396250.0,-30.23014
1391396406.25,-30.2203
1391396562.5,-30.23372
1391396718.75,-30.22826
1391396875.0,-30.22484
1391397031.25,-30.22755
1391397187.5,-30.23287
1391397343.75,-30.232
1391397500.0,-30.23546
1391397656.25,-30.23474
1391397812.5,-30.23737
1391397968.75,-30.2431
1391398125.0,-30.24111
1391398281.25,-30.24085
1391398437.5,-30.24154
1391398593.75,-30.24253
1391398750.0,-30.24657
1391398906.25,-30.2456
1391399062.5,-30.24466
1391399218.75,-30.24792
1391399375.0,-30.24428
1391399531.25,-30.25494
1391399687.5,-30.25518
1391399843.75,-30.25194
1391400000.0,-30.2562
1391400156.25,-30.2561
1391400312.5,-30.25544
1391400468.75,-30.25214
1391400625.0,-30.25924
1391400781.25,-30.26435
1391400937.5,-30.26142
1391401093.75,-30.26439
1391401250.0,-30.26105
1391401406.25,-30.26114
1391401562.5,-30.26428
1391401718.75,-30.26826
1391401875.0,-30.27201
1391402031.25,-30.27365
1391402187.5,-30.27114
1391402343.75,-30.26946
1391402500.0,-30.27146
1391402656.25,-30.26884
1391402812.5,-30.27511
1391402968.75,-30.27033
1391403125.0,-30.27662
1391403281.25,-30.28539
1391403437.5,-30.28107
1391403593.75,-30.2858
1391403750.0,-30.28659
1391403906.25,-30.28964
1391404062.5,-30.28447
1391404218.75,-30.29018
1391404375.0,-30.28934
1391404531.25,-30.29253
1391404687.5,-30.29392
1391404843.75,-30.29343
1391405000.0,-30.29463
1391405156.25,-30.29191
1391405312.5,-30.29183
1391405468.75,-30.29796
1391405625.0,-30.29434
1391405781.25,-30.30107
1391405937.5,-30.29939
1391406093.75,-30.298
1391406250.0,-30.3041
1391406406.25,-30.30308
1391406562.5,-30.30373
1391406718.75,-30.31068
1391406875.0,-30.30811
1391407031.25,-30.31118
1391407187.5,-30.30729
1391407343.75,-30.30747
1391407500.0,-30.31556
1391407656.25,-30.31035
1391407812.5,-30.31336
1391407968.75,-30.3197
1391408125.0,-30.31379
1391408281.25,-30.31829
1391408437.5,-30.31509
1391408593.75,-30.31699
1391408750.0,-30.32119
1391408906.25,-30.32467
1391409062.5,-30.32616
1391409218.75,-30.31946
1391409375.0,-30.32326
1391409531.25,-30.32576
1391409687.5,-30.32757
1391409843.75,-30.3257
1391410000.0,-30.33379
1391410156.25,-30.33234
1391410312.5,-30.33876
1391410468.75,-30.3285
1391410625.0,-30.33653
1391410781.25,-30.34171
1391410937.5,-30.3414
1391411093.75,-30.34063
1391411250.0,-30.33807
1391411406.25,-30.33939
1391411562.5,-30.33739
1391411718.75,-30.3443
1391411875.0,-30.348
1391412031.25,-30.3436
1391412187.5,-30.3488
1391412343.75,-30.35012
1391412500.0,-30.3481
1391412656.25,-30.34833
1391412812.5,-30.35108
1391412968.75,-30.358
1391413125.0,-30.35365
1391413281.25,-30.35071
1391413437.5,-30.35584
1391413593.75,-30.3606
1391413750.0,-30.35788
1391413906.25,-30.35869
1391414062.5,-30.36017
1391414218.75,-30.36397
1391414375.0,-30.36228
1391414531.25,-30.36811
1391414687.5,-30.36823
1391414843.75,-30.3729
1391415000.0,-30.36844
1391415156.25,-30.37365
1391415312.5,-30.37423
1391415468.75,-30.37617
1391415625.0,-30.37618
1391415781.25,-30.37983
1391415937.5,-30.37718
1391416093.75,-30.3797
1391416250.0,-30.37854
1391416406.25,-30.38177
1391416562.5,-30.37696
1391416718.75,-30.38763
1391416875.0,-30.3834
1391417031.25,-30.38421
1391417187.5,-30.38804
1391417343.75,-30.38814
1391417500.0,-30.39093
1391417656.25,-30.38921
1391417812.5,-30.38931
1391417968.75,-30.39327
1391418125.0,-30.39353
1391418281.25,-30.39217
1391418437.5,-30.39216
1391418593.75,-30.39295
1391418750.0,-30.39925
1391418906.25,-30.40079
1391419062.5,-30.40477
1391419218.75,-30.3912
1391419375.0,-30.40358
1391419531.25,-30.40387
1391419687.5,-30.41043
1391419843.75,-30.40366
1391420000.0,-30.40822
1391420156.25,-30.40273
1391420312.5,-30.40896
1391420468.75,-30.41394
1391420625.0,-30.41713
1391420781.25,-30.41721
1391420937.5,-30.4158
1391421093.75,-30.41286
1391421250.0,-30.41609
1391421406.25,-30.42197
1391421562.5,-30.4146
1391421718.75,-30.42554
1391421875.0,-30.42259
1391422031.25,-30.42642
1391422187.5,-30.42651
1391422343.75,-30.42753
1391422500.0,-30.42694
1391422656.25,-30.42839
1391422812.5,-30.43038
1391422968.75,-30.43874
1391423125.0,-30.42924
1391423281.25,-30.43374
1391423437.5,-30.43546
1391423593.75,-30.44099
1391423750.0,-30.44296
1391423906.25,-30.4423
1391424062.5,-30.44349
1391424218.75,-30.44715
1391424375.0,-30.44092
1391424531.25,-30.44596
1391424687.5,-30.443
1391424843.75,-30.45056
1391425000.0,-30.44998
1391425156.25,-30.4511
1391425312.5,-30.45083
1391425468.75,-30.4457
1391425625.0,-30.44654
1391425781.25,-30.45078
1391425937.5,-30.45059
1391426093.75,-30.45793
1391426250.0,-30.45127
1391426406.25,-30.45061
1391426562.5,-30.45677
1391426718.75,-30.45781
1391426875.0,-30.46145
1391427031.25,-30.46044
1391427187.5,-30.45712
1391427343.75,-30.45822
1391427500.0,-30.46949
1391427656.25,-30.46945
1391427812.5,-30.468
1391427968.75,-30.47007
1391428125.0,-30.47297
1391428281.25,-30.47213
1391428437.5,-30.47291
1391428593.75,-30.47321
1391428750.0,-30.48466
1391428906.25,-30.47143
1391429062.5,-30.47702
1391429218.75,-30.4748
1391429375.0,-30.47432
1391429531.25,-30.47894
1391429687.5,-30.47681
1391429843.75,-30.48322
1391430000.0,-30.48226
1391430156.25,-30.48398
1391430312.5,-30.48812
1391430468.75,-30.48398
1391430625.0,-30.49252
1391430781.25,-30.49076
1391430937.5,-30.48697
1391431093.75,-30.49588
1391431250.0,-30.49497
1391431406.25,-30.4967
1391431562.5,-30.49844
1391431718.75,-30.49867
1391431875.0,-30.49458
1391432031.25,-30.50174
1391432187.5,-30.50053
1391432343.75,-30.50816
1391432500.0,-30.50474
1391432656.25,-30.50569
1391432812.5,-30.50272
1391432968.75,-30.50766
1391433125.0,-30.50694
1391433281.25,-30.5108
1391433437.5,-30.51396
1391433593.75,-30.51309
1391433750.0,-30.5062
1391433906.25,-30.5194
1391434062.5,-30.51058
1391434218.75,-30.5197
1391434375.0,-30.5202
1391434531.25,-30.51567
1391434687.5,-30.51839
1391434843.75,-30.5233
1391435000.0,-30.52934
1391435156.25,-30.52507
1391435312.5,-30.5246
1391435468.75,-30.52492
1391435625.0,-30.53063
1391435781.25,-30.52777
1391435937.5,-30.52767
1391436093.75,-30.53436
1391436250.0,-30.52438
1391436406.25,-30.53342
1391436562.5,-30.53562
1391436718.75,-30.5377
1391436875.0,-30.53579
1391437031.25,-30.53758
1391437187.5,-30.53811
1391437343.75,-30.54044
1391437500.0,-30.53808
1391437656.25,-30.54038
1391437812.5,-30.54091
1391437968.75,-30.54643
1391438125.0,-30.5448
1391438281.25,-30.54269
1391438437.5,-30.54968
1391438593.75,-30.54724
1391438750.0,-30.54803
1391438906.25,-30.55149
1391439062.5,-30.55524
1391439218.75,-30.54978
1391439375.0,-30.55735
1391439531.25,-30.55625
1391439687.5,-30.56137
1391439843.75,-30.55826
1391440000.0,-30.55693
1391440156.25,-30.56074
1391440312.5,-30.56163
1391440468.75,-30.56308
1391440625.0,-30.56319
1391440781.25,-30.56371
1391440937.5,-30.56021
1391441093.75,-30.57049
1391441250.0,-30.56518
1391441406.25,-30.57045
1391441562.5,-30.57294
1391441718.75,-30.56827
1391441875.0,-30.57346
1391442031.25,-30.57333
1391442187.5,-30.57508
1391442343.75,-30.58278
1391442500.0,-30.57938
1391442656.25,-30.58127
1391442812.5,-30.57957
1391442968.75,-30.5831
1391443125.0,-30.58172
1391443281.25,-30.58232
1391443437.5,-30.58126
1391443593.75,-30.58383
1391443750.0,-30.58698
1391443906.25,-30.59307
1391444062.5,-30.59482
1391444218.75,-30.59319
1391444375.0,-30.59294
1391444531.25,-30.59331
1391444687.5,-30.59263
1391444843.75,-30.59083
1391445000.0,-30.59953
1391445156.25,-30.59811
1391445312.5,-30.5989
1391445468.75,-30.59847
1391445625.0,-30.6001
1391445781.25,-30.60347
1391445937.5,-30.60267
1391446093.75,-30.60886
1391446250.0,-30.604
1391446406.25,-30.61104
1391446562.5,-30.60882
1391446718.75,-30.60872
1391446875.0,-30.61434
1391447031.25,-30.61159
1391447187.5,-30.61876
1391447343.75,-30.61794
1391447500.0,-30.60941
1391447656.25,-30.61996
1391447812.5,-30.61862
1391447968.75,-30.61651
1391448125.0,-30.62225
1391448281.25,-30.61918
1391448437.5,-30.62252
1391448593.75,-30.62203
1391448750.0,-30.62366
1391448906.25,-30.62294
1391449062.5,-30.63079
1391449218.75,-30.63365
1391449375.0,-30.62403
1391449531.25,-30.62663
1391449687.5,-30.63529
1391449843.75,-30.63383
1391450000.0,-30.63075
1391450156.25,-30.63232
1391450312.5,-30.63963
1391450468.75,-30.63627
1391450625.0,-30.63356
1391450781.25,-30.6412
1391450937.5,-30.64491
1391451093.75,-30.63792
1391451250.0,-30.64289
1391451406.25,-30.64999
1391451562.5,-30.64318
1391451718.75,-30.6417
1391451875.0,-30.64757
1391452031.25,-30.65109
1391452187.5,-30.64711
1391452343.75,-30.65464
1391452500.0,-30.65022
1391452656.25,-30.6469
1391452812.5,-30.65504
1391452968.75,-30.65885
1391453125.0,-30.65694
1391453281.25,-30.66042
1391453437.5,-30.65965
1391453593.75,-30.65695
1391453750.0,-30.65655
1391453906.25,-30.6655
1391454062.5,-30.66548
1391454218.75,-30.66608
1391454375.0,-30.66889
1391454531.25,-30.66817
1391454687.5,-30.6646
1391454843.75,-30.66869
1391455000.0,-30.67139
1391455156.25,-30.67163
1391455312.5,-30.67618
1391455468.75,-30.67503
1391455625.0,-30.67533
1391455781.25,-30.6777
1391455937.5,-30.66925
1391456093.75,-30.67739
1391456250.0,-30.67747
1391456406.25,-30.68419
1391456562.5,-30.67701
1391456718.75,-30.68864
1391456875.0,-30.68732
1391457031.25,-30.68984
1391457187.5,-30.6883
1391457343.75,-30.68441
1391457500.0,-30.68426
1391457656.25,-30.69231
1391457812.5,-30.69169
1391457968.75,-30.69628
1391458125.0,-30.69247
1391458281.25,-30.6973
1391458437.5,-30.6987
1391458593.75,-30.6955
1391458750.0,-30.701
1391458906.25,-30.70206
1391459062.5,-30.70314
1391459218.75,-30.70307
1391459375.0,-30.70017
1391459531.25,-30.70915
1391459687.5,-30.69995
1391459843.75,-30.70636
1391460000.0,-30.70626
1391460156.25,-30.71409
1391460312.5,-30.70429
1391460468.75,-30.70765
1391460625.0,-30.71103
1391460781.25,-30.71006
1391460937.5,-30.71409
1391461093.75,-30.71917
1391461250.0,-30.72082
1391461406.25,-30.72157
1391461562.5,-30.72519
1391461718.75,-30.71997
1391461875.0,-30.7223
1391462031.25,-30.71916
1391462187.5,-30.72449
1391462343.75,-30.72504
1391462500.0,-30.72864
1391462656.25,-30.72744
1391462812.5,-30.73135
1391462968.75,-30.72919
1391463125.0,-30.7296
1391463281.25,-30.73226
1391463437.5,-30.7314
1391463593.75,-30.74001
1391463750.0,-30.73865
1391463906.25,-30.73584
1391464062.5,-30.73483
1391464218.75,-30.7385
1391464375.0,-30.73762
1391464531.25,-30.74227
1391464687.5,-30.74603
1391464843.75,-30.73866
1391465000.0,-30.74388
1391465156.25,-30.74643
1391465312.5,-30.74749
1391465468.75,-30.7455
1391465625.0,-30.74332
1391465781.25,-30.74673
1391465937.5,-30.75207
1391466093.75,-30.75195
1391466250.0,-30.75827
1391466406.25,-30.75078
1391466562.5,-30.75525
1391466718.75,-30.75523
1391466875.0,-30.76023
1391467031.25,-30.76299
1391467187.5,-30.75489
1391467343.75,-30.75853
1391467500.0,-30.76217
1391467656.25,-30.76673
1391467812.5,-30.76632
1391467968.75,-30.76209
1391468125.0,-30.7677
1391468281.25,-30.7606
1391468437.5,-30.7685
1391468593.75,-30.77168
1391468750.0,-30.77065
1391468906.25,-30.77613
1391469062.5,-30.77624
1391469218.75,-30.77482
1391469375.0,-30.77577
1391469531.25,-30.77466
1391469687.5,-30.7776
1391469843.75,-30.78213
1391470000.0,-30.78269
1391470156.25,-30.78319
1391470312.5,-30.78173
1391470468.75,-30.7885
1391470625.0,-30.78718
1391470781.25,-30.78892
1391470937.5,-30.78839
1391471093.75,-30.78765
1391471250.0,-30.79583
1391471406.25,-30.79439
1391471562.5,-30.78503
1391471718.75,-30.78869
1391471875.0,-30.79283
1391472031.25,-30.79833
1391472187.5,-30.80024
1391472343.75,-30.79909
1391472500.0,-30.79761
1391472656.25,-30.80093
1391472812.5,-30.80367
1391472968.75,-30.80948
1391473125.0,-30.80577
1391473281.25,-30.80054
1391473437.5,-30.8047
1391473593.75,-30.81012
1391473750.0,-30.81001
1391473906.25,-30.80911
1391474062.5,-30.81175
1391474218.75,-30.81005
1391474375.0,-30.81937
1391474531.25,-30.81891
1391474687.5,-30.81454
1391474843.75,-30.81692
1391475000.0,-30.8175
1391475156.25,-30.82094
1391475312.5,-30.8218
1391475468.75,-30.82439
1391475625.0,-30.82482
1391475781.25,-30.82216
1391475937.5,-30.827
1391476093.75,-30.82434
1391476250.0,-30.8206
1391476406.25,-30.82474
1391476562.5,-30.8313
1391476718.75,-30.83031
1391476875.0,-30.83239
1391477031.25,-30.82574
1391477187.5,-30.82904
1391477343.75,-30.84135
1391477500.0,-30.83759
1391477656.25,-30.83761
1391477812.5,-30.83172
1391477968.75,-30.84142
1391478125.0,-30.83796
1391478281.25,-30.83715
1391478437.5,-30.84181
1391478593.75,-30.84498
1391478750.0,-30.84452
1391478906.25,-30.84874
1391479062.5,-30.84625
1391479218.75,-30.84766
1391479375.0,-30.84637
1391479531.25,-30.85761
1391479687.5,-30.85961
1391479843.75,-30.85801
1391480000.0,-30.8572
1391480156.25,-30.85683
1391480312.5,-30.85696
1391480468.75,-30.85465
1391480625.0,-30.86263
1391480781.25,-30.8631
1391480937.5,-30.85747
1391481093.75,-30.8625
1391481250.0,-30.86367
1391481406.25,-30.85722
1391481562.5,-30.86666
1391481718.75,-30.87035
1391481875.0,-30.86356
1391482031.25,-30.87395
1391482187.5,-30.86627
1391482343.75,-30.87388
1391482500.0,-30.87313
1391482656.25,-30.87721
1391482812.5,-30.88003
1391482968.75,-30.87436
1391483125.0,-30.88197
1391483281.25,-30.87875
1391483437.5,-30.87487
1391483593.75,-30.87628
1391483750.0,-30.88066
1391483906.25,-30.88152
1391484062.5,-30.88357
1391484218.75,-30.88375
1391484375.0,-30.88727
1391484531.25,-30.8874
1391484687.5,-30.89463
1391484843.75,-30.89165
1391485000.0,-30.89393
1391485156.25,-30.89155
1391485312.5,-30.89119
1391485468.75,-30.88921
1391485625.0,-30.88791
1391485781.25,-30.89089
1391485937.5,-30.89616
1391486093.75,-30.90627
1391486250.0,-30.89931
1391486406.25,-30.89722
1391486562.5,-30.90508
1391486718.75,-30.90212
1391486875.0,-30.90927
1391487031.25,-30.90235
1391487187.5,-30.90326
1391487343.75,-30.90931
1391487500.0,-30.90953
1391487656.25,-30.90899
1391487812.5,-30.91071
1391487968.75,-30.91162
1391488125.0,-30.91191
1391488281.25,-30.91685
1391488437.5,-30.91523
1391488593.75,-30.90797
1391488750.0,-30.9185
1391488906.25,-30.92031
1391489062.5,-30.92245
1391489218.75,-30.91303
1391489375.0,-30.9163
1391489531.25,-30.92403
1391489687.5,-30.92076
1391489843.75,-30.92875
1391490000.0,-30.92555
1391490156.25,-30.93263
1391490312.5,-30.93367
1391490468.75,-30.92806
1391490625.0,-30.93493
1391490781.25,-30.9352
1391490937.5,-30.93298
1391491093.75,-30.93348
1391491250.0,-30.93797
1391491406.25,-30.93527
1391491562.5,-30.939
1391491718.75,-30.93342
1391491875.0,-30.93677
1391492031.25,-30.94054
1391492187.5,-30.94054
1391492343.75,-30.93913
1391492500.0,-30.94188
1391492656.25,-30.94606
1391492812.5,-30.94627
1391492968.75,-30.94767
1391493125.0,-30.94397
1391493281.25,-30.95148
1391493437.5,-30.95417
1391493593.75,-30.95195
1391493750.0,-30.95087
1391493906.25,-30.95642
1391494062.5,-30.9572
1391494218.75,-30.95793
1391494375.0,-30.95684
1391494531.25,-30.95451
1391494687.5,-30.95916
1391494843.75,-30.96323
1391495000.0,-30.95951
1391495156.25,-30.96694
1391495312.5,-30.96675
1391495468.75,-30.96376
1391495625.0,-30.97034
1391495781.25,-30.96347
1391495937.5,-30.96877
1391496093.75,-30.97413
1391496250.0,-30.96708
1391496406.25,-30.97213
1391496562.5,-30.97501
1391496718.75,-30.97978
1391496875.0,-30.96854
1391497031.25,-30.97798
1391497187.5,-30.97421
1391497343.75,-30.97056
1391497500.0,-30.98088
1391497656.25,-30.98486
1391497812.5,-30.9846
1391497968.75,-30.98603
1391498125.0,-30.98282
1391498281.25,-30.98533
1391498437.5,-30.98439
1391498593.75,-30.99038
1391498750.0,-30.98654
1391498906.25,-30.98981
1391499062.5,-30.99191
1391499218.75,-30.99546
1391499375.0,-30.99533
1391499531.25,-30.99896
1391499687.5,-31.00259
1391499843.75,-30.9961
1391500000.0,-31.0018
1391500156.25,-31.00436
1391500312.5,-31.00389
1391500468.75,-31.00102
1391500625.0,-31.00552
1391500781.25,-31.0031
1391500937.5,-31.00557
1391501093.75,-31.00712
1391501250.0,-31.00628
1391501406.25,-31.00924
1391501562.5,-31.00969
1391501718.75,-31.01232
1391501875.0,-31.00953
1391502031.25,-31.00756
1391502187.5,-31.01112
1391502343.75,-31.01063
1391502500.0,-31.01646
1391502656.25,-31.01948
1391502812.5,-31.02202
1391502968.75,-31.02392
1391503125.0,-31.01855
1391503281.25,-31.02169
1391503437.5,-31.02673
1391503593.75,-31.02322
1391503750.0,-31.02567
1391503906.25,-31.02547
1391504062.5,-31.02637
1391504218.75,-31.02966
1391504375.0,-31.0323
1391504531.25,-31.02806
1391504687.5,-31.03146
1391504843.75,-31.03469
1391505000.0,-31.03156
1391505156.25,-31.04218
1391505312.5,-31.03513
1391505468.75,-31.03689
1391505625.0,-31.04159
1391505781.25,-31.04384
1391505937.5,-31.03859
1391506093.75,-31.03975
1391506250.0,-31.04197
1391506406.25,-31.0439
1391506562.5,-31.04691
1391506718.75,-31.04803
1391506875.0,-31.04606
1391507031.25,-31.05271
1391507187.5,-31.05185
1391507343.75,-31.04956
1391507500.0,-31.05263
1391507656.25,-31.05369
1391507812.5,-31.056
1391507968.75,-31.05581
1391508125.0,-31.05771
1391508281.25,-31.05225
1391508437.5,-31.06186
1391508593.75,-31.06232
1391508750.0,-31.0623
1391508906.25,-31.05944
1391509062.5,-31.06446
1391509218.75,-31.06866
1391509375.0,-31.06937
1391509531.25,-31.06625
1391509687.5,-31.06816
1391509843.75,-31.06792
1391510000.0,-31.07637
1391510156.25,-31.06781
1391510312.5,-31.06757
1391510468.75,-31.07321
1391510625.0,-31.07614
1391510781.25,-31.07774
1391510937.5,-31.0759
1391511093.75,-31.07626
1391511250.0,-31.08315
1391511406.25,-31.0791
1391511562.5,-31.08059
1391511718.75,-31.08086
1391511875.0,-31.08143
1391512031.25,-31.0775
1391512187.5,-31.08462
1391512343.75,-31.08403
1391512500.0,-31.08618
1391512656.25,-31.08833
1391512812.5,-31.08714
1391512968.75,-31.09408
1391513125.0,-31.09289
1391513281.25,-31.093
1391513437.5,-31.09706
1391513593.75,-31.09554
1391513750.0,-31.09971
1391513906.25,-31.09579
1391514062.5,-31.0932
1391514218.75,-31.09963
1391514375.0,-31.10258
1391514531.25,-31.09874
1391514687.5,-31.10138
1391514843.75,-31.10848
1391515000.0,-31.10131
1391515156.25,-31.1113
1391515312.5,-31.10622
1391515468.75,-31.1088
1391515625.0,-31.11293
1391515781.25,-31.10845
1391515937.5,-31.11434
1391516093.75,-31.11494
1391516250.0,-31.10886
1391516406.25,-31.11396
1391516562.5,-31.11339
1391516718.75,-31.11932
1391516875.0,-31.11611
1391517031.25,-31.11864
1391517187.5,-31.11586
1391517343.75,-31.12325
1391517500.0,-31.11891
1391517656.25,-31.12472
1391517812.5,-31.1192
1391517968.75,-31.12424
1391518125.0,-31.13021
1391518281.25,-31.125
1391518437.5,-31.1328
1391518593.75,-31.13122
1391518750.0,-31.12732
1391518906.25,-31.13245
1391519062.5,-31.13921
1391519218.75,-31.13353
1391519375.0,-31.13848
1391519531.25,-31.13432
1391519687.5,-31.13705
1391519843.75,-31.13183
1391520000.0,-31.14033
1391520156.25,-31.14253
1391520312.5,-31.14443
1391520468.75,-31.14345
1391520625.0,-31.14199
1391520781.25,-31.14217
1391520937.5,-31.13952
1391521093.75,-31.14827
1391521250.0,-31.14711
1391521406.25,-31.14979
1391521562.5,-31.14984
1391521718.75,-31.15277
1391521875.0,-31.15604
1391522031.25,-31.15507
1391522187.5,-31.15286
1391522343.75,-31.16044
1391522500.0,-31.15438
1391522656.25,-31.15565
1391522812.5,-31.15906
1391522968.75,-31.15968
1391523125.0,-31.16399
1391523281.25,-31.16558
1391523437.5,-31.16173
1391523593.75,-31.16845
1391523750.0,-31.16143
1391523906.25,-31.16988
1391524062.5,-31.16081
1391524218.75,-31.16578
1391524375.0,-31.16761
1391524531.25,-31.17117
1391524687.5,-31.17578
1391524843.75,-31.17197
1391525000.0,-31.17539
1391525156.25,-31.17662
1391525312.5,-31.17748
1391525468.75,-31.18112
1391525625.0,-31.17756
1391525781.25,-31.18106
1391525937.5,-31.18186
1391526093.75,-31.18414
1391526250.0,-31.17652
1391526406.25,-31.1867
1391526562.5,-31.18414
1391526718.75,-31.18547
1391526875.0,-31.18769
1391527031.25,-31.18827
1391527187.5,-31.19188
1391527343.75,-31.18394
1391527500.0,-31.19326
1391527656.25,-31.20031
1391527812.5,-31.19736
1391527968.75,-31.19539
1391528125.0,-31.19651
1391528281.25,-31.19536
1391528437.5,-31.19851
1391528593.75,-31.1961
1391528750.0,-31.20138
1391528906.25,-31.19981
1391529062.5,-31.21021
1391529218.75,-31.2058
1391529375.0,-31.20137
1391529531.25,-31.20798
1391529687.5,-31.20159
1391529843.75,-31.20296
1391530000.0,-31.20959
1391530156.25,-31.21067
1391530312.5,-31.20849
1391530468.75,-31.21754
1391530625.0,-31.2158
1391530781.25,-31.21616
1391530937.5,-31.2153
1391531093.75,-31.22142
1391531250.0,-31.21633
1391531406.25,-31.21915
1391531562.5,-31.21763
1391531718.75,-31.22372
1391531875.0,-31.21991
1391532031.25,-31.22351
1391532187.5,-31.22713
1391532343.75,-31.22296
1391532500.0,-31.22801
1391532656.25,-31.23081
1391532812.5,-31.23252
1391532968.75,-31.22624
1391533125.0,-31.23287
1391533281.25,-31.23533
1391533437.5,-31.23088
1391533593.75,-31.23054
1391533750.0,-31.23943
1391533906.25,-31.2346
1391534062.5,-31.23921
1391534218.75,-31.24116
1391534375.0,-31.23554
1391534531.25,-31.24355
1391534687.5,-31.2463
1391534843.75,-31.24387
1391535000.0,-31.24395
1391535156.25,-31.24238
1391535312.5,-31.25188
1391535468.75,-31.25272
1391535625.0,-31.24792
1391535781.25,-31.24764
1391535937.5,-31.25047
1391536093.75,-31.2492
1391536250.0,-31.25308
1391536406.25,-31.25625
1391536562.5,-31.25354
1391536718.75,-31.25011
1391536875.0,-31.25358
1391537031.25,-31.25599
1391537187.5,-31.25878
1391537343.75,-31.26291
1391537500.0,-31.25686
1391537656.25,-31.26338
1391537812.5,-31.26194
1391537968.75,-31.26638
1391538125.0,-31.26337
1391538281.25,-31.26802
1391538437.5,-31.26544
1391538593.75,-31.27259
1391538750.0,-31.27172
1391538906.25,-31.27552
1391539062.5,-31.27261
1391539218.75,-31.27359
1391539375.0,-31.27539
1391539531.25,-31.2769
1391539687.5,-31.27931
1391539843.75,-31.27949
1391540000.0,-31.27745
1391540156.25,-31.28241
1391540312.5,-31.2826
1391540468.75,-31.28873
1391540625.0,-31.28669
1391540781.25,-31.28826
1391540937.5,-31.28612
1391541093.75,-31.28854
1391541250.0,-31.28841
1391541406.25,-31.28956
1391541562.5,-31.28852
1391541718.75,-31.29143
1391541875.0,-31.28831
1391542031.25,-31.29219
1391542187.5,-31.29606
1391542343.75,-31.29691
1391542500.0,-31.29356
1391542656.25,-31.2977
1391542812.5,-31.29786
1391542968.75,-31.30144
1391543125.0,-31.29741
1391543281.25,-31.30134
1391543437.5,-31.29557
1391543593.75,-31.30617
1391543750.0,-31.30325
1391543906.25,-31.30418
1391544062.5,-31.30927
1391544218.75,-31.30876
1391544375.0,-31.31496
1391544531.25,-31.30713
1391544687.5,-31.31286
1391544843.75,-31.30924
1391545000.0,-31.3118
1391545156.25,-31.31692
1391545312.5,-31.31726
1391545468.75,-31.31494
1391545625.0,-31.31402
1391545781.25,-31.31964
1391545937.5,-31.31364
1391546093.75,-31.31399
1391546250.0,-31.32928
1391546406.25,-31.32419
1391546562.5,-31.32642
1391546718.75,-31.31905
1391546875.0,-31.32263
1391547031.25,-31.32718
1391547187.5,-31.33279
1391547343.75,-31.33021
1391547500.0,-31.33768
1391547656.25,-31.33275
1391547812.5,-31.33164
1391547968.75,-31.33398
1391548125.0,-31.3377
1391548281.25,-31.33517
1391548437.5,-31.33528
1391548593.75,-31.33611
1391548750.0,-31.34215
1391548906.25,-31.34719
1391549062.5,-31.34048
1391549218.75,-31.34579
1391549375.0,-31.33934
1391549531.25,-31.34645
1391549687.5,-31.35397
1391549843.75,-31.34942
1391550000.0,-31.34629
1391550156.25,-31.35158
1391550312.5,-31.35515
1391550468.75,-31.3509
1391550625.0,-31.3538
1391550781.25,-31.35222
1391550937.5,-31.35157
1391551093.75,-31.35696
1391551250.0,-31.35086
1391551406.25,-31.35643
1391551562.5,-31.35974
1391551718.75,-31.36266
1391551875.0,-31.36241
1391552031.25,-31.36487
1391552187.5,-31.37304
1391552343.75,-31.36783
1391552500.0,-31.36428
1391552656.25,-31.3688
1391552812.5,-31.36166
1391552968.75,-31.36619
1391553125.0,-31.36336
1391553281.25,-31.36841
1391553437.5,-31.37393
1391553593.75,-31.3767
1391553750.0,-31.36448
1391553906.25,-31.37266
1391554062.5,-31.3805
1391554218.75,-31.36865
1391554375.0,-31.37477
1391554531.25,-31.38626
1391554687.5,-31.38977
1391554843.75,-31.38009
1391555000.0,-31.38214
1391555156.25,-31.38684
1391555312.5,-31.38777
1391555468.75,-31.38321
