1032270468.7500001,-57.40223
1032270625.0000001,-57.51741
1032270781.2500001,-57.57894
1032270937.5000001,-57.41145
1032271093.7500001,-57.53929
1032271250.0000001,-57.40939
1032271406.2500001,-57.44137
1032271562.5000001,-57.56779
1032271718.7500001,-57.47753
1032271875.0000001,-57.37667
1032272031.2500001,-57.54301
1032272187.5000001,-57.46029
1032272343.7500001,-57.34277
1032272500.0000001,-57.49075
1032272656.2500001,-57.38483
1032272812.5000001,-57.37673
1032272968.7500001,-57.32121
1032273125.0000001,-57.48146
1032273281.2500001,-57.50101
1032273437.5000001,-57.46572
1032273593.7500001,-57.44917
1032273750.0000001,-57.51422
1032273906.2500001,-57.40401
1032274062.5000001,-57.46317
1032274218.7500001,-57.53207
1032274375.0000001,-57.43707
1032274531.2500001,-57.39021
1032274687.5000001,-57.35783
1032274843.7500001,-57.44495
1032275000.0000001,-57.35825
1032275156.2500001,-57.49473
1032275312.5000001,-57.41043
1032275468.7500001,-57.41133
1032275625.0000001,-57.36515
1032275781.2500001,-57.48057
1032275937.5000001,-57.44435
1032276093.7500001,-57.48073
1032276250.0000001,-57.48195
1032276406.2500001,-57.41339
1032276562.5000001,-57.54697
1032276718.7500001,-57.48277
1032276875.0000001,-57.43062
1032277031.2500001,-57.49496
1032277187.5000001,-57.33147
1032277343.7500001,-57.22564
1032277500.0000001,-57.40732
1032277656.2500001,-57.37534
1032277812.5000001,-57.50961
1032277968.7500001,-57.35191
1032278125.0000001,-57.48137
1032278281.2500001,-57.47685
1032278437.5000001,-57.40456
1032278593.7500001,-57.48072
1032278750.0000001,-57.37709
1032278906.2500001,-57.38994
1032279062.5000001,-57.52403
1032279218.7500001,-57.39527
1032279375.0000001,-57.41224
1032279531.2500001,-57.40652
1032279687.5000001,-57.41942
1032279843.7500001,-57.44491
1032280000.0000001,-57.57888
1032280156.2500001,-57.47218
1032280312.5000001,-57.32539
1032280468.7500001,-57.34415
1032280625.0000001,-57.36277
1032280781.2500001,-57.42836
1032280937.5000001,-57.38866
1032281093.7500001,-57.3792
1032281250.0000001,-57.42409
1032281406.2500001,-57.47875
1032281562.5000001,-57.34218
1032281718.7500001,-57.40282
1032281875.0000001,-57.34659
1032282031.2500001,-57.45837
1032282187.5000001,-57.54977
1032282343.7500001,-57.53836
1032282500.0000001,-57.40018
1032282656.2500001,-57.36963
1032282812.5000001,-57.38932
1032282968.7500001,-57.35102
1032283125.0000001,-57.34811
1032283281.2500001,-57.34892
1032283437.5000001,-57.29445
1032283593.7500001,-57.51664
1032283750.0000001,-57.39614
1032283906.2500001,-57.40126
1032284062.5000001,-57.32441
1032284218.7500001,-57.38729
1032284375.0000001,-57.4448
1032284531.2500001,-57.27143
1032284687.5000001,-57.45264
1032284843.7500001,-57.47663
1032285000.0000001,-57.42209
1032285156.2500001,-57.36354
1032285312.5000001,-57.44485
1032285468.7500001,-57.32004
1032285625.0000001,-57.40232
1032285781.2500001,-57.36489
1032285937.5000001,-57.47517
1032286093.7500001,-57.47373
1032286250.0000001,-57.43489
1032286406.2500001,-57.42581
1032286562.5000001,-57.41428
1032286718.7500001,-57.43203
1032286875.0000001,-57.56536
1032287031.2500001,-57.368
1032287187.5000001,-57.43848
1032287343.7500001,-57.46785
1032287500.0000001,-57.23829
1032287656.2500001,-57.3288
1032287812.5000001,-57.3326
1032287968.7500001,-57.38256
1032288125.0000001,-57.34843
1032288281.2500001,-57.56685
1032288437.5000001,-57.40704
1032288593.7500001,-57.36226
1032288750.0000001,-57.37685
1032288906.2500001,-57.48956
1032289062.5000001,-57.30954
1032289218.7500001,-57.46993
1032289375.0000001,-57.48112
1032289531.2500001,-57.46845
1032289687.5000001,-57.48509
1032289843.7500001,-57.3913
1032290000.0000001,-57.39382
1032290156.2500001,-57.36689
1032290312.5000001,-57.14697
1032290468.7500001,-57.45129
1032290625.0000001,-57.46699
1032290781.2500001,-57.47142
1032290937.5000001,-57.36994
1032291093.7500001,-57.33115
1032291250.0000001,-57.44898
1032291406.2500001,-57.19282
1032291562.5000001,-57.47205
1032291718.7500001,-57.40477
1032291875.0000001,-57.38015
1032292031.2500001,-57.27081
1032292187.5000001,-57.36969
1032292343.7500001,-57.46597
1032292500.0000001,-57.34486
1032292656.2500001,-57.43268
1032292812.5000001,-57.2939
1032292968.7500001,-57.29081
1032293125.0000001,-57.35599
1032293281.2500001,-57.42766
1032293437.5000001,-57.40227
1032293593.7500001,-57.57167
1032293750.0000001,-57.52061
1032293906.2500001,-57.37039
1032294062.5000001,-57.30916
1032294218.7500001,-57.42261
1032294375.0000001,-57.33335
1032294531.2500001,-57.50661
1032294687.5000001,-57.41306
1032294843.7500001,-57.50067
1032295000.0000001,-57.39582
1032295156.2500001,-57.46521
1032295312.5000001,-57.42309
1032295468.7500001,-57.37613
1032295625.0000001,-57.43889
1032295781.2500001,-57.43838
1032295937.5000001,-57.48124
1032296093.7500001,-57.40461
1032296250.0000001,-57.35236
1032296406.2500001,-57.30835
1032296562.5000001,-57.34936
1032296718.7500001,-57.30096
1032296875.0000001,-57.47002
1032297031.2500001,-57.40091
1032297187.5000001,-57.37051
1032297343.7500001,-57.37952
1032297500.0000001,-57.40244
1032297656.2500001,-57.41324
1032297812.5000001,-57.30399
1032297968.7500001,-57.35365
1032298125.0000001,-57.41971
1032298281.2500001,-57.36613
1032298437.5000001,-57.40398
1032298593.7500001,-57.39281
1032298750.0000001,-57.22223
1032298906.2500001,-57.34528
1032299062.5000001,-57.53957
1032299218.7500001,-57.37713
1032299375.0000001,-57.29389
1032299531.2500001,-57.22068
1032299687.5000001,-57.32457
1032299843.7500001,-57.21348
1032300000.0000001,-57.35669
1032300156.2500001,-57.336
1032300312.5000001,-57.53595
1032300468.7500001,-57.41822
1032300625.0000001,-57.37526
1032300781.2500001,-57.25554
1032300937.5000001,-57.27623
1032301093.7500001,-57.36439
1032301250.0000001,-57.42031
1032301406.2500001,-57.39802
1032301562.5000001,-57.34692
1032301718.7500001,-57.32951
1032301875.0000001,-57.37461
1032302031.2500001,-57.42209
1032302187.5000001,-57.34956
1032302343.7500001,-57.36709
1032302500.0000001,-57.31204
1032302656.2500001,-57.50494
1032302812.5000001,-57.5377
1032302968.7500001,-57.41386
1032303125.0000001,-57.43159
1032303281.2500001,-57.44579
1032303437.5000001,-57.36435
1032303593.7500001,-57.33829
1032303750.0000001,-57.44449
1032303906.2500001,-57.31907
1032304062.5000001,-57.31473
1032304218.7500001,-57.41029
1032304375.0000001,-57.47273
1032304531.2500001,-57.40649
1032304687.5000001,-57.16446
1032304843.7500001,-57.36183
1032305000.0000001,-57.3955
1032305156.2500001,-57.49865
1032305312.5000001,-57.24691
1032305468.7500001,-57.35666
1032305625.0000001,-57.51237
1032305781.2500001,-57.24618
1032305937.5000001,-57.37943
1032306093.7500001,-57.34065
1032306250.0000001,-57.3304
1032306406.2500001,-57.46375
1032306562.5000001,-57.35738
1032306718.7500001,-57.35165
1032306875.0000001,-57.44455
1032307031.2500001,-57.36581
1032307187.5000001,-57.41502
1032307343.7500001,-57.39965
1032307500.0000001,-57.25258
1032307656.2500001,-57.29961
1032307812.5000001,-57.21856
1032307968.7500001,-57.47394
1032308125.0000001,-57.37342
1032308281.2500001,-57.45806
1032308437.5000001,-57.44315
1032308593.7500001,-57.37034
1032308750.0000001,-57.27803
1032308906.2500001,-57.23791
1032309062.5000001,-57.35928
1032309218.7500001,-57.33886
1032309375.0000001,-57.44332
1032309531.2500001,-57.37213
1032309687.5000001,-57.35974
1032309843.7500001,-57.28374
1032310000.0000001,-57.28782
1032310156.2500001,-57.28867
1032310312.5000001,-57.39284
1032310468.7500001,-57.29011
1032310625.0000001,-57.39774
1032310781.2500001,-57.33529
1032310937.5000001,-57.42084
1032311093.7500001,-57.41471
1032311250.0000001,-57.50037
1032311406.2500001,-57.32423
1032311562.5000001,-57.30894
1032311718.7500001,-57.49461
1032311875.0000001,-57.45546
1032312031.2500001,-57.43708
1032312187.5000001,-57.27848
1032312343.7500001,-57.29972
1032312500.0000001,-57.34907
1032312656.2500001,-57.29083
1032312812.5000001,-57.42577
1032312968.7500001,-57.43822
1032313125.0000001,-57.46395
1032313281.2500001,-57.35
1032313437.5000001,-57.34659
1032313593.7500001,-57.24492
1032313750.0000001,-57.36963
1032313906.2500001,-57.33749
1032314062.5000001,-57.29316
1032314218.7500001,-57.33174
1032314375.0000001,-57.45967
1032314531.2500001,-57.38662
1032314687.5000001,-57.37431
1032314843.7500001,-57.3962
1032315000.0000001,-57.44564
1032315156.2500001,-57.40248
1032315312.5000001,-57.29873
1032315468.7500001,-57.34451
1032315625.0000001,-57.22602
1032315781.2500001,-57.24003
1032315937.5000001,-57.43079
1032316093.7500001,-57.33352
1032316250.0000001,-57.3071
1032316406.2500001,-57.25827
1032316562.5000001,-57.35855
1032316718.7500001,-57.35572
1032316875.0000001,-57.35011
1032317031.2500001,-57.31197
1032317187.5000001,-57.28292
1032317343.7500001,-57.34122
1032317500.0000001,-57.20499
1032317656.2500001,-57.12203
1032317812.5000001,-57.39213
1032317968.7500001,-57.3405
1032318125.0000001,-57.44305
1032318281.2500001,-57.45098
1032318437.5000001,-57.41826
1032318593.7500001,-57.32884
1032318750.0000001,-57.32031
1032318906.2500001,-57.30735
1032319062.5000001,-57.46465
1032319218.7500001,-57.24812
1032319375.0000001,-57.22892
1032319531.2500001,-57.50685
1032319687.5000001,-57.38515
1032319843.7500001,-57.20855
1032320000.0000001,-57.24771
1032320156.2500001,-57.31404
1032320312.5000001,-57.40686
1032320468.7500001,-57.2927
1032320625.0000001,-57.24178
1032320781.2500001,-57.26195
1032320937.5000001,-57.29869
1032321093.7500001,-57.31487
1032321250.0000001,-57.29609
1032321406.2500001,-57.28666
1032321562.5000001,-57.40129
1032321718.7500001,-57.31441
1032321875.0000001,-57.39206
1032322031.2500001,-57.23269
1032322187.5000001,-57.28568
1032322343.7500001,-57.27786
1032322500.0000001,-57.24969
1032322656.2500001,-57.2857
1032322812.5000001,-57.43499
1032322968.7500001,-57.36075
1032323125.0000001,-57.42094
1032323281.2500001,-57.37893
1032323437.5000001,-57.31646
1032323593.7500001,-57.39668
1032323750.0000001,-57.4554
1032323906.2500001,-57.25171
1032324062.5000001,-57.33889
1032324218.7500001,-57.31525
1032324375.0000001,-57.40836
1032324531.2500001,-57.42714
1032324687.5000001,-57.35364
1032324843.7500001,-57.3243
1032325000.0000001,-57.26566
1032325156.2500001,-57.49487
1032325312.5000001,-57.14962
1032325468.7500001,-57.3927
1032325625.0000001,-57.37138
1032325781.2500001,-57.33571
1032325937.5000001,-57.27764
1032326093.7500001,-57.34848
1032326250.0000001,-57.45827
1032326406.2500001,-57.20497
1032326562.5000001,-57.39987
1032326718.7500001,-57.30165
1032326875.0000001,-57.36936
1032327031.2500001,-57.51043
1032327187.5000001,-57.42149
1032327343.7500001,-57.31589
1032327500.0000001,-57.34446
1032327656.2500001,-57.3326
1032327812.5000001,-57.33626
1032327968.7500001,-57.39174
1032328125.0000001,-57.35431
1032328281.2500001,-57.38285
1032328437.5000001,-57.30371
1032328593.7500001,-57.31239
1032328750.0000001,-57.32678
1032328906.2500001,-57.30209
1032329062.5000001,-57.36403
1032329218.7500001,-57.45019
1032329375.0000001,-57.18361
1032329531.2500001,-57.3151
1032329687.5000001,-57.22554
1032329843.7500001,-57.36523
1032330000.0000001,-57.29825
1032330156.2500001,-57.40348
1032330312.5000001,-57.41678
1032330468.7500001,-57.25333
1032330625.0000001,-57.25556
1032330781.2500001,-57.25449
1032330937.5000001,-57.35835
1032331093.7500001,-57.17308
1032331250.0000001,-57.21663
1032331406.2500001,-57.3065
1032331562.5000001,-57.464
1032331718.7500001,-57.1795
1032331875.0000001,-57.26117
1032332031.2500001,-57.44632
1032332187.5000001,-57.40737
1032332343.7500001,-57.29123
1032332500.0000001,-57.25948
1032332656.2500001,-57.27547
1032332812.5000001,-57.26607
1032332968.7500001,-57.19856
1032333125.0000001,-57.39671
1032333281.2500001,-57.3873
1032333437.5000001,-57.38046
1032333593.7500001,-57.35079
1032333750.0000001,-57.34779
1032333906.2500001,-57.26972
1032334062.5000001,-57.25447
1032334218.7500001,-57.34635
1032334375.0000001,-57.35279
1032334531.2500001,-57.30439
1032334687.5000001,-57.37388
1032334843.7500001,-57.3232
1032335000.0000001,-57.34418
1032335156.2500001,-57.31754
1032335312.5000001,-57.35266
1032335468.7500001,-57.18303
1032335625.0000001,-57.08266
1032335781.2500001,-57.27013
1032335937.5000001,-57.32057
1032336093.7500001,-57.23918
1032336250.0000001,-57.1852
1032336406.2500001,-57.38792
1032336562.5000001,-57.30699
1032336718.7500001,-57.20358
1032336875.0000001,-57.34149
1032337031.2500001,-57.23379
1032337187.5000001,-57.23912
1032337343.7500001,-57.3964
1032337500.0000001,-57.16542
1032337656.2500001,-57.32516
1032337812.5000001,-57.30169
1032337968.7500001,-57.23963
1032338125.0000001,-57.28544
1032338281.2500001,-57.27996
1032338437.5000001,-57.27485
1032338593.7500001,-57.32531
1032338750.0000001,-57.3245
1032338906.2500001,-57.32437
1032339062.5000001,-57.36552
1032339218.7500001,-57.36526
1032339375.0000001,-57.29628
1032339531.2500001,-57.43103
1032339687.5000001,-57.17667
1032339843.7500001,-57.31015
1032340000.0000001,-57.27214
1032340156.2500001,-57.24487
1032340312.5000001,-57.33474
1032340468.7500001,-57.29638
1032340625.0000001,-57.15452
1032340781.2500001,-57.35108
1032340937.5000001,-57.26648
1032341093.7500001,-57.2137
1032341250.0000001,-57.26392
1032341406.2500001,-57.28492
1032341562.5000001,-57.30922
1032341718.7500001,-57.35644
1032341875.0000001,-57.28979
1032342031.2500001,-57.18746
1032342187.5000001,-57.27589
1032342343.7500001,-57.33693
1032342500.0000001,-57.19831
1032342656.2500001,-57.29498
1032342812.5000001,-57.23337
1032342968.7500001,-57.45442
1032343125.0000001,-57.31734
1032343281.2500001,-57.18611
1032343437.5000001,-57.25135
1032343593.7500001,-57.13782
1032343750.0000001,-57.28198
1032343906.2500001,-57.25855
1032344062.5000001,-57.30223
1032344218.7500001,-57.27433
1032344375.0000001,-57.29255
1032344531.2500001,-57.33242
1032344687.5000001,-57.19136
1032344843.7500001,-57.27825
1032345000.0000001,-57.4076
1032345156.2500001,-57.36543
1032345312.5000001,-57.35639
1032345468.7500001,-57.31494
1032345625.0000001,-57.29226
1032345781.2500001,-57.26534
1032345937.5000001,-57.18087
1032346093.7500001,-57.30006
1032346250.0000001,-57.31737
1032346406.2500001,-57.22938
1032346562.5000001,-57.33789
1032346718.7500001,-57.37711
1032346875.0000001,-57.32465
1032347031.2500001,-57.32151
1032347187.5000001,-57.35942
1032347343.7500001,-57.25477
1032347500.0000001,-57.31175
1032347656.2500001,-57.26899
1032347812.5000001,-57.31991
1032347968.7500001,-57.29707
1032348125.0000001,-57.35357
1032348281.2500001,-57.36351
1032348437.5000001,-57.23288
1032348593.7500001,-57.23787
1032348750.0000001,-57.17668
1032348906.2500001,-57.29504
1032349062.5000001,-57.27874
1032349218.7500001,-57.25043
1032349375.0000001,-57.25582
1032349531.2500001,-57.45327
1032349687.5000001,-57.29406
1032349843.7500001,-57.19279
1032350000.0000001,-57.27521
1032350156.2500001,-57.34665
1032350312.5000001,-57.30932
1032350468.7500001,-57.30585
1032350625.0000001,-57.25154
1032350781.2500001,-57.09815
1032350937.5000001,-57.22599
1032351093.7500001,-57.32065
1032351250.0000001,-57.24924
1032351406.2500001,-57.23652
1032351562.5000001,-57.23294
1032351718.7500001,-57.17455
1032351875.0000001,-57.22907
1032352031.2500001,-57.236
1032352187.5000001,-57.27075
1032352343.7500001,-57.20542
1032352500.0000001,-57.27025
1032352656.2500001,-57.28101
1032352812.5000001,-57.21895
1032352968.7500001,-57.24862
1032353125.0000001,-57.26516
1032353281.2500001,-57.42331
1032353437.5000001,-57.17748
1032353593.7500001,-57.24756
1032353750.0000001,-57.38604
1032353906.2500001,-57.21482
1032354062.5000001,-57.29877
1032354218.7500001,-57.23789
1032354375.0000001,-57.22874
1032354531.2500001,-57.35602
1032354687.5000001,-57.05113
1032354843.7500001,-57.15378
1032355000.0000001,-57.17568
1032355156.2500001,-57.23087
1032355312.5000001,-57.33282
1032355468.7500001,-57.15808
1032355625.0000001,-57.26318
1032355781.2500001,-57.23247
1032355937.5000001,-57.19477
1032356093.7500001,-57.24486
1032356250.0000001,-57.23986
1032356406.2500001,-57.23303
1032356562.5000001,-57.19765
1032356718.7500001,-57.25617
1032356875.0000001,-57.2557
1032357031.2500001,-57.2602
1032357187.5000001,-57.24005
1032357343.7500001,-57.1022
1032357500.0000001,-57.21723
1032357656.2500001,-57.2682
1032357812.5000001,-57.17115
1032357968.7500001,-57.14996
1032358125.0000001,-57.19047
1032358281.2500001,-57.32354
1032358437.5000001,-57.29284
1032358593.7500001,-57.21776
1032358750.0000001,-57.2714
1032358906.2500001,-57.2486
1032359062.5000001,-57.26762
1032359218.7500001,-57.28485
1032359375.0000001,-57.25195
1032359531.2500001,-57.20578
1032359687.5000001,-57.14673
1032359843.7500001,-57.14864
1032360000.0000001,-57.22697
1032360156.2500001,-57.26379
1032360312.5000001,-57.44238
1032360468.7500001,-57.23633
1032360625.0000001,-57.33643
1032360781.2500001,-57.21194
1032360937.5000001,-57.04636
1032361093.7500001,-57.21365
1032361250.0000001,-57.25677
1032361406.2500001,-57.29542
1032361562.5000001,-57.32136
1032361718.7500001,-57.30101
1032361875.0000001,-57.25913
1032362031.2500001,-57.07732
1032362187.5000001,-57.26641
1032362343.7500001,-57.46242
1032362500.0000001,-57.1754
1032362656.2500001,-57.10408
1032362812.5000001,-57.17585
1032362968.7500001,-57.27717
1032363125.0000001,-57.2122
1032363281.2500001,-57.29034
1032363437.5000001,-57.23763
1032363593.7500001,-57.21238
1032363750.0000001,-57.22995
1032363906.2500001,-57.15112
1032364062.5000001,-57.27252
1032364218.7500001,-57.27347
1032364375.0000001,-57.261
1032364531.2500001,-57.26333
1032364687.5000001,-57.30401
1032364843.7500001,-57.15327
1032365000.0000001,-57.21701
1032365156.2500001,-57.13635
1032365312.5000001,-57.25164
1032365468.7500001,-57.26555
1032365625.0000001,-57.26693
1032365781.2500001,-57.18039
1032365937.5000001,-57.25342
1032366093.7500001,-57.22056
1032366250.0000001,-57.20831
1032366406.2500001,-57.27746
1032366562.5000001,-57.42889
1032366718.7500001,-57.0497
1032366875.0000001,-57.24945
1032367031.2500001,-57.18855
1032367187.5000001,-57.19672
1032367343.7500001,-57.25596
1032367500.0000001,-57.18012
1032367656.2500001,-57.22088
1032367812.5000001,-57.23321
1032367968.7500001,-57.25152
1032368125.0000001,-57.17001
1032368281.2500001,-57.29602
1032368437.5000001,-57.12064
1032368593.7500001,-57.18337
1032368750.0000001,-57.11049
1032368906.2500001,-57.30116
1032369062.5000001,-57.25838
1032369218.7500001,-57.39471
1032369375.0000001,-57.16006
1032369531.2500001,-57.22305
1032369687.5000001,-57.11717
1032369843.7500001,-57.16675
1032370000.0000001,-57.26992
1032370156.2500001,-57.16167
1032370312.5000001,-57.26045
1032370468.7500001,-57.25839
1032370625.0000001,-57.17574
1032370781.2500001,-57.21098
1032370937.5000001,-57.27744
1032371093.7500001,-57.21919
1032371250.0000001,-57.16431
1032371406.2500001,-57.29804
1032371562.5000001,-57.17667
1032371718.7500001,-57.15995
1032371875.0000001,-57.21138
1032372031.2500001,-57.34546
1032372187.5000001,-57.15662
1032372343.7500001,-57.25663
1032372500.0000001,-57.32471
1032372656.2500001,-57.25298
1032372812.5000001,-57.17723
1032372968.7500001,-57.20159
1032373125.0000001,-57.26997
1032373281.2500001,-57.17923
1032373437.5000001,-57.09245
1032373593.7500001,-57.14189
1032373750.0000001,-57.11757
1032373906.2500001,-57.32353
1032374062.5000001,-57.28611
1032374218.7500001,-57.17881
1032374375.0000001,-57.1473
1032374531.2500001,-57.18819
1032374687.5000001,-57.23481
1032374843.7500001,-57.12291
1032375000.0000001,-57.03058
1032375156.2500001,-57.22656
1032375312.5000001,-57.30761
1032375468.7500001,-57.23004
1032375625.0000001,-57.1505
1032375781.2500001,-57.22528
1032375937.5000001,-57.15099
1032376093.7500001,-57.17446
1032376250.0000001,-57.23479
1032376406.2500001,-57.16751
1032376562.5000001,-57.1743
1032376718.7500001,-57.17114
1032376875.0000001,-57.22353
1032377031.2500001,-57.21528
1032377187.5000001,-57.17396
1032377343.7500001,-57.19106
1032377500.0000001,-57.25426
1032377656.2500001,-57.18371
1032377812.5000001,-57.192
1032377968.7500001,-57.16649
1032378125.0000001,-57.19073
1032378281.2500001,-57.06667
1032378437.5000001,-57.19191
1032378593.7500001,-57.14272
1032378750.0000001,-57.15308
1032378906.2500001,-57.26934
1032379062.5000001,-57.12275
1032379218.7500001,-57.09819
1032379375.0000001,-57.23104
1032379531.2500001,-57.15974
1032379687.5000001,-57.2125
1032379843.7500001,-57.08295
1032380000.0000001,-57.33194
1032380156.2500001,-57.20402
1032380312.5000001,-57.26145
1032380468.7500001,-57.16967
1032380625.0000001,-57.22486
1032380781.2500001,-57.20352
1032380937.5000001,-57.1825
1032381093.7500001,-57.244
1032381250.0000001,-57.2291
1032381406.2500001,-57.07201
1032381562.5000001,-57.14676
1032381718.7500001,-57.18711
1032381875.0000001,-57.22024
1032382031.2500001,-57.10955
1032382187.5000001,-57.17698
1032382343.7500001,-57.17387
1032382500.0000001,-57.1847
1032382656.2500001,-57.25056
1032382812.5000001,-57.23362
1032382968.7500001,-57.05192
1032383125.0000001,-57.11292
1032383281.2500001,-57.15185
1032383437.5000001,-57.13675
1032383593.7500001,-57.09969
1032383750.0000001,-57.14819
1032383906.2500001,-57.22012
1032384062.5000001,-57.08146
1032384218.7500001,-57.10869
1032384375.0000001,-57.16887
1032384531.2500001,-57.2166
1032384687.5000001,-57.16205
1032384843.7500001,-57.1171
1032385000.0000001,-56.99686
1032385156.2500001,-57.22666
1032385312.5000001,-57.38486
1032385468.7500001,-57.23369
1032385625.0000001,-57.32842
1032385781.2500001,-57.19692
1032385937.5000001,-57.27094
1032386093.7500001,-57.31359
1032386250.0000001,-57.33321
1032386406.2500001,-57.12128
1032386562.5000001,-57.24553
1032386718.7500001,-57.25951
1032386875.0000001,-57.09666
1032387031.2500001,-57.11069
1032387187.5000001,-57.28633
1032387343.7500001,-57.15313
1032387500.0000001,-57.13114
1032387656.2500001,-57.17707
1032387812.5000001,-57.07735
1032387968.7500001,-57.14495
1032388125.0000001,-57.1445
1032388281.2500001,-57.17556
1032388437.5000001,-57.24503
1032388593.7500001,-57.21091
1032388750.0000001,-57.17317
1032388906.2500001,-57.18733
1032389062.5000001,-57.20562
1032389218.7500001,-57.1802
1032389375.0000001,-57.0879
1032389531.2500001,-57.19136
1032389687.5000001,-57.24324
1032389843.7500001,-57.22054
1032390000.0000001,-57.16767
1032390156.2500001,-57.15115
1032390312.5000001,-57.24919
1032390468.7500001,-57.19527
1032390625.0000001,-57.13549
1032390781.2500001,-57.12724
1032390937.5000001,-57.10968
1032391093.7500001,-57.26411
1032391250.0000001,-57.11691
1032391406.2500001,-57.36295
1032391562.5000001,-57.16957
1032391718.7500001,-57.12222
1032391875.0000001,-57.1303
1032392031.2500001,-57.1284
1032392187.5000001,-57.06025
1032392343.7500001,-57.22768
1032392500.0000001,-57.08427
1032392656.2500001,-57.01003
1032392812.5000001,-57.11636
1032392968.7500001,-57.10259
1032393125.0000001,-57.25999
1032393281.2500001,-57.19551
1032393437.5000001,-57.1223
1032393593.7500001,-57.23886
1032393750.0000001,-57.12167
1032393906.2500001,-57.15126
1032394062.5000001,-57.12409
1032394218.7500001,-57.15897
1032394375.0000001,-57.28151
1032394531.2500001,-57.18316
1032394687.5000001,-57.09419
1032394843.7500001,-57.17451
1032395000.0000001,-57.13747
1032395156.2500001,-57.16003
1032395312.5000001,-57.01429
1032395468.7500001,-57.17502
1032395625.0000001,-57.06503
1032395781.2500001,-57.2406
1032395937.5000001,-57.18901
1032396093.7500001,-57.15297
1032396250.0000001,-57.2972
1032396406.2500001,-57.14603
1032396562.5000001,-57.13974
1032396718.7500001,-57.10746
1032396875.0000001,-57.09424
1032397031.2500001,-57.09889
1032397187.5000001,-57.10782
1032397343.7500001,-57.12467
1032397500.0000001,-57.15872
1032397656.2500001,-57.1995
1032397812.5000001,-57.16002
1032397968.7500001,-57.0817
1032398125.0000001,-57.28855
1032398281.2500001,-57.06549
1032398437.5000001,-57.23728
1032398593.7500001,-56.92624
1032398750.0000001,-57.19475
1032398906.2500001,-57.12003
1032399062.5000001,-57.15928
1032399218.7500001,-57.0549
1032399375.0000001,-57.07819
1032399531.2500001,-57.12772
1032399687.5000001,-57.11784
1032399843.7500001,-57.14783
1032400000.0000001,-57.07085
1032400156.2500001,-57.14265
1032400312.5000001,-57.24348
1032400468.7500001,-57.11462
1032400625.0000001,-57.09929
1032400781.2500001,-57.06255
1032400937.5000001,-57.04549
1032401093.7500001,-57.13086
1032401250.0000001,-57.04618
1032401406.2500001,-57.19052
1032401562.5000001,-57.18344
1032401718.7500001,-57.10643
1032401875.0000001,-57.12096
1032402031.2500001,-57.16398
1032402187.5000001,-57.14781
1032402343.7500001,-57.15203
1032402500.0000001,-57.00051
1032402656.2500001,-56.99239
1032402812.5000001,-57.13893
1032402968.7500001,-57.15407
1032403125.0000001,-57.04501
1032403281.2500001,-57.10784
1032403437.5000001,-57.12276
1032403593.7500001,-57.12453
1032403750.0000001,-57.07153
1032403906.2500001,-57.15484
1032404062.5000001,-57.11261
1032404218.7500001,-57.21533
1032404375.0000001,-57.33973
1032404531.2500001,-57.15813
1032404687.5000001,-57.07131
1032404843.7500001,-57.21721
1032405000.0000001,-57.08068
1032405156.2500001,-57.19491
1032405312.5000001,-56.97452
1032405468.7500001,-57.13575
1032405625.0000001,-57.20636
1032405781.2500001,-57.15832
1032405937.5000001,-57.10837
1032406093.7500001,-57.15281
1032406250.0000001,-57.04398
1032406406.2500001,-57.04796
1032406562.5000001,-57.20988
1032406718.7500001,-57.12239
1032406875.0000001,-57.09481
1032407031.2500001,-57.08967
1032407187.5000001,-57.1506
1032407343.7500001,-57.01836
1032407500.0000001,-57.1213
1032407656.2500001,-57.08029
1032407812.5000001,-57.24347
1032407968.7500001,-57.07529
1032408125.0000001,-57.08649
1032408281.2500001,-57.1936
1032408437.5000001,-57.00596
1032408593.7500001,-57.11793
1032408750.0000001,-57.1036
1032408906.2500001,-57.01514
1032409062.5000001,-57.13748
1032409218.7500001,-57.09592
1032409375.0000001,-57.08487
1032409531.2500001,-57.20329
1032409687.5000001,-57.08731
1032409843.7500001,-57.17841
1032410000.0000001,-57.18341
1032410156.2500001,-57.07267
1032410312.5000001,-57.13083
1032410468.7500001,-57.1787
1032410625.0000001,-57.11015
1032410781.2500001,-57.02022
1032410937.5000001,-57.1609
1032411093.7500001,-56.98758
1032411250.0000001,-57.10097
1032411406.2500001,-57.04506
1032411562.5000001,-57.15905
1032411718.7500001,-57.15133
1032411875.0000001,-57.10147
1032412031.2500001,-57.08888
1032412187.5000001,-57.11786
1032412343.7500001,-57.1242
1032412500.0000001,-57.09311
1032412656.2500001,-57.17866
1032412812.5000001,-57.13494
1032412968.7500001,-57.04786
1032413125.0000001,-57.23201
1032413281.2500001,-57.06271
1032413437.5000001,-57.14371
1032413593.7500001,-57.17541
1032413750.0000001,-57.18237
1032413906.2500001,-57.20173
1032414062.5000001,-57.24494
1032414218.7500001,-57.16909
1032414375.0000001,-57.11616
1032414531.2500001,-57.14516
1032414687.5000001,-57.01773
1032414843.7500001,-57.02049
1032415000.0000001,-57.00727
1032415156.2500001,-57.07965
1032415312.5000001,-57.13299
1032415468.7500001,-57.15571
1032415625.0000001,-57.01127
1032415781.2500001,-57.04177
1032415937.5000001,-57.18144
1032416093.7500001,-57.06458
1032416250.0000001,-57.13448
1032416406.2500001,-57.19287
1032416562.5000001,-57.15547
1032416718.7500001,-57.14411
1032416875.0000001,-57.13008
1032417031.2500001,-57.13552
1032417187.5000001,-57.10142
1032417343.7500001,-57.04243
1032417500.0000001,-56.98677
1032417656.2500001,-57.08492
1032417812.5000001,-57.08518
1032417968.7500001,-57.13327
1032418125.0000001,-57.10624
1032418281.2500001,-57.17614
1032418437.5000001,-57.13286
1032418593.7500001,-57.03791
1032418750.0000001,-57.12132
1032418906.2500001,-57.11564
1032419062.5000001,-56.97918
1032419218.7500001,-57.04321
1032419375.0000001,-57.15818
1032419531.2500001,-57.10648
1032419687.5000001,-57.14981
1032419843.7500001,-57.06007
1032420000.0000001,-57.17213
1032420156.2500001,-57.17475
1032420312.5000001,-57.12463
1032420468.7500001,-57.09655
1032420625.0000001,-57.12548
1032420781.2500001,-57.03656
1032420937.5000001,-56.9771
1032421093.7500001,-57.22548
1032421250.0000001,-57.05184
1032421406.2500001,-57.09906
1032421562.5000001,-57.12955
1032421718.7500001,-57.09953
1032421875.0000001,-57.15155
1032422031.2500001,-57.05976
1032422187.5000001,-57.11623
1032422343.7500001,-57.2566
1032422500.0000001,-57.20601
1032422656.2500001,-57.11703
1032422812.5000001,-56.97158
1032422968.7500001,-57.10757
1032423125.0000001,-57.02769
1032423281.2500001,-56.95537
1032423437.5000001,-57.15036
1032423593.7500001,-57.09277
1032423750.0000001,-57.11573
1032423906.2500001,-57.14644
1032424062.5000001,-56.98941
1032424218.7500001,-57.00184
1032424375.0000001,-56.97852
1032424531.2500001,-57.10983
1032424687.5000001,-56.87481
1032424843.7500001,-57.21132
1032425000.0000001,-57.26854
1032425156.2500001,-57.07674
1032425312.5000001,-56.99573
1032425468.7500001,-57.09657
1032425625.0000001,-57.01704
1032425781.2500001,-56.9865
1032425937.5000001,-57.02692
1032426093.7500001,-56.93856
1032426250.0000001,-57.11851
1032426406.2500001,-57.14892
1032426562.5000001,-56.98257
1032426718.7500001,-57.03424
1032426875.0000001,-57.03656
1032427031.2500001,-57.15338
1032427187.5000001,-57.07117
1032427343.7500001,-57.09899
1032427500.0000001,-57.16314
1032427656.2500001,-57.03032
1032427812.5000001,-57.07022
1032427968.7500001,-57.11217
1032428125.0000001,-57.09743
1032428281.2500001,-57.00062
1032428437.5000001,-57.1365
1032428593.7500001,-57.05832
1032428750.0000001,-57.07419
1032428906.2500001,-57.02823
1032429062.5000001,-57.15039
1032429218.7500001,-56.97847
1032429375.0000001,-57.04219
1032429531.2500001,-56.92165
1032429687.5000001,-57.02375
1032429843.7500001,-57.22844
1032430000.0000001,-57.04988
1032430156.2500001,-57.09556
1032430312.5000001,-57.15388
1032430468.7500001,-57.04229
1032430625.0000001,-56.98635
1032430781.2500001,-56.90257
1032430937.5000001,-56.87528
1032431093.7500001,-57.11361
1032431250.0000001,-56.97408
1032431406.2500001,-57.12378
1032431562.5000001,-56.98422
1032431718.7500001,-57.06822
1032431875.0000001,-57.11561
1032432031.2500001,-57.12053
1032432187.5000001,-56.98556
1032432343.7500001,-57.09559
1032432500.0000001,-57.07862
1032432656.2500001,-57.01632
1032432812.5000001,-57.10023
1032432968.7500001,-57.00556
1032433125.0000001,-57.21304
1032433281.2500001,-57.12371
1032433437.5000001,-57.10232
1032433593.7500001,-57.01306
1032433750.0000001,-57.12009
1032433906.2500001,-57.13563
1032434062.5000001,-57.10942
1032434218.7500001,-57.03221
1032434375.0000001,-57.08663
1032434531.2500001,-57.04445
1032434687.5000001,-56.90047
1032434843.7500001,-57.06168
1032435000.0000001,-56.9361
1032435156.2500001,-56.96221
1032435312.5000001,-57.17999
1032435468.7500001,-57.05634
1032435625.0000001,-57.10501
1032435781.2500001,-57.09847
1032435937.5000001,-57.04205
1032436093.7500001,-57.03559
1032436250.0000001,-57.17855
1032436406.2500001,-57.02607
1032436562.5000001,-56.90146
1032436718.7500001,-57.1255
1032436875.0000001,-57.10046
1032437031.2500001,-57.06362
1032437187.5000001,-57.06811
1032437343.7500001,-57.05066
1032437500.0000001,-57.1633
1032437656.2500001,-57.17583
1032437812.5000001,-57.05049
1032437968.7500001,-57.06035
1032438125.0000001,-56.9241
1032438281.2500001,-56.95298
1032438437.5000001,-57.04454
1032438593.7500001,-56.85402
1032438750.0000001,-57.05396
1032438906.2500001,-57.00957
1032439062.5000001,-56.99683
1032439218.7500001,-57.00288
1032439375.0000001,-57.15859
1032439531.2500001,-57.11802
1032439687.5000001,-57.12604
1032439843.7500001,-57.13308
1032440000.0000001,-57.04403
1032440156.2500001,-57.01657
1032440312.5000001,-56.95033
1032440468.7500001,-57.016
1032440625.0000001,-57.05492
1032440781.2500001,-56.96032
1032440937.5000001,-57.09178
1032441093.7500001,-56.96433
1032441250.0000001,-56.90638
1032441406.2500001,-57.07944
1032441562.5000001,-56.93433
1032441718.7500001,-57.02098
1032441875.0000001,-56.98227
1032442031.2500001,-57.1059
1032442187.5000001,-57.06675
1032442343.7500001,-56.99738
1032442500.0000001,-57.10434
1032442656.2500001,-57.04153
1032442812.5000001,-57.00513
1032442968.7500001,-57.0836
1032443125.0000001,-56.96843
1032443281.2500001,-57.153
1032443437.5000001,-57.04031
1032443593.7500001,-57.06784
1032443750.0000001,-57.04557
1032443906.2500001,-57.00454
1032444062.5000001,-57.06836
1032444218.7500001,-57.09929
1032444375.0000001,-57.06633
1032444531.2500001,-56.85565
1032444687.5000001,-56.99929
1032444843.7500001,-57.00117
1032445000.0000001,-56.95411
1032445156.2500001,-57.02246
1032445312.5000001,-57.09161
1032445468.7500001,-57.13049
1032445625.0000001,-57.03749
1032445781.2500001,-57.03004
1032445937.5000001,-56.99306
1032446093.7500001,-56.98841
1032446250.0000001,-57.12186
1032446406.2500001,-56.98151
1032446562.5000001,-57.01147
1032446718.7500001,-57.06599
1032446875.0000001,-56.96061
1032447031.2500001,-57.06341
1032447187.5000001,-57.02981
1032447343.7500001,-56.84494
1032447500.0000001,-56.9789
1032447656.2500001,-57.13168
1032447812.5000001,-57.0619
1032447968.7500001,-57.10334
1032448125.0000001,-57.07688
1032448281.2500001,-57.05191
1032448437.5000001,-57.08094
1032448593.7500001,-57.02174
1032448750.0000001,-56.90275
1032448906.2500001,-57.02856
1032449062.5000001,-56.95467
1032449218.7500001,-56.90847
1032449375.0000001,-56.91104
1032449531.2500001,-56.9826
1032449687.5000001,-56.98465
1032449843.7500001,-56.9777
1032450000.0000001,-56.96712
1032450156.2500001,-56.93209
1032450312.5000001,-57.02575
1032450468.7500001,-57.03227
1032450625.0000001,-56.96777
1032450781.2500001,-56.93832
1032450937.5000001,-57.11876
1032451093.7500001,-57.07582
1032451250.0000001,-57.06317
1032451406.2500001,-56.93445
1032451562.5000001,-56.92239
1032451718.7500001,-56.98607
1032451875.0000001,-57.10372
1032452031.2500001,-56.86554
1032452187.5000001,-56.98202
1032452343.7500001,-57.00691
1032452500.0000001,-56.97235
1032452656.2500001,-57.03013
1032452812.5000001,-56.98048
1032452968.7500001,-56.82198
1032453125.0000001,-57.07101
1032453281.2500001,-56.99153
1032453437.5000001,-56.96739
1032453593.7500001,-56.95626
1032453750.0000001,-57.00942
1032453906.2500001,-57.14157
1032454062.5000001,-57.01935
1032454218.7500001,-57.05646
1032454375.0000001,-57.05147
1032454531.2500001,-57.00585
1032454687.5000001,-57.04385
1032454843.7500001,-57.04168
1032455000.0000001,-57.07231
1032455156.2500001,-56.93405
1032455312.5000001,-57.05804
1032455468.7500001,-56.95418
1032455625.0000001,-56.98594
1032455781.2500001,-57.121
1032455937.5000001,-56.94706
1032456093.7500001,-57.03078
1032456250.0000001,-56.9489
1032456406.2500001,-56.93101
1032456562.5000001,-56.98997
1032456718.7500001,-57.03203
1032456875.0000001,-57.04132
1032457031.2500001,-57.01675
1032457187.5000001,-56.94864
1032457343.7500001,-57.10867
1032457500.0000001,-56.92989
1032457656.2500001,-57.04271
1032457812.5000001,-56.96154
1032457968.7500001,-56.90826
1032458125.0000001,-56.88085
1032458281.2500001,-57.03857
1032458437.5000001,-57.07703
1032458593.7500001,-56.94056
1032458750.0000001,-56.99506
1032458906.2500001,-56.97066
1032459062.5000001,-56.95277
1032459218.7500001,-57.0895
1032459375.0000001,-56.97864
1032459531.2500001,-56.97202
1032459687.5000001,-56.95207
1032459843.7500001,-57.08406
1032460000.0000001,-57.16245
1032460156.2500001,-56.95581
1032460312.5000001,-57.01243
1032460468.7500001,-56.93937
1032460625.0000001,-56.89553
1032460781.2500001,-56.90675
1032460937.5000001,-57.05775
1032461093.7500001,-56.90315
1032461250.0000001,-56.9403
1032461406.2500001,-56.81766
1032461562.5000001,-56.93393
1032461718.7500001,-57.06702
1032461875.0000001,-56.99628
1032462031.2500001,-57.07061
1032462187.5000001,-57.02991
1032462343.7500001,-56.8857
1032462500.0000001,-56.8661
1032462656.2500001,-56.88313
1032462812.5000001,-57.07766
1032462968.7500001,-57.11878
1032463125.0000001,-56.92422
1032463281.2500001,-56.9956
1032463437.5000001,-57.01132
1032463593.7500001,-56.97742
1032463750.0000001,-56.95218
1032463906.2500001,-57.02286
1032464062.5000001,-57.05016
1032464218.7500001,-56.98449
1032464375.0000001,-56.94479
1032464531.2500001,-57.02418
1032464687.5000001,-56.94461
1032464843.7500001,-57.00841
1032465000.0000001,-57.0626
1032465156.2500001,-56.98428
1032465312.5000001,-57.04966
1032465468.7500001,-56.99733
1032465625.0000001,-56.91517
1032465781.2500001,-57.0222
1032465937.5000001,-56.94593
1032466093.7500001,-57.08417
1032466250.0000001,-56.91549
1032466406.2500001,-56.99178
1032466562.5000001,-57.05271
1032466718.7500001,-56.98835
1032466875.0000001,-57.01105
1032467031.2500001,-57.03076
1032467187.5000001,-57.0778
1032467343.7500001,-57.05978
1032467500.0000001,-56.9968
1032467656.2500001,-56.92738
1032467812.5000001,-56.92313
1032467968.7500001,-56.97265
1032468125.0000001,-56.90088
1032468281.2500001,-57.1249
1032468437.5000001,-56.94435
1032468593.7500001,-57.02349
1032468750.0000001,-56.94153
1032468906.2500001,-56.91483
1032469062.5000001,-57.01674
1032469218.7500001,-56.98124
1032469375.0000001,-57.00307
1032469531.2500001,-56.99594
1032469687.5000001,-56.99386
1032469843.7500001,-57.03487
1032470000.0000001,-56.96103
1032470156.2500001,-56.89545
1032470312.5000001,-56.95348
1032470468.7500001,-56.8836
1032470625.0000001,-56.97762
1032470781.2500001,-56.89661
1032470937.5000001,-56.91313
1032471093.7500001,-56.95534
1032471250.0000001,-56.88697
1032471406.2500001,-57.16253
1032471562.5000001,-57.01969
1032471718.7500001,-57.06886
1032471875.0000001,-57.03839
1032472031.2500001,-56.98608
1032472187.5000001,-56.95458
1032472343.7500001,-56.89326
1032472500.0000001,-57.17315
1032472656.2500001,-56.92275
1032472812.5000001,-56.92916
1032472968.7500001,-57.00048
1032473125.0000001,-56.94216
1032473281.2500001,-57.01593
1032473437.5000001,-56.96124
1032473593.7500001,-56.9141
1032473750.0000001,-57.00949
1032473906.2500001,-56.97474
1032474062.5000001,-56.90105
1032474218.7500001,-56.99523
1032474375.0000001,-56.93469
1032474531.2500001,-56.91124
1032474687.5000001,-56.95827
1032474843.7500001,-56.93771
1032475000.0000001,-57.17306
1032475156.2500001,-57.00187
1032475312.5000001,-56.95731
1032475468.7500001,-56.8989
1032475625.0000001,-56.89671
1032475781.2500001,-57.08497
1032475937.5000001,-56.88651
1032476093.7500001,-56.89463
1032476250.0000001,-56.95866
1032476406.2500001,-56.96867
1032476562.5000001,-56.93719
1032476718.7500001,-56.89011
1032476875.0000001,-56.96914
1032477031.2500001,-56.92111
1032477187.5000001,-56.90351
1032477343.7500001,-57.04803
1032477500.0000001,-56.96037
1032477656.2500001,-57.0682
1032477812.5000001,-56.95872
1032477968.7500001,-56.95895
1032478125.0000001,-56.88468
1032478281.2500001,-57.01887
1032478437.5000001,-57.00051
1032478593.7500001,-56.98089
1032478750.0000001,-56.86993
1032478906.2500001,-56.98733
1032479062.5000001,-56.91715
1032479218.7500001,-56.94736
1032479375.0000001,-57.02683
1032479531.2500001,-56.95417
1032479687.5000001,-56.92607
1032479843.7500001,-57.00546
1032480000.0000001,-57.00692
1032480156.2500001,-56.96799
1032480312.5000001,-57.00197
1032480468.7500001,-56.94415
1032480625.0000001,-56.91748
1032480781.2500001,-56.95753
1032480937.5000001,-56.92881
1032481093.7500001,-57.06146
1032481250.0000001,-56.96911
1032481406.2500001,-56.82763
1032481562.5000001,-56.89925
1032481718.7500001,-57.09832
1032481875.0000001,-56.91836
1032482031.2500001,-56.87502
1032482187.5000001,-56.85807
1032482343.7500001,-57.00429
1032482500.0000001,-56.9669
1032482656.2500001,-56.86219
1032482812.5000001,-56.84065
1032482968.7500001,-56.86058
1032483125.0000001,-57.04483
1032483281.2500001,-56.86922
1032483437.5000001,-56.79944
1032483593.7500001,-56.8832
1032483750.0000001,-56.83892
1032483906.2500001,-56.95209
1032484062.5000001,-56.9832
1032484218.7500001,-56.94326
1032484375.0000001,-56.96844
1032484531.2500001,-57.03246
1032484687.5000001,-56.85752
1032484843.7500001,-56.82922
1032485000.0000001,-56.79388
1032485156.2500001,-56.90223
1032485312.5000001,-56.97535
1032485468.7500001,-56.87954
1032485625.0000001,-56.85022
1032485781.2500001,-56.96407
1032485937.5000001,-56.93326
1032486093.7500001,-56.94381
1032486250.0000001,-56.88052
1032486406.2500001,-56.92941
1032486562.5000001,-56.88852
1032486718.7500001,-56.96493
1032486875.0000001,-56.92892
1032487031.2500001,-56.94372
1032487187.5000001,-57.02511
1032487343.7500001,-56.95404
1032487500.0000001,-56.89295
1032487656.2500001,-56.91328
1032487812.5000001,-57.06271
1032487968.7500001,-56.99875
1032488125.0000001,-57.03924
1032488281.2500001,-56.84871
1032488437.5000001,-56.91378
1032488593.7500001,-56.9442
1032488750.0000001,-57.02942
1032488906.2500001,-57.03938
1032489062.5000001,-56.93587
1032489218.7500001,-56.95507
1032489375.0000001,-56.84647
1032489531.2500001,-56.89102
1032489687.5000001,-56.87664
1032489843.7500001,-56.96938
1032490000.0000001,-56.84628
1032490156.2500001,-56.95206
1032490312.5000001,-56.98443
1032490468.7500001,-56.85252
1032490625.0000001,-57.00195
1032490781.2500001,-56.84451
1032490937.5000001,-56.93979
1032491093.7500001,-56.9035
1032491250.0000001,-56.85972
1032491406.2500001,-56.90171
1032491562.5000001,-56.99171
1032491718.7500001,-57.13058
1032491875.0000001,-56.92352
1032492031.2500001,-57.0017
1032492187.5000001,-56.96783
1032492343.7500001,-56.87438
1032492500.0000001,-56.93546
1032492656.2500001,-56.86418
1032492812.5000001,-57.10399
1032492968.7500001,-56.91633
1032493125.0000001,-56.92477
1032493281.2500001,-57.10155
1032493437.5000001,-56.99501
1032493593.7500001,-56.9053
1032493750.0000001,-56.91444
1032493906.2500001,-56.90727
1032494062.5000001,-56.8347
1032494218.7500001,-56.8812
1032494375.0000001,-56.8027
1032494531.2500001,-56.88494
1032494687.5000001,-56.89693
1032494843.7500001,-56.93944
1032495000.0000001,-56.83904
1032495156.2500001,-56.80809
1032495312.5000001,-56.91427
1032495468.7500001,-56.98817
1032495625.0000001,-56.98322
1032495781.2500001,-56.84354
1032495937.5000001,-56.98103
1032496093.7500001,-56.88795
1032496250.0000001,-56.92913
1032496406.2500001,-56.77497
1032496562.5000001,-57.03077
1032496718.7500001,-56.82315
1032496875.0000001,-56.92421
1032497031.2500001,-56.8889
1032497187.5000001,-56.94953
1032497343.7500001,-56.90051
1032497500.0000001,-56.93003
1032497656.2500001,-56.95094
1032497812.5000001,-56.9626
1032497968.7500001,-56.80086
1032498125.0000001,-56.84893
1032498281.2500001,-56.85734
1032498437.5000001,-56.88825
1032498593.7500001,-56.82158
1032498750.0000001,-56.90879
1032498906.2500001,-56.96225
1032499062.5000001,-56.98311
1032499218.7500001,-56.94429
1032499375.0000001,-56.79216
1032499531.2500001,-56.89828
1032499687.5000001,-56.85091
1032499843.7500001,-57.01542
1032500000.0000001,-56.85375
1032500156.2500001,-56.84083
1032500312.5000001,-56.85604
1032500468.7500001,-56.86266
1032500625.0000001,-56.97328
1032500781.2500001,-56.90232
1032500937.5000001,-56.98442
1032501093.7500001,-56.82203
1032501250.0000001,-56.89852
1032501406.2500001,-56.88489
1032501562.5000001,-56.93374
1032501718.7500001,-56.9401
1032501875.0000001,-56.84547
1032502031.2500001,-56.84269
1032502187.5000001,-56.96132
1032502343.7500001,-56.89135
1032502500.0000001,-56.88516
1032502656.2500001,-56.90449
1032502812.5000001,-56.97889
1032502968.7500001,-56.91607
1032503125.0000001,-56.93398
1032503281.2500001,-56.79877
1032503437.5000001,-56.98801
1032503593.7500001,-56.82766
1032503750.0000001,-56.8049
1032503906.2500001,-56.86087
1032504062.5000001,-56.83131
1032504218.7500001,-56.96059
1032504375.0000001,-56.98099
1032504531.2500001,-56.77332
1032504687.5000001,-56.79
1032504843.7500001,-56.95031
1032505000.0000001,-57.02502
1032505156.2500001,-56.87285
1032505312.5000001,-56.7673
1032505468.7500001,-56.90343
1032505625.0000001,-56.83702
1032505781.2500001,-56.90924
1032505937.5000001,-56.99461
1032506093.7500001,-56.84098
1032506250.0000001,-56.89634
1032506406.2500001,-56.82325
1032506562.5000001,-56.80091
1032506718.7500001,-56.94554
1032506875.0000001,-56.91376
1032507031.2500001,-56.77125
1032507187.5000001,-56.80143
1032507343.7500001,-56.84479
1032507500.0000001,-56.95389
1032507656.2500001,-56.71921
1032507812.5000001,-56.86388
1032507968.7500001,-56.86369
1032508125.0000001,-56.84682
1032508281.2500001,-57.02285
1032508437.5000001,-56.92532
1032508593.7500001,-56.82284
1032508750.0000001,-56.92688
1032508906.2500001,-56.85399
1032509062.5000001,-56.99652
1032509218.7500001,-56.86258
1032509375.0000001,-56.78288
1032509531.2500001,-56.89047
1032509687.5000001,-56.83327
1032509843.7500001,-56.72789
1032510000.0000001,-56.81322
1032510156.2500001,-56.85575
1032510312.5000001,-56.86105
1032510468.7500001,-56.93731
1032510625.0000001,-56.82862
1032510781.2500001,-56.83917
1032510937.5000001,-56.75451
1032511093.7500001,-56.80712
1032511250.0000001,-56.85288
1032511406.2500001,-56.86019
1032511562.5000001,-56.7894
1032511718.7500001,-56.93574
1032511875.0000001,-56.78559
1032512031.2500001,-56.84345
1032512187.5000001,-56.89864
1032512343.7500001,-56.81951
1032512500.0000001,-56.84139
1032512656.2500001,-56.8858
1032512812.5000001,-56.85202
1032512968.7500001,-56.82579
1032513125.0000001,-56.93777
1032513281.2500001,-56.79994
1032513437.5000001,-56.80534
1032513593.7500001,-56.73706
1032513750.0000001,-56.86361
1032513906.2500001,-56.81807
1032514062.5000001,-56.95937
1032514218.7500001,-56.87597
1032514375.0000001,-56.91799
1032514531.2500001,-56.8218
1032514687.5000001,-56.83369
1032514843.7500001,-56.98492
1032515000.0000001,-56.73534
1032515156.2500001,-56.8238
1032515312.5000001,-56.77136
1032515468.7500001,-56.82735
1032515625.0000001,-56.86306
1032515781.2500001,-56.97484
1032515937.5000001,-56.90755
1032516093.7500001,-56.94216
1032516250.0000001,-56.85271
1032516406.2500001,-56.77364
1032516562.5000001,-56.93922
1032516718.7500001,-56.83773
1032516875.0000001,-56.91364
1032517031.2500001,-56.84812
1032517187.5000001,-56.86705
1032517343.7500001,-56.85323
1032517500.0000001,-56.71689
1032517656.2500001,-56.97874
1032517812.5000001,-56.85825
1032517968.7500001,-56.88484
1032518125.0000001,-56.76594
1032518281.2500001,-56.7062
1032518437.5000001,-56.92156
1032518593.7500001,-56.77646
1032518750.0000001,-56.84048
1032518906.2500001,-56.9152
1032519062.5000001,-56.82096
1032519218.7500001,-56.91613
1032519375.0000001,-56.77222
1032519531.2500001,-56.80992
1032519687.5000001,-56.88105
1032519843.7500001,-56.64293
1032520000.0000001,-56.83749
1032520156.2500001,-56.78836
1032520312.5000001,-56.82127
1032520468.7500001,-56.92919
1032520625.0000001,-56.94408
1032520781.2500001,-56.91915
1032520937.5000001,-56.81743
1032521093.7500001,-56.80447
1032521250.0000001,-56.85426
1032521406.2500001,-56.85434
1032521562.5000001,-56.82939
1032521718.7500001,-56.81749
1032521875.0000001,-56.72351
1032522031.2500001,-56.72852
1032522187.5000001,-56.9215
1032522343.7500001,-56.76411
1032522500.0000001,-56.84915
1032522656.2500001,-56.73291
1032522812.5000001,-56.75504
1032522968.7500001,-56.88016
1032523125.0000001,-56.92421
1032523281.2500001,-56.93196
1032523437.5000001,-56.89365
1032523593.7500001,-56.80594
1032523750.0000001,-56.81178
1032523906.2500001,-56.79264
1032524062.5000001,-56.89164
1032524218.7500001,-56.78546
1032524375.0000001,-56.82745
1032524531.2500001,-56.72784
1032524687.5000001,-56.8234
1032524843.7500001,-56.75453
1032525000.0000001,-56.85756
1032525156.2500001,-56.70721
1032525312.5000001,-56.75795
1032525468.7500001,-56.85671
1032525625.0000001,-56.90314
1032525781.2500001,-56.83494
1032525937.5000001,-56.833
1032526093.7500001,-56.77034
1032526250.0000001,-56.82885
1032526406.2500001,-56.7743
1032526562.5000001,-56.82922
1032526718.7500001,-56.72075
1032526875.0000001,-56.90254
1032527031.2500001,-56.8702
1032527187.5000001,-56.86891
1032527343.7500001,-56.85818
1032527500.0000001,-56.79833
1032527656.2500001,-56.89772
1032527812.5000001,-56.84567
1032527968.7500001,-56.8707
1032528125.0000001,-56.8834
1032528281.2500001,-56.78463
1032528437.5000001,-56.77359
1032528593.7500001,-56.75237
1032528750.0000001,-56.80802
1032528906.2500001,-56.77736
1032529062.5000001,-56.84414
1032529218.7500001,-56.86668
1032529375.0000001,-56.7194
1032529531.2500001,-56.78782
1032529687.5000001,-56.8336
1032529843.7500001,-56.80853
1032530000.0000001,-56.78758
1032530156.2500001,-56.77932
1032530312.5000001,-56.9598
1032530468.7500001,-56.77935
1032530625.0000001,-56.83438
1032530781.2500001,-56.89213
1032530937.5000001,-56.68745
1032531093.7500001,-56.78605
1032531250.0000001,-56.79327
1032531406.2500001,-56.86649
1032531562.5000001,-56.82204
1032531718.7500001,-56.77654
1032531875.0000001,-56.77195
1032532031.2500001,-56.75458
1032532187.5000001,-56.74445
1032532343.7500001,-56.85965
1032532500.0000001,-56.7658
1032532656.2500001,-56.91433
1032532812.5000001,-56.81425
1032532968.7500001,-56.7776
1032533125.0000001,-56.76514
1032533281.2500001,-56.88757
1032533437.5000001,-56.66614
1032533593.7500001,-56.81859
1032533750.0000001,-56.69454
1032533906.2500001,-56.81982
1032534062.5000001,-56.77982
1032534218.7500001,-56.71473
1032534375.0000001,-56.84389
1032534531.2500001,-56.91586
1032534687.5000001,-56.72296
1032534843.7500001,-56.88573
1032535000.0000001,-56.75738
1032535156.2500001,-56.79282
1032535312.5000001,-56.85459
1032535468.7500001,-56.77443
1032535625.0000001,-56.76804
1032535781.2500001,-56.83326
1032535937.5000001,-56.87298
1032536093.7500001,-56.77562
1032536250.0000001,-56.78225
1032536406.2500001,-56.84128
1032536562.5000001,-56.72996
1032536718.7500001,-56.92506
1032536875.0000001,-56.62354
1032537031.2500001,-56.77299
1032537187.5000001,-56.79295
1032537343.7500001,-56.79752
1032537500.0000001,-56.83241
1032537656.2500001,-56.75666
1032537812.5000001,-56.80248
1032537968.7500001,-56.90639
1032538125.0000001,-56.789
1032538281.2500001,-56.76026
1032538437.5000001,-56.80345
1032538593.7500001,-56.8154
1032538750.0000001,-56.7274
1032538906.2500001,-56.83428
1032539062.5000001,-56.74353
1032539218.7500001,-56.84801
1032539375.0000001,-56.80704
1032539531.2500001,-56.92529
1032539687.5000001,-56.73355
1032539843.7500001,-56.85875
1032540000.0000001,-56.82668
1032540156.2500001,-56.74704
1032540312.5000001,-56.79728
1032540468.7500001,-56.85772
1032540625.0000001,-56.72234
1032540781.2500001,-56.7359
1032540937.5000001,-56.87804
1032541093.7500001,-56.68271
1032541250.0000001,-56.70892
1032541406.2500001,-56.9337
1032541562.5000001,-56.72505
1032541718.7500001,-56.72035
1032541875.0000001,-56.75203
1032542031.2500001,-56.71986
1032542187.5000001,-56.80444
1032542343.7500001,-56.81184
1032542500.0000001,-56.84818
1032542656.2500001,-56.71711
1032542812.5000001,-56.79962
1032542968.7500001,-56.77904
1032543125.0000001,-56.79449
1032543281.2500001,-56.75478
1032543437.5000001,-56.79558
1032543593.7500001,-56.77252
1032543750.0000001,-56.72246
1032543906.2500001,-56.61234
1032544062.5000001,-56.85054
1032544218.7500001,-56.80087
1032544375.0000001,-56.78734
1032544531.2500001,-56.76337
1032544687.5000001,-56.71724
1032544843.7500001,-56.74995
1032545000.0000001,-56.76809
1032545156.2500001,-56.86252
1032545312.5000001,-56.73325
1032545468.7500001,-56.92137
1032545625.0000001,-56.7275
1032545781.2500001,-56.86105
1032545937.5000001,-56.74513
1032546093.7500001,-56.6686
1032546250.0000001,-56.81559
1032546406.2500001,-56.90456
1032546562.5000001,-56.73677
1032546718.7500001,-56.81419
1032546875.0000001,-56.78363
1032547031.2500001,-56.83737
1032547187.5000001,-56.7899
1032547343.7500001,-56.81105
1032547500.0000001,-56.79615
1032547656.2500001,-56.73332
1032547812.5000001,-56.86601
1032547968.7500001,-56.74297
1032548125.0000001,-56.73051
1032548281.2500001,-56.90295
1032548437.5000001,-56.71598
1032548593.7500001,-56.8415
1032548750.0000001,-56.83289
1032548906.2500001,-56.77978
1032549062.5000001,-56.7944
1032549218.7500001,-56.88173
1032549375.0000001,-56.75878
1032549531.2500001,-56.61142
1032549687.5000001,-56.85468
1032549843.7500001,-56.77101
1032550000.0000001,-56.6695
1032550156.2500001,-56.74234
1032550312.5000001,-56.8975
1032550468.7500001,-56.68316
1032550625.0000001,-56.76636
1032550781.2500001,-56.80746
1032550937.5000001,-56.6002
1032551093.7500001,-56.78591
1032551250.0000001,-56.64165
1032551406.2500001,-56.78034
1032551562.5000001,-56.77312
1032551718.7500001,-56.64887
1032551875.0000001,-56.72269
1032552031.2500001,-56.79737
1032552187.5000001,-56.7862
1032552343.7500001,-56.6176
1032552500.0000001,-56.80711
1032552656.2500001,-56.84832
1032552812.5000001,-56.7985
1032552968.7500001,-56.80117
1032553125.0000001,-56.72401
1032553281.2500001,-56.82542
1032553437.5000001,-56.61237
1032553593.7500001,-56.72499
1032553750.0000001,-56.83752
1032553906.2500001,-56.77339
1032554062.5000001,-56.78626
1032554218.7500001,-56.71459
1032554375.0000001,-56.75822
1032554531.2500001,-56.73223
1032554687.5000001,-56.7793
1032554843.7500001,-56.59549
1032555000.0000001,-56.83602
1032555156.2500001,-56.76618
1032555312.5000001,-56.84103
1032555468.7500001,-56.71451
1032555625.0000001,-56.61978
1032555781.2500001,-56.8797
1032555937.5000001,-56.72358
1032556093.7500001,-56.77274
1032556250.0000001,-56.58119
1032556406.2500001,-56.77397
1032556562.5000001,-56.73177
1032556718.7500001,-56.65247
1032556875.0000001,-56.58498
1032557031.2500001,-56.73075
1032557187.5000001,-56.71234
1032557343.7500001,-56.76944
1032557500.0000001,-56.70152
1032557656.2500001,-56.81291
1032557812.5000001,-56.73074
1032557968.7500001,-56.80751
1032558125.0000001,-56.62316
1032558281.2500001,-56.85849
1032558437.5000001,-56.64968
1032558593.7500001,-56.68436
1032558750.0000001,-56.82476
1032558906.2500001,-56.69528
1032559062.5000001,-56.63198
1032559218.7500001,-56.75683
1032559375.0000001,-56.80167
1032559531.2500001,-56.83022
1032559687.5000001,-56.80168
1032559843.7500001,-56.78835
1032560000.0000001,-56.75587
1032560156.2500001,-56.61711
1032560312.5000001,-56.77499
1032560468.7500001,-56.8037
1032560625.0000001,-56.78973
1032560781.2500001,-56.81693
1032560937.5000001,-56.72313
1032561093.7500001,-56.72027
1032561250.0000001,-56.79087
1032561406.2500001,-56.76528
1032561562.5000001,-56.67702
1032561718.7500001,-56.72348
1032561875.0000001,-56.71783
1032562031.2500001,-56.74456
1032562187.5000001,-56.72998
1032562343.7500001,-56.7348
1032562500.0000001,-56.78225
1032562656.2500001,-56.77942
1032562812.5000001,-56.70797
1032562968.7500001,-56.74768
1032563125.0000001,-56.63354
1032563281.2500001,-56.65857
1032563437.5000001,-56.76091
1032563593.7500001,-56.78501
1032563750.0000001,-56.67488
1032563906.2500001,-56.62746
1032564062.5000001,-56.73386
1032564218.7500001,-56.65639
1032564375.0000001,-56.7035
1032564531.2500001,-56.75716
1032564687.5000001,-56.75105
1032564843.7500001,-56.67631
1032565000.0000001,-56.69202
1032565156.2500001,-56.63094
1032565312.5000001,-56.6932
1032565468.7500001,-56.8514
1032565625.0000001,-56.66501
1032565781.2500001,-56.76674
1032565937.5000001,-56.78082
1032566093.7500001,-56.76888
1032566250.0000001,-56.74033
1032566406.2500001,-56.75165
1032566562.5000001,-56.80641
1032566718.7500001,-56.69946
1032566875.0000001,-56.68732
1032567031.2500001,-56.78009
1032567187.5000001,-56.67017
1032567343.7500001,-56.72252
1032567500.0000001,-56.67573
1032567656.2500001,-56.63442
1032567812.5000001,-56.76513
1032567968.7500001,-56.59155
1032568125.0000001,-56.70276
1032568281.2500001,-56.73029
1032568437.5000001,-56.82617
1032568593.7500001,-56.78854
1032568750.0000001,-56.66283
1032568906.2500001,-56.65762
1032569062.5000001,-56.62896
1032569218.7500001,-56.72973
1032569375.0000001,-56.79517
1032569531.2500001,-56.67176
1032569687.5000001,-56.77171
1032569843.7500001,-56.57742
1032570000.0000001,-56.85093
1032570156.2500001,-56.65371
1032570312.5000001,-56.69466
1032570468.7500001,-56.74317
1032570625.0000001,-56.66834
1032570781.2500001,-56.77627
1032570937.5000001,-56.66912
1032571093.7500001,-56.68169
1032571250.0000001,-56.73484
1032571406.2500001,-56.80935
1032571562.5000001,-56.68865
1032571718.7500001,-56.64257
1032571875.0000001,-56.73781
1032572031.2500001,-56.65157
1032572187.5000001,-56.78922
1032572343.7500001,-56.7758
1032572500.0000001,-56.57139
1032572656.2500001,-56.70921
1032572812.5000001,-56.73313
1032572968.7500001,-56.67204
1032573125.0000001,-56.63471
1032573281.2500001,-56.70742
1032573437.5000001,-56.74677
1032573593.7500001,-56.61568
1032573750.0000001,-56.67259
1032573906.2500001,-56.64326
1032574062.5000001,-56.71212
1032574218.7500001,-56.68894
1032574375.0000001,-56.6453
1032574531.2500001,-56.76889
1032574687.5000001,-56.74288
1032574843.7500001,-56.77641
1032575000.0000001,-56.61813
1032575156.2500001,-56.86865
1032575312.5000001,-56.61092
1032575468.7500001,-56.63538
1032575625.0000001,-56.73544
1032575781.2500001,-56.73003
1032575937.5000001,-56.69721
1032576093.7500001,-56.71409
1032576250.0000001,-56.69157
1032576406.2500001,-56.87529
1032576562.5000001,-56.7175
1032576718.7500001,-56.59818
1032576875.0000001,-56.76872
1032577031.2500001,-56.70633
1032577187.5000001,-56.73917
1032577343.7500001,-56.6953
1032577500.0000001,-56.67219
1032577656.2500001,-56.73908
1032577812.5000001,-56.69841
1032577968.7500001,-56.68867
1032578125.0000001,-56.70277
1032578281.2500001,-56.74598
1032578437.5000001,-56.60781
1032578593.7500001,-56.71206
1032578750.0000001,-56.67659
1032578906.2500001,-56.67337
1032579062.5000001,-56.71785
1032579218.7500001,-56.64771
1032579375.0000001,-56.74799
1032579531.2500001,-56.66197
1032579687.5000001,-56.59134
1032579843.7500001,-56.62276
1032580000.0000001,-56.6165
1032580156.2500001,-56.74872
1032580312.5000001,-56.6739
1032580468.7500001,-56.60949
1032580625.0000001,-56.79296
1032580781.2500001,-56.64287
1032580937.5000001,-56.65249
1032581093.7500001,-56.63496
1032581250.0000001,-56.69168
1032581406.2500001,-56.76536
1032581562.5000001,-56.74124
1032581718.7500001,-56.57672
1032581875.0000001,-56.56624
1032582031.2500001,-56.77635
1032582187.5000001,-56.63709
1032582343.7500001,-56.80233
1032582500.0000001,-56.68499
1032582656.2500001,-56.73713
1032582812.5000001,-56.66244
1032582968.7500001,-56.6823
1032583125.0000001,-56.67706
1032583281.2500001,-56.56892
1032583437.5000001,-56.76396
1032583593.7500001,-56.79286
1032583750.0000001,-56.65978
1032583906.2500001,-56.6767
1032584062.5000001,-56.56898
1032584218.7500001,-56.75302
1032584375.0000001,-56.60227
1032584531.2500001,-56.64278
1032584687.5000001,-56.76958
1032584843.7500001,-56.70335
1032585000.0000001,-56.63962
1032585156.2500001,-56.58088
1032585312.5000001,-56.71412
1032585468.7500001,-56.57431
1032585625.0000001,-56.61343
1032585781.2500001,-56.68155
1032585937.5000001,-56.69236
1032586093.7500001,-56.67367
1032586250.0000001,-56.55435
1032586406.2500001,-56.67765
1032586562.5000001,-56.63791
1032586718.7500001,-56.67119
1032586875.0000001,-56.67973
1032587031.2500001,-56.57335
1032587187.5000001,-56.59576
1032587343.7500001,-56.71399
1032587500.0000001,-56.62142
1032587656.2500001,-56.77864
1032587812.5000001,-56.61446
1032587968.7500001,-56.68489
1032588125.0000001,-56.7042
1032588281.2500001,-56.62757
1032588437.5000001,-56.68925
1032588593.7500001,-56.66365
1032588750.0000001,-56.63795
1032588906.2500001,-56.54244
1032589062.5000001,-56.67832
1032589218.7500001,-56.73447
1032589375.0000001,-56.56291
1032589531.2500001,-56.67144
1032589687.5000001,-56.67052
1032589843.7500001,-56.61253
1032590000.0000001,-56.59775
1032590156.2500001,-56.64398
1032590312.5000001,-56.61026
1032590468.7500001,-56.70199
1032590625.0000001,-56.59007
1032590781.2500001,-56.70432
1032590937.5000001,-56.79177
1032591093.7500001,-56.69861
1032591250.0000001,-56.79157
1032591406.2500001,-56.70252
1032591562.5000001,-56.67292
1032591718.7500001,-56.6686
1032591875.0000001,-56.59188
1032592031.2500001,-56.64424
1032592187.5000001,-56.62627
1032592343.7500001,-56.62229
1032592500.0000001,-56.52033
1032592656.2500001,-56.60583
1032592812.5000001,-56.62214
1032592968.7500001,-56.74347
1032593125.0000001,-56.61351
1032593281.2500001,-56.69615
1032593437.5000001,-56.64479
1032593593.7500001,-56.63453
1032593750.0000001,-56.63517
1032593906.2500001,-56.60764
1032594062.5000001,-56.61465
1032594218.7500001,-56.5602
1032594375.0000001,-56.7157
1032594531.2500001,-56.54407
1032594687.5000001,-56.61843
1032594843.7500001,-56.65601
1032595000.0000001,-56.55317
1032595156.2500001,-56.69121
1032595312.5000001,-56.63388
1032595468.7500001,-56.58869
1032595625.0000001,-56.57707
1032595781.2500001,-56.70262
1032595937.5000001,-56.6972
1032596093.7500001,-56.59049
1032596250.0000001,-56.64241
1032596406.2500001,-56.58227
1032596562.5000001,-56.79634
1032596718.7500001,-56.56187
1032596875.0000001,-56.60986
1032597031.2500001,-56.49877
1032597187.5000001,-56.67403
1032597343.7500001,-56.6543
1032597500.0000001,-56.64973
1032597656.2500001,-56.57289
1032597812.5000001,-56.63688
1032597968.7500001,-56.6502
1032598125.0000001,-56.65875
1032598281.2500001,-56.64803
1032598437.5000001,-56.58873
1032598593.7500001,-56.68074
1032598750.0000001,-56.68146
1032598906.2500001,-56.58709
1032599062.5000001,-56.5574
1032599218.7500001,-56.62982
1032599375.0000001,-56.54016
1032599531.2500001,-56.67442
1032599687.5000001,-56.6288
1032599843.7500001,-56.67872
1032600000.0000001,-56.5661
1032600156.2500001,-56.61996
1032600312.5000001,-56.74641
1032600468.7500001,-56.64534
1032600625.0000001,-56.6819
1032600781.2500001,-56.71072
1032600937.5000001,-56.6484
1032601093.7500001,-56.58589
1032601250.0000001,-56.64771
1032601406.2500001,-56.68931
1032601562.5000001,-56.58943
1032601718.7500001,-56.67596
1032601875.0000001,-56.71665
1032602031.2500001,-56.60017
1032602187.5000001,-56.58759
1032602343.7500001,-56.58851
1032602500.0000001,-56.5267
1032602656.2500001,-56.69783
1032602812.5000001,-56.64934
1032602968.7500001,-56.76675
1032603125.0000001,-56.62697
1032603281.2500001,-56.72765
1032603437.5000001,-56.56175
1032603593.7500001,-56.60112
1032603750.0000001,-56.72433
1032603906.2500001,-56.53188
1032604062.5000001,-56.66263
1032604218.7500001,-56.64101
1032604375.0000001,-56.62271
1032604531.2500001,-56.62784
1032604687.5000001,-56.68513
1032604843.7500001,-56.66695
1032605000.0000001,-56.5418
1032605156.2500001,-56.57793
1032605312.5000001,-56.65068
1032605468.7500001,-56.64002
1032605625.0000001,-56.51196
1032605781.2500001,-56.59338
1032605937.5000001,-56.52953
1032606093.7500001,-56.65947
1032606250.0000001,-56.61547
1032606406.2500001,-56.64859
1032606562.5000001,-56.61666
1032606718.7500001,-56.52255
1032606875.0000001,-56.6335
1032607031.2500001,-56.56758
1032607187.5000001,-56.59319
1032607343.7500001,-56.6431
1032607500.0000001,-56.66867
1032607656.2500001,-56.6032
1032607812.5000001,-56.64079
1032607968.7500001,-56.52906
1032608125.0000001,-56.50103
1032608281.2500001,-56.58301
1032608437.5000001,-56.56214
1032608593.7500001,-56.52427
1032608750.0000001,-56.71931
1032608906.2500001,-56.51638
1032609062.5000001,-56.63573
1032609218.7500001,-56.605
1032609375.0000001,-56.61906
1032609531.2500001,-56.50116
1032609687.5000001,-56.45752
1032609843.7500001,-56.59607
1032610000.0000001,-56.58173
1032610156.2500001,-56.55003
1032610312.5000001,-56.59635
1032610468.7500001,-56.6656
1032610625.0000001,-56.62182
1032610781.2500001,-56.58427
1032610937.5000001,-56.57111
1032611093.7500001,-56.57679
1032611250.0000001,-56.59962
1032611406.2500001,-56.57425
1032611562.5000001,-56.59116
1032611718.7500001,-56.59668
1032611875.0000001,-56.73802
1032612031.2500001,-56.65327
1032612187.5000001,-56.71047
1032612343.7500001,-56.57712
1032612500.0000001,-56.49123
1032612656.2500001,-56.59964
1032612812.5000001,-56.58148
1032612968.7500001,-56.71112
1032613125.0000001,-56.61928
1032613281.2500001,-56.56515
1032613437.5000001,-56.67572
1032613593.7500001,-56.51347
1032613750.0000001,-56.6092
1032613906.2500001,-56.56194
1032614062.5000001,-56.55674
1032614218.7500001,-56.61593
1032614375.0000001,-56.52899
1032614531.2500001,-56.5542
1032614687.5000001,-56.57525
1032614843.7500001,-56.58075
1032615000.0000001,-56.53505
1032615156.2500001,-56.65668
1032615312.5000001,-56.6132
1032615468.7500001,-56.58747
1032615625.0000001,-56.66733
1032615781.2500001,-56.63221
1032615937.5000001,-56.72091
1032616093.7500001,-56.69891
1032616250.0000001,-56.63684
1032616406.2500001,-56.57925
1032616562.5000001,-56.51643
1032616718.7500001,-56.58541
1032616875.0000001,-56.58184
1032617031.2500001,-56.55514
1032617187.5000001,-56.73027
1032617343.7500001,-56.50531
1032617500.0000001,-56.46594
1032617656.2500001,-56.59433
1032617812.5000001,-56.59261
1032617968.7500001,-56.54993
1032618125.0000001,-56.46611
1032618281.2500001,-56.63846
1032618437.5000001,-56.66727
1032618593.7500001,-56.592
1032618750.0000001,-56.66719
1032618906.2500001,-56.5094
1032619062.5000001,-56.52943
1032619218.7500001,-56.54903
1032619375.0000001,-56.45305
1032619531.2500001,-56.64972
1032619687.5000001,-56.57244
1032619843.7500001,-56.50643
1032620000.0000001,-56.59689
1032620156.2500001,-56.51983
1032620312.5000001,-56.58698
1032620468.7500001,-56.65852
1032620625.0000001,-56.53964
1032620781.2500001,-56.64954
1032620937.5000001,-56.55633
1032621093.7500001,-56.56253
1032621250.0000001,-56.59977
1032621406.2500001,-56.62572
1032621562.5000001,-56.54901
1032621718.7500001,-56.62791
1032621875.0000001,-56.60534
1032622031.2500001,-56.65271
1032622187.5000001,-56.62199
1032622343.7500001,-56.56749
1032622500.0000001,-56.61952
1032622656.2500001,-56.53039
1032622812.5000001,-56.71197
1032622968.7500001,-56.4879
1032623125.0000001,-56.59267
1032623281.2500001,-56.52211
1032623437.5000001,-56.66962
1032623593.7500001,-56.59266
1032623750.0000001,-56.55206
1032623906.2500001,-56.45952
1032624062.5000001,-56.58159
1032624218.7500001,-56.5983
1032624375.0000001,-56.53907
1032624531.2500001,-56.55394
1032624687.5000001,-56.52471
1032624843.7500001,-56.55049
1032625000.0000001,-56.5895
1032625156.2500001,-56.58808
1032625312.5000001,-56.6378
1032625468.7500001,-56.57988
1032625625.0000001,-56.5732
1032625781.2500001,-56.52111
1032625937.5000001,-56.59921
1032626093.7500001,-56.58683
1032626250.0000001,-56.62665
1032626406.2500001,-56.55856
1032626562.5000001,-56.59212
1032626718.7500001,-56.55251
1032626875.0000001,-56.51521
1032627031.2500001,-56.44022
1032627187.5000001,-56.70357
1032627343.7500001,-56.55728
1032627500.0000001,-56.4842
1032627656.2500001,-56.50003
1032627812.5000001,-56.50432
1032627968.7500001,-56.515
1032628125.0000001,-56.57946
1032628281.2500001,-56.6131
1032628437.5000001,-56.57492
1032628593.7500001,-56.62833
1032628750.0000001,-56.54101
1032628906.2500001,-56.40665
1032629062.5000001,-56.57421
1032629218.7500001,-56.58995
1032629375.0000001,-56.42316
1032629531.2500001,-56.61715
1032629687.5000001,-56.50408
1032629843.7500001,-56.6318
1032630000.0000001,-56.53167
1032630156.2500001,-56.53912
1032630312.5000001,-56.62979
1032630468.7500001,-56.55274
1032630625.0000001,-56.49989
1032630781.2500001,-56.45168
1032630937.5000001,-56.45354
1032631093.7500001,-56.65375
1032631250.0000001,-56.4539
1032631406.2500001,-56.60036
1032631562.5000001,-56.67443
1032631718.7500001,-56.60146
1032631875.0000001,-56.54293
1032632031.2500001,-56.56639
1032632187.5000001,-56.49509
1032632343.7500001,-56.39037
1032632500.0000001,-56.66994
1032632656.2500001,-56.62289
1032632812.5000001,-56.51117
1032632968.7500001,-56.59911
1032633125.0000001,-56.59919
1032633281.2500001,-56.40452
1032633437.5000001,-56.64611
1032633593.7500001,-56.61501
1032633750.0000001,-56.47004
1032633906.2500001,-56.67281
1032634062.5000001,-56.53858
1032634218.7500001,-56.62687
1032634375.0000001,-56.56236
1032634531.2500001,-56.45348
1032634687.5000001,-56.55459
1032634843.7500001,-56.59389
1032635000.0000001,-56.44862
1032635156.2500001,-56.54403
1032635312.5000001,-56.54382
1032635468.7500001,-56.57338
1032635625.0000001,-56.56744
1032635781.2500001,-56.52018
1032635937.5000001,-56.47042
1032636093.7500001,-56.68445
1032636250.0000001,-56.63372
1032636406.2500001,-56.54174
1032636562.5000001,-56.63774
1032636718.7500001,-56.54188
1032636875.0000001,-56.52752
1032637031.2500001,-56.58163
1032637187.5000001,-56.57877
1032637343.7500001,-56.50684
1032637500.0000001,-56.60904
1032637656.2500001,-56.48708
1032637812.5000001,-56.5799
1032637968.7500001,-56.39236
1032638125.0000001,-56.47808
1032638281.2500001,-56.58374
1032638437.5000001,-56.64355
1032638593.7500001,-56.51486
1032638750.0000001,-56.5455
1032638906.2500001,-56.56811
1032639062.5000001,-56.50516
1032639218.7500001,-56.49514
1032639375.0000001,-56.42685
1032639531.2500001,-56.49429
1032639687.5000001,-56.41105
1032639843.7500001,-56.57465
1032640000.0000001,-56.51175
1032640156.2500001,-56.47063
1032640312.5000001,-56.59631
1032640468.7500001,-56.55742
1032640625.0000001,-56.50895
1032640781.2500001,-56.54043
1032640937.5000001,-56.50337
1032641093.7500001,-56.52157
1032641250.0000001,-56.40016
1032641406.2500001,-56.48755
1032641562.5000001,-56.57738
1032641718.7500001,-56.46864
1032641875.0000001,-56.41845
1032642031.2500001,-56.57429
1032642187.5000001,-56.61766
1032642343.7500001,-56.43331
1032642500.0000001,-56.56792
1032642656.2500001,-56.5743
1032642812.5000001,-56.48155
1032642968.7500001,-56.50632
1032643125.0000001,-56.47957
1032643281.2500001,-56.5034
1032643437.5000001,-56.62076
1032643593.7500001,-56.4729
1032643750.0000001,-56.59518
1032643906.2500001,-56.51811
1032644062.5000001,-56.47712
1032644218.7500001,-56.60395
1032644375.0000001,-56.50084
1032644531.2500001,-56.39305
1032644687.5000001,-56.53956
1032644843.7500001,-56.58125
1032645000.0000001,-56.5395
1032645156.2500001,-56.43367
1032645312.5000001,-56.54754
1032645468.7500001,-56.52294
1032645625.0000001,-56.70547
1032645781.2500001,-56.59089
1032645937.5000001,-56.5182
1032646093.7500001,-56.49231
1032646250.0000001,-56.54176
1032646406.2500001,-56.53984
1032646562.5000001,-56.41675
1032646718.7500001,-56.50497
1032646875.0000001,-56.47628
1032647031.2500001,-56.46718
1032647187.5000001,-56.58559
1032647343.7500001,-56.47377
1032647500.0000001,-56.52208
1032647656.2500001,-56.54472
1032647812.5000001,-56.59518
1032647968.7500001,-56.46148
1032648125.0000001,-56.60969
1032648281.2500001,-56.51238
1032648437.5000001,-56.45837
1032648593.7500001,-56.47911
1032648750.0000001,-56.36132
1032648906.2500001,-56.57514
1032649062.5000001,-56.51445
1032649218.7500001,-56.38577
1032649375.0000001,-56.50157
1032649531.2500001,-56.54542
1032649687.5000001,-56.50525
1032649843.7500001,-56.4065
1032650000.0000001,-56.55946
1032650156.2500001,-56.36518
1032650312.5000001,-56.46138
1032650468.7500001,-56.40587
1032650625.0000001,-56.53341
1032650781.2500001,-56.47826
1032650937.5000001,-56.47861
1032651093.7500001,-56.57788
1032651250.0000001,-56.51622
1032651406.2500001,-56.41646
1032651562.5000001,-56.55462
1032651718.7500001,-56.45389
1032651875.0000001,-56.50255
1032652031.2500001,-56.42934
1032652187.5000001,-56.4791
1032652343.7500001,-56.55206
1032652500.0000001,-56.23828
1032652656.2500001,-56.50274
1032652812.5000001,-56.53834
1032652968.7500001,-56.44317
1032653125.0000001,-56.43699
1032653281.2500001,-56.45483
1032653437.5000001,-56.4047
1032653593.7500001,-56.39332
1032653750.0000001,-56.51165
1032653906.2500001,-56.48801
1032654062.5000001,-56.51539
1032654218.7500001,-56.40413
1032654375.0000001,-56.47459
1032654531.2500001,-56.54318
1032654687.5000001,-56.4207
1032654843.7500001,-56.52385
1032655000.0000001,-56.34763
1032655156.2500001,-56.48415
1032655312.5000001,-56.47999
1032655468.7500001,-56.55487
1032655625.0000001,-56.48642
1032655781.2500001,-56.48465
1032655937.5000001,-56.43944
1032656093.7500001,-56.45573
1032656250.0000001,-56.40234
1032656406.2500001,-56.47779
1032656562.5000001,-56.49845
1032656718.7500001,-56.40006
1032656875.0000001,-56.4878
1032657031.2500001,-56.41163
1032657187.5000001,-56.44746
1032657343.7500001,-56.41304
1032657500.0000001,-56.39025
1032657656.2500001,-56.4837
1032657812.5000001,-56.58909
1032657968.7500001,-56.43661
1032658125.0000001,-56.47749
1032658281.2500001,-56.53883
1032658437.5000001,-56.3896
1032658593.7500001,-56.47038
1032658750.0000001,-56.45507
1032658906.2500001,-56.47771
1032659062.5000001,-56.46203
1032659218.7500001,-56.57796
1032659375.0000001,-56.47724
1032659531.2500001,-56.49414
1032659687.5000001,-56.42204
1032659843.7500001,-56.33737
1032660000.0000001,-56.52543
1032660156.2500001,-56.53253
1032660312.5000001,-56.25836
1032660468.7500001,-56.65161
1032660625.0000001,-56.50816
1032660781.2500001,-56.39997
1032660937.5000001,-56.44476
1032661093.7500001,-56.56831
1032661250.0000001,-56.42469
1032661406.2500001,-56.5737
1032661562.5000001,-56.47479
1032661718.7500001,-56.52975
1032661875.0000001,-56.64882
1032662031.2500001,-56.41344
1032662187.5000001,-56.2906
1032662343.7500001,-56.49888
1032662500.0000001,-56.56411
1032662656.2500001,-56.47562
1032662812.5000001,-56.49007
1032662968.7500001,-56.45515
1032663125.0000001,-56.42035
1032663281.2500001,-56.28476
1032663437.5000001,-56.44737
1032663593.7500001,-56.46991
1032663750.0000001,-56.47379
1032663906.2500001,-56.53943
1032664062.5000001,-56.38385
1032664218.7500001,-56.37798
1032664375.0000001,-56.47092
1032664531.2500001,-56.40215
1032664687.5000001,-56.46695
1032664843.7500001,-56.46655
1032665000.0000001,-56.40233
1032665156.2500001,-56.51749
1032665312.5000001,-56.46463
1032665468.7500001,-56.53852
1032665625.0000001,-56.34441
1032665781.2500001,-56.37287
1032665937.5000001,-56.46027
1032666093.7500001,-56.57011
1032666250.0000001,-56.40939
1032666406.2500001,-56.34461
1032666562.5000001,-56.49863
1032666718.7500001,-56.44523
1032666875.0000001,-56.42416
1032667031.2500001,-56.63071
1032667187.5000001,-56.46541
1032667343.7500001,-56.41039
1032667500.0000001,-56.48534
1032667656.2500001,-56.4967
1032667812.5000001,-56.53375
1032667968.7500001,-56.37294
1032668125.0000001,-56.42557
1032668281.2500001,-56.52711
1032668437.5000001,-56.53212
1032668593.7500001,-56.38497
1032668750.0000001,-56.39867
1032668906.2500001,-56.45763
1032669062.5000001,-56.36713
1032669218.7500001,-56.48075
1032669375.0000001,-56.41784
1032669531.2500001,-56.31191
1032669687.5000001,-56.49656
1032669843.7500001,-56.43924
1032670000.0000001,-56.36869
1032670156.2500001,-56.50142
1032670312.5000001,-56.44489
1032670468.7500001,-56.39244
1032670625.0000001,-56.5001
1032670781.2500001,-56.44743
1032670937.5000001,-56.45754
1032671093.7500001,-56.38263
1032671250.0000001,-56.40491
1032671406.2500001,-56.45676
1032671562.5000001,-56.52058
1032671718.7500001,-56.44062
1032671875.0000001,-56.48886
1032672031.2500001,-56.4593
1032672187.5000001,-56.53445
1032672343.7500001,-56.3125
1032672500.0000001,-56.41227
1032672656.2500001,-56.41715
1032672812.5000001,-56.48611
1032672968.7500001,-56.40878
1032673125.0000001,-56.43052
1032673281.2500001,-56.37753
1032673437.5000001,-56.52894
1032673593.7500001,-56.38171
1032673750.0000001,-56.36905
1032673906.2500001,-56.42534
1032674062.5000001,-56.40257
1032674218.7500001,-56.36002
1032674375.0000001,-56.4597
1032674531.2500001,-56.39922
1032674687.5000001,-56.45081
1032674843.7500001,-56.5571
1032675000.0000001,-56.48516
1032675156.2500001,-56.44748
1032675312.5000001,-56.48812
1032675468.7500001,-56.35172
1032675625.0000001,-56.49684
1032675781.2500001,-56.43551
1032675937.5000001,-56.4869
1032676093.7500001,-56.53543
1032676250.0000001,-56.38622
1032676406.2500001,-56.49995
1032676562.5000001,-56.49389
1032676718.7500001,-56.42059
1032676875.0000001,-56.47462
1032677031.2500001,-56.33163
1032677187.5000001,-56.33284
1032677343.7500001,-56.44084
1032677500.0000001,-56.33589
1032677656.2500001,-56.48077
1032677812.5000001,-56.37102
1032677968.7500001,-56.34481
1032678125.0000001,-56.47083
1032678281.2500001,-56.45229
1032678437.5000001,-56.53016
1032678593.7500001,-56.45624
1032678750.0000001,-56.48238
1032678906.2500001,-56.4609
1032679062.5000001,-56.41226
1032679218.7500001,-56.37833
1032679375.0000001,-56.35212
1032679531.2500001,-56.49818
1032679687.5000001,-56.30649
1032679843.7500001,-56.40036
1032680000.0000001,-56.41932
1032680156.2500001,-56.30065
1032680312.5000001,-56.49813
1032680468.7500001,-56.44199
1032680625.0000001,-56.53942
1032680781.2500001,-56.39016
1032680937.5000001,-56.5051
1032681093.7500001,-56.28578
1032681250.0000001,-56.31468
1032681406.2500001,-56.33496
1032681562.5000001,-56.42397
1032681718.7500001,-56.40586
1032681875.0000001,-56.33773
1032682031.2500001,-56.45403
1032682187.5000001,-56.55377
1032682343.7500001,-56.4817
1032682500.0000001,-56.46968
1032682656.2500001,-56.40368
1032682812.5000001,-56.35347
1032682968.7500001,-56.32627
1032683125.0000001,-56.43639
1032683281.2500001,-56.25518
1032683437.5000001,-56.40771
1032683593.7500001,-56.41979
1032683750.0000001,-56.37378
1032683906.2500001,-56.47573
1032684062.5000001,-56.3513
1032684218.7500001,-56.61616
1032684375.0000001,-56.47694
1032684531.2500001,-56.46065
1032684687.5000001,-56.23825
1032684843.7500001,-56.28502
1032685000.0000001,-56.37384
1032685156.2500001,-56.50836
1032685312.5000001,-56.43239
1032685468.7500001,-56.45578
1032685625.0000001,-56.39806
1032685781.2500001,-56.32427
1032685937.5000001,-56.3468
1032686093.7500001,-56.42654
1032686250.0000001,-56.31218
1032686406.2500001,-56.48951
1032686562.5000001,-56.40518
1032686718.7500001,-56.45854
1032686875.0000001,-56.36874
1032687031.2500001,-56.50022
1032687187.5000001,-56.42111
1032687343.7500001,-56.32848
1032687500.0000001,-56.35537
1032687656.2500001,-56.37902
1032687812.5000001,-56.2627
1032687968.7500001,-56.45409
1032688125.0000001,-56.4401
1032688281.2500001,-56.44009
1032688437.5000001,-56.462
1032688593.7500001,-56.40705
1032688750.0000001,-56.38747
1032688906.2500001,-56.43288
1032689062.5000001,-56.27784
1032689218.7500001,-56.41179
1032689375.0000001,-56.31672
1032689531.2500001,-56.41686
1032689687.5000001,-56.39162
1032689843.7500001,-56.46496
1032690000.0000001,-56.22316
1032690156.2500001,-56.29233
1032690312.5000001,-56.29762
1032690468.7500001,-56.36694
1032690625.0000001,-56.38391
1032690781.2500001,-56.33302
1032690937.5000001,-56.34269
1032691093.7500001,-56.34436
1032691250.0000001,-56.53513
1032691406.2500001,-56.38784
1032691562.5000001,-56.39888
1032691718.7500001,-56.30947
1032691875.0000001,-56.41001
1032692031.2500001,-56.42512
1032692187.5000001,-56.33271
1032692343.7500001,-56.43456
1032692500.0000001,-56.36946
1032692656.2500001,-56.43824
1032692812.5000001,-56.34964
1032692968.7500001,-56.52296
1032693125.0000001,-56.39391
1032693281.2500001,-56.39293
1032693437.5000001,-56.24546
1032693593.7500001,-56.35592
1032693750.0000001,-56.28484
1032693906.2500001,-56.38378
1032694062.5000001,-56.41346
1032694218.7500001,-56.3867
1032694375.0000001,-56.33687
1032694531.2500001,-56.37591
1032694687.5000001,-56.39963
1032694843.7500001,-56.41364
1032695000.0000001,-56.31561
1032695156.2500001,-56.35182
1032695312.5000001,-56.39052
1032695468.7500001,-56.38811
1032695625.0000001,-56.43362
1032695781.2500001,-56.37305
1032695937.5000001,-56.3786
1032696093.7500001,-56.4544
1032696250.0000001,-56.32858
1032696406.2500001,-56.31537
1032696562.5000001,-56.35591
1032696718.7500001,-56.36974
1032696875.0000001,-56.40158
1032697031.2500001,-56.47245
1032697187.5000001,-56.35505
1032697343.7500001,-56.41629
1032697500.0000001,-56.37741
1032697656.2500001,-56.40714
1032697812.5000001,-56.46357
1032697968.7500001,-56.2782
1032698125.0000001,-56.44404
1032698281.2500001,-56.26142
1032698437.5000001,-56.37649
1032698593.7500001,-56.4913
1032698750.0000001,-56.31156
1032698906.2500001,-56.33359
1032699062.5000001,-56.49826
1032699218.7500001,-56.31787
1032699375.0000001,-56.31275
1032699531.2500001,-56.36591
1032699687.5000001,-56.43524
1032699843.7500001,-56.2677
1032700000.0000001,-56.46786
1032700156.2500001,-56.45069
1032700312.5000001,-56.34914
1032700468.7500001,-56.3221
1032700625.0000001,-56.33818
1032700781.2500001,-56.44875
1032700937.5000001,-56.3887
1032701093.7500001,-56.28976
1032701250.0000001,-56.36214
1032701406.2500001,-56.38376
1032701562.5000001,-56.4162
1032701718.7500001,-56.36952
1032701875.0000001,-56.41497
1032702031.2500001,-56.27754
1032702187.5000001,-56.38344
1032702343.7500001,-56.41735
1032702500.0000001,-56.36665
1032702656.2500001,-56.22746
1032702812.5000001,-56.30527
1032702968.7500001,-56.48914
1032703125.0000001,-56.519
1032703281.2500001,-56.30586
1032703437.5000001,-56.40848
1032703593.7500001,-56.27491
1032703750.0000001,-56.32191
1032703906.2500001,-56.42102
1032704062.5000001,-56.30163
1032704218.7500001,-56.41551
1032704375.0000001,-56.34847
1032704531.2500001,-56.38077
1032704687.5000001,-56.45079
1032704843.7500001,-56.32723
1032705000.0000001,-56.25111
1032705156.2500001,-56.40712
1032705312.5000001,-56.36774
1032705468.7500001,-56.30893
1032705625.0000001,-56.31935
1032705781.2500001,-56.42237
1032705937.5000001,-56.27548
1032706093.7500001,-56.35104
1032706250.0000001,-56.31256
1032706406.2500001,-56.35037
1032706562.5000001,-56.3419
1032706718.7500001,-56.34526
1032706875.0000001,-56.44048
1032707031.2500001,-56.38878
1032707187.5000001,-56.31787
1032707343.7500001,-56.41475
1032707500.0000001,-56.34339
1032707656.2500001,-56.34135
1032707812.5000001,-56.40963
1032707968.7500001,-56.3487
1032708125.0000001,-56.28365
1032708281.2500001,-56.33838
1032708437.5000001,-56.3463
1032708593.7500001,-56.28956
1032708750.0000001,-56.41176
1032708906.2500001,-56.27232
1032709062.5000001,-56.40928
1032709218.7500001,-56.33345
1032709375.0000001,-56.28719
1032709531.2500001,-56.20158
1032709687.5000001,-56.31858
1032709843.7500001,-56.37274
1032710000.0000001,-56.40536
1032710156.2500001,-56.30005
1032710312.5000001,-56.39025
1032710468.7500001,-56.27673
1032710625.0000001,-56.20029
1032710781.2500001,-56.30641
1032710937.5000001,-56.39755
1032711093.7500001,-56.25187
1032711250.0000001,-56.37793
1032711406.2500001,-56.34896
1032711562.5000001,-56.35998
1032711718.7500001,-56.28901
1032711875.0000001,-56.36743
1032712031.2500001,-56.25912
1032712187.5000001,-56.30961
1032712343.7500001,-56.32711
1032712500.0000001,-56.3423
1032712656.2500001,-56.4343
1032712812.5000001,-56.49122
1032712968.7500001,-56.23283
1032713125.0000001,-56.3834
1032713281.2500001,-56.46948
1032713437.5000001,-56.34471
1032713593.7500001,-56.37375
1032713750.0000001,-56.29561
1032713906.2500001,-56.37331
1032714062.5000001,-56.20966
1032714218.7500001,-56.32305
1032714375.0000001,-56.3313
1032714531.2500001,-56.40221
1032714687.5000001,-56.37693
1032714843.7500001,-56.36373
1032715000.0000001,-56.32766
1032715156.2500001,-56.26338
1032715312.5000001,-56.35477
1032715468.7500001,-56.35305
1032715625.0000001,-56.2659
1032715781.2500001,-56.29299
1032715937.5000001,-56.43837
1032716093.7500001,-56.38205
1032716250.0000001,-56.29358
1032716406.2500001,-56.37676
1032716562.5000001,-56.34301
1032716718.7500001,-56.30023
1032716875.0000001,-56.34701
1032717031.2500001,-56.32051
1032717187.5000001,-56.24704
1032717343.7500001,-56.44737
1032717500.0000001,-56.30224
1032717656.2500001,-56.30801
1032717812.5000001,-56.23316
1032717968.7500001,-56.34304
1032718125.0000001,-56.3806
1032718281.2500001,-56.39083
1032718437.5000001,-56.27291
1032718593.7500001,-56.3363
1032718750.0000001,-56.30606
1032718906.2500001,-56.31429
1032719062.5000001,-56.26558
1032719218.7500001,-56.30301
1032719375.0000001,-56.27569
1032719531.2500001,-56.2295
1032719687.5000001,-56.31836
1032719843.7500001,-56.32753
1032720000.0000001,-56.39814
1032720156.2500001,-56.27925
1032720312.5000001,-56.24521
1032720468.7500001,-56.36611
1032720625.0000001,-56.33268
1032720781.2500001,-56.4395
1032720937.5000001,-56.29132
1032721093.7500001,-56.2766
1032721250.0000001,-56.34382
1032721406.2500001,-56.39923
1032721562.5000001,-56.27769
1032721718.7500001,-56.27771
1032721875.0000001,-56.27581
1032722031.2500001,-56.18405
1032722187.5000001,-56.34696
1032722343.7500001,-56.25584
1032722500.0000001,-56.4048
1032722656.2500001,-56.32666
1032722812.5000001,-56.33615
1032722968.7500001,-56.23757
1032723125.0000001,-56.33549
1032723281.2500001,-56.23951
1032723437.5000001,-56.35796
1032723593.7500001,-56.24398
1032723750.0000001,-56.29331
1032723906.2500001,-56.25549
1032724062.5000001,-56.2907
1032724218.7500001,-56.25869
1032724375.0000001,-56.26851
1032724531.2500001,-56.42479
1032724687.5000001,-56.32845
1032724843.7500001,-56.30154
1032725000.0000001,-56.39478
1032725156.2500001,-56.23833
1032725312.5000001,-56.35516
1032725468.7500001,-56.31958
1032725625.0000001,-56.22415
1032725781.2500001,-56.24792
1032725937.5000001,-56.35786
1032726093.7500001,-56.46717
1032726250.0000001,-56.23837
1032726406.2500001,-56.32259
1032726562.5000001,-56.19279
1032726718.7500001,-56.22804
1032726875.0000001,-56.32246
1032727031.2500001,-56.43259
1032727187.5000001,-56.28341
1032727343.7500001,-56.31422
1032727500.0000001,-56.2203
1032727656.2500001,-56.2641
1032727812.5000001,-56.29763
1032727968.7500001,-56.35433
1032728125.0000001,-56.22644
1032728281.2500001,-56.37273
1032728437.5000001,-56.21854
1032728593.7500001,-56.2478
1032728750.0000001,-56.29206
1032728906.2500001,-56.28877
1032729062.5000001,-56.22325
1032729218.7500001,-56.28436
1032729375.0000001,-56.26626
1032729531.2500001,-56.19005
1032729687.5000001,-56.27867
1032729843.7500001,-56.27525
1032730000.0000001,-56.22961
1032730156.2500001,-56.26791
1032730312.5000001,-56.24329
1032730468.7500001,-56.13977
1032730625.0000001,-56.33377
1032730781.2500001,-56.3119
1032730937.5000001,-56.27066
1032731093.7500001,-56.37404
1032731250.0000001,-56.33678
1032731406.2500001,-56.18509
1032731562.5000001,-56.35454
1032731718.7500001,-56.30964
1032731875.0000001,-56.35925
1032732031.2500001,-56.21324
1032732187.5000001,-56.37029
1032732343.7500001,-56.40226
1032732500.0000001,-56.44811
1032732656.2500001,-56.2916
1032732812.5000001,-56.34079
1032732968.7500001,-56.23171
1032733125.0000001,-56.27217
1032733281.2500001,-56.27925
1032733437.5000001,-56.28817
1032733593.7500001,-56.29069
1032733750.0000001,-56.28276
1032733906.2500001,-56.29429
1032734062.5000001,-56.2633
1032734218.7500001,-56.25391
1032734375.0000001,-56.27477
1032734531.2500001,-56.27057
1032734687.5000001,-56.21574
1032734843.7500001,-56.37132
1032735000.0000001,-56.12949
1032735156.2500001,-56.33935
1032735312.5000001,-56.32047
1032735468.7500001,-56.1967
1032735625.0000001,-56.28099
1032735781.2500001,-56.29172
1032735937.5000001,-56.16125
1032736093.7500001,-56.2328
1032736250.0000001,-56.30096
1032736406.2500001,-56.19584
1032736562.5000001,-56.18311
1032736718.7500001,-56.30042
1032736875.0000001,-56.23344
1032737031.2500001,-56.27369
1032737187.5000001,-56.26347
1032737343.7500001,-56.30801
1032737500.0000001,-56.35745
1032737656.2500001,-56.36414
1032737812.5000001,-56.24373
1032737968.7500001,-56.26878
1032738125.0000001,-56.24459
1032738281.2500001,-56.27561
1032738437.5000001,-56.20084
1032738593.7500001,-56.15267
1032738750.0000001,-56.25278
1032738906.2500001,-56.28467
1032739062.5000001,-56.17952
1032739218.7500001,-56.3099
1032739375.0000001,-56.24071
1032739531.2500001,-56.29849
1032739687.5000001,-56.25298
1032739843.7500001,-56.34354
1032740000.0000001,-56.24255
1032740156.2500001,-56.2016
1032740312.5000001,-56.29179
1032740468.7500001,-56.27837
1032740625.0000001,-56.1967
1032740781.2500001,-56.2075
1032740937.5000001,-56.20729
1032741093.7500001,-56.19209
1032741250.0000001,-56.24275
1032741406.2500001,-56.23282
1032741562.5000001,-56.10987
1032741718.7500001,-56.24601
1032741875.0000001,-56.25308
1032742031.2500001,-56.29681
1032742187.5000001,-56.23864
1032742343.7500001,-56.18696
1032742500.0000001,-56.287
1032742656.2500001,-56.25006
1032742812.5000001,-56.2728
1032742968.7500001,-56.3238
1032743125.0000001,-56.27577
1032743281.2500001,-56.12844
1032743437.5000001,-56.2294
1032743593.7500001,-56.26227
1032743750.0000001,-56.28976
1032743906.2500001,-56.23783
1032744062.5000001,-56.1331
1032744218.7500001,-56.27906
1032744375.0000001,-56.26612
1032744531.2500001,-56.37017
1032744687.5000001,-56.22326
1032744843.7500001,-56.28728
1032745000.0000001,-56.31796
1032745156.2500001,-56.33649
1032745312.5000001,-56.2273
1032745468.7500001,-56.25417
1032745625.0000001,-56.20956
1032745781.2500001,-56.28741
1032745937.5000001,-56.22877
1032746093.7500001,-56.27576
1032746250.0000001,-56.2824
1032746406.2500001,-56.17959
1032746562.5000001,-56.13978
1032746718.7500001,-56.18206
1032746875.0000001,-56.25007
1032747031.2500001,-56.22004
1032747187.5000001,-56.30548
1032747343.7500001,-56.12134
1032747500.0000001,-56.31629
1032747656.2500001,-56.27943
1032747812.5000001,-56.16588
1032747968.7500001,-56.25513
1032748125.0000001,-56.27023
1032748281.2500001,-56.24511
1032748437.5000001,-56.2392
1032748593.7500001,-56.12449
1032748750.0000001,-56.17702
1032748906.2500001,-56.13996
1032749062.5000001,-56.11077
1032749218.7500001,-56.27945
1032749375.0000001,-56.2518
1032749531.2500001,-56.23685
1032749687.5000001,-56.22899
1032749843.7500001,-56.19553
1032750000.0000001,-56.19801
1032750156.2500001,-56.25619
1032750312.5000001,-56.17174
1032750468.7500001,-56.25062
1032750625.0000001,-56.19532
1032750781.2500001,-56.2917
1032750937.5000001,-56.22046
1032751093.7500001,-56.19444
1032751250.0000001,-56.25546
1032751406.2500001,-56.23522
1032751562.5000001,-56.24798
1032751718.7500001,-56.24501
1032751875.0000001,-56.21389
1032752031.2500001,-56.16154
1032752187.5000001,-56.16919
1032752343.7500001,-56.19141
1032752500.0000001,-56.10617
1032752656.2500001,-56.29693
1032752812.5000001,-56.11615
1032752968.7500001,-56.12876
1032753125.0000001,-56.31375
1032753281.2500001,-56.28452
1032753437.5000001,-56.22124
1032753593.7500001,-56.16237
1032753750.0000001,-56.2056
1032753906.2500001,-56.23279
1032754062.5000001,-56.33656
1032754218.7500001,-56.16306
1032754375.0000001,-56.22156
1032754531.2500001,-56.04268
1032754687.5000001,-56.21526
1032754843.7500001,-56.16693
1032755000.0000001,-56.15733
1032755156.2500001,-56.25845
1032755312.5000001,-56.31213
1032755468.7500001,-56.26193
1032755625.0000001,-56.09892
1032755781.2500001,-56.2311
1032755937.5000001,-56.13533
1032756093.7500001,-56.22395
1032756250.0000001,-56.27741
1032756406.2500001,-56.15324
1032756562.5000001,-56.24058
1032756718.7500001,-56.16161
1032756875.0000001,-56.17422
1032757031.2500001,-56.21058
1032757187.5000001,-56.20313
1032757343.7500001,-56.22547
1032757500.0000001,-56.12089
1032757656.2500001,-56.20617
1032757812.5000001,-56.18425
1032757968.7500001,-56.27899
1032758125.0000001,-56.20785
1032758281.2500001,-56.22278
1032758437.5000001,-56.22247
1032758593.7500001,-56.35473
1032758750.0000001,-56.30423
1032758906.2500001,-56.11962
1032759062.5000001,-56.21531
1032759218.7500001,-56.22714
1032759375.0000001,-56.2267
1032759531.2500001,-56.16373
1032759687.5000001,-56.22014
1032759843.7500001,-56.27991
1032760000.0000001,-56.22518
1032760156.2500001,-56.17083
1032760312.5000001,-56.25597
1032760468.7500001,-56.16141
1032760625.0000001,-56.14479
1032760781.2500001,-56.16562
1032760937.5000001,-56.17208
1032761093.7500001,-56.19496
1032761250.0000001,-56.12892
1032761406.2500001,-56.24371
1032761562.5000001,-56.25745
1032761718.7500001,-56.24888
1032761875.0000001,-56.20791
1032762031.2500001,-56.22762
1032762187.5000001,-56.16738
1032762343.7500001,-56.1724
1032762500.0000001,-56.14487
1032762656.2500001,-56.18993
1032762812.5000001,-56.40863
1032762968.7500001,-56.09215
1032763125.0000001,-56.15131
1032763281.2500001,-56.14485
1032763437.5000001,-56.23106
1032763593.7500001,-56.10743
1032763750.0000001,-56.16661
1032763906.2500001,-56.30188
1032764062.5000001,-56.2384
1032764218.7500001,-56.28279
1032764375.0000001,-56.17422
1032764531.2500001,-56.17153
1032764687.5000001,-56.21827
1032764843.7500001,-56.01512
1032765000.0000001,-56.1283
1032765156.2500001,-56.0603
1032765312.5000001,-56.27262
1032765468.7500001,-56.14458
1032765625.0000001,-56.21357
1032765781.2500001,-56.22738
1032765937.5000001,-56.06981
1032766093.7500001,-56.21206
1032766250.0000001,-56.1557
1032766406.2500001,-56.21775
1032766562.5000001,-56.2223
1032766718.7500001,-56.2152
1032766875.0000001,-56.27913
1032767031.2500001,-56.19233
1032767187.5000001,-56.09707
1032767343.7500001,-56.07227
1032767500.0000001,-56.31898
1032767656.2500001,-56.17166
1032767812.5000001,-56.11095
1032767968.7500001,-56.17464
1032768125.0000001,-56.31292
1032768281.2500001,-56.27546
1032768437.5000001,-56.15268
1032768593.7500001,-56.28359
1032768750.0000001,-56.25041
1032768906.2500001,-56.15603
1032769062.5000001,-56.17959
1032769218.7500001,-56.19016
1032769375.0000001,-56.24215
1032769531.2500001,-56.21498
1032769687.5000001,-56.278
1032769843.7500001,-56.2067
1032770000.0000001,-56.16596
1032770156.2500001,-56.02136
1032770312.5000001,-56.11662
1032770468.7500001,-56.28479
1032770625.0000001,-56.24453
1032770781.2500001,-56.18472
1032770937.5000001,-56.16792
1032771093.7500001,-56.31721
1032771250.0000001,-56.24362
1032771406.2500001,-56.12769
1032771562.5000001,-56.15801
1032771718.7500001,-56.21231
1032771875.0000001,-56.18937
1032772031.2500001,-56.14559
1032772187.5000001,-56.31544
1032772343.7500001,-56.18221
1032772500.0000001,-56.01442
1032772656.2500001,-56.18211
1032772812.5000001,-56.19793
1032772968.7500001,-56.11883
1032773125.0000001,-56.14468
1032773281.2500001,-56.13277
1032773437.5000001,-56.22439
1032773593.7500001,-56.17983
1032773750.0000001,-56.13604
1032773906.2500001,-56.25287
1032774062.5000001,-56.18814
1032774218.7500001,-56.12162
1032774375.0000001,-56.23043
1032774531.2500001,-56.16198
1032774687.5000001,-56.15899
1032774843.7500001,-56.19353
1032775000.0000001,-56.17377
1032775156.2500001,-56.16645
1032775312.5000001,-56.17377
1032775468.7500001,-56.16045
1032775625.0000001,-56.09974
1032775781.2500001,-56.15427
1032775937.5000001,-56.133
1032776093.7500001,-56.19758
1032776250.0000001,-56.23064
1032776406.2500001,-56.16386
1032776562.5000001,-56.06666
1032776718.7500001,-56.16964
1032776875.0000001,-56.06773
1032777031.2500001,-56.14729
1032777187.5000001,-56.14739
1032777343.7500001,-56.24559
1032777500.0000001,-56.06454
1032777656.2500001,-56.14699
1032777812.5000001,-56.13671
1032777968.7500001,-56.11334
1032778125.0000001,-56.20432
1032778281.2500001,-56.22551
1032778437.5000001,-56.18072
1032778593.7500001,-56.14953
1032778750.0000001,-56.05015
1032778906.2500001,-56.06067
1032779062.5000001,-56.19072
1032779218.7500001,-56.19194
1032779375.0000001,-56.17321
1032779531.2500001,-56.09679
1032779687.5000001,-56.14023
1032779843.7500001,-56.13745
1032780000.0000001,-56.06388
1032780156.2500001,-56.10982
1032780312.5000001,-56.10068
1032780468.7500001,-56.16765
1032780625.0000001,-56.16322
1032780781.2500001,-56.20049
1032780937.5000001,-56.16148
1032781093.7500001,-56.14203
1032781250.0000001,-56.17433
1032781406.2500001,-56.18564
1032781562.5000001,-56.18734
1032781718.7500001,-56.11693
1032781875.0000001,-56.17633
1032782031.2500001,-56.21594
1032782187.5000001,-56.12116
1032782343.7500001,-56.14138
1032782500.0000001,-56.10397
1032782656.2500001,-56.15816
1032782812.5000001,-56.17762
1032782968.7500001,-56.21248
1032783125.0000001,-56.2132
1032783281.2500001,-56.09498
1032783437.5000001,-56.15593
1032783593.7500001,-56.18486
1032783750.0000001,-56.08324
1032783906.2500001,-56.1513
1032784062.5000001,-56.15102
1032784218.7500001,-56.16097
1032784375.0000001,-56.14283
1032784531.2500001,-56.01945
1032784687.5000001,-56.18647
1032784843.7500001,-56.09855
1032785000.0000001,-56.25245
1032785156.2500001,-56.0838
1032785312.5000001,-56.05615
1032785468.7500001,-56.18618
1032785625.0000001,-56.15051
1032785781.2500001,-56.15928
1032785937.5000001,-56.01848
1032786093.7500001,-56.07659
1032786250.0000001,-56.31281
1032786406.2500001,-56.11798
1032786562.5000001,-56.14186
1032786718.7500001,-56.174
1032786875.0000001,-56.19348
1032787031.2500001,-56.11777
1032787187.5000001,-56.11716
1032787343.7500001,-56.08622
1032787500.0000001,-56.12228
1032787656.2500001,-56.13745
1032787812.5000001,-56.13066
1032787968.7500001,-56.05465
1032788125.0000001,-56.21328
1032788281.2500001,-56.09671
1032788437.5000001,-56.08641
1032788593.7500001,-56.08305
1032788750.0000001,-56.1245
1032788906.2500001,-56.12946
1032789062.5000001,-56.12986
1032789218.7500001,-56.08059
1032789375.0000001,-56.12091
1032789531.2500001,-56.15926
1032789687.5000001,-56.09677
1032789843.7500001,-56.12671
1032790000.0000001,-56.21627
1032790156.2500001,-56.07333
1032790312.5000001,-56.06942
1032790468.7500001,-56.11212
1032790625.0000001,-56.08994
1032790781.2500001,-56.03094
1032790937.5000001,-56.13476
1032791093.7500001,-56.08083
1032791250.0000001,-56.06013
1032791406.2500001,-56.09464
1032791562.5000001,-56.0786
1032791718.7500001,-56.14954
1032791875.0000001,-56.00009
1032792031.2500001,-55.98336
1032792187.5000001,-56.18205
1032792343.7500001,-56.15781
1032792500.0000001,-56.08492
1032792656.2500001,-55.99991
1032792812.5000001,-56.08213
1032792968.7500001,-56.21366
1032793125.0000001,-56.13704
1032793281.2500001,-56.05516
1032793437.5000001,-56.16752
1032793593.7500001,-56.14117
1032793750.0000001,-56.09738
1032793906.2500001,-56.10819
1032794062.5000001,-56.10064
1032794218.7500001,-56.10067
1032794375.0000001,-56.2008
1032794531.2500001,-56.10466
1032794687.5000001,-56.05498
1032794843.7500001,-56.02652
1032795000.0000001,-56.09582
1032795156.2500001,-56.03366
1032795312.5000001,-56.13581
1032795468.7500001,-56.11158
1032795625.0000001,-56.09129
1032795781.2500001,-56.06848
1032795937.5000001,-56.10564
1032796093.7500001,-56.07585
1032796250.0000001,-56.11445
1032796406.2500001,-56.07603
1032796562.5000001,-56.10995
1032796718.7500001,-56.14561
1032796875.0000001,-56.04763
1032797031.2500001,-56.14364
1032797187.5000001,-56.02197
1032797343.7500001,-56.04932
1032797500.0000001,-56.10002
1032797656.2500001,-56.13687
1032797812.5000001,-55.93167
1032797968.7500001,-56.17175
1032798125.0000001,-56.11339
1032798281.2500001,-56.06266
1032798437.5000001,-56.02459
1032798593.7500001,-56.13113
1032798750.0000001,-56.18386
1032798906.2500001,-56.18195
1032799062.5000001,-56.16247
1032799218.7500001,-56.04003
1032799375.0000001,-56.13266
1032799531.2500001,-56.11771
1032799687.5000001,-56.16911
1032799843.7500001,-56.03694
1032800000.0000001,-56.03722
1032800156.2500001,-56.14899
1032800312.5000001,-56.04925
1032800468.7500001,-56.15607
1032800625.0000001,-56.14253
1032800781.2500001,-55.91707
1032800937.5000001,-56.12159
1032801093.7500001,-56.10702
1032801250.0000001,-56.06558
1032801406.2500001,-56.20444
1032801562.5000001,-56.11035
1032801718.7500001,-56.09429
1032801875.0000001,-56.15387
1032802031.2500001,-56.08699
1032802187.5000001,-55.96814
1032802343.7500001,-56.16917
1032802500.0000001,-56.1537
1032802656.2500001,-56.04717
1032802812.5000001,-56.01295
1032802968.7500001,-56.09499
1032803125.0000001,-56.10622
1032803281.2500001,-56.02983
1032803437.5000001,-56.0385
1032803593.7500001,-56.09121
1032803750.0000001,-56.10092
1032803906.2500001,-55.97949
1032804062.5000001,-56.00761
1032804218.7500001,-56.1663
1032804375.0000001,-56.17776
1032804531.2500001,-56.20951
1032804687.5000001,-56.01495
1032804843.7500001,-56.05137
1032805000.0000001,-56.08879
1032805156.2500001,-56.11073
1032805312.5000001,-56.20798
1032805468.7500001,-56.10152
1032805625.0000001,-56.14423
1032805781.2500001,-56.07241
1032805937.5000001,-56.08487
1032806093.7500001,-55.95179
1032806250.0000001,-56.07981
1032806406.2500001,-56.11217
1032806562.5000001,-56.07608
1032806718.7500001,-56.0219
1032806875.0000001,-56.1019
1032807031.2500001,-56.05999
1032807187.5000001,-56.08895
1032807343.7500001,-56.05582
1032807500.0000001,-56.15073
1032807656.2500001,-56.04156
1032807812.5000001,-56.05339
1032807968.7500001,-56.03158
1032808125.0000001,-56.02631
1032808281.2500001,-56.0598
1032808437.5000001,-56.13431
1032808593.7500001,-56.03056
1032808750.0000001,-56.08634
1032808906.2500001,-56.10333
1032809062.5000001,-56.09233
1032809218.7500001,-56.07016
1032809375.0000001,-56.08927
1032809531.2500001,-56.00993
1032809687.5000001,-56.04999
1032809843.7500001,-56.06384
1032810000.0000001,-56.03679
1032810156.2500001,-56.15272
1032810312.5000001,-55.97926
1032810468.7500001,-56.11794
1032810625.0000001,-56.05639
1032810781.2500001,-56.02556
1032810937.5000001,-56.07911
1032811093.7500001,-56.07269
1032811250.0000001,-56.15862
1032811406.2500001,-55.98836
1032811562.5000001,-56.01945
1032811718.7500001,-56.0399
1032811875.0000001,-56.04139
1032812031.2500001,-55.96796
1032812187.5000001,-56.00462
1032812343.7500001,-56.09812
1032812500.0000001,-56.11478
1032812656.2500001,-56.05904
1032812812.5000001,-56.06004
1032812968.7500001,-56.16447
1032813125.0000001,-55.93351
1032813281.2500001,-55.96079
1032813437.5000001,-55.97115
1032813593.7500001,-56.08608
1032813750.0000001,-56.17505
1032813906.2500001,-56.0181
1032814062.5000001,-56.11291
1032814218.7500001,-56.03431
1032814375.0000001,-56.00374
1032814531.2500001,-55.98948
1032814687.5000001,-56.02141
1032814843.7500001,-56.16401
1032815000.0000001,-56.08586
1032815156.2500001,-56.08056
1032815312.5000001,-56.05418
1032815468.7500001,-56.08106
1032815625.0000001,-55.99488
1032815781.2500001,-56.24184
1032815937.5000001,-55.96845
1032816093.7500001,-55.96438
1032816250.0000001,-55.98915
1032816406.2500001,-56.12616
1032816562.5000001,-55.96974
1032816718.7500001,-56.08914
1032816875.0000001,-56.07874
1032817031.2500001,-56.06954
1032817187.5000001,-56.03847
1032817343.7500001,-56.16804
1032817500.0000001,-56.00887
1032817656.2500001,-56.06477
1032817812.5000001,-56.03424
1032817968.7500001,-56.06969
1032818125.0000001,-56.03104
1032818281.2500001,-55.96632
1032818437.5000001,-55.95855
1032818593.7500001,-55.95206
1032818750.0000001,-56.15144
1032818906.2500001,-55.97064
1032819062.5000001,-56.03315
1032819218.7500001,-56.04243
1032819375.0000001,-56.06805
1032819531.2500001,-56.04527
1032819687.5000001,-56.13698
1032819843.7500001,-55.98881
1032820000.0000001,-55.95987
1032820156.2500001,-56.06283
1032820312.5000001,-56.03198
1032820468.7500001,-56.02427
1032820625.0000001,-56.11981
1032820781.2500001,-56.07309
1032820937.5000001,-55.98508
1032821093.7500001,-56.10748
1032821250.0000001,-55.96412
1032821406.2500001,-56.06433
1032821562.5000001,-56.02008
1032821718.7500001,-56.01858
1032821875.0000001,-56.02575
1032822031.2500001,-56.05005
1032822187.5000001,-56.15748
1032822343.7500001,-55.95174
1032822500.0000001,-56.02211
1032822656.2500001,-56.03957
1032822812.5000001,-56.04174
1032822968.7500001,-56.08355
1032823125.0000001,-56.04021
1032823281.2500001,-56.09433
1032823437.5000001,-56.01854
1032823593.7500001,-56.01157
1032823750.0000001,-55.99023
1032823906.2500001,-56.05039
1032824062.5000001,-56.0047
1032824218.7500001,-55.94352
1032824375.0000001,-56.11803
1032824531.2500001,-56.11982
1032824687.5000001,-56.0246
1032824843.7500001,-55.92371
1032825000.0000001,-56.01139
1032825156.2500001,-56.12226
1032825312.5000001,-56.00896
1032825468.7500001,-56.15334
1032825625.0000001,-56.08257
1032825781.2500001,-56.01964
1032825937.5000001,-55.90152
1032826093.7500001,-56.00417
1032826250.0000001,-56.11155
1032826406.2500001,-56.00378
1032826562.5000001,-55.97173
1032826718.7500001,-55.98475
1032826875.0000001,-55.89035
1032827031.2500001,-55.93394
1032827187.5000001,-56.03755
1032827343.7500001,-56.10358
1032827500.0000001,-55.92631
1032827656.2500001,-56.11985
1032827812.5000001,-56.0795
1032827968.7500001,-56.03247
1032828125.0000001,-56.09951
1032828281.2500001,-56.00737
1032828437.5000001,-56.03995
1032828593.7500001,-56.06971
1032828750.0000001,-56.07358
1032828906.2500001,-55.99652
1032829062.5000001,-55.98538
1032829218.7500001,-56.07396
1032829375.0000001,-56.02774
1032829531.2500001,-55.96074
1032829687.5000001,-55.99397
1032829843.7500001,-55.97343
1032830000.0000001,-56.00143
1032830156.2500001,-56.01513
1032830312.5000001,-56.04058
1032830468.7500001,-55.99464
1032830625.0000001,-56.02406
1032830781.2500001,-56.08873
1032830937.5000001,-55.93116
1032831093.7500001,-55.94568
1032831250.0000001,-55.92627
1032831406.2500001,-55.99779
1032831562.5000001,-56.14067
1032831718.7500001,-55.99492
1032831875.0000001,-55.97132
1032832031.2500001,-56.03346
1032832187.5000001,-56.00566
1032832343.7500001,-56.00845
1032832500.0000001,-56.05902
1032832656.2500001,-56.04015
1032832812.5000001,-55.91878
1032832968.7500001,-55.9916
1032833125.0000001,-56.06447
1032833281.2500001,-55.95843
1032833437.5000001,-56.02417
1032833593.7500001,-55.87502
1032833750.0000001,-55.9616
1032833906.2500001,-55.96484
1032834062.5000001,-55.9967
1032834218.7500001,-56.03918
1032834375.0000001,-56.08836
1032834531.2500001,-55.95745
1032834687.5000001,-56.07222
1032834843.7500001,-56.01884
1032835000.0000001,-55.97625
1032835156.2500001,-55.96053
1032835312.5000001,-55.98448
1032835468.7500001,-55.92611
1032835625.0000001,-56.02942
1032835781.2500001,-56.03726
1032835937.5000001,-56.02539
1032836093.7500001,-55.97997
1032836250.0000001,-56.02084
1032836406.2500001,-55.94233
1032836562.5000001,-55.98715
1032836718.7500001,-55.92622
1032836875.0000001,-56.01097
1032837031.2500001,-55.96814
1032837187.5000001,-55.88025
1032837343.7500001,-55.92069
1032837500.0000001,-55.90147
1032837656.2500001,-56.09658
1032837812.5000001,-55.98539
1032837968.7500001,-55.94393
1032838125.0000001,-55.97628
1032838281.2500001,-56.02959
1032838437.5000001,-56.05574
1032838593.7500001,-56.0421
1032838750.0000001,-56.06926
1032838906.2500001,-55.95919
1032839062.5000001,-56.02704
1032839218.7500001,-55.87596
1032839375.0000001,-55.98423
1032839531.2500001,-56.0309
1032839687.5000001,-55.93113
1032839843.7500001,-55.9967
1032840000.0000001,-56.02051
1032840156.2500001,-56.03099
1032840312.5000001,-55.95608
1032840468.7500001,-55.98223
1032840625.0000001,-56.01933
1032840781.2500001,-56.01361
1032840937.5000001,-55.85865
1032841093.7500001,-56.05379
1032841250.0000001,-56.0111
1032841406.2500001,-56.05797
1032841562.5000001,-55.99377
1032841718.7500001,-55.92014
1032841875.0000001,-55.92235
1032842031.2500001,-55.90203
1032842187.5000001,-56.00777
1032842343.7500001,-55.97113
1032842500.0000001,-55.93584
1032842656.2500001,-55.95764
1032842812.5000001,-55.85128
1032842968.7500001,-55.98072
1032843125.0000001,-55.92015
1032843281.2500001,-55.89643
1032843437.5000001,-55.99529
1032843593.7500001,-55.95572
1032843750.0000001,-55.87574
1032843906.2500001,-55.94472
1032844062.5000001,-55.99804
1032844218.7500001,-55.93533
1032844375.0000001,-55.97527
1032844531.2500001,-55.95763
1032844687.5000001,-55.97368
1032844843.7500001,-56.03608
1032845000.0000001,-55.92416
1032845156.2500001,-56.08601
1032845312.5000001,-55.96783
1032845468.7500001,-56.11724
1032845625.0000001,-56.02142
1032845781.2500001,-56.00648
1032845937.5000001,-55.83937
1032846093.7500001,-55.92181
1032846250.0000001,-55.98992
1032846406.2500001,-55.91788
1032846562.5000001,-55.89616
1032846718.7500001,-55.93732
1032846875.0000001,-55.96001
1032847031.2500001,-56.08079
1032847187.5000001,-55.88307
1032847343.7500001,-56.01283
1032847500.0000001,-55.90256
1032847656.2500001,-56.02118
1032847812.5000001,-55.90724
1032847968.7500001,-56.06802
1032848125.0000001,-55.92672
1032848281.2500001,-55.9689
1032848437.5000001,-55.85059
1032848593.7500001,-55.94538
1032848750.0000001,-56.06332
1032848906.2500001,-56.02462
1032849062.5000001,-55.88745
1032849218.7500001,-55.95215
1032849375.0000001,-56.04652
1032849531.2500001,-55.96687
1032849687.5000001,-55.90712
1032849843.7500001,-55.86071
1032850000.0000001,-55.94084
1032850156.2500001,-55.87999
1032850312.5000001,-55.8248
1032850468.7500001,-55.9655
1032850625.0000001,-55.88029
1032850781.2500001,-55.95071
1032850937.5000001,-55.97467
1032851093.7500001,-55.92839
1032851250.0000001,-55.95869
1032851406.2500001,-56.00011
1032851562.5000001,-55.87245
1032851718.7500001,-55.97147
1032851875.0000001,-55.89267
1032852031.2500001,-55.95819
1032852187.5000001,-55.97115
1032852343.7500001,-55.90733
1032852500.0000001,-56.03657
1032852656.2500001,-55.84315
1032852812.5000001,-55.97943
1032852968.7500001,-55.99652
1032853125.0000001,-55.97005
1032853281.2500001,-55.89281
1032853437.5000001,-55.95752
1032853593.7500001,-55.95135
1032853750.0000001,-55.96274
1032853906.2500001,-56.04179
1032854062.5000001,-55.9786
1032854218.7500001,-55.87616
1032854375.0000001,-56.04521
1032854531.2500001,-55.97449
1032854687.5000001,-55.91049
1032854843.7500001,-55.96328
1032855000.0000001,-56.01794
1032855156.2500001,-55.92901
1032855312.5000001,-55.94387
1032855468.7500001,-55.97182
1032855625.0000001,-55.85786
1032855781.2500001,-55.96987
1032855937.5000001,-55.85695
1032856093.7500001,-55.91197
1032856250.0000001,-55.87292
1032856406.2500001,-55.98458
1032856562.5000001,-55.90779
1032856718.7500001,-55.93984
1032856875.0000001,-55.96282
1032857031.2500001,-55.76195
1032857187.5000001,-56.01133
1032857343.7500001,-55.93272
1032857500.0000001,-55.86263
1032857656.2500001,-55.94744
1032857812.5000001,-55.98783
1032857968.7500001,-55.89955
1032858125.0000001,-55.8771
1032858281.2500001,-55.92506
1032858437.5000001,-55.90369
1032858593.7500001,-55.99179
1032858750.0000001,-55.92577
1032858906.2500001,-55.90186
1032859062.5000001,-55.88502
1032859218.7500001,-55.95835
1032859375.0000001,-55.8428
1032859531.2500001,-56.04003
1032859687.5000001,-55.88275
1032859843.7500001,-55.95469
1032860000.0000001,-55.81133
1032860156.2500001,-55.85937
1032860312.5000001,-55.87969
1032860468.7500001,-55.90146
1032860625.0000001,-55.97957
1032860781.2500001,-55.9327
1032860937.5000001,-55.87332
1032861093.7500001,-55.99094
1032861250.0000001,-55.88933
1032861406.2500001,-55.80702
1032861562.5000001,-55.85369
1032861718.7500001,-55.8934
1032861875.0000001,-55.83561
1032862031.2500001,-55.84107
1032862187.5000001,-55.86899
1032862343.7500001,-55.91614
1032862500.0000001,-55.90823
1032862656.2500001,-55.96537
1032862812.5000001,-55.94043
1032862968.7500001,-55.78564
1032863125.0000001,-55.85144
1032863281.2500001,-55.93406
1032863437.5000001,-56.02259
1032863593.7500001,-55.87949
1032863750.0000001,-55.91982
1032863906.2500001,-55.95397
1032864062.5000001,-55.9392
1032864218.7500001,-55.84468
1032864375.0000001,-55.82221
1032864531.2500001,-55.99975
1032864687.5000001,-55.87065
1032864843.7500001,-55.97289
1032865000.0000001,-55.78944
1032865156.2500001,-55.86097
1032865312.5000001,-55.97886
1032865468.7500001,-55.87375
1032865625.0000001,-55.85489
1032865781.2500001,-55.79498
1032865937.5000001,-55.90495
1032866093.7500001,-55.87008
1032866250.0000001,-55.91258
1032866406.2500001,-55.83024
1032866562.5000001,-55.86677
1032866718.7500001,-55.8996
1032866875.0000001,-55.82902
1032867031.2500001,-55.87885
1032867187.5000001,-55.86277
1032867343.7500001,-55.93262
1032867500.0000001,-55.8415
1032867656.2500001,-55.87426
1032867812.5000001,-55.97723
1032867968.7500001,-55.76344
1032868125.0000001,-55.89178
1032868281.2500001,-55.82397
1032868437.5000001,-55.85082
1032868593.7500001,-55.87669
1032868750.0000001,-55.89518
1032868906.2500001,-55.94597
1032869062.5000001,-56.0285
1032869218.7500001,-55.87253
1032869375.0000001,-55.87176
1032869531.2500001,-55.86433
1032869687.5000001,-55.90525
1032869843.7500001,-55.93456
1032870000.0000001,-56.01824
1032870156.2500001,-55.93479
1032870312.5000001,-55.89206
1032870468.7500001,-55.82172
1032870625.0000001,-55.79952
1032870781.2500001,-55.96242
1032870937.5000001,-55.84004
1032871093.7500001,-55.8435
1032871250.0000001,-55.96155
1032871406.2500001,-55.9538
1032871562.5000001,-55.97229
1032871718.7500001,-55.77114
1032871875.0000001,-55.94731
1032872031.2500001,-55.92013
1032872187.5000001,-55.85098
1032872343.7500001,-55.93162
1032872500.0000001,-55.88006
1032872656.2500001,-55.81681
1032872812.5000001,-55.87908
1032872968.7500001,-55.82837
1032873125.0000001,-55.96336
1032873281.2500001,-55.88904
1032873437.5000001,-55.83025
1032873593.7500001,-55.88219
1032873750.0000001,-55.80437
1032873906.2500001,-55.83457
1032874062.5000001,-55.84128
1032874218.7500001,-55.8577
1032874375.0000001,-55.874
1032874531.2500001,-55.9287
1032874687.5000001,-55.91507
1032874843.7500001,-55.83479
1032875000.0000001,-55.93358
1032875156.2500001,-55.89489
1032875312.5000001,-55.89774
1032875468.7500001,-55.78252
1032875625.0000001,-55.81999
1032875781.2500001,-55.83663
1032875937.5000001,-55.82347
1032876093.7500001,-55.8303
1032876250.0000001,-55.93344
1032876406.2500001,-55.74742
1032876562.5000001,-55.94828
1032876718.7500001,-55.84478
1032876875.0000001,-55.87328
1032877031.2500001,-55.88322
1032877187.5000001,-55.91943
1032877343.7500001,-55.84385
1032877500.0000001,-55.84023
1032877656.2500001,-55.82287
1032877812.5000001,-55.81434
1032877968.7500001,-55.77091
1032878125.0000001,-55.91515
1032878281.2500001,-55.92547
1032878437.5000001,-55.80599
1032878593.7500001,-55.92424
1032878750.0000001,-55.94655
1032878906.2500001,-55.85104
1032879062.5000001,-55.82939
1032879218.7500001,-55.82418
1032879375.0000001,-55.82884
1032879531.2500001,-55.78929
1032879687.5000001,-55.9581
1032879843.7500001,-55.84005
1032880000.0000001,-55.86206
1032880156.2500001,-55.83205
1032880312.5000001,-55.82059
1032880468.7500001,-55.87771
1032880625.0000001,-55.86789
1032880781.2500001,-55.82862
1032880937.5000001,-55.73928
1032881093.7500001,-55.8755
1032881250.0000001,-55.85593
1032881406.2500001,-55.85936
1032881562.5000001,-55.76747
1032881718.7500001,-55.87894
1032881875.0000001,-55.91242
1032882031.2500001,-55.88084
1032882187.5000001,-55.81888
1032882343.7500001,-55.87686
1032882500.0000001,-55.79873
1032882656.2500001,-55.865
1032882812.5000001,-55.85709
1032882968.7500001,-55.92337
1032883125.0000001,-55.95934
1032883281.2500001,-55.87362
1032883437.5000001,-55.86479
1032883593.7500001,-55.87009
1032883750.0000001,-55.95751
1032883906.2500001,-55.79507
1032884062.5000001,-55.87773
1032884218.7500001,-55.78469
1032884375.0000001,-55.7477
1032884531.2500001,-55.97261
1032884687.5000001,-55.80698
1032884843.7500001,-55.85903
1032885000.0000001,-55.84364
1032885156.2500001,-55.94286
1032885312.5000001,-55.88633
1032885468.7500001,-55.8254
1032885625.0000001,-55.81075
1032885781.2500001,-55.77949
1032885937.5000001,-55.84143
1032886093.7500001,-55.87256
1032886250.0000001,-55.86036
1032886406.2500001,-55.93713
1032886562.5000001,-55.94394
1032886718.7500001,-55.84553
1032886875.0000001,-55.95273
1032887031.2500001,-55.8429
1032887187.5000001,-55.66297
1032887343.7500001,-55.85412
1032887500.0000001,-55.77047
1032887656.2500001,-55.9054
1032887812.5000001,-55.83885
1032887968.7500001,-55.74656
1032888125.0000001,-55.77009
1032888281.2500001,-55.92862
1032888437.5000001,-55.87288
1032888593.7500001,-55.8554
1032888750.0000001,-55.77939
1032888906.2500001,-55.83743
1032889062.5000001,-55.8259
1032889218.7500001,-55.88984
1032889375.0000001,-55.82486
1032889531.2500001,-55.8457
1032889687.5000001,-55.92482
1032889843.7500001,-55.8544
1032890000.0000001,-55.87938
1032890156.2500001,-55.85664
1032890312.5000001,-55.77382
1032890468.7500001,-55.8905
1032890625.0000001,-55.83778
1032890781.2500001,-55.75995
1032890937.5000001,-55.75022
1032891093.7500001,-55.79846
1032891250.0000001,-55.86602
1032891406.2500001,-55.91882
1032891562.5000001,-55.86818
1032891718.7500001,-55.8373
1032891875.0000001,-55.86741
1032892031.2500001,-55.78653
1032892187.5000001,-55.84576
1032892343.7500001,-55.90471
1032892500.0000001,-55.79959
1032892656.2500001,-55.9109
1032892812.5000001,-55.94584
1032892968.7500001,-55.85148
1032893125.0000001,-55.7833
1032893281.2500001,-55.80357
1032893437.5000001,-55.8055
1032893593.7500001,-55.7696
1032893750.0000001,-55.76257
1032893906.2500001,-55.83878
1032894062.5000001,-55.82168
1032894218.7500001,-55.82516
1032894375.0000001,-55.83414
1032894531.2500001,-55.86709
1032894687.5000001,-55.84303
1032894843.7500001,-55.77245
1032895000.0000001,-55.75684
1032895156.2500001,-55.85266
1032895312.5000001,-55.76033
1032895468.7500001,-55.85609
1032895625.0000001,-55.8257
1032895781.2500001,-55.68752
1032895937.5000001,-55.81024
1032896093.7500001,-55.82986
1032896250.0000001,-55.89109
1032896406.2500001,-56.03627
1032896562.5000001,-55.85838
1032896718.7500001,-55.79932
1032896875.0000001,-55.76045
1032897031.2500001,-55.80373
1032897187.5000001,-55.79555
1032897343.7500001,-55.70974
1032897500.0000001,-55.8545
1032897656.2500001,-55.90531
1032897812.5000001,-55.73229
1032897968.7500001,-55.87219
1032898125.0000001,-55.77139
1032898281.2500001,-55.84994
1032898437.5000001,-55.7923
1032898593.7500001,-55.90976
1032898750.0000001,-55.78386
1032898906.2500001,-55.80029
1032899062.5000001,-55.82389
1032899218.7500001,-55.75161
1032899375.0000001,-55.87965
1032899531.2500001,-55.78518
1032899687.5000001,-55.80278
1032899843.7500001,-55.85526
1032900000.0000001,-55.87625
1032900156.2500001,-55.85603
1032900312.5000001,-55.86025
1032900468.7500001,-55.82068
1032900625.0000001,-55.80918
1032900781.2500001,-55.7785
1032900937.5000001,-55.95508
1032901093.7500001,-55.88397
1032901250.0000001,-55.88784
1032901406.2500001,-55.74031
1032901562.5000001,-55.84515
1032901718.7500001,-55.73814
1032901875.0000001,-55.66164
1032902031.2500001,-55.69598
1032902187.5000001,-55.83334
1032902343.7500001,-55.89436
1032902500.0000001,-55.80618
1032902656.2500001,-55.82652
1032902812.5000001,-55.77605
1032902968.7500001,-55.79138
1032903125.0000001,-55.73794
1032903281.2500001,-55.84653
1032903437.5000001,-55.76075
1032903593.7500001,-55.74564
1032903750.0000001,-55.7565
1032903906.2500001,-55.77515
1032904062.5000001,-55.79318
1032904218.7500001,-55.77498
1032904375.0000001,-55.79636
1032904531.2500001,-55.83689
1032904687.5000001,-55.79282
1032904843.7500001,-55.79282
1032905000.0000001,-55.8784
1032905156.2500001,-55.8144
1032905312.5000001,-55.80199
1032905468.7500001,-55.79803
1032905625.0000001,-55.74489
1032905781.2500001,-55.84267
1032905937.5000001,-55.75983
1032906093.7500001,-55.73264
1032906250.0000001,-55.7198
1032906406.2500001,-55.80405
1032906562.5000001,-55.70668
1032906718.7500001,-55.84669
1032906875.0000001,-55.84983
1032907031.2500001,-55.89056
1032907187.5000001,-55.75475
1032907343.7500001,-55.72785
1032907500.0000001,-55.71484
1032907656.2500001,-55.88303
1032907812.5000001,-55.8333
1032907968.7500001,-55.77466
1032908125.0000001,-55.8144
1032908281.2500001,-55.70465
1032908437.5000001,-55.7901
1032908593.7500001,-55.79228
1032908750.0000001,-55.77879
1032908906.2500001,-55.85342
1032909062.5000001,-55.72462
1032909218.7500001,-55.69789
1032909375.0000001,-55.76033
1032909531.2500001,-55.78062
1032909687.5000001,-55.79829
1032909843.7500001,-55.78299
1032910000.0000001,-55.71918
1032910156.2500001,-55.7399
1032910312.5000001,-55.77848
1032910468.7500001,-55.74174
1032910625.0000001,-55.69819
1032910781.2500001,-55.79177
1032910937.5000001,-55.74599
1032911093.7500001,-55.77954
1032911250.0000001,-55.84362
1032911406.2500001,-55.7565
1032911562.5000001,-55.82388
1032911718.7500001,-55.73909
1032911875.0000001,-55.79586
1032912031.2500001,-55.71726
1032912187.5000001,-55.83838
1032912343.7500001,-55.76633
1032912500.0000001,-55.75902
1032912656.2500001,-55.83622
1032912812.5000001,-55.75609
1032912968.7500001,-55.73698
1032913125.0000001,-55.70074
1032913281.2500001,-55.63786
1032913437.5000001,-55.82012
1032913593.7500001,-55.82504
1032913750.0000001,-55.72587
1032913906.2500001,-55.69355
1032914062.5000001,-55.71788
1032914218.7500001,-55.74059
1032914375.0000001,-55.70029
1032914531.2500001,-55.81195
1032914687.5000001,-55.74887
1032914843.7500001,-55.69068
1032915000.0000001,-55.75809
1032915156.2500001,-55.80083
1032915312.5000001,-55.8001
1032915468.7500001,-55.80929
1032915625.0000001,-55.66766
1032915781.2500001,-55.63026
1032915937.5000001,-55.73264
1032916093.7500001,-55.81618
1032916250.0000001,-55.73308
1032916406.2500001,-55.70858
1032916562.5000001,-55.76993
1032916718.7500001,-55.83544
1032916875.0000001,-55.70421
1032917031.2500001,-55.69561
1032917187.5000001,-55.69617
1032917343.7500001,-55.75042
1032917500.0000001,-55.75077
1032917656.2500001,-55.81982
1032917812.5000001,-55.79972
1032917968.7500001,-55.66133
1032918125.0000001,-55.8512
1032918281.2500001,-55.81108
1032918437.5000001,-55.60474
1032918593.7500001,-55.68443
1032918750.0000001,-55.79943
1032918906.2500001,-55.77604
1032919062.5000001,-55.82951
1032919218.7500001,-55.73623
1032919375.0000001,-55.70624
1032919531.2500001,-55.66982
1032919687.5000001,-55.76534
1032919843.7500001,-55.75971
1032920000.0000001,-55.78554
1032920156.2500001,-55.79892
1032920312.5000001,-55.77357
1032920468.7500001,-55.72319
1032920625.0000001,-55.74507
1032920781.2500001,-55.79822
1032920937.5000001,-55.77831
1032921093.7500001,-55.73731
1032921250.0000001,-55.75642
1032921406.2500001,-55.72982
1032921562.5000001,-55.76398
1032921718.7500001,-55.78157
1032921875.0000001,-55.85455
1032922031.2500001,-55.73142
1032922187.5000001,-55.76554
1032922343.7500001,-55.7211
1032922500.0000001,-55.67128
1032922656.2500001,-55.76596
1032922812.5000001,-55.89829
1032922968.7500001,-55.76285
1032923125.0000001,-55.71624
1032923281.2500001,-55.77567
1032923437.5000001,-55.80312
1032923593.7500001,-55.72108
1032923750.0000001,-55.84813
1032923906.2500001,-55.73241
1032924062.5000001,-55.73315
1032924218.7500001,-55.71262
1032924375.0000001,-55.73872
1032924531.2500001,-55.73741
1032924687.5000001,-55.76975
1032924843.7500001,-55.7347
1032925000.0000001,-55.74447
1032925156.2500001,-55.77472
1032925312.5000001,-55.7482
1032925468.7500001,-55.69647
1032925625.0000001,-55.6983
1032925781.2500001,-55.71778
1032925937.5000001,-55.81403
1032926093.7500001,-55.82791
1032926250.0000001,-55.80639
1032926406.2500001,-55.75364
1032926562.5000001,-55.71004
1032926718.7500001,-55.77626
1032926875.0000001,-55.84161
1032927031.2500001,-55.71274
1032927187.5000001,-55.7904
1032927343.7500001,-55.76986
1032927500.0000001,-55.78667
1032927656.2500001,-55.7391
1032927812.5000001,-55.78378
1032927968.7500001,-55.64963
1032928125.0000001,-55.66313
1032928281.2500001,-55.69598
1032928437.5000001,-55.75742
1032928593.7500001,-55.72696
1032928750.0000001,-55.65403
1032928906.2500001,-55.71372
1032929062.5000001,-55.75937
1032929218.7500001,-55.7205
1032929375.0000001,-55.64743
1032929531.2500001,-55.65062
1032929687.5000001,-55.74701
1032929843.7500001,-55.73215
1032930000.0000001,-55.73471
1032930156.2500001,-55.7618
1032930312.5000001,-55.75702
1032930468.7500001,-55.6627
1032930625.0000001,-55.61994
1032930781.2500001,-55.75333
1032930937.5000001,-55.6544
1032931093.7500001,-55.67018
1032931250.0000001,-55.7042
1032931406.2500001,-55.71256
1032931562.5000001,-55.75515
1032931718.7500001,-55.76717
1032931875.0000001,-55.7179
1032932031.2500001,-55.69386
1032932187.5000001,-55.84254
1032932343.7500001,-55.66991
1032932500.0000001,-55.75277
1032932656.2500001,-55.61812
1032932812.5000001,-55.64879
1032932968.7500001,-55.68639
1032933125.0000001,-55.66621
1032933281.2500001,-55.62077
1032933437.5000001,-55.73063
1032933593.7500001,-55.63652
1032933750.0000001,-55.74242
1032933906.2500001,-55.69886
1032934062.5000001,-55.68569
1032934218.7500001,-55.7276
1032934375.0000001,-55.73742
1032934531.2500001,-55.77935
1032934687.5000001,-55.64923
1032934843.7500001,-55.84174
1032935000.0000001,-55.78948
1032935156.2500001,-55.78538
1032935312.5000001,-55.6937
1032935468.7500001,-55.73365
1032935625.0000001,-55.7372
1032935781.2500001,-55.6487
1032935937.5000001,-55.75517
1032936093.7500001,-55.60611
1032936250.0000001,-55.67716
1032936406.2500001,-55.72174
1032936562.5000001,-55.66386
1032936718.7500001,-55.72392
1032936875.0000001,-55.69384
1032937031.2500001,-55.63045
1032937187.5000001,-55.66415
1032937343.7500001,-55.74619
1032937500.0000001,-55.71469
1032937656.2500001,-55.65695
1032937812.5000001,-55.64813
1032937968.7500001,-55.71715
1032938125.0000001,-55.75817
1032938281.2500001,-55.8923
1032938437.5000001,-55.70616
1032938593.7500001,-55.67235
1032938750.0000001,-55.65909
1032938906.2500001,-55.66863
1032939062.5000001,-55.71984
1032939218.7500001,-55.74185
1032939375.0000001,-55.75757
1032939531.2500001,-55.70478
1032939687.5000001,-55.74056
1032939843.7500001,-55.71564
1032940000.0000001,-55.72564
1032940156.2500001,-55.67362
1032940312.5000001,-55.77732
1032940468.7500001,-55.72181
1032940625.0000001,-55.69831
1032940781.2500001,-55.75236
1032940937.5000001,-55.67368
1032941093.7500001,-55.7277
1032941250.0000001,-55.65576
1032941406.2500001,-55.77984
1032941562.5000001,-55.75949
1032941718.7500001,-55.6409
1032941875.0000001,-55.65839
1032942031.2500001,-55.7766
1032942187.5000001,-55.53947
1032942343.7500001,-55.70259
1032942500.0000001,-55.70169
1032942656.2500001,-55.62476
1032942812.5000001,-55.716
1032942968.7500001,-55.78109
1032943125.0000001,-55.72946
1032943281.2500001,-55.6218
1032943437.5000001,-55.68978
1032943593.7500001,-55.86911
1032943750.0000001,-55.60007
1032943906.2500001,-55.68496
1032944062.5000001,-55.64301
1032944218.7500001,-55.61952
1032944375.0000001,-55.66727
1032944531.2500001,-55.68966
1032944687.5000001,-55.77747
1032944843.7500001,-55.72882
1032945000.0000001,-55.59998
1032945156.2500001,-55.6438
1032945312.5000001,-55.79809
1032945468.7500001,-55.7452
1032945625.0000001,-55.62696
1032945781.2500001,-55.67459
1032945937.5000001,-55.78392
1032946093.7500001,-55.73863
1032946250.0000001,-55.64498
1032946406.2500001,-55.66402
1032946562.5000001,-55.74323
1032946718.7500001,-55.78638
1032946875.0000001,-55.80122
1032947031.2500001,-55.63788
1032947187.5000001,-55.78452
1032947343.7500001,-55.68301
1032947500.0000001,-55.6566
1032947656.2500001,-55.62602
1032947812.5000001,-55.61861
1032947968.7500001,-55.64424
1032948125.0000001,-55.58933
1032948281.2500001,-55.68065
1032948437.5000001,-55.67725
1032948593.7500001,-55.62299
1032948750.0000001,-55.63371
1032948906.2500001,-55.65127
1032949062.5000001,-55.62119
1032949218.7500001,-55.58832
1032949375.0000001,-55.63684
1032949531.2500001,-55.65442
1032949687.5000001,-55.66053
1032949843.7500001,-55.77447
1032950000.0000001,-55.68189
1032950156.2500001,-55.64826
1032950312.5000001,-55.59933
1032950468.7500001,-55.53613
1032950625.0000001,-55.62467
1032950781.2500001,-55.59719
1032950937.5000001,-55.67574
1032951093.7500001,-55.69766
1032951250.0000001,-55.6278
1032951406.2500001,-55.75465
1032951562.5000001,-55.66101
1032951718.7500001,-55.74482
1032951875.0000001,-55.58981
1032952031.2500001,-55.59582
1032952187.5000001,-55.52121
1032952343.7500001,-55.74915
1032952500.0000001,-55.78577
1032952656.2500001,-55.48631
1032952812.5000001,-55.60791
1032952968.7500001,-55.59428
1032953125.0000001,-55.63728
1032953281.2500001,-55.64511
1032953437.5000001,-55.75389
1032953593.7500001,-55.57813
1032953750.0000001,-55.71468
1032953906.2500001,-55.68587
1032954062.5000001,-55.68481
1032954218.7500001,-55.63877
1032954375.0000001,-55.63951
1032954531.2500001,-55.59963
1032954687.5000001,-55.63816
1032954843.7500001,-55.57038
1032955000.0000001,-55.60691
1032955156.2500001,-55.63909
1032955312.5000001,-55.68165
1032955468.7500001,-55.70755
1032955625.0000001,-55.6632
1032955781.2500001,-55.51172
1032955937.5000001,-55.6076
1032956093.7500001,-55.63598
1032956250.0000001,-55.64541
1032956406.2500001,-55.62438
1032956562.5000001,-55.69767
1032956718.7500001,-55.67584
1032956875.0000001,-55.69196
1032957031.2500001,-55.61606
1032957187.5000001,-55.70245
1032957343.7500001,-55.61091
1032957500.0000001,-55.60488
1032957656.2500001,-55.65779
1032957812.5000001,-55.59647
1032957968.7500001,-55.60175
1032958125.0000001,-55.60224
1032958281.2500001,-55.61005
1032958437.5000001,-55.59598
1032958593.7500001,-55.71478
1032958750.0000001,-55.58667
1032958906.2500001,-55.56943
1032959062.5000001,-55.66289
1032959218.7500001,-55.69647
1032959375.0000001,-55.55694
1032959531.2500001,-55.59099
1032959687.5000001,-55.58308
1032959843.7500001,-55.59595
1032960000.0000001,-55.66692
1032960156.2500001,-55.6498
1032960312.5000001,-55.61587
1032960468.7500001,-55.64838
1032960625.0000001,-55.6616
1032960781.2500001,-55.54669
1032960937.5000001,-55.69196
1032961093.7500001,-55.62295
1032961250.0000001,-55.66131
1032961406.2500001,-55.60272
1032961562.5000001,-55.58946
1032961718.7500001,-55.6761
1032961875.0000001,-55.55234
1032962031.2500001,-55.5186
1032962187.5000001,-55.60821
1032962343.7500001,-55.7433
1032962500.0000001,-55.64709
1032962656.2500001,-55.6339
1032962812.5000001,-55.64688
1032962968.7500001,-55.61476
1032963125.0000001,-55.70739
1032963281.2500001,-55.55553
1032963437.5000001,-55.63126
1032963593.7500001,-55.57315
1032963750.0000001,-55.53405
1032963906.2500001,-55.65646
1032964062.5000001,-55.64946
1032964218.7500001,-55.6013
1032964375.0000001,-55.69492
1032964531.2500001,-55.58246
1032964687.5000001,-55.62104
1032964843.7500001,-55.75414
1032965000.0000001,-55.59269
1032965156.2500001,-55.48043
1032965312.5000001,-55.5813
1032965468.7500001,-55.7069
1032965625.0000001,-55.66751
1032965781.2500001,-55.61311
1032965937.5000001,-55.70348
1032966093.7500001,-55.64093
1032966250.0000001,-55.69058
1032966406.2500001,-55.66257
1032966562.5000001,-55.65551
1032966718.7500001,-55.61476
1032966875.0000001,-55.58867
1032967031.2500001,-55.62958
1032967187.5000001,-55.52726
1032967343.7500001,-55.64558
1032967500.0000001,-55.50452
1032967656.2500001,-55.58331
1032967812.5000001,-55.65517
1032967968.7500001,-55.49796
1032968125.0000001,-55.55738
1032968281.2500001,-55.51617
1032968437.5000001,-55.52473
1032968593.7500001,-55.60031
1032968750.0000001,-55.59602
1032968906.2500001,-55.5772
1032969062.5000001,-55.62496
1032969218.7500001,-55.58419
1032969375.0000001,-55.58333
1032969531.2500001,-55.61217
1032969687.5000001,-55.60068
1032969843.7500001,-55.66087
1032970000.0000001,-55.55565
1032970156.2500001,-55.61322
1032970312.5000001,-55.5742
1032970468.7500001,-55.62876
1032970625.0000001,-55.61335
1032970781.2500001,-55.58872
1032970937.5000001,-55.55528
1032971093.7500001,-55.63088
1032971250.0000001,-55.53835
1032971406.2500001,-55.53575
1032971562.5000001,-55.63464
1032971718.7500001,-55.53188
1032971875.0000001,-55.59234
1032972031.2500001,-55.67486
1032972187.5000001,-55.57254
1032972343.7500001,-55.53178
1032972500.0000001,-55.70294
1032972656.2500001,-55.62103
1032972812.5000001,-55.65503
1032972968.7500001,-55.59086
1032973125.0000001,-55.64074
1032973281.2500001,-55.60563
1032973437.5000001,-55.6066
1032973593.7500001,-55.56491
1032973750.0000001,-55.68732
1032973906.2500001,-55.65702
1032974062.5000001,-55.58043
1032974218.7500001,-55.53001
1032974375.0000001,-55.59435
1032974531.2500001,-55.61298
1032974687.5000001,-55.42778
1032974843.7500001,-55.58124
1032975000.0000001,-55.58177
1032975156.2500001,-55.59348
1032975312.5000001,-55.64503
1032975468.7500001,-55.487
1032975625.0000001,-55.59173
1032975781.2500001,-55.59792
1032975937.5000001,-55.61071
1032976093.7500001,-55.60115
1032976250.0000001,-55.67768
1032976406.2500001,-55.59758
1032976562.5000001,-55.64532
1032976718.7500001,-55.5057
1032976875.0000001,-55.57845
1032977031.2500001,-55.5258
1032977187.5000001,-55.65176
1032977343.7500001,-55.65076
1032977500.0000001,-55.58778
1032977656.2500001,-55.52251
1032977812.5000001,-55.60768
1032977968.7500001,-55.58223
1032978125.0000001,-55.53458
1032978281.2500001,-55.5446
1032978437.5000001,-55.68902
1032978593.7500001,-55.54053
1032978750.0000001,-55.68261
1032978906.2500001,-55.60862
1032979062.5000001,-55.71759
1032979218.7500001,-55.62615
1032979375.0000001,-55.55602
1032979531.2500001,-55.57634
1032979687.5000001,-55.55676
1032979843.7500001,-55.57108
1032980000.0000001,-55.65113
1032980156.2500001,-55.49129
1032980312.5000001,-55.57667
1032980468.7500001,-55.52792
1032980625.0000001,-55.56795
1032980781.2500001,-55.47926
1032980937.5000001,-55.54074
1032981093.7500001,-55.56496
1032981250.0000001,-55.63992
1032981406.2500001,-55.52724
1032981562.5000001,-55.55606
1032981718.7500001,-55.63462
1032981875.0000001,-55.48853
1032982031.2500001,-55.50262
1032982187.5000001,-55.58666
1032982343.7500001,-55.59308
1032982500.0000001,-55.71487
1032982656.2500001,-55.52308
1032982812.5000001,-55.51767
1032982968.7500001,-55.53171
1032983125.0000001,-55.67783
1032983281.2500001,-55.49475
1032983437.5000001,-55.54743
1032983593.7500001,-55.51449
1032983750.0000001,-55.52596
1032983906.2500001,-55.54259
1032984062.5000001,-55.58662
1032984218.7500001,-55.59482
1032984375.0000001,-55.54472
1032984531.2500001,-55.52704
1032984687.5000001,-55.50455
1032984843.7500001,-55.48319
1032985000.0000001,-55.56955
1032985156.2500001,-55.61763
1032985312.5000001,-55.48153
1032985468.7500001,-55.58892
1032985625.0000001,-55.5567
1032985781.2500001,-55.54396
1032985937.5000001,-55.57633
1032986093.7500001,-55.52114
1032986250.0000001,-55.48132
1032986406.2500001,-55.61
1032986562.5000001,-55.56139
1032986718.7500001,-55.50619
1032986875.0000001,-55.62603
1032987031.2500001,-55.59243
1032987187.5000001,-55.55089
1032987343.7500001,-55.56593
1032987500.0000001,-55.58541
1032987656.2500001,-55.3908
1032987812.5000001,-55.58421
1032987968.7500001,-55.57512
1032988125.0000001,-55.55016
1032988281.2500001,-55.59062
1032988437.5000001,-55.52139
1032988593.7500001,-55.51145
1032988750.0000001,-55.41329
1032988906.2500001,-55.59913
1032989062.5000001,-55.61594
1032989218.7500001,-55.60497
1032989375.0000001,-55.49008
1032989531.2500001,-55.53754
1032989687.5000001,-55.53203
1032989843.7500001,-55.4266
1032990000.0000001,-55.56197
1032990156.2500001,-55.54812
1032990312.5000001,-55.4572
1032990468.7500001,-55.5914
1032990625.0000001,-55.70266
1032990781.2500001,-55.56548
1032990937.5000001,-55.54699
1032991093.7500001,-55.5445
1032991250.0000001,-55.41845
1032991406.2500001,-55.4556
1032991562.5000001,-55.51047
1032991718.7500001,-55.46944
1032991875.0000001,-55.60054
1032992031.2500001,-55.49915
1032992187.5000001,-55.54398
1032992343.7500001,-55.50214
1032992500.0000001,-55.56297
1032992656.2500001,-55.49466
1032992812.5000001,-55.49358
1032992968.7500001,-55.50763
1032993125.0000001,-55.55449
1032993281.2500001,-55.65924
1032993437.5000001,-55.54088
1032993593.7500001,-55.51653
1032993750.0000001,-55.53362
1032993906.2500001,-55.63453
1032994062.5000001,-55.50497
1032994218.7500001,-55.55226
1032994375.0000001,-55.49543
1032994531.2500001,-55.52498
1032994687.5000001,-55.5052
1032994843.7500001,-55.5289
1032995000.0000001,-55.61016
1032995156.2500001,-55.40808
1032995312.5000001,-55.51404
1032995468.7500001,-55.39359
1032995625.0000001,-55.52264
1032995781.2500001,-55.60706
1032995937.5000001,-55.58954
1032996093.7500001,-55.43331
1032996250.0000001,-55.52654
1032996406.2500001,-55.50119
1032996562.5000001,-55.37276
1032996718.7500001,-55.5493
1032996875.0000001,-55.49193
1032997031.2500001,-55.57849
1032997187.5000001,-55.44277
1032997343.7500001,-55.47161
1032997500.0000001,-55.54246
1032997656.2500001,-55.48464
1032997812.5000001,-55.45576
1032997968.7500001,-55.60252
1032998125.0000001,-55.56885
1032998281.2500001,-55.53975
1032998437.5000001,-55.53611
1032998593.7500001,-55.51751
1032998750.0000001,-55.53529
1032998906.2500001,-55.47706
1032999062.5000001,-55.59037
1032999218.7500001,-55.48124
1032999375.0000001,-55.6046
1032999531.2500001,-55.52345
1032999687.5000001,-55.42056
1032999843.7500001,-55.51123
1033000000.0000001,-55.53937
1033000156.2500001,-55.51969
1033000312.5000001,-55.49642
1033000468.7500001,-55.51554
1033000625.0000001,-55.60631
1033000781.2500001,-55.52333
1033000937.5000001,-55.37671
1033001093.7500001,-55.50819
1033001250.0000001,-55.52504
1033001406.2500001,-55.45982
1033001562.5000001,-55.40516
1033001718.7500001,-55.4344
1033001875.0000001,-55.5879
1033002031.2500001,-55.46291
1033002187.5000001,-55.43909
1033002343.7500001,-55.57633
1033002500.0000001,-55.46764
1033002656.2500001,-55.53957
1033002812.5000001,-55.4885
1033002968.7500001,-55.47284
1033003125.0000001,-55.47116
1033003281.2500001,-55.58305
1033003437.5000001,-55.50042
1033003593.7500001,-55.54899
1033003750.0000001,-55.52185
1033003906.2500001,-55.44769
1033004062.5000001,-55.52589
1033004218.7500001,-55.49354
1033004375.0000001,-55.47625
1033004531.2500001,-55.49176
1033004687.5000001,-55.44184
1033004843.7500001,-55.439
1033005000.0000001,-55.53268
1033005156.2500001,-55.47864
1033005312.5000001,-55.51854
1033005468.7500001,-55.34322
1033005625.0000001,-55.38211
1033005781.2500001,-55.62678
1033005937.5000001,-55.46688
1033006093.7500001,-55.51787
1033006250.0000001,-55.5075
1033006406.2500001,-55.48973
1033006562.5000001,-55.40536
1033006718.7500001,-55.45632
1033006875.0000001,-55.46657
1033007031.2500001,-55.55394
1033007187.5000001,-55.48516
1033007343.7500001,-55.54151
1033007500.0000001,-55.46382
1033007656.2500001,-55.49795
1033007812.5000001,-55.51814
1033007968.7500001,-55.54142
1033008125.0000001,-55.4889
1033008281.2500001,-55.57665
1033008437.5000001,-55.37404
1033008593.7500001,-55.46319
1033008750.0000001,-55.54214
1033008906.2500001,-55.48592
1033009062.5000001,-55.56025
1033009218.7500001,-55.4966
1033009375.0000001,-55.46089
1033009531.2500001,-55.55622
1033009687.5000001,-55.52646
1033009843.7500001,-55.42792
1033010000.0000001,-55.50453
1033010156.2500001,-55.42779
1033010312.5000001,-55.49698
1033010468.7500001,-55.41098
1033010625.0000001,-55.42704
1033010781.2500001,-55.53704
1033010937.5000001,-55.36759
1033011093.7500001,-55.61367
1033011250.0000001,-55.51952
1033011406.2500001,-55.55789
1033011562.5000001,-55.36678
1033011718.7500001,-55.4873
1033011875.0000001,-55.45447
1033012031.2500001,-55.45756
1033012187.5000001,-55.45087
1033012343.7500001,-55.39174
1033012500.0000001,-55.45636
1033012656.2500001,-55.41871
1033012812.5000001,-55.45405
1033012968.7500001,-55.43412
1033013125.0000001,-55.51246
1033013281.2500001,-55.42833
1033013437.5000001,-55.44326
1033013593.7500001,-55.48393
1033013750.0000001,-55.40968
1033013906.2500001,-55.57175
1033014062.5000001,-55.45457
1033014218.7500001,-55.36341
1033014375.0000001,-55.47472
1033014531.2500001,-55.4666
1033014687.5000001,-55.38589
1033014843.7500001,-55.45605
1033015000.0000001,-55.46375
1033015156.2500001,-55.45377
1033015312.5000001,-55.48643
1033015468.7500001,-55.406
1033015625.0000001,-55.51965
1033015781.2500001,-55.47091
1033015937.5000001,-55.48889
1033016093.7500001,-55.45777
1033016250.0000001,-55.41788
1033016406.2500001,-55.44
1033016562.5000001,-55.57675
1033016718.7500001,-55.47698
1033016875.0000001,-55.49949
1033017031.2500001,-55.40166
1033017187.5000001,-55.51115
1033017343.7500001,-55.44593
1033017500.0000001,-55.47433
1033017656.2500001,-55.4407
1033017812.5000001,-55.52002
1033017968.7500001,-55.39855
1033018125.0000001,-55.39705
1033018281.2500001,-55.43507
1033018437.5000001,-55.47049
1033018593.7500001,-55.36722
1033018750.0000001,-55.48387
1033018906.2500001,-55.47624
1033019062.5000001,-55.47284
1033019218.7500001,-55.50509
1033019375.0000001,-55.51456
1033019531.2500001,-55.42296
1033019687.5000001,-55.46938
1033019843.7500001,-55.39281
1033020000.0000001,-55.49618
1033020156.2500001,-55.45321
1033020312.5000001,-55.5036
1033020468.7500001,-55.56346
1033020625.0000001,-55.51311
1033020781.2500001,-55.4152
1033020937.5000001,-55.51549
1033021093.7500001,-55.54173
1033021250.0000001,-55.52685
1033021406.2500001,-55.56562
1033021562.5000001,-55.49158
1033021718.7500001,-55.38122
1033021875.0000001,-55.51574
1033022031.2500001,-55.45866
1033022187.5000001,-55.47299
1033022343.7500001,-55.50298
1033022500.0000001,-55.51812
1033022656.2500001,-55.49537
1033022812.5000001,-55.43943
1033022968.7500001,-55.36236
1033023125.0000001,-55.35493
1033023281.2500001,-55.42838
1033023437.5000001,-55.46943
1033023593.7500001,-55.4128
1033023750.0000001,-55.41996
1033023906.2500001,-55.40713
1033024062.5000001,-55.38568
1033024218.7500001,-55.52824
1033024375.0000001,-55.51401
1033024531.2500001,-55.5912
1033024687.5000001,-55.35511
1033024843.7500001,-55.39632
1033025000.0000001,-55.53359
1033025156.2500001,-55.4989
1033025312.5000001,-55.43462
1033025468.7500001,-55.4874
1033025625.0000001,-55.51273
1033025781.2500001,-55.38781
1033025937.5000001,-55.41494
1033026093.7500001,-55.46474
1033026250.0000001,-55.46616
1033026406.2500001,-55.44367
1033026562.5000001,-55.42407
1033026718.7500001,-55.36929
1033026875.0000001,-55.43867
1033027031.2500001,-55.46803
1033027187.5000001,-55.44148
1033027343.7500001,-55.45969
1033027500.0000001,-55.51021
1033027656.2500001,-55.37758
1033027812.5000001,-55.43465
1033027968.7500001,-55.3159
1033028125.0000001,-55.36681
1033028281.2500001,-55.39508
1033028437.5000001,-55.48258
1033028593.7500001,-55.50419
1033028750.0000001,-55.43739
1033028906.2500001,-55.43943
1033029062.5000001,-55.40599
1033029218.7500001,-55.47717
1033029375.0000001,-55.47943
1033029531.2500001,-55.49355
1033029687.5000001,-55.40979
1033029843.7500001,-55.2995
1033030000.0000001,-55.55663
1033030156.2500001,-55.33488
1033030312.5000001,-55.43206
1033030468.7500001,-55.41332
1033030625.0000001,-55.41684
1033030781.2500001,-55.40524
1033030937.5000001,-55.40988
1033031093.7500001,-55.41029
1033031250.0000001,-55.32152
1033031406.2500001,-55.40092
1033031562.5000001,-55.39767
1033031718.7500001,-55.42606
1033031875.0000001,-55.41869
1033032031.2500001,-55.3484
1033032187.5000001,-55.47597
1033032343.7500001,-55.37643
1033032500.0000001,-55.42822
1033032656.2500001,-55.39047
1033032812.5000001,-55.36275
1033032968.7500001,-55.36052
1033033125.0000001,-55.40206
1033033281.2500001,-55.30675
1033033437.5000001,-55.47627
1033033593.7500001,-55.49322
1033033750.0000001,-55.46045
1033033906.2500001,-55.34379
1033034062.5000001,-55.41673
1033034218.7500001,-55.43357
1033034375.0000001,-55.49469
1033034531.2500001,-55.46189
1033034687.5000001,-55.33718
1033034843.7500001,-55.40171
1033035000.0000001,-55.34272
1033035156.2500001,-55.37986
1033035312.5000001,-55.3991
1033035468.7500001,-55.50266
1033035625.0000001,-55.32811
1033035781.2500001,-55.34385
1033035937.5000001,-55.37957
1033036093.7500001,-55.40974
1033036250.0000001,-55.38321
1033036406.2500001,-55.36217
1033036562.5000001,-55.29589
1033036718.7500001,-55.42685
1033036875.0000001,-55.34996
1033037031.2500001,-55.35442
1033037187.5000001,-55.45277
1033037343.7500001,-55.36532
1033037500.0000001,-55.41812
1033037656.2500001,-55.44056
1033037812.5000001,-55.39651
1033037968.7500001,-55.38632
1033038125.0000001,-55.30659
1033038281.2500001,-55.3386
1033038437.5000001,-55.38025
1033038593.7500001,-55.43445
1033038750.0000001,-55.46042
1033038906.2500001,-55.31976
1033039062.5000001,-55.47215
1033039218.7500001,-55.3897
1033039375.0000001,-55.37534
1033039531.2500001,-55.45815
1033039687.5000001,-55.42806
1033039843.7500001,-55.37176
1033040000.0000001,-55.43051
1033040156.2500001,-55.37293
1033040312.5000001,-55.29197
1033040468.7500001,-55.38408
1033040625.0000001,-55.38507
1033040781.2500001,-55.42466
1033040937.5000001,-55.43756
1033041093.7500001,-55.41539
1033041250.0000001,-55.33172
1033041406.2500001,-55.39398
1033041562.5000001,-55.39882
1033041718.7500001,-55.4642
1033041875.0000001,-55.45059
1033042031.2500001,-55.38713
1033042187.5000001,-55.41491
1033042343.7500001,-55.42345
1033042500.0000001,-55.37269
1033042656.2500001,-55.45173
1033042812.5000001,-55.46669
1033042968.7500001,-55.3627
1033043125.0000001,-55.47674
1033043281.2500001,-55.37814
1033043437.5000001,-55.38616
1033043593.7500001,-55.49108
1033043750.0000001,-55.52858
1033043906.2500001,-55.37397
1033044062.5000001,-55.49949
1033044218.7500001,-55.42675
1033044375.0000001,-55.41822
1033044531.2500001,-55.42485
1033044687.5000001,-55.34441
1033044843.7500001,-55.25929
1033045000.0000001,-55.47673
1033045156.2500001,-55.42588
1033045312.5000001,-55.36268
1033045468.7500001,-55.37819
1033045625.0000001,-55.3883
1033045781.2500001,-55.52779
1033045937.5000001,-55.41811
1033046093.7500001,-55.40538
1033046250.0000001,-55.40148
1033046406.2500001,-55.39708
1033046562.5000001,-55.43391
1033046718.7500001,-55.42324
1033046875.0000001,-55.34757
1033047031.2500001,-55.37517
1033047187.5000001,-55.43617
1033047343.7500001,-55.28242
1033047500.0000001,-55.36436
1033047656.2500001,-55.32908
1033047812.5000001,-55.34092
1033047968.7500001,-55.43192
1033048125.0000001,-55.37657
1033048281.2500001,-55.43519
1033048437.5000001,-55.36094
1033048593.7500001,-55.371
1033048750.0000001,-55.28515
1033048906.2500001,-55.45699
1033049062.5000001,-55.287
1033049218.7500001,-55.43464
1033049375.0000001,-55.34543
1033049531.2500001,-55.37577
1033049687.5000001,-55.38008
1033049843.7500001,-55.44305
1033050000.0000001,-55.29773
1033050156.2500001,-55.30713
1033050312.5000001,-55.4033
1033050468.7500001,-55.35359
1033050625.0000001,-55.30725
1033050781.2500001,-55.38523
1033050937.5000001,-55.29403
1033051093.7500001,-55.42056
1033051250.0000001,-55.42523
1033051406.2500001,-55.3501
1033051562.5000001,-55.35906
1033051718.7500001,-55.31404
1033051875.0000001,-55.40751
1033052031.2500001,-55.35319
1033052187.5000001,-55.41141
1033052343.7500001,-55.29116
1033052500.0000001,-55.40574
1033052656.2500001,-55.33438
1033052812.5000001,-55.29152
1033052968.7500001,-55.36846
1033053125.0000001,-55.28833
1033053281.2500001,-55.3195
1033053437.5000001,-55.35005
1033053593.7500001,-55.39202
1033053750.0000001,-55.28875
1033053906.2500001,-55.33406
1033054062.5000001,-55.21532
1033054218.7500001,-55.2859
1033054375.0000001,-55.37608
1033054531.2500001,-55.32057
1033054687.5000001,-55.24419
1033054843.7500001,-55.39318
1033055000.0000001,-55.37478
1033055156.2500001,-55.27761
1033055312.5000001,-55.30122
1033055468.7500001,-55.40643
1033055625.0000001,-55.3818
1033055781.2500001,-55.23623
1033055937.5000001,-55.33253
1033056093.7500001,-55.30441
1033056250.0000001,-55.31974
1033056406.2500001,-55.3943
1033056562.5000001,-55.33496
1033056718.7500001,-55.33093
1033056875.0000001,-55.4307
1033057031.2500001,-55.45816
1033057187.5000001,-55.40236
1033057343.7500001,-55.27475
1033057500.0000001,-55.35891
1033057656.2500001,-55.27188
1033057812.5000001,-55.37037
1033057968.7500001,-55.30776
1033058125.0000001,-55.37859
1033058281.2500001,-55.29386
1033058437.5000001,-55.37028
1033058593.7500001,-55.38209
1033058750.0000001,-55.33466
1033058906.2500001,-55.29309
1033059062.5000001,-55.20165
1033059218.7500001,-55.28988
1033059375.0000001,-55.39319
1033059531.2500001,-55.26903
1033059687.5000001,-55.29306
1033059843.7500001,-55.30872
1033060000.0000001,-55.36722
1033060156.2500001,-55.38283
1033060312.5000001,-55.34764
1033060468.7500001,-55.40427
1033060625.0000001,-55.36332
1033060781.2500001,-55.32037
1033060937.5000001,-55.30917
1033061093.7500001,-55.31242
1033061250.0000001,-55.41934
1033061406.2500001,-55.2491
1033061562.5000001,-55.25204
1033061718.7500001,-55.34996
1033061875.0000001,-55.22998
1033062031.2500001,-55.34702
1033062187.5000001,-55.38235
1033062343.7500001,-55.37056
1033062500.0000001,-55.34673
1033062656.2500001,-55.27239
1033062812.5000001,-55.30838
1033062968.7500001,-55.33397
1033063125.0000001,-55.37411
1033063281.2500001,-55.39384
1033063437.5000001,-55.24762
1033063593.7500001,-55.25897
1033063750.0000001,-55.36666
1033063906.2500001,-55.31404
1033064062.5000001,-55.36754
1033064218.7500001,-55.31125
1033064375.0000001,-55.38872
1033064531.2500001,-55.26456
1033064687.5000001,-55.28355
1033064843.7500001,-55.32753
1033065000.0000001,-55.39483
1033065156.2500001,-55.43017
1033065312.5000001,-55.32858
1033065468.7500001,-55.35906
1033065625.0000001,-55.36038
1033065781.2500001,-55.39466
1033065937.5000001,-55.34905
1033066093.7500001,-55.41318
1033066250.0000001,-55.35279
1033066406.2500001,-55.3296
1033066562.5000001,-55.35559
1033066718.7500001,-55.3082
1033066875.0000001,-55.26318
1033067031.2500001,-55.33769
1033067187.5000001,-55.33743
1033067343.7500001,-55.24814
1033067500.0000001,-55.32625
1033067656.2500001,-55.21807
1033067812.5000001,-55.25226
1033067968.7500001,-55.32142
1033068125.0000001,-55.26517
1033068281.2500001,-55.28096
1033068437.5000001,-55.32357
1033068593.7500001,-55.40049
1033068750.0000001,-55.34369
1033068906.2500001,-55.30777
1033069062.5000001,-55.294
1033069218.7500001,-55.30826
1033069375.0000001,-55.26694
1033069531.2500001,-55.212
1033069687.5000001,-55.32438
1033069843.7500001,-55.19165
1033070000.0000001,-55.29797
1033070156.2500001,-55.32394
1033070312.5000001,-55.33968
1033070468.7500001,-55.28312
1033070625.0000001,-55.26123
1033070781.2500001,-55.29863
1033070937.5000001,-55.32182
1033071093.7500001,-55.29045
1033071250.0000001,-55.3632
1033071406.2500001,-55.29672
1033071562.5000001,-55.34915
1033071718.7500001,-55.37726
1033071875.0000001,-55.30998
1033072031.2500001,-55.28487
1033072187.5000001,-55.27119
1033072343.7500001,-55.29735
1033072500.0000001,-55.29617
1033072656.2500001,-55.32178
1033072812.5000001,-55.34444
1033072968.7500001,-55.28476
1033073125.0000001,-55.27838
1033073281.2500001,-55.33877
1033073437.5000001,-55.29039
1033073593.7500001,-55.23226
1033073750.0000001,-55.2513
1033073906.2500001,-55.30695
1033074062.5000001,-55.29813
1033074218.7500001,-55.32366
1033074375.0000001,-55.27174
1033074531.2500001,-55.29923
1033074687.5000001,-55.28792
1033074843.7500001,-55.29463
1033075000.0000001,-55.4011
1033075156.2500001,-55.28448
1033075312.5000001,-55.20131
1033075468.7500001,-55.44
1033075625.0000001,-55.21987
1033075781.2500001,-55.31109
1033075937.5000001,-55.38259
1033076093.7500001,-55.21886
1033076250.0000001,-55.20598
1033076406.2500001,-55.22532
1033076562.5000001,-55.28379
1033076718.7500001,-55.30906
1033076875.0000001,-55.2415
1033077031.2500001,-55.2298
1033077187.5000001,-55.322
1033077343.7500001,-55.21802
1033077500.0000001,-55.23791
1033077656.2500001,-55.33411
1033077812.5000001,-55.28158
1033077968.7500001,-55.26923
1033078125.0000001,-55.29951
1033078281.2500001,-55.31117
1033078437.5000001,-55.30598
1033078593.7500001,-55.27405
1033078750.0000001,-55.32272
1033078906.2500001,-55.2149
1033079062.5000001,-55.30768
1033079218.7500001,-55.24789
1033079375.0000001,-55.30294
1033079531.2500001,-55.26788
1033079687.5000001,-55.30595
1033079843.7500001,-55.2461
1033080000.0000001,-55.347
1033080156.2500001,-55.2264
1033080312.5000001,-55.31891
1033080468.7500001,-55.27542
1033080625.0000001,-55.32178
1033080781.2500001,-55.2538
1033080937.5000001,-55.28066
1033081093.7500001,-55.29988
1033081250.0000001,-55.29602
1033081406.2500001,-55.27147
1033081562.5000001,-55.34936
1033081718.7500001,-55.39832
1033081875.0000001,-55.29254
1033082031.2500001,-55.22295
1033082187.5000001,-55.2756
1033082343.7500001,-55.32501
1033082500.0000001,-55.2333
1033082656.2500001,-55.20887
1033082812.5000001,-55.26383
1033082968.7500001,-55.16287
1033083125.0000001,-55.22741
1033083281.2500001,-55.22451
1033083437.5000001,-55.26116
1033083593.7500001,-55.26743
1033083750.0000001,-55.3133
1033083906.2500001,-55.25266
1033084062.5000001,-55.25528
1033084218.7500001,-55.20089
1033084375.0000001,-55.25464
1033084531.2500001,-55.24539
1033084687.5000001,-55.4306
1033084843.7500001,-55.36847
1033085000.0000001,-55.33891
1033085156.2500001,-55.32278
1033085312.5000001,-55.3693
1033085468.7500001,-55.15046
1033085625.0000001,-55.2366
1033085781.2500001,-55.19277
1033085937.5000001,-55.26644
1033086093.7500001,-55.28815
1033086250.0000001,-55.20498
1033086406.2500001,-55.22837
1033086562.5000001,-55.32058
1033086718.7500001,-55.23334
1033086875.0000001,-55.22421
1033087031.2500001,-55.26329
1033087187.5000001,-55.18696
1033087343.7500001,-55.17809
1033087500.0000001,-55.23575
1033087656.2500001,-55.297
1033087812.5000001,-55.32262
1033087968.7500001,-55.15907
1033088125.0000001,-55.28084
1033088281.2500001,-55.252
1033088437.5000001,-55.24158
1033088593.7500001,-55.30446
1033088750.0000001,-55.24974
1033088906.2500001,-55.21386
1033089062.5000001,-55.25561
1033089218.7500001,-55.25442
1033089375.0000001,-55.24436
1033089531.2500001,-55.3532
1033089687.5000001,-55.21776
1033089843.7500001,-55.24817
1033090000.0000001,-55.30848
1033090156.2500001,-55.20959
1033090312.5000001,-55.29027
1033090468.7500001,-55.1608
1033090625.0000001,-55.26931
1033090781.2500001,-55.14299
1033090937.5000001,-55.20193
1033091093.7500001,-55.22738
1033091250.0000001,-55.17442
1033091406.2500001,-55.28022
1033091562.5000001,-55.31998
1033091718.7500001,-55.23138
1033091875.0000001,-55.26647
1033092031.2500001,-55.302
1033092187.5000001,-55.1514
1033092343.7500001,-55.25187
1033092500.0000001,-55.24952
1033092656.2500001,-55.19474
1033092812.5000001,-55.20708
1033092968.7500001,-55.1976
1033093125.0000001,-55.26513
1033093281.2500001,-55.24496
1033093437.5000001,-55.14745
1033093593.7500001,-55.29601
1033093750.0000001,-55.25262
1033093906.2500001,-55.29383
1033094062.5000001,-55.22427
1033094218.7500001,-55.27092
1033094375.0000001,-55.15251
1033094531.2500001,-55.13353
1033094687.5000001,-55.24038
1033094843.7500001,-55.30519
1033095000.0000001,-55.18014
1033095156.2500001,-55.14638
1033095312.5000001,-55.21323
1033095468.7500001,-55.32226
1033095625.0000001,-55.23114
1033095781.2500001,-55.12038
1033095937.5000001,-55.21431
1033096093.7500001,-55.2432
1033096250.0000001,-55.18718
1033096406.2500001,-55.33514
1033096562.5000001,-55.20764
1033096718.7500001,-55.26685
1033096875.0000001,-55.37333
1033097031.2500001,-55.16296
1033097187.5000001,-55.24898
1033097343.7500001,-55.14756
1033097500.0000001,-55.12328
1033097656.2500001,-55.222
1033097812.5000001,-55.24479
1033097968.7500001,-55.25858
1033098125.0000001,-55.28789
1033098281.2500001,-55.23265
1033098437.5000001,-55.19997
1033098593.7500001,-55.20613
1033098750.0000001,-55.1614
1033098906.2500001,-55.29156
1033099062.5000001,-55.31363
1033099218.7500001,-55.10283
1033099375.0000001,-55.21404
1033099531.2500001,-55.13577
1033099687.5000001,-55.22753
1033099843.7500001,-55.21017
1033100000.0000001,-55.27906
1033100156.2500001,-55.25566
1033100312.5000001,-55.26636
1033100468.7500001,-55.27044
1033100625.0000001,-55.19506
1033100781.2500001,-55.2091
1033100937.5000001,-55.15996
1033101093.7500001,-55.09924
1033101250.0000001,-55.14249
1033101406.2500001,-55.17661
1033101562.5000001,-55.18398
1033101718.7500001,-55.19207
1033101875.0000001,-55.29907
1033102031.2500001,-55.21798
1033102187.5000001,-55.21486
1033102343.7500001,-55.20635
1033102500.0000001,-55.29774
1033102656.2500001,-55.1899
1033102812.5000001,-55.17039
1033102968.7500001,-55.14846
1033103125.0000001,-55.24804
1033103281.2500001,-55.24689
1033103437.5000001,-55.25735
1033103593.7500001,-55.18525
1033103750.0000001,-55.08759
1033103906.2500001,-55.14203
1033104062.5000001,-55.20311
1033104218.7500001,-55.26207
1033104375.0000001,-55.25014
1033104531.2500001,-55.26879
1033104687.5000001,-55.21809
1033104843.7500001,-55.09501
1033105000.0000001,-55.22773
1033105156.2500001,-55.21752
1033105312.5000001,-55.22771
1033105468.7500001,-55.13493
1033105625.0000001,-55.17301
1033105781.2500001,-55.27462
1033105937.5000001,-55.26477
1033106093.7500001,-55.18269
1033106250.0000001,-55.22731
1033106406.2500001,-55.16321
1033106562.5000001,-55.21669
1033106718.7500001,-55.18491
1033106875.0000001,-55.15714
1033107031.2500001,-55.24519
1033107187.5000001,-55.18659
1033107343.7500001,-55.14373
1033107500.0000001,-55.18604
1033107656.2500001,-55.15543
1033107812.5000001,-55.19447
1033107968.7500001,-55.20134
1033108125.0000001,-55.07383
1033108281.2500001,-55.20281
1033108437.5000001,-55.18253
1033108593.7500001,-55.20291
1033108750.0000001,-55.22416
1033108906.2500001,-55.3122
1033109062.5000001,-55.2195
1033109218.7500001,-55.16054
1033109375.0000001,-55.14517
1033109531.2500001,-55.16562
1033109687.5000001,-55.20378
1033109843.7500001,-55.18119
1033110000.0000001,-55.20363
1033110156.2500001,-55.3251
1033110312.5000001,-55.16474
1033110468.7500001,-55.15977
1033110625.0000001,-55.20029
1033110781.2500001,-55.16701
1033110937.5000001,-55.19929
1033111093.7500001,-55.12812
1033111250.0000001,-55.21155
1033111406.2500001,-55.08547
1033111562.5000001,-55.12985
1033111718.7500001,-55.19599
1033111875.0000001,-55.14514
1033112031.2500001,-55.23369
1033112187.5000001,-55.20644
1033112343.7500001,-55.26782
1033112500.0000001,-55.14412
1033112656.2500001,-55.1601
1033112812.5000001,-55.09721
1033112968.7500001,-55.15612
1033113125.0000001,-55.2338
1033113281.2500001,-55.21101
1033113437.5000001,-55.19226
1033113593.7500001,-55.12485
1033113750.0000001,-55.24062
1033113906.2500001,-55.27111
1033114062.5000001,-55.19668
1033114218.7500001,-55.1231
1033114375.0000001,-55.15435
1033114531.2500001,-55.17258
1033114687.5000001,-55.13633
1033114843.7500001,-55.24578
1033115000.0000001,-55.17415
1033115156.2500001,-55.23004
1033115312.5000001,-55.16649
1033115468.7500001,-55.0951
1033115625.0000001,-55.11485
1033115781.2500001,-55.17581
1033115937.5000001,-55.19602
1033116093.7500001,-55.14171
1033116250.0000001,-55.1697
1033116406.2500001,-55.11906
1033116562.5000001,-55.16678
1033116718.7500001,-55.17336
1033116875.0000001,-55.14318
1033117031.2500001,-55.07645
1033117187.5000001,-55.23093
1033117343.7500001,-55.17112
1033117500.0000001,-55.12981
1033117656.2500001,-55.27544
1033117812.5000001,-55.14248
1033117968.7500001,-55.18111
1033118125.0000001,-55.17714
1033118281.2500001,-55.09805
1033118437.5000001,-55.11514
1033118593.7500001,-55.07219
1033118750.0000001,-55.12266
1033118906.2500001,-55.09479
1033119062.5000001,-55.16518
1033119218.7500001,-55.18721
1033119375.0000001,-55.19651
1033119531.2500001,-55.15197
1033119687.5000001,-55.19076
1033119843.7500001,-55.04999
1033120000.0000001,-55.06368
1033120156.2500001,-55.15553
1033120312.5000001,-55.21495
1033120468.7500001,-55.19326
1033120625.0000001,-55.17579
1033120781.2500001,-55.19154
1033120937.5000001,-55.15976
1033121093.7500001,-55.1724
1033121250.0000001,-55.17388
1033121406.2500001,-55.11885
1033121562.5000001,-55.1028
1033121718.7500001,-55.25093
1033121875.0000001,-55.19791
1033122031.2500001,-55.06599
1033122187.5000001,-55.07779
1033122343.7500001,-55.11921
1033122500.0000001,-55.27579
1033122656.2500001,-55.19196
1033122812.5000001,-55.05916
1033122968.7500001,-55.22507
1033123125.0000001,-55.19151
1033123281.2500001,-55.0872
1033123437.5000001,-55.14815
1033123593.7500001,-55.1039
1033123750.0000001,-55.12725
1033123906.2500001,-55.1834
1033124062.5000001,-55.18029
1033124218.7500001,-55.05515
1033124375.0000001,-55.10381
1033124531.2500001,-55.12068
1033124687.5000001,-55.14959
1033124843.7500001,-54.9729
1033125000.0000001,-55.02704
1033125156.2500001,-55.14482
1033125312.5000001,-55.06149
1033125468.7500001,-55.15557
1033125625.0000001,-55.20513
1033125781.2500001,-55.09734
1033125937.5000001,-55.08867
1033126093.7500001,-55.19049
1033126250.0000001,-55.09919
1033126406.2500001,-55.09253
1033126562.5000001,-55.10082
1033126718.7500001,-55.16138
1033126875.0000001,-55.18024
1033127031.2500001,-55.2025
1033127187.5000001,-55.15213
1033127343.7500001,-55.11164
1033127500.0000001,-55.15308
1033127656.2500001,-55.24247
1033127812.5000001,-55.11853
1033127968.7500001,-55.23083
1033128125.0000001,-55.10162
1033128281.2500001,-55.01308
1033128437.5000001,-55.15496
1033128593.7500001,-55.11393
1033128750.0000001,-55.17028
1033128906.2500001,-55.13543
1033129062.5000001,-55.15079
1033129218.7500001,-55.12353
1033129375.0000001,-55.05679
1033129531.2500001,-55.02746
1033129687.5000001,-54.99814
1033129843.7500001,-55.24322
1033130000.0000001,-55.04232
1033130156.2500001,-55.13656
1033130312.5000001,-55.11428
1033130468.7500001,-55.16013
1033130625.0000001,-55.14412
1033130781.2500001,-55.22614
1033130937.5000001,-55.08165
1033131093.7500001,-55.12204
1033131250.0000001,-55.22497
1033131406.2500001,-55.09108
1033131562.5000001,-55.1743
1033131718.7500001,-55.03913
1033131875.0000001,-55.1372
1033132031.2500001,-55.15083
1033132187.5000001,-55.03735
1033132343.7500001,-55.13699
1033132500.0000001,-55.05344
1033132656.2500001,-55.17315
1033132812.5000001,-55.07248
1033132968.7500001,-55.13894
1033133125.0000001,-55.08278
1033133281.2500001,-54.99924
1033133437.5000001,-55.07969
1033133593.7500001,-55.10638
1033133750.0000001,-55.16538
1033133906.2500001,-55.07756
1033134062.5000001,-55.12491
1033134218.7500001,-55.10844
1033134375.0000001,-55.11788
1033134531.2500001,-54.99863
1033134687.5000001,-55.05775
1033134843.7500001,-55.10236
1033135000.0000001,-55.1729
1033135156.2500001,-55.12616
1033135312.5000001,-55.06363
1033135468.7500001,-55.04137
1033135625.0000001,-55.13038
1033135781.2500001,-55.14685
1033135937.5000001,-55.02036
1033136093.7500001,-55.16298
1033136250.0000001,-55.07511
1033136406.2500001,-55.16764
1033136562.5000001,-55.07405
1033136718.7500001,-55.08549
1033136875.0000001,-55.07283
1033137031.2500001,-55.00451
1033137187.5000001,-55.0965
1033137343.7500001,-55.11724
1033137500.0000001,-55.06404
1033137656.2500001,-55.08679
1033137812.5000001,-55.07649
1033137968.7500001,-55.11441
1033138125.0000001,-55.07713
1033138281.2500001,-55.08442
1033138437.5000001,-55.1125
1033138593.7500001,-55.11034
1033138750.0000001,-55.10312
1033138906.2500001,-55.20765
1033139062.5000001,-55.1257
1033139218.7500001,-55.21874
1033139375.0000001,-55.13676
1033139531.2500001,-55.00074
1033139687.5000001,-55.08617
1033139843.7500001,-55.10407
1033140000.0000001,-55.16628
1033140156.2500001,-55.11467
1033140312.5000001,-55.10864
1033140468.7500001,-55.06114
1033140625.0000001,-55.06517
1033140781.2500001,-55.01426
1033140937.5000001,-55.13855
1033141093.7500001,-55.11565
1033141250.0000001,-55.06297
1033141406.2500001,-55.13892
1033141562.5000001,-55.04597
1033141718.7500001,-55.10659
1033141875.0000001,-55.13823
1033142031.2500001,-55.10429
1033142187.5000001,-55.18649
1033142343.7500001,-55.16341
1033142500.0000001,-55.03413
1033142656.2500001,-55.08462
1033142812.5000001,-55.11146
1033142968.7500001,-55.04694
1033143125.0000001,-55.00635
1033143281.2500001,-55.01207
1033143437.5000001,-55.12751
1033143593.7500001,-55.06332
1033143750.0000001,-55.04886
1033143906.2500001,-55.16291
1033144062.5000001,-55.12712
1033144218.7500001,-55.11368
1033144375.0000001,-55.03246
1033144531.2500001,-55.12051
1033144687.5000001,-54.98755
1033144843.7500001,-55.03466
1033145000.0000001,-55.06462
1033145156.2500001,-55.04968
1033145312.5000001,-55.00146
1033145468.7500001,-55.09464
1033145625.0000001,-55.01661
1033145781.2500001,-55.09463
1033145937.5000001,-55.00569
1033146093.7500001,-55.2025
1033146250.0000001,-55.1447
1033146406.2500001,-55.11649
1033146562.5000001,-55.08829
1033146718.7500001,-55.07251
1033146875.0000001,-55.03222
1033147031.2500001,-55.05667
1033147187.5000001,-55.09116
1033147343.7500001,-55.04872
1033147500.0000001,-55.03356
1033147656.2500001,-55.00168
1033147812.5000001,-55.0983
1033147968.7500001,-55.13169
1033148125.0000001,-55.02568
1033148281.2500001,-55.04232
1033148437.5000001,-55.10291
1033148593.7500001,-55.06703
1033148750.0000001,-55.04669
1033148906.2500001,-55.02579
1033149062.5000001,-54.97467
1033149218.7500001,-54.98483
1033149375.0000001,-55.08055
1033149531.2500001,-55.03873
1033149687.5000001,-55.15477
1033149843.7500001,-55.07712
1033150000.0000001,-55.02386
1033150156.2500001,-55.11158
1033150312.5000001,-55.06869
1033150468.7500001,-54.99149
1033150625.0000001,-55.03704
1033150781.2500001,-54.99694
1033150937.5000001,-55.00124
1033151093.7500001,-55.04693
1033151250.0000001,-55.04893
1033151406.2500001,-55.02221
1033151562.5000001,-55.12605
1033151718.7500001,-55.06458
1033151875.0000001,-55.03623
1033152031.2500001,-54.97935
1033152187.5000001,-55.06886
1033152343.7500001,-55.10124
1033152500.0000001,-55.04893
1033152656.2500001,-55.06697
1033152812.5000001,-55.14299
1033152968.7500001,-55.12307
1033153125.0000001,-54.96768
1033153281.2500001,-55.04231
1033153437.5000001,-55.09446
1033153593.7500001,-55.00674
1033153750.0000001,-55.02325
1033153906.2500001,-54.96997
1033154062.5000001,-55.02099
1033154218.7500001,-55.02322
1033154375.0000001,-55.00822
1033154531.2500001,-55.04486
1033154687.5000001,-55.07779
1033154843.7500001,-54.96142
1033155000.0000001,-55.11132
1033155156.2500001,-55.00575
1033155312.5000001,-55.01988
1033155468.7500001,-55.01728
1033155625.0000001,-54.96305
1033155781.2500001,-55.04361
1033155937.5000001,-55.05234
1033156093.7500001,-55.02742
1033156250.0000001,-55.00521
1033156406.2500001,-55.02279
1033156562.5000001,-54.96101
1033156718.7500001,-55.00889
1033156875.0000001,-55.08107
1033157031.2500001,-55.03633
1033157187.5000001,-55.04724
1033157343.7500001,-55.071
1033157500.0000001,-54.97795
1033157656.2500001,-55.06783
1033157812.5000001,-54.98688
1033157968.7500001,-54.93184
1033158125.0000001,-55.00681
1033158281.2500001,-54.96896
1033158437.5000001,-55.01344
1033158593.7500001,-55.08291
1033158750.0000001,-55.08169
1033158906.2500001,-55.05983
1033159062.5000001,-54.99159
1033159218.7500001,-55.00716
1033159375.0000001,-54.95438
1033159531.2500001,-54.99683
1033159687.5000001,-54.97434
1033159843.7500001,-55.02707
1033160000.0000001,-54.94246
1033160156.2500001,-54.96329
1033160312.5000001,-54.95132
1033160468.7500001,-55.06932
1033160625.0000001,-55.03983
1033160781.2500001,-54.98716
1033160937.5000001,-55.01717
1033161093.7500001,-54.96136
1033161250.0000001,-55.10318
1033161406.2500001,-55.03477
1033161562.5000001,-54.95955
1033161718.7500001,-55.034
1033161875.0000001,-54.97344
1033162031.2500001,-54.99559
1033162187.5000001,-54.9515
1033162343.7500001,-54.95506
1033162500.0000001,-55.0416
1033162656.2500001,-55.04353
1033162812.5000001,-55.08049
1033162968.7500001,-55.16129
1033163125.0000001,-54.9511
1033163281.2500001,-55.06351
1033163437.5000001,-55.0054
1033163593.7500001,-55.01863
1033163750.0000001,-54.98577
1033163906.2500001,-54.93311
1033164062.5000001,-55.04175
1033164218.7500001,-54.92043
1033164375.0000001,-55.0114
1033164531.2500001,-54.94253
1033164687.5000001,-55.0254
1033164843.7500001,-54.92358
1033165000.0000001,-54.98333
1033165156.2500001,-55.0374
1033165312.5000001,-55.08714
1033165468.7500001,-54.97742
1033165625.0000001,-54.9777
1033165781.2500001,-55.01937
1033165937.5000001,-55.13366
1033166093.7500001,-54.97314
1033166250.0000001,-55.08139
1033166406.2500001,-54.9978
1033166562.5000001,-55.12243
1033166718.7500001,-54.9682
1033166875.0000001,-54.96011
1033167031.2500001,-55.10956
1033167187.5000001,-54.96893
1033167343.7500001,-55.05698
1033167500.0000001,-54.94485
1033167656.2500001,-54.98505
1033167812.5000001,-55.01508
1033167968.7500001,-54.94147
1033168125.0000001,-54.91927
1033168281.2500001,-54.94107
1033168437.5000001,-55.01575
1033168593.7500001,-54.93539
1033168750.0000001,-54.88382
1033168906.2500001,-55.07383
1033169062.5000001,-54.96437
1033169218.7500001,-54.96362
1033169375.0000001,-54.93011
1033169531.2500001,-54.99422
1033169687.5000001,-54.9924
1033169843.7500001,-54.93192
1033170000.0000001,-54.91155
1033170156.2500001,-55.01727
1033170312.5000001,-55.10231
1033170468.7500001,-55.05074
1033170625.0000001,-55.01208
1033170781.2500001,-54.97107
1033170937.5000001,-54.9852
1033171093.7500001,-54.94649
1033171250.0000001,-54.94921
1033171406.2500001,-54.96705
1033171562.5000001,-54.86932
1033171718.7500001,-55.01632
1033171875.0000001,-55.01047
1033172031.2500001,-55.00583
1033172187.5000001,-55.05744
1033172343.7500001,-55.0479
1033172500.0000001,-54.96271
1033172656.2500001,-54.8948
1033172812.5000001,-55.01596
1033172968.7500001,-54.98926
1033173125.0000001,-54.98789
1033173281.2500001,-54.94812
1033173437.5000001,-54.98332
1033173593.7500001,-55.08856
1033173750.0000001,-55.05535
1033173906.2500001,-54.94146
1033174062.5000001,-54.9939
1033174218.7500001,-54.92715
1033174375.0000001,-55.12282
1033174531.2500001,-54.91105
1033174687.5000001,-54.93756
1033174843.7500001,-54.98466
1033175000.0000001,-54.91619
1033175156.2500001,-54.93541
1033175312.5000001,-54.99264
1033175468.7500001,-54.99816
1033175625.0000001,-54.89776
1033175781.2500001,-54.98873
1033175937.5000001,-54.90431
1033176093.7500001,-54.9611
1033176250.0000001,-54.96997
1033176406.2500001,-54.96524
1033176562.5000001,-54.93039
1033176718.7500001,-55.02207
1033176875.0000001,-54.94677
1033177031.2500001,-54.94123
1033177187.5000001,-54.87303
1033177343.7500001,-55.05177
1033177500.0000001,-54.90961
1033177656.2500001,-55.01409
1033177812.5000001,-54.96542
1033177968.7500001,-54.79701
1033178125.0000001,-54.99122
1033178281.2500001,-54.97838
1033178437.5000001,-55.01711
1033178593.7500001,-55.00542
1033178750.0000001,-54.96039
1033178906.2500001,-54.99813
1033179062.5000001,-55.03326
1033179218.7500001,-54.98485
1033179375.0000001,-54.99682
1033179531.2500001,-55.03241
1033179687.5000001,-55.03946
1033179843.7500001,-54.9777
1033180000.0000001,-55.0373
1033180156.2500001,-55.14935
1033180312.5000001,-55.01524
1033180468.7500001,-54.96699
1033180625.0000001,-54.92345
1033180781.2500001,-54.96721
1033180937.5000001,-54.96309
1033181093.7500001,-54.91721
1033181250.0000001,-54.95352
1033181406.2500001,-54.96119
1033181562.5000001,-54.98822
1033181718.7500001,-54.86516
1033181875.0000001,-54.95192
1033182031.2500001,-54.99266
1033182187.5000001,-54.94179
1033182343.7500001,-55.05379
1033182500.0000001,-55.0284
1033182656.2500001,-54.98824
1033182812.5000001,-54.9297
1033182968.7500001,-54.99076
1033183125.0000001,-54.86539
1033183281.2500001,-54.91595
1033183437.5000001,-55.01506
1033183593.7500001,-54.91259
1033183750.0000001,-55.00245
1033183906.2500001,-54.97108
1033184062.5000001,-54.85211
1033184218.7500001,-54.95982
1033184375.0000001,-54.92393
1033184531.2500001,-54.95159
1033184687.5000001,-54.83739
1033184843.7500001,-54.99854
1033185000.0000001,-54.96869
1033185156.2500001,-55.06902
1033185312.5000001,-54.90462
1033185468.7500001,-55.02026
1033185625.0000001,-54.94687
1033185781.2500001,-54.96791
1033185937.5000001,-54.96364
1033186093.7500001,-54.84481
1033186250.0000001,-54.88194
1033186406.2500001,-55.00346
1033186562.5000001,-55.0288
1033186718.7500001,-54.93373
1033186875.0000001,-54.89479
1033187031.2500001,-55.02945
1033187187.5000001,-54.94358
1033187343.7500001,-55.01892
1033187500.0000001,-54.84377
1033187656.2500001,-55.01908
1033187812.5000001,-54.96881
1033187968.7500001,-55.03419
1033188125.0000001,-54.99023
1033188281.2500001,-54.83721
1033188437.5000001,-55.06018
1033188593.7500001,-54.87275
1033188750.0000001,-54.8617
1033188906.2500001,-54.9697
1033189062.5000001,-54.96956
1033189218.7500001,-54.92263
1033189375.0000001,-54.90292
1033189531.2500001,-54.89653
1033189687.5000001,-54.91527
1033189843.7500001,-54.92707
1033190000.0000001,-54.88377
1033190156.2500001,-54.87198
1033190312.5000001,-54.95959
1033190468.7500001,-54.89405
1033190625.0000001,-54.87995
1033190781.2500001,-54.93741
1033190937.5000001,-54.79346
1033191093.7500001,-54.96919
1033191250.0000001,-54.9348
1033191406.2500001,-54.87753
1033191562.5000001,-54.93343
1033191718.7500001,-54.95509
1033191875.0000001,-54.86423
1033192031.2500001,-54.91939
1033192187.5000001,-54.99517
1033192343.7500001,-54.97245
1033192500.0000001,-54.85479
1033192656.2500001,-54.93785
1033192812.5000001,-54.88543
1033192968.7500001,-55.02281
1033193125.0000001,-54.85897
1033193281.2500001,-54.8825
1033193437.5000001,-54.91485
1033193593.7500001,-54.81373
1033193750.0000001,-54.87266
1033193906.2500001,-54.91618
1033194062.5000001,-54.95689
1033194218.7500001,-54.85696
1033194375.0000001,-54.89727
1033194531.2500001,-54.96701
1033194687.5000001,-54.95761
1033194843.7500001,-54.81931
1033195000.0000001,-54.84232
1033195156.2500001,-54.95007
1033195312.5000001,-54.97759
1033195468.7500001,-54.98949
1033195625.0000001,-54.84769
1033195781.2500001,-55.00316
1033195937.5000001,-54.90005
1033196093.7500001,-54.82263
1033196250.0000001,-54.98094
1033196406.2500001,-54.88588
1033196562.5000001,-54.89415
1033196718.7500001,-54.94626
1033196875.0000001,-54.92293
1033197031.2500001,-54.87315
1033197187.5000001,-54.80115
1033197343.7500001,-54.90932
1033197500.0000001,-54.8687
1033197656.2500001,-54.96775
1033197812.5000001,-54.8763
1033197968.7500001,-54.85149
1033198125.0000001,-54.89169
1033198281.2500001,-54.92196
1033198437.5000001,-54.89756
1033198593.7500001,-54.82533
1033198750.0000001,-54.96568
1033198906.2500001,-54.91038
1033199062.5000001,-54.88555
1033199218.7500001,-54.93934
1033199375.0000001,-54.8797
1033199531.2500001,-54.82066
1033199687.5000001,-54.92966
1033199843.7500001,-54.95817
1033200000.0000001,-54.9398
1033200156.2500001,-54.82189
1033200312.5000001,-54.77227
1033200468.7500001,-54.81266
1033200625.0000001,-54.90715
1033200781.2500001,-54.96093
1033200937.5000001,-54.90224
1033201093.7500001,-54.858
1033201250.0000001,-54.92022
1033201406.2500001,-54.88505
1033201562.5000001,-54.89816
1033201718.7500001,-54.91716
1033201875.0000001,-54.91197
1033202031.2500001,-54.84787
1033202187.5000001,-54.82457
1033202343.7500001,-54.94421
1033202500.0000001,-54.80524
1033202656.2500001,-54.96392
1033202812.5000001,-54.8562
1033202968.7500001,-54.8583
1033203125.0000001,-54.77041
1033203281.2500001,-54.90259
1033203437.5000001,-54.92505
1033203593.7500001,-54.85512
1033203750.0000001,-54.92467
1033203906.2500001,-54.9221
1033204062.5000001,-54.95005
1033204218.7500001,-54.84571
1033204375.0000001,-54.94405
1033204531.2500001,-54.93565
1033204687.5000001,-54.81521
1033204843.7500001,-54.96038
1033205000.0000001,-54.7802
1033205156.2500001,-54.9251
1033205312.5000001,-54.98404
1033205468.7500001,-55.02282
1033205625.0000001,-54.90589
1033205781.2500001,-54.80302
1033205937.5000001,-54.92161
1033206093.7500001,-54.88483
1033206250.0000001,-54.84645
1033206406.2500001,-54.91753
1033206562.5000001,-54.82713
1033206718.7500001,-54.87263
1033206875.0000001,-54.78885
1033207031.2500001,-54.7956
1033207187.5000001,-54.99349
1033207343.7500001,-54.85835
1033207500.0000001,-54.89783
1033207656.2500001,-54.89939
1033207812.5000001,-54.86219
1033207968.7500001,-55.02618
1033208125.0000001,-54.7849
1033208281.2500001,-54.87693
1033208437.5000001,-54.92443
1033208593.7500001,-54.88968
1033208750.0000001,-54.8434
1033208906.2500001,-54.96103
1033209062.5000001,-54.84829
1033209218.7500001,-54.90662
1033209375.0000001,-54.9077
1033209531.2500001,-54.89307
1033209687.5000001,-54.89843
1033209843.7500001,-54.84835
1033210000.0000001,-54.82123
1033210156.2500001,-54.81479
1033210312.5000001,-54.91746
1033210468.7500001,-54.9092
1033210625.0000001,-54.89451
1033210781.2500001,-54.8863
1033210937.5000001,-54.8371
1033211093.7500001,-54.83194
1033211250.0000001,-55.0322
1033211406.2500001,-54.85485
1033211562.5000001,-54.85937
1033211718.7500001,-54.87131
1033211875.0000001,-54.86876
1033212031.2500001,-54.91837
1033212187.5000001,-54.86754
1033212343.7500001,-54.89894
1033212500.0000001,-54.82894
1033212656.2500001,-54.86795
1033212812.5000001,-54.77568
1033212968.7500001,-54.91737
1033213125.0000001,-54.86232
1033213281.2500001,-54.83426
1033213437.5000001,-54.80695
1033213593.7500001,-54.91302
1033213750.0000001,-54.84589
1033213906.2500001,-54.84079
1033214062.5000001,-54.83576
1033214218.7500001,-54.86035
1033214375.0000001,-54.83638
1033214531.2500001,-54.89104
1033214687.5000001,-54.91441
1033214843.7500001,-54.83051
1033215000.0000001,-54.79074
1033215156.2500001,-54.89679
1033215312.5000001,-54.79846
1033215468.7500001,-54.90554
1033215625.0000001,-54.87957
1033215781.2500001,-54.92395
1033215937.5000001,-54.87268
1033216093.7500001,-54.88997
1033216250.0000001,-54.79367
1033216406.2500001,-54.90764
1033216562.5000001,-54.8388
1033216718.7500001,-54.76589
1033216875.0000001,-54.85533
1033217031.2500001,-54.80809
1033217187.5000001,-54.82029
1033217343.7500001,-54.83984
1033217500.0000001,-54.8508
1033217656.2500001,-55.02994
1033217812.5000001,-54.87524
1033217968.7500001,-54.74026
1033218125.0000001,-54.93301
1033218281.2500001,-54.82714
1033218437.5000001,-54.8425
1033218593.7500001,-54.86444
1033218750.0000001,-54.77658
1033218906.2500001,-54.9287
1033219062.5000001,-54.77685
1033219218.7500001,-54.82415
1033219375.0000001,-54.74098
1033219531.2500001,-54.73767
1033219687.5000001,-54.9244
1033219843.7500001,-54.82055
1033220000.0000001,-54.95539
1033220156.2500001,-54.71432
1033220312.5000001,-54.84833
1033220468.7500001,-54.80347
1033220625.0000001,-54.94268
1033220781.2500001,-54.82492
1033220937.5000001,-54.83068
1033221093.7500001,-54.79955
1033221250.0000001,-54.77661
1033221406.2500001,-54.83691
1033221562.5000001,-54.75663
1033221718.7500001,-54.93763
1033221875.0000001,-54.79291
1033222031.2500001,-54.86401
1033222187.5000001,-54.78072
1033222343.7500001,-54.87656
1033222500.0000001,-54.77488
1033222656.2500001,-54.85291
1033222812.5000001,-54.80093
1033222968.7500001,-54.88702
1033223125.0000001,-54.84517
1033223281.2500001,-54.81758
1033223437.5000001,-54.94314
1033223593.7500001,-54.78067
1033223750.0000001,-54.83361
1033223906.2500001,-54.85468
1033224062.5000001,-54.89592
1033224218.7500001,-54.86353
1033224375.0000001,-54.83235
1033224531.2500001,-54.83182
1033224687.5000001,-54.88544
1033224843.7500001,-54.80436
1033225000.0000001,-54.88221
1033225156.2500001,-54.81696
1033225312.5000001,-54.83
1033225468.7500001,-54.77446
1033225625.0000001,-54.82564
1033225781.2500001,-54.75169
1033225937.5000001,-54.75938
1033226093.7500001,-54.78183
1033226250.0000001,-54.76527
1033226406.2500001,-54.83931
1033226562.5000001,-54.77802
1033226718.7500001,-54.88848
1033226875.0000001,-54.75812
1033227031.2500001,-54.89191
1033227187.5000001,-54.81906
1033227343.7500001,-54.75723
1033227500.0000001,-54.86671
1033227656.2500001,-54.81051
1033227812.5000001,-54.79456
1033227968.7500001,-54.77597
1033228125.0000001,-54.86665
1033228281.2500001,-54.79018
1033228437.5000001,-54.74022
1033228593.7500001,-54.81872
1033228750.0000001,-54.75021
1033228906.2500001,-54.78885
1033229062.5000001,-54.78642
1033229218.7500001,-54.89844
1033229375.0000001,-54.78634
1033229531.2500001,-54.82509
1033229687.5000001,-54.84952
1033229843.7500001,-54.82918
1033230000.0000001,-54.79618
1033230156.2500001,-54.79643
1033230312.5000001,-54.71926
1033230468.7500001,-54.76489
1033230625.0000001,-54.85879
1033230781.2500001,-54.77172
1033230937.5000001,-54.84946
1033231093.7500001,-54.86262
1033231250.0000001,-54.77868
1033231406.2500001,-54.74207
1033231562.5000001,-54.8661
1033231718.7500001,-54.76038
1033231875.0000001,-54.85537
1033232031.2500001,-54.8427
1033232187.5000001,-54.74643
1033232343.7500001,-54.81784
1033232500.0000001,-54.89543
1033232656.2500001,-54.72399
1033232812.5000001,-54.77976
1033232968.7500001,-54.87683
1033233125.0000001,-54.71578
1033233281.2500001,-54.78598
1033233437.5000001,-54.76881
1033233593.7500001,-54.80303
1033233750.0000001,-54.80586
1033233906.2500001,-54.79531
1033234062.5000001,-54.77568
1033234218.7500001,-54.75777
1033234375.0000001,-54.76167
1033234531.2500001,-54.67917
1033234687.5000001,-54.68946
1033234843.7500001,-54.73056
1033235000.0000001,-54.86886
1033235156.2500001,-54.77292
1033235312.5000001,-54.73124
1033235468.7500001,-54.81678
1033235625.0000001,-54.79947
1033235781.2500001,-54.78106
1033235937.5000001,-54.72597
1033236093.7500001,-54.84066
1033236250.0000001,-54.78176
1033236406.2500001,-54.8361
1033236562.5000001,-54.81656
1033236718.7500001,-54.73272
1033236875.0000001,-54.83804
1033237031.2500001,-54.75047
1033237187.5000001,-54.70226
1033237343.7500001,-54.79351
1033237500.0000001,-54.73616
1033237656.2500001,-54.73445
1033237812.5000001,-54.81736
1033237968.7500001,-54.76585
1033238125.0000001,-54.83033
1033238281.2500001,-54.78963
1033238437.5000001,-54.79184
1033238593.7500001,-54.78666
1033238750.0000001,-54.75553
1033238906.2500001,-54.73993
1033239062.5000001,-54.73971
1033239218.7500001,-54.79169
1033239375.0000001,-54.847
1033239531.2500001,-54.77374
1033239687.5000001,-54.74001
1033239843.7500001,-54.78988
1033240000.0000001,-54.77517
1033240156.2500001,-54.72813
1033240312.5000001,-54.71456
1033240468.7500001,-54.76782
1033240625.0000001,-54.88569
1033240781.2500001,-54.70182
1033240937.5000001,-54.70758
1033241093.7500001,-54.77538
1033241250.0000001,-54.75581
1033241406.2500001,-54.73773
1033241562.5000001,-54.73652
1033241718.7500001,-54.7558
1033241875.0000001,-54.75651
1033242031.2500001,-54.80881
1033242187.5000001,-54.67985
1033242343.7500001,-54.7811
1033242500.0000001,-54.80093
1033242656.2500001,-54.70604
1033242812.5000001,-54.81794
1033242968.7500001,-54.7482
1033243125.0000001,-54.77584
1033243281.2500001,-54.82446
1033243437.5000001,-54.78061
1033243593.7500001,-54.78616
1033243750.0000001,-54.69417
1033243906.2500001,-54.73882
1033244062.5000001,-54.70918
1033244218.7500001,-54.86564
1033244375.0000001,-54.70098
1033244531.2500001,-54.77517
1033244687.5000001,-54.8559
1033244843.7500001,-54.73289
1033245000.0000001,-54.79786
1033245156.2500001,-54.85303
1033245312.5000001,-54.77004
1033245468.7500001,-54.60664
1033245625.0000001,-54.72811
1033245781.2500001,-54.73167
1033245937.5000001,-54.73616
1033246093.7500001,-54.74456
1033246250.0000001,-54.83014
1033246406.2500001,-54.70518
1033246562.5000001,-54.80034
1033246718.7500001,-54.73925
1033246875.0000001,-54.69754
1033247031.2500001,-54.78783
1033247187.5000001,-54.69706
1033247343.7500001,-54.76199
1033247500.0000001,-54.73853
1033247656.2500001,-54.80474
1033247812.5000001,-54.73674
1033247968.7500001,-54.80505
1033248125.0000001,-54.75013
1033248281.2500001,-54.73971
1033248437.5000001,-54.72826
1033248593.7500001,-54.80756
1033248750.0000001,-54.76218
1033248906.2500001,-54.74223
1033249062.5000001,-54.73154
1033249218.7500001,-54.78018
1033249375.0000001,-54.76023
1033249531.2500001,-54.65844
1033249687.5000001,-54.797
1033249843.7500001,-54.74205
1033250000.0000001,-54.73868
1033250156.2500001,-54.69325
1033250312.5000001,-54.64134
1033250468.7500001,-54.71825
1033250625.0000001,-54.76592
1033250781.2500001,-54.776
1033250937.5000001,-54.67581
1033251093.7500001,-54.81478
1033251250.0000001,-54.71485
1033251406.2500001,-54.76021
1033251562.5000001,-54.74023
1033251718.7500001,-54.73264
1033251875.0000001,-54.78952
1033252031.2500001,-54.6594
1033252187.5000001,-54.73587
1033252343.7500001,-54.69442
1033252500.0000001,-54.83606
1033252656.2500001,-54.72895
1033252812.5000001,-54.71612
1033252968.7500001,-54.80051
1033253125.0000001,-54.74392
1033253281.2500001,-54.6155
1033253437.5000001,-54.80287
1033253593.7500001,-54.70877
1033253750.0000001,-54.66336
1033253906.2500001,-54.77248
1033254062.5000001,-54.59658
1033254218.7500001,-54.73603
1033254375.0000001,-54.81716
1033254531.2500001,-54.70163
1033254687.5000001,-54.72601
1033254843.7500001,-54.72955
1033255000.0000001,-54.70199
1033255156.2500001,-54.70232
1033255312.5000001,-54.75479
1033255468.7500001,-54.69728
1033255625.0000001,-54.72384
1033255781.2500001,-54.76363
1033255937.5000001,-54.71338
1033256093.7500001,-54.6991
1033256250.0000001,-54.78491
1033256406.2500001,-54.8003
1033256562.5000001,-54.62919
1033256718.7500001,-54.77789
1033256875.0000001,-54.7285
1033257031.2500001,-54.74918
1033257187.5000001,-54.74981
1033257343.7500001,-54.55272
1033257500.0000001,-54.78732
1033257656.2500001,-54.78025
1033257812.5000001,-54.70608
1033257968.7500001,-54.78394
1033258125.0000001,-54.61598
1033258281.2500001,-54.68258
1033258437.5000001,-54.76501
1033258593.7500001,-54.69714
1033258750.0000001,-54.7098
1033258906.2500001,-54.62576
1033259062.5000001,-54.72643
1033259218.7500001,-54.77754
1033259375.0000001,-54.76079
1033259531.2500001,-54.66627
1033259687.5000001,-54.70859
1033259843.7500001,-54.77165
1033260000.0000001,-54.77073
1033260156.2500001,-54.67535
1033260312.5000001,-54.80862
1033260468.7500001,-54.64609
1033260625.0000001,-54.7113
1033260781.2500001,-54.79227
1033260937.5000001,-54.71769
1033261093.7500001,-54.67691
1033261250.0000001,-54.7765
1033261406.2500001,-54.61614
1033261562.5000001,-54.69925
1033261718.7500001,-54.66251
1033261875.0000001,-54.68344
1033262031.2500001,-54.6744
1033262187.5000001,-54.66974
1033262343.7500001,-54.71351
1033262500.0000001,-54.76153
1033262656.2500001,-54.74203
1033262812.5000001,-54.63908
1033262968.7500001,-54.7222
1033263125.0000001,-54.64188
1033263281.2500001,-54.68785
1033263437.5000001,-54.71167
1033263593.7500001,-54.6375
1033263750.0000001,-54.65077
1033263906.2500001,-54.69329
1033264062.5000001,-54.62576
1033264218.7500001,-54.65783
1033264375.0000001,-54.72709
1033264531.2500001,-54.63994
1033264687.5000001,-54.75534
1033264843.7500001,-54.68833
1033265000.0000001,-54.65482
1033265156.2500001,-54.67755
1033265312.5000001,-54.76649
1033265468.7500001,-54.70476
1033265625.0000001,-54.66572
1033265781.2500001,-54.7486
1033265937.5000001,-54.70397
1033266093.7500001,-54.66323
1033266250.0000001,-54.72831
1033266406.2500001,-54.7633
1033266562.5000001,-54.70131
1033266718.7500001,-54.64411
1033266875.0000001,-54.68054
1033267031.2500001,-54.72774
1033267187.5000001,-54.7247
1033267343.7500001,-54.65648
1033267500.0000001,-54.57714
1033267656.2500001,-54.6839
1033267812.5000001,-54.74605
1033267968.7500001,-54.59793
1033268125.0000001,-54.67185
1033268281.2500001,-54.66964
1033268437.5000001,-54.64153
1033268593.7500001,-54.61123
1033268750.0000001,-54.70491
1033268906.2500001,-54.69088
1033269062.5000001,-54.64322
1033269218.7500001,-54.66674
1033269375.0000001,-54.74227
1033269531.2500001,-54.69598
1033269687.5000001,-54.70195
1033269843.7500001,-54.66482
1033270000.0000001,-54.61268
1033270156.2500001,-54.71932
1033270312.5000001,-54.78231
1033270468.7500001,-54.68966
1033270625.0000001,-54.65997
1033270781.2500001,-54.56472
1033270937.5000001,-54.59688
1033271093.7500001,-54.68441
1033271250.0000001,-54.63422
1033271406.2500001,-54.61507
1033271562.5000001,-54.66628
1033271718.7500001,-54.72567
1033271875.0000001,-54.68491
1033272031.2500001,-54.59727
1033272187.5000001,-54.67621
1033272343.7500001,-54.5762
1033272500.0000001,-54.65226
1033272656.2500001,-54.74029
1033272812.5000001,-54.65228
1033272968.7500001,-54.72915
1033273125.0000001,-54.63997
1033273281.2500001,-54.60948
1033273437.5000001,-54.60468
1033273593.7500001,-54.66039
1033273750.0000001,-54.74292
1033273906.2500001,-54.69461
1033274062.5000001,-54.62557
1033274218.7500001,-54.64564
1033274375.0000001,-54.725
1033274531.2500001,-54.6901
1033274687.5000001,-54.75231
1033274843.7500001,-54.6875
1033275000.0000001,-54.76824
1033275156.2500001,-54.63876
1033275312.5000001,-54.61631
1033275468.7500001,-54.59544
1033275625.0000001,-54.64272
1033275781.2500001,-54.53509
1033275937.5000001,-54.6863
1033276093.7500001,-54.63572
1033276250.0000001,-54.6701
1033276406.2500001,-54.67809
1033276562.5000001,-54.60082
1033276718.7500001,-54.64327
1033276875.0000001,-54.64191
1033277031.2500001,-54.65903
1033277187.5000001,-54.6032
1033277343.7500001,-54.8018
1033277500.0000001,-54.66377
1033277656.2500001,-54.62189
1033277812.5000001,-54.58934
1033277968.7500001,-54.66734
1033278125.0000001,-54.52448
1033278281.2500001,-54.63591
1033278437.5000001,-54.53744
1033278593.7500001,-54.61018
1033278750.0000001,-54.5863
1033278906.2500001,-54.61758
1033279062.5000001,-54.5956
1033279218.7500001,-54.55359
1033279375.0000001,-54.52923
1033279531.2500001,-54.6147
1033279687.5000001,-54.59316
1033279843.7500001,-54.64728
1033280000.0000001,-54.58904
1033280156.2500001,-54.59448
1033280312.5000001,-54.62208
1033280468.7500001,-54.62214
1033280625.0000001,-54.66636
1033280781.2500001,-54.58319
1033280937.5000001,-54.64265
1033281093.7500001,-54.61704
1033281250.0000001,-54.63156
1033281406.2500001,-54.57799
1033281562.5000001,-54.65997
1033281718.7500001,-54.60683
1033281875.0000001,-54.68856
1033282031.2500001,-54.58969
1033282187.5000001,-54.55645
1033282343.7500001,-54.77792
1033282500.0000001,-54.5768
1033282656.2500001,-54.65475
1033282812.5000001,-54.56516
1033282968.7500001,-54.63947
1033283125.0000001,-54.5962
1033283281.2500001,-54.63577
1033283437.5000001,-54.56443
1033283593.7500001,-54.7265
1033283750.0000001,-54.60399
1033283906.2500001,-54.65118
1033284062.5000001,-54.71225
1033284218.7500001,-54.585
1033284375.0000001,-54.72532
1033284531.2500001,-54.68339
1033284687.5000001,-54.69808
1033284843.7500001,-54.61612
1033285000.0000001,-54.62134
1033285156.2500001,-54.55057
1033285312.5000001,-54.54087
1033285468.7500001,-54.54488
1033285625.0000001,-54.66383
1033285781.2500001,-54.61662
1033285937.5000001,-54.70874
1033286093.7500001,-54.57991
1033286250.0000001,-54.64808
1033286406.2500001,-54.65074
1033286562.5000001,-54.65113
1033286718.7500001,-54.6829
1033286875.0000001,-54.67731
1033287031.2500001,-54.6618
1033287187.5000001,-54.60059
1033287343.7500001,-54.67895
1033287500.0000001,-54.67787
1033287656.2500001,-54.56743
1033287812.5000001,-54.5942
1033287968.7500001,-54.59776
1033288125.0000001,-54.69231
1033288281.2500001,-54.60364
1033288437.5000001,-54.59138
1033288593.7500001,-54.55103
1033288750.0000001,-54.66814
1033288906.2500001,-54.54784
1033289062.5000001,-54.55948
1033289218.7500001,-54.6554
1033289375.0000001,-54.60394
1033289531.2500001,-54.68708
1033289687.5000001,-54.64875
1033289843.7500001,-54.48505
1033290000.0000001,-54.52407
1033290156.2500001,-54.67895
1033290312.5000001,-54.56565
1033290468.7500001,-54.64237
1033290625.0000001,-54.60478
1033290781.2500001,-54.58839
1033290937.5000001,-54.63241
1033291093.7500001,-54.55924
1033291250.0000001,-54.62035
1033291406.2500001,-54.63194
1033291562.5000001,-54.68233
1033291718.7500001,-54.62267
1033291875.0000001,-54.55427
1033292031.2500001,-54.58146
1033292187.5000001,-54.62623
1033292343.7500001,-54.65001
1033292500.0000001,-54.60821
1033292656.2500001,-54.58131
1033292812.5000001,-54.49859
1033292968.7500001,-54.60105
1033293125.0000001,-54.63844
1033293281.2500001,-54.68463
1033293437.5000001,-54.60227
1033293593.7500001,-54.6246
1033293750.0000001,-54.68867
1033293906.2500001,-54.60213
1033294062.5000001,-54.60848
1033294218.7500001,-54.63525
1033294375.0000001,-54.56326
1033294531.2500001,-54.54858
1033294687.5000001,-54.54213
1033294843.7500001,-54.49704
1033295000.0000001,-54.5791
1033295156.2500001,-54.68348
1033295312.5000001,-54.58424
1033295468.7500001,-54.5186
1033295625.0000001,-54.51975
1033295781.2500001,-54.62445
1033295937.5000001,-54.62315
1033296093.7500001,-54.55104
1033296250.0000001,-54.52312
1033296406.2500001,-54.60394
1033296562.5000001,-54.64318
1033296718.7500001,-54.60427
1033296875.0000001,-54.49571
1033297031.2500001,-54.55367
1033297187.5000001,-54.51702
1033297343.7500001,-54.64495
1033297500.0000001,-54.56539
1033297656.2500001,-54.49173
1033297812.5000001,-54.54203
1033297968.7500001,-54.51767
1033298125.0000001,-54.57328
1033298281.2500001,-54.58232
1033298437.5000001,-54.64655
1033298593.7500001,-54.55976
1033298750.0000001,-54.47624
1033298906.2500001,-54.54559
1033299062.5000001,-54.57238
1033299218.7500001,-54.56902
1033299375.0000001,-54.63745
1033299531.2500001,-54.55144
1033299687.5000001,-54.51189
1033299843.7500001,-54.54776
1033300000.0000001,-54.58384
1033300156.2500001,-54.5989
1033300312.5000001,-54.57674
1033300468.7500001,-54.55957
1033300625.0000001,-54.59632
1033300781.2500001,-54.54475
1033300937.5000001,-54.57411
1033301093.7500001,-54.60785
1033301250.0000001,-54.43289
1033301406.2500001,-54.56675
1033301562.5000001,-54.64129
1033301718.7500001,-54.64582
1033301875.0000001,-54.61345
1033302031.2500001,-54.56544
1033302187.5000001,-54.53373
1033302343.7500001,-54.61002
1033302500.0000001,-54.59526
1033302656.2500001,-54.52697
1033302812.5000001,-54.45681
1033302968.7500001,-54.57521
1033303125.0000001,-54.56615
1033303281.2500001,-54.59407
1033303437.5000001,-54.57515
1033303593.7500001,-54.56999
1033303750.0000001,-54.5722
1033303906.2500001,-54.49593
1033304062.5000001,-54.55124
1033304218.7500001,-54.59494
1033304375.0000001,-54.5016
1033304531.2500001,-54.50634
1033304687.5000001,-54.62886
1033304843.7500001,-54.67892
1033305000.0000001,-54.5876
1033305156.2500001,-54.47377
1033305312.5000001,-54.55662
1033305468.7500001,-54.60606
1033305625.0000001,-54.58559
1033305781.2500001,-54.56147
1033305937.5000001,-54.54581
1033306093.7500001,-54.57284
1033306250.0000001,-54.5118
1033306406.2500001,-54.58163
1033306562.5000001,-54.55928
1033306718.7500001,-54.54459
1033306875.0000001,-54.51915
1033307031.2500001,-54.49911
1033307187.5000001,-54.55937
1033307343.7500001,-54.49358
1033307500.0000001,-54.65657
1033307656.2500001,-54.55821
1033307812.5000001,-54.54477
1033307968.7500001,-54.57212
1033308125.0000001,-54.56395
1033308281.2500001,-54.61535
1033308437.5000001,-54.55654
1033308593.7500001,-54.60163
1033308750.0000001,-54.5191
1033308906.2500001,-54.57938
1033309062.5000001,-54.62698
1033309218.7500001,-54.59865
1033309375.0000001,-54.53041
1033309531.2500001,-54.53431
1033309687.5000001,-54.47984
1033309843.7500001,-54.58489
1033310000.0000001,-54.61544
1033310156.2500001,-54.54062
1033310312.5000001,-54.53912
1033310468.7500001,-54.50978
1033310625.0000001,-54.58958
1033310781.2500001,-54.53278
1033310937.5000001,-54.58435
1033311093.7500001,-54.65965
1033311250.0000001,-54.47061
1033311406.2500001,-54.51563
1033311562.5000001,-54.53397
1033311718.7500001,-54.54691
1033311875.0000001,-54.54253
1033312031.2500001,-54.56039
1033312187.5000001,-54.49881
1033312343.7500001,-54.55509
1033312500.0000001,-54.68213
1033312656.2500001,-54.55156
1033312812.5000001,-54.46483
1033312968.7500001,-54.56991
1033313125.0000001,-54.44205
1033313281.2500001,-54.46154
1033313437.5000001,-54.50264
1033313593.7500001,-54.55349
1033313750.0000001,-54.55262
1033313906.2500001,-54.49462
1033314062.5000001,-54.4436
1033314218.7500001,-54.54834
1033314375.0000001,-54.5577
1033314531.2500001,-54.5367
1033314687.5000001,-54.50319
1033314843.7500001,-54.49123
1033315000.0000001,-54.53889
1033315156.2500001,-54.55432
1033315312.5000001,-54.60033
1033315468.7500001,-54.48811
1033315625.0000001,-54.52231
1033315781.2500001,-54.48399
1033315937.5000001,-54.61557
1033316093.7500001,-54.56433
1033316250.0000001,-54.5136
1033316406.2500001,-54.54147
1033316562.5000001,-54.56368
1033316718.7500001,-54.50634
1033316875.0000001,-54.597
1033317031.2500001,-54.56853
1033317187.5000001,-54.50894
1033317343.7500001,-54.57598
1033317500.0000001,-54.53453
1033317656.2500001,-54.52581
1033317812.5000001,-54.50019
1033317968.7500001,-54.49191
1033318125.0000001,-54.47489
1033318281.2500001,-54.46657
1033318437.5000001,-54.55616
1033318593.7500001,-54.52541
1033318750.0000001,-54.47228
1033318906.2500001,-54.4658
1033319062.5000001,-54.41257
1033319218.7500001,-54.46819
1033319375.0000001,-54.47721
1033319531.2500001,-54.51308
1033319687.5000001,-54.46887
1033319843.7500001,-54.56719
1033320000.0000001,-54.59591
1033320156.2500001,-54.55203
1033320312.5000001,-54.46127
1033320468.7500001,-54.41353
1033320625.0000001,-54.46353
1033320781.2500001,-54.56044
1033320937.5000001,-54.44988
1033321093.7500001,-54.44227
1033321250.0000001,-54.54434
1033321406.2500001,-54.46899
1033321562.5000001,-54.55717
1033321718.7500001,-54.44325
1033321875.0000001,-54.53978
1033322031.2500001,-54.53837
1033322187.5000001,-54.46368
1033322343.7500001,-54.55745
1033322500.0000001,-54.51962
1033322656.2500001,-54.44371
1033322812.5000001,-54.48781
1033322968.7500001,-54.52403
1033323125.0000001,-54.5709
1033323281.2500001,-54.59342
1033323437.5000001,-54.4599
1033323593.7500001,-54.48272
1033323750.0000001,-54.49846
1033323906.2500001,-54.59436
1033324062.5000001,-54.50691
1033324218.7500001,-54.42894
1033324375.0000001,-54.48663
1033324531.2500001,-54.56713
1033324687.5000001,-54.51054
1033324843.7500001,-54.4896
1033325000.0000001,-54.54346
1033325156.2500001,-54.52918
1033325312.5000001,-54.57784
1033325468.7500001,-54.47894
1033325625.0000001,-54.49221
1033325781.2500001,-54.46952
1033325937.5000001,-54.52488
1033326093.7500001,-54.50436
1033326250.0000001,-54.40559
1033326406.2500001,-54.46556
1033326562.5000001,-54.53373
1033326718.7500001,-54.5294
1033326875.0000001,-54.6187
1033327031.2500001,-54.39379
1033327187.5000001,-54.44594
1033327343.7500001,-54.41687
1033327500.0000001,-54.42292
1033327656.2500001,-54.53262
1033327812.5000001,-54.44549
1033327968.7500001,-54.51267
1033328125.0000001,-54.45891
1033328281.2500001,-54.51455
1033328437.5000001,-54.40283
1033328593.7500001,-54.56585
1033328750.0000001,-54.38792
1033328906.2500001,-54.41229
1033329062.5000001,-54.48472
1033329218.7500001,-54.56211
1033329375.0000001,-54.39489
1033329531.2500001,-54.54388
1033329687.5000001,-54.44991
1033329843.7500001,-54.47113
1033330000.0000001,-54.40518
1033330156.2500001,-54.42651
1033330312.5000001,-54.5012
1033330468.7500001,-54.41168
1033330625.0000001,-54.44691
1033330781.2500001,-54.53736
1033330937.5000001,-54.41883
1033331093.7500001,-54.47949
1033331250.0000001,-54.51894
1033331406.2500001,-54.52593
1033331562.5000001,-54.4214
1033331718.7500001,-54.46813
1033331875.0000001,-54.4333
1033332031.2500001,-54.46713
1033332187.5000001,-54.51354
1033332343.7500001,-54.44691
1033332500.0000001,-54.42279
1033332656.2500001,-54.41642
1033332812.5000001,-54.4977
1033332968.7500001,-54.48015
1033333125.0000001,-54.37823
1033333281.2500001,-54.50101
1033333437.5000001,-54.5262
1033333593.7500001,-54.43996
1033333750.0000001,-54.49295
1033333906.2500001,-54.39988
1033334062.5000001,-54.48087
1033334218.7500001,-54.49237
1033334375.0000001,-54.42909
1033334531.2500001,-54.43545
1033334687.5000001,-54.42073
1033334843.7500001,-54.43913
1033335000.0000001,-54.46729
1033335156.2500001,-54.44847
1033335312.5000001,-54.48972
1033335468.7500001,-54.56726
1033335625.0000001,-54.42839
1033335781.2500001,-54.42079
1033335937.5000001,-54.50152
1033336093.7500001,-54.45182
1033336250.0000001,-54.4647
1033336406.2500001,-54.42576
1033336562.5000001,-54.57288
1033336718.7500001,-54.32971
1033336875.0000001,-54.44796
1033337031.2500001,-54.46504
1033337187.5000001,-54.37708
1033337343.7500001,-54.44452
1033337500.0000001,-54.49893
1033337656.2500001,-54.42551
1033337812.5000001,-54.52099
1033337968.7500001,-54.45189
1033338125.0000001,-54.51248
1033338281.2500001,-54.43266
1033338437.5000001,-54.40466
1033338593.7500001,-54.40792
1033338750.0000001,-54.51785
1033338906.2500001,-54.4838
1033339062.5000001,-54.47958
1033339218.7500001,-54.42601
1033339375.0000001,-54.47144
1033339531.2500001,-54.43703
1033339687.5000001,-54.39293
1033339843.7500001,-54.56356
1033340000.0000001,-54.4228
1033340156.2500001,-54.47285
1033340312.5000001,-54.46991
1033340468.7500001,-54.45494
1033340625.0000001,-54.45551
1033340781.2500001,-54.3984
1033340937.5000001,-54.42068
1033341093.7500001,-54.52628
1033341250.0000001,-54.44669
1033341406.2500001,-54.43983
1033341562.5000001,-54.43646
1033341718.7500001,-54.49564
1033341875.0000001,-54.48055
1033342031.2500001,-54.37797
1033342187.5000001,-54.47844
1033342343.7500001,-54.44647
1033342500.0000001,-54.37897
1033342656.2500001,-54.38237
1033342812.5000001,-54.47256
1033342968.7500001,-54.41326
1033343125.0000001,-54.36599
1033343281.2500001,-54.40171
1033343437.5000001,-54.58154
1033343593.7500001,-54.36985
1033343750.0000001,-54.37915
1033343906.2500001,-54.42376
1033344062.5000001,-54.37242
1033344218.7500001,-54.40817
1033344375.0000001,-54.43756
1033344531.2500001,-54.46527
1033344687.5000001,-54.4042
1033344843.7500001,-54.54811
1033345000.0000001,-54.46767
1033345156.2500001,-54.40861
1033345312.5000001,-54.4015
1033345468.7500001,-54.46869
1033345625.0000001,-54.36597
1033345781.2500001,-54.36573
1033345937.5000001,-54.4559
1033346093.7500001,-54.46995
1033346250.0000001,-54.4553
1033346406.2500001,-54.48616
1033346562.5000001,-54.46915
1033346718.7500001,-54.2892
1033346875.0000001,-54.50196
1033347031.2500001,-54.46505
1033347187.5000001,-54.40466
1033347343.7500001,-54.40625
1033347500.0000001,-54.40914
1033347656.2500001,-54.37211
1033347812.5000001,-54.50195
1033347968.7500001,-54.45403
1033348125.0000001,-54.45026
1033348281.2500001,-54.35411
1033348437.5000001,-54.35406
1033348593.7500001,-54.49548
1033348750.0000001,-54.43933
1033348906.2500001,-54.42237
1033349062.5000001,-54.45857
1033349218.7500001,-54.36695
1033349375.0000001,-54.3463
1033349531.2500001,-54.43958
1033349687.5000001,-54.37481
1033349843.7500001,-54.38169
1033350000.0000001,-54.30549
1033350156.2500001,-54.43126
1033350312.5000001,-54.45805
1033350468.7500001,-54.39964
1033350625.0000001,-54.43165
1033350781.2500001,-54.29433
1033350937.5000001,-54.36238
1033351093.7500001,-54.32845
1033351250.0000001,-54.45417
1033351406.2500001,-54.47555
1033351562.5000001,-54.33496
1033351718.7500001,-54.37068
1033351875.0000001,-54.31386
1033352031.2500001,-54.4135
1033352187.5000001,-54.3534
1033352343.7500001,-54.4184
1033352500.0000001,-54.269
1033352656.2500001,-54.41631
1033352812.5000001,-54.33607
1033352968.7500001,-54.32253
1033353125.0000001,-54.43932
1033353281.2500001,-54.38116
1033353437.5000001,-54.42483
1033353593.7500001,-54.32818
1033353750.0000001,-54.43424
1033353906.2500001,-54.4653
1033354062.5000001,-54.38802
1033354218.7500001,-54.4282
1033354375.0000001,-54.32751
1033354531.2500001,-54.40419
1033354687.5000001,-54.36514
1033354843.7500001,-54.46921
1033355000.0000001,-54.4002
1033355156.2500001,-54.47681
1033355312.5000001,-54.42016
1033355468.7500001,-54.33897
1033355625.0000001,-54.32977
1033355781.2500001,-54.35233
1033355937.5000001,-54.38728
1033356093.7500001,-54.38353
1033356250.0000001,-54.39833
1033356406.2500001,-54.39196
1033356562.5000001,-54.34525
1033356718.7500001,-54.43607
1033356875.0000001,-54.43682
1033357031.2500001,-54.24191
1033357187.5000001,-54.43502
1033357343.7500001,-54.35219
1033357500.0000001,-54.39458
1033357656.2500001,-54.35782
1033357812.5000001,-54.37984
1033357968.7500001,-54.42651
1033358125.0000001,-54.41001
1033358281.2500001,-54.36618
1033358437.5000001,-54.30868
1033358593.7500001,-54.36953
1033358750.0000001,-54.41501
1033358906.2500001,-54.39413
1033359062.5000001,-54.40864
1033359218.7500001,-54.41089
1033359375.0000001,-54.3884
1033359531.2500001,-54.33637
1033359687.5000001,-54.33155
1033359843.7500001,-54.36528
1033360000.0000001,-54.39652
1033360156.2500001,-54.37759
1033360312.5000001,-54.35743
1033360468.7500001,-54.4263
1033360625.0000001,-54.37171
1033360781.2500001,-54.34777
1033360937.5000001,-54.37312
1033361093.7500001,-54.31675
1033361250.0000001,-54.29282
1033361406.2500001,-54.39687
1033361562.5000001,-54.37951
1033361718.7500001,-54.42597
1033361875.0000001,-54.39508
1033362031.2500001,-54.49567
1033362187.5000001,-54.42546
1033362343.7500001,-54.4064
1033362500.0000001,-54.34639
1033362656.2500001,-54.31116
1033362812.5000001,-54.45778
1033362968.7500001,-54.43265
1033363125.0000001,-54.33386
1033363281.2500001,-54.40931
1033363437.5000001,-54.36926
1033363593.7500001,-54.26437
1033363750.0000001,-54.36787
1033363906.2500001,-54.37189
1033364062.5000001,-54.37956
1033364218.7500001,-54.35243
1033364375.0000001,-54.45672
1033364531.2500001,-54.361
1033364687.5000001,-54.26814
1033364843.7500001,-54.39557
1033365000.0000001,-54.43291
1033365156.2500001,-54.32136
1033365312.5000001,-54.31143
1033365468.7500001,-54.33547
1033365625.0000001,-54.45921
1033365781.2500001,-54.38464
1033365937.5000001,-54.45182
1033366093.7500001,-54.37953
1033366250.0000001,-54.44214
1033366406.2500001,-54.33687
1033366562.5000001,-54.32159
1033366718.7500001,-54.31819
1033366875.0000001,-54.40752
1033367031.2500001,-54.28521
1033367187.5000001,-54.3119
1033367343.7500001,-54.41109
1033367500.0000001,-54.38441
1033367656.2500001,-54.40492
1033367812.5000001,-54.39147
1033367968.7500001,-54.34991
1033368125.0000001,-54.41549
1033368281.2500001,-54.37229
1033368437.5000001,-54.35047
1033368593.7500001,-54.26089
1033368750.0000001,-54.26258
1033368906.2500001,-54.31024
1033369062.5000001,-54.40735
1033369218.7500001,-54.27037
1033369375.0000001,-54.23631
1033369531.2500001,-54.31116
1033369687.5000001,-54.46236
1033369843.7500001,-54.32677
1033370000.0000001,-54.23314
1033370156.2500001,-54.39119
1033370312.5000001,-54.2931
1033370468.7500001,-54.30344
1033370625.0000001,-54.31805
1033370781.2500001,-54.28957
1033370937.5000001,-54.28368
1033371093.7500001,-54.36142
1033371250.0000001,-54.29406
1033371406.2500001,-54.35712
1033371562.5000001,-54.35145
1033371718.7500001,-54.34689
1033371875.0000001,-54.31918
1033372031.2500001,-54.27306
1033372187.5000001,-54.3417
1033372343.7500001,-54.3107
1033372500.0000001,-54.42722
1033372656.2500001,-54.24281
1033372812.5000001,-54.37097
1033372968.7500001,-54.23589
1033373125.0000001,-54.34505
1033373281.2500001,-54.40355
1033373437.5000001,-54.33932
1033373593.7500001,-54.34391
1033373750.0000001,-54.32801
1033373906.2500001,-54.26889
1033374062.5000001,-54.33519
1033374218.7500001,-54.30861
1033374375.0000001,-54.34523
1033374531.2500001,-54.38978
1033374687.5000001,-54.40262
1033374843.7500001,-54.38332
1033375000.0000001,-54.34185
1033375156.2500001,-54.32063
1033375312.5000001,-54.3112
1033375468.7500001,-54.35179
1033375625.0000001,-54.23804
1033375781.2500001,-54.24119
1033375937.5000001,-54.37353
1033376093.7500001,-54.36364
1033376250.0000001,-54.29629
1033376406.2500001,-54.36115
1033376562.5000001,-54.28186
1033376718.7500001,-54.29211
1033376875.0000001,-54.31042
1033377031.2500001,-54.40715
1033377187.5000001,-54.3632
1033377343.7500001,-54.2317
1033377500.0000001,-54.33183
1033377656.2500001,-54.31429
1033377812.5000001,-54.33238
1033377968.7500001,-54.36576
1033378125.0000001,-54.30177
1033378281.2500001,-54.236
1033378437.5000001,-54.26711
1033378593.7500001,-54.30049
1033378750.0000001,-54.36947
1033378906.2500001,-54.39528
1033379062.5000001,-54.34904
1033379218.7500001,-54.26044
1033379375.0000001,-54.30498
1033379531.2500001,-54.19731
1033379687.5000001,-54.25082
1033379843.7500001,-54.37068
1033380000.0000001,-54.34558
1033380156.2500001,-54.38475
1033380312.5000001,-54.31615
1033380468.7500001,-54.26068
1033380625.0000001,-54.27106
1033380781.2500001,-54.30843
1033380937.5000001,-54.31299
1033381093.7500001,-54.27061
1033381250.0000001,-54.27634
1033381406.2500001,-54.24468
1033381562.5000001,-54.30998
1033381718.7500001,-54.27423
1033381875.0000001,-54.30973
1033382031.2500001,-54.27018
1033382187.5000001,-54.25881
1033382343.7500001,-54.31075
1033382500.0000001,-54.29195
1033382656.2500001,-54.29073
1033382812.5000001,-54.21571
1033382968.7500001,-54.27956
1033383125.0000001,-54.34751
1033383281.2500001,-54.29968
1033383437.5000001,-54.32676
1033383593.7500001,-54.33283
1033383750.0000001,-54.22104
1033383906.2500001,-54.28327
1033384062.5000001,-54.26735
1033384218.7500001,-54.30898
1033384375.0000001,-54.19602
1033384531.2500001,-54.28865
1033384687.5000001,-54.27092
1033384843.7500001,-54.35319
1033385000.0000001,-54.32753
1033385156.2500001,-54.22311
1033385312.5000001,-54.27502
1033385468.7500001,-54.34094
1033385625.0000001,-54.30759
1033385781.2500001,-54.28875
1033385937.5000001,-54.24282
1033386093.7500001,-54.34489
1033386250.0000001,-54.28086
1033386406.2500001,-54.27512
1033386562.5000001,-54.27532
1033386718.7500001,-54.26805
1033386875.0000001,-54.20893
1033387031.2500001,-54.36039
1033387187.5000001,-54.22632
1033387343.7500001,-54.25148
1033387500.0000001,-54.30426
1033387656.2500001,-54.22707
1033387812.5000001,-54.23739
1033387968.7500001,-54.29739
1033388125.0000001,-54.33511
1033388281.2500001,-54.33744
1033388437.5000001,-54.28982
1033388593.7500001,-54.25743
1033388750.0000001,-54.32808
1033388906.2500001,-54.24758
1033389062.5000001,-54.23709
1033389218.7500001,-54.25302
1033389375.0000001,-54.21947
1033389531.2500001,-54.24936
1033389687.5000001,-54.31251
1033389843.7500001,-54.29328
1033390000.0000001,-54.31584
1033390156.2500001,-54.31098
1033390312.5000001,-54.24326
1033390468.7500001,-54.2742
1033390625.0000001,-54.23274
1033390781.2500001,-54.20239
1033390937.5000001,-54.26403
1033391093.7500001,-54.20462
1033391250.0000001,-54.25334
1033391406.2500001,-54.20355
1033391562.5000001,-54.30237
1033391718.7500001,-54.15844
1033391875.0000001,-54.23541
1033392031.2500001,-54.27816
1033392187.5000001,-54.32611
1033392343.7500001,-54.2888
1033392500.0000001,-54.30377
1033392656.2500001,-54.2336
1033392812.5000001,-54.36692
1033392968.7500001,-54.2614
1033393125.0000001,-54.22357
1033393281.2500001,-54.21941
1033393437.5000001,-54.24789
1033393593.7500001,-54.31138
1033393750.0000001,-54.25994
1033393906.2500001,-54.28856
1033394062.5000001,-54.23231
1033394218.7500001,-54.22858
1033394375.0000001,-54.2951
1033394531.2500001,-54.31985
1033394687.5000001,-54.2338
1033394843.7500001,-54.26185
1033395000.0000001,-54.27723
1033395156.2500001,-54.24411
1033395312.5000001,-54.30784
1033395468.7500001,-54.28188
1033395625.0000001,-54.2503
1033395781.2500001,-54.26134
1033395937.5000001,-54.25775
1033396093.7500001,-54.20503
1033396250.0000001,-54.28259
1033396406.2500001,-54.22654
1033396562.5000001,-54.21997
1033396718.7500001,-54.19624
1033396875.0000001,-54.25779
1033397031.2500001,-54.25644
1033397187.5000001,-54.30091
1033397343.7500001,-54.28661
1033397500.0000001,-54.21475
1033397656.2500001,-54.28125
1033397812.5000001,-54.25889
1033397968.7500001,-54.30061
1033398125.0000001,-54.2264
1033398281.2500001,-54.11263
1033398437.5000001,-54.24093
1033398593.7500001,-54.24404
1033398750.0000001,-54.28584
1033398906.2500001,-54.17689
1033399062.5000001,-54.17296
1033399218.7500001,-54.24208
1033399375.0000001,-54.19904
1033399531.2500001,-54.22281
1033399687.5000001,-54.20042
1033399843.7500001,-54.29168
1033400000.0000001,-54.26007
1033400156.2500001,-54.30543
1033400312.5000001,-54.24061
1033400468.7500001,-54.33666
1033400625.0000001,-54.24515
1033400781.2500001,-54.30029
1033400937.5000001,-54.31197
1033401093.7500001,-54.15766
1033401250.0000001,-54.206
1033401406.2500001,-54.2004
1033401562.5000001,-54.26776
1033401718.7500001,-54.24839
1033401875.0000001,-54.21622
1033402031.2500001,-54.16035
1033402187.5000001,-54.14855
1033402343.7500001,-54.22606
1033402500.0000001,-54.21376
1033402656.2500001,-54.33678
1033402812.5000001,-54.19767
1033402968.7500001,-54.20633
1033403125.0000001,-54.18169
1033403281.2500001,-54.21209
1033403437.5000001,-54.25246
1033403593.7500001,-54.1951
1033403750.0000001,-54.18364
1033403906.2500001,-54.1464
1033404062.5000001,-54.22784
1033404218.7500001,-54.22993
1033404375.0000001,-54.07883
1033404531.2500001,-54.15569
1033404687.5000001,-54.22199
1033404843.7500001,-54.23343
1033405000.0000001,-54.26676
1033405156.2500001,-54.26588
1033405312.5000001,-54.13194
1033405468.7500001,-54.19906
1033405625.0000001,-54.26406
1033405781.2500001,-54.21221
1033405937.5000001,-54.24706
1033406093.7500001,-54.19456
1033406250.0000001,-54.17451
1033406406.2500001,-54.15947
1033406562.5000001,-54.21466
1033406718.7500001,-54.27715
1033406875.0000001,-54.28514
1033407031.2500001,-54.2564
1033407187.5000001,-54.29774
1033407343.7500001,-54.199
1033407500.0000001,-54.26479
1033407656.2500001,-54.32837
1033407812.5000001,-54.24414
1033407968.7500001,-54.34792
1033408125.0000001,-54.3187
1033408281.2500001,-54.11859
1033408437.5000001,-54.22307
1033408593.7500001,-54.1493
1033408750.0000001,-54.17485
1033408906.2500001,-54.19035
1033409062.5000001,-54.23391
1033409218.7500001,-54.20377
1033409375.0000001,-54.16779
1033409531.2500001,-54.19485
1033409687.5000001,-54.22752
1033409843.7500001,-54.19382
1033410000.0000001,-54.21444
1033410156.2500001,-54.2146
1033410312.5000001,-54.23719
1033410468.7500001,-54.26939
1033410625.0000001,-54.20736
1033410781.2500001,-54.15171
1033410937.5000001,-54.19598
1033411093.7500001,-54.25672
1033411250.0000001,-54.30244
1033411406.2500001,-54.17992
1033411562.5000001,-54.22831
1033411718.7500001,-54.16523
1033411875.0000001,-54.14788
1033412031.2500001,-54.15417
1033412187.5000001,-54.23087
1033412343.7500001,-54.18645
1033412500.0000001,-54.19275
1033412656.2500001,-54.20626
1033412812.5000001,-54.11893
1033412968.7500001,-54.22715
1033413125.0000001,-54.2688
1033413281.2500001,-54.19117
1033413437.5000001,-54.21122
1033413593.7500001,-54.28053
1033413750.0000001,-54.18447
1033413906.2500001,-54.25199
1033414062.5000001,-54.24231
1033414218.7500001,-54.27994
1033414375.0000001,-54.21325
1033414531.2500001,-54.14167
1033414687.5000001,-54.19899
1033414843.7500001,-54.21266
1033415000.0000001,-54.21489
1033415156.2500001,-54.16289
1033415312.5000001,-54.15609
1033415468.7500001,-54.11245
1033415625.0000001,-54.18651
1033415781.2500001,-54.18137
1033415937.5000001,-54.25467
1033416093.7500001,-54.11514
1033416250.0000001,-54.20642
1033416406.2500001,-54.16008
1033416562.5000001,-54.30811
1033416718.7500001,-54.3089
1033416875.0000001,-54.15583
1033417031.2500001,-54.15875
1033417187.5000001,-54.16104
1033417343.7500001,-54.13089
1033417500.0000001,-54.11212
1033417656.2500001,-54.15071
1033417812.5000001,-54.21484
1033417968.7500001,-54.11752
1033418125.0000001,-54.13046
1033418281.2500001,-54.19215
1033418437.5000001,-54.09857
1033418593.7500001,-54.24531
1033418750.0000001,-54.1606
1033418906.2500001,-54.17577
1033419062.5000001,-54.15249
1033419218.7500001,-54.19748
1033419375.0000001,-54.26131
1033419531.2500001,-54.17352
1033419687.5000001,-54.1304
1033419843.7500001,-54.11115
1033420000.0000001,-54.15176
1033420156.2500001,-54.17002
1033420312.5000001,-54.17803
1033420468.7500001,-54.20353
1033420625.0000001,-54.11887
1033420781.2500001,-54.16149
1033420937.5000001,-54.15674
1033421093.7500001,-54.18742
1033421250.0000001,-54.17684
1033421406.2500001,-54.16841
1033421562.5000001,-54.18665
1033421718.7500001,-54.20745
1033421875.0000001,-54.12653
1033422031.2500001,-54.21209
1033422187.5000001,-54.16634
1033422343.7500001,-54.16324
1033422500.0000001,-54.13952
1033422656.2500001,-54.2203
1033422812.5000001,-54.10281
1033422968.7500001,-54.18015
1033423125.0000001,-54.18071
1033423281.2500001,-54.23844
1033423437.5000001,-54.22107
1033423593.7500001,-54.1445
1033423750.0000001,-54.15804
1033423906.2500001,-54.14254
1033424062.5000001,-54.08262
1033424218.7500001,-54.18487
1033424375.0000001,-54.21597
1033424531.2500001,-54.11581
1033424687.5000001,-54.05558
1033424843.7500001,-54.15745
1033425000.0000001,-54.19949
1033425156.2500001,-54.19549
1033425312.5000001,-54.09277
1033425468.7500001,-54.16752
1033425625.0000001,-54.20087
1033425781.2500001,-54.11484
1033425937.5000001,-54.19
1033426093.7500001,-54.17852
1033426250.0000001,-54.09761
1033426406.2500001,-54.17086
1033426562.5000001,-54.19408
1033426718.7500001,-54.18122
1033426875.0000001,-54.22354
1033427031.2500001,-54.19699
1033427187.5000001,-54.2048
1033427343.7500001,-54.24642
1033427500.0000001,-54.1233
1033427656.2500001,-54.24877
1033427812.5000001,-54.18551
1033427968.7500001,-54.1592
1033428125.0000001,-54.11268
1033428281.2500001,-54.1629
1033428437.5000001,-54.12104
1033428593.7500001,-54.13024
1033428750.0000001,-54.11435
1033428906.2500001,-54.17781
1033429062.5000001,-54.17512
1033429218.7500001,-54.11377
1033429375.0000001,-54.17091
1033429531.2500001,-54.1259
1033429687.5000001,-54.12954
1033429843.7500001,-54.17541
1033430000.0000001,-54.13754
1033430156.2500001,-54.15685
1033430312.5000001,-54.12251
1033430468.7500001,-54.11374
1033430625.0000001,-54.04314
1033430781.2500001,-54.18692
1033430937.5000001,-54.08546
1033431093.7500001,-54.12069
1033431250.0000001,-54.13028
1033431406.2500001,-54.1372
1033431562.5000001,-54.14265
1033431718.7500001,-54.16346
1033431875.0000001,-54.18747
1033432031.2500001,-54.17453
1033432187.5000001,-54.05441
1033432343.7500001,-54.15039
1033432500.0000001,-54.12372
1033432656.2500001,-54.10252
1033432812.5000001,-54.15616
1033432968.7500001,-54.14326
1033433125.0000001,-54.12535
1033433281.2500001,-54.11921
1033433437.5000001,-54.07403
1033433593.7500001,-54.04559
1033433750.0000001,-54.15286
1033433906.2500001,-54.17871
1033434062.5000001,-54.0765
1033434218.7500001,-54.0611
1033434375.0000001,-54.10595
1033434531.2500001,-54.09923
1033434687.5000001,-54.16688
1033434843.7500001,-54.1325
1033435000.0000001,-54.11729
1033435156.2500001,-54.16098
1033435312.5000001,-54.06158
1033435468.7500001,-54.09413
1033435625.0000001,-54.11068
1033435781.2500001,-54.07451
1033435937.5000001,-54.15897
1033436093.7500001,-54.1032
1033436250.0000001,-54.1088
1033436406.2500001,-54.17443
1033436562.5000001,-54.10292
1033436718.7500001,-54.20159
1033436875.0000001,-54.1217
1033437031.2500001,-54.11651
1033437187.5000001,-54.1454
1033437343.7500001,-54.1039
1033437500.0000001,-54.15244
1033437656.2500001,-54.09692
1033437812.5000001,-54.06861
1033437968.7500001,-54.05198
1033438125.0000001,-54.0368
1033438281.2500001,-54.12386
1033438437.5000001,-54.10557
1033438593.7500001,-54.13147
1033438750.0000001,-54.1041
1033438906.2500001,-54.09148
1033439062.5000001,-54.07346
1033439218.7500001,-54.09582
1033439375.0000001,-54.08588
1033439531.2500001,-54.08084
1033439687.5000001,-54.18007
1033439843.7500001,-54.1305
1033440000.0000001,-54.18627
1033440156.2500001,-54.16959
1033440312.5000001,-54.16745
1033440468.7500001,-54.17095
1033440625.0000001,-54.04786
1033440781.2500001,-54.08025
1033440937.5000001,-54.14343
1033441093.7500001,-54.15316
1033441250.0000001,-54.15804
1033441406.2500001,-54.07531
1033441562.5000001,-54.08434
1033441718.7500001,-54.06781
1033441875.0000001,-54.09423
1033442031.2500001,-54.07356
1033442187.5000001,-54.13051
1033442343.7500001,-54.09653
1033442500.0000001,-54.1016
1033442656.2500001,-54.10962
1033442812.5000001,-54.05566
1033442968.7500001,-54.00621
1033443125.0000001,-54.21225
1033443281.2500001,-54.06744
1033443437.5000001,-54.12649
1033443593.7500001,-54.12653
1033443750.0000001,-54.11114
1033443906.2500001,-54.11985
1033444062.5000001,-54.07503
1033444218.7500001,-54.16553
1033444375.0000001,-54.07902
1033444531.2500001,-54.07121
1033444687.5000001,-53.97615
1033444843.7500001,-54.1759
1033445000.0000001,-54.11937
1033445156.2500001,-54.10695
1033445312.5000001,-54.08457
1033445468.7500001,-54.09221
1033445625.0000001,-54.07743
1033445781.2500001,-54.08102
1033445937.5000001,-54.10634
1033446093.7500001,-54.04178
1033446250.0000001,-54.02388
1033446406.2500001,-54.1275
1033446562.5000001,-54.03353
1033446718.7500001,-53.9952
1033446875.0000001,-54.04168
1033447031.2500001,-54.07325
1033447187.5000001,-54.13287
1033447343.7500001,-54.09277
1033447500.0000001,-54.15945
1033447656.2500001,-53.99224
1033447812.5000001,-54.07624
1033447968.7500001,-53.9367
1033448125.0000001,-54.11269
1033448281.2500001,-54.04463
1033448437.5000001,-54.11816
1033448593.7500001,-54.1115
1033448750.0000001,-54.17353
1033448906.2500001,-54.09584
1033449062.5000001,-54.02652
1033449218.7500001,-54.12349
1033449375.0000001,-54.02499
1033449531.2500001,-54.19424
1033449687.5000001,-54.10345
1033449843.7500001,-54.08295
1033450000.0000001,-54.10704
1033450156.2500001,-54.05446
1033450312.5000001,-54.08589
1033450468.7500001,-54.05537
1033450625.0000001,-54.05421
1033450781.2500001,-54.17382
1033450937.5000001,-54.0823
1033451093.7500001,-54.12201
1033451250.0000001,-54.04753
1033451406.2500001,-54.03159
1033451562.5000001,-54.08416
1033451718.7500001,-53.99596
1033451875.0000001,-54.04804
1033452031.2500001,-53.96513
1033452187.5000001,-54.08786
1033452343.7500001,-54.16356
1033452500.0000001,-53.96043
1033452656.2500001,-54.1213
1033452812.5000001,-54.02353
1033452968.7500001,-54.0978
1033453125.0000001,-54.08895
1033453281.2500001,-53.96771
1033453437.5000001,-54.1209
1033453593.7500001,-54.10677
1033453750.0000001,-54.02661
1033453906.2500001,-54.08129
1033454062.5000001,-54.02505
1033454218.7500001,-54.0948
1033454375.0000001,-54.09895
1033454531.2500001,-54.05699
1033454687.5000001,-54.12766
1033454843.7500001,-54.06934
1033455000.0000001,-54.03873
1033455156.2500001,-54.0773
1033455312.5000001,-54.0907
1033455468.7500001,-54.04985
1033455625.0000001,-53.95187
1033455781.2500001,-53.95333
1033455937.5000001,-53.99156
1033456093.7500001,-54.17024
1033456250.0000001,-54.0624
1033456406.2500001,-54.1231
1033456562.5000001,-54.07847
1033456718.7500001,-54.04828
1033456875.0000001,-54.04135
1033457031.2500001,-54.05172
1033457187.5000001,-54.0164
1033457343.7500001,-54.01724
1033457500.0000001,-53.94236
1033457656.2500001,-54.00041
1033457812.5000001,-54.07557
1033457968.7500001,-54.0078
1033458125.0000001,-54.04499
1033458281.2500001,-54.05772
1033458437.5000001,-54.01302
1033458593.7500001,-53.979
1033458750.0000001,-54.05664
1033458906.2500001,-54.03033
1033459062.5000001,-53.99323
1033459218.7500001,-53.94484
1033459375.0000001,-54.13541
1033459531.2500001,-54.02313
1033459687.5000001,-53.95029
1033459843.7500001,-54.05149
1033460000.0000001,-53.94783
1033460156.2500001,-54.08022
1033460312.5000001,-54.08097
1033460468.7500001,-54.08146
1033460625.0000001,-53.98753
1033460781.2500001,-54.01844
1033460937.5000001,-53.97226
1033461093.7500001,-54.04198
1033461250.0000001,-53.99511
1033461406.2500001,-54.02423
1033461562.5000001,-53.97927
1033461718.7500001,-54.02314
1033461875.0000001,-54.04305
1033462031.2500001,-53.94909
1033462187.5000001,-53.97006
1033462343.7500001,-54.05697
1033462500.0000001,-54.08337
1033462656.2500001,-54.01501
1033462812.5000001,-53.99145
1033462968.7500001,-54.05062
1033463125.0000001,-53.97807
1033463281.2500001,-54.02971
1033463437.5000001,-54.01125
1033463593.7500001,-54.08091
1033463750.0000001,-53.9105
1033463906.2500001,-54.07252
1033464062.5000001,-53.98606
1033464218.7500001,-54.11344
1033464375.0000001,-53.97797
1033464531.2500001,-54.04999
1033464687.5000001,-54.04311
1033464843.7500001,-54.03489
1033465000.0000001,-54.06062
1033465156.2500001,-54.05285
1033465312.5000001,-54.11813
1033465468.7500001,-54.05718
1033465625.0000001,-53.99034
1033465781.2500001,-54.03542
1033465937.5000001,-54.02468
1033466093.7500001,-53.88686
1033466250.0000001,-54.00955
1033466406.2500001,-53.96957
1033466562.5000001,-54.01925
1033466718.7500001,-54.06502
1033466875.0000001,-53.93252
1033467031.2500001,-54.04745
1033467187.5000001,-54.10657
1033467343.7500001,-54.01583
1033467500.0000001,-54.02982
1033467656.2500001,-54.11236
1033467812.5000001,-54.05367
1033467968.7500001,-54.02717
1033468125.0000001,-54.04277
1033468281.2500001,-54.02927
1033468437.5000001,-54.01739
1033468593.7500001,-53.98331
1033468750.0000001,-54.08536
1033468906.2500001,-53.97659
1033469062.5000001,-54.02532
1033469218.7500001,-53.96975
1033469375.0000001,-53.91597
1033469531.2500001,-53.96505
1033469687.5000001,-54.01625
1033469843.7500001,-53.99165
1033470000.0000001,-53.94997
1033470156.2500001,-53.98608
1033470312.5000001,-54.00582
1033470468.7500001,-53.99286
1033470625.0000001,-53.97584
1033470781.2500001,-53.96066
1033470937.5000001,-54.00189
1033471093.7500001,-53.97928
1033471250.0000001,-54.05809
1033471406.2500001,-54.05711
1033471562.5000001,-54.02679
1033471718.7500001,-53.89335
1033471875.0000001,-53.96268
1033472031.2500001,-54.00333
1033472187.5000001,-53.98304
1033472343.7500001,-54.02106
1033472500.0000001,-53.96665
1033472656.2500001,-53.93591
1033472812.5000001,-54.03983
1033472968.7500001,-53.9436
1033473125.0000001,-53.99246
1033473281.2500001,-53.98167
1033473437.5000001,-54.0988
1033473593.7500001,-54.0187
1033473750.0000001,-54.03573
1033473906.2500001,-54.04269
1033474062.5000001,-53.98728
1033474218.7500001,-53.94653
1033474375.0000001,-54.02455
1033474531.2500001,-54.08662
1033474687.5000001,-53.91316
1033474843.7500001,-53.92498
1033475000.0000001,-53.97231
1033475156.2500001,-53.97441
1033475312.5000001,-54.01777
1033475468.7500001,-53.98759
1033475625.0000001,-54.0229
1033475781.2500001,-54.0612
1033475937.5000001,-54.02531
1033476093.7500001,-54.0364
1033476250.0000001,-53.93657
1033476406.2500001,-53.96179
1033476562.5000001,-54.00085
1033476718.7500001,-53.9963
1033476875.0000001,-53.97577
1033477031.2500001,-54.01845
1033477187.5000001,-53.96917
1033477343.7500001,-53.93769
1033477500.0000001,-53.98367
1033477656.2500001,-53.89611
1033477812.5000001,-53.93552
1033477968.7500001,-53.986
1033478125.0000001,-54.04112
1033478281.2500001,-53.9402
1033478437.5000001,-53.94368
1033478593.7500001,-54.0165
1033478750.0000001,-53.96849
1033478906.2500001,-53.93762
1033479062.5000001,-54.0039
1033479218.7500001,-53.99978
1033479375.0000001,-53.95895
1033479531.2500001,-53.96685
1033479687.5000001,-54.13232
1033479843.7500001,-53.91164
1033480000.0000001,-53.9892
1033480156.2500001,-53.99308
1033480312.5000001,-54.06779
1033480468.7500001,-53.89771
1033480625.0000001,-53.97224
1033480781.2500001,-53.92403
1033480937.5000001,-54.06275
1033481093.7500001,-53.95905
1033481250.0000001,-53.99965
1033481406.2500001,-53.96963
1033481562.5000001,-53.95329
1033481718.7500001,-53.92943
1033481875.0000001,-53.97758
1033482031.2500001,-53.91198
1033482187.5000001,-53.93383
1033482343.7500001,-53.9733
1033482500.0000001,-53.99886
1033482656.2500001,-53.8924
1033482812.5000001,-54.01432
1033482968.7500001,-53.93817
1033483125.0000001,-53.93302
1033483281.2500001,-53.92075
1033483437.5000001,-53.95337
1033483593.7500001,-53.99766
1033483750.0000001,-53.90115
1033483906.2500001,-53.98202
1033484062.5000001,-53.96423
1033484218.7500001,-53.87728
1033484375.0000001,-53.97237
1033484531.2500001,-53.97361
1033484687.5000001,-53.88578
1033484843.7500001,-53.92818
1033485000.0000001,-53.87408
1033485156.2500001,-53.96139
1033485312.5000001,-53.90347
1033485468.7500001,-54.00821
1033485625.0000001,-53.96786
1033485781.2500001,-54.00304
1033485937.5000001,-53.93583
1033486093.7500001,-53.94193
1033486250.0000001,-53.96468
1033486406.2500001,-53.90195
1033486562.5000001,-53.87582
1033486718.7500001,-53.96404
1033486875.0000001,-53.99471
1033487031.2500001,-54.01348
1033487187.5000001,-53.96167
1033487343.7500001,-53.99236
1033487500.0000001,-53.89563
1033487656.2500001,-53.95009
1033487812.5000001,-54.06849
1033487968.7500001,-53.90195
1033488125.0000001,-53.98573
1033488281.2500001,-53.90368
1033488437.5000001,-53.90185
1033488593.7500001,-53.96378
1033488750.0000001,-53.93941
1033488906.2500001,-53.85109
1033489062.5000001,-53.91981
1033489218.7500001,-53.91114
1033489375.0000001,-53.9688
1033489531.2500001,-53.93168
1033489687.5000001,-53.96312
1033489843.7500001,-54.01913
1033490000.0000001,-53.82595
1033490156.2500001,-53.91933
1033490312.5000001,-53.90566
1033490468.7500001,-53.8838
1033490625.0000001,-53.79781
1033490781.2500001,-54.00686
1033490937.5000001,-53.99552
1033491093.7500001,-53.94948
1033491250.0000001,-53.94387
1033491406.2500001,-53.97785
1033491562.5000001,-53.93703
1033491718.7500001,-53.95173
1033491875.0000001,-53.91395
1033492031.2500001,-53.92712
1033492187.5000001,-53.94368
1033492343.7500001,-53.90292
1033492500.0000001,-53.93827
1033492656.2500001,-53.90812
1033492812.5000001,-53.92732
1033492968.7500001,-53.98369
1033493125.0000001,-53.97669
1033493281.2500001,-53.86832
1033493437.5000001,-53.87193
1033493593.7500001,-53.89268
1033493750.0000001,-53.92656
1033493906.2500001,-53.92897
1033494062.5000001,-53.97331
1033494218.7500001,-53.85275
1033494375.0000001,-53.9769
1033494531.2500001,-53.95741
1033494687.5000001,-53.95438
1033494843.7500001,-53.94694
1033495000.0000001,-53.93338
1033495156.2500001,-53.9673
1033495312.5000001,-53.87997
1033495468.7500001,-53.88416
1033495625.0000001,-53.87231
1033495781.2500001,-53.92497
1033495937.5000001,-53.94403
1033496093.7500001,-54.01948
1033496250.0000001,-53.95173
1033496406.2500001,-53.98053
1033496562.5000001,-53.9348
1033496718.7500001,-53.89698
1033496875.0000001,-53.95774
1033497031.2500001,-53.85843
1033497187.5000001,-53.81215
1033497343.7500001,-53.86332
1033497500.0000001,-53.93596
1033497656.2500001,-53.97057
1033497812.5000001,-53.92629
1033497968.7500001,-53.9384
1033498125.0000001,-53.88733
1033498281.2500001,-53.92645
1033498437.5000001,-53.97627
1033498593.7500001,-53.85407
1033498750.0000001,-53.89409
1033498906.2500001,-53.88079
1033499062.5000001,-53.9528
1033499218.7500001,-53.84425
1033499375.0000001,-53.8742
1033499531.2500001,-53.89366
1033499687.5000001,-53.87143
1033499843.7500001,-53.87712
1033500000.0000001,-53.82861
1033500156.2500001,-53.93605
1033500312.5000001,-53.93741
1033500468.7500001,-53.82705
1033500625.0000001,-53.78034
1033500781.2500001,-53.87311
1033500937.5000001,-53.93042
1033501093.7500001,-53.84411
1033501250.0000001,-53.93616
1033501406.2500001,-53.91028
1033501562.5000001,-53.87883
1033501718.7500001,-53.8948
1033501875.0000001,-53.9263
1033502031.2500001,-53.84595
1033502187.5000001,-53.85996
1033502343.7500001,-53.90834
1033502500.0000001,-53.9799
1033502656.2500001,-53.94597
1033502812.5000001,-53.93068
1033502968.7500001,-53.92765
1033503125.0000001,-53.92995
1033503281.2500001,-53.96849
1033503437.5000001,-53.85385
1033503593.7500001,-53.87845
1033503750.0000001,-53.96342
1033503906.2500001,-53.89124
1033504062.5000001,-53.95119
1033504218.7500001,-53.82085
1033504375.0000001,-53.94536
1033504531.2500001,-53.92194
1033504687.5000001,-53.96244
1033504843.7500001,-53.89598
1033505000.0000001,-53.78034
1033505156.2500001,-53.86502
1033505312.5000001,-53.98534
1033505468.7500001,-53.80437
1033505625.0000001,-53.88722
1033505781.2500001,-53.8966
1033505937.5000001,-53.85669
1033506093.7500001,-53.929
1033506250.0000001,-53.86945
1033506406.2500001,-53.86767
1033506562.5000001,-53.80883
1033506718.7500001,-53.84107
1033506875.0000001,-53.80305
1033507031.2500001,-53.86914
1033507187.5000001,-53.84364
1033507343.7500001,-53.96577
1033507500.0000001,-53.83252
1033507656.2500001,-53.86972
1033507812.5000001,-53.8415
1033507968.7500001,-53.84291
1033508125.0000001,-53.89489
1033508281.2500001,-53.85943
1033508437.5000001,-53.9215
1033508593.7500001,-53.79433
1033508750.0000001,-53.95864
1033508906.2500001,-53.94709
1033509062.5000001,-53.84512
1033509218.7500001,-53.88003
1033509375.0000001,-53.96453
1033509531.2500001,-53.83894
1033509687.5000001,-53.86969
1033509843.7500001,-53.81781
1033510000.0000001,-53.88021
1033510156.2500001,-53.87149
1033510312.5000001,-53.91584
1033510468.7500001,-53.8416
1033510625.0000001,-53.91875
1033510781.2500001,-53.93877
1033510937.5000001,-53.83159
1033511093.7500001,-53.88786
1033511250.0000001,-53.81297
1033511406.2500001,-53.90486
1033511562.5000001,-53.84214
1033511718.7500001,-53.87124
1033511875.0000001,-53.8303
1033512031.2500001,-53.87901
1033512187.5000001,-53.81447
1033512343.7500001,-53.87913
1033512500.0000001,-53.89948
1033512656.2500001,-53.82701
1033512812.5000001,-53.80468
1033512968.7500001,-53.9018
1033513125.0000001,-53.81664
1033513281.2500001,-53.90253
1033513437.5000001,-53.89006
1033513593.7500001,-53.79512
1033513750.0000001,-53.73083
1033513906.2500001,-53.87115
1033514062.5000001,-53.77164
1033514218.7500001,-53.86262
1033514375.0000001,-53.86991
1033514531.2500001,-53.85557
1033514687.5000001,-53.75779
1033514843.7500001,-53.80023
1033515000.0000001,-53.93425
1033515156.2500001,-53.79185
1033515312.5000001,-53.85589
1033515468.7500001,-53.8488
1033515625.0000001,-53.84222
1033515781.2500001,-53.88533
1033515937.5000001,-53.91979
1033516093.7500001,-53.92089
1033516250.0000001,-53.81499
1033516406.2500001,-53.92913
1033516562.5000001,-53.76022
1033516718.7500001,-53.90665
1033516875.0000001,-53.74267
1033517031.2500001,-53.88057
1033517187.5000001,-53.84055
1033517343.7500001,-53.80764
1033517500.0000001,-53.87579
1033517656.2500001,-53.87703
1033517812.5000001,-53.83205
1033517968.7500001,-53.85952
1033518125.0000001,-53.84911
1033518281.2500001,-53.82603
1033518437.5000001,-53.78109
1033518593.7500001,-53.89489
1033518750.0000001,-53.77871
1033518906.2500001,-53.79282
1033519062.5000001,-53.87883
1033519218.7500001,-53.80286
1033519375.0000001,-53.74884
1033519531.2500001,-53.81382
1033519687.5000001,-53.81601
1033519843.7500001,-53.78192
1033520000.0000001,-53.79231
1033520156.2500001,-53.80069
1033520312.5000001,-53.81179
1033520468.7500001,-53.8352
1033520625.0000001,-53.77258
1033520781.2500001,-53.77394
1033520937.5000001,-53.89507
1033521093.7500001,-53.77607
1033521250.0000001,-53.81091
1033521406.2500001,-53.82968
1033521562.5000001,-53.81474
1033521718.7500001,-53.80021
1033521875.0000001,-53.79516
1033522031.2500001,-53.80638
1033522187.5000001,-53.81102
1033522343.7500001,-53.8792
1033522500.0000001,-53.73151
1033522656.2500001,-53.86012
1033522812.5000001,-53.80784
1033522968.7500001,-53.82925
1033523125.0000001,-53.79084
1033523281.2500001,-53.71813
1033523437.5000001,-53.87118
1033523593.7500001,-53.89545
1033523750.0000001,-53.79616
1033523906.2500001,-53.84998
1033524062.5000001,-53.74659
1033524218.7500001,-53.79233
1033524375.0000001,-53.85351
1033524531.2500001,-53.79185
1033524687.5000001,-53.72839
1033524843.7500001,-53.79055
1033525000.0000001,-53.83381
1033525156.2500001,-53.85207
1033525312.5000001,-53.79118
1033525468.7500001,-53.88152
1033525625.0000001,-53.82656
1033525781.2500001,-53.85041
1033525937.5000001,-53.82104
1033526093.7500001,-53.84611
1033526250.0000001,-53.77852
1033526406.2500001,-53.7724
1033526562.5000001,-53.82852
1033526718.7500001,-53.76007
1033526875.0000001,-53.78962
1033527031.2500001,-53.77514
1033527187.5000001,-53.7878
1033527343.7500001,-53.79784
1033527500.0000001,-53.74085
1033527656.2500001,-53.86007
1033527812.5000001,-53.70843
1033527968.7500001,-53.79834
1033528125.0000001,-53.70002
1033528281.2500001,-53.8394
1033528437.5000001,-53.75876
1033528593.7500001,-53.78319
1033528750.0000001,-53.80685
1033528906.2500001,-53.71952
1033529062.5000001,-53.75924
1033529218.7500001,-53.861
1033529375.0000001,-53.76605
1033529531.2500001,-53.74756
1033529687.5000001,-53.85434
1033529843.7500001,-53.75534
1033530000.0000001,-53.82596
1033530156.2500001,-53.76871
1033530312.5000001,-53.79808
1033530468.7500001,-53.79715
1033530625.0000001,-53.85555
1033530781.2500001,-53.77958
1033530937.5000001,-53.85027
1033531093.7500001,-53.7009
1033531250.0000001,-53.83319
1033531406.2500001,-53.67209
1033531562.5000001,-53.80496
1033531718.7500001,-53.85876
1033531875.0000001,-53.73553
1033532031.2500001,-53.80412
1033532187.5000001,-53.80594
1033532343.7500001,-53.83267
1033532500.0000001,-53.75381
1033532656.2500001,-53.81221
1033532812.5000001,-53.78337
1033532968.7500001,-53.74954
1033533125.0000001,-53.82504
1033533281.2500001,-53.76138
1033533437.5000001,-53.7778
1033533593.7500001,-53.7246
1033533750.0000001,-53.7354
1033533906.2500001,-53.83358
1033534062.5000001,-53.75069
1033534218.7500001,-53.8334
1033534375.0000001,-53.73909
1033534531.2500001,-53.73403
1033534687.5000001,-53.78839
1033534843.7500001,-53.71289
1033535000.0000001,-53.75394
1033535156.2500001,-53.77762
1033535312.5000001,-53.68879
1033535468.7500001,-53.75584
1033535625.0000001,-53.77142
1033535781.2500001,-53.71208
1033535937.5000001,-53.79998
1033536093.7500001,-53.76673
1033536250.0000001,-53.74946
1033536406.2500001,-53.79222
1033536562.5000001,-53.71175
1033536718.7500001,-53.86299
1033536875.0000001,-53.80854
1033537031.2500001,-53.7173
1033537187.5000001,-53.70541
1033537343.7500001,-53.70101
1033537500.0000001,-53.78746
1033537656.2500001,-53.77864
1033537812.5000001,-53.84709
1033537968.7500001,-53.78859
1033538125.0000001,-53.81712
1033538281.2500001,-53.77754
1033538437.5000001,-53.76887
1033538593.7500001,-53.7627
1033538750.0000001,-53.85447
1033538906.2500001,-53.7658
1033539062.5000001,-53.77031
1033539218.7500001,-53.7811
1033539375.0000001,-53.75963
1033539531.2500001,-53.72866
1033539687.5000001,-53.73788
1033539843.7500001,-53.79313
1033540000.0000001,-53.66222
1033540156.2500001,-53.81637
1033540312.5000001,-53.68641
1033540468.7500001,-53.71033
1033540625.0000001,-53.83213
1033540781.2500001,-53.77119
1033540937.5000001,-53.76825
1033541093.7500001,-53.74633
1033541250.0000001,-53.71183
1033541406.2500001,-53.57425
1033541562.5000001,-53.74999
1033541718.7500001,-53.75729
1033541875.0000001,-53.67033
1033542031.2500001,-53.8175
1033542187.5000001,-53.75627
1033542343.7500001,-53.73254
1033542500.0000001,-53.76836
1033542656.2500001,-53.71389
1033542812.5000001,-53.79992
1033542968.7500001,-53.7249
1033543125.0000001,-53.77129
1033543281.2500001,-53.83076
1033543437.5000001,-53.6302
1033543593.7500001,-53.77715
1033543750.0000001,-53.72705
1033543906.2500001,-53.72395
1033544062.5000001,-53.71112
1033544218.7500001,-53.72999
1033544375.0000001,-53.7751
1033544531.2500001,-53.70638
1033544687.5000001,-53.72884
1033544843.7500001,-53.8033
1033545000.0000001,-53.74221
1033545156.2500001,-53.69577
1033545312.5000001,-53.70881
1033545468.7500001,-53.74722
1033545625.0000001,-53.77009
1033545781.2500001,-53.68824
1033545937.5000001,-53.75772
1033546093.7500001,-53.68796
1033546250.0000001,-53.80376
1033546406.2500001,-53.68655
1033546562.5000001,-53.73223
1033546718.7500001,-53.71448
1033546875.0000001,-53.73288
1033547031.2500001,-53.75896
1033547187.5000001,-53.79294
1033547343.7500001,-53.71035
1033547500.0000001,-53.66362
1033547656.2500001,-53.7753
1033547812.5000001,-53.67395
1033547968.7500001,-53.75096
1033548125.0000001,-53.67822
1033548281.2500001,-53.66823
1033548437.5000001,-53.7986
1033548593.7500001,-53.77779
1033548750.0000001,-53.69689
1033548906.2500001,-53.70053
1033549062.5000001,-53.68942
1033549218.7500001,-53.71264
1033549375.0000001,-53.71885
1033549531.2500001,-53.68653
1033549687.5000001,-53.74444
1033549843.7500001,-53.71819
1033550000.0000001,-53.59223
1033550156.2500001,-53.71226
1033550312.5000001,-53.69054
1033550468.7500001,-53.6789
1033550625.0000001,-53.7525
1033550781.2500001,-53.72787
1033550937.5000001,-53.69448
1033551093.7500001,-53.65083
1033551250.0000001,-53.70888
1033551406.2500001,-53.60453
1033551562.5000001,-53.62809
1033551718.7500001,-53.71008
1033551875.0000001,-53.6901
1033552031.2500001,-53.75092
1033552187.5000001,-53.72634
1033552343.7500001,-53.78646
1033552500.0000001,-53.69674
1033552656.2500001,-53.79801
1033552812.5000001,-53.65081
1033552968.7500001,-53.68269
1033553125.0000001,-53.72783
1033553281.2500001,-53.68687
1033553437.5000001,-53.73429
1033553593.7500001,-53.59293
1033553750.0000001,-53.67416
1033553906.2500001,-53.60418
1033554062.5000001,-53.75619
1033554218.7500001,-53.6895
1033554375.0000001,-53.73607
1033554531.2500001,-53.70413
1033554687.5000001,-53.74506
1033554843.7500001,-53.73493
1033555000.0000001,-53.74635
1033555156.2500001,-53.65487
1033555312.5000001,-53.69424
1033555468.7500001,-53.65429
1033555625.0000001,-53.63852
1033555781.2500001,-53.66954
1033555937.5000001,-53.65441
1033556093.7500001,-53.81207
1033556250.0000001,-53.74781
1033556406.2500001,-53.70168
1033556562.5000001,-53.63269
1033556718.7500001,-53.66393
1033556875.0000001,-53.69291
1033557031.2500001,-53.74291
1033557187.5000001,-53.73484
1033557343.7500001,-53.57315
1033557500.0000001,-53.72156
1033557656.2500001,-53.74269
1033557812.5000001,-53.64523
1033557968.7500001,-53.63238
1033558125.0000001,-53.69273
1033558281.2500001,-53.6554
1033558437.5000001,-53.79527
1033558593.7500001,-53.60839
1033558750.0000001,-53.723
1033558906.2500001,-53.68573
1033559062.5000001,-53.70955
1033559218.7500001,-53.72507
1033559375.0000001,-53.65529
1033559531.2500001,-53.68976
1033559687.5000001,-53.76659
1033559843.7500001,-53.61484
1033560000.0000001,-53.62973
1033560156.2500001,-53.70879
1033560312.5000001,-53.6422
1033560468.7500001,-53.64246
1033560625.0000001,-53.66037
1033560781.2500001,-53.68988
1033560937.5000001,-53.62074
1033561093.7500001,-53.60464
1033561250.0000001,-53.69943
1033561406.2500001,-53.75732
1033561562.5000001,-53.70825
1033561718.7500001,-53.6458
1033561875.0000001,-53.69036
1033562031.2500001,-53.62564
1033562187.5000001,-53.65058
1033562343.7500001,-53.72956
1033562500.0000001,-53.60669
1033562656.2500001,-53.65065
1033562812.5000001,-53.70058
1033562968.7500001,-53.64761
1033563125.0000001,-53.68305
1033563281.2500001,-53.67633
1033563437.5000001,-53.67056
1033563593.7500001,-53.65913
1033563750.0000001,-53.65893
1033563906.2500001,-53.68493
1033564062.5000001,-53.6561
1033564218.7500001,-53.63172
1033564375.0000001,-53.60984
1033564531.2500001,-53.76354
1033564687.5000001,-53.64594
1033564843.7500001,-53.66874
1033565000.0000001,-53.7191
1033565156.2500001,-53.58125
1033565312.5000001,-53.58369
1033565468.7500001,-53.63167
1033565625.0000001,-53.6703
1033565781.2500001,-53.75302
1033565937.5000001,-53.62197
1033566093.7500001,-53.69197
1033566250.0000001,-53.56093
1033566406.2500001,-53.65569
1033566562.5000001,-53.6018
1033566718.7500001,-53.60941
1033566875.0000001,-53.73662
1033567031.2500001,-53.58145
1033567187.5000001,-53.61412
1033567343.7500001,-53.62824
1033567500.0000001,-53.62247
1033567656.2500001,-53.72992
1033567812.5000001,-53.66837
1033567968.7500001,-53.70147
1033568125.0000001,-53.57131
1033568281.2500001,-53.61609
1033568437.5000001,-53.80594
1033568593.7500001,-53.63581
1033568750.0000001,-53.59475
1033568906.2500001,-53.61111
1033569062.5000001,-53.61658
1033569218.7500001,-53.67607
1033569375.0000001,-53.63223
1033569531.2500001,-53.66603
1033569687.5000001,-53.66289
1033569843.7500001,-53.63414
1033570000.0000001,-53.54669
1033570156.2500001,-53.61916
1033570312.5000001,-53.66861
1033570468.7500001,-53.67514
1033570625.0000001,-53.59198
1033570781.2500001,-53.59056
1033570937.5000001,-53.70679
1033571093.7500001,-53.61998
1033571250.0000001,-53.64359
1033571406.2500001,-53.57544
1033571562.5000001,-53.61993
1033571718.7500001,-53.56475
1033571875.0000001,-53.67357
1033572031.2500001,-53.62222
1033572187.5000001,-53.66793
1033572343.7500001,-53.63113
1033572500.0000001,-53.58119
1033572656.2500001,-53.56012
1033572812.5000001,-53.66998
1033572968.7500001,-53.60015
1033573125.0000001,-53.63182
1033573281.2500001,-53.67048
1033573437.5000001,-53.6142
1033573593.7500001,-53.58053
1033573750.0000001,-53.6361
1033573906.2500001,-53.66737
1033574062.5000001,-53.60542
1033574218.7500001,-53.71812
1033574375.0000001,-53.67427
1033574531.2500001,-53.65294
1033574687.5000001,-53.72485
1033574843.7500001,-53.65185
1033575000.0000001,-53.59494
1033575156.2500001,-53.66299
1033575312.5000001,-53.64231
1033575468.7500001,-53.59497
1033575625.0000001,-53.65388
1033575781.2500001,-53.61746
1033575937.5000001,-53.65718
1033576093.7500001,-53.64535
1033576250.0000001,-53.63803
1033576406.2500001,-53.63153
1033576562.5000001,-53.6109
1033576718.7500001,-53.5148
1033576875.0000001,-53.70396
1033577031.2500001,-53.55836
1033577187.5000001,-53.64223
1033577343.7500001,-53.55209
1033577500.0000001,-53.61636
1033577656.2500001,-53.6429
1033577812.5000001,-53.63487
1033577968.7500001,-53.63199
1033578125.0000001,-53.65099
1033578281.2500001,-53.61759
1033578437.5000001,-53.62429
1033578593.7500001,-53.52737
1033578750.0000001,-53.5872
1033578906.2500001,-53.59673
1033579062.5000001,-53.53343
1033579218.7500001,-53.68443
1033579375.0000001,-53.59309
1033579531.2500001,-53.6355
1033579687.5000001,-53.61658
1033579843.7500001,-53.66197
1033580000.0000001,-53.65825
1033580156.2500001,-53.67172
1033580312.5000001,-53.50435
1033580468.7500001,-53.72025
1033580625.0000001,-53.53847
1033580781.2500001,-53.56912
1033580937.5000001,-53.54305
1033581093.7500001,-53.58197
1033581250.0000001,-53.60871
1033581406.2500001,-53.66915
1033581562.5000001,-53.62019
1033581718.7500001,-53.60779
1033581875.0000001,-53.61992
1033582031.2500001,-53.55138
1033582187.5000001,-53.49531
1033582343.7500001,-53.5497
1033582500.0000001,-53.51931
1033582656.2500001,-53.6244
1033582812.5000001,-53.61108
1033582968.7500001,-53.54921
1033583125.0000001,-53.53281
1033583281.2500001,-53.52486
1033583437.5000001,-53.58339
1033583593.7500001,-53.65278
1033583750.0000001,-53.59516
1033583906.2500001,-53.50686
1033584062.5000001,-53.49957
1033584218.7500001,-53.58916
1033584375.0000001,-53.60266
1033584531.2500001,-53.5351
1033584687.5000001,-53.59357
1033584843.7500001,-53.61879
1033585000.0000001,-53.63662
1033585156.2500001,-53.53748
1033585312.5000001,-53.59005
1033585468.7500001,-53.58925
1033585625.0000001,-53.60524
1033585781.2500001,-53.57294
1033585937.5000001,-53.64549
1033586093.7500001,-53.59016
1033586250.0000001,-53.63225
1033586406.2500001,-53.59879
1033586562.5000001,-53.51484
1033586718.7500001,-53.55576
1033586875.0000001,-53.60237
1033587031.2500001,-53.5415
1033587187.5000001,-53.60867
1033587343.7500001,-53.55909
1033587500.0000001,-53.67989
1033587656.2500001,-53.54661
1033587812.5000001,-53.58192
1033587968.7500001,-53.54427
1033588125.0000001,-53.62254
1033588281.2500001,-53.58541
1033588437.5000001,-53.62553
1033588593.7500001,-53.65524
1033588750.0000001,-53.55471
1033588906.2500001,-53.5889
1033589062.5000001,-53.65253
1033589218.7500001,-53.6587
1033589375.0000001,-53.57053
1033589531.2500001,-53.56266
1033589687.5000001,-53.57516
1033589843.7500001,-53.65748
1033590000.0000001,-53.51667
1033590156.2500001,-53.63266
1033590312.5000001,-53.55806
1033590468.7500001,-53.63705
1033590625.0000001,-53.54468
1033590781.2500001,-53.5755
1033590937.5000001,-53.4528
1033591093.7500001,-53.5445
1033591250.0000001,-53.51844
1033591406.2500001,-53.57724
1033591562.5000001,-53.56002
1033591718.7500001,-53.64011
1033591875.0000001,-53.56118
1033592031.2500001,-53.55323
1033592187.5000001,-53.58126
1033592343.7500001,-53.57785
1033592500.0000001,-53.57063
1033592656.2500001,-53.58032
1033592812.5000001,-53.51463
1033592968.7500001,-53.59473
1033593125.0000001,-53.55297
1033593281.2500001,-53.52719
1033593437.5000001,-53.55088
1033593593.7500001,-53.49917
1033593750.0000001,-53.50872
1033593906.2500001,-53.55524
1033594062.5000001,-53.50767
1033594218.7500001,-53.60878
1033594375.0000001,-53.51234
1033594531.2500001,-53.46688
1033594687.5000001,-53.5223
1033594843.7500001,-53.52356
1033595000.0000001,-53.49979
1033595156.2500001,-53.48745
1033595312.5000001,-53.58445
1033595468.7500001,-53.47728
1033595625.0000001,-53.52768
1033595781.2500001,-53.66099
1033595937.5000001,-53.53159
1033596093.7500001,-53.62751
1033596250.0000001,-53.56109
1033596406.2500001,-53.48759
1033596562.5000001,-53.51013
1033596718.7500001,-53.59158
1033596875.0000001,-53.55038
1033597031.2500001,-53.50161
1033597187.5000001,-53.54523
1033597343.7500001,-53.61644
1033597500.0000001,-53.56816
1033597656.2500001,-53.50021
1033597812.5000001,-53.58117
1033597968.7500001,-53.47618
1033598125.0000001,-53.5662
1033598281.2500001,-53.50583
1033598437.5000001,-53.4937
1033598593.7500001,-53.44538
1033598750.0000001,-53.57296
1033598906.2500001,-53.56086
1033599062.5000001,-53.52978
1033599218.7500001,-53.55835
1033599375.0000001,-53.59147
1033599531.2500001,-53.55433
1033599687.5000001,-53.58111
1033599843.7500001,-53.59336
1033600000.0000001,-53.49586
1033600156.2500001,-53.52105
1033600312.5000001,-53.50204
1033600468.7500001,-53.54516
1033600625.0000001,-53.513
1033600781.2500001,-53.55923
1033600937.5000001,-53.55099
1033601093.7500001,-53.60865
1033601250.0000001,-53.5336
1033601406.2500001,-53.55516
1033601562.5000001,-53.49672
1033601718.7500001,-53.52778
1033601875.0000001,-53.53714
1033602031.2500001,-53.61203
1033602187.5000001,-53.47217
1033602343.7500001,-53.45049
1033602500.0000001,-53.48256
1033602656.2500001,-53.58002
1033602812.5000001,-53.48022
1033602968.7500001,-53.51065
1033603125.0000001,-53.49479
1033603281.2500001,-53.59528
1033603437.5000001,-53.48812
1033603593.7500001,-53.53431
1033603750.0000001,-53.47357
1033603906.2500001,-53.46179
1033604062.5000001,-53.55075
1033604218.7500001,-53.51507
1033604375.0000001,-53.56083
1033604531.2500001,-53.52986
1033604687.5000001,-53.51089
1033604843.7500001,-53.46727
1033605000.0000001,-53.4966
1033605156.2500001,-53.44939
1033605312.5000001,-53.49066
1033605468.7500001,-53.45654
1033605625.0000001,-53.55214
1033605781.2500001,-53.64531
1033605937.5000001,-53.51732
1033606093.7500001,-53.46491
1033606250.0000001,-53.50491
1033606406.2500001,-53.47668
1033606562.5000001,-53.46136
1033606718.7500001,-53.43511
1033606875.0000001,-53.48689
1033607031.2500001,-53.54141
1033607187.5000001,-53.50885
1033607343.7500001,-53.41119
1033607500.0000001,-53.44928
1033607656.2500001,-53.48496
1033607812.5000001,-53.55359
1033607968.7500001,-53.43683
1033608125.0000001,-53.54195
1033608281.2500001,-53.45226
1033608437.5000001,-53.47963
1033608593.7500001,-53.46742
1033608750.0000001,-53.59042
1033608906.2500001,-53.50066
1033609062.5000001,-53.47403
1033609218.7500001,-53.4891
1033609375.0000001,-53.51832
1033609531.2500001,-53.46579
1033609687.5000001,-53.41365
1033609843.7500001,-53.42382
1033610000.0000001,-53.53407
1033610156.2500001,-53.48246
1033610312.5000001,-53.53156
1033610468.7500001,-53.52505
1033610625.0000001,-53.53584
1033610781.2500001,-53.50701
1033610937.5000001,-53.58579
1033611093.7500001,-53.53482
1033611250.0000001,-53.42378
1033611406.2500001,-53.49153
1033611562.5000001,-53.39302
1033611718.7500001,-53.42786
1033611875.0000001,-53.52331
1033612031.2500001,-53.53115
1033612187.5000001,-53.49529
1033612343.7500001,-53.50105
1033612500.0000001,-53.47104
1033612656.2500001,-53.45824
1033612812.5000001,-53.47271
1033612968.7500001,-53.45892
1033613125.0000001,-53.46444
1033613281.2500001,-53.57701
1033613437.5000001,-53.4761
1033613593.7500001,-53.49879
1033613750.0000001,-53.43353
1033613906.2500001,-53.38878
1033614062.5000001,-53.52871
1033614218.7500001,-53.46237
1033614375.0000001,-53.55321
1033614531.2500001,-53.54839
1033614687.5000001,-53.49511
1033614843.7500001,-53.4849
1033615000.0000001,-53.51677
1033615156.2500001,-53.40476
1033615312.5000001,-53.44178
1033615468.7500001,-53.44325
1033615625.0000001,-53.44163
1033615781.2500001,-53.45144
1033615937.5000001,-53.41536
1033616093.7500001,-53.43269
1033616250.0000001,-53.39022
1033616406.2500001,-53.50273
1033616562.5000001,-53.42167
1033616718.7500001,-53.47277
1033616875.0000001,-53.48534
1033617031.2500001,-53.41221
1033617187.5000001,-53.51567
1033617343.7500001,-53.52098
1033617500.0000001,-53.47948
1033617656.2500001,-53.45732
1033617812.5000001,-53.44987
1033617968.7500001,-53.49535
1033618125.0000001,-53.43188
1033618281.2500001,-53.41249
1033618437.5000001,-53.39652
1033618593.7500001,-53.3856
1033618750.0000001,-53.44797
1033618906.2500001,-53.51834
1033619062.5000001,-53.48935
1033619218.7500001,-53.43822
1033619375.0000001,-53.45971
1033619531.2500001,-53.4542
1033619687.5000001,-53.52275
1033619843.7500001,-53.51973
1033620000.0000001,-53.40693
1033620156.2500001,-53.4743
1033620312.5000001,-53.46874
1033620468.7500001,-53.43385
1033620625.0000001,-53.53194
1033620781.2500001,-53.57061
1033620937.5000001,-53.49152
1033621093.7500001,-53.43056
1033621250.0000001,-53.48238
1033621406.2500001,-53.47013
1033621562.5000001,-53.45695
1033621718.7500001,-53.42205
1033621875.0000001,-53.47433
1033622031.2500001,-53.38923
1033622187.5000001,-53.44511
1033622343.7500001,-53.45364
1033622500.0000001,-53.43347
1033622656.2500001,-53.4737
1033622812.5000001,-53.42393
1033622968.7500001,-53.44016
1033623125.0000001,-53.40771
1033623281.2500001,-53.4641
1033623437.5000001,-53.451
1033623593.7500001,-53.37535
1033623750.0000001,-53.44414
1033623906.2500001,-53.46504
1033624062.5000001,-53.44557
1033624218.7500001,-53.41994
1033624375.0000001,-53.42404
1033624531.2500001,-53.48935
1033624687.5000001,-53.50881
1033624843.7500001,-53.44111
1033625000.0000001,-53.47514
1033625156.2500001,-53.48675
1033625312.5000001,-53.37604
1033625468.7500001,-53.37812
1033625625.0000001,-53.42083
1033625781.2500001,-53.42715
1033625937.5000001,-53.39467
1033626093.7500001,-53.42508
1033626250.0000001,-53.43576
1033626406.2500001,-53.40041
1033626562.5000001,-53.45489
1033626718.7500001,-53.38438
1033626875.0000001,-53.40781
1033627031.2500001,-53.36928
1033627187.5000001,-53.3614
1033627343.7500001,-53.40176
1033627500.0000001,-53.39975
1033627656.2500001,-53.38593
1033627812.5000001,-53.42615
1033627968.7500001,-53.42467
1033628125.0000001,-53.49929
1033628281.2500001,-53.46098
1033628437.5000001,-53.42614
1033628593.7500001,-53.48454
1033628750.0000001,-53.35344
1033628906.2500001,-53.40583
1033629062.5000001,-53.40861
1033629218.7500001,-53.44209
1033629375.0000001,-53.44133
1033629531.2500001,-53.39973
1033629687.5000001,-53.36383
1033629843.7500001,-53.50042
1033630000.0000001,-53.35276
1033630156.2500001,-53.42659
1033630312.5000001,-53.42371
1033630468.7500001,-53.46875
1033630625.0000001,-53.39692
1033630781.2500001,-53.43637
1033630937.5000001,-53.45408
1033631093.7500001,-53.43043
1033631250.0000001,-53.43627
1033631406.2500001,-53.46322
1033631562.5000001,-53.39946
1033631718.7500001,-53.43886
1033631875.0000001,-53.45372
1033632031.2500001,-53.37024
1033632187.5000001,-53.51809
1033632343.7500001,-53.32906
1033632500.0000001,-53.38105
1033632656.2500001,-53.45795
1033632812.5000001,-53.35349
1033632968.7500001,-53.33635
1033633125.0000001,-53.42597
1033633281.2500001,-53.34027
1033633437.5000001,-53.36244
1033633593.7500001,-53.41912
1033633750.0000001,-53.41856
1033633906.2500001,-53.38986
1033634062.5000001,-53.43114
1033634218.7500001,-53.50163
1033634375.0000001,-53.4563
1033634531.2500001,-53.42604
1033634687.5000001,-53.43088
1033634843.7500001,-53.38789
1033635000.0000001,-53.54043
1033635156.2500001,-53.37633
1033635312.5000001,-53.35659
1033635468.7500001,-53.41954
1033635625.0000001,-53.45413
1033635781.2500001,-53.4482
1033635937.5000001,-53.45632
1033636093.7500001,-53.4565
1033636250.0000001,-53.35126
1033636406.2500001,-53.46331
1033636562.5000001,-53.40303
1033636718.7500001,-53.43821
1033636875.0000001,-53.44611
1033637031.2500001,-53.35683
1033637187.5000001,-53.41134
1033637343.7500001,-53.44386
1033637500.0000001,-53.44165
1033637656.2500001,-53.36102
1033637812.5000001,-53.36982
1033637968.7500001,-53.39962
1033638125.0000001,-53.36864
1033638281.2500001,-53.35931
1033638437.5000001,-53.46992
1033638593.7500001,-53.38416
1033638750.0000001,-53.44825
1033638906.2500001,-53.34006
1033639062.5000001,-53.37039
1033639218.7500001,-53.35046
1033639375.0000001,-53.37544
1033639531.2500001,-53.47289
1033639687.5000001,-53.41043
1033639843.7500001,-53.40602
1033640000.0000001,-53.38214
1033640156.2500001,-53.40416
1033640312.5000001,-53.3749
1033640468.7500001,-53.43882
1033640625.0000001,-53.38284
1033640781.2500001,-53.41741
1033640937.5000001,-53.40694
1033641093.7500001,-53.41834
1033641250.0000001,-53.41046
1033641406.2500001,-53.37322
1033641562.5000001,-53.3638
1033641718.7500001,-53.31721
1033641875.0000001,-53.41408
1033642031.2500001,-53.3336
1033642187.5000001,-53.3621
1033642343.7500001,-53.39077
1033642500.0000001,-53.32362
1033642656.2500001,-53.35397
1033642812.5000001,-53.38466
1033642968.7500001,-53.39548
1033643125.0000001,-53.37425
1033643281.2500001,-53.46098
1033643437.5000001,-53.28609
1033643593.7500001,-53.40359
1033643750.0000001,-53.27366
1033643906.2500001,-53.40217
1033644062.5000001,-53.33104
1033644218.7500001,-53.33448
1033644375.0000001,-53.33016
1033644531.2500001,-53.43909
1033644687.5000001,-53.39069
1033644843.7500001,-53.37191
1033645000.0000001,-53.31596
1033645156.2500001,-53.34884
1033645312.5000001,-53.40239
1033645468.7500001,-53.31912
1033645625.0000001,-53.28279
1033645781.2500001,-53.33723
1033645937.5000001,-53.28994
1033646093.7500001,-53.33387
1033646250.0000001,-53.35516
1033646406.2500001,-53.3988
1033646562.5000001,-53.29957
1033646718.7500001,-53.35301
1033646875.0000001,-53.38242
1033647031.2500001,-53.38802
1033647187.5000001,-53.31311
1033647343.7500001,-53.31681
1033647500.0000001,-53.30972
1033647656.2500001,-53.3959
1033647812.5000001,-53.35012
1033647968.7500001,-53.33287
1033648125.0000001,-53.35575
1033648281.2500001,-53.36934
1033648437.5000001,-53.35241
1033648593.7500001,-53.30798
1033648750.0000001,-53.24523
1033648906.2500001,-53.35534
1033649062.5000001,-53.36287
1033649218.7500001,-53.31862
1033649375.0000001,-53.36887
1033649531.2500001,-53.33021
1033649687.5000001,-53.37295
1033649843.7500001,-53.42076
1033650000.0000001,-53.37996
1033650156.2500001,-53.32243
1033650312.5000001,-53.29169
1033650468.7500001,-53.30845
1033650625.0000001,-53.29611
1033650781.2500001,-53.36184
1033650937.5000001,-53.33041
1033651093.7500001,-53.35078
1033651250.0000001,-53.33372
1033651406.2500001,-53.32308
1033651562.5000001,-53.346
1033651718.7500001,-53.25912
1033651875.0000001,-53.32125
1033652031.2500001,-53.33242
1033652187.5000001,-53.3658
1033652343.7500001,-53.29808
1033652500.0000001,-53.36437
1033652656.2500001,-53.29066
1033652812.5000001,-53.38554
1033652968.7500001,-53.36023
1033653125.0000001,-53.31469
1033653281.2500001,-53.3418
1033653437.5000001,-53.30275
1033653593.7500001,-53.32214
1033653750.0000001,-53.34659
1033653906.2500001,-53.40395
1033654062.5000001,-53.36235
1033654218.7500001,-53.35623
1033654375.0000001,-53.3084
1033654531.2500001,-53.32721
1033654687.5000001,-53.41824
1033654843.7500001,-53.32702
1033655000.0000001,-53.37055
1033655156.2500001,-53.25286
1033655312.5000001,-53.28215
1033655468.7500001,-53.31281
1033655625.0000001,-53.32
1033655781.2500001,-53.31596
1033655937.5000001,-53.37827
1033656093.7500001,-53.35064
1033656250.0000001,-53.37503
1033656406.2500001,-53.27255
1033656562.5000001,-53.29399
1033656718.7500001,-53.32646
1033656875.0000001,-53.24484
1033657031.2500001,-53.37257
1033657187.5000001,-53.25109
1033657343.7500001,-53.34164
1033657500.0000001,-53.28141
1033657656.2500001,-53.29965
1033657812.5000001,-53.32462
1033657968.7500001,-53.30138
1033658125.0000001,-53.37284
1033658281.2500001,-53.34695
1033658437.5000001,-53.42437
1033658593.7500001,-53.3144
1033658750.0000001,-53.31615
1033658906.2500001,-53.38583
1033659062.5000001,-53.23399
1033659218.7500001,-53.29278
1033659375.0000001,-53.29328
1033659531.2500001,-53.35241
1033659687.5000001,-53.34385
1033659843.7500001,-53.32533
1033660000.0000001,-53.30777
1033660156.2500001,-53.28913
1033660312.5000001,-53.34351
1033660468.7500001,-53.27452
1033660625.0000001,-53.22839
1033660781.2500001,-53.32568
1033660937.5000001,-53.35988
1033661093.7500001,-53.26495
1033661250.0000001,-53.3434
1033661406.2500001,-53.32607
1033661562.5000001,-53.30454
1033661718.7500001,-53.32659
1033661875.0000001,-53.27919
1033662031.2500001,-53.29575
1033662187.5000001,-53.34338
1033662343.7500001,-53.28556
1033662500.0000001,-53.27623
1033662656.2500001,-53.32216
1033662812.5000001,-53.31076
1033662968.7500001,-53.29093
1033663125.0000001,-53.29641
1033663281.2500001,-53.35262
1033663437.5000001,-53.33157
1033663593.7500001,-53.31904
1033663750.0000001,-53.25943
1033663906.2500001,-53.31929
1033664062.5000001,-53.26579
1033664218.7500001,-53.246
1033664375.0000001,-53.23799
1033664531.2500001,-53.27419
1033664687.5000001,-53.26185
1033664843.7500001,-53.24868
1033665000.0000001,-53.29133
1033665156.2500001,-53.24265
1033665312.5000001,-53.27357
1033665468.7500001,-53.30294
1033665625.0000001,-53.23162
1033665781.2500001,-53.20545
1033665937.5000001,-53.20036
1033666093.7500001,-53.32121
1033666250.0000001,-53.25671
1033666406.2500001,-53.40635
1033666562.5000001,-53.2872
1033666718.7500001,-53.25898
1033666875.0000001,-53.24343
1033667031.2500001,-53.2558
1033667187.5000001,-53.29208
1033667343.7500001,-53.25883
1033667500.0000001,-53.21577
1033667656.2500001,-53.27741
1033667812.5000001,-53.26714
1033667968.7500001,-53.26625
1033668125.0000001,-53.30643
1033668281.2500001,-53.26445
1033668437.5000001,-53.21975
1033668593.7500001,-53.27095
1033668750.0000001,-53.16467
1033668906.2500001,-53.2593
1033669062.5000001,-53.27825
1033669218.7500001,-53.29179
1033669375.0000001,-53.18001
1033669531.2500001,-53.21613
1033669687.5000001,-53.24963
1033669843.7500001,-53.32166
1033670000.0000001,-53.30563
1033670156.2500001,-53.29467
1033670312.5000001,-53.31298
1033670468.7500001,-53.27604
1033670625.0000001,-53.32389
1033670781.2500001,-53.27813
1033670937.5000001,-53.27368
1033671093.7500001,-53.30009
1033671250.0000001,-53.30759
1033671406.2500001,-53.29797
1033671562.5000001,-53.22565
1033671718.7500001,-53.27636
1033671875.0000001,-53.25633
1033672031.2500001,-53.29312
1033672187.5000001,-53.27599
1033672343.7500001,-53.28501
1033672500.0000001,-53.30165
1033672656.2500001,-53.26196
1033672812.5000001,-53.28067
1033672968.7500001,-53.19923
1033673125.0000001,-53.29376
1033673281.2500001,-53.24642
1033673437.5000001,-53.26563
1033673593.7500001,-53.25171
1033673750.0000001,-53.19634
1033673906.2500001,-53.24646
1033674062.5000001,-53.24306
1033674218.7500001,-53.32181
1033674375.0000001,-53.27261
1033674531.2500001,-53.22247
1033674687.5000001,-53.19516
1033674843.7500001,-53.29902
1033675000.0000001,-53.27543
1033675156.2500001,-53.23915
1033675312.5000001,-53.14825
1033675468.7500001,-53.26062
1033675625.0000001,-53.20595
1033675781.2500001,-53.13247
1033675937.5000001,-53.30103
1033676093.7500001,-53.33547
1033676250.0000001,-53.25418
1033676406.2500001,-53.31524
1033676562.5000001,-53.30787
1033676718.7500001,-53.24459
1033676875.0000001,-53.34248
1033677031.2500001,-53.31592
1033677187.5000001,-53.26566
1033677343.7500001,-53.25859
1033677500.0000001,-53.26983
1033677656.2500001,-53.21032
1033677812.5000001,-53.26754
1033677968.7500001,-53.17942
1033678125.0000001,-53.29814
1033678281.2500001,-53.25527
1033678437.5000001,-53.27312
1033678593.7500001,-53.29266
1033678750.0000001,-53.19838
1033678906.2500001,-53.27551
1033679062.5000001,-53.26755
1033679218.7500001,-53.26876
1033679375.0000001,-53.25407
1033679531.2500001,-53.29454
1033679687.5000001,-53.19599
1033679843.7500001,-53.23826
1033680000.0000001,-53.18876
1033680156.2500001,-53.15325
1033680312.5000001,-53.2092
1033680468.7500001,-53.21031
1033680625.0000001,-53.31527
1033680781.2500001,-53.26448
1033680937.5000001,-53.24963
1033681093.7500001,-53.27933
1033681250.0000001,-53.23288
1033681406.2500001,-53.22859
1033681562.5000001,-53.22278
1033681718.7500001,-53.29508
1033681875.0000001,-53.29313
1033682031.2500001,-53.22634
1033682187.5000001,-53.2458
1033682343.7500001,-53.13037
1033682500.0000001,-53.25681
1033682656.2500001,-53.18411
1033682812.5000001,-53.27156
1033682968.7500001,-53.28173
1033683125.0000001,-53.30146
1033683281.2500001,-53.26808
1033683437.5000001,-53.12434
1033683593.7500001,-53.29659
1033683750.0000001,-53.17919
1033683906.2500001,-53.18269
1033684062.5000001,-53.23277
1033684218.7500001,-53.24723
1033684375.0000001,-53.17119
1033684531.2500001,-53.16144
1033684687.5000001,-53.18032
1033684843.7500001,-53.22618
1033685000.0000001,-53.20498
1033685156.2500001,-53.22416
1033685312.5000001,-53.14679
1033685468.7500001,-53.15013
1033685625.0000001,-53.31989
1033685781.2500001,-53.25005
1033685937.5000001,-53.23918
1033686093.7500001,-53.20792
1033686250.0000001,-53.21544
1033686406.2500001,-53.25791
1033686562.5000001,-53.1597
1033686718.7500001,-53.15361
1033686875.0000001,-53.15207
1033687031.2500001,-53.12024
1033687187.5000001,-53.25833
1033687343.7500001,-53.18266
1033687500.0000001,-53.23492
1033687656.2500001,-53.1815
1033687812.5000001,-53.16391
1033687968.7500001,-53.19942
1033688125.0000001,-53.23245
1033688281.2500001,-53.17619
1033688437.5000001,-53.15258
1033688593.7500001,-53.16058
1033688750.0000001,-53.18001
1033688906.2500001,-53.1648
1033689062.5000001,-53.14059
1033689218.7500001,-53.2248
1033689375.0000001,-53.19021
1033689531.2500001,-53.19832
1033689687.5000001,-53.1965
1033689843.7500001,-53.17926
1033690000.0000001,-53.19534
1033690156.2500001,-53.2374
1033690312.5000001,-53.09556
1033690468.7500001,-53.21676
1033690625.0000001,-53.18718
1033690781.2500001,-53.21276
1033690937.5000001,-53.1903
1033691093.7500001,-53.19666
1033691250.0000001,-53.16841
1033691406.2500001,-53.21839
1033691562.5000001,-53.21933
1033691718.7500001,-53.2647
1033691875.0000001,-53.23169
1033692031.2500001,-53.15105
1033692187.5000001,-53.21088
1033692343.7500001,-53.20407
1033692500.0000001,-53.1306
1033692656.2500001,-53.1377
1033692812.5000001,-53.12842
1033692968.7500001,-53.22626
1033693125.0000001,-53.22068
1033693281.2500001,-53.19325
1033693437.5000001,-53.17046
1033693593.7500001,-53.15246
1033693750.0000001,-53.18415
1033693906.2500001,-53.15565
1033694062.5000001,-53.13526
1033694218.7500001,-53.19804
1033694375.0000001,-53.14084
1033694531.2500001,-53.24027
1033694687.5000001,-53.1717
1033694843.7500001,-53.12831
1033695000.0000001,-53.25285
1033695156.2500001,-53.24669
1033695312.5000001,-53.18018
1033695468.7500001,-53.14111
1033695625.0000001,-53.16621
1033695781.2500001,-53.20588
1033695937.5000001,-53.21762
1033696093.7500001,-53.19223
1033696250.0000001,-53.25287
1033696406.2500001,-53.17396
1033696562.5000001,-53.2475
1033696718.7500001,-53.21957
1033696875.0000001,-53.17789
1033697031.2500001,-53.22332
1033697187.5000001,-53.1392
1033697343.7500001,-53.18149
1033697500.0000001,-53.19209
1033697656.2500001,-53.14305
1033697812.5000001,-53.11866
1033697968.7500001,-53.09467
1033698125.0000001,-53.147
1033698281.2500001,-53.17513
1033698437.5000001,-53.13247
1033698593.7500001,-53.15687
1033698750.0000001,-53.07032
1033698906.2500001,-53.23277
1033699062.5000001,-53.14921
1033699218.7500001,-53.16216
1033699375.0000001,-53.15646
1033699531.2500001,-53.14066
1033699687.5000001,-53.23532
1033699843.7500001,-53.15057
1033700000.0000001,-53.12734
1033700156.2500001,-53.13044
1033700312.5000001,-53.18365
1033700468.7500001,-53.19432
1033700625.0000001,-53.1326
1033700781.2500001,-53.14357
1033700937.5000001,-53.14971
1033701093.7500001,-53.17554
1033701250.0000001,-53.11495
1033701406.2500001,-53.13098
1033701562.5000001,-53.17391
1033701718.7500001,-53.21061
1033701875.0000001,-53.10219
1033702031.2500001,-53.15152
1033702187.5000001,-53.12367
1033702343.7500001,-53.19947
1033702500.0000001,-53.13037
1033702656.2500001,-53.24183
1033702812.5000001,-53.13659
1033702968.7500001,-53.0759
1033703125.0000001,-53.07463
1033703281.2500001,-53.1158
1033703437.5000001,-53.13321
1033703593.7500001,-53.22
1033703750.0000001,-53.16172
1033703906.2500001,-53.18797
1033704062.5000001,-53.09996
1033704218.7500001,-53.18126
1033704375.0000001,-53.14244
1033704531.2500001,-53.16626
1033704687.5000001,-53.16058
1033704843.7500001,-53.11562
1033705000.0000001,-53.18793
1033705156.2500001,-53.15107
1033705312.5000001,-53.03562
1033705468.7500001,-53.16555
1033705625.0000001,-53.1817
1033705781.2500001,-53.09813
1033705937.5000001,-53.09774
1033706093.7500001,-53.11664
1033706250.0000001,-53.18984
1033706406.2500001,-53.17951
1033706562.5000001,-53.18199
1033706718.7500001,-53.09432
1033706875.0000001,-53.0836
1033707031.2500001,-53.1326
1033707187.5000001,-53.14629
1033707343.7500001,-53.15123
1033707500.0000001,-53.13842
1033707656.2500001,-53.1492
1033707812.5000001,-53.16572
1033707968.7500001,-53.23789
1033708125.0000001,-53.05951
1033708281.2500001,-53.03547
1033708437.5000001,-53.15485
1033708593.7500001,-53.10808
1033708750.0000001,-53.21294
1033708906.2500001,-53.0553
1033709062.5000001,-53.06842
1033709218.7500001,-53.08776
1033709375.0000001,-53.13048
1033709531.2500001,-53.10042
1033709687.5000001,-53.13287
1033709843.7500001,-53.13301
1033710000.0000001,-53.12558
1033710156.2500001,-53.10661
1033710312.5000001,-53.04366
1033710468.7500001,-53.02775
1033710625.0000001,-53.06776
1033710781.2500001,-53.13915
1033710937.5000001,-53.10584
1033711093.7500001,-53.09226
1033711250.0000001,-53.12117
1033711406.2500001,-53.16266
1033711562.5000001,-53.08817
1033711718.7500001,-53.07371
1033711875.0000001,-53.01914
1033712031.2500001,-53.14487
1033712187.5000001,-53.09324
1033712343.7500001,-53.08684
1033712500.0000001,-53.11692
1033712656.2500001,-53.14777
1033712812.5000001,-53.11073
1033712968.7500001,-53.04168
1033713125.0000001,-53.1103
1033713281.2500001,-53.07924
1033713437.5000001,-53.08191
1033713593.7500001,-53.08812
1033713750.0000001,-53.12156
1033713906.2500001,-53.07054
1033714062.5000001,-53.18556
1033714218.7500001,-53.06106
1033714375.0000001,-53.07077
1033714531.2500001,-53.10926
1033714687.5000001,-53.08705
1033714843.7500001,-53.0755
1033715000.0000001,-53.09843
1033715156.2500001,-53.06069
1033715312.5000001,-53.11419
1033715468.7500001,-53.12351
1033715625.0000001,-53.0549
1033715781.2500001,-53.00837
1033715937.5000001,-53.08412
1033716093.7500001,-53.0741
1033716250.0000001,-53.09517
1033716406.2500001,-53.10807
1033716562.5000001,-53.12984
1033716718.7500001,-53.0065
1033716875.0000001,-53.01663
1033717031.2500001,-53.11666
1033717187.5000001,-53.0912
1033717343.7500001,-53.11236
1033717500.0000001,-53.04214
1033717656.2500001,-53.08365
1033717812.5000001,-53.04937
1033717968.7500001,-53.03791
1033718125.0000001,-53.1796
1033718281.2500001,-53.10828
1033718437.5000001,-53.09561
1033718593.7500001,-53.0742
1033718750.0000001,-53.04988
1033718906.2500001,-53.16814
1033719062.5000001,-53.03875
1033719218.7500001,-53.12313
1033719375.0000001,-53.09851
1033719531.2500001,-53.0324
1033719687.5000001,-53.07998
1033719843.7500001,-53.05194
1033720000.0000001,-53.1121
1033720156.2500001,-53.10369
1033720312.5000001,-53.16717
1033720468.7500001,-53.11655
1033720625.0000001,-53.15848
1033720781.2500001,-53.10197
1033720937.5000001,-53.05811
1033721093.7500001,-53.09808
1033721250.0000001,-53.09576
1033721406.2500001,-53.08941
1033721562.5000001,-52.99213
1033721718.7500001,-53.11589
1033721875.0000001,-53.03601
1033722031.2500001,-53.05542
1033722187.5000001,-53.1505
1033722343.7500001,-53.0439
1033722500.0000001,-53.00746
1033722656.2500001,-53.05137
1033722812.5000001,-53.11611
1033722968.7500001,-53.08932
1033723125.0000001,-53.10582
1033723281.2500001,-53.14535
1033723437.5000001,-52.97903
1033723593.7500001,-53.04291
1033723750.0000001,-53.02581
1033723906.2500001,-53.01786
1033724062.5000001,-53.11097
1033724218.7500001,-52.99191
1033724375.0000001,-53.05341
1033724531.2500001,-53.00761
1033724687.5000001,-53.07836
1033724843.7500001,-52.98803
1033725000.0000001,-53.08236
1033725156.2500001,-53.06781
1033725312.5000001,-53.02961
1033725468.7500001,-53.08834
1033725625.0000001,-53.01194
1033725781.2500001,-53.05042
1033725937.5000001,-53.02006
1033726093.7500001,-53.05719
1033726250.0000001,-53.01933
1033726406.2500001,-53.08968
1033726562.5000001,-53.02657
1033726718.7500001,-53.08181
1033726875.0000001,-53.01271
1033727031.2500001,-52.99556
1033727187.5000001,-53.00735
1033727343.7500001,-52.99088
1033727500.0000001,-53.02235
1033727656.2500001,-53.01298
1033727812.5000001,-53.05899
1033727968.7500001,-53.09568
1033728125.0000001,-53.1007
1033728281.2500001,-52.95983
1033728437.5000001,-53.01526
1033728593.7500001,-52.96275
1033728750.0000001,-53.04522
1033728906.2500001,-53.05957
1033729062.5000001,-53.03394
1033729218.7500001,-53.07664
1033729375.0000001,-53.13497
1033729531.2500001,-53.06589
1033729687.5000001,-53.015
1033729843.7500001,-53.10903
1033730000.0000001,-53.01837
1033730156.2500001,-53.01469
1033730312.5000001,-53.04068
1033730468.7500001,-53.06647
1033730625.0000001,-53.01915
1033730781.2500001,-53.05527
1033730937.5000001,-53.07611
1033731093.7500001,-52.98537
1033731250.0000001,-53.10081
1033731406.2500001,-53.14388
1033731562.5000001,-53.02504
1033731718.7500001,-53.04743
1033731875.0000001,-52.96175
1033732031.2500001,-53.00045
1033732187.5000001,-53.03056
1033732343.7500001,-53.00324
1033732500.0000001,-53.04741
1033732656.2500001,-53.05347
1033732812.5000001,-52.99759
1033732968.7500001,-52.90946
1033733125.0000001,-53.02581
1033733281.2500001,-53.06275
1033733437.5000001,-53.00892
1033733593.7500001,-53.08248
1033733750.0000001,-52.95497
1033733906.2500001,-52.97553
1033734062.5000001,-53.0904
1033734218.7500001,-53.01812
1033734375.0000001,-53.02684
1033734531.2500001,-53.00184
1033734687.5000001,-53.05013
1033734843.7500001,-52.99717
1033735000.0000001,-52.99667
1033735156.2500001,-52.99644
1033735312.5000001,-52.98018
1033735468.7500001,-53.00985
1033735625.0000001,-53.10181
1033735781.2500001,-53.00786
1033735937.5000001,-52.98089
1033736093.7500001,-52.98346
1033736250.0000001,-53.0661
1033736406.2500001,-53.00583
1033736562.5000001,-52.97926
1033736718.7500001,-52.94219
1033736875.0000001,-52.99355
1033737031.2500001,-53.00026
1033737187.5000001,-52.94637
1033737343.7500001,-53.09386
1033737500.0000001,-53.00801
1033737656.2500001,-53.00454
1033737812.5000001,-52.95732
1033737968.7500001,-53.0141
1033738125.0000001,-52.99254
1033738281.2500001,-53.0872
1033738437.5000001,-53.03426
1033738593.7500001,-53.04598
1033738750.0000001,-52.99253
1033738906.2500001,-52.90116
1033739062.5000001,-53.01036
1033739218.7500001,-52.92964
1033739375.0000001,-52.98149
1033739531.2500001,-52.963
1033739687.5000001,-52.96958
1033739843.7500001,-53.07559
1033740000.0000001,-52.99124
1033740156.2500001,-53.00518
1033740312.5000001,-53.02917
1033740468.7500001,-52.95111
1033740625.0000001,-53.02957
1033740781.2500001,-53.06382
1033740937.5000001,-53.00385
1033741093.7500001,-53.00542
1033741250.0000001,-52.97824
1033741406.2500001,-52.95552
1033741562.5000001,-53.0306
1033741718.7500001,-53.0431
1033741875.0000001,-53.03792
1033742031.2500001,-52.9306
1033742187.5000001,-52.97024
1033742343.7500001,-53.02744
1033742500.0000001,-52.99723
1033742656.2500001,-52.98872
1033742812.5000001,-52.96354
1033742968.7500001,-53.00997
1033743125.0000001,-53.00868
1033743281.2500001,-53.08565
1033743437.5000001,-53.06672
1033743593.7500001,-53.03638
1033743750.0000001,-52.9692
1033743906.2500001,-53.01303
1033744062.5000001,-53.04299
1033744218.7500001,-52.99788
1033744375.0000001,-52.9816
1033744531.2500001,-52.90419
1033744687.5000001,-53.01541
1033744843.7500001,-53.00095
1033745000.0000001,-52.96009
1033745156.2500001,-52.99123
1033745312.5000001,-52.92242
1033745468.7500001,-52.96126
1033745625.0000001,-53.02768
1033745781.2500001,-53.02207
1033745937.5000001,-52.96604
1033746093.7500001,-53.02372
1033746250.0000001,-52.98228
1033746406.2500001,-53.02493
1033746562.5000001,-52.93701
1033746718.7500001,-52.98487
1033746875.0000001,-52.97597
1033747031.2500001,-52.9607
1033747187.5000001,-52.90575
1033747343.7500001,-52.89945
1033747500.0000001,-53.03236
1033747656.2500001,-53.00612
1033747812.5000001,-52.93515
1033747968.7500001,-52.98621
1033748125.0000001,-52.98102
1033748281.2500001,-52.94904
1033748437.5000001,-53.04383
1033748593.7500001,-53.02646
1033748750.0000001,-52.92888
1033748906.2500001,-52.97041
1033749062.5000001,-52.98956
1033749218.7500001,-52.97029
1033749375.0000001,-52.94896
1033749531.2500001,-52.98846
1033749687.5000001,-52.90829
1033749843.7500001,-53.00473
1033750000.0000001,-52.95
1033750156.2500001,-52.9069
1033750312.5000001,-52.90105
1033750468.7500001,-52.97676
1033750625.0000001,-53.08353
1033750781.2500001,-52.85839
1033750937.5000001,-52.99492
1033751093.7500001,-52.92352
1033751250.0000001,-52.99139
1033751406.2500001,-52.95826
1033751562.5000001,-52.98531
1033751718.7500001,-52.8983
1033751875.0000001,-52.92483
1033752031.2500001,-52.94719
1033752187.5000001,-52.90004
1033752343.7500001,-52.95082
1033752500.0000001,-52.99076
1033752656.2500001,-52.89226
1033752812.5000001,-52.99669
1033752968.7500001,-52.92437
1033753125.0000001,-52.927
1033753281.2500001,-52.90278
1033753437.5000001,-52.93761
1033753593.7500001,-52.99216
1033753750.0000001,-52.94817
1033753906.2500001,-52.89261
1033754062.5000001,-52.93875
1033754218.7500001,-52.98714
1033754375.0000001,-52.97216
1033754531.2500001,-53.00731
1033754687.5000001,-52.93851
1033754843.7500001,-52.93278
1033755000.0000001,-52.99021
1033755156.2500001,-52.9652
1033755312.5000001,-52.9628
1033755468.7500001,-52.92723
1033755625.0000001,-52.88731
1033755781.2500001,-52.84366
1033755937.5000001,-52.96695
1033756093.7500001,-52.88111
1033756250.0000001,-52.99507
1033756406.2500001,-52.97015
1033756562.5000001,-52.88385
1033756718.7500001,-52.87807
1033756875.0000001,-52.93653
1033757031.2500001,-52.87372
1033757187.5000001,-52.92634
1033757343.7500001,-52.93062
1033757500.0000001,-52.91098
1033757656.2500001,-53.01461
1033757812.5000001,-52.98757
1033757968.7500001,-52.86722
1033758125.0000001,-52.93221
1033758281.2500001,-52.91621
1033758437.5000001,-52.99915
1033758593.7500001,-52.90808
1033758750.0000001,-52.92749
1033758906.2500001,-52.93499
1033759062.5000001,-52.98358
1033759218.7500001,-52.99355
1033759375.0000001,-52.83295
1033759531.2500001,-52.93576
1033759687.5000001,-52.92776
1033759843.7500001,-52.84414
1033760000.0000001,-52.94431
1033760156.2500001,-53.0084
1033760312.5000001,-52.92082
1033760468.7500001,-52.86281
1033760625.0000001,-52.83926
1033760781.2500001,-52.92339
1033760937.5000001,-52.87426
1033761093.7500001,-52.93426
1033761250.0000001,-52.9678
1033761406.2500001,-52.82662
1033761562.5000001,-52.93202
1033761718.7500001,-52.90604
1033761875.0000001,-52.91088
1033762031.2500001,-52.97078
1033762187.5000001,-52.92046
1033762343.7500001,-52.86387
1033762500.0000001,-52.91378
1033762656.2500001,-52.92057
1033762812.5000001,-52.82771
1033762968.7500001,-52.90059
1033763125.0000001,-52.93084
1033763281.2500001,-52.91175
1033763437.5000001,-52.98833
1033763593.7500001,-52.89701
1033763750.0000001,-52.89656
1033763906.2500001,-52.84314
1033764062.5000001,-52.97218
1033764218.7500001,-52.90668
1033764375.0000001,-52.91187
1033764531.2500001,-52.84069
1033764687.5000001,-52.86387
1033764843.7500001,-52.93764
1033765000.0000001,-52.85253
1033765156.2500001,-52.83416
1033765312.5000001,-52.92855
1033765468.7500001,-52.89939
1033765625.0000001,-52.89855
1033765781.2500001,-52.90634
1033765937.5000001,-52.92215
1033766093.7500001,-52.91902
1033766250.0000001,-52.94914
1033766406.2500001,-52.8449
1033766562.5000001,-52.90784
1033766718.7500001,-52.83969
1033766875.0000001,-52.85193
1033767031.2500001,-52.84301
1033767187.5000001,-52.93175
1033767343.7500001,-52.96187
1033767500.0000001,-52.90238
1033767656.2500001,-52.85117
1033767812.5000001,-52.84888
1033767968.7500001,-52.89789
1033768125.0000001,-52.96739
1033768281.2500001,-52.93668
1033768437.5000001,-52.82202
1033768593.7500001,-52.94163
1033768750.0000001,-52.84217
1033768906.2500001,-52.85688
1033769062.5000001,-52.95483
1033769218.7500001,-52.87791
1033769375.0000001,-52.89882
1033769531.2500001,-52.87402
1033769687.5000001,-52.96178
1033769843.7500001,-52.88802
1033770000.0000001,-52.84232
1033770156.2500001,-52.85884
1033770312.5000001,-52.84891
1033770468.7500001,-52.86862
1033770625.0000001,-52.89106
1033770781.2500001,-52.95044
1033770937.5000001,-52.8
1033771093.7500001,-52.83407
1033771250.0000001,-52.92659
1033771406.2500001,-52.83505
1033771562.5000001,-52.90797
1033771718.7500001,-52.87781
1033771875.0000001,-52.83539
1033772031.2500001,-52.92093
1033772187.5000001,-52.89878
1033772343.7500001,-52.85646
1033772500.0000001,-52.90063
1033772656.2500001,-52.83338
1033772812.5000001,-52.83714
1033772968.7500001,-52.83001
1033773125.0000001,-52.88871
1033773281.2500001,-52.84964
1033773437.5000001,-52.89387
1033773593.7500001,-52.82138
1033773750.0000001,-52.79971
1033773906.2500001,-52.86827
1033774062.5000001,-52.90966
1033774218.7500001,-52.87634
1033774375.0000001,-52.95175
1033774531.2500001,-52.96608
1033774687.5000001,-52.84468
1033774843.7500001,-52.80702
1033775000.0000001,-52.8167
1033775156.2500001,-52.92617
1033775312.5000001,-52.87722
1033775468.7500001,-52.84251
1033775625.0000001,-52.88643
1033775781.2500001,-52.86842
1033775937.5000001,-52.83131
1033776093.7500001,-52.78655
1033776250.0000001,-52.80975
1033776406.2500001,-52.93742
1033776562.5000001,-52.83883
1033776718.7500001,-52.91197
1033776875.0000001,-52.89507
1033777031.2500001,-52.8218
1033777187.5000001,-52.85055
1033777343.7500001,-52.85907
1033777500.0000001,-52.77372
1033777656.2500001,-52.85691
1033777812.5000001,-52.88512
1033777968.7500001,-52.87419
1033778125.0000001,-52.74915
1033778281.2500001,-52.88431
1033778437.5000001,-52.82596
1033778593.7500001,-52.85257
1033778750.0000001,-52.87741
1033778906.2500001,-52.77612
1033779062.5000001,-52.80627
1033779218.7500001,-52.82767
1033779375.0000001,-52.77128
1033779531.2500001,-52.87696
1033779687.5000001,-52.88214
1033779843.7500001,-52.76501
1033780000.0000001,-52.81818
1033780156.2500001,-52.88137
1033780312.5000001,-52.87501
1033780468.7500001,-52.80287
1033780625.0000001,-52.8575
1033780781.2500001,-52.82572
1033780937.5000001,-52.84069
1033781093.7500001,-52.8372
1033781250.0000001,-52.82568
1033781406.2500001,-52.82972
1033781562.5000001,-52.80288
1033781718.7500001,-52.83239
1033781875.0000001,-52.89437
1033782031.2500001,-52.86013
1033782187.5000001,-52.82244
1033782343.7500001,-52.87068
1033782500.0000001,-52.8816
1033782656.2500001,-52.88424
1033782812.5000001,-52.8492
1033782968.7500001,-52.90555
1033783125.0000001,-52.87281
1033783281.2500001,-52.88321
1033783437.5000001,-52.86232
1033783593.7500001,-52.87278
1033783750.0000001,-52.80054
1033783906.2500001,-52.76761
1033784062.5000001,-52.8449
1033784218.7500001,-52.86658
1033784375.0000001,-52.78571
1033784531.2500001,-52.76683
1033784687.5000001,-52.87415
1033784843.7500001,-52.84445
1033785000.0000001,-52.83907
1033785156.2500001,-52.82429
1033785312.5000001,-52.79613
1033785468.7500001,-52.82451
1033785625.0000001,-52.84576
1033785781.2500001,-52.81216
1033785937.5000001,-52.84546
1033786093.7500001,-52.88534
1033786250.0000001,-52.75431
1033786406.2500001,-52.81506
1033786562.5000001,-52.79821
1033786718.7500001,-52.83222
1033786875.0000001,-52.79498
1033787031.2500001,-52.74498
1033787187.5000001,-52.85363
1033787343.7500001,-52.77415
1033787500.0000001,-52.79999
1033787656.2500001,-52.87231
1033787812.5000001,-52.76016
1033787968.7500001,-52.78926
1033788125.0000001,-52.83775
1033788281.2500001,-52.82306
1033788437.5000001,-52.75806
1033788593.7500001,-52.78772
1033788750.0000001,-52.80227
1033788906.2500001,-52.75309
1033789062.5000001,-52.79105
1033789218.7500001,-52.87738
1033789375.0000001,-52.81904
1033789531.2500001,-52.80852
1033789687.5000001,-52.82259
1033789843.7500001,-52.84507
1033790000.0000001,-52.72858
1033790156.2500001,-52.81122
1033790312.5000001,-52.79806
1033790468.7500001,-52.72718
1033790625.0000001,-52.86948
1033790781.2500001,-52.84108
1033790937.5000001,-52.82794
1033791093.7500001,-52.78456
1033791250.0000001,-52.72107
1033791406.2500001,-52.79063
1033791562.5000001,-52.75184
1033791718.7500001,-52.78985
1033791875.0000001,-52.8302
1033792031.2500001,-52.77169
1033792187.5000001,-52.81789
1033792343.7500001,-52.79446
1033792500.0000001,-52.83259
1033792656.2500001,-52.82496
1033792812.5000001,-52.79183
1033792968.7500001,-52.76426
1033793125.0000001,-52.81437
1033793281.2500001,-52.79319
1033793437.5000001,-52.77292
1033793593.7500001,-52.74937
1033793750.0000001,-52.75688
1033793906.2500001,-52.77229
1033794062.5000001,-52.77602
1033794218.7500001,-52.72493
1033794375.0000001,-52.79548
1033794531.2500001,-52.76956
1033794687.5000001,-52.76105
1033794843.7500001,-52.85875
1033795000.0000001,-52.83437
1033795156.2500001,-52.80036
1033795312.5000001,-52.69265
1033795468.7500001,-52.80527
1033795625.0000001,-52.80958
1033795781.2500001,-52.76754
1033795937.5000001,-52.74979
1033796093.7500001,-52.82175
1033796250.0000001,-52.75868
1033796406.2500001,-52.72372
1033796562.5000001,-52.76839
1033796718.7500001,-52.81651
1033796875.0000001,-52.77071
1033797031.2500001,-52.68138
1033797187.5000001,-52.74941
1033797343.7500001,-52.79969
1033797500.0000001,-52.83035
1033797656.2500001,-52.79541
1033797812.5000001,-52.75627
1033797968.7500001,-52.82423
1033798125.0000001,-52.74524
1033798281.2500001,-52.87386
1033798437.5000001,-52.70243
1033798593.7500001,-52.7678
1033798750.0000001,-52.72301
1033798906.2500001,-52.82866
1033799062.5000001,-52.77597
1033799218.7500001,-52.83223
1033799375.0000001,-52.71437
1033799531.2500001,-52.79682
1033799687.5000001,-52.79758
1033799843.7500001,-52.70502
1033800000.0000001,-52.63432
1033800156.2500001,-52.8171
1033800312.5000001,-52.78843
1033800468.7500001,-52.75304
1033800625.0000001,-52.7114
1033800781.2500001,-52.80328
1033800937.5000001,-52.65854
1033801093.7500001,-52.75446
1033801250.0000001,-52.7883
1033801406.2500001,-52.71622
1033801562.5000001,-52.76984
1033801718.7500001,-52.74251
1033801875.0000001,-52.72786
1033802031.2500001,-52.79963
1033802187.5000001,-52.7743
1033802343.7500001,-52.75394
1033802500.0000001,-52.74734
1033802656.2500001,-52.76163
1033802812.5000001,-52.78486
1033802968.7500001,-52.73671
1033803125.0000001,-52.7718
1033803281.2500001,-52.6776
1033803437.5000001,-52.72112
1033803593.7500001,-52.76007
1033803750.0000001,-52.79979
1033803906.2500001,-52.70247
1033804062.5000001,-52.77803
1033804218.7500001,-52.72206
1033804375.0000001,-52.72508
1033804531.2500001,-52.78136
1033804687.5000001,-52.76411
1033804843.7500001,-52.73707
1033805000.0000001,-52.68608
1033805156.2500001,-52.75563
1033805312.5000001,-52.6834
1033805468.7500001,-52.71083
1033805625.0000001,-52.80681
1033805781.2500001,-52.71998
1033805937.5000001,-52.72495
1033806093.7500001,-52.68193
1033806250.0000001,-52.66422
1033806406.2500001,-52.73481
1033806562.5000001,-52.76186
1033806718.7500001,-52.6661
1033806875.0000001,-52.70647
1033807031.2500001,-52.77345
1033807187.5000001,-52.78573
1033807343.7500001,-52.69326
1033807500.0000001,-52.71982
1033807656.2500001,-52.6496
1033807812.5000001,-52.75053
1033807968.7500001,-52.69326
1033808125.0000001,-52.78562
1033808281.2500001,-52.72439
1033808437.5000001,-52.69572
1033808593.7500001,-52.73159
1033808750.0000001,-52.74539
1033808906.2500001,-52.72226
1033809062.5000001,-52.80076
1033809218.7500001,-52.76125
1033809375.0000001,-52.71798
1033809531.2500001,-52.73215
1033809687.5000001,-52.7402
1033809843.7500001,-52.73686
1033810000.0000001,-52.7462
1033810156.2500001,-52.7858
1033810312.5000001,-52.61072
1033810468.7500001,-52.73007
1033810625.0000001,-52.75091
1033810781.2500001,-52.67089
1033810937.5000001,-52.66174
1033811093.7500001,-52.73581
1033811250.0000001,-52.64634
1033811406.2500001,-52.61865
1033811562.5000001,-52.6705
1033811718.7500001,-52.74615
1033811875.0000001,-52.68464
1033812031.2500001,-52.68745
1033812187.5000001,-52.6647
1033812343.7500001,-52.69026
1033812500.0000001,-52.74921
1033812656.2500001,-52.74369
1033812812.5000001,-52.786
1033812968.7500001,-52.76352
1033813125.0000001,-52.80918
1033813281.2500001,-52.65691
1033813437.5000001,-52.65857
1033813593.7500001,-52.65617
1033813750.0000001,-52.77464
1033813906.2500001,-52.65897
1033814062.5000001,-52.67012
1033814218.7500001,-52.65586
1033814375.0000001,-52.71239
1033814531.2500001,-52.71715
1033814687.5000001,-52.63243
1033814843.7500001,-52.74115
1033815000.0000001,-52.74298
1033815156.2500001,-52.71212
1033815312.5000001,-52.69733
1033815468.7500001,-52.66611
1033815625.0000001,-52.75422
1033815781.2500001,-52.72755
1033815937.5000001,-52.71516
1033816093.7500001,-52.73244
1033816250.0000001,-52.75888
1033816406.2500001,-52.73597
1033816562.5000001,-52.68916
1033816718.7500001,-52.71451
1033816875.0000001,-52.81409
1033817031.2500001,-52.6549
1033817187.5000001,-52.73204
1033817343.7500001,-52.73298
1033817500.0000001,-52.71922
1033817656.2500001,-52.70154
1033817812.5000001,-52.75401
1033817968.7500001,-52.64308
1033818125.0000001,-52.71048
1033818281.2500001,-52.62793
1033818437.5000001,-52.68855
1033818593.7500001,-52.76223
1033818750.0000001,-52.69266
1033818906.2500001,-52.68975
1033819062.5000001,-52.71029
1033819218.7500001,-52.68109
1033819375.0000001,-52.64405
1033819531.2500001,-52.6918
1033819687.5000001,-52.63868
1033819843.7500001,-52.74751
1033820000.0000001,-52.73146
1033820156.2500001,-52.64633
1033820312.5000001,-52.59518
1033820468.7500001,-52.75178
1033820625.0000001,-52.71893
1033820781.2500001,-52.7285
1033820937.5000001,-52.64798
1033821093.7500001,-52.62663
1033821250.0000001,-52.73391
1033821406.2500001,-52.6955
1033821562.5000001,-52.72686
1033821718.7500001,-52.6104
1033821875.0000001,-52.65794
1033822031.2500001,-52.66439
1033822187.5000001,-52.65073
1033822343.7500001,-52.71862
1033822500.0000001,-52.66077
1033822656.2500001,-52.60042
1033822812.5000001,-52.59611
1033822968.7500001,-52.66712
1033823125.0000001,-52.66685
1033823281.2500001,-52.68214
1033823437.5000001,-52.65959
1033823593.7500001,-52.57801
1033823750.0000001,-52.75906
1033823906.2500001,-52.6845
1033824062.5000001,-52.6275
1033824218.7500001,-52.61946
1033824375.0000001,-52.62553
1033824531.2500001,-52.62004
1033824687.5000001,-52.63497
1033824843.7500001,-52.69277
1033825000.0000001,-52.65623
1033825156.2500001,-52.64248
1033825312.5000001,-52.66674
1033825468.7500001,-52.66215
1033825625.0000001,-52.68206
1033825781.2500001,-52.68073
1033825937.5000001,-52.66945
1033826093.7500001,-52.66903
1033826250.0000001,-52.6484
1033826406.2500001,-52.66921
1033826562.5000001,-52.66151
1033826718.7500001,-52.58152
1033826875.0000001,-52.66779
1033827031.2500001,-52.65133
1033827187.5000001,-52.62257
1033827343.7500001,-52.67728
1033827500.0000001,-52.68134
1033827656.2500001,-52.66506
1033827812.5000001,-52.63173
1033827968.7500001,-52.69278
1033828125.0000001,-52.70285
1033828281.2500001,-52.72815
1033828437.5000001,-52.65046
1033828593.7500001,-52.69151
1033828750.0000001,-52.65305
1033828906.2500001,-52.63051
1033829062.5000001,-52.65503
1033829218.7500001,-52.60086
1033829375.0000001,-52.6743
1033829531.2500001,-52.57278
1033829687.5000001,-52.70613
1033829843.7500001,-52.60652
1033830000.0000001,-52.58261
1033830156.2500001,-52.65151
1033830312.5000001,-52.57251
1033830468.7500001,-52.57018
1033830625.0000001,-52.72341
1033830781.2500001,-52.66031
1033830937.5000001,-52.61197
1033831093.7500001,-52.6555
1033831250.0000001,-52.62338
1033831406.2500001,-52.64038
1033831562.5000001,-52.66928
1033831718.7500001,-52.66312
1033831875.0000001,-52.68316
1033832031.2500001,-52.65039
1033832187.5000001,-52.66343
1033832343.7500001,-52.63296
1033832500.0000001,-52.65903
1033832656.2500001,-52.67169
1033832812.5000001,-52.60634
1033832968.7500001,-52.63253
1033833125.0000001,-52.64434
1033833281.2500001,-52.60756
1033833437.5000001,-52.62798
1033833593.7500001,-52.64108
1033833750.0000001,-52.65081
1033833906.2500001,-52.59336
1033834062.5000001,-52.64548
1033834218.7500001,-52.58609
1033834375.0000001,-52.53701
1033834531.2500001,-52.63704
1033834687.5000001,-52.69653
1033834843.7500001,-52.58599
1033835000.0000001,-52.69421
1033835156.2500001,-52.71402
1033835312.5000001,-52.57387
1033835468.7500001,-52.62113
1033835625.0000001,-52.57279
1033835781.2500001,-52.66356
1033835937.5000001,-52.637
1033836093.7500001,-52.5779
1033836250.0000001,-52.62721
1033836406.2500001,-52.61258
1033836562.5000001,-52.61422
1033836718.7500001,-52.55797
1033836875.0000001,-52.61508
1033837031.2500001,-52.58916
1033837187.5000001,-52.64424
1033837343.7500001,-52.5498
1033837500.0000001,-52.69798
1033837656.2500001,-52.66955
1033837812.5000001,-52.58996
1033837968.7500001,-52.57516
1033838125.0000001,-52.57246
1033838281.2500001,-52.56997
1033838437.5000001,-52.6278
1033838593.7500001,-52.54557
1033838750.0000001,-52.68913
1033838906.2500001,-52.58167
1033839062.5000001,-52.61022
1033839218.7500001,-52.57431
1033839375.0000001,-52.67479
1033839531.2500001,-52.55038
1033839687.5000001,-52.63634
1033839843.7500001,-52.5943
1033840000.0000001,-52.56775
1033840156.2500001,-52.59072
1033840312.5000001,-52.60416
1033840468.7500001,-52.61432
1033840625.0000001,-52.63616
1033840781.2500001,-52.62808
1033840937.5000001,-52.61847
1033841093.7500001,-52.45936
1033841250.0000001,-52.62446
1033841406.2500001,-52.60271
1033841562.5000001,-52.622
1033841718.7500001,-52.5823
1033841875.0000001,-52.61907
1033842031.2500001,-52.69605
1033842187.5000001,-52.67693
1033842343.7500001,-52.55727
1033842500.0000001,-52.60252
1033842656.2500001,-52.587
1033842812.5000001,-52.64583
1033842968.7500001,-52.6118
1033843125.0000001,-52.5587
1033843281.2500001,-52.66243
1033843437.5000001,-52.55655
1033843593.7500001,-52.59131
1033843750.0000001,-52.59183
1033843906.2500001,-52.58216
1033844062.5000001,-52.58359
1033844218.7500001,-52.53176
1033844375.0000001,-52.57269
1033844531.2500001,-52.59334
1033844687.5000001,-52.57689
1033844843.7500001,-52.54271
1033845000.0000001,-52.66109
1033845156.2500001,-52.58299
1033845312.5000001,-52.6482
1033845468.7500001,-52.56748
1033845625.0000001,-52.5554
1033845781.2500001,-52.58286
1033845937.5000001,-52.56424
1033846093.7500001,-52.59164
1033846250.0000001,-52.65649
1033846406.2500001,-52.61649
1033846562.5000001,-52.56633
1033846718.7500001,-52.53451
1033846875.0000001,-52.59087
1033847031.2500001,-52.55136
1033847187.5000001,-52.57341
1033847343.7500001,-52.57994
1033847500.0000001,-52.66143
1033847656.2500001,-52.60781
1033847812.5000001,-52.61671
1033847968.7500001,-52.56605
1033848125.0000001,-52.59528
1033848281.2500001,-52.65272
1033848437.5000001,-52.51272
1033848593.7500001,-52.64149
1033848750.0000001,-52.58278
1033848906.2500001,-52.58952
1033849062.5000001,-52.53585
1033849218.7500001,-52.5859
1033849375.0000001,-52.59023
1033849531.2500001,-52.56943
1033849687.5000001,-52.54087
1033849843.7500001,-52.60835
1033850000.0000001,-52.5486
1033850156.2500001,-52.49668
1033850312.5000001,-52.59254
1033850468.7500001,-52.60284
1033850625.0000001,-52.56469
1033850781.2500001,-52.57172
1033850937.5000001,-52.5126
1033851093.7500001,-52.65119
1033851250.0000001,-52.52111
1033851406.2500001,-52.62436
1033851562.5000001,-52.56656
1033851718.7500001,-52.60943
1033851875.0000001,-52.56907
1033852031.2500001,-52.55005
1033852187.5000001,-52.54653
1033852343.7500001,-52.51503
1033852500.0000001,-52.59386
1033852656.2500001,-52.63221
1033852812.5000001,-52.49342
1033852968.7500001,-52.58909
1033853125.0000001,-52.49002
1033853281.2500001,-52.52719
1033853437.5000001,-52.50124
1033853593.7500001,-52.60617
1033853750.0000001,-52.55371
1033853906.2500001,-52.5135
1033854062.5000001,-52.58434
1033854218.7500001,-52.56368
1033854375.0000001,-52.47343
1033854531.2500001,-52.52328
1033854687.5000001,-52.53163
1033854843.7500001,-52.52568
1033855000.0000001,-52.46446
1033855156.2500001,-52.54565
1033855312.5000001,-52.51521
1033855468.7500001,-52.5794
1033855625.0000001,-52.60003
1033855781.2500001,-52.45883
1033855937.5000001,-52.50729
1033856093.7500001,-52.55059
1033856250.0000001,-52.47712
1033856406.2500001,-52.60275
1033856562.5000001,-52.52866
1033856718.7500001,-52.51078
1033856875.0000001,-52.52158
1033857031.2500001,-52.52457
1033857187.5000001,-52.52525
1033857343.7500001,-52.47508
1033857500.0000001,-52.56647
1033857656.2500001,-52.52217
1033857812.5000001,-52.44885
1033857968.7500001,-52.53099
1033858125.0000001,-52.5612
1033858281.2500001,-52.52594
1033858437.5000001,-52.51537
1033858593.7500001,-52.55914
1033858750.0000001,-52.58788
1033858906.2500001,-52.54998
1033859062.5000001,-52.49756
1033859218.7500001,-52.5587
1033859375.0000001,-52.48925
1033859531.2500001,-52.51958
1033859687.5000001,-52.57709
1033859843.7500001,-52.42245
1033860000.0000001,-52.48146
1033860156.2500001,-52.45189
1033860312.5000001,-52.53125
1033860468.7500001,-52.51019
1033860625.0000001,-52.55726
1033860781.2500001,-52.50084
1033860937.5000001,-52.45253
1033861093.7500001,-52.50378
1033861250.0000001,-52.4947
1033861406.2500001,-52.56597
1033861562.5000001,-52.51715
1033861718.7500001,-52.4189
1033861875.0000001,-52.50823
1033862031.2500001,-52.50674
1033862187.5000001,-52.54082
1033862343.7500001,-52.53686
1033862500.0000001,-52.5033
1033862656.2500001,-52.51085
1033862812.5000001,-52.56082
1033862968.7500001,-52.5459
1033863125.0000001,-52.52733
1033863281.2500001,-52.51513
1033863437.5000001,-52.52799
1033863593.7500001,-52.45222
1033863750.0000001,-52.44407
1033863906.2500001,-52.49662
1033864062.5000001,-52.53535
1033864218.7500001,-52.46237
1033864375.0000001,-52.47105
1033864531.2500001,-52.43528
1033864687.5000001,-52.5598
1033864843.7500001,-52.47086
1033865000.0000001,-52.44612
1033865156.2500001,-52.51293
1033865312.5000001,-52.42458
1033865468.7500001,-52.54433
1033865625.0000001,-52.53189
1033865781.2500001,-52.61348
1033865937.5000001,-52.54945
1033866093.7500001,-52.44534
1033866250.0000001,-52.45313
1033866406.2500001,-52.45128
1033866562.5000001,-52.47201
1033866718.7500001,-52.46586
1033866875.0000001,-52.48594
1033867031.2500001,-52.52158
1033867187.5000001,-52.55289
1033867343.7500001,-52.51291
1033867500.0000001,-52.48627
1033867656.2500001,-52.40968
1033867812.5000001,-52.49401
1033867968.7500001,-52.52192
1033868125.0000001,-52.56269
1033868281.2500001,-52.48685
1033868437.5000001,-52.44774
1033868593.7500001,-52.52684
1033868750.0000001,-52.49998
1033868906.2500001,-52.41298
1033869062.5000001,-52.44013
1033869218.7500001,-52.51101
1033869375.0000001,-52.41301
1033869531.2500001,-52.48738
1033869687.5000001,-52.47188
1033869843.7500001,-52.46212
1033870000.0000001,-52.4914
1033870156.2500001,-52.42286
1033870312.5000001,-52.54889
1033870468.7500001,-52.39114
1033870625.0000001,-52.40095
1033870781.2500001,-52.53749
1033870937.5000001,-52.49501
1033871093.7500001,-52.54121
1033871250.0000001,-52.47539
1033871406.2500001,-52.44382
1033871562.5000001,-52.53351
1033871718.7500001,-52.41471
1033871875.0000001,-52.55931
1033872031.2500001,-52.53054
1033872187.5000001,-52.42248
1033872343.7500001,-52.42104
1033872500.0000001,-52.4758
1033872656.2500001,-52.45992
1033872812.5000001,-52.50268
1033872968.7500001,-52.48776
1033873125.0000001,-52.5184
1033873281.2500001,-52.42141
1033873437.5000001,-52.47255
1033873593.7500001,-52.45279
1033873750.0000001,-52.44336
1033873906.2500001,-52.44658
1033874062.5000001,-52.4637
1033874218.7500001,-52.45921
1033874375.0000001,-52.47018
1033874531.2500001,-52.40746
1033874687.5000001,-52.39425
1033874843.7500001,-52.35513
1033875000.0000001,-52.4464
1033875156.2500001,-52.4573
1033875312.5000001,-52.39635
1033875468.7500001,-52.44042
1033875625.0000001,-52.40378
1033875781.2500001,-52.43365
1033875937.5000001,-52.44497
1033876093.7500001,-52.43318
1033876250.0000001,-52.44539
1033876406.2500001,-52.46976
1033876562.5000001,-52.49229
1033876718.7500001,-52.39387
1033876875.0000001,-52.42944
1033877031.2500001,-52.44241
1033877187.5000001,-52.37671
1033877343.7500001,-52.41081
1033877500.0000001,-52.40861
1033877656.2500001,-52.51819
1033877812.5000001,-52.42811
1033877968.7500001,-52.44643
1033878125.0000001,-52.52811
1033878281.2500001,-52.49282
1033878437.5000001,-52.34339
1033878593.7500001,-52.46852
1033878750.0000001,-52.52776
1033878906.2500001,-52.40935
1033879062.5000001,-52.4604
1033879218.7500001,-52.44492
1033879375.0000001,-52.45718
1033879531.2500001,-52.38285
1033879687.5000001,-52.47713
1033879843.7500001,-52.3821
1033880000.0000001,-52.46267
1033880156.2500001,-52.53164
1033880312.5000001,-52.40054
1033880468.7500001,-52.49144
1033880625.0000001,-52.43572
1033880781.2500001,-52.41784
1033880937.5000001,-52.45037
1033881093.7500001,-52.43503
1033881250.0000001,-52.44305
1033881406.2500001,-52.45285
1033881562.5000001,-52.5063
1033881718.7500001,-52.3928
1033881875.0000001,-52.43468
1033882031.2500001,-52.39286
1033882187.5000001,-52.4799
1033882343.7500001,-52.55758
1033882500.0000001,-52.41503
1033882656.2500001,-52.41524
1033882812.5000001,-52.44444
1033882968.7500001,-52.54407
1033883125.0000001,-52.47629
1033883281.2500001,-52.43252
1033883437.5000001,-52.45248
1033883593.7500001,-52.46193
1033883750.0000001,-52.38448
1033883906.2500001,-52.40962
1033884062.5000001,-52.43898
1033884218.7500001,-52.47003
1033884375.0000001,-52.46364
1033884531.2500001,-52.39193
1033884687.5000001,-52.41808
1033884843.7500001,-52.40187
1033885000.0000001,-52.49331
1033885156.2500001,-52.39102
1033885312.5000001,-52.33403
1033885468.7500001,-52.39652
1033885625.0000001,-52.41546
1033885781.2500001,-52.44802
1033885937.5000001,-52.43052
1033886093.7500001,-52.37227
1033886250.0000001,-52.34925
1033886406.2500001,-52.46001
1033886562.5000001,-52.46986
1033886718.7500001,-52.34941
1033886875.0000001,-52.41568
1033887031.2500001,-52.3744
1033887187.5000001,-52.41451
1033887343.7500001,-52.43026
1033887500.0000001,-52.39687
1033887656.2500001,-52.38195
1033887812.5000001,-52.35387
1033887968.7500001,-52.38347
1033888125.0000001,-52.37005
1033888281.2500001,-52.44109
1033888437.5000001,-52.38931
1033888593.7500001,-52.38702
1033888750.0000001,-52.41521
1033888906.2500001,-52.33215
1033889062.5000001,-52.44584
1033889218.7500001,-52.39882
1033889375.0000001,-52.42744
1033889531.2500001,-52.45999
1033889687.5000001,-52.44653
1033889843.7500001,-52.35366
1033890000.0000001,-52.38853
1033890156.2500001,-52.4187
1033890312.5000001,-52.42876
1033890468.7500001,-52.3591
1033890625.0000001,-52.38434
1033890781.2500001,-52.40036
1033890937.5000001,-52.40241
1033891093.7500001,-52.50323
1033891250.0000001,-52.34103
1033891406.2500001,-52.33277
1033891562.5000001,-52.4255
1033891718.7500001,-52.41385
1033891875.0000001,-52.38031
1033892031.2500001,-52.39989
1033892187.5000001,-52.34049
1033892343.7500001,-52.40735
1033892500.0000001,-52.34797
1033892656.2500001,-52.3608
1033892812.5000001,-52.42372
1033892968.7500001,-52.45076
1033893125.0000001,-52.33334
1033893281.2500001,-52.39449
1033893437.5000001,-52.42759
1033893593.7500001,-52.37395
1033893750.0000001,-52.35659
1033893906.2500001,-52.31268
1033894062.5000001,-52.37067
1033894218.7500001,-52.35585
1033894375.0000001,-52.37372
1033894531.2500001,-52.36333
1033894687.5000001,-52.39479
1033894843.7500001,-52.40241
1033895000.0000001,-52.39334
1033895156.2500001,-52.35238
1033895312.5000001,-52.39845
1033895468.7500001,-52.3657
1033895625.0000001,-52.35615
1033895781.2500001,-52.42651
1033895937.5000001,-52.3804
1033896093.7500001,-52.33683
1033896250.0000001,-52.35244
1033896406.2500001,-52.42561
1033896562.5000001,-52.36508
1033896718.7500001,-52.34656
1033896875.0000001,-52.32624
1033897031.2500001,-52.42265
1033897187.5000001,-52.36449
1033897343.7500001,-52.32215
1033897500.0000001,-52.31634
1033897656.2500001,-52.36137
1033897812.5000001,-52.35904
1033897968.7500001,-52.33815
1033898125.0000001,-52.38729
1033898281.2500001,-52.36168
1033898437.5000001,-52.31784
1033898593.7500001,-52.31945
1033898750.0000001,-52.40536
1033898906.2500001,-52.30557
1033899062.5000001,-52.32421
1033899218.7500001,-52.32653
1033899375.0000001,-52.3707
1033899531.2500001,-52.37259
1033899687.5000001,-52.40017
1033899843.7500001,-52.33623
1033900000.0000001,-52.34091
1033900156.2500001,-52.38715
1033900312.5000001,-52.35432
1033900468.7500001,-52.34527
1033900625.0000001,-52.34879
1033900781.2500001,-52.37697
1033900937.5000001,-52.3493
1033901093.7500001,-52.33035
1033901250.0000001,-52.35821
1033901406.2500001,-52.32595
1033901562.5000001,-52.31476
1033901718.7500001,-52.31925
1033901875.0000001,-52.29037
1033902031.2500001,-52.43293
1033902187.5000001,-52.34773
1033902343.7500001,-52.35802
1033902500.0000001,-52.35488
1033902656.2500001,-52.39625
1033902812.5000001,-52.33136
1033902968.7500001,-52.35418
1033903125.0000001,-52.39024
1033903281.2500001,-52.32398
1033903437.5000001,-52.28696
1033903593.7500001,-52.40392
1033903750.0000001,-52.36379
1033903906.2500001,-52.28854
1033904062.5000001,-52.31046
1033904218.7500001,-52.27078
1033904375.0000001,-52.32821
1033904531.2500001,-52.349
1033904687.5000001,-52.40939
1033904843.7500001,-52.36125
1033905000.0000001,-52.40037
1033905156.2500001,-52.34951
1033905312.5000001,-52.361
1033905468.7500001,-52.2391
1033905625.0000001,-52.33281
1033905781.2500001,-52.32088
1033905937.5000001,-52.27517
1033906093.7500001,-52.31527
1033906250.0000001,-52.32904
1033906406.2500001,-52.2705
1033906562.5000001,-52.3242
1033906718.7500001,-52.422
1033906875.0000001,-52.23809
1033907031.2500001,-52.3625
1033907187.5000001,-52.34855
1033907343.7500001,-52.3539
1033907500.0000001,-52.30354
1033907656.2500001,-52.38631
1033907812.5000001,-52.3562
1033907968.7500001,-52.39108
1033908125.0000001,-52.31486
1033908281.2500001,-52.34351
1033908437.5000001,-52.35369
1033908593.7500001,-52.30622
1033908750.0000001,-52.31779
1033908906.2500001,-52.39043
1033909062.5000001,-52.36239
1033909218.7500001,-52.1847
1033909375.0000001,-52.35919
1033909531.2500001,-52.38121
1033909687.5000001,-52.33346
1033909843.7500001,-52.34947
1033910000.0000001,-52.32853
1033910156.2500001,-52.31606
1033910312.5000001,-52.25152
1033910468.7500001,-52.27505
1033910625.0000001,-52.28701
1033910781.2500001,-52.24243
1033910937.5000001,-52.28048
1033911093.7500001,-52.32213
1033911250.0000001,-52.26699
1033911406.2500001,-52.34235
1033911562.5000001,-52.28442
1033911718.7500001,-52.34273
1033911875.0000001,-52.32436
1033912031.2500001,-52.3173
1033912187.5000001,-52.35963
1033912343.7500001,-52.26292
1033912500.0000001,-52.31278
1033912656.2500001,-52.25171
1033912812.5000001,-52.21379
1033912968.7500001,-52.28552
1033913125.0000001,-52.32304
1033913281.2500001,-52.27147
1033913437.5000001,-52.35949
1033913593.7500001,-52.33287
1033913750.0000001,-52.26729
1033913906.2500001,-52.30373
1033914062.5000001,-52.24182
1033914218.7500001,-52.28378
1033914375.0000001,-52.24771
1033914531.2500001,-52.34013
1033914687.5000001,-52.29571
1033914843.7500001,-52.34629
1033915000.0000001,-52.27152
1033915156.2500001,-52.33385
1033915312.5000001,-52.28246
1033915468.7500001,-52.27126
1033915625.0000001,-52.26847
1033915781.2500001,-52.2728
1033915937.5000001,-52.26926
1033916093.7500001,-52.29543
1033916250.0000001,-52.32166
1033916406.2500001,-52.25853
1033916562.5000001,-52.35443
1033916718.7500001,-52.20483
1033916875.0000001,-52.23857
1033917031.2500001,-52.30748
1033917187.5000001,-52.29316
1033917343.7500001,-52.27389
1033917500.0000001,-52.28295
1033917656.2500001,-52.3007
1033917812.5000001,-52.29217
1033917968.7500001,-52.27004
1033918125.0000001,-52.2351
1033918281.2500001,-52.24011
1033918437.5000001,-52.25759
1033918593.7500001,-52.26499
1033918750.0000001,-52.28974
1033918906.2500001,-52.2844
1033919062.5000001,-52.30816
1033919218.7500001,-52.32667
1033919375.0000001,-52.31881
1033919531.2500001,-52.3483
1033919687.5000001,-52.26633
1033919843.7500001,-52.33682
1033920000.0000001,-52.21992
1033920156.2500001,-52.21495
1033920312.5000001,-52.32356
1033920468.7500001,-52.24547
1033920625.0000001,-52.25486
1033920781.2500001,-52.27798
1033920937.5000001,-52.1981
1033921093.7500001,-52.30075
1033921250.0000001,-52.29799
1033921406.2500001,-52.23761
1033921562.5000001,-52.26438
1033921718.7500001,-52.26589
1033921875.0000001,-52.28969
1033922031.2500001,-52.25861
1033922187.5000001,-52.22725
1033922343.7500001,-52.19692
1033922500.0000001,-52.22567
1033922656.2500001,-52.23076
1033922812.5000001,-52.22543
1033922968.7500001,-52.24672
1033923125.0000001,-52.2829
1033923281.2500001,-52.2737
1033923437.5000001,-52.25494
1033923593.7500001,-52.20736
1033923750.0000001,-52.29182
1033923906.2500001,-52.32259
1033924062.5000001,-52.23237
1033924218.7500001,-52.24823
1033924375.0000001,-52.24496
1033924531.2500001,-52.25392
1033924687.5000001,-52.2657
1033924843.7500001,-52.22823
1033925000.0000001,-52.2526
1033925156.2500001,-52.25991
1033925312.5000001,-52.28393
1033925468.7500001,-52.32374
1033925625.0000001,-52.2049
1033925781.2500001,-52.26721
1033925937.5000001,-52.25162
1033926093.7500001,-52.23375
1033926250.0000001,-52.19763
1033926406.2500001,-52.26529
1033926562.5000001,-52.33628
1033926718.7500001,-52.20212
1033926875.0000001,-52.26425
1033927031.2500001,-52.23507
1033927187.5000001,-52.26242
1033927343.7500001,-52.23646
1033927500.0000001,-52.22199
1033927656.2500001,-52.22233
1033927812.5000001,-52.19835
1033927968.7500001,-52.22138
1033928125.0000001,-52.26196
1033928281.2500001,-52.25167
1033928437.5000001,-52.23799
1033928593.7500001,-52.21045
1033928750.0000001,-52.26032
1033928906.2500001,-52.17824
1033929062.5000001,-52.26593
1033929218.7500001,-52.25482
1033929375.0000001,-52.22847
1033929531.2500001,-52.24108
1033929687.5000001,-52.20187
1033929843.7500001,-52.24689
1033930000.0000001,-52.23196
1033930156.2500001,-52.33218
1033930312.5000001,-52.27785
1033930468.7500001,-52.21732
1033930625.0000001,-52.19805
1033930781.2500001,-52.18412
1033930937.5000001,-52.24393
1033931093.7500001,-52.23448
1033931250.0000001,-52.20029
1033931406.2500001,-52.24825
1033931562.5000001,-52.20891
1033931718.7500001,-52.20381
1033931875.0000001,-52.23382
1033932031.2500001,-52.2496
1033932187.5000001,-52.20262
1033932343.7500001,-52.25946
1033932500.0000001,-52.20164
1033932656.2500001,-52.1921
1033932812.5000001,-52.18942
1033932968.7500001,-52.23837
1033933125.0000001,-52.2664
1033933281.2500001,-52.1672
1033933437.5000001,-52.16423
1033933593.7500001,-52.23483
1033933750.0000001,-52.23116
1033933906.2500001,-52.29997
1033934062.5000001,-52.24083
1033934218.7500001,-52.18126
1033934375.0000001,-52.24778
1033934531.2500001,-52.20716
1033934687.5000001,-52.18643
1033934843.7500001,-52.24915
1033935000.0000001,-52.23281
1033935156.2500001,-52.22622
1033935312.5000001,-52.18722
1033935468.7500001,-52.23762
1033935625.0000001,-52.2293
1033935781.2500001,-52.19579
1033935937.5000001,-52.21983
1033936093.7500001,-52.20695
1033936250.0000001,-52.16392
1033936406.2500001,-52.15651
1033936562.5000001,-52.21398
1033936718.7500001,-52.19168
1033936875.0000001,-52.22582
1033937031.2500001,-52.17048
1033937187.5000001,-52.2431
1033937343.7500001,-52.1586
1033937500.0000001,-52.20425
1033937656.2500001,-52.13337
1033937812.5000001,-52.1933
1033937968.7500001,-52.15355
1033938125.0000001,-52.17276
1033938281.2500001,-52.1517
1033938437.5000001,-52.16425
1033938593.7500001,-52.17054
1033938750.0000001,-52.1176
1033938906.2500001,-52.19484
1033939062.5000001,-52.17284
1033939218.7500001,-52.21838
1033939375.0000001,-52.18878
1033939531.2500001,-52.18562
1033939687.5000001,-52.13813
1033939843.7500001,-52.12449
1033940000.0000001,-52.16423
1033940156.2500001,-52.20119
1033940312.5000001,-52.12991
1033940468.7500001,-52.20547
1033940625.0000001,-52.24017
1033940781.2500001,-52.16071
1033940937.5000001,-52.15411
1033941093.7500001,-52.17804
1033941250.0000001,-52.07677
1033941406.2500001,-52.20598
1033941562.5000001,-52.19775
1033941718.7500001,-52.2214
1033941875.0000001,-52.18445
1033942031.2500001,-52.18785
1033942187.5000001,-52.14516
1033942343.7500001,-52.1468
1033942500.0000001,-52.20636
1033942656.2500001,-52.13871
1033942812.5000001,-52.12973
1033942968.7500001,-52.18124
1033943125.0000001,-52.21801
1033943281.2500001,-52.24649
1033943437.5000001,-52.1949
1033943593.7500001,-52.1664
1033943750.0000001,-52.18753
1033943906.2500001,-52.14364
1033944062.5000001,-52.20797
1033944218.7500001,-52.17665
1033944375.0000001,-52.07915
1033944531.2500001,-52.19994
1033944687.5000001,-52.21399
1033944843.7500001,-52.14611
1033945000.0000001,-52.11373
1033945156.2500001,-52.15315
1033945312.5000001,-52.15712
1033945468.7500001,-52.16105
1033945625.0000001,-52.16986
1033945781.2500001,-52.22662
1033945937.5000001,-52.1965
1033946093.7500001,-52.1498
1033946250.0000001,-52.13253
1033946406.2500001,-52.18199
1033946562.5000001,-52.1977
1033946718.7500001,-52.17216
1033946875.0000001,-52.22523
1033947031.2500001,-52.12257
1033947187.5000001,-52.11444
1033947343.7500001,-52.15264
1033947500.0000001,-52.07851
1033947656.2500001,-52.18398
1033947812.5000001,-52.27675
1033947968.7500001,-52.1591
1033948125.0000001,-52.1554
1033948281.2500001,-52.13045
1033948437.5000001,-52.13535
1033948593.7500001,-52.18615
1033948750.0000001,-52.16101
1033948906.2500001,-52.1257
1033949062.5000001,-52.15388
1033949218.7500001,-52.13386
1033949375.0000001,-52.04752
1033949531.2500001,-52.16558
1033949687.5000001,-52.0957
1033949843.7500001,-52.16343
1033950000.0000001,-52.15599
1033950156.2500001,-52.2375
1033950312.5000001,-52.07402
1033950468.7500001,-52.16151
1033950625.0000001,-52.15197
1033950781.2500001,-52.10311
1033950937.5000001,-52.11982
1033951093.7500001,-52.11427
1033951250.0000001,-52.20539
1033951406.2500001,-52.15581
1033951562.5000001,-52.16498
1033951718.7500001,-52.18543
1033951875.0000001,-52.22099
1033952031.2500001,-52.05
1033952187.5000001,-52.12899
1033952343.7500001,-52.1542
1033952500.0000001,-52.15649
1033952656.2500001,-52.07652
1033952812.5000001,-52.09619
1033952968.7500001,-52.11057
1033953125.0000001,-52.13004
1033953281.2500001,-52.1273
1033953437.5000001,-52.10825
1033953593.7500001,-52.14251
1033953750.0000001,-52.10421
1033953906.2500001,-52.11174
1033954062.5000001,-52.1406
1033954218.7500001,-52.08421
1033954375.0000001,-52.14394
1033954531.2500001,-52.06532
1033954687.5000001,-52.15026
1033954843.7500001,-52.18159
1033955000.0000001,-52.15965
1033955156.2500001,-52.01838
1033955312.5000001,-52.09565
1033955468.7500001,-52.1302
1033955625.0000001,-52.08333
1033955781.2500001,-52.08935
1033955937.5000001,-52.06629
1033956093.7500001,-52.09406
1033956250.0000001,-52.09481
1033956406.2500001,-52.05693
1033956562.5000001,-52.1453
1033956718.7500001,-52.09223
1033956875.0000001,-52.13121
1033957031.2500001,-52.14207
1033957187.5000001,-52.1128
1033957343.7500001,-52.13639
1033957500.0000001,-52.13757
1033957656.2500001,-52.1469
1033957812.5000001,-52.11434
1033957968.7500001,-52.12611
1033958125.0000001,-52.16368
1033958281.2500001,-52.03579
1033958437.5000001,-52.04747
1033958593.7500001,-52.1092
1033958750.0000001,-52.14739
1033958906.2500001,-52.16155
1033959062.5000001,-52.08565
1033959218.7500001,-52.0727
1033959375.0000001,-52.07536
1033959531.2500001,-52.06215
1033959687.5000001,-52.03901
1033959843.7500001,-52.09702
1033960000.0000001,-52.08186
1033960156.2500001,-52.04353
1033960312.5000001,-52.10246
1033960468.7500001,-52.09197
1033960625.0000001,-52.06329
1033960781.2500001,-52.08863
1033960937.5000001,-52.12191
1033961093.7500001,-52.07611
1033961250.0000001,-52.09508
1033961406.2500001,-52.09417
1033961562.5000001,-52.07495
1033961718.7500001,-52.1825
1033961875.0000001,-52.10704
1033962031.2500001,-52.14175
1033962187.5000001,-52.15221
1033962343.7500001,-52.06734
1033962500.0000001,-52.07041
1033962656.2500001,-52.09028
1033962812.5000001,-52.1622
1033962968.7500001,-52.0241
1033963125.0000001,-52.04559
1033963281.2500001,-52.08019
1033963437.5000001,-52.07682
1033963593.7500001,-52.07879
1033963750.0000001,-52.08888
1033963906.2500001,-52.06744
1033964062.5000001,-52.04697
1033964218.7500001,-52.10931
1033964375.0000001,-52.05464
1033964531.2500001,-52.12443
1033964687.5000001,-52.06012
1033964843.7500001,-52.09246
1033965000.0000001,-52.05265
1033965156.2500001,-52.12526
1033965312.5000001,-52.07573
1033965468.7500001,-52.04913
1033965625.0000001,-52.09861
1033965781.2500001,-52.09881
1033965937.5000001,-51.97175
1033966093.7500001,-52.11348
1033966250.0000001,-52.05009
1033966406.2500001,-52.02857
1033966562.5000001,-52.11734
1033966718.7500001,-52.07949
1033966875.0000001,-52.05641
1033967031.2500001,-52.10507
1033967187.5000001,-52.02565
1033967343.7500001,-52.05872
1033967500.0000001,-52.06586
1033967656.2500001,-52.12724
1033967812.5000001,-52.10037
1033967968.7500001,-52.0659
1033968125.0000001,-52.02678
1033968281.2500001,-52.11581
1033968437.5000001,-52.05998
1033968593.7500001,-52.04417
1033968750.0000001,-52.07799
1033968906.2500001,-52.0677
1033969062.5000001,-52.04277
1033969218.7500001,-52.08524
1033969375.0000001,-52.03623
1033969531.2500001,-52.08645
1033969687.5000001,-52.08374
1033969843.7500001,-52.05878
1033970000.0000001,-51.95481
1033970156.2500001,-52.01532
1033970312.5000001,-52.05937
1033970468.7500001,-52.06205
1033970625.0000001,-52.02919
1033970781.2500001,-52.05242
1033970937.5000001,-52.08387
1033971093.7500001,-52.05675
1033971250.0000001,-52.06753
1033971406.2500001,-52.02156
1033971562.5000001,-52.10902
1033971718.7500001,-52.04088
1033971875.0000001,-52.06763
1033972031.2500001,-52.10604
1033972187.5000001,-52.05604
1033972343.7500001,-52.00761
1033972500.0000001,-52.03729
1033972656.2500001,-52.01025
1033972812.5000001,-51.98172
1033972968.7500001,-52.02663
1033973125.0000001,-52.043
1033973281.2500001,-52.0436
1033973437.5000001,-52.02285
1033973593.7500001,-52.08828
1033973750.0000001,-51.98682
1033973906.2500001,-52.00875
1033974062.5000001,-52.01175
1033974218.7500001,-51.99817
1033974375.0000001,-52.02853
1033974531.2500001,-51.99241
1033974687.5000001,-52.0376
1033974843.7500001,-52.0156
1033975000.0000001,-52.06166
1033975156.2500001,-51.96477
1033975312.5000001,-52.03106
1033975468.7500001,-52.07217
1033975625.0000001,-52.01705
1033975781.2500001,-52.03895
1033975937.5000001,-52.03858
1033976093.7500001,-51.9794
1033976250.0000001,-52.0175
1033976406.2500001,-52.02653
1033976562.5000001,-51.97912
1033976718.7500001,-52.08551
1033976875.0000001,-52.02423
1033977031.2500001,-51.96312
1033977187.5000001,-52.04483
1033977343.7500001,-51.9847
1033977500.0000001,-51.99374
1033977656.2500001,-52.02041
1033977812.5000001,-52.03115
1033977968.7500001,-52.07945
1033978125.0000001,-51.9881
1033978281.2500001,-52.00311
1033978437.5000001,-51.99615
1033978593.7500001,-52.03162
1033978750.0000001,-52.004
1033978906.2500001,-51.98565
1033979062.5000001,-52.02706
1033979218.7500001,-52.04801
1033979375.0000001,-52.02882
1033979531.2500001,-52.00013
1033979687.5000001,-51.9274
1033979843.7500001,-52.05245
1033980000.0000001,-51.95692
1033980156.2500001,-52.01527
1033980312.5000001,-51.99795
1033980468.7500001,-51.99767
1033980625.0000001,-52.04663
1033980781.2500001,-52.02164
1033980937.5000001,-52.02708
1033981093.7500001,-52.01149
1033981250.0000001,-52.10744
1033981406.2500001,-52.04856
1033981562.5000001,-52.02591
1033981718.7500001,-52.03707
1033981875.0000001,-52.00495
1033982031.2500001,-51.96315
1033982187.5000001,-52.04093
1033982343.7500001,-52.04192
1033982500.0000001,-52.0071
1033982656.2500001,-52.03795
1033982812.5000001,-52.0156
1033982968.7500001,-52.04688
1033983125.0000001,-51.99946
1033983281.2500001,-51.92745
1033983437.5000001,-51.9795
1033983593.7500001,-51.93802
1033983750.0000001,-51.97102
1033983906.2500001,-51.99485
1033984062.5000001,-51.95332
1033984218.7500001,-51.99872
1033984375.0000001,-51.98792
1033984531.2500001,-52.02225
1033984687.5000001,-52.02624
1033984843.7500001,-52.00152
1033985000.0000001,-52.017
1033985156.2500001,-52.04295
1033985312.5000001,-51.98171
1033985468.7500001,-52.00788
1033985625.0000001,-51.98653
1033985781.2500001,-51.96443
1033985937.5000001,-51.95749
1033986093.7500001,-51.9463
1033986250.0000001,-51.98605
1033986406.2500001,-51.97302
1033986562.5000001,-51.95312
1033986718.7500001,-51.92473
1033986875.0000001,-51.95192
1033987031.2500001,-51.9498
1033987187.5000001,-51.99083
1033987343.7500001,-51.94808
1033987500.0000001,-52.05938
1033987656.2500001,-51.89511
1033987812.5000001,-51.99224
1033987968.7500001,-51.95337
1033988125.0000001,-51.99559
1033988281.2500001,-51.97961
1033988437.5000001,-51.98008
1033988593.7500001,-51.97145
1033988750.0000001,-51.9222
1033988906.2500001,-52.04883
1033989062.5000001,-51.98343
1033989218.7500001,-51.94033
1033989375.0000001,-51.98935
1033989531.2500001,-51.9763
1033989687.5000001,-51.93133
1033989843.7500001,-51.94839
1033990000.0000001,-51.86563
1033990156.2500001,-51.94992
1033990312.5000001,-51.99816
1033990468.7500001,-51.9565
1033990625.0000001,-51.96965
1033990781.2500001,-51.96155
1033990937.5000001,-51.96804
1033991093.7500001,-51.92098
1033991250.0000001,-51.93315
1033991406.2500001,-51.95606
1033991562.5000001,-52.01067
1033991718.7500001,-51.9251
1033991875.0000001,-51.94841
1033992031.2500001,-51.95808
1033992187.5000001,-51.94681
1033992343.7500001,-51.95298
1033992500.0000001,-51.95826
1033992656.2500001,-51.89363
1033992812.5000001,-51.88356
1033992968.7500001,-51.96243
1033993125.0000001,-51.95494
1033993281.2500001,-51.92208
1033993437.5000001,-51.92574
1033993593.7500001,-51.90486
1033993750.0000001,-51.9701
1033993906.2500001,-51.88483
1033994062.5000001,-51.95337
1033994218.7500001,-51.94791
1033994375.0000001,-51.9471
1033994531.2500001,-51.91087
1033994687.5000001,-51.9267
1033994843.7500001,-51.93269
1033995000.0000001,-51.99022
1033995156.2500001,-51.91484
1033995312.5000001,-51.94859
1033995468.7500001,-51.89089
1033995625.0000001,-51.91066
1033995781.2500001,-51.89386
1033995937.5000001,-51.94486
1033996093.7500001,-51.95564
1033996250.0000001,-51.92722
1033996406.2500001,-51.95367
1033996562.5000001,-51.90852
1033996718.7500001,-51.92392
1033996875.0000001,-51.90649
1033997031.2500001,-51.90481
1033997187.5000001,-51.90503
1033997343.7500001,-51.94444
1033997500.0000001,-51.9257
1033997656.2500001,-51.95885
1033997812.5000001,-51.92597
1033997968.7500001,-51.9977
1033998125.0000001,-51.89773
1033998281.2500001,-51.92986
1033998437.5000001,-51.9125
1033998593.7500001,-51.88954
1033998750.0000001,-51.92494
1033998906.2500001,-51.93192
1033999062.5000001,-52.00908
1033999218.7500001,-51.97541
1033999375.0000001,-51.90944
1033999531.2500001,-51.91653
1033999687.5000001,-51.92999
1033999843.7500001,-51.95768
1034000000.0000001,-51.88455
1034000156.2500001,-51.91703
1034000312.5000001,-51.90309
1034000468.7500001,-51.8742
1034000625.0000001,-51.91545
1034000781.2500001,-51.87959
1034000937.5000001,-51.89859
1034001093.7500001,-51.88304
1034001250.0000001,-51.89469
1034001406.2500001,-51.97382
1034001562.5000001,-51.94343
1034001718.7500001,-51.88613
1034001875.0000001,-51.88441
1034002031.2500001,-51.87992
1034002187.5000001,-51.8507
1034002343.7500001,-51.89669
1034002500.0000001,-51.98265
1034002656.2500001,-51.95154
1034002812.5000001,-51.86295
1034002968.7500001,-51.86733
1034003125.0000001,-51.96819
1034003281.2500001,-51.87336
1034003437.5000001,-51.82438
1034003593.7500001,-51.89
1034003750.0000001,-51.83612
1034003906.2500001,-51.93721
1034004062.5000001,-51.85632
1034004218.7500001,-51.90929
1034004375.0000001,-51.89573
1034004531.2500001,-51.96737
1034004687.5000001,-51.90813
1034004843.7500001,-51.87334
1034005000.0000001,-51.83355
1034005156.2500001,-51.90731
1034005312.5000001,-51.90671
1034005468.7500001,-51.88689
1034005625.0000001,-51.89428
1034005781.2500001,-51.93131
1034005937.5000001,-51.89766
1034006093.7500001,-51.9452
1034006250.0000001,-51.83464
1034006406.2500001,-51.92883
1034006562.5000001,-51.85201
1034006718.7500001,-51.86133
1034006875.0000001,-51.82863
1034007031.2500001,-51.97149
1034007187.5000001,-51.91016
1034007343.7500001,-51.82336
1034007500.0000001,-51.91211
1034007656.2500001,-51.87218
1034007812.5000001,-51.90145
1034007968.7500001,-51.87632
1034008125.0000001,-51.91612
1034008281.2500001,-51.88878
1034008437.5000001,-51.88882
1034008593.7500001,-51.84396
1034008750.0000001,-51.86225
1034008906.2500001,-51.93794
1034009062.5000001,-51.86346
1034009218.7500001,-51.84665
1034009375.0000001,-51.97216
1034009531.2500001,-51.87206
1034009687.5000001,-51.86692
1034009843.7500001,-51.87309
1034010000.0000001,-51.89999
1034010156.2500001,-51.85664
1034010312.5000001,-51.92376
1034010468.7500001,-51.91546
1034010625.0000001,-51.85405
1034010781.2500001,-51.85515
1034010937.5000001,-51.8344
1034011093.7500001,-51.87481
1034011250.0000001,-51.89767
1034011406.2500001,-51.85438
1034011562.5000001,-51.90269
1034011718.7500001,-51.91722
1034011875.0000001,-51.81191
1034012031.2500001,-51.96094
1034012187.5000001,-51.92739
1034012343.7500001,-51.86401
1034012500.0000001,-51.86449
1034012656.2500001,-51.90432
1034012812.5000001,-51.86179
1034012968.7500001,-51.79832
1034013125.0000001,-51.81968
1034013281.2500001,-51.85162
1034013437.5000001,-51.89417
1034013593.7500001,-51.86734
1034013750.0000001,-51.92865
1034013906.2500001,-51.91887
1034014062.5000001,-51.85491
1034014218.7500001,-51.82803
1034014375.0000001,-51.88586
1034014531.2500001,-51.8929
1034014687.5000001,-51.86749
1034014843.7500001,-51.9105
1034015000.0000001,-51.88224
1034015156.2500001,-51.91532
1034015312.5000001,-51.85508
1034015468.7500001,-51.78201
1034015625.0000001,-51.86254
1034015781.2500001,-51.89248
1034015937.5000001,-51.91412
1034016093.7500001,-51.84928
1034016250.0000001,-51.88161
1034016406.2500001,-51.83663
1034016562.5000001,-51.89164
1034016718.7500001,-51.85268
1034016875.0000001,-51.86457
1034017031.2500001,-51.84189
1034017187.5000001,-51.90078
1034017343.7500001,-51.90813
1034017500.0000001,-51.8236
1034017656.2500001,-51.85174
1034017812.5000001,-51.8133
1034017968.7500001,-51.83155
1034018125.0000001,-51.85896
1034018281.2500001,-51.83739
1034018437.5000001,-51.88167
1034018593.7500001,-51.86911
1034018750.0000001,-51.78935
1034018906.2500001,-51.84579
1034019062.5000001,-51.85006
1034019218.7500001,-51.83298
1034019375.0000001,-51.83642
1034019531.2500001,-51.82297
1034019687.5000001,-51.85016
1034019843.7500001,-51.86284
1034020000.0000001,-51.87793
1034020156.2500001,-51.80467
1034020312.5000001,-51.88767
1034020468.7500001,-51.81312
1034020625.0000001,-51.84028
1034020781.2500001,-51.82785
1034020937.5000001,-51.81373
1034021093.7500001,-51.74314
1034021250.0000001,-51.74947
1034021406.2500001,-51.83458
1034021562.5000001,-51.80514
1034021718.7500001,-51.79207
1034021875.0000001,-51.80877
1034022031.2500001,-51.78943
1034022187.5000001,-51.79293
1034022343.7500001,-51.80646
1034022500.0000001,-51.84991
1034022656.2500001,-51.86857
1034022812.5000001,-51.7993
1034022968.7500001,-51.87021
1034023125.0000001,-51.85487
1034023281.2500001,-51.82844
1034023437.5000001,-51.89977
1034023593.7500001,-51.87024
1034023750.0000001,-51.84027
1034023906.2500001,-51.88014
1034024062.5000001,-51.82973
1034024218.7500001,-51.80558
1034024375.0000001,-51.81442
1034024531.2500001,-51.82233
1034024687.5000001,-51.82589
1034024843.7500001,-51.74708
1034025000.0000001,-51.75467
1034025156.2500001,-51.82311
1034025312.5000001,-51.78168
1034025468.7500001,-51.78899
1034025625.0000001,-51.78624
1034025781.2500001,-51.77266
1034025937.5000001,-51.86534
1034026093.7500001,-51.82029
1034026250.0000001,-51.80523
1034026406.2500001,-51.79871
1034026562.5000001,-51.76744
1034026718.7500001,-51.76616
1034026875.0000001,-51.86064
1034027031.2500001,-51.74754
1034027187.5000001,-51.79441
1034027343.7500001,-51.80508
1034027500.0000001,-51.82428
1034027656.2500001,-51.84266
1034027812.5000001,-51.74598
1034027968.7500001,-51.82149
1034028125.0000001,-51.82133
1034028281.2500001,-51.76902
1034028437.5000001,-51.83817
1034028593.7500001,-51.80336
1034028750.0000001,-51.87055
1034028906.2500001,-51.81987
1034029062.5000001,-51.87373
1034029218.7500001,-51.79574
1034029375.0000001,-51.7636
1034029531.2500001,-51.75993
1034029687.5000001,-51.78443
1034029843.7500001,-51.82327
1034030000.0000001,-51.75964
1034030156.2500001,-51.78323
1034030312.5000001,-51.72599
1034030468.7500001,-51.86395
1034030625.0000001,-51.80447
1034030781.2500001,-51.86019
1034030937.5000001,-51.80378
1034031093.7500001,-51.73796
1034031250.0000001,-51.78844
1034031406.2500001,-51.80634
1034031562.5000001,-51.7599
1034031718.7500001,-51.81561
1034031875.0000001,-51.76437
1034032031.2500001,-51.77892
1034032187.5000001,-51.7633
1034032343.7500001,-51.90478
1034032500.0000001,-51.78064
1034032656.2500001,-51.75404
1034032812.5000001,-51.76864
1034032968.7500001,-51.72593
1034033125.0000001,-51.75801
1034033281.2500001,-51.73798
1034033437.5000001,-51.69527
1034033593.7500001,-51.82157
1034033750.0000001,-51.73676
1034033906.2500001,-51.84836
1034034062.5000001,-51.75369
1034034218.7500001,-51.76673
1034034375.0000001,-51.75356
1034034531.2500001,-51.76619
1034034687.5000001,-51.81363
1034034843.7500001,-51.79457
1034035000.0000001,-51.88413
1034035156.2500001,-51.76654
1034035312.5000001,-51.76127
1034035468.7500001,-51.76806
1034035625.0000001,-51.81266
1034035781.2500001,-51.8076
1034035937.5000001,-51.72834
1034036093.7500001,-51.79537
1034036250.0000001,-51.68821
1034036406.2500001,-51.69104
1034036562.5000001,-51.73325
1034036718.7500001,-51.66621
1034036875.0000001,-51.78989
1034037031.2500001,-51.76851
1034037187.5000001,-51.71936
1034037343.7500001,-51.75958
1034037500.0000001,-51.79268
1034037656.2500001,-51.80136
1034037812.5000001,-51.75105
1034037968.7500001,-51.72772
1034038125.0000001,-51.77612
1034038281.2500001,-51.80065
1034038437.5000001,-51.78119
1034038593.7500001,-51.77065
1034038750.0000001,-51.71637
1034038906.2500001,-51.82214
1034039062.5000001,-51.71324
1034039218.7500001,-51.72544
1034039375.0000001,-51.80301
1034039531.2500001,-51.8284
1034039687.5000001,-51.72188
1034039843.7500001,-51.79345
1034040000.0000001,-51.7414
1034040156.2500001,-51.73016
1034040312.5000001,-51.66965
1034040468.7500001,-51.70453
1034040625.0000001,-51.65612
1034040781.2500001,-51.80124
1034040937.5000001,-51.70924
1034041093.7500001,-51.68591
1034041250.0000001,-51.78326
1034041406.2500001,-51.75978
1034041562.5000001,-51.69397
1034041718.7500001,-51.78046
1034041875.0000001,-51.76516
1034042031.2500001,-51.71395
1034042187.5000001,-51.72319
1034042343.7500001,-51.73365
1034042500.0000001,-51.75047
1034042656.2500001,-51.70174
1034042812.5000001,-51.71111
1034042968.7500001,-51.70002
1034043125.0000001,-51.69468
1034043281.2500001,-51.71997
1034043437.5000001,-51.73976
1034043593.7500001,-51.69801
1034043750.0000001,-51.74459
1034043906.2500001,-51.75009
1034044062.5000001,-51.74663
1034044218.7500001,-51.69003
1034044375.0000001,-51.70324
1034044531.2500001,-51.76101
1034044687.5000001,-51.77078
1034044843.7500001,-51.75
1034045000.0000001,-51.72531
1034045156.2500001,-51.68013
1034045312.5000001,-51.64466
1034045468.7500001,-51.67919
1034045625.0000001,-51.75049
1034045781.2500001,-51.74356
1034045937.5000001,-51.67862
1034046093.7500001,-51.69755
1034046250.0000001,-51.74665
1034046406.2500001,-51.69062
1034046562.5000001,-51.75011
1034046718.7500001,-51.74617
1034046875.0000001,-51.71464
1034047031.2500001,-51.70695
1034047187.5000001,-51.7295
1034047343.7500001,-51.686
1034047500.0000001,-51.73887
1034047656.2500001,-51.69535
1034047812.5000001,-51.66793
1034047968.7500001,-51.73996
1034048125.0000001,-51.70879
1034048281.2500001,-51.68483
1034048437.5000001,-51.7609
1034048593.7500001,-51.71432
1034048750.0000001,-51.73535
1034048906.2500001,-51.68221
1034049062.5000001,-51.74498
1034049218.7500001,-51.69004
1034049375.0000001,-51.62482
1034049531.2500001,-51.68665
1034049687.5000001,-51.75198
1034049843.7500001,-51.76737
1034050000.0000001,-51.68603
1034050156.2500001,-51.70578
1034050312.5000001,-51.66546
1034050468.7500001,-51.66821
1034050625.0000001,-51.73616
1034050781.2500001,-51.68001
1034050937.5000001,-51.76255
1034051093.7500001,-51.69575
1034051250.0000001,-51.70294
1034051406.2500001,-51.74788
1034051562.5000001,-51.65379
1034051718.7500001,-51.66358
1034051875.0000001,-51.68932
1034052031.2500001,-51.75126
1034052187.5000001,-51.74042
1034052343.7500001,-51.69664
1034052500.0000001,-51.72243
1034052656.2500001,-51.73084
1034052812.5000001,-51.66871
1034052968.7500001,-51.65814
1034053125.0000001,-51.73419
1034053281.2500001,-51.71127
1034053437.5000001,-51.65177
1034053593.7500001,-51.62453
1034053750.0000001,-51.77622
1034053906.2500001,-51.61978
1034054062.5000001,-51.69589
1034054218.7500001,-51.7328
1034054375.0000001,-51.75718
1034054531.2500001,-51.69561
1034054687.5000001,-51.73487
1034054843.7500001,-51.66572
1034055000.0000001,-51.66336
1034055156.2500001,-51.7065
1034055312.5000001,-51.69918
1034055468.7500001,-51.68662
1034055625.0000001,-51.69822
1034055781.2500001,-51.64325
1034055937.5000001,-51.69429
1034056093.7500001,-51.71403
1034056250.0000001,-51.65886
1034056406.2500001,-51.70857
1034056562.5000001,-51.65574
1034056718.7500001,-51.64309
1034056875.0000001,-51.68536
1034057031.2500001,-51.71008
1034057187.5000001,-51.68125
1034057343.7500001,-51.68472
1034057500.0000001,-51.70743
1034057656.2500001,-51.70811
1034057812.5000001,-51.61275
1034057968.7500001,-51.65547
1034058125.0000001,-51.63442
1034058281.2500001,-51.61993
1034058437.5000001,-51.68008
1034058593.7500001,-51.65746
1034058750.0000001,-51.65705
1034058906.2500001,-51.69875
1034059062.5000001,-51.66269
1034059218.7500001,-51.62188
1034059375.0000001,-51.59393
1034059531.2500001,-51.62727
1034059687.5000001,-51.69122
1034059843.7500001,-51.62164
1034060000.0000001,-51.6279
1034060156.2500001,-51.64481
1034060312.5000001,-51.64462
1034060468.7500001,-51.61642
1034060625.0000001,-51.63121
1034060781.2500001,-51.6591
1034060937.5000001,-51.62957
1034061093.7500001,-51.71253
1034061250.0000001,-51.61811
1034061406.2500001,-51.63955
1034061562.5000001,-51.63483
1034061718.7500001,-51.66739
1034061875.0000001,-51.64924
1034062031.2500001,-51.65897
1034062187.5000001,-51.61272
1034062343.7500001,-51.64722
1034062500.0000001,-51.63429
1034062656.2500001,-51.67776
1034062812.5000001,-51.65897
1034062968.7500001,-51.62693
1034063125.0000001,-51.63625
1034063281.2500001,-51.60589
1034063437.5000001,-51.65775
1034063593.7500001,-51.64207
1034063750.0000001,-51.64105
1034063906.2500001,-51.71
1034064062.5000001,-51.6552
1034064218.7500001,-51.60185
1034064375.0000001,-51.69761
1034064531.2500001,-51.68639
1034064687.5000001,-51.59589
1034064843.7500001,-51.61765
1034065000.0000001,-51.60453
1034065156.2500001,-51.6506
1034065312.5000001,-51.68153
1034065468.7500001,-51.64566
1034065625.0000001,-51.56156
1034065781.2500001,-51.60106
1034065937.5000001,-51.65125
1034066093.7500001,-51.57909
1034066250.0000001,-51.62254
1034066406.2500001,-51.63673
1034066562.5000001,-51.63016
1034066718.7500001,-51.61506
1034066875.0000001,-51.67352
1034067031.2500001,-51.61916
1034067187.5000001,-51.64268
1034067343.7500001,-51.57011
1034067500.0000001,-51.61259
1034067656.2500001,-51.59804
1034067812.5000001,-51.56194
1034067968.7500001,-51.59872
1034068125.0000001,-51.66934
1034068281.2500001,-51.63402
1034068437.5000001,-51.62753
1034068593.7500001,-51.6219
1034068750.0000001,-51.61003
1034068906.2500001,-51.59003
1034069062.5000001,-51.60633
1034069218.7500001,-51.60944
1034069375.0000001,-51.54449
1034069531.2500001,-51.62974
1034069687.5000001,-51.60246
1034069843.7500001,-51.59483
1034070000.0000001,-51.67418
1034070156.2500001,-51.54927
1034070312.5000001,-51.6206
1034070468.7500001,-51.59352
1034070625.0000001,-51.58097
1034070781.2500001,-51.6277
1034070937.5000001,-51.61898
1034071093.7500001,-51.57178
1034071250.0000001,-51.5593
1034071406.2500001,-51.60415
1034071562.5000001,-51.58617
1034071718.7500001,-51.56948
1034071875.0000001,-51.55626
1034072031.2500001,-51.59874
1034072187.5000001,-51.66834
1034072343.7500001,-51.57669
1034072500.0000001,-51.62533
1034072656.2500001,-51.60849
1034072812.5000001,-51.64607
1034072968.7500001,-51.60069
1034073125.0000001,-51.59853
1034073281.2500001,-51.62112
1034073437.5000001,-51.60955
1034073593.7500001,-51.53966
1034073750.0000001,-51.56278
1034073906.2500001,-51.62626
1034074062.5000001,-51.62053
1034074218.7500001,-51.51312
1034074375.0000001,-51.56702
1034074531.2500001,-51.53
1034074687.5000001,-51.5962
1034074843.7500001,-51.61745
1034075000.0000001,-51.59274
1034075156.2500001,-51.5563
1034075312.5000001,-51.57272
1034075468.7500001,-51.52836
1034075625.0000001,-51.56636
1034075781.2500001,-51.5638
1034075937.5000001,-51.58018
1034076093.7500001,-51.55167
1034076250.0000001,-51.58308
1034076406.2500001,-51.61976
1034076562.5000001,-51.60437
1034076718.7500001,-51.6216
1034076875.0000001,-51.51451
1034077031.2500001,-51.5587
1034077187.5000001,-51.53128
1034077343.7500001,-51.51553
1034077500.0000001,-51.56111
1034077656.2500001,-51.55092
1034077812.5000001,-51.54612
1034077968.7500001,-51.55686
1034078125.0000001,-51.60925
1034078281.2500001,-51.58134
1034078437.5000001,-51.58534
1034078593.7500001,-51.66234
1034078750.0000001,-51.55743
1034078906.2500001,-51.5127
1034079062.5000001,-51.54154
1034079218.7500001,-51.57848
1034079375.0000001,-51.53951
1034079531.2500001,-51.5887
1034079687.5000001,-51.54846
1034079843.7500001,-51.62135
1034080000.0000001,-51.60599
1034080156.2500001,-51.56835
1034080312.5000001,-51.67618
1034080468.7500001,-51.51881
1034080625.0000001,-51.48832
1034080781.2500001,-51.58365
1034080937.5000001,-51.58909
1034081093.7500001,-51.49634
1034081250.0000001,-51.56184
1034081406.2500001,-51.62773
1034081562.5000001,-51.47432
1034081718.7500001,-51.57073
1034081875.0000001,-51.60828
1034082031.2500001,-51.57066
1034082187.5000001,-51.60265
1034082343.7500001,-51.62782
1034082500.0000001,-51.53655
1034082656.2500001,-51.54386
1034082812.5000001,-51.51473
1034082968.7500001,-51.5378
1034083125.0000001,-51.53186
1034083281.2500001,-51.5321
1034083437.5000001,-51.60023
1034083593.7500001,-51.57391
1034083750.0000001,-51.59985
1034083906.2500001,-51.52521
1034084062.5000001,-51.52758
1034084218.7500001,-51.57767
1034084375.0000001,-51.5243
1034084531.2500001,-51.48662
1034084687.5000001,-51.49478
1034084843.7500001,-51.55174
1034085000.0000001,-51.55495
1034085156.2500001,-51.58924
1034085312.5000001,-51.56821
1034085468.7500001,-51.55392
1034085625.0000001,-51.55381
1034085781.2500001,-51.53515
1034085937.5000001,-51.5013
1034086093.7500001,-51.5618
1034086250.0000001,-51.53813
1034086406.2500001,-51.4705
1034086562.5000001,-51.51082
1034086718.7500001,-51.49247
1034086875.0000001,-51.55002
1034087031.2500001,-51.5716
1034087187.5000001,-51.53028
1034087343.7500001,-51.53018
1034087500.0000001,-51.53566
1034087656.2500001,-51.47361
1034087812.5000001,-51.49633
1034087968.7500001,-51.50503
1034088125.0000001,-51.53582
1034088281.2500001,-51.46062
1034088437.5000001,-51.56255
1034088593.7500001,-51.5092
1034088750.0000001,-51.51839
1034088906.2500001,-51.5345
1034089062.5000001,-51.56626
1034089218.7500001,-51.51947
1034089375.0000001,-51.50465
1034089531.2500001,-51.50931
1034089687.5000001,-51.56816
1034089843.7500001,-51.49339
1034090000.0000001,-51.51591
1034090156.2500001,-51.54795
1034090312.5000001,-51.48537
1034090468.7500001,-51.5015
1034090625.0000001,-51.47242
1034090781.2500001,-51.55318
1034090937.5000001,-51.47369
1034091093.7500001,-51.52916
1034091250.0000001,-51.54751
1034091406.2500001,-51.53233
1034091562.5000001,-51.46467
1034091718.7500001,-51.50818
1034091875.0000001,-51.54158
1034092031.2500001,-51.48514
1034092187.5000001,-51.49617
1034092343.7500001,-51.48913
1034092500.0000001,-51.55045
1034092656.2500001,-51.61094
1034092812.5000001,-51.50346
1034092968.7500001,-51.48307
1034093125.0000001,-51.45533
1034093281.2500001,-51.52571
1034093437.5000001,-51.47641
1034093593.7500001,-51.47418
1034093750.0000001,-51.44355
1034093906.2500001,-51.518
1034094062.5000001,-51.53832
1034094218.7500001,-51.45319
1034094375.0000001,-51.51431
1034094531.2500001,-51.51124
1034094687.5000001,-51.55605
1034094843.7500001,-51.50555
1034095000.0000001,-51.51659
1034095156.2500001,-51.50568
1034095312.5000001,-51.50557
1034095468.7500001,-51.54006
1034095625.0000001,-51.4533
1034095781.2500001,-51.5298
1034095937.5000001,-51.42549
1034096093.7500001,-51.52717
1034096250.0000001,-51.47576
1034096406.2500001,-51.51623
1034096562.5000001,-51.47765
1034096718.7500001,-51.44451
1034096875.0000001,-51.49979
1034097031.2500001,-51.4648
1034097187.5000001,-51.52269
1034097343.7500001,-51.46435
1034097500.0000001,-51.47937
1034097656.2500001,-51.52307
1034097812.5000001,-51.5086
1034097968.7500001,-51.5078
1034098125.0000001,-51.51315
1034098281.2500001,-51.49388
1034098437.5000001,-51.42765
1034098593.7500001,-51.46158
1034098750.0000001,-51.47602
1034098906.2500001,-51.43862
1034099062.5000001,-51.50568
1034099218.7500001,-51.45913
1034099375.0000001,-51.44444
1034099531.2500001,-51.49621
1034099687.5000001,-51.45769
1034099843.7500001,-51.48906
1034100000.0000001,-51.45742
1034100156.2500001,-51.45745
1034100312.5000001,-51.51861
1034100468.7500001,-51.45219
1034100625.0000001,-51.47087
1034100781.2500001,-51.38527
1034100937.5000001,-51.44279
1034101093.7500001,-51.46621
1034101250.0000001,-51.37307
1034101406.2500001,-51.44197
1034101562.5000001,-51.53391
1034101718.7500001,-51.50473
1034101875.0000001,-51.44606
1034102031.2500001,-51.41611
1034102187.5000001,-51.4165
1034102343.7500001,-51.45251
1034102500.0000001,-51.47239
1034102656.2500001,-51.4888
1034102812.5000001,-51.45508
1034102968.7500001,-51.47715
1034103125.0000001,-51.52023
1034103281.2500001,-51.45279
1034103437.5000001,-51.51546
1034103593.7500001,-51.42154
1034103750.0000001,-51.47847
1034103906.2500001,-51.40097
1034104062.5000001,-51.40509
1034104218.7500001,-51.42187
1034104375.0000001,-51.43994
1034104531.2500001,-51.55527
1034104687.5000001,-51.45322
1034104843.7500001,-51.56706
1034105000.0000001,-51.43795
1034105156.2500001,-51.38382
1034105312.5000001,-51.4381
1034105468.7500001,-51.4806
1034105625.0000001,-51.40692
1034105781.2500001,-51.52613
1034105937.5000001,-51.45582
1034106093.7500001,-51.4417
1034106250.0000001,-51.49017
1034106406.2500001,-51.53642
1034106562.5000001,-51.4239
1034106718.7500001,-51.40766
1034106875.0000001,-51.44044
1034107031.2500001,-51.45772
1034107187.5000001,-51.37483
1034107343.7500001,-51.43967
1034107500.0000001,-51.45026
1034107656.2500001,-51.43155
1034107812.5000001,-51.46725
1034107968.7500001,-51.47271
1034108125.0000001,-51.42231
1034108281.2500001,-51.40683
1034108437.5000001,-51.45844
1034108593.7500001,-51.41686
1034108750.0000001,-51.45589
1034108906.2500001,-51.38356
1034109062.5000001,-51.41403
1034109218.7500001,-51.44977
1034109375.0000001,-51.45564
1034109531.2500001,-51.41026
1034109687.5000001,-51.40501
1034109843.7500001,-51.3969
1034110000.0000001,-51.40553
1034110156.2500001,-51.44389
1034110312.5000001,-51.42282
1034110468.7500001,-51.43121
1034110625.0000001,-51.45013
1034110781.2500001,-51.48544
1034110937.5000001,-51.42089
1034111093.7500001,-51.39709
1034111250.0000001,-51.42689
1034111406.2500001,-51.452
1034111562.5000001,-51.3646
1034111718.7500001,-51.36563
1034111875.0000001,-51.3938
1034112031.2500001,-51.42587
1034112187.5000001,-51.44198
1034112343.7500001,-51.44648
1034112500.0000001,-51.38898
1034112656.2500001,-51.42947
1034112812.5000001,-51.32713
1034112968.7500001,-51.45904
1034113125.0000001,-51.36464
1034113281.2500001,-51.38025
1034113437.5000001,-51.41662
1034113593.7500001,-51.40561
1034113750.0000001,-51.3712
1034113906.2500001,-51.37097
1034114062.5000001,-51.40673
1034114218.7500001,-51.45926
1034114375.0000001,-51.37991
1034114531.2500001,-51.36449
1034114687.5000001,-51.42692
1034114843.7500001,-51.39996
1034115000.0000001,-51.41797
1034115156.2500001,-51.42766
1034115312.5000001,-51.42736
1034115468.7500001,-51.35217
1034115625.0000001,-51.37281
1034115781.2500001,-51.39937
1034115937.5000001,-51.39198
1034116093.7500001,-51.39502
1034116250.0000001,-51.40575
1034116406.2500001,-51.41137
1034116562.5000001,-51.37448
1034116718.7500001,-51.43533
1034116875.0000001,-51.44541
1034117031.2500001,-51.42628
1034117187.5000001,-51.355
1034117343.7500001,-51.40878
1034117500.0000001,-51.42193
1034117656.2500001,-51.34253
1034117812.5000001,-51.34254
1034117968.7500001,-51.35628
1034118125.0000001,-51.3956
1034118281.2500001,-51.38184
1034118437.5000001,-51.39264
1034118593.7500001,-51.3278
1034118750.0000001,-51.38242
1034118906.2500001,-51.40002
1034119062.5000001,-51.4089
1034119218.7500001,-51.42505
1034119375.0000001,-51.39752
1034119531.2500001,-51.32006
1034119687.5000001,-51.3269
1034119843.7500001,-51.32708
1034120000.0000001,-51.4469
1034120156.2500001,-51.33018
1034120312.5000001,-51.32845
1034120468.7500001,-51.34169
1034120625.0000001,-51.35392
1034120781.2500001,-51.36232
1034120937.5000001,-51.375
1034121093.7500001,-51.32036
1034121250.0000001,-51.35582
1034121406.2500001,-51.37923
1034121562.5000001,-51.34755
1034121718.7500001,-51.41471
1034121875.0000001,-51.38529
1034122031.2500001,-51.41864
1034122187.5000001,-51.42799
1034122343.7500001,-51.42664
1034122500.0000001,-51.35289
1034122656.2500001,-51.34327
1034122812.5000001,-51.38981
1034122968.7500001,-51.33018
1034123125.0000001,-51.40563
1034123281.2500001,-51.29707
1034123437.5000001,-51.4159
1034123593.7500001,-51.3376
1034123750.0000001,-51.29493
1034123906.2500001,-51.3326
1034124062.5000001,-51.34206
1034124218.7500001,-51.33865
1034124375.0000001,-51.32136
1034124531.2500001,-51.39663
1034124687.5000001,-51.36007
1034124843.7500001,-51.37767
1034125000.0000001,-51.3364
1034125156.2500001,-51.31712
1034125312.5000001,-51.31154
1034125468.7500001,-51.35925
1034125625.0000001,-51.3377
1034125781.2500001,-51.30324
1034125937.5000001,-51.26951
1034126093.7500001,-51.36839
1034126250.0000001,-51.38252
1034126406.2500001,-51.37634
1034126562.5000001,-51.34343
1034126718.7500001,-51.37036
1034126875.0000001,-51.36371
1034127031.2500001,-51.37979
1034127187.5000001,-51.39085
1034127343.7500001,-51.30796
1034127500.0000001,-51.38526
1034127656.2500001,-51.36223
1034127812.5000001,-51.26902
1034127968.7500001,-51.36346
1034128125.0000001,-51.342
1034128281.2500001,-51.31836
1034128437.5000001,-51.3377
1034128593.7500001,-51.40898
1034128750.0000001,-51.33677
1034128906.2500001,-51.27825
1034129062.5000001,-51.34938
1034129218.7500001,-51.34507
1034129375.0000001,-51.37556
1034129531.2500001,-51.36867
1034129687.5000001,-51.36475
1034129843.7500001,-51.27383
1034130000.0000001,-51.31283
1034130156.2500001,-51.31536
1034130312.5000001,-51.30374
1034130468.7500001,-51.37132
1034130625.0000001,-51.28641
1034130781.2500001,-51.2998
1034130937.5000001,-51.25503
1034131093.7500001,-51.3618
1034131250.0000001,-51.29358
1034131406.2500001,-51.31569
1034131562.5000001,-51.30677
1034131718.7500001,-51.28762
1034131875.0000001,-51.29192
1034132031.2500001,-51.27893
1034132187.5000001,-51.36082
1034132343.7500001,-51.34021
1034132500.0000001,-51.30121
1034132656.2500001,-51.31371
1034132812.5000001,-51.3327
1034132968.7500001,-51.28164
1034133125.0000001,-51.32236
1034133281.2500001,-51.34759
1034133437.5000001,-51.40464
1034133593.7500001,-51.34188
1034133750.0000001,-51.31372
1034133906.2500001,-51.29946
1034134062.5000001,-51.29349
1034134218.7500001,-51.35469
1034134375.0000001,-51.27417
1034134531.2500001,-51.37373
1034134687.5000001,-51.36591
1034134843.7500001,-51.33145
1034135000.0000001,-51.36283
1034135156.2500001,-51.3661
1034135312.5000001,-51.3296
1034135468.7500001,-51.26179
1034135625.0000001,-51.34821
1034135781.2500001,-51.28281
1034135937.5000001,-51.29626
1034136093.7500001,-51.24119
1034136250.0000001,-51.34896
1034136406.2500001,-51.34415
1034136562.5000001,-51.33757
1034136718.7500001,-51.27261
1034136875.0000001,-51.31794
1034137031.2500001,-51.32954
1034137187.5000001,-51.32417
1034137343.7500001,-51.27626
1034137500.0000001,-51.33477
1034137656.2500001,-51.23442
1034137812.5000001,-51.30284
1034137968.7500001,-51.34622
1034138125.0000001,-51.27097
1034138281.2500001,-51.36858
1034138437.5000001,-51.25462
1034138593.7500001,-51.29254
1034138750.0000001,-51.21123
1034138906.2500001,-51.31865
1034139062.5000001,-51.36955
1034139218.7500001,-51.26015
1034139375.0000001,-51.2729
1034139531.2500001,-51.26604
1034139687.5000001,-51.29812
1034139843.7500001,-51.28026
1034140000.0000001,-51.21889
1034140156.2500001,-51.31785
1034140312.5000001,-51.31957
1034140468.7500001,-51.30909
1034140625.0000001,-51.30553
1034140781.2500001,-51.29016
1034140937.5000001,-51.25834
1034141093.7500001,-51.20671
1034141250.0000001,-51.2766
1034141406.2500001,-51.34724
1034141562.5000001,-51.3147
1034141718.7500001,-51.27367
1034141875.0000001,-51.23219
1034142031.2500001,-51.2869
1034142187.5000001,-51.29677
1034142343.7500001,-51.26405
1034142500.0000001,-51.29808
1034142656.2500001,-51.33641
1034142812.5000001,-51.31492
1034142968.7500001,-51.29247
1034143125.0000001,-51.33065
1034143281.2500001,-51.30198
1034143437.5000001,-51.27864
1034143593.7500001,-51.26609
1034143750.0000001,-51.32369
1034143906.2500001,-51.23488
1034144062.5000001,-51.19356
1034144218.7500001,-51.23679
1034144375.0000001,-51.26697
1034144531.2500001,-51.22728
1034144687.5000001,-51.2936
1034144843.7500001,-51.20745
1034145000.0000001,-51.27451
1034145156.2500001,-51.23514
1034145312.5000001,-51.26403
1034145468.7500001,-51.25927
1034145625.0000001,-51.21002
1034145781.2500001,-51.26102
1034145937.5000001,-51.30158
1034146093.7500001,-51.22005
1034146250.0000001,-51.29987
1034146406.2500001,-51.17588
1034146562.5000001,-51.31243
1034146718.7500001,-51.24114
1034146875.0000001,-51.27326
1034147031.2500001,-51.17276
1034147187.5000001,-51.24434
1034147343.7500001,-51.32265
1034147500.0000001,-51.18975
1034147656.2500001,-51.30819
1034147812.5000001,-51.2065
1034147968.7500001,-51.22041
1034148125.0000001,-51.25331
1034148281.2500001,-51.32193
1034148437.5000001,-51.23596
1034148593.7500001,-51.26553
1034148750.0000001,-51.26554
1034148906.2500001,-51.24127
1034149062.5000001,-51.1996
1034149218.7500001,-51.25093
1034149375.0000001,-51.2496
1034149531.2500001,-51.19143
1034149687.5000001,-51.28104
1034149843.7500001,-51.22933
1034150000.0000001,-51.2701
1034150156.2500001,-51.26388
1034150312.5000001,-51.1524
1034150468.7500001,-51.23554
1034150625.0000001,-51.2483
1034150781.2500001,-51.23737
1034150937.5000001,-51.23849
1034151093.7500001,-51.26448
1034151250.0000001,-51.20502
1034151406.2500001,-51.24324
1034151562.5000001,-51.21903
1034151718.7500001,-51.22166
1034151875.0000001,-51.27926
1034152031.2500001,-51.19519
1034152187.5000001,-51.24403
1034152343.7500001,-51.2052
1034152500.0000001,-51.26573
1034152656.2500001,-51.16181
1034152812.5000001,-51.16404
1034152968.7500001,-51.19256
1034153125.0000001,-51.19014
1034153281.2500001,-51.21458
1034153437.5000001,-51.14439
1034153593.7500001,-51.21062
1034153750.0000001,-51.21592
1034153906.2500001,-51.15966
1034154062.5000001,-51.17754
1034154218.7500001,-51.19341
1034154375.0000001,-51.23325
1034154531.2500001,-51.17468
1034154687.5000001,-51.1764
1034154843.7500001,-51.25737
1034155000.0000001,-51.24219
1034155156.2500001,-51.21099
1034155312.5000001,-51.16298
1034155468.7500001,-51.18434
1034155625.0000001,-51.16549
1034155781.2500001,-51.17624
1034155937.5000001,-51.21281
1034156093.7500001,-51.21449
1034156250.0000001,-51.21114
1034156406.2500001,-51.21432
1034156562.5000001,-51.254
1034156718.7500001,-51.09098
1034156875.0000001,-51.2234
1034157031.2500001,-51.21124
1034157187.5000001,-51.18909
1034157343.7500001,-51.22049
1034157500.0000001,-51.19277
1034157656.2500001,-51.23197
1034157812.5000001,-51.14994
1034157968.7500001,-51.19362
1034158125.0000001,-51.22142
1034158281.2500001,-51.14386
1034158437.5000001,-51.23041
1034158593.7500001,-51.24909
1034158750.0000001,-51.13258
1034158906.2500001,-51.20754
1034159062.5000001,-51.16493
1034159218.7500001,-51.17321
1034159375.0000001,-51.16019
1034159531.2500001,-51.16615
1034159687.5000001,-51.20047
1034159843.7500001,-51.19546
1034160000.0000001,-51.17366
1034160156.2500001,-51.18593
1034160312.5000001,-51.23684
1034160468.7500001,-51.1382
1034160625.0000001,-51.1844
1034160781.2500001,-51.20193
1034160937.5000001,-51.1357
1034161093.7500001,-51.20848
1034161250.0000001,-51.20074
1034161406.2500001,-51.23861
1034161562.5000001,-51.19221
1034161718.7500001,-51.21683
1034161875.0000001,-51.25573
1034162031.2500001,-51.17661
1034162187.5000001,-51.20115
1034162343.7500001,-51.15092
1034162500.0000001,-51.09516
1034162656.2500001,-51.1645
1034162812.5000001,-51.17809
1034162968.7500001,-51.16823
1034163125.0000001,-51.24557
1034163281.2500001,-51.18516
1034163437.5000001,-51.14958
1034163593.7500001,-51.15686
1034163750.0000001,-51.13708
1034163906.2500001,-51.2276
1034164062.5000001,-51.21776
1034164218.7500001,-51.21379
1034164375.0000001,-51.11063
1034164531.2500001,-51.22408
1034164687.5000001,-51.13393
1034164843.7500001,-51.20705
1034165000.0000001,-51.2078
1034165156.2500001,-51.18718
1034165312.5000001,-51.18476
1034165468.7500001,-51.19091
1034165625.0000001,-51.12202
1034165781.2500001,-51.17891
1034165937.5000001,-51.22956
1034166093.7500001,-51.19452
1034166250.0000001,-51.15123
1034166406.2500001,-51.14397
1034166562.5000001,-51.14002
1034166718.7500001,-51.15908
1034166875.0000001,-51.17102
1034167031.2500001,-51.14523
1034167187.5000001,-51.17145
1034167343.7500001,-51.12981
1034167500.0000001,-51.18
1034167656.2500001,-51.16592
1034167812.5000001,-51.1804
1034167968.7500001,-51.19594
1034168125.0000001,-51.17991
1034168281.2500001,-51.07928
1034168437.5000001,-51.11838
1034168593.7500001,-51.11418
1034168750.0000001,-51.18129
1034168906.2500001,-51.19259
1034169062.5000001,-51.16939
1034169218.7500001,-51.14354
1034169375.0000001,-51.15399
1034169531.2500001,-51.17099
1034169687.5000001,-51.14734
1034169843.7500001,-51.16824
1034170000.0000001,-51.16329
1034170156.2500001,-51.16829
1034170312.5000001,-51.14717
1034170468.7500001,-51.12494
1034170625.0000001,-51.15048
1034170781.2500001,-51.0772
1034170937.5000001,-51.09209
1034171093.7500001,-51.08385
1034171250.0000001,-51.09179
1034171406.2500001,-51.15952
1034171562.5000001,-51.12002
1034171718.7500001,-51.19008
1034171875.0000001,-51.16763
1034172031.2500001,-51.15926
1034172187.5000001,-51.10474
1034172343.7500001,-51.09889
1034172500.0000001,-51.15649
1034172656.2500001,-51.12514
1034172812.5000001,-51.16752
1034172968.7500001,-51.1659
1034173125.0000001,-51.10524
1034173281.2500001,-51.07242
1034173437.5000001,-51.1289
1034173593.7500001,-51.11968
1034173750.0000001,-51.10714
1034173906.2500001,-51.11261
1034174062.5000001,-51.10622
1034174218.7500001,-51.10919
1034174375.0000001,-51.18311
1034174531.2500001,-51.14183
1034174687.5000001,-51.10018
1034174843.7500001,-51.16531
1034175000.0000001,-51.09757
1034175156.2500001,-51.09785
1034175312.5000001,-51.14447
1034175468.7500001,-51.11416
1034175625.0000001,-51.13716
1034175781.2500001,-51.12232
1034175937.5000001,-51.09995
1034176093.7500001,-51.15415
1034176250.0000001,-51.13477
1034176406.2500001,-51.10476
1034176562.5000001,-51.10646
1034176718.7500001,-51.10091
1034176875.0000001,-51.09287
1034177031.2500001,-51.10727
1034177187.5000001,-51.10205
1034177343.7500001,-51.13794
1034177500.0000001,-51.0826
1034177656.2500001,-51.10537
1034177812.5000001,-51.07889
1034177968.7500001,-51.13533
1034178125.0000001,-51.08414
1034178281.2500001,-51.05067
1034178437.5000001,-51.07703
1034178593.7500001,-51.14141
1034178750.0000001,-51.17336
1034178906.2500001,-51.14917
1034179062.5000001,-51.10957
1034179218.7500001,-51.12281
1034179375.0000001,-51.09753
1034179531.2500001,-51.06213
1034179687.5000001,-51.16507
1034179843.7500001,-51.13155
1034180000.0000001,-51.10762
1034180156.2500001,-51.10705
1034180312.5000001,-51.12131
1034180468.7500001,-51.03874
1034180625.0000001,-51.11869
1034180781.2500001,-51.04379
1034180937.5000001,-51.12192
1034181093.7500001,-51.07428
1034181250.0000001,-51.11386
1034181406.2500001,-51.08388
1034181562.5000001,-51.07422
1034181718.7500001,-51.07892
1034181875.0000001,-51.11885
1034182031.2500001,-51.05371
1034182187.5000001,-51.10036
1034182343.7500001,-51.06528
1034182500.0000001,-51.07403
1034182656.2500001,-51.0423
1034182812.5000001,-51.10377
1034182968.7500001,-51.12506
1034183125.0000001,-51.10056
1034183281.2500001,-51.03368
1034183437.5000001,-51.10107
1034183593.7500001,-51.05175
1034183750.0000001,-51.15176
1034183906.2500001,-51.1065
1034184062.5000001,-51.05524
1034184218.7500001,-51.0532
1034184375.0000001,-51.16337
1034184531.2500001,-51.06262
1034184687.5000001,-51.01722
1034184843.7500001,-51.09747
1034185000.0000001,-51.11464
1034185156.2500001,-51.08671
1034185312.5000001,-51.07087
1034185468.7500001,-51.07418
1034185625.0000001,-51.11127
1034185781.2500001,-51.05126
1034185937.5000001,-51.028
1034186093.7500001,-51.04005
1034186250.0000001,-51.01046
1034186406.2500001,-51.07942
1034186562.5000001,-51.07589
1034186718.7500001,-51.00157
1034186875.0000001,-51.01337
1034187031.2500001,-51.05307
1034187187.5000001,-51.06442
1034187343.7500001,-51.0661
1034187500.0000001,-50.99845
1034187656.2500001,-51.0797
1034187812.5000001,-51.1205
1034187968.7500001,-51.10464
1034188125.0000001,-51.05839
1034188281.2500001,-51.00758
1034188437.5000001,-50.99043
1034188593.7500001,-51.01315
1034188750.0000001,-51.09333
1034188906.2500001,-51.06093
1034189062.5000001,-51.06233
1034189218.7500001,-51.03547
1034189375.0000001,-51.03545
1034189531.2500001,-51.03347
1034189687.5000001,-51.03838
1034189843.7500001,-51.05485
1034190000.0000001,-51.03159
1034190156.2500001,-51.0448
1034190312.5000001,-51.01513
1034190468.7500001,-51.06632
1034190625.0000001,-50.98785
1034190781.2500001,-51.03688
1034190937.5000001,-51.0063
1034191093.7500001,-51.0619
1034191250.0000001,-50.99569
1034191406.2500001,-51.01836
1034191562.5000001,-51.03093
1034191718.7500001,-50.91611
1034191875.0000001,-50.98217
1034192031.2500001,-51.04935
1034192187.5000001,-50.98983
1034192343.7500001,-51.06245
1034192500.0000001,-51.01767
1034192656.2500001,-51.04923
1034192812.5000001,-51.05047
1034192968.7500001,-51.02723
1034193125.0000001,-51.02525
1034193281.2500001,-51.01891
1034193437.5000001,-51.02477
1034193593.7500001,-50.99914
1034193750.0000001,-51.04883
1034193906.2500001,-50.96602
1034194062.5000001,-51.10548
1034194218.7500001,-51.02739
1034194375.0000001,-51.04813
1034194531.2500001,-51.04365
1034194687.5000001,-50.97811
1034194843.7500001,-51.01187
1034195000.0000001,-51.01978
1034195156.2500001,-51.0603
1034195312.5000001,-51.01441
1034195468.7500001,-51.05613
1034195625.0000001,-51.01045
1034195781.2500001,-51.07262
1034195937.5000001,-50.9877
1034196093.7500001,-51.02839
1034196250.0000001,-51.03502
1034196406.2500001,-51.0619
1034196562.5000001,-51.07712
1034196718.7500001,-51.02236
1034196875.0000001,-51.02257
1034197031.2500001,-50.94444
1034197187.5000001,-51.05694
1034197343.7500001,-51.00836
1034197500.0000001,-51.03506
1034197656.2500001,-50.99739
1034197812.5000001,-51.02017
1034197968.7500001,-51.01321
1034198125.0000001,-51.03722
1034198281.2500001,-50.96891
1034198437.5000001,-50.98066
1034198593.7500001,-51.03424
1034198750.0000001,-51.03022
1034198906.2500001,-50.92339
1034199062.5000001,-50.98265
1034199218.7500001,-51.04761
1034199375.0000001,-51.01396
1034199531.2500001,-51.02533
1034199687.5000001,-50.97153
1034199843.7500001,-50.98243
1034200000.0000001,-51.01297
1034200156.2500001,-50.99954
1034200312.5000001,-51.01797
1034200468.7500001,-50.90791
1034200625.0000001,-51.00257
1034200781.2500001,-50.98784
1034200937.5000001,-51.03658
1034201093.7500001,-51.00518
1034201250.0000001,-51.03989
1034201406.2500001,-51.02525
1034201562.5000001,-50.97899
1034201718.7500001,-50.98635
1034201875.0000001,-50.97222
1034202031.2500001,-51.03874
1034202187.5000001,-50.99722
1034202343.7500001,-50.96886
1034202500.0000001,-50.99586
1034202656.2500001,-50.9586
1034202812.5000001,-50.99755
1034202968.7500001,-50.94553
1034203125.0000001,-50.97223
1034203281.2500001,-50.96196
1034203437.5000001,-50.98228
1034203593.7500001,-50.93423
1034203750.0000001,-50.97402
1034203906.2500001,-50.95214
1034204062.5000001,-50.94547
1034204218.7500001,-51.02546
1034204375.0000001,-50.95654
1034204531.2500001,-50.94471
1034204687.5000001,-50.94178
1034204843.7500001,-50.96636
1034205000.0000001,-50.95678
1034205156.2500001,-50.87735
1034205312.5000001,-50.9829
1034205468.7500001,-50.91821
1034205625.0000001,-51.00267
1034205781.2500001,-50.97216
1034205937.5000001,-50.96351
1034206093.7500001,-50.93898
1034206250.0000001,-50.99702
1034206406.2500001,-51.00881
1034206562.5000001,-50.97092
1034206718.7500001,-50.94433
1034206875.0000001,-50.98151
1034207031.2500001,-50.9646
1034207187.5000001,-50.94328
1034207343.7500001,-50.93849
1034207500.0000001,-50.95138
1034207656.2500001,-50.95313
1034207812.5000001,-50.95297
1034207968.7500001,-50.9725
1034208125.0000001,-50.94693
1034208281.2500001,-50.93346
1034208437.5000001,-50.97974
1034208593.7500001,-50.99085
1034208750.0000001,-50.92846
1034208906.2500001,-50.89975
1034209062.5000001,-50.92388
1034209218.7500001,-51.00433
1034209375.0000001,-50.99546
1034209531.2500001,-50.9119
1034209687.5000001,-50.90831
1034209843.7500001,-50.94308
1034210000.0000001,-50.93984
1034210156.2500001,-50.92879
1034210312.5000001,-50.96238
1034210468.7500001,-50.95422
1034210625.0000001,-50.96643
1034210781.2500001,-51.00473
1034210937.5000001,-50.95691
1034211093.7500001,-50.95586
1034211250.0000001,-50.89415
1034211406.2500001,-50.9319
1034211562.5000001,-50.92542
1034211718.7500001,-50.93117
1034211875.0000001,-50.92996
1034212031.2500001,-50.95019
1034212187.5000001,-50.93797
1034212343.7500001,-50.91497
1034212500.0000001,-50.92552
1034212656.2500001,-50.90774
1034212812.5000001,-50.99957
1034212968.7500001,-50.91846
1034213125.0000001,-50.95958
1034213281.2500001,-50.93432
1034213437.5000001,-50.91886
1034213593.7500001,-50.92569
1034213750.0000001,-50.99273
1034213906.2500001,-50.9492
1034214062.5000001,-50.96338
1034214218.7500001,-50.89374
1034214375.0000001,-50.96143
1034214531.2500001,-50.93365
1034214687.5000001,-50.97477
1034214843.7500001,-50.9105
1034215000.0000001,-50.92978
1034215156.2500001,-50.95979
1034215312.5000001,-50.93002
1034215468.7500001,-50.89925
1034215625.0000001,-50.91625
1034215781.2500001,-50.91786
1034215937.5000001,-50.93815
1034216093.7500001,-50.91692
1034216250.0000001,-50.96251
1034216406.2500001,-50.9421
1034216562.5000001,-50.84446
1034216718.7500001,-50.96828
1034216875.0000001,-50.9256
1034217031.2500001,-50.92391
1034217187.5000001,-50.95335
1034217343.7500001,-50.88877
1034217500.0000001,-50.86396
1034217656.2500001,-50.94164
1034217812.5000001,-50.92508
1034217968.7500001,-50.91786
1034218125.0000001,-50.91727
1034218281.2500001,-50.89072
1034218437.5000001,-50.89768
1034218593.7500001,-50.86876
1034218750.0000001,-50.89328
1034218906.2500001,-50.96378
1034219062.5000001,-50.93314
1034219218.7500001,-50.95517
1034219375.0000001,-50.89099
1034219531.2500001,-50.93392
1034219687.5000001,-50.88321
1034219843.7500001,-50.86273
1034220000.0000001,-50.89087
1034220156.2500001,-50.89114
1034220312.5000001,-50.88277
1034220468.7500001,-50.94758
1034220625.0000001,-50.87775
1034220781.2500001,-50.87883
1034220937.5000001,-50.8662
1034221093.7500001,-50.87853
1034221250.0000001,-50.8689
1034221406.2500001,-50.90182
1034221562.5000001,-50.89686
1034221718.7500001,-50.85952
1034221875.0000001,-50.89025
1034222031.2500001,-50.87016
1034222187.5000001,-50.82264
1034222343.7500001,-50.80912
1034222500.0000001,-50.8876
1034222656.2500001,-50.87498
1034222812.5000001,-50.88087
1034222968.7500001,-50.81261
1034223125.0000001,-50.84812
1034223281.2500001,-50.83981
1034223437.5000001,-50.91576
1034223593.7500001,-50.92324
1034223750.0000001,-50.90453
1034223906.2500001,-50.81752
1034224062.5000001,-50.90453
1034224218.7500001,-50.88067
1034224375.0000001,-50.92859
1034224531.2500001,-50.87951
1034224687.5000001,-50.94067
1034224843.7500001,-50.91373
1034225000.0000001,-50.8517
1034225156.2500001,-50.86614
1034225312.5000001,-50.87734
1034225468.7500001,-50.84151
1034225625.0000001,-50.81119
1034225781.2500001,-50.89774
1034225937.5000001,-50.85789
1034226093.7500001,-50.90492
1034226250.0000001,-50.89383
1034226406.2500001,-50.89045
1034226562.5000001,-50.87736
1034226718.7500001,-50.84046
1034226875.0000001,-50.88629
1034227031.2500001,-50.88085
1034227187.5000001,-50.84813
1034227343.7500001,-50.86697
1034227500.0000001,-50.83913
1034227656.2500001,-50.85218
1034227812.5000001,-50.82138
1034227968.7500001,-50.88099
1034228125.0000001,-50.85358
1034228281.2500001,-50.82524
1034228437.5000001,-50.84972
1034228593.7500001,-50.8955
1034228750.0000001,-50.90324
1034228906.2500001,-50.80216
1034229062.5000001,-50.80255
1034229218.7500001,-50.81118
1034229375.0000001,-50.8737
1034229531.2500001,-50.81527
1034229687.5000001,-50.80316
1034229843.7500001,-50.88055
1034230000.0000001,-50.82096
1034230156.2500001,-50.85732
1034230312.5000001,-50.82067
1034230468.7500001,-50.88728
1034230625.0000001,-50.83364
1034230781.2500001,-50.81414
1034230937.5000001,-50.84457
1034231093.7500001,-50.86186
1034231250.0000001,-50.88627
1034231406.2500001,-50.82523
1034231562.5000001,-50.89017
1034231718.7500001,-50.8527
1034231875.0000001,-50.77394
1034232031.2500001,-50.84518
1034232187.5000001,-50.79986
1034232343.7500001,-50.84752
1034232500.0000001,-50.78348
1034232656.2500001,-50.8461
1034232812.5000001,-50.86029
1034232968.7500001,-50.76567
1034233125.0000001,-50.75692
1034233281.2500001,-50.8096
1034233437.5000001,-50.80577
1034233593.7500001,-50.75876
1034233750.0000001,-50.74879
1034233906.2500001,-50.82579
1034234062.5000001,-50.83751
1034234218.7500001,-50.90223
1034234375.0000001,-50.78611
1034234531.2500001,-50.86781
1034234687.5000001,-50.84764
1034234843.7500001,-50.76912
1034235000.0000001,-50.81127
1034235156.2500001,-50.87581
1034235312.5000001,-50.84222
1034235468.7500001,-50.88126
1034235625.0000001,-50.84212
1034235781.2500001,-50.79547
1034235937.5000001,-50.83277
1034236093.7500001,-50.81022
1034236250.0000001,-50.86612
1034236406.2500001,-50.87371
1034236562.5000001,-50.8149
1034236718.7500001,-50.74915
1034236875.0000001,-50.82288
1034237031.2500001,-50.82869
1034237187.5000001,-50.78797
1034237343.7500001,-50.78159
1034237500.0000001,-50.77141
1034237656.2500001,-50.79118
1034237812.5000001,-50.78215
1034237968.7500001,-50.84967
1034238125.0000001,-50.84976
1034238281.2500001,-50.77633
1034238437.5000001,-50.83358
1034238593.7500001,-50.78447
1034238750.0000001,-50.81204
1034238906.2500001,-50.85342
1034239062.5000001,-50.78695
1034239218.7500001,-50.77407
1034239375.0000001,-50.78399
1034239531.2500001,-50.78413
1034239687.5000001,-50.81871
1034239843.7500001,-50.83801
1034240000.0000001,-50.77882
1034240156.2500001,-50.80421
1034240312.5000001,-50.77953
1034240468.7500001,-50.83052
1034240625.0000001,-50.89515
1034240781.2500001,-50.81826
1034240937.5000001,-50.7905
1034241093.7500001,-50.82367
1034241250.0000001,-50.73771
1034241406.2500001,-50.77767
1034241562.5000001,-50.82259
1034241718.7500001,-50.80836
1034241875.0000001,-50.82909
1034242031.2500001,-50.77696
1034242187.5000001,-50.77208
1034242343.7500001,-50.76096
1034242500.0000001,-50.75716
1034242656.2500001,-50.83923
1034242812.5000001,-50.77191
1034242968.7500001,-50.77268
1034243125.0000001,-50.76931
1034243281.2500001,-50.7409
1034243437.5000001,-50.82225
1034243593.7500001,-50.78382
1034243750.0000001,-50.79283
1034243906.2500001,-50.76966
1034244062.5000001,-50.79039
1034244218.7500001,-50.81328
1034244375.0000001,-50.7767
1034244531.2500001,-50.72985
1034244687.5000001,-50.7289
1034244843.7500001,-50.75992
1034245000.0000001,-50.77104
1034245156.2500001,-50.82252
1034245312.5000001,-50.78816
1034245468.7500001,-50.69626
1034245625.0000001,-50.78615
1034245781.2500001,-50.77162
1034245937.5000001,-50.72279
1034246093.7500001,-50.70576
1034246250.0000001,-50.73523
1034246406.2500001,-50.80724
1034246562.5000001,-50.72535
1034246718.7500001,-50.78935
1034246875.0000001,-50.73224
1034247031.2500001,-50.81305
1034247187.5000001,-50.72236
1034247343.7500001,-50.78458
1034247500.0000001,-50.76323
1034247656.2500001,-50.76767
1034247812.5000001,-50.78462
1034247968.7500001,-50.80186
1034248125.0000001,-50.7828
1034248281.2500001,-50.74197
1034248437.5000001,-50.71711
1034248593.7500001,-50.75667
1034248750.0000001,-50.75167
1034248906.2500001,-50.8223
1034249062.5000001,-50.74319
1034249218.7500001,-50.69445
1034249375.0000001,-50.76655
1034249531.2500001,-50.74199
1034249687.5000001,-50.7411
1034249843.7500001,-50.74183
1034250000.0000001,-50.72636
1034250156.2500001,-50.75791
1034250312.5000001,-50.78421
1034250468.7500001,-50.77629
1034250625.0000001,-50.7249
1034250781.2500001,-50.73297
1034250937.5000001,-50.73086
1034251093.7500001,-50.73973
1034251250.0000001,-50.72884
1034251406.2500001,-50.73558
1034251562.5000001,-50.69867
1034251718.7500001,-50.7073
1034251875.0000001,-50.71809
1034252031.2500001,-50.74505
1034252187.5000001,-50.69191
1034252343.7500001,-50.82626
1034252500.0000001,-50.75963
1034252656.2500001,-50.73023
1034252812.5000001,-50.71614
1034252968.7500001,-50.72217
1034253125.0000001,-50.69542
1034253281.2500001,-50.78695
1034253437.5000001,-50.77102
1034253593.7500001,-50.68529
1034253750.0000001,-50.72047
1034253906.2500001,-50.7178
1034254062.5000001,-50.67244
1034254218.7500001,-50.69308
1034254375.0000001,-50.71055
1034254531.2500001,-50.72229
1034254687.5000001,-50.78196
1034254843.7500001,-50.73013
1034255000.0000001,-50.73021
1034255156.2500001,-50.73275
1034255312.5000001,-50.75301
1034255468.7500001,-50.66614
1034255625.0000001,-50.72628
1034255781.2500001,-50.7216
1034255937.5000001,-50.72267
1034256093.7500001,-50.70451
1034256250.0000001,-50.67789
1034256406.2500001,-50.7557
1034256562.5000001,-50.74585
1034256718.7500001,-50.73477
1034256875.0000001,-50.69287
1034257031.2500001,-50.74062
1034257187.5000001,-50.69645
1034257343.7500001,-50.74086
1034257500.0000001,-50.7382
1034257656.2500001,-50.69181
1034257812.5000001,-50.74208
1034257968.7500001,-50.63665
1034258125.0000001,-50.72806
1034258281.2500001,-50.72058
1034258437.5000001,-50.7216
1034258593.7500001,-50.73798
1034258750.0000001,-50.69177
1034258906.2500001,-50.71468
1034259062.5000001,-50.71724
1034259218.7500001,-50.71841
1034259375.0000001,-50.68361
1034259531.2500001,-50.68286
1034259687.5000001,-50.67953
1034259843.7500001,-50.56771
1034260000.0000001,-50.69936
1034260156.2500001,-50.68961
1034260312.5000001,-50.69525
1034260468.7500001,-50.71543
1034260625.0000001,-50.68511
1034260781.2500001,-50.72335
1034260937.5000001,-50.68352
1034261093.7500001,-50.72141
1034261250.0000001,-50.69376
1034261406.2500001,-50.74368
1034261562.5000001,-50.68789
1034261718.7500001,-50.70079
1034261875.0000001,-50.70018
1034262031.2500001,-50.66269
1034262187.5000001,-50.63662
1034262343.7500001,-50.70657
1034262500.0000001,-50.70652
1034262656.2500001,-50.68178
1034262812.5000001,-50.60782
1034262968.7500001,-50.74593
1034263125.0000001,-50.66833
1034263281.2500001,-50.71846
1034263437.5000001,-50.71664
1034263593.7500001,-50.69833
1034263750.0000001,-50.67965
1034263906.2500001,-50.72773
1034264062.5000001,-50.68197
1034264218.7500001,-50.67383
1034264375.0000001,-50.64626
1034264531.2500001,-50.6869
1034264687.5000001,-50.72483
1034264843.7500001,-50.67778
1034265000.0000001,-50.66737
1034265156.2500001,-50.67006
1034265312.5000001,-50.71674
1034265468.7500001,-50.74454
1034265625.0000001,-50.69783
1034265781.2500001,-50.67124
1034265937.5000001,-50.67845
1034266093.7500001,-50.66584
1034266250.0000001,-50.65609
1034266406.2500001,-50.66121
1034266562.5000001,-50.66711
1034266718.7500001,-50.62304
1034266875.0000001,-50.66833
1034267031.2500001,-50.64846
1034267187.5000001,-50.70518
1034267343.7500001,-50.6823
1034267500.0000001,-50.69932
1034267656.2500001,-50.6112
1034267812.5000001,-50.6034
1034267968.7500001,-50.62138
1034268125.0000001,-50.63893
1034268281.2500001,-50.6151
1034268437.5000001,-50.63813
1034268593.7500001,-50.70637
1034268750.0000001,-50.64189
1034268906.2500001,-50.63322
1034269062.5000001,-50.70499
1034269218.7500001,-50.61906
1034269375.0000001,-50.61398
1034269531.2500001,-50.67012
1034269687.5000001,-50.66494
1034269843.7500001,-50.67022
1034270000.0000001,-50.61301
1034270156.2500001,-50.68611
1034270312.5000001,-50.59623
1034270468.7500001,-50.60255
1034270625.0000001,-50.64474
1034270781.2500001,-50.62861
1034270937.5000001,-50.60321
1034271093.7500001,-50.66684
1034271250.0000001,-50.67339
1034271406.2500001,-50.65376
1034271562.5000001,-50.65203
1034271718.7500001,-50.63782
1034271875.0000001,-50.61445
1034272031.2500001,-50.65391
1034272187.5000001,-50.6654
1034272343.7500001,-50.61104
1034272500.0000001,-50.6264
1034272656.2500001,-50.62241
1034272812.5000001,-50.6539
1034272968.7500001,-50.6361
1034273125.0000001,-50.61998
1034273281.2500001,-50.60708
1034273437.5000001,-50.59991
1034273593.7500001,-50.65357
1034273750.0000001,-50.5544
1034273906.2500001,-50.66512
1034274062.5000001,-50.61481
1034274218.7500001,-50.65553
1034274375.0000001,-50.61016
1034274531.2500001,-50.6363
1034274687.5000001,-50.60505
1034274843.7500001,-50.65536
1034275000.0000001,-50.65047
1034275156.2500001,-50.64203
1034275312.5000001,-50.63768
1034275468.7500001,-50.63013
1034275625.0000001,-50.68244
1034275781.2500001,-50.59361
1034275937.5000001,-50.60367
1034276093.7500001,-50.58127
1034276250.0000001,-50.61198
1034276406.2500001,-50.6128
1034276562.5000001,-50.66406
1034276718.7500001,-50.57272
1034276875.0000001,-50.59998
1034277031.2500001,-50.59989
1034277187.5000001,-50.68395
1034277343.7500001,-50.54649
1034277500.0000001,-50.66384
1034277656.2500001,-50.63416
1034277812.5000001,-50.58988
1034277968.7500001,-50.59706
1034278125.0000001,-50.64036
1034278281.2500001,-50.55255
1034278437.5000001,-50.60279
1034278593.7500001,-50.58197
1034278750.0000001,-50.63057
1034278906.2500001,-50.61491
1034279062.5000001,-50.55079
1034279218.7500001,-50.59703
1034279375.0000001,-50.58427
1034279531.2500001,-50.60623
1034279687.5000001,-50.59897
1034279843.7500001,-50.54301
1034280000.0000001,-50.63543
1034280156.2500001,-50.61
1034280312.5000001,-50.59961
1034280468.7500001,-50.62974
1034280625.0000001,-50.5828
1034280781.2500001,-50.56498
1034280937.5000001,-50.60833
1034281093.7500001,-50.58793
1034281250.0000001,-50.62628
1034281406.2500001,-50.5703
1034281562.5000001,-50.53805
1034281718.7500001,-50.63979
1034281875.0000001,-50.57018
1034282031.2500001,-50.56409
1034282187.5000001,-50.57138
1034282343.7500001,-50.59045
1034282500.0000001,-50.58274
1034282656.2500001,-50.61628
1034282812.5000001,-50.63344
1034282968.7500001,-50.53853
1034283125.0000001,-50.52615
1034283281.2500001,-50.55415
1034283437.5000001,-50.61665
1034283593.7500001,-50.57207
1034283750.0000001,-50.61293
1034283906.2500001,-50.57606
1034284062.5000001,-50.58845
1034284218.7500001,-50.61832
1034284375.0000001,-50.57449
1034284531.2500001,-50.50282
1034284687.5000001,-50.60049
1034284843.7500001,-50.51562
1034285000.0000001,-50.62081
1034285156.2500001,-50.53185
1034285312.5000001,-50.55857
1034285468.7500001,-50.58222
1034285625.0000001,-50.55903
1034285781.2500001,-50.53773
1034285937.5000001,-50.54819
1034286093.7500001,-50.54443
1034286250.0000001,-50.54493
1034286406.2500001,-50.57385
1034286562.5000001,-50.56945
1034286718.7500001,-50.5377
1034286875.0000001,-50.51949
1034287031.2500001,-50.54931
1034287187.5000001,-50.55482
1034287343.7500001,-50.58648
1034287500.0000001,-50.58178
1034287656.2500001,-50.5336
1034287812.5000001,-50.55769
1034287968.7500001,-50.55816
1034288125.0000001,-50.54755
1034288281.2500001,-50.49099
1034288437.5000001,-50.52229
1034288593.7500001,-50.60397
1034288750.0000001,-50.54182
1034288906.2500001,-50.5252
1034289062.5000001,-50.49891
1034289218.7500001,-50.52589
1034289375.0000001,-50.47891
1034289531.2500001,-50.56947
1034289687.5000001,-50.61267
1034289843.7500001,-50.52275
1034290000.0000001,-50.52263
1034290156.2500001,-50.57243
1034290312.5000001,-50.51266
1034290468.7500001,-50.53971
1034290625.0000001,-50.57344
1034290781.2500001,-50.56603
1034290937.5000001,-50.49847
1034291093.7500001,-50.5325
1034291250.0000001,-50.55164
1034291406.2500001,-50.53788
1034291562.5000001,-50.53923
1034291718.7500001,-50.50167
1034291875.0000001,-50.47997
1034292031.2500001,-50.61569
1034292187.5000001,-50.5754
1034292343.7500001,-50.51697
1034292500.0000001,-50.50003
1034292656.2500001,-50.50103
1034292812.5000001,-50.50858
1034292968.7500001,-50.47423
1034293125.0000001,-50.48048
1034293281.2500001,-50.53012
1034293437.5000001,-50.49291
1034293593.7500001,-50.53616
1034293750.0000001,-50.54596
1034293906.2500001,-50.55824
1034294062.5000001,-50.51412
1034294218.7500001,-50.52392
1034294375.0000001,-50.49604
1034294531.2500001,-50.51198
1034294687.5000001,-50.52376
1034294843.7500001,-50.56491
1034295000.0000001,-50.53192
1034295156.2500001,-50.57326
1034295312.5000001,-50.54594
1034295468.7500001,-50.47783
1034295625.0000001,-50.52234
1034295781.2500001,-50.49953
1034295937.5000001,-50.55204
1034296093.7500001,-50.54931
1034296250.0000001,-50.50549
1034296406.2500001,-50.54169
1034296562.5000001,-50.58137
1034296718.7500001,-50.55605
1034296875.0000001,-50.50361
1034297031.2500001,-50.5097
1034297187.5000001,-50.52109
1034297343.7500001,-50.45854
1034297500.0000001,-50.54441
1034297656.2500001,-50.53366
1034297812.5000001,-50.47586
1034297968.7500001,-50.54838
1034298125.0000001,-50.52988
1034298281.2500001,-50.5114
1034298437.5000001,-50.55152
1034298593.7500001,-50.5069
1034298750.0000001,-50.47996
1034298906.2500001,-50.46361
1034299062.5000001,-50.50214
1034299218.7500001,-50.47239
1034299375.0000001,-50.48075
1034299531.2500001,-50.54452
1034299687.5000001,-50.45032
1034299843.7500001,-50.50563
1034300000.0000001,-50.47369
1034300156.2500001,-50.49064
1034300312.5000001,-50.47921
1034300468.7500001,-50.43635
1034300625.0000001,-50.52087
1034300781.2500001,-50.5047
1034300937.5000001,-50.502
1034301093.7500001,-50.46616
1034301250.0000001,-50.49348
1034301406.2500001,-50.45883
1034301562.5000001,-50.46103
1034301718.7500001,-50.49634
1034301875.0000001,-50.45658
1034302031.2500001,-50.48417
1034302187.5000001,-50.49349
1034302343.7500001,-50.45409
1034302500.0000001,-50.47308
1034302656.2500001,-50.49454
1034302812.5000001,-50.51233
1034302968.7500001,-50.46974
1034303125.0000001,-50.48827
1034303281.2500001,-50.42566
1034303437.5000001,-50.46424
1034303593.7500001,-50.45817
1034303750.0000001,-50.436
1034303906.2500001,-50.55608
1034304062.5000001,-50.51486
1034304218.7500001,-50.47561
1034304375.0000001,-50.40446
1034304531.2500001,-50.49078
1034304687.5000001,-50.44104
1034304843.7500001,-50.48751
1034305000.0000001,-50.46241
1034305156.2500001,-50.41628
1034305312.5000001,-50.47637
1034305468.7500001,-50.50307
1034305625.0000001,-50.45927
1034305781.2500001,-50.49026
1034305937.5000001,-50.45632
1034306093.7500001,-50.46476
1034306250.0000001,-50.51129
1034306406.2500001,-50.42168
1034306562.5000001,-50.48909
1034306718.7500001,-50.4532
1034306875.0000001,-50.49363
1034307031.2500001,-50.42817
1034307187.5000001,-50.47433
1034307343.7500001,-50.4097
1034307500.0000001,-50.47153
1034307656.2500001,-50.48683
1034307812.5000001,-50.50402
1034307968.7500001,-50.46685
1034308125.0000001,-50.48384
1034308281.2500001,-50.4385
1034308437.5000001,-50.5032
1034308593.7500001,-50.46281
1034308750.0000001,-50.50118
1034308906.2500001,-50.49629
1034309062.5000001,-50.38789
1034309218.7500001,-50.49082
1034309375.0000001,-50.42166
1034309531.2500001,-50.35482
1034309687.5000001,-50.39302
1034309843.7500001,-50.4791
1034310000.0000001,-50.38882
1034310156.2500001,-50.39014
1034310312.5000001,-50.39749
1034310468.7500001,-50.47338
1034310625.0000001,-50.41176
1034310781.2500001,-50.40225
1034310937.5000001,-50.43909
1034311093.7500001,-50.43834
1034311250.0000001,-50.46252
1034311406.2500001,-50.47774
1034311562.5000001,-50.48923
1034311718.7500001,-50.40459
1034311875.0000001,-50.45318
1034312031.2500001,-50.42831
1034312187.5000001,-50.44708
1034312343.7500001,-50.41269
1034312500.0000001,-50.47181
1034312656.2500001,-50.40883
1034312812.5000001,-50.46414
1034312968.7500001,-50.42298
1034313125.0000001,-50.3987
1034313281.2500001,-50.47009
1034313437.5000001,-50.42283
1034313593.7500001,-50.39268
1034313750.0000001,-50.39536
1034313906.2500001,-50.43832
1034314062.5000001,-50.37043
1034314218.7500001,-50.38992
1034314375.0000001,-50.42398
1034314531.2500001,-50.47976
1034314687.5000001,-50.41406
1034314843.7500001,-50.41682
1034315000.0000001,-50.42101
1034315156.2500001,-50.40484
1034315312.5000001,-50.40601
1034315468.7500001,-50.44472
1034315625.0000001,-50.44177
1034315781.2500001,-50.46508
1034315937.5000001,-50.39083
1034316093.7500001,-50.39915
1034316250.0000001,-50.34464
1034316406.2500001,-50.37261
1034316562.5000001,-50.40016
1034316718.7500001,-50.38612
1034316875.0000001,-50.37586
1034317031.2500001,-50.4553
1034317187.5000001,-50.37418
1034317343.7500001,-50.41308
1034317500.0000001,-50.3933
1034317656.2500001,-50.39344
1034317812.5000001,-50.42566
1034317968.7500001,-50.36153
1034318125.0000001,-50.40833
1034318281.2500001,-50.38613
1034318437.5000001,-50.35595
1034318593.7500001,-50.40057
1034318750.0000001,-50.39691
1034318906.2500001,-50.3199
1034319062.5000001,-50.42091
1034319218.7500001,-50.39912
1034319375.0000001,-50.45622
1034319531.2500001,-50.3384
1034319687.5000001,-50.37836
1034319843.7500001,-50.38321
1034320000.0000001,-50.38972
1034320156.2500001,-50.38664
1034320312.5000001,-50.4187
1034320468.7500001,-50.39593
1034320625.0000001,-50.38229
1034320781.2500001,-50.38667
1034320937.5000001,-50.39417
1034321093.7500001,-50.3721
1034321250.0000001,-50.38254
1034321406.2500001,-50.41143
1034321562.5000001,-50.3138
1034321718.7500001,-50.42181
1034321875.0000001,-50.3586
1034322031.2500001,-50.35132
1034322187.5000001,-50.3748
1034322343.7500001,-50.39184
1034322500.0000001,-50.37667
1034322656.2500001,-50.41211
1034322812.5000001,-50.385
1034322968.7500001,-50.38591
1034323125.0000001,-50.41186
1034323281.2500001,-50.36604
1034323437.5000001,-50.33176
1034323593.7500001,-50.37575
1034323750.0000001,-50.34358
1034323906.2500001,-50.38719
1034324062.5000001,-50.37893
1034324218.7500001,-50.39552
1034324375.0000001,-50.42376
1034324531.2500001,-50.40286
1034324687.5000001,-50.36456
1034324843.7500001,-50.36109
1034325000.0000001,-50.35863
1034325156.2500001,-50.3475
1034325312.5000001,-50.34896
1034325468.7500001,-50.3505
1034325625.0000001,-50.40005
1034325781.2500001,-50.36917
1034325937.5000001,-50.37223
1034326093.7500001,-50.32996
1034326250.0000001,-50.415
1034326406.2500001,-50.35823
1034326562.5000001,-50.35213
1034326718.7500001,-50.3703
1034326875.0000001,-50.37209
1034327031.2500001,-50.30523
1034327187.5000001,-50.33988
1034327343.7500001,-50.36522
1034327500.0000001,-50.422
1034327656.2500001,-50.33969
1034327812.5000001,-50.38477
1034327968.7500001,-50.38832
1034328125.0000001,-50.35236
1034328281.2500001,-50.31137
1034328437.5000001,-50.33704
1034328593.7500001,-50.36286
1034328750.0000001,-50.36029
1034328906.2500001,-50.36546
1034329062.5000001,-50.33942
1034329218.7500001,-50.35654
1034329375.0000001,-50.33451
1034329531.2500001,-50.29043
1034329687.5000001,-50.35611
1034329843.7500001,-50.34162
1034330000.0000001,-50.3814
1034330156.2500001,-50.35926
1034330312.5000001,-50.38677
1034330468.7500001,-50.35755
1034330625.0000001,-50.33237
1034330781.2500001,-50.35138
1034330937.5000001,-50.28685
1034331093.7500001,-50.31285
1034331250.0000001,-50.29992
1034331406.2500001,-50.39229
1034331562.5000001,-50.32811
1034331718.7500001,-50.30615
1034331875.0000001,-50.31684
1034332031.2500001,-50.26901
1034332187.5000001,-50.29746
1034332343.7500001,-50.35608
1034332500.0000001,-50.24802
1034332656.2500001,-50.36227
1034332812.5000001,-50.31221
1034332968.7500001,-50.34774
1034333125.0000001,-50.35106
1034333281.2500001,-50.34124
1034333437.5000001,-50.32219
1034333593.7500001,-50.30082
1034333750.0000001,-50.34557
1034333906.2500001,-50.37295
1034334062.5000001,-50.31439
1034334218.7500001,-50.27929
1034334375.0000001,-50.30661
1034334531.2500001,-50.27428
1034334687.5000001,-50.33676
1034334843.7500001,-50.32848
1034335000.0000001,-50.33258
1034335156.2500001,-50.31944
1034335312.5000001,-50.35808
1034335468.7500001,-50.29332
1034335625.0000001,-50.37183
1034335781.2500001,-50.27327
1034335937.5000001,-50.3255
1034336093.7500001,-50.31131
1034336250.0000001,-50.36235
1034336406.2500001,-50.28754
1034336562.5000001,-50.31486
1034336718.7500001,-50.36413
1034336875.0000001,-50.28146
1034337031.2500001,-50.30072
1034337187.5000001,-50.31727
1034337343.7500001,-50.26875
1034337500.0000001,-50.31683
1034337656.2500001,-50.24952
1034337812.5000001,-50.33586
1034337968.7500001,-50.3344
1034338125.0000001,-50.35375
1034338281.2500001,-50.33252
1034338437.5000001,-50.31182
1034338593.7500001,-50.27654
1034338750.0000001,-50.37412
1034338906.2500001,-50.24867
1034339062.5000001,-50.32766
1034339218.7500001,-50.30454
1034339375.0000001,-50.36465
1034339531.2500001,-50.2797
1034339687.5000001,-50.2818
1034339843.7500001,-50.26493
1034340000.0000001,-50.28754
1034340156.2500001,-50.32011
1034340312.5000001,-50.25504
1034340468.7500001,-50.30205
1034340625.0000001,-50.34764
1034340781.2500001,-50.28471
1034340937.5000001,-50.2949
1034341093.7500001,-50.25311
1034341250.0000001,-50.25264
1034341406.2500001,-50.25916
1034341562.5000001,-50.30738
1034341718.7500001,-50.25594
1034341875.0000001,-50.28431
1034342031.2500001,-50.25558
1034342187.5000001,-50.27036
1034342343.7500001,-50.26701
1034342500.0000001,-50.25058
1034342656.2500001,-50.22059
1034342812.5000001,-50.22166
1034342968.7500001,-50.26955
1034343125.0000001,-50.29129
1034343281.2500001,-50.26044
1034343437.5000001,-50.28582
1034343593.7500001,-50.27593
1034343750.0000001,-50.22308
1034343906.2500001,-50.24063
1034344062.5000001,-50.25062
1034344218.7500001,-50.28359
1034344375.0000001,-50.22412
1034344531.2500001,-50.24011
1034344687.5000001,-50.28953
1034344843.7500001,-50.28255
1034345000.0000001,-50.25173
1034345156.2500001,-50.25315
1034345312.5000001,-50.20896
1034345468.7500001,-50.31797
1034345625.0000001,-50.18305
1034345781.2500001,-50.23642
1034345937.5000001,-50.23296
1034346093.7500001,-50.19895
1034346250.0000001,-50.2933
1034346406.2500001,-50.20537
1034346562.5000001,-50.20071
1034346718.7500001,-50.20045
1034346875.0000001,-50.2356
1034347031.2500001,-50.22182
1034347187.5000001,-50.29223
1034347343.7500001,-50.25303
1034347500.0000001,-50.24547
1034347656.2500001,-50.20855
1034347812.5000001,-50.32428
1034347968.7500001,-50.22577
1034348125.0000001,-50.25332
1034348281.2500001,-50.26266
1034348437.5000001,-50.26385
1034348593.7500001,-50.32557
1034348750.0000001,-50.21264
1034348906.2500001,-50.2503
1034349062.5000001,-50.26022
1034349218.7500001,-50.22497
1034349375.0000001,-50.25633
1034349531.2500001,-50.24941
1034349687.5000001,-50.18009
1034349843.7500001,-50.21598
1034350000.0000001,-50.27328
1034350156.2500001,-50.25137
1034350312.5000001,-50.23311
1034350468.7500001,-50.2112
1034350625.0000001,-50.19782
1034350781.2500001,-50.17906
1034350937.5000001,-50.25074
1034351093.7500001,-50.2098
1034351250.0000001,-50.24472
1034351406.2500001,-50.21243
1034351562.5000001,-50.23252
1034351718.7500001,-50.23794
1034351875.0000001,-50.21905
1034352031.2500001,-50.28438
1034352187.5000001,-50.22861
1034352343.7500001,-50.22581
1034352500.0000001,-50.24681
1034352656.2500001,-50.20586
1034352812.5000001,-50.23894
1034352968.7500001,-50.27436
1034353125.0000001,-50.2003
1034353281.2500001,-50.23351
1034353437.5000001,-50.17458
1034353593.7500001,-50.21429
1034353750.0000001,-50.20986
1034353906.2500001,-50.24635
1034354062.5000001,-50.21736
1034354218.7500001,-50.15894
1034354375.0000001,-50.22338
1034354531.2500001,-50.24842
1034354687.5000001,-50.20128
1034354843.7500001,-50.26636
1034355000.0000001,-50.20213
1034355156.2500001,-50.19478
1034355312.5000001,-50.24742
1034355468.7500001,-50.16446
1034355625.0000001,-50.2339
1034355781.2500001,-50.27331
1034355937.5000001,-50.26641
1034356093.7500001,-50.17794
1034356250.0000001,-50.22368
1034356406.2500001,-50.22477
1034356562.5000001,-50.16673
1034356718.7500001,-50.19284
1034356875.0000001,-50.19942
1034357031.2500001,-50.1869
1034357187.5000001,-50.21001
1034357343.7500001,-50.20704
1034357500.0000001,-50.21172
1034357656.2500001,-50.16648
1034357812.5000001,-50.2182
1034357968.7500001,-50.17638
1034358125.0000001,-50.17282
1034358281.2500001,-50.12321
1034358437.5000001,-50.14696
1034358593.7500001,-50.21297
1034358750.0000001,-50.1764
1034358906.2500001,-50.17499
1034359062.5000001,-50.17702
1034359218.7500001,-50.21016
1034359375.0000001,-50.11381
1034359531.2500001,-50.19236
1034359687.5000001,-50.22291
1034359843.7500001,-50.17791
1034360000.0000001,-50.24275
1034360156.2500001,-50.307
1034360312.5000001,-50.12685
1034360468.7500001,-50.16339
1034360625.0000001,-50.13239
1034360781.2500001,-50.09959
1034360937.5000001,-50.16899
1034361093.7500001,-50.17433
1034361250.0000001,-50.14656
1034361406.2500001,-50.2053
1034361562.5000001,-50.11569
1034361718.7500001,-50.15204
1034361875.0000001,-50.16928
1034362031.2500001,-50.16602
1034362187.5000001,-50.17984
1034362343.7500001,-50.16369
1034362500.0000001,-50.1414
1034362656.2500001,-50.15389
1034362812.5000001,-50.15358
1034362968.7500001,-50.14692
1034363125.0000001,-50.19728
1034363281.2500001,-50.1674
1034363437.5000001,-50.13073
1034363593.7500001,-50.13185
1034363750.0000001,-50.20864
1034363906.2500001,-50.16412
1034364062.5000001,-50.09225
1034364218.7500001,-50.13786
1034364375.0000001,-50.1659
1034364531.2500001,-50.2277
1034364687.5000001,-50.15026
1034364843.7500001,-50.12968
1034365000.0000001,-50.17298
1034365156.2500001,-50.18653
1034365312.5000001,-50.1826
1034365468.7500001,-50.15119
1034365625.0000001,-50.13644
1034365781.2500001,-50.11946
1034365937.5000001,-50.12917
1034366093.7500001,-50.0891
1034366250.0000001,-50.09752
1034366406.2500001,-50.12153
1034366562.5000001,-50.1161
1034366718.7500001,-50.12188
1034366875.0000001,-50.13173
1034367031.2500001,-50.14795
1034367187.5000001,-50.13006
1034367343.7500001,-50.18512
1034367500.0000001,-50.12189
1034367656.2500001,-50.19464
1034367812.5000001,-50.13007
1034367968.7500001,-50.12505
1034368125.0000001,-50.09355
1034368281.2500001,-50.13089
1034368437.5000001,-50.17147
1034368593.7500001,-50.11893
1034368750.0000001,-50.11555
1034368906.2500001,-50.13679
1034369062.5000001,-50.13392
1034369218.7500001,-50.05925
1034369375.0000001,-50.10762
1034369531.2500001,-50.12391
1034369687.5000001,-50.12184
1034369843.7500001,-50.12344
1034370000.0000001,-50.10719
1034370156.2500001,-50.11947
1034370312.5000001,-50.10113
1034370468.7500001,-50.12199
1034370625.0000001,-50.14885
1034370781.2500001,-50.12916
1034370937.5000001,-50.12384
1034371093.7500001,-50.14933
1034371250.0000001,-50.20332
1034371406.2500001,-50.03555
1034371562.5000001,-50.10199
1034371718.7500001,-50.12546
1034371875.0000001,-50.11369
1034372031.2500001,-50.10773
1034372187.5000001,-50.0893
1034372343.7500001,-50.113
1034372500.0000001,-50.09
1034372656.2500001,-50.11456
1034372812.5000001,-50.09163
1034372968.7500001,-50.09672
1034373125.0000001,-50.11534
1034373281.2500001,-50.09561
1034373437.5000001,-50.14543
1034373593.7500001,-50.14986
1034373750.0000001,-50.07873
1034373906.2500001,-50.08459
1034374062.5000001,-50.06696
1034374218.7500001,-50.09129
1034374375.0000001,-50.10745
1034374531.2500001,-50.12907
1034374687.5000001,-50.09315
1034374843.7500001,-50.08867
1034375000.0000001,-50.13484
1034375156.2500001,-50.11142
1034375312.5000001,-50.10781
1034375468.7500001,-50.04227
1034375625.0000001,-50.15896
1034375781.2500001,-50.10868
1034375937.5000001,-50.0307
1034376093.7500001,-50.09442
1034376250.0000001,-50.11772
1034376406.2500001,-50.11279
1034376562.5000001,-50.16236
1034376718.7500001,-50.05361
1034376875.0000001,-50.10796
1034377031.2500001,-50.12055
1034377187.5000001,-50.14184
1034377343.7500001,-50.07614
1034377500.0000001,-50.09958
1034377656.2500001,-50.10098
1034377812.5000001,-50.09628
1034377968.7500001,-50.08264
1034378125.0000001,-50.04692
1034378281.2500001,-50.04071
1034378437.5000001,-50.07331
1034378593.7500001,-50.05485
1034378750.0000001,-50.07927
1034378906.2500001,-50.05678
1034379062.5000001,-50.0841
1034379218.7500001,-50.07517
1034379375.0000001,-50.06575
1034379531.2500001,-50.0944
1034379687.5000001,-50.0161
1034379843.7500001,-50.05404
1034380000.0000001,-50.07175
1034380156.2500001,-50.09857
1034380312.5000001,-50.03624
1034380468.7500001,-50.08499
1034380625.0000001,-50.05883
1034380781.2500001,-50.04749
1034380937.5000001,-50.07266
1034381093.7500001,-50.05924
1034381250.0000001,-50.08146
1034381406.2500001,-50.08961
1034381562.5000001,-50.09067
1034381718.7500001,-50.03811
1034381875.0000001,-50.0337
1034382031.2500001,-49.99048
1034382187.5000001,-50.03241
1034382343.7500001,-50.09149
1034382500.0000001,-50.03699
1034382656.2500001,-50.07466
1034382812.5000001,-50.04929
1034382968.7500001,-50.03743
1034383125.0000001,-50.09239
1034383281.2500001,-50.03619
1034383437.5000001,-50.04575
1034383593.7500001,-50.04252
1034383750.0000001,-50.10335
1034383906.2500001,-50.01399
1034384062.5000001,-50.06329
1034384218.7500001,-50.00896
1034384375.0000001,-50.08822
1034384531.2500001,-50.02464
1034384687.5000001,-49.99637
1034384843.7500001,-50.034
1034385000.0000001,-50.03986
1034385156.2500001,-50.06689
1034385312.5000001,-50.00351
1034385468.7500001,-50.07187
1034385625.0000001,-50.04032
1034385781.2500001,-50.05416
1034385937.5000001,-50.06517
1034386093.7500001,-50.03565
1034386250.0000001,-50.02433
1034386406.2500001,-49.97858
1034386562.5000001,-50.02238
1034386718.7500001,-49.99436
1034386875.0000001,-49.98418
1034387031.2500001,-50.02185
1034387187.5000001,-50.00617
1034387343.7500001,-50.07165
1034387500.0000001,-50.08378
1034387656.2500001,-49.99556
1034387812.5000001,-49.99233
1034387968.7500001,-50.00691
1034388125.0000001,-50.03949
1034388281.2500001,-50.04276
1034388437.5000001,-50.04517
1034388593.7500001,-50.0115
1034388750.0000001,-49.95758
1034388906.2500001,-49.96871
1034389062.5000001,-50.05156
1034389218.7500001,-49.99482
1034389375.0000001,-50.08034
1034389531.2500001,-50.04379
1034389687.5000001,-50.02315
1034389843.7500001,-50.01844
1034390000.0000001,-50.00065
1034390156.2500001,-50.04858
1034390312.5000001,-49.97543
1034390468.7500001,-50.00147
1034390625.0000001,-50.01511
1034390781.2500001,-49.97474
1034390937.5000001,-50.00714
1034391093.7500001,-50.04594
1034391250.0000001,-49.99475
1034391406.2500001,-50.0473
1034391562.5000001,-50.08093
1034391718.7500001,-50.06898
1034391875.0000001,-50.04781
1034392031.2500001,-50.00887
1034392187.5000001,-49.93474
1034392343.7500001,-50.04179
1034392500.0000001,-49.93538
1034392656.2500001,-49.96871
1034392812.5000001,-49.99152
1034392968.7500001,-49.96943
1034393125.0000001,-49.97382
1034393281.2500001,-50.03254
1034393437.5000001,-49.98989
1034393593.7500001,-50.02589
1034393750.0000001,-49.9632
1034393906.2500001,-50.03154
1034394062.5000001,-49.98373
1034394218.7500001,-49.95792
1034394375.0000001,-49.99669
1034394531.2500001,-50.01272
1034394687.5000001,-49.95701
1034394843.7500001,-50.00596
1034395000.0000001,-49.98613
1034395156.2500001,-50.00014
1034395312.5000001,-49.96902
1034395468.7500001,-50.02554
1034395625.0000001,-49.90985
1034395781.2500001,-50.00294
1034395937.5000001,-49.98326
1034396093.7500001,-49.95765
1034396250.0000001,-49.9833
1034396406.2500001,-49.98062
1034396562.5000001,-50.02232
1034396718.7500001,-49.95831
1034396875.0000001,-49.96595
1034397031.2500001,-49.94751
1034397187.5000001,-49.98568
1034397343.7500001,-50.00254
1034397500.0000001,-49.95156
1034397656.2500001,-49.98248
1034397812.5000001,-49.98623
1034397968.7500001,-49.93554
1034398125.0000001,-49.97199
1034398281.2500001,-49.92146
1034398437.5000001,-49.95047
1034398593.7500001,-49.96024
1034398750.0000001,-49.96458
1034398906.2500001,-49.95327
1034399062.5000001,-50.00367
1034399218.7500001,-49.93264
1034399375.0000001,-49.97289
1034399531.2500001,-49.88242
1034399687.5000001,-49.98846
1034399843.7500001,-50.01472
1034400000.0000001,-49.98594
1034400156.2500001,-49.96307
1034400312.5000001,-49.95562
1034400468.7500001,-49.9584
1034400625.0000001,-49.94126
1034400781.2500001,-49.98212
1034400937.5000001,-49.94906
1034401093.7500001,-49.92659
1034401250.0000001,-49.91436
1034401406.2500001,-49.99276
1034401562.5000001,-49.97959
1034401718.7500001,-49.91731
1034401875.0000001,-49.91254
1034402031.2500001,-49.96705
1034402187.5000001,-49.89313
1034402343.7500001,-49.93298
1034402500.0000001,-49.95469
1034402656.2500001,-49.96565
1034402812.5000001,-49.93118
1034402968.7500001,-49.95344
1034403125.0000001,-49.98804
1034403281.2500001,-49.9306
1034403437.5000001,-49.96622
1034403593.7500001,-49.94543
1034403750.0000001,-49.93641
1034403906.2500001,-49.90378
1034404062.5000001,-49.90795
1034404218.7500001,-49.94558
1034404375.0000001,-49.96737
1034404531.2500001,-49.91844
1034404687.5000001,-49.99688
1034404843.7500001,-49.94813
1034405000.0000001,-49.92228
1034405156.2500001,-49.93365
1034405312.5000001,-49.92961
1034405468.7500001,-49.95622
1034405625.0000001,-49.93581
1034405781.2500001,-49.90481
1034405937.5000001,-49.92996
1034406093.7500001,-49.90218
1034406250.0000001,-49.91871
1034406406.2500001,-49.99257
1034406562.5000001,-50.00304
1034406718.7500001,-49.91953
1034406875.0000001,-49.95509
1034407031.2500001,-49.90902
1034407187.5000001,-49.92228
1034407343.7500001,-49.95987
1034407500.0000001,-49.9453
1034407656.2500001,-49.85281
1034407812.5000001,-49.94597
1034407968.7500001,-49.92719
1034408125.0000001,-49.91813
1034408281.2500001,-49.89815
1034408437.5000001,-49.88767
1034408593.7500001,-49.85517
1034408750.0000001,-49.87938
1034408906.2500001,-49.95202
1034409062.5000001,-49.93641
1034409218.7500001,-49.90797
1034409375.0000001,-49.94688
1034409531.2500001,-49.8517
1034409687.5000001,-49.87783
1034409843.7500001,-49.91542
1034410000.0000001,-49.88111
1034410156.2500001,-49.88784
1034410312.5000001,-49.87295
1034410468.7500001,-49.92279
1034410625.0000001,-49.85015
1034410781.2500001,-49.83181
1034410937.5000001,-49.87441
1034411093.7500001,-49.93527
1034411250.0000001,-49.86431
1034411406.2500001,-49.87407
1034411562.5000001,-49.87138
1034411718.7500001,-49.87387
1034411875.0000001,-49.93069
1034412031.2500001,-49.87791
1034412187.5000001,-49.87896
1034412343.7500001,-49.91074
1034412500.0000001,-49.94196
1034412656.2500001,-49.8414
1034412812.5000001,-49.88062
1034412968.7500001,-49.91619
1034413125.0000001,-49.92404
1034413281.2500001,-49.88086
1034413437.5000001,-49.84088
1034413593.7500001,-49.96089
1034413750.0000001,-49.87744
1034413906.2500001,-49.86743
1034414062.5000001,-49.8854
1034414218.7500001,-49.89018
1034414375.0000001,-49.91101
1034414531.2500001,-49.90019
1034414687.5000001,-49.96096
1034414843.7500001,-49.84329
1034415000.0000001,-49.87886
1034415156.2500001,-49.8082
1034415312.5000001,-49.84541
1034415468.7500001,-49.89144
1034415625.0000001,-49.89481
1034415781.2500001,-49.8455
1034415937.5000001,-49.85027
1034416093.7500001,-49.90742
1034416250.0000001,-49.88699
1034416406.2500001,-49.8631
1034416562.5000001,-49.89574
1034416718.7500001,-49.83704
1034416875.0000001,-49.92544
1034417031.2500001,-49.84036
1034417187.5000001,-49.86032
1034417343.7500001,-49.88891
1034417500.0000001,-49.87941
1034417656.2500001,-49.85431
1034417812.5000001,-49.89611
1034417968.7500001,-49.84249
1034418125.0000001,-49.86913
1034418281.2500001,-49.87301
1034418437.5000001,-49.82989
1034418593.7500001,-49.87317
1034418750.0000001,-49.79834
1034418906.2500001,-49.85249
1034419062.5000001,-49.84342
1034419218.7500001,-49.89278
1034419375.0000001,-49.8872
1034419531.2500001,-49.87704
1034419687.5000001,-49.82431
1034419843.7500001,-49.80836
1034420000.0000001,-49.78662
1034420156.2500001,-49.81559
1034420312.5000001,-49.88104
1034420468.7500001,-49.80542
1034420625.0000001,-49.84048
1034420781.2500001,-49.77876
1034420937.5000001,-49.83406
1034421093.7500001,-49.87592
1034421250.0000001,-49.84473
1034421406.2500001,-49.88329
1034421562.5000001,-49.834
1034421718.7500001,-49.83965
1034421875.0000001,-49.89909
1034422031.2500001,-49.83746
1034422187.5000001,-49.85324
1034422343.7500001,-49.8539
1034422500.0000001,-49.86012
1034422656.2500001,-49.77222
1034422812.5000001,-49.82482
1034422968.7500001,-49.84253
1034423125.0000001,-49.84844
1034423281.2500001,-49.85375
1034423437.5000001,-49.85115
1034423593.7500001,-49.89547
1034423750.0000001,-49.86958
1034423906.2500001,-49.82261
1034424062.5000001,-49.84056
1034424218.7500001,-49.83278
1034424375.0000001,-49.85689
1034424531.2500001,-49.86715
1034424687.5000001,-49.81603
1034424843.7500001,-49.82929
1034425000.0000001,-49.78842
1034425156.2500001,-49.83598
1034425312.5000001,-49.83565
1034425468.7500001,-49.78754
1034425625.0000001,-49.82257
1034425781.2500001,-49.83912
1034425937.5000001,-49.81227
1034426093.7500001,-49.84459
1034426250.0000001,-49.84276
1034426406.2500001,-49.81811
1034426562.5000001,-49.80743
1034426718.7500001,-49.82058
1034426875.0000001,-49.84826
1034427031.2500001,-49.79526
1034427187.5000001,-49.76082
1034427343.7500001,-49.83738
1034427500.0000001,-49.77931
1034427656.2500001,-49.84687
1034427812.5000001,-49.78392
1034427968.7500001,-49.82208
1034428125.0000001,-49.76965
1034428281.2500001,-49.81574
1034428437.5000001,-49.84331
1034428593.7500001,-49.77096
1034428750.0000001,-49.81584
1034428906.2500001,-49.86478
1034429062.5000001,-49.77512
1034429218.7500001,-49.81575
1034429375.0000001,-49.8207
1034429531.2500001,-49.80633
1034429687.5000001,-49.83735
1034429843.7500001,-49.81045
1034430000.0000001,-49.83237
1034430156.2500001,-49.81969
1034430312.5000001,-49.74673
1034430468.7500001,-49.79439
1034430625.0000001,-49.79699
1034430781.2500001,-49.78668
1034430937.5000001,-49.77636
1034431093.7500001,-49.80407
1034431250.0000001,-49.77544
1034431406.2500001,-49.82737
1034431562.5000001,-49.75362
1034431718.7500001,-49.80281
1034431875.0000001,-49.80466
1034432031.2500001,-49.73768
1034432187.5000001,-49.78723
1034432343.7500001,-49.79866
1034432500.0000001,-49.73067
1034432656.2500001,-49.77462
1034432812.5000001,-49.75643
1034432968.7500001,-49.76279
1034433125.0000001,-49.74078
1034433281.2500001,-49.78374
1034433437.5000001,-49.80599
1034433593.7500001,-49.78899
1034433750.0000001,-49.74292
1034433906.2500001,-49.81041
1034434062.5000001,-49.78537
1034434218.7500001,-49.7631
1034434375.0000001,-49.77435
1034434531.2500001,-49.83244
1034434687.5000001,-49.80143
1034434843.7500001,-49.76456
1034435000.0000001,-49.83231
1034435156.2500001,-49.79872
1034435312.5000001,-49.81916
1034435468.7500001,-49.76007
1034435625.0000001,-49.75829
1034435781.2500001,-49.75452
1034435937.5000001,-49.76704
1034436093.7500001,-49.74599
1034436250.0000001,-49.79319
1034436406.2500001,-49.77739
1034436562.5000001,-49.77159
1034436718.7500001,-49.76947
1034436875.0000001,-49.79906
1034437031.2500001,-49.75792
1034437187.5000001,-49.74668
1034437343.7500001,-49.69053
1034437500.0000001,-49.77353
1034437656.2500001,-49.7773
1034437812.5000001,-49.76508
1034437968.7500001,-49.73505
1034438125.0000001,-49.72044
1034438281.2500001,-49.71054
1034438437.5000001,-49.78034
1034438593.7500001,-49.70765
1034438750.0000001,-49.71343
1034438906.2500001,-49.75253
1034439062.5000001,-49.75827
1034439218.7500001,-49.77183
1034439375.0000001,-49.73344
1034439531.2500001,-49.75057
1034439687.5000001,-49.79436
1034439843.7500001,-49.7281
1034440000.0000001,-49.7634
1034440156.2500001,-49.67461
1034440312.5000001,-49.75076
1034440468.7500001,-49.74835
1034440625.0000001,-49.74439
1034440781.2500001,-49.69323
1034440937.5000001,-49.73206
1034441093.7500001,-49.77125
1034441250.0000001,-49.71093
1034441406.2500001,-49.75064
1034441562.5000001,-49.6947
1034441718.7500001,-49.70242
1034441875.0000001,-49.72449
1034442031.2500001,-49.73172
1034442187.5000001,-49.72787
1034442343.7500001,-49.73186
1034442500.0000001,-49.76631
1034442656.2500001,-49.68259
1034442812.5000001,-49.72587
1034442968.7500001,-49.75536
1034443125.0000001,-49.73199
1034443281.2500001,-49.74732
1034443437.5000001,-49.7457
1034443593.7500001,-49.69674
1034443750.0000001,-49.73212
1034443906.2500001,-49.74503
1034444062.5000001,-49.74321
1034444218.7500001,-49.66253
1034444375.0000001,-49.7152
1034444531.2500001,-49.72865
1034444687.5000001,-49.76538
1034444843.7500001,-49.71735
1034445000.0000001,-49.73539
1034445156.2500001,-49.68932
1034445312.5000001,-49.74025
1034445468.7500001,-49.70714
1034445625.0000001,-49.71224
1034445781.2500001,-49.6968
1034445937.5000001,-49.69604
1034446093.7500001,-49.68542
1034446250.0000001,-49.75158
1034446406.2500001,-49.69799
1034446562.5000001,-49.72408
1034446718.7500001,-49.67862
1034446875.0000001,-49.7352
1034447031.2500001,-49.74233
1034447187.5000001,-49.65535
1034447343.7500001,-49.73328
1034447500.0000001,-49.6922
1034447656.2500001,-49.69299
1034447812.5000001,-49.71318
1034447968.7500001,-49.66943
1034448125.0000001,-49.67078
1034448281.2500001,-49.73671
1034448437.5000001,-49.66166
1034448593.7500001,-49.71814
1034448750.0000001,-49.71719
1034448906.2500001,-49.71165
1034449062.5000001,-49.74181
1034449218.7500001,-49.67037
1034449375.0000001,-49.69687
1034449531.2500001,-49.72929
1034449687.5000001,-49.68817
1034449843.7500001,-49.68178
1034450000.0000001,-49.72168
1034450156.2500001,-49.65754
1034450312.5000001,-49.702
1034450468.7500001,-49.66437
1034450625.0000001,-49.67791
1034450781.2500001,-49.67276
1034450937.5000001,-49.68881
1034451093.7500001,-49.59127
1034451250.0000001,-49.69499
1034451406.2500001,-49.66017
1034451562.5000001,-49.68512
1034451718.7500001,-49.65874
1034451875.0000001,-49.71554
1034452031.2500001,-49.70189
1034452187.5000001,-49.66348
1034452343.7500001,-49.69097
1034452500.0000001,-49.70009
1034452656.2500001,-49.69646
1034452812.5000001,-49.71181
1034452968.7500001,-49.627
1034453125.0000001,-49.64331
1034453281.2500001,-49.69654
1034453437.5000001,-49.66458
1034453593.7500001,-49.65012
1034453750.0000001,-49.71793
1034453906.2500001,-49.6938
1034454062.5000001,-49.65639
1034454218.7500001,-49.64754
1034454375.0000001,-49.64447
1034454531.2500001,-49.67458
1034454687.5000001,-49.63838
1034454843.7500001,-49.68977
1034455000.0000001,-49.60579
1034455156.2500001,-49.64617
1034455312.5000001,-49.70484
1034455468.7500001,-49.67295
1034455625.0000001,-49.61931
1034455781.2500001,-49.67455
1034455937.5000001,-49.62082
1034456093.7500001,-49.62475
1034456250.0000001,-49.67846
1034456406.2500001,-49.62011
1034456562.5000001,-49.6285
1034456718.7500001,-49.64872
1034456875.0000001,-49.63131
1034457031.2500001,-49.68103
1034457187.5000001,-49.66207
1034457343.7500001,-49.66447
1034457500.0000001,-49.67479
1034457656.2500001,-49.65079
1034457812.5000001,-49.59507
1034457968.7500001,-49.60704
1034458125.0000001,-49.67507
1034458281.2500001,-49.61357
1034458437.5000001,-49.65907
1034458593.7500001,-49.64046
1034458750.0000001,-49.66362
1034458906.2500001,-49.64323
1034459062.5000001,-49.59436
1034459218.7500001,-49.67482
1034459375.0000001,-49.6426
1034459531.2500001,-49.62848
1034459687.5000001,-49.59711
1034459843.7500001,-49.58217
1034460000.0000001,-49.62
1034460156.2500001,-49.63541
1034460312.5000001,-49.62775
1034460468.7500001,-49.62623
1034460625.0000001,-49.65854
1034460781.2500001,-49.61394
1034460937.5000001,-49.65566
1034461093.7500001,-49.64054
1034461250.0000001,-49.61537
1034461406.2500001,-49.59364
1034461562.5000001,-49.61002
1034461718.7500001,-49.60701
1034461875.0000001,-49.61301
1034462031.2500001,-49.62679
1034462187.5000001,-49.57196
1034462343.7500001,-49.62307
1034462500.0000001,-49.62999
1034462656.2500001,-49.59651
1034462812.5000001,-49.58535
1034462968.7500001,-49.66116
1034463125.0000001,-49.62236
1034463281.2500001,-49.60168
1034463437.5000001,-49.62511
1034463593.7500001,-49.60464
1034463750.0000001,-49.62692
1034463906.2500001,-49.57291
1034464062.5000001,-49.55991
1034464218.7500001,-49.60667
1034464375.0000001,-49.55598
1034464531.2500001,-49.60484
1034464687.5000001,-49.61399
1034464843.7500001,-49.59008
1034465000.0000001,-49.63829
1034465156.2500001,-49.61758
1034465312.5000001,-49.61683
1034465468.7500001,-49.64375
1034465625.0000001,-49.59711
1034465781.2500001,-49.55807
1034465937.5000001,-49.55674
1034466093.7500001,-49.58713
1034466250.0000001,-49.55931
1034466406.2500001,-49.62764
1034466562.5000001,-49.61122
1034466718.7500001,-49.65185
1034466875.0000001,-49.55479
1034467031.2500001,-49.58353
1034467187.5000001,-49.56336
1034467343.7500001,-49.59419
1034467500.0000001,-49.55695
1034467656.2500001,-49.60288
1034467812.5000001,-49.60866
1034467968.7500001,-49.60515
1034468125.0000001,-49.55558
1034468281.2500001,-49.60015
1034468437.5000001,-49.5549
1034468593.7500001,-49.53497
1034468750.0000001,-49.58064
1034468906.2500001,-49.62183
1034469062.5000001,-49.55994
1034469218.7500001,-49.55239
1034469375.0000001,-49.54622
1034469531.2500001,-49.60221
1034469687.5000001,-49.57135
1034469843.7500001,-49.54085
1034470000.0000001,-49.51178
1034470156.2500001,-49.50594
1034470312.5000001,-49.62257
1034470468.7500001,-49.61455
1034470625.0000001,-49.54395
1034470781.2500001,-49.59327
1034470937.5000001,-49.59156
1034471093.7500001,-49.54584
1034471250.0000001,-49.55172
1034471406.2500001,-49.55264
1034471562.5000001,-49.55656
1034471718.7500001,-49.58471
1034471875.0000001,-49.55442
1034472031.2500001,-49.57504
1034472187.5000001,-49.5481
1034472343.7500001,-49.54346
1034472500.0000001,-49.54606
1034472656.2500001,-49.49873
1034472812.5000001,-49.55664
1034472968.7500001,-49.52278
1034473125.0000001,-49.52362
1034473281.2500001,-49.54953
1034473437.5000001,-49.58775
1034473593.7500001,-49.56162
1034473750.0000001,-49.56664
1034473906.2500001,-49.58598
1034474062.5000001,-49.49872
1034474218.7500001,-49.57333
1034474375.0000001,-49.55126
1034474531.2500001,-49.55441
1034474687.5000001,-49.5602
1034474843.7500001,-49.5748
1034475000.0000001,-49.53551
1034475156.2500001,-49.54455
1034475312.5000001,-49.56345
1034475468.7500001,-49.49775
1034475625.0000001,-49.50026
1034475781.2500001,-49.53584
1034475937.5000001,-49.48877
1034476093.7500001,-49.51764
1034476250.0000001,-49.49645
1034476406.2500001,-49.53512
1034476562.5000001,-49.51268
1034476718.7500001,-49.54472
1034476875.0000001,-49.51008
1034477031.2500001,-49.48992
1034477187.5000001,-49.48185
1034477343.7500001,-49.55883
1034477500.0000001,-49.54063
1034477656.2500001,-49.55701
1034477812.5000001,-49.57251
1034477968.7500001,-49.51627
1034478125.0000001,-49.52475
1034478281.2500001,-49.49593
1034478437.5000001,-49.49567
1034478593.7500001,-49.54988
1034478750.0000001,-49.48811
1034478906.2500001,-49.50753
1034479062.5000001,-49.50088
1034479218.7500001,-49.55161
1034479375.0000001,-49.50387
1034479531.2500001,-49.52852
1034479687.5000001,-49.45135
1034479843.7500001,-49.5009
1034480000.0000001,-49.51207
1034480156.2500001,-49.46912
1034480312.5000001,-49.5667
1034480468.7500001,-49.53489
1034480625.0000001,-49.57303
1034480781.2500001,-49.49231
1034480937.5000001,-49.49814
1034481093.7500001,-49.51653
1034481250.0000001,-49.48274
1034481406.2500001,-49.4737
1034481562.5000001,-49.4824
1034481718.7500001,-49.51563
1034481875.0000001,-49.57014
1034482031.2500001,-49.54184
1034482187.5000001,-49.48677
1034482343.7500001,-49.50295
1034482500.0000001,-49.50671
1034482656.2500001,-49.51835
1034482812.5000001,-49.47659
1034482968.7500001,-49.57272
1034483125.0000001,-49.56186
1034483281.2500001,-49.43704
1034483437.5000001,-49.45401
1034483593.7500001,-49.48755
1034483750.0000001,-49.49622
1034483906.2500001,-49.46313
1034484062.5000001,-49.45465
1034484218.7500001,-49.47337
1034484375.0000001,-49.49051
1034484531.2500001,-49.51283
1034484687.5000001,-49.44719
1034484843.7500001,-49.48314
1034485000.0000001,-49.43271
1034485156.2500001,-49.50117
1034485312.5000001,-49.51549
1034485468.7500001,-49.53918
1034485625.0000001,-49.50697
1034485781.2500001,-49.48203
1034485937.5000001,-49.49137
1034486093.7500001,-49.42469
1034486250.0000001,-49.44027
1034486406.2500001,-49.43411
1034486562.5000001,-49.46658
1034486718.7500001,-49.44027
1034486875.0000001,-49.46077
1034487031.2500001,-49.46859
1034487187.5000001,-49.46153
1034487343.7500001,-49.49555
1034487500.0000001,-49.46481
1034487656.2500001,-49.48849
1034487812.5000001,-49.48264
1034487968.7500001,-49.46095
1034488125.0000001,-49.46584
1034488281.2500001,-49.50153
1034488437.5000001,-49.48807
1034488593.7500001,-49.49109
1034488750.0000001,-49.45089
1034488906.2500001,-49.47533
1034489062.5000001,-49.47998
1034489218.7500001,-49.42271
1034489375.0000001,-49.40327
1034489531.2500001,-49.45041
1034489687.5000001,-49.48084
1034489843.7500001,-49.50887
1034490000.0000001,-49.46422
1034490156.2500001,-49.43139
1034490312.5000001,-49.42387
1034490468.7500001,-49.52783
1034490625.0000001,-49.50013
1034490781.2500001,-49.45065
1034490937.5000001,-49.41939
1034491093.7500001,-49.51235
1034491250.0000001,-49.43261
1034491406.2500001,-49.42246
1034491562.5000001,-49.50869
1034491718.7500001,-49.53559
1034491875.0000001,-49.46906
1034492031.2500001,-49.46349
1034492187.5000001,-49.43181
1034492343.7500001,-49.45454
1034492500.0000001,-49.44656
1034492656.2500001,-49.41546
1034492812.5000001,-49.41609
1034492968.7500001,-49.48726
1034493125.0000001,-49.48827
1034493281.2500001,-49.42916
1034493437.5000001,-49.44059
1034493593.7500001,-49.39523
1034493750.0000001,-49.42173
1034493906.2500001,-49.44366
1034494062.5000001,-49.44669
1034494218.7500001,-49.48667
1034494375.0000001,-49.46965
1034494531.2500001,-49.39717
1034494687.5000001,-49.40979
1034494843.7500001,-49.41817
1034495000.0000001,-49.43626
1034495156.2500001,-49.44381
1034495312.5000001,-49.40974
1034495468.7500001,-49.40573
1034495625.0000001,-49.38854
1034495781.2500001,-49.39472
1034495937.5000001,-49.4449
1034496093.7500001,-49.40104
1034496250.0000001,-49.39772
1034496406.2500001,-49.44825
1034496562.5000001,-49.38947
1034496718.7500001,-49.46659
1034496875.0000001,-49.38344
1034497031.2500001,-49.39983
1034497187.5000001,-49.42455
1034497343.7500001,-49.39751
1034497500.0000001,-49.37352
1034497656.2500001,-49.4429
1034497812.5000001,-49.42438
1034497968.7500001,-49.38375
1034498125.0000001,-49.37944
1034498281.2500001,-49.3907
1034498437.5000001,-49.3891
1034498593.7500001,-49.41252
1034498750.0000001,-49.38563
1034498906.2500001,-49.35909
1034499062.5000001,-49.39741
1034499218.7500001,-49.40258
1034499375.0000001,-49.39842
1034499531.2500001,-49.3999
1034499687.5000001,-49.39533
1034499843.7500001,-49.41765
1034500000.0000001,-49.41959
1034500156.2500001,-49.39925
1034500312.5000001,-49.42478
1034500468.7500001,-49.37136
1034500625.0000001,-49.3581
1034500781.2500001,-49.43476
1034500937.5000001,-49.39596
1034501093.7500001,-49.38197
1034501250.0000001,-49.4031
1034501406.2500001,-49.38262
1034501562.5000001,-49.38087
1034501718.7500001,-49.36366
1034501875.0000001,-49.37638
1034502031.2500001,-49.3415
1034502187.5000001,-49.40648
1034502343.7500001,-49.40178
1034502500.0000001,-49.38889
1034502656.2500001,-49.4028
1034502812.5000001,-49.37271
1034502968.7500001,-49.39401
1034503125.0000001,-49.37803
1034503281.2500001,-49.43166
1034503437.5000001,-49.36388
1034503593.7500001,-49.35334
1034503750.0000001,-49.39199
1034503906.2500001,-49.37302
1034504062.5000001,-49.36567
1034504218.7500001,-49.38302
1034504375.0000001,-49.3575
1034504531.2500001,-49.30281
1034504687.5000001,-49.38969
1034504843.7500001,-49.39682
1034505000.0000001,-49.32581
1034505156.2500001,-49.40551
1034505312.5000001,-49.38486
1034505468.7500001,-49.39743
1034505625.0000001,-49.28034
1034505781.2500001,-49.35834
1034505937.5000001,-49.31371
1034506093.7500001,-49.36378
1034506250.0000001,-49.3885
1034506406.2500001,-49.35145
1034506562.5000001,-49.3737
1034506718.7500001,-49.36177
1034506875.0000001,-49.29499
1034507031.2500001,-49.39473
1034507187.5000001,-49.36399
1034507343.7500001,-49.38357
1034507500.0000001,-49.37447
1034507656.2500001,-49.35895
1034507812.5000001,-49.40707
1034507968.7500001,-49.39714
1034508125.0000001,-49.35149
1034508281.2500001,-49.38274
1034508437.5000001,-49.34099
1034508593.7500001,-49.35387
1034508750.0000001,-49.37566
1034508906.2500001,-49.34942
1034509062.5000001,-49.3629
1034509218.7500001,-49.41127
1034509375.0000001,-49.35464
1034509531.2500001,-49.34147
1034509687.5000001,-49.31779
1034509843.7500001,-49.3655
1034510000.0000001,-49.32218
1034510156.2500001,-49.31772
1034510312.5000001,-49.32002
1034510468.7500001,-49.34068
1034510625.0000001,-49.2985
1034510781.2500001,-49.33781
1034510937.5000001,-49.37492
1034511093.7500001,-49.36375
1034511250.0000001,-49.3216
1034511406.2500001,-49.40086
1034511562.5000001,-49.37115
1034511718.7500001,-49.37446
1034511875.0000001,-49.36226
1034512031.2500001,-49.34065
1034512187.5000001,-49.3287
1034512343.7500001,-49.29552
1034512500.0000001,-49.34583
1034512656.2500001,-49.36172
1034512812.5000001,-49.32599
1034512968.7500001,-49.34387
1034513125.0000001,-49.25754
1034513281.2500001,-49.2868
1034513437.5000001,-49.32449
1034513593.7500001,-49.30868
1034513750.0000001,-49.39563
1034513906.2500001,-49.27007
1034514062.5000001,-49.3461
1034514218.7500001,-49.29284
1034514375.0000001,-49.29282
1034514531.2500001,-49.29627
1034514687.5000001,-49.32978
1034514843.7500001,-49.28922
1034515000.0000001,-49.35109
1034515156.2500001,-49.27368
1034515312.5000001,-49.27711
1034515468.7500001,-49.27229
1034515625.0000001,-49.30954
1034515781.2500001,-49.26715
1034515937.5000001,-49.32227
1034516093.7500001,-49.3149
1034516250.0000001,-49.29916
1034516406.2500001,-49.34901
1034516562.5000001,-49.31483
1034516718.7500001,-49.30311
1034516875.0000001,-49.27512
1034517031.2500001,-49.33523
1034517187.5000001,-49.34939
1034517343.7500001,-49.35813
1034517500.0000001,-49.31343
1034517656.2500001,-49.25621
1034517812.5000001,-49.31638
1034517968.7500001,-49.2887
1034518125.0000001,-49.28672
1034518281.2500001,-49.31361
1034518437.5000001,-49.2837
1034518593.7500001,-49.27962
1034518750.0000001,-49.29237
1034518906.2500001,-49.3169
1034519062.5000001,-49.26814
1034519218.7500001,-49.27585
1034519375.0000001,-49.32053
1034519531.2500001,-49.29065
1034519687.5000001,-49.2431
1034519843.7500001,-49.27865
1034520000.0000001,-49.28519
1034520156.2500001,-49.28166
1034520312.5000001,-49.25993
1034520468.7500001,-49.27809
1034520625.0000001,-49.23887
1034520781.2500001,-49.26648
1034520937.5000001,-49.27461
1034521093.7500001,-49.26662
1034521250.0000001,-49.28599
1034521406.2500001,-49.29345
1034521562.5000001,-49.28166
1034521718.7500001,-49.32914
1034521875.0000001,-49.29523
1034522031.2500001,-49.2932
1034522187.5000001,-49.26785
1034522343.7500001,-49.26365
1034522500.0000001,-49.28689
1034522656.2500001,-49.22116
1034522812.5000001,-49.27654
1034522968.7500001,-49.30861
1034523125.0000001,-49.25136
1034523281.2500001,-49.27317
1034523437.5000001,-49.21049
1034523593.7500001,-49.26508
1034523750.0000001,-49.27185
1034523906.2500001,-49.23576
1034524062.5000001,-49.26311
1034524218.7500001,-49.25075
1034524375.0000001,-49.24223
1034524531.2500001,-49.28851
1034524687.5000001,-49.26133
1034524843.7500001,-49.26926
1034525000.0000001,-49.25751
1034525156.2500001,-49.2281
1034525312.5000001,-49.25177
1034525468.7500001,-49.29442
1034525625.0000001,-49.26109
1034525781.2500001,-49.29633
1034525937.5000001,-49.24836
1034526093.7500001,-49.27672
1034526250.0000001,-49.24313
1034526406.2500001,-49.23957
1034526562.5000001,-49.1991
1034526718.7500001,-49.23966
1034526875.0000001,-49.20222
1034527031.2500001,-49.24406
1034527187.5000001,-49.29146
1034527343.7500001,-49.24556
1034527500.0000001,-49.25749
1034527656.2500001,-49.27033
1034527812.5000001,-49.1984
1034527968.7500001,-49.21914
1034528125.0000001,-49.25167
1034528281.2500001,-49.20012
1034528437.5000001,-49.22979
1034528593.7500001,-49.1701
1034528750.0000001,-49.19478
1034528906.2500001,-49.19605
1034529062.5000001,-49.25665
1034529218.7500001,-49.2051
1034529375.0000001,-49.17523
1034529531.2500001,-49.24599
1034529687.5000001,-49.18647
1034529843.7500001,-49.21442
1034530000.0000001,-49.17724
1034530156.2500001,-49.26881
1034530312.5000001,-49.21713
1034530468.7500001,-49.19229
1034530625.0000001,-49.19239
1034530781.2500001,-49.25399
1034530937.5000001,-49.2184
1034531093.7500001,-49.2352
1034531250.0000001,-49.23833
1034531406.2500001,-49.22792
1034531562.5000001,-49.23722
1034531718.7500001,-49.21771
1034531875.0000001,-49.19321
1034532031.2500001,-49.18883
1034532187.5000001,-49.24154
1034532343.7500001,-49.21249
1034532500.0000001,-49.18035
1034532656.2500001,-49.16828
1034532812.5000001,-49.1269
1034532968.7500001,-49.2045
1034533125.0000001,-49.16152
1034533281.2500001,-49.22242
1034533437.5000001,-49.29012
1034533593.7500001,-49.20715
1034533750.0000001,-49.18811
1034533906.2500001,-49.22707
1034534062.5000001,-49.165
1034534218.7500001,-49.17917
1034534375.0000001,-49.24779
1034534531.2500001,-49.21428
1034534687.5000001,-49.17841
1034534843.7500001,-49.2114
1034535000.0000001,-49.24538
1034535156.2500001,-49.24364
1034535312.5000001,-49.19686
1034535468.7500001,-49.21279
1034535625.0000001,-49.20781
1034535781.2500001,-49.17816
1034535937.5000001,-49.19736
1034536093.7500001,-49.18441
1034536250.0000001,-49.19221
1034536406.2500001,-49.20613
1034536562.5000001,-49.17267
1034536718.7500001,-49.17849
1034536875.0000001,-49.22387
1034537031.2500001,-49.18707
1034537187.5000001,-49.17524
1034537343.7500001,-49.17371
1034537500.0000001,-49.13123
1034537656.2500001,-49.13372
1034537812.5000001,-49.14281
1034537968.7500001,-49.17932
1034538125.0000001,-49.21011
1034538281.2500001,-49.21252
1034538437.5000001,-49.15562
1034538593.7500001,-49.11729
1034538750.0000001,-49.18135
1034538906.2500001,-49.12671
1034539062.5000001,-49.22575
1034539218.7500001,-49.21726
1034539375.0000001,-49.22201
1034539531.2500001,-49.20768
1034539687.5000001,-49.15982
1034539843.7500001,-49.17059
1034540000.0000001,-49.17054
1034540156.2500001,-49.14559
1034540312.5000001,-49.15339
1034540468.7500001,-49.16866
1034540625.0000001,-49.08725
1034540781.2500001,-49.20536
1034540937.5000001,-49.15052
1034541093.7500001,-49.19208
1034541250.0000001,-49.14462
1034541406.2500001,-49.1282
1034541562.5000001,-49.16582
1034541718.7500001,-49.15036
1034541875.0000001,-49.17139
1034542031.2500001,-49.08966
1034542187.5000001,-49.11502
1034542343.7500001,-49.11674
1034542500.0000001,-49.12737
1034542656.2500001,-49.1677
1034542812.5000001,-49.15075
1034542968.7500001,-49.18927
1034543125.0000001,-49.18168
1034543281.2500001,-49.14672
1034543437.5000001,-49.12194
1034543593.7500001,-49.12788
1034543750.0000001,-49.13117
1034543906.2500001,-49.14113
1034544062.5000001,-49.11464
1034544218.7500001,-49.07144
1034544375.0000001,-49.15204
1034544531.2500001,-49.173
1034544687.5000001,-49.15832
1034544843.7500001,-49.10251
1034545000.0000001,-49.13177
1034545156.2500001,-49.10305
1034545312.5000001,-49.15075
1034545468.7500001,-49.13375
1034545625.0000001,-49.1729
1034545781.2500001,-49.15465
1034545937.5000001,-49.10228
1034546093.7500001,-49.10929
1034546250.0000001,-49.12564
1034546406.2500001,-49.08737
1034546562.5000001,-49.08381
1034546718.7500001,-49.123
1034546875.0000001,-49.14054
1034547031.2500001,-49.15879
1034547187.5000001,-49.13808
1034547343.7500001,-49.14826
1034547500.0000001,-49.09612
1034547656.2500001,-49.09936
1034547812.5000001,-49.07166
1034547968.7500001,-49.07888
1034548125.0000001,-49.08234
1034548281.2500001,-49.10021
1034548437.5000001,-49.12812
1034548593.7500001,-49.13543
1034548750.0000001,-49.09329
1034548906.2500001,-49.12428
1034549062.5000001,-49.11171
1034549218.7500001,-49.1618
1034549375.0000001,-49.11712
1034549531.2500001,-49.08867
1034549687.5000001,-49.13561
1034549843.7500001,-49.13489
1034550000.0000001,-49.08919
1034550156.2500001,-49.1372
1034550312.5000001,-49.1136
1034550468.7500001,-49.09852
1034550625.0000001,-49.09682
1034550781.2500001,-49.04073
1034550937.5000001,-49.04894
1034551093.7500001,-49.11714
1034551250.0000001,-49.12567
1034551406.2500001,-49.07733
1034551562.5000001,-49.11073
1034551718.7500001,-49.08789
1034551875.0000001,-49.04469
1034552031.2500001,-49.05789
1034552187.5000001,-49.09323
1034552343.7500001,-49.07598
1034552500.0000001,-49.03804
1034552656.2500001,-49.1209
1034552812.5000001,-49.09642
1034552968.7500001,-49.07109
1034553125.0000001,-49.06708
1034553281.2500001,-49.04892
1034553437.5000001,-49.09376
1034553593.7500001,-49.11044
1034553750.0000001,-49.08841
1034553906.2500001,-49.04911
1034554062.5000001,-49.08363
1034554218.7500001,-49.12862
1034554375.0000001,-49.07542
1034554531.2500001,-49.08633
1034554687.5000001,-49.06289
1034554843.7500001,-49.10125
1034555000.0000001,-49.04086
1034555156.2500001,-49.05364
1034555312.5000001,-49.06104
1034555468.7500001,-49.08177
1034555625.0000001,-49.12005
1034555781.2500001,-49.05948
1034555937.5000001,-49.10587
1034556093.7500001,-49.07464
1034556250.0000001,-49.06691
1034556406.2500001,-49.05512
1034556562.5000001,-49.0423
1034556718.7500001,-49.04068
1034556875.0000001,-49.03835
1034557031.2500001,-49.03096
1034557187.5000001,-49.05468
1034557343.7500001,-49.10529
1034557500.0000001,-49.05659
1034557656.2500001,-49.09916
1034557812.5000001,-49.09054
1034557968.7500001,-49.06514
1034558125.0000001,-49.08225
1034558281.2500001,-49.02805
1034558437.5000001,-49.03258
1034558593.7500001,-49.06158
1034558750.0000001,-49.02137
1034558906.2500001,-49.0705
1034559062.5000001,-49.03319
1034559218.7500001,-49.05753
1034559375.0000001,-49.07915
1034559531.2500001,-49.01912
1034559687.5000001,-49.06041
1034559843.7500001,-49.01036
1034560000.0000001,-49.07769
1034560156.2500001,-49.01877
1034560312.5000001,-49.01069
1034560468.7500001,-49.06337
1034560625.0000001,-49.05509
1034560781.2500001,-49.05438
1034560937.5000001,-49.05646
1034561093.7500001,-49.02304
1034561250.0000001,-49.07944
1034561406.2500001,-49.01081
1034561562.5000001,-49.03471
1034561718.7500001,-49.0126
1034561875.0000001,-49.0164
1034562031.2500001,-49.04504
1034562187.5000001,-49.04658
1034562343.7500001,-49.06677
1034562500.0000001,-49.03263
1034562656.2500001,-49.00548
1034562812.5000001,-49.03661
1034562968.7500001,-49.01092
1034563125.0000001,-49.07199
1034563281.2500001,-49.02176
1034563437.5000001,-49.01123
1034563593.7500001,-49.12127
1034563750.0000001,-49.04701
1034563906.2500001,-49.02381
1034564062.5000001,-49.0019
1034564218.7500001,-49.02626
1034564375.0000001,-48.99248
1034564531.2500001,-49.03025
1034564687.5000001,-49.0271
1034564843.7500001,-48.95953
1034565000.0000001,-48.98238
1034565156.2500001,-49.00237
1034565312.5000001,-48.99293
1034565468.7500001,-49.0083
1034565625.0000001,-48.91762
1034565781.2500001,-49.01345
1034565937.5000001,-49.0388
1034566093.7500001,-49.01287
1034566250.0000001,-49.01278
1034566406.2500001,-48.97363
1034566562.5000001,-49.04537
1034566718.7500001,-49.0592
1034566875.0000001,-49.01876
1034567031.2500001,-48.9921
1034567187.5000001,-48.97982
1034567343.7500001,-48.99303
1034567500.0000001,-49.01294
1034567656.2500001,-49.02508
1034567812.5000001,-48.94188
1034567968.7500001,-48.98518
1034568125.0000001,-48.96283
1034568281.2500001,-48.97023
1034568437.5000001,-48.99758
1034568593.7500001,-48.99983
1034568750.0000001,-49.02503
1034568906.2500001,-48.99539
1034569062.5000001,-48.96796
1034569218.7500001,-48.98405
1034569375.0000001,-48.9778
1034569531.2500001,-49.04279
1034569687.5000001,-48.95636
1034569843.7500001,-49.01522
1034570000.0000001,-49.03504
1034570156.2500001,-48.90942
1034570312.5000001,-49.0264
1034570468.7500001,-48.96104
1034570625.0000001,-48.98472
1034570781.2500001,-48.95969
1034570937.5000001,-48.97145
1034571093.7500001,-48.95442
1034571250.0000001,-48.96752
1034571406.2500001,-48.94798
1034571562.5000001,-48.97042
1034571718.7500001,-48.98178
1034571875.0000001,-48.96392
1034572031.2500001,-48.98976
1034572187.5000001,-48.9375
1034572343.7500001,-48.9784
1034572500.0000001,-48.88935
1034572656.2500001,-48.96921
1034572812.5000001,-49.01498
1034572968.7500001,-48.98155
1034573125.0000001,-48.98173
1034573281.2500001,-48.91899
1034573437.5000001,-48.96292
1034573593.7500001,-48.97391
1034573750.0000001,-48.95246
1034573906.2500001,-48.92639
1034574062.5000001,-48.92419
1034574218.7500001,-48.95999
1034574375.0000001,-48.97894
1034574531.2500001,-48.94202
1034574687.5000001,-48.9213
1034574843.7500001,-48.96932
1034575000.0000001,-49.01184
1034575156.2500001,-48.95409
1034575312.5000001,-48.93836
1034575468.7500001,-48.95538
1034575625.0000001,-48.96872
1034575781.2500001,-48.93326
1034575937.5000001,-49.00558
1034576093.7500001,-48.9755
1034576250.0000001,-48.94762
1034576406.2500001,-48.99398
1034576562.5000001,-48.95829
1034576718.7500001,-48.90742
1034576875.0000001,-48.94786
1034577031.2500001,-48.95787
1034577187.5000001,-48.96776
1034577343.7500001,-48.91106
1034577500.0000001,-48.90057
1034577656.2500001,-48.95263
1034577812.5000001,-48.97397
1034577968.7500001,-48.94103
1034578125.0000001,-48.8826
1034578281.2500001,-48.92973
1034578437.5000001,-48.92168
1034578593.7500001,-48.92253
1034578750.0000001,-48.9423
1034578906.2500001,-48.93175
1034579062.5000001,-48.96583
1034579218.7500001,-48.90877
1034579375.0000001,-48.90788
1034579531.2500001,-48.91099
1034579687.5000001,-48.90171
1034579843.7500001,-48.97048
1034580000.0000001,-48.90655
1034580156.2500001,-48.88844
1034580312.5000001,-48.92706
1034580468.7500001,-48.93738
1034580625.0000001,-48.94693
1034580781.2500001,-48.90444
1034580937.5000001,-48.9776
1034581093.7500001,-48.94431
1034581250.0000001,-48.90704
1034581406.2500001,-48.91553
1034581562.5000001,-48.90095
1034581718.7500001,-48.8987
1034581875.0000001,-48.92735
1034582031.2500001,-48.95639
1034582187.5000001,-48.9257
1034582343.7500001,-48.931
1034582500.0000001,-48.84424
1034582656.2500001,-48.91511
1034582812.5000001,-48.89054
1034582968.7500001,-48.90585
1034583125.0000001,-48.92369
1034583281.2500001,-48.88069
1034583437.5000001,-48.89222
1034583593.7500001,-48.90078
1034583750.0000001,-48.92016
1034583906.2500001,-48.8787
1034584062.5000001,-48.89225
1034584218.7500001,-48.9357
1034584375.0000001,-48.89059
1034584531.2500001,-48.84895
1034584687.5000001,-48.85782
1034584843.7500001,-48.91397
1034585000.0000001,-48.87215
1034585156.2500001,-48.90663
1034585312.5000001,-48.89989
1034585468.7500001,-48.8494
1034585625.0000001,-48.89217
1034585781.2500001,-48.8393
1034585937.5000001,-48.88187
1034586093.7500001,-48.87172
1034586250.0000001,-48.91475
1034586406.2500001,-48.82212
1034586562.5000001,-48.86858
1034586718.7500001,-48.82937
1034586875.0000001,-48.84357
1034587031.2500001,-48.90572
1034587187.5000001,-48.84881
1034587343.7500001,-48.85834
1034587500.0000001,-48.88748
1034587656.2500001,-48.8722
1034587812.5000001,-48.86819
1034587968.7500001,-48.82862
1034588125.0000001,-48.86734
1034588281.2500001,-48.88007
1034588437.5000001,-48.86523
1034588593.7500001,-48.85011
1034588750.0000001,-48.86515
1034588906.2500001,-48.86289
1034589062.5000001,-48.82067
1034589218.7500001,-48.86207
1034589375.0000001,-48.85169
1034589531.2500001,-48.8674
1034589687.5000001,-48.91862
1034589843.7500001,-48.87231
1034590000.0000001,-48.87653
1034590156.2500001,-48.85374
1034590312.5000001,-48.82589
1034590468.7500001,-48.88024
1034590625.0000001,-48.84454
1034590781.2500001,-48.87322
1034590937.5000001,-48.89794
1034591093.7500001,-48.84061
1034591250.0000001,-48.8337
1034591406.2500001,-48.89125
1034591562.5000001,-48.82565
1034591718.7500001,-48.83393
1034591875.0000001,-48.84132
1034592031.2500001,-48.86662
1034592187.5000001,-48.83986
1034592343.7500001,-48.83686
1034592500.0000001,-48.82998
1034592656.2500001,-48.86708
1034592812.5000001,-48.84298
1034592968.7500001,-48.84344
1034593125.0000001,-48.85492
1034593281.2500001,-48.92221
1034593437.5000001,-48.83278
1034593593.7500001,-48.83512
1034593750.0000001,-48.87695
1034593906.2500001,-48.8306
1034594062.5000001,-48.86485
1034594218.7500001,-48.81414
1034594375.0000001,-48.772
1034594531.2500001,-48.87123
1034594687.5000001,-48.87751
1034594843.7500001,-48.80812
1034595000.0000001,-48.83343
1034595156.2500001,-48.8443
1034595312.5000001,-48.83205
1034595468.7500001,-48.77943
1034595625.0000001,-48.83107
1034595781.2500001,-48.84109
1034595937.5000001,-48.83841
1034596093.7500001,-48.83386
1034596250.0000001,-48.83641
1034596406.2500001,-48.84708
1034596562.5000001,-48.83068
1034596718.7500001,-48.83624
1034596875.0000001,-48.85315
1034597031.2500001,-48.77642
1034597187.5000001,-48.83086
1034597343.7500001,-48.84891
1034597500.0000001,-48.78514
1034597656.2500001,-48.82291
1034597812.5000001,-48.82631
1034597968.7500001,-48.79058
1034598125.0000001,-48.8329
1034598281.2500001,-48.82577
1034598437.5000001,-48.79765
1034598593.7500001,-48.82454
1034598750.0000001,-48.7561
1034598906.2500001,-48.79297
1034599062.5000001,-48.81153
1034599218.7500001,-48.8122
1034599375.0000001,-48.78869
1034599531.2500001,-48.8033
1034599687.5000001,-48.79582
1034599843.7500001,-48.80214
1034600000.0000001,-48.81619
1034600156.2500001,-48.8242
1034600312.5000001,-48.8098
1034600468.7500001,-48.80401
1034600625.0000001,-48.78528
1034600781.2500001,-48.8149
1034600937.5000001,-48.83025
1034601093.7500001,-48.80415
1034601250.0000001,-48.76667
1034601406.2500001,-48.79702
1034601562.5000001,-48.82472
1034601718.7500001,-48.80407
1034601875.0000001,-48.76451
1034602031.2500001,-48.79517
1034602187.5000001,-48.77613
1034602343.7500001,-48.80795
1034602500.0000001,-48.81318
1034602656.2500001,-48.73626
1034602812.5000001,-48.77483
1034602968.7500001,-48.7979
1034603125.0000001,-48.76025
1034603281.2500001,-48.76688
1034603437.5000001,-48.74794
1034603593.7500001,-48.76882
1034603750.0000001,-48.7588
1034603906.2500001,-48.72338
1034604062.5000001,-48.72561
1034604218.7500001,-48.75657
1034604375.0000001,-48.78234
1034604531.2500001,-48.78884
1034604687.5000001,-48.7847
1034604843.7500001,-48.73523
1034605000.0000001,-48.78423
1034605156.2500001,-48.73545
1034605312.5000001,-48.80369
1034605468.7500001,-48.77891
1034605625.0000001,-48.76213
1034605781.2500001,-48.71904
1034605937.5000001,-48.76296
1034606093.7500001,-48.7585
1034606250.0000001,-48.72855
1034606406.2500001,-48.76679
1034606562.5000001,-48.74475
1034606718.7500001,-48.73433
1034606875.0000001,-48.73364
1034607031.2500001,-48.77903
1034607187.5000001,-48.70971
1034607343.7500001,-48.77665
1034607500.0000001,-48.72634
1034607656.2500001,-48.70441
1034607812.5000001,-48.71619
1034607968.7500001,-48.78468
1034608125.0000001,-48.74406
1034608281.2500001,-48.6931
1034608437.5000001,-48.75431
1034608593.7500001,-48.7489
1034608750.0000001,-48.77066
1034608906.2500001,-48.71588
1034609062.5000001,-48.72106
1034609218.7500001,-48.75101
1034609375.0000001,-48.70931
1034609531.2500001,-48.77214
1034609687.5000001,-48.71712
1034609843.7500001,-48.73272
1034610000.0000001,-48.71795
1034610156.2500001,-48.72447
1034610312.5000001,-48.70554
1034610468.7500001,-48.74908
1034610625.0000001,-48.71873
1034610781.2500001,-48.73949
1034610937.5000001,-48.70727
1034611093.7500001,-48.74861
1034611250.0000001,-48.71193
1034611406.2500001,-48.76159
1034611562.5000001,-48.71826
1034611718.7500001,-48.70921
1034611875.0000001,-48.72269
1034612031.2500001,-48.76106
1034612187.5000001,-48.69146
1034612343.7500001,-48.72753
1034612500.0000001,-48.70301
1034612656.2500001,-48.72526
1034612812.5000001,-48.72292
1034612968.7500001,-48.71548
1034613125.0000001,-48.72052
1034613281.2500001,-48.70618
1034613437.5000001,-48.70475
1034613593.7500001,-48.67725
1034613750.0000001,-48.67899
1034613906.2500001,-48.72065
1034614062.5000001,-48.69432
1034614218.7500001,-48.73166
1034614375.0000001,-48.72482
1034614531.2500001,-48.70399
1034614687.5000001,-48.70726
1034614843.7500001,-48.69345
1034615000.0000001,-48.71486
1034615156.2500001,-48.68578
1034615312.5000001,-48.70489
1034615468.7500001,-48.75318
1034615625.0000001,-48.71873
1034615781.2500001,-48.69516
1034615937.5000001,-48.68547
1034616093.7500001,-48.73619
1034616250.0000001,-48.67453
1034616406.2500001,-48.71215
1034616562.5000001,-48.66131
1034616718.7500001,-48.64891
1034616875.0000001,-48.64055
1034617031.2500001,-48.67282
1034617187.5000001,-48.73172
1034617343.7500001,-48.64318
1034617500.0000001,-48.73661
1034617656.2500001,-48.69918
1034617812.5000001,-48.73419
1034617968.7500001,-48.73646
1034618125.0000001,-48.65773
1034618281.2500001,-48.67568
1034618437.5000001,-48.70253
1034618593.7500001,-48.70232
1034618750.0000001,-48.66441
1034618906.2500001,-48.67816
1034619062.5000001,-48.68386
1034619218.7500001,-48.68014
1034619375.0000001,-48.66782
1034619531.2500001,-48.70969
1034619687.5000001,-48.67789
1034619843.7500001,-48.66108
1034620000.0000001,-48.65499
1034620156.2500001,-48.69305
1034620312.5000001,-48.69448
1034620468.7500001,-48.67841
1034620625.0000001,-48.68477
1034620781.2500001,-48.68133
1034620937.5000001,-48.64291
1034621093.7500001,-48.64812
1034621250.0000001,-48.67321
1034621406.2500001,-48.68951
1034621562.5000001,-48.6763
1034621718.7500001,-48.62988
1034621875.0000001,-48.63733
1034622031.2500001,-48.6642
1034622187.5000001,-48.66663
1034622343.7500001,-48.67367
1034622500.0000001,-48.62572
1034622656.2500001,-48.67024
1034622812.5000001,-48.63827
1034622968.7500001,-48.67512
1034623125.0000001,-48.67379
1034623281.2500001,-48.64468
1034623437.5000001,-48.64791
1034623593.7500001,-48.69343
1034623750.0000001,-48.6651
1034623906.2500001,-48.66993
1034624062.5000001,-48.63225
1034624218.7500001,-48.66242
1034624375.0000001,-48.64344
1034624531.2500001,-48.66251
1034624687.5000001,-48.57725
1034624843.7500001,-48.63388
1034625000.0000001,-48.69642
1034625156.2500001,-48.68203
1034625312.5000001,-48.66056
1034625468.7500001,-48.65635
1034625625.0000001,-48.63757
1034625781.2500001,-48.63837
1034625937.5000001,-48.61809
1034626093.7500001,-48.67134
1034626250.0000001,-48.71201
1034626406.2500001,-48.64449
1034626562.5000001,-48.58238
1034626718.7500001,-48.58166
1034626875.0000001,-48.66191
1034627031.2500001,-48.62729
1034627187.5000001,-48.61952
1034627343.7500001,-48.607
1034627500.0000001,-48.61248
1034627656.2500001,-48.57499
1034627812.5000001,-48.62836
1034627968.7500001,-48.64217
1034628125.0000001,-48.61308
1034628281.2500001,-48.64168
1034628437.5000001,-48.63477
1034628593.7500001,-48.60621
1034628750.0000001,-48.62291
1034628906.2500001,-48.59409
1034629062.5000001,-48.58904
1034629218.7500001,-48.60432
1034629375.0000001,-48.62482
1034629531.2500001,-48.69447
1034629687.5000001,-48.64435
1034629843.7500001,-48.58531
1034630000.0000001,-48.59621
1034630156.2500001,-48.61268
1034630312.5000001,-48.55495
1034630468.7500001,-48.63205
1034630625.0000001,-48.58398
1034630781.2500001,-48.61612
1034630937.5000001,-48.61009
1034631093.7500001,-48.57248
1034631250.0000001,-48.62212
1034631406.2500001,-48.61847
1034631562.5000001,-48.61462
1034631718.7500001,-48.5834
1034631875.0000001,-48.68958
1034632031.2500001,-48.58736
1034632187.5000001,-48.52141
1034632343.7500001,-48.58328
1034632500.0000001,-48.63926
1034632656.2500001,-48.62088
1034632812.5000001,-48.59286
1034632968.7500001,-48.6008
1034633125.0000001,-48.57687
1034633281.2500001,-48.56836
1034633437.5000001,-48.55947
1034633593.7500001,-48.54171
1034633750.0000001,-48.57855
1034633906.2500001,-48.58364
1034634062.5000001,-48.61226
1034634218.7500001,-48.56317
1034634375.0000001,-48.57637
1034634531.2500001,-48.57238
1034634687.5000001,-48.5847
1034634843.7500001,-48.58716
1034635000.0000001,-48.56756
1034635156.2500001,-48.53855
1034635312.5000001,-48.551
1034635468.7500001,-48.60952
1034635625.0000001,-48.58259
1034635781.2500001,-48.58902
1034635937.5000001,-48.60191
1034636093.7500001,-48.59587
1034636250.0000001,-48.6405
1034636406.2500001,-48.5589
1034636562.5000001,-48.57815
1034636718.7500001,-48.58259
1034636875.0000001,-48.55941
1034637031.2500001,-48.58157
1034637187.5000001,-48.55805
1034637343.7500001,-48.52931
1034637500.0000001,-48.52991
1034637656.2500001,-48.53809
1034637812.5000001,-48.56716
1034637968.7500001,-48.51408
1034638125.0000001,-48.52903
1034638281.2500001,-48.58804
1034638437.5000001,-48.58177
1034638593.7500001,-48.5677
1034638750.0000001,-48.58501
1034638906.2500001,-48.56571
1034639062.5000001,-48.62155
1034639218.7500001,-48.53896
1034639375.0000001,-48.53571
1034639531.2500001,-48.54693
1034639687.5000001,-48.51244
1034639843.7500001,-48.50318
1034640000.0000001,-48.55619
1034640156.2500001,-48.57019
1034640312.5000001,-48.55807
1034640468.7500001,-48.55268
1034640625.0000001,-48.53637
1034640781.2500001,-48.53679
1034640937.5000001,-48.50341
1034641093.7500001,-48.55359
1034641250.0000001,-48.56266
1034641406.2500001,-48.54716
1034641562.5000001,-48.57324
1034641718.7500001,-48.56005
1034641875.0000001,-48.5629
1034642031.2500001,-48.54261
1034642187.5000001,-48.51429
1034642343.7500001,-48.51883
1034642500.0000001,-48.49873
1034642656.2500001,-48.55035
1034642812.5000001,-48.52024
1034642968.7500001,-48.55067
1034643125.0000001,-48.52906
1034643281.2500001,-48.51284
1034643437.5000001,-48.52315
1034643593.7500001,-48.54041
1034643750.0000001,-48.54226
1034643906.2500001,-48.50555
1034644062.5000001,-48.54176
1034644218.7500001,-48.53791
1034644375.0000001,-48.506
1034644531.2500001,-48.46083
1034644687.5000001,-48.49991
1034644843.7500001,-48.50845
1034645000.0000001,-48.52871
1034645156.2500001,-48.52917
1034645312.5000001,-48.50646
1034645468.7500001,-48.45578
1034645625.0000001,-48.44515
1034645781.2500001,-48.50836
1034645937.5000001,-48.51481
1034646093.7500001,-48.48187
1034646250.0000001,-48.47301
1034646406.2500001,-48.51881
1034646562.5000001,-48.51176
1034646718.7500001,-48.48511
1034646875.0000001,-48.55235
1034647031.2500001,-48.51688
1034647187.5000001,-48.5203
1034647343.7500001,-48.53073
1034647500.0000001,-48.51742
1034647656.2500001,-48.46106
1034647812.5000001,-48.52577
1034647968.7500001,-48.51058
1034648125.0000001,-48.47823
1034648281.2500001,-48.46819
1034648437.5000001,-48.50282
1034648593.7500001,-48.49555
1034648750.0000001,-48.51731
1034648906.2500001,-48.50331
1034649062.5000001,-48.48479
1034649218.7500001,-48.51675
1034649375.0000001,-48.46732
1034649531.2500001,-48.50315
1034649687.5000001,-48.51009
1034649843.7500001,-48.43189
1034650000.0000001,-48.49216
1034650156.2500001,-48.47281
1034650312.5000001,-48.46513
1034650468.7500001,-48.43166
1034650625.0000001,-48.53225
1034650781.2500001,-48.4562
1034650937.5000001,-48.49149
1034651093.7500001,-48.41459
1034651250.0000001,-48.50625
1034651406.2500001,-48.48204
1034651562.5000001,-48.42884
1034651718.7500001,-48.48478
1034651875.0000001,-48.51335
1034652031.2500001,-48.47409
1034652187.5000001,-48.47766
1034652343.7500001,-48.50717
1034652500.0000001,-48.45155
1034652656.2500001,-48.389
1034652812.5000001,-48.46575
1034652968.7500001,-48.47232
1034653125.0000001,-48.46336
1034653281.2500001,-48.486
1034653437.5000001,-48.44326
1034653593.7500001,-48.4882
1034653750.0000001,-48.46619
1034653906.2500001,-48.5192
1034654062.5000001,-48.41744
1034654218.7500001,-48.44452
1034654375.0000001,-48.45993
1034654531.2500001,-48.45124
1034654687.5000001,-48.47933
1034654843.7500001,-48.44607
1034655000.0000001,-48.42925
1034655156.2500001,-48.42368
1034655312.5000001,-48.45219
1034655468.7500001,-48.39104
1034655625.0000001,-48.42207
1034655781.2500001,-48.45562
1034655937.5000001,-48.46107
1034656093.7500001,-48.47018
1034656250.0000001,-48.44247
1034656406.2500001,-48.45534
1034656562.5000001,-48.42593
1034656718.7500001,-48.44768
1034656875.0000001,-48.48122
1034657031.2500001,-48.45283
1034657187.5000001,-48.43447
1034657343.7500001,-48.44854
1034657500.0000001,-48.43202
1034657656.2500001,-48.41467
1034657812.5000001,-48.45845
1034657968.7500001,-48.42432
1034658125.0000001,-48.44059
1034658281.2500001,-48.39047
1034658437.5000001,-48.42899
1034658593.7500001,-48.45193
1034658750.0000001,-48.39806
1034658906.2500001,-48.43762
1034659062.5000001,-48.42012
1034659218.7500001,-48.44471
1034659375.0000001,-48.40811
1034659531.2500001,-48.41153
1034659687.5000001,-48.40714
1034659843.7500001,-48.41288
1034660000.0000001,-48.40149
1034660156.2500001,-48.44999
1034660312.5000001,-48.42179
1034660468.7500001,-48.37637
1034660625.0000001,-48.46333
1034660781.2500001,-48.42365
1034660937.5000001,-48.38852
1034661093.7500001,-48.40715
1034661250.0000001,-48.40134
1034661406.2500001,-48.38023
1034661562.5000001,-48.44057
1034661718.7500001,-48.37091
1034661875.0000001,-48.43176
1034662031.2500001,-48.39407
1034662187.5000001,-48.35793
1034662343.7500001,-48.43478
1034662500.0000001,-48.41305
1034662656.2500001,-48.36077
1034662812.5000001,-48.36522
1034662968.7500001,-48.35821
1034663125.0000001,-48.38452
1034663281.2500001,-48.40949
1034663437.5000001,-48.39632
1034663593.7500001,-48.34819
1034663750.0000001,-48.41821
1034663906.2500001,-48.43259
1034664062.5000001,-48.37744
1034664218.7500001,-48.39583
1034664375.0000001,-48.41092
1034664531.2500001,-48.36949
1034664687.5000001,-48.4059
1034664843.7500001,-48.36283
1034665000.0000001,-48.39469
1034665156.2500001,-48.31949
1034665312.5000001,-48.31981
1034665468.7500001,-48.34007
1034665625.0000001,-48.3722
1034665781.2500001,-48.40678
1034665937.5000001,-48.37647
1034666093.7500001,-48.35556
1034666250.0000001,-48.43929
1034666406.2500001,-48.35932
1034666562.5000001,-48.3583
1034666718.7500001,-48.39634
1034666875.0000001,-48.38155
1034667031.2500001,-48.40762
1034667187.5000001,-48.42374
1034667343.7500001,-48.37489
1034667500.0000001,-48.36134
1034667656.2500001,-48.34508
1034667812.5000001,-48.40704
1034667968.7500001,-48.38659
1034668125.0000001,-48.37007
1034668281.2500001,-48.37537
1034668437.5000001,-48.3377
1034668593.7500001,-48.33818
1034668750.0000001,-48.37798
1034668906.2500001,-48.35148
1034669062.5000001,-48.32984
1034669218.7500001,-48.34299
1034669375.0000001,-48.33899
1034669531.2500001,-48.3663
1034669687.5000001,-48.42163
1034669843.7500001,-48.3522
1034670000.0000001,-48.31356
1034670156.2500001,-48.30009
1034670312.5000001,-48.33288
1034670468.7500001,-48.35262
1034670625.0000001,-48.31079
1034670781.2500001,-48.33981
1034670937.5000001,-48.30459
1034671093.7500001,-48.24157
1034671250.0000001,-48.33532
1034671406.2500001,-48.30487
1034671562.5000001,-48.33022
1034671718.7500001,-48.31092
1034671875.0000001,-48.32333
1034672031.2500001,-48.3357
1034672187.5000001,-48.35154
1034672343.7500001,-48.33751
1034672500.0000001,-48.36128
1034672656.2500001,-48.33686
1034672812.5000001,-48.35093
1034672968.7500001,-48.34228
1034673125.0000001,-48.30694
1034673281.2500001,-48.34639
1034673437.5000001,-48.33105
1034673593.7500001,-48.34174
1034673750.0000001,-48.32847
1034673906.2500001,-48.31908
1034674062.5000001,-48.34296
1034674218.7500001,-48.39271
1034674375.0000001,-48.34658
1034674531.2500001,-48.34742
1034674687.5000001,-48.32066
1034674843.7500001,-48.3105
1034675000.0000001,-48.32817
1034675156.2500001,-48.29576
1034675312.5000001,-48.30355
1034675468.7500001,-48.25202
1034675625.0000001,-48.33094
1034675781.2500001,-48.36302
1034675937.5000001,-48.28535
1034676093.7500001,-48.32277
1034676250.0000001,-48.32107
1034676406.2500001,-48.31128
1034676562.5000001,-48.29123
1034676718.7500001,-48.31889
1034676875.0000001,-48.25957
1034677031.2500001,-48.31633
1034677187.5000001,-48.30244
1034677343.7500001,-48.34112
1034677500.0000001,-48.24121
1034677656.2500001,-48.31637
1034677812.5000001,-48.30846
1034677968.7500001,-48.3288
1034678125.0000001,-48.31244
1034678281.2500001,-48.28656
1034678437.5000001,-48.28672
1034678593.7500001,-48.31934
1034678750.0000001,-48.25698
1034678906.2500001,-48.2641
1034679062.5000001,-48.31017
1034679218.7500001,-48.2899
1034679375.0000001,-48.27407
1034679531.2500001,-48.28163
1034679687.5000001,-48.31664
1034679843.7500001,-48.26863
1034680000.0000001,-48.34536
1034680156.2500001,-48.26726
1034680312.5000001,-48.24373
1034680468.7500001,-48.24613
1034680625.0000001,-48.28925
1034680781.2500001,-48.28169
1034680937.5000001,-48.27087
1034681093.7500001,-48.30707
1034681250.0000001,-48.31739
1034681406.2500001,-48.26345
1034681562.5000001,-48.28659
1034681718.7500001,-48.2784
1034681875.0000001,-48.27555
1034682031.2500001,-48.21189
1034682187.5000001,-48.29131
1034682343.7500001,-48.26667
1034682500.0000001,-48.24631
1034682656.2500001,-48.30038
1034682812.5000001,-48.26337
1034682968.7500001,-48.223
1034683125.0000001,-48.22778
1034683281.2500001,-48.23173
1034683437.5000001,-48.22981
1034683593.7500001,-48.24364
1034683750.0000001,-48.23884
1034683906.2500001,-48.23986
1034684062.5000001,-48.27221
1034684218.7500001,-48.31276
1034684375.0000001,-48.27411
1034684531.2500001,-48.21827
1034684687.5000001,-48.23507
1034684843.7500001,-48.25521
1034685000.0000001,-48.25417
1034685156.2500001,-48.25314
1034685312.5000001,-48.25308
1034685468.7500001,-48.27938
1034685625.0000001,-48.23374
1034685781.2500001,-48.2387
1034685937.5000001,-48.22181
1034686093.7500001,-48.26954
1034686250.0000001,-48.24239
1034686406.2500001,-48.2662
1034686562.5000001,-48.25228
1034686718.7500001,-48.22736
1034686875.0000001,-48.2472
1034687031.2500001,-48.21157
1034687187.5000001,-48.20804
1034687343.7500001,-48.22152
1034687500.0000001,-48.1911
1034687656.2500001,-48.23281
1034687812.5000001,-48.22225
1034687968.7500001,-48.22558
1034688125.0000001,-48.22512
1034688281.2500001,-48.22792
1034688437.5000001,-48.19435
1034688593.7500001,-48.2339
1034688750.0000001,-48.21909
1034688906.2500001,-48.26767
1034689062.5000001,-48.23803
1034689218.7500001,-48.20186
1034689375.0000001,-48.2247
1034689531.2500001,-48.20581
1034689687.5000001,-48.18344
1034689843.7500001,-48.24984
1034690000.0000001,-48.21273
1034690156.2500001,-48.26064
1034690312.5000001,-48.26282
1034690468.7500001,-48.17013
1034690625.0000001,-48.21491
1034690781.2500001,-48.21241
1034690937.5000001,-48.21965
1034691093.7500001,-48.21511
1034691250.0000001,-48.24162
1034691406.2500001,-48.18828
1034691562.5000001,-48.20302
1034691718.7500001,-48.20053
1034691875.0000001,-48.1819
1034692031.2500001,-48.20221
1034692187.5000001,-48.25209
1034692343.7500001,-48.22964
1034692500.0000001,-48.19913
1034692656.2500001,-48.20742
1034692812.5000001,-48.19972
1034692968.7500001,-48.20033
1034693125.0000001,-48.27054
1034693281.2500001,-48.18927
1034693437.5000001,-48.18722
1034693593.7500001,-48.16928
1034693750.0000001,-48.18631
1034693906.2500001,-48.19387
1034694062.5000001,-48.19425
1034694218.7500001,-48.1332
1034694375.0000001,-48.17569
1034694531.2500001,-48.18011
1034694687.5000001,-48.12049
1034694843.7500001,-48.12192
1034695000.0000001,-48.20866
1034695156.2500001,-48.17817
1034695312.5000001,-48.15789
1034695468.7500001,-48.19108
1034695625.0000001,-48.23162
1034695781.2500001,-48.15735
1034695937.5000001,-48.16904
1034696093.7500001,-48.11357
1034696250.0000001,-48.18268
1034696406.2500001,-48.1683
1034696562.5000001,-48.16926
1034696718.7500001,-48.17595
1034696875.0000001,-48.18835
1034697031.2500001,-48.15481
1034697187.5000001,-48.15141
1034697343.7500001,-48.17007
1034697500.0000001,-48.18175
1034697656.2500001,-48.18742
1034697812.5000001,-48.12395
1034697968.7500001,-48.21569
1034698125.0000001,-48.20961
1034698281.2500001,-48.19381
1034698437.5000001,-48.1489
1034698593.7500001,-48.15717
1034698750.0000001,-48.13793
1034698906.2500001,-48.14688
1034699062.5000001,-48.1825
1034699218.7500001,-48.11271
1034699375.0000001,-48.13674
1034699531.2500001,-48.12081
1034699687.5000001,-48.15107
1034699843.7500001,-48.1364
1034700000.0000001,-48.15911
1034700156.2500001,-48.10666
1034700312.5000001,-48.13561
1034700468.7500001,-48.12114
1034700625.0000001,-48.17235
1034700781.2500001,-48.1424
1034700937.5000001,-48.15754
1034701093.7500001,-48.16101
1034701250.0000001,-48.13425
1034701406.2500001,-48.2026
1034701562.5000001,-48.11547
1034701718.7500001,-48.10257
1034701875.0000001,-48.12179
1034702031.2500001,-48.16164
1034702187.5000001,-48.14116
1034702343.7500001,-48.09629
1034702500.0000001,-48.11328
1034702656.2500001,-48.1448
1034702812.5000001,-48.15104
1034702968.7500001,-48.11187
1034703125.0000001,-48.11923
1034703281.2500001,-48.13516
1034703437.5000001,-48.14603
1034703593.7500001,-48.19255
1034703750.0000001,-48.13942
1034703906.2500001,-48.1306
1034704062.5000001,-48.14423
1034704218.7500001,-48.13908
1034704375.0000001,-48.12852
1034704531.2500001,-48.1336
1034704687.5000001,-48.12046
1034704843.7500001,-48.0839
1034705000.0000001,-48.12176
1034705156.2500001,-48.13137
1034705312.5000001,-48.06973
1034705468.7500001,-48.12997
1034705625.0000001,-48.10091
1034705781.2500001,-48.13103
1034705937.5000001,-48.09469
1034706093.7500001,-48.1448
1034706250.0000001,-48.12069
1034706406.2500001,-48.09046
1034706562.5000001,-48.11842
1034706718.7500001,-48.11215
1034706875.0000001,-48.12846
1034707031.2500001,-48.10041
1034707187.5000001,-48.10783
1034707343.7500001,-48.08678
1034707500.0000001,-48.11403
1034707656.2500001,-48.12962
1034707812.5000001,-48.15248
1034707968.7500001,-48.08992
1034708125.0000001,-48.08596
1034708281.2500001,-48.12435
1034708437.5000001,-48.03633
1034708593.7500001,-48.1251
1034708750.0000001,-48.06977
1034708906.2500001,-48.07335
1034709062.5000001,-48.09101
1034709218.7500001,-48.08029
1034709375.0000001,-48.11
1034709531.2500001,-48.06054
1034709687.5000001,-48.08176
1034709843.7500001,-48.03893
1034710000.0000001,-48.09444
1034710156.2500001,-48.08602
1034710312.5000001,-48.09643
1034710468.7500001,-48.09636
1034710625.0000001,-48.10244
1034710781.2500001,-48.07245
1034710937.5000001,-48.04932
1034711093.7500001,-48.08875
1034711250.0000001,-48.06441
1034711406.2500001,-48.08749
1034711562.5000001,-48.07067
1034711718.7500001,-48.0695
1034711875.0000001,-48.11964
1034712031.2500001,-48.07827
1034712187.5000001,-48.08279
1034712343.7500001,-48.05618
1034712500.0000001,-48.07272
1034712656.2500001,-48.02059
1034712812.5000001,-48.07533
1034712968.7500001,-48.0409
1034713125.0000001,-48.07739
1034713281.2500001,-48.06776
1034713437.5000001,-48.08714
1034713593.7500001,-48.06584
1034713750.0000001,-48.09752
1034713906.2500001,-48.0417
1034714062.5000001,-48.04348
1034714218.7500001,-48.04454
1034714375.0000001,-48.09034
1034714531.2500001,-48.05973
1034714687.5000001,-48.01207
1034714843.7500001,-48.05147
1034715000.0000001,-48.01155
1034715156.2500001,-48.03504
1034715312.5000001,-48.05815
1034715468.7500001,-48.02697
1034715625.0000001,-48.06342
1034715781.2500001,-48.01593
1034715937.5000001,-48.07762
1034716093.7500001,-48.01442
1034716250.0000001,-48.01366
1034716406.2500001,-48.02212
1034716562.5000001,-48.02467
1034716718.7500001,-48.02539
1034716875.0000001,-48.02809
1034717031.2500001,-48.03561
1034717187.5000001,-48.06639
1034717343.7500001,-47.97707
1034717500.0000001,-48.09124
1034717656.2500001,-48.03277
1034717812.5000001,-48.05259
1034717968.7500001,-48.03485
1034718125.0000001,-48.03605
1034718281.2500001,-48.03665
1034718437.5000001,-47.97152
1034718593.7500001,-48.00658
1034718750.0000001,-48.02934
1034718906.2500001,-48.01339
1034719062.5000001,-48.00848
1034719218.7500001,-48.02018
1034719375.0000001,-48.03695
1034719531.2500001,-48.02752
1034719687.5000001,-48.04466
1034719843.7500001,-48.03443
1034720000.0000001,-48.0251
1034720156.2500001,-48.03161
1034720312.5000001,-48.00552
1034720468.7500001,-47.98746
1034720625.0000001,-48.02453
1034720781.2500001,-48.007
1034720937.5000001,-48.05437
1034721093.7500001,-48.00655
1034721250.0000001,-47.99824
1034721406.2500001,-48.00901
1034721562.5000001,-48.00206
1034721718.7500001,-47.99424
1034721875.0000001,-47.97693
1034722031.2500001,-48.00985
1034722187.5000001,-47.99012
1034722343.7500001,-47.96436
1034722500.0000001,-47.9539
1034722656.2500001,-48.02451
1034722812.5000001,-47.98701
1034722968.7500001,-48.00403
1034723125.0000001,-47.99567
1034723281.2500001,-48.02015
1034723437.5000001,-48.057
1034723593.7500001,-47.97945
1034723750.0000001,-47.96121
1034723906.2500001,-47.97515
1034724062.5000001,-47.99451
1034724218.7500001,-47.99058
1034724375.0000001,-47.96057
1034724531.2500001,-48.01971
1034724687.5000001,-47.99466
1034724843.7500001,-47.92548
1034725000.0000001,-47.96357
1034725156.2500001,-47.96671
1034725312.5000001,-47.98156
1034725468.7500001,-48.02485
1034725625.0000001,-47.9678
1034725781.2500001,-47.97531
1034725937.5000001,-47.97285
1034726093.7500001,-47.98173
1034726250.0000001,-48.03063
1034726406.2500001,-47.97171
1034726562.5000001,-47.94683
1034726718.7500001,-47.99159
1034726875.0000001,-48.00172
1034727031.2500001,-47.97032
1034727187.5000001,-47.96995
1034727343.7500001,-47.96801
1034727500.0000001,-47.96302
1034727656.2500001,-48.00082
1034727812.5000001,-47.9571
1034727968.7500001,-47.95819
1034728125.0000001,-47.98718
1034728281.2500001,-47.98097
1034728437.5000001,-47.94036
1034728593.7500001,-47.98219
1034728750.0000001,-47.93552
1034728906.2500001,-47.9675
1034729062.5000001,-47.94038
1034729218.7500001,-47.9905
1034729375.0000001,-47.95298
1034729531.2500001,-47.98092
1034729687.5000001,-47.96896
1034729843.7500001,-47.90433
1034730000.0000001,-47.96432
1034730156.2500001,-47.95433
1034730312.5000001,-47.98083
1034730468.7500001,-47.86051
1034730625.0000001,-47.95494
1034730781.2500001,-47.9305
1034730937.5000001,-47.91607
1034731093.7500001,-48.00441
1034731250.0000001,-47.98234
1034731406.2500001,-47.96103
1034731562.5000001,-47.95206
1034731718.7500001,-47.89577
1034731875.0000001,-47.94064
1034732031.2500001,-47.93217
1034732187.5000001,-47.96732
1034732343.7500001,-47.90312
1034732500.0000001,-47.9467
1034732656.2500001,-47.93055
1034732812.5000001,-47.90746
1034732968.7500001,-47.90612
1034733125.0000001,-47.90565
1034733281.2500001,-47.96268
1034733437.5000001,-47.94638
1034733593.7500001,-47.88937
1034733750.0000001,-47.90055
1034733906.2500001,-47.95799
1034734062.5000001,-47.91568
1034734218.7500001,-47.91935
1034734375.0000001,-47.93183
1034734531.2500001,-47.92554
1034734687.5000001,-47.91949
1034734843.7500001,-47.95285
1034735000.0000001,-47.90913
1034735156.2500001,-47.93362
1034735312.5000001,-47.91505
1034735468.7500001,-47.93602
1034735625.0000001,-47.93636
1034735781.2500001,-47.93919
1034735937.5000001,-47.89454
1034736093.7500001,-47.90044
1034736250.0000001,-47.90973
1034736406.2500001,-47.9085
1034736562.5000001,-47.8709
1034736718.7500001,-47.89285
1034736875.0000001,-47.89802
1034737031.2500001,-47.96557
1034737187.5000001,-47.88396
1034737343.7500001,-47.89935
1034737500.0000001,-47.86993
1034737656.2500001,-47.89248
1034737812.5000001,-47.91096
1034737968.7500001,-47.88615
1034738125.0000001,-47.86534
1034738281.2500001,-47.89267
1034738437.5000001,-47.87649
1034738593.7500001,-47.88747
1034738750.0000001,-47.90808
1034738906.2500001,-47.92503
1034739062.5000001,-47.88301
1034739218.7500001,-47.89922
1034739375.0000001,-47.88139
1034739531.2500001,-47.85289
1034739687.5000001,-47.90332
1034739843.7500001,-47.8736
1034740000.0000001,-47.88003
1034740156.2500001,-47.86043
1034740312.5000001,-47.90238
1034740468.7500001,-47.87255
1034740625.0000001,-47.86082
1034740781.2500001,-47.89782
1034740937.5000001,-47.87627
1034741093.7500001,-47.87502
1034741250.0000001,-47.83295
1034741406.2500001,-47.86334
1034741562.5000001,-47.89305
1034741718.7500001,-47.9123
1034741875.0000001,-47.88988
1034742031.2500001,-47.84542
1034742187.5000001,-47.86929
1034742343.7500001,-47.84771
1034742500.0000001,-47.83888
1034742656.2500001,-47.84085
1034742812.5000001,-47.85467
1034742968.7500001,-47.84315
1034743125.0000001,-47.8661
1034743281.2500001,-47.82476
1034743437.5000001,-47.8456
1034743593.7500001,-47.85334
1034743750.0000001,-47.81743
1034743906.2500001,-47.84825
1034744062.5000001,-47.87946
1034744218.7500001,-47.84333
1034744375.0000001,-47.83826
1034744531.2500001,-47.85954
1034744687.5000001,-47.84286
1034744843.7500001,-47.83438
1034745000.0000001,-47.82664
1034745156.2500001,-47.83337
1034745312.5000001,-47.82933
1034745468.7500001,-47.83052
1034745625.0000001,-47.83336
1034745781.2500001,-47.81672
1034745937.5000001,-47.81921
1034746093.7500001,-47.83974
1034746250.0000001,-47.82303
1034746406.2500001,-47.83049
1034746562.5000001,-47.85065
1034746718.7500001,-47.78852
1034746875.0000001,-47.82287
1034747031.2500001,-47.8031
1034747187.5000001,-47.833
1034747343.7500001,-47.79589
1034747500.0000001,-47.81161
1034747656.2500001,-47.80209
1034747812.5000001,-47.81984
1034747968.7500001,-47.80839
1034748125.0000001,-47.81901
1034748281.2500001,-47.84879
1034748437.5000001,-47.81971
1034748593.7500001,-47.79757
1034748750.0000001,-47.82891
1034748906.2500001,-47.83739
1034749062.5000001,-47.83354
1034749218.7500001,-47.78951
1034749375.0000001,-47.81129
1034749531.2500001,-47.83192
1034749687.5000001,-47.80141
1034749843.7500001,-47.78707
1034750000.0000001,-47.82748
1034750156.2500001,-47.80444
1034750312.5000001,-47.81027
1034750468.7500001,-47.80656
1034750625.0000001,-47.82772
1034750781.2500001,-47.80795
1034750937.5000001,-47.79394
1034751093.7500001,-47.81788
1034751250.0000001,-47.81271
1034751406.2500001,-47.76798
1034751562.5000001,-47.82124
1034751718.7500001,-47.83228
1034751875.0000001,-47.77352
1034752031.2500001,-47.77798
1034752187.5000001,-47.81041
1034752343.7500001,-47.84632
1034752500.0000001,-47.81014
1034752656.2500001,-47.79998
1034752812.5000001,-47.78703
1034752968.7500001,-47.79987
1034753125.0000001,-47.80275
1034753281.2500001,-47.75163
1034753437.5000001,-47.80244
1034753593.7500001,-47.80005
1034753750.0000001,-47.80523
1034753906.2500001,-47.80508
1034754062.5000001,-47.81857
1034754218.7500001,-47.74899
1034754375.0000001,-47.79589
1034754531.2500001,-47.76267
1034754687.5000001,-47.79417
1034754843.7500001,-47.78583
1034755000.0000001,-47.70285
1034755156.2500001,-47.77831
1034755312.5000001,-47.78878
1034755468.7500001,-47.78923
1034755625.0000001,-47.79062
1034755781.2500001,-47.81792
1034755937.5000001,-47.76846
1034756093.7500001,-47.76385
1034756250.0000001,-47.77816
1034756406.2500001,-47.76282
1034756562.5000001,-47.74394
1034756718.7500001,-47.74962
1034756875.0000001,-47.76961
1034757031.2500001,-47.76131
1034757187.5000001,-47.79173
1034757343.7500001,-47.78327
1034757500.0000001,-47.75831
1034757656.2500001,-47.72627
1034757812.5000001,-47.74987
1034757968.7500001,-47.73222
1034758125.0000001,-47.76626
1034758281.2500001,-47.74706
1034758437.5000001,-47.7587
1034758593.7500001,-47.75809
1034758750.0000001,-47.7451
1034758906.2500001,-47.76264
1034759062.5000001,-47.71399
1034759218.7500001,-47.74258
1034759375.0000001,-47.73013
1034759531.2500001,-47.72078
1034759687.5000001,-47.69876
1034759843.7500001,-47.76298
1034760000.0000001,-47.76445
1034760156.2500001,-47.74535
1034760312.5000001,-47.72297
1034760468.7500001,-47.76296
1034760625.0000001,-47.72586
1034760781.2500001,-47.73053
1034760937.5000001,-47.74678
1034761093.7500001,-47.71931
1034761250.0000001,-47.7296
1034761406.2500001,-47.75404
1034761562.5000001,-47.75871
1034761718.7500001,-47.74301
1034761875.0000001,-47.75175
1034762031.2500001,-47.71758
1034762187.5000001,-47.74866
1034762343.7500001,-47.72805
1034762500.0000001,-47.72134
1034762656.2500001,-47.74039
1034762812.5000001,-47.69281
1034762968.7500001,-47.67413
1034763125.0000001,-47.69558
1034763281.2500001,-47.76003
1034763437.5000001,-47.69559
1034763593.7500001,-47.69352
1034763750.0000001,-47.71215
1034763906.2500001,-47.73227
1034764062.5000001,-47.70624
1034764218.7500001,-47.70237
1034764375.0000001,-47.64879
1034764531.2500001,-47.69032
1034764687.5000001,-47.74629
1034764843.7500001,-47.68606
1034765000.0000001,-47.6924
1034765156.2500001,-47.73561
1034765312.5000001,-47.69798
1034765468.7500001,-47.70801
1034765625.0000001,-47.68224
1034765781.2500001,-47.70089
1034765937.5000001,-47.73729
1034766093.7500001,-47.73022
1034766250.0000001,-47.67345
1034766406.2500001,-47.70333
1034766562.5000001,-47.68873
1034766718.7500001,-47.66861
1034766875.0000001,-47.67427
1034767031.2500001,-47.72237
1034767187.5000001,-47.73061
1034767343.7500001,-47.68324
1034767500.0000001,-47.72149
1034767656.2500001,-47.67418
1034767812.5000001,-47.70261
1034767968.7500001,-47.71469
1034768125.0000001,-47.68257
1034768281.2500001,-47.68679
1034768437.5000001,-47.67826
1034768593.7500001,-47.70903
1034768750.0000001,-47.66431
1034768906.2500001,-47.66365
1034769062.5000001,-47.66326
1034769218.7500001,-47.67755
1034769375.0000001,-47.67376
1034769531.2500001,-47.68124
1034769687.5000001,-47.69324
1034769843.7500001,-47.61629
1034770000.0000001,-47.67664
1034770156.2500001,-47.62174
1034770312.5000001,-47.7293
1034770468.7500001,-47.65246
1034770625.0000001,-47.64264
1034770781.2500001,-47.65252
1034770937.5000001,-47.67027
1034771093.7500001,-47.69757
1034771250.0000001,-47.64929
1034771406.2500001,-47.65174
1034771562.5000001,-47.68936
1034771718.7500001,-47.68229
1034771875.0000001,-47.72153
1034772031.2500001,-47.64927
1034772187.5000001,-47.65476
1034772343.7500001,-47.64929
1034772500.0000001,-47.65673
1034772656.2500001,-47.60326
1034772812.5000001,-47.64087
1034772968.7500001,-47.69022
1034773125.0000001,-47.62138
1034773281.2500001,-47.6494
1034773437.5000001,-47.58602
1034773593.7500001,-47.67342
1034773750.0000001,-47.63117
1034773906.2500001,-47.67649
1034774062.5000001,-47.64942
1034774218.7500001,-47.64682
1034774375.0000001,-47.6337
1034774531.2500001,-47.62219
1034774687.5000001,-47.65617
1034774843.7500001,-47.63727
1034775000.0000001,-47.62465
1034775156.2500001,-47.65506
1034775312.5000001,-47.63698
1034775468.7500001,-47.62139
1034775625.0000001,-47.63374
1034775781.2500001,-47.64521
1034775937.5000001,-47.60791
1034776093.7500001,-47.60789
1034776250.0000001,-47.60825
1034776406.2500001,-47.66094
1034776562.5000001,-47.60821
1034776718.7500001,-47.60986
1034776875.0000001,-47.59366
1034777031.2500001,-47.61961
1034777187.5000001,-47.64599
1034777343.7500001,-47.59839
1034777500.0000001,-47.59845
1034777656.2500001,-47.62035
1034777812.5000001,-47.5625
1034777968.7500001,-47.64679
1034778125.0000001,-47.62119
1034778281.2500001,-47.64083
1034778437.5000001,-47.5931
1034778593.7500001,-47.58099
1034778750.0000001,-47.56456
1034778906.2500001,-47.60802
1034779062.5000001,-47.60931
1034779218.7500001,-47.60367
1034779375.0000001,-47.60747
1034779531.2500001,-47.60551
1034779687.5000001,-47.60484
1034779843.7500001,-47.58453
1034780000.0000001,-47.60913
1034780156.2500001,-47.61532
1034780312.5000001,-47.60446
1034780468.7500001,-47.58912
1034780625.0000001,-47.59875
1034780781.2500001,-47.57853
1034780937.5000001,-47.62726
1034781093.7500001,-47.55901
1034781250.0000001,-47.57492
1034781406.2500001,-47.61126
1034781562.5000001,-47.6016
1034781718.7500001,-47.59662
1034781875.0000001,-47.57354
1034782031.2500001,-47.62128
1034782187.5000001,-47.58121
1034782343.7500001,-47.56485
1034782500.0000001,-47.58494
1034782656.2500001,-47.55864
1034782812.5000001,-47.56216
1034782968.7500001,-47.5679
1034783125.0000001,-47.58885
1034783281.2500001,-47.58436
1034783437.5000001,-47.56957
1034783593.7500001,-47.57341
1034783750.0000001,-47.57414
1034783906.2500001,-47.58746
1034784062.5000001,-47.59078
1034784218.7500001,-47.56357
1034784375.0000001,-47.55602
1034784531.2500001,-47.57984
1034784687.5000001,-47.54295
1034784843.7500001,-47.52295
1034785000.0000001,-47.53196
1034785156.2500001,-47.59424
1034785312.5000001,-47.53666
1034785468.7500001,-47.52687
1034785625.0000001,-47.53826
1034785781.2500001,-47.57134
1034785937.5000001,-47.56094
1034786093.7500001,-47.57402
1034786250.0000001,-47.56029
1034786406.2500001,-47.57034
1034786562.5000001,-47.5225
1034786718.7500001,-47.56907
1034786875.0000001,-47.55683
1034787031.2500001,-47.54769
1034787187.5000001,-47.54774
1034787343.7500001,-47.53694
1034787500.0000001,-47.56152
1034787656.2500001,-47.53461
1034787812.5000001,-47.55971
1034787968.7500001,-47.54053
1034788125.0000001,-47.5555
1034788281.2500001,-47.53101
1034788437.5000001,-47.52275
1034788593.7500001,-47.51791
1034788750.0000001,-47.54944
1034788906.2500001,-47.52882
1034789062.5000001,-47.54927
1034789218.7500001,-47.54356
1034789375.0000001,-47.54455
1034789531.2500001,-47.52583
1034789687.5000001,-47.50785
1034789843.7500001,-47.54688
1034790000.0000001,-47.52939
1034790156.2500001,-47.50734
1034790312.5000001,-47.54452
1034790468.7500001,-47.52797
1034790625.0000001,-47.5373
1034790781.2500001,-47.57104
1034790937.5000001,-47.57587
1034791093.7500001,-47.51643
1034791250.0000001,-47.51502
1034791406.2500001,-47.51827
1034791562.5000001,-47.52027
1034791718.7500001,-47.50787
1034791875.0000001,-47.56668
1034792031.2500001,-47.52629
1034792187.5000001,-47.53489
1034792343.7500001,-47.52348
1034792500.0000001,-47.5194
1034792656.2500001,-47.5058
1034792812.5000001,-47.55387
1034792968.7500001,-47.46405
1034793125.0000001,-47.51922
1034793281.2500001,-47.51435
1034793437.5000001,-47.49384
1034793593.7500001,-47.46138
1034793750.0000001,-47.47956
1034793906.2500001,-47.54423
1034794062.5000001,-47.46132
1034794218.7500001,-47.48775
1034794375.0000001,-47.51492
1034794531.2500001,-47.47453
1034794687.5000001,-47.50877
1034794843.7500001,-47.49288
1034795000.0000001,-47.50918
1034795156.2500001,-47.49934
1034795312.5000001,-47.47892
1034795468.7500001,-47.50972
1034795625.0000001,-47.50294
1034795781.2500001,-47.46891
1034795937.5000001,-47.47957
1034796093.7500001,-47.48375
1034796250.0000001,-47.47789
1034796406.2500001,-47.4518
1034796562.5000001,-47.455
1034796718.7500001,-47.45803
1034796875.0000001,-47.47358
1034797031.2500001,-47.46886
1034797187.5000001,-47.49152
1034797343.7500001,-47.45576
1034797500.0000001,-47.48442
1034797656.2500001,-47.4878
1034797812.5000001,-47.47855
1034797968.7500001,-47.48068
1034798125.0000001,-47.44658
1034798281.2500001,-47.44043
1034798437.5000001,-47.49495
1034798593.7500001,-47.44627
1034798750.0000001,-47.44907
1034798906.2500001,-47.44563
1034799062.5000001,-47.43365
1034799218.7500001,-47.46272
1034799375.0000001,-47.44955
1034799531.2500001,-47.4687
1034799687.5000001,-47.42952
1034799843.7500001,-47.5083
1034800000.0000001,-47.43648
1034800156.2500001,-47.49371
1034800312.5000001,-47.49093
1034800468.7500001,-47.4336
1034800625.0000001,-47.47506
1034800781.2500001,-47.44009
1034800937.5000001,-47.44257
1034801093.7500001,-47.46874
1034801250.0000001,-47.44244
1034801406.2500001,-47.41413
1034801562.5000001,-47.47834
1034801718.7500001,-47.44262
1034801875.0000001,-47.42837
1034802031.2500001,-47.44678
1034802187.5000001,-47.41374
1034802343.7500001,-47.43893
1034802500.0000001,-47.45409
1034802656.2500001,-47.44365
1034802812.5000001,-47.43884
1034802968.7500001,-47.46542
1034803125.0000001,-47.41507
1034803281.2500001,-47.41543
1034803437.5000001,-47.42732
1034803593.7500001,-47.45307
1034803750.0000001,-47.44206
1034803906.2500001,-47.4648
1034804062.5000001,-47.40845
1034804218.7500001,-47.40095
1034804375.0000001,-47.39226
1034804531.2500001,-47.36588
1034804687.5000001,-47.34566
1034804843.7500001,-47.41426
1034805000.0000001,-47.40277
1034805156.2500001,-47.43359
1034805312.5000001,-47.42965
1034805468.7500001,-47.40577
1034805625.0000001,-47.40861
1034805781.2500001,-47.39577
1034805937.5000001,-47.41917
1034806093.7500001,-47.37283
1034806250.0000001,-47.41522
1034806406.2500001,-47.46533
1034806562.5000001,-47.36875
1034806718.7500001,-47.40395
1034806875.0000001,-47.43538
1034807031.2500001,-47.36834
1034807187.5000001,-47.40936
1034807343.7500001,-47.37051
1034807500.0000001,-47.38253
1034807656.2500001,-47.40271
1034807812.5000001,-47.40801
1034807968.7500001,-47.38186
1034808125.0000001,-47.41886
1034808281.2500001,-47.44248
1034808437.5000001,-47.39573
1034808593.7500001,-47.41725
1034808750.0000001,-47.4155
1034808906.2500001,-47.35232
1034809062.5000001,-47.40216
1034809218.7500001,-47.41196
1034809375.0000001,-47.41687
1034809531.2500001,-47.37245
1034809687.5000001,-47.41002
1034809843.7500001,-47.38677
1034810000.0000001,-47.39128
1034810156.2500001,-47.39082
1034810312.5000001,-47.37103
1034810468.7500001,-47.3579
1034810625.0000001,-47.35225
1034810781.2500001,-47.38043
1034810937.5000001,-47.38826
1034811093.7500001,-47.38509
1034811250.0000001,-47.35912
1034811406.2500001,-47.33664
1034811562.5000001,-47.39028
1034811718.7500001,-47.39999
1034811875.0000001,-47.3817
1034812031.2500001,-47.38135
1034812187.5000001,-47.37554
1034812343.7500001,-47.38755
1034812500.0000001,-47.39582
1034812656.2500001,-47.37811
1034812812.5000001,-47.3531
1034812968.7500001,-47.38154
1034813125.0000001,-47.39978
1034813281.2500001,-47.36932
1034813437.5000001,-47.3392
1034813593.7500001,-47.37092
1034813750.0000001,-47.37194
1034813906.2500001,-47.36997
1034814062.5000001,-47.32544
1034814218.7500001,-47.36647
1034814375.0000001,-47.33659
1034814531.2500001,-47.34273
1034814687.5000001,-47.33376
1034814843.7500001,-47.32533
1034815000.0000001,-47.37466
1034815156.2500001,-47.31325
1034815312.5000001,-47.31731
1034815468.7500001,-47.33167
1034815625.0000001,-47.33778
1034815781.2500001,-47.37661
1034815937.5000001,-47.33183
1034816093.7500001,-47.32739
1034816250.0000001,-47.29679
1034816406.2500001,-47.30606
1034816562.5000001,-47.33828
1034816718.7500001,-47.34763
1034816875.0000001,-47.31813
1034817031.2500001,-47.30755
1034817187.5000001,-47.32164
1034817343.7500001,-47.37233
1034817500.0000001,-47.33287
1034817656.2500001,-47.32345
1034817812.5000001,-47.31284
1034817968.7500001,-47.30247
1034818125.0000001,-47.34912
1034818281.2500001,-47.324
1034818437.5000001,-47.32352
1034818593.7500001,-47.35639
1034818750.0000001,-47.32977
1034818906.2500001,-47.34625
1034819062.5000001,-47.33971
1034819218.7500001,-47.29671
1034819375.0000001,-47.30431
1034819531.2500001,-47.32956
1034819687.5000001,-47.30061
1034819843.7500001,-47.32516
1034820000.0000001,-47.32236
1034820156.2500001,-47.3384
1034820312.5000001,-47.32018
1034820468.7500001,-47.27832
1034820625.0000001,-47.34751
1034820781.2500001,-47.30712
1034820937.5000001,-47.29354
1034821093.7500001,-47.28661
1034821250.0000001,-47.30479
1034821406.2500001,-47.29127
1034821562.5000001,-47.25451
1034821718.7500001,-47.3114
1034821875.0000001,-47.36233
1034822031.2500001,-47.34645
1034822187.5000001,-47.29582
1034822343.7500001,-47.27899
1034822500.0000001,-47.24899
1034822656.2500001,-47.26139
1034822812.5000001,-47.29592
1034822968.7500001,-47.30518
1034823125.0000001,-47.31526
1034823281.2500001,-47.29711
1034823437.5000001,-47.30466
1034823593.7500001,-47.2923
1034823750.0000001,-47.28603
1034823906.2500001,-47.332
1034824062.5000001,-47.28191
1034824218.7500001,-47.27357
1034824375.0000001,-47.2854
1034824531.2500001,-47.2587
1034824687.5000001,-47.29652
1034824843.7500001,-47.24563
1034825000.0000001,-47.32108
1034825156.2500001,-47.28506
1034825312.5000001,-47.25951
1034825468.7500001,-47.26432
1034825625.0000001,-47.2436
1034825781.2500001,-47.28173
1034825937.5000001,-47.28726
1034826093.7500001,-47.28741
1034826250.0000001,-47.29583
1034826406.2500001,-47.27424
1034826562.5000001,-47.24987
1034826718.7500001,-47.26356
1034826875.0000001,-47.27404
1034827031.2500001,-47.25193
1034827187.5000001,-47.28736
1034827343.7500001,-47.24521
1034827500.0000001,-47.2487
1034827656.2500001,-47.23815
1034827812.5000001,-47.22829
1034827968.7500001,-47.2534
1034828125.0000001,-47.28866
1034828281.2500001,-47.25308
1034828437.5000001,-47.29322
1034828593.7500001,-47.21035
1034828750.0000001,-47.25807
1034828906.2500001,-47.24159
1034829062.5000001,-47.26199
1034829218.7500001,-47.26849
1034829375.0000001,-47.21732
1034829531.2500001,-47.23211
1034829687.5000001,-47.22747
1034829843.7500001,-47.25785
1034830000.0000001,-47.22281
1034830156.2500001,-47.26771
1034830312.5000001,-47.21277
1034830468.7500001,-47.21674
1034830625.0000001,-47.2276
1034830781.2500001,-47.23268
1034830937.5000001,-47.23897
1034831093.7500001,-47.20585
1034831250.0000001,-47.20561
1034831406.2500001,-47.22879
1034831562.5000001,-47.22765
1034831718.7500001,-47.20454
1034831875.0000001,-47.21814
1034832031.2500001,-47.20264
1034832187.5000001,-47.23305
1034832343.7500001,-47.2663
1034832500.0000001,-47.2432
1034832656.2500001,-47.19979
1034832812.5000001,-47.18709
1034832968.7500001,-47.23642
1034833125.0000001,-47.18483
1034833281.2500001,-47.22213
1034833437.5000001,-47.19745
1034833593.7500001,-47.21864
1034833750.0000001,-47.22054
1034833906.2500001,-47.23254
1034834062.5000001,-47.20319
1034834218.7500001,-47.16848
1034834375.0000001,-47.21829
1034834531.2500001,-47.15722
1034834687.5000001,-47.20441
1034834843.7500001,-47.16753
1034835000.0000001,-47.19474
1034835156.2500001,-47.2463
1034835312.5000001,-47.21479
1034835468.7500001,-47.19542
1034835625.0000001,-47.21568
1034835781.2500001,-47.19173
1034835937.5000001,-47.21942
1034836093.7500001,-47.19473
1034836250.0000001,-47.1962
1034836406.2500001,-47.17885
1034836562.5000001,-47.14863
1034836718.7500001,-47.15139
1034836875.0000001,-47.16846
1034837031.2500001,-47.17313
1034837187.5000001,-47.17914
1034837343.7500001,-47.19632
1034837500.0000001,-47.20235
1034837656.2500001,-47.16183
1034837812.5000001,-47.17551
1034837968.7500001,-47.19089
1034838125.0000001,-47.19714
1034838281.2500001,-47.20764
1034838437.5000001,-47.15956
1034838593.7500001,-47.1834
1034838750.0000001,-47.19382
1034838906.2500001,-47.16945
1034839062.5000001,-47.15302
1034839218.7500001,-47.20479
1034839375.0000001,-47.15558
1034839531.2500001,-47.14606
1034839687.5000001,-47.19801
1034839843.7500001,-47.19313
1034840000.0000001,-47.15427
1034840156.2500001,-47.19224
1034840312.5000001,-47.12041
1034840468.7500001,-47.17557
1034840625.0000001,-47.13087
1034840781.2500001,-47.14713
1034840937.5000001,-47.13348
1034841093.7500001,-47.14818
1034841250.0000001,-47.14729
1034841406.2500001,-47.13472
1034841562.5000001,-47.11806
1034841718.7500001,-47.1583
1034841875.0000001,-47.15327
1034842031.2500001,-47.14304
1034842187.5000001,-47.11803
1034842343.7500001,-47.1512
1034842500.0000001,-47.187
1034842656.2500001,-47.14719
1034842812.5000001,-47.16331
1034842968.7500001,-47.10955
1034843125.0000001,-47.1318
1034843281.2500001,-47.1268
1034843437.5000001,-47.13141
1034843593.7500001,-47.16936
1034843750.0000001,-47.14259
1034843906.2500001,-47.15108
1034844062.5000001,-47.12479
1034844218.7500001,-47.1372
1034844375.0000001,-47.11399
1034844531.2500001,-47.12213
1034844687.5000001,-47.13699
1034844843.7500001,-47.11584
1034845000.0000001,-47.14241
1034845156.2500001,-47.15024
1034845312.5000001,-47.11716
1034845468.7500001,-47.10854
1034845625.0000001,-47.13546
1034845781.2500001,-47.13219
1034845937.5000001,-47.08291
1034846093.7500001,-47.10589
1034846250.0000001,-47.096
1034846406.2500001,-47.15587
1034846562.5000001,-47.10602
1034846718.7500001,-47.116
1034846875.0000001,-47.11745
1034847031.2500001,-47.0969
1034847187.5000001,-47.15443
1034847343.7500001,-47.09298
1034847500.0000001,-47.11471
1034847656.2500001,-47.09156
1034847812.5000001,-47.11832
1034847968.7500001,-47.09145
1034848125.0000001,-47.09427
1034848281.2500001,-47.08018
1034848437.5000001,-47.10542
1034848593.7500001,-47.10443
1034848750.0000001,-47.11281
1034848906.2500001,-47.12701
1034849062.5000001,-47.08661
1034849218.7500001,-47.11222
1034849375.0000001,-47.10168
1034849531.2500001,-47.08951
1034849687.5000001,-47.06777
1034849843.7500001,-47.07516
1034850000.0000001,-47.11139
1034850156.2500001,-47.03044
1034850312.5000001,-47.08522
1034850468.7500001,-47.08614
1034850625.0000001,-47.05056
1034850781.2500001,-47.13917
1034850937.5000001,-47.0743
1034851093.7500001,-47.07257
1034851250.0000001,-47.07294
1034851406.2500001,-47.06952
1034851562.5000001,-47.1119
1034851718.7500001,-47.09217
1034851875.0000001,-47.0699
1034852031.2500001,-47.07688
1034852187.5000001,-47.08097
1034852343.7500001,-47.07632
1034852500.0000001,-47.06591
1034852656.2500001,-47.05374
1034852812.5000001,-47.09958
1034852968.7500001,-47.1037
1034853125.0000001,-47.06284
1034853281.2500001,-47.06175
1034853437.5000001,-47.05914
1034853593.7500001,-47.06004
1034853750.0000001,-47.04238
1034853906.2500001,-47.04463
1034854062.5000001,-47.06451
1034854218.7500001,-47.02423
1034854375.0000001,-47.03204
1034854531.2500001,-47.07697
1034854687.5000001,-47.04041
1034854843.7500001,-47.04881
1034855000.0000001,-47.02356
1034855156.2500001,-47.06885
1034855312.5000001,-47.04096
1034855468.7500001,-47.02524
1034855625.0000001,-47.07259
1034855781.2500001,-47.01149
1034855937.5000001,-47.03502
1034856093.7500001,-47.04278
1034856250.0000001,-47.02591
1034856406.2500001,-47.01999
1034856562.5000001,-47.01146
1034856718.7500001,-47.02431
1034856875.0000001,-47.02427
1034857031.2500001,-47.03919
1034857187.5000001,-47.01997
1034857343.7500001,-47.06696
1034857500.0000001,-47.01198
1034857656.2500001,-47.08263
1034857812.5000001,-47.02462
1034857968.7500001,-46.98526
1034858125.0000001,-47.05886
1034858281.2500001,-46.99279
1034858437.5000001,-47.0208
1034858593.7500001,-47.0061
1034858750.0000001,-47.04544
1034858906.2500001,-47.03847
1034859062.5000001,-47.02805
1034859218.7500001,-47.01653
1034859375.0000001,-47.05181
1034859531.2500001,-46.99771
1034859687.5000001,-47.02802
1034859843.7500001,-47.01094
1034860000.0000001,-47.0161
1034860156.2500001,-47.02048
1034860312.5000001,-47.01882
1034860468.7500001,-46.98738
1034860625.0000001,-47.0407
1034860781.2500001,-46.97779
1034860937.5000001,-47.042
1034861093.7500001,-46.95575
1034861250.0000001,-46.99892
1034861406.2500001,-47.0316
1034861562.5000001,-46.98604
1034861718.7500001,-46.97948
1034861875.0000001,-46.99327
1034862031.2500001,-47.02107
1034862187.5000001,-46.99512
1034862343.7500001,-47.02436
1034862500.0000001,-47.00132
1034862656.2500001,-47.01888
1034862812.5000001,-47.02317
1034862968.7500001,-47.00918
1034863125.0000001,-46.9821
1034863281.2500001,-47.01209
1034863437.5000001,-46.96717
1034863593.7500001,-46.97934
1034863750.0000001,-46.99033
1034863906.2500001,-47.02746
1034864062.5000001,-46.95055
1034864218.7500001,-46.97634
1034864375.0000001,-46.98299
1034864531.2500001,-46.95977
1034864687.5000001,-46.95997
1034864843.7500001,-46.94165
1034865000.0000001,-46.96772
1034865156.2500001,-46.96629
1034865312.5000001,-46.97482
1034865468.7500001,-46.98518
1034865625.0000001,-46.96172
1034865781.2500001,-46.94052
1034865937.5000001,-46.98835
1034866093.7500001,-46.95692
1034866250.0000001,-46.99975
1034866406.2500001,-46.94983
1034866562.5000001,-46.96636
1034866718.7500001,-46.93942
1034866875.0000001,-46.97611
1034867031.2500001,-46.98041
1034867187.5000001,-46.96069
1034867343.7500001,-46.98079
1034867500.0000001,-46.96958
1034867656.2500001,-46.94412
1034867812.5000001,-46.93283
1034867968.7500001,-46.95144
1034868125.0000001,-46.94905
1034868281.2500001,-46.96183
1034868437.5000001,-46.93165
1034868593.7500001,-46.91898
1034868750.0000001,-46.99049
1034868906.2500001,-46.94154
1034869062.5000001,-46.91616
1034869218.7500001,-46.93168
1034869375.0000001,-46.95183
1034869531.2500001,-46.91129
1034869687.5000001,-46.91608
1034869843.7500001,-46.92553
1034870000.0000001,-46.93207
1034870156.2500001,-46.94965
1034870312.5000001,-46.95707
1034870468.7500001,-46.9259
1034870625.0000001,-46.9418
1034870781.2500001,-46.93671
1034870937.5000001,-46.92365
1034871093.7500001,-46.93919
1034871250.0000001,-46.93864
1034871406.2500001,-46.90273
1034871562.5000001,-46.93414
1034871718.7500001,-46.92177
1034871875.0000001,-46.93667
1034872031.2500001,-46.92737
1034872187.5000001,-46.9208
1034872343.7500001,-46.93066
1034872500.0000001,-46.92632
1034872656.2500001,-46.93307
1034872812.5000001,-46.88581
1034872968.7500001,-46.93259
1034873125.0000001,-46.90607
1034873281.2500001,-46.93109
1034873437.5000001,-46.88454
1034873593.7500001,-46.88402
1034873750.0000001,-46.90449
1034873906.2500001,-46.92395
1034874062.5000001,-46.8877
1034874218.7500001,-46.89318
1034874375.0000001,-46.90489
1034874531.2500001,-46.90599
1034874687.5000001,-46.9483
1034874843.7500001,-46.9182
1034875000.0000001,-46.91245
1034875156.2500001,-46.92212
1034875312.5000001,-46.91326
1034875468.7500001,-46.88012
1034875625.0000001,-46.8758
1034875781.2500001,-46.88533
1034875937.5000001,-46.86996
1034876093.7500001,-46.84068
1034876250.0000001,-46.89872
1034876406.2500001,-46.87635
1034876562.5000001,-46.86824
1034876718.7500001,-46.89383
1034876875.0000001,-46.8889
1034877031.2500001,-46.89478
1034877187.5000001,-46.88761
1034877343.7500001,-46.87679
1034877500.0000001,-46.86425
1034877656.2500001,-46.86847
1034877812.5000001,-46.90949
1034877968.7500001,-46.87827
1034878125.0000001,-46.84901
1034878281.2500001,-46.88037
1034878437.5000001,-46.86275
1034878593.7500001,-46.8857
1034878750.0000001,-46.88923
1034878906.2500001,-46.88219
1034879062.5000001,-46.87313
1034879218.7500001,-46.85999
1034879375.0000001,-46.89643
1034879531.2500001,-46.83927
1034879687.5000001,-46.8367
1034879843.7500001,-46.81979
1034880000.0000001,-46.86929
1034880156.2500001,-46.88043
1034880312.5000001,-46.84961
1034880468.7500001,-46.85785
1034880625.0000001,-46.86668
1034880781.2500001,-46.83144
1034880937.5000001,-46.81744
1034881093.7500001,-46.8597
1034881250.0000001,-46.83615
1034881406.2500001,-46.84126
1034881562.5000001,-46.8305
1034881718.7500001,-46.83801
1034881875.0000001,-46.83273
1034882031.2500001,-46.79998
1034882187.5000001,-46.86517
1034882343.7500001,-46.82679
1034882500.0000001,-46.7872
1034882656.2500001,-46.84597
1034882812.5000001,-46.83934
1034882968.7500001,-46.817
1034883125.0000001,-46.83187
1034883281.2500001,-46.81055
1034883437.5000001,-46.83698
1034883593.7500001,-46.79693
1034883750.0000001,-46.83987
1034883906.2500001,-46.81906
1034884062.5000001,-46.8266
1034884218.7500001,-46.80237
1034884375.0000001,-46.81629
1034884531.2500001,-46.81313
1034884687.5000001,-46.85468
1034884843.7500001,-46.86162
1034885000.0000001,-46.84405
1034885156.2500001,-46.83237
1034885312.5000001,-46.80626
1034885468.7500001,-46.80896
1034885625.0000001,-46.77168
1034885781.2500001,-46.79276
1034885937.5000001,-46.79931
1034886093.7500001,-46.81121
1034886250.0000001,-46.80864
1034886406.2500001,-46.83996
1034886562.5000001,-46.81497
1034886718.7500001,-46.81448
1034886875.0000001,-46.8236
1034887031.2500001,-46.80064
1034887187.5000001,-46.79131
1034887343.7500001,-46.79471
1034887500.0000001,-46.79792
1034887656.2500001,-46.81331
1034887812.5000001,-46.79229
1034887968.7500001,-46.79747
1034888125.0000001,-46.78463
1034888281.2500001,-46.80709
1034888437.5000001,-46.73559
1034888593.7500001,-46.8395
1034888750.0000001,-46.8134
1034888906.2500001,-46.80703
1034889062.5000001,-46.79666
1034889218.7500001,-46.80156
1034889375.0000001,-46.80033
1034889531.2500001,-46.75932
1034889687.5000001,-46.78538
1034889843.7500001,-46.80029
1034890000.0000001,-46.78762
1034890156.2500001,-46.7895
1034890312.5000001,-46.79462
1034890468.7500001,-46.78649
1034890625.0000001,-46.75612
1034890781.2500001,-46.8104
1034890937.5000001,-46.7744
1034891093.7500001,-46.77199
1034891250.0000001,-46.77598
1034891406.2500001,-46.72555
1034891562.5000001,-46.78302
1034891718.7500001,-46.77495
1034891875.0000001,-46.79434
1034892031.2500001,-46.78175
1034892187.5000001,-46.72964
1034892343.7500001,-46.75444
1034892500.0000001,-46.74511
1034892656.2500001,-46.77503
1034892812.5000001,-46.76615
1034892968.7500001,-46.76759
1034893125.0000001,-46.74443
1034893281.2500001,-46.7584
1034893437.5000001,-46.72554
1034893593.7500001,-46.75124
1034893750.0000001,-46.79455
1034893906.2500001,-46.72513
1034894062.5000001,-46.76281
1034894218.7500001,-46.78619
1034894375.0000001,-46.73993
1034894531.2500001,-46.72316
1034894687.5000001,-46.7659
1034894843.7500001,-46.75248
1034895000.0000001,-46.77555
1034895156.2500001,-46.73452
1034895312.5000001,-46.73307
1034895468.7500001,-46.7561
1034895625.0000001,-46.7551
1034895781.2500001,-46.71525
1034895937.5000001,-46.74448
1034896093.7500001,-46.72794
1034896250.0000001,-46.74173
1034896406.2500001,-46.73267
1034896562.5000001,-46.73685
1034896718.7500001,-46.72224
1034896875.0000001,-46.72819
1034897031.2500001,-46.70552
1034897187.5000001,-46.73752
1034897343.7500001,-46.72159
1034897500.0000001,-46.71316
1034897656.2500001,-46.72067
1034897812.5000001,-46.70233
1034897968.7500001,-46.6955
1034898125.0000001,-46.7223
1034898281.2500001,-46.72271
1034898437.5000001,-46.71806
1034898593.7500001,-46.69289
1034898750.0000001,-46.71017
1034898906.2500001,-46.71862
1034899062.5000001,-46.70429
1034899218.7500001,-46.69974
1034899375.0000001,-46.69147
1034899531.2500001,-46.69579
1034899687.5000001,-46.71676
1034899843.7500001,-46.67488
1034900000.0000001,-46.69979
1034900156.2500001,-46.69761
1034900312.5000001,-46.71291
1034900468.7500001,-46.67907
1034900625.0000001,-46.68946
1034900781.2500001,-46.71774
1034900937.5000001,-46.68225
1034901093.7500001,-46.70236
1034901250.0000001,-46.68788
1034901406.2500001,-46.70776
1034901562.5000001,-46.65727
1034901718.7500001,-46.69339
1034901875.0000001,-46.72307
1034902031.2500001,-46.70842
1034902187.5000001,-46.69216
1034902343.7500001,-46.64623
1034902500.0000001,-46.68489
1034902656.2500001,-46.68485
1034902812.5000001,-46.65147
1034902968.7500001,-46.69934
1034903125.0000001,-46.69255
1034903281.2500001,-46.68372
1034903437.5000001,-46.68799
1034903593.7500001,-46.67338
1034903750.0000001,-46.67525
1034903906.2500001,-46.64756
1034904062.5000001,-46.66042
1034904218.7500001,-46.66689
1034904375.0000001,-46.67231
1034904531.2500001,-46.63696
1034904687.5000001,-46.6666
1034904843.7500001,-46.69435
1034905000.0000001,-46.66121
1034905156.2500001,-46.63686
1034905312.5000001,-46.70356
1034905468.7500001,-46.67385
1034905625.0000001,-46.64942
1034905781.2500001,-46.67337
1034905937.5000001,-46.65065
1034906093.7500001,-46.64411
1034906250.0000001,-46.65776
1034906406.2500001,-46.62796
1034906562.5000001,-46.61604
1034906718.7500001,-46.64717
1034906875.0000001,-46.65532
1034907031.2500001,-46.62118
1034907187.5000001,-46.65114
1034907343.7500001,-46.6259
1034907500.0000001,-46.6423
1034907656.2500001,-46.64624
1034907812.5000001,-46.63355
1034907968.7500001,-46.62293
1034908125.0000001,-46.652
1034908281.2500001,-46.65769
1034908437.5000001,-46.58355
1034908593.7500001,-46.64529
1034908750.0000001,-46.61032
1034908906.2500001,-46.64954
1034909062.5000001,-46.6543
1034909218.7500001,-46.61691
1034909375.0000001,-46.63095
1034909531.2500001,-46.64289
1034909687.5000001,-46.61843
1034909843.7500001,-46.64059
1034910000.0000001,-46.62656
1034910156.2500001,-46.60792
1034910312.5000001,-46.60411
1034910468.7500001,-46.62613
1034910625.0000001,-46.66031
1034910781.2500001,-46.62015
1034910937.5000001,-46.61356
1034911093.7500001,-46.60176
1034911250.0000001,-46.59806
1034911406.2500001,-46.60418
1034911562.5000001,-46.6242
1034911718.7500001,-46.64087
1034911875.0000001,-46.60068
1034912031.2500001,-46.60689
1034912187.5000001,-46.60292
1034912343.7500001,-46.62317
1034912500.0000001,-46.58834
1034912656.2500001,-46.61058
1034912812.5000001,-46.57476
1034912968.7500001,-46.5608
1034913125.0000001,-46.61695
1034913281.2500001,-46.56619
1034913437.5000001,-46.61449
1034913593.7500001,-46.58044
1034913750.0000001,-46.59385
1034913906.2500001,-46.6025
1034914062.5000001,-46.60013
1034914218.7500001,-46.65984
1034914375.0000001,-46.58166
1034914531.2500001,-46.60097
1034914687.5000001,-46.5522
1034914843.7500001,-46.58436
1034915000.0000001,-46.56602
1034915156.2500001,-46.56947
1034915312.5000001,-46.53633
1034915468.7500001,-46.57957
1034915625.0000001,-46.57305
1034915781.2500001,-46.57865
1034915937.5000001,-46.56346
1034916093.7500001,-46.58492
1034916250.0000001,-46.5518
1034916406.2500001,-46.57597
1034916562.5000001,-46.59191
1034916718.7500001,-46.5837
1034916875.0000001,-46.55009
1034917031.2500001,-46.55414
1034917187.5000001,-46.56488
1034917343.7500001,-46.5807
1034917500.0000001,-46.58997
1034917656.2500001,-46.57775
1034917812.5000001,-46.56387
1034917968.7500001,-46.53017
1034918125.0000001,-46.56087
1034918281.2500001,-46.56872
1034918437.5000001,-46.56841
1034918593.7500001,-46.54405
1034918750.0000001,-46.58261
1034918906.2500001,-46.53897
1034919062.5000001,-46.535
1034919218.7500001,-46.52791
1034919375.0000001,-46.59713
1034919531.2500001,-46.53358
1034919687.5000001,-46.55827
1034919843.7500001,-46.55092
1034920000.0000001,-46.52141
1034920156.2500001,-46.50263
1034920312.5000001,-46.54112
1034920468.7500001,-46.55968
1034920625.0000001,-46.52514
1034920781.2500001,-46.51926
1034920937.5000001,-46.53538
1034921093.7500001,-46.51255
1034921250.0000001,-46.54816
1034921406.2500001,-46.53695
1034921562.5000001,-46.50901
1034921718.7500001,-46.49702
1034921875.0000001,-46.53392
1034922031.2500001,-46.50709
1034922187.5000001,-46.53671
1034922343.7500001,-46.50426
1034922500.0000001,-46.5534
1034922656.2500001,-46.54407
1034922812.5000001,-46.54226
1034922968.7500001,-46.5814
1034923125.0000001,-46.56816
1034923281.2500001,-46.52552
1034923437.5000001,-46.53304
1034923593.7500001,-46.49634
1034923750.0000001,-46.53028
1034923906.2500001,-46.50401
1034924062.5000001,-46.5039
1034924218.7500001,-46.50999
1034924375.0000001,-46.47987
1034924531.2500001,-46.506
1034924687.5000001,-46.53543
1034924843.7500001,-46.50232
1034925000.0000001,-46.49605
1034925156.2500001,-46.49307
1034925312.5000001,-46.49352
1034925468.7500001,-46.51347
1034925625.0000001,-46.49226
1034925781.2500001,-46.52768
1034925937.5000001,-46.51089
1034926093.7500001,-46.52471
1034926250.0000001,-46.50802
1034926406.2500001,-46.54302
1034926562.5000001,-46.45283
1034926718.7500001,-46.499
1034926875.0000001,-46.51048
1034927031.2500001,-46.48399
1034927187.5000001,-46.46825
1034927343.7500001,-46.50439
1034927500.0000001,-46.49195
1034927656.2500001,-46.47749
1034927812.5000001,-46.49203
1034927968.7500001,-46.46056
1034928125.0000001,-46.47065
1034928281.2500001,-46.46605
1034928437.5000001,-46.46396
1034928593.7500001,-46.45547
1034928750.0000001,-46.47791
1034928906.2500001,-46.46506
1034929062.5000001,-46.48555
1034929218.7500001,-46.49033
1034929375.0000001,-46.4692
1034929531.2500001,-46.50255
1034929687.5000001,-46.45234
1034929843.7500001,-46.46673
1034930000.0000001,-46.48811
1034930156.2500001,-46.51386
1034930312.5000001,-46.47372
1034930468.7500001,-46.43911
1034930625.0000001,-46.47786
1034930781.2500001,-46.45325
1034930937.5000001,-46.46514
1034931093.7500001,-46.48156
1034931250.0000001,-46.42875
1034931406.2500001,-46.45576
1034931562.5000001,-46.42278
1034931718.7500001,-46.49259
1034931875.0000001,-46.43787
1034932031.2500001,-46.42464
1034932187.5000001,-46.47543
1034932343.7500001,-46.45678
1034932500.0000001,-46.43962
1034932656.2500001,-46.43495
1034932812.5000001,-46.4056
1034932968.7500001,-46.42872
1034933125.0000001,-46.39079
1034933281.2500001,-46.41733
1034933437.5000001,-46.41599
1034933593.7500001,-46.44587
1034933750.0000001,-46.46793
1034933906.2500001,-46.43206
1034934062.5000001,-46.43488
1034934218.7500001,-46.41566
1034934375.0000001,-46.42588
1034934531.2500001,-46.40815
1034934687.5000001,-46.3801
1034934843.7500001,-46.42562
1034935000.0000001,-46.44394
1034935156.2500001,-46.43385
1034935312.5000001,-46.46303
1034935468.7500001,-46.42854
1034935625.0000001,-46.44098
1034935781.2500001,-46.4147
1034935937.5000001,-46.43579
1034936093.7500001,-46.41225
1034936250.0000001,-46.44149
1034936406.2500001,-46.38029
1034936562.5000001,-46.38324
1034936718.7500001,-46.42408
1034936875.0000001,-46.42996
1034937031.2500001,-46.38361
1034937187.5000001,-46.36797
1034937343.7500001,-46.39017
1034937500.0000001,-46.43019
1034937656.2500001,-46.36603
1034937812.5000001,-46.41231
1034937968.7500001,-46.42894
1034938125.0000001,-46.40489
1034938281.2500001,-46.38213
1034938437.5000001,-46.36144
1034938593.7500001,-46.38012
1034938750.0000001,-46.37881
1034938906.2500001,-46.38742
1034939062.5000001,-46.4191
1034939218.7500001,-46.39081
1034939375.0000001,-46.38858
1034939531.2500001,-46.39813
1034939687.5000001,-46.38111
1034939843.7500001,-46.39007
1034940000.0000001,-46.40875
1034940156.2500001,-46.39954
1034940312.5000001,-46.35996
1034940468.7500001,-46.3811
1034940625.0000001,-46.37681
1034940781.2500001,-46.36957
1034940937.5000001,-46.38982
1034941093.7500001,-46.38169
1034941250.0000001,-46.35897
1034941406.2500001,-46.35899
1034941562.5000001,-46.35166
1034941718.7500001,-46.35184
1034941875.0000001,-46.37255
1034942031.2500001,-46.40139
1034942187.5000001,-46.35788
1034942343.7500001,-46.38401
1034942500.0000001,-46.34582
1034942656.2500001,-46.37031
1034942812.5000001,-46.34285
1034942968.7500001,-46.36436
1034943125.0000001,-46.3423
1034943281.2500001,-46.36893
1034943437.5000001,-46.34132
1034943593.7500001,-46.35841
1034943750.0000001,-46.34539
1034943906.2500001,-46.32242
1034944062.5000001,-46.33797
1034944218.7500001,-46.34584
1034944375.0000001,-46.35325
1034944531.2500001,-46.36224
1034944687.5000001,-46.31695
1034944843.7500001,-46.31266
1034945000.0000001,-46.33179
1034945156.2500001,-46.36245
1034945312.5000001,-46.35886
1034945468.7500001,-46.33937
1034945625.0000001,-46.33595
1034945781.2500001,-46.32984
1034945937.5000001,-46.31753
1034946093.7500001,-46.3362
1034946250.0000001,-46.32962
1034946406.2500001,-46.34117
1034946562.5000001,-46.37209
1034946718.7500001,-46.3435
1034946875.0000001,-46.29103
1034947031.2500001,-46.297
1034947187.5000001,-46.35006
1034947343.7500001,-46.32315
1034947500.0000001,-46.33319
1034947656.2500001,-46.32962
1034947812.5000001,-46.34354
1034947968.7500001,-46.34686
1034948125.0000001,-46.33967
1034948281.2500001,-46.28499
1034948437.5000001,-46.3106
1034948593.7500001,-46.30527
1034948750.0000001,-46.33282
1034948906.2500001,-46.30603
1034949062.5000001,-46.29749
1034949218.7500001,-46.31657
1034949375.0000001,-46.30124
1034949531.2500001,-46.32318
1034949687.5000001,-46.28769
1034949843.7500001,-46.2957
1034950000.0000001,-46.30222
1034950156.2500001,-46.32299
1034950312.5000001,-46.28572
1034950468.7500001,-46.28988
1034950625.0000001,-46.3024
1034950781.2500001,-46.29501
1034950937.5000001,-46.30669
1034951093.7500001,-46.24599
1034951250.0000001,-46.24273
1034951406.2500001,-46.31512
1034951562.5000001,-46.28955
1034951718.7500001,-46.27316
1034951875.0000001,-46.27297
1034952031.2500001,-46.27542
1034952187.5000001,-46.26907
1034952343.7500001,-46.22731
1034952500.0000001,-46.31038
1034952656.2500001,-46.25704
1034952812.5000001,-46.25534
1034952968.7500001,-46.26208
1034953125.0000001,-46.27456
1034953281.2500001,-46.28355
1034953437.5000001,-46.2864
1034953593.7500001,-46.28434
1034953750.0000001,-46.2479
1034953906.2500001,-46.2794
1034954062.5000001,-46.2408
1034954218.7500001,-46.2579
1034954375.0000001,-46.24252
1034954531.2500001,-46.29683
1034954687.5000001,-46.24372
1034954843.7500001,-46.23773
1034955000.0000001,-46.21983
1034955156.2500001,-46.2569
1034955312.5000001,-46.27109
1034955468.7500001,-46.25287
1034955625.0000001,-46.26215
1034955781.2500001,-46.2568
1034955937.5000001,-46.24454
1034956093.7500001,-46.26122
1034956250.0000001,-46.23533
1034956406.2500001,-46.29147
1034956562.5000001,-46.24639
1034956718.7500001,-46.23645
1034956875.0000001,-46.27964
1034957031.2500001,-46.25113
1034957187.5000001,-46.2463
1034957343.7500001,-46.22867
1034957500.0000001,-46.21006
1034957656.2500001,-46.21821
1034957812.5000001,-46.22332
1034957968.7500001,-46.26067
1034958125.0000001,-46.2523
1034958281.2500001,-46.24915
1034958437.5000001,-46.22856
1034958593.7500001,-46.24533
1034958750.0000001,-46.18319
1034958906.2500001,-46.22352
1034959062.5000001,-46.22863
1034959218.7500001,-46.23293
1034959375.0000001,-46.23924
1034959531.2500001,-46.19141
1034959687.5000001,-46.21693
1034959843.7500001,-46.26454
1034960000.0000001,-46.19622
1034960156.2500001,-46.26964
1034960312.5000001,-46.20419
1034960468.7500001,-46.22318
1034960625.0000001,-46.19897
1034960781.2500001,-46.22496
1034960937.5000001,-46.20054
1034961093.7500001,-46.19348
1034961250.0000001,-46.1925
1034961406.2500001,-46.1769
1034961562.5000001,-46.2019
1034961718.7500001,-46.20951
1034961875.0000001,-46.22055
1034962031.2500001,-46.22275
1034962187.5000001,-46.17757
1034962343.7500001,-46.21649
1034962500.0000001,-46.19616
1034962656.2500001,-46.20031
1034962812.5000001,-46.19477
1034962968.7500001,-46.15283
1034963125.0000001,-46.14133
1034963281.2500001,-46.18151
1034963437.5000001,-46.11905
1034963593.7500001,-46.20567
1034963750.0000001,-46.23304
1034963906.2500001,-46.17922
1034964062.5000001,-46.1791
1034964218.7500001,-46.15565
1034964375.0000001,-46.18485
1034964531.2500001,-46.16641
1034964687.5000001,-46.1503
1034964843.7500001,-46.2046
1034965000.0000001,-46.14319
1034965156.2500001,-46.17979
1034965312.5000001,-46.20892
1034965468.7500001,-46.17302
1034965625.0000001,-46.16863
1034965781.2500001,-46.1816
1034965937.5000001,-46.17892
1034966093.7500001,-46.15767
1034966250.0000001,-46.16872
1034966406.2500001,-46.13205
1034966562.5000001,-46.18539
1034966718.7500001,-46.14165
1034966875.0000001,-46.15129
1034967031.2500001,-46.14662
1034967187.5000001,-46.12469
1034967343.7500001,-46.152
1034967500.0000001,-46.19018
1034967656.2500001,-46.16229
1034967812.5000001,-46.1485
1034967968.7500001,-46.14191
1034968125.0000001,-46.1707
1034968281.2500001,-46.14565
1034968437.5000001,-46.15076
1034968593.7500001,-46.15021
1034968750.0000001,-46.11538
1034968906.2500001,-46.16276
1034969062.5000001,-46.14627
1034969218.7500001,-46.15685
1034969375.0000001,-46.13301
1034969531.2500001,-46.13102
1034969687.5000001,-46.19125
1034969843.7500001,-46.14336
1034970000.0000001,-46.1207
1034970156.2500001,-46.15491
1034970312.5000001,-46.10974
1034970468.7500001,-46.12543
1034970625.0000001,-46.13979
1034970781.2500001,-46.14262
1034970937.5000001,-46.14676
1034971093.7500001,-46.14767
1034971250.0000001,-46.11345
1034971406.2500001,-46.11942
1034971562.5000001,-46.10285
1034971718.7500001,-46.13325
1034971875.0000001,-46.1477
1034972031.2500001,-46.13313
1034972187.5000001,-46.08843
1034972343.7500001,-46.1253
1034972500.0000001,-46.11621
1034972656.2500001,-46.12405
1034972812.5000001,-46.1195
1034972968.7500001,-46.06007
1034973125.0000001,-46.07428
1034973281.2500001,-46.08215
1034973437.5000001,-46.1383
1034973593.7500001,-46.10383
1034973750.0000001,-46.09558
1034973906.2500001,-46.10045
1034974062.5000001,-46.11866
1034974218.7500001,-46.10846
1034974375.0000001,-46.09502
1034974531.2500001,-46.08014
1034974687.5000001,-46.11006
1034974843.7500001,-46.13172
1034975000.0000001,-46.05851
1034975156.2500001,-46.068
1034975312.5000001,-46.11296
1034975468.7500001,-46.07651
1034975625.0000001,-46.06999
1034975781.2500001,-46.1507
1034975937.5000001,-46.10247
1034976093.7500001,-46.10841
1034976250.0000001,-46.08897
1034976406.2500001,-46.05264
1034976562.5000001,-46.09348
1034976718.7500001,-46.01371
1034976875.0000001,-46.038
1034977031.2500001,-46.0499
1034977187.5000001,-46.08941
1034977343.7500001,-46.06086
1034977500.0000001,-46.068
1034977656.2500001,-46.07284
1034977812.5000001,-46.06002
1034977968.7500001,-46.08599
1034978125.0000001,-46.06129
1034978281.2500001,-46.05629
1034978437.5000001,-46.06145
1034978593.7500001,-46.056
1034978750.0000001,-46.05334
1034978906.2500001,-46.05356
1034979062.5000001,-46.03618
1034979218.7500001,-46.07533
1034979375.0000001,-46.04807
1034979531.2500001,-46.05354
1034979687.5000001,-46.03082
1034979843.7500001,-46.06967
1034980000.0000001,-46.04688
1034980156.2500001,-46.01935
1034980312.5000001,-46.02608
1034980468.7500001,-46.08198
1034980625.0000001,-46.05209
1034980781.2500001,-46.04755
1034980937.5000001,-46.04291
1034981093.7500001,-46.04134
1034981250.0000001,-46.03925
1034981406.2500001,-46.03797
1034981562.5000001,-46.0775
1034981718.7500001,-46.04957
1034981875.0000001,-46.01476
1034982031.2500001,-46.04164
1034982187.5000001,-46.03273
1034982343.7500001,-46.04632
1034982500.0000001,-46.02665
1034982656.2500001,-46.01366
1034982812.5000001,-46.04041
1034982968.7500001,-46.00684
1034983125.0000001,-46.01297
1034983281.2500001,-46.0708
1034983437.5000001,-46.02086
1034983593.7500001,-45.9988
1034983750.0000001,-46.01497
1034983906.2500001,-45.98597
1034984062.5000001,-46.0036
1034984218.7500001,-46.00806
1034984375.0000001,-46.02016
1034984531.2500001,-46.00206
1034984687.5000001,-46.00989
1034984843.7500001,-46.00628
1034985000.0000001,-46.00812
1034985156.2500001,-45.98166
1034985312.5000001,-45.9822
1034985468.7500001,-45.97349
1034985625.0000001,-46.00458
1034985781.2500001,-45.97773
1034985937.5000001,-46.00244
1034986093.7500001,-45.99032
1034986250.0000001,-45.96286
1034986406.2500001,-46.0313
1034986562.5000001,-46.01164
1034986718.7500001,-45.97292
1034986875.0000001,-45.98687
1034987031.2500001,-45.98972
1034987187.5000001,-45.99073
1034987343.7500001,-45.99972
1034987500.0000001,-45.97972
1034987656.2500001,-46.00098
1034987812.5000001,-45.98688
1034987968.7500001,-46.00726
1034988125.0000001,-45.99652
1034988281.2500001,-45.96006
1034988437.5000001,-45.98551
1034988593.7500001,-46.00026
1034988750.0000001,-45.97443
1034988906.2500001,-45.98498
1034989062.5000001,-46.01026
1034989218.7500001,-45.98745
1034989375.0000001,-45.94616
1034989531.2500001,-45.98528
1034989687.5000001,-45.95939
1034989843.7500001,-45.96629
1034990000.0000001,-45.96302
1034990156.2500001,-45.96725
1034990312.5000001,-45.96358
1034990468.7500001,-45.95656
1034990625.0000001,-45.99139
1034990781.2500001,-45.97357
1034990937.5000001,-45.95861
1034991093.7500001,-45.97054
1034991250.0000001,-45.96037
1034991406.2500001,-45.95173
1034991562.5000001,-45.97078
1034991718.7500001,-45.94194
1034991875.0000001,-45.96125
1034992031.2500001,-45.93577
1034992187.5000001,-45.96472
1034992343.7500001,-45.95572
1034992500.0000001,-45.9516
1034992656.2500001,-45.9646
1034992812.5000001,-45.94183
1034992968.7500001,-45.96778
1034993125.0000001,-45.9247
1034993281.2500001,-45.92868
1034993437.5000001,-45.93589
1034993593.7500001,-45.90911
1034993750.0000001,-45.93414
1034993906.2500001,-45.95724
1034994062.5000001,-45.9303
1034994218.7500001,-45.93756
1034994375.0000001,-45.96536
1034994531.2500001,-45.90825
1034994687.5000001,-45.93767
1034994843.7500001,-45.93182
1034995000.0000001,-45.89574
1034995156.2500001,-45.89801
1034995312.5000001,-45.90839
1034995468.7500001,-45.9208
1034995625.0000001,-45.94943
1034995781.2500001,-45.90724
1034995937.5000001,-45.91914
1034996093.7500001,-45.89128
1034996250.0000001,-45.89179
1034996406.2500001,-45.90742
1034996562.5000001,-45.92921
1034996718.7500001,-45.89754
1034996875.0000001,-45.90855
1034997031.2500001,-45.89458
1034997187.5000001,-45.88251
1034997343.7500001,-45.88545
1034997500.0000001,-45.91184
1034997656.2500001,-45.90741
1034997812.5000001,-45.89365
1034997968.7500001,-45.92273
1034998125.0000001,-45.9388
1034998281.2500001,-45.89886
1034998437.5000001,-45.88992
1034998593.7500001,-45.897
1034998750.0000001,-45.90658
1034998906.2500001,-45.86251
1034999062.5000001,-45.87134
1034999218.7500001,-45.8737
1034999375.0000001,-45.89133
1034999531.2500001,-45.85761
1034999687.5000001,-45.89034
1034999843.7500001,-45.88631
1035000000.0000001,-45.90141
1035000156.2500001,-45.86908
1035000312.5000001,-45.87947
1035000468.7500001,-45.88886
1035000625.0000001,-45.86931
1035000781.2500001,-45.86729
1035000937.5000001,-45.88783
1035001093.7500001,-45.87337
1035001250.0000001,-45.8972
1035001406.2500001,-45.84579
1035001562.5000001,-45.89196
1035001718.7500001,-45.84931
1035001875.0000001,-45.88377
1035002031.2500001,-45.8732
1035002187.5000001,-45.83427
1035002343.7500001,-45.86958
1035002500.0000001,-45.87112
1035002656.2500001,-45.85847
1035002812.5000001,-45.86003
1035002968.7500001,-45.84209
1035003125.0000001,-45.83094
1035003281.2500001,-45.89202
1035003437.5000001,-45.84194
1035003593.7500001,-45.85629
1035003750.0000001,-45.83154
1035003906.2500001,-45.87626
1035004062.5000001,-45.86709
1035004218.7500001,-45.84389
1035004375.0000001,-45.8484
1035004531.2500001,-45.85272
1035004687.5000001,-45.86361
1035004843.7500001,-45.83297
1035005000.0000001,-45.82522
1035005156.2500001,-45.8265
1035005312.5000001,-45.86007
1035005468.7500001,-45.82865
1035005625.0000001,-45.80392
1035005781.2500001,-45.83809
1035005937.5000001,-45.84365
1035006093.7500001,-45.82381
1035006250.0000001,-45.82137
1035006406.2500001,-45.81639
1035006562.5000001,-45.83121
1035006718.7500001,-45.86767
1035006875.0000001,-45.81927
1035007031.2500001,-45.84959
1035007187.5000001,-45.84903
1035007343.7500001,-45.78389
1035007500.0000001,-45.82046
1035007656.2500001,-45.82257
1035007812.5000001,-45.82335
1035007968.7500001,-45.79283
1035008125.0000001,-45.83214
1035008281.2500001,-45.85947
1035008437.5000001,-45.80718
1035008593.7500001,-45.77281
1035008750.0000001,-45.82662
1035008906.2500001,-45.8089
1035009062.5000001,-45.79929
1035009218.7500001,-45.81446
1035009375.0000001,-45.78536
1035009531.2500001,-45.82829
1035009687.5000001,-45.82684
1035009843.7500001,-45.78141
1035010000.0000001,-45.7985
1035010156.2500001,-45.76499
1035010312.5000001,-45.80116
1035010468.7500001,-45.77703
1035010625.0000001,-45.74771
1035010781.2500001,-45.80199
1035010937.5000001,-45.75622
1035011093.7500001,-45.78502
1035011250.0000001,-45.78687
1035011406.2500001,-45.76748
1035011562.5000001,-45.77287
1035011718.7500001,-45.78791
1035011875.0000001,-45.75658
1035012031.2500001,-45.77348
1035012187.5000001,-45.79749
1035012343.7500001,-45.7964
1035012500.0000001,-45.76506
1035012656.2500001,-45.76109
1035012812.5000001,-45.79332
1035012968.7500001,-45.7555
1035013125.0000001,-45.78109
1035013281.2500001,-45.76945
1035013437.5000001,-45.75914
1035013593.7500001,-45.77949
1035013750.0000001,-45.77868
1035013906.2500001,-45.77147
1035014062.5000001,-45.74319
1035014218.7500001,-45.76011
1035014375.0000001,-45.74795
1035014531.2500001,-45.77773
1035014687.5000001,-45.74239
1035014843.7500001,-45.73243
1035015000.0000001,-45.77875
1035015156.2500001,-45.73686
1035015312.5000001,-45.72463
1035015468.7500001,-45.72315
1035015625.0000001,-45.74158
1035015781.2500001,-45.72429
1035015937.5000001,-45.71065
1035016093.7500001,-45.73509
1035016250.0000001,-45.69757
1035016406.2500001,-45.71341
1035016562.5000001,-45.72836
1035016718.7500001,-45.73742
1035016875.0000001,-45.72825
1035017031.2500001,-45.7408
1035017187.5000001,-45.71834
1035017343.7500001,-45.74786
1035017500.0000001,-45.71394
1035017656.2500001,-45.7244
1035017812.5000001,-45.74193
1035017968.7500001,-45.74493
1035018125.0000001,-45.74123
1035018281.2500001,-45.70346
1035018437.5000001,-45.7383
1035018593.7500001,-45.72956
1035018750.0000001,-45.70682
1035018906.2500001,-45.72066
1035019062.5000001,-45.69711
1035019218.7500001,-45.71655
1035019375.0000001,-45.70248
1035019531.2500001,-45.71774
1035019687.5000001,-45.681
1035019843.7500001,-45.72884
1035020000.0000001,-45.73351
1035020156.2500001,-45.7014
1035020312.5000001,-45.69311
1035020468.7500001,-45.68693
1035020625.0000001,-45.72968
1035020781.2500001,-45.70601
1035020937.5000001,-45.66054
1035021093.7500001,-45.68085
1035021250.0000001,-45.70686
1035021406.2500001,-45.68907
1035021562.5000001,-45.68179
1035021718.7500001,-45.67863
1035021875.0000001,-45.6484
1035022031.2500001,-45.70716
1035022187.5000001,-45.6758
1035022343.7500001,-45.68744
1035022500.0000001,-45.69333
1035022656.2500001,-45.684
1035022812.5000001,-45.69251
1035022968.7500001,-45.68072
1035023125.0000001,-45.67068
1035023281.2500001,-45.67828
1035023437.5000001,-45.68623
1035023593.7500001,-45.69758
1035023750.0000001,-45.67443
1035023906.2500001,-45.66072
1035024062.5000001,-45.6595
1035024218.7500001,-45.68113
1035024375.0000001,-45.65597
1035024531.2500001,-45.64823
1035024687.5000001,-45.67557
1035024843.7500001,-45.65855
1035025000.0000001,-45.66677
1035025156.2500001,-45.62719
1035025312.5000001,-45.65812
1035025468.7500001,-45.64513
1035025625.0000001,-45.66165
1035025781.2500001,-45.65376
1035025937.5000001,-45.65271
1035026093.7500001,-45.65382
1035026250.0000001,-45.65171
1035026406.2500001,-45.64111
1035026562.5000001,-45.66124
1035026718.7500001,-45.63536
1035026875.0000001,-45.63801
1035027031.2500001,-45.63207
1035027187.5000001,-45.65408
1035027343.7500001,-45.66756
1035027500.0000001,-45.61504
1035027656.2500001,-45.64663
1035027812.5000001,-45.6226
1035027968.7500001,-45.63074
1035028125.0000001,-45.63165
1035028281.2500001,-45.61057
1035028437.5000001,-45.62578
1035028593.7500001,-45.61347
1035028750.0000001,-45.60913
1035028906.2500001,-45.58965
1035029062.5000001,-45.61366
1035029218.7500001,-45.61562
1035029375.0000001,-45.64161
1035029531.2500001,-45.61477
1035029687.5000001,-45.62963
1035029843.7500001,-45.63882
1035030000.0000001,-45.60108
1035030156.2500001,-45.59583
1035030312.5000001,-45.616
1035030468.7500001,-45.62038
1035030625.0000001,-45.61237
1035030781.2500001,-45.5551
1035030937.5000001,-45.58516
1035031093.7500001,-45.60136
1035031250.0000001,-45.60929
1035031406.2500001,-45.59907
1035031562.5000001,-45.57021
1035031718.7500001,-45.5798
1035031875.0000001,-45.62255
1035032031.2500001,-45.58376
1035032187.5000001,-45.6088
1035032343.7500001,-45.55736
1035032500.0000001,-45.57686
1035032656.2500001,-45.61098
1035032812.5000001,-45.60406
1035032968.7500001,-45.61548
1035033125.0000001,-45.58966
1035033281.2500001,-45.59225
1035033437.5000001,-45.57328
1035033593.7500001,-45.59308
1035033750.0000001,-45.59036
1035033906.2500001,-45.56104
1035034062.5000001,-45.56441
1035034218.7500001,-45.54071
1035034375.0000001,-45.57268
1035034531.2500001,-45.55718
1035034687.5000001,-45.59288
1035034843.7500001,-45.55675
1035035000.0000001,-45.55254
1035035156.2500001,-45.54384
1035035312.5000001,-45.5537
1035035468.7500001,-45.53773
1035035625.0000001,-45.54841
1035035781.2500001,-45.57778
1035035937.5000001,-45.56672
1035036093.7500001,-45.53807
1035036250.0000001,-45.58594
1035036406.2500001,-45.54961
1035036562.5000001,-45.54418
1035036718.7500001,-45.54005
1035036875.0000001,-45.54988
1035037031.2500001,-45.51927
1035037187.5000001,-45.54921
1035037343.7500001,-45.53785
1035037500.0000001,-45.56193
1035037656.2500001,-45.51225
1035037812.5000001,-45.51854
1035037968.7500001,-45.5225
1035038125.0000001,-45.53769
1035038281.2500001,-45.55051
1035038437.5000001,-45.50439
1035038593.7500001,-45.5042
1035038750.0000001,-45.54736
1035038906.2500001,-45.53952
1035039062.5000001,-45.53809
1035039218.7500001,-45.53386
1035039375.0000001,-45.5111
1035039531.2500001,-45.5368
1035039687.5000001,-45.53574
1035039843.7500001,-45.51985
1035040000.0000001,-45.52655
1035040156.2500001,-45.55679
1035040312.5000001,-45.50874
1035040468.7500001,-45.52579
1035040625.0000001,-45.49546
1035040781.2500001,-45.51986
1035040937.5000001,-45.52366
1035041093.7500001,-45.50389
1035041250.0000001,-45.54737
1035041406.2500001,-45.48307
1035041562.5000001,-45.4647
1035041718.7500001,-45.52249
1035041875.0000001,-45.49165
1035042031.2500001,-45.46755
1035042187.5000001,-45.52899
1035042343.7500001,-45.50426
1035042500.0000001,-45.46241
1035042656.2500001,-45.49736
1035042812.5000001,-45.50266
1035042968.7500001,-45.52484
1035043125.0000001,-45.47245
1035043281.2500001,-45.48162
1035043437.5000001,-45.50926
1035043593.7500001,-45.46892
1035043750.0000001,-45.49756
1035043906.2500001,-45.47392
1035044062.5000001,-45.48865
1035044218.7500001,-45.51041
1035044375.0000001,-45.47217
1035044531.2500001,-45.46546
1035044687.5000001,-45.46833
1035044843.7500001,-45.50205
1035045000.0000001,-45.48613
1035045156.2500001,-45.48465
1035045312.5000001,-45.48756
1035045468.7500001,-45.49383
1035045625.0000001,-45.47345
1035045781.2500001,-45.46153
1035045937.5000001,-45.51212
1035046093.7500001,-45.47172
1035046250.0000001,-45.4763
1035046406.2500001,-45.44159
1035046562.5000001,-45.47426
1035046718.7500001,-45.46721
1035046875.0000001,-45.4845
1035047031.2500001,-45.48156
1035047187.5000001,-45.4903
1035047343.7500001,-45.45851
1035047500.0000001,-45.48246
1035047656.2500001,-45.47684
1035047812.5000001,-45.45127
1035047968.7500001,-45.46098
1035048125.0000001,-45.45001
1035048281.2500001,-45.44034
1035048437.5000001,-45.45359
1035048593.7500001,-45.43808
1035048750.0000001,-45.41727
1035048906.2500001,-45.4472
1035049062.5000001,-45.4666
1035049218.7500001,-45.43812
1035049375.0000001,-45.40683
1035049531.2500001,-45.44263
1035049687.5000001,-45.46416
1035049843.7500001,-45.41416
1035050000.0000001,-45.42723
1035050156.2500001,-45.44439
1035050312.5000001,-45.42227
1035050468.7500001,-45.43966
1035050625.0000001,-45.41203
1035050781.2500001,-45.40239
1035050937.5000001,-45.42677
1035051093.7500001,-45.45984
1035051250.0000001,-45.39686
1035051406.2500001,-45.40429
1035051562.5000001,-45.43605
1035051718.7500001,-45.47409
1035051875.0000001,-45.42919
1035052031.2500001,-45.40859
1035052187.5000001,-45.42059
1035052343.7500001,-45.40506
1035052500.0000001,-45.40004
1035052656.2500001,-45.4514
1035052812.5000001,-45.43567
1035052968.7500001,-45.44349
1035053125.0000001,-45.37975
1035053281.2500001,-45.38531
1035053437.5000001,-45.39989
1035053593.7500001,-45.42336
1035053750.0000001,-45.3895
1035053906.2500001,-45.41505
1035054062.5000001,-45.42937
1035054218.7500001,-45.40461
1035054375.0000001,-45.36567
1035054531.2500001,-45.37312
1035054687.5000001,-45.39233
1035054843.7500001,-45.41013
1035055000.0000001,-45.3904
1035055156.2500001,-45.39286
1035055312.5000001,-45.40534
1035055468.7500001,-45.41573
1035055625.0000001,-45.35516
1035055781.2500001,-45.40634
1035055937.5000001,-45.3972
1035056093.7500001,-45.37643
1035056250.0000001,-45.40374
1035056406.2500001,-45.35653
1035056562.5000001,-45.34874
1035056718.7500001,-45.38479
1035056875.0000001,-45.35604
1035057031.2500001,-45.36555
1035057187.5000001,-45.37554
1035057343.7500001,-45.37658
1035057500.0000001,-45.36873
1035057656.2500001,-45.3938
1035057812.5000001,-45.32681
1035057968.7500001,-45.34496
1035058125.0000001,-45.36573
1035058281.2500001,-45.36011
1035058437.5000001,-45.36257
1035058593.7500001,-45.37489
1035058750.0000001,-45.3415
1035058906.2500001,-45.35065
1035059062.5000001,-45.34862
1035059218.7500001,-45.33062
1035059375.0000001,-45.36571
1035059531.2500001,-45.34558
1035059687.5000001,-45.34688
1035059843.7500001,-45.34491
1035060000.0000001,-45.33986
1035060156.2500001,-45.33841
1035060312.5000001,-45.36179
1035060468.7500001,-45.34182
1035060625.0000001,-45.30285
1035060781.2500001,-45.35946
1035060937.5000001,-45.32426
1035061093.7500001,-45.32761
1035061250.0000001,-45.34882
1035061406.2500001,-45.34248
1035061562.5000001,-45.34947
1035061718.7500001,-45.31213
1035061875.0000001,-45.34067
1035062031.2500001,-45.29274
1035062187.5000001,-45.32589
1035062343.7500001,-45.32542
1035062500.0000001,-45.31446
1035062656.2500001,-45.31443
1035062812.5000001,-45.34605
1035062968.7500001,-45.31963
1035063125.0000001,-45.35566
1035063281.2500001,-45.311
1035063437.5000001,-45.32069
1035063593.7500001,-45.32226
1035063750.0000001,-45.34873
1035063906.2500001,-45.31742
1035064062.5000001,-45.29675
1035064218.7500001,-45.30618
1035064375.0000001,-45.31829
1035064531.2500001,-45.30013
1035064687.5000001,-45.28325
1035064843.7500001,-45.29374
1035065000.0000001,-45.31181
1035065156.2500001,-45.26666
1035065312.5000001,-45.30264
1035065468.7500001,-45.29348
1035065625.0000001,-45.30745
1035065781.2500001,-45.31132
1035065937.5000001,-45.29271
1035066093.7500001,-45.30522
1035066250.0000001,-45.28909
1035066406.2500001,-45.31913
1035066562.5000001,-45.26994
1035066718.7500001,-45.28156
1035066875.0000001,-45.29026
1035067031.2500001,-45.25381
1035067187.5000001,-45.25814
1035067343.7500001,-45.27944
1035067500.0000001,-45.28098
1035067656.2500001,-45.28573
1035067812.5000001,-45.27845
1035067968.7500001,-45.27195
1035068125.0000001,-45.26911
1035068281.2500001,-45.2337
1035068437.5000001,-45.23498
1035068593.7500001,-45.24945
1035068750.0000001,-45.29182
1035068906.2500001,-45.26546
1035069062.5000001,-45.26283
1035069218.7500001,-45.27049
1035069375.0000001,-45.23905
1035069531.2500001,-45.25592
1035069687.5000001,-45.25156
1035069843.7500001,-45.23641
1035070000.0000001,-45.26336
1035070156.2500001,-45.23475
1035070312.5000001,-45.25686
1035070468.7500001,-45.2572
1035070625.0000001,-45.24106
1035070781.2500001,-45.2475
1035070937.5000001,-45.25107
1035071093.7500001,-45.22919
1035071250.0000001,-45.25514
1035071406.2500001,-45.23234
1035071562.5000001,-45.22189
1035071718.7500001,-45.21041
1035071875.0000001,-45.25385
1035072031.2500001,-45.23752
1035072187.5000001,-45.21301
1035072343.7500001,-45.23073
1035072500.0000001,-45.22563
1035072656.2500001,-45.19496
1035072812.5000001,-45.25612
1035072968.7500001,-45.21433
1035073125.0000001,-45.23864
1035073281.2500001,-45.2128
1035073437.5000001,-45.21241
1035073593.7500001,-45.23927
1035073750.0000001,-45.20686
1035073906.2500001,-45.22625
1035074062.5000001,-45.20641
1035074218.7500001,-45.17452
1035074375.0000001,-45.1766
1035074531.2500001,-45.20895
1035074687.5000001,-45.20628
1035074843.7500001,-45.22633
1035075000.0000001,-45.20404
1035075156.2500001,-45.20605
1035075312.5000001,-45.1966
1035075468.7500001,-45.20521
1035075625.0000001,-45.19471
1035075781.2500001,-45.19359
1035075937.5000001,-45.17532
1035076093.7500001,-45.17982
1035076250.0000001,-45.20435
1035076406.2500001,-45.17331
1035076562.5000001,-45.19741
1035076718.7500001,-45.20653
1035076875.0000001,-45.22417
1035077031.2500001,-45.19667
1035077187.5000001,-45.1936
1035077343.7500001,-45.18624
1035077500.0000001,-45.17225
1035077656.2500001,-45.19147
1035077812.5000001,-45.19888
1035077968.7500001,-45.17402
1035078125.0000001,-45.16043
1035078281.2500001,-45.17122
1035078437.5000001,-45.20841
1035078593.7500001,-45.15919
1035078750.0000001,-45.18968
1035078906.2500001,-45.1622
1035079062.5000001,-45.15638
1035079218.7500001,-45.17255
1035079375.0000001,-45.16669
1035079531.2500001,-45.14791
1035079687.5000001,-45.16714
1035079843.7500001,-45.16504
1035080000.0000001,-45.16503
1035080156.2500001,-45.12103
1035080312.5000001,-45.15011
1035080468.7500001,-45.18392
1035080625.0000001,-45.13054
1035080781.2500001,-45.1349
1035080937.5000001,-45.13362
1035081093.7500001,-45.16159
1035081250.0000001,-45.15269
1035081406.2500001,-45.18442
1035081562.5000001,-45.14223
1035081718.7500001,-45.15038
1035081875.0000001,-45.14065
1035082031.2500001,-45.15246
1035082187.5000001,-45.12977
1035082343.7500001,-45.1324
1035082500.0000001,-45.12877
1035082656.2500001,-45.14456
1035082812.5000001,-45.13982
1035082968.7500001,-45.1359
1035083125.0000001,-45.16309
1035083281.2500001,-45.1516
1035083437.5000001,-45.13773
1035083593.7500001,-45.15768
1035083750.0000001,-45.13228
1035083906.2500001,-45.12686
1035084062.5000001,-45.12903
1035084218.7500001,-45.11984
1035084375.0000001,-45.10495
1035084531.2500001,-45.13465
1035084687.5000001,-45.12386
1035084843.7500001,-45.11951
1035085000.0000001,-45.12101
1035085156.2500001,-45.10802
1035085312.5000001,-45.09972
1035085468.7500001,-45.12333
1035085625.0000001,-45.09459
1035085781.2500001,-45.09712
1035085937.5000001,-45.09835
1035086093.7500001,-45.08577
1035086250.0000001,-45.10667
1035086406.2500001,-45.08797
1035086562.5000001,-45.13782
1035086718.7500001,-45.08462
1035086875.0000001,-45.09617
1035087031.2500001,-45.11272
1035087187.5000001,-45.09237
1035087343.7500001,-45.08674
1035087500.0000001,-45.07864
1035087656.2500001,-45.08329
1035087812.5000001,-45.07444
1035087968.7500001,-45.10994
1035088125.0000001,-45.09933
1035088281.2500001,-45.10411
1035088437.5000001,-45.07642
1035088593.7500001,-45.0736
1035088750.0000001,-45.07046
1035088906.2500001,-45.07818
1035089062.5000001,-45.08883
1035089218.7500001,-45.06368
1035089375.0000001,-45.08872
1035089531.2500001,-45.0672
1035089687.5000001,-45.06614
1035089843.7500001,-45.10054
1035090000.0000001,-45.08075
1035090156.2500001,-45.07719
1035090312.5000001,-45.08585
1035090468.7500001,-45.0801
1035090625.0000001,-45.07408
1035090781.2500001,-45.05477
1035090937.5000001,-45.03161
1035091093.7500001,-45.0613
1035091250.0000001,-45.07033
1035091406.2500001,-45.05375
1035091562.5000001,-45.01808
1035091718.7500001,-45.05048
1035091875.0000001,-45.04652
1035092031.2500001,-45.04604
1035092187.5000001,-45.05299
1035092343.7500001,-45.02453
1035092500.0000001,-45.0367
1035092656.2500001,-45.03329
1035092812.5000001,-45.05348
1035092968.7500001,-45.03262
1035093125.0000001,-45.05748
1035093281.2500001,-45.00687
1035093437.5000001,-45.03075
1035093593.7500001,-45.04593
1035093750.0000001,-45.01815
1035093906.2500001,-45.04698
1035094062.5000001,-45.04132
1035094218.7500001,-45.02494
1035094375.0000001,-45.03406
1035094531.2500001,-45.02481
1035094687.5000001,-45.02295
1035094843.7500001,-45.04154
1035095000.0000001,-45.01701
1035095156.2500001,-45.00304
1035095312.5000001,-45.03646
1035095468.7500001,-45.01551
1035095625.0000001,-45.03598
1035095781.2500001,-45.01498
1035095937.5000001,-45.02197
1035096093.7500001,-45.02119
1035096250.0000001,-45.01218
1035096406.2500001,-45.00906
1035096562.5000001,-45.00101
1035096718.7500001,-44.98888
1035096875.0000001,-44.98883
1035097031.2500001,-44.99707
1035097187.5000001,-45.01217
1035097343.7500001,-45.00841
1035097500.0000001,-44.98428
1035097656.2500001,-44.98761
1035097812.5000001,-44.98545
1035097968.7500001,-44.97487
1035098125.0000001,-45.00187
1035098281.2500001,-44.98123
1035098437.5000001,-45.01551
1035098593.7500001,-45.00982
1035098750.0000001,-44.98949
1035098906.2500001,-45.01131
1035099062.5000001,-44.99563
1035099218.7500001,-44.9557
1035099375.0000001,-44.9626
1035099531.2500001,-44.97768
1035099687.5000001,-45.00165
1035099843.7500001,-44.96521
1035100000.0000001,-44.95475
1035100156.2500001,-44.9685
1035100312.5000001,-44.95094
1035100468.7500001,-44.98294
1035100625.0000001,-44.95469
1035100781.2500001,-44.98161
1035100937.5000001,-44.96203
1035101093.7500001,-44.98144
1035101250.0000001,-44.96585
1035101406.2500001,-44.97773
1035101562.5000001,-44.9712
1035101718.7500001,-44.98008
1035101875.0000001,-44.96985
1035102031.2500001,-44.95251
1035102187.5000001,-44.9594
1035102343.7500001,-44.93819
1035102500.0000001,-44.94445
1035102656.2500001,-44.91989
1035102812.5000001,-44.94016
1035102968.7500001,-44.97033
1035103125.0000001,-44.93187
1035103281.2500001,-44.93443
1035103437.5000001,-44.92705
1035103593.7500001,-44.93058
1035103750.0000001,-44.93744
1035103906.2500001,-44.92822
1035104062.5000001,-44.93755
1035104218.7500001,-44.95038
1035104375.0000001,-44.93445
1035104531.2500001,-44.96176
1035104687.5000001,-44.88939
1035104843.7500001,-44.9192
1035105000.0000001,-44.92775
1035105156.2500001,-44.93924
1035105312.5000001,-44.92898
1035105468.7500001,-44.90675
1035105625.0000001,-44.90342
1035105781.2500001,-44.92247
1035105937.5000001,-44.89315
1035106093.7500001,-44.93541
1035106250.0000001,-44.94612
1035106406.2500001,-44.89246
1035106562.5000001,-44.89388
1035106718.7500001,-44.93127
1035106875.0000001,-44.94093
1035107031.2500001,-44.86942
1035107187.5000001,-44.92135
1035107343.7500001,-44.91884
1035107500.0000001,-44.92516
1035107656.2500001,-44.88919
1035107812.5000001,-44.90726
1035107968.7500001,-44.91652
1035108125.0000001,-44.93159
1035108281.2500001,-44.88468
1035108437.5000001,-44.89736
1035108593.7500001,-44.8747
1035108750.0000001,-44.90038
1035108906.2500001,-44.87364
1035109062.5000001,-44.86046
1035109218.7500001,-44.87064
1035109375.0000001,-44.88696
1035109531.2500001,-44.88488
1035109687.5000001,-44.8834
1035109843.7500001,-44.85872
1035110000.0000001,-44.88393
1035110156.2500001,-44.89435
1035110312.5000001,-44.86189
1035110468.7500001,-44.88654
1035110625.0000001,-44.88434
1035110781.2500001,-44.87498
1035110937.5000001,-44.86514
1035111093.7500001,-44.8256
1035111250.0000001,-44.89234
1035111406.2500001,-44.85461
1035111562.5000001,-44.86662
1035111718.7500001,-44.85336
1035111875.0000001,-44.84704
1035112031.2500001,-44.8571
1035112187.5000001,-44.85599
1035112343.7500001,-44.86078
1035112500.0000001,-44.86328
1035112656.2500001,-44.85667
1035112812.5000001,-44.831
1035112968.7500001,-44.84439
1035113125.0000001,-44.82795
1035113281.2500001,-44.81474
1035113437.5000001,-44.86025
1035113593.7500001,-44.80114
1035113750.0000001,-44.85987
1035113906.2500001,-44.84476
1035114062.5000001,-44.822
1035114218.7500001,-44.82414
1035114375.0000001,-44.81378
1035114531.2500001,-44.80603
1035114687.5000001,-44.83791
1035114843.7500001,-44.82087
1035115000.0000001,-44.84959
1035115156.2500001,-44.80208
1035115312.5000001,-44.81757
1035115468.7500001,-44.82061
1035115625.0000001,-44.83062
1035115781.2500001,-44.81518
1035115937.5000001,-44.81799
1035116093.7500001,-44.78891
1035116250.0000001,-44.81588
1035116406.2500001,-44.81692
1035116562.5000001,-44.77506
1035116718.7500001,-44.77933
1035116875.0000001,-44.80505
1035117031.2500001,-44.79031
1035117187.5000001,-44.77559
1035117343.7500001,-44.78288
1035117500.0000001,-44.79563
1035117656.2500001,-44.8204
1035117812.5000001,-44.82379
1035117968.7500001,-44.8276
1035118125.0000001,-44.78835
1035118281.2500001,-44.77717
1035118437.5000001,-44.81109
1035118593.7500001,-44.80701
1035118750.0000001,-44.77547
1035118906.2500001,-44.84523
1035119062.5000001,-44.79829
1035119218.7500001,-44.81455
1035119375.0000001,-44.80374
1035119531.2500001,-44.7937
1035119687.5000001,-44.8066
1035119843.7500001,-44.76424
1035120000.0000001,-44.77622
1035120156.2500001,-44.76577
1035120312.5000001,-44.75456
1035120468.7500001,-44.76996
1035120625.0000001,-44.77716
1035120781.2500001,-44.77785
1035120937.5000001,-44.7353
1035121093.7500001,-44.77332
1035121250.0000001,-44.75507
1035121406.2500001,-44.79556
1035121562.5000001,-44.78231
1035121718.7500001,-44.74734
1035121875.0000001,-44.78718
1035122031.2500001,-44.76824
1035122187.5000001,-44.76476
1035122343.7500001,-44.74862
1035122500.0000001,-44.75321
1035122656.2500001,-44.74993
1035122812.5000001,-44.73356
1035122968.7500001,-44.74249
1035123125.0000001,-44.75928
1035123281.2500001,-44.75162
1035123437.5000001,-44.77419
1035123593.7500001,-44.75894
1035123750.0000001,-44.74499
1035123906.2500001,-44.74168
1035124062.5000001,-44.75417
1035124218.7500001,-44.7518
1035124375.0000001,-44.73653
1035124531.2500001,-44.72036
1035124687.5000001,-44.76353
1035124843.7500001,-44.74279
1035125000.0000001,-44.72404
1035125156.2500001,-44.73502
1035125312.5000001,-44.73196
1035125468.7500001,-44.71962
1035125625.0000001,-44.72406
1035125781.2500001,-44.73694
1035125937.5000001,-44.74773
1035126093.7500001,-44.72669
1035126250.0000001,-44.71764
1035126406.2500001,-44.75143
1035126562.5000001,-44.7296
1035126718.7500001,-44.72718
1035126875.0000001,-44.69498
1035127031.2500001,-44.67861
1035127187.5000001,-44.71044
1035127343.7500001,-44.7202
1035127500.0000001,-44.70752
1035127656.2500001,-44.73853
1035127812.5000001,-44.68881
1035127968.7500001,-44.72332
1035128125.0000001,-44.6857
1035128281.2500001,-44.70371
1035128437.5000001,-44.67134
1035128593.7500001,-44.69096
1035128750.0000001,-44.6935
1035128906.2500001,-44.68307
1035129062.5000001,-44.67938
1035129218.7500001,-44.67543
1035129375.0000001,-44.65531
1035129531.2500001,-44.69396
1035129687.5000001,-44.65859
1035129843.7500001,-44.65669
1035130000.0000001,-44.69101
1035130156.2500001,-44.67594
1035130312.5000001,-44.69022
1035130468.7500001,-44.66702
1035130625.0000001,-44.69581
1035130781.2500001,-44.66515
1035130937.5000001,-44.67321
1035131093.7500001,-44.67155
1035131250.0000001,-44.66367
1035131406.2500001,-44.69012
1035131562.5000001,-44.68974
1035131718.7500001,-44.64159
1035131875.0000001,-44.64627
1035132031.2500001,-44.67126
1035132187.5000001,-44.68466
1035132343.7500001,-44.65804
1035132500.0000001,-44.65224
1035132656.2500001,-44.64331
1035132812.5000001,-44.66928
1035132968.7500001,-44.63351
1035133125.0000001,-44.64653
1035133281.2500001,-44.66279
1035133437.5000001,-44.65859
1035133593.7500001,-44.62103
1035133750.0000001,-44.63176
1035133906.2500001,-44.67258
1035134062.5000001,-44.63301
1035134218.7500001,-44.67672
1035134375.0000001,-44.64761
1035134531.2500001,-44.63816
1035134687.5000001,-44.62845
1035134843.7500001,-44.62291
1035135000.0000001,-44.6222
1035135156.2500001,-44.65078
1035135312.5000001,-44.60135
1035135468.7500001,-44.65647
1035135625.0000001,-44.60725
1035135781.2500001,-44.62067
1035135937.5000001,-44.60798
1035136093.7500001,-44.67107
1035136250.0000001,-44.62098
1035136406.2500001,-44.61384
1035136562.5000001,-44.62221
1035136718.7500001,-44.60247
1035136875.0000001,-44.60585
1035137031.2500001,-44.62521
1035137187.5000001,-44.61013
1035137343.7500001,-44.61829
1035137500.0000001,-44.58092
1035137656.2500001,-44.61666
1035137812.5000001,-44.62218
1035137968.7500001,-44.5977
1035138125.0000001,-44.616
1035138281.2500001,-44.59598
1035138437.5000001,-44.59612
1035138593.7500001,-44.59885
1035138750.0000001,-44.59433
1035138906.2500001,-44.58555
1035139062.5000001,-44.60019
1035139218.7500001,-44.59195
1035139375.0000001,-44.55874
1035139531.2500001,-44.59451
1035139687.5000001,-44.56629
1035139843.7500001,-44.58578
1035140000.0000001,-44.57106
1035140156.2500001,-44.60567
1035140312.5000001,-44.60323
1035140468.7500001,-44.59147
1035140625.0000001,-44.56254
1035140781.2500001,-44.59217
1035140937.5000001,-44.56737
1035141093.7500001,-44.54909
1035141250.0000001,-44.59901
1035141406.2500001,-44.54955
1035141562.5000001,-44.56745
1035141718.7500001,-44.55715
1035141875.0000001,-44.55579
1035142031.2500001,-44.55785
1035142187.5000001,-44.56284
1035142343.7500001,-44.5508
1035142500.0000001,-44.56152
1035142656.2500001,-44.5522
1035142812.5000001,-44.5559
1035142968.7500001,-44.56229
1035143125.0000001,-44.53419
1035143281.2500001,-44.53042
1035143437.5000001,-44.55136
1035143593.7500001,-44.52869
1035143750.0000001,-44.50217
1035143906.2500001,-44.53773
1035144062.5000001,-44.5388
1035144218.7500001,-44.53915
1035144375.0000001,-44.54716
1035144531.2500001,-44.52127
1035144687.5000001,-44.5159
1035144843.7500001,-44.51779
1035145000.0000001,-44.50891
1035145156.2500001,-44.54874
1035145312.5000001,-44.51325
1035145468.7500001,-44.56244
1035145625.0000001,-44.49965
1035145781.2500001,-44.52608
1035145937.5000001,-44.507
1035146093.7500001,-44.52262
1035146250.0000001,-44.5188
1035146406.2500001,-44.52416
1035146562.5000001,-44.52378
1035146718.7500001,-44.50806
1035146875.0000001,-44.47633
1035147031.2500001,-44.51049
1035147187.5000001,-44.5202
1035147343.7500001,-44.52188
1035147500.0000001,-44.51114
1035147656.2500001,-44.50361
1035147812.5000001,-44.50629
1035147968.7500001,-44.51028
1035148125.0000001,-44.48226
1035148281.2500001,-44.50453
1035148437.5000001,-44.5076
1035148593.7500001,-44.49892
1035148750.0000001,-44.47909
1035148906.2500001,-44.47954
1035149062.5000001,-44.47211
1035149218.7500001,-44.4963
1035149375.0000001,-44.47396
1035149531.2500001,-44.50206
1035149687.5000001,-44.49263
1035149843.7500001,-44.50024
1035150000.0000001,-44.48029
1035150156.2500001,-44.49029
1035150312.5000001,-44.4809
1035150468.7500001,-44.45001
1035150625.0000001,-44.47741
1035150781.2500001,-44.46906
1035150937.5000001,-44.4784
1035151093.7500001,-44.46371
1035151250.0000001,-44.44117
1035151406.2500001,-44.48916
1035151562.5000001,-44.47459
1035151718.7500001,-44.45097
1035151875.0000001,-44.48149
1035152031.2500001,-44.44255
1035152187.5000001,-44.46318
1035152343.7500001,-44.45416
1035152500.0000001,-44.41357
1035152656.2500001,-44.45736
1035152812.5000001,-44.45512
1035152968.7500001,-44.47282
1035153125.0000001,-44.43948
1035153281.2500001,-44.43776
1035153437.5000001,-44.44126
1035153593.7500001,-44.44099
1035153750.0000001,-44.42049
1035153906.2500001,-44.4591
1035154062.5000001,-44.42932
1035154218.7500001,-44.44043
1035154375.0000001,-44.42649
1035154531.2500001,-44.43776
1035154687.5000001,-44.41868
1035154843.7500001,-44.46193
1035155000.0000001,-44.41605
1035155156.2500001,-44.44441
1035155312.5000001,-44.43673
1035155468.7500001,-44.40279
1035155625.0000001,-44.46336
1035155781.2500001,-44.44113
1035155937.5000001,-44.40591
1035156093.7500001,-44.41899
1035156250.0000001,-44.42147
1035156406.2500001,-44.43987
1035156562.5000001,-44.44864
1035156718.7500001,-44.41022
1035156875.0000001,-44.39453
1035157031.2500001,-44.41638
1035157187.5000001,-44.43801
1035157343.7500001,-44.40031
1035157500.0000001,-44.38773
1035157656.2500001,-44.41471
1035157812.5000001,-44.42544
1035157968.7500001,-44.41055
1035158125.0000001,-44.39399
1035158281.2500001,-44.40759
1035158437.5000001,-44.39633
1035158593.7500001,-44.38499
1035158750.0000001,-44.38945
1035158906.2500001,-44.4028
1035159062.5000001,-44.39492
1035159218.7500001,-44.41473
1035159375.0000001,-44.38369
1035159531.2500001,-44.34376
1035159687.5000001,-44.40266
1035159843.7500001,-44.39311
1035160000.0000001,-44.37643
1035160156.2500001,-44.35995
1035160312.5000001,-44.38797
1035160468.7500001,-44.35405
1035160625.0000001,-44.36032
1035160781.2500001,-44.38021
1035160937.5000001,-44.35424
1035161093.7500001,-44.39594
1035161250.0000001,-44.34718
1035161406.2500001,-44.36316
1035161562.5000001,-44.34937
1035161718.7500001,-44.37844
1035161875.0000001,-44.33887
1035162031.2500001,-44.38552
1035162187.5000001,-44.34671
1035162343.7500001,-44.37713
1035162500.0000001,-44.37575
1035162656.2500001,-44.35587
1035162812.5000001,-44.36679
1035162968.7500001,-44.36168
1035163125.0000001,-44.34251
1035163281.2500001,-44.35438
1035163437.5000001,-44.3532
1035163593.7500001,-44.37582
1035163750.0000001,-44.34442
1035163906.2500001,-44.34378
1035164062.5000001,-44.36015
1035164218.7500001,-44.32726
1035164375.0000001,-44.34123
1035164531.2500001,-44.34653
1035164687.5000001,-44.33758
1035164843.7500001,-44.32466
1035165000.0000001,-44.30701
1035165156.2500001,-44.3261
1035165312.5000001,-44.37403
1035165468.7500001,-44.321
1035165625.0000001,-44.31246
1035165781.2500001,-44.2945
1035165937.5000001,-44.33542
1035166093.7500001,-44.29075
1035166250.0000001,-44.31996
1035166406.2500001,-44.28266
1035166562.5000001,-44.29326
1035166718.7500001,-44.32986
1035166875.0000001,-44.28647
1035167031.2500001,-44.30388
1035167187.5000001,-44.30503
1035167343.7500001,-44.30853
1035167500.0000001,-44.31171
1035167656.2500001,-44.32526
1035167812.5000001,-44.28504
1035167968.7500001,-44.28493
1035168125.0000001,-44.28509
1035168281.2500001,-44.29285
1035168437.5000001,-44.29077
1035168593.7500001,-44.28848
1035168750.0000001,-44.28789
1035168906.2500001,-44.30205
1035169062.5000001,-44.27533
1035169218.7500001,-44.27731
1035169375.0000001,-44.26018
1035169531.2500001,-44.30947
1035169687.5000001,-44.30765
1035169843.7500001,-44.27357
1035170000.0000001,-44.28093
1035170156.2500001,-44.28946
1035170312.5000001,-44.2593
1035170468.7500001,-44.276
1035170625.0000001,-44.25129
1035170781.2500001,-44.28542
1035170937.5000001,-44.27042
1035171093.7500001,-44.26759
1035171250.0000001,-44.25791
1035171406.2500001,-44.27864
1035171562.5000001,-44.28496
1035171718.7500001,-44.26127
1035171875.0000001,-44.25114
1035172031.2500001,-44.2569
1035172187.5000001,-44.24752
1035172343.7500001,-44.25152
1035172500.0000001,-44.24463
1035172656.2500001,-44.23847
1035172812.5000001,-44.26383
1035172968.7500001,-44.23781
1035173125.0000001,-44.23453
1035173281.2500001,-44.24582
1035173437.5000001,-44.23456
1035173593.7500001,-44.2348
1035173750.0000001,-44.24569
1035173906.2500001,-44.24384
1035174062.5000001,-44.22672
1035174218.7500001,-44.22824
1035174375.0000001,-44.23121
1035174531.2500001,-44.24298
1035174687.5000001,-44.22696
1035174843.7500001,-44.20977
1035175000.0000001,-44.23489
1035175156.2500001,-44.21675
1035175312.5000001,-44.20699
1035175468.7500001,-44.19287
1035175625.0000001,-44.2298
1035175781.2500001,-44.22284
1035175937.5000001,-44.2288
1035176093.7500001,-44.21855
1035176250.0000001,-44.20158
1035176406.2500001,-44.24117
1035176562.5000001,-44.18933
1035176718.7500001,-44.22582
1035176875.0000001,-44.18894
1035177031.2500001,-44.20085
1035177187.5000001,-44.18412
1035177343.7500001,-44.18471
1035177500.0000001,-44.21178
1035177656.2500001,-44.21331
1035177812.5000001,-44.16684
1035177968.7500001,-44.16563
1035178125.0000001,-44.20406
1035178281.2500001,-44.19596
1035178437.5000001,-44.19376
1035178593.7500001,-44.17677
1035178750.0000001,-44.16913
1035178906.2500001,-44.20104
1035179062.5000001,-44.19045
1035179218.7500001,-44.16573
1035179375.0000001,-44.20533
1035179531.2500001,-44.18882
1035179687.5000001,-44.18491
1035179843.7500001,-44.18143
1035180000.0000001,-44.15369
1035180156.2500001,-44.14243
1035180312.5000001,-44.16691
1035180468.7500001,-44.18027
1035180625.0000001,-44.15978
1035180781.2500001,-44.15677
1035180937.5000001,-44.15173
1035181093.7500001,-44.17164
1035181250.0000001,-44.18137
1035181406.2500001,-44.17503
1035181562.5000001,-44.17518
1035181718.7500001,-44.16145
1035181875.0000001,-44.16035
1035182031.2500001,-44.15547
1035182187.5000001,-44.14108
1035182343.7500001,-44.14342
1035182500.0000001,-44.15841
1035182656.2500001,-44.14157
1035182812.5000001,-44.16468
1035182968.7500001,-44.16634
1035183125.0000001,-44.14155
1035183281.2500001,-44.12439
1035183437.5000001,-44.14315
1035183593.7500001,-44.12988
1035183750.0000001,-44.13306
1035183906.2500001,-44.12651
1035184062.5000001,-44.1223
1035184218.7500001,-44.10501
1035184375.0000001,-44.12675
1035184531.2500001,-44.10521
1035184687.5000001,-44.14782
1035184843.7500001,-44.1374
1035185000.0000001,-44.1167
1035185156.2500001,-44.12401
1035185312.5000001,-44.12144
1035185468.7500001,-44.11093
1035185625.0000001,-44.13256
1035185781.2500001,-44.13665
1035185937.5000001,-44.10089
1035186093.7500001,-44.11362
1035186250.0000001,-44.10881
1035186406.2500001,-44.09778
1035186562.5000001,-44.10518
1035186718.7500001,-44.13261
1035186875.0000001,-44.08957
1035187031.2500001,-44.12799
1035187187.5000001,-44.09733
1035187343.7500001,-44.08905
1035187500.0000001,-44.11405
1035187656.2500001,-44.11576
1035187812.5000001,-44.07508
1035187968.7500001,-44.09191
1035188125.0000001,-44.08263
1035188281.2500001,-44.07437
1035188437.5000001,-44.07464
1035188593.7500001,-44.09443
1035188750.0000001,-44.07621
1035188906.2500001,-44.08686
1035189062.5000001,-44.06833
1035189218.7500001,-44.06816
1035189375.0000001,-44.07178
1035189531.2500001,-44.10266
1035189687.5000001,-44.08991
1035189843.7500001,-44.08465
1035190000.0000001,-44.09681
1035190156.2500001,-44.06146
1035190312.5000001,-44.05585
1035190468.7500001,-44.093
1035190625.0000001,-44.07723
1035190781.2500001,-44.05508
1035190937.5000001,-44.0876
1035191093.7500001,-44.01658
1035191250.0000001,-44.05943
1035191406.2500001,-44.04091
1035191562.5000001,-44.04907
1035191718.7500001,-44.04922
1035191875.0000001,-44.04901
1035192031.2500001,-44.07065
1035192187.5000001,-44.057
1035192343.7500001,-44.06175
1035192500.0000001,-44.04935
1035192656.2500001,-44.06076
1035192812.5000001,-44.04808
1035192968.7500001,-44.05939
1035193125.0000001,-44.05101
1035193281.2500001,-44.0122
1035193437.5000001,-44.02261
1035193593.7500001,-44.02964
1035193750.0000001,-44.03601
1035193906.2500001,-44.03883
1035194062.5000001,-44.02062
1035194218.7500001,-44.02181
1035194375.0000001,-44.02327
1035194531.2500001,-44.03407
1035194687.5000001,-44.01672
1035194843.7500001,-44.01859
1035195000.0000001,-44.03103
1035195156.2500001,-44.03011
1035195312.5000001,-44.03632
1035195468.7500001,-44.02205
1035195625.0000001,-44.01007
1035195781.2500001,-44.00746
1035195937.5000001,-44.03103
1035196093.7500001,-44.00033
1035196250.0000001,-44.00126
1035196406.2500001,-43.99824
1035196562.5000001,-43.99769
1035196718.7500001,-44.0027
1035196875.0000001,-43.9925
1035197031.2500001,-44.01678
1035197187.5000001,-43.98439
1035197343.7500001,-43.98169
1035197500.0000001,-44.00184
1035197656.2500001,-43.99655
1035197812.5000001,-43.996
1035197968.7500001,-43.97894
1035198125.0000001,-43.9846
1035198281.2500001,-43.98999
1035198437.5000001,-43.95934
1035198593.7500001,-43.99122
1035198750.0000001,-43.99646
1035198906.2500001,-43.9959
1035199062.5000001,-43.97003
1035199218.7500001,-43.97452
1035199375.0000001,-43.97069
1035199531.2500001,-43.98558
1035199687.5000001,-43.98251
1035199843.7500001,-43.95127
1035200000.0000001,-43.96989
1035200156.2500001,-43.94842
1035200312.5000001,-43.99107
1035200468.7500001,-43.93536
1035200625.0000001,-43.96723
1035200781.2500001,-43.95068
1035200937.5000001,-43.95839
1035201093.7500001,-43.97627
1035201250.0000001,-43.94206
1035201406.2500001,-43.95457
1035201562.5000001,-43.95607
1035201718.7500001,-43.94997
1035201875.0000001,-43.94471
1035202031.2500001,-43.93614
1035202187.5000001,-43.97497
1035202343.7500001,-43.95515
1035202500.0000001,-43.92383
1035202656.2500001,-43.94977
1035202812.5000001,-43.91426
1035202968.7500001,-43.92283
1035203125.0000001,-43.93801
1035203281.2500001,-43.93335
1035203437.5000001,-43.92014
1035203593.7500001,-43.90478
1035203750.0000001,-43.89302
1035203906.2500001,-43.94318
1035204062.5000001,-43.93333
1035204218.7500001,-43.91298
1035204375.0000001,-43.90963
1035204531.2500001,-43.92903
1035204687.5000001,-43.92889
1035204843.7500001,-43.90364
1035205000.0000001,-43.89693
1035205156.2500001,-43.91824
1035205312.5000001,-43.87906
1035205468.7500001,-43.92902
1035205625.0000001,-43.91282
1035205781.2500001,-43.90939
1035205937.5000001,-43.90155
1035206093.7500001,-43.90081
1035206250.0000001,-43.90404
1035206406.2500001,-43.87486
1035206562.5000001,-43.88739
1035206718.7500001,-43.90412
1035206875.0000001,-43.9065
1035207031.2500001,-43.89499
1035207187.5000001,-43.88777
1035207343.7500001,-43.88975
1035207500.0000001,-43.89282
1035207656.2500001,-43.87369
1035207812.5000001,-43.85958
1035207968.7500001,-43.87449
1035208125.0000001,-43.86995
1035208281.2500001,-43.88157
1035208437.5000001,-43.86849
1035208593.7500001,-43.86141
1035208750.0000001,-43.87655
1035208906.2500001,-43.86442
1035209062.5000001,-43.85899
1035209218.7500001,-43.88335
1035209375.0000001,-43.8567
1035209531.2500001,-43.88725
1035209687.5000001,-43.86413
1035209843.7500001,-43.84528
1035210000.0000001,-43.85926
1035210156.2500001,-43.84934
1035210312.5000001,-43.85521
1035210468.7500001,-43.81975
1035210625.0000001,-43.86238
1035210781.2500001,-43.8574
1035210937.5000001,-43.8392
1035211093.7500001,-43.82149
1035211250.0000001,-43.85706
1035211406.2500001,-43.83817
1035211562.5000001,-43.86497
1035211718.7500001,-43.84517
1035211875.0000001,-43.82101
1035212031.2500001,-43.84742
1035212187.5000001,-43.8097
1035212343.7500001,-43.82823
1035212500.0000001,-43.8035
1035212656.2500001,-43.8544
1035212812.5000001,-43.81086
1035212968.7500001,-43.84948
1035213125.0000001,-43.85466
1035213281.2500001,-43.83521
1035213437.5000001,-43.81498
1035213593.7500001,-43.82838
1035213750.0000001,-43.8065
1035213906.2500001,-43.80367
1035214062.5000001,-43.80499
1035214218.7500001,-43.77421
1035214375.0000001,-43.79695
1035214531.2500001,-43.83892
1035214687.5000001,-43.78873
1035214843.7500001,-43.82639
1035215000.0000001,-43.79968
1035215156.2500001,-43.82113
1035215312.5000001,-43.80662
1035215468.7500001,-43.80252
1035215625.0000001,-43.81409
1035215781.2500001,-43.80545
1035215937.5000001,-43.80366
1035216093.7500001,-43.79347
1035216250.0000001,-43.77299
1035216406.2500001,-43.78121
1035216562.5000001,-43.7821
1035216718.7500001,-43.7651
1035216875.0000001,-43.77497
1035217031.2500001,-43.78037
1035217187.5000001,-43.76315
1035217343.7500001,-43.73299
1035217500.0000001,-43.78041
1035217656.2500001,-43.78473
1035217812.5000001,-43.7768
1035217968.7500001,-43.77789
1035218125.0000001,-43.78054
1035218281.2500001,-43.74493
1035218437.5000001,-43.77721
1035218593.7500001,-43.73762
1035218750.0000001,-43.77967
1035218906.2500001,-43.80459
1035219062.5000001,-43.75188
1035219218.7500001,-43.75657
1035219375.0000001,-43.75573
1035219531.2500001,-43.7573
1035219687.5000001,-43.7221
1035219843.7500001,-43.73311
1035220000.0000001,-43.75884
1035220156.2500001,-43.7439
1035220312.5000001,-43.73482
1035220468.7500001,-43.73658
1035220625.0000001,-43.74083
1035220781.2500001,-43.76474
1035220937.5000001,-43.76874
1035221093.7500001,-43.72075
1035221250.0000001,-43.70604
1035221406.2500001,-43.7453
1035221562.5000001,-43.7397
1035221718.7500001,-43.73338
1035221875.0000001,-43.71058
1035222031.2500001,-43.73658
1035222187.5000001,-43.72802
1035222343.7500001,-43.71919
1035222500.0000001,-43.74126
1035222656.2500001,-43.74567
1035222812.5000001,-43.72382
1035222968.7500001,-43.72868
1035223125.0000001,-43.7275
1035223281.2500001,-43.71611
1035223437.5000001,-43.69647
1035223593.7500001,-43.71389
1035223750.0000001,-43.72007
1035223906.2500001,-43.73483
1035224062.5000001,-43.70974
1035224218.7500001,-43.6898
1035224375.0000001,-43.71059
1035224531.2500001,-43.71062
1035224687.5000001,-43.69356
1035224843.7500001,-43.71175
1035225000.0000001,-43.67462
1035225156.2500001,-43.67742
1035225312.5000001,-43.68715
1035225468.7500001,-43.67794
1035225625.0000001,-43.66554
1035225781.2500001,-43.67995
1035225937.5000001,-43.66764
1035226093.7500001,-43.68583
1035226250.0000001,-43.69983
1035226406.2500001,-43.67807
1035226562.5000001,-43.65725
1035226718.7500001,-43.65079
1035226875.0000001,-43.65232
1035227031.2500001,-43.69654
1035227187.5000001,-43.66574
1035227343.7500001,-43.68267
1035227500.0000001,-43.642
1035227656.2500001,-43.65396
1035227812.5000001,-43.66885
1035227968.7500001,-43.6669
1035228125.0000001,-43.63177
1035228281.2500001,-43.65213
1035228437.5000001,-43.66381
1035228593.7500001,-43.66219
1035228750.0000001,-43.62586
1035228906.2500001,-43.63661
1035229062.5000001,-43.6676
1035229218.7500001,-43.6317
1035229375.0000001,-43.64819
1035229531.2500001,-43.64545
1035229687.5000001,-43.63498
1035229843.7500001,-43.61704
1035230000.0000001,-43.62389
1035230156.2500001,-43.61561
1035230312.5000001,-43.64647
1035230468.7500001,-43.63599
1035230625.0000001,-43.63316
1035230781.2500001,-43.63287
1035230937.5000001,-43.61181
1035231093.7500001,-43.63549
1035231250.0000001,-43.65134
1035231406.2500001,-43.64729
1035231562.5000001,-43.61144
1035231718.7500001,-43.64091
1035231875.0000001,-43.61499
1035232031.2500001,-43.61372
1035232187.5000001,-43.62416
1035232343.7500001,-43.61255
1035232500.0000001,-43.63214
1035232656.2500001,-43.60211
1035232812.5000001,-43.56209
1035232968.7500001,-43.59919
1035233125.0000001,-43.61045
1035233281.2500001,-43.591
1035233437.5000001,-43.57557
1035233593.7500001,-43.59508
1035233750.0000001,-43.60456
1035233906.2500001,-43.58574
1035234062.5000001,-43.62411
1035234218.7500001,-43.613
1035234375.0000001,-43.59629
1035234531.2500001,-43.60363
1035234687.5000001,-43.6061
1035234843.7500001,-43.58611
1035235000.0000001,-43.60191
1035235156.2500001,-43.58327
1035235312.5000001,-43.59106
1035235468.7500001,-43.57985
1035235625.0000001,-43.56763
1035235781.2500001,-43.54567
1035235937.5000001,-43.5483
1035236093.7500001,-43.57918
1035236250.0000001,-43.56816
1035236406.2500001,-43.5744
1035236562.5000001,-43.58306
1035236718.7500001,-43.56681
1035236875.0000001,-43.5575
1035237031.2500001,-43.55649
1035237187.5000001,-43.55933
1035237343.7500001,-43.5565
1035237500.0000001,-43.53158
1035237656.2500001,-43.5889
1035237812.5000001,-43.53706
1035237968.7500001,-43.54509
1035238125.0000001,-43.53841
1035238281.2500001,-43.5387
1035238437.5000001,-43.54652
1035238593.7500001,-43.55722
1035238750.0000001,-43.54829
1035238906.2500001,-43.54217
1035239062.5000001,-43.53222
1035239218.7500001,-43.52642
1035239375.0000001,-43.51473
1035239531.2500001,-43.51837
1035239687.5000001,-43.54535
1035239843.7500001,-43.52876
1035240000.0000001,-43.55023
1035240156.2500001,-43.49358
1035240312.5000001,-43.53322
1035240468.7500001,-43.51339
1035240625.0000001,-43.52824
1035240781.2500001,-43.4993
1035240937.5000001,-43.52749
1035241093.7500001,-43.51005
1035241250.0000001,-43.51103
1035241406.2500001,-43.53933
1035241562.5000001,-43.50242
1035241718.7500001,-43.49043
1035241875.0000001,-43.50064
1035242031.2500001,-43.50449
1035242187.5000001,-43.4996
1035242343.7500001,-43.48774
1035242500.0000001,-43.51685
1035242656.2500001,-43.50408
1035242812.5000001,-43.47977
1035242968.7500001,-43.48823
1035243125.0000001,-43.49665
1035243281.2500001,-43.46414
1035243437.5000001,-43.49373
1035243593.7500001,-43.48806
1035243750.0000001,-43.4595
1035243906.2500001,-43.49205
1035244062.5000001,-43.46632
1035244218.7500001,-43.49241
1035244375.0000001,-43.47096
1035244531.2500001,-43.45284
1035244687.5000001,-43.46377
1035244843.7500001,-43.46191
1035245000.0000001,-43.47564
1035245156.2500001,-43.47574
1035245312.5000001,-43.47194
1035245468.7500001,-43.44709
1035245625.0000001,-43.47163
1035245781.2500001,-43.48616
1035245937.5000001,-43.46774
1035246093.7500001,-43.46465
1035246250.0000001,-43.46156
1035246406.2500001,-43.46692
1035246562.5000001,-43.4683
1035246718.7500001,-43.43861
1035246875.0000001,-43.43032
1035247031.2500001,-43.4294
1035247187.5000001,-43.48627
1035247343.7500001,-43.43388
1035247500.0000001,-43.43643
1035247656.2500001,-43.43175
1035247812.5000001,-43.409
1035247968.7500001,-43.4402
1035248125.0000001,-43.43307
1035248281.2500001,-43.43549
1035248437.5000001,-43.42574
1035248593.7500001,-43.40818
1035248750.0000001,-43.42037
1035248906.2500001,-43.41813
1035249062.5000001,-43.41874
1035249218.7500001,-43.44625
1035249375.0000001,-43.4127
1035249531.2500001,-43.44558
1035249687.5000001,-43.41755
1035249843.7500001,-43.42846
1035250000.0000001,-43.427
1035250156.2500001,-43.41422
1035250312.5000001,-43.40502
1035250468.7500001,-43.40783
1035250625.0000001,-43.40092
1035250781.2500001,-43.41932
1035250937.5000001,-43.42062
1035251093.7500001,-43.40399
1035251250.0000001,-43.40997
1035251406.2500001,-43.40959
1035251562.5000001,-43.38984
1035251718.7500001,-43.37777
1035251875.0000001,-43.38063
1035252031.2500001,-43.38539
1035252187.5000001,-43.36443
1035252343.7500001,-43.39393
1035252500.0000001,-43.38928
1035252656.2500001,-43.38971
1035252812.5000001,-43.38599
1035252968.7500001,-43.39045
1035253125.0000001,-43.37047
1035253281.2500001,-43.3988
1035253437.5000001,-43.3914
1035253593.7500001,-43.38009
1035253750.0000001,-43.38612
1035253906.2500001,-43.36487
1035254062.5000001,-43.37239
1035254218.7500001,-43.34802
1035254375.0000001,-43.37326
1035254531.2500001,-43.38029
1035254687.5000001,-43.36375
1035254843.7500001,-43.33856
1035255000.0000001,-43.34427
1035255156.2500001,-43.38483
1035255312.5000001,-43.35602
1035255468.7500001,-43.36289
1035255625.0000001,-43.36728
1035255781.2500001,-43.34769
1035255937.5000001,-43.35078
1035256093.7500001,-43.34172
1035256250.0000001,-43.35911
1035256406.2500001,-43.33323
1035256562.5000001,-43.34489
1035256718.7500001,-43.33334
1035256875.0000001,-43.32894
1035257031.2500001,-43.32664
1035257187.5000001,-43.33123
1035257343.7500001,-43.34629
1035257500.0000001,-43.32822
1035257656.2500001,-43.32749
1035257812.5000001,-43.30894
1035257968.7500001,-43.31633
1035258125.0000001,-43.30297
1035258281.2500001,-43.31522
1035258437.5000001,-43.3191
1035258593.7500001,-43.31143
1035258750.0000001,-43.30058
1035258906.2500001,-43.3134
1035259062.5000001,-43.30938
1035259218.7500001,-43.30951
1035259375.0000001,-43.27349
1035259531.2500001,-43.31433
1035259687.5000001,-43.32311
1035259843.7500001,-43.29305
1035260000.0000001,-43.28167
1035260156.2500001,-43.30176
1035260312.5000001,-43.28637
1035260468.7500001,-43.28956
1035260625.0000001,-43.26907
1035260781.2500001,-43.30914
1035260937.5000001,-43.27444
1035261093.7500001,-43.27662
1035261250.0000001,-43.29586
1035261406.2500001,-43.30186
1035261562.5000001,-43.3153
1035261718.7500001,-43.2868
1035261875.0000001,-43.29027
1035262031.2500001,-43.27574
1035262187.5000001,-43.27342
1035262343.7500001,-43.25462
1035262500.0000001,-43.25501
1035262656.2500001,-43.26618
1035262812.5000001,-43.25103
1035262968.7500001,-43.24633
1035263125.0000001,-43.26939
1035263281.2500001,-43.26378
1035263437.5000001,-43.26688
1035263593.7500001,-43.25564
1035263750.0000001,-43.27548
1035263906.2500001,-43.2678
1035264062.5000001,-43.271
1035264218.7500001,-43.26835
1035264375.0000001,-43.26043
1035264531.2500001,-43.26351
1035264687.5000001,-43.2567
1035264843.7500001,-43.24231
1035265000.0000001,-43.24938
1035265156.2500001,-43.25253
1035265312.5000001,-43.23755
1035265468.7500001,-43.21969
1035265625.0000001,-43.23619
1035265781.2500001,-43.26185
1035265937.5000001,-43.2126
1035266093.7500001,-43.218
1035266250.0000001,-43.2291
1035266406.2500001,-43.23288
1035266562.5000001,-43.23491
1035266718.7500001,-43.23754
1035266875.0000001,-43.21037
1035267031.2500001,-43.21139
1035267187.5000001,-43.2185
1035267343.7500001,-43.2114
1035267500.0000001,-43.25378
1035267656.2500001,-43.23569
1035267812.5000001,-43.23491
1035267968.7500001,-43.21983
1035268125.0000001,-43.21235
1035268281.2500001,-43.18616
1035268437.5000001,-43.20131
1035268593.7500001,-43.18732
1035268750.0000001,-43.20485
1035268906.2500001,-43.20518
1035269062.5000001,-43.19394
1035269218.7500001,-43.19317
1035269375.0000001,-43.18543
1035269531.2500001,-43.2117
1035269687.5000001,-43.1968
1035269843.7500001,-43.17222
1035270000.0000001,-43.18252
1035270156.2500001,-43.19402
1035270312.5000001,-43.19412
1035270468.7500001,-43.17219
1035270625.0000001,-43.1657
1035270781.2500001,-43.17212
1035270937.5000001,-43.19041
1035271093.7500001,-43.17958
1035271250.0000001,-43.19249
1035271406.2500001,-43.16098
1035271562.5000001,-43.15885
1035271718.7500001,-43.15158
1035271875.0000001,-43.16529
1035272031.2500001,-43.15994
1035272187.5000001,-43.16899
1035272343.7500001,-43.14494
1035272500.0000001,-43.15881
1035272656.2500001,-43.16591
1035272812.5000001,-43.16178
1035272968.7500001,-43.13234
1035273125.0000001,-43.15075
1035273281.2500001,-43.16655
1035273437.5000001,-43.152
1035273593.7500001,-43.13604
1035273750.0000001,-43.1447
1035273906.2500001,-43.15469
1035274062.5000001,-43.13761
1035274218.7500001,-43.13421
1035274375.0000001,-43.12907
1035274531.2500001,-43.15913
1035274687.5000001,-43.11716
1035274843.7500001,-43.12802
1035275000.0000001,-43.15582
1035275156.2500001,-43.13812
1035275312.5000001,-43.13595
1035275468.7500001,-43.13964
1035275625.0000001,-43.10609
1035275781.2500001,-43.10776
1035275937.5000001,-43.12434
1035276093.7500001,-43.11483
1035276250.0000001,-43.13135
1035276406.2500001,-43.10309
1035276562.5000001,-43.11935
1035276718.7500001,-43.1136
1035276875.0000001,-43.10423
1035277031.2500001,-43.10744
1035277187.5000001,-43.12328
1035277343.7500001,-43.08897
1035277500.0000001,-43.09024
1035277656.2500001,-43.1045
1035277812.5000001,-43.10452
1035277968.7500001,-43.09388
1035278125.0000001,-43.08921
1035278281.2500001,-43.0879
1035278437.5000001,-43.08747
1035278593.7500001,-43.08947
1035278750.0000001,-43.06963
1035278906.2500001,-43.08339
1035279062.5000001,-43.07677
1035279218.7500001,-43.07023
1035279375.0000001,-43.0654
1035279531.2500001,-43.06958
1035279687.5000001,-43.08311
1035279843.7500001,-43.08791
1035280000.0000001,-43.07272
1035280156.2500001,-43.03172
1035280312.5000001,-43.08427
1035280468.7500001,-43.07743
1035280625.0000001,-43.05625
1035280781.2500001,-43.02586
1035280937.5000001,-43.05082
1035281093.7500001,-43.03871
1035281250.0000001,-43.04805
1035281406.2500001,-43.04255
1035281562.5000001,-43.04368
1035281718.7500001,-43.03746
1035281875.0000001,-43.05488
1035282031.2500001,-43.05235
1035282187.5000001,-43.02271
1035282343.7500001,-43.03362
1035282500.0000001,-43.03056
1035282656.2500001,-43.03177
1035282812.5000001,-43.03123
1035282968.7500001,-43.00311
1035283125.0000001,-43.04905
1035283281.2500001,-43.00277
1035283437.5000001,-43.04069
1035283593.7500001,-43.00456
1035283750.0000001,-43.02269
1035283906.2500001,-42.98339
1035284062.5000001,-43.00172
1035284218.7500001,-42.9943
1035284375.0000001,-43.00051
1035284531.2500001,-43.01241
1035284687.5000001,-43.03393
1035284843.7500001,-42.98644
1035285000.0000001,-43.0128
1035285156.2500001,-43.03351
1035285312.5000001,-43.01067
1035285468.7500001,-42.97989
1035285625.0000001,-43.00022
1035285781.2500001,-43.00102
1035285937.5000001,-43.0041
1035286093.7500001,-42.98956
1035286250.0000001,-42.99797
1035286406.2500001,-42.98911
1035286562.5000001,-42.97702
1035286718.7500001,-42.98888
1035286875.0000001,-42.99284
1035287031.2500001,-42.98588
1035287187.5000001,-42.96138
1035287343.7500001,-42.9651
1035287500.0000001,-42.97424
1035287656.2500001,-42.98657
1035287812.5000001,-42.995
1035287968.7500001,-42.97882
1035288125.0000001,-42.99255
1035288281.2500001,-42.97406
1035288437.5000001,-42.9589
1035288593.7500001,-42.92691
1035288750.0000001,-42.9495
1035288906.2500001,-42.97828
1035289062.5000001,-42.95174
1035289218.7500001,-42.9577
1035289375.0000001,-42.96716
1035289531.2500001,-42.97301
1035289687.5000001,-42.93838
1035289843.7500001,-42.93117
1035290000.0000001,-42.96291
1035290156.2500001,-42.9466
1035290312.5000001,-42.90451
1035290468.7500001,-42.94719
1035290625.0000001,-42.95393
1035290781.2500001,-42.94872
1035290937.5000001,-42.92412
1035291093.7500001,-42.92563
1035291250.0000001,-42.9608
1035291406.2500001,-42.92607
1035291562.5000001,-42.9545
1035291718.7500001,-42.92631
1035291875.0000001,-42.91088
1035292031.2500001,-42.93163
1035292187.5000001,-42.9119
1035292343.7500001,-42.89836
1035292500.0000001,-42.90528
1035292656.2500001,-42.91158
1035292812.5000001,-42.90622
1035292968.7500001,-42.92447
1035293125.0000001,-42.92317
1035293281.2500001,-42.90926
1035293437.5000001,-42.92707
1035293593.7500001,-42.90381
1035293750.0000001,-42.90989
1035293906.2500001,-42.89873
1035294062.5000001,-42.90073
1035294218.7500001,-42.90118
1035294375.0000001,-42.90251
1035294531.2500001,-42.88699
1035294687.5000001,-42.88343
1035294843.7500001,-42.88781
1035295000.0000001,-42.87811
1035295156.2500001,-42.88572
1035295312.5000001,-42.88453
1035295468.7500001,-42.86241
1035295625.0000001,-42.86613
1035295781.2500001,-42.87178
1035295937.5000001,-42.8915
1035296093.7500001,-42.86102
1035296250.0000001,-42.87866
1035296406.2500001,-42.86245
1035296562.5000001,-42.86912
1035296718.7500001,-42.86064
1035296875.0000001,-42.87321
1035297031.2500001,-42.87387
1035297187.5000001,-42.86375
1035297343.7500001,-42.87167
1035297500.0000001,-42.88766
1035297656.2500001,-42.84791
1035297812.5000001,-42.85319
1035297968.7500001,-42.81582
1035298125.0000001,-42.84344
1035298281.2500001,-42.85379
1035298437.5000001,-42.85229
1035298593.7500001,-42.83498
1035298750.0000001,-42.83784
1035298906.2500001,-42.84075
1035299062.5000001,-42.83725
1035299218.7500001,-42.83429
1035299375.0000001,-42.82318
1035299531.2500001,-42.86177
1035299687.5000001,-42.82625
1035299843.7500001,-42.81241
1035300000.0000001,-42.84212
1035300156.2500001,-42.8196
1035300312.5000001,-42.83089
1035300468.7500001,-42.82792
1035300625.0000001,-42.81771
1035300781.2500001,-42.81594
1035300937.5000001,-42.79819
1035301093.7500001,-42.80189
1035301250.0000001,-42.80605
1035301406.2500001,-42.79225
1035301562.5000001,-42.80278
1035301718.7500001,-42.80933
1035301875.0000001,-42.8012
1035302031.2500001,-42.80997
1035302187.5000001,-42.79869
1035302343.7500001,-42.79747
1035302500.0000001,-42.80281
1035302656.2500001,-42.78936
1035302812.5000001,-42.81047
1035302968.7500001,-42.80318
1035303125.0000001,-42.77166
1035303281.2500001,-42.7972
1035303437.5000001,-42.77163
1035303593.7500001,-42.78011
1035303750.0000001,-42.76632
1035303906.2500001,-42.77557
1035304062.5000001,-42.75599
1035304218.7500001,-42.7579
1035304375.0000001,-42.75811
1035304531.2500001,-42.77214
1035304687.5000001,-42.76884
1035304843.7500001,-42.76467
1035305000.0000001,-42.76852
1035305156.2500001,-42.78101
1035305312.5000001,-42.77429
1035305468.7500001,-42.77394
1035305625.0000001,-42.75444
1035305781.2500001,-42.75438
1035305937.5000001,-42.78637
1035306093.7500001,-42.76467
1035306250.0000001,-42.77023
1035306406.2500001,-42.73423
1035306562.5000001,-42.75729
1035306718.7500001,-42.76152
1035306875.0000001,-42.75612
1035307031.2500001,-42.71807
1035307187.5000001,-42.735
1035307343.7500001,-42.71504
1035307500.0000001,-42.71074
1035307656.2500001,-42.71347
1035307812.5000001,-42.72583
1035307968.7500001,-42.74252
1035308125.0000001,-42.72969
1035308281.2500001,-42.7395
1035308437.5000001,-42.7116
1035308593.7500001,-42.73024
1035308750.0000001,-42.71426
1035308906.2500001,-42.71635
1035309062.5000001,-42.74163
1035309218.7500001,-42.71322
1035309375.0000001,-42.70991
1035309531.2500001,-42.69803
1035309687.5000001,-42.71809
1035309843.7500001,-42.69933
1035310000.0000001,-42.742
1035310156.2500001,-42.69285
1035310312.5000001,-42.70127
1035310468.7500001,-42.69989
1035310625.0000001,-42.68843
1035310781.2500001,-42.70185
1035310937.5000001,-42.69471
1035311093.7500001,-42.69438
1035311250.0000001,-42.67983
1035311406.2500001,-42.69796
1035311562.5000001,-42.67344
1035311718.7500001,-42.6848
1035311875.0000001,-42.67233
1035312031.2500001,-42.68198
1035312187.5000001,-42.67413
1035312343.7500001,-42.6912
1035312500.0000001,-42.66925
1035312656.2500001,-42.6717
1035312812.5000001,-42.66876
1035312968.7500001,-42.65532
1035313125.0000001,-42.65728
1035313281.2500001,-42.66069
1035313437.5000001,-42.66521
1035313593.7500001,-42.64732
1035313750.0000001,-42.66414
1035313906.2500001,-42.65294
1035314062.5000001,-42.65511
1035314218.7500001,-42.66588
1035314375.0000001,-42.66294
1035314531.2500001,-42.65182
1035314687.5000001,-42.62745
1035314843.7500001,-42.63083
1035315000.0000001,-42.63423
1035315156.2500001,-42.62613
1035315312.5000001,-42.64101
1035315468.7500001,-42.63843
1035315625.0000001,-42.64358
1035315781.2500001,-42.63175
1035315937.5000001,-42.62476
1035316093.7500001,-42.62102
1035316250.0000001,-42.63586
1035316406.2500001,-42.61945
1035316562.5000001,-42.6343
1035316718.7500001,-42.6346
1035316875.0000001,-42.60313
1035317031.2500001,-42.63329
1035317187.5000001,-42.6368
1035317343.7500001,-42.6241
1035317500.0000001,-42.59267
1035317656.2500001,-42.62513
1035317812.5000001,-42.59855
1035317968.7500001,-42.59538
1035318125.0000001,-42.6129
1035318281.2500001,-42.60342
1035318437.5000001,-42.58618
1035318593.7500001,-42.59977
1035318750.0000001,-42.60266
1035318906.2500001,-42.58473
1035319062.5000001,-42.6113
1035319218.7500001,-42.61133
1035319375.0000001,-42.58536
1035319531.2500001,-42.60017
1035319687.5000001,-42.58603
1035319843.7500001,-42.57312
1035320000.0000001,-42.58125
1035320156.2500001,-42.59297
1035320312.5000001,-42.59108
1035320468.7500001,-42.57049
1035320625.0000001,-42.5879
1035320781.2500001,-42.57641
1035320937.5000001,-42.56481
1035321093.7500001,-42.55761
1035321250.0000001,-42.57323
1035321406.2500001,-42.55922
1035321562.5000001,-42.55227
1035321718.7500001,-42.55979
1035321875.0000001,-42.57069
1035322031.2500001,-42.55991
1035322187.5000001,-42.57927
1035322343.7500001,-42.55008
1035322500.0000001,-42.53244
1035322656.2500001,-42.55929
1035322812.5000001,-42.53559
1035322968.7500001,-42.54801
1035323125.0000001,-42.53205
1035323281.2500001,-42.56404
1035323437.5000001,-42.55396
1035323593.7500001,-42.52141
1035323750.0000001,-42.52287
1035323906.2500001,-42.53901
1035324062.5000001,-42.50983
1035324218.7500001,-42.52737
1035324375.0000001,-42.54923
1035324531.2500001,-42.52473
1035324687.5000001,-42.52102
1035324843.7500001,-42.50667
1035325000.0000001,-42.51905
1035325156.2500001,-42.53104
1035325312.5000001,-42.52491
1035325468.7500001,-42.52701
1035325625.0000001,-42.51997
1035325781.2500001,-42.48721
1035325937.5000001,-42.49798
1035326093.7500001,-42.51379
1035326250.0000001,-42.51159
1035326406.2500001,-42.47826
1035326562.5000001,-42.50114
1035326718.7500001,-42.50823
1035326875.0000001,-42.52143
1035327031.2500001,-42.47957
1035327187.5000001,-42.49747
1035327343.7500001,-42.48058
1035327500.0000001,-42.49478
1035327656.2500001,-42.47085
1035327812.5000001,-42.4795
1035327968.7500001,-42.46885
1035328125.0000001,-42.49529
1035328281.2500001,-42.45141
1035328437.5000001,-42.47678
1035328593.7500001,-42.47237
1035328750.0000001,-42.47568
1035328906.2500001,-42.48152
1035329062.5000001,-42.479
1035329218.7500001,-42.47514
1035329375.0000001,-42.44399
1035329531.2500001,-42.45203
1035329687.5000001,-42.44659
1035329843.7500001,-42.43214
1035330000.0000001,-42.45599
1035330156.2500001,-42.45164
1035330312.5000001,-42.43185
1035330468.7500001,-42.45131
1035330625.0000001,-42.44169
1035330781.2500001,-42.43312
1035330937.5000001,-42.44907
1035331093.7500001,-42.45053
1035331250.0000001,-42.43958
1035331406.2500001,-42.45071
1035331562.5000001,-42.40789
1035331718.7500001,-42.44112
1035331875.0000001,-42.40852
1035332031.2500001,-42.44209
1035332187.5000001,-42.45092
1035332343.7500001,-42.4306
1035332500.0000001,-42.41306
1035332656.2500001,-42.41917
1035332812.5000001,-42.41505
1035332968.7500001,-42.40395
1035333125.0000001,-42.40635
1035333281.2500001,-42.4227
1035333437.5000001,-42.41885
1035333593.7500001,-42.4201
1035333750.0000001,-42.40303
1035333906.2500001,-42.42088
1035334062.5000001,-42.3894
1035334218.7500001,-42.41068
1035334375.0000001,-42.40427
1035334531.2500001,-42.40376
1035334687.5000001,-42.3992
1035334843.7500001,-42.37245
1035335000.0000001,-42.40488
1035335156.2500001,-42.39314
1035335312.5000001,-42.40425
1035335468.7500001,-42.36234
1035335625.0000001,-42.39237
1035335781.2500001,-42.3832
1035335937.5000001,-42.38588
1035336093.7500001,-42.3601
1035336250.0000001,-42.39207
1035336406.2500001,-42.37307
1035336562.5000001,-42.36565
1035336718.7500001,-42.37051
1035336875.0000001,-42.3676
1035337031.2500001,-42.33778
1035337187.5000001,-42.37543
1035337343.7500001,-42.37299
1035337500.0000001,-42.35729
1035337656.2500001,-42.35661
1035337812.5000001,-42.35623
1035337968.7500001,-42.35627
1035338125.0000001,-42.35188
1035338281.2500001,-42.34451
1035338437.5000001,-42.35891
1035338593.7500001,-42.36132
1035338750.0000001,-42.34454
1035338906.2500001,-42.32449
1035339062.5000001,-42.32254
1035339218.7500001,-42.34682
1035339375.0000001,-42.32996
1035339531.2500001,-42.34456
1035339687.5000001,-42.32541
1035339843.7500001,-42.3291
1035340000.0000001,-42.33715
1035340156.2500001,-42.32793
1035340312.5000001,-42.35096
1035340468.7500001,-42.33902
1035340625.0000001,-42.33224
1035340781.2500001,-42.30249
1035340937.5000001,-42.33184
1035341093.7500001,-42.33532
1035341250.0000001,-42.32218
1035341406.2500001,-42.28944
1035341562.5000001,-42.30265
1035341718.7500001,-42.31556
1035341875.0000001,-42.29514
1035342031.2500001,-42.29337
1035342187.5000001,-42.30143
1035342343.7500001,-42.29491
1035342500.0000001,-42.30408
1035342656.2500001,-42.28909
1035342812.5000001,-42.27818
1035342968.7500001,-42.29325
1035343125.0000001,-42.28146
1035343281.2500001,-42.27403
1035343437.5000001,-42.26856
1035343593.7500001,-42.28058
1035343750.0000001,-42.27819
1035343906.2500001,-42.26883
1035344062.5000001,-42.29327
1035344218.7500001,-42.28602
1035344375.0000001,-42.26933
1035344531.2500001,-42.2687
1035344687.5000001,-42.28489
1035344843.7500001,-42.24632
1035345000.0000001,-42.25813
1035345156.2500001,-42.25119
1035345312.5000001,-42.26131
1035345468.7500001,-42.25588
1035345625.0000001,-42.27057
1035345781.2500001,-42.25998
1035345937.5000001,-42.26797
1035346093.7500001,-42.25774
1035346250.0000001,-42.23865
1035346406.2500001,-42.24196
1035346562.5000001,-42.24109
1035346718.7500001,-42.24281
1035346875.0000001,-42.23235
1035347031.2500001,-42.24548
1035347187.5000001,-42.23446
1035347343.7500001,-42.2463
1035347500.0000001,-42.23579
1035347656.2500001,-42.22919
1035347812.5000001,-42.20926
1035347968.7500001,-42.25006
1035348125.0000001,-42.22596
1035348281.2500001,-42.2249
1035348437.5000001,-42.22779
1035348593.7500001,-42.23264
1035348750.0000001,-42.22283
1035348906.2500001,-42.207
1035349062.5000001,-42.21949
1035349218.7500001,-42.20705
1035349375.0000001,-42.18931
1035349531.2500001,-42.19585
1035349687.5000001,-42.21085
1035349843.7500001,-42.19474
1035350000.0000001,-42.22915
1035350156.2500001,-42.21058
1035350312.5000001,-42.21725
1035350468.7500001,-42.19704
1035350625.0000001,-42.1747
1035350781.2500001,-42.19687
1035350937.5000001,-42.18777
1035351093.7500001,-42.17794
1035351250.0000001,-42.19034
1035351406.2500001,-42.1944
1035351562.5000001,-42.18512
1035351718.7500001,-42.17218
1035351875.0000001,-42.1631
1035352031.2500001,-42.16906
1035352187.5000001,-42.16256
1035352343.7500001,-42.17502
1035352500.0000001,-42.15585
1035352656.2500001,-42.1575
1035352812.5000001,-42.14918
1035352968.7500001,-42.15599
1035353125.0000001,-42.16296
1035353281.2500001,-42.13527
1035353437.5000001,-42.15101
1035353593.7500001,-42.15908
1035353750.0000001,-42.17352
1035353906.2500001,-42.15208
1035354062.5000001,-42.15078
1035354218.7500001,-42.14779
1035354375.0000001,-42.11928
1035354531.2500001,-42.13973
1035354687.5000001,-42.13383
1035354843.7500001,-42.12093
1035355000.0000001,-42.12435
1035355156.2500001,-42.13206
1035355312.5000001,-42.11511
1035355468.7500001,-42.16658
1035355625.0000001,-42.12878
1035355781.2500001,-42.15205
1035355937.5000001,-42.12995
1035356093.7500001,-42.1215
1035356250.0000001,-42.1064
1035356406.2500001,-42.12399
1035356562.5000001,-42.12386
1035356718.7500001,-42.11219
1035356875.0000001,-42.11836
1035357031.2500001,-42.12661
1035357187.5000001,-42.10652
1035357343.7500001,-42.10674
1035357500.0000001,-42.11741
1035357656.2500001,-42.09106
1035357812.5000001,-42.09261
1035357968.7500001,-42.09634
1035358125.0000001,-42.09329
1035358281.2500001,-42.09771
1035358437.5000001,-42.11229
1035358593.7500001,-42.07869
1035358750.0000001,-42.07051
1035358906.2500001,-42.08254
1035359062.5000001,-42.06563
1035359218.7500001,-42.05235
1035359375.0000001,-42.06487
1035359531.2500001,-42.05771
1035359687.5000001,-42.09089
1035359843.7500001,-42.06081
1035360000.0000001,-42.08327
1035360156.2500001,-42.07559
1035360312.5000001,-42.06819
1035360468.7500001,-42.06432
1035360625.0000001,-42.04542
1035360781.2500001,-42.04647
1035360937.5000001,-42.05778
1035361093.7500001,-42.05677
1035361250.0000001,-42.0441
1035361406.2500001,-42.03604
1035361562.5000001,-42.03286
1035361718.7500001,-42.0375
1035361875.0000001,-42.03752
1035362031.2500001,-42.03915
1035362187.5000001,-42.02407
1035362343.7500001,-42.02319
1035362500.0000001,-42.03112
1035362656.2500001,-42.03952
1035362812.5000001,-42.03932
1035362968.7500001,-42.00566
1035363125.0000001,-42.03506
1035363281.2500001,-42.0353
1035363437.5000001,-42.0278
1035363593.7500001,-42.02768
1035363750.0000001,-42.02049
1035363906.2500001,-42.01177
1035364062.5000001,-42.02294
1035364218.7500001,-42.0168
1035364375.0000001,-41.99878
1035364531.2500001,-42.01016
1035364687.5000001,-42.02256
1035364843.7500001,-41.99263
1035365000.0000001,-42.00085
1035365156.2500001,-42.01686
1035365312.5000001,-42.00703
1035365468.7500001,-42.01366
1035365625.0000001,-41.99277
1035365781.2500001,-41.99582
1035365937.5000001,-41.98724
1035366093.7500001,-41.97023
1035366250.0000001,-41.98041
1035366406.2500001,-41.99733
1035366562.5000001,-41.97121
1035366718.7500001,-41.98595
1035366875.0000001,-41.98331
1035367031.2500001,-41.99302
1035367187.5000001,-41.97357
1035367343.7500001,-41.97043
1035367500.0000001,-41.97302
1035367656.2500001,-41.98019
1035367812.5000001,-41.94962
1035367968.7500001,-41.97215
1035368125.0000001,-41.97189
1035368281.2500001,-41.95443
1035368437.5000001,-41.96601
1035368593.7500001,-41.9454
1035368750.0000001,-41.96393
1035368906.2500001,-41.9603
1035369062.5000001,-41.94511
1035369218.7500001,-41.9501
1035369375.0000001,-41.95152
1035369531.2500001,-41.92954
1035369687.5000001,-41.94555
1035369843.7500001,-41.96169
1035370000.0000001,-41.92823
1035370156.2500001,-41.94347
1035370312.5000001,-41.92164
1035370468.7500001,-41.91903
1035370625.0000001,-41.93596
1035370781.2500001,-41.93401
1035370937.5000001,-41.94108
1035371093.7500001,-41.93379
1035371250.0000001,-41.90652
1035371406.2500001,-41.91782
1035371562.5000001,-41.91138
1035371718.7500001,-41.92113
1035371875.0000001,-41.90302
1035372031.2500001,-41.91591
1035372187.5000001,-41.91651
1035372343.7500001,-41.91259
1035372500.0000001,-41.91615
1035372656.2500001,-41.90453
1035372812.5000001,-41.88058
1035372968.7500001,-41.89633
1035373125.0000001,-41.90762
1035373281.2500001,-41.87951
1035373437.5000001,-41.88248
1035373593.7500001,-41.8895
1035373750.0000001,-41.90401
1035373906.2500001,-41.88862
1035374062.5000001,-41.89922
1035374218.7500001,-41.88593
1035374375.0000001,-41.87582
1035374531.2500001,-41.85913
1035374687.5000001,-41.87032
1035374843.7500001,-41.89834
1035375000.0000001,-41.85654
1035375156.2500001,-41.86822
1035375312.5000001,-41.87543
1035375468.7500001,-41.85001
1035375625.0000001,-41.86605
1035375781.2500001,-41.84583
1035375937.5000001,-41.87585
1035376093.7500001,-41.86508
1035376250.0000001,-41.81393
1035376406.2500001,-41.84842
1035376562.5000001,-41.8596
1035376718.7500001,-41.86576
1035376875.0000001,-41.86464
1035377031.2500001,-41.8496
1035377187.5000001,-41.83649
1035377343.7500001,-41.84054
1035377500.0000001,-41.82919
1035377656.2500001,-41.82929
1035377812.5000001,-41.82026
1035377968.7500001,-41.84304
1035378125.0000001,-41.82978
1035378281.2500001,-41.82273
1035378437.5000001,-41.82266
1035378593.7500001,-41.81977
1035378750.0000001,-41.8227
1035378906.2500001,-41.84002
1035379062.5000001,-41.8213
1035379218.7500001,-41.82997
1035379375.0000001,-41.82204
1035379531.2500001,-41.79826
1035379687.5000001,-41.80415
1035379843.7500001,-41.79307
1035380000.0000001,-41.78185
1035380156.2500001,-41.8238
1035380312.5000001,-41.80096
1035380468.7500001,-41.78125
1035380625.0000001,-41.81752
1035380781.2500001,-41.78413
1035380937.5000001,-41.77851
1035381093.7500001,-41.81188
1035381250.0000001,-41.78506
1035381406.2500001,-41.79496
1035381562.5000001,-41.7806
1035381718.7500001,-41.7518
1035381875.0000001,-41.78052
1035382031.2500001,-41.76688
1035382187.5000001,-41.76749
1035382343.7500001,-41.7903
1035382500.0000001,-41.75318
1035382656.2500001,-41.76423
1035382812.5000001,-41.76346
1035382968.7500001,-41.75542
1035383125.0000001,-41.74538
1035383281.2500001,-41.76132
1035383437.5000001,-41.73648
1035383593.7500001,-41.75603
1035383750.0000001,-41.75565
1035383906.2500001,-41.75114
1035384062.5000001,-41.74496
1035384218.7500001,-41.76541
1035384375.0000001,-41.73076
1035384531.2500001,-41.724
1035384687.5000001,-41.7429
1035384843.7500001,-41.73077
1035385000.0000001,-41.76289
1035385156.2500001,-41.75105
1035385312.5000001,-41.73563
1035385468.7500001,-41.73027
1035385625.0000001,-41.74297
1035385781.2500001,-41.71095
1035385937.5000001,-41.71868
1035386093.7500001,-41.72153
1035386250.0000001,-41.71156
1035386406.2500001,-41.72122
1035386562.5000001,-41.69468
1035386718.7500001,-41.7154
1035386875.0000001,-41.71279
1035387031.2500001,-41.71703
1035387187.5000001,-41.71547
1035387343.7500001,-41.6783
1035387500.0000001,-41.70739
1035387656.2500001,-41.69774
1035387812.5000001,-41.69082
1035387968.7500001,-41.70519
1035388125.0000001,-41.69715
1035388281.2500001,-41.67906
1035388437.5000001,-41.66013
1035388593.7500001,-41.70361
1035388750.0000001,-41.68699
1035388906.2500001,-41.67963
1035389062.5000001,-41.67617
1035389218.7500001,-41.68804
1035389375.0000001,-41.66977
1035389531.2500001,-41.68163
1035389687.5000001,-41.67671
1035389843.7500001,-41.6708
1035390000.0000001,-41.64724
1035390156.2500001,-41.67551
1035390312.5000001,-41.66799
1035390468.7500001,-41.67167
1035390625.0000001,-41.67108
1035390781.2500001,-41.65644
1035390937.5000001,-41.66245
1035391093.7500001,-41.65142
1035391250.0000001,-41.63652
1035391406.2500001,-41.6506
1035391562.5000001,-41.64264
1035391718.7500001,-41.62513
1035391875.0000001,-41.6416
1035392031.2500001,-41.64395
1035392187.5000001,-41.63116
1035392343.7500001,-41.62679
1035392500.0000001,-41.63358
1035392656.2500001,-41.64759
1035392812.5000001,-41.62226
1035392968.7500001,-41.63166
1035393125.0000001,-41.63264
1035393281.2500001,-41.61731
1035393437.5000001,-41.60333
1035393593.7500001,-41.61321
1035393750.0000001,-41.61822
1035393906.2500001,-41.61685
1035394062.5000001,-41.6106
1035394218.7500001,-41.59223
1035394375.0000001,-41.60247
1035394531.2500001,-41.60647
1035394687.5000001,-41.63012
1035394843.7500001,-41.59528
1035395000.0000001,-41.60078
1035395156.2500001,-41.59811
1035395312.5000001,-41.5813
1035395468.7500001,-41.59925
1035395625.0000001,-41.61073
1035395781.2500001,-41.58664
1035395937.5000001,-41.55379
1035396093.7500001,-41.58386
1035396250.0000001,-41.59298
1035396406.2500001,-41.58823
1035396562.5000001,-41.5665
1035396718.7500001,-41.57054
1035396875.0000001,-41.56208
1035397031.2500001,-41.5662
1035397187.5000001,-41.55841
1035397343.7500001,-41.56158
1035397500.0000001,-41.57343
1035397656.2500001,-41.57396
1035397812.5000001,-41.57632
1035397968.7500001,-41.57434
1035398125.0000001,-41.54664
1035398281.2500001,-41.55645
1035398437.5000001,-41.54129
1035398593.7500001,-41.53816
1035398750.0000001,-41.54041
1035398906.2500001,-41.52016
1035399062.5000001,-41.54626
1035399218.7500001,-41.56116
1035399375.0000001,-41.55027
1035399531.2500001,-41.53409
1035399687.5000001,-41.52089
1035399843.7500001,-41.52849
1035400000.0000001,-41.53516
1035400156.2500001,-41.49767
1035400312.5000001,-41.53388
1035400468.7500001,-41.54395
1035400625.0000001,-41.51197
1035400781.2500001,-41.5057
1035400937.5000001,-41.53353
1035401093.7500001,-41.51925
1035401250.0000001,-41.51773
1035401406.2500001,-41.5251
1035401562.5000001,-41.505
1035401718.7500001,-41.51282
1035401875.0000001,-41.49266
1035402031.2500001,-41.49104
1035402187.5000001,-41.49462
1035402343.7500001,-41.49475
1035402500.0000001,-41.49251
1035402656.2500001,-41.49517
1035402812.5000001,-41.48482
1035402968.7500001,-41.48167
1035403125.0000001,-41.48034
1035403281.2500001,-41.47164
1035403437.5000001,-41.49142
1035403593.7500001,-41.46536
1035403750.0000001,-41.46551
1035403906.2500001,-41.46658
1035404062.5000001,-41.47459
1035404218.7500001,-41.45676
1035404375.0000001,-41.46085
1035404531.2500001,-41.46911
1035404687.5000001,-41.46814
1035404843.7500001,-41.46679
1035405000.0000001,-41.45398
1035405156.2500001,-41.47023
1035405312.5000001,-41.44781
1035405468.7500001,-41.45834
1035405625.0000001,-41.42348
1035405781.2500001,-41.45235
1035405937.5000001,-41.43171
1035406093.7500001,-41.45548
1035406250.0000001,-41.42484
1035406406.2500001,-41.45656
1035406562.5000001,-41.41505
1035406718.7500001,-41.44176
1035406875.0000001,-41.41688
1035407031.2500001,-41.4283
1035407187.5000001,-41.42955
1035407343.7500001,-41.41792
1035407500.0000001,-41.44525
1035407656.2500001,-41.40624
1035407812.5000001,-41.39933
1035407968.7500001,-41.41551
1035408125.0000001,-41.40974
1035408281.2500001,-41.41787
1035408437.5000001,-41.42033
1035408593.7500001,-41.41771
1035408750.0000001,-41.41124
1035408906.2500001,-41.39798
1035409062.5000001,-41.39448
1035409218.7500001,-41.42482
1035409375.0000001,-41.37019
1035409531.2500001,-41.3799
1035409687.5000001,-41.40321
1035409843.7500001,-41.3858
1035410000.0000001,-41.39179
1035410156.2500001,-41.38848
1035410312.5000001,-41.37761
1035410468.7500001,-41.38946
1035410625.0000001,-41.37564
1035410781.2500001,-41.38197
1035410937.5000001,-41.39017
1035411093.7500001,-41.35355
1035411250.0000001,-41.35849
1035411406.2500001,-41.36285
1035411562.5000001,-41.35558
1035411718.7500001,-41.37343
1035411875.0000001,-41.35506
1035412031.2500001,-41.36844
1035412187.5000001,-41.35918
1035412343.7500001,-41.35586
1035412500.0000001,-41.36985
1035412656.2500001,-41.3515
1035412812.5000001,-41.34903
1035412968.7500001,-41.33371
1035413125.0000001,-41.34171
1035413281.2500001,-41.35112
1035413437.5000001,-41.3503
1035413593.7500001,-41.34611
1035413750.0000001,-41.35072
1035413906.2500001,-41.36105
1035414062.5000001,-41.31269
1035414218.7500001,-41.34745
1035414375.0000001,-41.33204
1035414531.2500001,-41.29897
1035414687.5000001,-41.32873
1035414843.7500001,-41.32111
1035415000.0000001,-41.32946
1035415156.2500001,-41.30008
1035415312.5000001,-41.31856
1035415468.7500001,-41.30568
1035415625.0000001,-41.29158
1035415781.2500001,-41.29947
1035415937.5000001,-41.30125
1035416093.7500001,-41.31009
1035416250.0000001,-41.29802
1035416406.2500001,-41.29848
1035416562.5000001,-41.2957
1035416718.7500001,-41.28477
1035416875.0000001,-41.30299
1035417031.2500001,-41.27964
1035417187.5000001,-41.29052
1035417343.7500001,-41.27467
1035417500.0000001,-41.27651
1035417656.2500001,-41.27888
1035417812.5000001,-41.25994
1035417968.7500001,-41.27418
1035418125.0000001,-41.27159
1035418281.2500001,-41.22887
1035418437.5000001,-41.29134
1035418593.7500001,-41.27892
1035418750.0000001,-41.26148
1035418906.2500001,-41.28369
1035419062.5000001,-41.24671
1035419218.7500001,-41.25687
1035419375.0000001,-41.24542
1035419531.2500001,-41.24886
1035419687.5000001,-41.25955
1035419843.7500001,-41.26757
1035420000.0000001,-41.24876
1035420156.2500001,-41.24166
1035420312.5000001,-41.24873
1035420468.7500001,-41.24965
1035420625.0000001,-41.24252
1035420781.2500001,-41.23471
1035420937.5000001,-41.22062
1035421093.7500001,-41.23804
1035421250.0000001,-41.22698
1035421406.2500001,-41.235
1035421562.5000001,-41.22835
1035421718.7500001,-41.20905
1035421875.0000001,-41.19747
1035422031.2500001,-41.21709
1035422187.5000001,-41.21296
1035422343.7500001,-41.21703
1035422500.0000001,-41.20395
1035422656.2500001,-41.22075
1035422812.5000001,-41.19341
1035422968.7500001,-41.19101
1035423125.0000001,-41.19432
1035423281.2500001,-41.17701
1035423437.5000001,-41.20888
1035423593.7500001,-41.18931
1035423750.0000001,-41.17886
1035423906.2500001,-41.20033
1035424062.5000001,-41.17315
1035424218.7500001,-41.16214
1035424375.0000001,-41.17154
1035424531.2500001,-41.17191
1035424687.5000001,-41.17685
1035424843.7500001,-41.17847
1035425000.0000001,-41.16978
1035425156.2500001,-41.17186
1035425312.5000001,-41.14857
1035425468.7500001,-41.1795
1035425625.0000001,-41.1672
1035425781.2500001,-41.15533
1035425937.5000001,-41.15678
1035426093.7500001,-41.17648
1035426250.0000001,-41.15557
1035426406.2500001,-41.14983
1035426562.5000001,-41.17548
1035426718.7500001,-41.14711
1035426875.0000001,-41.15396
1035427031.2500001,-41.13013
1035427187.5000001,-41.15828
1035427343.7500001,-41.13517
1035427500.0000001,-41.14524
1035427656.2500001,-41.11714
1035427812.5000001,-41.14151
1035427968.7500001,-41.14892
1035428125.0000001,-41.12199
1035428281.2500001,-41.12256
1035428437.5000001,-41.11628
1035428593.7500001,-41.12574
1035428750.0000001,-41.11646
1035428906.2500001,-41.11847
1035429062.5000001,-41.10571
1035429218.7500001,-41.09573
1035429375.0000001,-41.08724
1035429531.2500001,-41.11098
1035429687.5000001,-41.08091
1035429843.7500001,-41.09014
1035430000.0000001,-41.0759
1035430156.2500001,-41.09986
1035430312.5000001,-41.0771
1035430468.7500001,-41.08524
1035430625.0000001,-41.09771
1035430781.2500001,-41.08693
1035430937.5000001,-41.08579
1035431093.7500001,-41.08008
1035431250.0000001,-41.08337
1035431406.2500001,-41.07698
1035431562.5000001,-41.05485
1035431718.7500001,-41.06465
1035431875.0000001,-41.06608
1035432031.2500001,-41.05285
1035432187.5000001,-41.04986
1035432343.7500001,-41.06414
1035432500.0000001,-41.07657
1035432656.2500001,-41.05998
1035432812.5000001,-41.05333
1035432968.7500001,-41.05872
1035433125.0000001,-41.05427
1035433281.2500001,-41.04369
1035433437.5000001,-41.03522
1035433593.7500001,-41.05685
1035433750.0000001,-41.05553
1035433906.2500001,-41.04587
1035434062.5000001,-41.04145
1035434218.7500001,-41.03089
1035434375.0000001,-41.02615
1035434531.2500001,-41.04177
1035434687.5000001,-41.01799
1035434843.7500001,-41.0177
1035435000.0000001,-41.03462
1035435156.2500001,-41.03053
1035435312.5000001,-41.02116
1035435468.7500001,-41.01482
1035435625.0000001,-41.01113
1035435781.2500001,-41.01556
1035435937.5000001,-41.01803
1035436093.7500001,-41.01429
1035436250.0000001,-40.98616
1035436406.2500001,-41.01535
1035436562.5000001,-41.00105
1035436718.7500001,-41.0136
1035436875.0000001,-40.98851
1035437031.2500001,-40.98801
1035437187.5000001,-40.99243
1035437343.7500001,-41.00309
1035437500.0000001,-40.99852
1035437656.2500001,-40.97617
1035437812.5000001,-40.99525
1035437968.7500001,-40.98265
1035438125.0000001,-40.97812
1035438281.2500001,-40.96091
1035438437.5000001,-40.97456
1035438593.7500001,-40.95617
1035438750.0000001,-40.95339
1035438906.2500001,-40.97744
1035439062.5000001,-40.95928
1035439218.7500001,-40.96848
1035439375.0000001,-40.95847
1035439531.2500001,-40.95277
1035439687.5000001,-40.94926
1035439843.7500001,-40.93781
1035440000.0000001,-40.93677
1035440156.2500001,-40.94104
1035440312.5000001,-40.96335
1035440468.7500001,-40.93793
1035440625.0000001,-40.95155
1035440781.2500001,-40.93689
1035440937.5000001,-40.94433
1035441093.7500001,-40.93056
1035441250.0000001,-40.93641
1035441406.2500001,-40.9203
1035441562.5000001,-40.92176
1035441718.7500001,-40.93265
1035441875.0000001,-40.92448
1035442031.2500001,-40.92695
1035442187.5000001,-40.9108
1035442343.7500001,-40.91725
1035442500.0000001,-40.89869
1035442656.2500001,-40.8862
1035442812.5000001,-40.93024
1035442968.7500001,-40.90877
1035443125.0000001,-40.90694
1035443281.2500001,-40.92116
1035443437.5000001,-40.9075
1035443593.7500001,-40.89715
1035443750.0000001,-40.87375
1035443906.2500001,-40.87881
1035444062.5000001,-40.88848
1035444218.7500001,-40.87926
1035444375.0000001,-40.87933
1035444531.2500001,-40.88745
1035444687.5000001,-40.88478
1035444843.7500001,-40.87479
1035445000.0000001,-40.90242
1035445156.2500001,-40.86201
1035445312.5000001,-40.86402
1035445468.7500001,-40.88098
1035445625.0000001,-40.85771
1035445781.2500001,-40.86284
1035445937.5000001,-40.85563
1035446093.7500001,-40.86331
1035446250.0000001,-40.84593
1035446406.2500001,-40.85991
1035446562.5000001,-40.85799
1035446718.7500001,-40.85211
1035446875.0000001,-40.83363
1035447031.2500001,-40.85874
1035447187.5000001,-40.83348
1035447343.7500001,-40.84312
1035447500.0000001,-40.84647
1035447656.2500001,-40.83931
1035447812.5000001,-40.83318
1035447968.7500001,-40.81084
1035448125.0000001,-40.83321
1035448281.2500001,-40.82406
1035448437.5000001,-40.83145
1035448593.7500001,-40.84684
1035448750.0000001,-40.80636
1035448906.2500001,-40.80464
1035449062.5000001,-40.80183
1035449218.7500001,-40.80822
1035449375.0000001,-40.80702
1035449531.2500001,-40.79166
1035449687.5000001,-40.79853
1035449843.7500001,-40.79914
1035450000.0000001,-40.80518
1035450156.2500001,-40.7892
1035450312.5000001,-40.80698
1035450468.7500001,-40.79814
1035450625.0000001,-40.79113
1035450781.2500001,-40.78143
1035450937.5000001,-40.79434
1035451093.7500001,-40.78201
1035451250.0000001,-40.78212
1035451406.2500001,-40.7672
1035451562.5000001,-40.80429
1035451718.7500001,-40.76948
1035451875.0000001,-40.76368
1035452031.2500001,-40.76666
1035452187.5000001,-40.79596
1035452343.7500001,-40.75288
1035452500.0000001,-40.75415
1035452656.2500001,-40.74813
1035452812.5000001,-40.77338
1035452968.7500001,-40.75999
1035453125.0000001,-40.74952
1035453281.2500001,-40.76434
1035453437.5000001,-40.75829
1035453593.7500001,-40.74114
1035453750.0000001,-40.74445
1035453906.2500001,-40.74171
1035454062.5000001,-40.7188
1035454218.7500001,-40.73735
1035454375.0000001,-40.7438
1035454531.2500001,-40.72736
1035454687.5000001,-40.71252
1035454843.7500001,-40.73468
1035455000.0000001,-40.71705
1035455156.2500001,-40.71919
1035455312.5000001,-40.72271
1035455468.7500001,-40.70839
1035455625.0000001,-40.71393
1035455781.2500001,-40.71715
1035455937.5000001,-40.70412
1035456093.7500001,-40.69975
1035456250.0000001,-40.7215
1035456406.2500001,-40.69652
1035456562.5000001,-40.70362
1035456718.7500001,-40.6936
1035456875.0000001,-40.69073
1035457031.2500001,-40.69908
1035457187.5000001,-40.69448
1035457343.7500001,-40.69011
1035457500.0000001,-40.69263
1035457656.2500001,-40.67006
1035457812.5000001,-40.67981
1035457968.7500001,-40.67335
1035458125.0000001,-40.67836
1035458281.2500001,-40.6695
1035458437.5000001,-40.65223
1035458593.7500001,-40.67551
1035458750.0000001,-40.64698
1035458906.2500001,-40.66493
1035459062.5000001,-40.66021
1035459218.7500001,-40.64711
1035459375.0000001,-40.662
1035459531.2500001,-40.64639
1035459687.5000001,-40.64648
1035459843.7500001,-40.65048
1035460000.0000001,-40.63866
1035460156.2500001,-40.64149
1035460312.5000001,-40.63644
1035460468.7500001,-40.63649
1035460625.0000001,-40.6436
1035460781.2500001,-40.62436
1035460937.5000001,-40.64162
1035461093.7500001,-40.61916
1035461250.0000001,-40.61603
1035461406.2500001,-40.63154
1035461562.5000001,-40.60522
1035461718.7500001,-40.60513
1035461875.0000001,-40.6083
1035462031.2500001,-40.60407
1035462187.5000001,-40.61099
1035462343.7500001,-40.62815
1035462500.0000001,-40.603
1035462656.2500001,-40.61249
1035462812.5000001,-40.60008
1035462968.7500001,-40.59989
1035463125.0000001,-40.59873
1035463281.2500001,-40.60137
1035463437.5000001,-40.59328
1035463593.7500001,-40.59676
1035463750.0000001,-40.57253
1035463906.2500001,-40.60189
1035464062.5000001,-40.57803
1035464218.7500001,-40.56715
1035464375.0000001,-40.58495
1035464531.2500001,-40.56829
1035464687.5000001,-40.57366
1035464843.7500001,-40.5578
1035465000.0000001,-40.56495
1035465156.2500001,-40.56921
1035465312.5000001,-40.56744
1035465468.7500001,-40.56894
1035465625.0000001,-40.56856
1035465781.2500001,-40.54798
1035465937.5000001,-40.55183
1035466093.7500001,-40.56884
1035466250.0000001,-40.55296
1035466406.2500001,-40.5553
1035466562.5000001,-40.54829
1035466718.7500001,-40.53247
1035466875.0000001,-40.54796
1035467031.2500001,-40.54998
1035467187.5000001,-40.52747
1035467343.7500001,-40.53171
1035467500.0000001,-40.52688
1035467656.2500001,-40.51943
1035467812.5000001,-40.51262
1035467968.7500001,-40.53699
1035468125.0000001,-40.54308
1035468281.2500001,-40.51806
1035468437.5000001,-40.52721
1035468593.7500001,-40.50949
1035468750.0000001,-40.51685
1035468906.2500001,-40.49314
1035469062.5000001,-40.51059
1035469218.7500001,-40.50602
1035469375.0000001,-40.49575
1035469531.2500001,-40.50439
1035469687.5000001,-40.48322
1035469843.7500001,-40.49912
1035470000.0000001,-40.47368
1035470156.2500001,-40.48298
1035470312.5000001,-40.48376
1035470468.7500001,-40.48816
1035470625.0000001,-40.46994
1035470781.2500001,-40.46548
1035470937.5000001,-40.47198
1035471093.7500001,-40.46457
1035471250.0000001,-40.47426
1035471406.2500001,-40.47348
1035471562.5000001,-40.48481
1035471718.7500001,-40.46981
1035471875.0000001,-40.46066
1035472031.2500001,-40.45618
1035472187.5000001,-40.47124
1035472343.7500001,-40.47217
1035472500.0000001,-40.45314
1035472656.2500001,-40.44429
1035472812.5000001,-40.46099
1035472968.7500001,-40.4338
1035473125.0000001,-40.4418
1035473281.2500001,-40.44551
1035473437.5000001,-40.43396
1035473593.7500001,-40.43588
1035473750.0000001,-40.42473
1035473906.2500001,-40.4106
1035474062.5000001,-40.42707
1035474218.7500001,-40.43837
1035474375.0000001,-40.4207
1035474531.2500001,-40.41851
1035474687.5000001,-40.41763
1035474843.7500001,-40.42152
1035475000.0000001,-40.43237
1035475156.2500001,-40.40591
1035475312.5000001,-40.41418
1035475468.7500001,-40.40575
1035475625.0000001,-40.39588
1035475781.2500001,-40.39445
1035475937.5000001,-40.39303
1035476093.7500001,-40.41311
1035476250.0000001,-40.36831
1035476406.2500001,-40.39037
1035476562.5000001,-40.39155
1035476718.7500001,-40.39379
1035476875.0000001,-40.37651
1035477031.2500001,-40.36768
1035477187.5000001,-40.38278
1035477343.7500001,-40.36867
1035477500.0000001,-40.3886
1035477656.2500001,-40.38121
1035477812.5000001,-40.37091
1035477968.7500001,-40.35217
1035478125.0000001,-40.33918
1035478281.2500001,-40.37315
1035478437.5000001,-40.36418
1035478593.7500001,-40.35138
1035478750.0000001,-40.35077
1035478906.2500001,-40.35727
1035479062.5000001,-40.34509
1035479218.7500001,-40.3584
1035479375.0000001,-40.33279
1035479531.2500001,-40.33321
1035479687.5000001,-40.33892
1035479843.7500001,-40.34241
1035480000.0000001,-40.3245
1035480156.2500001,-40.32242
1035480312.5000001,-40.34258
1035480468.7500001,-40.31828
1035480625.0000001,-40.31408
1035480781.2500001,-40.32476
1035480937.5000001,-40.31786
1035481093.7500001,-40.29547
1035481250.0000001,-40.29979
1035481406.2500001,-40.31731
1035481562.5000001,-40.28841
1035481718.7500001,-40.29169
1035481875.0000001,-40.30814
1035482031.2500001,-40.31789
1035482187.5000001,-40.28706
1035482343.7500001,-40.30567
1035482500.0000001,-40.3026
1035482656.2500001,-40.27482
1035482812.5000001,-40.28332
1035482968.7500001,-40.27162
1035483125.0000001,-40.30153
1035483281.2500001,-40.2822
1035483437.5000001,-40.26756
1035483593.7500001,-40.28988
1035483750.0000001,-40.27475
1035483906.2500001,-40.2664
1035484062.5000001,-40.26012
1035484218.7500001,-40.27142
1035484375.0000001,-40.27396
1035484531.2500001,-40.27253
1035484687.5000001,-40.27491
1035484843.7500001,-40.26502
1035485000.0000001,-40.24637
1035485156.2500001,-40.25871
1035485312.5000001,-40.26029
1035485468.7500001,-40.22382
1035485625.0000001,-40.23725
1035485781.2500001,-40.23824
1035485937.5000001,-40.23508
1035486093.7500001,-40.23146
1035486250.0000001,-40.23114
1035486406.2500001,-40.23304
1035486562.5000001,-40.22107
1035486718.7500001,-40.22734
1035486875.0000001,-40.22153
1035487031.2500001,-40.21362
1035487187.5000001,-40.24793
1035487343.7500001,-40.21565
1035487500.0000001,-40.20741
1035487656.2500001,-40.19798
1035487812.5000001,-40.21521
1035487968.7500001,-40.20259
1035488125.0000001,-40.19875
1035488281.2500001,-40.20054
1035488437.5000001,-40.21202
1035488593.7500001,-40.19482
1035488750.0000001,-40.19027
1035488906.2500001,-40.20179
1035489062.5000001,-40.19345
1035489218.7500001,-40.20192
1035489375.0000001,-40.18114
1035489531.2500001,-40.1783
1035489687.5000001,-40.17238
1035489843.7500001,-40.15345
1035490000.0000001,-40.16422
1035490156.2500001,-40.15937
1035490312.5000001,-40.17159
1035490468.7500001,-40.1638
1035490625.0000001,-40.15895
1035490781.2500001,-40.16611
1035490937.5000001,-40.15838
1035491093.7500001,-40.16676
1035491250.0000001,-40.14757
1035491406.2500001,-40.14289
1035491562.5000001,-40.15177
1035491718.7500001,-40.15892
1035491875.0000001,-40.15472
1035492031.2500001,-40.14159
1035492187.5000001,-40.14289
1035492343.7500001,-40.11782
1035492500.0000001,-40.15258
1035492656.2500001,-40.1468
1035492812.5000001,-40.11403
1035492968.7500001,-40.11877
1035493125.0000001,-40.12103
1035493281.2500001,-40.12516
1035493437.5000001,-40.11993
1035493593.7500001,-40.11127
1035493750.0000001,-40.10379
1035493906.2500001,-40.11118
1035494062.5000001,-40.10019
1035494218.7500001,-40.11607
1035494375.0000001,-40.10596
1035494531.2500001,-40.10415
1035494687.5000001,-40.10866
1035494843.7500001,-40.0775
1035495000.0000001,-40.10004
1035495156.2500001,-40.08932
1035495312.5000001,-40.08371
1035495468.7500001,-40.07716
1035495625.0000001,-40.07758
1035495781.2500001,-40.06742
1035495937.5000001,-40.07474
1035496093.7500001,-40.067
1035496250.0000001,-40.0627
1035496406.2500001,-40.06731
1035496562.5000001,-40.05798
1035496718.7500001,-40.04816
1035496875.0000001,-40.06546
1035497031.2500001,-40.05042
1035497187.5000001,-40.05209
1035497343.7500001,-40.03564
1035497500.0000001,-40.04964
1035497656.2500001,-40.03693
1035497812.5000001,-40.05601
1035497968.7500001,-40.02696
1035498125.0000001,-40.02842
1035498281.2500001,-40.03258
1035498437.5000001,-40.03778
1035498593.7500001,-40.03808
1035498750.0000001,-40.02573
1035498906.2500001,-40.03307
1035499062.5000001,-40.04007
1035499218.7500001,-40.03413
1035499375.0000001,-40.02922
1035499531.2500001,-40.01096
1035499687.5000001,-40.01608
1035499843.7500001,-40.01129
1035500000.0000001,-40.00542
1035500156.2500001,-39.99291
1035500312.5000001,-40.01908
1035500468.7500001,-40.00777
1035500625.0000001,-39.98294
1035500781.2500001,-39.9898
1035500937.5000001,-39.98575
1035501093.7500001,-39.96762
1035501250.0000001,-39.9888
1035501406.2500001,-39.99357
1035501562.5000001,-39.97001
1035501718.7500001,-39.98072
1035501875.0000001,-39.96192
1035502031.2500001,-39.9679
1035502187.5000001,-39.97884
1035502343.7500001,-39.96302
1035502500.0000001,-39.97256
1035502656.2500001,-39.96681
1035502812.5000001,-39.95925
1035502968.7500001,-39.96105
1035503125.0000001,-39.95403
1035503281.2500001,-39.94523
1035503437.5000001,-39.95878
1035503593.7500001,-39.95041
1035503750.0000001,-39.93538
1035503906.2500001,-39.95774
1035504062.5000001,-39.95012
1035504218.7500001,-39.95641
1035504375.0000001,-39.92359
1035504531.2500001,-39.93407
1035504687.5000001,-39.91668
1035504843.7500001,-39.93096
1035505000.0000001,-39.928
1035505156.2500001,-39.92421
1035505312.5000001,-39.90939
1035505468.7500001,-39.90085
1035505625.0000001,-39.90211
1035505781.2500001,-39.89906
1035505937.5000001,-39.9226
1035506093.7500001,-39.93013
1035506250.0000001,-39.89612
1035506406.2500001,-39.90709
1035506562.5000001,-39.90996
1035506718.7500001,-39.91119
1035506875.0000001,-39.89513
1035507031.2500001,-39.90751
1035507187.5000001,-39.89005
1035507343.7500001,-39.89143
1035507500.0000001,-39.89378
1035507656.2500001,-39.87939
1035507812.5000001,-39.88586
1035507968.7500001,-39.86998
1035508125.0000001,-39.87817
1035508281.2500001,-39.87447
1035508437.5000001,-39.86317
1035508593.7500001,-39.87619
1035508750.0000001,-39.86023
1035508906.2500001,-39.84934
1035509062.5000001,-39.86147
1035509218.7500001,-39.84483
1035509375.0000001,-39.84615
1035509531.2500001,-39.85174
1035509687.5000001,-39.84012
1035509843.7500001,-39.84212
1035510000.0000001,-39.84658
1035510156.2500001,-39.84246
1035510312.5000001,-39.82607
1035510468.7500001,-39.81943
1035510625.0000001,-39.82288
1035510781.2500001,-39.82993
1035510937.5000001,-39.825
1035511093.7500001,-39.80645
1035511250.0000001,-39.83732
1035511406.2500001,-39.81992
1035511562.5000001,-39.81182
1035511718.7500001,-39.82671
1035511875.0000001,-39.80147
1035512031.2500001,-39.81633
1035512187.5000001,-39.81094
1035512343.7500001,-39.82328
1035512500.0000001,-39.79397
1035512656.2500001,-39.78502
1035512812.5000001,-39.79832
1035512968.7500001,-39.79977
1035513125.0000001,-39.78768
1035513281.2500001,-39.79572
1035513437.5000001,-39.78072
1035513593.7500001,-39.76886
1035513750.0000001,-39.76918
1035513906.2500001,-39.76602
1035514062.5000001,-39.78325
1035514218.7500001,-39.77547
1035514375.0000001,-39.77434
1035514531.2500001,-39.75409
1035514687.5000001,-39.76717
1035514843.7500001,-39.74044
1035515000.0000001,-39.74586
1035515156.2500001,-39.75847
1035515312.5000001,-39.7585
1035515468.7500001,-39.74509
1035515625.0000001,-39.75532
1035515781.2500001,-39.73996
1035515937.5000001,-39.74226
1035516093.7500001,-39.73257
1035516250.0000001,-39.7279
1035516406.2500001,-39.72987
1035516562.5000001,-39.72974
1035516718.7500001,-39.73146
1035516875.0000001,-39.71352
1035517031.2500001,-39.70047
1035517187.5000001,-39.70802
1035517343.7500001,-39.72017
1035517500.0000001,-39.70504
1035517656.2500001,-39.70729
1035517812.5000001,-39.71255
1035517968.7500001,-39.71164
1035518125.0000001,-39.70956
1035518281.2500001,-39.69335
1035518437.5000001,-39.7002
1035518593.7500001,-39.69213
1035518750.0000001,-39.68346
1035518906.2500001,-39.69619
1035519062.5000001,-39.67862
1035519218.7500001,-39.68901
1035519375.0000001,-39.68063
1035519531.2500001,-39.67712
1035519687.5000001,-39.67731
1035519843.7500001,-39.66496
1035520000.0000001,-39.68298
1035520156.2500001,-39.6503
1035520312.5000001,-39.67031
1035520468.7500001,-39.67745
1035520625.0000001,-39.66487
1035520781.2500001,-39.65985
1035520937.5000001,-39.64396
1035521093.7500001,-39.64901
1035521250.0000001,-39.64249
1035521406.2500001,-39.64638
1035521562.5000001,-39.65597
1035521718.7500001,-39.65608
1035521875.0000001,-39.64947
1035522031.2500001,-39.63855
1035522187.5000001,-39.63309
1035522343.7500001,-39.63241
1035522500.0000001,-39.62997
1035522656.2500001,-39.63729
1035522812.5000001,-39.63414
1035522968.7500001,-39.60402
1035523125.0000001,-39.61977
1035523281.2500001,-39.611
1035523437.5000001,-39.61242
1035523593.7500001,-39.61555
1035523750.0000001,-39.60201
1035523906.2500001,-39.58372
1035524062.5000001,-39.6021
1035524218.7500001,-39.60608
1035524375.0000001,-39.60524
1035524531.2500001,-39.58369
1035524687.5000001,-39.59649
1035524843.7500001,-39.60769
1035525000.0000001,-39.57172
1035525156.2500001,-39.59708
1035525312.5000001,-39.57082
1035525468.7500001,-39.56729
1035525625.0000001,-39.58261
1035525781.2500001,-39.58152
1035525937.5000001,-39.57409
1035526093.7500001,-39.56814
1035526250.0000001,-39.57525
1035526406.2500001,-39.54237
1035526562.5000001,-39.57357
1035526718.7500001,-39.55892
1035526875.0000001,-39.56239
1035527031.2500001,-39.55864
1035527187.5000001,-39.54126
1035527343.7500001,-39.55812
1035527500.0000001,-39.54504
1035527656.2500001,-39.54463
1035527812.5000001,-39.52479
1035527968.7500001,-39.52
1035528125.0000001,-39.52138
1035528281.2500001,-39.5414
1035528437.5000001,-39.52783
1035528593.7500001,-39.54288
1035528750.0000001,-39.51907
1035528906.2500001,-39.51645
1035529062.5000001,-39.52278
1035529218.7500001,-39.50223
1035529375.0000001,-39.51064
1035529531.2500001,-39.51777
1035529687.5000001,-39.49111
1035529843.7500001,-39.48621
1035530000.0000001,-39.49893
1035530156.2500001,-39.50594
1035530312.5000001,-39.48917
1035530468.7500001,-39.49244
1035530625.0000001,-39.4908
1035530781.2500001,-39.48252
1035530937.5000001,-39.4737
1035531093.7500001,-39.47958
1035531250.0000001,-39.48879
1035531406.2500001,-39.46627
1035531562.5000001,-39.47708
1035531718.7500001,-39.47268
1035531875.0000001,-39.46626
1035532031.2500001,-39.4594
1035532187.5000001,-39.4563
1035532343.7500001,-39.44772
1035532500.0000001,-39.46799
1035532656.2500001,-39.4628
1035532812.5000001,-39.45736
1035532968.7500001,-39.4469
1035533125.0000001,-39.46459
1035533281.2500001,-39.43882
1035533437.5000001,-39.4383
1035533593.7500001,-39.43353
1035533750.0000001,-39.42379
1035533906.2500001,-39.44326
1035534062.5000001,-39.43082
1035534218.7500001,-39.43642
1035534375.0000001,-39.41979
1035534531.2500001,-39.43448
1035534687.5000001,-39.42649
1035534843.7500001,-39.40863
1035535000.0000001,-39.39485
1035535156.2500001,-39.41703
1035535312.5000001,-39.39655
1035535468.7500001,-39.39648
1035535625.0000001,-39.39616
1035535781.2500001,-39.394
1035535937.5000001,-39.39658
1035536093.7500001,-39.38946
1035536250.0000001,-39.40016
1035536406.2500001,-39.37035
1035536562.5000001,-39.36924
1035536718.7500001,-39.37376
1035536875.0000001,-39.35825
1035537031.2500001,-39.36832
1035537187.5000001,-39.3908
1035537343.7500001,-39.35889
1035537500.0000001,-39.37182
1035537656.2500001,-39.3662
1035537812.5000001,-39.35679
1035537968.7500001,-39.34557
1035538125.0000001,-39.35336
1035538281.2500001,-39.35258
1035538437.5000001,-39.35434
1035538593.7500001,-39.34113
1035538750.0000001,-39.3501
1035538906.2500001,-39.34546
1035539062.5000001,-39.34965
1035539218.7500001,-39.34095
1035539375.0000001,-39.31826
1035539531.2500001,-39.33909
1035539687.5000001,-39.32922
1035539843.7500001,-39.32546
1035540000.0000001,-39.32259
1035540156.2500001,-39.31015
1035540312.5000001,-39.33165
1035540468.7500001,-39.29721
1035540625.0000001,-39.31413
1035540781.2500001,-39.3176
1035540937.5000001,-39.31186
1035541093.7500001,-39.31343
1035541250.0000001,-39.29933
1035541406.2500001,-39.30331
1035541562.5000001,-39.2913
1035541718.7500001,-39.30182
1035541875.0000001,-39.28025
1035542031.2500001,-39.28917
1035542187.5000001,-39.29579
1035542343.7500001,-39.27024
1035542500.0000001,-39.26633
1035542656.2500001,-39.27493
1035542812.5000001,-39.26768
1035542968.7500001,-39.27766
1035543125.0000001,-39.28148
1035543281.2500001,-39.25557
1035543437.5000001,-39.24527
1035543593.7500001,-39.24522
1035543750.0000001,-39.26377
1035543906.2500001,-39.25997
1035544062.5000001,-39.24792
1035544218.7500001,-39.25018
1035544375.0000001,-39.23767
1035544531.2500001,-39.23906
1035544687.5000001,-39.23462
1035544843.7500001,-39.23724
1035545000.0000001,-39.24098
1035545156.2500001,-39.23426
1035545312.5000001,-39.22694
1035545468.7500001,-39.22005
1035545625.0000001,-39.2485
1035545781.2500001,-39.21564
1035545937.5000001,-39.21795
1035546093.7500001,-39.20858
1035546250.0000001,-39.21668
1035546406.2500001,-39.22393
1035546562.5000001,-39.18835
1035546718.7500001,-39.19062
1035546875.0000001,-39.16285
1035547031.2500001,-39.18964
1035547187.5000001,-39.20192
1035547343.7500001,-39.1997
1035547500.0000001,-39.1762
1035547656.2500001,-39.19095
1035547812.5000001,-39.17892
1035547968.7500001,-39.18235
1035548125.0000001,-39.18307
1035548281.2500001,-39.17015
1035548437.5000001,-39.19156
1035548593.7500001,-39.18099
1035548750.0000001,-39.15708
1035548906.2500001,-39.16186
1035549062.5000001,-39.16537
1035549218.7500001,-39.15602
1035549375.0000001,-39.16008
1035549531.2500001,-39.15888
1035549687.5000001,-39.14897
1035549843.7500001,-39.1327
1035550000.0000001,-39.13051
1035550156.2500001,-39.13623
1035550312.5000001,-39.11498
1035550468.7500001,-39.12551
1035550625.0000001,-39.14059
1035550781.2500001,-39.12956
1035550937.5000001,-39.10989
1035551093.7500001,-39.12886
1035551250.0000001,-39.12304
1035551406.2500001,-39.09697
1035551562.5000001,-39.11329
1035551718.7500001,-39.12418
1035551875.0000001,-39.10622
1035552031.2500001,-39.10633
1035552187.5000001,-39.10892
1035552343.7500001,-39.09863
1035552500.0000001,-39.10616
1035552656.2500001,-39.09835
1035552812.5000001,-39.09076
1035552968.7500001,-39.09621
1035553125.0000001,-39.07699
1035553281.2500001,-39.07739
1035553437.5000001,-39.08223
1035553593.7500001,-39.08947
1035553750.0000001,-39.08754
1035553906.2500001,-39.0826
1035554062.5000001,-39.06174
1035554218.7500001,-39.07111
1035554375.0000001,-39.06655
1035554531.2500001,-39.05479
1035554687.5000001,-39.06855
1035554843.7500001,-39.05349
1035555000.0000001,-39.05669
1035555156.2500001,-39.0547
1035555312.5000001,-39.05184
1035555468.7500001,-39.04081
1035555625.0000001,-39.03594
1035555781.2500001,-39.04776
1035555937.5000001,-39.02769
1035556093.7500001,-39.02054
1035556250.0000001,-39.03182
1035556406.2500001,-39.03181
1035556562.5000001,-39.03108
1035556718.7500001,-39.02454
1035556875.0000001,-39.02399
1035557031.2500001,-39.02042
1035557187.5000001,-39.01094
1035557343.7500001,-38.99728
1035557500.0000001,-39.02485
1035557656.2500001,-39.00834
1035557812.5000001,-38.99091
1035557968.7500001,-39.00074
1035558125.0000001,-38.99583
1035558281.2500001,-38.99176
1035558437.5000001,-38.98272
1035558593.7500001,-38.97065
1035558750.0000001,-38.98413
1035558906.2500001,-38.98667
1035559062.5000001,-38.97924
1035559218.7500001,-38.98122
1035559375.0000001,-38.96688
1035559531.2500001,-38.97979
1035559687.5000001,-38.97712
1035559843.7500001,-38.95491
1035560000.0000001,-38.94892
1035560156.2500001,-38.95998
1035560312.5000001,-38.94495
1035560468.7500001,-38.9421
1035560625.0000001,-38.95697
1035560781.2500001,-38.9593
1035560937.5000001,-38.94636
1035561093.7500001,-38.93634
1035561250.0000001,-38.92937
1035561406.2500001,-38.9111
1035561562.5000001,-38.93452
1035561718.7500001,-38.92455
1035561875.0000001,-38.92149
1035562031.2500001,-38.92869
1035562187.5000001,-38.90537
1035562343.7500001,-38.92738
1035562500.0000001,-38.91542
1035562656.2500001,-38.91063
1035562812.5000001,-38.90753
1035562968.7500001,-38.90144
1035563125.0000001,-38.91605
1035563281.2500001,-38.89908
1035563437.5000001,-38.89414
1035563593.7500001,-38.88823
1035563750.0000001,-38.89628
1035563906.2500001,-38.87711
1035564062.5000001,-38.8801
1035564218.7500001,-38.88841
1035564375.0000001,-38.86651
1035564531.2500001,-38.88086
1035564687.5000001,-38.88015
1035564843.7500001,-38.86739
1035565000.0000001,-38.85689
1035565156.2500001,-38.8518
1035565312.5000001,-38.84785
1035565468.7500001,-38.85966
1035565625.0000001,-38.85923
1035565781.2500001,-38.86111
1035565937.5000001,-38.85507
1035566093.7500001,-38.84191
1035566250.0000001,-38.83482
1035566406.2500001,-38.85993
1035566562.5000001,-38.83829
1035566718.7500001,-38.83479
1035566875.0000001,-38.83903
1035567031.2500001,-38.83131
1035567187.5000001,-38.81415
1035567343.7500001,-38.81381
1035567500.0000001,-38.82338
1035567656.2500001,-38.79777
1035567812.5000001,-38.81919
1035567968.7500001,-38.80936
1035568125.0000001,-38.80658
1035568281.2500001,-38.80462
1035568437.5000001,-38.80272
1035568593.7500001,-38.80368
1035568750.0000001,-38.79237
1035568906.2500001,-38.79238
1035569062.5000001,-38.78691
1035569218.7500001,-38.8026
1035569375.0000001,-38.78648
1035569531.2500001,-38.79216
1035569687.5000001,-38.7746
1035569843.7500001,-38.75893
1035570000.0000001,-38.75331
1035570156.2500001,-38.76558
1035570312.5000001,-38.77674
1035570468.7500001,-38.74875
1035570625.0000001,-38.74633
1035570781.2500001,-38.7667
1035570937.5000001,-38.76459
1035571093.7500001,-38.74569
1035571250.0000001,-38.73876
1035571406.2500001,-38.75384
1035571562.5000001,-38.74629
1035571718.7500001,-38.74249
1035571875.0000001,-38.74208
1035572031.2500001,-38.74615
1035572187.5000001,-38.73888
1035572343.7500001,-38.72143
1035572500.0000001,-38.73674
1035572656.2500001,-38.72011
1035572812.5000001,-38.73101
1035572968.7500001,-38.70777
1035573125.0000001,-38.7018
1035573281.2500001,-38.70219
1035573437.5000001,-38.71627
1035573593.7500001,-38.71095
1035573750.0000001,-38.70305
1035573906.2500001,-38.69493
1035574062.5000001,-38.69722
1035574218.7500001,-38.69888
1035574375.0000001,-38.67902
1035574531.2500001,-38.68993
1035574687.5000001,-38.6868
1035574843.7500001,-38.68581
1035575000.0000001,-38.68719
1035575156.2500001,-38.66783
1035575312.5000001,-38.68151
1035575468.7500001,-38.65955
1035575625.0000001,-38.67212
1035575781.2500001,-38.66245
1035575937.5000001,-38.6759
1035576093.7500001,-38.65725
1035576250.0000001,-38.65359
1035576406.2500001,-38.66064
1035576562.5000001,-38.64445
1035576718.7500001,-38.63693
1035576875.0000001,-38.63377
1035577031.2500001,-38.64342
1035577187.5000001,-38.63592
1035577343.7500001,-38.61396
1035577500.0000001,-38.62467
1035577656.2500001,-38.63464
1035577812.5000001,-38.6172
1035577968.7500001,-38.61471
1035578125.0000001,-38.60708
1035578281.2500001,-38.61364
1035578437.5000001,-38.62082
1035578593.7500001,-38.60153
1035578750.0000001,-38.61792
1035578906.2500001,-38.60431
1035579062.5000001,-38.59697
1035579218.7500001,-38.59861
1035579375.0000001,-38.59927
1035579531.2500001,-38.58053
1035579687.5000001,-38.57136
1035579843.7500001,-38.58481
1035580000.0000001,-38.58514
1035580156.2500001,-38.58956
1035580312.5000001,-38.57418
1035580468.7500001,-38.57992
1035580625.0000001,-38.57952
1035580781.2500001,-38.56679
1035580937.5000001,-38.5671
1035581093.7500001,-38.55641
1035581250.0000001,-38.55082
1035581406.2500001,-38.55964
1035581562.5000001,-38.55643
1035581718.7500001,-38.54884
1035581875.0000001,-38.55143
1035582031.2500001,-38.53875
1035582187.5000001,-38.54363
1035582343.7500001,-38.52796
1035582500.0000001,-38.52577
1035582656.2500001,-38.51511
1035582812.5000001,-38.52943
1035582968.7500001,-38.51847
1035583125.0000001,-38.52388
1035583281.2500001,-38.52112
1035583437.5000001,-38.51383
1035583593.7500001,-38.52068
1035583750.0000001,-38.49963
1035583906.2500001,-38.50385
1035584062.5000001,-38.489
1035584218.7500001,-38.49394
1035584375.0000001,-38.50428
1035584531.2500001,-38.49375
1035584687.5000001,-38.50641
1035584843.7500001,-38.49128
1035585000.0000001,-38.48421
1035585156.2500001,-38.47868
1035585312.5000001,-38.46973
1035585468.7500001,-38.46395
1035585625.0000001,-38.48156
1035585781.2500001,-38.46648
1035585937.5000001,-38.45637
1035586093.7500001,-38.45492
1035586250.0000001,-38.45597
1035586406.2500001,-38.46921
1035586562.5000001,-38.44892
1035586718.7500001,-38.44549
1035586875.0000001,-38.4451
1035587031.2500001,-38.4515
1035587187.5000001,-38.43174
1035587343.7500001,-38.43096
1035587500.0000001,-38.44302
1035587656.2500001,-38.42632
1035587812.5000001,-38.42577
1035587968.7500001,-38.43573
1035588125.0000001,-38.41261
1035588281.2500001,-38.41802
1035588437.5000001,-38.42276
1035588593.7500001,-38.41783
1035588750.0000001,-38.40714
1035588906.2500001,-38.38831
1035589062.5000001,-38.40795
1035589218.7500001,-38.40119
1035589375.0000001,-38.40609
1035589531.2500001,-38.40902
1035589687.5000001,-38.37042
1035589843.7500001,-38.38307
1035590000.0000001,-38.39855
1035590156.2500001,-38.3734
1035590312.5000001,-38.38633
1035590468.7500001,-38.36929
1035590625.0000001,-38.37367
1035590781.2500001,-38.38533
1035590937.5000001,-38.36355
1035591093.7500001,-38.35543
1035591250.0000001,-38.35012
1035591406.2500001,-38.35754
1035591562.5000001,-38.34952
1035591718.7500001,-38.34556
1035591875.0000001,-38.35262
1035592031.2500001,-38.34641
1035592187.5000001,-38.35522
1035592343.7500001,-38.35096
1035592500.0000001,-38.33034
1035592656.2500001,-38.3396
1035592812.5000001,-38.32924
1035592968.7500001,-38.34066
1035593125.0000001,-38.33458
1035593281.2500001,-38.32099
1035593437.5000001,-38.31708
1035593593.7500001,-38.32256
1035593750.0000001,-38.31075
1035593906.2500001,-38.32094
1035594062.5000001,-38.30996
1035594218.7500001,-38.30541
1035594375.0000001,-38.29303
1035594531.2500001,-38.29229
1035594687.5000001,-38.29267
1035594843.7500001,-38.28493
1035595000.0000001,-38.29446
1035595156.2500001,-38.269
1035595312.5000001,-38.27275
1035595468.7500001,-38.26762
1035595625.0000001,-38.27596
1035595781.2500001,-38.28059
1035595937.5000001,-38.25949
1035596093.7500001,-38.26041
1035596250.0000001,-38.2486
1035596406.2500001,-38.25632
1035596562.5000001,-38.25511
1035596718.7500001,-38.2748
1035596875.0000001,-38.24224
1035597031.2500001,-38.25479
1035597187.5000001,-38.22967
1035597343.7500001,-38.25313
1035597500.0000001,-38.22144
1035597656.2500001,-38.24172
1035597812.5000001,-38.22491
1035597968.7500001,-38.22517
1035598125.0000001,-38.22747
1035598281.2500001,-38.22596
1035598437.5000001,-38.21249
1035598593.7500001,-38.21582
1035598750.0000001,-38.23023
1035598906.2500001,-38.20199
1035599062.5000001,-38.20922
1035599218.7500001,-38.20422
1035599375.0000001,-38.20812
1035599531.2500001,-38.2082
1035599687.5000001,-38.18874
1035599843.7500001,-38.19835
1035600000.0000001,-38.19634
1035600156.2500001,-38.18474
1035600312.5000001,-38.17899
1035600468.7500001,-38.16517
1035600625.0000001,-38.16178
1035600781.2500001,-38.17626
1035600937.5000001,-38.17211
1035601093.7500001,-38.16749
1035601250.0000001,-38.17107
1035601406.2500001,-38.17231
1035601562.5000001,-38.14854
1035601718.7500001,-38.14737
1035601875.0000001,-38.16359
1035602031.2500001,-38.1497
1035602187.5000001,-38.14917
1035602343.7500001,-38.13503
1035602500.0000001,-38.13486
1035602656.2500001,-38.1513
1035602812.5000001,-38.11835
1035602968.7500001,-38.11229
1035603125.0000001,-38.12968
1035603281.2500001,-38.12746
1035603437.5000001,-38.11244
1035603593.7500001,-38.11446
1035603750.0000001,-38.10981
1035603906.2500001,-38.10789
1035604062.5000001,-38.11553
1035604218.7500001,-38.09919
1035604375.0000001,-38.10953
1035604531.2500001,-38.09682
1035604687.5000001,-38.09163
1035604843.7500001,-38.0909
1035605000.0000001,-38.09121
1035605156.2500001,-38.09392
1035605312.5000001,-38.08844
1035605468.7500001,-38.07063
1035605625.0000001,-38.06806
1035605781.2500001,-38.07594
1035605937.5000001,-38.05794
1035606093.7500001,-38.04951
1035606250.0000001,-38.0666
1035606406.2500001,-38.05648
1035606562.5000001,-38.05283
1035606718.7500001,-38.04849
1035606875.0000001,-38.0526
1035607031.2500001,-38.05753
1035607187.5000001,-38.0522
1035607343.7500001,-38.03378
1035607500.0000001,-38.04272
1035607656.2500001,-38.03188
1035607812.5000001,-38.02954
1035607968.7500001,-38.02253
1035608125.0000001,-38.02781
1035608281.2500001,-38.01794
1035608437.5000001,-38.00696
1035608593.7500001,-38.02383
1035608750.0000001,-38.01448
1035608906.2500001,-38.008
1035609062.5000001,-37.99277
1035609218.7500001,-38.00676
1035609375.0000001,-37.99924
1035609531.2500001,-37.98917
1035609687.5000001,-37.99646
1035609843.7500001,-37.98966
1035610000.0000001,-37.97018
1035610156.2500001,-37.97582
1035610312.5000001,-37.95914
1035610468.7500001,-37.97879
1035610625.0000001,-37.96855
1035610781.2500001,-37.95549
1035610937.5000001,-37.95728
1035611093.7500001,-37.96557
1035611250.0000001,-37.95567
1035611406.2500001,-37.94966
1035611562.5000001,-37.95096
1035611718.7500001,-37.951
1035611875.0000001,-37.94242
1035612031.2500001,-37.93774
1035612187.5000001,-37.93545
1035612343.7500001,-37.93822
1035612500.0000001,-37.93602
1035612656.2500001,-37.93811
1035612812.5000001,-37.9256
1035612968.7500001,-37.92843
1035613125.0000001,-37.91809
1035613281.2500001,-37.91309
1035613437.5000001,-37.91149
1035613593.7500001,-37.91982
1035613750.0000001,-37.90961
1035613906.2500001,-37.90443
1035614062.5000001,-37.90129
1035614218.7500001,-37.89554
1035614375.0000001,-37.89129
1035614531.2500001,-37.88647
1035614687.5000001,-37.88818
1035614843.7500001,-37.88816
1035615000.0000001,-37.87159
1035615156.2500001,-37.87958
1035615312.5000001,-37.87274
1035615468.7500001,-37.87493
1035615625.0000001,-37.85792
1035615781.2500001,-37.86005
1035615937.5000001,-37.85627
1035616093.7500001,-37.8611
1035616250.0000001,-37.86401
1035616406.2500001,-37.86052
1035616562.5000001,-37.82647
1035616718.7500001,-37.84054
1035616875.0000001,-37.84789
1035617031.2500001,-37.83347
1035617187.5000001,-37.82864
1035617343.7500001,-37.82158
1035617500.0000001,-37.83001
1035617656.2500001,-37.81015
1035617812.5000001,-37.84133
1035617968.7500001,-37.82031
1035618125.0000001,-37.80426
1035618281.2500001,-37.80334
1035618437.5000001,-37.81173
1035618593.7500001,-37.81248
1035618750.0000001,-37.80207
1035618906.2500001,-37.79582
1035619062.5000001,-37.79474
1035619218.7500001,-37.78096
1035619375.0000001,-37.79955
1035619531.2500001,-37.77524
1035619687.5000001,-37.78846
1035619843.7500001,-37.77382
1035620000.0000001,-37.79209
1035620156.2500001,-37.75431
1035620312.5000001,-37.77744
1035620468.7500001,-37.77984
1035620625.0000001,-37.7611
1035620781.2500001,-37.76337
1035620937.5000001,-37.74453
1035621093.7500001,-37.75419
1035621250.0000001,-37.75562
1035621406.2500001,-37.75261
1035621562.5000001,-37.74387
1035621718.7500001,-37.7337
1035621875.0000001,-37.74015
1035622031.2500001,-37.74476
1035622187.5000001,-37.72056
1035622343.7500001,-37.72413
1035622500.0000001,-37.72614
1035622656.2500001,-37.7307
1035622812.5000001,-37.71571
1035622968.7500001,-37.7124
1035623125.0000001,-37.71064
1035623281.2500001,-37.70966
1035623437.5000001,-37.71382
1035623593.7500001,-37.70776
1035623750.0000001,-37.69374
1035623906.2500001,-37.67792
1035624062.5000001,-37.70504
1035624218.7500001,-37.69038
1035624375.0000001,-37.69028
1035624531.2500001,-37.67334
1035624687.5000001,-37.67068
1035624843.7500001,-37.6754
1035625000.0000001,-37.6654
1035625156.2500001,-37.6649
1035625312.5000001,-37.64583
1035625468.7500001,-37.6527
1035625625.0000001,-37.66743
1035625781.2500001,-37.65316
1035625937.5000001,-37.65144
1035626093.7500001,-37.65092
1035626250.0000001,-37.64693
1035626406.2500001,-37.6346
1035626562.5000001,-37.65199
1035626718.7500001,-37.63738
1035626875.0000001,-37.62688
1035627031.2500001,-37.62393
1035627187.5000001,-37.63303
1035627343.7500001,-37.62614
1035627500.0000001,-37.61092
1035627656.2500001,-37.61731
1035627812.5000001,-37.61477
1035627968.7500001,-37.59736
1035628125.0000001,-37.61298
1035628281.2500001,-37.59786
1035628437.5000001,-37.60376
1035628593.7500001,-37.58587
1035628750.0000001,-37.59417
1035628906.2500001,-37.57418
1035629062.5000001,-37.57948
1035629218.7500001,-37.58057
1035629375.0000001,-37.58017
1035629531.2500001,-37.57158
1035629687.5000001,-37.57665
1035629843.7500001,-37.56216
1035630000.0000001,-37.55701
1035630156.2500001,-37.55508
1035630312.5000001,-37.5588
1035630468.7500001,-37.55887
1035630625.0000001,-37.56046
1035630781.2500001,-37.55332
1035630937.5000001,-37.54835
1035631093.7500001,-37.53748
1035631250.0000001,-37.53632
1035631406.2500001,-37.53466
1035631562.5000001,-37.53555
1035631718.7500001,-37.53247
1035631875.0000001,-37.52325
1035632031.2500001,-37.51971
1035632187.5000001,-37.52078
1035632343.7500001,-37.50928
1035632500.0000001,-37.5094
1035632656.2500001,-37.50999
1035632812.5000001,-37.50387
1035632968.7500001,-37.50232
1035633125.0000001,-37.49776
1035633281.2500001,-37.4957
1035633437.5000001,-37.49035
1035633593.7500001,-37.48895
1035633750.0000001,-37.47438
1035633906.2500001,-37.48559
1035634062.5000001,-37.47621
1035634218.7500001,-37.47186
1035634375.0000001,-37.45105
1035634531.2500001,-37.46611
1035634687.5000001,-37.46618
1035634843.7500001,-37.45335
1035635000.0000001,-37.44818
1035635156.2500001,-37.46662
1035635312.5000001,-37.44983
1035635468.7500001,-37.44713
1035635625.0000001,-37.44844
1035635781.2500001,-37.42839
1035635937.5000001,-37.43686
1035636093.7500001,-37.42469
1035636250.0000001,-37.43467
1035636406.2500001,-37.40927
1035636562.5000001,-37.42281
1035636718.7500001,-37.40697
1035636875.0000001,-37.41806
1035637031.2500001,-37.42837
1035637187.5000001,-37.40512
1035637343.7500001,-37.41781
1035637500.0000001,-37.39614
1035637656.2500001,-37.40467
1035637812.5000001,-37.39528
1035637968.7500001,-37.38825
1035638125.0000001,-37.38562
1035638281.2500001,-37.36976
1035638437.5000001,-37.37425
1035638593.7500001,-37.38861
1035638750.0000001,-37.37852
1035638906.2500001,-37.35471
1035639062.5000001,-37.37185
1035639218.7500001,-37.37404
1035639375.0000001,-37.35746
1035639531.2500001,-37.34505
1035639687.5000001,-37.36239
1035639843.7500001,-37.33609
1035640000.0000001,-37.3528
1035640156.2500001,-37.34969
1035640312.5000001,-37.33746
1035640468.7500001,-37.33208
1035640625.0000001,-37.32866
1035640781.2500001,-37.31504
1035640937.5000001,-37.32695
1035641093.7500001,-37.30795
1035641250.0000001,-37.31814
1035641406.2500001,-37.31089
1035641562.5000001,-37.32615
1035641718.7500001,-37.31396
1035641875.0000001,-37.30186
1035642031.2500001,-37.30532
1035642187.5000001,-37.28794
1035642343.7500001,-37.29849
1035642500.0000001,-37.28242
1035642656.2500001,-37.2867
1035642812.5000001,-37.28725
1035642968.7500001,-37.27687
1035643125.0000001,-37.28327
1035643281.2500001,-37.27042
1035643437.5000001,-37.26668
1035643593.7500001,-37.26601
1035643750.0000001,-37.26336
1035643906.2500001,-37.2571
1035644062.5000001,-37.25688
1035644218.7500001,-37.24635
1035644375.0000001,-37.26149
1035644531.2500001,-37.24124
1035644687.5000001,-37.24908
1035644843.7500001,-37.23769
1035645000.0000001,-37.22667
1035645156.2500001,-37.23412
1035645312.5000001,-37.21455
1035645468.7500001,-37.23272
1035645625.0000001,-37.2164
1035645781.2500001,-37.22087
1035645937.5000001,-37.21823
1035646093.7500001,-37.21991
1035646250.0000001,-37.20517
1035646406.2500001,-37.1946
1035646562.5000001,-37.19605
1035646718.7500001,-37.18156
1035646875.0000001,-37.18457
1035647031.2500001,-37.19283
1035647187.5000001,-37.19084
1035647343.7500001,-37.19063
1035647500.0000001,-37.17067
1035647656.2500001,-37.16273
1035647812.5000001,-37.17885
1035647968.7500001,-37.1638
1035648125.0000001,-37.16481
1035648281.2500001,-37.15142
1035648437.5000001,-37.16687
1035648593.7500001,-37.16269
1035648750.0000001,-37.14693
1035648906.2500001,-37.14312
1035649062.5000001,-37.14499
1035649218.7500001,-37.14088
1035649375.0000001,-37.13483
1035649531.2500001,-37.1323
1035649687.5000001,-37.14918
1035649843.7500001,-37.12177
1035650000.0000001,-37.11332
1035650156.2500001,-37.12459
1035650312.5000001,-37.12881
1035650468.7500001,-37.11176
1035650625.0000001,-37.09643
1035650781.2500001,-37.10477
1035650937.5000001,-37.10206
1035651093.7500001,-37.10644
1035651250.0000001,-37.09288
1035651406.2500001,-37.09846
1035651562.5000001,-37.09602
1035651718.7500001,-37.09331
1035651875.0000001,-37.08608
1035652031.2500001,-37.07459
1035652187.5000001,-37.07562
1035652343.7500001,-37.07496
1035652500.0000001,-37.05893
1035652656.2500001,-37.06241
1035652812.5000001,-37.06338
1035652968.7500001,-37.04456
1035653125.0000001,-37.05114
1035653281.2500001,-37.05223
1035653437.5000001,-37.04002
1035653593.7500001,-37.03217
1035653750.0000001,-37.03646
1035653906.2500001,-37.0352
1035654062.5000001,-37.02492
1035654218.7500001,-37.01801
1035654375.0000001,-37.0252
1035654531.2500001,-37.0186
1035654687.5000001,-37.01705
1035654843.7500001,-37.00992
1035655000.0000001,-37.0096
1035655156.2500001,-36.99708
1035655312.5000001,-37.00835
1035655468.7500001,-36.99737
1035655625.0000001,-36.99378
1035655781.2500001,-36.99725
1035655937.5000001,-36.98548
1035656093.7500001,-36.9802
1035656250.0000001,-36.98834
1035656406.2500001,-36.97262
1035656562.5000001,-36.97308
1035656718.7500001,-36.97773
1035656875.0000001,-36.96764
1035657031.2500001,-36.972
1035657187.5000001,-36.96018
1035657343.7500001,-36.96315
1035657500.0000001,-36.95794
1035657656.2500001,-36.94173
1035657812.5000001,-36.9438
1035657968.7500001,-36.93459
1035658125.0000001,-36.9411
1035658281.2500001,-36.9357
1035658437.5000001,-36.92601
1035658593.7500001,-36.92838
1035658750.0000001,-36.92229
1035658906.2500001,-36.92093
1035659062.5000001,-36.92988
1035659218.7500001,-36.90049
1035659375.0000001,-36.90548
1035659531.2500001,-36.90149
1035659687.5000001,-36.9032
1035659843.7500001,-36.90316
1035660000.0000001,-36.90221
1035660156.2500001,-36.88726
1035660312.5000001,-36.89197
1035660468.7500001,-36.87735
1035660625.0000001,-36.88152
1035660781.2500001,-36.88032
1035660937.5000001,-36.87757
1035661093.7500001,-36.87727
1035661250.0000001,-36.86057
1035661406.2500001,-36.85726
1035661562.5000001,-36.86644
1035661718.7500001,-36.85737
1035661875.0000001,-36.85238
1035662031.2500001,-36.85342
1035662187.5000001,-36.83574
1035662343.7500001,-36.83272
1035662500.0000001,-36.8348
1035662656.2500001,-36.8187
1035662812.5000001,-36.82931
1035662968.7500001,-36.82585
1035663125.0000001,-36.81131
1035663281.2500001,-36.81626
1035663437.5000001,-36.81988
1035663593.7500001,-36.80927
1035663750.0000001,-36.80529
1035663906.2500001,-36.80458
1035664062.5000001,-36.80371
1035664218.7500001,-36.79364
1035664375.0000001,-36.79737
1035664531.2500001,-36.78881
1035664687.5000001,-36.78531
1035664843.7500001,-36.77502
1035665000.0000001,-36.77828
1035665156.2500001,-36.78244
1035665312.5000001,-36.77291
1035665468.7500001,-36.76727
1035665625.0000001,-36.76549
1035665781.2500001,-36.76606
1035665937.5000001,-36.74196
1035666093.7500001,-36.75015
1035666250.0000001,-36.75404
1035666406.2500001,-36.75453
1035666562.5000001,-36.74171
1035666718.7500001,-36.73052
1035666875.0000001,-36.72464
1035667031.2500001,-36.73429
1035667187.5000001,-36.72792
1035667343.7500001,-36.72645
1035667500.0000001,-36.72279
1035667656.2500001,-36.722
1035667812.5000001,-36.70145
1035667968.7500001,-36.70839
1035668125.0000001,-36.70992
1035668281.2500001,-36.70044
1035668437.5000001,-36.69633
1035668593.7500001,-36.69061
1035668750.0000001,-36.67865
1035668906.2500001,-36.68927
1035669062.5000001,-36.68526
1035669218.7500001,-36.68589
1035669375.0000001,-36.6592
1035669531.2500001,-36.6753
1035669687.5000001,-36.67058
1035669843.7500001,-36.66444
1035670000.0000001,-36.65615
1035670156.2500001,-36.67157
1035670312.5000001,-36.64961
1035670468.7500001,-36.65416
1035670625.0000001,-36.65343
1035670781.2500001,-36.65255
1035670937.5000001,-36.63958
1035671093.7500001,-36.63885
1035671250.0000001,-36.62336
1035671406.2500001,-36.63678
1035671562.5000001,-36.62922
1035671718.7500001,-36.6298
1035671875.0000001,-36.61158
1035672031.2500001,-36.61574
1035672187.5000001,-36.6129
1035672343.7500001,-36.60774
1035672500.0000001,-36.6025
1035672656.2500001,-36.59465
1035672812.5000001,-36.59942
1035672968.7500001,-36.59651
1035673125.0000001,-36.58535
1035673281.2500001,-36.57812
1035673437.5000001,-36.56616
1035673593.7500001,-36.5782
1035673750.0000001,-36.5655
1035673906.2500001,-36.56315
1035674062.5000001,-36.55595
1035674218.7500001,-36.57433
1035674375.0000001,-36.55004
1035674531.2500001,-36.53788
1035674687.5000001,-36.55592
1035674843.7500001,-36.54008
1035675000.0000001,-36.53849
1035675156.2500001,-36.54426
1035675312.5000001,-36.53287
1035675468.7500001,-36.53253
1035675625.0000001,-36.52996
1035675781.2500001,-36.52906
1035675937.5000001,-36.52166
1035676093.7500001,-36.51468
1035676250.0000001,-36.51208
1035676406.2500001,-36.51152
1035676562.5000001,-36.50258
1035676718.7500001,-36.49827
1035676875.0000001,-36.50232
1035677031.2500001,-36.48661
1035677187.5000001,-36.48606
1035677343.7500001,-36.47934
1035677500.0000001,-36.47255
1035677656.2500001,-36.47144
1035677812.5000001,-36.46402
1035677968.7500001,-36.47665
1035678125.0000001,-36.47509
1035678281.2500001,-36.4733
1035678437.5000001,-36.46446
1035678593.7500001,-36.44679
1035678750.0000001,-36.4601
1035678906.2500001,-36.46106
1035679062.5000001,-36.453
1035679218.7500001,-36.43974
1035679375.0000001,-36.43506
1035679531.2500001,-36.43448
1035679687.5000001,-36.42788
1035679843.7500001,-36.42757
1035680000.0000001,-36.42134
1035680156.2500001,-36.41654
1035680312.5000001,-36.41671
1035680468.7500001,-36.41422
1035680625.0000001,-36.40614
1035680781.2500001,-36.40818
1035680937.5000001,-36.40078
1035681093.7500001,-36.3987
1035681250.0000001,-36.39048
1035681406.2500001,-36.39343
1035681562.5000001,-36.38865
1035681718.7500001,-36.3848
1035681875.0000001,-36.36861
1035682031.2500001,-36.38011
1035682187.5000001,-36.37436
1035682343.7500001,-36.36273
1035682500.0000001,-36.35992
1035682656.2500001,-36.35584
1035682812.5000001,-36.34149
1035682968.7500001,-36.35979
1035683125.0000001,-36.3517
1035683281.2500001,-36.3447
1035683437.5000001,-36.34302
1035683593.7500001,-36.33894
1035683750.0000001,-36.31744
1035683906.2500001,-36.32447
1035684062.5000001,-36.3238
1035684218.7500001,-36.33027
1035684375.0000001,-36.30156
1035684531.2500001,-36.31036
1035684687.5000001,-36.3131
1035684843.7500001,-36.30058
1035685000.0000001,-36.30397
1035685156.2500001,-36.29815
1035685312.5000001,-36.29026
1035685468.7500001,-36.29114
1035685625.0000001,-36.28556
1035685781.2500001,-36.26859
1035685937.5000001,-36.27744
1035686093.7500001,-36.28159
1035686250.0000001,-36.2778
1035686406.2500001,-36.25179
1035686562.5000001,-36.26975
1035686718.7500001,-36.26134
1035686875.0000001,-36.26211
1035687031.2500001,-36.25196
1035687187.5000001,-36.23647
1035687343.7500001,-36.23944
1035687500.0000001,-36.23392
1035687656.2500001,-36.22868
1035687812.5000001,-36.23741
1035687968.7500001,-36.22505
1035688125.0000001,-36.21644
1035688281.2500001,-36.21514
1035688437.5000001,-36.20312
1035688593.7500001,-36.20922
1035688750.0000001,-36.20263
1035688906.2500001,-36.19548
1035689062.5000001,-36.2009
1035689218.7500001,-36.19624
1035689375.0000001,-36.19518
1035689531.2500001,-36.19007
1035689687.5000001,-36.18738
1035689843.7500001,-36.17665
1035690000.0000001,-36.17604
1035690156.2500001,-36.18498
1035690312.5000001,-36.16349
1035690468.7500001,-36.16651
1035690625.0000001,-36.15973
1035690781.2500001,-36.16125
1035690937.5000001,-36.15553
1035691093.7500001,-36.16033
1035691250.0000001,-36.14286
1035691406.2500001,-36.14632
1035691562.5000001,-36.1367
1035691718.7500001,-36.13543
1035691875.0000001,-36.12396
1035692031.2500001,-36.12378
1035692187.5000001,-36.11872
1035692343.7500001,-36.11478
1035692500.0000001,-36.1222
1035692656.2500001,-36.11398
1035692812.5000001,-36.11218
1035692968.7500001,-36.10044
1035693125.0000001,-36.10037
1035693281.2500001,-36.09392
1035693437.5000001,-36.09735
1035693593.7500001,-36.08123
1035693750.0000001,-36.07866
1035693906.2500001,-36.07844
1035694062.5000001,-36.07131
1035694218.7500001,-36.0784
1035694375.0000001,-36.0668
1035694531.2500001,-36.05952
1035694687.5000001,-36.05027
1035694843.7500001,-36.04831
1035695000.0000001,-36.05713
1035695156.2500001,-36.04144
1035695312.5000001,-36.04424
1035695468.7500001,-36.03891
1035695625.0000001,-36.03383
1035695781.2500001,-36.03033
1035695937.5000001,-36.01811
1035696093.7500001,-36.02145
1035696250.0000001,-36.02132
1035696406.2500001,-36.0249
1035696562.5000001,-36.00764
1035696718.7500001,-36.00731
1035696875.0000001,-36.00862
1035697031.2500001,-35.99533
1035697187.5000001,-35.99442
1035697343.7500001,-35.99228
1035697500.0000001,-35.99612
1035697656.2500001,-35.97421
1035697812.5000001,-35.97978
1035697968.7500001,-35.98492
1035698125.0000001,-35.96007
1035698281.2500001,-35.95659
1035698437.5000001,-35.96993
1035698593.7500001,-35.96236
1035698750.0000001,-35.95855
1035698906.2500001,-35.95909
1035699062.5000001,-35.94882
1035699218.7500001,-35.94059
1035699375.0000001,-35.93873
1035699531.2500001,-35.93456
1035699687.5000001,-35.92989
1035699843.7500001,-35.92881
1035700000.0000001,-35.92799
1035700156.2500001,-35.90914
1035700312.5000001,-35.90908
1035700468.7500001,-35.91167
1035700625.0000001,-35.90654
1035700781.2500001,-35.91411
1035700937.5000001,-35.8886
1035701093.7500001,-35.88737
1035701250.0000001,-35.89239
1035701406.2500001,-35.87891
1035701562.5000001,-35.89326
1035701718.7500001,-35.8699
1035701875.0000001,-35.87726
1035702031.2500001,-35.87812
1035702187.5000001,-35.86728
1035702343.7500001,-35.86704
1035702500.0000001,-35.85572
1035702656.2500001,-35.85874
1035702812.5000001,-35.84976
1035702968.7500001,-35.84129
1035703125.0000001,-35.85395
1035703281.2500001,-35.84413
1035703437.5000001,-35.83265
1035703593.7500001,-35.82862
1035703750.0000001,-35.83446
1035703906.2500001,-35.83237
1035704062.5000001,-35.8176
1035704218.7500001,-35.81257
1035704375.0000001,-35.80632
1035704531.2500001,-35.80286
1035704687.5000001,-35.81483
1035704843.7500001,-35.79129
1035705000.0000001,-35.78666
1035705156.2500001,-35.78446
1035705312.5000001,-35.79127
1035705468.7500001,-35.77686
1035705625.0000001,-35.78342
1035705781.2500001,-35.76778
1035705937.5000001,-35.76999
1035706093.7500001,-35.75499
1035706250.0000001,-35.76146
1035706406.2500001,-35.76019
1035706562.5000001,-35.75814
1035706718.7500001,-35.73979
1035706875.0000001,-35.74469
1035707031.2500001,-35.73407
1035707187.5000001,-35.73386
1035707343.7500001,-35.73703
1035707500.0000001,-35.73534
1035707656.2500001,-35.72429
1035707812.5000001,-35.72128
1035707968.7500001,-35.72612
1035708125.0000001,-35.71495
1035708281.2500001,-35.71049
1035708437.5000001,-35.70718
1035708593.7500001,-35.69379
1035708750.0000001,-35.68883
1035708906.2500001,-35.70177
1035709062.5000001,-35.68523
1035709218.7500001,-35.68231
1035709375.0000001,-35.67682
1035709531.2500001,-35.6846
1035709687.5000001,-35.68843
1035709843.7500001,-35.66945
1035710000.0000001,-35.67307
1035710156.2500001,-35.66234
1035710312.5000001,-35.66159
1035710468.7500001,-35.65812
1035710625.0000001,-35.64557
1035710781.2500001,-35.65026
1035710937.5000001,-35.63632
1035711093.7500001,-35.63426
1035711250.0000001,-35.63472
1035711406.2500001,-35.63356
1035711562.5000001,-35.63111
1035711718.7500001,-35.60802
1035711875.0000001,-35.61708
1035712031.2500001,-35.61165
1035712187.5000001,-35.62099
1035712343.7500001,-35.60944
1035712500.0000001,-35.59351
1035712656.2500001,-35.59487
1035712812.5000001,-35.59504
1035712968.7500001,-35.57265
1035713125.0000001,-35.58642
1035713281.2500001,-35.59002
1035713437.5000001,-35.56883
1035713593.7500001,-35.56548
1035713750.0000001,-35.55502
1035713906.2500001,-35.58084
1035714062.5000001,-35.55881
1035714218.7500001,-35.55522
1035714375.0000001,-35.55186
1035714531.2500001,-35.54858
1035714687.5000001,-35.54814
1035714843.7500001,-35.54506
1035715000.0000001,-35.53379
1035715156.2500001,-35.52104
1035715312.5000001,-35.52372
1035715468.7500001,-35.52284
1035715625.0000001,-35.51529
1035715781.2500001,-35.51666
1035715937.5000001,-35.50531
1035716093.7500001,-35.49253
1035716250.0000001,-35.51181
1035716406.2500001,-35.49483
1035716562.5000001,-35.49735
1035716718.7500001,-35.48473
1035716875.0000001,-35.4823
1035717031.2500001,-35.47969
1035717187.5000001,-35.46881
1035717343.7500001,-35.46959
1035717500.0000001,-35.4665
1035717656.2500001,-35.45752
1035717812.5000001,-35.45378
1035717968.7500001,-35.44167
1035718125.0000001,-35.45462
1035718281.2500001,-35.45269
1035718437.5000001,-35.43678
1035718593.7500001,-35.44616
1035718750.0000001,-35.43537
1035718906.2500001,-35.43006
1035719062.5000001,-35.4261
1035719218.7500001,-35.42207
1035719375.0000001,-35.42307
1035719531.2500001,-35.42322
1035719687.5000001,-35.40648
1035719843.7500001,-35.41305
1035720000.0000001,-35.40075
1035720156.2500001,-35.39714
1035720312.5000001,-35.39278
1035720468.7500001,-35.39121
1035720625.0000001,-35.38088
1035720781.2500001,-35.37638
1035720937.5000001,-35.37455
1035721093.7500001,-35.37501
1035721250.0000001,-35.36783
1035721406.2500001,-35.36034
1035721562.5000001,-35.34898
1035721718.7500001,-35.34998
1035721875.0000001,-35.3448
1035722031.2500001,-35.34061
1035722187.5000001,-35.33606
1035722343.7500001,-35.33296
1035722500.0000001,-35.33537
1035722656.2500001,-35.32463
1035722812.5000001,-35.31784
1035722968.7500001,-35.32045
1035723125.0000001,-35.31126
1035723281.2500001,-35.31578
1035723437.5000001,-35.3089
1035723593.7500001,-35.29966
1035723750.0000001,-35.295
1035723906.2500001,-35.29504
1035724062.5000001,-35.28837
1035724218.7500001,-35.28289
1035724375.0000001,-35.27338
1035724531.2500001,-35.27922
1035724687.5000001,-35.26683
1035724843.7500001,-35.25974
1035725000.0000001,-35.26179
1035725156.2500001,-35.25589
1035725312.5000001,-35.25283
1035725468.7500001,-35.24903
1035725625.0000001,-35.25248
1035725781.2500001,-35.23902
1035725937.5000001,-35.23937
1035726093.7500001,-35.24349
1035726250.0000001,-35.23323
1035726406.2500001,-35.22015
1035726562.5000001,-35.21132
1035726718.7500001,-35.21997
1035726875.0000001,-35.21729
1035727031.2500001,-35.20683
1035727187.5000001,-35.2073
1035727343.7500001,-35.21093
1035727500.0000001,-35.20254
1035727656.2500001,-35.20102
1035727812.5000001,-35.18727
1035727968.7500001,-35.17725
1035728125.0000001,-35.1876
1035728281.2500001,-35.17466
1035728437.5000001,-35.16807
1035728593.7500001,-35.17097
1035728750.0000001,-35.15039
1035728906.2500001,-35.16858
1035729062.5000001,-35.15354
1035729218.7500001,-35.1481
1035729375.0000001,-35.13968
1035729531.2500001,-35.13935
1035729687.5000001,-35.13036
1035729843.7500001,-35.12532
1035730000.0000001,-35.13885
1035730156.2500001,-35.11956
1035730312.5000001,-35.11667
1035730468.7500001,-35.11677
1035730625.0000001,-35.11571
1035730781.2500001,-35.11164
1035730937.5000001,-35.0927
1035731093.7500001,-35.10159
1035731250.0000001,-35.08914
1035731406.2500001,-35.09169
1035731562.5000001,-35.08716
1035731718.7500001,-35.06937
1035731875.0000001,-35.07971
1035732031.2500001,-35.07356
1035732187.5000001,-35.06669
1035732343.7500001,-35.05945
1035732500.0000001,-35.05944
1035732656.2500001,-35.05532
1035732812.5000001,-35.04175
1035732968.7500001,-35.05257
1035733125.0000001,-35.04334
1035733281.2500001,-35.04239
1035733437.5000001,-35.03595
1035733593.7500001,-35.03624
1035733750.0000001,-35.01986
1035733906.2500001,-35.02928
1035734062.5000001,-35.01857
1035734218.7500001,-35.00722
1035734375.0000001,-35.00504
1035734531.2500001,-35.00255
1035734687.5000001,-34.99107
1035734843.7500001,-34.98586
1035735000.0000001,-34.99659
1035735156.2500001,-34.99286
1035735312.5000001,-34.98484
1035735468.7500001,-34.98132
1035735625.0000001,-34.96522
1035735781.2500001,-34.97357
1035735937.5000001,-34.95999
1035736093.7500001,-34.95303
1035736250.0000001,-34.95845
1035736406.2500001,-34.95136
1035736562.5000001,-34.94286
1035736718.7500001,-34.93798
1035736875.0000001,-34.93892
1035737031.2500001,-34.92683
1035737187.5000001,-34.92776
1035737343.7500001,-34.9178
1035737500.0000001,-34.92918
1035737656.2500001,-34.90924
1035737812.5000001,-34.89945
1035737968.7500001,-34.90042
1035738125.0000001,-34.90004
1035738281.2500001,-34.89557
1035738437.5000001,-34.89511
1035738593.7500001,-34.89431
1035738750.0000001,-34.87889
1035738906.2500001,-34.88115
1035739062.5000001,-34.86992
1035739218.7500001,-34.86693
1035739375.0000001,-34.86714
1035739531.2500001,-34.86113
1035739687.5000001,-34.843
1035739843.7500001,-34.85553
1035740000.0000001,-34.84207
1035740156.2500001,-34.84479
1035740312.5000001,-34.83524
1035740468.7500001,-34.8241
1035740625.0000001,-34.8269
1035740781.2500001,-34.82663
1035740937.5000001,-34.82551
1035741093.7500001,-34.80605
1035741250.0000001,-34.81397
1035741406.2500001,-34.81622
1035741562.5000001,-34.79791
1035741718.7500001,-34.78988
1035741875.0000001,-34.78567
1035742031.2500001,-34.79118
1035742187.5000001,-34.78877
1035742343.7500001,-34.77881
1035742500.0000001,-34.77385
1035742656.2500001,-34.778
1035742812.5000001,-34.77733
1035742968.7500001,-34.7596
1035743125.0000001,-34.76085
1035743281.2500001,-34.75047
1035743437.5000001,-34.75105
1035743593.7500001,-34.74465
1035743750.0000001,-34.75159
1035743906.2500001,-34.73631
1035744062.5000001,-34.73448
1035744218.7500001,-34.72887
1035744375.0000001,-34.72087
1035744531.2500001,-34.71606
1035744687.5000001,-34.71638
1035744843.7500001,-34.70555
1035745000.0000001,-34.69443
1035745156.2500001,-34.70355
1035745312.5000001,-34.69411
1035745468.7500001,-34.68437
1035745625.0000001,-34.67955
1035745781.2500001,-34.67917
1035745937.5000001,-34.6738
1035746093.7500001,-34.66929
1035746250.0000001,-34.65583
1035746406.2500001,-34.65775
1035746562.5000001,-34.65593
1035746718.7500001,-34.66281
1035746875.0000001,-34.64608
1035747031.2500001,-34.63826
1035747187.5000001,-34.64591
1035747343.7500001,-34.63466
1035747500.0000001,-34.63529
1035747656.2500001,-34.62613
1035747812.5000001,-34.62072
1035747968.7500001,-34.61234
1035748125.0000001,-34.62585
1035748281.2500001,-34.60557
1035748437.5000001,-34.60789
1035748593.7500001,-34.59225
1035748750.0000001,-34.60101
1035748906.2500001,-34.59157
1035749062.5000001,-34.5848
1035749218.7500001,-34.58906
1035749375.0000001,-34.57972
1035749531.2500001,-34.57627
1035749687.5000001,-34.57078
1035749843.7500001,-34.56144
1035750000.0000001,-34.55486
1035750156.2500001,-34.54159
1035750312.5000001,-34.54782
1035750468.7500001,-34.54126
1035750625.0000001,-34.53823
1035750781.2500001,-34.53062
1035750937.5000001,-34.53027
1035751093.7500001,-34.52162
1035751250.0000001,-34.52609
1035751406.2500001,-34.51737
1035751562.5000001,-34.51611
1035751718.7500001,-34.50386
1035751875.0000001,-34.50506
1035752031.2500001,-34.49728
1035752187.5000001,-34.49963
1035752343.7500001,-34.49443
1035752500.0000001,-34.48003
1035752656.2500001,-34.47805
1035752812.5000001,-34.46109
1035752968.7500001,-34.47351
1035753125.0000001,-34.46434
1035753281.2500001,-34.47585
1035753437.5000001,-34.46267
1035753593.7500001,-34.45049
1035753750.0000001,-34.44422
1035753906.2500001,-34.4421
1035754062.5000001,-34.43858
1035754218.7500001,-34.43063
1035754375.0000001,-34.42573
1035754531.2500001,-34.42016
1035754687.5000001,-34.42095
1035754843.7500001,-34.42316
1035755000.0000001,-34.40838
1035755156.2500001,-34.4147
1035755312.5000001,-34.40856
1035755468.7500001,-34.39618
1035755625.0000001,-34.39464
1035755781.2500001,-34.39049
1035755937.5000001,-34.38281
1035756093.7500001,-34.38488
1035756250.0000001,-34.38276
1035756406.2500001,-34.36368
1035756562.5000001,-34.37162
1035756718.7500001,-34.362
1035756875.0000001,-34.35941
1035757031.2500001,-34.34938
1035757187.5000001,-34.35282
1035757343.7500001,-34.34002
1035757500.0000001,-34.34886
1035757656.2500001,-34.32584
1035757812.5000001,-34.3261
1035757968.7500001,-34.33221
1035758125.0000001,-34.32488
1035758281.2500001,-34.30985
1035758437.5000001,-34.31298
1035758593.7500001,-34.30564
1035758750.0000001,-34.30898
1035758906.2500001,-34.29884
1035759062.5000001,-34.28733
1035759218.7500001,-34.29346
1035759375.0000001,-34.28745
1035759531.2500001,-34.2794
1035759687.5000001,-34.27372
1035759843.7500001,-34.26604
1035760000.0000001,-34.26563
1035760156.2500001,-34.25536
1035760312.5000001,-34.24713
1035760468.7500001,-34.24323
1035760625.0000001,-34.24998
1035760781.2500001,-34.23604
1035760937.5000001,-34.23627
1035761093.7500001,-34.22831
1035761250.0000001,-34.22775
1035761406.2500001,-34.21856
1035761562.5000001,-34.21399
1035761718.7500001,-34.21143
1035761875.0000001,-34.20671
1035762031.2500001,-34.20638
1035762187.5000001,-34.19818
1035762343.7500001,-34.18926
1035762500.0000001,-34.18829
1035762656.2500001,-34.18052
1035762812.5000001,-34.18704
1035762968.7500001,-34.17284
1035763125.0000001,-34.16471
1035763281.2500001,-34.15484
1035763437.5000001,-34.15942
1035763593.7500001,-34.16202
1035763750.0000001,-34.15326
1035763906.2500001,-34.14801
1035764062.5000001,-34.13636
1035764218.7500001,-34.1352
1035764375.0000001,-34.13042
1035764531.2500001,-34.12066
1035764687.5000001,-34.12346
1035764843.7500001,-34.12116
1035765000.0000001,-34.10631
1035765156.2500001,-34.10648
1035765312.5000001,-34.09593
1035765468.7500001,-34.09802
1035765625.0000001,-34.1024
1035765781.2500001,-34.08503
1035765937.5000001,-34.08975
1035766093.7500001,-34.0704
1035766250.0000001,-34.07137
1035766406.2500001,-34.07172
1035766562.5000001,-34.05655
1035766718.7500001,-34.06544
1035766875.0000001,-34.05378
1035767031.2500001,-34.04366
1035767187.5000001,-34.0458
1035767343.7500001,-34.03885
1035767500.0000001,-34.03774
1035767656.2500001,-34.03277
1035767812.5000001,-34.01705
1035767968.7500001,-34.01815
1035768125.0000001,-34.01992
1035768281.2500001,-34.00691
1035768437.5000001,-34.00322
1035768593.7500001,-33.99529
1035768750.0000001,-34.00043
1035768906.2500001,-34.00153
1035769062.5000001,-33.98921
1035769218.7500001,-33.98685
1035769375.0000001,-33.98599
1035769531.2500001,-33.9725
1035769687.5000001,-33.97275
1035769843.7500001,-33.96764
1035770000.0000001,-33.95749
1035770156.2500001,-33.94964
1035770312.5000001,-33.94926
1035770468.7500001,-33.94097
1035770625.0000001,-33.93351
1035770781.2500001,-33.93466
1035770937.5000001,-33.93233
1035771093.7500001,-33.92401
1035771250.0000001,-33.92894
1035771406.2500001,-33.90991
1035771562.5000001,-33.90313
1035771718.7500001,-33.90003
1035771875.0000001,-33.90612
1035772031.2500001,-33.88652
1035772187.5000001,-33.8947
1035772343.7500001,-33.88616
1035772500.0000001,-33.88184
1035772656.2500001,-33.87548
1035772812.5000001,-33.86648
1035772968.7500001,-33.87604
1035773125.0000001,-33.85926
1035773281.2500001,-33.86084
1035773437.5000001,-33.85535
1035773593.7500001,-33.84218
1035773750.0000001,-33.84034
1035773906.2500001,-33.83592
1035774062.5000001,-33.83291
1035774218.7500001,-33.82448
1035774375.0000001,-33.82362
1035774531.2500001,-33.8213
1035774687.5000001,-33.81593
1035774843.7500001,-33.80815
1035775000.0000001,-33.80429
1035775156.2500001,-33.79819
1035775312.5000001,-33.78756
1035775468.7500001,-33.79499
1035775625.0000001,-33.78074
1035775781.2500001,-33.77668
1035775937.5000001,-33.76976
1035776093.7500001,-33.76305
1035776250.0000001,-33.75853
1035776406.2500001,-33.75441
1035776562.5000001,-33.75382
1035776718.7500001,-33.74882
1035776875.0000001,-33.7405
1035777031.2500001,-33.73275
1035777187.5000001,-33.73591
1035777343.7500001,-33.72807
1035777500.0000001,-33.72127
1035777656.2500001,-33.71988
1035777812.5000001,-33.7214
1035777968.7500001,-33.70262
1035778125.0000001,-33.69949
1035778281.2500001,-33.70046
1035778437.5000001,-33.69848
1035778593.7500001,-33.6867
1035778750.0000001,-33.68831
1035778906.2500001,-33.67709
1035779062.5000001,-33.67479
1035779218.7500001,-33.66695
1035779375.0000001,-33.67324
1035779531.2500001,-33.65969
1035779687.5000001,-33.65755
1035779843.7500001,-33.64964
1035780000.0000001,-33.64465
1035780156.2500001,-33.64051
1035780312.5000001,-33.63532
1035780468.7500001,-33.6248
1035780625.0000001,-33.62617
1035780781.2500001,-33.62019
1035780937.5000001,-33.61446
1035781093.7500001,-33.61011
1035781250.0000001,-33.60528
1035781406.2500001,-33.59816
1035781562.5000001,-33.59815
1035781718.7500001,-33.58505
1035781875.0000001,-33.58872
1035782031.2500001,-33.57844
1035782187.5000001,-33.5761
1035782343.7500001,-33.57139
1035782500.0000001,-33.55873
1035782656.2500001,-33.54654
1035782812.5000001,-33.54988
1035782968.7500001,-33.55349
1035783125.0000001,-33.5373
1035783281.2500001,-33.53727
1035783437.5000001,-33.53582
1035783593.7500001,-33.53353
1035783750.0000001,-33.52832
1035783906.2500001,-33.52042
1035784062.5000001,-33.51449
1035784218.7500001,-33.50986
1035784375.0000001,-33.50544
1035784531.2500001,-33.49536
1035784687.5000001,-33.48664
1035784843.7500001,-33.49351
1035785000.0000001,-33.48506
1035785156.2500001,-33.47417
1035785312.5000001,-33.46615
1035785468.7500001,-33.46812
1035785625.0000001,-33.46269
1035785781.2500001,-33.45774
1035785937.5000001,-33.45978
1035786093.7500001,-33.44845
1035786250.0000001,-33.43974
1035786406.2500001,-33.43923
1035786562.5000001,-33.43702
1035786718.7500001,-33.43029
1035786875.0000001,-33.42242
1035787031.2500001,-33.4158
1035787187.5000001,-33.41182
1035787343.7500001,-33.41155
1035787500.0000001,-33.39306
1035787656.2500001,-33.38971
1035787812.5000001,-33.40038
1035787968.7500001,-33.38821
1035788125.0000001,-33.38292
1035788281.2500001,-33.38222
1035788437.5000001,-33.37232
1035788593.7500001,-33.36891
1035788750.0000001,-33.36076
1035788906.2500001,-33.36473
1035789062.5000001,-33.35154
1035789218.7500001,-33.34488
1035789375.0000001,-33.34663
1035789531.2500001,-33.33525
1035789687.5000001,-33.34354
1035789843.7500001,-33.32718
1035790000.0000001,-33.31976
1035790156.2500001,-33.31346
1035790312.5000001,-33.31142
1035790468.7500001,-33.29665
1035790625.0000001,-33.29074
1035790781.2500001,-33.29766
1035790937.5000001,-33.28513
1035791093.7500001,-33.28521
1035791250.0000001,-33.2848
1035791406.2500001,-33.27187
1035791562.5000001,-33.27185
1035791718.7500001,-33.26491
1035791875.0000001,-33.25366
1035792031.2500001,-33.25589
1035792187.5000001,-33.2482
1035792343.7500001,-33.24584
1035792500.0000001,-33.2361
1035792656.2500001,-33.22804
1035792812.5000001,-33.22762
1035792968.7500001,-33.22495
1035793125.0000001,-33.20951
1035793281.2500001,-33.21872
1035793437.5000001,-33.20652
1035793593.7500001,-33.2051
1035793750.0000001,-33.1946
1035793906.2500001,-33.19582
1035794062.5000001,-33.18781
1035794218.7500001,-33.18758
1035794375.0000001,-33.1759
1035794531.2500001,-33.16638
1035794687.5000001,-33.16637
1035794843.7500001,-33.16726
1035795000.0000001,-33.15273
1035795156.2500001,-33.1415
1035795312.5000001,-33.14582
1035795468.7500001,-33.13647
1035795625.0000001,-33.1334
1035795781.2500001,-33.1333
1035795937.5000001,-33.12466
1035796093.7500001,-33.12014
1035796250.0000001,-33.11943
1035796406.2500001,-33.09709
1035796562.5000001,-33.10402
1035796718.7500001,-33.09947
1035796875.0000001,-33.08216
1035797031.2500001,-33.08889
1035797187.5000001,-33.08163
1035797343.7500001,-33.06887
1035797500.0000001,-33.07492
1035797656.2500001,-33.06524
1035797812.5000001,-33.06023
1035797968.7500001,-33.06187
1035798125.0000001,-33.04995
1035798281.2500001,-33.03955
1035798437.5000001,-33.04227
1035798593.7500001,-33.03183
1035798750.0000001,-33.03331
1035798906.2500001,-33.02103
1035799062.5000001,-33.01759
1035799218.7500001,-33.01085
1035799375.0000001,-33.00872
1035799531.2500001,-33.00439
1035799687.5000001,-33.00137
1035799843.7500001,-32.99698
1035800000.0000001,-32.99467
1035800156.2500001,-32.9824
1035800312.5000001,-32.97191
1035800468.7500001,-32.97229
1035800625.0000001,-32.97557
1035800781.2500001,-32.96154
1035800937.5000001,-32.96161
1035801093.7500001,-32.94905
1035801250.0000001,-32.94735
1035801406.2500001,-32.94661
1035801562.5000001,-32.93499
1035801718.7500001,-32.93075
1035801875.0000001,-32.92073
1035802031.2500001,-32.9206
1035802187.5000001,-32.91331
1035802343.7500001,-32.9084
1035802500.0000001,-32.90194
1035802656.2500001,-32.89406
1035802812.5000001,-32.8899
1035802968.7500001,-32.88074
1035803125.0000001,-32.88844
1035803281.2500001,-32.8707
1035803437.5000001,-32.86874
1035803593.7500001,-32.8616
1035803750.0000001,-32.86977
1035803906.2500001,-32.86293
1035804062.5000001,-32.84819
1035804218.7500001,-32.84526
1035804375.0000001,-32.83928
1035804531.2500001,-32.82873
1035804687.5000001,-32.82977
1035804843.7500001,-32.82048
1035805000.0000001,-32.82167
1035805156.2500001,-32.81068
1035805312.5000001,-32.79654
1035805468.7500001,-32.80037
1035805625.0000001,-32.80014
1035805781.2500001,-32.79276
1035805937.5000001,-32.78156
1035806093.7500001,-32.78056
1035806250.0000001,-32.77313
1035806406.2500001,-32.76721
1035806562.5000001,-32.76745
1035806718.7500001,-32.75438
1035806875.0000001,-32.75737
1035807031.2500001,-32.74752
1035807187.5000001,-32.74156
1035807343.7500001,-32.73787
1035807500.0000001,-32.72992
1035807656.2500001,-32.72499
1035807812.5000001,-32.72139
1035807968.7500001,-32.71297
1035808125.0000001,-32.71354
1035808281.2500001,-32.70191
1035808437.5000001,-32.70324
1035808593.7500001,-32.69231
1035808750.0000001,-32.68888
1035808906.2500001,-32.68659
1035809062.5000001,-32.67826
1035809218.7500001,-32.67196
1035809375.0000001,-32.6669
1035809531.2500001,-32.6554
1035809687.5000001,-32.65765
1035809843.7500001,-32.64661
1035810000.0000001,-32.64587
1035810156.2500001,-32.63964
1035810312.5000001,-32.63726
1035810468.7500001,-32.62703
1035810625.0000001,-32.61848
1035810781.2500001,-32.61744
1035810937.5000001,-32.61666
1035811093.7500001,-32.61222
1035811250.0000001,-32.60647
1035811406.2500001,-32.59792
1035811562.5000001,-32.58411
1035811718.7500001,-32.58612
1035811875.0000001,-32.57243
1035812031.2500001,-32.57261
1035812187.5000001,-32.57018
1035812343.7500001,-32.56854
1035812500.0000001,-32.56042
1035812656.2500001,-32.5461
1035812812.5000001,-32.54974
1035812968.7500001,-32.54376
1035813125.0000001,-32.52969
1035813281.2500001,-32.53523
1035813437.5000001,-32.52536
1035813593.7500001,-32.52205
1035813750.0000001,-32.51996
1035813906.2500001,-32.50678
1035814062.5000001,-32.49986
1035814218.7500001,-32.48605
1035814375.0000001,-32.49063
1035814531.2500001,-32.49171
1035814687.5000001,-32.48125
1035814843.7500001,-32.47385
1035815000.0000001,-32.46622
1035815156.2500001,-32.45959
1035815312.5000001,-32.45517
1035815468.7500001,-32.45357
1035815625.0000001,-32.44515
1035815781.2500001,-32.44077
1035815937.5000001,-32.42855
1035816093.7500001,-32.43222
1035816250.0000001,-32.43114
1035816406.2500001,-32.41781
1035816562.5000001,-32.41598
1035816718.7500001,-32.41049
1035816875.0000001,-32.40165
1035817031.2500001,-32.39977
1035817187.5000001,-32.39027
1035817343.7500001,-32.38583
1035817500.0000001,-32.37875
1035817656.2500001,-32.37381
1035817812.5000001,-32.37069
1035817968.7500001,-32.36524
1035818125.0000001,-32.35805
1035818281.2500001,-32.35992
1035818437.5000001,-32.34261
1035818593.7500001,-32.34591
1035818750.0000001,-32.33475
1035818906.2500001,-32.32621
1035819062.5000001,-32.32561
1035819218.7500001,-32.32027
1035819375.0000001,-32.31371
1035819531.2500001,-32.31248
1035819687.5000001,-32.30011
1035819843.7500001,-32.3009
1035820000.0000001,-32.297
1035820156.2500001,-32.28941
1035820312.5000001,-32.27665
1035820468.7500001,-32.27576
1035820625.0000001,-32.26805
1035820781.2500001,-32.26702
1035820937.5000001,-32.25652
1035821093.7500001,-32.25377
1035821250.0000001,-32.24822
1035821406.2500001,-32.24331
1035821562.5000001,-32.23119
1035821718.7500001,-32.22533
1035821875.0000001,-32.22019
1035822031.2500001,-32.2177
1035822187.5000001,-32.21249
1035822343.7500001,-32.2007
1035822500.0000001,-32.20368
1035822656.2500001,-32.19208
1035822812.5000001,-32.18856
1035822968.7500001,-32.18528
1035823125.0000001,-32.18174
1035823281.2500001,-32.17183
1035823437.5000001,-32.1684
1035823593.7500001,-32.16292
1035823750.0000001,-32.15667
1035823906.2500001,-32.15271
1035824062.5000001,-32.14759
1035824218.7500001,-32.14649
1035824375.0000001,-32.13525
1035824531.2500001,-32.1312
1035824687.5000001,-32.12246
1035824843.7500001,-32.11483
1035825000.0000001,-32.1167
1035825156.2500001,-32.11094
1035825312.5000001,-32.10535
1035825468.7500001,-32.09305
1035825625.0000001,-32.08691
1035825781.2500001,-32.08329
1035825937.5000001,-32.07379
1035826093.7500001,-32.07448
1035826250.0000001,-32.06609
1035826406.2500001,-32.05663
1035826562.5000001,-32.0553
1035826718.7500001,-32.04482
1035826875.0000001,-32.0362
1035827031.2500001,-32.03453
1035827187.5000001,-32.03211
1035827343.7500001,-32.01628
1035827500.0000001,-32.02185
1035827656.2500001,-32.01194
1035827812.5000001,-32.01208
1035827968.7500001,-31.99915
1035828125.0000001,-32.0006
1035828281.2500001,-31.99155
1035828437.5000001,-31.98841
1035828593.7500001,-31.98114
1035828750.0000001,-31.97624
1035828906.2500001,-31.96771
1035829062.5000001,-31.96238
1035829218.7500001,-31.95795
1035829375.0000001,-31.94987
1035829531.2500001,-31.94478
1035829687.5000001,-31.93299
1035829843.7500001,-31.93539
1035830000.0000001,-31.93075
1035830156.2500001,-31.92307
1035830312.5000001,-31.91537
1035830468.7500001,-31.90761
1035830625.0000001,-31.90171
1035830781.2500001,-31.90093
1035830937.5000001,-31.88843
1035831093.7500001,-31.88321
1035831250.0000001,-31.88245
1035831406.2500001,-31.87541
1035831562.5000001,-31.87148
1035831718.7500001,-31.86857
1035831875.0000001,-31.86286
1035832031.2500001,-31.85096
1035832187.5000001,-31.84485
1035832343.7500001,-31.83583
1035832500.0000001,-31.83289
1035832656.2500001,-31.83236
1035832812.5000001,-31.82972
1035832968.7500001,-31.81815
1035833125.0000001,-31.80891
1035833281.2500001,-31.79923
1035833437.5000001,-31.79848
1035833593.7500001,-31.7926
1035833750.0000001,-31.79047
1035833906.2500001,-31.7829
1035834062.5000001,-31.78033
1035834218.7500001,-31.76955
1035834375.0000001,-31.76298
1035834531.2500001,-31.76232
1035834687.5000001,-31.75347
1035834843.7500001,-31.74056
1035835000.0000001,-31.74512
1035835156.2500001,-31.73832
1035835312.5000001,-31.72761
1035835468.7500001,-31.7267
1035835625.0000001,-31.7147
1035835781.2500001,-31.71065
1035835937.5000001,-31.7063
1035836093.7500001,-31.70609
1035836250.0000001,-31.69673
1035836406.2500001,-31.68776
1035836562.5000001,-31.67935
1035836718.7500001,-31.6806
1035836875.0000001,-31.67175
1035837031.2500001,-31.67263
1035837187.5000001,-31.66154
1035837343.7500001,-31.65608
1035837500.0000001,-31.64746
1035837656.2500001,-31.63892
1035837812.5000001,-31.63453
1035837968.7500001,-31.63108
1035838125.0000001,-31.62136
1035838281.2500001,-31.61935
1035838437.5000001,-31.6076
1035838593.7500001,-31.6086
1035838750.0000001,-31.60298
1035838906.2500001,-31.5886
1035839062.5000001,-31.58807
1035839218.7500001,-31.57932
1035839375.0000001,-31.58605
1035839531.2500001,-31.57097
1035839687.5000001,-31.56283
1035839843.7500001,-31.56232
1035840000.0000001,-31.54922
1035840156.2500001,-31.54545
1035840312.5000001,-31.54035
1035840468.7500001,-31.53373
1035840625.0000001,-31.52941
1035840781.2500001,-31.5246
1035840937.5000001,-31.52156
1035841093.7500001,-31.50158
1035841250.0000001,-31.51172
1035841406.2500001,-31.49104
1035841562.5000001,-31.49429
1035841718.7500001,-31.49119
1035841875.0000001,-31.48732
1035842031.2500001,-31.47799
1035842187.5000001,-31.47448
1035842343.7500001,-31.46363
1035842500.0000001,-31.45733
1035842656.2500001,-31.45155
1035842812.5000001,-31.44611
1035842968.7500001,-31.43896
1035843125.0000001,-31.43579
1035843281.2500001,-31.42685
1035843437.5000001,-31.42014
1035843593.7500001,-31.41635
1035843750.0000001,-31.41185
1035843906.2500001,-31.40068
1035844062.5000001,-31.38905
1035844218.7500001,-31.39498
1035844375.0000001,-31.38843
1035844531.2500001,-31.37938
1035844687.5000001,-31.36998
1035844843.7500001,-31.37463
1035845000.0000001,-31.36879
1035845156.2500001,-31.35519
1035845312.5000001,-31.35629
1035845468.7500001,-31.34943
1035845625.0000001,-31.33761
1035845781.2500001,-31.32912
1035845937.5000001,-31.32674
1035846093.7500001,-31.31808
1035846250.0000001,-31.31559
1035846406.2500001,-31.30846
1035846562.5000001,-31.29842
1035846718.7500001,-31.29512
1035846875.0000001,-31.28702
1035847031.2500001,-31.28711
1035847187.5000001,-31.27719
1035847343.7500001,-31.27299
1035847500.0000001,-31.26966
1035847656.2500001,-31.25912
1035847812.5000001,-31.25429
1035847968.7500001,-31.25287
1035848125.0000001,-31.23749
1035848281.2500001,-31.23447
1035848437.5000001,-31.22902
1035848593.7500001,-31.22658
1035848750.0000001,-31.22062
1035848906.2500001,-31.21058
1035849062.5000001,-31.20152
1035849218.7500001,-31.20135
1035849375.0000001,-31.19718
1035849531.2500001,-31.18669
1035849687.5000001,-31.18191
1035849843.7500001,-31.17013
1035850000.0000001,-31.16893
1035850156.2500001,-31.16566
1035850312.5000001,-31.1597
1035850468.7500001,-31.14923
1035850625.0000001,-31.14384
1035850781.2500001,-31.13804
1035850937.5000001,-31.13301
1035851093.7500001,-31.12673
1035851250.0000001,-31.11807
1035851406.2500001,-31.1175
1035851562.5000001,-31.11182
1035851718.7500001,-31.1023
1035851875.0000001,-31.09822
1035852031.2500001,-31.09347
1035852187.5000001,-31.08603
1035852343.7500001,-31.07973
1035852500.0000001,-31.06762
1035852656.2500001,-31.06205
1035852812.5000001,-31.06039
1035852968.7500001,-31.05981
1035853125.0000001,-31.04747
1035853281.2500001,-31.04286
1035853437.5000001,-31.03788
1035853593.7500001,-31.0282
1035853750.0000001,-31.0223
1035853906.2500001,-31.02035
1035854062.5000001,-31.01284
1035854218.7500001,-31.00344
1035854375.0000001,-30.99362
1035854531.2500001,-30.9924
1035854687.5000001,-30.9837
1035854843.7500001,-30.97952
1035855000.0000001,-30.97343
1035855156.2500001,-30.97006
1035855312.5000001,-30.95918
1035855468.7500001,-30.96129
1035855625.0000001,-30.95246
1035855781.2500001,-30.93975
1035855937.5000001,-30.94044
1035856093.7500001,-30.92786
1035856250.0000001,-30.92512
1035856406.2500001,-30.92137
1035856562.5000001,-30.91081
1035856718.7500001,-30.90372
1035856875.0000001,-30.89813
1035857031.2500001,-30.89293
1035857187.5000001,-30.89341
1035857343.7500001,-30.88049
1035857500.0000001,-30.87983
1035857656.2500001,-30.86452
1035857812.5000001,-30.87044
1035857968.7500001,-30.85322
1035858125.0000001,-30.84733
1035858281.2500001,-30.84148
1035858437.5000001,-30.84034
1035858593.7500001,-30.83289
1035858750.0000001,-30.82366
1035858906.2500001,-30.82019
1035859062.5000001,-30.8112
1035859218.7500001,-30.80401
1035859375.0000001,-30.8006
1035859531.2500001,-30.78815
1035859687.5000001,-30.78649
1035859843.7500001,-30.77302
1035860000.0000001,-30.76997
1035860156.2500001,-30.76331
1035860312.5000001,-30.76635
1035860468.7500001,-30.75126
1035860625.0000001,-30.74494
1035860781.2500001,-30.74189
1035860937.5000001,-30.73791
1035861093.7500001,-30.7313
1035861250.0000001,-30.71731
1035861406.2500001,-30.71594
1035861562.5000001,-30.70749
1035861718.7500001,-30.70893
1035861875.0000001,-30.704
1035862031.2500001,-30.6939
1035862187.5000001,-30.68692
1035862343.7500001,-30.68034
1035862500.0000001,-30.67241
1035862656.2500001,-30.6657
1035862812.5000001,-30.65873
1035862968.7500001,-30.666
1035863125.0000001,-30.64654
1035863281.2500001,-30.64249
1035863437.5000001,-30.63356
1035863593.7500001,-30.62992
1035863750.0000001,-30.62041
1035863906.2500001,-30.62349
1035864062.5000001,-30.61009
1035864218.7500001,-30.60097
1035864375.0000001,-30.5953
1035864531.2500001,-30.59295
1035864687.5000001,-30.58263
1035864843.7500001,-30.57631
1035865000.0000001,-30.57405
1035865156.2500001,-30.56969
1035865312.5000001,-30.55937
1035865468.7500001,-30.55461
1035865625.0000001,-30.5507
1035865781.2500001,-30.53959
1035865937.5000001,-30.53405
1035866093.7500001,-30.52845
1035866250.0000001,-30.51563
1035866406.2500001,-30.51631
1035866562.5000001,-30.51167
1035866718.7500001,-30.50668
1035866875.0000001,-30.50158
1035867031.2500001,-30.4942
1035867187.5000001,-30.48361
1035867343.7500001,-30.47723
1035867500.0000001,-30.46878
1035867656.2500001,-30.46361
1035867812.5000001,-30.45844
1035867968.7500001,-30.44867
1035868125.0000001,-30.44644
1035868281.2500001,-30.44114
1035868437.5000001,-30.43528
1035868593.7500001,-30.42668
1035868750.0000001,-30.41919
1035868906.2500001,-30.41691
1035869062.5000001,-30.40397
1035869218.7500001,-30.40523
1035869375.0000001,-30.39498
1035869531.2500001,-30.39014
1035869687.5000001,-30.37882
1035869843.7500001,-30.37753
1035870000.0000001,-30.36533
1035870156.2500001,-30.35496
1035870312.5000001,-30.35719
1035870468.7500001,-30.34916
1035870625.0000001,-30.34451
1035870781.2500001,-30.33891
1035870937.5000001,-30.33674
1035871093.7500001,-30.32244
1035871250.0000001,-30.32232
1035871406.2500001,-30.3102
1035871562.5000001,-30.30529
1035871718.7500001,-30.3005
1035871875.0000001,-30.28872
1035872031.2500001,-30.28716
1035872187.5000001,-30.28302
1035872343.7500001,-30.27115
1035872500.0000001,-30.26928
1035872656.2500001,-30.25587
1035872812.5000001,-30.25674
1035872968.7500001,-30.24606
1035873125.0000001,-30.23925
1035873281.2500001,-30.23859
1035873437.5000001,-30.22916
1035873593.7500001,-30.22959
1035873750.0000001,-30.21414
1035873906.2500001,-30.20558
1035874062.5000001,-30.20289
1035874218.7500001,-30.19963
1035874375.0000001,-30.18892
1035874531.2500001,-30.1846
1035874687.5000001,-30.18143
1035874843.7500001,-30.16718
1035875000.0000001,-30.16414
1035875156.2500001,-30.15468
1035875312.5000001,-30.15349
1035875468.7500001,-30.14459
1035875625.0000001,-30.13682
1035875781.2500001,-30.13305
1035875937.5000001,-30.12765
1035876093.7500001,-30.12117
1035876250.0000001,-30.11081
1035876406.2500001,-30.10661
1035876562.5000001,-30.09487
1035876718.7500001,-30.09037
1035876875.0000001,-30.09082
1035877031.2500001,-30.0808
1035877187.5000001,-30.07066
1035877343.7500001,-30.06807
1035877500.0000001,-30.05651
1035877656.2500001,-30.05568
1035877812.5000001,-30.05417
1035877968.7500001,-30.04614
1035878125.0000001,-30.03594
1035878281.2500001,-30.02921
1035878437.5000001,-30.02283
1035878593.7500001,-30.02066
1035878750.0000001,-30.00999
1035878906.2500001,-29.99974
1035879062.5000001,-29.99365
1035879218.7500001,-29.99089
1035879375.0000001,-29.97946
1035879531.2500001,-29.97715
1035879687.5000001,-29.97656
1035879843.7500001,-29.96022
1035880000.0000001,-29.95215
1035880156.2500001,-29.94588
1035880312.5000001,-29.94394
1035880468.7500001,-29.93601
1035880625.0000001,-29.93043
1035880781.2500001,-29.92848
1035880937.5000001,-29.91964
1035881093.7500001,-29.91001
1035881250.0000001,-29.90783
1035881406.2500001,-29.89782
1035881562.5000001,-29.89276
1035881718.7500001,-29.8853
1035881875.0000001,-29.8825
1035882031.2500001,-29.87082
1035882187.5000001,-29.86706
1035882343.7500001,-29.85754
1035882500.0000001,-29.85287
1035882656.2500001,-29.84144
1035882812.5000001,-29.84016
1035882968.7500001,-29.83402
1035883125.0000001,-29.82686
1035883281.2500001,-29.82191
1035883437.5000001,-29.81239
1035883593.7500001,-29.80923
1035883750.0000001,-29.79812
1035883906.2500001,-29.79293
1035884062.5000001,-29.78737
1035884218.7500001,-29.78222
1035884375.0000001,-29.77155
1035884531.2500001,-29.76936
1035884687.5000001,-29.75529
1035884843.7500001,-29.75902
1035885000.0000001,-29.74599
1035885156.2500001,-29.74157
1035885312.5000001,-29.73138
1035885468.7500001,-29.72579
1035885625.0000001,-29.72138
1035885781.2500001,-29.7149
1035885937.5000001,-29.7068
1035886093.7500001,-29.69921
1035886250.0000001,-29.69774
1035886406.2500001,-29.68893
1035886562.5000001,-29.68362
1035886718.7500001,-29.67548
1035886875.0000001,-29.66499
1035887031.2500001,-29.65699
1035887187.5000001,-29.65362
1035887343.7500001,-29.65254
1035887500.0000001,-29.64393
1035887656.2500001,-29.63411
1035887812.5000001,-29.63101
1035887968.7500001,-29.62178
1035888125.0000001,-29.62072
1035888281.2500001,-29.60874
1035888437.5000001,-29.59977
1035888593.7500001,-29.59208
1035888750.0000001,-29.58815
1035888906.2500001,-29.58145
1035889062.5000001,-29.58056
1035889218.7500001,-29.56832
1035889375.0000001,-29.55484
1035889531.2500001,-29.55366
1035889687.5000001,-29.54967
1035889843.7500001,-29.54399
1035890000.0000001,-29.53515
1035890156.2500001,-29.52588
1035890312.5000001,-29.52371
1035890468.7500001,-29.51296
1035890625.0000001,-29.51278
1035890781.2500001,-29.50171
1035890937.5000001,-29.4949
1035891093.7500001,-29.49695
1035891250.0000001,-29.48076
1035891406.2500001,-29.47105
1035891562.5000001,-29.46748
1035891718.7500001,-29.45983
1035891875.0000001,-29.46331
1035892031.2500001,-29.45176
1035892187.5000001,-29.44247
1035892343.7500001,-29.4369
1035892500.0000001,-29.43048
1035892656.2500001,-29.42444
1035892812.5000001,-29.41624
1035892968.7500001,-29.41203
1035893125.0000001,-29.40313
1035893281.2500001,-29.39638
1035893437.5000001,-29.39167
1035893593.7500001,-29.37879
1035893750.0000001,-29.37091
1035893906.2500001,-29.37157
1035894062.5000001,-29.35989
1035894218.7500001,-29.35573
1035894375.0000001,-29.34367
1035894531.2500001,-29.34193
1035894687.5000001,-29.33514
1035894843.7500001,-29.33086
1035895000.0000001,-29.32295
1035895156.2500001,-29.31664
1035895312.5000001,-29.30672
1035895468.7500001,-29.30275
1035895625.0000001,-29.2977
1035895781.2500001,-29.29187
1035895937.5000001,-29.27977
1035896093.7500001,-29.27013
1035896250.0000001,-29.26865
1035896406.2500001,-29.26227
1035896562.5000001,-29.25184
1035896718.7500001,-29.24944
1035896875.0000001,-29.24577
1035897031.2500001,-29.2377
1035897187.5000001,-29.22987
1035897343.7500001,-29.22446
1035897500.0000001,-29.21433
1035897656.2500001,-29.21166
1035897812.5000001,-29.20259
1035897968.7500001,-29.19704
1035898125.0000001,-29.18781
1035898281.2500001,-29.18445
1035898437.5000001,-29.18325
1035898593.7500001,-29.17304
1035898750.0000001,-29.16267
1035898906.2500001,-29.15927
1035899062.5000001,-29.1487
1035899218.7500001,-29.14038
1035899375.0000001,-29.13823
1035899531.2500001,-29.13049
1035899687.5000001,-29.1185
1035899843.7500001,-29.1118
1035900000.0000001,-29.10765
1035900156.2500001,-29.10566
1035900312.5000001,-29.09624
1035900468.7500001,-29.09167
1035900625.0000001,-29.0843
1035900781.2500001,-29.0754
1035900937.5000001,-29.07106
1035901093.7500001,-29.06136
1035901250.0000001,-29.05185
1035901406.2500001,-29.04429
1035901562.5000001,-29.04243
1035901718.7500001,-29.03645
1035901875.0000001,-29.02694
1035902031.2500001,-29.02134
1035902187.5000001,-29.01515
1035902343.7500001,-29.01095
1035902500.0000001,-29.01201
1035902656.2500001,-28.99367
1035902812.5000001,-28.98847
1035902968.7500001,-28.98729
1035903125.0000001,-28.97929
1035903281.2500001,-28.97368
1035903437.5000001,-28.96399
1035903593.7500001,-28.95714
1035903750.0000001,-28.94865
1035903906.2500001,-28.94556
1035904062.5000001,-28.93721
1035904218.7500001,-28.93262
1035904375.0000001,-28.92616
1035904531.2500001,-28.9168
1035904687.5000001,-28.91087
1035904843.7500001,-28.90185
1035905000.0000001,-28.89392
1035905156.2500001,-28.88915
1035905312.5000001,-28.88074
1035905468.7500001,-28.87225
1035905625.0000001,-28.86761
1035905781.2500001,-28.86083
1035905937.5000001,-28.85716
1035906093.7500001,-28.8422
1035906250.0000001,-28.83737
1035906406.2500001,-28.83853
1035906562.5000001,-28.82484
1035906718.7500001,-28.81758
1035906875.0000001,-28.81389
1035907031.2500001,-28.8021
1035907187.5000001,-28.80175
1035907343.7500001,-28.79649
1035907500.0000001,-28.78761
1035907656.2500001,-28.78511
1035907812.5000001,-28.77516
1035907968.7500001,-28.7635
1035908125.0000001,-28.76044
1035908281.2500001,-28.75239
1035908437.5000001,-28.74891
1035908593.7500001,-28.73675
1035908750.0000001,-28.74085
1035908906.2500001,-28.72926
1035909062.5000001,-28.72011
1035909218.7500001,-28.72125
1035909375.0000001,-28.7033
1035909531.2500001,-28.69421
1035909687.5000001,-28.69483
1035909843.7500001,-28.68919
1035910000.0000001,-28.68322
1035910156.2500001,-28.67281
1035910312.5000001,-28.66935
1035910468.7500001,-28.66267
1035910625.0000001,-28.65854
1035910781.2500001,-28.64291
1035910937.5000001,-28.64409
1035911093.7500001,-28.63378
1035911250.0000001,-28.63119
1035911406.2500001,-28.62275
1035911562.5000001,-28.61147
1035911718.7500001,-28.61177
1035911875.0000001,-28.59995
1035912031.2500001,-28.5944
1035912187.5000001,-28.58822
1035912343.7500001,-28.58028
1035912500.0000001,-28.56986
1035912656.2500001,-28.57008
1035912812.5000001,-28.55939
1035912968.7500001,-28.55225
1035913125.0000001,-28.54749
1035913281.2500001,-28.54188
1035913437.5000001,-28.53691
1035913593.7500001,-28.52728
1035913750.0000001,-28.51713
1035913906.2500001,-28.5176
1035914062.5000001,-28.5071
1035914218.7500001,-28.49972
1035914375.0000001,-28.48823
1035914531.2500001,-28.48696
1035914687.5000001,-28.4799
1035914843.7500001,-28.47525
1035915000.0000001,-28.46667
1035915156.2500001,-28.46055
1035915312.5000001,-28.45761
1035915468.7500001,-28.45044
1035915625.0000001,-28.43788
1035915781.2500001,-28.43396
1035915937.5000001,-28.42054
1035916093.7500001,-28.42189
1035916250.0000001,-28.41027
1035916406.2500001,-28.41096
1035916562.5000001,-28.39691
1035916718.7500001,-28.3898
1035916875.0000001,-28.38896
1035917031.2500001,-28.38509
1035917187.5000001,-28.37557
1035917343.7500001,-28.36737
1035917500.0000001,-28.36207
1035917656.2500001,-28.35705
1035917812.5000001,-28.3471
1035917968.7500001,-28.34338
1035918125.0000001,-28.33691
1035918281.2500001,-28.32625
1035918437.5000001,-28.31943
1035918593.7500001,-28.31378
1035918750.0000001,-28.30969
1035918906.2500001,-28.30365
1035919062.5000001,-28.29046
1035919218.7500001,-28.28605
1035919375.0000001,-28.28054
1035919531.2500001,-28.27273
1035919687.5000001,-28.26797
1035919843.7500001,-28.26164
1035920000.0000001,-28.25111
1035920156.2500001,-28.24985
1035920312.5000001,-28.24344
1035920468.7500001,-28.23036
1035920625.0000001,-28.22874
1035920781.2500001,-28.21978
1035920937.5000001,-28.21293
1035921093.7500001,-28.20477
1035921250.0000001,-28.20193
1035921406.2500001,-28.19078
1035921562.5000001,-28.18783
1035921718.7500001,-28.18612
1035921875.0000001,-28.17594
1035922031.2500001,-28.16494
1035922187.5000001,-28.1653
1035922343.7500001,-28.15378
1035922500.0000001,-28.1518
1035922656.2500001,-28.1413
1035922812.5000001,-28.13818
1035922968.7500001,-28.12961
1035923125.0000001,-28.12059
1035923281.2500001,-28.11211
1035923437.5000001,-28.10897
1035923593.7500001,-28.10423
1035923750.0000001,-28.0988
1035923906.2500001,-28.09298
1035924062.5000001,-28.08528
1035924218.7500001,-28.07431
1035924375.0000001,-28.06922
1035924531.2500001,-28.06556
1035924687.5000001,-28.05707
1035924843.7500001,-28.05384
1035925000.0000001,-28.04769
1035925156.2500001,-28.04008
1035925312.5000001,-28.02895
1035925468.7500001,-28.02169
1035925625.0000001,-28.01502
1035925781.2500001,-28.01367
1035925937.5000001,-28.0032
1035926093.7500001,-27.99796
1035926250.0000001,-27.98882
1035926406.2500001,-27.98205
1035926562.5000001,-27.97397
1035926718.7500001,-27.97392
1035926875.0000001,-27.96449
1035927031.2500001,-27.96281
1035927187.5000001,-27.95173
1035927343.7500001,-27.94142
1035927500.0000001,-27.93873
1035927656.2500001,-27.93668
1035927812.5000001,-27.9283
1035927968.7500001,-27.91721
1035928125.0000001,-27.90915
1035928281.2500001,-27.90259
1035928437.5000001,-27.90199
1035928593.7500001,-27.89307
1035928750.0000001,-27.89005
1035928906.2500001,-27.88619
1035929062.5000001,-27.86994
1035929218.7500001,-27.86189
1035929375.0000001,-27.86363
1035929531.2500001,-27.85265
1035929687.5000001,-27.84566
1035929843.7500001,-27.84159
1035930000.0000001,-27.83477
1035930156.2500001,-27.83231
1035930312.5000001,-27.82795
1035930468.7500001,-27.81546
1035930625.0000001,-27.80462
1035930781.2500001,-27.80261
1035930937.5000001,-27.79286
1035931093.7500001,-27.78924
1035931250.0000001,-27.77887
1035931406.2500001,-27.77584
1035931562.5000001,-27.77404
1035931718.7500001,-27.76228
1035931875.0000001,-27.75373
1035932031.2500001,-27.74957
1035932187.5000001,-27.74276
1035932343.7500001,-27.73542
1035932500.0000001,-27.7301
1035932656.2500001,-27.72638
1035932812.5000001,-27.71249
1035932968.7500001,-27.71323
1035933125.0000001,-27.70832
1035933281.2500001,-27.69612
1035933437.5000001,-27.68942
1035933593.7500001,-27.68831
1035933750.0000001,-27.67984
1035933906.2500001,-27.67284
1035934062.5000001,-27.66557
1035934218.7500001,-27.66054
1035934375.0000001,-27.65347
1035934531.2500001,-27.64819
1035934687.5000001,-27.64172
1035934843.7500001,-27.634
1035935000.0000001,-27.62846
1035935156.2500001,-27.62053
1035935312.5000001,-27.61551
1035935468.7500001,-27.60959
1035935625.0000001,-27.60062
1035935781.2500001,-27.59895
1035935937.5000001,-27.58932
1035936093.7500001,-27.58775
1035936250.0000001,-27.58022
1035936406.2500001,-27.57596
1035936562.5000001,-27.56656
1035936718.7500001,-27.55711
1035936875.0000001,-27.5547
1035937031.2500001,-27.54585
1035937187.5000001,-27.53773
1035937343.7500001,-27.53142
1035937500.0000001,-27.52986
1035937656.2500001,-27.52194
1035937812.5000001,-27.51489
1035937968.7500001,-27.50593
1035938125.0000001,-27.49985
1035938281.2500001,-27.49834
1035938437.5000001,-27.4909
1035938593.7500001,-27.4835
1035938750.0000001,-27.47925
1035938906.2500001,-27.46577
1035939062.5000001,-27.46782
1035939218.7500001,-27.45838
1035939375.0000001,-27.45171
1035939531.2500001,-27.44722
1035939687.5000001,-27.44014
1035939843.7500001,-27.43374
1035940000.0000001,-27.4308
1035940156.2500001,-27.42391
1035940312.5000001,-27.41997
1035940468.7500001,-27.40631
1035940625.0000001,-27.40254
1035940781.2500001,-27.40113
1035940937.5000001,-27.38936
1035941093.7500001,-27.39062
1035941250.0000001,-27.37722
1035941406.2500001,-27.37289
1035941562.5000001,-27.36947
1035941718.7500001,-27.35942
1035941875.0000001,-27.36034
1035942031.2500001,-27.34462
1035942187.5000001,-27.34565
1035942343.7500001,-27.3371
1035942500.0000001,-27.326
1035942656.2500001,-27.31904
1035942812.5000001,-27.31713
1035942968.7500001,-27.31281
1035943125.0000001,-27.30429
1035943281.2500001,-27.30059
1035943437.5000001,-27.2864
1035943593.7500001,-27.28736
1035943750.0000001,-27.28094
1035943906.2500001,-27.27365
1035944062.5000001,-27.2648
1035944218.7500001,-27.26168
1035944375.0000001,-27.25869
1035944531.2500001,-27.2508
1035944687.5000001,-27.24578
1035944843.7500001,-27.23628
1035945000.0000001,-27.22905
1035945156.2500001,-27.22328
1035945312.5000001,-27.22373
1035945468.7500001,-27.21627
1035945625.0000001,-27.20591
1035945781.2500001,-27.20527
1035945937.5000001,-27.19368
1035946093.7500001,-27.18952
1035946250.0000001,-27.18561
1035946406.2500001,-27.17552
1035946562.5000001,-27.17415
1035946718.7500001,-27.16565
1035946875.0000001,-27.15733
1035947031.2500001,-27.15137
1035947187.5000001,-27.14687
1035947343.7500001,-27.14591
1035947500.0000001,-27.13907
1035947656.2500001,-27.13319
1035947812.5000001,-27.12315
1035947968.7500001,-27.11808
1035948125.0000001,-27.11201
1035948281.2500001,-27.10588
1035948437.5000001,-27.09986
1035948593.7500001,-27.09341
1035948750.0000001,-27.08644
1035948906.2500001,-27.08413
1035949062.5000001,-27.07659
1035949218.7500001,-27.06886
1035949375.0000001,-27.06632
1035949531.2500001,-27.05952
1035949687.5000001,-27.05426
1035949843.7500001,-27.04646
1035950000.0000001,-27.04153
1035950156.2500001,-27.03815
1035950312.5000001,-27.03687
1035950468.7500001,-27.02723
1035950625.0000001,-27.02424
1035950781.2500001,-27.01591
1035950937.5000001,-27.0099
1035951093.7500001,-27.00663
1035951250.0000001,-26.99669
1035951406.2500001,-26.9919
1035951562.5000001,-26.98562
1035951718.7500001,-26.98125
1035951875.0000001,-26.97352
1035952031.2500001,-26.96972
1035952187.5000001,-26.96711
1035952343.7500001,-26.9567
1035952500.0000001,-26.95258
1035952656.2500001,-26.9426
1035952812.5000001,-26.94038
1035952968.7500001,-26.93703
1035953125.0000001,-26.92987
1035953281.2500001,-26.924
1035953437.5000001,-26.91597
1035953593.7500001,-26.91119
1035953750.0000001,-26.90228
1035953906.2500001,-26.9001
1035954062.5000001,-26.89846
1035954218.7500001,-26.88888
1035954375.0000001,-26.88563
1035954531.2500001,-26.87676
1035954687.5000001,-26.87358
1035954843.7500001,-26.86738
1035955000.0000001,-26.85939
1035955156.2500001,-26.85727
1035955312.5000001,-26.84801
1035955468.7500001,-26.8436
1035955625.0000001,-26.84117
1035955781.2500001,-26.83314
1035955937.5000001,-26.82681
1035956093.7500001,-26.82356
1035956250.0000001,-26.81702
1035956406.2500001,-26.81462
1035956562.5000001,-26.80875
1035956718.7500001,-26.79899
1035956875.0000001,-26.79759
1035957031.2500001,-26.78875
1035957187.5000001,-26.78521
1035957343.7500001,-26.782
1035957500.0000001,-26.77386
1035957656.2500001,-26.76986
1035957812.5000001,-26.76466
1035957968.7500001,-26.75348
1035958125.0000001,-26.75291
1035958281.2500001,-26.7472
1035958437.5000001,-26.74459
1035958593.7500001,-26.73719
1035958750.0000001,-26.73203
1035958906.2500001,-26.72753
1035959062.5000001,-26.72199
1035959218.7500001,-26.71428
1035959375.0000001,-26.71023
1035959531.2500001,-26.7085
1035959687.5000001,-26.70189
1035959843.7500001,-26.69586
1035960000.0000001,-26.69164
1035960156.2500001,-26.6867
1035960312.5000001,-26.68377
1035960468.7500001,-26.67603
1035960625.0000001,-26.66987
1035960781.2500001,-26.66996
1035960937.5000001,-26.66133
1035961093.7500001,-26.65123
1035961250.0000001,-26.64754
1035961406.2500001,-26.64723
1035961562.5000001,-26.63766
1035961718.7500001,-26.63051
1035961875.0000001,-26.63336
1035962031.2500001,-26.61976
1035962187.5000001,-26.61703
1035962343.7500001,-26.61193
1035962500.0000001,-26.612
1035962656.2500001,-26.60258
1035962812.5000001,-26.60108
1035962968.7500001,-26.59547
1035963125.0000001,-26.5874
1035963281.2500001,-26.58653
1035963437.5000001,-26.57725
1035963593.7500001,-26.5714
1035963750.0000001,-26.56553
1035963906.2500001,-26.56457
1035964062.5000001,-26.55484
1035964218.7500001,-26.55672
1035964375.0000001,-26.54696
1035964531.2500001,-26.54579
1035964687.5000001,-26.53976
1035964843.7500001,-26.53644
1035965000.0000001,-26.52997
1035965156.2500001,-26.52896
1035965312.5000001,-26.52075
1035965468.7500001,-26.51481
1035965625.0000001,-26.51591
1035965781.2500001,-26.50435
1035965937.5000001,-26.50084
1035966093.7500001,-26.496
1035966250.0000001,-26.49254
1035966406.2500001,-26.48456
1035966562.5000001,-26.48735
1035966718.7500001,-26.47468
1035966875.0000001,-26.4723
1035967031.2500001,-26.46958
1035967187.5000001,-26.46195
1035967343.7500001,-26.45681
1035967500.0000001,-26.45514
1035967656.2500001,-26.44837
1035967812.5000001,-26.44667
1035967968.7500001,-26.43911
1035968125.0000001,-26.43323
1035968281.2500001,-26.43127
1035968437.5000001,-26.42872
1035968593.7500001,-26.4224
1035968750.0000001,-26.41968
1035968906.2500001,-26.41429
1035969062.5000001,-26.40395
1035969218.7500001,-26.40542
1035969375.0000001,-26.39803
1035969531.2500001,-26.39449
1035969687.5000001,-26.38764
1035969843.7500001,-26.38758
1035970000.0000001,-26.38035
1035970156.2500001,-26.37618
1035970312.5000001,-26.37193
1035970468.7500001,-26.36683
1035970625.0000001,-26.36739
1035970781.2500001,-26.35874
1035970937.5000001,-26.35255
1035971093.7500001,-26.34774
1035971250.0000001,-26.35126
1035971406.2500001,-26.34156
1035971562.5000001,-26.33905
1035971718.7500001,-26.33644
1035971875.0000001,-26.32849
1035972031.2500001,-26.32572
1035972187.5000001,-26.31533
1035972343.7500001,-26.3138
1035972500.0000001,-26.31149
1035972656.2500001,-26.30502
1035972812.5000001,-26.30451
1035972968.7500001,-26.29799
1035973125.0000001,-26.2947
1035973281.2500001,-26.28873
1035973437.5000001,-26.28719
1035973593.7500001,-26.28424
1035973750.0000001,-26.28021
1035973906.2500001,-26.27126
1035974062.5000001,-26.26798
1035974218.7500001,-26.26828
1035974375.0000001,-26.26042
1035974531.2500001,-26.25925
1035974687.5000001,-26.25426
1035974843.7500001,-26.24848
1035975000.0000001,-26.2461
1035975156.2500001,-26.24178
1035975312.5000001,-26.23574
1035975468.7500001,-26.23521
1035975625.0000001,-26.23057
1035975781.2500001,-26.22699
1035975937.5000001,-26.22422
1035976093.7500001,-26.22026
1035976250.0000001,-26.21701
1035976406.2500001,-26.21052
1035976562.5000001,-26.20698
1035976718.7500001,-26.20663
1035976875.0000001,-26.19771
1035977031.2500001,-26.19838
1035977187.5000001,-26.19242
1035977343.7500001,-26.18959
1035977500.0000001,-26.18374
1035977656.2500001,-26.17972
1035977812.5000001,-26.17594
1035977968.7500001,-26.17351
1035978125.0000001,-26.1667
1035978281.2500001,-26.16669
1035978437.5000001,-26.16169
1035978593.7500001,-26.16034
1035978750.0000001,-26.15748
1035978906.2500001,-26.15049
1035979062.5000001,-26.14962
1035979218.7500001,-26.14709
1035979375.0000001,-26.14071
1035979531.2500001,-26.1361
1035979687.5000001,-26.1316
1035979843.7500001,-26.1294
1035980000.0000001,-26.12761
1035980156.2500001,-26.1242
1035980312.5000001,-26.11765
1035980468.7500001,-26.11807
1035980625.0000001,-26.11477
1035980781.2500001,-26.10841
1035980937.5000001,-26.1049
1035981093.7500001,-26.10637
1035981250.0000001,-26.1037
1035981406.2500001,-26.09305
1035981562.5000001,-26.09201
1035981718.7500001,-26.09034
1035981875.0000001,-26.0882
1035982031.2500001,-26.08458
1035982187.5000001,-26.08007
1035982343.7500001,-26.07749
1035982500.0000001,-26.07322
1035982656.2500001,-26.06917
1035982812.5000001,-26.06785
1035982968.7500001,-26.06404
1035983125.0000001,-26.05816
1035983281.2500001,-26.05877
1035983437.5000001,-26.05365
1035983593.7500001,-26.05145
1035983750.0000001,-26.04755
1035983906.2500001,-26.04466
1035984062.5000001,-26.04519
1035984218.7500001,-26.0373
1035984375.0000001,-26.03999
1035984531.2500001,-26.02995
1035984687.5000001,-26.02861
1035984843.7500001,-26.0267
1035985000.0000001,-26.02228
1035985156.2500001,-26.01908
1035985312.5000001,-26.01857
1035985468.7500001,-26.01483
1035985625.0000001,-26.01207
1035985781.2500001,-26.01183
1035985937.5000001,-26.00462
1035986093.7500001,-26.00643
1035986250.0000001,-26.00425
1035986406.2500001,-25.99817
1035986562.5000001,-25.99429
1035986718.7500001,-25.99006
1035986875.0000001,-25.99109
1035987031.2500001,-25.99109
1035987187.5000001,-25.98741
1035987343.7500001,-25.98274
1035987500.0000001,-25.97995
1035987656.2500001,-25.9751
1035987812.5000001,-25.97377
1035987968.7500001,-25.97108
1035988125.0000001,-25.96979
1035988281.2500001,-25.96645
1035988437.5000001,-25.96655
1035988593.7500001,-25.96185
1035988750.0000001,-25.95755
1035988906.2500001,-25.95685
1035989062.5000001,-25.95116
1035989218.7500001,-25.94934
1035989375.0000001,-25.94736
1035989531.2500001,-25.94819
1035989687.5000001,-25.94249
1035989843.7500001,-25.94135
1035990000.0000001,-25.94026
1035990156.2500001,-25.93778
1035990312.5000001,-25.93342
1035990468.7500001,-25.93258
1035990625.0000001,-25.92892
1035990781.2500001,-25.92742
1035990937.5000001,-25.92782
1035991093.7500001,-25.92689
1035991250.0000001,-25.92359
1035991406.2500001,-25.9181
1035991562.5000001,-25.91827
1035991718.7500001,-25.91472
1035991875.0000001,-25.91386
1035992031.2500001,-25.91101
1035992187.5000001,-25.90643
1035992343.7500001,-25.91097
1035992500.0000001,-25.90497
1035992656.2500001,-25.90436
1035992812.5000001,-25.90139
1035992968.7500001,-25.89811
1035993125.0000001,-25.89809
1035993281.2500001,-25.89122
1035993437.5000001,-25.89288
1035993593.7500001,-25.88916
1035993750.0000001,-25.89103
1035993906.2500001,-25.88661
1035994062.5000001,-25.88268
1035994218.7500001,-25.88665
1035994375.0000001,-25.88334
1035994531.2500001,-25.87993
1035994687.5000001,-25.88006
1035994843.7500001,-25.87723
1035995000.0000001,-25.87643
1035995156.2500001,-25.87222
1035995312.5000001,-25.8709
1035995468.7500001,-25.86523
1035995625.0000001,-25.86884
1035995781.2500001,-25.86354
1035995937.5000001,-25.86607
1035996093.7500001,-25.86279
1035996250.0000001,-25.86136
1035996406.2500001,-25.85957
1035996562.5000001,-25.8598
1035996718.7500001,-25.85746
1035996875.0000001,-25.85346
1035997031.2500001,-25.85434
1035997187.5000001,-25.84891
1035997343.7500001,-25.84866
1035997500.0000001,-25.85168
1035997656.2500001,-25.84523
1035997812.5000001,-25.84292
1035997968.7500001,-25.84266
1035998125.0000001,-25.84241
1035998281.2500001,-25.83985
1035998437.5000001,-25.8435
1035998593.7500001,-25.83994
1035998750.0000001,-25.83626
1035998906.2500001,-25.83901
1035999062.5000001,-25.83683
1035999218.7500001,-25.83671
1035999375.0000001,-25.83156
1035999531.2500001,-25.83521
1035999687.5000001,-25.83343
1035999843.7500001,-25.83002
1036000000.0000001,-25.82742
1036000156.2500001,-25.82671
1036000312.5000001,-25.82449
1036000468.7500001,-25.82611
1036000625.0000001,-25.82355
1036000781.2500001,-25.82621
1036000937.5000001,-25.82105
1036001093.7500001,-25.82281
1036001250.0000001,-25.81958
1036001406.2500001,-25.82055
1036001562.5000001,-25.818
1036001718.7500001,-25.81616
1036001875.0000001,-25.81827
1036002031.2500001,-25.81714
1036002187.5000001,-25.81502
1036002343.7500001,-25.8128
1036002500.0000001,-25.81601
1036002656.2500001,-25.81543
1036002812.5000001,-25.8128
1036002968.7500001,-25.81284
1036003125.0000001,-25.81433
1036003281.2500001,-25.80737
1036003437.5000001,-25.80876
1036003593.7500001,-25.80762
1036003750.0000001,-25.80895
1036003906.2500001,-25.80869
1036004062.5000001,-25.80501
1036004218.7500001,-25.80572
1036004375.0000001,-25.80451
1036004531.2500001,-25.80465
1036004687.5000001,-25.80283
1036004843.7500001,-25.80883
1036005000.0000001,-25.80351
1036005156.2500001,-25.80249
1036005312.5000001,-25.80334
1036005468.7500001,-25.80024
1036005625.0000001,-25.80454
1036005781.2500001,-25.80049
1036005937.5000001,-25.79918
1036006093.7500001,-25.80485
1036006250.0000001,-25.79978
1036006406.2500001,-25.80484
1036006562.5000001,-25.79909
1036006718.7500001,-25.80396
1036006875.0000001,-25.79806
1036007031.2500001,-25.79906
1036007187.5000001,-25.79902
1036007343.7500001,-25.79851
1036007500.0000001,-25.79924
1036007656.2500001,-25.79952
1036007812.5000001,-25.79787
1036007968.7500001,-25.79679
1036008125.0000001,-25.80028
1036008281.2500001,-25.80039
1036008437.5000001,-25.79756
1036008593.7500001,-25.79855
1036008750.0000001,-25.80114
1036008906.2500001,-25.80143
1036009062.5000001,-25.79806
1036009218.7500001,-25.79869
1036009375.0000001,-25.80213
1036009531.2500001,-25.80022
1036009687.5000001,-25.7997
1036009843.7500001,-25.80213
1036010000.0000001,-25.8018
1036010156.2500001,-25.80083
1036010312.5000001,-25.80019
1036010468.7500001,-25.79966
1036010625.0000001,-25.80057
1036010781.2500001,-25.7998
1036010937.5000001,-25.7994
1036011093.7500001,-25.80127
1036011250.0000001,-25.80048
1036011406.2500001,-25.8001
1036011562.5000001,-25.7979
1036011718.7500001,-25.80383
1036011875.0000001,-25.80243
1036012031.2500001,-25.80587
1036012187.5000001,-25.80791
1036012343.7500001,-25.80502
1036012500.0000001,-25.80775
1036012656.2500001,-25.80705
1036012812.5000001,-25.80727
1036012968.7500001,-25.80544
1036013125.0000001,-25.80782
1036013281.2500001,-25.81073
1036013437.5000001,-25.8118
1036013593.7500001,-25.8103
1036013750.0000001,-25.81125
1036013906.2500001,-25.81182
1036014062.5000001,-25.81262
1036014218.7500001,-25.81337
1036014375.0000001,-25.8142
1036014531.2500001,-25.81064
1036014687.5000001,-25.81518
1036014843.7500001,-25.81548
1036015000.0000001,-25.81998
1036015156.2500001,-25.81824
1036015312.5000001,-25.81763
1036015468.7500001,-25.82174
1036015625.0000001,-25.82145
1036015781.2500001,-25.81908
1036015937.5000001,-25.81958
1036016093.7500001,-25.8209
1036016250.0000001,-25.82574
1036016406.2500001,-25.82473
1036016562.5000001,-25.82679
1036016718.7500001,-25.82668
1036016875.0000001,-25.82712
1036017031.2500001,-25.828
1036017187.5000001,-25.83222
1036017343.7500001,-25.83352
1036017500.0000001,-25.83342
1036017656.2500001,-25.83183
1036017812.5000001,-25.83352
1036017968.7500001,-25.837
1036018125.0000001,-25.83311
1036018281.2500001,-25.83747
1036018437.5000001,-25.83917
1036018593.7500001,-25.84058
1036018750.0000001,-25.8437
1036018906.2500001,-25.84324
1036019062.5000001,-25.84785
1036019218.7500001,-25.84469
1036019375.0000001,-25.85092
1036019531.2500001,-25.84987
1036019687.5000001,-25.84741
1036019843.7500001,-25.85085
1036020000.0000001,-25.85547
1036020156.2500001,-25.85651
1036020312.5000001,-25.86039
1036020468.7500001,-25.85809
1036020625.0000001,-25.86044
1036020781.2500001,-25.86331
1036020937.5000001,-25.86502
1036021093.7500001,-25.86256
1036021250.0000001,-25.86604
1036021406.2500001,-25.869
1036021562.5000001,-25.8706
1036021718.7500001,-25.87287
1036021875.0000001,-25.87334
1036022031.2500001,-25.87433
1036022187.5000001,-25.8755
1036022343.7500001,-25.88367
1036022500.0000001,-25.88103
1036022656.2500001,-25.88315
1036022812.5000001,-25.88372
1036022968.7500001,-25.88355
1036023125.0000001,-25.88755
1036023281.2500001,-25.89361
1036023437.5000001,-25.89236
1036023593.7500001,-25.89368
1036023750.0000001,-25.90041
1036023906.2500001,-25.89951
1036024062.5000001,-25.89688
1036024218.7500001,-25.90301
1036024375.0000001,-25.90714
1036024531.2500001,-25.90486
1036024687.5000001,-25.90618
1036024843.7500001,-25.91262
1036025000.0000001,-25.91226
1036025156.2500001,-25.91416
1036025312.5000001,-25.91434
1036025468.7500001,-25.91915
1036025625.0000001,-25.92057
1036025781.2500001,-25.92218
1036025937.5000001,-25.92579
1036026093.7500001,-25.92793
1036026250.0000001,-25.93251
1036026406.2500001,-25.93317
1036026562.5000001,-25.93556
1036026718.7500001,-25.93323
1036026875.0000001,-25.93964
1036027031.2500001,-25.94159
1036027187.5000001,-25.94252
1036027343.7500001,-25.94562
1036027500.0000001,-25.95088
1036027656.2500001,-25.94766
1036027812.5000001,-25.95174
1036027968.7500001,-25.95643
1036028125.0000001,-25.9557
1036028281.2500001,-25.96493
1036028437.5000001,-25.96026
1036028593.7500001,-25.96672
1036028750.0000001,-25.96895
1036028906.2500001,-25.9716
1036029062.5000001,-25.97373
1036029218.7500001,-25.97796
1036029375.0000001,-25.9778
1036029531.2500001,-25.98264
1036029687.5000001,-25.98386
1036029843.7500001,-25.98843
1036030000.0000001,-25.98617
1036030156.2500001,-25.99453
1036030312.5000001,-25.99964
1036030468.7500001,-25.9976
1036030625.0000001,-26.00052
1036030781.2500001,-26.00174
1036030937.5000001,-26.0073
1036031093.7500001,-26.01259
1036031250.0000001,-26.01361
1036031406.2500001,-26.01294
1036031562.5000001,-26.0195
1036031718.7500001,-26.02271
1036031875.0000001,-26.02102
1036032031.2500001,-26.0233
1036032187.5000001,-26.03287
1036032343.7500001,-26.03526
1036032500.0000001,-26.03629
1036032656.2500001,-26.04175
1036032812.5000001,-26.04578
1036032968.7500001,-26.04375
1036033125.0000001,-26.04932
1036033281.2500001,-26.052
1036033437.5000001,-26.05141
1036033593.7500001,-26.05954
1036033750.0000001,-26.0582
1036033906.2500001,-26.06267
1036034062.5000001,-26.06918
1036034218.7500001,-26.06822
1036034375.0000001,-26.07046
1036034531.2500001,-26.07661
1036034687.5000001,-26.07985
1036034843.7500001,-26.08217
1036035000.0000001,-26.08776
1036035156.2500001,-26.09174
1036035312.5000001,-26.09068
1036035468.7500001,-26.09775
1036035625.0000001,-26.10165
1036035781.2500001,-26.10295
1036035937.5000001,-26.11117
1036036093.7500001,-26.10867
1036036250.0000001,-26.11347
1036036406.2500001,-26.11533
1036036562.5000001,-26.11907
1036036718.7500001,-26.12253
1036036875.0000001,-26.1282
1036037031.2500001,-26.13586
1036037187.5000001,-26.13307
1036037343.7500001,-26.1373
1036037500.0000001,-26.13842
1036037656.2500001,-26.14552
1036037812.5000001,-26.14658
1036037968.7500001,-26.15298
1036038125.0000001,-26.15382
1036038281.2500001,-26.15755
1036038437.5000001,-26.16
1036038593.7500001,-26.16647
1036038750.0000001,-26.16992
1036038906.2500001,-26.17261
1036039062.5000001,-26.17978
1036039218.7500001,-26.17973
1036039375.0000001,-26.18467
1036039531.2500001,-26.18842
1036039687.5000001,-26.19034
1036039843.7500001,-26.19751
1036040000.0000001,-26.1965
1036040156.2500001,-26.20294
1036040312.5000001,-26.20702
1036040468.7500001,-26.2074
1036040625.0000001,-26.21143
1036040781.2500001,-26.21836
1036040937.5000001,-26.22412
1036041093.7500001,-26.22474
1036041250.0000001,-26.22955
1036041406.2500001,-26.23445
1036041562.5000001,-26.23707
1036041718.7500001,-26.2408
1036041875.0000001,-26.24643
1036042031.2500001,-26.2493
1036042187.5000001,-26.25329
1036042343.7500001,-26.25665
1036042500.0000001,-26.25986
1036042656.2500001,-26.26697
1036042812.5000001,-26.26817
1036042968.7500001,-26.27364
1036043125.0000001,-26.2771
1036043281.2500001,-26.27917
1036043437.5000001,-26.28196
1036043593.7500001,-26.28828
1036043750.0000001,-26.28892
1036043906.2500001,-26.29996
1036044062.5000001,-26.30354
1036044218.7500001,-26.30356
1036044375.0000001,-26.31157
1036044531.2500001,-26.31398
1036044687.5000001,-26.31565
1036044843.7500001,-26.3219
1036045000.0000001,-26.32809
1036045156.2500001,-26.33249
1036045312.5000001,-26.33993
1036045468.7500001,-26.34013
1036045625.0000001,-26.3476
1036045781.2500001,-26.34995
1036045937.5000001,-26.35593
1036046093.7500001,-26.3556
1036046250.0000001,-26.36414
1036046406.2500001,-26.37104
1036046562.5000001,-26.3745
1036046718.7500001,-26.3758
1036046875.0000001,-26.37817
1036047031.2500001,-26.38577
1036047187.5000001,-26.38718
1036047343.7500001,-26.39112
1036047500.0000001,-26.39374
1036047656.2500001,-26.40015
1036047812.5000001,-26.40526
1036047968.7500001,-26.41057
1036048125.0000001,-26.4143
1036048281.2500001,-26.42231
1036048437.5000001,-26.42518
1036048593.7500001,-26.42723
1036048750.0000001,-26.43437
1036048906.2500001,-26.4429
1036049062.5000001,-26.44314
1036049218.7500001,-26.44826
1036049375.0000001,-26.45144
1036049531.2500001,-26.45403
1036049687.5000001,-26.46324
1036049843.7500001,-26.46782
1036050000.0000001,-26.46948
1036050156.2500001,-26.47806
1036050312.5000001,-26.48033
1036050468.7500001,-26.4849
1036050625.0000001,-26.48889
1036050781.2500001,-26.49626
1036050937.5000001,-26.50131
1036051093.7500001,-26.50851
1036051250.0000001,-26.50882
1036051406.2500001,-26.5124
1036051562.5000001,-26.52046
1036051718.7500001,-26.52417
1036051875.0000001,-26.53016
1036052031.2500001,-26.53187
1036052187.5000001,-26.53733
1036052343.7500001,-26.54627
1036052500.0000001,-26.54922
1036052656.2500001,-26.55394
1036052812.5000001,-26.55698
1036052968.7500001,-26.56094
1036053125.0000001,-26.57012
1036053281.2500001,-26.56936
1036053437.5000001,-26.57359
1036053593.7500001,-26.57654
1036053750.0000001,-26.58501
1036053906.2500001,-26.58815
1036054062.5000001,-26.59958
1036054218.7500001,-26.60405
1036054375.0000001,-26.60576
1036054531.2500001,-26.61749
1036054687.5000001,-26.61876
1036054843.7500001,-26.6244
1036055000.0000001,-26.62631
1036055156.2500001,-26.63497
1036055312.5000001,-26.63596
1036055468.7500001,-26.64134
1036055625.0000001,-26.64895
1036055781.2500001,-26.65178
1036055937.5000001,-26.65624
1036056093.7500001,-26.66426
1036056250.0000001,-26.66705
1036056406.2500001,-26.67274
1036056562.5000001,-26.67858
1036056718.7500001,-26.68199
1036056875.0000001,-26.68646
1036057031.2500001,-26.69135
1036057187.5000001,-26.69903
1036057343.7500001,-26.7059
1036057500.0000001,-26.70639
1036057656.2500001,-26.71923
1036057812.5000001,-26.71992
1036057968.7500001,-26.72244
1036058125.0000001,-26.72943
1036058281.2500001,-26.73325
1036058437.5000001,-26.7428
1036058593.7500001,-26.74704
1036058750.0000001,-26.7502
1036058906.2500001,-26.75583
1036059062.5000001,-26.76357
1036059218.7500001,-26.76716
1036059375.0000001,-26.77109
1036059531.2500001,-26.77692
1036059687.5000001,-26.7811
1036059843.7500001,-26.78854
1036060000.0000001,-26.79499
1036060156.2500001,-26.79862
1036060312.5000001,-26.80752
1036060468.7500001,-26.80889
1036060625.0000001,-26.81702
1036060781.2500001,-26.81763
1036060937.5000001,-26.82417
1036061093.7500001,-26.83045
1036061250.0000001,-26.83604
1036061406.2500001,-26.84718
1036061562.5000001,-26.84801
1036061718.7500001,-26.85543
1036061875.0000001,-26.86007
1036062031.2500001,-26.86529
1036062187.5000001,-26.86862
1036062343.7500001,-26.87289
1036062500.0000001,-26.8837
1036062656.2500001,-26.8869
1036062812.5000001,-26.89639
1036062968.7500001,-26.89855
1036063125.0000001,-26.90352
1036063281.2500001,-26.90777
1036063437.5000001,-26.91485
1036063593.7500001,-26.91739
1036063750.0000001,-26.92604
1036063906.2500001,-26.93288
1036064062.5000001,-26.93965
1036064218.7500001,-26.94288
1036064375.0000001,-26.94836
1036064531.2500001,-26.9531
1036064687.5000001,-26.96087
1036064843.7500001,-26.96687
1036065000.0000001,-26.9715
1036065156.2500001,-26.97686
1036065312.5000001,-26.98391
1036065468.7500001,-26.98573
1036065625.0000001,-26.99512
1036065781.2500001,-26.99599
1036065937.5000001,-27.00577
1036066093.7500001,-27.01107
1036066250.0000001,-27.01721
1036066406.2500001,-27.02507
1036066562.5000001,-27.03024
1036066718.7500001,-27.03008
1036066875.0000001,-27.04213
1036067031.2500001,-27.0458
1036067187.5000001,-27.05625
1036067343.7500001,-27.0589
1036067500.0000001,-27.05986
1036067656.2500001,-27.06946
1036067812.5000001,-27.07398
1036067968.7500001,-27.07922
1036068125.0000001,-27.08466
1036068281.2500001,-27.09404
1036068437.5000001,-27.09713
1036068593.7500001,-27.1043
1036068750.0000001,-27.10826
1036068906.2500001,-27.11081
1036069062.5000001,-27.12296
1036069218.7500001,-27.12734
1036069375.0000001,-27.13242
1036069531.2500001,-27.14071
1036069687.5000001,-27.14311
1036069843.7500001,-27.15076
1036070000.0000001,-27.15479
1036070156.2500001,-27.16576
1036070312.5000001,-27.17055
1036070468.7500001,-27.17908
1036070625.0000001,-27.18384
1036070781.2500001,-27.18625
1036070937.5000001,-27.19263
1036071093.7500001,-27.20115
1036071250.0000001,-27.20337
1036071406.2500001,-27.20817
1036071562.5000001,-27.21569
1036071718.7500001,-27.22318
1036071875.0000001,-27.2304
1036072031.2500001,-27.23109
1036072187.5000001,-27.23837
1036072343.7500001,-27.24121
1036072500.0000001,-27.25004
1036072656.2500001,-27.26082
1036072812.5000001,-27.25886
1036072968.7500001,-27.2739
1036073125.0000001,-27.27961
1036073281.2500001,-27.28686
1036073437.5000001,-27.28516
1036073593.7500001,-27.29585
1036073750.0000001,-27.30554
1036073906.2500001,-27.30977
1036074062.5000001,-27.31166
1036074218.7500001,-27.32022
1036074375.0000001,-27.32567
1036074531.2500001,-27.32909
1036074687.5000001,-27.33756
1036074843.7500001,-27.34328
1036075000.0000001,-27.34626
1036075156.2500001,-27.35463
1036075312.5000001,-27.36091
1036075468.7500001,-27.37138
1036075625.0000001,-27.37461
1036075781.2500001,-27.38157
1036075937.5000001,-27.38191
1036076093.7500001,-27.38801
1036076250.0000001,-27.39924
1036076406.2500001,-27.40416
1036076562.5000001,-27.40876
1036076718.7500001,-27.41837
1036076875.0000001,-27.42445
1036077031.2500001,-27.42812
1036077187.5000001,-27.43295
1036077343.7500001,-27.44206
1036077500.0000001,-27.44694
1036077656.2500001,-27.45292
1036077812.5000001,-27.46008
1036077968.7500001,-27.46314
1036078125.0000001,-27.47843
1036078281.2500001,-27.47478
1036078437.5000001,-27.48615
1036078593.7500001,-27.49055
1036078750.0000001,-27.49596
1036078906.2500001,-27.50242
1036079062.5000001,-27.50904
1036079218.7500001,-27.52039
1036079375.0000001,-27.52522
1036079531.2500001,-27.53127
1036079687.5000001,-27.53451
1036079843.7500001,-27.54252
1036080000.0000001,-27.54463
1036080156.2500001,-27.5547
1036080312.5000001,-27.55535
1036080468.7500001,-27.56331
1036080625.0000001,-27.57247
1036080781.2500001,-27.57777
1036080937.5000001,-27.5854
1036081093.7500001,-27.58923
1036081250.0000001,-27.59609
1036081406.2500001,-27.60618
1036081562.5000001,-27.60889
1036081718.7500001,-27.6152
1036081875.0000001,-27.6253
1036082031.2500001,-27.62967
1036082187.5000001,-27.63434
1036082343.7500001,-27.63877
1036082500.0000001,-27.65265
1036082656.2500001,-27.65815
1036082812.5000001,-27.65867
1036082968.7500001,-27.66834
1036083125.0000001,-27.67072
1036083281.2500001,-27.67876
1036083437.5000001,-27.68699
1036083593.7500001,-27.69051
1036083750.0000001,-27.702
1036083906.2500001,-27.70837
1036084062.5000001,-27.71171
1036084218.7500001,-27.71747
1036084375.0000001,-27.72975
1036084531.2500001,-27.72576
1036084687.5000001,-27.74265
1036084843.7500001,-27.74397
1036085000.0000001,-27.74942
1036085156.2500001,-27.75778
1036085312.5000001,-27.76715
1036085468.7500001,-27.76535
1036085625.0000001,-27.77724
1036085781.2500001,-27.77857
1036085937.5000001,-27.791
1036086093.7500001,-27.79474
1036086250.0000001,-27.80117
1036086406.2500001,-27.81163
1036086562.5000001,-27.81332
1036086718.7500001,-27.81998
1036086875.0000001,-27.82783
1036087031.2500001,-27.83402
1036087187.5000001,-27.84265
1036087343.7500001,-27.8452
1036087500.0000001,-27.85235
1036087656.2500001,-27.85983
1036087812.5000001,-27.86925
1036087968.7500001,-27.87197
1036088125.0000001,-27.87969
1036088281.2500001,-27.89158
1036088437.5000001,-27.88826
1036088593.7500001,-27.89823
1036088750.0000001,-27.90171
1036088906.2500001,-27.91517
1036089062.5000001,-27.92031
1036089218.7500001,-27.92531
1036089375.0000001,-27.93181
1036089531.2500001,-27.94116
1036089687.5000001,-27.94141
1036089843.7500001,-27.94997
1036090000.0000001,-27.95501
1036090156.2500001,-27.96636
1036090312.5000001,-27.97152
1036090468.7500001,-27.97954
1036090625.0000001,-27.98349
1036090781.2500001,-27.99284
1036090937.5000001,-27.99563
1036091093.7500001,-28.00552
1036091250.0000001,-28.01359
1036091406.2500001,-28.01659
1036091562.5000001,-28.02209
1036091718.7500001,-28.03012
1036091875.0000001,-28.0341
1036092031.2500001,-28.05065
1036092187.5000001,-28.04743
1036092343.7500001,-28.05891
1036092500.0000001,-28.06233
1036092656.2500001,-28.06667
1036092812.5000001,-28.07684
1036092968.7500001,-28.08218
1036093125.0000001,-28.08577
1036093281.2500001,-28.09814
1036093437.5000001,-28.10372
1036093593.7500001,-28.1043
1036093750.0000001,-28.11409
1036093906.2500001,-28.12517
1036094062.5000001,-28.12646
1036094218.7500001,-28.1383
1036094375.0000001,-28.14216
1036094531.2500001,-28.14628
1036094687.5000001,-28.15402
1036094843.7500001,-28.15754
1036095000.0000001,-28.16847
1036095156.2500001,-28.17298
1036095312.5000001,-28.18436
1036095468.7500001,-28.18595
1036095625.0000001,-28.19052
1036095781.2500001,-28.19811
1036095937.5000001,-28.20461
1036096093.7500001,-28.21315
1036096250.0000001,-28.22111
1036096406.2500001,-28.22954
1036096562.5000001,-28.23573
1036096718.7500001,-28.24038
1036096875.0000001,-28.25157
1036097031.2500001,-28.25113
1036097187.5000001,-28.25994
1036097343.7500001,-28.26754
1036097500.0000001,-28.27345
1036097656.2500001,-28.28212
1036097812.5000001,-28.28873
1036097968.7500001,-28.2914
1036098125.0000001,-28.29679
1036098281.2500001,-28.31036
1036098437.5000001,-28.30903
1036098593.7500001,-28.32182
1036098750.0000001,-28.32706
1036098906.2500001,-28.33314
1036099062.5000001,-28.33931
1036099218.7500001,-28.34489
1036099375.0000001,-28.35392
1036099531.2500001,-28.3621
1036099687.5000001,-28.36689
1036099843.7500001,-28.37326
1036100000.0000001,-28.38015
1036100156.2500001,-28.38557
1036100312.5000001,-28.39364
1036100468.7500001,-28.40066
1036100625.0000001,-28.40561
1036100781.2500001,-28.41535
1036100937.5000001,-28.42151
1036101093.7500001,-28.42349
1036101250.0000001,-28.43819
1036101406.2500001,-28.43831
1036101562.5000001,-28.44229
1036101718.7500001,-28.44892
1036101875.0000001,-28.45846
1036102031.2500001,-28.46712
1036102187.5000001,-28.47874
1036102343.7500001,-28.4796
1036102500.0000001,-28.48313
1036102656.2500001,-28.49467
1036102812.5000001,-28.49958
1036102968.7500001,-28.50155
1036103125.0000001,-28.51452
1036103281.2500001,-28.51625
1036103437.5000001,-28.52596
1036103593.7500001,-28.53371
1036103750.0000001,-28.54148
1036103906.2500001,-28.54559
1036104062.5000001,-28.55037
1036104218.7500001,-28.55642
1036104375.0000001,-28.56723
1036104531.2500001,-28.56961
1036104687.5000001,-28.57766
1036104843.7500001,-28.58485
1036105000.0000001,-28.59377
1036105156.2500001,-28.60152
1036105312.5000001,-28.60758
1036105468.7500001,-28.6083
1036105625.0000001,-28.6173
1036105781.2500001,-28.62745
1036105937.5000001,-28.63295
1036106093.7500001,-28.63327
1036106250.0000001,-28.64877
1036106406.2500001,-28.64949
1036106562.5000001,-28.65699
1036106718.7500001,-28.66196
1036106875.0000001,-28.67369
1036107031.2500001,-28.68292
1036107187.5000001,-28.68814
1036107343.7500001,-28.69219
1036107500.0000001,-28.7014
1036107656.2500001,-28.70455
1036107812.5000001,-28.71158
1036107968.7500001,-28.71805
1036108125.0000001,-28.72785
1036108281.2500001,-28.73018
1036108437.5000001,-28.7369
1036108593.7500001,-28.74481
1036108750.0000001,-28.75588
1036108906.2500001,-28.75912
1036109062.5000001,-28.76711
1036109218.7500001,-28.77294
1036109375.0000001,-28.7781
1036109531.2500001,-28.78377
1036109687.5000001,-28.79654
1036109843.7500001,-28.79274
1036110000.0000001,-28.8053
1036110156.2500001,-28.81234
1036110312.5000001,-28.81808
1036110468.7500001,-28.81963
1036110625.0000001,-28.83346
1036110781.2500001,-28.83884
1036110937.5000001,-28.84415
1036111093.7500001,-28.84682
1036111250.0000001,-28.85457
1036111406.2500001,-28.86564
1036111562.5000001,-28.87261
1036111718.7500001,-28.87443
1036111875.0000001,-28.88499
1036112031.2500001,-28.8883
1036112187.5000001,-28.90346
1036112343.7500001,-28.90186
1036112500.0000001,-28.91445
1036112656.2500001,-28.92439
1036112812.5000001,-28.92662
1036112968.7500001,-28.93334
1036113125.0000001,-28.93995
1036113281.2500001,-28.94516
1036113437.5000001,-28.95036
1036113593.7500001,-28.96268
1036113750.0000001,-28.96504
1036113906.2500001,-28.96857
1036114062.5000001,-28.97997
1036114218.7500001,-28.98084
1036114375.0000001,-28.99202
1036114531.2500001,-28.99503
1036114687.5000001,-29.00482
1036114843.7500001,-29.01461
1036115000.0000001,-29.01748
1036115156.2500001,-29.0216
1036115312.5000001,-29.03277
1036115468.7500001,-29.04142
1036115625.0000001,-29.04594
1036115781.2500001,-29.05517
1036115937.5000001,-29.0579
1036116093.7500001,-29.0639
1036116250.0000001,-29.07507
1036116406.2500001,-29.07596
1036116562.5000001,-29.08509
1036116718.7500001,-29.09052
1036116875.0000001,-29.10198
1036117031.2500001,-29.10049
1036117187.5000001,-29.11576
1036117343.7500001,-29.11972
1036117500.0000001,-29.12445
1036117656.2500001,-29.1326
1036117812.5000001,-29.13973
1036117968.7500001,-29.14235
1036118125.0000001,-29.15182
1036118281.2500001,-29.1576
1036118437.5000001,-29.16876
1036118593.7500001,-29.17425
1036118750.0000001,-29.17576
1036118906.2500001,-29.18395
1036119062.5000001,-29.19003
1036119218.7500001,-29.19554
1036119375.0000001,-29.20723
1036119531.2500001,-29.20994
1036119687.5000001,-29.21524
1036119843.7500001,-29.22412
1036120000.0000001,-29.23218
1036120156.2500001,-29.23681
1036120312.5000001,-29.24281
1036120468.7500001,-29.25251
1036120625.0000001,-29.25331
1036120781.2500001,-29.26813
1036120937.5000001,-29.27703
1036121093.7500001,-29.27459
1036121250.0000001,-29.2844
1036121406.2500001,-29.28386
1036121562.5000001,-29.29855
1036121718.7500001,-29.30096
1036121875.0000001,-29.31194
1036122031.2500001,-29.31919
1036122187.5000001,-29.32238
1036122343.7500001,-29.3314
1036122500.0000001,-29.33718
1036122656.2500001,-29.3433
1036122812.5000001,-29.35249
1036122968.7500001,-29.35764
1036123125.0000001,-29.35945
1036123281.2500001,-29.37152
1036123437.5000001,-29.37976
1036123593.7500001,-29.38551
1036123750.0000001,-29.39034
1036123906.2500001,-29.39796
1036124062.5000001,-29.4054
1036124218.7500001,-29.41219
1036124375.0000001,-29.41681
1036124531.2500001,-29.42708
1036124687.5000001,-29.4253
1036124843.7500001,-29.43496
1036125000.0000001,-29.45013
1036125156.2500001,-29.44918
1036125312.5000001,-29.45208
1036125468.7500001,-29.46234
1036125625.0000001,-29.46871
1036125781.2500001,-29.47761
1036125937.5000001,-29.47857
1036126093.7500001,-29.48634
1036126250.0000001,-29.49927
1036126406.2500001,-29.49813
1036126562.5000001,-29.509
1036126718.7500001,-29.51716
1036126875.0000001,-29.52091
1036127031.2500001,-29.52935
1036127187.5000001,-29.5367
1036127343.7500001,-29.54338
1036127500.0000001,-29.54924
1036127656.2500001,-29.55291
1036127812.5000001,-29.55807
1036127968.7500001,-29.56879
1036128125.0000001,-29.5724
1036128281.2500001,-29.58589
1036128437.5000001,-29.58798
1036128593.7500001,-29.59732
1036128750.0000001,-29.6014
1036128906.2500001,-29.60447
1036129062.5000001,-29.61655
1036129218.7500001,-29.61945
1036129375.0000001,-29.62802
1036129531.2500001,-29.63356
1036129687.5000001,-29.64659
1036129843.7500001,-29.64327
1036130000.0000001,-29.65389
1036130156.2500001,-29.66685
1036130312.5000001,-29.66385
1036130468.7500001,-29.6771
1036130625.0000001,-29.67287
1036130781.2500001,-29.68774
1036130937.5000001,-29.69432
1036131093.7500001,-29.69557
1036131250.0000001,-29.70555
1036131406.2500001,-29.71135
1036131562.5000001,-29.72054
1036131718.7500001,-29.72624
1036131875.0000001,-29.73689
1036132031.2500001,-29.73797
1036132187.5000001,-29.74862
1036132343.7500001,-29.74992
1036132500.0000001,-29.76271
1036132656.2500001,-29.76311
1036132812.5000001,-29.76829
1036132968.7500001,-29.77806
1036133125.0000001,-29.78394
1036133281.2500001,-29.7923
1036133437.5000001,-29.80016
1036133593.7500001,-29.81029
1036133750.0000001,-29.80722
1036133906.2500001,-29.82015
1036134062.5000001,-29.82731
1036134218.7500001,-29.82956
1036134375.0000001,-29.83562
1036134531.2500001,-29.84294
1036134687.5000001,-29.85484
1036134843.7500001,-29.85039
1036135000.0000001,-29.86035
1036135156.2500001,-29.86827
1036135312.5000001,-29.87861
1036135468.7500001,-29.88142
1036135625.0000001,-29.88543
1036135781.2500001,-29.90248
1036135937.5000001,-29.90267
1036136093.7500001,-29.90906
1036136250.0000001,-29.9118
1036136406.2500001,-29.92086
1036136562.5000001,-29.9309
1036136718.7500001,-29.937
1036136875.0000001,-29.93993
1036137031.2500001,-29.95333
1036137187.5000001,-29.95048
1036137343.7500001,-29.962
1036137500.0000001,-29.96621
1036137656.2500001,-29.97656
1036137812.5000001,-29.98058
1036137968.7500001,-29.98165
1036138125.0000001,-29.99369
1036138281.2500001,-29.99903
1036138437.5000001,-30.00466
1036138593.7500001,-30.01088
1036138750.0000001,-30.01697
1036138906.2500001,-30.02849
1036139062.5000001,-30.03304
1036139218.7500001,-30.03842
1036139375.0000001,-30.04558
1036139531.2500001,-30.05094
1036139687.5000001,-30.05113
1036139843.7500001,-30.06389
1036140000.0000001,-30.07226
1036140156.2500001,-30.08043
1036140312.5000001,-30.08127
1036140468.7500001,-30.09206
1036140625.0000001,-30.09472
1036140781.2500001,-30.10221
1036140937.5000001,-30.11023
1036141093.7500001,-30.11644
1036141250.0000001,-30.11594
1036141406.2500001,-30.12856
1036141562.5000001,-30.13433
1036141718.7500001,-30.14185
1036141875.0000001,-30.15022
1036142031.2500001,-30.15046
1036142187.5000001,-30.16487
1036142343.7500001,-30.16704
1036142500.0000001,-30.16754
1036142656.2500001,-30.18021
1036142812.5000001,-30.18305
1036142968.7500001,-30.18826
1036143125.0000001,-30.19763
1036143281.2500001,-30.20356
1036143437.5000001,-30.21539
1036143593.7500001,-30.21851
1036143750.0000001,-30.22192
1036143906.2500001,-30.22874
1036144062.5000001,-30.23571
1036144218.7500001,-30.24869
1036144375.0000001,-30.25062
1036144531.2500001,-30.25502
1036144687.5000001,-30.26493
1036144843.7500001,-30.26455
1036145000.0000001,-30.2697
1036145156.2500001,-30.27877
1036145312.5000001,-30.28537
1036145468.7500001,-30.3017
1036145625.0000001,-30.29845
1036145781.2500001,-30.31117
1036145937.5000001,-30.31092
1036146093.7500001,-30.32021
1036146250.0000001,-30.32523
1036146406.2500001,-30.33067
1036146562.5000001,-30.34269
1036146718.7500001,-30.34214
1036146875.0000001,-30.35597
1036147031.2500001,-30.35332
1036147187.5000001,-30.36132
1036147343.7500001,-30.37048
1036147500.0000001,-30.37668
1036147656.2500001,-30.3809
1036147812.5000001,-30.38305
1036147968.7500001,-30.39478
1036148125.0000001,-30.39994
1036148281.2500001,-30.40868
1036148437.5000001,-30.41398
1036148593.7500001,-30.42749
1036148750.0000001,-30.42563
1036148906.2500001,-30.42448
1036149062.5000001,-30.44059
1036149218.7500001,-30.45148
1036149375.0000001,-30.46102
1036149531.2500001,-30.4648
1036149687.5000001,-30.46264
1036149843.7500001,-30.47501
1036150000.0000001,-30.48164
1036150156.2500001,-30.48462
1036150312.5000001,-30.49083
1036150468.7500001,-30.49741
1036150625.0000001,-30.50104
1036150781.2500001,-30.50889
1036150937.5000001,-30.51218
1036151093.7500001,-30.52428
1036151250.0000001,-30.5272
1036151406.2500001,-30.53717
1036151562.5000001,-30.54028
1036151718.7500001,-30.54865
1036151875.0000001,-30.55219
1036152031.2500001,-30.56302
1036152187.5000001,-30.56391
1036152343.7500001,-30.56495
1036152500.0000001,-30.57705
1036152656.2500001,-30.59143
1036152812.5000001,-30.60004
1036152968.7500001,-30.60308
1036153125.0000001,-30.60249
1036153281.2500001,-30.60986
1036153437.5000001,-30.6176
1036153593.7500001,-30.62071
1036153750.0000001,-30.62723
1036153906.2500001,-30.63274
1036154062.5000001,-30.64434
1036154218.7500001,-30.64792
1036154375.0000001,-30.65522
1036154531.2500001,-30.65719
1036154687.5000001,-30.6624
1036154843.7500001,-30.67477
1036155000.0000001,-30.67791
1036155156.2500001,-30.68459
1036155312.5000001,-30.69595
1036155468.7500001,-30.70211
1036155625.0000001,-30.70138
1036155781.2500001,-30.70868
1036155937.5000001,-30.71693
1036156093.7500001,-30.71924
1036156250.0000001,-30.73181
1036156406.2500001,-30.73267
1036156562.5000001,-30.74371
1036156718.7500001,-30.7518
1036156875.0000001,-30.7548
1036157031.2500001,-30.7536
1036157187.5000001,-30.76659
1036157343.7500001,-30.7748
1036157500.0000001,-30.77294
1036157656.2500001,-30.78065
1036157812.5000001,-30.79133
1036157968.7500001,-30.78909
1036158125.0000001,-30.80057
1036158281.2500001,-30.80953
1036158437.5000001,-30.81399
1036158593.7500001,-30.82436
1036158750.0000001,-30.82771
1036158906.2500001,-30.83543
1036159062.5000001,-30.84297
1036159218.7500001,-30.8451
1036159375.0000001,-30.85491
1036159531.2500001,-30.85924
1036159687.5000001,-30.86933
1036159843.7500001,-30.87401
1036160000.0000001,-30.87978
1036160156.2500001,-30.88112
1036160312.5000001,-30.88781
1036160468.7500001,-30.89932
1036160625.0000001,-30.90463
1036160781.2500001,-30.90763
1036160937.5000001,-30.91394
1036161093.7500001,-30.92046
1036161250.0000001,-30.92076
1036161406.2500001,-30.93447
1036161562.5000001,-30.93616
1036161718.7500001,-30.9399
1036161875.0000001,-30.94993
1036162031.2500001,-30.9617
1036162187.5000001,-30.96257
1036162343.7500001,-30.9748
1036162500.0000001,-30.97442
1036162656.2500001,-30.98186
1036162812.5000001,-30.98795
1036162968.7500001,-30.99197
1036163125.0000001,-31.00848
1036163281.2500001,-31.00824
1036163437.5000001,-31.01438
1036163593.7500001,-31.02232
1036163750.0000001,-31.02349
1036163906.2500001,-31.03203
1036164062.5000001,-31.037
1036164218.7500001,-31.04265
1036164375.0000001,-31.05194
1036164531.2500001,-31.05256
1036164687.5000001,-31.05922
1036164843.7500001,-31.06322
1036165000.0000001,-31.07454
1036165156.2500001,-31.07771
1036165312.5000001,-31.08325
1036165468.7500001,-31.08801
1036165625.0000001,-31.09771
1036165781.2500001,-31.10199
1036165937.5000001,-31.11527
1036166093.7500001,-31.11621
1036166250.0000001,-31.11688
1036166406.2500001,-31.12628
1036166562.5000001,-31.13408
1036166718.7500001,-31.14166
1036166875.0000001,-31.14807
1036167031.2500001,-31.14985
1036167187.5000001,-31.15784
1036167343.7500001,-31.16124
1036167500.0000001,-31.17421
1036167656.2500001,-31.17591
1036167812.5000001,-31.17811
1036167968.7500001,-31.18949
1036168125.0000001,-31.19626
1036168281.2500001,-31.20249
1036168437.5000001,-31.2076
1036168593.7500001,-31.21268
1036168750.0000001,-31.21966
1036168906.2500001,-31.22656
1036169062.5000001,-31.23044
1036169218.7500001,-31.23565
1036169375.0000001,-31.24012
1036169531.2500001,-31.25151
1036169687.5000001,-31.25214
1036169843.7500001,-31.26952
1036170000.0000001,-31.26655
1036170156.2500001,-31.27724
1036170312.5000001,-31.27968
1036170468.7500001,-31.28145
1036170625.0000001,-31.29219
1036170781.2500001,-31.30411
1036170937.5000001,-31.30341
1036171093.7500001,-31.31562
1036171250.0000001,-31.32329
1036171406.2500001,-31.31988
1036171562.5000001,-31.33171
1036171718.7500001,-31.32999
1036171875.0000001,-31.34247
1036172031.2500001,-31.34731
1036172187.5000001,-31.35083
1036172343.7500001,-31.35158
1036172500.0000001,-31.36073
1036172656.2500001,-31.36473
1036172812.5000001,-31.37385
1036172968.7500001,-31.37962
1036173125.0000001,-31.39061
1036173281.2500001,-31.39294
1036173437.5000001,-31.39536
1036173593.7500001,-31.40409
1036173750.0000001,-31.40601
1036173906.2500001,-31.4211
1036174062.5000001,-31.42525
1036174218.7500001,-31.43676
1036174375.0000001,-31.42976
1036174531.2500001,-31.43718
1036174687.5000001,-31.45033
1036174843.7500001,-31.4489
1036175000.0000001,-31.45157
1036175156.2500001,-31.45991
1036175312.5000001,-31.4634
1036175468.7500001,-31.47275
1036175625.0000001,-31.48122
1036175781.2500001,-31.49063
1036175937.5000001,-31.49817
1036176093.7500001,-31.49253
1036176250.0000001,-31.497
1036176406.2500001,-31.51386
1036176562.5000001,-31.52093
1036176718.7500001,-31.52052
1036176875.0000001,-31.52657
1036177031.2500001,-31.53859
1036177187.5000001,-31.53814
1036177343.7500001,-31.55357
1036177500.0000001,-31.5537
1036177656.2500001,-31.5547
1036177812.5000001,-31.56173
1036177968.7500001,-31.56529
1036178125.0000001,-31.57787
1036178281.2500001,-31.58554
1036178437.5000001,-31.58555
1036178593.7500001,-31.58882
1036178750.0000001,-31.59461
1036178906.2500001,-31.61095
1036179062.5000001,-31.6244
1036179218.7500001,-31.622
1036179375.0000001,-31.62482
1036179531.2500001,-31.62919
1036179687.5000001,-31.63123
1036179843.7500001,-31.64151
1036180000.0000001,-31.64519
1036180156.2500001,-31.65569
1036180312.5000001,-31.65702
1036180468.7500001,-31.66585
1036180625.0000001,-31.67188
1036180781.2500001,-31.67833
1036180937.5000001,-31.68625
1036181093.7500001,-31.6851
1036181250.0000001,-31.69262
1036181406.2500001,-31.7018
1036181562.5000001,-31.70729
1036181718.7500001,-31.7146
1036181875.0000001,-31.71225
1036182031.2500001,-31.72643
1036182187.5000001,-31.73067
1036182343.7500001,-31.7333
1036182500.0000001,-31.74219
1036182656.2500001,-31.74768
1036182812.5000001,-31.75032
1036182968.7500001,-31.75428
1036183125.0000001,-31.76622
1036183281.2500001,-31.76709
1036183437.5000001,-31.76802
1036183593.7500001,-31.7789
1036183750.0000001,-31.78404
1036183906.2500001,-31.7936
1036184062.5000001,-31.80329
1036184218.7500001,-31.79996
1036184375.0000001,-31.80578
1036184531.2500001,-31.81672
1036184687.5000001,-31.81655
1036184843.7500001,-31.82437
1036185000.0000001,-31.83355
1036185156.2500001,-31.83786
1036185312.5000001,-31.84147
1036185468.7500001,-31.85216
1036185625.0000001,-31.8553
1036185781.2500001,-31.85658
1036185937.5000001,-31.86948
1036186093.7500001,-31.87146
1036186250.0000001,-31.88051
1036186406.2500001,-31.88074
1036186562.5000001,-31.90211
1036186718.7500001,-31.89662
1036186875.0000001,-31.9034
1036187031.2500001,-31.91113
1036187187.5000001,-31.91063
1036187343.7500001,-31.92451
1036187500.0000001,-31.92638
1036187656.2500001,-31.92971
1036187812.5000001,-31.93186
1036187968.7500001,-31.93827
1036188125.0000001,-31.94619
1036188281.2500001,-31.95287
1036188437.5000001,-31.95619
1036188593.7500001,-31.96862
1036188750.0000001,-31.97014
1036188906.2500001,-31.97953
1036189062.5000001,-31.98175
1036189218.7500001,-31.99133
1036189375.0000001,-31.99059
1036189531.2500001,-32.00087
1036189687.5000001,-31.99769
1036189843.7500001,-32.00058
1036190000.0000001,-32.01722
1036190156.2500001,-32.01662
1036190312.5000001,-32.03738
1036190468.7500001,-32.03708
1036190625.0000001,-32.03376
1036190781.2500001,-32.04063
1036190937.5000001,-32.04834
1036191093.7500001,-32.05433
1036191250.0000001,-32.05911
1036191406.2500001,-32.06245
1036191562.5000001,-32.07062
1036191718.7500001,-32.08392
1036191875.0000001,-32.08349
1036192031.2500001,-32.08284
1036192187.5000001,-32.09474
1036192343.7500001,-32.10626
1036192500.0000001,-32.10195
1036192656.2500001,-32.1103
1036192812.5000001,-32.11217
1036192968.7500001,-32.12251
1036193125.0000001,-32.12867
1036193281.2500001,-32.13112
1036193437.5000001,-32.14486
1036193593.7500001,-32.14058
1036193750.0000001,-32.15052
1036193906.2500001,-32.15424
1036194062.5000001,-32.16743
1036194218.7500001,-32.16346
1036194375.0000001,-32.17797
1036194531.2500001,-32.18557
1036194687.5000001,-32.17887
1036194843.7500001,-32.18549
1036195000.0000001,-32.19483
1036195156.2500001,-32.20715
1036195312.5000001,-32.2099
1036195468.7500001,-32.21233
1036195625.0000001,-32.21305
1036195781.2500001,-32.22241
1036195937.5000001,-32.23092
1036196093.7500001,-32.24065
1036196250.0000001,-32.2365
1036196406.2500001,-32.24903
1036196562.5000001,-32.253
1036196718.7500001,-32.26031
1036196875.0000001,-32.2638
1036197031.2500001,-32.26805
1036197187.5000001,-32.27078
1036197343.7500001,-32.28071
1036197500.0000001,-32.289
1036197656.2500001,-32.28962
1036197812.5000001,-32.29733
1036197968.7500001,-32.30122
1036198125.0000001,-32.31015
1036198281.2500001,-32.3126
1036198437.5000001,-32.31867
1036198593.7500001,-32.32211
1036198750.0000001,-32.33358
1036198906.2500001,-32.33175
1036199062.5000001,-32.33578
1036199218.7500001,-32.33715
1036199375.0000001,-32.35431
1036199531.2500001,-32.35575
1036199687.5000001,-32.36228
1036199843.7500001,-32.36876
1036200000.0000001,-32.37505
1036200156.2500001,-32.37854
1036200312.5000001,-32.38144
1036200468.7500001,-32.38828
1036200625.0000001,-32.39191
1036200781.2500001,-32.39919
1036200937.5000001,-32.4068
1036201093.7500001,-32.40801
1036201250.0000001,-32.42429
1036201406.2500001,-32.41398
1036201562.5000001,-32.4199
1036201718.7500001,-32.43152
1036201875.0000001,-32.44688
1036202031.2500001,-32.44361
1036202187.5000001,-32.45526
1036202343.7500001,-32.45978
1036202500.0000001,-32.45958
1036202656.2500001,-32.46337
1036202812.5000001,-32.47136
1036202968.7500001,-32.47934
1036203125.0000001,-32.48019
1036203281.2500001,-32.48833
1036203437.5000001,-32.49432
1036203593.7500001,-32.49948
1036203750.0000001,-32.50164
1036203906.2500001,-32.51002
1036204062.5000001,-32.51025
1036204218.7500001,-32.52513
1036204375.0000001,-32.52741
1036204531.2500001,-32.52665
1036204687.5000001,-32.54221
1036204843.7500001,-32.53877
1036205000.0000001,-32.54306
1036205156.2500001,-32.55579
1036205312.5000001,-32.55249
1036205468.7500001,-32.56647
1036205625.0000001,-32.56997
1036205781.2500001,-32.57093
1036205937.5000001,-32.58216
1036206093.7500001,-32.58464
1036206250.0000001,-32.58352
1036206406.2500001,-32.59723
1036206562.5000001,-32.59993
1036206718.7500001,-32.61204
1036206875.0000001,-32.61766
1036207031.2500001,-32.6162
1036207187.5000001,-32.62516
1036207343.7500001,-32.63585
1036207500.0000001,-32.64298
1036207656.2500001,-32.63366
1036207812.5000001,-32.6405
1036207968.7500001,-32.65221
1036208125.0000001,-32.65708
1036208281.2500001,-32.66551
1036208437.5000001,-32.67399
1036208593.7500001,-32.67499
1036208750.0000001,-32.67643
1036208906.2500001,-32.68535
1036209062.5000001,-32.69243
1036209218.7500001,-32.6943
1036209375.0000001,-32.69978
1036209531.2500001,-32.70839
1036209687.5000001,-32.71353
1036209843.7500001,-32.72515
1036210000.0000001,-32.71826
1036210156.2500001,-32.72655
1036210312.5000001,-32.73716
1036210468.7500001,-32.74092
1036210625.0000001,-32.74413
1036210781.2500001,-32.7394
1036210937.5000001,-32.75657
1036211093.7500001,-32.76175
1036211250.0000001,-32.7585
1036211406.2500001,-32.76509
1036211562.5000001,-32.77417
1036211718.7500001,-32.77824
1036211875.0000001,-32.78585
1036212031.2500001,-32.7847
1036212187.5000001,-32.79552
1036212343.7500001,-32.79925
1036212500.0000001,-32.7999
1036212656.2500001,-32.81496
1036212812.5000001,-32.82658
1036212968.7500001,-32.81857
1036213125.0000001,-32.82894
1036213281.2500001,-32.83367
1036213437.5000001,-32.84202
1036213593.7500001,-32.84696
1036213750.0000001,-32.8485
1036213906.2500001,-32.85461
1036214062.5000001,-32.86459
1036214218.7500001,-32.86356
1036214375.0000001,-32.87594
1036214531.2500001,-32.87198
1036214687.5000001,-32.88298
1036214843.7500001,-32.88457
1036215000.0000001,-32.8932
1036215156.2500001,-32.89082
1036215312.5000001,-32.90486
1036215468.7500001,-32.91259
1036215625.0000001,-32.90976
1036215781.2500001,-32.91199
1036215937.5000001,-32.91283
1036216093.7500001,-32.92128
1036216250.0000001,-32.93196
1036216406.2500001,-32.94408
1036216562.5000001,-32.93426
1036216718.7500001,-32.94749
1036216875.0000001,-32.94871
1036217031.2500001,-32.95681
1036217187.5000001,-32.96113
1036217343.7500001,-32.96836
1036217500.0000001,-32.9746
1036217656.2500001,-32.98214
1036217812.5000001,-32.97852
1036217968.7500001,-32.98776
1036218125.0000001,-32.99601
1036218281.2500001,-33.0002
1036218437.5000001,-33.00462
1036218593.7500001,-33.01242
1036218750.0000001,-33.00734
1036218906.2500001,-33.01564
1036219062.5000001,-33.02855
1036219218.7500001,-33.02216
1036219375.0000001,-33.03547
1036219531.2500001,-33.04323
1036219687.5000001,-33.05064
1036219843.7500001,-33.05209
1036220000.0000001,-33.05032
1036220156.2500001,-33.06292
1036220312.5000001,-33.06775
1036220468.7500001,-33.07013
1036220625.0000001,-33.073
1036220781.2500001,-33.08536
1036220937.5000001,-33.09165
1036221093.7500001,-33.09806
1036221250.0000001,-33.0998
1036221406.2500001,-33.10257
1036221562.5000001,-33.11401
1036221718.7500001,-33.10649
1036221875.0000001,-33.11694
1036222031.2500001,-33.12318
1036222187.5000001,-33.12889
1036222343.7500001,-33.13215
1036222500.0000001,-33.13443
1036222656.2500001,-33.14909
1036222812.5000001,-33.14866
1036222968.7500001,-33.16262
1036223125.0000001,-33.16069
1036223281.2500001,-33.17018
1036223437.5000001,-33.1755
1036223593.7500001,-33.17538
1036223750.0000001,-33.1762
1036223906.2500001,-33.1751
1036224062.5000001,-33.19543
1036224218.7500001,-33.19063
1036224375.0000001,-33.20152
1036224531.2500001,-33.21061
1036224687.5000001,-33.20763
1036224843.7500001,-33.21756
1036225000.0000001,-33.22085
1036225156.2500001,-33.22916
1036225312.5000001,-33.23923
1036225468.7500001,-33.23828
1036225625.0000001,-33.2405
1036225781.2500001,-33.2503
1036225937.5000001,-33.24989
1036226093.7500001,-33.25666
1036226250.0000001,-33.26165
1036226406.2500001,-33.26488
1036226562.5000001,-33.28043
1036226718.7500001,-33.28238
1036226875.0000001,-33.28664
1036227031.2500001,-33.29206
1036227187.5000001,-33.29657
1036227343.7500001,-33.30321
1036227500.0000001,-33.30203
1036227656.2500001,-33.30745
1036227812.5000001,-33.31571
1036227968.7500001,-33.32143
1036228125.0000001,-33.32291
1036228281.2500001,-33.33248
1036228437.5000001,-33.33777
1036228593.7500001,-33.3429
1036228750.0000001,-33.34481
1036228906.2500001,-33.34531
1036229062.5000001,-33.35853
1036229218.7500001,-33.36467
1036229375.0000001,-33.36415
1036229531.2500001,-33.36757
1036229687.5000001,-33.36905
1036229843.7500001,-33.37722
1036230000.0000001,-33.38871
1036230156.2500001,-33.39484
1036230312.5000001,-33.39396
1036230468.7500001,-33.39652
1036230625.0000001,-33.41113
1036230781.2500001,-33.40701
1036230937.5000001,-33.41958
1036231093.7500001,-33.42308
1036231250.0000001,-33.4299
1036231406.2500001,-33.43725
1036231562.5000001,-33.43305
1036231718.7500001,-33.43832
1036231875.0000001,-33.44342
1036232031.2500001,-33.46049
1036232187.5000001,-33.4631
1036232343.7500001,-33.45969
1036232500.0000001,-33.47042
1036232656.2500001,-33.47277
1036232812.5000001,-33.47528
1036232968.7500001,-33.47955
1036233125.0000001,-33.49266
1036233281.2500001,-33.48726
1036233437.5000001,-33.50354
1036233593.7500001,-33.50556
1036233750.0000001,-33.51409
1036233906.2500001,-33.51365
1036234062.5000001,-33.52523
1036234218.7500001,-33.52453
1036234375.0000001,-33.53162
1036234531.2500001,-33.52843
1036234687.5000001,-33.52986
1036234843.7500001,-33.53984
1036235000.0000001,-33.54193
1036235156.2500001,-33.55319
1036235312.5000001,-33.56206
1036235468.7500001,-33.5559
1036235625.0000001,-33.56322
1036235781.2500001,-33.56873
1036235937.5000001,-33.57774
1036236093.7500001,-33.58555
1036236250.0000001,-33.58779
1036236406.2500001,-33.58451
1036236562.5000001,-33.59644
1036236718.7500001,-33.59612
1036236875.0000001,-33.60619
1036237031.2500001,-33.60823
1036237187.5000001,-33.6139
1036237343.7500001,-33.62468
1036237500.0000001,-33.62453
1036237656.2500001,-33.63377
1036237812.5000001,-33.62861
1036237968.7500001,-33.63984
1036238125.0000001,-33.64228
1036238281.2500001,-33.64297
1036238437.5000001,-33.64338
1036238593.7500001,-33.66165
1036238750.0000001,-33.66703
1036238906.2500001,-33.66771
1036239062.5000001,-33.66619
1036239218.7500001,-33.67751
1036239375.0000001,-33.68985
1036239531.2500001,-33.69503
1036239687.5000001,-33.70428
1036239843.7500001,-33.7005
1036240000.0000001,-33.71072
1036240156.2500001,-33.71184
1036240312.5000001,-33.70951
1036240468.7500001,-33.72413
1036240625.0000001,-33.72517
1036240781.2500001,-33.72552
1036240937.5000001,-33.73586
1036241093.7500001,-33.73978
1036241250.0000001,-33.73809
1036241406.2500001,-33.75333
1036241562.5000001,-33.75237
1036241718.7500001,-33.75593
1036241875.0000001,-33.76489
1036242031.2500001,-33.76603
1036242187.5000001,-33.76561
1036242343.7500001,-33.78204
1036242500.0000001,-33.77865
1036242656.2500001,-33.78678
1036242812.5000001,-33.7922
1036242968.7500001,-33.79983
1036243125.0000001,-33.80334
1036243281.2500001,-33.80938
1036243437.5000001,-33.8192
1036243593.7500001,-33.81597
1036243750.0000001,-33.81955
1036243906.2500001,-33.82574
1036244062.5000001,-33.82699
1036244218.7500001,-33.8325
1036244375.0000001,-33.83843
1036244531.2500001,-33.84824
1036244687.5000001,-33.85017
1036244843.7500001,-33.85168
1036245000.0000001,-33.86499
1036245156.2500001,-33.86412
1036245312.5000001,-33.87234
1036245468.7500001,-33.87889
1036245625.0000001,-33.88476
1036245781.2500001,-33.88729
1036245937.5000001,-33.89345
1036246093.7500001,-33.89324
1036246250.0000001,-33.89408
1036246406.2500001,-33.89503
1036246562.5000001,-33.90859
1036246718.7500001,-33.91631
1036246875.0000001,-33.92009
1036247031.2500001,-33.92603
1036247187.5000001,-33.93043
1036247343.7500001,-33.9362
1036247500.0000001,-33.93626
1036247656.2500001,-33.94332
1036247812.5000001,-33.94687
1036247968.7500001,-33.94897
1036248125.0000001,-33.95549
1036248281.2500001,-33.96656
1036248437.5000001,-33.96074
1036248593.7500001,-33.96964
1036248750.0000001,-33.97411
1036248906.2500001,-33.97721
1036249062.5000001,-33.98485
1036249218.7500001,-33.99188
1036249375.0000001,-33.99649
1036249531.2500001,-33.99363
1036249687.5000001,-34.00398
1036249843.7500001,-34.00528
1036250000.0000001,-34.01864
1036250156.2500001,-34.01413
1036250312.5000001,-34.02736
1036250468.7500001,-34.02438
1036250625.0000001,-34.03517
1036250781.2500001,-34.0306
1036250937.5000001,-34.02919
1036251093.7500001,-34.03923
1036251250.0000001,-34.05818
1036251406.2500001,-34.05773
1036251562.5000001,-34.05709
1036251718.7500001,-34.06293
1036251875.0000001,-34.07434
1036252031.2500001,-34.07532
1036252187.5000001,-34.08274
1036252343.7500001,-34.08638
1036252500.0000001,-34.08405
1036252656.2500001,-34.10448
1036252812.5000001,-34.09856
1036252968.7500001,-34.09921
1036253125.0000001,-34.1096
1036253281.2500001,-34.11634
1036253437.5000001,-34.1206
1036253593.7500001,-34.11857
1036253750.0000001,-34.13546
1036253906.2500001,-34.12423
1036254062.5000001,-34.13821
1036254218.7500001,-34.14487
1036254375.0000001,-34.14348
1036254531.2500001,-34.14564
1036254687.5000001,-34.15051
1036254843.7500001,-34.15226
1036255000.0000001,-34.16434
1036255156.2500001,-34.1618
1036255312.5000001,-34.1799
1036255468.7500001,-34.18448
1036255625.0000001,-34.18232
1036255781.2500001,-34.18001
1036255937.5000001,-34.18707
1036256093.7500001,-34.20013
1036256250.0000001,-34.1983
1036256406.2500001,-34.20995
1036256562.5000001,-34.21092
1036256718.7500001,-34.22154
1036256875.0000001,-34.22282
1036257031.2500001,-34.22952
1036257187.5000001,-34.23035
1036257343.7500001,-34.2346
1036257500.0000001,-34.24129
1036257656.2500001,-34.24509
1036257812.5000001,-34.25478
1036257968.7500001,-34.24762
1036258125.0000001,-34.25975
1036258281.2500001,-34.27337
1036258437.5000001,-34.26407
1036258593.7500001,-34.27193
1036258750.0000001,-34.27972
1036258906.2500001,-34.28739
1036259062.5000001,-34.28296
1036259218.7500001,-34.286
1036259375.0000001,-34.29599
1036259531.2500001,-34.30001
1036259687.5000001,-34.31462
1036259843.7500001,-34.30758
1036260000.0000001,-34.32045
1036260156.2500001,-34.32209
1036260312.5000001,-34.3267
1036260468.7500001,-34.33402
1036260625.0000001,-34.32758
1036260781.2500001,-34.33796
1036260937.5000001,-34.34014
1036261093.7500001,-34.3483
1036261250.0000001,-34.34669
1036261406.2500001,-34.35544
1036261562.5000001,-34.3525
1036261718.7500001,-34.36772
1036261875.0000001,-34.36839
1036262031.2500001,-34.37269
1036262187.5000001,-34.3724
1036262343.7500001,-34.38917
1036262500.0000001,-34.38414
1036262656.2500001,-34.39068
1036262812.5000001,-34.40748
1036262968.7500001,-34.39451
1036263125.0000001,-34.40819
1036263281.2500001,-34.40713
1036263437.5000001,-34.41542
1036263593.7500001,-34.42375
1036263750.0000001,-34.41751
1036263906.2500001,-34.42746
1036264062.5000001,-34.43258
1036264218.7500001,-34.44413
1036264375.0000001,-34.44061
1036264531.2500001,-34.44978
1036264687.5000001,-34.449
1036264843.7500001,-34.45387
1036265000.0000001,-34.45892
1036265156.2500001,-34.45791
1036265312.5000001,-34.46257
1036265468.7500001,-34.47594
1036265625.0000001,-34.48296
1036265781.2500001,-34.48875
1036265937.5000001,-34.47964
1036266093.7500001,-34.48528
1036266250.0000001,-34.49454
1036266406.2500001,-34.499
1036266562.5000001,-34.50879
1036266718.7500001,-34.51505
1036266875.0000001,-34.50601
1036267031.2500001,-34.52047
1036267187.5000001,-34.52557
1036267343.7500001,-34.52634
1036267500.0000001,-34.5313
1036267656.2500001,-34.54291
1036267812.5000001,-34.54158
1036267968.7500001,-34.54697
1036268125.0000001,-34.54371
1036268281.2500001,-34.55123
1036268437.5000001,-34.56275
1036268593.7500001,-34.56828
1036268750.0000001,-34.56759
1036268906.2500001,-34.57312
1036269062.5000001,-34.57196
1036269218.7500001,-34.57845
1036269375.0000001,-34.58858
1036269531.2500001,-34.59478
1036269687.5000001,-34.59285
1036269843.7500001,-34.59689
1036270000.0000001,-34.59807
1036270156.2500001,-34.60952
1036270312.5000001,-34.6142
1036270468.7500001,-34.6221
1036270625.0000001,-34.62339
1036270781.2500001,-34.62133
1036270937.5000001,-34.63526
1036271093.7500001,-34.64075
1036271250.0000001,-34.6452
1036271406.2500001,-34.63988
1036271562.5000001,-34.66059
1036271718.7500001,-34.65501
1036271875.0000001,-34.66525
1036272031.2500001,-34.65712
1036272187.5000001,-34.67252
1036272343.7500001,-34.6758
1036272500.0000001,-34.67669
1036272656.2500001,-34.67702
1036272812.5000001,-34.68692
1036272968.7500001,-34.68636
1036273125.0000001,-34.70396
1036273281.2500001,-34.70471
1036273437.5000001,-34.71009
1036273593.7500001,-34.71245
1036273750.0000001,-34.71787
1036273906.2500001,-34.72338
1036274062.5000001,-34.72786
1036274218.7500001,-34.72689
1036274375.0000001,-34.7388
1036274531.2500001,-34.7291
1036274687.5000001,-34.73542
1036274843.7500001,-34.74495
1036275000.0000001,-34.74036
1036275156.2500001,-34.75505
1036275312.5000001,-34.75763
1036275468.7500001,-34.76767
1036275625.0000001,-34.76348
1036275781.2500001,-34.75946
1036275937.5000001,-34.77529
1036276093.7500001,-34.77851
1036276250.0000001,-34.78534
1036276406.2500001,-34.78214
1036276562.5000001,-34.79359
1036276718.7500001,-34.79982
1036276875.0000001,-34.80248
1036277031.2500001,-34.80864
1036277187.5000001,-34.80709
1036277343.7500001,-34.81677
1036277500.0000001,-34.82057
1036277656.2500001,-34.82365
1036277812.5000001,-34.82648
1036277968.7500001,-34.82758
1036278125.0000001,-34.82918
1036278281.2500001,-34.8383
1036278437.5000001,-34.84988
1036278593.7500001,-34.85094
1036278750.0000001,-34.85704
1036278906.2500001,-34.86254
1036279062.5000001,-34.85894
1036279218.7500001,-34.86864
1036279375.0000001,-34.87149
1036279531.2500001,-34.8871
1036279687.5000001,-34.88024
1036279843.7500001,-34.88138
1036280000.0000001,-34.88039
1036280156.2500001,-34.90258
1036280312.5000001,-34.89532
1036280468.7500001,-34.90398
1036280625.0000001,-34.91413
1036280781.2500001,-34.90628
1036280937.5000001,-34.91303
1036281093.7500001,-34.91891
1036281250.0000001,-34.92877
1036281406.2500001,-34.91497
1036281562.5000001,-34.93347
1036281718.7500001,-34.93419
1036281875.0000001,-34.94342
1036282031.2500001,-34.95031
1036282187.5000001,-34.94689
1036282343.7500001,-34.95635
1036282500.0000001,-34.95936
1036282656.2500001,-34.95911
1036282812.5000001,-34.95933
1036282968.7500001,-34.97029
1036283125.0000001,-34.97817
1036283281.2500001,-34.97994
1036283437.5000001,-34.98764
1036283593.7500001,-34.9893
1036283750.0000001,-34.99412
1036283906.2500001,-34.99244
1036284062.5000001,-35.00863
1036284218.7500001,-35.00032
1036284375.0000001,-35.01193
1036284531.2500001,-35.02142
1036284687.5000001,-35.02822
1036284843.7500001,-35.02398
1036285000.0000001,-35.03238
1036285156.2500001,-35.03402
1036285312.5000001,-35.0325
1036285468.7500001,-35.03994
1036285625.0000001,-35.04854
1036285781.2500001,-35.0504
1036285937.5000001,-35.05239
1036286093.7500001,-35.06105
1036286250.0000001,-35.06085
1036286406.2500001,-35.074
1036286562.5000001,-35.07331
1036286718.7500001,-35.07601
1036286875.0000001,-35.07834
1036287031.2500001,-35.08613
1036287187.5000001,-35.08867
1036287343.7500001,-35.09756
1036287500.0000001,-35.08289
1036287656.2500001,-35.10166
1036287812.5000001,-35.10551
1036287968.7500001,-35.10786
1036288125.0000001,-35.10778
1036288281.2500001,-35.11429
1036288437.5000001,-35.12281
1036288593.7500001,-35.128
1036288750.0000001,-35.11613
1036288906.2500001,-35.13142
1036289062.5000001,-35.14112
1036289218.7500001,-35.14592
1036289375.0000001,-35.14488
1036289531.2500001,-35.15375
1036289687.5000001,-35.15653
1036289843.7500001,-35.16259
1036290000.0000001,-35.16425
1036290156.2500001,-35.17168
1036290312.5000001,-35.17235
1036290468.7500001,-35.18325
1036290625.0000001,-35.18189
1036290781.2500001,-35.19138
1036290937.5000001,-35.18452
1036291093.7500001,-35.1844
1036291250.0000001,-35.19053
1036291406.2500001,-35.20491
1036291562.5000001,-35.20098
1036291718.7500001,-35.20272
1036291875.0000001,-35.21236
1036292031.2500001,-35.22364
1036292187.5000001,-35.22497
1036292343.7500001,-35.22482
1036292500.0000001,-35.22943
1036292656.2500001,-35.24097
1036292812.5000001,-35.23714
1036292968.7500001,-35.25637
1036293125.0000001,-35.24385
1036293281.2500001,-35.25612
1036293437.5000001,-35.258
1036293593.7500001,-35.2635
1036293750.0000001,-35.26452
1036293906.2500001,-35.27046
1036294062.5000001,-35.27742
1036294218.7500001,-35.2957
1036294375.0000001,-35.27481
1036294531.2500001,-35.29358
1036294687.5000001,-35.28886
1036294843.7500001,-35.30431
1036295000.0000001,-35.3069
1036295156.2500001,-35.31285
1036295312.5000001,-35.31648
1036295468.7500001,-35.31996
1036295625.0000001,-35.32217
1036295781.2500001,-35.32154
1036295937.5000001,-35.32758
1036296093.7500001,-35.34542
1036296250.0000001,-35.328
1036296406.2500001,-35.33527
1036296562.5000001,-35.3376
1036296718.7500001,-35.34049
1036296875.0000001,-35.3501
1036297031.2500001,-35.35617
1036297187.5000001,-35.34987
1036297343.7500001,-35.35915
1036297500.0000001,-35.36611
1036297656.2500001,-35.36274
1036297812.5000001,-35.37964
1036297968.7500001,-35.37527
1036298125.0000001,-35.38503
1036298281.2500001,-35.40007
1036298437.5000001,-35.39501
1036298593.7500001,-35.39724
1036298750.0000001,-35.39629
1036298906.2500001,-35.40652
1036299062.5000001,-35.41076
1036299218.7500001,-35.41069
1036299375.0000001,-35.41528
1036299531.2500001,-35.41663
1036299687.5000001,-35.42064
1036299843.7500001,-35.42742
1036300000.0000001,-35.42996
1036300156.2500001,-35.44653
1036300312.5000001,-35.43338
1036300468.7500001,-35.45193
1036300625.0000001,-35.4412
1036300781.2500001,-35.4584
1036300937.5000001,-35.4594
1036301093.7500001,-35.46679
1036301250.0000001,-35.47467
1036301406.2500001,-35.46452
1036301562.5000001,-35.47362
1036301718.7500001,-35.48495
1036301875.0000001,-35.48811
1036302031.2500001,-35.48629
1036302187.5000001,-35.48861
1036302343.7500001,-35.49306
1036302500.0000001,-35.48965
1036302656.2500001,-35.50529
1036302812.5000001,-35.50288
1036302968.7500001,-35.51873
1036303125.0000001,-35.5223
1036303281.2500001,-35.51263
1036303437.5000001,-35.52242
1036303593.7500001,-35.53044
1036303750.0000001,-35.51981
1036303906.2500001,-35.5286
1036304062.5000001,-35.53816
1036304218.7500001,-35.54241
1036304375.0000001,-35.55645
1036304531.2500001,-35.55767
1036304687.5000001,-35.55115
1036304843.7500001,-35.55944
1036305000.0000001,-35.56078
1036305156.2500001,-35.56532
1036305312.5000001,-35.56973
1036305468.7500001,-35.57678
1036305625.0000001,-35.58021
1036305781.2500001,-35.5848
1036305937.5000001,-35.59449
1036306093.7500001,-35.5928
1036306250.0000001,-35.59973
1036306406.2500001,-35.59583
1036306562.5000001,-35.60792
1036306718.7500001,-35.6059
1036306875.0000001,-35.61845
1036307031.2500001,-35.62397
1036307187.5000001,-35.62127
1036307343.7500001,-35.62877
1036307500.0000001,-35.6248
1036307656.2500001,-35.63436
1036307812.5000001,-35.63711
1036307968.7500001,-35.64143
1036308125.0000001,-35.65081
1036308281.2500001,-35.64022
1036308437.5000001,-35.65563
1036308593.7500001,-35.66214
1036308750.0000001,-35.66328
1036308906.2500001,-35.6734
1036309062.5000001,-35.67315
1036309218.7500001,-35.68464
1036309375.0000001,-35.68562
1036309531.2500001,-35.68253
1036309687.5000001,-35.68777
1036309843.7500001,-35.69252
1036310000.0000001,-35.70031
1036310156.2500001,-35.70092
1036310312.5000001,-35.69134
1036310468.7500001,-35.69643
1036310625.0000001,-35.69493
1036310781.2500001,-35.71648
1036310937.5000001,-35.71932
1036311093.7500001,-35.7337
1036311250.0000001,-35.72758
1036311406.2500001,-35.72519
1036311562.5000001,-35.73146
1036311718.7500001,-35.73429
1036311875.0000001,-35.74165
1036312031.2500001,-35.75116
1036312187.5000001,-35.74689
1036312343.7500001,-35.76599
1036312500.0000001,-35.75051
1036312656.2500001,-35.74622
1036312812.5000001,-35.76232
1036312968.7500001,-35.76702
1036313125.0000001,-35.77251
1036313281.2500001,-35.76759
1036313437.5000001,-35.77784
1036313593.7500001,-35.79399
1036313750.0000001,-35.78008
1036313906.2500001,-35.78713
1036314062.5000001,-35.80884
1036314218.7500001,-35.78997
1036314375.0000001,-35.78942
1036314531.2500001,-35.82124
1036314687.5000001,-35.81265
1036314843.7500001,-35.81218
1036315000.0000001,-35.83116
1036315156.2500001,-35.82715
1036315312.5000001,-35.83361
1036315468.7500001,-35.84668
1036315625.0000001,-35.83073
1036315781.2500001,-35.83314
1036315937.5000001,-35.85177
1036316093.7500001,-35.84708
1036316250.0000001,-35.8665
1036316406.2500001,-35.85341
1036316562.5000001,-35.85838
1036316718.7500001,-35.85548
1036316875.0000001,-35.86377
1036317031.2500001,-35.8698
1036317187.5000001,-35.88779
1036317343.7500001,-35.88718
1036317500.0000001,-35.87386
1036317656.2500001,-35.89403
1036317812.5000001,-35.89637
1036317968.7500001,-35.90548
1036318125.0000001,-35.90359
1036318281.2500001,-35.90892
1036318437.5000001,-35.91215
1036318593.7500001,-35.90436
1036318750.0000001,-35.91538
1036318906.2500001,-35.91396
1036319062.5000001,-35.92121
1036319218.7500001,-35.93224
1036319375.0000001,-35.92662
1036319531.2500001,-35.93371
1036319687.5000001,-35.94527
1036319843.7500001,-35.96
1036320000.0000001,-35.94302
1036320156.2500001,-35.96008
1036320312.5000001,-35.96004
1036320468.7500001,-35.95004
1036320625.0000001,-35.96973
1036320781.2500001,-35.96613
1036320937.5000001,-35.981
1036321093.7500001,-35.97026
1036321250.0000001,-35.9763
1036321406.2500001,-35.98142
1036321562.5000001,-35.97467
1036321718.7500001,-35.99067
1036321875.0000001,-35.99538
1036322031.2500001,-36.00904
1036322187.5000001,-35.99828
1036322343.7500001,-36.00242
1036322500.0000001,-36.01683
1036322656.2500001,-36.01505
1036322812.5000001,-36.0207
1036322968.7500001,-36.02145
1036323125.0000001,-36.02783
1036323281.2500001,-36.01296
1036323437.5000001,-36.03576
1036323593.7500001,-36.04421
1036323750.0000001,-36.03038
1036323906.2500001,-36.04496
1036324062.5000001,-36.04745
1036324218.7500001,-36.05384
1036324375.0000001,-36.06432
1036324531.2500001,-36.06466
1036324687.5000001,-36.07204
1036324843.7500001,-36.05732
1036325000.0000001,-36.05845
1036325156.2500001,-36.07723
1036325312.5000001,-36.08086
1036325468.7500001,-36.0748
1036325625.0000001,-36.086
1036325781.2500001,-36.0924
1036325937.5000001,-36.08919
1036326093.7500001,-36.10328
1036326250.0000001,-36.09797
1036326406.2500001,-36.10919
1036326562.5000001,-36.11796
1036326718.7500001,-36.12163
1036326875.0000001,-36.11926
1036327031.2500001,-36.11028
1036327187.5000001,-36.12506
1036327343.7500001,-36.13914
1036327500.0000001,-36.13629
1036327656.2500001,-36.12651
1036327812.5000001,-36.1536
1036327968.7500001,-36.14267
1036328125.0000001,-36.14651
1036328281.2500001,-36.15046
1036328437.5000001,-36.16949
1036328593.7500001,-36.16458
1036328750.0000001,-36.16121
1036328906.2500001,-36.16991
1036329062.5000001,-36.17679
1036329218.7500001,-36.17492
1036329375.0000001,-36.1814
1036329531.2500001,-36.18464
1036329687.5000001,-36.17392
1036329843.7500001,-36.19753
1036330000.0000001,-36.1923
1036330156.2500001,-36.19432
1036330312.5000001,-36.19833
1036330468.7500001,-36.2084
1036330625.0000001,-36.21506
1036330781.2500001,-36.21386
1036330937.5000001,-36.23306
1036331093.7500001,-36.22083
1036331250.0000001,-36.22137
1036331406.2500001,-36.23151
1036331562.5000001,-36.24361
1036331718.7500001,-36.23306
1036331875.0000001,-36.24947
1036332031.2500001,-36.24929
1036332187.5000001,-36.25652
1036332343.7500001,-36.25619
1036332500.0000001,-36.26907
1036332656.2500001,-36.26406
1036332812.5000001,-36.27691
1036332968.7500001,-36.26048
1036333125.0000001,-36.27166
1036333281.2500001,-36.27237
1036333437.5000001,-36.26526
1036333593.7500001,-36.28223
1036333750.0000001,-36.28425
1036333906.2500001,-36.29813
1036334062.5000001,-36.29782
1036334218.7500001,-36.30102
1036334375.0000001,-36.31063
1036334531.2500001,-36.30628
1036334687.5000001,-36.3079
1036334843.7500001,-36.29427
1036335000.0000001,-36.31202
1036335156.2500001,-36.3219
1036335312.5000001,-36.32707
1036335468.7500001,-36.32969
1036335625.0000001,-36.34536
1036335781.2500001,-36.32972
1036335937.5000001,-36.34095
1036336093.7500001,-36.34151
1036336250.0000001,-36.34015
1036336406.2500001,-36.3465
1036336562.5000001,-36.35862
1036336718.7500001,-36.34576
1036336875.0000001,-36.36832
1036337031.2500001,-36.36215
1036337187.5000001,-36.3688
1036337343.7500001,-36.36535
1036337500.0000001,-36.37456
1036337656.2500001,-36.37733
1036337812.5000001,-36.37218
1036337968.7500001,-36.38463
1036338125.0000001,-36.39439
1036338281.2500001,-36.39606
1036338437.5000001,-36.39704
1036338593.7500001,-36.41245
1036338750.0000001,-36.40274
1036338906.2500001,-36.40761
1036339062.5000001,-36.40872
1036339218.7500001,-36.40488
1036339375.0000001,-36.41836
1036339531.2500001,-36.42457
1036339687.5000001,-36.42542
1036339843.7500001,-36.44614
1036340000.0000001,-36.44345
1036340156.2500001,-36.43982
1036340312.5000001,-36.44179
1036340468.7500001,-36.44779
1036340625.0000001,-36.45236
1036340781.2500001,-36.45507
1036340937.5000001,-36.4554
1036341093.7500001,-36.4635
1036341250.0000001,-36.46509
1036341406.2500001,-36.48445
1036341562.5000001,-36.48363
1036341718.7500001,-36.46925
1036341875.0000001,-36.47749
1036342031.2500001,-36.4858
1036342187.5000001,-36.48712
1036342343.7500001,-36.5037
1036342500.0000001,-36.49173
1036342656.2500001,-36.50011
1036342812.5000001,-36.51104
1036342968.7500001,-36.51294
1036343125.0000001,-36.51014
1036343281.2500001,-36.50873
1036343437.5000001,-36.52509
1036343593.7500001,-36.53253
1036343750.0000001,-36.53125
1036343906.2500001,-36.52983
1036344062.5000001,-36.53123
1036344218.7500001,-36.54357
1036344375.0000001,-36.53435
1036344531.2500001,-36.54957
1036344687.5000001,-36.55362
1036344843.7500001,-36.54289
1036345000.0000001,-36.55558
1036345156.2500001,-36.56227
1036345312.5000001,-36.5637
1036345468.7500001,-36.56743
1036345625.0000001,-36.5636
1036345781.2500001,-36.56676
1036345937.5000001,-36.5802
1036346093.7500001,-36.5784
1036346250.0000001,-36.58979
1036346406.2500001,-36.58858
1036346562.5000001,-36.59217
1036346718.7500001,-36.59927
1036346875.0000001,-36.59204
1036347031.2500001,-36.61082
1036347187.5000001,-36.60488
1036347343.7500001,-36.60668
1036347500.0000001,-36.61225
1036347656.2500001,-36.61645
1036347812.5000001,-36.6336
1036347968.7500001,-36.62907
1036348125.0000001,-36.62608
1036348281.2500001,-36.63014
1036348437.5000001,-36.62232
1036348593.7500001,-36.65182
1036348750.0000001,-36.6493
1036348906.2500001,-36.65461
1036349062.5000001,-36.6472
1036349218.7500001,-36.64434
1036349375.0000001,-36.65018
1036349531.2500001,-36.67605
1036349687.5000001,-36.66299
1036349843.7500001,-36.67297
1036350000.0000001,-36.68121
1036350156.2500001,-36.68347
1036350312.5000001,-36.6713
1036350468.7500001,-36.68112
1036350625.0000001,-36.6803
1036350781.2500001,-36.68654
1036350937.5000001,-36.69956
1036351093.7500001,-36.69817
1036351250.0000001,-36.71235
1036351406.2500001,-36.70757
1036351562.5000001,-36.7149
1036351718.7500001,-36.73644
1036351875.0000001,-36.70905
1036352031.2500001,-36.71601
1036352187.5000001,-36.72238
1036352343.7500001,-36.72786
1036352500.0000001,-36.72694
1036352656.2500001,-36.73763
1036352812.5000001,-36.73312
1036352968.7500001,-36.75497
1036353125.0000001,-36.7359
1036353281.2500001,-36.74337
1036353437.5000001,-36.74884
1036353593.7500001,-36.74628
1036353750.0000001,-36.74903
1036353906.2500001,-36.77032
1036354062.5000001,-36.76632
1036354218.7500001,-36.76423
1036354375.0000001,-36.77148
1036354531.2500001,-36.77779
1036354687.5000001,-36.76599
1036354843.7500001,-36.77817
1036355000.0000001,-36.79471
1036355156.2500001,-36.7946
1036355312.5000001,-36.7927
1036355468.7500001,-36.80284
1036355625.0000001,-36.80448
1036355781.2500001,-36.8027
1036355937.5000001,-36.80281
1036356093.7500001,-36.81796
1036356250.0000001,-36.80957
1036356406.2500001,-36.81507
1036356562.5000001,-36.8286
1036356718.7500001,-36.82022
1036356875.0000001,-36.82755
1036357031.2500001,-36.83163
1036357187.5000001,-36.83286
1036357343.7500001,-36.84875
1036357500.0000001,-36.85206
1036357656.2500001,-36.84577
1036357812.5000001,-36.85251
1036357968.7500001,-36.8647
1036358125.0000001,-36.86104
1036358281.2500001,-36.85334
1036358437.5000001,-36.86618
1036358593.7500001,-36.86785
1036358750.0000001,-36.87411
1036358906.2500001,-36.88734
1036359062.5000001,-36.8716
1036359218.7500001,-36.89079
1036359375.0000001,-36.89412
1036359531.2500001,-36.88985
1036359687.5000001,-36.89499
1036359843.7500001,-36.90438
1036360000.0000001,-36.90459
1036360156.2500001,-36.89678
1036360312.5000001,-36.91873
1036360468.7500001,-36.90924
1036360625.0000001,-36.91458
1036360781.2500001,-36.91674
1036360937.5000001,-36.9206
1036361093.7500001,-36.91831
1036361250.0000001,-36.92776
1036361406.2500001,-36.93111
1036361562.5000001,-36.93132
1036361718.7500001,-36.94622
1036361875.0000001,-36.93804
1036362031.2500001,-36.95553
1036362187.5000001,-36.95918
1036362343.7500001,-36.94742
1036362500.0000001,-36.94663
1036362656.2500001,-36.9674
1036362812.5000001,-36.96796
1036362968.7500001,-36.97525
1036363125.0000001,-36.97768
1036363281.2500001,-36.98108
1036363437.5000001,-36.991
1036363593.7500001,-36.98984
1036363750.0000001,-36.9966
1036363906.2500001,-36.97714
1036364062.5000001,-36.99578
1036364218.7500001,-36.99166
1036364375.0000001,-36.99509
1036364531.2500001,-37.01278
1036364687.5000001,-37.02251
1036364843.7500001,-37.00776
1036365000.0000001,-37.01842
1036365156.2500001,-37.02132
1036365312.5000001,-37.01541
1036365468.7500001,-37.02689
1036365625.0000001,-37.02891
1036365781.2500001,-37.03123
1036365937.5000001,-37.04094
1036366093.7500001,-37.03379
1036366250.0000001,-37.04859
1036366406.2500001,-37.04728
1036366562.5000001,-37.04675
1036366718.7500001,-37.05867
1036366875.0000001,-37.05219
1036367031.2500001,-37.06265
1036367187.5000001,-37.06451
1036367343.7500001,-37.07496
1036367500.0000001,-37.07259
1036367656.2500001,-37.0811
1036367812.5000001,-37.07925
1036367968.7500001,-37.08661
1036368125.0000001,-37.09282
1036368281.2500001,-37.08987
1036368437.5000001,-37.08888
1036368593.7500001,-37.08964
1036368750.0000001,-37.10234
1036368906.2500001,-37.10777
1036369062.5000001,-37.10714
1036369218.7500001,-37.12082
1036369375.0000001,-37.12262
1036369531.2500001,-37.12189
1036369687.5000001,-37.12394
1036369843.7500001,-37.12318
1036370000.0000001,-37.11007
1036370156.2500001,-37.12946
1036370312.5000001,-37.13272
1036370468.7500001,-37.13701
1036370625.0000001,-37.15089
1036370781.2500001,-37.14645
1036370937.5000001,-37.1436
1036371093.7500001,-37.15771
1036371250.0000001,-37.15739
1036371406.2500001,-37.14531
1036371562.5000001,-37.15856
1036371718.7500001,-37.16039
1036371875.0000001,-37.17033
1036372031.2500001,-37.17163
1036372187.5000001,-37.16859
1036372343.7500001,-37.18882
1036372500.0000001,-37.17862
1036372656.2500001,-37.19219
1036372812.5000001,-37.19112
1036372968.7500001,-37.19535
1036373125.0000001,-37.20758
1036373281.2500001,-37.19545
1036373437.5000001,-37.1932
1036373593.7500001,-37.21021
1036373750.0000001,-37.21401
1036373906.2500001,-37.21021
1036374062.5000001,-37.2035
1036374218.7500001,-37.21911
1036374375.0000001,-37.22203
1036374531.2500001,-37.23079
1036374687.5000001,-37.22668
1036374843.7500001,-37.22772
1036375000.0000001,-37.24006
1036375156.2500001,-37.24621
1036375312.5000001,-37.23623
1036375468.7500001,-37.24819
1036375625.0000001,-37.24235
1036375781.2500001,-37.25729
1036375937.5000001,-37.25396
1036376093.7500001,-37.25766
1036376250.0000001,-37.27374
1036376406.2500001,-37.28024
1036376562.5000001,-37.27436
1036376718.7500001,-37.26806
1036376875.0000001,-37.28266
1036377031.2500001,-37.29231
1036377187.5000001,-37.29061
1036377343.7500001,-37.30468
1036377500.0000001,-37.30888
1036377656.2500001,-37.29631
1036377812.5000001,-37.30517
1036377968.7500001,-37.30561
1036378125.0000001,-37.29673
1036378281.2500001,-37.30829
1036378437.5000001,-37.31614
1036378593.7500001,-37.30833
1036378750.0000001,-37.31793
1036378906.2500001,-37.3222
1036379062.5000001,-37.32762
1036379218.7500001,-37.32913
1036379375.0000001,-37.35056
1036379531.2500001,-37.32758
1036379687.5000001,-37.3434
1036379843.7500001,-37.35017
1036380000.0000001,-37.33897
1036380156.2500001,-37.35414
1036380312.5000001,-37.34599
1036380468.7500001,-37.34887
1036380625.0000001,-37.3621
1036380781.2500001,-37.35371
1036380937.5000001,-37.3646
1036381093.7500001,-37.36262
1036381250.0000001,-37.37712
1036381406.2500001,-37.38557
1036381562.5000001,-37.38063
1036381718.7500001,-37.37165
1036381875.0000001,-37.37356
1036382031.2500001,-37.38707
1036382187.5000001,-37.39905
1036382343.7500001,-37.40685
1036382500.0000001,-37.40743
1036382656.2500001,-37.4055
1036382812.5000001,-37.41292
1036382968.7500001,-37.41437
1036383125.0000001,-37.4145
1036383281.2500001,-37.40594
1036383437.5000001,-37.42295
1036383593.7500001,-37.41228
1036383750.0000001,-37.42936
1036383906.2500001,-37.43409
1036384062.5000001,-37.42847
1036384218.7500001,-37.44369
1036384375.0000001,-37.44604
1036384531.2500001,-37.44328
1036384687.5000001,-37.44039
1036384843.7500001,-37.44593
1036385000.0000001,-37.45723
1036385156.2500001,-37.45221
1036385312.5000001,-37.45528
1036385468.7500001,-37.47979
1036385625.0000001,-37.4809
1036385781.2500001,-37.47476
1036385937.5000001,-37.46613
1036386093.7500001,-37.48533
1036386250.0000001,-37.48952
1036386406.2500001,-37.48886
1036386562.5000001,-37.49075
1036386718.7500001,-37.49471
1036386875.0000001,-37.49185
1036387031.2500001,-37.48698
1036387187.5000001,-37.50531
1036387343.7500001,-37.48883
1036387500.0000001,-37.50594
1036387656.2500001,-37.51477
1036387812.5000001,-37.51534
1036387968.7500001,-37.52724
1036388125.0000001,-37.52936
1036388281.2500001,-37.51582
1036388437.5000001,-37.52341
1036388593.7500001,-37.51576
1036388750.0000001,-37.53463
1036388906.2500001,-37.53239
1036389062.5000001,-37.53673
1036389218.7500001,-37.53813
1036389375.0000001,-37.54525
1036389531.2500001,-37.53819
1036389687.5000001,-37.54772
1036389843.7500001,-37.5589
1036390000.0000001,-37.5701
1036390156.2500001,-37.56124
1036390312.5000001,-37.56663
1036390468.7500001,-37.57194
1036390625.0000001,-37.56389
1036390781.2500001,-37.57819
1036390937.5000001,-37.5789
1036391093.7500001,-37.58102
1036391250.0000001,-37.58767
1036391406.2500001,-37.59651
1036391562.5000001,-37.59401
1036391718.7500001,-37.59457
1036391875.0000001,-37.60468
1036392031.2500001,-37.61694
1036392187.5000001,-37.606
1036392343.7500001,-37.60063
1036392500.0000001,-37.62785
1036392656.2500001,-37.61175
1036392812.5000001,-37.61506
1036392968.7500001,-37.61782
1036393125.0000001,-37.62593
1036393281.2500001,-37.63977
1036393437.5000001,-37.63086
1036393593.7500001,-37.64529
1036393750.0000001,-37.63639
1036393906.2500001,-37.64632
1036394062.5000001,-37.64508
1036394218.7500001,-37.66487
1036394375.0000001,-37.65594
1036394531.2500001,-37.65479
1036394687.5000001,-37.66553
1036394843.7500001,-37.67078
1036395000.0000001,-37.65677
1036395156.2500001,-37.67279
1036395312.5000001,-37.66757
1036395468.7500001,-37.68899
1036395625.0000001,-37.67232
1036395781.2500001,-37.68693
1036395937.5000001,-37.69145
1036396093.7500001,-37.70304
1036396250.0000001,-37.6968
1036396406.2500001,-37.68755
1036396562.5000001,-37.70718
1036396718.7500001,-37.69876
1036396875.0000001,-37.70649
1036397031.2500001,-37.69912
1036397187.5000001,-37.71409
1036397343.7500001,-37.70394
1036397500.0000001,-37.71076
1036397656.2500001,-37.71383
1036397812.5000001,-37.72248
1036397968.7500001,-37.73682
1036398125.0000001,-37.72218
1036398281.2500001,-37.73783
1036398437.5000001,-37.72663
1036398593.7500001,-37.74211
1036398750.0000001,-37.73674
1036398906.2500001,-37.74679
1036399062.5000001,-37.75583
1036399218.7500001,-37.75523
1036399375.0000001,-37.7531
1036399531.2500001,-37.75542
1036399687.5000001,-37.76263
1036399843.7500001,-37.76226
1036400000.0000001,-37.75365
1036400156.2500001,-37.76966
1036400312.5000001,-37.77201
1036400468.7500001,-37.78536
1036400625.0000001,-37.78601
1036400781.2500001,-37.78571
1036400937.5000001,-37.78387
1036401093.7500001,-37.78745
1036401250.0000001,-37.79281
1036401406.2500001,-37.80033
1036401562.5000001,-37.78559
1036401718.7500001,-37.81084
1036401875.0000001,-37.81318
1036402031.2500001,-37.81192
1036402187.5000001,-37.80833
1036402343.7500001,-37.82636
1036402500.0000001,-37.82629
1036402656.2500001,-37.82426
1036402812.5000001,-37.83725
1036402968.7500001,-37.8349
1036403125.0000001,-37.83528
1036403281.2500001,-37.85741
1036403437.5000001,-37.83711
1036403593.7500001,-37.84498
1036403750.0000001,-37.84632
1036403906.2500001,-37.85238
1036404062.5000001,-37.85509
1036404218.7500001,-37.8634
1036404375.0000001,-37.84662
1036404531.2500001,-37.87013
1036404687.5000001,-37.85537
1036404843.7500001,-37.86924
1036405000.0000001,-37.86028
1036405156.2500001,-37.88409
1036405312.5000001,-37.88469
1036405468.7500001,-37.87613
1036405625.0000001,-37.88269
1036405781.2500001,-37.88754
1036405937.5000001,-37.88846
1036406093.7500001,-37.89095
1036406250.0000001,-37.89344
1036406406.2500001,-37.90431
1036406562.5000001,-37.91756
1036406718.7500001,-37.89801
1036406875.0000001,-37.9161
1036407031.2500001,-37.9089
1036407187.5000001,-37.92691
1036407343.7500001,-37.9273
1036407500.0000001,-37.94113
1036407656.2500001,-37.91504
1036407812.5000001,-37.9356
1036407968.7500001,-37.934
1036408125.0000001,-37.94708
1036408281.2500001,-37.94915
1036408437.5000001,-37.94555
1036408593.7500001,-37.94277
1036408750.0000001,-37.93791
1036408906.2500001,-37.95893
1036409062.5000001,-37.95982
1036409218.7500001,-37.95381
1036409375.0000001,-37.94787
1036409531.2500001,-37.95907
1036409687.5000001,-37.96434
1036409843.7500001,-37.96412
1036410000.0000001,-37.97876
1036410156.2500001,-37.98842
1036410312.5000001,-37.97785
1036410468.7500001,-37.98442
1036410625.0000001,-37.98488
1036410781.2500001,-37.98999
1036410937.5000001,-38.0022
1036411093.7500001,-37.99202
1036411250.0000001,-37.99708
1036411406.2500001,-37.99409
1036411562.5000001,-38.00233
1036411718.7500001,-38.01824
1036411875.0000001,-38.01828
1036412031.2500001,-38.01545
1036412187.5000001,-38.01982
1036412343.7500001,-38.02007
1036412500.0000001,-38.03318
1036412656.2500001,-38.02915
1036412812.5000001,-38.02032
1036412968.7500001,-38.03089
1036413125.0000001,-38.03032
1036413281.2500001,-38.03806
1036413437.5000001,-38.04913
1036413593.7500001,-38.05102
1036413750.0000001,-38.04247
1036413906.2500001,-38.05797
1036414062.5000001,-38.05014
1036414218.7500001,-38.05021
1036414375.0000001,-38.05535
1036414531.2500001,-38.07898
1036414687.5000001,-38.074
1036414843.7500001,-38.08746
1036415000.0000001,-38.08409
1036415156.2500001,-38.07682
1036415312.5000001,-38.07751
1036415468.7500001,-38.08014
1036415625.0000001,-38.08947
1036415781.2500001,-38.08696
1036415937.5000001,-38.10067
1036416093.7500001,-38.08771
1036416250.0000001,-38.09224
1036416406.2500001,-38.10465
1036416562.5000001,-38.09651
1036416718.7500001,-38.10369
1036416875.0000001,-38.11871
1036417031.2500001,-38.11458
1036417187.5000001,-38.135
1036417343.7500001,-38.12546
1036417500.0000001,-38.12415
1036417656.2500001,-38.13783
1036417812.5000001,-38.13586
1036417968.7500001,-38.13838
1036418125.0000001,-38.1431
1036418281.2500001,-38.14282
1036418437.5000001,-38.13836
1036418593.7500001,-38.15267
1036418750.0000001,-38.1488
1036418906.2500001,-38.15388
1036419062.5000001,-38.15474
1036419218.7500001,-38.15644
1036419375.0000001,-38.16077
1036419531.2500001,-38.16042
1036419687.5000001,-38.17748
1036419843.7500001,-38.18008
1036420000.0000001,-38.19086
1036420156.2500001,-38.17815
1036420312.5000001,-38.17289
1036420468.7500001,-38.19366
1036420625.0000001,-38.18271
1036420781.2500001,-38.2047
1036420937.5000001,-38.19246
1036421093.7500001,-38.20192
1036421250.0000001,-38.18868
1036421406.2500001,-38.21119
1036421562.5000001,-38.20145
1036421718.7500001,-38.20689
1036421875.0000001,-38.2207
1036422031.2500001,-38.20715
1036422187.5000001,-38.22862
1036422343.7500001,-38.22199
1036422500.0000001,-38.24742
1036422656.2500001,-38.22004
1036422812.5000001,-38.22256
1036422968.7500001,-38.23651
1036423125.0000001,-38.22724
1036423281.2500001,-38.23719
1036423437.5000001,-38.23351
1036423593.7500001,-38.22834
1036423750.0000001,-38.25864
1036423906.2500001,-38.2445
1036424062.5000001,-38.2584
1036424218.7500001,-38.25281
1036424375.0000001,-38.26042
1036424531.2500001,-38.26106
1036424687.5000001,-38.26004
1036424843.7500001,-38.27134
1036425000.0000001,-38.27498
1036425156.2500001,-38.28948
1036425312.5000001,-38.26887
1036425468.7500001,-38.27608
1036425625.0000001,-38.27745
1036425781.2500001,-38.29436
1036425937.5000001,-38.29306
1036426093.7500001,-38.29879
1036426250.0000001,-38.28284
1036426406.2500001,-38.28439
1036426562.5000001,-38.29686
1036426718.7500001,-38.30445
1036426875.0000001,-38.3213
1036427031.2500001,-38.32405
1036427187.5000001,-38.32368
1036427343.7500001,-38.30563
1036427500.0000001,-38.3285
1036427656.2500001,-38.32323
1036427812.5000001,-38.33367
1036427968.7500001,-38.3291
1036428125.0000001,-38.32371
1036428281.2500001,-38.34097
1036428437.5000001,-38.34957
1036428593.7500001,-38.33733
1036428750.0000001,-38.34812
1036428906.2500001,-38.33946
1036429062.5000001,-38.34481
1036429218.7500001,-38.34688
1036429375.0000001,-38.36706
1036429531.2500001,-38.35474
1036429687.5000001,-38.36755
1036429843.7500001,-38.3618
1036430000.0000001,-38.37271
1036430156.2500001,-38.37186
1036430312.5000001,-38.38185
1036430468.7500001,-38.38339
1036430625.0000001,-38.37396
1036430781.2500001,-38.39195
1036430937.5000001,-38.38393
1036431093.7500001,-38.37702
1036431250.0000001,-38.39372
1036431406.2500001,-38.41211
1036431562.5000001,-38.4007
1036431718.7500001,-38.39964
1036431875.0000001,-38.39861
1036432031.2500001,-38.41068
1036432187.5000001,-38.4078
1036432343.7500001,-38.42688
1036432500.0000001,-38.40906
1036432656.2500001,-38.4203
1036432812.5000001,-38.43025
1036432968.7500001,-38.42975
1036433125.0000001,-38.42978
1036433281.2500001,-38.43951
1036433437.5000001,-38.43
1036433593.7500001,-38.42257
1036433750.0000001,-38.44
1036433906.2500001,-38.43649
1036434062.5000001,-38.45184
1036434218.7500001,-38.44815
1036434375.0000001,-38.45881
1036434531.2500001,-38.45409
1036434687.5000001,-38.45778
1036434843.7500001,-38.46314
1036435000.0000001,-38.46803
1036435156.2500001,-38.47133
1036435312.5000001,-38.47
1036435468.7500001,-38.48034
1036435625.0000001,-38.47655
1036435781.2500001,-38.48446
1036435937.5000001,-38.49207
1036436093.7500001,-38.46996
1036436250.0000001,-38.48576
1036436406.2500001,-38.48506
1036436562.5000001,-38.48465
1036436718.7500001,-38.49116
1036436875.0000001,-38.49568
1036437031.2500001,-38.5078
1036437187.5000001,-38.50139
1036437343.7500001,-38.50851
1036437500.0000001,-38.52339
1036437656.2500001,-38.50412
1036437812.5000001,-38.52153
1036437968.7500001,-38.52169
1036438125.0000001,-38.51888
1036438281.2500001,-38.53214
1036438437.5000001,-38.53407
1036438593.7500001,-38.5345
1036438750.0000001,-38.54091
1036438906.2500001,-38.55202
1036439062.5000001,-38.55523
1036439218.7500001,-38.54131
1036439375.0000001,-38.54638
1036439531.2500001,-38.56118
1036439687.5000001,-38.56358
1036439843.7500001,-38.56484
1036440000.0000001,-38.57085
1036440156.2500001,-38.55767
1036440312.5000001,-38.55155
1036440468.7500001,-38.56407
1036440625.0000001,-38.57543
1036440781.2500001,-38.59161
1036440937.5000001,-38.58769
1036441093.7500001,-38.57597
1036441250.0000001,-38.58441
1036441406.2500001,-38.58923
1036441562.5000001,-38.60058
1036441718.7500001,-38.58572
1036441875.0000001,-38.59013
1036442031.2500001,-38.59779
1036442187.5000001,-38.59932
1036442343.7500001,-38.60341
1036442500.0000001,-38.61619
1036442656.2500001,-38.60335
1036442812.5000001,-38.60138
1036442968.7500001,-38.60917
1036443125.0000001,-38.6133
1036443281.2500001,-38.62737
1036443437.5000001,-38.61539
1036443593.7500001,-38.6235
1036443750.0000001,-38.63904
1036443906.2500001,-38.6365
1036444062.5000001,-38.63248
1036444218.7500001,-38.65323
1036444375.0000001,-38.64704
1036444531.2500001,-38.64867
1036444687.5000001,-38.65672
1036444843.7500001,-38.65182
1036445000.0000001,-38.64716
1036445156.2500001,-38.65669
1036445312.5000001,-38.6635
1036445468.7500001,-38.66166
1036445625.0000001,-38.67432
1036445781.2500001,-38.65941
1036445937.5000001,-38.67475
1036446093.7500001,-38.68301
1036446250.0000001,-38.67047
1036446406.2500001,-38.68276
1036446562.5000001,-38.66457
1036446718.7500001,-38.68871
1036446875.0000001,-38.68334
1036447031.2500001,-38.69283
1036447187.5000001,-38.68813
1036447343.7500001,-38.68961
1036447500.0000001,-38.69357
1036447656.2500001,-38.69193
1036447812.5000001,-38.71491
1036447968.7500001,-38.70402
1036448125.0000001,-38.71645
1036448281.2500001,-38.71536
1036448437.5000001,-38.72508
1036448593.7500001,-38.72193
1036448750.0000001,-38.73536
1036448906.2500001,-38.70978
1036449062.5000001,-38.74189
1036449218.7500001,-38.7298
1036449375.0000001,-38.72774
1036449531.2500001,-38.72979
1036449687.5000001,-38.75141
1036449843.7500001,-38.74814
1036450000.0000001,-38.74372
1036450156.2500001,-38.74413
1036450312.5000001,-38.75726
1036450468.7500001,-38.75937
1036450625.0000001,-38.7655
1036450781.2500001,-38.77456
1036450937.5000001,-38.76263
1036451093.7500001,-38.76823
1036451250.0000001,-38.77658
1036451406.2500001,-38.76993
1036451562.5000001,-38.77827
1036451718.7500001,-38.77932
1036451875.0000001,-38.7731
1036452031.2500001,-38.77907
1036452187.5000001,-38.78867
1036452343.7500001,-38.79698
1036452500.0000001,-38.80418
1036452656.2500001,-38.80891
1036452812.5000001,-38.79519
1036452968.7500001,-38.8152
1036453125.0000001,-38.80346
1036453281.2500001,-38.80202
1036453437.5000001,-38.79725
1036453593.7500001,-38.80509
1036453750.0000001,-38.82948
1036453906.2500001,-38.82414
1036454062.5000001,-38.82474
1036454218.7500001,-38.81834
1036454375.0000001,-38.81763
1036454531.2500001,-38.82222
1036454687.5000001,-38.8281
1036454843.7500001,-38.84916
1036455000.0000001,-38.82985
1036455156.2500001,-38.84979
1036455312.5000001,-38.84659
1036455468.7500001,-38.85841
1036455625.0000001,-38.84097
1036455781.2500001,-38.86504
1036455937.5000001,-38.842
1036456093.7500001,-38.86358
1036456250.0000001,-38.87759
1036456406.2500001,-38.87208
1036456562.5000001,-38.88461
1036456718.7500001,-38.8703
1036456875.0000001,-38.86946
1036457031.2500001,-38.87907
1036457187.5000001,-38.87674
1036457343.7500001,-38.89125
1036457500.0000001,-38.89259
1036457656.2500001,-38.90389
1036457812.5000001,-38.89225
1036457968.7500001,-38.89259
1036458125.0000001,-38.90598
1036458281.2500001,-38.90222
1036458437.5000001,-38.90049
1036458593.7500001,-38.90282
1036458750.0000001,-38.91255
1036458906.2500001,-38.93002
1036459062.5000001,-38.91702
1036459218.7500001,-38.92154
1036459375.0000001,-38.90792
1036459531.2500001,-38.91705
1036459687.5000001,-38.92904
1036459843.7500001,-38.92013
1036460000.0000001,-38.92987
1036460156.2500001,-38.94955
1036460312.5000001,-38.9347
1036460468.7500001,-38.93507
1036460625.0000001,-38.95438
1036460781.2500001,-38.94625
1036460937.5000001,-38.94534
1036461093.7500001,-38.95958
1036461250.0000001,-38.93953
1036461406.2500001,-38.9617
1036461562.5000001,-38.9544
1036461718.7500001,-38.96915
1036461875.0000001,-38.97118
1036462031.2500001,-38.97036
1036462187.5000001,-38.98235
1036462343.7500001,-38.9837
1036462500.0000001,-38.97494
1036462656.2500001,-39.00361
1036462812.5000001,-38.98665
1036462968.7500001,-38.98483
1036463125.0000001,-38.99627
1036463281.2500001,-39.00013
1036463437.5000001,-39.00069
1036463593.7500001,-38.99596
1036463750.0000001,-39.00486
1036463906.2500001,-39.00992
1036464062.5000001,-39.0159
1036464218.7500001,-39.01237
1036464375.0000001,-39.00325
1036464531.2500001,-39.00991
1036464687.5000001,-39.02633
1036464843.7500001,-39.02243
1036465000.0000001,-39.02599
1036465156.2500001,-39.02211
1036465312.5000001,-39.01869
1036465468.7500001,-39.03783
1036465625.0000001,-39.04188
1036465781.2500001,-39.04075
1036465937.5000001,-39.03561
1036466093.7500001,-39.03552
1036466250.0000001,-39.0435
1036466406.2500001,-39.05325
1036466562.5000001,-39.06621
1036466718.7500001,-39.04657
1036466875.0000001,-39.04514
1036467031.2500001,-39.05693
1036467187.5000001,-39.05905
1036467343.7500001,-39.0661
1036467500.0000001,-39.05973
1036467656.2500001,-39.0682
1036467812.5000001,-39.07591
1036467968.7500001,-39.08447
1036468125.0000001,-39.09322
1036468281.2500001,-39.06522
1036468437.5000001,-39.07567
1036468593.7500001,-39.0726
1036468750.0000001,-39.08881
1036468906.2500001,-39.09158
1036469062.5000001,-39.09151
1036469218.7500001,-39.11194
1036469375.0000001,-39.08829
1036469531.2500001,-39.10464
1036469687.5000001,-39.09194
1036469843.7500001,-39.10799
1036470000.0000001,-39.12188
1036470156.2500001,-39.12459
1036470312.5000001,-39.11725
1036470468.7500001,-39.13209
1036470625.0000001,-39.12163
1036470781.2500001,-39.12404
1036470937.5000001,-39.11854
1036471093.7500001,-39.13196
1036471250.0000001,-39.12968
1036471406.2500001,-39.14383
1036471562.5000001,-39.15015
1036471718.7500001,-39.12931
1036471875.0000001,-39.15196
1036472031.2500001,-39.14291
1036472187.5000001,-39.14822
1036472343.7500001,-39.1483
1036472500.0000001,-39.16227
1036472656.2500001,-39.15118
1036472812.5000001,-39.16023
1036472968.7500001,-39.15336
1036473125.0000001,-39.17472
1036473281.2500001,-39.18338
1036473437.5000001,-39.17622
1036473593.7500001,-39.17319
1036473750.0000001,-39.17636
1036473906.2500001,-39.17685
1036474062.5000001,-39.19203
1036474218.7500001,-39.18954
1036474375.0000001,-39.18958
1036474531.2500001,-39.18541
1036474687.5000001,-39.20567
1036474843.7500001,-39.19947
1036475000.0000001,-39.21165
1036475156.2500001,-39.20868
1036475312.5000001,-39.19844
1036475468.7500001,-39.21873
1036475625.0000001,-39.21685
1036475781.2500001,-39.20641
1036475937.5000001,-39.20983
1036476093.7500001,-39.21206
1036476250.0000001,-39.22
1036476406.2500001,-39.2147
1036476562.5000001,-39.22843
1036476718.7500001,-39.23211
1036476875.0000001,-39.23742
1036477031.2500001,-39.22947
1036477187.5000001,-39.25385
1036477343.7500001,-39.25251
1036477500.0000001,-39.23664
1036477656.2500001,-39.255
1036477812.5000001,-39.26412
1036477968.7500001,-39.25627
1036478125.0000001,-39.25765
1036478281.2500001,-39.24942
1036478437.5000001,-39.26785
1036478593.7500001,-39.27072
1036478750.0000001,-39.27283
1036478906.2500001,-39.27359
1036479062.5000001,-39.28064
1036479218.7500001,-39.28501
1036479375.0000001,-39.27746
1036479531.2500001,-39.28831
1036479687.5000001,-39.28378
1036479843.7500001,-39.29575
1036480000.0000001,-39.27511
1036480156.2500001,-39.29539
1036480312.5000001,-39.29435
1036480468.7500001,-39.29194
1036480625.0000001,-39.30862
1036480781.2500001,-39.30893
1036480937.5000001,-39.31549
1036481093.7500001,-39.30953
1036481250.0000001,-39.30813
1036481406.2500001,-39.32124
1036481562.5000001,-39.3086
1036481718.7500001,-39.32383
1036481875.0000001,-39.31718
1036482031.2500001,-39.32874
1036482187.5000001,-39.3322
1036482343.7500001,-39.32676
1036482500.0000001,-39.3276
1036482656.2500001,-39.34113
1036482812.5000001,-39.35192
1036482968.7500001,-39.33466
1036483125.0000001,-39.36691
1036483281.2500001,-39.34764
1036483437.5000001,-39.36574
1036483593.7500001,-39.34776
1036483750.0000001,-39.36191
1036483906.2500001,-39.34637
1036484062.5000001,-39.35241
1036484218.7500001,-39.35945
1036484375.0000001,-39.38715
1036484531.2500001,-39.37862
1036484687.5000001,-39.37934
1036484843.7500001,-39.36203
1036485000.0000001,-39.37677
1036485156.2500001,-39.39138
1036485312.5000001,-39.39366
1036485468.7500001,-39.37954
1036485625.0000001,-39.39558
1036485781.2500001,-39.37883
1036485937.5000001,-39.39614
1036486093.7500001,-39.39558
1036486250.0000001,-39.39489
1036486406.2500001,-39.38975
1036486562.5000001,-39.40606
1036486718.7500001,-39.40674
1036486875.0000001,-39.41518
1036487031.2500001,-39.41559
1036487187.5000001,-39.43286
1036487343.7500001,-39.43
1036487500.0000001,-39.40896
1036487656.2500001,-39.4319
1036487812.5000001,-39.42184
1036487968.7500001,-39.42228
1036488125.0000001,-39.42075
1036488281.2500001,-39.4592
1036488437.5000001,-39.43954
1036488593.7500001,-39.43031
1036488750.0000001,-39.44323
1036488906.2500001,-39.46046
1036489062.5000001,-39.42761
1036489218.7500001,-39.4444
1036489375.0000001,-39.45616
1036489531.2500001,-39.4611
1036489687.5000001,-39.4656
1036489843.7500001,-39.45123
1036490000.0000001,-39.46607
1036490156.2500001,-39.46447
1036490312.5000001,-39.46379
1036490468.7500001,-39.48168
1036490625.0000001,-39.47935
1036490781.2500001,-39.47905
1036490937.5000001,-39.46891
1036491093.7500001,-39.4833
1036491250.0000001,-39.48529
1036491406.2500001,-39.47311
1036491562.5000001,-39.48087
1036491718.7500001,-39.51417
1036491875.0000001,-39.48019
1036492031.2500001,-39.48718
1036492187.5000001,-39.50902
1036492343.7500001,-39.50127
1036492500.0000001,-39.4994
1036492656.2500001,-39.50992
1036492812.5000001,-39.51307
1036492968.7500001,-39.51626
1036493125.0000001,-39.51458
1036493281.2500001,-39.51023
1036493437.5000001,-39.51945
1036493593.7500001,-39.52763
1036493750.0000001,-39.51757
1036493906.2500001,-39.51957
1036494062.5000001,-39.52225
1036494218.7500001,-39.54951
1036494375.0000001,-39.53102
1036494531.2500001,-39.54382
1036494687.5000001,-39.55907
1036494843.7500001,-39.5372
1036495000.0000001,-39.56076
1036495156.2500001,-39.54473
1036495312.5000001,-39.55162
1036495468.7500001,-39.55556
1036495625.0000001,-39.55954
1036495781.2500001,-39.56847
1036495937.5000001,-39.56339
1036496093.7500001,-39.56263
1036496250.0000001,-39.55729
1036496406.2500001,-39.57141
1036496562.5000001,-39.58286
1036496718.7500001,-39.58608
1036496875.0000001,-39.57826
1036497031.2500001,-39.56617
1036497187.5000001,-39.59563
1036497343.7500001,-39.59124
1036497500.0000001,-39.57548
1036497656.2500001,-39.60381
1036497812.5000001,-39.59177
1036497968.7500001,-39.59978
1036498125.0000001,-39.57898
1036498281.2500001,-39.58948
1036498437.5000001,-39.61202
1036498593.7500001,-39.6074
1036498750.0000001,-39.60254
1036498906.2500001,-39.60043
1036499062.5000001,-39.6117
1036499218.7500001,-39.62251
1036499375.0000001,-39.62718
1036499531.2500001,-39.63264
1036499687.5000001,-39.61872
1036499843.7500001,-39.64466
1036500000.0000001,-39.62487
1036500156.2500001,-39.63555
1036500312.5000001,-39.63241
1036500468.7500001,-39.64421
1036500625.0000001,-39.64527
1036500781.2500001,-39.65309
1036500937.5000001,-39.63255
1036501093.7500001,-39.65769
1036501250.0000001,-39.64192
1036501406.2500001,-39.65042
1036501562.5000001,-39.65974
1036501718.7500001,-39.65853
1036501875.0000001,-39.65681
1036502031.2500001,-39.67524
1036502187.5000001,-39.67596
1036502343.7500001,-39.67504
1036502500.0000001,-39.68542
1036502656.2500001,-39.66846
1036502812.5000001,-39.67346
1036502968.7500001,-39.68027
1036503125.0000001,-39.68692
1036503281.2500001,-39.67723
1036503437.5000001,-39.68053
1036503593.7500001,-39.68424
1036503750.0000001,-39.71276
1036503906.2500001,-39.70776
1036504062.5000001,-39.69645
1036504218.7500001,-39.70301
1036504375.0000001,-39.70893
1036504531.2500001,-39.71941
1036504687.5000001,-39.71501
1036504843.7500001,-39.71103
1036505000.0000001,-39.70892
1036505156.2500001,-39.71808
1036505312.5000001,-39.71732
1036505468.7500001,-39.7187
1036505625.0000001,-39.71173
1036505781.2500001,-39.74015
1036505937.5000001,-39.72975
1036506093.7500001,-39.72955
1036506250.0000001,-39.74261
1036506406.2500001,-39.72918
1036506562.5000001,-39.74128
1036506718.7500001,-39.737
1036506875.0000001,-39.76178
1036507031.2500001,-39.75179
1036507187.5000001,-39.75643
1036507343.7500001,-39.75542
1036507500.0000001,-39.76749
1036507656.2500001,-39.75359
1036507812.5000001,-39.77439
1036507968.7500001,-39.76946
1036508125.0000001,-39.77494
1036508281.2500001,-39.76891
1036508437.5000001,-39.77183
1036508593.7500001,-39.77734
1036508750.0000001,-39.78536
1036508906.2500001,-39.78334
1036509062.5000001,-39.77874
1036509218.7500001,-39.79177
1036509375.0000001,-39.78745
1036509531.2500001,-39.79457
1036509687.5000001,-39.80524
1036509843.7500001,-39.80483
1036510000.0000001,-39.79539
1036510156.2500001,-39.81292
1036510312.5000001,-39.803
1036510468.7500001,-39.81633
1036510625.0000001,-39.81456
1036510781.2500001,-39.79552
1036510937.5000001,-39.82501
1036511093.7500001,-39.81271
1036511250.0000001,-39.81425
1036511406.2500001,-39.83586
1036511562.5000001,-39.82491
1036511718.7500001,-39.82824
1036511875.0000001,-39.82382
1036512031.2500001,-39.8456
1036512187.5000001,-39.81993
1036512343.7500001,-39.83909
1036512500.0000001,-39.83377
1036512656.2500001,-39.85103
1036512812.5000001,-39.83932
1036512968.7500001,-39.82957
1036513125.0000001,-39.85979
1036513281.2500001,-39.86544
1036513437.5000001,-39.86689
1036513593.7500001,-39.85369
1036513750.0000001,-39.87539
1036513906.2500001,-39.84983
1036514062.5000001,-39.8788
1036514218.7500001,-39.86394
1036514375.0000001,-39.87519
1036514531.2500001,-39.88548
1036514687.5000001,-39.88857
1036514843.7500001,-39.89161
1036515000.0000001,-39.88342
1036515156.2500001,-39.89022
1036515312.5000001,-39.89004
1036515468.7500001,-39.90867
1036515625.0000001,-39.89733
1036515781.2500001,-39.90561
1036515937.5000001,-39.89325
1036516093.7500001,-39.92904
1036516250.0000001,-39.9023
1036516406.2500001,-39.91885
1036516562.5000001,-39.91441
1036516718.7500001,-39.9071
1036516875.0000001,-39.90688
1036517031.2500001,-39.9041
1036517187.5000001,-39.91184
1036517343.7500001,-39.9199
1036517500.0000001,-39.92486
1036517656.2500001,-39.91871
1036517812.5000001,-39.92363
1036517968.7500001,-39.94865
1036518125.0000001,-39.93793
1036518281.2500001,-39.93621
1036518437.5000001,-39.93752
1036518593.7500001,-39.93845
1036518750.0000001,-39.94172
1036518906.2500001,-39.93384
1036519062.5000001,-39.94102
1036519218.7500001,-39.95457
1036519375.0000001,-39.95285
1036519531.2500001,-39.96222
1036519687.5000001,-39.96265
1036519843.7500001,-39.96224
1036520000.0000001,-39.97643
1036520156.2500001,-39.97564
1036520312.5000001,-39.97884
1036520468.7500001,-39.99392
1036520625.0000001,-39.98015
1036520781.2500001,-39.98369
1036520937.5000001,-39.9855
1036521093.7500001,-39.97512
1036521250.0000001,-39.99773
1036521406.2500001,-39.96931
1036521562.5000001,-39.98331
1036521718.7500001,-40.01321
1036521875.0000001,-40.00082
1036522031.2500001,-40.0043
1036522187.5000001,-39.99677
1036522343.7500001,-40.00928
1036522500.0000001,-40.01121
1036522656.2500001,-39.99659
1036522812.5000001,-40.01849
1036522968.7500001,-40.01146
1036523125.0000001,-40.02111
1036523281.2500001,-39.9917
1036523437.5000001,-39.99574
1036523593.7500001,-40.02776
1036523750.0000001,-40.0302
1036523906.2500001,-40.02666
1036524062.5000001,-40.03215
1036524218.7500001,-40.0351
1036524375.0000001,-40.03314
1036524531.2500001,-40.05294
1036524687.5000001,-40.03359
1036524843.7500001,-40.04389
1036525000.0000001,-40.04317
1036525156.2500001,-40.02791
1036525312.5000001,-40.05547
1036525468.7500001,-40.05748
1036525625.0000001,-40.06741
1036525781.2500001,-40.068
1036525937.5000001,-40.06096
1036526093.7500001,-40.06382
1036526250.0000001,-40.06488
1036526406.2500001,-40.07285
1036526562.5000001,-40.06255
1036526718.7500001,-40.06765
1036526875.0000001,-40.07693
1036527031.2500001,-40.08383
1036527187.5000001,-40.08513
1036527343.7500001,-40.09315
1036527500.0000001,-40.07204
1036527656.2500001,-40.07928
1036527812.5000001,-40.06677
1036527968.7500001,-40.08088
1036528125.0000001,-40.10686
1036528281.2500001,-40.09271
1036528437.5000001,-40.09791
1036528593.7500001,-40.09308
1036528750.0000001,-40.10469
1036528906.2500001,-40.12049
1036529062.5000001,-40.10839
1036529218.7500001,-40.11073
1036529375.0000001,-40.13268
1036529531.2500001,-40.11466
1036529687.5000001,-40.1221
1036529843.7500001,-40.13327
1036530000.0000001,-40.14863
1036530156.2500001,-40.12511
1036530312.5000001,-40.13485
1036530468.7500001,-40.12347
1036530625.0000001,-40.12432
1036530781.2500001,-40.14383
1036530937.5000001,-40.14725
1036531093.7500001,-40.14175
1036531250.0000001,-40.15407
1036531406.2500001,-40.14728
1036531562.5000001,-40.15546
1036531718.7500001,-40.15023
1036531875.0000001,-40.14898
1036532031.2500001,-40.15254
1036532187.5000001,-40.17847
1036532343.7500001,-40.1566
1036532500.0000001,-40.17421
1036532656.2500001,-40.16867
1036532812.5000001,-40.1796
1036532968.7500001,-40.16125
1036533125.0000001,-40.16914
1036533281.2500001,-40.16574
1036533437.5000001,-40.19533
1036533593.7500001,-40.194
1036533750.0000001,-40.17583
1036533906.2500001,-40.195
1036534062.5000001,-40.19112
1036534218.7500001,-40.19983
1036534375.0000001,-40.19965
1036534531.2500001,-40.19325
1036534687.5000001,-40.20708
1036534843.7500001,-40.20607
1036535000.0000001,-40.22268
1036535156.2500001,-40.19952
1036535312.5000001,-40.21088
1036535468.7500001,-40.20924
1036535625.0000001,-40.22694
1036535781.2500001,-40.22079
1036535937.5000001,-40.22046
1036536093.7500001,-40.21179
1036536250.0000001,-40.24434
1036536406.2500001,-40.23971
1036536562.5000001,-40.22142
1036536718.7500001,-40.24989
1036536875.0000001,-40.22994
1036537031.2500001,-40.24804
1036537187.5000001,-40.23191
1036537343.7500001,-40.25239
1036537500.0000001,-40.25697
1036537656.2500001,-40.24614
1036537812.5000001,-40.24286
1036537968.7500001,-40.26271
1036538125.0000001,-40.24931
1036538281.2500001,-40.26015
1036538437.5000001,-40.26043
1036538593.7500001,-40.27231
1036538750.0000001,-40.28567
1036538906.2500001,-40.2704
1036539062.5000001,-40.26246
1036539218.7500001,-40.28697
1036539375.0000001,-40.27443
1036539531.2500001,-40.2834
1036539687.5000001,-40.28312
1036539843.7500001,-40.28217
1036540000.0000001,-40.2728
1036540156.2500001,-40.29789
1036540312.5000001,-40.27603
1036540468.7500001,-40.28806
1036540625.0000001,-40.29031
1036540781.2500001,-40.27274
1036540937.5000001,-40.30997
1036541093.7500001,-40.29794
1036541250.0000001,-40.30151
1036541406.2500001,-40.29963
1036541562.5000001,-40.3271
1036541718.7500001,-40.32565
1036541875.0000001,-40.32348
1036542031.2500001,-40.31397
1036542187.5000001,-40.31451
1036542343.7500001,-40.29529
1036542500.0000001,-40.32304
1036542656.2500001,-40.31608
1036542812.5000001,-40.33714
1036542968.7500001,-40.32878
1036543125.0000001,-40.32505
1036543281.2500001,-40.31691
1036543437.5000001,-40.34847
1036543593.7500001,-40.33669
1036543750.0000001,-40.33924
1036543906.2500001,-40.33902
1036544062.5000001,-40.33721
1036544218.7500001,-40.34018
1036544375.0000001,-40.35528
1036544531.2500001,-40.34462
1036544687.5000001,-40.36185
1036544843.7500001,-40.35715
1036545000.0000001,-40.36221
1036545156.2500001,-40.35177
1036545312.5000001,-40.37272
1036545468.7500001,-40.35348
1036545625.0000001,-40.37172
1036545781.2500001,-40.38105
1036545937.5000001,-40.36726
1036546093.7500001,-40.37358
1036546250.0000001,-40.37513
1036546406.2500001,-40.36906
1036546562.5000001,-40.40112
1036546718.7500001,-40.38531
1036546875.0000001,-40.40413
1036547031.2500001,-40.39469
1036547187.5000001,-40.39866
1036547343.7500001,-40.39662
1036547500.0000001,-40.38818
1036547656.2500001,-40.39083
1036547812.5000001,-40.40304
1036547968.7500001,-40.43114
1036548125.0000001,-40.40524
1036548281.2500001,-40.41098
1036548437.5000001,-40.42616
1036548593.7500001,-40.41185
1036548750.0000001,-40.42749
1036548906.2500001,-40.40125
1036549062.5000001,-40.42777
1036549218.7500001,-40.43036
1036549375.0000001,-40.42927
1036549531.2500001,-40.44514
1036549687.5000001,-40.43691
1036549843.7500001,-40.42712
1036550000.0000001,-40.42719
1036550156.2500001,-40.45364
1036550312.5000001,-40.44363
1036550468.7500001,-40.43391
1036550625.0000001,-40.44822
1036550781.2500001,-40.44667
1036550937.5000001,-40.46474
1036551093.7500001,-40.44934
1036551250.0000001,-40.45295
1036551406.2500001,-40.46066
1036551562.5000001,-40.4395
1036551718.7500001,-40.45294
1036551875.0000001,-40.46245
1036552031.2500001,-40.4573
1036552187.5000001,-40.48855
1036552343.7500001,-40.45656
1036552500.0000001,-40.46395
1036552656.2500001,-40.48084
1036552812.5000001,-40.48428
1036552968.7500001,-40.4884
1036553125.0000001,-40.50208
1036553281.2500001,-40.48985
1036553437.5000001,-40.49644
1036553593.7500001,-40.48542
1036553750.0000001,-40.52701
1036553906.2500001,-40.48994
1036554062.5000001,-40.48852
1036554218.7500001,-40.52758
1036554375.0000001,-40.51703
1036554531.2500001,-40.49605
1036554687.5000001,-40.51387
1036554843.7500001,-40.5109
1036555000.0000001,-40.51865
1036555156.2500001,-40.52372
1036555312.5000001,-40.50291
1036555468.7500001,-40.52156
1036555625.0000001,-40.51751
1036555781.2500001,-40.53358
1036555937.5000001,-40.52786
1036556093.7500001,-40.53522
1036556250.0000001,-40.52443
1036556406.2500001,-40.54342
1036556562.5000001,-40.55834
1036556718.7500001,-40.54214
1036556875.0000001,-40.54034
1036557031.2500001,-40.56403
1036557187.5000001,-40.5456
1036557343.7500001,-40.54335
1036557500.0000001,-40.55109
1036557656.2500001,-40.52981
1036557812.5000001,-40.56157
1036557968.7500001,-40.54608
1036558125.0000001,-40.56133
1036558281.2500001,-40.56562
1036558437.5000001,-40.56937
1036558593.7500001,-40.56233
1036558750.0000001,-40.57859
1036558906.2500001,-40.58739
1036559062.5000001,-40.58286
1036559218.7500001,-40.57012
1036559375.0000001,-40.57058
1036559531.2500001,-40.58524
1036559687.5000001,-40.58081
1036559843.7500001,-40.57015
1036560000.0000001,-40.58491
1036560156.2500001,-40.58911
1036560312.5000001,-40.60218
1036560468.7500001,-40.60769
1036560625.0000001,-40.59096
1036560781.2500001,-40.5857
1036560937.5000001,-40.59375
1036561093.7500001,-40.62046
1036561250.0000001,-40.60396
1036561406.2500001,-40.61328
1036561562.5000001,-40.61071
1036561718.7500001,-40.63311
1036561875.0000001,-40.62568
1036562031.2500001,-40.62902
1036562187.5000001,-40.61047
1036562343.7500001,-40.63002
1036562500.0000001,-40.61603
1036562656.2500001,-40.65228
1036562812.5000001,-40.63718
1036562968.7500001,-40.62743
1036563125.0000001,-40.63243
1036563281.2500001,-40.6387
1036563437.5000001,-40.62867
1036563593.7500001,-40.6379
1036563750.0000001,-40.65774
1036563906.2500001,-40.66388
1036564062.5000001,-40.63741
1036564218.7500001,-40.65325
1036564375.0000001,-40.66613
1036564531.2500001,-40.63619
1036564687.5000001,-40.63966
1036564843.7500001,-40.67265
1036565000.0000001,-40.66648
1036565156.2500001,-40.68004
1036565312.5000001,-40.65906
1036565468.7500001,-40.67719
1036565625.0000001,-40.67544
1036565781.2500001,-40.67289
1036565937.5000001,-40.67834
1036566093.7500001,-40.67721
1036566250.0000001,-40.68254
1036566406.2500001,-40.68773
1036566562.5000001,-40.694
1036566718.7500001,-40.68762
1036566875.0000001,-40.69263
1036567031.2500001,-40.65413
1036567187.5000001,-40.70501
1036567343.7500001,-40.6932
1036567500.0000001,-40.68967
1036567656.2500001,-40.70687
1036567812.5000001,-40.70656
1036567968.7500001,-40.71831
1036568125.0000001,-40.70906
1036568281.2500001,-40.71634
1036568437.5000001,-40.7322
1036568593.7500001,-40.73941
1036568750.0000001,-40.72422
1036568906.2500001,-40.72358
1036569062.5000001,-40.72742
1036569218.7500001,-40.7237
1036569375.0000001,-40.72623
1036569531.2500001,-40.74068
1036569687.5000001,-40.72556
1036569843.7500001,-40.74963
1036570000.0000001,-40.76203
1036570156.2500001,-40.74372
1036570312.5000001,-40.73919
1036570468.7500001,-40.74137
1036570625.0000001,-40.75304
1036570781.2500001,-40.72876
1036570937.5000001,-40.76682
1036571093.7500001,-40.75143
1036571250.0000001,-40.76538
1036571406.2500001,-40.74603
1036571562.5000001,-40.76461
1036571718.7500001,-40.78895
1036571875.0000001,-40.76903
1036572031.2500001,-40.77674
1036572187.5000001,-40.7701
1036572343.7500001,-40.76969
1036572500.0000001,-40.75747
1036572656.2500001,-40.80566
1036572812.5000001,-40.78833
1036572968.7500001,-40.77016
1036573125.0000001,-40.79892
1036573281.2500001,-40.80532
1036573437.5000001,-40.781
1036573593.7500001,-40.79422
1036573750.0000001,-40.77765
1036573906.2500001,-40.80584
1036574062.5000001,-40.79791
1036574218.7500001,-40.8015
1036574375.0000001,-40.79572
1036574531.2500001,-40.78172
1036574687.5000001,-40.80532
1036574843.7500001,-40.81234
1036575000.0000001,-40.81197
1036575156.2500001,-40.81991
1036575312.5000001,-40.8213
1036575468.7500001,-40.82481
1036575625.0000001,-40.81916
1036575781.2500001,-40.82072
1036575937.5000001,-40.83426
1036576093.7500001,-40.84557
1036576250.0000001,-40.83587
1036576406.2500001,-40.83973
1036576562.5000001,-40.83786
1036576718.7500001,-40.84715
1036576875.0000001,-40.85194
1036577031.2500001,-40.84794
1036577187.5000001,-40.8324
1036577343.7500001,-40.85607
1036577500.0000001,-40.85815
1036577656.2500001,-40.86288
1036577812.5000001,-40.86176
1036577968.7500001,-40.86114
1036578125.0000001,-40.85009
1036578281.2500001,-40.85301
1036578437.5000001,-40.86683
1036578593.7500001,-40.87557
1036578750.0000001,-40.87125
1036578906.2500001,-40.89342
1036579062.5000001,-40.88978
1036579218.7500001,-40.89263
1036579375.0000001,-40.88263
1036579531.2500001,-40.88758
1036579687.5000001,-40.89106
1036579843.7500001,-40.89467
1036580000.0000001,-40.86302
1036580156.2500001,-40.87773
1036580312.5000001,-40.90699
1036580468.7500001,-40.894
1036580625.0000001,-40.89751
1036580781.2500001,-40.87473
1036580937.5000001,-40.90065
1036581093.7500001,-40.91003
1036581250.0000001,-40.90387
1036581406.2500001,-40.91272
1036581562.5000001,-40.90729
1036581718.7500001,-40.91352
1036581875.0000001,-40.92392
1036582031.2500001,-40.93182
1036582187.5000001,-40.89012
1036582343.7500001,-40.94856
1036582500.0000001,-40.91651
1036582656.2500001,-40.93049
1036582812.5000001,-40.92938
1036582968.7500001,-40.95845
1036583125.0000001,-40.94064
1036583281.2500001,-40.94636
1036583437.5000001,-40.96301
1036583593.7500001,-40.96148
1036583750.0000001,-40.95234
1036583906.2500001,-40.96061
1036584062.5000001,-40.94828
1036584218.7500001,-40.95637
1036584375.0000001,-40.96364
1036584531.2500001,-40.96427
1036584687.5000001,-40.96218
1036584843.7500001,-40.93989
1036585000.0000001,-40.96898
1036585156.2500001,-40.96197
1036585312.5000001,-40.95342
1036585468.7500001,-40.96372
1036585625.0000001,-40.9673
1036585781.2500001,-40.97623
1036585937.5000001,-40.98135
1036586093.7500001,-40.98347
1036586250.0000001,-40.94565
1036586406.2500001,-40.9897
1036586562.5000001,-40.98466
1036586718.7500001,-40.99673
1036586875.0000001,-40.99693
1036587031.2500001,-40.96799
1036587187.5000001,-40.98223
1036587343.7500001,-41.00058
1036587500.0000001,-41.01657
1036587656.2500001,-41.00928
1036587812.5000001,-40.99231
1036587968.7500001,-41.01631
1036588125.0000001,-41.00308
1036588281.2500001,-40.99718
1036588437.5000001,-41.0216
1036588593.7500001,-41.0132
1036588750.0000001,-41.01928
1036588906.2500001,-41.01397
1036589062.5000001,-41.0099
1036589218.7500001,-41.02015
1036589375.0000001,-41.00268
1036589531.2500001,-41.01067
1036589687.5000001,-41.02566
1036589843.7500001,-41.00322
1036590000.0000001,-41.05128
1036590156.2500001,-41.02125
1036590312.5000001,-41.04514
1036590468.7500001,-41.0252
1036590625.0000001,-41.02487
1036590781.2500001,-41.03881
1036590937.5000001,-41.02335
1036591093.7500001,-41.05631
1036591250.0000001,-41.07153
1036591406.2500001,-41.04622
1036591562.5000001,-41.04945
1036591718.7500001,-41.07187
1036591875.0000001,-41.05806
1036592031.2500001,-41.06368
1036592187.5000001,-41.0746
1036592343.7500001,-41.05682
1036592500.0000001,-41.08297
1036592656.2500001,-41.07127
1036592812.5000001,-41.08689
1036592968.7500001,-41.06816
1036593125.0000001,-41.09265
1036593281.2500001,-41.07253
1036593437.5000001,-41.06096
1036593593.7500001,-41.09143
1036593750.0000001,-41.0796
1036593906.2500001,-41.09219
1036594062.5000001,-41.10329
1036594218.7500001,-41.09256
1036594375.0000001,-41.10544
1036594531.2500001,-41.1097
1036594687.5000001,-41.10055
1036594843.7500001,-41.07011
1036595000.0000001,-41.10362
1036595156.2500001,-41.1019
1036595312.5000001,-41.1273
1036595468.7500001,-41.12012
1036595625.0000001,-41.11681
1036595781.2500001,-41.13714
1036595937.5000001,-41.12314
1036596093.7500001,-41.14381
1036596250.0000001,-41.12996
1036596406.2500001,-41.11003
1036596562.5000001,-41.11945
1036596718.7500001,-41.12574
1036596875.0000001,-41.13178
1036597031.2500001,-41.13043
1036597187.5000001,-41.13907
1036597343.7500001,-41.13441
1036597500.0000001,-41.11457
1036597656.2500001,-41.15061
1036597812.5000001,-41.12264
1036597968.7500001,-41.14315
1036598125.0000001,-41.1677
1036598281.2500001,-41.16618
1036598437.5000001,-41.15609
1036598593.7500001,-41.18093
1036598750.0000001,-41.16888
1036598906.2500001,-41.1484
1036599062.5000001,-41.17916
1036599218.7500001,-41.1661
1036599375.0000001,-41.15422
1036599531.2500001,-41.18274
1036599687.5000001,-41.16553
1036599843.7500001,-41.17213
1036600000.0000001,-41.16452
1036600156.2500001,-41.18477
1036600312.5000001,-41.17858
1036600468.7500001,-41.18669
1036600625.0000001,-41.19949
1036600781.2500001,-41.17569
1036600937.5000001,-41.18425
1036601093.7500001,-41.17488
1036601250.0000001,-41.21169
1036601406.2500001,-41.18668
1036601562.5000001,-41.20704
1036601718.7500001,-41.21011
1036601875.0000001,-41.20103
1036602031.2500001,-41.20936
1036602187.5000001,-41.21436
1036602343.7500001,-41.20196
1036602500.0000001,-41.22708
1036602656.2500001,-41.21165
1036602812.5000001,-41.22453
1036602968.7500001,-41.228
1036603125.0000001,-41.21666
1036603281.2500001,-41.22076
1036603437.5000001,-41.22291
1036603593.7500001,-41.21655
1036603750.0000001,-41.20535
1036603906.2500001,-41.23397
1036604062.5000001,-41.22589
1036604218.7500001,-41.24128
1036604375.0000001,-41.23743
1036604531.2500001,-41.2291
1036604687.5000001,-41.2553
1036604843.7500001,-41.23993
1036605000.0000001,-41.23342
1036605156.2500001,-41.23974
1036605312.5000001,-41.24572
1036605468.7500001,-41.24894
1036605625.0000001,-41.24234
1036605781.2500001,-41.25072
1036605937.5000001,-41.25169
1036606093.7500001,-41.26212
1036606250.0000001,-41.25042
1036606406.2500001,-41.27703
1036606562.5000001,-41.26856
1036606718.7500001,-41.27066
1036606875.0000001,-41.27459
1036607031.2500001,-41.28131
1036607187.5000001,-41.28185
1036607343.7500001,-41.286
1036607500.0000001,-41.27878
1036607656.2500001,-41.28254
1036607812.5000001,-41.27991
1036607968.7500001,-41.28562
1036608125.0000001,-41.28768
1036608281.2500001,-41.29922
1036608437.5000001,-41.29339
1036608593.7500001,-41.30758
1036608750.0000001,-41.30642
1036608906.2500001,-41.30477
1036609062.5000001,-41.29115
1036609218.7500001,-41.31291
1036609375.0000001,-41.31382
1036609531.2500001,-41.3029
1036609687.5000001,-41.3196
1036609843.7500001,-41.31028
1036610000.0000001,-41.30942
1036610156.2500001,-41.31831
1036610312.5000001,-41.32121
1036610468.7500001,-41.33288
1036610625.0000001,-41.34045
1036610781.2500001,-41.30405
1036610937.5000001,-41.32754
1036611093.7500001,-41.35759
1036611250.0000001,-41.32525
1036611406.2500001,-41.32898
1036611562.5000001,-41.33741
1036611718.7500001,-41.34225
1036611875.0000001,-41.36154
1036612031.2500001,-41.34411
1036612187.5000001,-41.34151
1036612343.7500001,-41.35868
1036612500.0000001,-41.36398
1036612656.2500001,-41.3615
1036612812.5000001,-41.35723
1036612968.7500001,-41.36411
1036613125.0000001,-41.35125
1036613281.2500001,-41.36401
1036613437.5000001,-41.37638
1036613593.7500001,-41.35819
1036613750.0000001,-41.36917
1036613906.2500001,-41.36366
1036614062.5000001,-41.37926
1036614218.7500001,-41.37846
1036614375.0000001,-41.37495
1036614531.2500001,-41.39107
1036614687.5000001,-41.37943
1036614843.7500001,-41.38101
1036615000.0000001,-41.38488
1036615156.2500001,-41.3891
1036615312.5000001,-41.38535
1036615468.7500001,-41.3876
1036615625.0000001,-41.38561
1036615781.2500001,-41.40898
1036615937.5000001,-41.40435
1036616093.7500001,-41.41103
1036616250.0000001,-41.42119
1036616406.2500001,-41.40961
1036616562.5000001,-41.43827
1036616718.7500001,-41.40861
1036616875.0000001,-41.41664
1036617031.2500001,-41.43176
1036617187.5000001,-41.43441
1036617343.7500001,-41.41646
1036617500.0000001,-41.41233
1036617656.2500001,-41.41544
1036617812.5000001,-41.41675
1036617968.7500001,-41.42624
1036618125.0000001,-41.4335
1036618281.2500001,-41.41837
1036618437.5000001,-41.41676
1036618593.7500001,-41.44077
1036618750.0000001,-41.42699
1036618906.2500001,-41.44992
1036619062.5000001,-41.43074
1036619218.7500001,-41.45518
1036619375.0000001,-41.43602
1036619531.2500001,-41.44881
1036619687.5000001,-41.44019
1036619843.7500001,-41.45625
1036620000.0000001,-41.43153
1036620156.2500001,-41.4579
1036620312.5000001,-41.4439
1036620468.7500001,-41.47612
1036620625.0000001,-41.44054
1036620781.2500001,-41.472
1036620937.5000001,-41.45772
1036621093.7500001,-41.471
1036621250.0000001,-41.47526
1036621406.2500001,-41.46921
1036621562.5000001,-41.45902
1036621718.7500001,-41.4702
1036621875.0000001,-41.47811
1036622031.2500001,-41.48598
1036622187.5000001,-41.47285
1036622343.7500001,-41.48458
1036622500.0000001,-41.49386
1036622656.2500001,-41.47342
1036622812.5000001,-41.49921
1036622968.7500001,-41.49152
1036623125.0000001,-41.50813
1036623281.2500001,-41.52045
1036623437.5000001,-41.50637
1036623593.7500001,-41.51339
1036623750.0000001,-41.51015
1036623906.2500001,-41.52096
1036624062.5000001,-41.50071
1036624218.7500001,-41.52063
1036624375.0000001,-41.51209
1036624531.2500001,-41.52589
1036624687.5000001,-41.5427
1036624843.7500001,-41.51374
1036625000.0000001,-41.53144
1036625156.2500001,-41.54095
1036625312.5000001,-41.52915
1036625468.7500001,-41.53127
1036625625.0000001,-41.52967
1036625781.2500001,-41.52593
1036625937.5000001,-41.51863
1036626093.7500001,-41.54528
1036626250.0000001,-41.55673
1036626406.2500001,-41.54301
1036626562.5000001,-41.5356
1036626718.7500001,-41.52577
1036626875.0000001,-41.53345
1036627031.2500001,-41.55622
1036627187.5000001,-41.56232
1036627343.7500001,-41.54444
1036627500.0000001,-41.58905
1036627656.2500001,-41.54202
1036627812.5000001,-41.55259
1036627968.7500001,-41.58723
1036628125.0000001,-41.55555
1036628281.2500001,-41.57732
1036628437.5000001,-41.59113
1036628593.7500001,-41.56907
1036628750.0000001,-41.5698
1036628906.2500001,-41.57155
1036629062.5000001,-41.56959
1036629218.7500001,-41.57996
1036629375.0000001,-41.5791
1036629531.2500001,-41.5794
1036629687.5000001,-41.57631
1036629843.7500001,-41.58485
1036630000.0000001,-41.58674
1036630156.2500001,-41.57978
1036630312.5000001,-41.59769
1036630468.7500001,-41.59406
1036630625.0000001,-41.60389
1036630781.2500001,-41.58885
1036630937.5000001,-41.59357
1036631093.7500001,-41.60152
1036631250.0000001,-41.62832
1036631406.2500001,-41.61178
1036631562.5000001,-41.58831
1036631718.7500001,-41.60879
1036631875.0000001,-41.62115
1036632031.2500001,-41.60958
1036632187.5000001,-41.63696
1036632343.7500001,-41.6282
1036632500.0000001,-41.61764
1036632656.2500001,-41.63079
1036632812.5000001,-41.62648
1036632968.7500001,-41.63837
1036633125.0000001,-41.66869
1036633281.2500001,-41.65329
1036633437.5000001,-41.63068
1036633593.7500001,-41.64905
1036633750.0000001,-41.62263
1036633906.2500001,-41.6281
1036634062.5000001,-41.62977
1036634218.7500001,-41.65615
1036634375.0000001,-41.64698
1036634531.2500001,-41.63177
1036634687.5000001,-41.6824
1036634843.7500001,-41.66282
1036635000.0000001,-41.67448
1036635156.2500001,-41.66016
1036635312.5000001,-41.67636
1036635468.7500001,-41.65033
1036635625.0000001,-41.65231
1036635781.2500001,-41.65459
1036635937.5000001,-41.68508
1036636093.7500001,-41.69091
1036636250.0000001,-41.66405
1036636406.2500001,-41.67567
1036636562.5000001,-41.67766
1036636718.7500001,-41.69043
1036636875.0000001,-41.69603
1036637031.2500001,-41.67039
1036637187.5000001,-41.6789
1036637343.7500001,-41.68042
1036637500.0000001,-41.70461
1036637656.2500001,-41.70173
1036637812.5000001,-41.68965
1036637968.7500001,-41.70388
1036638125.0000001,-41.69862
1036638281.2500001,-41.68557
1036638437.5000001,-41.70694
1036638593.7500001,-41.71991
1036638750.0000001,-41.72626
1036638906.2500001,-41.72127
1036639062.5000001,-41.73613
1036639218.7500001,-41.72247
1036639375.0000001,-41.71416
1036639531.2500001,-41.70933
1036639687.5000001,-41.73132
1036639843.7500001,-41.71591
1036640000.0000001,-41.72416
1036640156.2500001,-41.70957
1036640312.5000001,-41.7266
1036640468.7500001,-41.74525
1036640625.0000001,-41.72699
1036640781.2500001,-41.74061
1036640937.5000001,-41.72798
1036641093.7500001,-41.72886
1036641250.0000001,-41.72901
1036641406.2500001,-41.74147
1036641562.5000001,-41.75537
1036641718.7500001,-41.74284
1036641875.0000001,-41.7709
1036642031.2500001,-41.74305
1036642187.5000001,-41.74239
1036642343.7500001,-41.74858
1036642500.0000001,-41.75271
1036642656.2500001,-41.74972
1036642812.5000001,-41.77803
1036642968.7500001,-41.78693
1036643125.0000001,-41.74431
1036643281.2500001,-41.77597
1036643437.5000001,-41.78177
1036643593.7500001,-41.76333
1036643750.0000001,-41.77152
1036643906.2500001,-41.75664
1036644062.5000001,-41.76152
1036644218.7500001,-41.77522
1036644375.0000001,-41.75493
1036644531.2500001,-41.77209
1036644687.5000001,-41.78835
1036644843.7500001,-41.7836
1036645000.0000001,-41.79583
1036645156.2500001,-41.80519
1036645312.5000001,-41.8031
1036645468.7500001,-41.79221
1036645625.0000001,-41.80782
1036645781.2500001,-41.81775
1036645937.5000001,-41.79051
1036646093.7500001,-41.79585
1036646250.0000001,-41.82021
1036646406.2500001,-41.8098
1036646562.5000001,-41.79946
1036646718.7500001,-41.80278
1036646875.0000001,-41.81102
1036647031.2500001,-41.83198
1036647187.5000001,-41.82323
1036647343.7500001,-41.8278
1036647500.0000001,-41.81614
1036647656.2500001,-41.80624
1036647812.5000001,-41.82214
1036647968.7500001,-41.82894
1036648125.0000001,-41.85498
1036648281.2500001,-41.82318
1036648437.5000001,-41.85458
1036648593.7500001,-41.83531
1036648750.0000001,-41.82945
1036648906.2500001,-41.83087
1036649062.5000001,-41.84777
1036649218.7500001,-41.85044
1036649375.0000001,-41.82641
1036649531.2500001,-41.84846
1036649687.5000001,-41.86207
1036649843.7500001,-41.85866
1036650000.0000001,-41.85866
1036650156.2500001,-41.83433
1036650312.5000001,-41.88215
1036650468.7500001,-41.85596
1036650625.0000001,-41.85183
1036650781.2500001,-41.86025
1036650937.5000001,-41.88795
1036651093.7500001,-41.85448
1036651250.0000001,-41.8653
1036651406.2500001,-41.8758
1036651562.5000001,-41.88762
1036651718.7500001,-41.85919
1036651875.0000001,-41.88368
1036652031.2500001,-41.87186
1036652187.5000001,-41.8777
1036652343.7500001,-41.9115
1036652500.0000001,-41.90488
1036652656.2500001,-41.90199
1036652812.5000001,-41.89328
1036652968.7500001,-41.90768
1036653125.0000001,-41.90577
1036653281.2500001,-41.88276
1036653437.5000001,-41.88931
1036653593.7500001,-41.92563
1036653750.0000001,-41.9052
1036653906.2500001,-41.9233
1036654062.5000001,-41.91423
1036654218.7500001,-41.90076
1036654375.0000001,-41.90099
1036654531.2500001,-41.93004
1036654687.5000001,-41.91412
1036654843.7500001,-41.91873
1036655000.0000001,-41.91838
1036655156.2500001,-41.92318
1036655312.5000001,-41.93287
1036655468.7500001,-41.94345
1036655625.0000001,-41.89904
1036655781.2500001,-41.9398
1036655937.5000001,-41.94468
1036656093.7500001,-41.93733
1036656250.0000001,-41.9435
1036656406.2500001,-41.9417
1036656562.5000001,-41.94509
1036656718.7500001,-41.94452
1036656875.0000001,-41.94012
1036657031.2500001,-41.95899
1036657187.5000001,-41.9506
1036657343.7500001,-41.95368
1036657500.0000001,-41.95567
1036657656.2500001,-41.94098
1036657812.5000001,-41.95899
1036657968.7500001,-41.99083
1036658125.0000001,-41.9519
1036658281.2500001,-41.96032
1036658437.5000001,-41.95294
1036658593.7500001,-41.96408
1036658750.0000001,-41.95943
1036658906.2500001,-41.9624
1036659062.5000001,-41.95869
1036659218.7500001,-41.98933
1036659375.0000001,-41.99057
1036659531.2500001,-41.9825
1036659687.5000001,-41.97053
1036659843.7500001,-41.98953
1036660000.0000001,-42.00509
1036660156.2500001,-41.98607
1036660312.5000001,-42.00217
1036660468.7500001,-42.01265
1036660625.0000001,-41.97808
1036660781.2500001,-42.01194
1036660937.5000001,-41.99975
1036661093.7500001,-42.00519
1036661250.0000001,-41.99194
1036661406.2500001,-41.99688
1036661562.5000001,-42.02298
1036661718.7500001,-42.01478
1036661875.0000001,-42.02452
1036662031.2500001,-42.02148
1036662187.5000001,-42.02965
1036662343.7500001,-42.00788
1036662500.0000001,-41.99529
1036662656.2500001,-42.00512
1036662812.5000001,-42.00696
1036662968.7500001,-42.05197
1036663125.0000001,-42.02907
1036663281.2500001,-42.02485
1036663437.5000001,-42.02815
1036663593.7500001,-42.02547
1036663750.0000001,-42.05645
1036663906.2500001,-42.04699
1036664062.5000001,-42.04261
1036664218.7500001,-42.06153
1036664375.0000001,-42.03962
1036664531.2500001,-42.0556
1036664687.5000001,-42.0505
1036664843.7500001,-42.02515
1036665000.0000001,-42.0766
1036665156.2500001,-42.05903
1036665312.5000001,-42.06026
1036665468.7500001,-42.06753
1036665625.0000001,-42.07023
1036665781.2500001,-42.06947
1036665937.5000001,-42.077
1036666093.7500001,-42.07834
1036666250.0000001,-42.06401
1036666406.2500001,-42.07655
1036666562.5000001,-42.06898
1036666718.7500001,-42.04474
1036666875.0000001,-42.08379
1036667031.2500001,-42.08511
1036667187.5000001,-42.0859
1036667343.7500001,-42.06928
1036667500.0000001,-42.08642
1036667656.2500001,-42.08675
1036667812.5000001,-42.07293
1036667968.7500001,-42.09768
1036668125.0000001,-42.08914
1036668281.2500001,-42.09776
1036668437.5000001,-42.09114
1036668593.7500001,-42.08445
1036668750.0000001,-42.10621
1036668906.2500001,-42.1064
1036669062.5000001,-42.10939
1036669218.7500001,-42.11897
1036669375.0000001,-42.1102
1036669531.2500001,-42.0986
1036669687.5000001,-42.10558
1036669843.7500001,-42.10228
1036670000.0000001,-42.12816
1036670156.2500001,-42.11264
1036670312.5000001,-42.1421
1036670468.7500001,-42.11306
1036670625.0000001,-42.13139
1036670781.2500001,-42.12758
1036670937.5000001,-42.12967
1036671093.7500001,-42.13594
1036671250.0000001,-42.13793
1036671406.2500001,-42.16198
1036671562.5000001,-42.14628
1036671718.7500001,-42.12411
1036671875.0000001,-42.15086
1036672031.2500001,-42.14809
1036672187.5000001,-42.13742
1036672343.7500001,-42.15388
1036672500.0000001,-42.13952
1036672656.2500001,-42.14217
1036672812.5000001,-42.1552
1036672968.7500001,-42.16089
1036673125.0000001,-42.14647
1036673281.2500001,-42.17834
1036673437.5000001,-42.17022
1036673593.7500001,-42.15234
1036673750.0000001,-42.15391
1036673906.2500001,-42.19035
1036674062.5000001,-42.17648
1036674218.7500001,-42.15348
1036674375.0000001,-42.18565
1036674531.2500001,-42.16764
1036674687.5000001,-42.1653
1036674843.7500001,-42.17521
1036675000.0000001,-42.15819
1036675156.2500001,-42.18073
1036675312.5000001,-42.16928
1036675468.7500001,-42.18194
1036675625.0000001,-42.17363
1036675781.2500001,-42.20894
1036675937.5000001,-42.18114
1036676093.7500001,-42.21091
1036676250.0000001,-42.18579
1036676406.2500001,-42.19987
1036676562.5000001,-42.21049
1036676718.7500001,-42.19068
1036676875.0000001,-42.20236
1036677031.2500001,-42.20663
1036677187.5000001,-42.18751
1036677343.7500001,-42.20144
1036677500.0000001,-42.2119
1036677656.2500001,-42.214
1036677812.5000001,-42.21618
1036677968.7500001,-42.22129
1036678125.0000001,-42.23035
1036678281.2500001,-42.19254
1036678437.5000001,-42.19833
1036678593.7500001,-42.21643
1036678750.0000001,-42.22833
1036678906.2500001,-42.23304
1036679062.5000001,-42.22589
1036679218.7500001,-42.22176
1036679375.0000001,-42.22403
1036679531.2500001,-42.23007
1036679687.5000001,-42.25126
1036679843.7500001,-42.24433
1036680000.0000001,-42.24664
1036680156.2500001,-42.23975
1036680312.5000001,-42.24637
1036680468.7500001,-42.24023
1036680625.0000001,-42.25249
1036680781.2500001,-42.25368
1036680937.5000001,-42.25727
1036681093.7500001,-42.25672
1036681250.0000001,-42.26567
1036681406.2500001,-42.25016
1036681562.5000001,-42.26104
1036681718.7500001,-42.2668
1036681875.0000001,-42.26691
1036682031.2500001,-42.27541
1036682187.5000001,-42.26923
1036682343.7500001,-42.26912
1036682500.0000001,-42.26125
1036682656.2500001,-42.25524
1036682812.5000001,-42.28535
1036682968.7500001,-42.26118
1036683125.0000001,-42.28744
1036683281.2500001,-42.25227
1036683437.5000001,-42.28891
1036683593.7500001,-42.27356
1036683750.0000001,-42.25774
1036683906.2500001,-42.29568
1036684062.5000001,-42.27058
1036684218.7500001,-42.27592
1036684375.0000001,-42.30527
1036684531.2500001,-42.31131
1036684687.5000001,-42.30971
1036684843.7500001,-42.30229
1036685000.0000001,-42.29112
1036685156.2500001,-42.31306
1036685312.5000001,-42.27506
1036685468.7500001,-42.3011
1036685625.0000001,-42.34102
1036685781.2500001,-42.30655
1036685937.5000001,-42.30975
1036686093.7500001,-42.32922
1036686250.0000001,-42.32229
1036686406.2500001,-42.34072
1036686562.5000001,-42.34872
1036686718.7500001,-42.3349
1036686875.0000001,-42.34086
1036687031.2500001,-42.31831
1036687187.5000001,-42.3309
1036687343.7500001,-42.32435
1036687500.0000001,-42.34401
1036687656.2500001,-42.33767
1036687812.5000001,-42.34857
1036687968.7500001,-42.31151
1036688125.0000001,-42.32817
1036688281.2500001,-42.33501
1036688437.5000001,-42.33413
1036688593.7500001,-42.35702
1036688750.0000001,-42.34782
1036688906.2500001,-42.3449
1036689062.5000001,-42.34152
1036689218.7500001,-42.33755
1036689375.0000001,-42.34195
1036689531.2500001,-42.34346
1036689687.5000001,-42.35946
1036689843.7500001,-42.35131
1036690000.0000001,-42.36388
1036690156.2500001,-42.37286
1036690312.5000001,-42.38161
1036690468.7500001,-42.38438
1036690625.0000001,-42.34381
1036690781.2500001,-42.40108
1036690937.5000001,-42.38657
1036691093.7500001,-42.37847
1036691250.0000001,-42.38715
1036691406.2500001,-42.36138
1036691562.5000001,-42.38537
1036691718.7500001,-42.39529
1036691875.0000001,-42.41634
1036692031.2500001,-42.41166
1036692187.5000001,-42.38235
1036692343.7500001,-42.38456
1036692500.0000001,-42.41393
1036692656.2500001,-42.39994
1036692812.5000001,-42.43087
1036692968.7500001,-42.39646
1036693125.0000001,-42.38846
1036693281.2500001,-42.41367
1036693437.5000001,-42.40556
1036693593.7500001,-42.4031
1036693750.0000001,-42.40605
1036693906.2500001,-42.40175
1036694062.5000001,-42.41164
1036694218.7500001,-42.40205
1036694375.0000001,-42.42996
1036694531.2500001,-42.44555
1036694687.5000001,-42.45324
1036694843.7500001,-42.43375
1036695000.0000001,-42.42038
1036695156.2500001,-42.42995
1036695312.5000001,-42.42279
1036695468.7500001,-42.44002
1036695625.0000001,-42.43129
1036695781.2500001,-42.45305
1036695937.5000001,-42.42958
1036696093.7500001,-42.4391
1036696250.0000001,-42.44683
1036696406.2500001,-42.46199
1036696562.5000001,-42.42948
1036696718.7500001,-42.44949
1036696875.0000001,-42.45351
1036697031.2500001,-42.46644
1036697187.5000001,-42.47591
1036697343.7500001,-42.44044
1036697500.0000001,-42.45041
1036697656.2500001,-42.47064
1036697812.5000001,-42.44174
1036697968.7500001,-42.47187
1036698125.0000001,-42.45126
1036698281.2500001,-42.47263
1036698437.5000001,-42.46395
1036698593.7500001,-42.47516
1036698750.0000001,-42.49881
1036698906.2500001,-42.50404
1036699062.5000001,-42.45642
1036699218.7500001,-42.48514
1036699375.0000001,-42.47158
1036699531.2500001,-42.4825
1036699687.5000001,-42.48859
1036699843.7500001,-42.49414
1036700000.0000001,-42.47774
1036700156.2500001,-42.47875
1036700312.5000001,-42.4552
1036700468.7500001,-42.50895
1036700625.0000001,-42.51133
1036700781.2500001,-42.50999
1036700937.5000001,-42.50774
1036701093.7500001,-42.48985
1036701250.0000001,-42.51254
1036701406.2500001,-42.50164
1036701562.5000001,-42.50949
1036701718.7500001,-42.52201
1036701875.0000001,-42.51035
1036702031.2500001,-42.48374
1036702187.5000001,-42.49192
1036702343.7500001,-42.5413
1036702500.0000001,-42.52876
1036702656.2500001,-42.51677
1036702812.5000001,-42.53042
1036702968.7500001,-42.52255
1036703125.0000001,-42.52085
1036703281.2500001,-42.53939
1036703437.5000001,-42.52723
1036703593.7500001,-42.53719
1036703750.0000001,-42.52454
1036703906.2500001,-42.53546
1036704062.5000001,-42.52298
1036704218.7500001,-42.54828
1036704375.0000001,-42.54639
1036704531.2500001,-42.54377
1036704687.5000001,-42.56337
1036704843.7500001,-42.53672
1036705000.0000001,-42.54704
1036705156.2500001,-42.54824
1036705312.5000001,-42.53398
1036705468.7500001,-42.53936
1036705625.0000001,-42.5633
1036705781.2500001,-42.56223
1036705937.5000001,-42.55542
1036706093.7500001,-42.54855
1036706250.0000001,-42.55439
1036706406.2500001,-42.56642
1036706562.5000001,-42.5726
1036706718.7500001,-42.57204
1036706875.0000001,-42.57494
1036707031.2500001,-42.57744
1036707187.5000001,-42.58868
1036707343.7500001,-42.56293
1036707500.0000001,-42.60532
1036707656.2500001,-42.59177
1036707812.5000001,-42.57331
1036707968.7500001,-42.57869
1036708125.0000001,-42.58009
1036708281.2500001,-42.59096
1036708437.5000001,-42.57776
1036708593.7500001,-42.57981
1036708750.0000001,-42.57787
1036708906.2500001,-42.59127
1036709062.5000001,-42.60452
1036709218.7500001,-42.58597
1036709375.0000001,-42.59704
1036709531.2500001,-42.60358
1036709687.5000001,-42.61469
1036709843.7500001,-42.59917
1036710000.0000001,-42.63126
1036710156.2500001,-42.61839
1036710312.5000001,-42.60542
1036710468.7500001,-42.64321
1036710625.0000001,-42.601
1036710781.2500001,-42.61325
1036710937.5000001,-42.59948
1036711093.7500001,-42.62145
1036711250.0000001,-42.61156
1036711406.2500001,-42.63455
1036711562.5000001,-42.59216
1036711718.7500001,-42.64076
1036711875.0000001,-42.63274
1036712031.2500001,-42.63683
1036712187.5000001,-42.65709
1036712343.7500001,-42.64268
1036712500.0000001,-42.65105
1036712656.2500001,-42.65669
1036712812.5000001,-42.64132
1036712968.7500001,-42.64289
1036713125.0000001,-42.64607
1036713281.2500001,-42.64033
1036713437.5000001,-42.63715
1036713593.7500001,-42.65445
1036713750.0000001,-42.66391
1036713906.2500001,-42.65271
1036714062.5000001,-42.66151
1036714218.7500001,-42.66323
1036714375.0000001,-42.66363
1036714531.2500001,-42.66317
1036714687.5000001,-42.68029
1036714843.7500001,-42.66559
1036715000.0000001,-42.66595
1036715156.2500001,-42.6566
1036715312.5000001,-42.67397
1036715468.7500001,-42.66825
1036715625.0000001,-42.68973
1036715781.2500001,-42.66249
1036715937.5000001,-42.68462
1036716093.7500001,-42.67855
1036716250.0000001,-42.64906
1036716406.2500001,-42.68041
1036716562.5000001,-42.67167
1036716718.7500001,-42.71306
1036716875.0000001,-42.69686
1036717031.2500001,-42.68758
1036717187.5000001,-42.6964
1036717343.7500001,-42.72071
1036717500.0000001,-42.70274
1036717656.2500001,-42.70104
1036717812.5000001,-42.69255
1036717968.7500001,-42.70247
1036718125.0000001,-42.72406
1036718281.2500001,-42.71256
1036718437.5000001,-42.70354
1036718593.7500001,-42.71256
1036718750.0000001,-42.694
1036718906.2500001,-42.71268
1036719062.5000001,-42.72141
1036719218.7500001,-42.73581
1036719375.0000001,-42.7356
1036719531.2500001,-42.72772
1036719687.5000001,-42.73354
1036719843.7500001,-42.70605
1036720000.0000001,-42.72646
1036720156.2500001,-42.7394
1036720312.5000001,-42.72203
1036720468.7500001,-42.73174
1036720625.0000001,-42.7463
1036720781.2500001,-42.72522
1036720937.5000001,-42.73036
1036721093.7500001,-42.7234
1036721250.0000001,-42.74223
1036721406.2500001,-42.74232
1036721562.5000001,-42.73471
1036721718.7500001,-42.772
1036721875.0000001,-42.77343
1036722031.2500001,-42.75252
1036722187.5000001,-42.73908
1036722343.7500001,-42.75528
1036722500.0000001,-42.7742
1036722656.2500001,-42.76136
1036722812.5000001,-42.77534
1036722968.7500001,-42.76123
1036723125.0000001,-42.77611
1036723281.2500001,-42.76525
1036723437.5000001,-42.79046
1036723593.7500001,-42.76845
1036723750.0000001,-42.75858
1036723906.2500001,-42.7781
1036724062.5000001,-42.76966
1036724218.7500001,-42.794
1036724375.0000001,-42.7973
1036724531.2500001,-42.77959
1036724687.5000001,-42.77555
1036724843.7500001,-42.80463
1036725000.0000001,-42.77316
1036725156.2500001,-42.79832
1036725312.5000001,-42.78424
1036725468.7500001,-42.78955
1036725625.0000001,-42.79003
1036725781.2500001,-42.80972
1036725937.5000001,-42.80525
1036726093.7500001,-42.79082
1036726250.0000001,-42.79965
1036726406.2500001,-42.77639
1036726562.5000001,-42.81908
1036726718.7500001,-42.8059
1036726875.0000001,-42.81154
1036727031.2500001,-42.79298
1036727187.5000001,-42.80227
1036727343.7500001,-42.82336
1036727500.0000001,-42.84329
1036727656.2500001,-42.80367
1036727812.5000001,-42.81525
1036727968.7500001,-42.82816
1036728125.0000001,-42.80846
1036728281.2500001,-42.8205
1036728437.5000001,-42.82421
1036728593.7500001,-42.84542
1036728750.0000001,-42.84904
1036728906.2500001,-42.84161
1036729062.5000001,-42.84723
1036729218.7500001,-42.83018
1036729375.0000001,-42.8557
1036729531.2500001,-42.81774
1036729687.5000001,-42.80602
1036729843.7500001,-42.83649
1036730000.0000001,-42.84509
1036730156.2500001,-42.83537
1036730312.5000001,-42.84579
1036730468.7500001,-42.84814
1036730625.0000001,-42.85672
1036730781.2500001,-42.84533
1036730937.5000001,-42.85911
1036731093.7500001,-42.85476
1036731250.0000001,-42.87038
1036731406.2500001,-42.84738
1036731562.5000001,-42.86838
1036731718.7500001,-42.85243
1036731875.0000001,-42.87057
1036732031.2500001,-42.87719
1036732187.5000001,-42.88057
1036732343.7500001,-42.86176
1036732500.0000001,-42.87725
1036732656.2500001,-42.87241
1036732812.5000001,-42.86315
1036732968.7500001,-42.86495
1036733125.0000001,-42.86542
1036733281.2500001,-42.87312
1036733437.5000001,-42.87986
1036733593.7500001,-42.89443
1036733750.0000001,-42.88552
1036733906.2500001,-42.90261
1036734062.5000001,-42.90044
1036734218.7500001,-42.91388
1036734375.0000001,-42.90597
1036734531.2500001,-42.8919
1036734687.5000001,-42.90711
1036734843.7500001,-42.91636
1036735000.0000001,-42.90615
1036735156.2500001,-42.88592
1036735312.5000001,-42.89463
1036735468.7500001,-42.91348
1036735625.0000001,-42.91125
1036735781.2500001,-42.90137
1036735937.5000001,-42.91225
1036736093.7500001,-42.90197
1036736250.0000001,-42.91962
1036736406.2500001,-42.916
1036736562.5000001,-42.94786
1036736718.7500001,-42.92258
1036736875.0000001,-42.9512
1036737031.2500001,-42.93644
1036737187.5000001,-42.93344
1036737343.7500001,-42.92592
1036737500.0000001,-42.93259
1036737656.2500001,-42.94418
1036737812.5000001,-42.94335
1036737968.7500001,-42.93224
1036738125.0000001,-42.94665
1036738281.2500001,-42.93084
1036738437.5000001,-42.93214
1036738593.7500001,-42.9404
1036738750.0000001,-42.93505
1036738906.2500001,-42.95972
1036739062.5000001,-42.97693
1036739218.7500001,-42.95943
1036739375.0000001,-42.93583
1036739531.2500001,-42.95692
1036739687.5000001,-42.94481
1036739843.7500001,-42.95158
1036740000.0000001,-42.96854
1036740156.2500001,-42.94572
1036740312.5000001,-42.97834
1036740468.7500001,-42.96651
1036740625.0000001,-42.98345
1036740781.2500001,-42.98045
1036740937.5000001,-42.98997
1036741093.7500001,-42.98178
1036741250.0000001,-42.97401
1036741406.2500001,-42.99496
1036741562.5000001,-42.98082
1036741718.7500001,-42.97248
1036741875.0000001,-42.97983
1036742031.2500001,-43.00462
1036742187.5000001,-42.97565
1036742343.7500001,-42.97855
1036742500.0000001,-42.97306
1036742656.2500001,-42.99163
1036742812.5000001,-42.9948
1036742968.7500001,-43.00557
1036743125.0000001,-43.00156
1036743281.2500001,-42.97971
1036743437.5000001,-43.02708
1036743593.7500001,-43.01901
1036743750.0000001,-43.00953
1036743906.2500001,-43.02693
1036744062.5000001,-43.00963
1036744218.7500001,-43.02269
1036744375.0000001,-43.02089
1036744531.2500001,-43.02363
1036744687.5000001,-43.01453
1036744843.7500001,-43.03474
1036745000.0000001,-43.00034
1036745156.2500001,-43.02419
1036745312.5000001,-43.01894
1036745468.7500001,-43.01324
1036745625.0000001,-43.02082
1036745781.2500001,-43.02116
1036745937.5000001,-43.02265
1036746093.7500001,-43.02767
1036746250.0000001,-43.01454
1036746406.2500001,-43.0358
1036746562.5000001,-43.06593
1036746718.7500001,-43.02543
1036746875.0000001,-43.03983
1036747031.2500001,-43.04035
1036747187.5000001,-43.06915
1036747343.7500001,-43.0555
1036747500.0000001,-43.05386
1036747656.2500001,-43.05886
1036747812.5000001,-43.04379
1036747968.7500001,-43.0725
1036748125.0000001,-43.08182
1036748281.2500001,-43.05096
1036748437.5000001,-43.04655
1036748593.7500001,-43.06762
1036748750.0000001,-43.06749
1036748906.2500001,-43.08075
1036749062.5000001,-43.07702
1036749218.7500001,-43.06931
1036749375.0000001,-43.08944
1036749531.2500001,-43.06524
1036749687.5000001,-43.06488
1036749843.7500001,-43.08583
1036750000.0000001,-43.04295
1036750156.2500001,-43.09838
1036750312.5000001,-43.08923
1036750468.7500001,-43.07958
1036750625.0000001,-43.10189
1036750781.2500001,-43.11166
1036750937.5000001,-43.0647
1036751093.7500001,-43.09088
1036751250.0000001,-43.0849
1036751406.2500001,-43.0869
1036751562.5000001,-43.08401
1036751718.7500001,-43.1229
1036751875.0000001,-43.08493
1036752031.2500001,-43.09626
1036752187.5000001,-43.1166
1036752343.7500001,-43.10016
1036752500.0000001,-43.09468
1036752656.2500001,-43.10464
1036752812.5000001,-43.10435
1036752968.7500001,-43.12338
1036753125.0000001,-43.11076
1036753281.2500001,-43.12642
1036753437.5000001,-43.12115
1036753593.7500001,-43.10556
1036753750.0000001,-43.09548
1036753906.2500001,-43.13912
1036754062.5000001,-43.13401
1036754218.7500001,-43.13829
1036754375.0000001,-43.12143
1036754531.2500001,-43.13585
1036754687.5000001,-43.11596
1036754843.7500001,-43.12243
1036755000.0000001,-43.14265
1036755156.2500001,-43.11351
1036755312.5000001,-43.13422
1036755468.7500001,-43.14104
1036755625.0000001,-43.15746
1036755781.2500001,-43.15798
1036755937.5000001,-43.13203
1036756093.7500001,-43.15882
1036756250.0000001,-43.16148
1036756406.2500001,-43.16304
1036756562.5000001,-43.15243
1036756718.7500001,-43.15752
1036756875.0000001,-43.15038
1036757031.2500001,-43.15505
1036757187.5000001,-43.15971
1036757343.7500001,-43.1772
1036757500.0000001,-43.17786
1036757656.2500001,-43.14322
1036757812.5000001,-43.16846
1036757968.7500001,-43.14275
1036758125.0000001,-43.17976
1036758281.2500001,-43.17084
1036758437.5000001,-43.19078
1036758593.7500001,-43.17965
1036758750.0000001,-43.20591
1036758906.2500001,-43.19548
1036759062.5000001,-43.16254
1036759218.7500001,-43.18039
1036759375.0000001,-43.19475
1036759531.2500001,-43.17797
1036759687.5000001,-43.18235
1036759843.7500001,-43.20342
1036760000.0000001,-43.19583
1036760156.2500001,-43.19702
1036760312.5000001,-43.21553
1036760468.7500001,-43.19781
1036760625.0000001,-43.21389
1036760781.2500001,-43.20905
1036760937.5000001,-43.18236
1036761093.7500001,-43.20487
1036761250.0000001,-43.21848
1036761406.2500001,-43.19622
1036761562.5000001,-43.22554
1036761718.7500001,-43.23231
1036761875.0000001,-43.21238
1036762031.2500001,-43.24148
1036762187.5000001,-43.22472
1036762343.7500001,-43.23794
1036762500.0000001,-43.21701
1036762656.2500001,-43.21263
1036762812.5000001,-43.21085
1036762968.7500001,-43.22175
1036763125.0000001,-43.24111
1036763281.2500001,-43.21458
1036763437.5000001,-43.23618
1036763593.7500001,-43.2376
1036763750.0000001,-43.21772
1036763906.2500001,-43.23851
1036764062.5000001,-43.21843
1036764218.7500001,-43.23788
1036764375.0000001,-43.22209
1036764531.2500001,-43.26964
1036764687.5000001,-43.25638
1036764843.7500001,-43.25251
1036765000.0000001,-43.24969
1036765156.2500001,-43.24169
1036765312.5000001,-43.25451
1036765468.7500001,-43.27471
1036765625.0000001,-43.26386
1036765781.2500001,-43.23551
1036765937.5000001,-43.25285
1036766093.7500001,-43.27132
1036766250.0000001,-43.26331
1036766406.2500001,-43.25117
1036766562.5000001,-43.2616
1036766718.7500001,-43.28048
1036766875.0000001,-43.24477
1036767031.2500001,-43.26987
1036767187.5000001,-43.28693
1036767343.7500001,-43.25117
1036767500.0000001,-43.28476
1036767656.2500001,-43.26918
1036767812.5000001,-43.28374
1036767968.7500001,-43.30022
1036768125.0000001,-43.31796
1036768281.2500001,-43.28311
1036768437.5000001,-43.2735
1036768593.7500001,-43.29673
1036768750.0000001,-43.30496
1036768906.2500001,-43.30903
1036769062.5000001,-43.30554
1036769218.7500001,-43.27698
1036769375.0000001,-43.29726
1036769531.2500001,-43.29161
1036769687.5000001,-43.29011
1036769843.7500001,-43.30803
1036770000.0000001,-43.29751
1036770156.2500001,-43.29583
1036770312.5000001,-43.2874
1036770468.7500001,-43.32674
1036770625.0000001,-43.3159
1036770781.2500001,-43.31014
1036770937.5000001,-43.28479
1036771093.7500001,-43.30297
1036771250.0000001,-43.31555
1036771406.2500001,-43.29939
1036771562.5000001,-43.31746
1036771718.7500001,-43.32024
1036771875.0000001,-43.34646
1036772031.2500001,-43.32848
1036772187.5000001,-43.30978
1036772343.7500001,-43.30835
1036772500.0000001,-43.32624
1036772656.2500001,-43.34571
1036772812.5000001,-43.3384
1036772968.7500001,-43.37518
1036773125.0000001,-43.33271
1036773281.2500001,-43.3326
1036773437.5000001,-43.33498
1036773593.7500001,-43.35043
1036773750.0000001,-43.36277
1036773906.2500001,-43.33316
1036774062.5000001,-43.34811
1036774218.7500001,-43.35779
1036774375.0000001,-43.35519
1036774531.2500001,-43.38087
1036774687.5000001,-43.3542
1036774843.7500001,-43.34345
1036775000.0000001,-43.33921
1036775156.2500001,-43.35478
1036775312.5000001,-43.34421
1036775468.7500001,-43.3514
1036775625.0000001,-43.37409
1036775781.2500001,-43.36505
1036775937.5000001,-43.36465
1036776093.7500001,-43.37179
1036776250.0000001,-43.37225
1036776406.2500001,-43.35723
1036776562.5000001,-43.37444
1036776718.7500001,-43.36208
1036776875.0000001,-43.37209
1036777031.2500001,-43.38726
1036777187.5000001,-43.37315
1036777343.7500001,-43.36835
1036777500.0000001,-43.38087
1036777656.2500001,-43.37855
1036777812.5000001,-43.40849
1036777968.7500001,-43.39763
1036778125.0000001,-43.39585
1036778281.2500001,-43.41383
1036778437.5000001,-43.42963
1036778593.7500001,-43.38585
1036778750.0000001,-43.39119
1036778906.2500001,-43.40584
1036779062.5000001,-43.41489
1036779218.7500001,-43.42101
1036779375.0000001,-43.3991
1036779531.2500001,-43.41676
1036779687.5000001,-43.3737
1036779843.7500001,-43.41306
1036780000.0000001,-43.39935
1036780156.2500001,-43.41431
1036780312.5000001,-43.39823
1036780468.7500001,-43.40211
1036780625.0000001,-43.42635
1036780781.2500001,-43.41552
1036780937.5000001,-43.40635
1036781093.7500001,-43.43335
1036781250.0000001,-43.42569
1036781406.2500001,-43.42234
1036781562.5000001,-43.42942
1036781718.7500001,-43.42834
1036781875.0000001,-43.42532
1036782031.2500001,-43.45768
1036782187.5000001,-43.44099
1036782343.7500001,-43.44916
1036782500.0000001,-43.41601
1036782656.2500001,-43.45994
1036782812.5000001,-43.43131
1036782968.7500001,-43.43324
1036783125.0000001,-43.44281
1036783281.2500001,-43.46864
1036783437.5000001,-43.43159
1036783593.7500001,-43.4497
1036783750.0000001,-43.45248
1036783906.2500001,-43.45667
1036784062.5000001,-43.45156
1036784218.7500001,-43.47935
1036784375.0000001,-43.45103
1036784531.2500001,-43.46769
1036784687.5000001,-43.43939
1036784843.7500001,-43.45149
1036785000.0000001,-43.46762
1036785156.2500001,-43.49054
1036785312.5000001,-43.48397
1036785468.7500001,-43.45793
1036785625.0000001,-43.44795
1036785781.2500001,-43.49049
1036785937.5000001,-43.45154
1036786093.7500001,-43.47663
1036786250.0000001,-43.49739
1036786406.2500001,-43.47746
1036786562.5000001,-43.51216
1036786718.7500001,-43.52752
1036786875.0000001,-43.50548
1036787031.2500001,-43.46828
1036787187.5000001,-43.4635
1036787343.7500001,-43.49765
1036787500.0000001,-43.50211
1036787656.2500001,-43.49791
1036787812.5000001,-43.50481
1036787968.7500001,-43.50611
1036788125.0000001,-43.49563
1036788281.2500001,-43.53811
1036788437.5000001,-43.50006
1036788593.7500001,-43.51029
1036788750.0000001,-43.50887
1036788906.2500001,-43.52872
1036789062.5000001,-43.5234
1036789218.7500001,-43.49057
1036789375.0000001,-43.54608
1036789531.2500001,-43.52089
1036789687.5000001,-43.5289
1036789843.7500001,-43.51632
1036790000.0000001,-43.51301
1036790156.2500001,-43.54686
1036790312.5000001,-43.5129
1036790468.7500001,-43.52618
1036790625.0000001,-43.53776
1036790781.2500001,-43.51764
1036790937.5000001,-43.53795
1036791093.7500001,-43.50717
1036791250.0000001,-43.5469
1036791406.2500001,-43.5303
1036791562.5000001,-43.54178
1036791718.7500001,-43.52845
1036791875.0000001,-43.52418
1036792031.2500001,-43.53427
1036792187.5000001,-43.56322
1036792343.7500001,-43.55447
1036792500.0000001,-43.56601
1036792656.2500001,-43.56113
1036792812.5000001,-43.53388
1036792968.7500001,-43.56936
1036793125.0000001,-43.56403
1036793281.2500001,-43.56622
1036793437.5000001,-43.57368
1036793593.7500001,-43.56945
1036793750.0000001,-43.5443
1036793906.2500001,-43.56013
1036794062.5000001,-43.56449
1036794218.7500001,-43.55789
1036794375.0000001,-43.57465
1036794531.2500001,-43.58057
1036794687.5000001,-43.56629
1036794843.7500001,-43.56952
1036795000.0000001,-43.55146
1036795156.2500001,-43.58947
1036795312.5000001,-43.59211
1036795468.7500001,-43.58415
1036795625.0000001,-43.56768
1036795781.2500001,-43.58897
1036795937.5000001,-43.57352
1036796093.7500001,-43.5764
1036796250.0000001,-43.59262
1036796406.2500001,-43.58853
1036796562.5000001,-43.61076
1036796718.7500001,-43.63124
1036796875.0000001,-43.57489
1036797031.2500001,-43.60422
1036797187.5000001,-43.61191
1036797343.7500001,-43.61777
1036797500.0000001,-43.59094
1036797656.2500001,-43.61679
1036797812.5000001,-43.60714
1036797968.7500001,-43.60901
1036798125.0000001,-43.60106
1036798281.2500001,-43.61292
1036798437.5000001,-43.59402
1036798593.7500001,-43.61904
1036798750.0000001,-43.63221
1036798906.2500001,-43.60734
1036799062.5000001,-43.59499
1036799218.7500001,-43.64068
1036799375.0000001,-43.63353
1036799531.2500001,-43.64701
1036799687.5000001,-43.62026
1036799843.7500001,-43.61953
1036800000.0000001,-43.62904
1036800156.2500001,-43.64231
1036800312.5000001,-43.64543
1036800468.7500001,-43.6682
1036800625.0000001,-43.64887
1036800781.2500001,-43.64828
1036800937.5000001,-43.63795
1036801093.7500001,-43.64801
1036801250.0000001,-43.65132
1036801406.2500001,-43.63276
1036801562.5000001,-43.63249
1036801718.7500001,-43.65388
1036801875.0000001,-43.65504
1036802031.2500001,-43.64821
1036802187.5000001,-43.61625
1036802343.7500001,-43.66282
1036802500.0000001,-43.68914
1036802656.2500001,-43.67294
1036802812.5000001,-43.67356
1036802968.7500001,-43.63052
1036803125.0000001,-43.67462
1036803281.2500001,-43.68388
1036803437.5000001,-43.6721
1036803593.7500001,-43.65592
1036803750.0000001,-43.66668
1036803906.2500001,-43.68789
1036804062.5000001,-43.68878
1036804218.7500001,-43.67032
1036804375.0000001,-43.69644
1036804531.2500001,-43.68263
1036804687.5000001,-43.68968
1036804843.7500001,-43.70457
1036805000.0000001,-43.65601
1036805156.2500001,-43.68057
1036805312.5000001,-43.6886
1036805468.7500001,-43.70247
1036805625.0000001,-43.69474
1036805781.2500001,-43.69772
1036805937.5000001,-43.68657
1036806093.7500001,-43.68816
1036806250.0000001,-43.70431
1036806406.2500001,-43.68113
1036806562.5000001,-43.70538
1036806718.7500001,-43.70313
1036806875.0000001,-43.70103
1036807031.2500001,-43.69424
1036807187.5000001,-43.70174
1036807343.7500001,-43.73921
1036807500.0000001,-43.70587
1036807656.2500001,-43.70266
1036807812.5000001,-43.72648
1036807968.7500001,-43.74036
1036808125.0000001,-43.72781
1036808281.2500001,-43.71003
1036808437.5000001,-43.7168
1036808593.7500001,-43.73323
1036808750.0000001,-43.74433
1036808906.2500001,-43.7433
1036809062.5000001,-43.74351
1036809218.7500001,-43.74421
1036809375.0000001,-43.72114
1036809531.2500001,-43.76472
1036809687.5000001,-43.74229
1036809843.7500001,-43.72738
1036810000.0000001,-43.75048
1036810156.2500001,-43.73848
1036810312.5000001,-43.7491
1036810468.7500001,-43.72955
1036810625.0000001,-43.74143
1036810781.2500001,-43.72872
1036810937.5000001,-43.73771
1036811093.7500001,-43.75272
1036811250.0000001,-43.74538
1036811406.2500001,-43.7427
1036811562.5000001,-43.73823
1036811718.7500001,-43.76115
1036811875.0000001,-43.76694
1036812031.2500001,-43.74905
1036812187.5000001,-43.7789
1036812343.7500001,-43.78704
1036812500.0000001,-43.77161
1036812656.2500001,-43.75549
1036812812.5000001,-43.76606
1036812968.7500001,-43.73505
1036813125.0000001,-43.7604
1036813281.2500001,-43.75522
1036813437.5000001,-43.77346
1036813593.7500001,-43.75461
1036813750.0000001,-43.80116
1036813906.2500001,-43.78324
1036814062.5000001,-43.77607
1036814218.7500001,-43.78226
1036814375.0000001,-43.75873
1036814531.2500001,-43.76388
1036814687.5000001,-43.79976
1036814843.7500001,-43.75679
1036815000.0000001,-43.79155
1036815156.2500001,-43.80798
1036815312.5000001,-43.78541
1036815468.7500001,-43.78054
1036815625.0000001,-43.80729
1036815781.2500001,-43.81284
1036815937.5000001,-43.79773
1036816093.7500001,-43.78791
1036816250.0000001,-43.77864
1036816406.2500001,-43.77978
1036816562.5000001,-43.78672
1036816718.7500001,-43.8344
1036816875.0000001,-43.81522
1036817031.2500001,-43.81392
1036817187.5000001,-43.80625
1036817343.7500001,-43.81358
1036817500.0000001,-43.8383
1036817656.2500001,-43.8494
1036817812.5000001,-43.80872
1036817968.7500001,-43.78495
1036818125.0000001,-43.81436
1036818281.2500001,-43.83075
1036818437.5000001,-43.82104
1036818593.7500001,-43.81902
1036818750.0000001,-43.82043
1036818906.2500001,-43.82177
1036819062.5000001,-43.82795
1036819218.7500001,-43.85613
1036819375.0000001,-43.84253
1036819531.2500001,-43.79913
1036819687.5000001,-43.85612
1036819843.7500001,-43.83299
1036820000.0000001,-43.84702
1036820156.2500001,-43.82841
1036820312.5000001,-43.85468
1036820468.7500001,-43.81418
1036820625.0000001,-43.8537
1036820781.2500001,-43.85715
1036820937.5000001,-43.84665
1036821093.7500001,-43.8763
1036821250.0000001,-43.85623
1036821406.2500001,-43.84846
1036821562.5000001,-43.88912
1036821718.7500001,-43.84758
1036821875.0000001,-43.85122
1036822031.2500001,-43.84761
1036822187.5000001,-43.85386
1036822343.7500001,-43.85308
1036822500.0000001,-43.87614
1036822656.2500001,-43.85724
1036822812.5000001,-43.89273
1036822968.7500001,-43.86839
1036823125.0000001,-43.85541
1036823281.2500001,-43.88501
1036823437.5000001,-43.87881
1036823593.7500001,-43.87696
1036823750.0000001,-43.8998
1036823906.2500001,-43.88546
1036824062.5000001,-43.86461
1036824218.7500001,-43.87119
1036824375.0000001,-43.91239
1036824531.2500001,-43.86812
1036824687.5000001,-43.87489
1036824843.7500001,-43.8923
1036825000.0000001,-43.89928
1036825156.2500001,-43.90109
1036825312.5000001,-43.9066
1036825468.7500001,-43.89045
1036825625.0000001,-43.91634
1036825781.2500001,-43.89687
1036825937.5000001,-43.87547
1036826093.7500001,-43.90437
1036826250.0000001,-43.88494
1036826406.2500001,-43.87815
1036826562.5000001,-43.87933
1036826718.7500001,-43.90634
1036826875.0000001,-43.94092
1036827031.2500001,-43.90902
1036827187.5000001,-43.91932
1036827343.7500001,-43.93148
1036827500.0000001,-43.91753
1036827656.2500001,-43.94304
1036827812.5000001,-43.92162
1036827968.7500001,-43.93096
1036828125.0000001,-43.94149
1036828281.2500001,-43.91125
1036828437.5000001,-43.9021
1036828593.7500001,-43.92326
1036828750.0000001,-43.90206
1036828906.2500001,-43.91442
1036829062.5000001,-43.92332
1036829218.7500001,-43.95884
1036829375.0000001,-43.91094
1036829531.2500001,-43.93288
1036829687.5000001,-43.9206
1036829843.7500001,-43.96772
1036830000.0000001,-43.9435
1036830156.2500001,-43.93736
1036830312.5000001,-43.98052
1036830468.7500001,-43.95697
1036830625.0000001,-43.95521
1036830781.2500001,-43.96997
1036830937.5000001,-43.93461
1036831093.7500001,-43.94563
1036831250.0000001,-43.96119
1036831406.2500001,-43.96351
1036831562.5000001,-43.97511
1036831718.7500001,-43.97033
1036831875.0000001,-43.95051
1036832031.2500001,-43.94924
1036832187.5000001,-43.99113
1036832343.7500001,-43.96707
1036832500.0000001,-44.00188
1036832656.2500001,-43.96974
1036832812.5000001,-43.9705
1036832968.7500001,-43.99075
1036833125.0000001,-43.97292
1036833281.2500001,-43.98265
1036833437.5000001,-43.95018
1036833593.7500001,-43.98099
1036833750.0000001,-43.9861
1036833906.2500001,-44.01897
1036834062.5000001,-43.99588
1036834218.7500001,-44.00343
1036834375.0000001,-43.99893
1036834531.2500001,-43.98748
1036834687.5000001,-43.97483
1036834843.7500001,-44.01186
1036835000.0000001,-44.01135
1036835156.2500001,-44.01054
1036835312.5000001,-44.0295
1036835468.7500001,-43.99363
1036835625.0000001,-43.99368
1036835781.2500001,-44.01447
1036835937.5000001,-44.01886
1036836093.7500001,-43.9937
1036836250.0000001,-43.98731
1036836406.2500001,-44.01962
1036836562.5000001,-44.01376
1036836718.7500001,-44.02526
1036836875.0000001,-44.00379
1036837031.2500001,-44.03564
1036837187.5000001,-43.99709
1036837343.7500001,-44.03535
1036837500.0000001,-44.02815
1036837656.2500001,-44.02276
1036837812.5000001,-44.00288
1036837968.7500001,-44.03671
1036838125.0000001,-44.0103
1036838281.2500001,-43.98912
1036838437.5000001,-44.06402
1036838593.7500001,-44.02747
1036838750.0000001,-44.03245
1036838906.2500001,-44.03352
1036839062.5000001,-44.0251
1036839218.7500001,-44.07564
1036839375.0000001,-44.02724
1036839531.2500001,-44.04349
1036839687.5000001,-44.04366
1036839843.7500001,-44.04521
1036840000.0000001,-44.05716
1036840156.2500001,-44.05859
1036840312.5000001,-44.0623
1036840468.7500001,-44.04943
1036840625.0000001,-44.06741
1036840781.2500001,-44.05137
1036840937.5000001,-44.06876
1036841093.7500001,-44.07359
1036841250.0000001,-44.08677
1036841406.2500001,-44.06226
1036841562.5000001,-44.0433
1036841718.7500001,-44.07142
1036841875.0000001,-44.08258
1036842031.2500001,-44.05723
1036842187.5000001,-44.06723
1036842343.7500001,-44.06326
1036842500.0000001,-44.0897
1036842656.2500001,-44.09613
1036842812.5000001,-44.0631
1036842968.7500001,-44.07636
1036843125.0000001,-44.09337
1036843281.2500001,-44.0744
1036843437.5000001,-44.09272
1036843593.7500001,-44.08582
1036843750.0000001,-44.07472
1036843906.2500001,-44.06837
1036844062.5000001,-44.09343
1036844218.7500001,-44.09111
1036844375.0000001,-44.06193
1036844531.2500001,-44.11075
1036844687.5000001,-44.08712
1036844843.7500001,-44.09557
1036845000.0000001,-44.09812
1036845156.2500001,-44.07102
1036845312.5000001,-44.11667
1036845468.7500001,-44.11958
1036845625.0000001,-44.09686
1036845781.2500001,-44.10905
1036845937.5000001,-44.11002
1036846093.7500001,-44.10106
1036846250.0000001,-44.10746
1036846406.2500001,-44.11732
1036846562.5000001,-44.10221
1036846718.7500001,-44.10605
1036846875.0000001,-44.12452
1036847031.2500001,-44.14348
1036847187.5000001,-44.12398
1036847343.7500001,-44.11036
1036847500.0000001,-44.15101
1036847656.2500001,-44.1403
1036847812.5000001,-44.1452
1036847968.7500001,-44.13745
1036848125.0000001,-44.12069
1036848281.2500001,-44.10768
1036848437.5000001,-44.13542
1036848593.7500001,-44.14458
1036848750.0000001,-44.12693
1036848906.2500001,-44.1563
1036849062.5000001,-44.13388
1036849218.7500001,-44.13788
1036849375.0000001,-44.15742
1036849531.2500001,-44.14773
1036849687.5000001,-44.1104
1036849843.7500001,-44.13723
1036850000.0000001,-44.13589
1036850156.2500001,-44.17892
1036850312.5000001,-44.12198
1036850468.7500001,-44.16401
1036850625.0000001,-44.1414
1036850781.2500001,-44.16879
1036850937.5000001,-44.15121
1036851093.7500001,-44.15553
1036851250.0000001,-44.15573
1036851406.2500001,-44.16945
1036851562.5000001,-44.17594
1036851718.7500001,-44.16213
1036851875.0000001,-44.16286
1036852031.2500001,-44.17923
1036852187.5000001,-44.20241
1036852343.7500001,-44.17092
1036852500.0000001,-44.17729
1036852656.2500001,-44.19843
1036852812.5000001,-44.15023
1036852968.7500001,-44.19075
1036853125.0000001,-44.17337
1036853281.2500001,-44.17309
1036853437.5000001,-44.19257
1036853593.7500001,-44.1948
1036853750.0000001,-44.17953
1036853906.2500001,-44.16881
1036854062.5000001,-44.18069
1036854218.7500001,-44.20113
1036854375.0000001,-44.17705
1036854531.2500001,-44.18101
1036854687.5000001,-44.19656
1036854843.7500001,-44.20348
1036855000.0000001,-44.18806
1036855156.2500001,-44.17426
1036855312.5000001,-44.18714
1036855468.7500001,-44.18933
1036855625.0000001,-44.17814
1036855781.2500001,-44.20013
1036855937.5000001,-44.21878
1036856093.7500001,-44.22169
1036856250.0000001,-44.19681
1036856406.2500001,-44.21053
1036856562.5000001,-44.21481
1036856718.7500001,-44.23037
1036856875.0000001,-44.2301
1036857031.2500001,-44.20832
1036857187.5000001,-44.22526
1036857343.7500001,-44.22215
1036857500.0000001,-44.22771
1036857656.2500001,-44.22239
1036857812.5000001,-44.19453
1036857968.7500001,-44.24471
1036858125.0000001,-44.21334
1036858281.2500001,-44.26067
1036858437.5000001,-44.23177
1036858593.7500001,-44.21109
1036858750.0000001,-44.21866
1036858906.2500001,-44.23945
1036859062.5000001,-44.22578
1036859218.7500001,-44.24588
1036859375.0000001,-44.26359
1036859531.2500001,-44.24856
1036859687.5000001,-44.26979
1036859843.7500001,-44.23803
1036860000.0000001,-44.25489
1036860156.2500001,-44.253
1036860312.5000001,-44.26295
1036860468.7500001,-44.27403
1036860625.0000001,-44.27972
1036860781.2500001,-44.29347
1036860937.5000001,-44.22516
1036861093.7500001,-44.27917
1036861250.0000001,-44.26574
1036861406.2500001,-44.24627
1036861562.5000001,-44.25298
1036861718.7500001,-44.25209
1036861875.0000001,-44.28649
1036862031.2500001,-44.28141
1036862187.5000001,-44.26758
1036862343.7500001,-44.28688
1036862500.0000001,-44.28264
1036862656.2500001,-44.30319
1036862812.5000001,-44.29495
1036862968.7500001,-44.28815
1036863125.0000001,-44.28964
1036863281.2500001,-44.26315
1036863437.5000001,-44.26093
1036863593.7500001,-44.31034
1036863750.0000001,-44.29877
1036863906.2500001,-44.25902
1036864062.5000001,-44.28697
1036864218.7500001,-44.28175
1036864375.0000001,-44.28561
1036864531.2500001,-44.29536
1036864687.5000001,-44.2846
1036864843.7500001,-44.30614
1036865000.0000001,-44.31059
1036865156.2500001,-44.27896
1036865312.5000001,-44.29233
1036865468.7500001,-44.31182
1036865625.0000001,-44.29689
1036865781.2500001,-44.30257
1036865937.5000001,-44.29609
1036866093.7500001,-44.31446
1036866250.0000001,-44.32963
1036866406.2500001,-44.29464
1036866562.5000001,-44.30074
1036866718.7500001,-44.31501
1036866875.0000001,-44.30729
1036867031.2500001,-44.34015
1036867187.5000001,-44.30612
1036867343.7500001,-44.32833
1036867500.0000001,-44.35206
1036867656.2500001,-44.34182
1036867812.5000001,-44.35238
1036867968.7500001,-44.33159
1036868125.0000001,-44.36635
1036868281.2500001,-44.35081
1036868437.5000001,-44.33671
1036868593.7500001,-44.32421
1036868750.0000001,-44.31444
1036868906.2500001,-44.3251
1036869062.5000001,-44.34129
1036869218.7500001,-44.36876
1036869375.0000001,-44.33849
1036869531.2500001,-44.33536
1036869687.5000001,-44.35439
1036869843.7500001,-44.33915
1036870000.0000001,-44.33773
1036870156.2500001,-44.35933
1036870312.5000001,-44.35207
1036870468.7500001,-44.35326
1036870625.0000001,-44.3589
1036870781.2500001,-44.39475
1036870937.5000001,-44.35971
1036871093.7500001,-44.35441
1036871250.0000001,-44.36349
1036871406.2500001,-44.35525
1036871562.5000001,-44.36245
1036871718.7500001,-44.36958
1036871875.0000001,-44.41106
1036872031.2500001,-44.36229
1036872187.5000001,-44.38809
1036872343.7500001,-44.37441
1036872500.0000001,-44.38939
1036872656.2500001,-44.36995
1036872812.5000001,-44.33905
1036872968.7500001,-44.36746
1036873125.0000001,-44.38564
1036873281.2500001,-44.4067
1036873437.5000001,-44.39515
1036873593.7500001,-44.40376
1036873750.0000001,-44.36256
1036873906.2500001,-44.40852
1036874062.5000001,-44.38298
1036874218.7500001,-44.3927
1036874375.0000001,-44.38713
1036874531.2500001,-44.38234
1036874687.5000001,-44.39384
1036874843.7500001,-44.38996
1036875000.0000001,-44.41029
1036875156.2500001,-44.37786
1036875312.5000001,-44.39803
1036875468.7500001,-44.39716
1036875625.0000001,-44.40996
1036875781.2500001,-44.37853
1036875937.5000001,-44.41271
1036876093.7500001,-44.40045
1036876250.0000001,-44.41982
1036876406.2500001,-44.41376
1036876562.5000001,-44.39388
1036876718.7500001,-44.43172
1036876875.0000001,-44.44099
1036877031.2500001,-44.42166
1036877187.5000001,-44.39851
1036877343.7500001,-44.41856
1036877500.0000001,-44.41206
1036877656.2500001,-44.42389
1036877812.5000001,-44.41466
1036877968.7500001,-44.41373
1036878125.0000001,-44.43845
1036878281.2500001,-44.42692
1036878437.5000001,-44.42393
1036878593.7500001,-44.42726
1036878750.0000001,-44.42363
1036878906.2500001,-44.46771
1036879062.5000001,-44.44156
1036879218.7500001,-44.43497
1036879375.0000001,-44.41909
1036879531.2500001,-44.46186
1036879687.5000001,-44.42447
1036879843.7500001,-44.44038
1036880000.0000001,-44.42927
1036880156.2500001,-44.45796
1036880312.5000001,-44.4352
1036880468.7500001,-44.42564
1036880625.0000001,-44.45961
1036880781.2500001,-44.46804
1036880937.5000001,-44.4544
1036881093.7500001,-44.45169
1036881250.0000001,-44.48981
1036881406.2500001,-44.46228
1036881562.5000001,-44.46335
1036881718.7500001,-44.48849
1036881875.0000001,-44.49069
1036882031.2500001,-44.4473
1036882187.5000001,-44.45047
1036882343.7500001,-44.48924
1036882500.0000001,-44.4548
1036882656.2500001,-44.4635
1036882812.5000001,-44.47055
1036882968.7500001,-44.45437
1036883125.0000001,-44.4751
1036883281.2500001,-44.47608
1036883437.5000001,-44.49216
1036883593.7500001,-44.49882
1036883750.0000001,-44.48768
1036883906.2500001,-44.45955
1036884062.5000001,-44.48182
1036884218.7500001,-44.50259
1036884375.0000001,-44.48214
1036884531.2500001,-44.47466
1036884687.5000001,-44.48566
1036884843.7500001,-44.50983
1036885000.0000001,-44.47897
1036885156.2500001,-44.52671
1036885312.5000001,-44.47586
1036885468.7500001,-44.48373
1036885625.0000001,-44.48571
1036885781.2500001,-44.48759
1036885937.5000001,-44.5184
1036886093.7500001,-44.49147
1036886250.0000001,-44.49906
1036886406.2500001,-44.50169
1036886562.5000001,-44.51254
1036886718.7500001,-44.53987
1036886875.0000001,-44.51865
1036887031.2500001,-44.51746
1036887187.5000001,-44.50938
1036887343.7500001,-44.51461
1036887500.0000001,-44.51008
1036887656.2500001,-44.52937
1036887812.5000001,-44.47634
1036887968.7500001,-44.54935
1036888125.0000001,-44.508
1036888281.2500001,-44.5722
1036888437.5000001,-44.52213
1036888593.7500001,-44.54792
1036888750.0000001,-44.52419
1036888906.2500001,-44.51776
1036889062.5000001,-44.51893
1036889218.7500001,-44.51744
1036889375.0000001,-44.5628
1036889531.2500001,-44.53424
1036889687.5000001,-44.53708
1036889843.7500001,-44.53908
1036890000.0000001,-44.55976
1036890156.2500001,-44.53845
1036890312.5000001,-44.52381
1036890468.7500001,-44.55991
1036890625.0000001,-44.54263
1036890781.2500001,-44.56306
1036890937.5000001,-44.56661
1036891093.7500001,-44.56104
1036891250.0000001,-44.58741
1036891406.2500001,-44.56812
1036891562.5000001,-44.56845
1036891718.7500001,-44.56894
1036891875.0000001,-44.57417
1036892031.2500001,-44.5345
1036892187.5000001,-44.57764
1036892343.7500001,-44.55904
1036892500.0000001,-44.56304
1036892656.2500001,-44.56977
1036892812.5000001,-44.56907
1036892968.7500001,-44.57768
1036893125.0000001,-44.57589
1036893281.2500001,-44.55676
1036893437.5000001,-44.54396
1036893593.7500001,-44.57743
1036893750.0000001,-44.57078
1036893906.2500001,-44.5517
1036894062.5000001,-44.59832
1036894218.7500001,-44.5812
1036894375.0000001,-44.60183
1036894531.2500001,-44.56367
1036894687.5000001,-44.59318
1036894843.7500001,-44.57285
1036895000.0000001,-44.5896
1036895156.2500001,-44.60453
1036895312.5000001,-44.61551
1036895468.7500001,-44.59835
1036895625.0000001,-44.60406
1036895781.2500001,-44.5891
1036895937.5000001,-44.59753
1036896093.7500001,-44.58981
1036896250.0000001,-44.60165
1036896406.2500001,-44.61005
1036896562.5000001,-44.61061
1036896718.7500001,-44.59772
1036896875.0000001,-44.61176
1036897031.2500001,-44.60186
1036897187.5000001,-44.62229
1036897343.7500001,-44.58949
1036897500.0000001,-44.61972
1036897656.2500001,-44.60235
1036897812.5000001,-44.61305
1036897968.7500001,-44.60649
1036898125.0000001,-44.62946
1036898281.2500001,-44.62352
1036898437.5000001,-44.6302
1036898593.7500001,-44.61198
1036898750.0000001,-44.62899
1036898906.2500001,-44.65152
1036899062.5000001,-44.64518
1036899218.7500001,-44.63457
1036899375.0000001,-44.63824
1036899531.2500001,-44.63662
1036899687.5000001,-44.59079
1036899843.7500001,-44.62461
1036900000.0000001,-44.63578
1036900156.2500001,-44.65958
1036900312.5000001,-44.66505
1036900468.7500001,-44.65828
1036900625.0000001,-44.61821
1036900781.2500001,-44.62376
1036900937.5000001,-44.64619
1036901093.7500001,-44.63182
1036901250.0000001,-44.64235
1036901406.2500001,-44.62321
1036901562.5000001,-44.6503
1036901718.7500001,-44.67845
1036901875.0000001,-44.67057
1036902031.2500001,-44.64415
1036902187.5000001,-44.66153
1036902343.7500001,-44.65831
1036902500.0000001,-44.66276
1036902656.2500001,-44.67762
1036902812.5000001,-44.66587
1036902968.7500001,-44.66147
1036903125.0000001,-44.64471
1036903281.2500001,-44.6821
1036903437.5000001,-44.67701
1036903593.7500001,-44.6905
1036903750.0000001,-44.68554
1036903906.2500001,-44.68265
1036904062.5000001,-44.6791
1036904218.7500001,-44.68593
1036904375.0000001,-44.69274
1036904531.2500001,-44.71079
1036904687.5000001,-44.67746
1036904843.7500001,-44.68516
1036905000.0000001,-44.69897
1036905156.2500001,-44.68868
1036905312.5000001,-44.67383
1036905468.7500001,-44.67613
1036905625.0000001,-44.69449
1036905781.2500001,-44.67986
1036905937.5000001,-44.73027
1036906093.7500001,-44.68783
1036906250.0000001,-44.73126
1036906406.2500001,-44.69493
1036906562.5000001,-44.70958
1036906718.7500001,-44.70357
1036906875.0000001,-44.6961
1036907031.2500001,-44.68953
1036907187.5000001,-44.69439
1036907343.7500001,-44.70854
1036907500.0000001,-44.69152
1036907656.2500001,-44.71106
1036907812.5000001,-44.69823
1036907968.7500001,-44.72966
1036908125.0000001,-44.71473
1036908281.2500001,-44.72169
1036908437.5000001,-44.72027
1036908593.7500001,-44.71838
1036908750.0000001,-44.70398
1036908906.2500001,-44.74058
1036909062.5000001,-44.70482
1036909218.7500001,-44.74997
1036909375.0000001,-44.7461
1036909531.2500001,-44.7145
1036909687.5000001,-44.73611
1036909843.7500001,-44.72859
1036910000.0000001,-44.731
1036910156.2500001,-44.75646
1036910312.5000001,-44.751
1036910468.7500001,-44.73731
1036910625.0000001,-44.74892
1036910781.2500001,-44.75172
1036910937.5000001,-44.76169
1036911093.7500001,-44.75795
1036911250.0000001,-44.75342
1036911406.2500001,-44.71269
1036911562.5000001,-44.75891
1036911718.7500001,-44.75818
1036911875.0000001,-44.76589
1036912031.2500001,-44.783
1036912187.5000001,-44.76783
1036912343.7500001,-44.7682
1036912500.0000001,-44.7553
1036912656.2500001,-44.78038
1036912812.5000001,-44.76909
1036912968.7500001,-44.76987
1036913125.0000001,-44.73082
1036913281.2500001,-44.78895
1036913437.5000001,-44.75266
1036913593.7500001,-44.74893
1036913750.0000001,-44.72849
1036913906.2500001,-44.75708
1036914062.5000001,-44.76403
1036914218.7500001,-44.77209
1036914375.0000001,-44.74563
1036914531.2500001,-44.76604
1036914687.5000001,-44.78212
1036914843.7500001,-44.78633
1036915000.0000001,-44.77961
1036915156.2500001,-44.78201
1036915312.5000001,-44.79485
1036915468.7500001,-44.76221
1036915625.0000001,-44.77219
1036915781.2500001,-44.78452
1036915937.5000001,-44.76641
1036916093.7500001,-44.77493
1036916250.0000001,-44.79757
1036916406.2500001,-44.8218
1036916562.5000001,-44.79656
1036916718.7500001,-44.74634
1036916875.0000001,-44.80322
1036917031.2500001,-44.80214
1036917187.5000001,-44.77792
1036917343.7500001,-44.79918
1036917500.0000001,-44.79304
1036917656.2500001,-44.83221
1036917812.5000001,-44.7924
1036917968.7500001,-44.81179
1036918125.0000001,-44.8211
1036918281.2500001,-44.80799
1036918437.5000001,-44.79712
1036918593.7500001,-44.81207
1036918750.0000001,-44.82199
1036918906.2500001,-44.8129
1036919062.5000001,-44.81342
1036919218.7500001,-44.81464
1036919375.0000001,-44.84577
1036919531.2500001,-44.81978
1036919687.5000001,-44.81334
1036919843.7500001,-44.84508
1036920000.0000001,-44.84935
1036920156.2500001,-44.79496
1036920312.5000001,-44.84089
1036920468.7500001,-44.82985
1036920625.0000001,-44.8151
1036920781.2500001,-44.83
1036920937.5000001,-44.8213
1036921093.7500001,-44.79938
1036921250.0000001,-44.8269
1036921406.2500001,-44.84154
1036921562.5000001,-44.85133
1036921718.7500001,-44.83101
1036921875.0000001,-44.86079
1036922031.2500001,-44.85546
1036922187.5000001,-44.83933
1036922343.7500001,-44.85241
1036922500.0000001,-44.84961
1036922656.2500001,-44.85851
1036922812.5000001,-44.85878
1036922968.7500001,-44.88015
1036923125.0000001,-44.82037
1036923281.2500001,-44.83527
1036923437.5000001,-44.8634
1036923593.7500001,-44.87412
1036923750.0000001,-44.87331
1036923906.2500001,-44.85896
1036924062.5000001,-44.8676
1036924218.7500001,-44.86551
1036924375.0000001,-44.8344
1036924531.2500001,-44.85408
1036924687.5000001,-44.86945
1036924843.7500001,-44.85306
1036925000.0000001,-44.8795
1036925156.2500001,-44.85675
1036925312.5000001,-44.84851
1036925468.7500001,-44.88857
1036925625.0000001,-44.85406
1036925781.2500001,-44.89889
1036925937.5000001,-44.89934
1036926093.7500001,-44.87756
1036926250.0000001,-44.86758
1036926406.2500001,-44.91208
1036926562.5000001,-44.89286
1036926718.7500001,-44.85281
1036926875.0000001,-44.89145
1036927031.2500001,-44.86614
1036927187.5000001,-44.92012
1036927343.7500001,-44.90464
1036927500.0000001,-44.88623
1036927656.2500001,-44.89356
1036927812.5000001,-44.91317
1036927968.7500001,-44.91377
1036928125.0000001,-44.87822
1036928281.2500001,-44.89016
1036928437.5000001,-44.90267
1036928593.7500001,-44.88637
1036928750.0000001,-44.9338
1036928906.2500001,-44.90122
1036929062.5000001,-44.87835
1036929218.7500001,-44.90762
1036929375.0000001,-44.92021
1036929531.2500001,-44.92065
1036929687.5000001,-44.91444
1036929843.7500001,-44.95165
1036930000.0000001,-44.90318
1036930156.2500001,-44.90546
1036930312.5000001,-44.90147
1036930468.7500001,-44.93244
1036930625.0000001,-44.91001
1036930781.2500001,-44.93559
1036930937.5000001,-44.93941
1036931093.7500001,-44.91084
1036931250.0000001,-44.9057
1036931406.2500001,-44.94567
1036931562.5000001,-44.92165
1036931718.7500001,-44.91398
1036931875.0000001,-44.93534
1036932031.2500001,-44.93977
1036932187.5000001,-44.93214
1036932343.7500001,-44.93853
1036932500.0000001,-44.9515
1036932656.2500001,-44.95116
1036932812.5000001,-44.93034
1036932968.7500001,-44.98145
1036933125.0000001,-44.96502
1036933281.2500001,-44.93628
1036933437.5000001,-44.95347
1036933593.7500001,-44.96576
1036933750.0000001,-44.934
1036933906.2500001,-44.95227
1036934062.5000001,-44.96373
1036934218.7500001,-44.94573
1036934375.0000001,-44.95057
1036934531.2500001,-44.96925
1036934687.5000001,-44.98876
1036934843.7500001,-44.96253
1036935000.0000001,-44.95457
1036935156.2500001,-44.99711
1036935312.5000001,-44.96584
1036935468.7500001,-44.9724
1036935625.0000001,-45.0021
1036935781.2500001,-44.98108
1036935937.5000001,-44.9538
1036936093.7500001,-44.97955
1036936250.0000001,-44.97982
1036936406.2500001,-44.99728
1036936562.5000001,-44.98244
1036936718.7500001,-44.98665
1036936875.0000001,-44.99595
1036937031.2500001,-44.98192
1036937187.5000001,-44.9757
1036937343.7500001,-44.99457
1036937500.0000001,-44.99512
1036937656.2500001,-44.97995
1036937812.5000001,-44.98497
1036937968.7500001,-44.9691
1036938125.0000001,-45.02776
1036938281.2500001,-44.97314
1036938437.5000001,-44.98114
1036938593.7500001,-44.99737
1036938750.0000001,-45.0074
1036938906.2500001,-44.97968
1036939062.5000001,-45.00391
1036939218.7500001,-45.01923
1036939375.0000001,-45.01198
1036939531.2500001,-45.02179
1036939687.5000001,-45.02728
1036939843.7500001,-44.98634
1036940000.0000001,-44.98897
1036940156.2500001,-45.01709
1036940312.5000001,-45.03782
1036940468.7500001,-44.97493
1036940625.0000001,-45.03699
1036940781.2500001,-45.01702
1036940937.5000001,-44.99468
1036941093.7500001,-45.03072
1036941250.0000001,-45.03893
1036941406.2500001,-45.02475
1036941562.5000001,-45.01443
1036941718.7500001,-45.02438
1036941875.0000001,-45.04073
1036942031.2500001,-45.00216
1036942187.5000001,-45.04158
1036942343.7500001,-45.03806
1036942500.0000001,-45.06255
1036942656.2500001,-45.04021
1036942812.5000001,-45.04554
1036942968.7500001,-45.05404
1036943125.0000001,-45.06918
1036943281.2500001,-45.0498
1036943437.5000001,-45.04114
1036943593.7500001,-45.0425
1036943750.0000001,-45.04997
1036943906.2500001,-45.05499
1036944062.5000001,-45.03207
1036944218.7500001,-45.02217
1036944375.0000001,-45.05482
1036944531.2500001,-45.08424
1036944687.5000001,-45.03978
1036944843.7500001,-45.0326
1036945000.0000001,-45.06047
1036945156.2500001,-45.06149
1036945312.5000001,-45.06474
1036945468.7500001,-45.05924
1036945625.0000001,-45.08021
1036945781.2500001,-45.07294
1036945937.5000001,-45.04564
1036946093.7500001,-45.05782
1036946250.0000001,-45.09539
1036946406.2500001,-45.05373
1036946562.5000001,-45.0937
1036946718.7500001,-45.04335
1036946875.0000001,-45.06273
1036947031.2500001,-45.06194
1036947187.5000001,-45.07752
1036947343.7500001,-45.06544
1036947500.0000001,-45.09617
1036947656.2500001,-45.06948
1036947812.5000001,-45.06544
1036947968.7500001,-45.07237
1036948125.0000001,-45.10477
1036948281.2500001,-45.09821
1036948437.5000001,-45.10344
1036948593.7500001,-45.10397
1036948750.0000001,-45.09595
1036948906.2500001,-45.0988
1036949062.5000001,-45.0417
1036949218.7500001,-45.08893
1036949375.0000001,-45.07605
1036949531.2500001,-45.10308
1036949687.5000001,-45.08137
1036949843.7500001,-45.11622
1036950000.0000001,-45.07492
1036950156.2500001,-45.08261
1036950312.5000001,-45.11452
1036950468.7500001,-45.08218
1036950625.0000001,-45.10126
1036950781.2500001,-45.11379
1036950937.5000001,-45.13708
1036951093.7500001,-45.1003
1036951250.0000001,-45.0987
1036951406.2500001,-45.11698
1036951562.5000001,-45.11814
1036951718.7500001,-45.1204
1036951875.0000001,-45.0936
1036952031.2500001,-45.13337
1036952187.5000001,-45.1284
1036952343.7500001,-45.16439
1036952500.0000001,-45.12873
1036952656.2500001,-45.12612
1036952812.5000001,-45.14618
1036952968.7500001,-45.13353
1036953125.0000001,-45.1515
1036953281.2500001,-45.12863
1036953437.5000001,-45.13433
1036953593.7500001,-45.16787
1036953750.0000001,-45.15016
1036953906.2500001,-45.11758
1036954062.5000001,-45.13539
1036954218.7500001,-45.1466
1036954375.0000001,-45.13572
1036954531.2500001,-45.15705
1036954687.5000001,-45.13896
1036954843.7500001,-45.15232
1036955000.0000001,-45.16439
1036955156.2500001,-45.11764
1036955312.5000001,-45.13918
1036955468.7500001,-45.14188
1036955625.0000001,-45.13063
1036955781.2500001,-45.14439
1036955937.5000001,-45.14486
1036956093.7500001,-45.13428
1036956250.0000001,-45.16803
1036956406.2500001,-45.1438
1036956562.5000001,-45.16303
1036956718.7500001,-45.1685
1036956875.0000001,-45.14091
1036957031.2500001,-45.1795
1036957187.5000001,-45.15901
1036957343.7500001,-45.17941
1036957500.0000001,-45.1656
1036957656.2500001,-45.16246
1036957812.5000001,-45.16069
1036957968.7500001,-45.19312
1036958125.0000001,-45.16396
1036958281.2500001,-45.15173
1036958437.5000001,-45.1993
1036958593.7500001,-45.17503
1036958750.0000001,-45.18638
1036958906.2500001,-45.18268
1036959062.5000001,-45.16829
1036959218.7500001,-45.20836
1036959375.0000001,-45.18599
1036959531.2500001,-45.2009
1036959687.5000001,-45.1674
1036959843.7500001,-45.20696
1036960000.0000001,-45.18545
1036960156.2500001,-45.17001
1036960312.5000001,-45.19456
1036960468.7500001,-45.1973
1036960625.0000001,-45.22178
1036960781.2500001,-45.24197
1036960937.5000001,-45.21309
1036961093.7500001,-45.19783
1036961250.0000001,-45.21991
1036961406.2500001,-45.20197
1036961562.5000001,-45.19888
1036961718.7500001,-45.18803
1036961875.0000001,-45.21601
1036962031.2500001,-45.19361
1036962187.5000001,-45.22963
1036962343.7500001,-45.21544
1036962500.0000001,-45.19247
1036962656.2500001,-45.2396
1036962812.5000001,-45.21789
1036962968.7500001,-45.2063
1036963125.0000001,-45.21412
1036963281.2500001,-45.22432
1036963437.5000001,-45.22507
1036963593.7500001,-45.21512
1036963750.0000001,-45.23142
1036963906.2500001,-45.22308
1036964062.5000001,-45.24066
1036964218.7500001,-45.23598
1036964375.0000001,-45.23925
1036964531.2500001,-45.2209
1036964687.5000001,-45.24194
1036964843.7500001,-45.23427
1036965000.0000001,-45.21946
1036965156.2500001,-45.22792
1036965312.5000001,-45.21663
1036965468.7500001,-45.24972
1036965625.0000001,-45.24369
1036965781.2500001,-45.25554
1036965937.5000001,-45.23845
1036966093.7500001,-45.24692
1036966250.0000001,-45.23074
1036966406.2500001,-45.21958
1036966562.5000001,-45.26693
1036966718.7500001,-45.235
1036966875.0000001,-45.22766
1036967031.2500001,-45.2708
1036967187.5000001,-45.25635
1036967343.7500001,-45.23531
1036967500.0000001,-45.24572
1036967656.2500001,-45.27401
1036967812.5000001,-45.29152
1036967968.7500001,-45.24873
1036968125.0000001,-45.26341
1036968281.2500001,-45.26862
1036968437.5000001,-45.2644
1036968593.7500001,-45.27799
1036968750.0000001,-45.25712
1036968906.2500001,-45.27904
1036969062.5000001,-45.26291
1036969218.7500001,-45.27187
1036969375.0000001,-45.26596
1036969531.2500001,-45.25785
1036969687.5000001,-45.29752
1036969843.7500001,-45.27366
1036970000.0000001,-45.29927
1036970156.2500001,-45.29251
1036970312.5000001,-45.29459
1036970468.7500001,-45.29784
1036970625.0000001,-45.28662
1036970781.2500001,-45.31491
1036970937.5000001,-45.30254
1036971093.7500001,-45.28226
1036971250.0000001,-45.28827
1036971406.2500001,-45.25251
1036971562.5000001,-45.27791
1036971718.7500001,-45.26188
1036971875.0000001,-45.31737
1036972031.2500001,-45.31712
1036972187.5000001,-45.28208
1036972343.7500001,-45.28308
1036972500.0000001,-45.30963
1036972656.2500001,-45.28764
1036972812.5000001,-45.29285
1036972968.7500001,-45.32281
1036973125.0000001,-45.30489
1036973281.2500001,-45.30861
1036973437.5000001,-45.32067
1036973593.7500001,-45.33806
1036973750.0000001,-45.31365
1036973906.2500001,-45.32682
1036974062.5000001,-45.30893
1036974218.7500001,-45.32467
1036974375.0000001,-45.3236
1036974531.2500001,-45.33181
1036974687.5000001,-45.31256
1036974843.7500001,-45.31107
1036975000.0000001,-45.31821
1036975156.2500001,-45.32913
1036975312.5000001,-45.29956
1036975468.7500001,-45.33793
1036975625.0000001,-45.34009
1036975781.2500001,-45.29499
1036975937.5000001,-45.32126
1036976093.7500001,-45.35274
1036976250.0000001,-45.34193
1036976406.2500001,-45.36674
1036976562.5000001,-45.36382
1036976718.7500001,-45.32692
1036976875.0000001,-45.30429
1036977031.2500001,-45.34697
1036977187.5000001,-45.34104
1036977343.7500001,-45.34488
1036977500.0000001,-45.38055
1036977656.2500001,-45.34086
1036977812.5000001,-45.35418
1036977968.7500001,-45.34648
1036978125.0000001,-45.37706
1036978281.2500001,-45.35312
1036978437.5000001,-45.35006
1036978593.7500001,-45.3606
1036978750.0000001,-45.33048
1036978906.2500001,-45.40568
1036979062.5000001,-45.34866
1036979218.7500001,-45.35116
1036979375.0000001,-45.35202
1036979531.2500001,-45.36793
1036979687.5000001,-45.40825
1036979843.7500001,-45.37029
1036980000.0000001,-45.37586
1036980156.2500001,-45.35515
1036980312.5000001,-45.35137
1036980468.7500001,-45.36351
1036980625.0000001,-45.39563
1036980781.2500001,-45.38564
1036980937.5000001,-45.37396
1036981093.7500001,-45.37967
1036981250.0000001,-45.39804
1036981406.2500001,-45.36922
1036981562.5000001,-45.36995
1036981718.7500001,-45.40092
1036981875.0000001,-45.35359
1036982031.2500001,-45.40672
1036982187.5000001,-45.38961
1036982343.7500001,-45.37932
1036982500.0000001,-45.36911
1036982656.2500001,-45.39703
1036982812.5000001,-45.39589
1036982968.7500001,-45.3762
1036983125.0000001,-45.4151
1036983281.2500001,-45.34953
1036983437.5000001,-45.40924
1036983593.7500001,-45.3922
1036983750.0000001,-45.38816
1036983906.2500001,-45.39346
1036984062.5000001,-45.3677
1036984218.7500001,-45.40948
1036984375.0000001,-45.43318
1036984531.2500001,-45.4201
1036984687.5000001,-45.43418
1036984843.7500001,-45.42716
1036985000.0000001,-45.41205
1036985156.2500001,-45.44021
1036985312.5000001,-45.40724
1036985468.7500001,-45.43812
1036985625.0000001,-45.42823
1036985781.2500001,-45.42992
1036985937.5000001,-45.37901
1036986093.7500001,-45.41936
1036986250.0000001,-45.42174
1036986406.2500001,-45.42489
1036986562.5000001,-45.43068
1036986718.7500001,-45.43407
1036986875.0000001,-45.4769
1036987031.2500001,-45.46275
1036987187.5000001,-45.43604
1036987343.7500001,-45.44615
1036987500.0000001,-45.4612
1036987656.2500001,-45.4463
1036987812.5000001,-45.44751
1036987968.7500001,-45.43563
1036988125.0000001,-45.41207
1036988281.2500001,-45.41341
1036988437.5000001,-45.4654
1036988593.7500001,-45.43435
1036988750.0000001,-45.42868
1036988906.2500001,-45.41289
1036989062.5000001,-45.43868
1036989218.7500001,-45.4569
1036989375.0000001,-45.45663
1036989531.2500001,-45.46825
1036989687.5000001,-45.45385
1036989843.7500001,-45.48378
1036990000.0000001,-45.45285
1036990156.2500001,-45.45608
1036990312.5000001,-45.4808
1036990468.7500001,-45.45592
1036990625.0000001,-45.4553
1036990781.2500001,-45.43525
1036990937.5000001,-45.49223
1036991093.7500001,-45.47108
1036991250.0000001,-45.4762
1036991406.2500001,-45.45205
1036991562.5000001,-45.50304
1036991718.7500001,-45.47305
1036991875.0000001,-45.45806
1036992031.2500001,-45.45965
1036992187.5000001,-45.48052
1036992343.7500001,-45.46263
1036992500.0000001,-45.47455
1036992656.2500001,-45.47145
1036992812.5000001,-45.48112
1036992968.7500001,-45.4905
1036993125.0000001,-45.50267
1036993281.2500001,-45.46935
1036993437.5000001,-45.49245
1036993593.7500001,-45.48475
1036993750.0000001,-45.49063
1036993906.2500001,-45.48816
1036994062.5000001,-45.4591
1036994218.7500001,-45.48804
1036994375.0000001,-45.49371
1036994531.2500001,-45.4888
1036994687.5000001,-45.46343
1036994843.7500001,-45.48655
1036995000.0000001,-45.51391
1036995156.2500001,-45.48574
1036995312.5000001,-45.47917
1036995468.7500001,-45.50658
1036995625.0000001,-45.52062
1036995781.2500001,-45.53774
1036995937.5000001,-45.4656
1036996093.7500001,-45.50116
1036996250.0000001,-45.53603
1036996406.2500001,-45.51781
1036996562.5000001,-45.50794
1036996718.7500001,-45.50213
1036996875.0000001,-45.53801
1036997031.2500001,-45.48157
1036997187.5000001,-45.50616
1036997343.7500001,-45.50945
1036997500.0000001,-45.52914
1036997656.2500001,-45.5434
1036997812.5000001,-45.50043
1036997968.7500001,-45.50496
1036998125.0000001,-45.51368
1036998281.2500001,-45.55622
1036998437.5000001,-45.52475
1036998593.7500001,-45.52504
1036998750.0000001,-45.50431
1036998906.2500001,-45.52657
1036999062.5000001,-45.55548
1036999218.7500001,-45.4915
1036999375.0000001,-45.5368
1036999531.2500001,-45.54472
1036999687.5000001,-45.56081
1036999843.7500001,-45.56225
1037000000.0000001,-45.49622
1037000156.2500001,-45.53143
1037000312.5000001,-45.51076
1037000468.7500001,-45.53457
1037000625.0000001,-45.50564
1037000781.2500001,-45.54021
1037000937.5000001,-45.57291
1037001093.7500001,-45.53677
1037001250.0000001,-45.55264
1037001406.2500001,-45.53238
1037001562.5000001,-45.53094
1037001718.7500001,-45.56067
1037001875.0000001,-45.57265
1037002031.2500001,-45.55342
1037002187.5000001,-45.57809
1037002343.7500001,-45.54691
1037002500.0000001,-45.5741
1037002656.2500001,-45.59514
1037002812.5000001,-45.57014
1037002968.7500001,-45.59179
1037003125.0000001,-45.56805
1037003281.2500001,-45.55312
1037003437.5000001,-45.56724
1037003593.7500001,-45.5671
1037003750.0000001,-45.56322
1037003906.2500001,-45.56791
1037004062.5000001,-45.59851
1037004218.7500001,-45.58359
1037004375.0000001,-45.57348
1037004531.2500001,-45.52228
1037004687.5000001,-45.58369
1037004843.7500001,-45.60252
1037005000.0000001,-45.60568
1037005156.2500001,-45.59222
1037005312.5000001,-45.58118
1037005468.7500001,-45.59999
1037005625.0000001,-45.57764
1037005781.2500001,-45.62946
1037005937.5000001,-45.5961
1037006093.7500001,-45.58887
1037006250.0000001,-45.57871
1037006406.2500001,-45.59477
1037006562.5000001,-45.57489
1037006718.7500001,-45.62233
1037006875.0000001,-45.62265
1037007031.2500001,-45.59716
1037007187.5000001,-45.62525
1037007343.7500001,-45.59976
1037007500.0000001,-45.63676
1037007656.2500001,-45.63443
1037007812.5000001,-45.61929
1037007968.7500001,-45.61201
1037008125.0000001,-45.6003
1037008281.2500001,-45.62145
1037008437.5000001,-45.61403
1037008593.7500001,-45.59417
1037008750.0000001,-45.64979
1037008906.2500001,-45.58329
1037009062.5000001,-45.61304
1037009218.7500001,-45.64967
1037009375.0000001,-45.61232
1037009531.2500001,-45.62439
1037009687.5000001,-45.64173
1037009843.7500001,-45.60616
1037010000.0000001,-45.63706
1037010156.2500001,-45.61369
1037010312.5000001,-45.61549
1037010468.7500001,-45.65568
1037010625.0000001,-45.62618
1037010781.2500001,-45.63874
1037010937.5000001,-45.64977
1037011093.7500001,-45.61637
1037011250.0000001,-45.64078
1037011406.2500001,-45.62603
1037011562.5000001,-45.59897
1037011718.7500001,-45.62834
1037011875.0000001,-45.62725
1037012031.2500001,-45.67568
1037012187.5000001,-45.59496
1037012343.7500001,-45.64693
1037012500.0000001,-45.69004
1037012656.2500001,-45.64301
1037012812.5000001,-45.64096
1037012968.7500001,-45.61425
1037013125.0000001,-45.63663
1037013281.2500001,-45.6184
1037013437.5000001,-45.65345
1037013593.7500001,-45.66335
1037013750.0000001,-45.71358
1037013906.2500001,-45.66651
1037014062.5000001,-45.66315
1037014218.7500001,-45.65022
1037014375.0000001,-45.6609
1037014531.2500001,-45.68159
1037014687.5000001,-45.6832
1037014843.7500001,-45.68253
1037015000.0000001,-45.6675
1037015156.2500001,-45.66331
1037015312.5000001,-45.67439
1037015468.7500001,-45.66083
1037015625.0000001,-45.65613
1037015781.2500001,-45.6561
1037015937.5000001,-45.68896
1037016093.7500001,-45.71259
1037016250.0000001,-45.67205
1037016406.2500001,-45.67397
1037016562.5000001,-45.66302
1037016718.7500001,-45.70733
1037016875.0000001,-45.6982
1037017031.2500001,-45.69718
1037017187.5000001,-45.67276
1037017343.7500001,-45.64749
1037017500.0000001,-45.70229
1037017656.2500001,-45.68534
1037017812.5000001,-45.68048
1037017968.7500001,-45.75851
1037018125.0000001,-45.69896
1037018281.2500001,-45.70014
1037018437.5000001,-45.72519
1037018593.7500001,-45.68371
1037018750.0000001,-45.71318
1037018906.2500001,-45.71178
1037019062.5000001,-45.68072
1037019218.7500001,-45.69474
1037019375.0000001,-45.73724
1037019531.2500001,-45.71021
1037019687.5000001,-45.73654
1037019843.7500001,-45.72585
1037020000.0000001,-45.73067
1037020156.2500001,-45.69365
1037020312.5000001,-45.70925
1037020468.7500001,-45.73836
1037020625.0000001,-45.7524
1037020781.2500001,-45.71605
1037020937.5000001,-45.73152
1037021093.7500001,-45.67408
1037021250.0000001,-45.71214
1037021406.2500001,-45.72171
1037021562.5000001,-45.74458
1037021718.7500001,-45.70759
1037021875.0000001,-45.73193
1037022031.2500001,-45.73687
1037022187.5000001,-45.71321
1037022343.7500001,-45.76711
1037022500.0000001,-45.73127
1037022656.2500001,-45.76006
1037022812.5000001,-45.7661
1037022968.7500001,-45.73692
1037023125.0000001,-45.72665
1037023281.2500001,-45.75142
1037023437.5000001,-45.76129
1037023593.7500001,-45.75194
1037023750.0000001,-45.73209
1037023906.2500001,-45.73536
1037024062.5000001,-45.75648
1037024218.7500001,-45.73288
1037024375.0000001,-45.76899
1037024531.2500001,-45.74395
1037024687.5000001,-45.74858
1037024843.7500001,-45.76128
1037025000.0000001,-45.73299
1037025156.2500001,-45.73263
1037025312.5000001,-45.75103
1037025468.7500001,-45.7538
1037025625.0000001,-45.76243
1037025781.2500001,-45.76357
1037025937.5000001,-45.76863
1037026093.7500001,-45.75614
1037026250.0000001,-45.76155
1037026406.2500001,-45.76522
1037026562.5000001,-45.78903
1037026718.7500001,-45.76466
1037026875.0000001,-45.76987
1037027031.2500001,-45.75223
1037027187.5000001,-45.79205
1037027343.7500001,-45.76325
1037027500.0000001,-45.77462
1037027656.2500001,-45.77039
1037027812.5000001,-45.77859
1037027968.7500001,-45.76851
1037028125.0000001,-45.77687
1037028281.2500001,-45.7587
1037028437.5000001,-45.78089
1037028593.7500001,-45.80367
1037028750.0000001,-45.80465
1037028906.2500001,-45.77279
1037029062.5000001,-45.82534
1037029218.7500001,-45.81175
1037029375.0000001,-45.72984
1037029531.2500001,-45.81483
1037029687.5000001,-45.78571
1037029843.7500001,-45.78819
1037030000.0000001,-45.78724
1037030156.2500001,-45.78595
1037030312.5000001,-45.78395
1037030468.7500001,-45.7788
1037030625.0000001,-45.79427
1037030781.2500001,-45.83562
1037030937.5000001,-45.81688
1037031093.7500001,-45.80407
1037031250.0000001,-45.79146
1037031406.2500001,-45.82052
1037031562.5000001,-45.81598
1037031718.7500001,-45.78092
1037031875.0000001,-45.81485
1037032031.2500001,-45.83348
1037032187.5000001,-45.82738
1037032343.7500001,-45.77197
1037032500.0000001,-45.79337
1037032656.2500001,-45.8115
1037032812.5000001,-45.80726
1037032968.7500001,-45.80918
1037033125.0000001,-45.80383
1037033281.2500001,-45.84892
1037033437.5000001,-45.79541
1037033593.7500001,-45.836
1037033750.0000001,-45.80323
1037033906.2500001,-45.83547
1037034062.5000001,-45.82034
1037034218.7500001,-45.81195
1037034375.0000001,-45.85659
1037034531.2500001,-45.87164
1037034687.5000001,-45.82942
1037034843.7500001,-45.8434
1037035000.0000001,-45.80587
1037035156.2500001,-45.84554
1037035312.5000001,-45.85833
1037035468.7500001,-45.84162
1037035625.0000001,-45.859
1037035781.2500001,-45.82322
1037035937.5000001,-45.8605
1037036093.7500001,-45.86077
1037036250.0000001,-45.85234
1037036406.2500001,-45.81743
1037036562.5000001,-45.83755
1037036718.7500001,-45.84293
1037036875.0000001,-45.77842
1037037031.2500001,-45.87583
1037037187.5000001,-45.85114
1037037343.7500001,-45.85192
1037037500.0000001,-45.88244
1037037656.2500001,-45.84531
1037037812.5000001,-45.83113
1037037968.7500001,-45.84468
1037038125.0000001,-45.84826
1037038281.2500001,-45.84748
1037038437.5000001,-45.87885
1037038593.7500001,-45.85546
1037038750.0000001,-45.85769
1037038906.2500001,-45.85059
1037039062.5000001,-45.85755
1037039218.7500001,-45.83255
1037039375.0000001,-45.85873
1037039531.2500001,-45.87254
1037039687.5000001,-45.89759
1037039843.7500001,-45.89895
1037040000.0000001,-45.89375
1037040156.2500001,-45.88708
1037040312.5000001,-45.85977
1037040468.7500001,-45.89715
1037040625.0000001,-45.88246
1037040781.2500001,-45.88516
1037040937.5000001,-45.86948
1037041093.7500001,-45.89437
1037041250.0000001,-45.89469
1037041406.2500001,-45.88383
1037041562.5000001,-45.89675
1037041718.7500001,-45.91118
1037041875.0000001,-45.90656
1037042031.2500001,-45.88993
1037042187.5000001,-45.91656
1037042343.7500001,-45.90277
1037042500.0000001,-45.9157
1037042656.2500001,-45.95181
1037042812.5000001,-45.88133
1037042968.7500001,-45.88976
1037043125.0000001,-45.91228
1037043281.2500001,-45.8896
1037043437.5000001,-45.89119
1037043593.7500001,-45.90514
1037043750.0000001,-45.93632
1037043906.2500001,-45.89254
1037044062.5000001,-45.91084
1037044218.7500001,-45.91718
1037044375.0000001,-45.87759
1037044531.2500001,-45.90202
1037044687.5000001,-45.93076
1037044843.7500001,-45.91832
1037045000.0000001,-45.92384
1037045156.2500001,-45.92115
1037045312.5000001,-45.94124
1037045468.7500001,-45.91823
1037045625.0000001,-45.90286
1037045781.2500001,-45.95153
1037045937.5000001,-45.9171
1037046093.7500001,-45.95393
1037046250.0000001,-45.91748
1037046406.2500001,-45.90057
1037046562.5000001,-45.9142
1037046718.7500001,-45.92233
1037046875.0000001,-45.93532
1037047031.2500001,-45.94387
1037047187.5000001,-45.95145
1037047343.7500001,-45.93867
1037047500.0000001,-45.92831
1037047656.2500001,-45.9212
1037047812.5000001,-45.91719
1037047968.7500001,-45.93615
1037048125.0000001,-45.91072
1037048281.2500001,-45.91666
1037048437.5000001,-45.95859
1037048593.7500001,-45.94439
1037048750.0000001,-45.97617
1037048906.2500001,-45.94825
1037049062.5000001,-45.96804
1037049218.7500001,-45.94535
1037049375.0000001,-45.95584
1037049531.2500001,-45.95358
1037049687.5000001,-45.96177
1037049843.7500001,-45.96287
1037050000.0000001,-45.96454
1037050156.2500001,-45.9453
1037050312.5000001,-45.97827
1037050468.7500001,-45.92274
1037050625.0000001,-45.93552
1037050781.2500001,-45.93713
1037050937.5000001,-45.96056
1037051093.7500001,-45.95988
1037051250.0000001,-45.97836
1037051406.2500001,-45.95806
1037051562.5000001,-45.97819
1037051718.7500001,-45.96655
1037051875.0000001,-45.96053
1037052031.2500001,-45.96825
1037052187.5000001,-45.98458
1037052343.7500001,-45.96599
1037052500.0000001,-45.95173
1037052656.2500001,-45.94742
1037052812.5000001,-45.99086
1037052968.7500001,-45.95411
1037053125.0000001,-45.96497
1037053281.2500001,-45.95396
1037053437.5000001,-46.00128
1037053593.7500001,-45.98705
1037053750.0000001,-45.9608
1037053906.2500001,-45.96599
1037054062.5000001,-45.97851
1037054218.7500001,-45.99744
1037054375.0000001,-46.00365
1037054531.2500001,-45.98763
1037054687.5000001,-46.0029
1037054843.7500001,-45.99574
1037055000.0000001,-45.99836
1037055156.2500001,-45.99341
1037055312.5000001,-46.03616
1037055468.7500001,-45.95935
1037055625.0000001,-46.02149
1037055781.2500001,-46.00546
1037055937.5000001,-45.99401
1037056093.7500001,-45.99677
1037056250.0000001,-46.03687
1037056406.2500001,-46.02616
1037056562.5000001,-45.98314
1037056718.7500001,-46.00245
1037056875.0000001,-46.01024
1037057031.2500001,-46.00239
1037057187.5000001,-46.03415
1037057343.7500001,-46.02412
1037057500.0000001,-46.03123
1037057656.2500001,-46.03283
1037057812.5000001,-46.01913
1037057968.7500001,-46.00778
1037058125.0000001,-46.01321
1037058281.2500001,-46.02327
1037058437.5000001,-46.03122
1037058593.7500001,-46.02912
1037058750.0000001,-46.04837
1037058906.2500001,-46.0195
1037059062.5000001,-46.02572
1037059218.7500001,-46.05782
1037059375.0000001,-46.05633
1037059531.2500001,-46.02923
1037059687.5000001,-46.02151
1037059843.7500001,-46.01482
1037060000.0000001,-46.04156
1037060156.2500001,-46.02302
1037060312.5000001,-46.07142
1037060468.7500001,-46.02344
1037060625.0000001,-46.08635
1037060781.2500001,-46.05807
1037060937.5000001,-46.05475
1037061093.7500001,-46.07198
1037061250.0000001,-46.04125
1037061406.2500001,-46.01889
1037061562.5000001,-46.04886
1037061718.7500001,-46.07616
1037061875.0000001,-46.08729
1037062031.2500001,-46.04677
1037062187.5000001,-46.06314
1037062343.7500001,-46.05669
1037062500.0000001,-46.05066
1037062656.2500001,-46.05877
1037062812.5000001,-46.03762
1037062968.7500001,-46.04556
1037063125.0000001,-46.04071
1037063281.2500001,-46.0648
1037063437.5000001,-46.09326
1037063593.7500001,-46.07507
1037063750.0000001,-46.04881
1037063906.2500001,-46.07438
1037064062.5000001,-46.06123
1037064218.7500001,-46.08131
1037064375.0000001,-46.09388
1037064531.2500001,-46.08703
1037064687.5000001,-46.03903
1037064843.7500001,-46.1056
1037065000.0000001,-46.09078
1037065156.2500001,-46.08341
1037065312.5000001,-46.10608
1037065468.7500001,-46.1026
1037065625.0000001,-46.08245
1037065781.2500001,-46.07617
1037065937.5000001,-46.0609
1037066093.7500001,-46.08955
1037066250.0000001,-46.07769
1037066406.2500001,-46.07611
1037066562.5000001,-46.09296
1037066718.7500001,-46.09527
1037066875.0000001,-46.12625
1037067031.2500001,-46.10789
1037067187.5000001,-46.10727
1037067343.7500001,-46.09526
1037067500.0000001,-46.0868
1037067656.2500001,-46.08169
1037067812.5000001,-46.08197
1037067968.7500001,-46.07961
1037068125.0000001,-46.09575
1037068281.2500001,-46.12895
1037068437.5000001,-46.10877
1037068593.7500001,-46.08365
1037068750.0000001,-46.12337
1037068906.2500001,-46.08394
1037069062.5000001,-46.13485
1037069218.7500001,-46.13315
1037069375.0000001,-46.11197
1037069531.2500001,-46.09185
1037069687.5000001,-46.11197
1037069843.7500001,-46.09614
1037070000.0000001,-46.11503
1037070156.2500001,-46.13206
1037070312.5000001,-46.10467
1037070468.7500001,-46.11079
1037070625.0000001,-46.11737
1037070781.2500001,-46.12553
1037070937.5000001,-46.11852
1037071093.7500001,-46.12485
1037071250.0000001,-46.14557
1037071406.2500001,-46.1329
1037071562.5000001,-46.15933
1037071718.7500001,-46.13661
1037071875.0000001,-46.1699
1037072031.2500001,-46.11689
1037072187.5000001,-46.13537
1037072343.7500001,-46.14008
1037072500.0000001,-46.13179
1037072656.2500001,-46.13345
1037072812.5000001,-46.16249
1037072968.7500001,-46.11739
1037073125.0000001,-46.17112
1037073281.2500001,-46.14328
1037073437.5000001,-46.16205
1037073593.7500001,-46.1468
1037073750.0000001,-46.19178
1037073906.2500001,-46.13844
1037074062.5000001,-46.16227
1037074218.7500001,-46.18335
1037074375.0000001,-46.1457
1037074531.2500001,-46.12571
1037074687.5000001,-46.14903
1037074843.7500001,-46.13581
1037075000.0000001,-46.18765
1037075156.2500001,-46.15112
1037075312.5000001,-46.1351
1037075468.7500001,-46.11866
1037075625.0000001,-46.14799
1037075781.2500001,-46.16192
1037075937.5000001,-46.17424
1037076093.7500001,-46.16922
1037076250.0000001,-46.16075
1037076406.2500001,-46.16046
1037076562.5000001,-46.13268
1037076718.7500001,-46.1849
1037076875.0000001,-46.18066
1037077031.2500001,-46.19127
1037077187.5000001,-46.16953
1037077343.7500001,-46.16977
1037077500.0000001,-46.16695
1037077656.2500001,-46.16505
1037077812.5000001,-46.17879
1037077968.7500001,-46.16629
1037078125.0000001,-46.1591
1037078281.2500001,-46.16464
1037078437.5000001,-46.19991
1037078593.7500001,-46.17636
1037078750.0000001,-46.20279
1037078906.2500001,-46.19514
1037079062.5000001,-46.16133
1037079218.7500001,-46.21072
1037079375.0000001,-46.17808
1037079531.2500001,-46.22517
1037079687.5000001,-46.17931
1037079843.7500001,-46.20327
1037080000.0000001,-46.21555
1037080156.2500001,-46.18695
1037080312.5000001,-46.21664
1037080468.7500001,-46.17918
1037080625.0000001,-46.22483
1037080781.2500001,-46.23709
1037080937.5000001,-46.23631
1037081093.7500001,-46.18653
1037081250.0000001,-46.2244
1037081406.2500001,-46.20157
1037081562.5000001,-46.205
1037081718.7500001,-46.21542
1037081875.0000001,-46.24451
1037082031.2500001,-46.23615
1037082187.5000001,-46.21208
1037082343.7500001,-46.24216
1037082500.0000001,-46.23287
1037082656.2500001,-46.22377
1037082812.5000001,-46.25246
1037082968.7500001,-46.18431
1037083125.0000001,-46.23836
1037083281.2500001,-46.22675
1037083437.5000001,-46.21181
1037083593.7500001,-46.24645
1037083750.0000001,-46.23777
1037083906.2500001,-46.23741
1037084062.5000001,-46.20636
1037084218.7500001,-46.24411
1037084375.0000001,-46.22311
1037084531.2500001,-46.24792
1037084687.5000001,-46.22519
1037084843.7500001,-46.21984
1037085000.0000001,-46.20822
1037085156.2500001,-46.24369
1037085312.5000001,-46.23412
1037085468.7500001,-46.19925
1037085625.0000001,-46.23884
1037085781.2500001,-46.249
1037085937.5000001,-46.23239
1037086093.7500001,-46.26701
1037086250.0000001,-46.24844
1037086406.2500001,-46.23587
1037086562.5000001,-46.25237
1037086718.7500001,-46.25086
1037086875.0000001,-46.2399
1037087031.2500001,-46.28204
1037087187.5000001,-46.2384
1037087343.7500001,-46.24086
1037087500.0000001,-46.28352
1037087656.2500001,-46.27708
1037087812.5000001,-46.26644
1037087968.7500001,-46.24027
1037088125.0000001,-46.25394
1037088281.2500001,-46.24291
1037088437.5000001,-46.27244
1037088593.7500001,-46.25336
1037088750.0000001,-46.27993
1037088906.2500001,-46.27499
1037089062.5000001,-46.26169
1037089218.7500001,-46.31418
1037089375.0000001,-46.25918
1037089531.2500001,-46.27398
1037089687.5000001,-46.25121
1037089843.7500001,-46.28307
1037090000.0000001,-46.31775
1037090156.2500001,-46.29829
1037090312.5000001,-46.28731
1037090468.7500001,-46.31201
1037090625.0000001,-46.2544
1037090781.2500001,-46.28034
1037090937.5000001,-46.26001
1037091093.7500001,-46.28786
1037091250.0000001,-46.26933
1037091406.2500001,-46.30086
1037091562.5000001,-46.25418
1037091718.7500001,-46.31945
1037091875.0000001,-46.28657
1037092031.2500001,-46.30988
1037092187.5000001,-46.30266
1037092343.7500001,-46.2947
1037092500.0000001,-46.32526
1037092656.2500001,-46.27561
1037092812.5000001,-46.28333
1037092968.7500001,-46.27995
1037093125.0000001,-46.33235
1037093281.2500001,-46.28601
1037093437.5000001,-46.29109
1037093593.7500001,-46.32888
1037093750.0000001,-46.31917
1037093906.2500001,-46.30322
1037094062.5000001,-46.30622
1037094218.7500001,-46.30835
1037094375.0000001,-46.31697
1037094531.2500001,-46.30465
1037094687.5000001,-46.31789
1037094843.7500001,-46.28754
1037095000.0000001,-46.33476
1037095156.2500001,-46.30185
1037095312.5000001,-46.3413
1037095468.7500001,-46.32182
1037095625.0000001,-46.34764
1037095781.2500001,-46.34571
1037095937.5000001,-46.28646
1037096093.7500001,-46.32758
1037096250.0000001,-46.32558
1037096406.2500001,-46.35645
1037096562.5000001,-46.34273
1037096718.7500001,-46.29897
1037096875.0000001,-46.29805
1037097031.2500001,-46.33456
1037097187.5000001,-46.31321
1037097343.7500001,-46.35471
1037097500.0000001,-46.36798
1037097656.2500001,-46.35542
1037097812.5000001,-46.33229
1037097968.7500001,-46.36076
1037098125.0000001,-46.37228
1037098281.2500001,-46.36367
1037098437.5000001,-46.32633
1037098593.7500001,-46.34356
1037098750.0000001,-46.35707
1037098906.2500001,-46.32734
1037099062.5000001,-46.33037
1037099218.7500001,-46.35777
1037099375.0000001,-46.38853
1037099531.2500001,-46.35025
1037099687.5000001,-46.35768
1037099843.7500001,-46.34406
1037100000.0000001,-46.3378
1037100156.2500001,-46.35263
1037100312.5000001,-46.32147
1037100468.7500001,-46.36134
1037100625.0000001,-46.37316
1037100781.2500001,-46.37315
1037100937.5000001,-46.35993
1037101093.7500001,-46.36418
1037101250.0000001,-46.37798
1037101406.2500001,-46.37688
1037101562.5000001,-46.35784
1037101718.7500001,-46.35211
1037101875.0000001,-46.38976
1037102031.2500001,-46.38047
1037102187.5000001,-46.40219
1037102343.7500001,-46.39859
1037102500.0000001,-46.36649
1037102656.2500001,-46.37563
1037102812.5000001,-46.41975
1037102968.7500001,-46.3563
1037103125.0000001,-46.37459
1037103281.2500001,-46.40398
1037103437.5000001,-46.42173
1037103593.7500001,-46.41347
1037103750.0000001,-46.39657
1037103906.2500001,-46.39245
1037104062.5000001,-46.39296
1037104218.7500001,-46.39672
1037104375.0000001,-46.40709
1037104531.2500001,-46.37604
1037104687.5000001,-46.37799
1037104843.7500001,-46.3999
1037105000.0000001,-46.39511
1037105156.2500001,-46.41162
1037105312.5000001,-46.43238
1037105468.7500001,-46.41572
1037105625.0000001,-46.38924
1037105781.2500001,-46.3984
1037105937.5000001,-46.42722
1037106093.7500001,-46.45077
1037106250.0000001,-46.37695
1037106406.2500001,-46.42107
1037106562.5000001,-46.3941
1037106718.7500001,-46.39696
1037106875.0000001,-46.39872
1037107031.2500001,-46.42632
1037107187.5000001,-46.41233
1037107343.7500001,-46.4052
1037107500.0000001,-46.38631
1037107656.2500001,-46.3869
1037107812.5000001,-46.38835
1037107968.7500001,-46.42422
1037108125.0000001,-46.40639
1037108281.2500001,-46.42696
1037108437.5000001,-46.41983
1037108593.7500001,-46.39975
1037108750.0000001,-46.44506
1037108906.2500001,-46.40791
1037109062.5000001,-46.40108
1037109218.7500001,-46.4019
1037109375.0000001,-46.43092
1037109531.2500001,-46.4216
1037109687.5000001,-46.42548
1037109843.7500001,-46.44856
1037110000.0000001,-46.44241
1037110156.2500001,-46.43861
1037110312.5000001,-46.44367
1037110468.7500001,-46.43363
1037110625.0000001,-46.44522
1037110781.2500001,-46.41518
1037110937.5000001,-46.45694
1037111093.7500001,-46.43195
1037111250.0000001,-46.40997
1037111406.2500001,-46.42454
1037111562.5000001,-46.40323
1037111718.7500001,-46.43479
1037111875.0000001,-46.44994
1037112031.2500001,-46.44864
1037112187.5000001,-46.44608
1037112343.7500001,-46.44316
1037112500.0000001,-46.44386
1037112656.2500001,-46.47485
1037112812.5000001,-46.47971
1037112968.7500001,-46.45639
1037113125.0000001,-46.45747
1037113281.2500001,-46.46264
1037113437.5000001,-46.4656
1037113593.7500001,-46.49042
1037113750.0000001,-46.4213
1037113906.2500001,-46.47759
1037114062.5000001,-46.44441
1037114218.7500001,-46.42833
1037114375.0000001,-46.4896
1037114531.2500001,-46.46571
1037114687.5000001,-46.50581
1037114843.7500001,-46.45984
1037115000.0000001,-46.47267
1037115156.2500001,-46.45244
1037115312.5000001,-46.48927
1037115468.7500001,-46.45573
1037115625.0000001,-46.48422
1037115781.2500001,-46.50975
1037115937.5000001,-46.50972
1037116093.7500001,-46.48102
1037116250.0000001,-46.5093
1037116406.2500001,-46.46758
1037116562.5000001,-46.50772
1037116718.7500001,-46.50589
1037116875.0000001,-46.4787
1037117031.2500001,-46.48665
1037117187.5000001,-46.51611
1037117343.7500001,-46.48812
1037117500.0000001,-46.49322
1037117656.2500001,-46.49953
1037117812.5000001,-46.51788
1037117968.7500001,-46.49578
1037118125.0000001,-46.50047
1037118281.2500001,-46.49883
1037118437.5000001,-46.47439
1037118593.7500001,-46.4777
1037118750.0000001,-46.47596
1037118906.2500001,-46.49545
1037119062.5000001,-46.51918
1037119218.7500001,-46.47884
1037119375.0000001,-46.5351
1037119531.2500001,-46.48377
1037119687.5000001,-46.48953
1037119843.7500001,-46.53173
1037120000.0000001,-46.53534
1037120156.2500001,-46.52397
1037120312.5000001,-46.49717
1037120468.7500001,-46.47982
1037120625.0000001,-46.5059
1037120781.2500001,-46.51565
1037120937.5000001,-46.52118
1037121093.7500001,-46.53649
1037121250.0000001,-46.53484
1037121406.2500001,-46.5214
1037121562.5000001,-46.48753
1037121718.7500001,-46.53005
1037121875.0000001,-46.51016
1037122031.2500001,-46.55455
1037122187.5000001,-46.54957
1037122343.7500001,-46.53367
1037122500.0000001,-46.54879
1037122656.2500001,-46.53439
1037122812.5000001,-46.52198
1037122968.7500001,-46.51588
1037123125.0000001,-46.56767
1037123281.2500001,-46.55837
1037123437.5000001,-46.52661
1037123593.7500001,-46.57853
1037123750.0000001,-46.53166
1037123906.2500001,-46.53118
1037124062.5000001,-46.53251
1037124218.7500001,-46.5659
1037124375.0000001,-46.53508
1037124531.2500001,-46.56616
1037124687.5000001,-46.53893
1037124843.7500001,-46.56873
1037125000.0000001,-46.57784
1037125156.2500001,-46.57719
1037125312.5000001,-46.54086
1037125468.7500001,-46.56823
1037125625.0000001,-46.52774
1037125781.2500001,-46.55536
1037125937.5000001,-46.49219
1037126093.7500001,-46.5901
1037126250.0000001,-46.56643
1037126406.2500001,-46.55984
1037126562.5000001,-46.5808
1037126718.7500001,-46.56249
1037126875.0000001,-46.5802
1037127031.2500001,-46.56868
1037127187.5000001,-46.59028
1037127343.7500001,-46.59925
1037127500.0000001,-46.56333
1037127656.2500001,-46.58799
1037127812.5000001,-46.62162
1037127968.7500001,-46.5573
1037128125.0000001,-46.57768
1037128281.2500001,-46.57754
1037128437.5000001,-46.55125
1037128593.7500001,-46.59547
1037128750.0000001,-46.60791
1037128906.2500001,-46.59079
1037129062.5000001,-46.57046
1037129218.7500001,-46.5616
1037129375.0000001,-46.61264
1037129531.2500001,-46.58592
1037129687.5000001,-46.55004
1037129843.7500001,-46.59013
1037130000.0000001,-46.58902
1037130156.2500001,-46.61452
1037130312.5000001,-46.60875
1037130468.7500001,-46.5899
1037130625.0000001,-46.60861
1037130781.2500001,-46.61029
1037130937.5000001,-46.60873
1037131093.7500001,-46.59685
1037131250.0000001,-46.59129
1037131406.2500001,-46.56502
1037131562.5000001,-46.56263
1037131718.7500001,-46.60946
1037131875.0000001,-46.62184
1037132031.2500001,-46.6085
1037132187.5000001,-46.60291
1037132343.7500001,-46.61083
1037132500.0000001,-46.61039
1037132656.2500001,-46.60779
1037132812.5000001,-46.65741
1037132968.7500001,-46.60656
1037133125.0000001,-46.60064
1037133281.2500001,-46.63279
1037133437.5000001,-46.60736
1037133593.7500001,-46.57655
1037133750.0000001,-46.62547
1037133906.2500001,-46.62867
1037134062.5000001,-46.58743
1037134218.7500001,-46.59512
1037134375.0000001,-46.61909
1037134531.2500001,-46.65892
1037134687.5000001,-46.58419
1037134843.7500001,-46.59134
1037135000.0000001,-46.61463
1037135156.2500001,-46.6082
1037135312.5000001,-46.63256
1037135468.7500001,-46.66707
1037135625.0000001,-46.6093
1037135781.2500001,-46.65977
1037135937.5000001,-46.61257
1037136093.7500001,-46.63682
1037136250.0000001,-46.63735
1037136406.2500001,-46.62151
1037136562.5000001,-46.61904
1037136718.7500001,-46.61827
1037136875.0000001,-46.63181
1037137031.2500001,-46.61687
1037137187.5000001,-46.65778
1037137343.7500001,-46.64155
1037137500.0000001,-46.64901
1037137656.2500001,-46.64825
1037137812.5000001,-46.63047
1037137968.7500001,-46.63518
1037138125.0000001,-46.60462
1037138281.2500001,-46.65721
1037138437.5000001,-46.65368
1037138593.7500001,-46.66891
1037138750.0000001,-46.60493
1037138906.2500001,-46.64801
1037139062.5000001,-46.63973
1037139218.7500001,-46.65493
1037139375.0000001,-46.70222
1037139531.2500001,-46.66891
1037139687.5000001,-46.66955
1037139843.7500001,-46.64598
1037140000.0000001,-46.66076
1037140156.2500001,-46.69217
1037140312.5000001,-46.67888
1037140468.7500001,-46.6665
1037140625.0000001,-46.66173
1037140781.2500001,-46.68079
1037140937.5000001,-46.68765
1037141093.7500001,-46.69443
1037141250.0000001,-46.68404
1037141406.2500001,-46.66673
1037141562.5000001,-46.64824
1037141718.7500001,-46.66402
1037141875.0000001,-46.65802
1037142031.2500001,-46.67086
1037142187.5000001,-46.654
1037142343.7500001,-46.70051
1037142500.0000001,-46.67099
1037142656.2500001,-46.66351
1037142812.5000001,-46.66799
1037142968.7500001,-46.66467
1037143125.0000001,-46.70421
1037143281.2500001,-46.69253
1037143437.5000001,-46.66266
1037143593.7500001,-46.69571
1037143750.0000001,-46.70295
1037143906.2500001,-46.68672
1037144062.5000001,-46.65366
1037144218.7500001,-46.69328
1037144375.0000001,-46.67345
1037144531.2500001,-46.68246
1037144687.5000001,-46.72578
1037144843.7500001,-46.72012
1037145000.0000001,-46.71017
1037145156.2500001,-46.70011
1037145312.5000001,-46.6881
1037145468.7500001,-46.74671
1037145625.0000001,-46.73831
1037145781.2500001,-46.70681
1037145937.5000001,-46.69162
1037146093.7500001,-46.71426
1037146250.0000001,-46.73158
1037146406.2500001,-46.68645
1037146562.5000001,-46.7197
1037146718.7500001,-46.71914
1037146875.0000001,-46.72485
1037147031.2500001,-46.70711
1037147187.5000001,-46.7036
1037147343.7500001,-46.69761
1037147500.0000001,-46.74073
1037147656.2500001,-46.71062
1037147812.5000001,-46.69414
1037147968.7500001,-46.73597
1037148125.0000001,-46.76749
1037148281.2500001,-46.67985
1037148437.5000001,-46.72266
1037148593.7500001,-46.72796
1037148750.0000001,-46.73298
1037148906.2500001,-46.72863
1037149062.5000001,-46.73727
1037149218.7500001,-46.72299
1037149375.0000001,-46.73969
1037149531.2500001,-46.72499
1037149687.5000001,-46.74343
1037149843.7500001,-46.75122
1037150000.0000001,-46.73317
1037150156.2500001,-46.73489
1037150312.5000001,-46.78875
1037150468.7500001,-46.73886
1037150625.0000001,-46.71817
1037150781.2500001,-46.7239
1037150937.5000001,-46.75846
1037151093.7500001,-46.75169
1037151250.0000001,-46.74845
1037151406.2500001,-46.73428
1037151562.5000001,-46.80136
1037151718.7500001,-46.74214
1037151875.0000001,-46.72689
1037152031.2500001,-46.77735
1037152187.5000001,-46.75547
1037152343.7500001,-46.75877
1037152500.0000001,-46.70349
1037152656.2500001,-46.74195
1037152812.5000001,-46.74232
1037152968.7500001,-46.72971
1037153125.0000001,-46.75967
1037153281.2500001,-46.70007
1037153437.5000001,-46.79889
1037153593.7500001,-46.78296
1037153750.0000001,-46.73642
1037153906.2500001,-46.79067
1037154062.5000001,-46.77579
1037154218.7500001,-46.76778
1037154375.0000001,-46.7495
1037154531.2500001,-46.72567
1037154687.5000001,-46.79314
1037154843.7500001,-46.80169
1037155000.0000001,-46.77604
1037155156.2500001,-46.77417
1037155312.5000001,-46.76352
1037155468.7500001,-46.81555
1037155625.0000001,-46.79707
1037155781.2500001,-46.78839
1037155937.5000001,-46.78421
1037156093.7500001,-46.78828
1037156250.0000001,-46.75665
1037156406.2500001,-46.7963
1037156562.5000001,-46.7784
1037156718.7500001,-46.79511
1037156875.0000001,-46.78917
1037157031.2500001,-46.7682
1037157187.5000001,-46.77795
1037157343.7500001,-46.78097
1037157500.0000001,-46.83493
1037157656.2500001,-46.77374
1037157812.5000001,-46.80352
1037157968.7500001,-46.77618
1037158125.0000001,-46.81206
1037158281.2500001,-46.81225
1037158437.5000001,-46.80946
1037158593.7500001,-46.81656
1037158750.0000001,-46.78084
1037158906.2500001,-46.78719
1037159062.5000001,-46.80683
1037159218.7500001,-46.79032
1037159375.0000001,-46.78348
1037159531.2500001,-46.82445
1037159687.5000001,-46.80636
1037159843.7500001,-46.80983
1037160000.0000001,-46.81184
1037160156.2500001,-46.77885
1037160312.5000001,-46.826
1037160468.7500001,-46.81802
1037160625.0000001,-46.81789
1037160781.2500001,-46.83279
1037160937.5000001,-46.83107
1037161093.7500001,-46.83055
1037161250.0000001,-46.81451
1037161406.2500001,-46.84586
1037161562.5000001,-46.79689
1037161718.7500001,-46.82834
1037161875.0000001,-46.82802
1037162031.2500001,-46.83369
1037162187.5000001,-46.84959
1037162343.7500001,-46.80962
1037162500.0000001,-46.84289
1037162656.2500001,-46.8241
1037162812.5000001,-46.81443
1037162968.7500001,-46.79813
1037163125.0000001,-46.86251
1037163281.2500001,-46.7905
1037163437.5000001,-46.8149
1037163593.7500001,-46.83257
1037163750.0000001,-46.82625
1037163906.2500001,-46.83718
1037164062.5000001,-46.86692
1037164218.7500001,-46.8188
1037164375.0000001,-46.87152
1037164531.2500001,-46.8472
1037164687.5000001,-46.83015
1037164843.7500001,-46.83431
1037165000.0000001,-46.85309
1037165156.2500001,-46.81915
1037165312.5000001,-46.85368
1037165468.7500001,-46.85787
1037165625.0000001,-46.84121
1037165781.2500001,-46.85658
1037165937.5000001,-46.84008
1037166093.7500001,-46.82479
1037166250.0000001,-46.81821
1037166406.2500001,-46.83038
1037166562.5000001,-46.86363
1037166718.7500001,-46.83245
1037166875.0000001,-46.86922
1037167031.2500001,-46.88988
1037167187.5000001,-46.85437
1037167343.7500001,-46.88594
1037167500.0000001,-46.86435
1037167656.2500001,-46.85976
1037167812.5000001,-46.83218
1037167968.7500001,-46.84624
1037168125.0000001,-46.8541
1037168281.2500001,-46.8625
1037168437.5000001,-46.88265
1037168593.7500001,-46.9022
1037168750.0000001,-46.89997
1037168906.2500001,-46.89382
1037169062.5000001,-46.89561
1037169218.7500001,-46.90808
1037169375.0000001,-46.89022
1037169531.2500001,-46.9123
1037169687.5000001,-46.89887
1037169843.7500001,-46.8866
1037170000.0000001,-46.87974
1037170156.2500001,-46.92604
1037170312.5000001,-46.88288
1037170468.7500001,-46.87807
1037170625.0000001,-46.84267
1037170781.2500001,-46.89112
1037170937.5000001,-46.87551
1037171093.7500001,-46.89038
1037171250.0000001,-46.91294
1037171406.2500001,-46.92875
1037171562.5000001,-46.88919
1037171718.7500001,-46.88483
1037171875.0000001,-46.909
1037172031.2500001,-46.89911
1037172187.5000001,-46.8999
1037172343.7500001,-46.89717
1037172500.0000001,-46.91138
1037172656.2500001,-46.94419
1037172812.5000001,-46.92404
1037172968.7500001,-46.87636
1037173125.0000001,-46.88951
1037173281.2500001,-46.94226
1037173437.5000001,-46.88647
1037173593.7500001,-46.89362
1037173750.0000001,-46.89721
1037173906.2500001,-46.8821
1037174062.5000001,-46.93581
1037174218.7500001,-46.89596
1037174375.0000001,-46.87621
1037174531.2500001,-46.94068
1037174687.5000001,-46.92729
1037174843.7500001,-46.97307
1037175000.0000001,-46.94735
1037175156.2500001,-46.9256
1037175312.5000001,-46.9017
1037175468.7500001,-46.95224
1037175625.0000001,-46.90914
1037175781.2500001,-46.91101
1037175937.5000001,-46.92183
1037176093.7500001,-46.94733
1037176250.0000001,-46.88923
1037176406.2500001,-46.92176
1037176562.5000001,-46.94891
1037176718.7500001,-46.92843
1037176875.0000001,-46.92931
1037177031.2500001,-46.96145
1037177187.5000001,-46.96686
1037177343.7500001,-46.92218
1037177500.0000001,-46.93158
1037177656.2500001,-46.92329
1037177812.5000001,-46.96797
1037177968.7500001,-46.96475
1037178125.0000001,-46.93835
1037178281.2500001,-46.92918
1037178437.5000001,-46.91326
1037178593.7500001,-46.92805
1037178750.0000001,-46.9472
1037178906.2500001,-46.93866
1037179062.5000001,-46.90824
1037179218.7500001,-46.95123
1037179375.0000001,-46.96469
1037179531.2500001,-46.98452
1037179687.5000001,-46.9458
1037179843.7500001,-46.98846
1037180000.0000001,-46.93945
1037180156.2500001,-46.96029
1037180312.5000001,-46.95037
1037180468.7500001,-46.96801
1037180625.0000001,-46.96014
1037180781.2500001,-47.00038
1037180937.5000001,-46.99255
1037181093.7500001,-46.94296
1037181250.0000001,-46.95807
1037181406.2500001,-46.96571
1037181562.5000001,-46.94815
1037181718.7500001,-46.95533
1037181875.0000001,-46.96792
1037182031.2500001,-46.97707
1037182187.5000001,-46.9399
1037182343.7500001,-46.97689
1037182500.0000001,-46.9803
1037182656.2500001,-46.98748
1037182812.5000001,-46.95262
1037182968.7500001,-46.9682
1037183125.0000001,-46.98271
1037183281.2500001,-47.00814
1037183437.5000001,-46.97712
1037183593.7500001,-46.9817
1037183750.0000001,-46.98832
1037183906.2500001,-46.98782
1037184062.5000001,-46.98432
1037184218.7500001,-47.0146
1037184375.0000001,-46.9882
1037184531.2500001,-46.9708
1037184687.5000001,-46.97221
1037184843.7500001,-47.00034
1037185000.0000001,-47.00034
1037185156.2500001,-46.99124
1037185312.5000001,-46.99903
1037185468.7500001,-47.01318
1037185625.0000001,-47.03999
1037185781.2500001,-46.93864
1037185937.5000001,-46.99919
1037186093.7500001,-46.99485
1037186250.0000001,-46.98878
1037186406.2500001,-47.00132
1037186562.5000001,-46.99274
1037186718.7500001,-46.95676
1037186875.0000001,-47.00612
1037187031.2500001,-47.0298
1037187187.5000001,-47.03337
1037187343.7500001,-47.00356
1037187500.0000001,-47.00505
1037187656.2500001,-47.02768
1037187812.5000001,-47.00348
1037187968.7500001,-46.98477
1037188125.0000001,-47.02819
1037188281.2500001,-47.00244
1037188437.5000001,-47.019
1037188593.7500001,-47.02898
1037188750.0000001,-46.99326
1037188906.2500001,-46.98776
1037189062.5000001,-47.0553
1037189218.7500001,-47.04642
1037189375.0000001,-47.04275
1037189531.2500001,-47.0092
1037189687.5000001,-47.04413
1037189843.7500001,-47.01105
1037190000.0000001,-47.06575
1037190156.2500001,-47.0383
1037190312.5000001,-47.00534
1037190468.7500001,-47.02145
1037190625.0000001,-47.04126
1037190781.2500001,-47.07035
1037190937.5000001,-47.02722
1037191093.7500001,-47.0488
1037191250.0000001,-47.0355
1037191406.2500001,-47.01043
1037191562.5000001,-47.04189
1037191718.7500001,-47.07131
1037191875.0000001,-47.06441
1037192031.2500001,-47.0361
1037192187.5000001,-47.04871
1037192343.7500001,-47.0441
1037192500.0000001,-47.0533
1037192656.2500001,-47.05499
1037192812.5000001,-47.0365
1037192968.7500001,-47.07897
1037193125.0000001,-47.05428
1037193281.2500001,-47.03133
1037193437.5000001,-47.07488
1037193593.7500001,-47.05967
1037193750.0000001,-47.10101
1037193906.2500001,-47.06694
1037194062.5000001,-47.0785
1037194218.7500001,-47.04676
1037194375.0000001,-47.06068
1037194531.2500001,-47.02178
1037194687.5000001,-47.0598
1037194843.7500001,-47.04662
1037195000.0000001,-47.06015
1037195156.2500001,-47.07073
1037195312.5000001,-47.06486
1037195468.7500001,-47.07856
1037195625.0000001,-47.10232
1037195781.2500001,-47.03096
1037195937.5000001,-47.05748
1037196093.7500001,-47.07809
1037196250.0000001,-47.06971
1037196406.2500001,-47.07499
1037196562.5000001,-47.08511
1037196718.7500001,-47.07016
1037196875.0000001,-47.07292
1037197031.2500001,-47.10133
1037197187.5000001,-47.06195
1037197343.7500001,-47.07281
1037197500.0000001,-47.09553
1037197656.2500001,-47.08325
1037197812.5000001,-47.13137
1037197968.7500001,-47.07326
1037198125.0000001,-47.10088
1037198281.2500001,-47.10154
1037198437.5000001,-47.0574
1037198593.7500001,-47.07301
1037198750.0000001,-47.11722
1037198906.2500001,-47.09293
1037199062.5000001,-47.09414
1037199218.7500001,-47.06816
1037199375.0000001,-47.07
1037199531.2500001,-47.08096
1037199687.5000001,-47.0883
1037199843.7500001,-47.12259
1037200000.0000001,-47.11766
1037200156.2500001,-47.11069
1037200312.5000001,-47.07129
1037200468.7500001,-47.13943
1037200625.0000001,-47.10938
1037200781.2500001,-47.11583
1037200937.5000001,-47.06566
1037201093.7500001,-47.07151
1037201250.0000001,-47.07606
1037201406.2500001,-47.12521
1037201562.5000001,-47.10046
1037201718.7500001,-47.10252
1037201875.0000001,-47.13306
1037202031.2500001,-47.12971
1037202187.5000001,-47.09714
1037202343.7500001,-47.14149
1037202500.0000001,-47.14387
1037202656.2500001,-47.09845
1037202812.5000001,-47.08002
1037202968.7500001,-47.13265
1037203125.0000001,-47.13803
1037203281.2500001,-47.10451
1037203437.5000001,-47.13562
1037203593.7500001,-47.12046
1037203750.0000001,-47.11625
1037203906.2500001,-47.16405
1037204062.5000001,-47.13376
1037204218.7500001,-47.15805
1037204375.0000001,-47.14406
1037204531.2500001,-47.13358
1037204687.5000001,-47.13246
1037204843.7500001,-47.10302
1037205000.0000001,-47.14887
1037205156.2500001,-47.14938
1037205312.5000001,-47.11892
1037205468.7500001,-47.17297
1037205625.0000001,-47.10651
1037205781.2500001,-47.12315
1037205937.5000001,-47.13173
1037206093.7500001,-47.1894
1037206250.0000001,-47.12152
1037206406.2500001,-47.10752
1037206562.5000001,-47.14104
1037206718.7500001,-47.17928
1037206875.0000001,-47.13812
1037207031.2500001,-47.15015
1037207187.5000001,-47.12961
1037207343.7500001,-47.15325
1037207500.0000001,-47.15979
1037207656.2500001,-47.13295
1037207812.5000001,-47.15057
1037207968.7500001,-47.12584
1037208125.0000001,-47.14082
1037208281.2500001,-47.19232
1037208437.5000001,-47.15059
1037208593.7500001,-47.19922
1037208750.0000001,-47.14391
1037208906.2500001,-47.13742
1037209062.5000001,-47.13192
1037209218.7500001,-47.16311
1037209375.0000001,-47.1911
1037209531.2500001,-47.15611
1037209687.5000001,-47.16573
1037209843.7500001,-47.15023
1037210000.0000001,-47.22906
1037210156.2500001,-47.19061
1037210312.5000001,-47.16389
1037210468.7500001,-47.18679
1037210625.0000001,-47.1688
1037210781.2500001,-47.14455
1037210937.5000001,-47.18895
1037211093.7500001,-47.1856
1037211250.0000001,-47.15426
1037211406.2500001,-47.1677
1037211562.5000001,-47.17186
1037211718.7500001,-47.16734
1037211875.0000001,-47.19234
1037212031.2500001,-47.1987
1037212187.5000001,-47.18348
1037212343.7500001,-47.18932
1037212500.0000001,-47.21016
1037212656.2500001,-47.22423
1037212812.5000001,-47.18346
1037212968.7500001,-47.19973
1037213125.0000001,-47.20327
1037213281.2500001,-47.22915
1037213437.5000001,-47.22023
1037213593.7500001,-47.19441
1037213750.0000001,-47.21198
1037213906.2500001,-47.21646
1037214062.5000001,-47.17373
1037214218.7500001,-47.2187
1037214375.0000001,-47.23643
1037214531.2500001,-47.19455
1037214687.5000001,-47.22968
1037214843.7500001,-47.22359
1037215000.0000001,-47.22394
1037215156.2500001,-47.22427
1037215312.5000001,-47.22884
1037215468.7500001,-47.23147
1037215625.0000001,-47.21074
1037215781.2500001,-47.23331
1037215937.5000001,-47.22952
1037216093.7500001,-47.16411
1037216250.0000001,-47.23069
1037216406.2500001,-47.24419
1037216562.5000001,-47.21286
1037216718.7500001,-47.20742
1037216875.0000001,-47.23422
1037217031.2500001,-47.19318
1037217187.5000001,-47.18255
1037217343.7500001,-47.23457
1037217500.0000001,-47.22453
1037217656.2500001,-47.2257
1037217812.5000001,-47.27338
1037217968.7500001,-47.17934
1037218125.0000001,-47.20967
1037218281.2500001,-47.22874
1037218437.5000001,-47.17854
1037218593.7500001,-47.20171
1037218750.0000001,-47.22473
1037218906.2500001,-47.22861
1037219062.5000001,-47.24351
1037219218.7500001,-47.20922
1037219375.0000001,-47.19841
1037219531.2500001,-47.25885
1037219687.5000001,-47.25988
1037219843.7500001,-47.21709
1037220000.0000001,-47.26176
1037220156.2500001,-47.25687
1037220312.5000001,-47.23077
1037220468.7500001,-47.24327
1037220625.0000001,-47.22628
1037220781.2500001,-47.20469
1037220937.5000001,-47.24881
1037221093.7500001,-47.25709
1037221250.0000001,-47.24284
1037221406.2500001,-47.30668
1037221562.5000001,-47.23632
1037221718.7500001,-47.29346
1037221875.0000001,-47.22545
1037222031.2500001,-47.25469
1037222187.5000001,-47.2791
1037222343.7500001,-47.27744
1037222500.0000001,-47.28648
1037222656.2500001,-47.24188
1037222812.5000001,-47.23788
1037222968.7500001,-47.27089
1037223125.0000001,-47.24414
1037223281.2500001,-47.24234
1037223437.5000001,-47.26694
1037223593.7500001,-47.30573
1037223750.0000001,-47.27295
1037223906.2500001,-47.27884
1037224062.5000001,-47.27106
1037224218.7500001,-47.26357
1037224375.0000001,-47.28261
1037224531.2500001,-47.22319
1037224687.5000001,-47.29026
1037224843.7500001,-47.29098
1037225000.0000001,-47.31172
1037225156.2500001,-47.27507
1037225312.5000001,-47.29073
1037225468.7500001,-47.26747
1037225625.0000001,-47.26288
1037225781.2500001,-47.26864
1037225937.5000001,-47.29777
1037226093.7500001,-47.25921
1037226250.0000001,-47.27412
1037226406.2500001,-47.26432
1037226562.5000001,-47.29745
1037226718.7500001,-47.27418
1037226875.0000001,-47.29282
1037227031.2500001,-47.29638
1037227187.5000001,-47.30601
1037227343.7500001,-47.27109
1037227500.0000001,-47.29423
1037227656.2500001,-47.26627
1037227812.5000001,-47.30811
1037227968.7500001,-47.28505
1037228125.0000001,-47.27399
1037228281.2500001,-47.27604
1037228437.5000001,-47.3267
1037228593.7500001,-47.26943
1037228750.0000001,-47.30687
1037228906.2500001,-47.28159
1037229062.5000001,-47.32099
1037229218.7500001,-47.31013
1037229375.0000001,-47.30755
1037229531.2500001,-47.2976
1037229687.5000001,-47.32094
1037229843.7500001,-47.26413
1037230000.0000001,-47.36861
1037230156.2500001,-47.32873
1037230312.5000001,-47.30673
1037230468.7500001,-47.31755
1037230625.0000001,-47.28991
1037230781.2500001,-47.33664
1037230937.5000001,-47.35457
1037231093.7500001,-47.32039
1037231250.0000001,-47.30049
1037231406.2500001,-47.33163
1037231562.5000001,-47.31946
1037231718.7500001,-47.32198
1037231875.0000001,-47.34503
1037232031.2500001,-47.35061
1037232187.5000001,-47.35083
1037232343.7500001,-47.32599
1037232500.0000001,-47.35365
1037232656.2500001,-47.3155
1037232812.5000001,-47.36876
1037232968.7500001,-47.31097
1037233125.0000001,-47.35153
1037233281.2500001,-47.35791
1037233437.5000001,-47.34843
1037233593.7500001,-47.3122
1037233750.0000001,-47.30041
1037233906.2500001,-47.27141
1037234062.5000001,-47.34446
1037234218.7500001,-47.32635
1037234375.0000001,-47.37846
1037234531.2500001,-47.34492
1037234687.5000001,-47.37236
1037234843.7500001,-47.3591
1037235000.0000001,-47.36134
1037235156.2500001,-47.36679
1037235312.5000001,-47.37059
1037235468.7500001,-47.29454
1037235625.0000001,-47.31217
1037235781.2500001,-47.34419
1037235937.5000001,-47.34544
1037236093.7500001,-47.36502
1037236250.0000001,-47.38859
1037236406.2500001,-47.3589
1037236562.5000001,-47.32787
1037236718.7500001,-47.37353
1037236875.0000001,-47.34573
1037237031.2500001,-47.36929
1037237187.5000001,-47.37237
1037237343.7500001,-47.34654
1037237500.0000001,-47.37634
1037237656.2500001,-47.37567
1037237812.5000001,-47.37213
1037237968.7500001,-47.35558
1037238125.0000001,-47.3723
1037238281.2500001,-47.36061
1037238437.5000001,-47.34212
1037238593.7500001,-47.35081
1037238750.0000001,-47.39086
1037238906.2500001,-47.36271
1037239062.5000001,-47.41536
1037239218.7500001,-47.37267
1037239375.0000001,-47.3813
1037239531.2500001,-47.39202
1037239687.5000001,-47.38609
1037239843.7500001,-47.38443
1037240000.0000001,-47.38759
1037240156.2500001,-47.40298
1037240312.5000001,-47.40172
1037240468.7500001,-47.36023
1037240625.0000001,-47.38409
1037240781.2500001,-47.41137
1037240937.5000001,-47.38542
1037241093.7500001,-47.35801
1037241250.0000001,-47.37374
1037241406.2500001,-47.39338
1037241562.5000001,-47.44938
1037241718.7500001,-47.39249
1037241875.0000001,-47.39586
1037242031.2500001,-47.40267
1037242187.5000001,-47.38374
1037242343.7500001,-47.40841
1037242500.0000001,-47.37443
1037242656.2500001,-47.40349
1037242812.5000001,-47.41772
1037242968.7500001,-47.41542
1037243125.0000001,-47.42179
1037243281.2500001,-47.39865
1037243437.5000001,-47.4286
1037243593.7500001,-47.4128
1037243750.0000001,-47.39075
1037243906.2500001,-47.428
1037244062.5000001,-47.41232
1037244218.7500001,-47.40285
1037244375.0000001,-47.43638
1037244531.2500001,-47.42846
1037244687.5000001,-47.41415
1037244843.7500001,-47.46095
1037245000.0000001,-47.38798
1037245156.2500001,-47.40918
1037245312.5000001,-47.43966
1037245468.7500001,-47.41197
1037245625.0000001,-47.4668
1037245781.2500001,-47.44937
1037245937.5000001,-47.39444
1037246093.7500001,-47.38012
1037246250.0000001,-47.46955
1037246406.2500001,-47.42058
1037246562.5000001,-47.41571
1037246718.7500001,-47.41234
1037246875.0000001,-47.40993
1037247031.2500001,-47.41842
1037247187.5000001,-47.45066
1037247343.7500001,-47.40734
1037247500.0000001,-47.45146
1037247656.2500001,-47.437
1037247812.5000001,-47.43153
1037247968.7500001,-47.43459
1037248125.0000001,-47.46122
1037248281.2500001,-47.45779
1037248437.5000001,-47.47696
1037248593.7500001,-47.44289
1037248750.0000001,-47.46284
1037248906.2500001,-47.45923
1037249062.5000001,-47.4488
1037249218.7500001,-47.4181
1037249375.0000001,-47.43316
1037249531.2500001,-47.44068
1037249687.5000001,-47.48052
1037249843.7500001,-47.43765
1037250000.0000001,-47.5139
1037250156.2500001,-47.4886
1037250312.5000001,-47.43775
1037250468.7500001,-47.47396
1037250625.0000001,-47.43858
1037250781.2500001,-47.44617
1037250937.5000001,-47.44178
1037251093.7500001,-47.43467
1037251250.0000001,-47.4536
1037251406.2500001,-47.43767
1037251562.5000001,-47.50547
1037251718.7500001,-47.43741
1037251875.0000001,-47.44849
1037252031.2500001,-47.43224
1037252187.5000001,-47.47642
1037252343.7500001,-47.45405
1037252500.0000001,-47.42847
1037252656.2500001,-47.46874
1037252812.5000001,-47.46785
1037252968.7500001,-47.53353
1037253125.0000001,-47.5019
1037253281.2500001,-47.50761
1037253437.5000001,-47.51956
1037253593.7500001,-47.49878
1037253750.0000001,-47.51258
1037253906.2500001,-47.46746
1037254062.5000001,-47.48067
1037254218.7500001,-47.48514
1037254375.0000001,-47.46057
1037254531.2500001,-47.46301
1037254687.5000001,-47.4621
1037254843.7500001,-47.5043
1037255000.0000001,-47.47732
1037255156.2500001,-47.5028
1037255312.5000001,-47.52286
1037255468.7500001,-47.47549
1037255625.0000001,-47.49571
1037255781.2500001,-47.51352
1037255937.5000001,-47.53302
1037256093.7500001,-47.45955
1037256250.0000001,-47.49517
1037256406.2500001,-47.46882
1037256562.5000001,-47.4721
1037256718.7500001,-47.49107
1037256875.0000001,-47.51869
1037257031.2500001,-47.46886
1037257187.5000001,-47.50731
1037257343.7500001,-47.50954
1037257500.0000001,-47.48548
1037257656.2500001,-47.48449
1037257812.5000001,-47.48161
1037257968.7500001,-47.49325
1037258125.0000001,-47.51108
1037258281.2500001,-47.49727
1037258437.5000001,-47.53588
1037258593.7500001,-47.537
1037258750.0000001,-47.50798
1037258906.2500001,-47.51346
1037259062.5000001,-47.51913
1037259218.7500001,-47.4937
1037259375.0000001,-47.54197
1037259531.2500001,-47.48996
1037259687.5000001,-47.54731
1037259843.7500001,-47.53088
1037260000.0000001,-47.48146
1037260156.2500001,-47.50423
1037260312.5000001,-47.5295
1037260468.7500001,-47.53192
1037260625.0000001,-47.51182
1037260781.2500001,-47.51646
1037260937.5000001,-47.57721
1037261093.7500001,-47.54248
1037261250.0000001,-47.54044
1037261406.2500001,-47.50736
1037261562.5000001,-47.51132
1037261718.7500001,-47.52243
1037261875.0000001,-47.52885
1037262031.2500001,-47.54963
1037262187.5000001,-47.50946
1037262343.7500001,-47.55671
1037262500.0000001,-47.53194
1037262656.2500001,-47.48744
1037262812.5000001,-47.5457
1037262968.7500001,-47.57946
1037263125.0000001,-47.54497
1037263281.2500001,-47.56745
1037263437.5000001,-47.53327
1037263593.7500001,-47.54422
1037263750.0000001,-47.53573
1037263906.2500001,-47.50377
1037264062.5000001,-47.5292
1037264218.7500001,-47.54139
1037264375.0000001,-47.53736
1037264531.2500001,-47.5433
1037264687.5000001,-47.55598
1037264843.7500001,-47.5381
1037265000.0000001,-47.53798
1037265156.2500001,-47.57018
1037265312.5000001,-47.56573
1037265468.7500001,-47.57528
1037265625.0000001,-47.55343
1037265781.2500001,-47.56866
1037265937.5000001,-47.53067
1037266093.7500001,-47.56872
1037266250.0000001,-47.52053
1037266406.2500001,-47.54616
1037266562.5000001,-47.57439
1037266718.7500001,-47.60101
1037266875.0000001,-47.54734
1037267031.2500001,-47.54553
1037267187.5000001,-47.54472
1037267343.7500001,-47.569
1037267500.0000001,-47.56969
1037267656.2500001,-47.61016
1037267812.5000001,-47.57183
1037267968.7500001,-47.55651
1037268125.0000001,-47.59299
1037268281.2500001,-47.56554
1037268437.5000001,-47.59655
1037268593.7500001,-47.59018
1037268750.0000001,-47.57776
1037268906.2500001,-47.61599
1037269062.5000001,-47.61506
1037269218.7500001,-47.59179
1037269375.0000001,-47.59058
1037269531.2500001,-47.58142
1037269687.5000001,-47.63874
1037269843.7500001,-47.595
1037270000.0000001,-47.51861
1037270156.2500001,-47.61399
1037270312.5000001,-47.60558
1037270468.7500001,-47.61069
